"DATE","TOTAL_CASES","NEW_CASES","TOTAL_CONFIRMED","NEW_CONFIRMED","TOTAL_PROBABLE","NEW_PROBABLE","POS_TESTS","NEW_POS_TESTS","NEG_TESTS","NEW_NEG_TESTS","TOTAL_TESTS","NEW_TESTS","NEW_DEATHS","TOTAL_DEATHS","NEW_ACTIVE","TOTAL_ACTIVE","NEW_INACTIVE_RECOVERED","TOTAL_INACTIVE_RECOVERED","NEW_HOSPITALIZED","TOTAL_HOSPITALIZED","TOTAL_DEATHS_BY_DOD","Region","Population","New_cases_per_100k_per_week","PositivityRate_per_week","Tests_per_100k","New_cases_per_100k","Active_cases_per_100k","PositivityPercentage_per_week"
2021-11-04,79125,66,62894,42,16231,24,68761,46,453023,668,521784,714,0,932,1,697,65,77496,0,2035,932,"Knox County",470313,NA,NA,151.81379209165,14.0332076723374,148.199177994229,NA
2021-11-03,79059,81,62852,61,16207,20,68715,66,452355,969,521070,1035,0,932,2,696,79,77431,2,2035,932,"Knox County",470313,NA,NA,220.06621122529,17.222573052414,147.986553635558,NA
2021-11-02,78978,42,62791,20,16187,22,68649,21,451386,301,520035,322,4,932,-50,694,88,77352,1,2033,932,"Knox County",470313,NA,NA,68.4650434923126,8.93022306421468,147.561304918214,NA
2021-11-01,78936,96,62771,70,16165,26,68628,80,451085,661,519713,741,1,928,-21,744,116,77264,3,2032,931,"Knox County",470313,NA,NA,157.554649775788,20.4119384324907,158.192522851803,NA
2021-10-31,78840,26,62701,18,16139,8,68548,19,450424,278,518972,297,0,927,-43,765,69,77148,1,2029,930,"Knox County",470313,NA,NA,63.1494345255181,5.52823332546623,162.65763438391,NA
2021-10-30,78814,55,62683,39,16131,16,68529,43,450146,522,518675,565,0,927,-23,808,78,77079,4,2028,930,"Knox County",470313,NA,NA,120.132762649555,11.6943397269478,171.800481806797,NA
2021-10-29,78759,73,62644,59,16115,14,68486,66,449624,846,518110,912,1,927,-34,831,106,77001,0,2024,930,"Knox County",470313,93.3420934569106,0.0743567378979503,193.913415108662,15.5215781830398,176.690842056248,7.43567378979503
2021-10-28,78686,53,62585,31,16101,22,68420,39,448778,561,517198,600,4,926,-52,865,101,76895,3,2024,929,"Knox County",470313,90.5779767941775,0.0746869409660107,127.574615203067,11.2690910096042,183.920070251088,7.46869409660107
2021-10-27,78633,88,62554,56,16079,32,68381,65,448217,759,516598,824,1,922,-28,917,115,76794,2,2021,928,"Knox County",470313,92.0663473048799,0.0781506688570758,175.202471545545,18.7109435631165,194.976536902021,7.81506688570758
2021-10-26,78545,98,62498,56,16047,42,68316,55,447458,554,515774,609,0,921,-15,945,113,76679,4,2019,925,"Knox County",470313,103.9733113905,0.0806948109058927,129.488234431113,20.8371871498343,200.93001894483,8.06948109058927
2021-10-25,78447,71,62442,47,16005,24,68261,54,446904,491,515165,545,6,921,-69,960,134,76566,3,2015,924,"Knox County",470313,98.6577024237051,0.0783547794117647,115.880275476119,15.0963294656962,204.119384324907,7.83547794117647
2021-10-24,78376,37,62395,19,15981,18,68207,22,446413,337,514620,359,1,915,-71,1029,107,76432,3,2012,923,"Knox County",470313,100.996570369095,0.0779338468509289,76.3321447631684,7.86710127085579,218.79046507326,7.79338468509289
2021-10-23,78339,59,62376,40,15963,19,68185,42,446076,471,514261,513,0,914,-17,1100,76,76325,1,2009,921,"Knox County",470313,101.847067803782,0.0786336542870243,109.076295998622,12.5448371616349,233.886794538956,7.86336542870243
2021-10-22,78280,91,62336,53,15944,38,68143,55,445605,551,513748,606,0,914,-68,1117,159,76249,1,2008,919,"Knox County",470313,105.674306259874,0.0818540433925049,128.850361355098,19.3488166391318,237.501408636376,8.18540433925049
2021-10-21,78189,124,62283,68,15906,56,68088,78,445054,712,513142,790,3,914,-23,1185,144,76090,2,2007,917,"Knox County",470313,120.77063572557,0.0873763542157324,167.973243350705,26.3654204753005,251.959865026057,8.73763542157324
2021-10-20,78065,150,62215,81,15850,69,68010,90,444342,959,512352,1049,3,911,-44,1208,191,75946,2,2005,916,"Knox County",470313,133.95334596322,0.088570789532543,223.042952246695,31.8936538007667,256.850225275508,8.85707895325431
2021-10-19,77915,131,62134,85,15781,46,67920,92,443383,724,511303,816,4,908,-42,1252,169,75755,4,2003,915,"Knox County",470313,140.969949799389,0.0925609234715691,173.501476676171,27.8537909860029,266.205697057066,9.2560923471569
2021-10-18,77784,121,62049,90,15735,31,67828,106,442659,607,510487,713,9,904,-72,1294,184,75586,8,1999,913,"Knox County",470313,151.601167732978,0.10008254230293,151.601167732978,25.7275473992852,275.135920121281,10.008254230293
2021-10-17,77663,61,61959,54,15704,7,67722,61,442052,303,509774,364,1,895,-65,1366,125,75402,4,1991,911,"Knox County",470313,156.7041523411,0.108018965161822,77.3952665565272,12.9700858789785,290.444873945649,10.8018965161822
2021-10-16,77602,54,61905,40,15697,14,67661,44,441749,372,509410,416,0,894,-92,1431,146,75277,1,1987,910,"Knox County",470313,155.641030547742,0.110643668489693,88.4517332074597,11.481715368276,304.265457259315,11.0643668489693
2021-10-15,77548,124,61865,86,15683,38,67617,99,441377,794,508994,893,9,894,-93,1523,208,75131,5,1986,906,"Knox County",470313,162.65763438391,0.113072803015275,189.873552293898,26.3654204753005,323.826898257118,11.3072803015275
2021-10-14,77424,193,61779,134,15645,59,67518,144,440583,699,508101,843,0,885,1,1616,192,74923,7,1981,904,"Knox County",470313,177.328715132263,0.124852767962309,179.242334360309,41.0365012236532,343.600963613593,12.4852767962309
2021-10-13,77231,120,61645,85,15586,35,67374,99,439884,764,507258,863,7,885,-83,1615,196,74731,5,1974,900,"Knox County",470313,170.94998437211,0.131418092909535,183.494821533745,25.5149230406134,343.388339254922,13.1418092909535
2021-10-12,77111,137,61560,104,15551,33,67275,109,439120,821,506395,930,4,878,-70,1698,203,74535,3,1969,899,"Knox County",470313,172.22573052414,0.131819992035046,197.740653564754,29.1295371380336,361.036161024679,13.1819992035046
2021-10-11,76974,192,61456,135,15518,57,67166,149,438299,581,505465,730,3,874,-83,1768,272,74332,11,1966,893,"Knox County",470313,187.322059989837,0.139908712046041,155.215781830398,40.8238768649814,375.919866131704,13.9908712046041
2021-10-10,76782,54,61321,41,15461,13,67017,51,437718,489,504735,540,0,871,-82,1851,136,74060,4,1955,892,"Knox County",470313,185.833689479134,0.13326941514861,114.81715368276,11.481715368276,393.567687901461,13.326941514861
2021-10-09,76728,65,61280,34,15448,31,66966,48,437229,490,504195,538,0,871,-67,1933,132,73924,7,1951,890,"Knox County",470313,188.172557424524,0.1309724564362,114.391904965417,13.8205833136656,411.002885312547,13.09724564362
2021-10-08,76663,290,61246,112,15417,178,66918,122,436739,936,503657,1058,-1,871,72,2000,219,73792,5,1944,888,"Knox County",470313,223.468200964039,0.131225009087605,224.956571474741,61.6610640148157,425.248717343556,13.1225009087605
2021-10-07,76373,259,61134,169,15239,90,66796,176,435803,1106,502599,1282,6,872,-17,1928,270,73573,8,1939,885,"Knox County",470313,237.501408636376,0.12691466083151,272.58442781722,55.0697088959905,409.939763519188,12.691466083151
2021-10-06,76114,139,60965,102,15149,37,66620,112,434697,835,501317,947,1,866,-111,1945,249,73303,4,1931,884,"Knox County",470313,241.54127145114,0.127302904564315,201.355267662174,29.5547858553772,413.554377616608,12.7302904564315
2021-10-05,75975,210,60863,116,15112,94,66508,138,433862,915,500370,1053,3,865,-65,2056,272,73054,4,1927,879,"Knox County",470313,257.06284963418,0.129472999349382,223.893449681382,44.6511153210734,437.155681429176,12.9472999349382
2021-10-04,75765,317,60747,225,15018,92,66370,246,432947,829,499317,1075,3,862,-9,2121,323,72782,4,1923,876,"Knox County",470313,283.640894468152,0.137532727552749,228.571185572162,67.4019216989537,450.976264742841,13.7532727552749
2021-10-03,75448,101,60522,92,14926,9,66124,107,432118,678,498242,785,1,859,-63,2130,163,72459,6,1919,875,"Knox County",470313,293.634239325726,0.140842980112793,166.910121557346,21.4750602258496,452.889883970887,14.0842980112793
2021-10-02,75347,68,60430,43,14917,25,66017,50,431440,472,497457,522,5,858,-141,2193,204,72296,2,1913,874,"Knox County",470313,294.272112401741,0.141475751264505,110.989915226668,14.4584563896809,466.28521856721,14.1475751264505
2021-10-01,75279,224,60387,149,14892,75,65967,167,430968,965,496935,1132,0,853,-84,2334,308,72092,7,1911,872,"Knox County",470313,280.238904729404,0.146556798116539,240.690774016453,47.6278563424783,496.26525313993,14.6556798116539
2021-09-30,75055,240,60238,166,14817,74,65800,186,430003,1104,495803,1290,1,853,-136,2418,375,71784,7,1904,870,"Knox County",470313,276.19904191464,0.147854203409759,274.285422686594,51.0298460812268,514.12569926836,14.7854203409759
2021-09-29,74815,362,60072,170,14743,192,65614,192,428899,1111,494513,1303,6,852,-118,2554,474,71409,7,1897,868,"Knox County",470313,323.614273898446,0.151675977653631,277.049539349327,76.9700178391837,543.042612047721,15.1675977653631
2021-09-28,74453,349,59902,247,14551,102,65422,270,427788,778,493210,1048,2,846,-65,2672,412,70935,1,1890,865,"Knox County",470313,353.169059753823,0.170230607966457,222.830327888024,74.2059011764506,568.132286370991,17.0230607966457
2021-09-27,74104,240,59655,162,14449,78,65152,186,427010,760,492162,946,7,844,-282,2737,515,70523,12,1889,863,"Knox County",470313,336.796984136097,0.164816396242528,201.142643303502,51.0298460812268,581.952869684657,16.4816396242528
2021-09-26,73864,124,59493,99,14371,25,64966,117,426250,703,491216,820,2,837,-149,3019,271,70008,0,1877,857,"Knox County",470313,341.687344385547,0.165415663503753,174.351974110858,26.3654204753005,641.912938830098,16.5415663503753
2021-09-25,73740,111,59394,89,14346,22,64849,102,425547,705,490396,807,0,835,-180,3168,291,69737,3,1877,853,"Knox County",470313,350.830191808434,0.166076776476994,171.587857448125,23.6013038125674,673.593968272193,16.6076776476994
2021-09-24,73629,242,59305,163,14324,79,64747,182,424842,939,489589,1121,13,835,-275,3348,504,69446,5,1874,848,"Knox County",470313,354.657430264526,0.168370824812543,238.351906071063,51.4550947985703,711.866352833113,16.8370824812543
2021-09-23,73387,355,59142,244,14245,111,64565,269,423903,1371,488468,1640,14,822,-240,3623,581,68942,8,1869,845,"Knox County",470313,379.10923151178,0.171502927781392,348.703948221716,75.4816473284812,770.338051467852,17.1502927781392
2021-09-22,73032,252,58898,187,14134,65,64296,202,422532,1261,486828,1463,3,808,-354,3863,603,68361,4,1861,842,"Knox County",470313,355.720552057885,0.169279796048438,311.069436736811,53.5813383852881,821.367897549079,16.9279796048438
2021-09-21,72780,397,58711,216,14069,181,64094,230,421271,996,485365,1226,10,805,-390,4217,777,67758,7,1857,834,"Knox County",470313,365.92652127413,0.160538451950642,260.6774637316,84.4118703926959,896.636920518888,16.0538451950642
2021-09-20,72383,435,58495,312,13888,123,63864,345,420275,1295,484139,1640,5,795,121,4607,309,66981,8,1850,830,"Knox County",470313,407.388271215127,0.165997476195939,348.703948221716,92.4915960222235,979.560420400882,16.5997476195939
2021-09-19,71948,120,58183,85,13765,35,63519,97,418980,432,482499,529,1,790,-194,4486,313,66672,7,1842,823,"Knox County",470313,406.53777378044,0.169356752907667,112.478285737371,25.5149230406134,953.832873001597,16.9356752907667
2021-09-18,71828,226,58098,183,13730,43,63422,197,418548,1075,481970,1272,0,789,-95,4680,321,66359,7,1835,815,"Knox County",470313,430.989575027694,0.171184343718367,270.458184230502,48.0531050598219,995.081998583922,17.1184343718367
2021-09-17,71602,546,57915,422,13687,124,63225,450,417473,1310,480698,1760,5,789,16,4775,525,66038,12,1828,803,"Knox County",470313,495.627380063915,0.187827911857293,374.21887126233,116.092899834791,1015.28131265774,18.7827911857293
2021-09-16,71056,589,57493,455,13563,134,62775,487,416163,1518,478938,2005,7,784,5,4759,577,65513,16,1816,798,"Knox County",470313,545.381479993111,0.202930773117736,426.311839136915,125.235747257677,1011.87932291899,20.2930773117736
2021-09-15,70467,338,57038,249,13429,89,62288,267,414645,808,476933,1075,6,777,-325,4754,657,64936,5,1800,796,"Knox County",470313,563.667174838884,0.218049857999369,228.571185572162,71.867033231061,1010.81620112563,21.8049857999369
2021-09-14,70129,555,56789,440,13340,115,62021,477,413837,1406,475858,1883,12,771,-156,5079,699,64279,8,1795,792,"Knox County",470313,597.261823509025,0.228256591892956,400.371667378958,118.006519062837,1079.91911769396,22.8256591892956
2021-09-13,69574,400,56349,300,13225,100,61544,334,412431,1134,473975,1468,20,759,-409,5235,789,63580,15,1787,789,"Knox County",470313,589.819970955513,0.231084867894315,312.13255853017,85.0497434687113,1113.08851764676,23.1084867894315
2021-09-12,69174,387,56049,358,13125,29,61210,377,411297,1460,472507,1837,0,739,100,5644,287,62791,4,1772,781,"Knox County",470313,646.590674720877,0.229115044247788,390.590946880056,82.2856268059781,1200.05188034352,22.9115044247788
2021-09-11,68787,865,55691,705,13096,160,60833,763,409837,2621,470670,3384,4,739,535,5544,326,62504,23,1768,773,"Knox County",470313,782.457639912144,0.235237101103489,719.520829745297,183.920070251088,1178.78944447634,23.5237101103489
2021-09-10,67922,1025,54986,747,12936,278,60070,803,407216,2513,467286,3316,1,735,480,5009,544,62178,20,1745,763,"Knox County",470313,884.304707715925,0.234366648850882,705.062373355616,217.939967638573,1065.03541258694,23.4366648850882
2021-09-09,66897,309,54239,165,12658,144,59267,172,404703,685,463970,857,1,734,-374,4529,682,61634,16,1725,756,"Knox County",470313,824.769887287827,0.231041968162084,182.219075381714,65.7009268295794,962.975720424483,23.1041968162084
2021-09-08,66588,289,54074,225,12514,64,59095,251,404018,837,463113,1088,5,733,-417,4903,701,60952,10,1709,752,"Knox County",470313,814.35129371291,0.229668184775537,231.335302234895,61.4484396561439,1042.49723056773,22.9668184775537
2021-09-07,66299,416,53849,299,12450,117,58844,312,403181,979,462025,1291,3,728,-191,5320,604,60251,12,1699,749,"Knox County",470313,784.796507857533,0.227475266218564,274.498047045266,88.4517332074597,1131.16158813386,22.7475266218564
2021-09-06,65883,991,53550,788,12333,203,58532,843,402202,3221,460734,4064,1,725,376,5511,614,59647,17,1687,748,"Knox County",470313,910.457503832554,0.222327461009029,864.105393642106,210.710739443732,1171.77284064017,22.2327461009029
2021-09-05,64892,969,52762,797,12130,172,57689,857,398981,2999,456670,3856,2,724,636,5135,331,59033,14,1670,745,"Knox County",470313,1034.20488057953,0.224070340501792,819.879527038377,206.033003552953,1091.82608177958,22.4070340501792
2021-09-04,63923,543,51965,384,11958,159,56832,415,395982,1502,452814,1917,2,722,237,4499,304,58702,8,1656,741,"Knox County",470313,965.739837087216,0.222893404112514,407.600895573799,115.455026758776,956.59698966433,22.2893404112514
2021-09-03,63380,334,51581,231,11799,103,56417,249,394480,909,450897,1158,5,720,-137,4262,466,58398,8,1648,737,"Knox County",470313,818.816405245018,0.217764036258871,246.219007341919,71.0165357963739,906.205016659119,21.7764036258871
2021-09-02,63046,323,51350,177,11696,146,56168,200,393571,681,449739,881,3,715,-148,4399,468,57932,4,1640,733,"Knox County",470313,821.793146266423,0.219361627499123,187.322059989837,68.6776678509843,935.334553797152,21.9361627499123
2021-09-01,62723,276,51173,210,11550,66,55968,226,392890,645,448858,871,3,712,-121,4547,394,57464,2,1636,730,"Knox County",470313,819.029029603689,0.220971648382961,185.195816403119,58.6843229934108,966.802958880575,22.0971648382961
2021-08-31,62447,596,50963,430,11484,166,55742,479,392245,1894,447987,2373,2,709,191,4668,403,57070,8,1634,728,"Knox County",470313,857.30141416461,0.216203703703704,504.55760312813,126.72411776838,992.53050627986,21.6203703703704
2021-08-30,61851,513,50533,401,11318,112,55263,430,390351,1630,445614,2060,9,707,105,4477,399,56667,10,1626,725,"Knox County",470313,755.6669707195,0.217749313815188,438.006178863863,109.076295998622,951.919253773551,21.7749313815188
2021-08-29,61338,483,50132,404,11206,79,54833,440,388721,1485,443554,1925,1,698,257,4372,225,56268,5,1616,719,"Knox County",470313,652.331532405015,0.218059901654001,409.301890443173,102.697565238469,929.593696113014,21.8059901654001
2021-08-28,60855,398,49728,301,11127,97,54393,321,387236,1065,441629,1386,0,697,193,4115,205,56043,4,1611,713,"Knox County",470313,621.501000397608,0.220105124835742,294.697361119085,84.6244947513677,874.949235934367,22.0105124835742
2021-08-27,60457,473,49427,367,11030,106,54072,389,386171,1166,440243,1555,5,697,197,3922,271,55838,4,1607,710,"Knox County",470313,651.055786252985,0.224866527916026,330.630877734615,100.571321651751,833.912734710714,22.4866527916026
2021-08-26,59984,449,49060,347,10924,102,53683,367,385005,1426,438688,1793,5,692,155,3725,289,55567,0,1603,709,"Knox County",470313,677.846455445629,0.221683524199615,381.235475098498,95.4683370436284,792.025736052374,22.1683524199615
2021-08-25,59535,351,48713,221,10822,130,53316,237,383579,642,436895,879,2,687,90,3570,259,55278,4,1603,705,"Knox County",470313,693.793282346012,0.222454264472475,186.896811272493,74.6311498937941,759.068960458248,22.2454264472475
2021-08-24,59184,341,48492,219,10692,122,53079,236,382937,677,436016,913,4,685,77,3480,260,55019,5,1599,696,"Knox County",470313,639.574070884709,0.230234991913234,194.126039467333,72.5049063070764,739.932768177788,23.0234991913234
2021-08-23,58843,287,48273,205,10570,82,52843,227,382260,825,435103,1052,1,681,28,3403,258,54759,1,1594,696,"Knox County",470313,591.520965824887,0.233294749026623,223.680825322711,61.0231909388003,723.560692560061,23.3294749026623
2021-08-22,58556,240,48068,217,10488,23,52616,233,381435,889,434051,1122,2,680,69,3375,169,54501,0,1593,693,"Knox County",470313,539.853246667645,0.231034482758621,238.564530429735,51.0298460812268,717.607210517251,23.1034482758621
2021-08-21,58316,496,47851,370,10465,126,52383,411,380546,1905,432929,2316,0,678,381,3306,115,54332,8,1593,691,"Knox County",470313,560.690433817479,0.218068535825545,492.438014683838,105.461681901202,702.936129768899,21.8068535825545
2021-08-20,57820,424,47481,327,10339,97,51972,357,378641,1148,430613,1505,0,678,232,2925,192,54217,6,1585,689,"Knox County",470313,550.271840242562,0.215866388308977,319.999659801026,90.1527280768339,621.926249114951,21.5866388308977
2021-08-19,57396,368,47154,251,10242,117,51615,264,377493,952,429108,1216,1,678,203,2693,164,54025,6,1579,687,"Knox County",470313,533.049267190148,0.218260579806731,258.551220144882,78.2457639912144,572.597397903099,21.8260579806731
2021-08-18,57028,263,46903,185,10125,78,51351,202,376541,914,427892,1116,2,677,98,2490,163,53861,5,1573,687,"Knox County",470313,514.338323627031,0.208874458874459,237.288784277704,55.9202063306777,529.434653092728,20.8874458874459
2021-08-17,56765,263,46718,179,10047,84,51149,196,375627,1042,426776,1238,0,675,103,2392,160,53698,5,1568,687,"Knox County",470313,497.753623650633,0.197595399895452,263.228956035661,55.9202063306777,508.597465942893,19.7595399895452
2021-08-16,56502,185,46539,124,9963,61,50953,132,374585,422,425538,554,2,675,-25,2289,208,53538,5,1563,684,"Knox County",470313,476.065939066111,0.197970662843278,117.793894704165,39.335506354279,486.6971569997,19.7970662843278
2021-08-15,56317,204,46415,181,9902,23,50821,199,374163,953,424984,1152,3,673,80,2314,121,53330,6,1558,684,"Knox County",470313,468.411462153927,0.193580301198197,244.943261189888,43.3753691690427,492.012765966495,19.3580301198197
2021-08-14,56113,219,46234,144,9879,75,50622,155,373210,794,423832,949,0,670,96,2234,123,53209,4,1552,683,"Knox County",470313,409.514514801845,0.194695989650712,201.780516379517,46.5647345491194,475.002817272752,19.4695989650712
2021-08-13,55894,265,46090,204,9804,61,50467,220,372416,1470,422883,1690,1,670,123,2138,141,53086,5,1548,681,"Knox County",470313,375.707241773032,0.172836386607707,359.335166155305,56.3454550480212,454.590878840262,17.2836386607707
2021-08-12,55629,222,45886,142,9743,80,50247,152,370946,643,421193,795,2,669,82,2015,138,52945,7,1543,678,"Knox County",470313,344.664085406952,0.167600747264478,169.036365144064,47.2026076251348,428.438082723633,16.7600747264478
2021-08-11,55407,316,45744,238,9663,78,50095,248,370303,989,420398,1237,1,667,183,1933,132,52807,9,1536,676,"Knox County",470313,355.933176416557,0.170978332239002,263.01633167699,67.1892973402819,411.002885312547,17.0978332239002
2021-08-10,55091,173,45506,108,9585,65,49847,122,369314,621,419161,743,1,666,56,1750,116,52675,2,1527,674,"Knox County",470313,336.796984136097,0.17247191011236,157.979898493131,36.7840140502176,372.092627675612,17.247191011236
2021-08-09,54918,197,45398,157,9520,40,49725,167,368693,753,418418,920,1,665,75,1694,121,52559,3,1525,670,"Knox County",470313,339.348476440158,0.168714934544483,195.614409978036,41.8869986583403,360.185663589992,16.8714934544483
2021-08-08,54721,88,45241,66,9480,22,49558,75,367940,418,417498,493,1,664,22,1619,65,52438,4,1522,669,"Knox County",470313,314.684050834232,0.166837556759924,104.823808825187,18.7109435631165,344.238836689609,16.6837556759924
2021-08-07,54633,105,45175,74,9458,31,49483,80,367522,638,417005,718,0,663,44,1597,61,52373,2,1518,669,"Knox County",470313,290.444873945649,0.161309884778654,152.664289526337,22.3255576605367,339.56110079883,16.1309884778654
2021-08-06,54528,203,45101,146,9427,57,49403,163,366884,879,416287,1042,0,663,139,1553,64,52312,10,1516,669,"Knox County",470313,277.262163707999,0.169300605245461,221.554581735993,43.162744810371,330.205629017271,16.9300605245461
2021-08-05,54325,174,44955,129,9370,45,49240,147,366005,850,415245,997,2,663,102,1414,70,52248,4,1506,668,"Knox County",470313,267.056194491753,0.162926829268293,211.986485595763,36.9966384088894,300.650843161894,16.2926829268293
2021-08-04,54151,144,44826,98,9325,46,49093,105,365155,656,414248,761,1,661,70,1312,73,52178,4,1502,666,"Knox County",470313,230.484804800208,0.151392315826577,161.807136949223,30.6179076487361,278.963158577373,15.1392315826577
2021-08-03,54007,238,44728,175,9279,63,48988,183,364499,814,413487,997,0,660,161,1242,77,52105,5,1498,665,"Knox County",470313,244.305388113873,0.155195681511471,211.986485595763,50.6045973638832,264.079453470348,15.5195681511471
2021-08-02,53769,97,44553,75,9216,22,48805,83,363685,532,412490,615,2,660,-4,1081,99,52028,3,1493,663,"Knox County",470313,223.042952246695,0.14867508447448,130.763980583144,20.6245627911625,229.846931724192,14.867508447448
2021-08-01,53672,107,44478,91,9194,16,48722,99,363153,526,411875,625,0,658,63,1085,44,51929,2,1490,663,"Knox County",470313,227.082815061459,0.149435273675065,132.890224169861,22.7508063778803,230.697429158879,14.9435273675065
2021-07-31,53565,104,44387,64,9178,40,48623,68,362627,399,411250,467,1,658,46,1022,57,51885,6,1488,661,"Knox County",470313,226.870190702787,0.15406976744186,99.2955754997204,22.1129333018649,217.302094562557,15.406976744186
2021-07-30,53461,118,44323,82,9138,36,48555,89,362228,339,410783,428,1,657,79,976,38,51828,0,1482,661,"Knox County",470313,208.797120215686,0.158282208588957,91.0032255115211,25.0896743232698,207.521374063655,15.8282208588957
2021-07-29,53343,117,44241,64,9102,53,48466,69,361889,483,410355,552,0,656,83,897,34,51790,1,1482,660,"Knox County",470313,196.677531771395,0.156580427446569,117.368645986822,24.877049964598,190.724049728585,15.6580427446569
2021-07-28,53226,131,44177,89,9049,42,48397,95,361406,536,409803,631,0,656,80,814,51,51756,4,1481,659,"Knox County",470313,193.913415108662,0.158980301274623,134.165970321892,27.8537909860029,173.076227958827,15.8980301274623
2021-07-27,53095,117,44088,78,9007,39,48302,83,360870,499,409172,582,0,656,85,734,32,51705,4,1477,659,"Knox County",470313,168.185867709377,0.15025641025641,123.747376746975,24.877049964598,156.066279265085,15.025641025641
2021-07-26,52978,97,44010,73,8968,24,48219,79,360371,371,408590,450,1,656,61,649,35,51673,4,1473,659,"Knox County",470313,168.185867709377,0.155823293172691,95.6809614023002,20.6245627911625,137.993208777984,15.5823293172691
2021-07-25,52881,51,43937,43,8944,8,48140,44,360000,320,408140,364,3,655,22,588,26,51638,5,1469,659,"Knox County",470313,156.278903623757,0.151698330454807,77.3952665565272,10.8438422922607,125.023122899006,15.1698330454807
2021-07-24,52830,64,43894,41,8936,23,48096,44,359680,348,407776,392,0,652,39,566,25,51612,1,1464,658,"Knox County",470313,147.773929276886,0.14798470138276,83.348748599337,13.6079589549938,120.345387008226,14.798470138276
2021-07-23,52766,56,43853,30,8913,26,48052,33,359332,321,407384,354,1,652,24,527,31,51587,3,1463,656,"Knox County",470313,134.591219039236,0.134436090225564,75.2690229698095,11.9069640856196,112.053037020027,13.4436090225564
2021-07-22,52710,94,43823,69,8887,25,48019,78,359011,474,407030,552,0,651,70,503,24,51556,3,1460,655,"Knox County",470313,129.700858789785,0.137142857142857,117.368645986822,19.9866897151471,106.950052411904,13.7142857142857
2021-07-21,52616,61,43754,47,8862,14,47941,46,358537,411,406478,457,1,651,33,433,27,51532,1,1457,655,"Knox County",470313,114.81715368276,0.129165344335132,97.1693319130026,12.9700858789785,92.0663473048799,12.9165344335132
2021-07-20,52555,78,43707,42,8848,36,47895,45,358126,299,406021,344,0,650,54,400,24,51505,3,1456,655,"Knox County",470313,106.524803694561,0.126673532440783,73.1427793830917,16.5846999763987,85.0497434687113,12.6673532440783
2021-07-19,52477,48,43665,36,8812,12,47850,42,357827,348,405677,390,0,650,28,346,20,51481,0,1453,655,"Knox County",470313,96.1062101196437,0.116368734665265,82.9234998819935,10.2059692162454,73.5680281004352,11.6368734665265
2021-07-18,52429,36,43629,30,8800,6,47808,31,357479,272,405287,303,0,650,27,318,9,51461,1,1453,655,"Knox County",470313,92.9168447395671,0.114255014326648,64.4251806775488,7.65447691218401,67.6145460576254,11.4255014326648
2021-07-17,52393,27,43599,20,8794,7,47777,21,357207,202,404984,223,0,650,12,291,15,51452,1,1452,654,"Knox County",470313,85.0497434687113,0.112847884102173,47.4152319838065,5.74085768413801,61.8736883734874,11.2847884102173
2021-07-16,52366,37,43579,21,8787,16,47756,22,357005,291,404761,313,0,650,25,279,12,51437,1,1451,654,"Knox County",470313,81.0098806539475,0.110379550735864,66.5514242642666,7.86710127085579,59.3221960694261,11.0379550735864
2021-07-15,52329,55,43558,42,8771,13,47734,44,356714,364,404448,408,-1,650,37,254,19,51425,1,1450,654,"Knox County",470313,72.7175306657481,0.102953240360952,86.7507383380855,11.6943397269478,54.0065871026317,10.2953240360952
2021-07-14,52274,21,43516,16,8758,5,47690,16,356350,269,404040,285,0,651,8,217,13,51406,2,1449,654,"Knox County",470313,64.212556318877,0.0975286849073257,60.5979422214568,4.46511153210734,46.1394858317759,9.75286849073257
2021-07-13,52253,42,43500,26,8753,16,47674,29,356081,355,403755,384,3,651,28,209,11,51393,3,1447,654,"Knox County",470313,56.558079406693,0.0888985255854293,81.6477537299628,8.93022306421468,44.4384909624016,8.88985255854293
2021-07-12,52211,27,43474,21,8737,6,47645,24,355726,270,403371,294,0,648,16,181,11,51382,1,1444,654,"Knox County",470313,52.0929678745856,0.0846153846153846,62.5115614495028,5.74085768413801,38.4850089195918,8.46153846153846
2021-07-11,52184,8,43453,3,8731,5,47621,4,355456,136,403077,140,0,648,1,165,7,51371,0,1443,653,"Knox County",470313,46.1394858317759,0.0781631656082071,29.7674102140489,1.70099486937423,35.0830191808434,7.81631656082071
2021-07-10,52176,20,43450,16,8726,4,47617,16,355320,191,402937,207,0,648,12,164,8,51364,2,1443,653,"Knox County",470313,44.6511153210734,0.0763170851797144,44.0132422450581,4.25248717343556,34.8703948221716,7.63170851797144
2021-07-09,52156,27,43434,21,8722,6,47601,21,355129,338,402730,359,0,648,12,152,15,51356,0,1441,653,"Knox County",470313,42.5248717343556,0.0741454020221473,76.3321447631684,5.74085768413801,32.3189025181103,7.41454020221473
2021-07-08,52129,19,43413,14,8716,5,47580,16,354791,317,402371,333,0,648,6,140,13,51341,0,1441,652,"Knox County",470313,34.8703948221716,0.0629370629370629,70.8039114377021,4.03986281476378,29.7674102140489,6.29370629370629
2021-07-07,52110,18,43399,4,8711,14,47564,5,354474,333,402038,338,1,648,8,134,9,51328,1,1441,650,"Knox County",470313,34.2325217461563,0.0559610705596107,71.867033231061,3.82723845609201,28.4916640620183,5.59610705596107
2021-07-06,52092,24,43395,9,8697,15,47559,14,354141,263,401700,277,0,647,14,126,10,51319,2,1440,650,"Knox County",470313,30.4052832900643,0.0513347022587269,58.8969473520825,5.10298460812268,26.790669192644,5.13347022587269
2021-07-05,52068,10,43386,6,8682,4,47545,6,353878,105,401423,111,0,647,0,112,10,51309,1,1438,650,"Knox County",470313,26.790669192644,0.0464589235127479,23.6013038125674,2.12624358671778,23.8139281712392,4.64589235127479
2021-07-04,52058,8,43380,7,8678,1,47539,7,353773,143,401312,150,0,647,0,112,8,51299,1,1437,650,"Knox County",470313,26.790669192644,0.047887323943662,31.8936538007667,1.70099486937423,23.8139281712392,4.7887323943662
2021-07-03,52050,9,43373,7,8677,2,47532,7,353630,185,401162,192,0,647,-2,112,11,51291,1,1436,650,"Knox County",470313,24.4518012472545,0.0431818181818182,40.8238768649814,1.913619228046,23.8139281712392,4.31818181818182
2021-07-02,52041,17,43366,13,8675,4,47525,17,353445,342,400970,359,-1,647,10,114,8,51280,0,1435,650,"Knox County",470313,22.3255576605367,0.0409090909090909,76.3321447631684,3.61461409742023,24.2391768885827,4.09090909090909
2021-07-01,52024,18,43353,15,8671,3,47508,17,353103,248,400611,265,-1,648,13,104,6,51272,1,1435,650,"Knox County",470313,22.1129333018649,0.0431442080378251,56.3454550480212,3.82723845609201,22.1129333018649,4.31442080378251
2021-06-30,52006,18,43338,12,8668,6,47491,11,352855,299,400346,310,0,649,9,91,9,51266,0,1434,650,"Knox County",470313,22.1129333018649,0.0474759615384615,65.9135511882512,3.82723845609201,19.3488166391318,4.74759615384615
2021-06-29,51988,21,43326,16,8662,5,47480,19,352556,438,400036,457,0,649,8,82,13,51257,1,1434,650,"Knox County",470313,21.4750602258496,0.0455531453362256,97.1693319130026,4.46511153210734,17.4351974110858,4.55531453362256
2021-06-28,51967,9,43310,2,8657,7,47461,2,352118,113,399579,115,0,649,-4,74,13,51244,0,1433,650,"Knox County",470313,21.2624358671778,0.0432900432900433,24.4518012472545,1.913619228046,15.7342025417116,4.32900432900433
2021-06-27,51958,5,43308,3,8650,2,47459,3,352005,151,399464,154,0,649,0,78,5,51231,0,1433,650,"Knox County",470313,20.6245627911625,0.041036717062635,32.7441512354538,1.06312179335889,16.5846999763987,4.1036717062635
2021-06-26,51953,3,43305,2,8648,1,47456,2,351854,206,399310,208,0,649,0,78,3,51226,0,1433,650,"Knox County",470313,19.3488166391318,0.0380085653104925,44.2258666037299,0.637873076015334,16.5846999763987,3.80085653104925
2021-06-25,51950,13,43303,9,8647,4,47454,11,351648,311,399102,322,0,649,4,78,9,51223,0,1433,650,"Knox County",470313,18.4983192044447,0.0354997269251775,68.4650434923126,2.76411666273312,16.5846999763987,3.54997269251775
2021-06-24,51937,14,43294,9,8643,5,47443,10,351337,364,398780,374,1,649,8,74,5,51214,1,1433,650,"Knox County",470313,17.6478217697576,0.0298969072164948,79.521510143245,2.97674102140489,15.7342025417116,2.98969072164948
2021-06-23,51923,13,43285,6,8638,7,47433,8,350973,282,398406,290,0,648,6,66,7,51209,0,1432,649,"Knox County",470313,16.5846999763987,0.0286458333333333,61.6610640148157,2.76411666273312,14.0332076723374,2.86458333333333
2021-06-22,51910,14,43279,5,8631,9,47425,5,350691,247,398116,252,2,648,10,60,2,51202,1,1432,648,"Knox County",470313,15.0963294656962,0.0239067055393586,53.5813383852881,2.97674102140489,12.7574615203067,2.39067055393586
2021-06-21,51896,9,43274,8,8622,1,47420,9,350444,289,397864,298,0,646,5,50,4,51200,1,1431,647,"Knox County",470313,15.0963294656962,0.0252897787144362,63.3620588841899,1.913619228046,10.6312179335889,2.52897787144363
2021-06-20,51887,3,43266,2,8621,1,47411,3,350155,161,397566,164,1,646,-2,45,4,51196,0,1430,647,"Knox County",470313,14.6710807483527,0.0251572327044025,34.8703948221716,0.637873076015334,9.56809614023002,2.51572327044025
2021-06-19,51884,3,43264,1,8620,2,47408,1,349994,191,397402,192,0,645,-3,47,6,51192,0,1430,647,"Knox County",470313,14.6710807483527,0.0248414376321353,40.8238768649814,0.637873076015334,9.99334485757357,2.48414376321353
2021-06-18,51881,6,43263,4,8618,2,47407,3,349803,283,397210,286,1,645,-5,50,10,51186,0,1430,647,"Knox County",470313,13.1827102376502,0.0210129310344828,60.8105665801286,1.27574615203067,10.6312179335889,2.10129310344828
2021-06-17,51875,12,43259,8,8616,4,47404,9,349520,515,396924,524,0,644,6,55,6,51176,0,1430,647,"Knox County",470313,12.7574615203067,0.0189431704885344,111.415163944012,2.55149230406134,11.6943397269478,1.89431704885344
2021-06-16,51863,7,43251,4,8612,3,47395,4,349005,362,396400,366,1,644,-6,49,12,51170,0,1430,646,"Knox County",470313,11.481715368276,0.0163304514889529,77.8205152738708,1.48837051070245,10.4185935749171,1.63304514889529
2021-06-15,51856,13,43247,9,8609,4,47391,14,348643,428,396034,442,0,643,-2,55,15,51158,0,1430,646,"Knox County",470313,11.2690910096042,0.0189260563380282,93.9799665329259,2.76411666273312,11.6943397269478,1.89260563380282
2021-06-14,51843,7,43238,2,8605,5,47377,3,348215,260,395592,263,1,643,-5,57,11,51143,0,1430,646,"Knox County",470313,10.8438422922607,0.0165400089405454,55.9202063306777,1.48837051070245,12.1195884442914,1.65400089405454
2021-06-13,51836,3,43236,3,8600,0,47374,4,347955,128,395329,132,0,642,-5,62,8,51132,1,1430,646,"Knox County",470313,10.8438422922607,0.0172335600907029,28.0664153446747,0.637873076015334,13.1827102376502,1.72335600907029
2021-06-12,51833,2,43233,1,8600,1,47370,1,347827,226,395197,227,0,642,-6,67,8,51124,0,1429,646,"Knox County",470313,10.6312179335889,0.0169642857142857,48.2657294184936,0.425248717343556,14.2458320310091,1.69642857142857
2021-06-11,51831,7,43232,3,8599,4,47369,2,347601,318,394970,320,0,642,-2,73,9,51116,0,1429,645,"Knox County",470313,10.8438422922607,0.0162708883025506,68.039794774969,1.48837051070245,15.5215781830398,1.62708883025506
2021-06-10,51824,7,43229,4,8595,3,47367,5,347283,358,394650,363,0,642,-1,75,8,51107,0,1429,644,"Knox County",470313,9.7807204989018,0.0156176053005206,77.1826421978555,1.48837051070245,15.9468269003834,1.56176053005206
2021-06-09,51817,2,43225,1,8592,1,47362,1,346925,367,394287,368,1,642,-17,76,18,51099,0,1429,644,"Knox County",470313,8.7175987055429,0.0141843971631206,78.2457639912144,0.425248717343556,16.1594512590551,1.41843971631206
2021-06-08,51815,5,43224,3,8591,2,47361,4,346558,266,393919,270,1,641,-17,93,21,51081,0,1429,643,"Knox County",470313,7.01660383616868,0.0102933607822954,57.4085768413801,1.06312179335889,19.7740653564754,1.02933607822954
2021-06-07,51810,15,43221,9,8589,6,47357,10,346292,316,393649,326,0,640,-8,110,23,51060,2,1429,642,"Knox County",470313,8.7175987055429,0.0134596211365902,69.3155409269997,3.18936538007667,23.3886794538956,1.34596211365902
2021-06-06,51795,4,43212,2,8583,2,47347,2,345976,178,393323,180,0,640,-5,118,9,51037,0,1427,642,"Knox County",470313,8.93022306421468,0.0121713729308666,38.2723845609201,0.850497434687113,25.0896743232698,1.21713729308666
2021-06-05,51791,5,43210,2,8581,3,47345,3,345798,258,393143,261,0,640,-9,123,14,51028,0,1427,642,"Knox County",470313,9.56809614023002,0.0129310344827586,55.4949576133341,1.06312179335889,26.1527961166287,1.29310344827586
2021-06-04,51786,7,43208,2,8578,5,47342,3,345540,325,392882,328,1,640,-9,132,15,51014,0,1427,642,"Knox County",470313,9.56809614023002,0.0133587786259542,69.7407896443432,1.48837051070245,28.0664153446747,1.33587786259542
2021-06-03,51779,7,43206,4,8573,3,47339,6,345215,458,392554,464,0,639,-12,141,19,50999,0,1427,642,"Knox County",470313,9.56809614023002,0.0131998179335457,98.6577024237051,1.48837051070245,29.9800345727207,1.31998179335457
2021-06-02,51772,20,43202,7,8570,13,47333,6,344757,282,392090,288,0,639,5,153,15,50980,1,1427,642,"Knox County",470313,13.395334596322,0.0160604629192253,61.2358152974721,4.25248717343556,32.5315268767821,1.60604629192253
2021-06-01,51752,12,43195,9,8557,3,47327,10,344475,291,391802,301,0,639,-10,148,22,50965,1,1426,642,"Knox County",470313,14.8837051070245,0.0186219739292365,63.9999319602052,2.55149230406134,31.4684050834232,1.86219739292365
2021-05-31,51740,17,43186,14,8554,3,47317,12,344184,354,391501,366,0,639,-1,158,18,50943,0,1425,642,"Knox County",470313,15.308953824368,0.0191956124314442,77.8205152738708,3.61461409742023,33.5946486701409,1.91956124314442
2021-05-30,51723,3,43172,1,8551,2,47305,1,343830,203,391135,204,0,639,-9,159,12,50925,0,1425,642,"Knox County",470313,15.0963294656962,0.0185352622061483,43.3753691690427,0.637873076015334,33.8072730288127,1.85352622061483
2021-05-29,51720,14,43171,7,8549,7,47304,6,343627,199,390931,205,0,639,-14,168,28,50913,1,1425,642,"Knox County",470313,17.0099486937423,0.0204081632653061,43.5879935277145,2.97674102140489,35.7208922568587,2.04081632653061
2021-05-28,51706,11,43164,6,8542,5,47298,10,343428,390,390726,400,0,639,-10,182,21,50885,1,1424,641,"Knox County",470313,17.8604461284294,0.0228904847396768,85.0497434687113,2.33886794538956,38.6976332782636,2.28904847396768
2021-05-27,51695,23,43158,8,8537,15,47288,9,343038,341,390326,350,0,639,-5,192,28,50864,1,1423,641,"Knox County",470313,21.2624358671778,0.0255439924314096,74.4185255351224,4.8903602494509,40.8238768649814,2.55439924314096
2021-05-26,51672,17,43150,8,8522,9,47279,11,342697,571,389976,582,0,639,-6,197,23,50836,0,1422,641,"Knox County",470313,20.6245627911625,0.0245016611295681,123.747376746975,3.61461409742023,41.8869986583403,2.45016611295681
2021-05-25,51655,17,43142,8,8513,9,47268,7,342126,311,389394,318,0,639,-11,203,28,50813,1,1422,641,"Knox County",470313,21.6876845845214,0.0230927835051546,67.6145460576254,3.61461409742023,43.162744810371,2.30927835051546
2021-05-24,51638,25,43134,21,8504,4,47261,24,341815,425,389076,449,0,639,-11,214,36,50785,1,1421,641,"Knox County",470313,23.3886794538956,0.0271132376395534,95.4683370436284,5.31560896679445,45.5016127557605,2.71132376395534
2021-05-23,51613,16,43113,8,8500,8,47237,8,341390,225,388627,233,1,639,-5,225,20,50749,1,1420,641,"Knox County",470313,26.1527961166287,0.0295624753646039,49.5414755705243,3.40198973874845,47.8404807011501,2.95624753646039
2021-05-22,51597,8,43105,4,8492,4,47229,4,341165,269,388394,273,0,638,-6,230,14,50729,0,1419,640,"Knox County",470313,24.877049964598,0.0280230326295585,58.0464499173954,1.70099486937423,48.903602494509,2.80230326295585
2021-05-21,51589,16,43101,12,8488,4,47225,14,340896,377,388121,391,0,638,-17,236,33,50715,1,1419,640,"Knox County",470313,25.9401717579569,0.0296610169491525,83.1361242406653,3.40198973874845,50.1793486465396,2.96610169491525
2021-05-20,51573,34,43089,26,8484,8,47211,27,340519,594,387730,621,0,638,6,253,28,50682,1,1418,639,"Knox County",470313,28.2790397033465,0.0331356818974538,132.039726735174,7.22922819484046,53.7939627439599,3.31356818974538
2021-05-19,51539,14,43063,6,8476,8,47184,7,339925,544,387109,551,0,638,-29,247,43,50654,1,1417,639,"Knox County",470313,27.6411666273312,0.0320874471086037,117.15602162815,2.97674102140489,52.5182165919292,3.20874471086037
2021-05-18,51525,24,43057,14,8468,10,47177,14,339381,444,386558,458,1,638,-21,276,44,50611,0,1416,639,"Knox County",470313,29.1295371380336,0.0329301075268817,97.3819562716744,5.10298460812268,58.6843229934108,3.29301075268817
2021-05-17,51501,15,43043,7,8458,8,47163,8,338937,420,386100,428,0,637,-18,297,33,50567,0,1416,638,"Knox County",470313,27.0032935513158,0.0277495769881557,91.0032255115211,3.18936538007667,63.1494345255181,2.77495769881557
2021-05-16,51486,22,43036,13,8450,9,47155,12,338517,272,385672,284,1,637,-10,315,31,50534,1,1416,638,"Knox County",470313,28.2790397033465,0.0286094477711244,60.385317862785,4.67773589077912,66.9766729816101,2.86094477711244
2021-05-15,51464,23,43023,13,8441,10,47143,17,338245,336,385388,353,0,636,-8,325,31,50503,1,1415,638,"Knox County",470313,31.4684050834232,0.0320803629293584,75.0563986111377,4.8903602494509,69.1029165683279,3.20803629293584
2021-05-14,51441,36,43010,25,8431,11,47126,26,337909,498,385035,524,0,636,4,333,32,50472,4,1414,637,"Knox County",470313,35.7208922568587,0.0344827586206897,111.415163944012,7.65447691218401,70.8039114377021,3.44827586206897
2021-05-13,51405,31,42985,17,8420,14,47100,17,337411,376,384511,393,0,636,-17,329,48,50440,0,1410,637,"Knox County",470313,35.0830191808434,0.0337679705784019,83.5613729580088,6.59135511882512,69.953414003015,3.37679705784019
2021-05-12,51374,34,42968,28,8406,6,47083,29,337035,506,384118,535,0,636,-15,346,49,50392,0,1410,637,"Knox County",470313,39.335506354279,0.0413445378151261,113.754031889401,7.22922819484046,73.5680281004352,4.13445378151261
2021-05-11,51340,36,42940,30,8400,6,47054,31,336529,555,383583,586,0,636,-11,361,47,50343,4,1410,637,"Knox County",470313,41.8869986583403,0.0451176281018369,124.597874181662,7.65447691218401,76.7573934805119,4.51176281018369
2021-05-10,51304,21,42910,14,8394,7,47023,13,335974,277,382997,290,1,636,-26,372,46,50296,1,1406,637,"Knox County",470313,43.162744810371,0.0489038785834739,61.6610640148157,4.46511153210734,79.0962614259015,4.89038785834739
2021-05-09,51283,17,42896,14,8387,3,47010,17,335697,369,382707,386,0,635,-22,398,39,50250,1,1405,636,"Knox County",470313,42.0996230170121,0.0489077274209325,82.0730024473064,3.61461409742023,84.6244947513677,4.89077274209325
2021-05-08,51266,20,42882,11,8384,9,46993,14,335328,307,382321,321,0,635,-18,420,38,50211,1,1404,636,"Knox County",470313,41.4617499409967,0.0484349258649094,68.2524191336408,4.25248717343556,89.3022306421468,4.84349258649094
2021-05-07,51246,43,42871,31,8375,12,46979,33,335021,576,382000,609,0,635,3,438,40,50173,0,1403,636,"Knox County",470313,42.9501204516992,0.0493589743589744,129.488234431113,9.14284742288646,93.1294690982388,4.93589743589744
2021-05-06,51203,40,42840,26,8363,14,46946,28,334445,340,381391,368,1,635,-8,435,47,50133,0,1403,636,"Knox County",470313,44.8637396797452,0.0533117932148627,78.2457639912144,8.50497434687113,92.4915960222235,5.33117932148627
2021-05-05,51163,51,42814,32,8349,19,46918,38,334105,585,381023,623,0,634,5,443,46,50086,4,1403,635,"Knox County",470313,48.4783537771654,0.0546654099905749,132.464975452518,10.8438422922607,94.1925908915977,5.46654099905749
2021-05-04,51112,50,42782,32,8330,18,46880,34,333520,536,380400,570,0,634,6,438,44,50040,0,1399,635,"Knox County",470313,51.4550947985703,0.0558888538048626,121.195884442914,10.6312179335889,93.1294690982388,5.58888538048626
2021-05-03,51062,24,42750,9,8312,15,46846,7,332984,309,379830,316,1,634,-37,432,60,49996,1,1399,635,"Knox County",470313,52.0929678745856,0.053554650798622,67.1892973402819,5.10298460812268,91.8537229462082,5.3554650798622
2021-05-02,51038,25,42741,18,8297,7,46839,20,332675,288,379514,308,0,633,-17,469,42,49936,2,1398,635,"Knox County",470313,53.7939627439599,0.0558587479935795,65.4883024709077,5.31560896679445,99.7208242170639,5.58587479935795
2021-05-01,51013,45,42723,35,8290,10,46819,38,332387,450,379206,488,0,633,7,486,38,49894,2,1396,635,"Knox County",470313,59.1095717107543,0.0603290676416819,103.760687031828,9.56809614023002,103.335438314484,6.03290676416819
2021-04-30,50968,58,42688,30,8280,28,46781,29,331937,567,378718,596,0,633,-10,479,68,49856,3,1394,635,"Knox County",470313,62.298937090831,0.0593453655552157,126.72411776838,12.3322128029631,101.847067803782,5.93453655552157
2021-04-29,50910,54,42658,34,8252,20,46752,35,331370,571,378122,606,0,633,-2,489,56,49788,2,1391,634,"Knox County",470313,65.2756781122359,0.0573139435414885,128.850361355098,11.481715368276,103.9733113905,5.73139435414885
2021-04-28,50856,47,42624,28,8232,19,46717,34,330799,543,377516,577,4,633,-37,491,80,49732,1,1389,634,"Knox County",470313,64.4251806775488,0.0569199653279399,122.684254953616,9.99334485757357,104.398560107843,5.69199653279399
2021-04-27,50809,39,42596,17,8213,22,46683,20,330256,392,376939,412,1,629,-33,528,71,49652,2,1388,632,"Knox County",470313,62.0863127321592,0.0554041780199818,87.6012357727726,8.29234998819935,112.265661378699,5.54041780199818
2021-04-26,50770,69,42579,36,8191,33,46663,40,329864,480,376527,520,1,628,2,561,66,49581,0,1386,631,"Knox County",470313,71.6544088723892,0.0615911035072712,110.564666509325,14.6710807483527,119.282265214868,6.15911035072712
2021-04-25,50701,38,42543,25,8158,13,46623,26,329384,341,376007,367,0,627,-4,559,42,49515,3,1386,630,"Knox County",470313,74.4185255351224,0.0622546270330903,78.0331396325426,8.07972562952757,118.857016497524,6.22546270330903
2021-04-24,50663,35,42518,22,8145,13,46597,28,329043,510,375640,538,0,627,-28,563,63,49473,3,1383,630,"Knox County",470313,72.2922819484046,0.0586283185840708,114.391904965417,7.44185255351224,119.707513932211,5.86283185840708
2021-04-23,50628,43,42496,31,8132,12,46569,37,328533,553,375102,590,0,627,-4,591,47,49410,2,1380,630,"Knox County",470313,69.1029165683279,0.0609418282548476,125.448371616349,9.14284742288646,125.660995975021,6.09418282548476
2021-04-22,50585,79,42465,62,8120,17,46532,65,327980,787,374512,852,1,627,15,595,63,49363,1,1378,630,"Knox County",470313,74.4185255351224,0.0648340248962656,181.155953588355,16.7973243350705,126.511493409708,6.48340248962656
2021-04-21,50506,62,42403,34,8103,28,46467,35,327193,479,373660,514,1,626,-2,580,63,49300,1,1377,629,"Knox County",470313,77.607890915199,0.0661745320326918,109.288920357294,13.1827102376502,123.322128029631,6.61745320326918
2021-04-20,50444,38,42369,34,8075,4,46432,39,326714,474,373146,513,1,625,-32,582,69,49237,1,1376,628,"Knox County",470313,77.3952665565272,0.0693374422187981,109.076295998622,8.07972562952757,123.747376746975,6.93374422187981
2021-04-19,50406,65,42335,41,8071,24,46393,39,326240,336,372633,375,0,624,-3,614,68,49168,0,1375,627,"Knox County",470313,76.5447691218401,0.0717524673246199,79.7341345019168,13.8205833136656,130.551356224472,7.17524673246199
2021-04-18,50341,38,42294,27,8047,11,46354,32,325904,364,372258,396,0,624,-12,617,50,49100,1,1375,627,"Knox County",470313,76.5447691218401,0.0727898358920064,84.1992460340241,8.07972562952757,131.189229300487,7.27898358920064
2021-04-17,50303,37,42267,18,8036,19,46322,23,325540,335,371862,358,0,624,-23,629,60,49050,1,1374,626,"Knox County",470313,76.9700178391837,0.075041689827682,76.1195204044966,7.86710127085579,133.740721604548,7.5041689827682
2021-04-16,50266,346,42249,330,8017,16,46299,369,325205,2088,371504,2457,1,624,279,652,66,48990,4,1373,626,"Knox County",470313,141.395198516732,0.110155535224154,522.418049256559,73.5680281004352,138.631081853999,11.0155535224154
2021-04-15,49920,86,41919,54,8001,32,45930,55,323117,577,369047,632,1,623,12,373,73,48924,0,1369,625,"Knox County",470313,142.883569027435,0.112869399428027,134.378594680564,18.2856948457729,79.3088857845732,11.2869399428027
2021-04-14,49834,85,41865,60,7969,25,45875,62,322540,684,368415,746,0,622,-1,361,86,48851,3,1369,624,"Knox County",470313,147.773929276886,0.113018075588826,158.617771569146,18.0730704871011,76.7573934805119,11.3018075588826
2021-04-13,49749,68,41805,38,7944,30,45813,43,321856,340,367669,383,-5,622,-8,362,81,48765,1,1366,624,"Knox County",470313,154.152660037039,0.116513933046568,81.435129371291,14.4584563896809,76.9700178391837,11.6513933046568
2021-04-12,49681,63,41767,43,7914,20,45770,50,321516,360,367286,410,1,627,-24,370,86,48684,0,1365,624,"Knox County",470313,153.727411319696,0.117800074321813,87.175987055429,13.395334596322,78.6710127085579,11.7800074321813
2021-04-11,49618,26,41724,14,7894,12,45720,14,321156,296,366876,310,2,626,-26,394,50,48598,0,1365,623,"Knox County",470313,151.175919015634,0.11631419939577,65.9135511882512,5.52823332546623,83.7739973166806,11.631419939577
2021-04-10,49592,50,41710,33,7882,17,45706,41,320860,571,366566,612,0,624,6,420,44,48548,1,1365,623,"Knox County",470313,153.940035678367,0.114234234234234,130.126107507128,10.6312179335889,89.3022306421468,11.4234234234234
2021-04-09,49542,82,41677,62,7865,20,45665,71,320289,620,365954,691,5,624,11,414,66,48504,2,1364,622,"Knox County",470313,97.8072049890179,0.0887949260042283,146.923431842199,17.4351974110858,88.0264844901162,8.87949260042283
2021-04-08,49460,49,41615,26,7845,23,45594,26,319669,466,365263,492,-6,619,-23,403,78,48438,0,1362,622,"Knox County",470313,89.9401037181622,0.0842480790340285,104.611184466515,10.4185935749171,85.6876165447266,8.42480790340285
2021-04-07,49411,77,41589,54,7822,23,45568,57,319203,768,364771,825,2,625,9,426,66,48360,1,1362,622,"Knox County",470313,88.2391088487879,0.0811173784582326,175.415095904217,16.3720756177269,90.5779767941775,8.11173784582326
2021-04-06,49334,75,41535,41,7799,34,45511,45,318435,422,363946,467,2,623,-3,417,76,48294,0,1361,622,"Knox County",470313,89.7274793594904,0.079852902547938,99.2955754997204,15.9468269003834,88.6643575661315,7.9852902547938
2021-04-05,49259,44,41494,32,7765,12,45466,35,318013,266,363479,301,0,621,-60,420,104,48218,3,1361,622,"Knox County",470313,85.6876165447266,0.0781503515413737,63.9999319602052,9.35547178155824,89.3022306421468,7.81503515413737
2021-04-04,49215,49,41462,31,7753,18,45431,40,317747,341,363178,381,3,621,-27,480,73,48114,0,1358,621,"Knox County",470313,90.5779767941775,0.0835765455027859,81.0098806539475,10.4185935749171,102.059692162454,8.35765455027859
2021-04-03,49166,81,41431,64,7735,17,45391,71,317406,593,362797,664,0,618,6,507,75,48041,0,1358,620,"Knox County",470313,97.1693319130026,0.0902904998691442,141.182574158061,17.222573052414,107.800549846592,9.02904998691442
2021-04-02,49085,76,41367,45,7718,31,45320,45,316813,530,362133,575,0,618,5,501,71,47966,2,1358,617,"Knox County",470313,95.8935857609719,0.0860998650472335,122.259006236272,16.1594512590551,106.524803694561,8.60998650472335
2021-04-01,49009,75,41322,63,7687,12,45275,67,316283,580,361558,647,1,618,-20,496,94,47895,1,1356,616,"Knox County",470313,101.421819086438,0.0932642487046632,137.56796006064,15.9468269003834,105.461681901202,9.32642487046632
2021-03-31,48934,87,41259,66,7675,21,45208,72,315703,765,360911,837,3,617,-16,516,100,47801,2,1355,616,"Knox County",470313,103.548062673156,0.096849173553719,177.966588208278,18.4983192044447,109.714169074638,9.6849173553719
2021-03-30,48847,57,41193,33,7654,24,45136,38,314938,460,360074,498,1,614,-24,532,80,47701,2,1353,614,"Knox County",470313,99.7208242170639,0.094286446323341,105.886930618546,12.1195884442914,113.116158813386,9.4286446323341
2021-03-29,48790,43,41160,21,7630,22,45098,22,314478,400,359576,422,5,613,-58,556,96,47621,0,1351,613,"Knox County",470313,99.5081998583922,0.088220675944334,89.7274793594904,9.14284742288646,118.219143421509,8.8220675944334
2021-03-28,48747,80,41139,46,7608,34,45076,49,314078,484,359154,533,2,608,13,614,65,47525,5,1351,612,"Knox County",470313,106.099554977217,0.0871647509578544,113.328783172058,17.0099486937423,130.551356224472,8.71647509578544
2021-03-27,48667,42,41093,39,7574,3,45027,42,313594,442,358621,484,0,606,-16,601,58,47460,2,1346,611,"Knox County",470313,97.8072049890179,0.0838338338338338,102.910189597141,8.93022306421468,127.787239561739,8.38338338338338
2021-03-26,48625,79,41054,54,7571,25,44985,60,313152,417,358137,477,0,606,1,617,78,47402,2,1344,610,"Knox County",470313,98.4450780650333,0.0897896357106208,101.421819086438,16.7973243350705,131.189229300487,8.97896357106208
2021-03-25,48546,88,41000,64,7546,24,44925,67,312735,570,357660,637,0,606,7,616,81,47324,4,1342,608,"Knox County",470313,101.209194727766,0.0900205761316872,135.441716473923,18.7109435631165,130.976604941815,9.00205761316873
2021-03-24,48458,124,40936,90,7522,34,44858,95,312165,780,357023,875,1,606,39,609,84,47243,3,1338,607,"Knox County",470313,109.076295998622,0.0950076413652573,186.046313837806,26.3654204753005,129.488234431113,9.50076413652573
2021-03-23,48334,87,40846,57,7488,30,44763,63,311385,531,356148,594,1,605,17,570,69,47159,3,1335,606,"Knox County",470313,115.455026758776,0.0989557434112382,126.298869051036,18.4983192044447,121.195884442914,9.89557434112382
2021-03-22,48247,115,40789,78,7458,37,44700,81,310854,517,355554,598,2,604,32,553,81,47090,1,1332,605,"Knox County",470313,130.763980583144,0.108861362553597,127.149366485723,24.4518012472545,117.581270345493,10.8861362553597
2021-03-21,48132,50,40711,33,7421,17,44619,34,310337,330,354956,364,0,602,4,521,46,47009,1,1331,605,"Knox County",470313,124.38524982299,0.109704641350211,77.3952665565272,10.6312179335889,110.777290867996,10.9704641350211
2021-03-20,48082,59,40678,29,7404,30,44585,33,310007,315,354592,348,0,602,3,517,56,46963,4,1330,604,"Knox County",470313,127.99986392041,0.111225276136656,73.9932768177788,12.5448371616349,109.926793433309,11.1225276136656
2021-03-19,48023,146,40649,102,7374,44,44552,117,309692,956,354244,1073,3,602,51,514,92,46907,3,1326,604,"Knox County",470313,142.24569595142,0.109155713967476,228.145936854818,31.0431563660796,109.288920357294,10.9155713967476
2021-03-18,47877,68,40547,50,7330,18,44435,66,308736,627,353171,693,2,599,-16,463,82,46815,1,1323,603,"Knox County",470313,137.993208777984,0.107590759075908,147.348680559542,14.4584563896809,98.4450780650333,10.7590759075908
2021-03-17,47809,46,40497,36,7312,10,44369,41,308109,497,352478,538,1,597,-40,479,85,46733,3,1322,603,"Knox County",470313,121.408508801585,0.103374524714829,114.391904965417,9.7807204989018,101.847067803782,10.3374524714829
2021-03-16,47763,128,40461,84,7302,44,44328,100,307612,699,351940,799,0,596,48,519,80,46648,3,1319,601,"Knox County",470313,130.126107507128,0.106956718785407,169.886862578751,27.2159179099876,110.352042150653,10.6956718785407
2021-03-15,47635,44,40377,28,7258,16,44228,40,306913,290,351141,330,1,596,-65,471,108,46568,1,1316,600,"Knox County",470313,115.029778041432,0.103980699638118,70.1660383616868,9.35547178155824,100.146072934408,10.3980699638118
2021-03-14,47591,60,40349,38,7242,22,44188,46,306623,405,350811,451,0,595,-12,536,72,46460,0,1315,599,"Knox County",470313,117.15602162815,0.104678638941399,95.893585760972,12.7574615203067,113.966656248073,10.4678638941399
2021-03-13,47531,71,40311,34,7220,37,44142,41,306218,623,350360,664,1,595,-10,548,80,46388,1,1315,599,"Knox County",470313,119.707513932211,0.0991644678979771,141.182574158061,15.0963294656962,116.518148552134,9.91644678979771
2021-03-12,47460,63,40277,60,7183,3,44101,67,305595,692,349696,759,0,594,-52,558,115,46308,1,1314,597,"Knox County",470313,102.059692162454,0.0947094945677846,161.38188823188,13.395334596322,118.644392138852,9.47094945677846
2021-03-11,47397,83,40217,56,7180,27,44034,66,304903,627,348937,693,2,594,-22,610,103,46193,0,1313,595,"Knox County",470313,105.24905754253,0.0947094945677846,147.348680559542,17.6478217697576,129.700858789785,9.47094945677846
2021-03-10,47314,95,40161,72,7153,23,43968,82,304276,1001,348244,1083,2,592,26,632,67,46090,1,1313,594,"Knox County",470313,115.667651117447,0.0924879681941829,230.272180441536,20.1993140738189,134.378594680564,9.24879681941829
2021-03-09,47219,80,40089,50,7130,30,43886,55,303275,597,347161,652,0,590,-6,606,86,46023,2,1312,594,"Knox County",470313,105.461681901202,0.0857081174438687,138.631081853999,17.0099486937423,128.850361355098,8.57081174438687
2021-03-08,47139,86,40039,58,7100,28,43831,64,302678,412,346509,476,1,590,-29,612,114,45937,0,1310,590,"Knox County",470313,114.391904965417,0.0881121808287987,101.209194727766,18.2856948457729,130.126107507128,8.81121808287987
2021-03-07,47053,64,39981,40,7072,24,43767,42,302266,327,346033,369,0,589,-5,641,69,45823,0,1310,588,"Knox County",470313,115.242402400104,0.0887989778534923,78.4583883498861,13.6079589549938,136.29221390861,8.87989778534923
2021-03-06,46989,125,39941,87,7048,38,43725,95,301939,848,345664,943,0,589,40,646,85,45754,1,1310,588,"Knox County",470313,126.72411776838,0.0946733668341709,200.504770227487,26.5780448339723,137.355335701969,9.46733668341709
2021-03-05,46864,70,39854,44,7010,26,43630,49,301091,521,344721,570,2,589,-19,606,87,45669,2,1309,588,"Knox County",470313,128.212488279082,0.0946510656080234,121.195884442914,14.8837051070245,128.850361355098,9.46510656080234
2021-03-04,46794,112,39810,85,6984,27,43581,100,300570,1094,344151,1194,5,587,-1,625,108,45582,1,1307,586,"Knox County",470313,134.378594680564,0.0921127293361074,253.873484254103,23.8139281712392,132.890224169861,9.21127293361074
2021-03-03,46682,74,39725,33,6957,41,43481,40,299476,497,342957,537,1,582,-49,626,122,45474,4,1306,584,"Knox County",470313,129.913483148456,0.093862054418899,114.179280606745,15.7342025417116,133.102848528533,9.3862054418899
2021-03-02,46608,133,39692,91,6916,42,43441,99,298979,808,342420,907,-1,581,9,675,125,45352,2,1302,583,"Knox County",470313,141.182574158061,0.0978783026421137,192.850293315303,28.2790397033465,143.52144210345,9.78783026421137
2021-03-01,46475,59,39601,33,6874,26,43342,35,298171,165,341513,200,1,582,-58,666,116,45227,1,1300,580,"Knox County",470313,135.441716473923,0.0974576271186441,42.5248717343556,12.5448371616349,141.607822875404,9.74576271186441
2021-02-28,46416,77,39568,53,6848,24,43307,63,298006,563,341313,626,2,581,-18,724,93,45111,2,1299,580,"Knox County",470313,138.205833136656,0.0966445649989954,133.102848528533,16.3720756177269,153.940035678367,9.66445649989954
2021-02-27,46339,82,39515,47,6824,35,43244,58,297443,671,340687,729,1,579,-33,742,114,45018,3,1297,579,"Knox County",470313,129.062985713769,0.0932185597312618,155.003157471726,17.4351974110858,157.767274134459,9.32185597312618
2021-02-26,46257,107,39468,70,6789,37,43186,80,296772,506,339958,586,5,578,-17,775,119,44904,1,1294,578,"Knox County",470313,136.930086984625,0.0993931784892237,124.597874181662,22.7508063778803,164.783877970628,9.93931784892237
2021-02-25,46150,131,39398,92,6752,39,43106,97,296266,1029,339372,1126,2,573,-7,792,136,44785,5,1293,578,"Knox County",470313,140.969949799389,0.100191042241562,239.415027864422,27.8537909860029,168.398492068048,10.0191042241562
2021-02-24,46019,102,39306,72,6713,30,43009,80,295237,969,338246,1049,2,571,-30,799,130,44649,2,1288,577,"Knox County",470313,146.923431842199,0.0980279532835535,223.042952246695,21.6876845845214,169.886862578751,9.80279532835535
2021-02-23,45917,122,39234,68,6683,54,42929,75,294268,758,337197,833,5,569,-32,829,149,44519,6,1286,576,"Knox County",470313,144.584563896809,0.0947756845989512,177.116090773591,25.9401717579569,176.265593338904,9.47756845989512
2021-02-22,45795,62,39166,33,6629,29,42854,38,293510,307,336364,345,3,564,-110,861,169,44370,3,1280,574,"Knox County",470313,145.222436972824,0.0927465054778995,73.3554037417635,13.1827102376502,183.069572816401,9.27465054778995
2021-02-21,45733,82,39133,41,6600,41,42816,45,293203,499,336019,544,2,561,-31,971,111,44201,3,1277,572,"Knox County",470313,146.285558766183,0.090752110514198,115.667651117447,17.4351974110858,206.458252270297,9.0752110514198
2021-02-20,45651,137,39092,98,6559,39,42771,115,292704,1007,335475,1122,1,559,8,1002,128,44090,2,1274,569,"Knox County",470313,157.979898493131,0.0945584299732382,238.564530429735,29.1295371380336,213.049607389122,9.45584299732382
2021-02-19,45514,95,38994,43,6520,52,42656,48,291697,274,334353,322,1,558,-83,994,177,43962,2,1272,568,"Knox County",470313,155.42840618907,0.0932409661112151,68.4650434923126,20.1993140738189,211.348612519747,9.32409661112151
2021-02-18,45419,155,38951,111,6468,44,42608,119,291423,988,334031,1107,4,557,-38,1077,189,43785,6,1270,566,"Knox County",470313,160.531390797193,0.0977076287110109,235.375165049658,32.9567755941256,228.996434289505,9.77076287110109
2021-02-17,45264,114,38840,68,6424,46,42489,76,290435,892,332924,968,1,553,-49,1115,162,43596,4,1264,560,"Knox County",470313,163.082883101254,0.0984544934172868,205.820379194281,24.2391768885827,237.076159919033,9.84544934172868
2021-02-16,45150,146,38772,90,6378,56,42413,101,289543,818,331956,919,2,552,-41,1164,185,43434,4,1260,557,"Knox County",470313,168.185867709377,0.101745823165008,195.401785619364,31.0431563660796,247.49475349395,10.1745823165008
2021-02-15,45004,76,38682,36,6322,40,42312,43,288725,312,331037,355,2,550,-140,1205,214,43249,1,1256,557,"Knox County",470313,171.162608730781,0.102492036724752,75.4816473284812,16.1594512590551,256.212352199493,10.2492036724752
2021-02-14,44928,165,38646,135,6282,30,42269,135,288413,706,330682,841,2,548,20,1345,143,43035,5,1255,557,"Knox County",470313,188.810430500539,0.113063542776003,178.817085642965,35.0830191808434,285.979762413542,11.3063542776003
2021-02-13,44763,135,38511,91,6252,44,42134,106,287707,871,329841,977,4,546,-9,1325,140,42892,7,1250,556,"Knox County",470313,188.385181783195,0.11441063946074,207.733998422327,28.7042884206901,281.727275240106,11.441063946074
2021-02-12,44628,179,38420,114,6208,65,42028,124,286836,996,328864,1120,3,542,13,1334,163,42752,3,1243,552,"Knox County",470313,206.245627911625,0.111977095594083,238.139281712392,38.0597602022483,283.640894468152,11.1977095594083
2021-02-11,44449,161,38306,112,6143,49,41904,118,285840,1133,327744,1251,5,539,-35,1321,191,42589,5,1240,551,"Knox County",470313,207.521374063655,0.109314259057689,265.993072698394,34.2325217461563,280.876777805419,10.9314259057689
2021-02-10,44288,148,38194,106,6094,42,41786,112,284707,1032,326493,1144,7,534,-47,1356,188,42398,6,1235,549,"Knox County",470313,214.750602258496,0.111851067050098,243.242266320514,31.4684050834232,288.318630358931,11.1851067050098
2021-02-09,44140,209,38088,154,6052,55,41674,165,283675,1023,325349,1188,0,527,12,1403,197,42210,6,1229,547,"Knox County",470313,228.145936854818,0.116783013379872,252.597738102072,44.4384909624016,298.311975216505,11.6783013379872
2021-02-08,43931,107,37934,72,5997,35,41509,76,282652,371,324161,447,4,527,-159,1391,262,42013,2,1223,542,"Knox County",470313,234.737291973643,0.119977037887486,95.0430883262848,22.7508063778803,295.760482912443,11.9977037887486
2021-02-07,43824,108,37862,75,5962,33,41433,83,282281,716,323714,799,1,523,-28,1550,135,41751,2,1221,539,"Knox County",470313,222.617703529352,0.113196650303205,169.886862578751,22.963430736552,329.567755941256,11.3196650303205
2021-02-06,43716,304,37787,176,5929,128,41350,197,281565,1396,322915,1593,2,522,136,1578,166,41616,6,1219,538,"Knox County",470313,258.551220144882,0.116016971625564,338.710603364143,64.6378050362206,335.521237984066,11.6016971625564
2021-02-05,43412,177,37611,131,5801,46,41153,143,280169,727,321322,870,8,520,-4,1442,173,41450,4,1213,534,"Knox County",470313,258.125971427539,0.12260010970927,184.983192044447,37.6345114849047,306.604325204704,12.260010970927
2021-02-04,43235,199,37480,148,5755,51,41010,161,279442,1582,320452,1743,2,512,0,1446,197,41277,7,1209,531,"Knox County",470313,266.205697057066,0.120375128468654,370.604257164909,42.3122473756839,307.454822639391,12.0375128468654
2021-02-03,43036,230,37332,164,5704,66,40849,172,277860,1634,318709,1806,5,510,-8,1446,233,41080,7,1202,523,"Knox County",470313,283.640894468152,0.118044044518115,383.999591761231,48.903602494509,307.454822639391,11.8044044518115
2021-02-02,42806,92,37168,70,5638,22,40677,77,276226,291,316903,368,7,505,-159,1454,244,40847,1,1195,523,"Knox County",470313,258.763844503554,0.119197482297404,78.2457639912144,19.5614409978036,309.155817508765,11.9197482297404
2021-02-01,42714,153,37098,82,5616,71,40600,97,275935,425,316535,522,4,498,-125,1613,274,40603,2,1194,521,"Knox County",470313,268.544565002456,0.120763537202961,110.989915226668,32.5315268767821,342.963090537578,12.0763537202961
2021-01-31,42561,174,37016,120,5545,54,40503,129,275510,939,316013,1068,7,494,12,1738,155,40329,4,1192,518,"Knox County",470313,282.577772674793,0.122459222082811,227.082815061459,36.9966384088894,369.54113537155,12.2459222082811
2021-01-30,42387,277,36896,232,5491,45,40374,250,274571,1518,314945,1768,7,487,92,1726,178,40174,9,1188,516,"Knox County",470313,276.836914990655,0.126335174953959,375.919866131704,58.8969473520825,366.989643067489,12.6335174953959
2021-01-29,42110,101,36664,52,5446,49,40124,62,273053,376,313177,438,4,480,-140,1634,237,39996,1,1179,510,"Knox County",470313,260.6774637316,0.12290937378452,93.1294690982388,21.4750602258496,347.428202069686,12.290937378452
2021-01-28,42009,157,36612,116,5397,41,40062,129,272677,657,312739,786,9,476,-75,1774,223,39759,5,1178,505,"Knox County",470313,251.747240667385,0.135583185316755,167.122745916018,33.3820243114692,377.195612283734,13.5583185316755
2021-01-27,41852,168,36496,123,5356,45,39933,125,272020,894,311953,1019,12,467,-73,1849,229,39536,2,1173,501,"Knox County",470313,238.564530429735,0.145585525213604,216.664221486542,35.7208922568587,393.142439184118,14.5585525213604
2021-01-26,41684,234,36373,173,5311,61,39808,193,271126,1041,310934,1234,3,455,-26,1922,257,39307,7,1171,497,"Knox County",470313,268.757189361128,0.144111192392099,262.378458600974,49.7540999291961,408.664017367158,14.4111192392099
2021-01-25,41450,158,36200,106,5250,52,39615,115,270085,415,309700,530,9,452,-198,1948,347,39050,1,1164,490,"Knox County",470313,269.820311154486,0.146573140435482,112.690910096042,33.5946486701409,414.192250692624,14.6573140435481
2021-01-24,41292,157,36094,104,5198,53,39500,111,269670,791,309170,902,4,443,-98,2146,251,38703,2,1163,486,"Knox County",470313,266.205697057066,0.147521341920024,191.787171521944,33.3820243114692,456.291873709636,14.7521341920024
2021-01-23,41135,309,35990,222,5145,87,39389,232,268879,1492,308268,1724,7,439,63,2244,239,38452,7,1161,481,"Knox County",470313,273.009676534563,0.145786220413086,366.564394350146,65.7009268295794,477.12906085947,14.5786220413086
2021-01-22,40826,178,35768,143,5058,35,39157,176,267387,1173,306544,1349,3,432,-151,2181,326,38213,7,1154,478,"Knox County",470313,289.38175215229,0.143292682926829,286.830259848229,37.8471358435765,463.733726263148,14.3292682926829
2021-01-21,40648,268,35625,195,5023,73,38981,203,266214,1081,305195,1284,11,429,-125,2332,382,37887,6,1147,470,"Knox County",470313,312.983055964857,0.143620989803531,273.009676534563,56.9833281240365,495.840004422587,14.3620989803531
2021-01-20,40380,192,35430,131,4950,61,38778,131,265133,736,303911,867,10,418,-154,2457,336,37505,8,1141,465,"Knox County",470313,318.08604057298,0.147148288973384,184.345318968432,40.8238768649814,522.418049256559,14.7148288973384
2021-01-19,40188,310,35299,195,4889,115,38647,219,264397,957,303044,1176,8,408,-85,2611,387,37169,14,1133,455,"Knox County",470313,334.245491832035,0.15155771195097,250.046245798011,65.9135511882512,555.162200492013,15.155771195097
2021-01-18,39878,129,35104,80,4774,49,38428,87,263440,472,301868,559,7,400,-364,2696,486,36782,4,1119,452,"Knox County",470313,328.079385430554,0.147436712886401,118.857016497524,27.4285422686594,573.235270979114,14.7436712886401
2021-01-17,39749,181,35024,138,4725,43,38341,151,262968,690,301309,841,3,393,-205,3060,383,36296,8,1115,443,"Knox County",470313,333.182370038676,0.153717948717949,178.817085642965,38.4850089195918,650.630537535641,15.3717948717949
2021-01-16,39568,421,34886,340,4682,81,38190,389,262278,1757,300468,2146,1,390,9,3265,411,35913,7,1107,437,"Knox County",470313,356.996298209916,0.164923376307468,456.291873709636,89.5148550008186,694.218531063356,16.4923376307468
2021-01-15,39147,187,34546,149,4601,38,37801,153,260521,755,298322,908,0,389,-95,3256,282,35502,4,1100,429,"Knox County",470313,358.909917437962,0.171314741035857,193.062917673975,39.7607550716225,692.30491183531,17.1314741035857
2021-01-14,38960,338,34397,267,4563,71,37648,290,259766,1479,297414,1769,6,389,-91,3351,423,35220,7,1096,419,"Knox County",470313,373.793622544986,0.171788047423179,376.132490490376,71.867033231061,712.504225909129,17.1788047423179
2021-01-13,38622,249,34130,201,4492,48,37358,206,258287,946,295645,1152,12,383,-249,3442,486,34797,6,1089,412,"Knox County",470313,385.913210989277,0.174833352824231,244.943261189888,52.9434653092728,731.85304254826,17.4833352824231
2021-01-12,38373,332,33929,261,4444,71,37152,283,257341,1181,294493,1464,10,371,-176,3691,498,34311,6,1083,410,"Knox County",470313,390.590946880056,0.176377418259984,311.282061095483,70.5912870790304,784.796507857533,17.6377418259984
2021-01-11,38041,244,33668,197,4373,47,36869,228,256160,726,293029,954,4,361,-395,3867,635,33813,5,1077,405,"Knox County",470313,415.042748127311,0.184102230885857,202.843638172876,51.8803435159139,822.218394983766,18.4102230885857
2021-01-10,37797,328,33471,205,4326,123,36641,222,255434,1013,292075,1235,5,357,-6,4262,329,33178,17,1072,399,"Knox County",470313,446.298528852062,0.183942667220607,262.591082959646,69.7407896443432,906.205016659119,18.3942667220607
2021-01-09,37469,475,33266,393,4203,82,36419,426,254421,1384,290840,1810,5,352,101,4268,369,32849,12,1055,393,"Knox County",470313,457.780244220338,0.194575979337064,384.850089195918,100.996570369095,907.480762811149,19.4575979337064
2021-01-08,36994,459,32873,371,4121,88,35993,392,253037,1432,289030,1824,7,347,267,4167,185,32480,6,1043,391,"Knox County",470313,515.614069779062,0.200528996865204,387.826830217323,97.5945806303462,886.0057025853,20.0528996865204
2021-01-07,36535,389,32502,346,4033,43,35601,354,251605,1309,287206,1663,10,340,73,3900,306,32295,10,1037,383,"Knox County",470313,526.457912071323,0.208968521084934,353.594308471167,82.7108755233217,829.234998819935,20.8968521084934
2021-01-06,36146,497,32156,363,3990,134,35247,378,250296,1187,285543,1565,9,330,59,3827,429,31989,15,1027,380,"Knox County",470313,579.188753021924,0.217118402282454,332.757121321333,105.674306259874,813.713420636895,21.7118402282454
2021-01-05,35649,520,31793,327,3856,193,34869,345,249109,1193,283978,1538,14,321,32,3768,474,31560,14,1012,371,"Knox County",470313,619.162132452218,0.221456228161299,327.016263637195,110.564666509325,801.16858347526,22.1456228161299
2021-01-04,35129,322,31466,228,3663,94,34524,249,247916,654,282440,903,6,307,-222,3736,538,31086,6,998,365,"Knox County",470313,635.746832428617,0.224520781932055,191.999795880616,68.4650434923126,794.364603997763,22.4520781932055
2021-01-03,34807,285,31238,182,3569,103,34275,195,247262,608,281537,803,2,301,-15,3958,298,30548,10,992,357,"Knox County",470313,626.60398500573,0.231446665347318,170.737360013438,60.5979422214568,841.567211622898,23.1446665347318
2021-01-02,34522,422,31056,319,3466,103,34080,345,246654,1095,280734,1440,0,299,105,3973,317,30250,22,982,348,"Knox County",470313,615.334893996126,0.231922760887428,306.179076487361,89.7274793594904,844.756577002974,23.1922760887428
2021-01-01,34100,419,30737,349,3363,70,33735,374,245559,1297,279294,1671,2,299,2,3868,415,29933,7,960,344,"Knox County",470313,606.829919649255,0.233747260774288,355.295303340541,89.089606283475,822.431019342438,23.3747260774288
2020-12-31,33681,448,30388,311,3293,137,33361,322,244262,929,277623,1251,12,297,0,3866,436,29518,8,953,338,"Knox County",470313,619.37475681089,0.240758913967942,265.993072698394,95.2557126849566,822.005770625094,24.0758913967942
2020-12-30,33233,363,30077,248,3156,115,33039,271,243333,931,276372,1202,6,285,-146,3866,503,29082,9,945,335,"Knox County",470313,590.883092748871,0.238533151680291,255.574479123477,77.1826421978555,822.005770625094,23.8533151680291
2020-12-29,32870,590,29829,398,3041,192,32768,420,242402,1081,275170,1501,7,279,110,4012,473,28579,14,936,331,"Knox County",470313,605.766797855896,0.248090297571543,319.149162366339,125.448371616349,853.048926991174,24.8090297571543
2020-12-28,32280,252,29431,174,2849,78,32348,185,241321,565,273669,750,4,272,-331,3902,579,28106,4,922,323,"Knox County",470313,590.883092748871,0.245068461359944,159.468269003834,53.5813383852881,829.660247537278,24.5068461359944
2020-12-27,32028,230,29257,156,2771,74,32163,172,240756,489,272919,661,3,268,-74,4233,301,27527,8,918,318,"Knox County",470313,579.188753021924,0.246460594620104,140.544701082045,48.903602494509,900.038910257637,24.6460594620104
2020-12-26,31798,358,29101,288,2697,70,31991,328,240267,1064,272258,1392,0,265,59,4307,299,27226,10,910,311,"Knox County",470313,565.58079406693,0.245847176079734,295.973107271115,76.1195204044966,915.773112799348,24.5847176079734
2020-12-25,31440,353,28813,287,2627,66,31663,308,239203,1070,270866,1378,1,265,-101,4248,453,26927,5,900,306,"Knox County",470313,551.547586394592,0.246588813767671,292.99636624971,75.0563986111377,903.228275637714,24.6588813767671
2020-12-24,31087,351,28526,277,2561,74,31355,311,238133,1273,269488,1584,5,264,-111,4349,457,26474,8,895,299,"Knox County",470313,530.92302360343,0.235592820028342,336.796984136097,74.6311498937941,924.703335863563,23.5592820028342
2020-12-23,30736,472,28249,351,2487,121,31044,371,236860,1411,267904,1782,6,259,-15,4460,481,26017,9,887,292,"Knox County",470313,554.099078698654,0.231542882404951,378.896607153109,100.358697293079,948.304639676131,23.1542882404951
2020-12-22,30264,530,27898,392,2366,138,30673,432,235449,1470,266122,1902,7,253,-25,4475,548,25536,15,878,285,"Knox County",470313,541.341617178347,0.222986559424278,404.411530193722,112.690910096042,951.494005056207,22.2986559424278
2020-12-21,29734,442,27506,361,2228,81,30241,391,233979,1423,264220,1814,2,246,-137,4500,577,24988,5,863,279,"Knox County",470313,581.740245325985,0.22001331684581,385.700586630606,93.9799665329259,956.809614023002,22.001331684581
2020-12-20,29292,514,27145,431,2147,83,29850,478,232556,2245,262406,2723,2,244,234,4637,278,24411,7,858,276,"Knox County",470313,642.12556318877,0.208270377733598,578.976128663252,109.288920357294,985.939151161035,20.8270377733598
2020-12-19,28778,525,26714,441,2064,84,29372,489,230311,1445,259683,1934,6,242,253,4403,266,24133,13,851,270,"Knox County",470313,677.633831086957,0.211938705496684,411.215509671219,111.627788302684,936.185051231839,21.1938705496684
2020-12-18,28253,480,26273,420,1980,60,28883,430,228866,1358,257749,1788,4,236,98,4150,378,23867,11,838,263,"Knox County",470313,704.637124638273,0.214533895172618,380.172353305139,102.059692162454,882.391088487879,21.4533895172618
2020-12-17,27773,733,25853,634,1920,99,28453,663,227508,1898,255961,2561,11,232,288,4052,434,23489,11,827,257,"Knox County",470313,785.859629650892,0.224351902923331,544.530982558424,155.853654906413,861.553901338045,22.4351902923332
2020-12-16,27040,564,25219,452,1821,112,27790,472,225610,1729,253400,2201,8,221,99,3764,457,23055,11,816,253,"Knox County",470313,805.421070648696,0.224820746498693,467.986213436584,119.920138290883,800.318086040573,22.4820746498693
2020-12-15,26476,765,24767,675,1709,90,27318,716,223881,2415,251199,3131,2,213,324,3665,439,22598,15,805,249,"Knox County",470313,855.387794936564,0.225297176820208,665.726867001337,162.65763438391,779.268274532067,22.5297176820208
2020-12-14,25711,472,24092,411,1619,61,26602,462,221466,1624,248068,2086,6,211,-12,3341,478,22159,7,790,241,"Knox County",470313,861.766525696717,0.225888943010229,443.534412189329,100.358697293079,710.377982322411,22.5888943010229
2020-12-13,25239,627,23681,571,1558,56,26140,757,219842,2935,245982,3692,2,205,398,3353,227,21681,10,783,234,"Knox County",470313,885.793078226628,0.229345138848962,785.009132216205,133.315472887205,712.929474626472,22.9345138848962
2020-12-12,24612,464,23110,392,1502,72,25383,454,216907,2172,242290,2626,3,203,183,2955,278,21454,19,773,228,"Knox County",470313,872.822992347649,0.21863422726016,558.351565872089,98.6577024237051,628.304979875104,21.863422726016
2020-12-11,24148,557,22718,523,1430,34,24929,430,214735,1407,239664,1837,6,200,281,2772,270,21176,10,754,224,"Knox County",470313,889.195067965376,0.218043454284769,390.590946880056,118.43176778018,589.394722238169,21.8043454284769
2020-12-10,23591,473,22195,414,1396,59,24499,540,213328,1910,237827,2450,8,194,325,2491,140,20906,9,744,222,"Knox County",470313,833.912734710714,0.212561726682572,520.929678745856,100.571321651751,529.647277451399,21.2561726682572
2020-12-09,23118,407,21781,337,1337,70,23959,359,211418,924,235377,1283,2,186,77,2166,328,20766,13,735,212,"Knox County",470313,800.530710399245,0.217363344051447,272.797052175891,86.5381139794137,460.544360883071,21.7363344051447
2020-12-08,22711,491,21444,445,1267,46,23600,540,210494,2077,234094,2617,9,184,126,2089,356,20438,9,722,209,"Knox County",470313,742.271636123178,0.213489241154843,556.437946644043,104.398560107843,444.172285265345,21.3489241154843
2020-12-07,22220,323,20999,271,1221,52,23060,317,208417,1135,231477,1452,3,175,-128,1963,448,20082,6,713,207,"Knox County",470313,710.590606681083,0.212884627436235,308.730568791422,68.6776678509843,417.3816160727,21.2884627436235
2020-12-06,21897,332,20728,291,1169,41,22743,187,207282,668,230025,855,6,172,103,2091,223,19634,6,707,204,"Knox County",470313,647.866420872908,0.21547256097561,181.79382666437,70.5912870790304,444.597533982688,21.547256097561
2020-12-05,21565,289,20437,263,1128,26,22556,213,206614,714,229170,927,2,166,55,1988,232,19411,8,701,200,"Knox County",470313,610.657158105347,0.226425006566851,197.102780488738,61.4484396561439,422.697225039495,22.6425006566851
2020-12-04,21276,354,20174,321,1102,33,22343,297,205900,1091,228243,1388,5,164,17,1933,332,19179,11,693,198,"Knox County",470313,567.494413294976,0.223569084943493,295.122609836428,75.2690229698095,411.002885312547,22.3569084943493
2020-12-03,20922,441,19853,424,1069,17,22046,448,204809,1215,226855,1663,2,159,180,1916,259,18847,10,682,193,"Knox County",470313,560.690433817479,0.231811487481591,353.594308471167,93.7673421742542,407.388271215127,23.1811487481591
2020-12-02,20481,192,19429,170,1052,22,21598,185,203594,575,225192,760,2,157,-146,1736,336,18588,7,672,191,"Knox County",470313,514.976196703047,0.226350652038915,161.594512590551,40.8238768649814,369.115886654207,22.6350652038915
2020-12-01,20289,403,19259,380,1030,23,21413,409,203019,1832,224432,2241,5,155,87,1882,311,18252,7,665,186,"Knox County",470313,496.26525313993,0.221408572043937,476.491187783455,85.6876165447266,400.159043020287,22.1408572043937
2020-11-30,19886,385,18879,371,1007,14,21004,436,201187,1815,222191,2251,1,150,24,1795,360,17941,3,658,183,"Knox County",470313,509.44796337758,0.215666831928607,478.617431370173,81.8603780886346,381.660723815842,21.5666831928607
2020-11-29,19501,226,18508,217,993,9,20568,261,199372,1465,219940,1726,0,149,40,1771,186,17581,5,655,180,"Knox County",470313,486.909781358372,0.205275648046732,366.989643067489,48.0531050598219,376.557739207719,20.5275648046732
2020-11-28,19275,271,18291,257,984,14,20307,299,197907,1967,218214,2266,0,149,73,1731,198,17395,8,650,174,"Knox County",470313,483.08254290228,0.189914599430663,481.806796750249,57.6212012000519,368.052764860848,18.9914599430663
2020-11-27,19004,235,18034,215,970,20,20008,249,195940,1247,215948,1496,3,149,-6,1658,238,17197,12,642,170,"Knox County",470313,457.780244220338,0.184390873175845,318.08604057298,49.9667242878679,352.531186677808,18.4390873175845
2020-11-26,18769,344,17819,341,950,3,19759,441,194693,1429,214452,1870,4,146,48,1664,292,16959,5,630,168,"Knox County",470313,437.155681429176,0.18080888183981,397.607550716225,73.1427793830917,353.806932829839,18.080888183981
2020-11-25,18425,219,17478,193,947,26,19318,123,193264,325,212582,448,0,142,-58,1616,277,16667,3,625,162,"Knox County",470313,442.896539113314,0.180354529191738,95.2557126849566,46.5647345491194,343.600963613593,18.0354529191738
2020-11-24,18206,153,17285,130,921,23,19195,116,192939,673,212134,789,2,142,-111,1674,262,16390,6,622,160,"Knox County",470313,389.740449445369,0.177484787018256,167.760618992033,32.5315268767821,355.933176416557,17.7484787018256
2020-11-23,18053,167,17155,146,898,21,19079,100,192266,392,211345,492,3,140,-98,1785,262,16128,7,616,158,"Knox County",470313,343.388339254922,0.174865192032574,104.611184466515,35.508267898187,379.534480229124,17.4865192032574
2020-11-22,17886,220,17009,212,877,8,18979,258,191874,1808,210853,2066,2,137,86,1883,132,15866,5,609,151,"Knox County",470313,342.112593102891,0.168240161238994,439.281925015894,46.7773589077912,400.371667378958,16.8240161238994
2020-11-21,17666,173,16797,169,869,4,18721,198,190066,1465,208787,1663,0,135,2,1797,171,15734,4,604,149,"Knox County",470313,321.275405953057,0.168291024478694,353.594308471167,36.7840140502176,382.085972533185,16.8291024478694
2020-11-20,17493,178,16628,169,865,9,18523,163,188601,791,207124,954,7,135,-17,1795,188,15563,5,600,147,"Knox County",470313,309.155817508765,0.168920550591645,202.843638172876,37.8471358435765,381.660723815842,16.8920550591645
2020-11-19,17315,166,16459,148,856,18,18360,128,187810,663,206170,791,2,128,-28,1812,192,15375,4,595,143,"Knox County",470313,271.308681665189,0.150770512286547,168.185867709377,35.2956435395152,385.275337913262,15.0770512286547
2020-11-18,17149,168,16311,162,838,6,18232,179,187147,875,205379,1054,0,126,-9,1840,177,15183,7,591,138,"Knox County",470313,260.464839372928,0.146241516199257,224.106074040054,35.7208922568587,391.228819956072,14.6241516199257
2020-11-17,16981,248,16149,240,832,8,18053,260,186272,1033,204325,1293,9,126,86,1849,153,15006,6,584,137,"Knox County",470313,280.664153446747,0.154697461806809,274.923295762609,52.730840950601,393.142439184118,15.4697461806809
2020-11-16,16733,272,15909,261,824,11,17793,286,185239,1409,203032,1695,2,117,79,1763,191,14853,6,578,136,"Knox County",470313,302.989711107284,0.154686843211433,360.398287948664,57.8338255587237,374.856744338345,15.4686843211433
2020-11-15,16461,274,15648,247,813,27,17507,295,183830,2278,201337,2573,2,115,162,1684,110,14662,3,572,134,"Knox County",470313,314.47142647556,0.150553726429213,547.082474862485,58.2590742760672,358.059420003274,15.0553726429213
2020-11-14,16187,306,15401,293,786,13,17212,321,181552,1699,198764,2020,0,113,188,1522,118,14552,7,569,130,"Knox County",470313,342.750466178906,0.157225433526012,429.501204516992,65.0630537535641,323.614273898446,15.7225433526012
2020-11-13,15881,219,15108,200,773,19,16891,190,179853,965,196744,1155,4,113,73,1334,142,14434,6,562,127,"Knox County",470313,351.468064884449,0.156790473490218,245.581134265904,46.5647345491194,283.640894468152,15.6790473490218
2020-11-12,15662,143,14908,130,754,13,16701,136,178888,955,195589,1091,1,109,-3,1261,145,14292,3,556,126,"Knox County",470313,346.577704634998,0.153202830622185,231.97317531091,30.4052832900643,268.119316285112,15.3202830622185
2020-11-11,15519,191,14778,177,741,14,16565,191,177933,1229,194498,1420,3,108,23,1264,165,14147,7,553,124,"Knox County",470313,351.468064884449,0.149284253578732,301.926589313925,40.6112525063096,268.757189361128,14.9284253578732
2020-11-10,15328,168,14601,163,727,5,16374,186,176704,1131,193078,1317,2,105,24,1241,142,13982,4,546,123,"Knox County",470313,334.458116190707,0.142400851743412,280.026280370732,35.7208922568587,263.866829111677,14.2400851743412
2020-11-09,15160,135,14438,121,722,14,16188,131,175573,490,191761,621,1,103,-16,1217,150,13840,2,542,121,"Knox County",470313,305.328579052673,0.142198685888006,132.039726735174,28.7042884206901,258.763844503554,14.2198685888006
2020-11-08,15025,215,14317,203,708,12,16057,252,175083,2625,191140,2877,1,102,94,1233,120,13690,3,540,119,"Knox County",470313,292.783741891039,0.133987239310542,611.720279898706,45.7142371144323,262.165834242302,13.3987239310542
2020-11-07,14810,169,14114,161,696,8,15805,187,172458,1918,188263,2105,1,101,59,1139,109,13570,5,537,114,"Knox County",470313,263.654204753005,0.120253164556962,447.574275004093,35.9335166155305,242.179144527155,12.0253164556962
2020-11-06,14641,155,13953,138,688,17,15618,160,170540,1236,186158,1396,0,100,24,1080,131,13461,5,532,114,"Knox County",470313,250.046245798011,0.114805578645978,296.823604705802,32.9567755941256,229.63430736552,11.4805578645978
2020-11-05,14486,158,13815,142,671,16,15458,151,169304,613,184762,764,1,100,33,1056,124,13330,6,527,111,"Knox County",470313,253.235611178088,0.119809523809524,162.445010025239,33.5946486701409,224.531322757398,11.9809523809524
2020-11-04,14328,145,13673,132,655,13,15307,148,168691,934,183998,1082,-1,99,20,1023,126,13206,5,521,110,"Knox County",470313,243.454890679186,0.119563078134226,230.059556082864,30.8305320074078,217.514718921229,11.9563078134226
2020-11-03,14183,196,13541,183,642,13,15159,195,167757,836,182916,1031,3,100,44,1003,149,13080,5,516,108,"Knox County",470313,249.408372721996,0.123936816524909,219.215713790603,41.6743742996685,213.262231747793,12.3936816524909
2020-11-02,13987,116,13358,110,629,6,14964,115,166921,807,181885,922,1,97,-36,959,151,12931,2,511,107,"Knox County",470313,245.368509907232,0.118699027218237,196.039658695379,24.6644256059263,203.906759966235,11.8699027218237
2020-11-01,13871,124,13248,116,623,8,14849,131,166114,1273,180963,1404,0,96,14,995,110,12780,3,509,105,"Knox County",470313,226.0196932681,0.124885110294118,298.524599575177,26.3654204753005,211.561236878419,12.4885110294118
2020-10-31,13747,5,13132,5,615,0,14718,7,164841,4,179559,11,0,96,-99,981,104,12670,0,506,103,"Knox County",470313,191.149298445929,0.137216338880484,2.33886794538956,1.06312179335889,208.584495857014,13.7216338880484
2020-10-30,13742,156,13127,146,615,10,14711,148,164837,853,179548,1001,1,96,27,1080,128,12566,4,506,102,"Knox County",470313,191.3619228046,0.144006436041834,212.83698303045,33.1693999527974,229.63430736552,14.4006436041834
2020-10-29,13586,152,12981,138,605,14,14563,136,163984,1569,178547,1705,0,95,49,1053,103,12438,4,502,102,"Knox County",470313,190.08617665257,0.122973728339855,362.524531535382,32.3189025181103,223.893449681382,12.2973728339855
2020-10-28,13434,103,12843,96,591,7,14427,102,162415,1055,176842,1157,3,95,-47,1004,147,12335,8,498,101,"Knox County",470313,181.155953588355,0.115336744571982,246.006382983247,21.9003089431931,213.474856106465,11.5336744571982
2020-10-27,13331,119,12747,113,584,6,14325,127,161360,799,175685,926,1,92,-6,1051,124,12188,3,490,100,"Knox County",470313,164.783877970628,0.107493685096829,196.890156130067,25.3022986819416,223.468200964039,10.7493685096829
2020-10-26,13212,81,12634,74,578,7,14198,73,160561,372,174759,445,2,91,-72,1057,151,12064,1,487,98,"Knox County",470313,157.342025417116,0.108888554669875,94.6178396089413,17.222573052414,224.74394711607,10.8888554669875
2020-10-25,13131,132,12560,121,571,11,14125,151,160189,1365,174314,1516,0,89,53,1129,79,11913,3,486,98,"Knox County",470313,159.04302028649,0.110042893063156,322.338527746416,28.0664153446747,240.052900940438,11.0042893063156
2020-10-24,12999,172,12439,167,560,5,13974,202,158824,1789,172798,1991,0,89,56,1076,116,11834,5,483,97,"Knox County",470313,194.551288184677,0.107424779773481,423.33509811551,36.5713896915458,228.783809930833,10.7424779773481
2020-10-23,12827,159,12272,148,555,11,13772,172,157035,1239,170807,1411,1,89,39,1020,119,11718,5,478,96,"Knox County",470313,195.189161260692,0.105234400611955,300.012970085879,33.8072730288127,216.876845845214,10.5234400611955
2020-10-22,12668,182,12124,168,544,14,13600,169,155796,1607,169396,1776,1,88,59,981,122,11599,5,473,96,"Knox County",470313,201.567892020846,0.108002602472349,377.620861001078,38.6976332782636,208.584495857014,10.8002602472349
2020-10-21,12486,72,11956,68,530,4,13431,74,154189,682,167620,756,0,87,-32,922,104,11477,1,468,96,"Knox County",470313,194.976536902021,0.109738124929146,160.744015155864,15.308953824368,196.039658695379,10.9738124929146
2020-10-20,12414,127,11888,121,526,6,13357,150,153507,739,166864,889,0,87,13,954,114,11373,7,467,95,"Knox County",470313,196.677531771395,0.112818761384335,189.023054859211,27.0032935513158,202.843638172876,11.2818761384335
2020-10-19,12287,112,11767,107,520,5,13207,117,152768,939,165975,1056,1,87,-9,941,120,11259,6,460,94,"Knox County",470313,203.26888689022,0.110164981373071,224.531322757398,23.8139281712392,200.079521510143,11.0164981373071
2020-10-18,12175,140,11660,135,515,5,13090,168,151829,1431,164919,1599,0,86,51,950,89,11139,7,454,94,"Knox County",470313,204.969881759594,0.11099388056552,339.986349516173,29.7674102140489,201.993140738189,11.099388056552
2020-10-17,12035,128,11525,125,510,3,12922,154,150398,1458,163320,1612,1,86,42,899,85,11050,3,447,93,"Knox County",470313,195.614409978036,0.110341795801736,342.750466178906,27.2159179099876,191.149298445929,11.0341795801736
2020-10-16,11907,72,11400,71,507,1,12768,61,148940,390,161708,451,1,85,-26,857,97,10965,3,444,92,"Knox County",470313,177.116090773591,0.109718638653397,95.893585760972,15.308953824368,182.219075381714,10.9718638653397
2020-10-15,11835,74,11329,62,506,12,12707,66,148550,941,161257,1007,1,84,-56,883,129,10868,3,441,90,"Knox County",470313,154.152660037039,0.10719131614654,214.112729182481,15.7342025417116,187.74730870718,10.719131614654
2020-10-14,11761,149,11267,143,494,6,12641,150,147609,1086,160250,1236,0,83,58,939,91,10739,5,438,88,"Knox County",470313,170.524735654766,0.11031847133758,262.803707318318,31.6810294420949,199.6542727928,11.031847133758
2020-10-13,11612,71,11124,68,488,3,12491,63,146523,581,159014,644,1,83,-36,881,106,10648,6,433,88,"Knox County",470313,158.617771569146,0.102432610124918,136.930086984625,15.0963294656962,187.322059989837,10.2432610124918
2020-10-12,11541,79,11056,66,485,13,12428,87,145942,806,158370,893,0,82,-42,917,121,10542,5,427,87,"Knox County",470313,151.601167732978,0.100644987906477,189.873552293898,16.7973243350705,194.976536902021,10.0644987906477
2020-10-11,11462,170,10990,163,472,7,12341,179,145136,1612,157477,1791,0,82,94,959,76,10421,8,422,85,"Knox County",470313,157.979898493131,0.0995546240503013,380.810226381155,36.1461409742023,203.906759966235,9.95546240503013
2020-10-10,11292,130,10827,122,465,8,12162,132,143524,1393,155686,1525,0,82,46,865,84,10345,3,414,85,"Knox County",470313,158.405147210475,0.0977872002120048,324.252146974462,27.6411666273312,183.920070251088,9.77872002120048
2020-10-09,11162,120,10705,118,457,2,12030,134,142131,1336,154161,1470,0,82,34,819,86,10261,3,411,85,"Knox County",470313,168.61111642672,0.0946766285314032,312.557807247514,25.5149230406134,174.139349752186,9.46766285314032
2020-10-08,11042,110,10587,102,455,8,11896,103,140795,943,152691,1046,1,82,32,785,77,10175,4,408,85,"Knox County",470313,176.265593338904,0.0985473561882626,222.40507917068,23.3886794538956,166.910121557346,9.85473561882626
2020-10-07,10932,104,10485,88,447,16,11793,95,139852,1650,151645,1745,0,81,11,753,93,10098,5,404,85,"Knox County",470313,166.697497198674,0.087008997147246,371.029505882253,22.1129333018649,160.106142079849,8.7008997147246
2020-10-06,10828,115,10397,102,431,13,11698,114,138202,1393,149900,1507,0,81,3,742,112,10005,4,399,84,"Knox County",470313,176.052968980232,0.0845945675052621,320.42490851837,24.4518012472545,157.767274134459,8.45945675052621
2020-10-05,10713,118,10295,109,418,9,11584,123,136809,1238,148393,1361,0,81,11,739,107,9893,5,395,84,"Knox County",470313,184.345318968432,0.0842508377213978,289.38175215229,25.0896743232698,157.129401058444,8.42508377213978
2020-10-04,10595,96,10186,89,409,7,11461,99,135571,1827,147032,1926,1,81,31,728,64,9786,2,390,82,"Knox County",470313,168.61111642672,0.0756143667296786,409.514514801845,20.4119384324907,154.790533113054,7.56143667296786
2020-10-03,10499,77,10097,76,402,1,11362,92,133744,1864,145106,1956,0,80,6,697,71,9722,2,388,82,"Knox County",470313,157.342025417116,0.0690218872037054,415.893245561998,16.3720756177269,148.199177994229,6.90218872037054
2020-10-02,10422,82,10021,79,401,3,11270,82,131880,602,143150,684,0,80,-17,691,99,9651,1,386,82,"Knox County",470313,149.262299787588,0.0692420537897311,145.435061331496,17.4351974110858,146.923431842199,6.92420537897311
2020-10-01,10340,71,9942,68,398,3,11188,73,131278,683,142466,756,0,80,2,708,69,9552,1,385,82,"Knox County",470313,140.969949799389,0.0682435832913941,160.744015155864,15.0963294656962,150.538045939619,6.82435832913941
2020-09-30,10269,75,9874,72,395,3,11115,70,130595,675,141710,745,1,80,-32,706,106,9483,2,384,82,"Knox County",470313,134.803843397907,0.0730833799664242,158.405147210475,15.9468269003834,150.112797222275,7.30833799664242
2020-09-29,10194,80,9802,75,392,5,11045,87,129920,1140,140965,1227,-1,79,-16,738,97,9377,2,382,82,"Knox County",470313,127.361990844395,0.0723281340265742,260.890088090272,17.0099486937423,156.916776699772,7.23281340265742
2020-09-28,10114,57,9727,51,387,6,10958,49,128780,431,139738,480,1,80,-70,754,126,9280,3,380,81,"Knox County",470313,114.391904965417,0.0710059171597633,102.059692162454,12.1195884442914,160.318766438521,7.10059171597633
2020-09-27,10057,72,9676,67,381,5,10909,79,128349,978,139258,1057,0,79,-18,824,90,9154,3,377,79,"Knox County",470313,109.288920357294,0.0770456191165822,224.74394711607,15.308953824368,175.202471545545,7.70456191165822
2020-09-26,9985,126,9609,121,376,5,10830,136,127371,2087,138201,2223,4,79,8,842,114,9064,5,374,79,"Knox County",470313,119.707513932211,0.0803123257110987,472.663949327363,26.790669192644,179.029710001637,8.03123257110987
2020-09-25,9859,102,9488,100,371,2,10694,103,125284,1439,135978,1542,0,75,-3,834,105,8950,1,369,79,"Knox County",470313,123.960001105647,0.074346201743462,327.866761071882,21.6876845845214,177.328715132263,7.4346201743462
2020-09-24,9757,92,9388,89,369,3,10591,105,123845,1717,134436,1822,0,75,-52,837,144,8845,3,368,76,"Knox County",470313,128.425112637754,0.0691512752858399,387.40158149998,19.5614409978036,177.966588208278,6.91512752858399
2020-09-23,9665,53,9299,52,366,1,10486,49,122128,432,132614,481,2,75,-123,889,174,8701,2,365,76,"Knox County",470313,123.747376746975,0.0688405797101449,102.272316521125,11.2690910096042,189.023054859211,6.88405797101449
2020-09-22,9612,82,9247,75,365,7,10437,88,121696,1140,132133,1228,1,73,-53,1012,134,8527,3,363,76,"Knox County",470313,124.172625464318,0.0689459979621873,261.102712448944,17.4351974110858,215.175850975839,6.89459979621873
2020-09-21,9530,34,9172,30,358,4,10349,32,120556,379,130905,411,0,72,-103,1065,137,8393,2,360,76,"Knox County",470313,119.282265214868,0.0675490643541762,87.3886114141008,7.22922819484046,226.444941985444,6.75490643541762
2020-09-20,9496,97,9142,78,354,19,10317,88,120177,707,130494,795,0,72,-17,1168,114,8256,1,358,76,"Knox County",470313,124.597874181662,0.0706892495883322,169.036365144064,20.6245627911625,248.345250928637,7.06892495883322
2020-09-19,9399,132,9064,129,335,3,10229,136,119470,1466,129699,1602,1,72,31,1185,100,8142,5,357,74,"Knox County",470313,125.873620333693,0.0762593579494988,340.624222592189,28.0664153446747,251.959865026057,7.62593579494988
2020-09-18,9267,118,8935,114,332,4,10093,129,118004,1606,128097,1735,3,71,-16,1154,131,8042,3,352,74,"Knox County",470313,129.275610072441,0.0776566757493188,368.903262295535,25.0896743232698,245.368509907232,7.76566757493188
2020-09-17,9149,126,8821,119,328,7,9964,124,116398,1516,126362,1640,0,68,-15,1170,141,7911,6,349,74,"Knox County",470313,136.504838267282,0.0818550430816016,348.703948221716,26.790669192644,248.77049964598,8.18550430816016
2020-09-16,9023,99,8702,77,321,22,9840,117,114882,768,124722,885,1,68,-90,1185,188,7770,3,343,72,"Knox County",470313,146.285558766183,0.0860655737704918,188.172557424524,21.049811508506,251.959865026057,8.60655737704918
2020-09-15,8924,132,8625,126,299,6,9723,136,114114,1338,123837,1474,0,67,-65,1275,197,7582,3,340,71,"Knox County",470313,156.916776699772,0.089206274877078,313.408304682201,28.0664153446747,271.096057306517,8.9206274877078
2020-09-14,8792,127,8499,124,293,3,9587,136,112776,902,122363,1038,0,67,-68,1340,195,7385,5,337,71,"Knox County",470313,176.690842056248,0.0944486857890719,220.704084301306,27.0032935513158,284.916640620183,9.44486857890719
2020-09-13,8665,143,8375,136,290,7,9451,148,111874,1008,121325,1156,0,67,-8,1408,151,7190,0,332,71,"Knox County",470313,186.471562555149,0.0971668415529906,245.793758624576,30.4052832900643,299.375097009864,9.71668415529906
2020-09-12,8522,130,8239,123,283,7,9303,141,110866,1177,120169,1318,1,67,29,1416,100,7039,1,332,71,"Knox County",470313,186.046313837806,0.100692191217824,280.238904729404,27.6411666273312,301.076091879238,10.0692191217824
2020-09-11,8392,104,8116,95,276,9,9162,106,109689,773,118851,879,0,66,-17,1387,121,6939,5,331,69,"Knox County",470313,183.069572816401,0.108224076281287,186.896811272493,22.1129333018649,294.909985477756,10.8224076281287
2020-09-10,8288,192,8021,189,267,3,9056,192,108916,1501,117972,1693,0,66,89,1404,103,6818,5,326,67,"Knox County",470313,197.102780488738,0.115598720833827,359.97303923132,40.8238768649814,298.524599575177,11.5598720833827
2020-09-09,8096,91,7832,82,264,9,8864,93,107415,1710,116279,1803,0,66,-23,1315,114,6715,2,321,67,"Knox County",470313,195.401785619364,0.101698536481145,383.361718685216,19.3488166391318,279.601031653388,10.1698536481145
2020-09-08,8005,126,7750,124,255,2,8771,133,105705,702,114476,835,1,66,30,1338,95,6601,8,319,67,"Knox County",470313,194.126039467333,0.108805319880761,177.541339490935,26.790669192644,284.491391902839,10.8805319880761
2020-09-07,7879,95,7626,92,253,3,8638,98,105003,347,113641,445,1,65,11,1308,83,6506,0,311,67,"Knox County",470313,187.322059989837,0.112067905031369,94.6178396089413,20.1993140738189,278.112661142686,11.2067905031369
2020-09-06,7784,96,7534,92,250,4,8540,94,104656,476,113196,570,0,64,23,1297,73,6423,1,311,67,"Knox County",470313,177.328715132263,0.113615272438022,121.195884442914,20.4119384324907,275.773793197296,11.3615272438022
2020-09-05,7688,284,7442,282,246,2,8446,295,104180,1506,112626,1801,0,64,215,1274,69,6350,4,310,64,"Knox County",470313,210.072866367717,0.125965611761774,382.936469967872,60.385317862785,270.883432947845,12.5965611761774
2020-09-04,7404,93,7160,89,244,4,8151,97,102674,565,110825,662,1,64,16,1059,76,6281,0,306,64,"Knox County",470313,207.733998422327,0.12831348444103,140.757325440717,19.7740653564754,225.169195833413,12.831348444103
2020-09-03,7311,190,7071,184,240,6,8054,198,102109,1798,110163,1996,2,63,107,1043,81,6205,6,306,64,"Knox County",470313,207.308749704984,0.124260355029586,424.398219908869,40.3986281476379,221.767206094665,12.4260355029586
2020-09-02,7121,124,6887,120,234,4,7856,121,100311,1461,108167,1582,2,61,40,936,82,6124,5,300,63,"Knox County",470313,214.325353541152,0.131288810036751,336.371735418753,26.3654204753005,199.016399716784,13.1288810036751
2020-09-01,6997,153,6767,146,230,7,7735,158,98850,660,106585,818,2,59,64,896,87,6042,4,295,62,"Knox County",470313,220.06621122529,0.134747269494539,173.926725393515,32.5315268767821,190.511425369913,13.4747269494539
2020-08-31,6844,99,6621,93,223,6,7577,94,98190,431,105767,525,0,57,18,832,81,5955,3,291,59,"Knox County",470313,220.916708659978,0.132889112396279,111.627788302684,21.049811508506,176.903466414919,13.2889112396279
2020-08-30,6745,72,6528,71,217,1,7483,76,97759,423,105242,499,1,57,5,814,66,5874,1,288,59,"Knox County",470313,215.813724051855,0.131802613218318,106.099554977217,15.308953824368,173.076227958827,13.1802613218318
2020-08-29,6673,118,6457,113,216,5,7407,125,97336,1391,104743,1516,5,56,37,809,76,5808,3,287,57,"Knox County",470313,180.51808051234,0.114372203211371,322.338527746416,25.0896743232698,172.013106165469,11.4372203211371
2020-08-28,6555,89,6344,85,211,4,7282,91,95945,309,103227,400,0,51,-7,772,96,5732,3,284,57,"Knox County",470313,179.667583077653,0.117639040348964,85.0497434687113,18.9235679217883,164.146004894613,11.7639040348964
2020-08-27,6466,116,6259,112,207,4,7191,134,95636,1987,102827,2121,0,51,24,779,92,5636,2,281,57,"Knox County",470313,163.933380535941,0.107090202385739,450.976264742841,24.6644256059263,165.634375405315,10.7090202385739
2020-08-26,6350,77,6147,76,203,1,7057,86,93649,794,100706,880,0,51,-15,755,92,5544,3,279,56,"Knox County",470313,153.940035678367,0.113034472555112,187.109435631165,16.3720756177269,160.531390797193,11.3034472555112
2020-08-25,6273,87,6071,82,202,5,6971,96,92855,896,99826,992,2,51,-6,770,91,5452,3,276,55,"Knox County",470313,139.90682800603,0.101254868022501,210.923363802404,18.4983192044447,163.720756177269,10.1254868022501
2020-08-24,6186,32,5989,28,197,4,6875,29,91959,261,98834,290,0,49,-66,776,98,5361,1,273,55,"Knox County",470313,125.660995975021,0.0951030158256196,61.6610640148157,6.8039794774969,164.9965023293,9.51030158256196
2020-08-23,6154,76,5961,75,193,1,6846,74,91698,566,98544,640,0,49,13,842,63,5263,3,272,55,"Knox County",470313,126.511493409708,0.0928498318467612,136.079589549938,16.1594512590551,179.029710001637,9.28498318467612
2020-08-22,6078,137,5886,136,192,1,6772,154,91132,1892,97904,2046,0,49,70,829,67,5200,4,269,55,"Knox County",470313,130.551356224472,0.0901072058623965,435.029437842458,29.1295371380336,176.265593338904,9.01072058623965
2020-08-21,5941,30,5750,30,191,0,6618,41,89240,262,95858,303,1,49,-62,759,91,5133,1,265,55,"Knox County",470313,118.006519062837,0.0844334433443344,64.4251806775488,6.37873076015334,161.38188823188,8.44334433443344
2020-08-20,5911,119,5720,117,191,2,6577,130,88978,2068,95555,2198,3,48,24,821,92,5042,3,264,55,"Knox County",470313,118.644392138852,0.0830044904068581,467.348340360568,25.3022986819416,174.56459846953,8.30044904068581
2020-08-19,5792,46,5603,41,189,5,6447,48,86910,608,93357,656,2,45,-50,797,94,4950,4,261,55,"Knox County",470313,112.053037020027,0.080280701754386,139.481579288686,9.7807204989018,169.461613861407,8.0280701754386
2020-08-18,5746,134,5562,132,184,2,6399,152,86302,1164,92701,1316,0,43,3,847,131,4856,4,257,55,"Knox County",470313,122.046381877601,0.0843066183380319,279.81365601206,28.4916640620183,180.092831794996,8.43066183380319
2020-08-17,5612,50,5430,42,182,8,6247,50,85138,289,91385,339,1,43,-70,844,119,4725,0,253,54,"Knox County",470313,125.873620333693,0.0865564150440117,72.0796575897328,10.6312179335889,179.454958718981,8.65564150440117
2020-08-16,5562,83,5388,78,174,5,6197,82,84849,587,91046,669,0,42,11,914,72,4606,1,253,53,"Knox County",470313,127.361990844395,0.0872857712235951,142.24569595142,17.6478217697576,194.338663826005,8.72857712235951
2020-08-15,5479,119,5310,116,169,3,6115,132,84262,1223,90377,1355,1,42,42,903,76,4534,2,252,52,"Knox County",470313,123.534752388303,0.0928905792861322,288.106006000259,25.3022986819416,191.999795880616,9.28905792861323
2020-08-14,5360,91,5194,83,166,8,5983,96,83039,1024,89022,1120,0,41,5,861,86,4458,2,250,52,"Knox County",470313,136.504838267282,0.0901607212857703,238.139281712392,19.3488166391318,183.069572816401,9.01607212857703
2020-08-13,5269,127,5111,126,158,1,5887,229,82015,1778,87902,2007,1,41,13,856,113,4372,4,248,51,"Knox County",470313,138.205833136656,0.105735727686947,426.737087854259,27.0032935513158,182.006451023042,10.5735727686947
2020-08-12,5142,79,4985,72,157,7,5658,88,80237,892,85895,980,0,40,-40,843,119,4259,1,244,50,"Knox County",470313,145.222436972824,0.106473156948369,208.371871498343,16.7973243350705,179.242334360309,10.6473156948369
2020-08-11,5063,111,4913,108,150,3,5570,117,79345,1121,84915,1238,0,40,2,883,109,4140,5,243,50,"Knox County",470313,140.332076723374,0.103009859885833,263.228956035661,23.6013038125674,187.74730870718,10.3009859885833
2020-08-10,4952,37,4805,35,147,2,5453,35,78224,365,83677,400,1,40,-94,881,130,4031,0,238,48,"Knox County",470313,137.56796006064,0.100270305058566,85.0497434687113,7.86710127085579,187.322059989837,10.0270305058566
2020-08-09,4915,85,4770,81,145,4,5418,109,77859,826,83277,935,1,39,25,975,59,3901,4,238,48,"Knox County",470313,137.993208777984,0.10031113876789,198.803775358113,18.0730704871011,207.308749704984,10.031113876789
2020-08-08,4830,157,4689,156,141,1,5309,176,77033,2284,82342,2460,1,38,96,950,60,3842,4,234,47,"Knox County",470313,146.072934407512,0.0929978118161926,523.055922332574,33.3820243114692,201.993140738189,9.29978118161926
2020-08-07,4673,50,4533,46,140,4,5133,44,74749,403,79882,447,0,37,-35,854,85,3782,0,230,45,"Knox County",470313,137.355335701969,0.0942482579426007,95.0430883262848,10.6312179335889,181.581202305699,9.42482579426007
2020-08-06,4623,113,4487,105,136,8,5089,121,74346,1463,79435,1584,-1,37,41,889,73,3697,5,230,43,"Knox County",470313,134.378594680564,0.0857782197911487,336.796984136097,24.0265525299109,189.023054859211,8.57782197911487
2020-08-05,4510,99,4382,99,128,0,4968,100,72883,1107,77851,1207,1,38,-1,848,99,3624,3,225,42,"Knox County",470313,138.631081853999,0.0848748639825898,256.637600916836,21.049811508506,180.305456153668,8.48748639825898
2020-08-04,4411,112,4283,111,128,1,4868,106,71776,1082,76644,1188,1,37,-31,849,142,3525,9,222,41,"Knox County",470313,138.843706212671,0.0840530349105948,252.597738102072,23.8139281712392,180.51808051234,8.40530349105948
2020-08-03,4299,50,4172,50,127,0,4762,81,70694,593,75456,674,2,36,-59,880,107,3383,1,213,41,"Knox County",470313,141.607822875404,0.0867569158328429,143.308817744778,10.6312179335889,187.109435631165,8.67569158328429
2020-08-02,4249,97,4122,91,127,6,4681,95,70101,692,74782,787,3,34,28,939,66,3276,2,212,40,"Knox County",470313,144.159315179466,0.0866179465676291,167.335370274689,20.6245627911625,199.6542727928,8.66179465676291
2020-08-01,4152,118,4031,110,121,8,4586,118,69409,1417,73995,1535,1,31,29,911,88,3210,1,210,40,"Knox County",470313,135.866965191266,0.0895984909727836,326.37839056118,25.0896743232698,193.70079074999,8.95984909727836
2020-07-31,4034,117,3921,114,113,3,4468,116,67992,1060,72460,1176,2,30,9,882,106,3122,1,209,39,"Knox County",470313,150.112797222275,0.0904183535762483,250.046245798011,24.877049964598,187.534684348508,9.04183535762483
2020-07-30,3917,189,3807,186,110,3,4352,227,66932,2420,71284,2647,1,28,78,873,110,3016,7,208,36,"Knox County",470313,166.272248481331,0.0914912090297374,562.816677404197,40.1860037889661,185.621065120462,9.14912090297373
2020-07-29,3728,75,3621,70,107,5,4125,60,64512,438,68637,498,0,27,-40,795,115,2906,3,201,34,"Knox County",470313,161.169263873208,0.0944150499706055,105.886930618546,15.9468269003834,169.036365144064,9.44150499706055
2020-07-28,3653,154,3551,152,102,2,4065,187,64074,1211,68139,1398,1,27,46,835,107,2791,3,198,30,"Knox County",470313,170.099486937423,0.101434308663224,297.248853423146,32.7441512354538,177.541339490935,10.1434308663224
2020-07-27,3499,83,3399,76,100,7,3878,85,62863,677,66741,762,3,26,-36,789,116,2684,2,195,30,"Knox County",470313,177.116090773591,0.100874701806202,162.019761307895,17.6478217697576,167.760618992033,10.0874701806202
2020-07-26,3416,118,3323,113,93,5,3793,132,62186,1473,65979,1605,0,23,49,825,69,2568,2,193,29,"Knox County",470313,181.581202305699,0.0961438519904376,341.262095668204,25.0896743232698,175.415095904217,9.61438519904376
2020-07-25,3298,175,3210,171,88,4,3661,197,60713,1949,64374,2146,2,23,95,776,78,2499,3,191,28,"Knox County",470313,193.70079074999,0.098123534010946,456.291873709636,37.2092627675612,164.9965023293,9.8123534010946
2020-07-24,3123,106,3039,99,84,7,3464,113,58764,916,62228,1029,0,21,-15,681,121,2421,4,188,25,"Knox County",470313,191.3619228046,0.0992563212692117,218.79046507326,22.5381820192085,144.797188255481,9.92563212692117
2020-07-23,3017,205,2940,197,77,8,3351,254,57848,2389,61199,2643,0,21,89,696,116,2300,4,184,25,"Knox County",470313,194.763912543349,0.10197401051483,561.96617996951,43.5879935277145,147.986553635558,10.197401051483
2020-07-22,2812,69,2743,61,69,8,3097,63,55459,437,58556,500,3,21,-68,607,134,2184,3,180,24,"Knox County",470313,193.488166391318,0.102251314093028,106.312179335889,14.6710807483527,129.062985713769,10.2251314093028
2020-07-21,2743,232,2682,228,61,4,3034,280,55022,1691,58056,1971,0,18,120,675,112,2050,12,177,24,"Knox County",470313,210.072866367717,0.10548048048048,419.082610942075,49.3288512118525,143.52144210345,10.548048048048
2020-07-20,2511,74,2454,70,57,4,2754,57,53331,364,56085,421,0,18,-59,555,133,1938,4,165,23,"Knox County",470313,208.159247139671,0.106253029568589,89.5148550008186,15.7342025417116,118.006519062837,10.6253029568589
2020-07-19,2437,84,2384,74,53,10,2697,74,52967,577,55664,651,0,18,-16,614,100,1805,0,161,22,"Knox County",470313,200.93001894483,0.110885589146459,138.418457495328,17.8604461284294,130.551356224472,11.0885589146459
2020-07-18,2353,112,2310,109,43,3,2623,146,52390,2258,55013,2404,1,18,36,630,75,1705,8,161,20,"Knox County",470313,187.534684348508,0.102609418858509,511.148958246955,23.8139281712392,133.95334596322,10.2609418858509
2020-07-17,2241,74,2201,73,40,1,2477,80,50132,347,52609,427,0,17,3,594,71,1630,6,153,19,"Knox County",470313,180.730704871011,0.105800155262282,90.7906011528493,15.7342025417116,126.298869051036,10.5800155262282
2020-07-16,2167,187,2128,185,39,2,2397,228,49785,2035,52182,2263,2,17,97,591,88,1559,3,147,17,"Knox County",470313,176.903466414919,0.107444714599977,481.168923674234,39.7607550716225,125.660995975021,10.7444714599977
2020-07-15,1980,78,1943,78,37,0,2169,80,47750,511,49919,591,3,15,-14,494,89,1471,4,144,17,"Knox County",470313,178.817085642965,0.10827222731439,125.660995975021,16.5846999763987,105.036433183858,10.827222731439
2020-07-14,1902,95,1865,94,37,1,2089,127,47239,777,49328,904,2,12,12,508,81,1382,1,140,16,"Knox County",470313,149.687548504932,0.103380759691946,192.212420239287,20.1993140738189,108.013174205263,10.3380759691946
2020-07-13,1807,94,1771,92,36,2,1962,59,46462,655,48424,714,1,10,20,496,73,1301,2,139,15,"Knox County",470313,153.940035678367,0.099823987930601,151.81379209165,19.9866897151471,105.461681901202,9.9823987930601
2020-07-12,1713,69,1679,67,34,2,1903,87,45807,916,47710,1003,0,9,27,476,42,1228,4,137,12,"Knox County",470313,150.750670298291,0.097158680471948,213.262231747793,14.6710807483527,101.209194727766,9.7158680471948
2020-07-11,1644,28,1612,27,32,1,1816,36,44891,883,46707,919,0,9,-16,449,44,1186,2,133,11,"Knox County",470313,132.890224169861,0.10218443043542,195.401785619364,5.95348204280979,95.4683370436284,10.218443043542
2020-07-10,1616,78,1585,74,31,4,1780,68,44008,418,45788,486,0,9,29,465,49,1142,6,131,10,"Knox County",470313,133.740721604548,0.0995639534883721,103.335438314484,16.5846999763987,98.8703267823768,9.95639534883721
2020-07-09,1538,70,1511,66,27,4,1712,88,43590,1652,45302,1740,0,9,23,436,47,1093,8,125,10,"Knox County",470313,108.86367163995,0.0857322636463741,369.966384088894,14.8837051070245,92.7042203808953,8.57322636463741
2020-07-08,1468,70,1445,65,23,5,1624,63,41938,594,43562,657,1,9,15,413,54,1046,5,117,10,"Knox County",470313,107.162676770576,0.0822045773003269,139.694203647358,14.8837051070245,87.8138601314444,8.2204577300327
2020-07-07,1398,79,1380,79,18,0,1561,104,41344,1305,42905,1409,0,8,38,398,41,992,7,112,10,"Knox County",470313,103.760687031828,0.0728926096997691,299.587721368535,16.7973243350705,84.6244947513677,7.28926096997691
2020-07-06,1319,35,1301,35,18,0,1457,34,40039,658,41496,692,1,8,-19,360,53,951,6,105,9,"Knox County",470313,91.2158498701928,0.0695047784535187,147.13605620087,7.44185255351224,76.5447691218401,6.95047784535187
2020-07-05,1284,77,1266,77,18,0,1423,109,39381,1081,40804,1190,2,7,34,379,41,898,6,99,9,"Knox County",470313,92.9168447395671,0.0707740025377132,253.022986819416,16.3720756177269,80.5846319366039,7.07740025377132
2020-07-04,1207,41,1189,40,18,1,1314,50,38300,1141,39614,1191,0,5,4,345,37,857,1,93,8,"Knox County",470313,95.6809614023002,0.070061099796334,253.235611178088,8.7175987055429,73.3554037417635,7.0061099796334
2020-07-03,1166,62,1149,61,17,1,1264,49,37159,910,38423,959,0,5,27,341,35,820,4,92,6,"Knox County",470313,92.2789716635517,0.0634090329165603,203.906759966235,13.1827102376502,72.5049063070764,6.34090329165603
2020-07-02,1104,68,1088,68,16,0,1215,102,36249,1228,37464,1330,0,5,33,314,35,785,2,88,6,"Knox County",470313,91.8537229462082,0.0687937533656435,282.790397033465,14.4584563896809,66.7640486229383,6.87937533656435
2020-07-01,1036,49,1020,49,16,0,1113,34,35021,737,36134,771,0,5,25,281,24,750,4,86,6,"Knox County",470313,87.3886114141008,0.0639087775125961,163.933380535941,10.4185935749171,59.7474447867697,6.39087775125961
2020-06-30,987,40,971,39,16,1,1079,73,34284,1514,35363,1587,0,5,18,256,22,726,3,82,5,"Knox County",470313,79.0962614259015,0.058419689119171,337.434857212112,8.50497434687113,54.4318358199752,5.8419689119171
2020-06-29,947,51,932,51,15,0,1006,79,32770,1333,33776,1412,0,5,20,238,31,704,3,79,5,"Knox County",470313,82.4982511646499,0.0587677725118483,300.225594444551,10.8438422922607,50.6045973638832,5.87677725118483
2020-06-28,896,10,881,10,15,0,927,30,31437,684,32364,714,0,5,-5,218,15,673,1,76,5,"Knox County",470313,68.2524191336408,0.0523606228026118,151.81379209165,2.12624358671778,46.3521101904476,5.23606228026117
2020-06-27,886,29,871,29,15,0,897,16,30753,111,31650,127,0,5,18,223,11,658,3,75,5,"Knox County",470313,65.7009268295794,0.0555072463768116,27.0032935513158,6.16610640148157,47.4152319838065,5.55072463768116
2020-06-26,857,37,842,37,15,0,881,14,30642,319,31523,333,0,5,17,205,20,647,8,72,5,"Knox County",470313,60.385317862785,0.0554670066942939,70.8039114377021,7.86710127085579,43.5879935277145,5.54670066942939
2020-06-25,820,32,805,32,15,0,867,52,30323,702,31190,754,0,5,13,188,19,627,1,64,5,"Knox County",470313,52.730840950601,0.0522990522990523,160.318766438521,6.8039794774969,39.9733794302943,5.22990522990523
2020-06-24,788,35,773,34,15,1,815,32,29621,272,30436,304,0,5,22,175,13,608,1,63,5,"Knox County",470313,49.7540999291961,0.0565857388644619,64.6378050362206,7.44185255351224,37.2092627675612,5.65857388644619
2020-06-23,753,27,739,24,14,3,783,25,29349,216,30132,241,0,5,18,153,9,595,4,62,5,"Knox County",470313,46.989983266463,0.0638352638352638,51.2424704398985,5.74085768413801,32.5315268767821,6.38352638352638
2020-06-22,726,36,715,36,11,0,758,31,29133,572,29891,603,0,5,20,135,16,586,0,58,5,"Knox County",470313,43.8006178863863,0.0650195058517555,128.212488279082,7.65447691218401,28.7042884206901,6.50195058517555
2020-06-21,690,31,679,31,11,0,727,37,28561,815,29288,852,0,5,16,115,15,570,1,58,5,"Knox County",470313,48.2657294184936,0.0644057249533292,181.155953588355,6.59135511882512,24.4518012472545,6.44057249533292
2020-06-20,659,17,648,17,11,0,690,9,27746,437,28436,446,0,5,11,99,6,555,2,57,5,"Knox County",470313,45.7142371144323,0.0566091140673648,94.8304639676131,3.61461409742023,21.049811508506,5.66091140673648
2020-06-19,642,30,631,28,11,2,681,10,27309,334,27990,344,0,5,8,88,22,549,1,55,5,"Knox County",470313,44.2258666037299,0.0553047404063205,73.1427793830917,6.37873076015334,18.7109435631165,5.53047404063205
2020-06-18,612,15,603,15,9,0,671,18,26975,804,27646,822,0,5,2,80,13,527,0,54,5,"Knox County",470313,40.6112525063096,0.0448504983388704,174.777222828202,3.18936538007667,17.0099486937423,4.48504983388704
2020-06-17,597,17,588,17,9,0,653,13,26171,282,26824,295,0,5,-3,78,20,514,0,54,5,"Knox County",470313,36.7840140502176,0.0396891479322787,62.7241858081746,3.61461409742023,16.5846999763987,3.96891479322787
2020-06-16,580,9,571,8,9,1,640,9,25889,178,26529,187,0,5,-2,81,11,494,0,54,5,"Knox County",470313,32.9567755941256,0.0357847280924204,39.7607550716225,1.913619228046,17.222573052414,3.57847280924204
2020-06-15,571,8,563,8,8,0,631,9,25711,218,26342,227,0,5,-5,83,13,483,0,54,5,"Knox County",470313,27.0032935513158,0.0330917113142137,48.2657294184936,1.70099486937423,17.6478217697576,3.30917113142137
2020-06-14,563,8,555,8,8,0,622,9,25493,624,26115,633,0,5,4,88,4,470,0,54,5,"Knox County",470313,22.1129333018649,0.0260663507109005,134.591219039236,1.70099486937423,18.7109435631165,2.60663507109005
2020-06-13,555,10,547,8,8,2,613,9,24869,213,25482,222,0,5,0,84,10,466,3,54,5,"Knox County",470313,20.6245627911625,0.0282051282051282,47.2026076251348,2.12624358671778,17.8604461284294,2.82051282051282
2020-06-12,545,19,539,19,6,0,604,19,24656,750,25260,769,0,5,1,84,18,456,0,51,5,"Knox County",470313,18.2856948457729,0.0272583201267829,163.508131818597,4.03986281476378,17.8604461284294,2.72583201267829
2020-06-11,526,7,520,7,6,0,585,10,23906,379,24491,389,0,5,1,83,6,438,2,51,5,"Knox County",470313,16.5846999763987,0.0286554004408523,82.7108755233217,1.48837051070245,17.6478217697576,2.86554004408523
2020-06-10,519,12,513,12,6,0,575,12,23527,706,24102,718,0,5,-6,82,18,432,0,49,5,"Knox County",470313,15.5215781830398,0.024483306836248,152.664289526337,2.55149230406134,17.4351974110858,2.4483306836248
2020-06-09,507,16,501,16,6,0,563,19,22821,508,23384,527,0,5,5,88,11,414,1,49,5,"Knox County",470313,17.0099486937423,0.0249641319942611,112.053037020027,3.40198973874845,18.7109435631165,2.49641319942611
2020-06-08,491,8,485,8,6,0,544,8,22313,336,22857,344,0,5,4,83,4,403,1,48,5,"Knox County",470313,17.0099486937423,0.0238756246529706,73.1427793830917,1.70099486937423,17.6478217697576,2.38756246529706
2020-06-07,483,7,477,7,6,0,536,8,21977,850,22513,858,0,5,0,79,7,399,1,47,5,"Knox County",470313,16.7973243350705,0.0222106088319833,182.431699740386,1.48837051070245,16.7973243350705,2.22106088319833
2020-06-06,476,11,470,11,6,0,528,12,21127,478,21655,490,0,5,5,79,6,392,0,46,5,"Knox County",470313,17.0099486937423,0.0214896214896215,104.185935749171,2.33886794538956,16.7973243350705,2.14896214896215
2020-06-05,465,18,459,18,6,0,516,17,20649,518,21165,535,0,5,7,74,11,386,1,46,5,"Knox County",470313,16.7973243350705,0.0222740222740223,113.754031889401,3.82723845609201,15.7342025417116,2.22740222740223
2020-06-04,447,4,441,4,6,0,499,4,20131,338,20630,342,0,5,-1,67,5,375,0,45,5,"Knox County",470313,16.1594512590551,0.0209753539590981,72.7175306657481,0.850497434687113,14.2458320310091,2.09753539590981
2020-06-03,443,4,437,4,6,0,495,4,19793,399,20288,403,0,5,-3,68,7,370,0,45,5,"Knox County",470313,14.4584563896809,0.0205773078022292,85.6876165447266,0.850497434687113,14.4584563896809,2.05773078022292
2020-06-02,439,26,433,25,6,1,491,24,19394,939,19885,963,0,5,21,71,5,363,2,45,5,"Knox County",470313,16.5846999763987,0.0195679796696315,204.757257400922,5.52823332546623,15.0963294656962,1.95679796696315
2020-06-01,413,17,408,17,5,0,467,20,18455,972,18922,992,0,5,4,50,13,358,0,43,5,"Knox County",470313,18.4983192044447,0.019419594152302,210.923363802404,3.61461409742023,10.6312179335889,1.9419594152302
2020-05-31,396,7,391,7,5,0,447,7,17483,317,17930,324,0,5,3,46,4,345,0,43,5,"Knox County",470313,18.4983192044447,0.0217337614225735,68.8902922096561,1.48837051070245,9.7807204989018,2.17337614225735
2020-05-30,389,6,384,6,5,0,440,6,17166,294,17606,300,0,5,-1,43,7,341,2,43,5,"Knox County",470313,17.4351974110858,0.0212490282456595,63.7873076015334,1.27574615203067,9.14284742288646,2.12490282456595
2020-05-29,383,8,378,8,5,0,434,7,16872,205,17306,212,0,5,0,44,8,334,0,41,5,"Knox County",470313,15.308953824368,0.0203619909502262,45.076364038417,1.70099486937423,9.35547178155824,2.03619909502262
2020-05-28,375,11,370,11,5,0,427,11,16667,336,17094,347,0,5,7,44,4,326,0,41,5,"Knox County",470313,16.7973243350705,0.022310081897769,73.780652459107,2.33886794538956,9.35547178155824,2.2310081897769
2020-05-27,364,5,359,5,5,0,416,6,16331,420,16747,426,0,5,0,37,5,322,1,41,5,"Knox County",470313,17.0099486937423,0.0227272727272727,90.5779767941775,1.06312179335889,7.86710127085579,2.27272727272727
2020-05-26,359,9,354,9,5,0,410,10,15911,1142,16321,1152,0,5,7,37,2,317,0,40,5,"Knox County",470313,13.395334596322,0.0178523847588596,244.943261189888,1.913619228046,7.86710127085579,1.78523847588596
2020-05-25,350,9,345,9,5,0,400,11,14769,381,15169,392,0,5,5,30,4,315,1,40,5,"Knox County",470313,11.6943397269478,0.018395179194418,83.348748599337,1.913619228046,6.37873076015334,1.8395179194418
2020-05-24,341,2,336,2,5,0,389,3,14388,273,14777,276,0,5,1,25,1,311,0,39,5,"Knox County",470313,10.6312179335889,0.0173913043478261,58.6843229934108,0.425248717343556,5.31560896679445,1.73913043478261
2020-05-23,339,7,334,7,5,0,386,10,14115,360,14501,370,0,5,4,24,3,310,2,39,5,"Knox County",470313,10.8438422922607,0.0182677165354331,78.6710127085579,1.48837051070245,5.10298460812268,1.82677165354331
2020-05-22,332,1,327,1,5,0,376,1,13755,253,14131,254,0,5,-14,20,15,307,0,37,5,"Knox County",470313,9.35547178155824,0.0161641280696301,54.0065871026317,0.212624358671778,4.25248717343556,1.61641280696301
2020-05-21,331,0,326,0,5,0,375,0,13502,250,13877,250,0,5,-1,34,1,292,0,37,5,"Knox County",470313,7.01660383616868,0.0131410256410256,53.1560896679445,0,7.22922819484046,1.31410256410256
2020-05-20,331,7,326,7,5,0,375,7,13252,360,13627,367,0,5,4,35,3,291,0,37,5,"Knox County",470313,7.44185255351224,0.0137210062071219,78.0331396325426,1.48837051070245,7.44185255351224,1.37210062071219
2020-05-19,324,7,319,7,5,0,368,7,12892,369,13260,376,0,5,4,31,3,288,2,37,5,"Knox County",470313,7.01660383616868,0.0170678336980306,79.9467588605886,1.48837051070245,6.59135511882512,1.70678336980306
2020-05-18,317,3,312,3,5,0,361,4,12523,478,12884,482,0,5,0,27,3,285,0,35,5,"Knox County",470313,5.74085768413801,0.0134736842105263,102.484940879797,0.637873076015334,5.74085768413801,1.34736842105263
2020-05-17,314,3,309,3,5,0,357,5,12045,216,12402,221,0,5,1,27,2,282,1,35,5,"Knox County",470313,5.95348204280979,0.0146551724137931,46.989983266463,0.637873076015334,5.74085768413801,1.46551724137931
2020-05-16,311,0,306,0,5,0,352,0,11829,349,12181,349,0,5,-4,26,4,280,0,34,5,"Knox County",470313,4.46511153210734,0.0104393214441061,74.2059011764506,0,5.52823332546623,1.04393214441061
2020-05-15,311,1,306,1,5,0,352,4,11480,541,11832,545,0,5,-4,30,5,276,0,34,5,"Knox County",470313,4.46511153210734,0.0104247104247104,115.880275476119,0.212624358671778,6.37873076015334,1.04247104247104
2020-05-14,310,3,305,3,5,0,348,7,10939,458,11287,465,0,5,0,34,3,271,0,34,5,"Knox County",470313,5.10298460812268,0.0121212121212121,98.8703267823768,0.637873076015334,7.22922819484046,1.21212121212121
2020-05-13,307,7,302,7,5,0,341,5,10481,341,10822,346,0,5,1,34,6,268,0,34,5,"Knox County",470313,5.10298460812268,0.0114942528735632,73.5680281004352,1.48837051070245,7.22922819484046,1.14942528735632
2020-05-12,300,6,295,6,5,0,336,8,10140,401,10476,409,0,5,3,33,3,262,0,34,5,"Knox County",470313,4.8903602494509,0.0117145899893504,86.9633626967573,1.27574615203067,7.01660383616868,1.17145899893504
2020-05-11,294,16,289,16,5,0,328,12,9739,254,10067,266,0,5,9,30,7,259,1,34,5,"Knox County",470313,7.65447691218401,0.015763168012303,56.558079406693,3.40198973874845,6.37873076015334,1.5763168012303
2020-05-10,278,5,273,5,5,0,316,5,9485,221,9801,226,0,5,1,21,4,252,1,33,5,"Knox County",470313,8.07972562952757,0.0157329240214889,48.0531050598219,1.06312179335889,4.46511153210734,1.57329240214889
2020-05-09,273,2,268,2,5,0,311,4,9264,352,9575,356,0,5,-1,20,3,248,0,32,5,"Knox County",470313,8.50497434687113,0.0172215843857635,75.694271687153,0.425248717343556,4.25248717343556,1.72215843857635
2020-05-08,271,3,266,3,5,0,307,4,8912,265,9219,269,0,5,-2,21,5,245,0,32,5,"Knox County",470313,8.93022306421468,0.0192554557124519,57.1959524827083,0.637873076015334,4.46511153210734,1.92554557124519
2020-05-07,268,3,263,3,5,0,303,3,8647,220,8950,223,0,5,-2,23,5,240,0,32,5,"Knox County",470313,8.93022306421468,0.0195704057279236,47.4152319838065,0.637873076015334,4.8903602494509,1.95704057279236
2020-05-06,265,1,260,1,5,0,300,1,8427,185,8727,186,0,5,-7,25,8,235,0,32,5,"Knox County",470313,7.65447691218401,0.0191214470284238,39.5481307129507,0.212624358671778,5.31560896679445,1.91214470284238
2020-05-05,264,4,259,4,5,0,299,5,8242,305,8541,310,0,5,-1,32,5,227,0,32,5,"Knox County",470313,7.22922819484046,0.0185185185185185,65.9135511882512,0.850497434687113,6.8039794774969,1.85185185185185
2020-05-04,260,4,255,4,5,0,294,7,7937,259,8231,266,0,5,-3,33,7,222,0,32,5,"Knox County",470313,4.67773589077912,0.0157952069716776,56.558079406693,0.850497434687113,7.01660383616868,1.57952069716776
2020-05-03,256,7,251,5,5,2,287,6,7678,290,7965,296,0,5,6,36,1,215,2,32,5,"Knox County",470313,5.10298460812268,0.0157397691500525,62.9368101668463,1.48837051070245,7.65447691218401,1.57397691500525
2020-05-02,249,3,246,3,3,0,281,5,7388,308,7669,313,0,5,1,30,2,214,1,30,5,"Knox County",470313,5.31560896679445,0.0166398282340311,66.5514242642666,0.637873076015334,6.37873076015334,1.66398282340311
2020-05-01,246,9,243,8,3,1,276,7,7080,354,7356,361,0,5,4,29,5,212,0,29,5,"Knox County",470313,6.59135511882512,0.0173913043478261,76.7573934805119,1.913619228046,6.16610640148157,1.73913043478261
2020-04-30,237,4,235,4,2,0,269,3,6726,119,6995,122,0,5,-1,25,5,207,0,29,5,"Knox County",470313,6.8039794774969,0.0183387270765912,25.9401717579569,0.850497434687113,5.31560896679445,1.83387270765912
2020-04-29,233,8,231,8,2,0,266,10,6607,671,6873,681,0,5,5,26,3,202,0,29,5,"Knox County",470313,8.29234998819935,0.0183056619838229,144.797188255481,1.70099486937423,5.52823332546623,1.83056619838229
2020-04-28,225,8,223,8,2,0,256,10,5936,391,6192,401,1,5,4,21,3,199,0,29,5,"Knox County",470313,9.14284742288646,0.019672131147541,85.262367827383,1.70099486937423,4.46511153210734,1.9672131147541
2020-04-27,217,2,215,2,2,0,246,4,5545,161,5791,165,0,4,1,17,1,196,0,29,5,"Knox County",470313,8.7175987055429,0.0192389910218042,35.0830191808434,0.425248717343556,3.61461409742023,1.92389910218042
2020-04-26,215,1,213,1,2,0,242,1,5384,172,5626,173,0,4,-2,16,3,195,0,29,4,"Knox County",470313,7.44185255351224,0.0180505415162455,36.7840140502176,0.212624358671778,3.40198973874845,1.80505415162455
2020-04-25,214,0,212,0,2,0,241,0,5212,53,5453,53,0,4,-6,18,6,192,0,29,4,"Knox County",470313,6.8039794774969,0.0178936605316973,11.2690910096042,0,3.82723845609201,1.78936605316973
2020-04-24,214,8,212,8,2,0,241,10,5159,836,5400,846,0,4,5,24,3,186,1,29,4,"Knox County",470313,6.59135511882512,0.0155673904137649,179.880207436324,1.70099486937423,5.10298460812268,1.55673904137648
2020-04-23,206,1,204,1,2,0,231,2,4323,137,4554,139,0,4,0,19,1,183,0,28,4,"Knox County",470313,5.95348204280979,0.0150528885272579,29.5547858553772,0.212624358671778,4.03986281476378,1.50528885272579
2020-04-22,205,5,203,3,2,2,229,2,4186,189,4415,191,0,4,1,19,4,182,0,28,4,"Knox County",470313,5.31560896679445,0.0147357723577236,40.6112525063096,1.06312179335889,4.03986281476378,1.47357723577236
2020-04-21,200,4,200,4,0,0,227,5,3997,475,4224,480,0,4,-2,18,6,178,1,28,4,"Knox County",470313,4.46511153210734,0.0117244748412311,102.059692162454,0.850497434687113,3.82723845609201,1.17244748412311
2020-04-20,196,3,196,3,0,0,222,2,3522,175,3744,177,0,4,-1,20,4,172,1,27,4,"Knox County",470313,4.67773589077912,0.0106847984458475,37.6345114849047,0.637873076015334,4.25248717343556,1.06847984458475
2020-04-19,193,0,193,0,0,0,220,0,3347,72,3567,72,0,4,-4,21,4,168,0,26,4,"Knox County",470313,4.46511153210734,0.0107252298263534,15.308953824368,0,4.46511153210734,1.07252298263534
2020-04-18,193,0,193,0,0,0,220,1,3275,135,3495,136,0,4,-5,25,5,164,0,26,4,"Knox County",470313,4.46511153210734,0.0107790298873101,28.9169127793618,0,5.31560896679445,1.07790298873101
2020-04-17,193,2,193,2,0,0,219,3,3140,104,3359,107,0,4,-2,30,4,159,1,26,4,"Knox County",470313,3.18936538007667,0.0115207373271889,22.7508063778803,0.425248717343556,6.37873076015334,1.15207373271889
2020-04-16,191,7,191,7,0,0,216,9,3036,213,3252,222,0,4,2,32,5,155,2,25,4,"Knox County",470313,4.46511153210734,0.015884476534296,47.2026076251348,1.48837051070245,6.8039794774969,1.5884476534296
2020-04-15,184,9,184,9,0,0,207,10,2823,84,3030,94,0,4,3,30,6,150,1,23,4,"Knox County",470313,5.31560896679445,0.0232919254658385,19.9866897151471,1.913619228046,6.37873076015334,2.32919254658385
2020-04-14,175,4,175,4,0,0,197,4,2739,102,2936,106,0,4,1,27,3,144,1,22,4,"Knox County",470313,5.31560896679445,0.0317286652078775,22.5381820192085,0.850497434687113,5.74085768413801,3.17286652078775
2020-04-13,171,4,171,4,0,0,193,9,2637,242,2830,251,0,4,-2,26,6,141,1,21,4,"Knox County",470313,5.52823332546623,0.0364372469635627,53.3687140266163,0.850497434687113,5.52823332546623,3.64372469635628
2020-04-12,167,5,167,5,0,0,184,6,2395,166,2579,172,0,4,1,28,4,135,0,20,4,"Knox County",470313,6.59135511882512,0.0386029411764706,36.5713896915458,1.06312179335889,5.95348204280979,3.86029411764706
2020-04-11,162,5,162,5,0,0,178,8,2229,313,2407,321,1,4,-4,27,8,131,1,20,4,"Knox County",470313,7.65447691218401,0.0384917517674784,68.2524191336408,1.06312179335889,5.74085768413801,3.84917517674784
2020-04-10,157,4,157,4,0,0,170,5,1916,123,2086,128,0,3,0,31,4,123,0,19,4,"Knox County",470313,8.07972562952757,0.0394126738794436,27.2159179099876,0.850497434687113,6.59135511882512,3.94126738794436
2020-04-09,153,1,153,1,0,0,165,1,1793,81,1958,82,0,3,-2,31,3,119,0,19,4,"Knox County",470313,6.8039794774969,0.037261698440208,17.4351974110858,0.212624358671778,6.59135511882512,3.7261698440208
2020-04-08,152,8,152,8,0,0,164,12,1712,111,1876,123,0,3,-3,33,11,116,1,19,4,"Knox County",470313,6.59135511882512,0.0380388841927303,26.1527961166287,1.70099486937423,7.01660383616868,3.80388841927303
2020-04-07,144,20,144,20,0,0,152,25,1601,366,1753,391,0,3,11,36,9,105,2,18,3,"Knox County",470313,9.99334485757357,0.0449591280653951,83.1361242406653,4.25248717343556,7.65447691218401,4.49591280653951
2020-04-06,124,8,124,8,0,0,127,14,1235,54,1362,68,2,3,-2,25,8,96,1,16,3,"Knox County",470313,10.8438422922607,0.0552529182879377,14.4584563896809,1.70099486937423,5.31560896679445,5.52529182879377
2020-04-05,116,4,116,4,0,0,113,10,1181,75,1294,85,0,1,-2,27,6,88,0,15,3,"Knox County",470313,10.6312179335889,0.0626043405676127,18.0730704871011,0.850497434687113,5.74085768413801,6.26043405676127
2020-04-04,112,15,112,15,0,0,103,6,1106,127,1209,133,0,1,4,29,11,82,1,15,2,"Knox County",470313,12.7574615203067,0.0722772277227723,28.2790397033465,3.18936538007667,6.16610640148157,7.22772277227723
2020-04-03,97,4,97,4,0,0,97,3,979,51,1076,54,0,1,-8,25,12,71,1,14,1,"Knox County",470313,12.7574615203067,0.0758547008547008,11.481715368276,0.850497434687113,5.31560896679445,7.58547008547009
2020-04-02,93,7,93,7,0,0,94,7,928,106,1022,113,0,1,NA,33,8,59,0,13,1,"Knox County",470313,14.0332076723374,0.0796277145811789,24.0265525299109,1.48837051070245,7.01660383616868,7.96277145811789
2020-04-01,86,15,86,15,0,0,87,15,822,140,909,155,NA,NA,NA,NA,7,51,1,13,1,"Knox County",470313,15.5215781830398,0.0800800800800801,32.9567755941256,3.18936538007667,NA,8.00800800800801
2020-03-31,71,8,71,8,0,0,72,11,682,58,754,69,NA,NA,NA,NA,12,44,1,12,1,"Knox County",470313,12.9700858789785,0.0974889217134417,14.6710807483527,1.70099486937423,NA,9.74889217134417
2020-03-30,63,13,63,13,0,0,61,15,624,130,685,145,NA,NA,NA,NA,9,32,2,11,1,"Knox County",470313,14.0332076723374,0.0888594164456233,30.8305320074078,2.76411666273312,NA,8.88594164456233
2020-03-29,50,8,50,8,0,0,46,8,494,55,540,63,NA,NA,NA,NA,6,23,1,9,1,"Knox County",470313,14.8837051070245,0.0887978142076503,13.395334596322,1.70099486937423,NA,8.87978142076503
2020-03-28,42,7,42,7,0,0,38,6,439,62,477,68,NA,NA,NA,NA,1,17,1,8,0,"Knox County",470313,13.1827102376502,0.0974512743628186,14.4584563896809,1.48837051070245,NA,9.74512743628186
2020-03-27,35,2,35,2,0,0,32,2,377,54,409,56,NA,NA,NA,NA,5,16,1,7,0,"Knox County",470313,12.7574615203067,0.0956651718983558,11.9069640856196,0.425248717343556,NA,9.56651718983558
2020-03-26,33,7,33,7,0,0,30,7,323,82,353,89,NA,NA,NA,NA,3,11,2,6,0,"Knox County",470313,12.7574615203067,0.0992248062015504,18.9235679217883,1.48837051070245,NA,9.92248062015504
2020-03-25,26,6,26,6,0,0,23,7,241,68,264,75,NA,NA,NA,NA,3,8,1,4,0,"Knox County",470313,10.8438422922607,0.0991150442477876,15.9468269003834,1.27574615203067,NA,9.91150442477876
2020-03-24,20,7,20,7,0,0,16,7,173,43,189,50,NA,NA,NA,NA,2,5,0,3,0,"Knox County",470313,10.6312179335889,0.0952380952380952,10.6312179335889,1.48837051070245,NA,9.52380952380952
2020-03-23,13,4,13,4,0,0,9,4,130,22,139,26,NA,NA,NA,NA,3,3,2,3,0,"Knox County",470313,8.7175987055429,0.0960187353629977,5.52823332546623,0.850497434687113,NA,9.60187353629976
2020-03-22,9,2,9,2,0,0,5,0,108,9,113,9,NA,NA,NA,NA,0,0,1,1,0,"Knox County",470313,7.44185255351224,0.0884718498659517,1.913619228046,0.425248717343556,NA,8.84718498659517
2020-03-21,7,1,7,1,0,0,5,2,99,17,104,19,NA,NA,NA,NA,0,0,0,0,0,"Knox County",470313,6.16610640148157,0.0895061728395062,4.03986281476378,0.212624358671778,NA,8.95061728395062
2020-03-20,6,5,6,5,0,0,3,2,82,38,85,40,NA,NA,NA,NA,0,0,0,0,0,"Knox County",470313,6.8039794774969,0.0941558441558442,8.50497434687113,1.06312179335889,NA,9.41558441558442
2020-03-19,1,0,1,0,0,0,1,0,44,11,45,11,NA,NA,NA,NA,0,0,0,0,0,"Knox County",470313,5.31560896679445,0.0956521739130435,2.33886794538956,0,NA,9.56521739130435
2020-03-18,1,0,1,0,0,0,1,0,33,14,34,14,NA,NA,NA,NA,0,0,0,0,0,"Knox County",470313,4.03986281476378,0.0887573964497041,2.97674102140489,0,NA,8.87573964497041
2020-03-17,1,0,1,0,0,0,1,0,19,5,20,5,NA,NA,NA,NA,0,0,0,0,0,"Knox County",470313,2.55149230406134,0.0645161290322581,1.06312179335889,0,NA,6.45161290322581
2020-03-16,1,1,1,1,0,0,1,1,14,3,15,4,NA,NA,NA,NA,0,0,0,0,0,"Knox County",470313,1.913619228046,0.0490196078431373,0.850497434687113,0.212624358671778,NA,4.90196078431373
2020-03-15,0,0,0,0,0,0,0,0,11,1,11,1,NA,NA,NA,NA,0,0,0,0,0,"Knox County",470313,1.48837051070245,0.0531914893617021,0.212624358671778,0,NA,5.31914893617021
2020-03-14,0,0,0,0,0,0,0,0,10,8,10,8,NA,NA,NA,NA,0,0,0,0,0,"Knox County",470313,1.27574615203067,0.036144578313253,1.70099486937423,0,NA,3.6144578313253
2020-03-13,0,0,0,0,0,0,0,0,2,0,2,0,NA,NA,NA,NA,0,0,0,0,0,"Knox County",470313,0.212624358671778,0.0232558139534884,0,0,NA,2.32558139534884
2020-03-12,0,0,0,0,0,0,0,0,2,2,2,2,NA,NA,NA,NA,0,0,0,0,0,"Knox County",470313,0.212624358671778,0.0294117647058824,0.425248717343556,0,NA,2.94117647058824
2020-03-12,0,0,0,0,0,0,0,0,0,0,0,0,NA,NA,NA,NA,0,0,0,0,0,"Anderson",76978,NA,NA,0,0,NA,NA
2020-03-13,0,0,0,0,0,0,0,0,1,1,1,1,NA,NA,NA,NA,0,0,0,0,0,"Anderson",76978,NA,NA,1.29907246226194,0,NA,NA
2020-03-14,0,0,0,0,0,0,0,0,1,0,1,0,NA,NA,NA,NA,0,0,0,0,0,"Anderson",76978,NA,NA,0,0,NA,NA
2020-03-15,0,0,0,0,0,0,0,0,1,0,1,0,NA,NA,NA,NA,0,0,0,0,0,"Anderson",76978,NA,NA,0,0,NA,NA
2020-03-16,0,0,0,0,0,0,0,0,2,1,2,1,NA,NA,NA,NA,0,0,0,0,0,"Anderson",76978,NA,NA,1.29907246226194,0,NA,NA
2020-03-17,0,0,0,0,0,0,0,0,4,2,4,2,NA,NA,NA,NA,0,0,0,0,0,"Anderson",76978,NA,NA,2.59814492452389,0,NA,NA
2020-03-18,0,0,0,0,0,0,0,0,4,0,4,0,NA,NA,NA,NA,0,0,0,0,0,"Anderson",76978,0,0,0,0,NA,0
2020-03-19,1,1,1,1,0,0,2,2,5,1,7,3,NA,NA,NA,NA,0,0,0,0,0,"Anderson",76978,1.29907246226194,0.285714285714286,3.89721738678583,1.29907246226194,NA,28.5714285714286
2020-03-20,1,0,1,0,0,0,2,0,7,2,9,2,NA,NA,NA,NA,0,0,0,0,0,"Anderson",76978,1.29907246226194,0.25,2.59814492452389,0,NA,25
2020-03-21,1,0,1,0,0,0,2,0,7,0,9,0,NA,NA,NA,NA,0,0,0,0,0,"Anderson",76978,1.29907246226194,0.25,0,0,NA,25
2020-03-22,1,0,1,0,0,0,2,0,10,3,12,3,NA,NA,NA,NA,0,0,0,0,0,"Anderson",76978,1.29907246226194,0.181818181818182,3.89721738678583,0,NA,18.1818181818182
2020-03-23,1,0,1,0,0,0,2,0,15,5,17,5,NA,NA,NA,NA,0,0,0,0,0,"Anderson",76978,1.29907246226194,0.133333333333333,6.49536231130973,0,NA,13.3333333333333
2020-03-24,1,0,1,0,0,0,2,0,20,5,22,5,NA,NA,NA,NA,0,0,0,0,0,"Anderson",76978,1.29907246226194,0.111111111111111,6.49536231130973,0,NA,11.1111111111111
2020-03-25,2,1,2,1,0,0,4,2,29,9,33,11,NA,NA,NA,NA,1,1,0,0,0,"Anderson",76978,2.59814492452389,0.137931034482759,14.2897970848814,1.29907246226194,NA,13.7931034482759
2020-03-26,3,1,3,1,0,0,5,1,44,15,49,16,NA,NA,NA,NA,0,1,1,1,0,"Anderson",76978,2.59814492452389,0.0714285714285714,20.7851593961911,1.29907246226194,NA,7.14285714285714
2020-03-27,4,1,4,1,0,0,6,1,53,9,59,10,NA,NA,NA,NA,3,4,0,1,0,"Anderson",76978,3.89721738678583,0.08,12.9907246226195,1.29907246226194,NA,8
2020-03-28,7,3,7,3,0,0,9,3,72,19,81,22,NA,NA,NA,NA,0,4,1,2,0,"Anderson",76978,7.79443477357167,0.0972222222222222,28.5795941697628,3.89721738678583,NA,9.72222222222222
2020-03-29,7,0,7,0,0,0,9,0,83,11,92,11,NA,NA,NA,NA,0,4,0,2,0,"Anderson",76978,7.79443477357167,0.0875,14.2897970848814,0,NA,8.75
2020-03-30,8,1,8,1,0,0,10,1,127,44,137,45,NA,NA,NA,NA,1,5,0,2,0,"Anderson",76978,9.09350723583361,0.0666666666666667,58.4582608017875,1.29907246226194,NA,6.66666666666667
2020-03-31,9,1,9,1,0,0,11,1,142,15,153,16,NA,NA,NA,NA,1,6,0,2,0,"Anderson",76978,10.3925796980956,0.0687022900763359,20.7851593961911,1.29907246226194,NA,6.87022900763359
2020-04-01,9,0,9,0,0,0,11,0,163,21,174,21,NA,NA,NA,NA,0,6,0,2,0,"Anderson",76978,9.09350723583361,0.049645390070922,27.2805217075008,0,NA,4.9645390070922
2020-04-02,9,0,9,0,0,0,11,0,179,16,190,16,0,0,NA,3,0,6,0,2,0,"Anderson",76978,7.79443477357167,0.0425531914893617,20.7851593961911,0,3.89721738678583,4.25531914893617
2020-04-03,9,0,9,0,0,0,11,0,192,13,203,13,0,0,-2,1,2,8,0,2,0,"Anderson",76978,6.49536231130972,0.0347222222222222,16.8879420094053,0,1.29907246226194,3.47222222222222
2020-04-04,9,0,9,0,0,0,11,0,219,27,230,27,0,0,0,1,0,8,0,2,0,"Anderson",76978,2.59814492452389,0.0134228187919463,35.0749564810725,0,1.29907246226194,1.34228187919463
2020-04-05,9,0,9,0,0,0,11,0,248,29,259,29,0,0,0,1,0,8,0,2,0,"Anderson",76978,2.59814492452389,0.0119760479041916,37.6731014055964,0,1.29907246226194,1.19760479041916
2020-04-06,9,0,9,0,0,0,11,0,262,14,273,14,0,0,-1,0,1,9,0,2,0,"Anderson",76978,1.29907246226194,0.00735294117647059,18.1870144716672,0,0,0.735294117647059
2020-04-07,10,1,10,1,0,0,12,1,304,42,316,43,0,0,1,1,0,9,0,2,0,"Anderson",76978,1.29907246226194,0.00613496932515337,55.8601158772636,1.29907246226194,1.29907246226194,0.613496932515337
2020-04-08,10,0,10,0,0,0,12,0,322,18,334,18,1,1,-1,0,0,9,0,2,1,"Anderson",76978,1.29907246226194,0.00625,23.383304320715,0,0,0.625
2020-04-09,10,0,10,0,0,0,12,0,350,28,362,28,0,1,0,0,0,9,0,2,1,"Anderson",76978,1.29907246226194,0.00581395348837209,36.3740289433345,0,0,0.581395348837209
2020-04-10,10,0,10,0,0,0,12,0,366,16,378,16,0,1,0,0,0,9,0,2,1,"Anderson",76978,1.29907246226194,0.00571428571428571,20.7851593961911,0,0,0.571428571428571
2020-04-11,10,0,10,0,0,0,12,0,439,73,451,73,0,1,0,0,0,9,0,2,1,"Anderson",76978,1.29907246226194,0.00452488687782805,94.832289745122,0,0,0.452488687782805
2020-04-12,12,2,12,2,0,0,14,2,477,38,491,40,0,1,2,2,0,9,0,2,1,"Anderson",76978,3.89721738678583,0.0129310344827586,51.9628984904778,2.59814492452389,2.59814492452389,1.29310344827586
2020-04-13,13,1,13,1,0,0,15,1,514,37,529,38,0,1,0,2,1,10,0,2,1,"Anderson",76978,5.19628984904778,0.015625,49.3647535659539,1.29907246226194,2.59814492452389,1.5625
2020-04-14,13,0,13,0,0,0,15,0,526,12,541,12,0,1,0,2,0,10,0,2,1,"Anderson",76978,3.89721738678583,0.0133333333333333,15.5888695471433,0,2.59814492452389,1.33333333333333
2020-04-15,13,0,13,0,0,0,15,0,544,18,559,18,0,1,-2,0,2,12,0,2,1,"Anderson",76978,3.89721738678583,0.0133333333333333,23.383304320715,0,0,1.33333333333333
2020-04-16,13,0,13,0,0,0,15,0,566,22,581,22,0,1,0,0,0,12,0,2,1,"Anderson",76978,3.89721738678583,0.0136986301369863,28.5795941697628,0,0,1.36986301369863
2020-04-17,13,0,13,0,0,0,15,0,586,20,601,20,0,1,0,0,0,12,0,2,1,"Anderson",76978,3.89721738678583,0.0134529147982063,25.9814492452389,0,0,1.34529147982063
2020-04-18,13,0,13,0,0,0,15,0,616,30,631,30,0,1,0,0,0,12,0,2,1,"Anderson",76978,3.89721738678583,0.0166666666666667,38.9721738678584,0,0,1.66666666666667
2020-04-19,14,1,14,1,0,0,16,1,628,12,644,13,0,1,0,0,1,13,0,2,1,"Anderson",76978,2.59814492452389,0.0130718954248366,16.8879420094053,1.29907246226194,0,1.30718954248366
2020-04-20,19,5,18,4,1,1,19,3,648,20,667,23,0,1,5,5,0,13,0,2,1,"Anderson",76978,7.79443477357167,0.0289855072463768,29.8786666320247,6.49536231130973,6.49536231130973,2.89855072463768
2020-04-21,20,1,19,1,1,0,22,3,1071,423,1093,426,0,1,1,6,0,13,0,2,1,"Anderson",76978,9.09350723583361,0.0126811594202899,553.404868923589,1.29907246226194,7.79443477357167,1.26811594202899
2020-04-22,21,1,20,1,1,0,24,2,1141,70,1165,72,0,1,0,6,1,14,0,2,1,"Anderson",76978,10.3925796980956,0.0148514851485149,93.53321728286,1.29907246226194,7.79443477357167,1.48514851485149
2020-04-23,21,0,20,0,1,0,24,0,1191,50,1215,50,0,1,-1,5,1,15,0,2,1,"Anderson",76978,10.3925796980956,0.0141955835962145,64.9536231130973,0,6.49536231130973,1.41955835962145
2020-04-24,22,1,21,1,1,0,25,1,1299,108,1324,109,0,1,1,6,0,15,0,2,1,"Anderson",76978,11.6916521603575,0.0138312586445367,141.598898386552,1.29907246226194,7.79443477357167,1.38312586445367
2020-04-25,22,0,21,0,1,0,25,0,1336,37,1361,37,0,1,0,6,0,15,0,2,1,"Anderson",76978,11.6916521603575,0.0136986301369863,48.065681103692,0,7.79443477357167,1.36986301369863
2020-04-26,22,0,21,0,1,0,25,0,1372,36,1397,36,0,1,0,6,0,15,0,2,1,"Anderson",76978,10.3925796980956,0.0119521912350598,46.76660864143,0,7.79443477357167,1.19521912350598
2020-04-27,22,0,21,0,1,0,25,0,1411,39,1436,39,0,1,-1,5,1,16,0,2,1,"Anderson",76978,3.89721738678583,0.00780234070221066,50.6638260282159,0,6.49536231130973,0.780234070221066
2020-04-28,22,0,21,0,1,0,25,0,1690,279,1715,279,0,1,0,5,0,16,0,2,1,"Anderson",76978,2.59814492452389,0.00482315112540193,362.441216971083,0,6.49536231130973,0.482315112540193
2020-04-29,26,4,25,4,1,0,28,3,2070,380,2098,383,0,1,4,9,0,16,0,2,1,"Anderson",76978,6.49536231130972,0.00428724544480171,497.544753046325,5.19628984904778,11.6916521603575,0.428724544480171
2020-04-30,26,0,25,0,1,0,29,1,2102,32,2131,33,0,1,-1,8,1,17,0,2,1,"Anderson",76978,6.49536231130972,0.00545851528384279,42.8693912546442,0,10.3925796980956,0.545851528384279
2020-05-01,26,0,25,0,1,0,29,0,2154,52,2183,52,0,1,-2,6,2,19,0,2,1,"Anderson",76978,5.19628984904778,0.00465657741559953,67.5517680376211,0,7.79443477357167,0.465657741559953
2020-05-02,26,0,25,0,1,0,29,0,2221,67,2250,67,0,1,0,6,0,19,0,2,1,"Anderson",76978,5.19628984904778,0.00449943757030371,87.0378549715503,0,7.79443477357167,0.449943757030371
2020-05-03,27,1,26,1,1,0,30,1,2314,93,2344,94,0,1,1,7,0,19,0,2,1,"Anderson",76978,6.49536231130972,0.00527983104540655,122.112811452623,1.29907246226194,9.09350723583361,0.527983104540655
2020-05-04,27,0,26,0,1,0,30,0,2406,92,2436,92,0,1,-1,6,1,20,0,2,1,"Anderson",76978,6.49536231130972,0.005,119.514666528099,0,7.79443477357167,0.5
2020-05-05,28,1,27,1,1,0,30,0,2475,69,2505,69,0,1,-1,5,2,22,0,2,1,"Anderson",76978,7.79443477357167,0.00632911392405063,89.6359998960742,1.29907246226194,6.49536231130973,0.632911392405063
2020-05-06,30,2,29,2,1,0,31,1,2525,50,2556,51,0,1,2,7,0,22,0,2,1,"Anderson",76978,5.19628984904778,0.00655021834061135,66.2526955753592,2.59814492452389,9.09350723583361,0.655021834061135
2020-05-07,30,0,29,0,1,0,33,2,2597,72,2630,74,0,1,-1,6,1,23,0,2,1,"Anderson",76978,5.19628984904778,0.00801603206412826,96.1313622073839,0,7.79443477357167,0.801603206412826
2020-05-08,30,0,29,0,1,0,33,0,2652,55,2685,55,0,1,0,6,0,23,0,2,1,"Anderson",76978,5.19628984904778,0.00796812749003984,71.448985424407,0,7.79443477357167,0.796812749003984
2020-05-09,30,0,29,0,1,0,33,0,2734,82,2767,82,0,1,0,6,0,23,0,2,1,"Anderson",76978,5.19628984904778,0.00773694390715667,106.523941905479,0,7.79443477357167,0.773694390715667
2020-05-10,30,0,29,0,1,0,33,0,2827,93,2860,93,0,1,-3,3,3,26,0,2,1,"Anderson",76978,3.89721738678583,0.00581395348837209,120.813738990361,0,3.89721738678583,0.581395348837209
2020-05-11,32,2,31,2,1,0,33,0,2909,82,2942,82,0,1,2,5,0,26,0,2,1,"Anderson",76978,6.49536231130972,0.00592885375494071,106.523941905479,2.59814492452389,6.49536231130973,0.592885375494071
2020-05-12,33,1,32,1,1,0,35,2,3042,133,3077,135,0,1,1,6,0,26,0,2,1,"Anderson",76978,6.49536231130972,0.00874125874125874,175.374782405363,1.29907246226194,7.79443477357167,0.874125874125874
2020-05-13,35,2,34,2,1,0,38,3,3220,178,3258,181,0,1,1,7,1,27,1,3,1,"Anderson",76978,6.49536231130972,0.00997150997150997,235.132115669412,2.59814492452389,9.09350723583361,0.997150997150997
2020-05-14,35,0,34,0,1,0,39,1,3346,126,3385,127,0,1,-1,6,1,28,0,3,1,"Anderson",76978,6.49536231130972,0.00794701986754967,164.982202707267,0,7.79443477357167,0.794701986754967
2020-05-15,36,1,35,1,1,0,39,0,3417,71,3456,71,0,1,1,7,0,28,0,3,1,"Anderson",76978,7.79443477357167,0.00778210116731518,92.2341448205981,1.29907246226194,9.09350723583361,0.778210116731518
2020-05-16,36,0,35,0,1,0,41,2,3657,240,3698,242,0,1,-1,6,1,29,0,3,1,"Anderson",76978,7.79443477357167,0.00859291084854995,314.375535867391,0,7.79443477357167,0.859291084854995
2020-05-17,36,0,35,0,1,0,41,0,3727,70,3768,70,0,1,0,6,0,29,0,3,1,"Anderson",76978,7.79443477357167,0.00881057268722467,90.9350723583361,0,7.79443477357167,0.881057268722467
2020-05-18,37,1,36,1,1,0,42,1,3804,77,3846,78,0,1,-2,4,3,32,0,3,1,"Anderson",76978,6.49536231130972,0.00995575221238938,101.327652056432,1.29907246226194,5.19628984904778,0.995575221238938
2020-05-19,37,0,36,0,1,0,42,0,3856,52,3898,52,0,1,0,4,0,32,0,3,1,"Anderson",76978,5.19628984904778,0.00852618757612668,67.5517680376211,0,5.19628984904778,0.852618757612667
2020-05-20,37,0,36,0,1,0,43,1,3921,65,3964,66,0,1,0,4,0,32,0,3,1,"Anderson",76978,2.59814492452389,0.00708215297450425,85.7387825092884,0,5.19628984904778,0.708215297450425
2020-05-21,37,0,36,0,1,0,44,1,4001,80,4045,81,0,1,-1,3,1,33,0,3,1,"Anderson",76978,2.59814492452389,0.00757575757575758,105.224869443218,0,3.89721738678583,0.757575757575758
2020-05-22,38,1,37,1,1,0,45,1,4029,28,4074,29,0,1,-1,2,2,35,1,4,1,"Anderson",76978,2.59814492452389,0.00970873786407767,37.6731014055964,1.29907246226194,2.59814492452389,0.970873786407767
2020-05-23,38,0,37,0,1,0,46,1,4192,163,4238,164,0,1,0,2,0,35,0,4,1,"Anderson",76978,2.59814492452389,0.00925925925925926,213.047883810959,0,2.59814492452389,0.925925925925926
2020-05-24,38,0,37,0,1,0,46,0,4247,55,4293,55,0,1,0,2,0,35,0,4,1,"Anderson",76978,2.59814492452389,0.00952380952380952,71.448985424407,0,2.59814492452389,0.952380952380952
2020-05-25,38,0,37,0,1,0,47,1,4281,34,4328,35,0,1,0,2,0,35,0,4,1,"Anderson",76978,1.29907246226194,0.0103734439834025,45.4675361791681,0,2.59814492452389,1.03734439834025
2020-05-26,38,0,37,0,1,0,47,0,4412,131,4459,131,0,1,-1,1,1,36,0,4,1,"Anderson",76978,1.29907246226194,0.0089126559714795,170.178492556315,0,1.29907246226194,0.89126559714795
2020-05-27,38,0,37,0,1,0,47,0,4515,103,4562,103,0,1,0,1,0,36,0,4,1,"Anderson",76978,1.29907246226194,0.00668896321070234,133.80446361298,0,1.29907246226194,0.668896321070234
2020-05-28,38,0,37,0,1,0,47,0,4563,48,4610,48,0,1,0,1,0,36,0,4,1,"Anderson",76978,1.29907246226194,0.00530973451327434,62.3554781885734,0,1.29907246226194,0.530973451327434
2020-05-29,39,1,38,1,1,0,47,0,4613,50,4660,50,0,1,0,1,1,37,0,4,1,"Anderson",76978,1.29907246226194,0.00341296928327645,64.9536231130973,1.29907246226194,1.29907246226194,0.341296928327645
2020-05-30,39,0,38,0,1,0,48,1,4665,52,4713,53,0,1,0,1,0,37,0,4,1,"Anderson",76978,1.29907246226194,0.00421052631578947,68.8508404998831,0,1.29907246226194,0.421052631578947
2020-05-31,40,1,39,1,1,0,49,1,4731,66,4780,67,0,1,1,2,0,37,0,4,1,"Anderson",76978,2.59814492452389,0.00616016427104723,87.0378549715503,1.29907246226194,2.59814492452389,0.616016427104723
2020-06-01,40,0,39,0,1,0,49,0,4855,124,4904,124,0,1,0,2,0,37,0,4,1,"Anderson",76978,2.59814492452389,0.00347222222222222,161.084985320481,0,2.59814492452389,0.347222222222222
2020-06-02,40,0,39,0,1,0,49,0,4982,127,5031,127,0,1,0,2,0,37,0,4,1,"Anderson",76978,2.59814492452389,0.0034965034965035,164.982202707267,0,2.59814492452389,0.34965034965035
2020-06-03,41,1,40,1,1,0,50,1,5042,60,5092,61,0,1,1,3,0,37,0,4,2,"Anderson",76978,3.89721738678583,0.00566037735849057,79.2434201979787,1.29907246226194,3.89721738678583,0.566037735849057
2020-06-04,41,0,40,0,1,0,50,0,5090,48,5140,48,1,2,-2,1,1,38,0,4,2,"Anderson",76978,3.89721738678583,0.00566037735849057,62.3554781885734,0,1.29907246226194,0.566037735849057
2020-06-05,42,1,41,1,1,0,53,3,5147,57,5200,60,0,2,1,2,0,38,0,4,2,"Anderson",76978,3.89721738678583,0.0111111111111111,77.9443477357167,1.29907246226194,2.59814492452389,1.11111111111111
2020-06-06,43,1,42,1,1,0,54,1,5200,53,5254,54,0,2,1,3,0,38,0,4,2,"Anderson",76978,5.19628984904778,0.011090573012939,70.149912962145,1.29907246226194,3.89721738678583,1.1090573012939
2020-06-07,45,2,43,1,2,1,57,3,5295,95,5352,98,0,2,2,5,0,38,0,4,2,"Anderson",76978,6.49536231130972,0.013986013986014,127.309101301671,2.59814492452389,6.49536231130973,1.3986013986014
2020-06-08,46,1,44,1,2,0,57,0,5336,41,5393,41,0,2,1,6,0,38,0,4,2,"Anderson",76978,7.79443477357167,0.016359918200409,53.2619709527397,1.29907246226194,7.79443477357167,1.6359918200409
2020-06-09,47,1,45,1,2,0,60,3,5517,181,5577,184,0,2,1,7,0,38,0,4,2,"Anderson",76978,9.09350723583361,0.0201465201465201,239.029333056198,1.29907246226194,9.09350723583361,2.01465201465201
2020-06-10,52,5,50,5,2,0,63,3,5725,208,5788,211,0,2,2,9,3,41,0,4,2,"Anderson",76978,14.2897970848814,0.0186781609195402,274.10428953727,6.49536231130973,11.6916521603575,1.86781609195402
2020-06-11,55,3,53,3,2,0,66,3,5870,145,5936,148,0,2,2,11,1,42,1,5,2,"Anderson",76978,18.1870144716672,0.0201005025125628,192.262724414768,3.89721738678583,14.2897970848814,2.01005025125628
2020-06-12,57,2,55,2,2,0,70,4,5952,82,6022,86,0,2,2,13,0,42,0,5,2,"Anderson",76978,19.4860869339292,0.0206812652068127,111.720231754527,2.59814492452389,16.8879420094053,2.06812652068127
2020-06-13,58,1,55,0,3,1,70,0,5995,43,6065,43,0,2,0,13,1,43,0,5,2,"Anderson",76978,19.4860869339292,0.0197287299630086,55.8601158772636,1.29907246226194,16.8879420094053,1.97287299630086
2020-06-14,60,2,57,2,3,0,70,0,6170,175,6240,175,0,2,1,14,1,44,1,6,2,"Anderson",76978,19.4860869339292,0.0146396396396396,227.33768089584,2.59814492452389,18.1870144716672,1.46396396396396
2020-06-15,60,0,57,0,3,0,71,1,6228,58,6299,59,0,2,0,14,0,44,0,6,2,"Anderson",76978,18.1870144716672,0.0154525386313466,76.6452752734548,0,18.1870144716672,1.54525386313466
2020-06-16,64,4,61,4,3,0,75,4,6289,61,6364,65,0,2,3,17,1,45,0,6,2,"Anderson",76978,22.0842318584531,0.0190597204574333,84.4397100470264,5.19628984904778,22.0842318584531,1.90597204574333
2020-06-17,66,2,63,2,3,0,79,4,6327,38,6406,42,0,2,0,17,2,47,0,6,2,"Anderson",76978,18.1870144716672,0.0258899676375405,54.5610434150017,2.59814492452389,22.0842318584531,2.58899676375405
2020-06-18,70,4,67,4,3,0,84,5,6457,130,6541,135,0,2,2,19,2,49,0,6,2,"Anderson",76978,19.4860869339292,0.0297520661157025,175.374782405363,5.19628984904778,24.682376782977,2.97520661157025
2020-06-19,72,2,69,2,3,0,86,2,6522,65,6608,67,0,2,0,19,2,51,0,6,2,"Anderson",76978,19.4860869339292,0.0273037542662116,87.0378549715503,2.59814492452389,24.682376782977,2.73037542662116
2020-06-20,73,1,70,1,3,0,87,1,6560,38,6647,39,0,2,-1,18,2,53,0,6,2,"Anderson",76978,19.4860869339292,0.0292096219931271,50.6638260282159,1.29907246226194,23.383304320715,2.92096219931271
2020-06-21,74,1,71,1,3,0,88,1,6620,60,6708,61,0,2,-1,17,2,55,0,6,2,"Anderson",76978,18.1870144716672,0.0384615384615385,79.2434201979787,1.29907246226194,22.0842318584531,3.84615384615385
2020-06-22,76,2,73,2,3,0,90,2,6712,92,6802,94,0,2,0,17,2,57,1,7,2,"Anderson",76978,20.7851593961911,0.0377733598409543,122.112811452623,2.59814492452389,22.0842318584531,3.77733598409543
2020-06-23,76,0,73,0,3,0,90,0,6801,89,6891,89,0,2,-1,16,1,58,0,7,2,"Anderson",76978,15.5888695471433,0.0284629981024668,115.617449141313,0,20.7851593961911,2.84629981024668
2020-06-24,77,1,74,1,3,0,91,1,6832,31,6923,32,0,2,-2,14,3,61,0,7,2,"Anderson",76978,14.2897970848814,0.02321083172147,41.5703187923822,1.29907246226194,18.1870144716672,2.321083172147
2020-06-25,81,4,78,4,3,0,92,1,6945,113,7037,114,0,2,0,14,4,65,0,7,2,"Anderson",76978,14.2897970848814,0.0161290322580645,148.094260697862,5.19628984904778,18.1870144716672,1.61290322580645
2020-06-26,86,5,83,5,3,0,98,6,6973,28,7071,34,0,2,3,17,2,67,0,7,2,"Anderson",76978,18.1870144716672,0.0259179265658747,44.1684637169061,6.49536231130973,22.0842318584531,2.59179265658747
2020-06-27,87,1,83,0,4,1,98,0,6985,12,7083,12,0,2,-4,13,5,72,0,7,2,"Anderson",76978,18.1870144716672,0.0252293577981651,15.5888695471433,1.29907246226194,16.8879420094053,2.52293577981651
2020-06-28,91,4,87,4,4,0,106,8,7094,109,7200,117,0,2,3,16,1,73,0,7,2,"Anderson",76978,22.0842318584531,0.0365853658536585,151.991478084648,5.19628984904778,20.7851593961911,3.65853658536585
2020-06-29,97,6,92,5,5,1,114,8,7316,222,7430,230,0,2,3,19,3,76,1,8,2,"Anderson",76978,27.2805217075008,0.0382165605095541,298.786666320247,7.79443477357167,24.682376782977,3.82165605095541
2020-06-30,102,5,96,4,6,1,120,6,7480,164,7600,170,0,2,2,21,3,79,0,8,2,"Anderson",76978,33.7758840188106,0.0423131170662905,220.842318584531,6.49536231130973,27.2805217075008,4.23131170662905
2020-07-01,104,2,98,2,6,0,124,4,7601,121,7725,125,0,2,-2,19,4,83,0,8,2,"Anderson",76978,35.0749564810725,0.0411471321695761,162.384057782743,2.59814492452389,24.682376782977,4.11471321695761
2020-07-02,110,6,104,6,6,0,130,6,7840,239,7970,245,0,2,4,23,2,85,0,8,2,"Anderson",76978,37.6731014055964,0.0407288317256163,318.272753254177,7.79443477357167,29.8786666320247,4.07288317256163
2020-07-03,120,10,113,9,7,1,142,12,7965,125,8107,137,0,2,7,30,3,88,0,8,2,"Anderson",76978,44.1684637169061,0.0424710424710425,177.972927329886,12.9907246226195,38.9721738678584,4.24710424710425
2020-07-04,131,11,124,11,7,0,156,14,8149,184,8305,198,0,2,8,38,3,91,2,10,2,"Anderson",76978,57.1591883395256,0.0474631751227496,257.216347527865,14.2897970848814,49.3647535659539,4.74631751227496
2020-07-05,140,9,133,9,7,0,169,13,8305,156,8474,169,0,2,8,46,1,92,1,11,2,"Anderson",76978,63.6545506508353,0.0494505494505494,219.543246122269,11.6916521603575,59.7573332640495,4.94505494505495
2020-07-06,141,1,134,1,7,0,170,1,8332,27,8502,28,0,2,-4,42,5,97,0,11,2,"Anderson",76978,57.1591883395256,0.0522388059701493,36.3740289433345,1.29907246226194,54.5610434150017,5.22388059701492
2020-07-07,157,16,150,16,7,0,190,20,8565,233,8755,253,0,2,12,54,4,101,0,11,2,"Anderson",76978,71.448985424407,0.0606060606060606,328.665332952272,20.7851593961911,70.149912962145,6.06060606060606
2020-07-08,173,16,165,15,8,1,206,16,8705,140,8911,156,0,2,10,64,6,107,0,11,2,"Anderson",76978,89.6359998960742,0.0691399662731872,202.655304112863,20.7851593961911,83.1406375847645,6.91399662731872
2020-07-09,187,14,179,14,8,0,220,14,8973,268,9193,282,0,2,11,75,3,110,0,11,2,"Anderson",76978,100.02857959417,0.0735895339329518,366.338434357868,18.1870144716672,97.4304346696459,7.35895339329518
2020-07-10,193,6,185,6,8,0,227,7,9003,30,9230,37,0,2,1,76,5,115,1,12,2,"Anderson",76978,94.832289745122,0.0756901157613535,48.065681103692,7.79443477357167,98.7295071319078,7.56901157613535
2020-07-11,201,8,193,8,8,0,235,8,9172,169,9407,177,0,2,1,77,7,122,1,13,2,"Anderson",76978,90.9350723583361,0.0716878402903811,229.935825820364,10.3925796980956,100.02857959417,7.16878402903811
2020-07-12,212,11,204,11,8,0,248,13,9355,183,9603,196,0,2,6,83,5,127,0,13,2,"Anderson",76978,93.53321728286,0.0699734278122232,254.618202603341,14.2897970848814,107.823014367741,6.99734278122232
2020-07-13,218,6,209,5,9,1,255,7,9394,39,9649,46,0,2,-6,77,12,139,2,15,2,"Anderson",76978,100.02857959417,0.0741063644289451,59.7573332640495,7.79443477357167,100.02857959417,7.41063644289451
2020-07-14,229,11,219,10,10,1,266,11,9534,140,9800,151,0,2,0,77,11,150,0,15,2,"Anderson",76978,93.53321728286,0.0727272727272727,196.159941801554,14.2897970848814,100.02857959417,7.27272727272727
2020-07-15,245,16,234,15,11,1,285,19,9636,102,9921,121,0,2,0,77,16,166,0,15,2,"Anderson",76978,93.53321728286,0.0782178217821782,157.187767933695,20.7851593961911,100.02857959417,7.82178217821782
2020-07-16,263,18,252,18,11,0,308,23,9925,289,10233,312,0,2,4,81,14,180,1,16,2,"Anderson",76978,98.7295071319078,0.0846153846153846,405.310608225727,23.383304320715,105.224869443218,8.46153846153846
2020-07-17,270,7,259,7,11,0,317,9,9996,71,10313,80,0,2,-8,73,15,195,1,17,3,"Anderson",76978,100.02857959417,0.0831024930747922,103.925796980956,9.09350723583361,94.832289745122,8.31024930747922
2020-07-18,277,7,266,7,11,0,328,11,10210,214,10538,225,0,2,-4,69,11,206,0,17,3,"Anderson",76978,98.7295071319078,0.0822281167108753,292.291304008938,9.09350723583361,89.6359998960742,8.22281167108753
2020-07-19,285,8,274,8,11,0,337,9,10291,81,10628,90,0,2,-5,64,13,219,2,19,3,"Anderson",76978,94.832289745122,0.0868292682926829,116.916521603575,10.3925796980956,83.1406375847645,8.68292682926829
2020-07-20,313,28,302,28,11,0,367,30,10460,169,10827,199,1,3,9,73,18,237,0,19,3,"Anderson",76978,123.411883914885,0.0950764006791171,258.515419990127,36.3740289433345,94.832289745122,9.50764006791171
2020-07-21,336,23,324,22,12,1,391,24,10752,292,11143,316,0,3,12,85,11,248,1,20,3,"Anderson",76978,139.000753462028,0.0930752047654505,410.506898074775,29.8786666320247,110.421159292265,9.30752047654505
2020-07-22,365,29,352,28,13,1,424,33,10887,135,11311,168,0,3,13,98,16,264,0,20,3,"Anderson",76978,155.888695471433,0.1,218.244173660007,37.6731014055964,127.309101301671,10
2020-07-23,388,23,375,23,13,0,455,31,11314,427,11769,458,0,3,9,107,14,278,2,22,3,"Anderson",76978,162.384057782743,0.095703125,594.975187715971,29.8786666320247,139.000753462028,9.5703125
2020-07-24,394,6,381,6,13,0,463,8,11426,112,11889,120,0,3,-16,91,22,300,0,22,4,"Anderson",76978,161.084985320481,0.0926395939086294,155.888695471433,7.79443477357167,118.215594065837,9.26395939086294
2020-07-25,426,32,412,31,14,1,499,36,11683,257,12182,293,1,4,26,117,5,305,1,23,4,"Anderson",76978,193.56179687703,0.104014598540146,380.62823144275,41.5703187923822,151.991478084648,10.4014598540146
2020-07-26,465,39,450,38,15,1,541,42,12086,403,12627,445,0,4,31,148,8,313,2,25,4,"Anderson",76978,233.83304320715,0.102051025512756,578.087245706565,50.6638260282159,192.262724414768,10.2051025512756
2020-07-27,483,18,467,17,16,1,562,21,12266,180,12828,201,0,4,-19,129,37,350,1,26,4,"Anderson",76978,220.842318584531,0.0974512743628186,261.113564914651,23.383304320715,167.580347631791,9.74512743628186
2020-07-28,523,40,507,40,16,0,608,46,12646,380,13254,426,0,4,24,153,16,366,1,27,5,"Anderson",76978,242.926550442984,0.10279488394126,553.404868923589,51.9628984904778,198.758086726078,10.279488394126
2020-07-29,527,4,511,4,16,0,612,4,12682,36,13294,40,1,5,-15,138,18,384,0,27,5,"Anderson",76978,210.449738886435,0.0948058497226425,51.9628984904778,5.19628984904778,179.271999792148,9.48058497226425
2020-07-30,564,37,548,37,16,0,665,53,13167,485,13832,538,0,5,20,158,17,401,0,27,5,"Anderson",76978,228.636753358102,0.101793504604944,698.900984696926,48.065681103692,205.253449037387,10.1793504604944
2020-07-31,576,12,560,12,16,0,679,14,13349,182,14028,196,0,5,-8,150,20,421,0,27,5,"Anderson",76978,236.431188131674,0.100981767180926,254.618202603341,15.5888695471433,194.860869339292,10.0981767180926
2020-08-01,599,23,583,23,16,0,704,25,13758,409,14462,434,0,5,17,167,6,427,1,28,5,"Anderson",76978,224.739535971316,0.0899122807017544,563.797448621684,29.8786666320247,216.945101197745,8.99122807017544
2020-08-02,606,7,590,7,16,0,711,7,13886,128,14597,135,0,5,2,169,5,432,1,29,6,"Anderson",76978,183.169217178934,0.0862944162436548,175.374782405363,9.09350723583361,219.543246122269,8.62944162436548
2020-08-03,631,25,614,24,17,1,742,31,14113,227,14855,258,0,5,14,183,11,443,0,29,6,"Anderson",76978,192.262724414768,0.0888011840157869,335.160695263582,32.4768115565486,237.730260593936,8.88011840157869
2020-08-04,638,7,621,7,17,0,750,8,14356,243,15106,251,2,7,-19,164,24,467,0,29,6,"Anderson",76978,149.393333160124,0.0766738660907127,326.067188027748,9.09350723583361,213.047883810959,7.66738660907127
2020-08-05,653,15,636,15,17,0,769,19,14565,209,15334,228,-1,6,-1,163,17,484,0,29,6,"Anderson",76978,163.683130245005,0.0769607843137255,296.188521395723,19.4860869339292,211.748811348697,7.69607843137255
2020-08-06,675,22,658,22,17,0,799,30,14886,321,15685,351,0,6,3,166,19,503,1,30,6,"Anderson",76978,144.197043311076,0.0723151645979493,455.974434253943,28.5795941697628,215.646028735483,7.23151645979493
2020-08-07,679,4,662,4,17,0,803,4,14967,81,15770,85,0,6,-21,145,25,528,0,30,6,"Anderson",76978,133.80446361298,0.0711825487944891,110.421159292265,5.19628984904778,188.365507027982,7.11825487944891
2020-08-08,690,11,673,11,17,0,819,16,15287,320,16106,336,0,6,1,146,10,538,0,30,6,"Anderson",76978,118.215594065837,0.0699513381995134,436.488347320014,14.2897970848814,189.664579490244,6.99513381995134
2020-08-09,697,7,680,7,17,0,828,9,15424,137,16252,146,0,6,-9,137,16,554,0,30,6,"Anderson",76978,118.215594065837,0.0706948640483384,189.664579490244,9.09350723583361,177.972927329886,7.06948640483384
2020-08-10,702,5,685,5,17,0,834,6,15563,139,16397,145,0,6,-11,126,16,570,0,30,6,"Anderson",76978,92.2341448205981,0.059662775616083,188.365507027982,6.49536231130973,163.683130245005,5.9662775616083
2020-08-11,723,21,706,21,17,0,856,22,15766,203,16622,225,0,6,9,135,12,582,1,31,6,"Anderson",76978,110.421159292265,0.0699208443271768,292.291304008938,27.2805217075008,175.374782405363,6.99208443271768
2020-08-12,731,8,714,8,17,0,864,8,16006,240,16870,248,0,6,-8,127,16,598,0,31,6,"Anderson",76978,101.327652056432,0.0618489583333333,322.169970640962,10.3925796980956,164.982202707267,6.18489583333333
2020-08-13,749,18,732,18,17,0,888,24,16234,228,17122,252,1,7,3,130,14,612,2,33,6,"Anderson",76978,96.1313622073839,0.0619345859429367,327.36626049001,23.383304320715,168.879420094053,6.19345859429367
2020-08-14,766,17,748,16,18,1,910,22,16563,329,17473,351,0,7,-9,121,26,638,0,33,6,"Anderson",76978,113.019304216789,0.0628302994715208,455.974434253943,22.0842318584531,157.187767933695,6.28302994715208
2020-08-15,776,10,758,10,18,0,922,12,16786,223,17708,235,-1,6,5,126,6,644,0,33,6,"Anderson",76978,111.720231754527,0.0642946317103621,305.282028631557,12.9907246226195,163.683130245005,6.4294631710362
2020-08-16,788,12,770,12,18,0,936,14,16928,142,17864,156,0,6,7,133,5,649,0,33,7,"Anderson",76978,118.215594065837,0.0669975186104218,202.655304112863,15.5888695471433,172.776637480839,6.69975186104218
2020-08-17,792,4,774,4,18,0,939,3,16971,43,17910,46,0,6,-13,120,17,666,0,33,7,"Anderson",76978,116.916521603575,0.069398545935228,59.7573332640495,5.19628984904778,155.888695471433,6.9398545935228
2020-08-18,806,14,788,14,18,0,956,17,17135,164,18091,181,0,6,5,125,9,675,0,33,7,"Anderson",76978,107.823014367741,0.068073519400953,235.132115669412,18.1870144716672,162.384057782743,6.8073519400953
2020-08-19,820,14,802,14,18,0,970,14,17309,174,18279,188,0,6,0,125,14,689,0,33,7,"Anderson",76978,115.617449141313,0.0752306600425834,244.225622905246,18.1870144716672,162.384057782743,7.52306600425834
2020-08-20,835,15,817,15,18,0,986,16,17751,442,18737,458,0,6,5,130,10,699,0,33,8,"Anderson",76978,111.720231754527,0.0606811145510836,594.975187715971,19.4860869339292,168.879420094053,6.06811145510836
2020-08-21,838,3,820,3,18,0,989,3,17787,36,18776,39,1,7,-7,123,9,708,0,33,8,"Anderson",76978,93.53321728286,0.0606293169608596,50.6638260282159,3.89721738678583,159.785912858219,6.06293169608596
2020-08-22,856,18,838,18,18,0,1008,19,18331,544,19339,563,1,8,10,133,7,715,1,34,8,"Anderson",76978,103.925796980956,0.052728387492336,731.377796253475,23.383304320715,172.776637480839,5.2728387492336
2020-08-23,857,1,839,1,18,0,1009,1,18415,84,19424,85,0,8,-5,128,6,721,0,34,8,"Anderson",76978,89.6359998960742,0.0467948717948718,110.421159292265,1.29907246226194,166.281275169529,4.67948717948718
2020-08-24,858,1,839,0,19,1,1009,0,18454,39,19463,39,0,8,-19,109,20,741,0,34,8,"Anderson",76978,85.7387825092884,0.0450740502253702,50.6638260282159,1.29907246226194,141.598898386552,4.50740502253703
2020-08-25,866,8,847,8,19,0,1017,8,18606,152,19623,160,0,8,-2,107,10,751,1,35,8,"Anderson",76978,77.9443477357167,0.0398172323759791,207.851593961911,10.3925796980956,139.000753462028,3.98172323759791
2020-08-26,872,6,853,6,19,0,1023,6,18786,180,19809,186,0,8,-14,93,20,771,0,35,8,"Anderson",76978,67.5517680376211,0.034640522875817,241.627477980722,7.79443477357167,120.813738990361,3.4640522875817
2020-08-27,875,3,856,3,19,0,1026,3,19197,411,20223,414,0,8,-16,77,19,790,0,35,8,"Anderson",76978,51.9628984904778,0.0269179004037685,537.815999376445,3.89721738678583,100.02857959417,2.69179004037685
2020-08-28,875,0,856,0,19,0,1026,0,19235,38,20261,38,0,8,-20,57,20,810,0,35,8,"Anderson",76978,48.065681103692,0.0249158249158249,49.3647535659539,0,74.0471303489309,2.49158249158249
2020-08-29,884,9,864,8,20,1,1034,8,19497,262,20531,270,0,8,3,60,6,816,0,35,8,"Anderson",76978,36.3740289433345,0.0218120805369128,350.749564810725,11.6916521603575,77.9443477357167,2.18120805369128
2020-08-30,900,16,880,16,20,0,1050,16,19580,83,20630,99,0,8,8,68,8,824,0,35,8,"Anderson",76978,55.8601158772636,0.0339966832504146,128.608173763933,20.7851593961911,88.3369274338123,3.39966832504146
2020-08-31,902,2,882,2,20,0,1052,2,19638,58,20690,60,0,8,-15,53,17,841,0,35,8,"Anderson",76978,57.1591883395256,0.0350448247758761,77.9443477357167,2.59814492452389,68.8508404998831,3.50448247758761
2020-09-01,909,7,888,6,21,1,1058,6,19749,111,20807,117,0,8,0,53,7,848,0,35,8,"Anderson",76978,55.8601158772636,0.0346283783783784,151.991478084648,9.09350723583361,68.8508404998831,3.46283783783784
2020-09-02,917,8,894,6,23,2,1068,10,20065,316,21133,326,0,8,5,58,3,851,0,35,8,"Anderson",76978,58.4582608017875,0.033987915407855,423.497622697394,10.3925796980956,75.3462028111928,3.3987915407855
2020-09-03,933,16,908,14,25,2,1084,16,20389,324,21473,340,0,8,10,68,6,857,0,35,9,"Anderson",76978,75.3462028111928,0.0464,441.684637169061,20.7851593961911,88.3369274338123,4.64
2020-09-04,942,9,916,8,26,1,1094,10,20578,189,21672,199,0,8,6,74,3,860,0,35,9,"Anderson",76978,87.0378549715503,0.0481927710843374,258.515419990127,11.6916521603575,96.1313622073839,4.81927710843374
2020-09-05,961,19,935,19,26,0,1115,21,20847,269,21962,290,0,8,16,90,3,863,1,36,10,"Anderson",76978,100.02857959417,0.0566037735849057,376.731014055964,24.682376782977,116.916521603575,5.66037735849057
2020-09-06,963,2,937,2,26,0,1117,2,20903,56,22020,58,0,8,-1,89,3,866,0,36,10,"Anderson",76978,81.8415651225025,0.0482014388489209,75.3462028111928,2.59814492452389,115.617449141313,4.82014388489209
2020-09-07,966,3,940,3,26,0,1122,5,20991,88,22113,93,0,8,-8,81,11,877,0,36,10,"Anderson",76978,83.1406375847645,0.0491918482080112,120.813738990361,3.89721738678583,105.224869443218,4.91918482080112
2020-09-08,975,9,943,3,32,6,1126,4,21166,175,22292,179,1,9,4,85,4,881,0,36,10,"Anderson",76978,85.7387825092884,0.0457912457912458,232.533970744888,11.6916521603575,110.421159292265,4.57912457912458
2020-09-09,984,9,952,9,32,0,1135,9,21407,241,22542,250,0,9,-3,82,12,893,1,37,11,"Anderson",76978,87.0378549715503,0.0475514549325763,324.768115565486,11.6916521603575,106.523941905479,4.75514549325763
2020-09-10,1013,29,980,28,33,1,1165,30,21776,369,22941,399,1,10,25,107,3,896,0,37,11,"Anderson",76978,103.925796980956,0.0551771117166213,518.329912442516,37.6731014055964,139.000753462028,5.51771117166213
2020-09-11,1014,1,981,1,33,0,1167,2,21909,133,23076,135,0,10,-13,94,14,910,0,37,11,"Anderson",76978,93.53321728286,0.051994301994302,175.374782405363,1.29907246226194,122.112811452623,5.1994301994302
2020-09-12,1017,3,984,3,33,0,1172,5,22051,142,23223,147,0,10,-5,89,8,918,0,37,11,"Anderson",76978,72.7480578866689,0.0452022204599524,190.963651952506,3.89721738678583,115.617449141313,4.52022204599524
2020-09-13,1038,21,1004,20,34,1,1193,21,22295,244,23488,265,0,10,16,105,5,923,1,38,11,"Anderson",76978,97.4304346696459,0.0517711171662125,344.254202499415,27.2805217075008,136.402608537504,5.17711171662125
2020-09-14,1044,6,1009,5,35,1,1199,6,22401,106,23600,112,0,10,-7,98,13,936,1,39,11,"Anderson",76978,101.327652056432,0.0517821116341627,145.496115773338,7.79443477357167,127.309101301671,5.17821116341627
2020-09-15,1060,16,1025,16,35,0,1216,17,22641,240,23857,257,1,11,5,103,10,946,1,40,12,"Anderson",76978,110.421159292265,0.0575079872204473,333.86162280132,20.7851593961911,133.80446361298,5.75079872204473
2020-09-16,1068,8,1033,8,35,0,1228,12,22777,136,24005,148,0,11,-5,98,13,959,0,40,12,"Anderson",76978,109.122086830003,0.063568010936432,192.262724414768,10.3925796980956,127.309101301671,6.3568010936432
2020-09-17,1090,22,1053,20,37,2,1248,20,23198,421,24446,441,0,11,15,113,7,966,1,41,12,"Anderson",76978,100.02857959417,0.0551495016611296,572.890955857518,28.5795941697628,146.7951882356,5.51495016611296
2020-09-18,1109,19,1072,19,37,0,1266,18,23422,224,24688,242,0,11,6,119,13,979,0,41,12,"Anderson",76978,123.411883914885,0.0614143920595533,314.375535867391,24.682376782977,154.589623009171,6.14143920595533
2020-09-19,1124,15,1087,15,37,0,1287,21,23704,282,24991,303,0,11,9,128,6,985,1,42,12,"Anderson",76978,139.000753462028,0.0650452488687783,393.618956065369,19.4860869339292,166.281275169529,6.50452488687783
2020-09-20,1131,7,1094,7,37,0,1297,10,23856,152,25153,162,0,11,0,128,7,992,0,42,13,"Anderson",76978,120.813738990361,0.0624624624624625,210.449738886435,9.09350723583361,166.281275169529,6.24624624624625
2020-09-21,1133,2,1096,2,37,0,1299,2,23889,33,25188,35,0,11,-6,122,8,1000,0,42,13,"Anderson",76978,115.617449141313,0.0629722921914358,45.4675361791681,2.59814492452389,158.486840395957,6.29722921914358
2020-09-22,1147,14,1110,14,37,0,1316,17,24137,248,25453,265,0,11,0,122,14,1014,1,43,13,"Anderson",76978,113.019304216789,0.06265664160401,344.254202499415,18.1870144716672,158.486840395957,6.265664160401
2020-09-23,1147,0,1110,0,37,0,1316,0,24178,41,25494,41,0,11,-12,110,12,1026,0,43,13,"Anderson",76978,102.626724518694,0.0591000671591672,53.2619709527397,0,142.897970848814,5.91000671591672
2020-09-24,1160,13,1123,13,37,0,1331,15,24502,324,25833,339,1,12,0,110,12,1038,0,43,13,"Anderson",76978,90.9350723583361,0.0598413842826244,440.385564706799,16.8879420094053,142.897970848814,5.98413842826244
2020-09-25,1174,14,1136,13,38,1,1344,13,24738,236,26082,249,1,13,-2,108,15,1053,0,43,13,"Anderson",76978,84.4397100470264,0.0559540889526542,323.469043103224,18.1870144716672,140.29982592429,5.59540889526542
2020-09-26,1188,14,1150,14,38,0,1361,17,25038,300,26399,317,0,13,8,116,6,1059,0,43,13,"Anderson",76978,83.1406375847645,0.0525568181818182,411.805970537037,18.1870144716672,150.692405622386,5.25568181818182
2020-09-27,1207,19,1167,17,40,2,1377,16,25245,207,26622,223,0,13,12,128,7,1066,0,43,13,"Anderson",76978,98.7295071319078,0.0544588155207624,289.693159084414,24.682376782977,166.281275169529,5.44588155207624
2020-09-28,1210,3,1169,2,41,1,1379,2,25282,37,26661,39,0,13,-9,119,12,1078,0,43,13,"Anderson",76978,100.02857959417,0.0543109300746775,50.6638260282159,3.89721738678583,154.589623009171,5.43109300746775
2020-09-29,1221,11,1179,10,42,1,1389,10,25576,294,26965,304,0,13,-7,112,18,1096,0,43,13,"Anderson",76978,96.1313622073839,0.0482804232804233,394.918028527631,14.2897970848814,145.496115773338,4.82804232804233
2020-09-30,1233,12,1189,10,44,2,1399,10,25642,66,27041,76,0,13,3,115,9,1105,0,43,13,"Anderson",76978,111.720231754527,0.0536522301228184,98.7295071319078,15.5888695471433,149.393333160124,5.36522301228184
2020-10-01,1249,16,1203,14,46,2,1414,15,25922,280,27336,295,0,13,4,119,12,1117,0,43,13,"Anderson",76978,115.617449141313,0.0552228875582169,383.226376367274,20.7851593961911,154.589623009171,5.52228875582169
2020-10-02,1256,7,1209,6,47,1,1421,7,26004,82,27425,89,0,13,1,120,6,1123,0,43,13,"Anderson",76978,106.523941905479,0.0573343261355175,115.617449141313,9.09350723583361,155.888695471433,5.73343261355175
2020-10-03,1272,16,1225,16,47,0,1445,24,26268,264,27713,288,0,13,3,123,13,1136,0,43,13,"Anderson",76978,109.122086830003,0.0639269406392694,374.13286913144,20.7851593961911,159.785912858219,6.39269406392694
2020-10-04,1288,16,1239,14,49,2,1461,16,26605,337,28066,353,0,13,8,131,8,1144,0,43,13,"Anderson",76978,105.224869443218,0.0581717451523546,458.572579178467,20.7851593961911,170.178492556315,5.81717451523546
2020-10-05,1314,26,1264,25,50,1,1488,27,26816,211,28304,238,0,13,11,142,15,1159,1,44,13,"Anderson",76978,135.103536075242,0.0663420572124163,309.179246018343,33.7758840188106,184.468289641196,6.63420572124163
2020-10-06,1342,28,1291,27,51,1,1520,32,27153,337,28673,369,0,13,15,157,13,1172,1,45,13,"Anderson",76978,157.187767933695,0.0766978922716628,479.357738574658,36.3740289433345,203.954376575125,7.66978922716628
2020-10-07,1348,6,1297,6,51,0,1528,8,27388,235,28916,243,0,13,-3,154,9,1181,0,45,13,"Anderson",76978,149.393333160124,0.0688,315.674608329653,7.79443477357167,200.05715918834,6.88
2020-10-08,1358,10,1305,8,53,2,1537,9,27627,239,29164,248,0,13,-3,151,13,1194,1,46,13,"Anderson",76978,141.598898386552,0.0672866520787746,322.169970640962,12.9907246226195,196.159941801554,6.72866520787746
2020-10-09,1373,15,1318,13,55,2,1553,16,27800,173,29353,189,0,13,-2,149,17,1211,0,46,13,"Anderson",76978,151.991478084648,0.0684647302904564,245.524695367508,19.4860869339292,193.56179687703,6.84647302904564
2020-10-10,1389,16,1334,16,55,0,1573,20,28012,212,29585,232,0,13,3,152,13,1224,1,47,14,"Anderson",76978,151.991478084648,0.0683760683760684,301.384811244771,20.7851593961911,197.459014263816,6.83760683760684
2020-10-11,1417,28,1362,28,55,0,1604,31,28301,289,29905,320,0,13,18,170,10,1234,0,47,14,"Anderson",76978,167.580347631791,0.0777596519847743,415.703187923822,36.3740289433345,220.842318584531,7.77596519847743
2020-10-12,1433,16,1377,15,56,1,1620,16,28380,79,30000,95,0,13,-11,159,27,1261,0,47,14,"Anderson",76978,154.589623009171,0.0778301886792453,123.411883914885,20.7851593961911,206.552521499649,7.78301886792453
2020-10-13,1453,20,1395,18,58,2,1638,18,28501,121,30139,139,0,13,7,166,13,1274,0,47,14,"Anderson",76978,144.197043311076,0.0804911323328786,180.57107225441,25.9814492452389,215.646028735483,8.04911323328786
2020-10-14,1475,22,1417,22,58,0,1662,24,28801,300,30463,324,0,13,12,178,10,1284,0,47,14,"Anderson",76978,164.982202707267,0.0866192630898513,420.89947777287,28.5795941697628,231.234898282626,8.66192630898513
2020-10-15,1497,22,1433,16,64,6,1676,14,28952,151,30628,165,0,13,2,180,20,1304,1,48,14,"Anderson",76978,180.57107225441,0.0949453551912568,214.346956273221,28.5795941697628,233.83304320715,9.49453551912568
2020-10-16,1504,7,1436,3,68,4,1680,4,29051,99,30731,103,0,13,-11,169,18,1322,0,48,15,"Anderson",76978,170.178492556315,0.0921625544267054,133.80446361298,9.09350723583361,219.543246122269,9.21625544267054
2020-10-17,1532,28,1463,27,69,1,1710,30,29299,248,31009,278,0,13,14,183,14,1336,2,50,15,"Anderson",76978,185.767362103458,0.0962078651685393,361.142144508821,36.3740289433345,237.730260593936,9.62078651685393
2020-10-18,1552,20,1483,20,69,0,1733,23,29538,239,31271,262,0,13,5,188,15,1351,0,50,15,"Anderson",76978,175.374782405363,0.0944363103953148,340.35698511263,25.9814492452389,244.225622905246,9.44363103953148
2020-10-19,1556,4,1487,4,69,0,1738,5,29615,77,31353,82,0,13,-16,172,20,1371,1,51,15,"Anderson",76978,159.785912858219,0.0872135994087214,106.523941905479,5.19628984904778,223.440463509055,8.72135994087214
2020-10-20,1583,27,1514,27,69,0,1773,35,29814,199,31587,234,0,13,6,178,21,1392,0,51,15,"Anderson",76978,168.879420094053,0.093232044198895,303.982956169295,35.0749564810725,231.234898282626,9.3232044198895
2020-10-21,1600,17,1531,17,69,0,1792,19,30030,216,31822,235,0,13,8,186,9,1401,1,52,15,"Anderson",76978,162.384057782743,0.0956585724797645,305.282028631557,22.0842318584531,241.627477980722,9.56585724797645
2020-10-22,1621,21,1552,21,69,0,1817,25,30362,332,32179,357,1,14,-4,182,24,1425,0,52,15,"Anderson",76978,161.084985320481,0.0909090909090909,463.768869027514,27.2805217075008,236.431188131674,9.09090909090909
2020-10-23,1636,15,1566,14,70,1,1833,16,30637,275,32470,291,0,14,-7,175,22,1447,0,52,15,"Anderson",76978,171.477565018577,0.0879815986198965,378.030086518226,19.4860869339292,227.33768089584,8.79815986198965
2020-10-24,1667,31,1596,30,71,1,1866,33,31013,376,32879,409,0,14,19,194,12,1459,2,54,17,"Anderson",76978,175.374782405363,0.0834224598930481,531.320637065136,40.2712463301203,252.020057678817,8.34224598930481
2020-10-25,1684,17,1612,16,72,1,1885,19,31209,196,33094,215,0,14,0,194,17,1476,4,58,17,"Anderson",76978,171.477565018577,0.0833790455293472,279.300579386318,22.0842318584531,252.020057678817,8.33790455293472
2020-10-26,1700,16,1627,15,73,1,1903,18,31343,134,33246,152,-1,13,-11,183,28,1504,1,59,17,"Anderson",76978,187.06643456572,0.0871632329635499,197.459014263816,20.7851593961911,237.730260593936,8.71632329635499
2020-10-27,1729,29,1651,24,78,5,1927,24,31498,155,33425,179,1,14,10,193,18,1522,2,61,17,"Anderson",76978,189.664579490244,0.0837867247007617,232.533970744888,37.6731014055964,250.720985216555,8.37867247007617
2020-10-28,1785,56,1705,54,80,2,1986,59,31932,434,33918,493,0,14,33,226,23,1545,0,61,17,"Anderson",76978,240.32840551846,0.0925572519083969,640.442723895139,72.7480578866689,293.5903764712,9.25572519083969
2020-10-29,1814,29,1726,21,88,8,2005,19,32138,206,34143,225,0,14,6,232,23,1568,2,63,17,"Anderson",76978,250.720985216555,0.0957230142566191,292.291304008938,37.6731014055964,301.384811244771,9.57230142566191
2020-10-30,1851,37,1760,34,91,3,2043,38,32289,151,34332,189,2,16,20,252,15,1583,1,64,17,"Anderson",76978,279.300579386318,0.112781954887218,245.524695367508,48.065681103692,327.36626049001,11.2781954887218
2020-10-31,1851,0,1760,0,91,0,2043,0,32290,1,34333,1,0,16,-10,242,10,1593,0,64,19,"Anderson",76978,239.029333056198,0.121733149931224,1.29907246226194,0,314.375535867391,12.1733149931224
2020-11-01,1856,5,1765,5,91,0,2051,8,32534,244,34585,252,0,16,-10,232,15,1608,0,64,19,"Anderson",76978,223.440463509055,0.111334674714956,327.36626049001,6.49536231130973,301.384811244771,11.1334674714956
2020-11-02,1889,33,1796,31,93,2,2086,35,32801,267,34887,302,0,16,8,240,25,1633,0,64,20,"Anderson",76978,245.524695367508,0.111517367458867,392.319883603107,42.8693912546442,311.777390942867,11.1517367458867
2020-11-03,1915,26,1821,25,94,1,2111,25,32981,180,35092,205,0,16,6,246,20,1653,0,64,21,"Anderson",76978,241.627477980722,0.110377924415117,266.309854763699,33.7758840188106,319.571825716438,11.0377924415117
2020-11-04,1933,18,1836,15,97,3,2129,18,33060,79,35189,97,2,18,1,247,15,1668,1,65,21,"Anderson",76978,192.262724414768,0.112509834775767,126.010028839409,23.383304320715,320.8708981787,11.2509834775767
2020-11-05,1957,24,1854,18,103,6,2149,20,33159,99,35308,119,0,18,1,248,23,1691,0,65,22,"Anderson",76978,185.767362103458,0.123605150214592,154.589623009171,31.1777390942867,322.169970640962,12.3605150214592
2020-11-06,2006,49,1900,46,106,3,2198,49,33526,367,35724,416,0,18,24,272,25,1716,2,67,23,"Anderson",76978,201.356231650601,0.111350574712644,540.414144300969,63.6545506508353,353.347709735249,11.1350574712644
2020-11-07,2086,80,1977,77,109,3,2275,77,33973,447,36248,524,0,18,50,322,30,1746,0,67,23,"Anderson",76978,305.282028631557,0.121148825065274,680.713970225259,103.925796980956,418.301332848346,12.1148825065274
2020-11-08,2140,54,2028,51,112,3,2337,62,34583,610,36920,672,0,18,39,361,15,1761,1,68,23,"Anderson",76978,368.936579282392,0.122483940042827,872.976694640027,70.149912962145,468.965158876562,12.2483940042827
2020-11-09,2148,8,2035,7,113,1,2346,9,34657,74,37003,83,0,18,-46,315,54,1815,0,68,23,"Anderson",76978,336.459767725844,0.122873345935728,107.823014367741,10.3925796980956,409.207825612513,12.2873345935728
2020-11-10,2167,19,2053,18,114,1,2368,22,34828,171,37196,193,0,18,-16,299,35,1850,1,69,23,"Anderson",76978,327.36626049001,0.122148288973384,250.720985216555,24.682376782977,388.422666216322,12.2148288973384
2020-11-11,2206,39,2089,36,117,3,2410,42,35101,273,37511,315,1,19,13,312,25,1875,1,70,23,"Anderson",76978,354.646782197511,0.121016365202412,409.207825612513,50.6638260282159,405.310608225727,12.1016365202412
2020-11-12,2213,7,2095,6,118,1,2418,8,35299,198,37717,206,0,19,-13,299,20,1895,0,70,24,"Anderson",76978,332.562550339058,0.111664591116646,267.608927225961,9.09350723583361,388.422666216322,11.1664591116646
2020-11-13,2269,56,2148,53,121,3,2477,59,35561,262,38038,321,2,21,31,330,23,1918,2,72,24,"Anderson",76978,341.656057574892,0.12057044079516,417.002260386084,72.7480578866689,428.693912546442,12.057044079516
2020-11-14,2310,41,2188,40,122,1,2522,45,35957,396,38479,441,1,22,20,350,20,1938,1,73,25,"Anderson",76978,290.992231546676,0.110712684894666,572.890955857518,53.2619709527397,454.675361791681,11.0712684894666
2020-11-15,2408,98,2286,98,122,0,2630,108,36539,582,39169,690,1,23,79,429,18,1956,1,74,25,"Anderson",76978,348.151419886201,0.130280124499778,896.359998960742,127.309101301671,557.302086310374,13.0280124499778
2020-11-16,2457,49,2315,29,142,20,2659,29,36816,277,39475,306,0,23,-6,423,55,2011,1,75,25,"Anderson",76978,401.413390838941,0.126618122977346,397.516173452155,63.6545506508353,549.507651536803,12.6618122977346
2020-11-17,2473,16,2330,15,143,1,2675,16,37022,206,39697,222,2,25,-37,386,51,2062,1,76,26,"Anderson",76978,397.516173452155,0.122750899640144,288.394086622152,20.7851593961911,501.441970433111,12.2750899640144
2020-11-18,2503,30,2356,26,147,4,2701,26,37316,294,40017,320,0,25,-5,381,35,2097,0,76,27,"Anderson",76978,385.824521291798,0.116121308858739,415.703187923822,38.9721738678584,494.946608121801,11.6121308858739
2020-11-19,2561,58,2410,54,151,4,2763,62,37732,416,40495,478,0,25,19,400,39,2136,1,77,27,"Anderson",76978,452.077216867157,0.124190064794816,620.95663696121,75.3462028111928,519.628984904778,12.4190064794816
2020-11-20,2591,30,2437,27,154,3,2794,31,37846,114,40640,145,0,25,-10,390,40,2176,0,77,28,"Anderson",76978,418.301332848346,0.121829362029208,188.365507027982,38.9721738678584,506.638260282159,12.1829362029208
2020-11-21,2648,57,2486,49,162,8,2842,48,38190,344,41032,392,0,25,34,424,23,2199,1,78,28,"Anderson",76978,439.086492244537,0.125342734038386,509.236405206682,74.0471303489309,550.806723999065,12.5342734038386
2020-11-22,2704,56,2535,49,169,7,2899,57,38673,483,41572,540,0,25,42,466,14,2213,1,79,31,"Anderson",76978,384.525448829536,0.111943404078236,701.49912962145,72.7480578866689,605.367767414066,11.1943404078236
2020-11-23,2711,7,2541,6,170,1,2905,6,38695,22,41600,28,0,25,-64,402,71,2284,0,79,32,"Anderson",76978,329.964405414534,0.115764705882353,36.3740289433345,9.09350723583361,522.227129829302,11.5764705882353
2020-11-24,2724,13,2553,12,171,1,2917,12,38852,157,41769,169,2,27,-35,367,46,2330,0,79,32,"Anderson",76978,326.067188027748,0.116795366795367,219.543246122269,16.8879420094053,476.759593650134,11.6795366795367
2020-11-25,2752,28,2574,21,178,7,2938,21,38889,37,41827,58,1,28,-11,356,38,2368,0,79,32,"Anderson",76978,323.469043103224,0.130939226519337,75.3462028111928,36.3740289433345,462.469796565252,13.0939226519337
2020-11-26,2797,45,2616,42,181,3,2983,45,39239,350,42222,395,0,28,-30,326,75,2443,1,80,33,"Anderson",76978,306.581101093819,0.127388535031847,513.133622593468,58.4582608017875,423.497622697394,12.7388535031847
2020-11-27,2896,99,2706,90,190,9,3078,95,39665,426,42743,521,0,28,56,382,43,2486,3,83,35,"Anderson",76978,396.217100989893,0.135045173561579,676.816752838473,128.608173763933,496.245680584063,13.5045173561579
2020-11-28,2927,31,2731,25,196,6,3108,30,39808,143,42916,173,1,29,5,387,25,2511,2,85,35,"Anderson",76978,362.441216971083,0.141188959660297,224.739535971316,40.2712463301203,502.741042895373,14.1188959660297
2020-11-29,3018,91,2820,89,198,2,3204,96,40245,437,43449,533,0,29,65,452,26,2537,1,86,35,"Anderson",76978,407.908753150251,0.162493340436867,692.405622385617,118.215594065837,587.180752942399,16.2493340436867
2020-11-30,3088,70,2886,66,202,4,3277,73,40497,252,43774,325,0,29,1,453,69,2606,0,86,37,"Anderson",76978,489.750318272753,0.171113155473781,422.198550235132,90.9350723583361,588.479825404661,17.1113155473781
2020-12-01,3164,76,2952,66,212,10,3349,72,40928,431,44277,503,1,30,14,467,61,2667,6,92,38,"Anderson",76978,571.591883395256,0.172248803827751,653.433448517758,98.7295071319078,606.666839876328,17.2248803827751
2020-12-02,3179,15,2966,14,213,1,3365,16,41036,108,44401,124,0,30,-40,427,55,2722,0,92,38,"Anderson",76978,554.70394138585,0.165889665889666,161.084985320481,19.4860869339292,554.70394138585,16.5889665889666
2020-12-03,3220,41,2995,29,225,12,3398,33,41260,224,44658,257,1,31,-14,413,54,2776,1,93,39,"Anderson",76978,549.507651536803,0.170361247947455,333.86162280132,53.2619709527397,536.516926914183,17.0361247947455
2020-12-04,3287,67,3055,60,232,7,3461,63,41418,158,44879,221,1,32,-25,388,91,2867,0,93,39,"Anderson",76978,507.93733274442,0.179307116104869,287.09501415989,87.0378549715503,504.040115357635,17.9307116104869
2020-12-05,3318,31,3074,19,244,12,3479,18,41485,67,44964,85,0,32,1,389,30,2897,0,93,39,"Anderson",76978,507.93733274442,0.18115234375,110.421159292265,40.2712463301203,505.339187819897,18.115234375
2020-12-06,3354,36,3103,29,251,7,3507,28,41693,208,45200,236,0,32,12,401,24,2921,2,95,40,"Anderson",76978,436.488347320014,0.173043974871502,306.581101093819,46.76660864143,520.92805736704,17.3043974871502
2020-12-07,3494,140,3227,124,267,16,3643,136,42286,593,45929,729,2,34,28,429,110,3031,4,99,41,"Anderson",76978,527.42341967835,0.169837587006961,947.023824988958,181.870144716672,557.302086310374,16.9837587006961
2020-12-08,3565,71,3276,49,289,22,3695,52,42584,298,46279,350,1,35,-8,421,78,3109,2,101,43,"Anderson",76978,520.92805736704,0.172827172827173,454.675361791681,92.2341448205981,546.909506612279,17.2827172827173
2020-12-09,3670,105,3367,91,303,14,3799,104,42845,261,46644,365,0,35,46,467,59,3168,3,104,44,"Anderson",76978,637.844578970615,0.193490860454748,474.16144872561,136.402608537504,606.666839876328,19.3490860454748
2020-12-10,3764,94,3445,78,319,16,3886,87,43377,532,47263,619,3,38,81,548,10,3178,3,107,45,"Anderson",76978,706.695419470498,0.187332053742802,804.125854140144,122.112811452623,711.891709319546,18.7332053742802
2020-12-11,3837,73,3498,53,339,20,3937,51,43543,166,47480,217,1,39,30,578,42,3220,2,109,45,"Anderson",76978,714.48985424407,0.183006535947712,281.898724310842,94.832289745122,750.863883187404,18.3006535947712
2020-12-12,3925,88,3559,61,366,27,4002,65,44056,513,48058,578,0,39,55,633,33,3253,2,111,45,"Anderson",76978,788.536984593001,0.169036845507434,750.863883187404,114.318376679051,822.312868611811,16.9036845507434
2020-12-13,4157,232,3742,183,415,49,4206,204,44928,872,49134,1076,1,40,188,821,43,3296,0,111,47,"Anderson",76978,1043.15518719634,0.177681748856126,1397.80196939385,301.384811244771,1066.53849151706,17.7681748856126
2020-12-14,4272,115,3827,85,445,30,4305,99,45219,291,49524,390,0,40,-37,784,152,3448,1,112,48,"Anderson",76978,1010.67837563979,0.184144645340751,506.638260282159,149.393333160124,1018.47281041336,18.4144645340751
2020-12-15,4407,135,3912,85,495,50,4401,96,45746,527,50147,623,1,41,42,826,92,3540,6,118,51,"Anderson",76978,1093.81901322456,0.182523267838676,809.322143989192,175.374782405363,1073.03385382837,18.2523267838676
2020-12-16,4476,69,3942,30,534,39,4437,36,46069,323,50506,359,2,43,-17,809,84,3624,4,122,52,"Anderson",76978,1047.05240458313,0.165199378560331,466.367013952038,89.6359998960742,1050.94962196991,16.5199378560331
2020-12-17,4677,201,4116,174,561,27,4631,194,46597,528,51228,722,2,45,114,923,85,3709,2,124,54,"Anderson",76978,1186.05315804516,0.187894073139975,937.930317753124,261.113564914651,1199.04388266778,18.7894073139975
2020-12-18,4775,98,4192,76,583,22,4718,87,46963,366,51681,453,1,46,23,946,74,3783,2,126,54,"Anderson",76978,1218.5299696017,0.185908117114973,588.479825404661,127.309101301671,1228.9225492998,18.5908117114973
2020-12-19,4880,105,4273,81,607,24,4805,87,47221,258,52026,345,0,46,74,1020,31,3814,1,127,55,"Anderson",76978,1240.61420146016,0.202368951612903,448.179999480371,136.402608537504,1325.05391150718,20.2368951612903
2020-12-20,5020,140,4395,122,625,18,4942,137,47685,464,52627,601,2,48,84,1104,54,3868,3,130,56,"Anderson",76978,1121.09953493206,0.2107071285428,780.742549819429,181.870144716672,1434.17599833719,21.07071285428
2020-12-21,5068,48,4413,18,655,30,4965,23,47905,220,52870,243,3,51,-83,1021,128,3996,2,132,59,"Anderson",76978,1034.06167996051,0.197250448296473,315.674608329653,62.3554781885734,1326.35298396945,19.7250448296473
2020-12-22,5138,70,4457,44,681,26,5012,47,48011,106,53023,153,1,52,-31,990,100,4096,2,134,64,"Anderson",76978,949.621969913482,0.212447844228095,198.758086726078,90.9350723583361,1286.08173763933,21.2447844228095
2020-12-23,5212,74,4499,42,713,32,5055,43,48327,316,53382,359,2,54,-8,982,80,4176,2,136,66,"Anderson",76978,956.117332224792,0.214881780250348,466.367013952038,96.1313622073839,1275.68915794123,21.4881780250348
2020-12-24,5270,58,4523,24,747,34,5082,27,48479,152,53561,179,1,55,-47,935,104,4280,1,137,71,"Anderson",76978,770.349970121333,0.193313330475782,232.533970744888,75.3462028111928,1214.63275221492,19.3313330475782
2020-12-25,5364,94,4601,78,763,16,5175,93,48888,409,54063,502,0,55,-16,919,110,4390,1,138,72,"Anderson",76978,765.153680272286,0.191855583543241,652.134376055496,122.112811452623,1193.84759281873,19.1855583543241
2020-12-26,5420,56,4630,29,790,27,5203,28,49007,119,54210,147,0,55,6,925,50,4440,3,141,74,"Anderson",76978,701.49912962145,0.182234432234432,190.963651952506,72.7480578866689,1201.6420275923,18.2234432234432
2020-12-27,5480,60,4667,37,813,23,5239,36,49143,136,54382,172,1,56,29,954,30,4470,6,147,75,"Anderson",76978,597.573332640495,0.169230769230769,223.440463509055,77.9443477357167,1239.3151289979,16.9230769230769
2020-12-28,5527,47,4688,21,839,26,5259,20,49212,69,54471,89,2,58,-85,869,130,4600,4,151,82,"Anderson",76978,596.274260178233,0.183635227982511,115.617449141313,61.0564057263114,1128.89396970563,18.3635227982511
2020-12-29,5623,96,4740,52,883,44,5307,48,49307,95,54614,143,2,60,-34,835,128,4728,5,156,85,"Anderson",76978,630.050144197043,0.185417976115651,185.767362103458,124.710956377147,1084.72550598872,18.5417976115651
2020-12-30,5658,35,4758,18,900,17,5324,17,49435,128,54759,145,6,66,-89,746,118,4846,1,157,88,"Anderson",76978,579.386318168827,0.195352214960058,188.365507027982,45.4675361791681,969.108056847411,19.5352214960058
2020-12-31,5821,163,4858,100,963,63,5426,102,49739,304,55165,406,6,72,63,809,94,4940,1,158,93,"Anderson",76978,715.788926706332,0.214463840399002,527.42341967835,211.748811348697,1050.94962196991,21.4463840399002
2021-01-01,5886,65,4900,42,986,23,5481,55,50015,276,55496,331,0,72,-25,784,90,5030,2,160,94,"Anderson",76978,678.115825300735,0.213538032100488,429.992985008704,84.4397100470264,1018.47281041336,21.3538032100488
2021-01-02,5979,93,4941,41,1038,52,5522,41,50300,285,55822,326,0,72,48,832,45,5075,2,162,96,"Anderson",76978,726.181506404427,0.197890818858561,423.497622697394,120.813738990361,1080.82828860194,19.7890818858561
2021-01-03,6004,25,4953,12,1051,13,5538,16,50352,52,55890,68,0,72,-9,823,34,5109,1,163,98,"Anderson",76978,680.713970225259,0.198275862068966,88.3369274338123,32.4768115565486,1069.13663644158,19.8275862068966
2021-01-04,6041,37,4977,24,1064,13,5569,31,50459,107,56028,138,1,73,-57,766,93,5202,0,163,103,"Anderson",76978,667.72324560264,0.199100834938985,179.271999792148,48.065681103692,995.08950609265,19.9100834938985
2021-01-05,6113,72,5008,31,1105,41,5600,31,50577,118,56177,149,2,75,-48,718,118,5320,2,165,106,"Anderson",76978,636.545506508353,0.187460012795905,193.56179687703,93.53321728286,932.734027904076,18.7460012795905
2021-01-06,6187,74,5048,40,1139,34,5643,43,50738,161,56381,204,5,80,-12,706,81,5401,2,167,108,"Anderson",76978,687.209332536569,0.196670776818742,265.010782301437,96.1313622073839,917.145158356933,19.6670776818742
2021-01-07,6292,105,5128,80,1164,25,5735,92,50959,221,56694,313,1,81,65,771,39,5440,1,168,111,"Anderson",76978,611.863129725376,0.202092871157619,406.609680687989,136.402608537504,1001.58486840396,20.2092871157619
2021-01-08,6374,82,5178,50,1196,32,5787,52,51158,199,56945,251,5,86,61,832,16,5456,2,170,114,"Anderson",76978,633.947361583829,0.211180124223602,326.067188027748,106.523941905479,1080.82828860194,21.1180124223602
2021-01-09,6484,110,5247,69,1237,41,5862,75,51589,431,57451,506,2,88,43,875,65,5521,0,170,116,"Anderson",76978,656.031593442282,0.208717004297115,657.330665904544,142.897970848814,1136.6884044792,20.8717004297115
2021-01-10,6544,60,5272,25,1272,35,5887,25,51683,94,57570,119,2,90,28,903,30,5551,3,173,117,"Anderson",76978,701.49912962145,0.207738095238095,154.589623009171,77.9443477357167,1173.06243342254,20.7738095238095
2021-01-11,6577,33,5282,10,1295,23,5900,13,51754,71,57654,84,1,91,-93,810,125,5676,1,174,119,"Anderson",76978,696.302839772403,0.203567035670357,109.122086830003,42.8693912546442,1052.24869443218,20.3567035670357
2021-01-12,6630,53,5316,34,1314,19,5938,38,51926,172,57864,210,2,93,-100,710,151,5827,1,175,119,"Anderson",76978,671.620462989426,0.200355660936574,272.805217075008,68.8508404998831,922.341448205981,20.0355660936574
2021-01-13,6656,26,5333,17,1323,9,5957,19,52016,90,57973,109,3,96,-44,666,67,5894,0,175,120,"Anderson",76978,609.264984800852,0.197236180904523,141.598898386552,33.7758840188106,865.182259866455,19.7236180904523
2021-01-14,6753,97,5395,62,1358,35,6031,74,52423,407,58454,481,5,101,8,674,84,5978,2,177,122,"Anderson",76978,598.872405102757,0.168181818181818,624.853854347995,126.010028839409,875.574839564551,16.8181818181818
2021-01-15,6787,34,5415,20,1372,14,6055,24,52578,155,58633,179,0,101,-16,658,50,6028,1,178,125,"Anderson",76978,536.516926914183,0.158767772511848,232.533970744888,44.1684637169061,854.78968016836,15.8767772511848
2021-01-16,6851,64,5445,30,1406,34,6088,33,52822,244,58910,277,1,102,2,660,61,6089,1,179,128,"Anderson",76978,476.759593650134,0.154900616860864,359.843072046559,83.1406375847645,857.387825092884,15.4900616860864
2021-01-17,6888,37,5465,20,1423,17,6111,23,52926,104,59037,127,0,102,-6,654,43,6132,0,179,130,"Anderson",76978,446.880927018109,0.152692569870484,164.982202707267,48.065681103692,849.593390319312,15.2692569870484
2021-01-18,6907,19,5473,8,1434,11,6121,10,53022,96,59143,106,1,103,-68,586,86,6218,0,179,131,"Anderson",76978,428.693912546442,0.148421759570181,137.701680999766,24.682376782977,761.2564628855,14.8421759570181
2021-01-19,6949,42,5490,17,1459,25,6141,20,53134,112,59275,132,1,104,-78,508,119,6337,0,179,133,"Anderson",76978,414.40411546156,0.143869596031184,171.477565018577,54.5610434150017,659.928810829068,14.3869596031184
2021-01-20,6977,28,5506,16,1471,12,6160,19,53286,152,59446,171,3,107,-29,479,54,6391,0,179,135,"Anderson",76978,417.002260386084,0.137813985064494,222.141391046793,36.3740289433345,622.255709423472,13.7813985064494
2021-01-21,7033,56,5546,40,1487,16,6199,39,53527,241,59726,280,5,112,-42,437,93,6484,2,181,136,"Anderson",76978,363.740289433345,0.132075471698113,363.740289433345,72.7480578866689,567.69466600847,13.2075471698113
2021-01-22,7071,38,5564,18,1507,20,6221,22,53672,145,59893,167,2,114,-16,421,52,6536,0,181,139,"Anderson",76978,368.936579282392,0.131746031746032,216.945101197745,49.3647535659539,546.909506612279,13.1746031746032
2021-01-23,7109,38,5578,14,1531,24,6234,13,53932,260,60166,273,0,114,8,429,30,6566,1,182,139,"Anderson",76978,335.160695263582,0.116242038216561,354.646782197511,49.3647535659539,557.302086310374,11.6242038216561
2021-01-24,7122,13,5590,12,1532,1,6248,14,53999,67,60247,81,0,114,-21,408,34,6600,0,182,141,"Anderson",76978,303.982956169295,0.113223140495868,105.224869443218,16.8879420094053,530.021564602874,11.3223140495868
2021-01-25,7139,17,5601,11,1538,6,6259,11,54059,60,60318,71,2,116,-47,361,62,6662,1,183,143,"Anderson",76978,301.384811244771,0.117446808510638,92.2341448205981,22.0842318584531,468.965158876562,11.7446808510638
2021-01-26,7166,27,5622,21,1544,6,6284,25,54223,164,60507,189,0,116,-36,325,63,6725,1,184,146,"Anderson",76978,281.898724310842,0.116071428571429,245.524695367508,35.0749564810725,422.198550235132,11.6071428571429
2021-01-27,7183,17,5630,8,1553,9,6293,9,54309,86,60602,95,4,120,-18,307,31,6756,0,184,148,"Anderson",76978,267.608927225961,0.115051903114187,123.411883914885,22.0842318584531,398.815245914417,11.5051903114187
2021-01-28,7270,87,5670,40,1600,47,6340,47,54535,226,60875,273,4,124,24,331,59,6815,0,184,149,"Anderson",76978,307.880173556081,0.122715404699739,354.646782197511,113.019304216789,429.992985008704,12.2715404699739
2021-01-29,7283,13,5674,4,1609,9,6345,5,54580,45,60925,50,1,125,-34,297,46,6861,1,185,149,"Anderson",76978,275.403361999532,0.12015503875969,64.9536231130973,16.8879420094053,385.824521291798,12.015503875969
2021-01-30,7323,40,5709,35,1614,5,6381,36,54839,259,61220,295,2,127,1,298,37,6898,2,187,150,"Anderson",76978,278.001506924056,0.139468690702087,383.226376367274,51.9628984904778,387.12359375406,13.9468690702087
2021-01-31,7339,16,5716,7,1623,9,6392,11,55008,169,61400,180,1,128,-4,294,19,6917,0,187,152,"Anderson",76978,281.898724310842,0.12489158716392,233.83304320715,20.7851593961911,381.927303905012,12.489158716392
2021-02-01,7359,20,5728,12,1631,8,6405,13,55061,53,61466,66,1,129,-26,268,45,6962,1,188,153,"Anderson",76978,285.795941697628,0.127177700348432,85.7387825092884,25.9814492452389,348.151419886201,12.7177700348432
2021-02-02,7366,7,5734,6,1632,1,6411,6,55130,69,61541,75,5,134,-45,223,47,7009,0,188,154,"Anderson",76978,259.814492452389,0.122823984526112,97.4304346696459,9.09350723583361,289.693159084414,12.2823984526112
2021-02-03,7388,22,5740,6,1648,16,6421,10,55322,192,61743,202,4,138,1,224,17,7026,0,188,155,"Anderson",76978,266.309854763699,0.112182296231376,262.412637376913,28.5795941697628,290.992231546676,11.2182296231376
2021-02-04,7418,30,5754,14,1664,16,6438,17,55646,324,62084,341,2,140,-5,219,33,7059,0,188,155,"Anderson",76978,192.262724414768,0.0810587262200165,442.983709631323,38.9721738678584,284.496869235366,8.10587262200166
2021-02-05,7436,18,5765,11,1671,7,6455,17,55803,157,62258,174,2,142,-13,206,29,7088,0,188,156,"Anderson",76978,198.758086726078,0.0825206301575394,226.038608433578,23.383304320715,267.608927225961,8.25206301575394
2021-02-06,7462,26,5781,16,1681,10,6475,20,56025,222,62500,242,1,143,8,214,17,7105,1,189,156,"Anderson",76978,180.57107225441,0.0734375,314.375535867391,33.7758840188106,278.001506924056,7.34375
2021-02-07,7475,13,5788,7,1687,6,6483,8,56132,107,62615,115,0,143,-10,204,23,7128,0,189,156,"Anderson",76978,176.673854867625,0.0748971193415638,149.393333160124,16.8879420094053,265.010782301437,7.48971193415638
2021-02-08,7500,25,5794,6,1706,19,6488,5,56154,22,62642,27,2,145,-13,191,36,7164,0,189,156,"Anderson",76978,183.169217178934,0.070578231292517,35.0749564810725,32.4768115565486,248.122840292031,7.0578231292517
2021-02-09,7524,24,5804,10,1720,14,6499,11,56323,169,62822,180,2,147,-24,167,46,7210,2,191,156,"Anderson",76978,205.253449037387,0.068696330991413,233.83304320715,31.1777390942867,216.945101197745,6.8696330991413
2021-02-10,7549,25,5819,15,1730,10,6518,19,56518,195,63036,214,1,148,8,175,16,7226,1,192,156,"Anderson",76978,209.150666424173,0.0750193348801237,278.001506924056,32.4768115565486,227.33768089584,7.50193348801237
2021-02-11,7562,13,5827,8,1735,5,6530,12,56698,180,63228,192,-1,147,-16,159,30,7256,0,192,157,"Anderson",76978,187.06643456572,0.0804195804195804,249.421912754293,16.8879420094053,206.552521499649,8.04195804195804
2021-02-12,7589,27,5842,15,1747,12,6545,15,56892,194,63437,209,0,147,13,172,14,7270,0,192,157,"Anderson",76978,198.758086726078,0.0763358778625954,271.506144612746,35.0749564810725,223.440463509055,7.63358778625954
2021-02-13,7615,26,5852,10,1763,16,6555,10,57081,189,63636,199,0,147,11,183,15,7285,0,192,157,"Anderson",76978,198.758086726078,0.0704225352112676,258.515419990127,33.7758840188106,237.730260593936,7.04225352112676
2021-02-14,7629,14,5862,10,1767,4,6566,11,57142,61,63708,72,2,149,1,184,11,7296,0,192,157,"Anderson",76978,200.05715918834,0.0759377859103385,93.53321728286,18.1870144716672,239.029333056198,7.59377859103385
2021-02-15,7645,16,5870,8,1775,8,6575,9,57215,73,63790,82,0,149,-6,178,22,7318,1,193,158,"Anderson",76978,188.365507027982,0.0757839721254355,106.523941905479,20.7851593961911,231.234898282626,7.57839721254355
2021-02-16,7674,29,5884,14,1790,15,6592,17,57299,84,63891,101,0,149,11,189,18,7336,0,193,158,"Anderson",76978,194.860869339292,0.0869971936389149,131.206318688456,37.6731014055964,245.524695367508,8.69971936389149
2021-02-17,7693,19,5896,12,1797,7,6604,12,57407,108,64011,120,0,149,-8,181,27,7363,0,193,160,"Anderson",76978,187.06643456572,0.0882051282051282,155.888695471433,24.682376782977,235.132115669412,8.82051282051282
2021-02-18,7717,24,5918,22,1799,2,6630,26,57563,156,64193,182,0,149,9,190,15,7378,0,193,160,"Anderson",76978,201.356231650601,0.103626943005181,236.431188131674,31.1777390942867,246.82376782977,10.3626943005181
2021-02-19,7731,14,5929,11,1802,3,6645,15,57609,46,64254,61,0,149,1,191,13,7391,0,193,161,"Anderson",76978,184.468289641196,0.122399020807834,79.2434201979787,18.1870144716672,248.122840292031,12.2399020807834
2021-02-20,7750,19,5936,7,1814,12,6654,9,57731,122,64385,131,1,150,3,194,15,7406,0,193,162,"Anderson",76978,175.374782405363,0.132176234979973,170.178492556315,24.682376782977,252.020057678817,13.2176234979973
2021-02-21,7762,12,5943,7,1819,5,6661,7,57795,64,64456,71,2,152,-1,193,11,7417,1,194,162,"Anderson",76978,172.776637480839,0.127005347593583,92.2341448205981,15.5888695471433,250.720985216555,12.7005347593583
2021-02-22,7767,5,5945,2,1822,3,6667,6,57832,37,64499,43,1,153,-17,176,21,7438,0,194,163,"Anderson",76978,158.486840395957,0.129760225669958,55.8601158772636,6.49536231130973,228.636753358102,12.9760225669958
2021-02-23,7791,24,5954,9,1837,15,6675,8,57975,143,64650,151,2,155,-2,174,24,7462,0,194,165,"Anderson",76978,151.991478084648,0.10935441370224,196.159941801554,31.1777390942867,226.038608433578,10.935441370224
2021-02-24,7823,32,5973,19,1850,13,6698,23,58149,174,64847,197,0,155,15,189,17,7479,0,194,165,"Anderson",76978,168.879420094053,0.11244019138756,255.917275065603,41.5703187923822,245.524695367508,11.244019138756
2021-02-25,7840,17,5981,8,1859,9,6709,11,58276,127,64985,138,1,156,-4,185,20,7499,0,194,165,"Anderson",76978,159.785912858219,0.0997474747474748,179.271999792148,22.0842318584531,240.32840551846,9.97474747474748
2021-02-26,7852,12,5989,8,1863,4,6718,9,58375,99,65093,108,0,156,-17,168,29,7528,0,194,165,"Anderson",76978,157.187767933695,0.0870083432657926,140.29982592429,15.5888695471433,218.244173660007,8.70083432657926
2021-02-27,7861,9,5996,7,1865,2,6724,6,58467,92,65191,98,0,156,-6,162,15,7543,0,194,165,"Anderson",76978,144.197043311076,0.086848635235732,127.309101301671,11.6916521603575,210.449738886435,8.6848635235732
2021-02-28,7875,14,6006,10,1869,4,6735,11,58538,71,65273,82,0,156,0,162,14,7557,0,194,165,"Anderson",76978,146.7951882356,0.0905752753977968,106.523941905479,18.1870144716672,210.449738886435,9.05752753977968
2021-03-01,7883,8,6011,5,1872,3,6742,7,58573,35,65315,42,0,156,-11,151,19,7576,0,194,165,"Anderson",76978,150.692405622386,0.0919117647058824,54.5610434150017,10.3925796980956,196.159941801554,9.19117647058824
2021-03-02,7906,23,6022,11,1884,12,6752,10,58689,116,65441,126,1,157,-2,149,24,7600,1,195,165,"Anderson",76978,149.393333160124,0.0973451327433628,163.683130245005,29.8786666320247,193.56179687703,9.73451327433628
2021-03-03,7939,33,6043,21,1896,12,6777,25,58805,116,65582,141,1,158,13,162,19,7619,0,195,166,"Anderson",76978,150.692405622386,0.107482993197279,183.169217178934,42.8693912546442,210.449738886435,10.7482993197279
2021-03-04,7964,25,6056,13,1908,12,6794,17,58968,163,65762,180,0,158,13,175,12,7631,0,195,166,"Anderson",76978,161.084985320481,0.109395109395109,233.83304320715,32.4768115565486,227.33768089584,10.9395109395109
2021-03-05,7997,33,6073,17,1924,16,6816,22,59102,134,65918,156,0,158,18,193,15,7646,2,197,166,"Anderson",76978,188.365507027982,0.118787878787879,202.655304112863,42.8693912546442,250.720985216555,11.8787878787879
2021-03-06,8007,10,6078,5,1929,5,6824,8,59191,89,66015,97,0,158,-1,192,11,7657,0,197,166,"Anderson",76978,189.664579490244,0.121359223300971,126.010028839409,12.9907246226195,249.421912754293,12.1359223300971
2021-03-07,8013,6,6081,3,1932,3,6827,3,59230,39,66057,42,0,158,-10,182,16,7673,0,197,166,"Anderson",76978,179.271999792148,0.11734693877551,54.5610434150017,7.79443477357167,236.431188131674,11.734693877551
2021-03-08,8029,16,6087,6,1942,10,6836,9,59307,77,66143,86,1,159,-4,178,19,7692,0,197,166,"Anderson",76978,189.664579490244,0.113526570048309,111.720231754527,20.7851593961911,231.234898282626,11.3526570048309
2021-03-09,8050,21,6095,8,1955,13,6844,8,59372,65,66216,73,0,159,3,181,18,7710,3,200,167,"Anderson",76978,187.06643456572,0.118709677419355,94.832289745122,27.2805217075008,235.132115669412,11.8709677419355
2021-03-10,8072,22,6108,13,1964,9,6860,16,59529,157,66389,173,0,159,11,192,11,7721,1,201,167,"Anderson",76978,172.776637480839,0.102850061957869,224.739535971316,28.5795941697628,249.421912754293,10.2850061957869
2021-03-11,8095,23,6118,10,1977,13,6870,10,59626,97,66496,107,0,159,1,193,22,7743,1,202,168,"Anderson",76978,170.178492556315,0.103542234332425,139.000753462028,29.8786666320247,250.720985216555,10.3542234332425
2021-03-12,8115,20,6135,17,1980,3,6890,20,59732,106,66622,126,0,159,8,201,12,7755,0,202,168,"Anderson",76978,153.29055054691,0.105113636363636,163.683130245005,25.9814492452389,261.113564914651,10.5113636363636
2021-03-13,8126,11,6139,4,1987,7,6894,4,59808,76,66702,80,0,159,2,203,9,7764,1,203,168,"Anderson",76978,154.589623009171,0.101892285298399,103.925796980956,14.2897970848814,263.711709839175,10.1892285298399
2021-03-14,8132,6,6143,4,1989,2,6900,6,59844,36,66744,42,0,159,-13,190,19,7783,1,204,168,"Anderson",76978,154.589623009171,0.106259097525473,54.5610434150017,7.79443477357167,246.82376782977,10.6259097525473
2021-03-15,8150,18,6148,5,2002,13,6906,6,59877,33,66783,39,0,159,-9,181,27,7810,1,205,168,"Anderson",76978,157.187767933695,0.109375,50.6638260282159,23.383304320715,235.132115669412,10.9375
2021-03-16,8183,33,6161,13,2022,20,6921,15,59970,93,66891,108,0,159,-2,179,35,7845,2,207,168,"Anderson",76978,172.776637480839,0.114074074074074,140.29982592429,42.8693912546442,232.533970744888,11.4074074074074
2021-03-17,8200,17,6172,11,2028,6,6934,13,60057,87,66991,100,0,159,-5,174,22,7867,0,207,169,"Anderson",76978,166.281275169529,0.122923588039867,129.907246226195,22.0842318584531,226.038608433578,12.2923588039867
2021-03-18,8216,16,6184,12,2032,4,6949,15,60138,81,67087,96,1,160,-1,173,16,7883,0,207,169,"Anderson",76978,157.187767933695,0.133671742808799,124.710956377147,20.7851593961911,224.739535971316,13.3671742808799
2021-03-19,8241,25,6199,15,2042,10,6962,13,60257,119,67219,132,0,160,13,186,12,7895,1,208,169,"Anderson",76978,163.683130245005,0.120603015075377,171.477565018577,32.4768115565486,241.627477980722,12.0603015075377
2021-03-20,8253,12,6205,6,2048,6,6970,8,60296,39,67266,47,0,160,3,189,9,7904,1,209,169,"Anderson",76978,164.982202707267,0.134751773049645,61.0564057263114,15.5888695471433,245.524695367508,13.4751773049645
2021-03-21,8263,10,6211,6,2052,4,6977,7,60358,62,67335,69,-1,159,-5,184,16,7920,0,209,169,"Anderson",76978,170.178492556315,0.130287648054146,89.6359998960742,12.9907246226195,239.029333056198,13.0287648054146
2021-03-22,8269,6,6212,1,2057,5,6978,1,60424,66,67402,67,0,159,-7,177,13,7933,1,210,169,"Anderson",76978,154.589623009171,0.116316639741519,87.0378549715503,7.79443477357167,229.935825820364,11.6316639741519
2021-03-23,8275,6,6213,1,2062,5,6979,1,60467,43,67446,44,0,159,-15,162,21,7954,0,210,170,"Anderson",76978,119.514666528099,0.104504504504505,57.1591883395256,7.79443477357167,210.449738886435,10.4504504504505
2021-03-24,8283,8,6220,7,2063,1,6986,7,60588,121,67574,128,1,160,-11,151,18,7972,0,210,170,"Anderson",76978,107.823014367741,0.0891938250428816,166.281275169529,10.3925796980956,196.159941801554,8.91938250428817
2021-03-25,8293,10,6225,5,2068,5,6992,6,60689,101,67681,107,0,160,-10,141,20,7992,0,210,170,"Anderson",76978,100.02857959417,0.0723905723905724,139.000753462028,12.9907246226195,183.169217178934,7.23905723905724
2021-03-26,8310,17,6237,12,2073,5,7003,11,60755,66,67758,77,0,160,3,144,14,8006,0,210,171,"Anderson",76978,89.6359998960742,0.0760667903525046,100.02857959417,22.0842318584531,187.06643456572,7.60667903525046
2021-03-27,8314,4,6241,4,2073,0,7009,6,60819,64,67828,70,1,161,-12,132,15,8021,2,212,171,"Anderson",76978,79.2434201979786,0.0693950177935943,90.9350723583361,5.19628984904778,171.477565018577,6.93950177935943
2021-03-28,8317,3,6241,0,2076,3,7009,0,60848,29,67857,29,1,162,-12,120,14,8035,0,212,172,"Anderson",76978,70.149912962145,0.0613026819923372,37.6731014055964,3.89721738678583,155.888695471433,6.13026819923372
2021-03-29,8332,15,6245,4,2087,11,7013,4,60934,86,67947,90,1,163,-16,104,30,8065,0,212,173,"Anderson",76978,81.8415651225025,0.0642201834862385,116.916521603575,19.4860869339292,135.103536075242,6.42201834862385
2021-03-30,8337,5,6248,3,2089,2,7016,3,60992,58,68008,61,1,164,-12,92,16,8081,0,212,173,"Anderson",76978,80.5424926602406,0.0658362989323843,79.2434201979787,6.49536231130973,119.514666528099,6.58362989323843
2021-03-31,8360,23,6262,14,2098,9,7032,16,61156,164,68188,180,1,165,10,102,12,8093,1,213,173,"Anderson",76978,100.02857959417,0.0749185667752443,233.83304320715,29.8786666320247,132.505391150718,7.49185667752443
2021-04-01,8369,9,6265,3,2104,6,7036,4,61213,57,68249,61,0,165,-8,94,17,8110,0,213,173,"Anderson",76978,98.7295071319078,0.0774647887323944,79.2434201979787,11.6916521603575,122.112811452623,7.74647887323944
2021-04-02,8378,9,6272,7,2106,2,7043,7,61283,70,68326,77,0,165,-1,93,10,8120,0,213,173,"Anderson",76978,88.3369274338123,0.0704225352112676,100.02857959417,11.6916521603575,120.813738990361,7.04225352112676
2021-04-03,8384,6,6277,5,2107,1,7049,6,61333,50,68382,56,0,165,-8,85,14,8134,0,213,173,"Anderson",76978,90.9350723583361,0.0722021660649819,72.7480578866689,7.79443477357167,110.421159292265,7.22021660649819
2021-04-04,8386,2,6279,2,2107,0,7051,2,61371,38,68422,40,0,165,-5,80,7,8141,0,213,173,"Anderson",76978,89.6359998960742,0.0743362831858407,51.9628984904778,2.59814492452389,103.925796980956,7.43362831858407
2021-04-05,8400,14,6282,3,2118,11,7053,2,61429,58,68482,60,0,165,4,84,10,8151,2,215,173,"Anderson",76978,88.3369274338123,0.0747663551401869,77.9443477357167,18.1870144716672,109.122086830003,7.47663551401869
2021-04-06,8405,5,6286,4,2119,1,7059,6,61471,42,68530,48,0,165,3,87,2,8153,0,215,173,"Anderson",76978,88.3369274338123,0.0823754789272031,62.3554781885734,6.49536231130973,113.019304216789,8.23754789272031
2021-04-07,8425,20,6299,13,2126,7,7073,14,61630,159,68703,173,0,165,10,97,10,8163,2,217,173,"Anderson",76978,84.4397100470264,0.0796116504854369,224.739535971316,25.9814492452389,126.010028839409,7.96116504854369
2021-04-08,8428,3,6301,2,2127,1,7076,3,61721,91,68797,94,5,170,-17,80,15,8178,1,218,173,"Anderson",76978,76.6452752734548,0.072992700729927,122.112811452623,3.89721738678583,103.925796980956,7.2992700729927
2021-04-09,8436,8,6307,6,2129,2,7085,9,61808,87,68893,96,-4,166,8,88,4,8182,0,218,173,"Anderson",76978,75.3462028111928,0.0740740740740741,124.710956377147,10.3925796980956,114.318376679051,7.40740740740741
2021-04-10,8441,5,6312,5,2129,0,7090,5,61879,71,68969,76,0,166,-6,82,11,8193,0,218,173,"Anderson",76978,74.0471303489309,0.0698466780238501,98.7295071319078,6.49536231130973,106.523941905479,6.98466780238501
2021-04-11,8448,7,6317,5,2131,2,7095,5,61923,44,69018,49,-1,165,0,82,8,8201,0,218,173,"Anderson",76978,80.5424926602406,0.0738255033557047,63.6545506508353,9.09350723583361,106.523941905479,7.38255033557047
2021-04-12,8451,3,6320,3,2131,0,7098,3,61992,69,69090,72,0,165,-7,75,10,8211,0,218,173,"Anderson",76978,66.2526955753592,0.0740131578947368,93.53321728286,3.89721738678583,97.4304346696459,7.40131578947368
2021-04-13,8461,10,6325,5,2136,5,7104,6,62053,61,69157,67,5,170,-8,67,13,8224,0,218,173,"Anderson",76978,72.7480578866689,0.0717703349282297,87.0378549715503,12.9907246226195,87.0378549715503,7.17703349282297
2021-04-14,8475,14,6334,9,2141,5,7115,11,62191,138,69306,149,0,170,7,74,7,8231,0,218,173,"Anderson",76978,64.9536231130973,0.0696517412935323,193.56179687703,18.1870144716672,96.1313622073839,6.96517412935323
2021-04-15,8484,9,6339,5,2145,4,7120,5,62272,81,69392,86,0,170,6,80,3,8234,0,218,173,"Anderson",76978,72.7480578866689,0.0739495798319328,111.720231754527,11.6916521603575,103.925796980956,7.39495798319328
2021-04-16,8497,13,6350,11,2147,2,7133,13,62425,153,69558,166,0,170,6,86,7,8241,0,218,173,"Anderson",76978,79.2434201979786,0.0721804511278196,215.646028735483,16.8879420094053,111.720231754527,7.21804511278196
2021-04-17,8502,5,6353,3,2149,2,7137,4,62490,65,69627,69,0,170,0,86,5,8246,0,218,173,"Anderson",76978,79.2434201979786,0.0714285714285714,89.6359998960742,6.49536231130973,111.720231754527,7.14285714285714
2021-04-18,8509,7,6359,6,2150,1,7143,6,62535,45,69678,51,0,170,0,86,7,8253,0,218,173,"Anderson",76978,79.2434201979786,0.0727272727272727,66.2526955753592,9.09350723583361,111.720231754527,7.27272727272727
2021-04-19,8515,6,6362,3,2153,3,7146,3,62558,23,69704,26,0,170,-6,80,12,8265,0,218,174,"Anderson",76978,83.1406375847645,0.0781758957654723,33.7758840188106,7.79443477357167,103.925796980956,7.81758957654723
2021-04-20,8521,6,6365,3,2156,3,7149,3,62657,99,69806,102,0,170,-1,79,7,8272,0,218,174,"Anderson",76978,77.9443477357167,0.0693374422187981,132.505391150718,7.79443477357167,102.626724518694,6.93374422187981
2021-04-21,8532,11,6370,5,2162,6,7155,6,62812,155,69967,161,1,171,-3,76,13,8285,0,218,174,"Anderson",76978,74.0471303489309,0.0605143721633888,209.150666424173,14.2897970848814,98.7295071319078,6.05143721633888
2021-04-22,8550,18,6376,6,2174,12,7162,7,62956,144,70118,151,0,171,12,88,6,8291,0,218,174,"Anderson",76978,85.7387825092884,0.0578512396694215,196.159941801554,23.383304320715,114.318376679051,5.78512396694215
2021-04-23,8560,10,6381,5,2179,5,7168,6,63122,166,70290,172,0,171,8,96,2,8293,0,218,174,"Anderson",76978,81.8415651225025,0.0478142076502732,223.440463509055,12.9907246226195,124.710956377147,4.78142076502732
2021-04-24,8573,13,6388,7,2185,6,7175,7,63189,67,70364,74,0,171,9,105,4,8297,1,219,174,"Anderson",76978,92.2341448205981,0.0515603799185889,96.1313622073839,16.8879420094053,136.402608537504,5.15603799185889
2021-04-25,8577,4,6390,2,2187,2,7177,2,63229,40,70406,42,0,171,0,105,4,8301,0,219,174,"Anderson",76978,88.3369274338123,0.0467032967032967,54.5610434150017,5.19628984904778,136.402608537504,4.67032967032967
2021-04-26,8586,9,6394,4,2192,5,7181,4,63304,75,70485,79,0,171,2,107,7,8308,0,219,175,"Anderson",76978,92.2341448205981,0.0448143405889885,102.626724518694,11.6916521603575,139.000753462028,4.48143405889885
2021-04-27,8596,10,6400,6,2196,4,7187,6,63372,68,70559,74,0,171,-3,104,13,8321,0,219,175,"Anderson",76978,97.4304346696459,0.050464807436919,96.1313622073839,12.9907246226195,135.103536075242,5.0464807436919
2021-04-28,8613,17,6412,12,2201,5,7200,13,63510,138,70710,151,0,171,1,105,16,8337,1,220,175,"Anderson",76978,105.224869443218,0.0605652759084791,196.159941801554,22.0842318584531,136.402608537504,6.05652759084791
2021-04-29,8619,6,6414,2,2205,4,7203,3,63659,149,70862,152,0,171,-1,104,7,8344,0,220,175,"Anderson",76978,89.6359998960742,0.0551075268817204,197.459014263816,7.79443477357167,135.103536075242,5.51075268817204
2021-04-30,8626,7,6417,3,2209,4,7207,4,63781,122,70988,126,0,171,-2,102,9,8353,0,220,175,"Anderson",76978,85.7387825092884,0.0558739255014327,163.683130245005,9.09350723583361,132.505391150718,5.58739255014327
2021-05-01,8631,5,6420,3,2211,2,7210,3,63844,63,71054,66,0,171,-1,101,6,8359,1,221,175,"Anderson",76978,75.3462028111928,0.0507246376811594,85.7387825092884,6.49536231130973,131.206318688456,5.07246376811594
2021-05-02,8634,3,6421,1,2213,2,7211,1,63895,51,71106,52,0,171,-7,94,10,8369,0,221,175,"Anderson",76978,74.0471303489309,0.0485714285714286,67.5517680376211,3.89721738678583,122.112811452623,4.85714285714286
2021-05-03,8644,10,6426,5,2218,5,7216,5,64001,106,71217,111,0,171,-3,91,13,8382,0,221,175,"Anderson",76978,75.3462028111928,0.0478142076502732,144.197043311076,12.9907246226195,118.215594065837,4.78142076502732
2021-05-04,8646,2,6426,0,2220,2,7217,1,64077,76,71294,77,0,171,-10,81,12,8394,0,221,175,"Anderson",76978,64.9536231130973,0.0408163265306122,100.02857959417,2.59814492452389,105.224869443218,4.08163265306122
2021-05-05,8654,8,6430,4,2224,4,7220,3,64194,117,71414,120,0,171,-3,78,11,8405,0,221,175,"Anderson",76978,53.2619709527397,0.0284090909090909,155.888695471433,10.3925796980956,101.327652056432,2.84090909090909
2021-05-06,8659,5,6433,3,2226,2,7226,6,64246,52,71472,58,0,171,-5,73,10,8415,1,222,175,"Anderson",76978,51.9628984904778,0.0377049180327869,75.3462028111928,6.49536231130973,94.832289745122,3.77049180327869
2021-05-07,8664,5,6435,2,2229,3,7229,3,64367,121,71596,124,0,171,-4,69,9,8424,0,222,175,"Anderson",76978,49.3647535659539,0.0361842105263158,161.084985320481,6.49536231130973,89.6359998960742,3.61842105263158
2021-05-08,8670,6,6438,3,2232,3,7231,2,64436,69,71667,71,0,171,-6,63,12,8436,1,223,175,"Anderson",76978,50.6638260282159,0.034257748776509,92.2341448205981,7.79443477357167,81.8415651225025,3.4257748776509
2021-05-09,8671,1,6438,0,2233,1,7232,1,64464,28,71696,29,0,171,-4,59,5,8441,0,223,175,"Anderson",76978,48.065681103692,0.0355932203389831,37.6731014055964,1.29907246226194,76.6452752734548,3.55932203389831
2021-05-10,8676,5,6438,0,2238,5,7232,0,64552,88,71784,88,0,171,-5,54,10,8451,0,223,175,"Anderson",76978,41.5703187923822,0.0282186948853616,114.318376679051,6.49536231130973,70.149912962145,2.82186948853616
2021-05-11,8684,8,6439,1,2245,7,7234,2,64594,42,71828,44,0,171,3,57,5,8456,0,223,175,"Anderson",76978,49.3647535659539,0.0318352059925094,57.1591883395256,10.3925796980956,74.0471303489309,3.18352059925094
2021-05-12,8697,13,6446,7,2251,6,7240,6,64698,104,71938,110,0,171,8,65,5,8461,2,225,175,"Anderson",76978,55.8601158772636,0.0381679389312977,142.897970848814,16.8879420094053,84.4397100470264,3.81679389312977
2021-05-13,8701,4,6448,2,2253,2,7242,2,64801,103,72043,105,0,171,-3,62,7,8468,2,227,175,"Anderson",76978,54.5610434150017,0.0280210157618214,136.402608537504,5.19628984904778,80.5424926602406,2.80210157618214
2021-05-14,8709,8,6451,3,2258,5,7247,5,64888,87,72135,92,0,171,2,64,6,8474,0,227,175,"Anderson",76978,58.4582608017875,0.0333951762523191,119.514666528099,10.3925796980956,83.1406375847645,3.33951762523191
2021-05-15,8714,5,6453,2,2261,3,7249,2,64953,65,72202,67,0,171,1,65,4,8478,0,227,175,"Anderson",76978,57.1591883395256,0.0336448598130841,87.0378549715503,6.49536231130973,84.4397100470264,3.36448598130841
2021-05-16,8716,2,6454,1,2262,1,7250,1,64989,36,72239,37,0,171,-5,60,7,8485,0,227,175,"Anderson",76978,58.4582608017875,0.0331491712707182,48.065681103692,2.59814492452389,77.9443477357167,3.31491712707182
2021-05-17,8722,6,6459,5,2263,1,7255,5,65048,59,72303,64,1,172,0,60,5,8490,0,227,175,"Anderson",76978,59.7573332640495,0.0443159922928709,83.1406375847645,7.79443477357167,77.9443477357167,4.43159922928709
2021-05-18,8726,4,6459,0,2267,4,7255,0,65139,91,72394,91,0,172,0,60,4,8494,1,228,175,"Anderson",76978,54.5610434150017,0.0371024734982332,118.215594065837,5.19628984904778,77.9443477357167,3.71024734982332
2021-05-19,8733,7,6464,5,2269,2,7261,6,65258,119,72519,125,0,172,4,64,3,8497,0,228,175,"Anderson",76978,46.76660864143,0.036144578313253,162.384057782743,9.09350723583361,83.1406375847645,3.6144578313253
2021-05-20,8735,2,6466,2,2269,0,7263,2,65377,119,72640,121,0,172,-1,63,3,8500,0,228,175,"Anderson",76978,44.1684637169061,0.0351758793969849,157.187767933695,2.59814492452389,81.8415651225025,3.51758793969849
2021-05-21,8737,2,6466,0,2271,2,7263,0,65447,70,72710,70,0,172,-7,56,9,8509,0,228,175,"Anderson",76978,36.3740289433345,0.0278260869565217,90.9350723583361,2.59814492452389,72.7480578866689,2.78260869565217
2021-05-22,8742,5,6468,2,2274,3,7265,2,65487,40,72752,42,0,172,-3,53,8,8517,0,228,175,"Anderson",76978,36.3740289433345,0.0290909090909091,54.5610434150017,6.49536231130973,68.8508404998831,2.90909090909091
2021-05-23,8742,0,6468,0,2274,0,7265,0,65516,29,72781,29,0,172,-3,50,3,8520,0,228,175,"Anderson",76978,33.7758840188106,0.0276752767527675,37.6731014055964,0,64.9536231130973,2.76752767527675
2021-05-24,8750,8,6472,4,2278,4,7268,3,65575,59,72843,62,0,172,1,51,7,8527,0,228,175,"Anderson",76978,36.3740289433345,0.0240740740740741,80.5424926602406,10.3925796980956,66.2526955753592,2.40740740740741
2021-05-25,8752,2,6472,0,2280,2,7269,1,65620,45,72889,46,0,172,-10,41,12,8539,0,228,175,"Anderson",76978,33.7758840188106,0.0282828282828283,59.7573332640495,2.59814492452389,53.2619709527397,2.82828282828283
2021-05-26,8759,7,6477,5,2282,2,7275,6,65720,100,72995,106,0,172,0,41,7,8546,0,228,175,"Anderson",76978,33.7758840188106,0.0294117647058824,137.701680999766,9.09350723583361,53.2619709527397,2.94117647058824
2021-05-27,8761,2,6478,1,2283,1,7276,1,65770,50,73046,51,0,172,-1,40,3,8549,1,229,175,"Anderson",76978,33.7758840188106,0.0320197044334975,66.2526955753592,2.59814492452389,51.9628984904778,3.20197044334975
2021-05-28,8766,5,6482,4,2284,1,7281,5,65853,83,73134,88,0,172,0,40,5,8554,0,229,175,"Anderson",76978,37.6731014055964,0.0424528301886792,114.318376679051,6.49536231130973,51.9628984904778,4.24528301886792
2021-05-29,8767,1,6482,0,2285,1,7281,0,65890,37,73171,37,0,172,-5,35,6,8560,0,229,175,"Anderson",76978,32.4768115565486,0.0381861575178998,48.065681103692,1.29907246226194,45.4675361791681,3.81861575178998
2021-05-30,8770,3,6483,1,2287,2,7282,1,65940,50,73222,51,0,172,0,35,3,8563,0,229,175,"Anderson",76978,36.3740289433345,0.0385487528344671,66.2526955753592,3.89721738678583,45.4675361791681,3.85487528344671
2021-05-31,8774,4,6486,3,2288,1,7285,3,65991,51,73276,54,0,172,1,36,3,8566,0,229,175,"Anderson",76978,31.1777390942867,0.0392609699769053,70.149912962145,5.19628984904778,46.76660864143,3.92609699769053
2021-06-01,8777,3,6488,2,2289,1,7286,1,66039,48,73325,49,0,172,1,37,2,8568,1,230,175,"Anderson",76978,32.4768115565486,0.0389908256880734,63.6545506508353,3.89721738678583,48.065681103692,3.89908256880734
2021-06-02,8781,4,6489,1,2292,3,7288,2,66080,41,73368,43,0,172,-2,35,6,8574,0,230,175,"Anderson",76978,28.5795941697628,0.0348525469168901,55.8601158772636,5.19628984904778,45.4675361791681,3.48525469168901
2021-06-03,8782,1,6489,0,2293,1,7291,3,66170,90,73461,93,1,173,-3,32,3,8577,0,230,175,"Anderson",76978,27.2805217075008,0.036144578313253,120.813738990361,1.29907246226194,41.5703187923822,3.6144578313253
2021-06-04,8783,1,6490,1,2293,0,7293,2,66223,53,73516,55,-1,172,-2,30,4,8581,0,230,175,"Anderson",76978,22.0842318584531,0.031413612565445,71.448985424407,1.29907246226194,38.9721738678584,3.1413612565445
2021-06-05,8784,1,6491,1,2293,0,7294,1,66280,57,73574,58,0,172,-3,27,4,8585,0,230,175,"Anderson",76978,22.0842318584531,0.032258064516129,75.3462028111928,1.29907246226194,35.0749564810725,3.2258064516129
2021-06-06,8784,0,6491,0,2293,0,7294,0,66305,25,73599,25,0,172,-4,23,4,8589,0,230,175,"Anderson",76978,18.1870144716672,0.0318302387267905,32.4768115565486,0,29.8786666320247,3.18302387267904
2021-06-07,8785,1,6491,0,2294,1,7294,0,66369,64,73663,64,0,172,-1,22,2,8591,0,230,175,"Anderson",76978,14.2897970848814,0.0232558139534884,83.1406375847645,1.29907246226194,28.5795941697628,2.32558139534884
2021-06-08,8786,1,6491,0,2295,1,7294,0,66406,37,73700,37,0,172,-1,21,2,8593,1,231,176,"Anderson",76978,11.6916521603575,0.0213333333333333,48.065681103692,1.29907246226194,27.2805217075008,2.13333333333333
2021-06-09,8786,0,6491,0,2295,0,7294,0,66488,82,73782,82,0,172,-4,17,4,8597,0,231,176,"Anderson",76978,6.49536231130972,0.0144927536231884,106.523941905479,0,22.0842318584531,1.44927536231884
2021-06-10,8790,4,6492,1,2298,3,7295,1,66545,57,73840,58,0,172,4,21,0,8597,0,231,176,"Anderson",76978,10.3925796980956,0.0105540897097625,75.3462028111928,5.19628984904778,27.2805217075008,1.05540897097625
2021-06-11,8791,1,6492,0,2299,1,7296,1,66600,55,73896,56,1,173,-3,18,3,8600,0,231,176,"Anderson",76978,10.3925796980956,0.00789473684210526,72.7480578866689,1.29907246226194,23.383304320715,0.789473684210526
2021-06-12,8792,1,6492,0,2300,1,7297,1,66655,55,73952,56,2,175,-4,14,3,8603,0,231,176,"Anderson",76978,10.3925796980956,0.00793650793650794,72.7480578866689,1.29907246226194,18.1870144716672,0.793650793650794
2021-06-13,8793,1,6492,0,2301,1,7298,1,66693,38,73991,39,0,175,-3,11,4,8607,0,231,176,"Anderson",76978,11.6916521603575,0.0102040816326531,50.6638260282159,1.29907246226194,14.2897970848814,1.02040816326531
2021-06-14,8795,2,6494,2,2301,0,7300,2,66779,86,74079,88,0,175,1,12,1,8608,0,231,176,"Anderson",76978,12.9907246226194,0.0144230769230769,114.318376679051,2.59814492452389,15.5888695471433,1.44230769230769
2021-06-15,8795,0,6494,0,2301,0,7301,1,66810,31,74111,32,0,175,-1,11,1,8609,0,231,176,"Anderson",76978,11.6916521603575,0.0170316301703163,41.5703187923822,0,14.2897970848814,1.70316301703163
2021-06-16,8796,1,6495,1,2301,0,7302,1,66854,44,74156,45,0,175,0,11,1,8610,0,231,176,"Anderson",76978,12.9907246226194,0.0213903743315508,58.4582608017875,1.29907246226194,14.2897970848814,2.13903743315508
2021-06-17,8796,0,6495,0,2301,0,7302,0,66940,86,74242,86,0,175,-1,10,1,8611,0,231,176,"Anderson",76978,7.79443477357167,0.0174129353233831,111.720231754527,0,12.9907246226195,1.74129353233831
2021-06-18,8798,2,6496,1,2302,1,7306,4,66990,50,74296,54,0,175,1,11,1,8612,0,231,176,"Anderson",76978,9.09350723583361,0.025,70.149912962145,2.59814492452389,14.2897970848814,2.5
2021-06-19,8798,0,6496,0,2302,0,7306,0,67038,48,74344,48,0,175,-1,10,1,8613,0,231,176,"Anderson",76978,7.79443477357167,0.0229591836734694,62.3554781885734,0,12.9907246226195,2.29591836734694
2021-06-20,8798,0,6496,0,2302,0,7307,1,67061,23,74368,24,0,175,-2,8,2,8615,0,231,176,"Anderson",76978,6.49536231130972,0.0238726790450928,31.1777390942867,0,10.3925796980956,2.38726790450928
2021-06-21,8799,1,6496,0,2303,1,7307,0,67101,40,74408,40,0,175,0,8,1,8616,0,231,176,"Anderson",76978,5.19628984904778,0.0212765957446809,51.9628984904778,1.29907246226194,10.3925796980956,2.12765957446809
2021-06-22,8803,4,6497,1,2306,3,7307,0,67143,42,74450,42,0,175,2,10,2,8618,1,232,176,"Anderson",76978,10.3925796980956,0.0176991150442478,54.5610434150017,5.19628984904778,12.9907246226195,1.76991150442478
2021-06-23,8804,1,6498,1,2306,0,7308,1,67191,48,74499,49,0,175,1,11,0,8618,0,232,176,"Anderson",76978,10.3925796980956,0.0174927113702624,63.6545506508353,1.29907246226194,14.2897970848814,1.74927113702624
2021-06-24,8804,0,6498,0,2306,0,7309,1,67236,45,74545,46,0,175,-3,8,3,8621,0,232,176,"Anderson",76978,10.3925796980956,0.0231023102310231,59.7573332640495,0,10.3925796980956,2.31023102310231
2021-06-25,8805,1,6499,1,2306,0,7310,1,67272,36,74582,37,0,175,1,9,0,8621,0,232,176,"Anderson",76978,9.09350723583361,0.013986013986014,48.065681103692,1.29907246226194,11.6916521603575,1.3986013986014
2021-06-26,8806,1,6500,1,2306,0,7311,1,67305,33,74616,34,0,175,0,9,1,8622,0,232,176,"Anderson",76978,10.3925796980956,0.0183823529411765,44.1684637169061,1.29907246226194,11.6916521603575,1.83823529411765
2021-06-27,8806,0,6500,0,2306,0,7311,0,67337,32,74648,32,0,175,0,9,0,8622,0,232,176,"Anderson",76978,10.3925796980956,0.0142857142857143,41.5703187923822,0,11.6916521603575,1.42857142857143
2021-06-28,8807,1,6500,0,2307,1,7312,1,67353,16,74665,17,0,175,1,10,0,8622,0,232,176,"Anderson",76978,10.3925796980956,0.0194552529182879,22.0842318584531,1.29907246226194,12.9907246226195,1.94552529182879
2021-06-29,8810,3,6503,3,2307,0,7315,3,67412,59,74727,62,0,175,2,12,1,8623,0,232,176,"Anderson",76978,9.09350723583361,0.0288808664259928,80.5424926602406,3.89721738678583,15.5888695471433,2.88808664259928
2021-06-30,8810,0,6503,0,2307,0,7315,0,67458,46,74773,46,0,175,-1,11,1,8624,0,232,176,"Anderson",76978,7.79443477357167,0.0255474452554745,59.7573332640495,0,14.2897970848814,2.55474452554745
2021-07-01,8811,1,6504,1,2307,0,7316,1,67495,37,74811,38,0,175,1,12,0,8624,0,232,176,"Anderson",76978,9.09350723583361,0.0263157894736842,49.3647535659539,1.29907246226194,15.5888695471433,2.63157894736842
2021-07-02,8811,0,6504,0,2307,0,7316,0,67538,43,74854,43,0,175,0,12,0,8624,0,232,176,"Anderson",76978,7.79443477357167,0.0220588235294118,55.8601158772636,0,15.5888695471433,2.20588235294118
2021-07-03,8811,0,6504,0,2307,0,7316,0,67559,21,74875,21,0,175,-1,11,1,8625,0,232,176,"Anderson",76978,6.49536231130972,0.0193050193050193,27.2805217075008,0,14.2897970848814,1.93050193050193
2021-07-04,8812,1,6504,0,2308,1,7317,1,67584,25,74901,26,0,175,0,11,1,8626,0,232,176,"Anderson",76978,7.79443477357167,0.0237154150197628,33.7758840188106,1.29907246226194,14.2897970848814,2.37154150197628
2021-07-05,8812,0,6504,0,2308,0,7318,1,67599,15,74917,16,0,175,-1,10,1,8627,0,232,176,"Anderson",76978,6.49536231130972,0.0238095238095238,20.7851593961911,0,12.9907246226195,2.38095238095238
2021-07-06,8813,1,6504,0,2309,1,7318,0,67629,30,74947,30,1,176,-3,7,3,8630,0,232,176,"Anderson",76978,3.89721738678583,0.0136363636363636,38.9721738678584,1.29907246226194,9.09350723583361,1.36363636363636
2021-07-07,8814,1,6504,0,2310,1,7318,0,67675,46,74993,46,0,176,-2,5,3,8633,0,232,176,"Anderson",76978,5.19628984904778,0.0136363636363636,59.7573332640495,1.29907246226194,6.49536231130973,1.36363636363636
2021-07-08,8815,1,6505,1,2310,0,7319,1,67716,41,75035,42,0,176,-1,4,2,8635,0,232,176,"Anderson",76978,5.19628984904778,0.0133928571428571,54.5610434150017,1.29907246226194,5.19628984904778,1.33928571428571
2021-07-09,8817,2,6506,1,2311,1,7320,1,67760,44,75080,45,0,176,1,5,1,8636,0,232,176,"Anderson",76978,7.79443477357167,0.0176991150442478,58.4582608017875,2.59814492452389,6.49536231130973,1.76991150442478
2021-07-10,8819,2,6507,1,2312,1,7321,1,67782,22,75103,23,0,176,2,7,0,8636,1,233,176,"Anderson",76978,10.3925796980956,0.0219298245614035,29.8786666320247,2.59814492452389,9.09350723583361,2.19298245614035
2021-07-11,8819,0,6507,0,2312,0,7321,0,67797,15,75118,15,0,176,0,7,0,8636,0,233,176,"Anderson",76978,9.09350723583361,0.0184331797235023,19.4860869339292,0,9.09350723583361,1.84331797235023
2021-07-12,8827,8,6511,4,2316,4,7325,4,67833,36,75158,40,0,176,7,14,1,8637,1,234,176,"Anderson",76978,19.4860869339292,0.029045643153527,51.9628984904778,10.3925796980956,18.1870144716672,2.9045643153527
2021-07-13,8828,1,6511,0,2317,1,7325,0,67854,21,75179,21,0,176,0,14,1,8638,0,234,177,"Anderson",76978,19.4860869339292,0.0301724137931034,27.2805217075008,1.29907246226194,18.1870144716672,3.01724137931034
2021-07-14,8833,5,6515,4,2318,1,7330,5,67908,54,75238,59,0,176,5,19,0,8638,1,235,177,"Anderson",76978,24.682376782977,0.0489795918367347,76.6452752734548,6.49536231130973,24.682376782977,4.89795918367347
2021-07-15,8836,3,6518,3,2318,0,7332,2,67941,33,75273,35,0,176,3,22,0,8638,0,235,177,"Anderson",76978,27.2805217075008,0.0546218487394958,45.4675361791681,3.89721738678583,28.5795941697628,5.46218487394958
2021-07-16,8846,10,6520,2,2326,8,7333,1,67969,28,75302,29,0,176,10,32,0,8638,0,235,177,"Anderson",76978,37.6731014055964,0.0585585585585586,37.6731014055964,12.9907246226195,41.5703187923822,5.85585585585586
2021-07-17,8851,5,6521,1,2330,4,7334,1,68005,36,75339,37,0,176,4,36,1,8639,0,235,177,"Anderson",76978,41.5703187923822,0.0550847457627119,48.065681103692,6.49536231130973,46.76660864143,5.50847457627119
2021-07-18,8854,3,6523,2,2331,1,7336,2,68025,20,75361,22,0,176,-1,35,4,8643,0,235,177,"Anderson",76978,45.4675361791681,0.0617283950617284,28.5795941697628,3.89721738678583,45.4675361791681,6.17283950617284
2021-07-19,8859,5,6527,4,2332,1,7340,4,68059,34,75399,38,1,177,2,37,2,8645,0,235,177,"Anderson",76978,41.5703187923822,0.0622406639004149,49.3647535659539,6.49536231130973,48.065681103692,6.22406639004149
2021-07-20,8874,15,6538,11,2336,4,7351,11,68094,35,75445,46,0,177,10,47,5,8650,1,236,177,"Anderson",76978,59.7573332640495,0.0977443609022556,59.7573332640495,19.4860869339292,61.0564057263114,9.77443609022556
2021-07-21,8881,7,6542,4,2339,3,7356,5,68179,85,75535,90,0,177,6,53,1,8651,0,236,178,"Anderson",76978,62.3554781885734,0.0875420875420875,116.916521603575,9.09350723583361,68.8508404998831,8.75420875420875
2021-07-22,8891,10,6547,5,2344,5,7360,4,68235,56,75595,60,0,177,9,62,1,8652,0,236,178,"Anderson",76978,71.448985424407,0.0869565217391304,77.9443477357167,12.9907246226195,80.5424926602406,8.69565217391304
2021-07-23,8901,10,6551,4,2350,6,7365,5,68306,71,75671,76,0,177,10,72,0,8652,0,236,178,"Anderson",76978,71.448985424407,0.0867208672086721,98.7295071319078,12.9907246226195,93.53321728286,8.67208672086721
2021-07-24,8909,8,6555,4,2354,4,7369,4,68360,54,75729,58,0,177,7,79,1,8653,0,236,179,"Anderson",76978,75.3462028111928,0.0897435897435897,75.3462028111928,10.3925796980956,102.626724518694,8.97435897435897
2021-07-25,8914,5,6558,3,2356,2,7370,1,68382,22,75752,23,0,177,2,81,3,8656,0,236,179,"Anderson",76978,77.9443477357167,0.0869565217391304,29.8786666320247,6.49536231130973,105.224869443218,8.69565217391304
2021-07-26,8937,23,6567,9,2370,14,7378,8,68432,50,75810,58,2,179,13,94,8,8664,0,236,179,"Anderson",76978,101.327652056432,0.0924574209245742,75.3462028111928,29.8786666320247,122.112811452623,9.24574209245742
2021-07-27,8952,15,6572,5,2380,10,7383,5,68485,53,75868,58,0,179,12,106,3,8667,0,236,179,"Anderson",76978,101.327652056432,0.0756501182033097,75.3462028111928,19.4860869339292,137.701680999766,7.56501182033097
2021-07-28,8972,20,6580,8,2392,12,7395,12,68568,83,75963,95,0,179,14,120,6,8673,0,236,179,"Anderson",76978,118.215594065837,0.0911214953271028,123.411883914885,25.9814492452389,155.888695471433,9.11214953271028
2021-07-29,8984,12,6590,10,2394,2,7407,12,68617,49,76024,61,0,179,9,129,3,8676,0,236,179,"Anderson",76978,120.813738990361,0.10955710955711,79.2434201979787,15.5888695471433,167.580347631791,10.955710955711
2021-07-30,9015,31,6609,19,2406,12,7429,22,68666,49,76095,71,0,179,19,148,12,8688,1,237,179,"Anderson",76978,148.094260697862,0.150943396226415,92.2341448205981,40.2712463301203,192.262724414768,15.0943396226415
2021-07-31,9028,13,6615,6,2413,7,7435,6,68708,42,76143,48,0,179,8,156,5,8693,0,237,179,"Anderson",76978,154.589623009171,0.159420289855072,62.3554781885734,16.8879420094053,202.655304112863,15.9420289855072
2021-08-01,9047,19,6626,11,2421,8,7450,15,68747,39,76197,54,0,179,14,170,5,8698,0,237,179,"Anderson",76978,172.776637480839,0.179775280898876,70.149912962145,24.682376782977,220.842318584531,17.9775280898876
2021-08-02,9058,11,6631,5,2427,6,7455,5,68826,79,76281,84,0,179,3,173,8,8706,0,237,179,"Anderson",76978,157.187767933695,0.16348195329087,109.122086830003,14.2897970848814,224.739535971316,16.348195329087
2021-08-03,9081,23,6642,11,2439,12,7468,13,68898,72,76366,85,0,179,13,186,10,8716,1,238,179,"Anderson",76978,167.580347631791,0.170682730923695,110.421159292265,29.8786666320247,241.627477980722,17.0682730923695
2021-08-04,9107,26,6664,22,2443,4,7489,21,69000,102,76489,123,0,179,24,210,2,8718,0,238,179,"Anderson",76978,175.374782405363,0.178707224334601,159.785912858219,33.7758840188106,272.805217075008,17.8707224334601
2021-08-05,9137,30,6680,16,2457,14,7505,16,69098,98,76603,114,0,179,13,223,17,8735,1,239,179,"Anderson",76978,198.758086726078,0.169257340241796,148.094260697862,38.9721738678584,289.693159084414,16.9257340241796
2021-08-06,9162,25,6696,16,2466,9,7523,18,69241,143,76764,161,0,179,17,240,8,8743,1,240,179,"Anderson",76978,190.963651952506,0.14050822122571,209.150666424173,32.4768115565486,311.777390942867,14.050822122571
2021-08-07,9175,13,6702,6,2473,7,7530,7,69316,75,76846,82,0,179,5,245,8,8751,0,240,179,"Anderson",76978,190.963651952506,0.135135135135135,106.523941905479,16.8879420094053,318.272753254177,13.5135135135135
2021-08-08,9189,14,6710,8,2479,6,7540,10,69368,52,76908,62,0,179,6,251,8,8759,0,240,179,"Anderson",76978,184.468289641196,0.126582278481013,80.5424926602406,18.1870144716672,326.067188027748,12.6582278481013
2021-08-09,9225,36,6730,20,2495,16,7559,19,69467,99,77026,118,0,179,16,267,20,8779,0,240,179,"Anderson",76978,216.945101197745,0.139597315436242,153.29055054691,46.76660864143,346.852347423939,13.9597315436242
2021-08-10,9264,39,6749,19,2515,20,7579,20,69567,100,77146,120,0,179,20,287,19,8798,2,242,179,"Anderson",76978,237.730260593936,0.142307692307692,155.888695471433,50.6638260282159,372.833796669178,14.2307692307692
2021-08-11,9318,54,6772,23,2546,31,7608,29,69699,132,77307,161,0,179,30,317,24,8822,1,243,179,"Anderson",76978,274.10428953727,0.145476772616137,209.150666424173,70.149912962145,411.805970537037,14.5476772616137
2021-08-12,9366,48,6806,34,2560,14,7645,37,69867,168,77512,205,0,179,27,344,21,8843,0,243,181,"Anderson",76978,297.487593857985,0.154015401540154,266.309854763699,62.3554781885734,446.880927018109,15.4015401540154
2021-08-13,9430,64,6839,33,2591,31,7683,38,69981,114,77664,152,2,181,45,389,17,8860,1,244,181,"Anderson",76978,348.151419886201,0.177777777777778,197.459014263816,83.1406375847645,505.339187819897,17.7777777777778
2021-08-14,9481,51,6873,34,2608,17,7715,32,70167,186,77882,218,0,181,30,419,21,8881,0,244,181,"Anderson",76978,397.516173452155,0.178571428571429,283.197796773104,66.2526955753592,544.311361687755,17.8571428571429
2021-08-15,9504,23,6885,12,2619,11,7730,15,70256,89,77986,104,0,181,16,435,7,8888,0,244,181,"Anderson",76978,409.207825612513,0.176252319109462,135.103536075242,29.8786666320247,565.096521083946,17.6252319109462
2021-08-16,9541,37,6908,23,2633,14,7754,24,70345,89,78099,113,0,181,10,445,27,8915,0,244,182,"Anderson",76978,410.506898074775,0.181733457595527,146.7951882356,48.065681103692,578.087245706565,18.1733457595527
2021-08-17,9584,43,6929,21,2655,22,7779,25,70453,108,78232,133,1,182,14,459,28,8943,0,244,182,"Anderson",76978,415.703187923822,0.184162062615101,172.776637480839,55.8601158772636,596.274260178233,18.4162062615101
2021-08-18,9636,52,6956,27,2680,25,7810,31,70565,112,78375,143,0,182,16,475,36,8979,0,244,182,"Anderson",76978,413.105042999299,0.189138576779026,185.767362103458,67.5517680376211,617.059419574424,18.9138576779026
2021-08-19,9710,74,6986,30,2724,44,7845,35,70717,152,78562,187,0,182,49,524,25,9004,0,244,182,"Anderson",76978,446.880927018109,0.19047619047619,242.926550442984,96.1313622073839,680.713970225259,19.047619047619
2021-08-20,9769,59,7025,39,2744,20,7888,43,70911,194,78799,237,0,182,26,550,33,9037,2,246,182,"Anderson",76978,440.385564706799,0.180616740088106,307.880173556081,76.6452752734548,714.48985424407,18.0616740088106
2021-08-21,9851,82,7058,33,2793,49,7922,34,71185,274,79107,308,0,182,62,612,20,9057,1,247,182,"Anderson",76978,480.65681103692,0.168979591836735,400.114318376679,106.523941905479,795.03234690431,16.8979591836735
2021-08-22,9874,23,7079,21,2795,2,7950,28,71341,156,79291,184,0,182,-2,610,25,9082,0,247,182,"Anderson",76978,480.65681103692,0.168582375478927,239.029333056198,29.8786666320247,792.434201979786,16.8582375478927
2021-08-23,9922,48,7093,14,2829,34,7967,17,71476,135,79443,152,0,182,-4,606,52,9134,2,249,183,"Anderson",76978,494.946608121801,0.158482142857143,197.459014263816,62.3554781885734,787.237912130739,15.8482142857143
2021-08-24,9967,45,7119,26,2848,19,7991,24,71562,86,79553,110,1,183,-22,584,66,9200,0,249,184,"Anderson",76978,497.544753046325,0.160484481453444,142.897970848814,58.4582608017875,758.658317960976,16.0484481453444
2021-08-25,10038,71,7144,25,2894,46,8013,22,71606,44,79619,66,0,183,14,598,57,9257,1,250,184,"Anderson",76978,522.227129829302,0.163183279742765,85.7387825092884,92.2341448205981,776.845332432643,16.3183279742765
2021-08-26,10106,68,7178,34,2928,34,8057,44,71778,172,79835,216,1,184,15,613,52,9309,1,251,184,"Anderson",76978,514.43269505573,0.166535742340927,280.59965184858,88.3369274338123,796.331419366572,16.6535742340927
2021-08-27,10181,75,7232,54,2949,21,8117,60,71955,177,80072,237,0,184,29,642,46,9355,0,251,184,"Anderson",76978,535.217854451921,0.179890023566379,307.880173556081,97.4304346696459,834.004520772169,17.9890023566379
2021-08-28,10240,59,7264,32,2976,27,8159,42,72159,204,80318,246,0,184,31,673,28,9383,0,251,184,"Anderson",76978,505.339187819897,0.19570602807597,319.571825716438,76.6452752734548,874.275767102289,19.570602807597
2021-08-29,10304,64,7313,49,2991,15,8213,54,72370,211,80583,265,0,184,38,711,26,9409,1,252,184,"Anderson",76978,558.601158772636,0.203560371517028,344.254202499415,83.1406375847645,923.640520668243,20.3560371517028
2021-08-30,10375,71,7359,46,3016,25,8261,48,72596,226,80857,274,0,184,5,716,66,9475,3,255,184,"Anderson",76978,588.479825404661,0.207920792079208,355.945854659773,92.2341448205981,930.135882979553,20.7920792079208
2021-08-31,10510,135,7441,82,3069,53,8348,87,72853,257,81201,344,0,184,49,765,86,9561,0,255,184,"Anderson",76978,705.396347008236,0.216626213592233,446.880927018109,175.374782405363,993.790433630388,21.6626213592233
2021-09-01,10541,31,7463,22,3078,9,8372,24,72944,91,81316,115,0,184,-16,749,47,9608,0,255,185,"Anderson",76978,653.433448517758,0.211549793753683,149.393333160124,40.2712463301203,973.005274234197,21.1549793753683
2021-09-02,10600,59,7488,25,3112,34,8401,29,73044,100,81445,129,1,185,-10,739,68,9676,0,255,185,"Anderson",76978,641.741796357401,0.213664596273292,167.580347631791,76.6452752734548,960.014549611577,21.3664596273292
2021-09-03,10629,29,7505,17,3124,12,8419,18,73117,73,81536,91,0,185,-34,705,63,9739,0,255,185,"Anderson",76978,581.984463093351,0.206284153005464,118.215594065837,37.6731014055964,915.846085894671,20.6284153005465
2021-09-04,10735,106,7573,68,3162,38,8496,77,73438,321,81934,398,0,185,80,785,26,9765,1,256,185,"Anderson",76978,643.040868819663,0.208539603960396,517.030839980254,137.701680999766,1019.77188287563,20.8539603960396
2021-09-05,10847,112,7647,74,3200,38,8572,76,73742,304,82314,380,0,185,80,865,32,9797,1,257,186,"Anderson",76978,705.396347008236,0.207394569612941,493.647535659539,145.496115773338,1123.69767985658,20.739456961294
2021-09-06,10962,115,7724,77,3238,38,8659,87,74149,407,82808,494,0,185,5,870,110,9907,2,259,187,"Anderson",76978,762.555535347762,0.203997949769349,641.741796357401,149.393333160124,1130.19304216789,20.3997949769349
2021-09-07,10999,37,7743,19,3256,18,8677,18,74248,99,82925,117,0,185,-77,793,114,10021,0,259,187,"Anderson",76978,635.246434046091,0.190835266821346,151.991478084648,48.065681103692,1030.16446257372,19.0835266821346
2021-09-08,11040,41,7774,31,3266,10,8709,32,74355,107,83064,139,0,185,-60,733,101,10122,1,260,190,"Anderson",76978,648.237158668711,0.19279176201373,180.57107225441,53.2619709527397,952.220114838006,19.279176201373
2021-09-09,11098,58,7795,21,3303,37,8727,18,74561,206,83288,224,0,185,-41,692,99,10221,1,261,192,"Anderson",76978,646.938086206449,0.17688551275095,290.992231546676,75.3462028111928,898.958143885266,17.688551275095
2021-09-10,11250,152,7868,73,3382,79,8808,81,74854,293,83662,374,1,186,69,761,82,10303,1,262,193,"Anderson",76978,806.723999064668,0.182972718720602,485.853100885967,197.459014263816,988.59414378134,18.2972718720602
2021-09-11,11362,112,7931,63,3431,49,8877,69,75200,346,84077,415,0,186,81,842,31,10334,1,263,193,"Anderson",76978,814.51843383824,0.177788147456836,539.115071838707,145.496115773338,1093.81901322456,17.7788147456836
2021-09-12,11400,38,7963,32,3437,6,8912,35,75343,143,84255,178,0,186,9,851,29,10363,4,267,193,"Anderson",76978,718.387071630856,0.175167439464194,231.234898282626,49.3647535659539,1105.51066538492,17.5167439464194
2021-09-13,11487,87,7996,33,3491,54,8945,33,75473,130,84418,163,4,190,-43,808,126,10489,3,270,193,"Anderson",76978,682.013042687521,0.177639751552795,211.748811348697,113.019304216789,1049.65054950765,17.7639751552795
2021-09-14,11547,60,8026,30,3521,30,8980,35,75632,159,84612,194,1,191,-56,752,115,10604,1,271,193,"Anderson",76978,711.891709319546,0.179608772969769,252.020057678817,77.9443477357167,976.902491620983,17.9608772969769
2021-09-15,11588,41,8041,15,3547,26,8994,14,75693,61,84687,75,0,191,-39,713,80,10684,1,272,194,"Anderson",76978,711.891709319546,0.175600739371534,97.4304346696459,53.2619709527397,926.238665592767,17.5600739371534
2021-09-16,11674,86,8093,52,3581,34,9051,57,75915,222,84966,279,0,191,23,736,63,10747,1,273,194,"Anderson",76978,748.26573826288,0.193087008343266,362.441216971083,111.720231754527,956.117332224792,19.3087008343266
2021-09-17,11747,73,8134,41,3613,32,9088,37,76078,163,85166,200,0,191,16,752,57,10804,1,274,198,"Anderson",76978,645.639013744187,0.186170212765957,259.814492452389,94.832289745122,976.902491620983,18.6170212765957
2021-09-18,11799,52,8164,30,3635,22,9121,33,76232,154,85353,187,0,191,8,760,44,10848,0,274,199,"Anderson",76978,567.69466600847,0.191222570532915,242.926550442984,67.5517680376211,987.295071319078,19.1222570532915
2021-09-19,11822,23,8173,9,3649,14,9131,10,76300,68,85431,78,0,191,-10,750,33,10881,0,274,199,"Anderson",76978,548.208579074541,0.186224489795918,101.327652056432,29.8786666320247,974.304346696459,18.6224489795918
2021-09-20,11885,63,8207,34,3678,29,9167,36,76486,186,85653,222,0,191,31,781,32,10913,2,276,199,"Anderson",76978,517.030839980254,0.179757085020243,288.394086622152,81.8415651225025,1014.57559302658,17.9757085020243
2021-09-21,11939,54,8233,26,3706,28,9191,24,76604,118,85795,142,0,191,-68,713,122,11035,1,277,200,"Anderson",76978,509.236405206682,0.178360101437025,184.468289641196,70.149912962145,926.238665592767,17.8360101437025
2021-09-22,11990,51,8266,33,3724,18,9231,40,76876,272,86107,312,0,191,-40,673,91,11126,0,277,201,"Anderson",76978,522.227129829302,0.166901408450704,405.310608225727,66.2526955753592,874.275767102289,16.6901408450704
2021-09-23,12065,75,8314,48,3751,27,9282,51,77084,208,86366,259,2,193,-13,660,86,11212,1,278,201,"Anderson",76978,507.93733274442,0.165,336.459767725844,97.4304346696459,857.387825092884,16.5
2021-09-24,12106,41,8335,21,3771,20,9307,25,77224,140,86531,165,2,195,-17,643,56,11268,0,278,203,"Anderson",76978,466.367013952038,0.16043956043956,214.346956273221,53.2619709527397,835.303593234431,16.043956043956
2021-09-25,12116,10,8339,4,3777,6,9313,6,77319,95,86632,101,0,195,-39,604,49,11317,0,278,203,"Anderson",76978,411.805970537037,0.150117279124316,131.206318688456,12.9907246226195,784.639767206215,15.0117279124316
2021-09-26,12134,18,8354,15,3780,3,9331,18,77456,137,86787,155,1,196,-11,593,28,11345,0,278,203,"Anderson",76978,405.310608225727,0.147492625368732,201.356231650601,23.383304320715,770.349970121333,14.7492625368732
2021-09-27,12184,50,8375,21,3809,29,9353,22,77542,86,86895,108,1,197,-40,553,89,11434,1,279,204,"Anderson",76978,388.422666216322,0.14975845410628,140.29982592429,64.9536231130973,718.387071630856,14.975845410628
2021-09-28,12233,49,8399,24,3834,25,9380,27,77637,95,87017,122,0,197,-24,529,73,11507,1,280,204,"Anderson",76978,381.927303905012,0.154664484451718,158.486840395957,63.6545506508353,687.209332536569,15.4664484451718
2021-09-29,12270,37,8414,15,3856,22,9397,17,77828,191,87225,208,2,199,-40,489,75,11582,0,280,206,"Anderson",76978,363.740289433345,0.148479427549195,270.207072150485,48.065681103692,635.246434046091,14.8479427549195
2021-09-30,12332,62,8452,38,3880,24,9437,40,78000,172,87437,212,0,199,-1,488,63,11645,1,281,207,"Anderson",76978,346.852347423939,0.144724556489262,275.403361999532,80.5424926602406,633.947361583829,14.4724556489262
2021-10-01,12383,51,8479,27,3904,24,9466,29,78151,151,87617,180,0,199,-12,476,63,11708,0,281,208,"Anderson",76978,359.843072046559,0.146408839779006,233.83304320715,66.2526955753592,618.358492036686,14.6408839779006
2021-10-02,12401,18,8485,6,3916,12,9472,6,78231,80,87703,86,1,200,-8,468,25,11733,0,281,208,"Anderson",76978,370.235651744654,0.148459383753501,111.720231754527,23.383304320715,607.96591233859,14.8459383753501
2021-10-03,12414,13,8494,9,3920,4,9481,9,78329,98,87810,107,4,204,-9,459,18,11751,0,281,208,"Anderson",76978,363.740289433345,0.146627565982405,139.000753462028,16.8879420094053,596.274260178233,14.6627565982405
2021-10-04,12459,45,8516,22,3943,23,9507,26,78449,120,87956,146,1,205,-20,439,64,11815,0,281,210,"Anderson",76978,357.244927122035,0.145146088595664,189.664579490244,58.4582608017875,570.292810932994,14.5146088595664
2021-10-05,12510,51,8543,27,3967,24,9537,30,78577,128,88114,158,2,207,-17,422,66,11881,0,281,211,"Anderson",76978,359.843072046559,0.143117593436645,205.253449037387,66.2526955753592,548.208579074541,14.3117593436645
2021-10-06,12540,30,8566,23,3974,7,9563,26,78742,165,88305,191,1,208,-6,416,35,11916,0,281,212,"Anderson",76978,350.749564810725,0.153703703703704,248.122840292031,38.9721738678584,540.414144300969,15.3703703703704
2021-10-07,12572,32,8588,22,3984,10,9588,25,78882,140,88470,165,0,208,-7,409,39,11955,0,281,214,"Anderson",76978,311.777390942867,0.146176185866409,214.346956273221,41.5703187923822,531.320637065136,14.6176185866409
2021-10-08,12588,16,8592,4,3996,12,9598,10,79012,130,88610,140,1,209,-15,394,30,11985,1,282,214,"Anderson",76978,266.309854763699,0.132930513595166,181.870144716672,20.7851593961911,511.834550131206,13.2930513595166
2021-10-09,12603,15,8595,3,4008,12,9605,7,79074,62,88679,69,0,209,-8,386,23,12008,0,282,215,"Anderson",76978,262.412637376913,0.136270491803279,89.6359998960742,19.4860869339292,501.441970433111,13.6270491803279
2021-10-10,12613,10,8603,8,4010,2,9614,9,79161,87,88775,96,0,209,-16,370,26,12034,0,282,215,"Anderson",76978,258.515419990127,0.137823834196891,124.710956377147,12.9907246226195,480.65681103692,13.7823834196891
2021-10-11,12654,41,8616,13,4038,28,9627,13,79262,101,88889,114,0,209,-9,361,50,12084,1,283,215,"Anderson",76978,253.319130141079,0.128617363344051,148.094260697862,53.2619709527397,468.965158876562,12.8617363344051
2021-10-12,12689,35,8640,24,4049,11,9649,22,79361,99,89010,121,2,211,-7,354,40,12124,1,284,215,"Anderson",76978,232.533970744888,0.125,157.187767933695,45.4675361791681,459.871651640728,12.5
2021-10-13,12716,27,8654,14,4062,13,9667,18,79473,112,89140,130,0,211,-10,344,37,12161,0,284,217,"Anderson",76978,228.636753358102,0.124550898203593,168.879420094053,35.0749564810725,446.880927018109,12.4550898203593
2021-10-14,12735,19,8664,10,4071,9,9681,14,79576,103,89257,117,1,212,-20,324,38,12199,0,284,217,"Anderson",76978,211.748811348697,0.118170266836086,151.991478084648,24.682376782977,420.89947777287,11.8170266836086
2021-10-15,12758,23,8676,12,4082,11,9694,13,79698,122,89392,135,0,212,-14,310,37,12236,0,284,217,"Anderson",76978,220.842318584531,0.122762148337596,175.374782405363,29.8786666320247,402.712463301203,12.2762148337596
2021-10-16,12766,8,8681,5,4085,3,9701,7,79753,55,89454,62,0,212,-13,297,21,12257,0,284,217,"Anderson",76978,211.748811348697,0.123870967741935,80.5424926602406,10.3925796980956,385.824521291798,12.3870967741935
2021-10-17,12768,2,8682,1,4086,1,9702,1,79804,51,89506,52,0,212,-14,283,16,12273,0,284,217,"Anderson",76978,201.356231650601,0.120383036935705,67.5517680376211,2.59814492452389,367.63750682013,12.0383036935705
2021-10-18,12791,23,8690,8,4101,15,9712,10,79872,68,89584,78,1,213,-30,253,52,12325,0,284,217,"Anderson",76978,177.972927329886,0.122302158273381,101.327652056432,29.8786666320247,328.665332952272,12.2302158273381
2021-10-19,12820,29,8703,13,4117,16,9723,11,79983,111,89706,122,2,215,-17,236,44,12369,0,284,217,"Anderson",76978,170.178492556315,0.10632183908046,158.486840395957,37.6731014055964,306.581101093819,10.632183908046
2021-10-20,12854,34,8728,25,4126,9,9752,29,80094,111,89846,140,0,215,9,245,25,12394,1,285,217,"Anderson",76978,179.271999792148,0.120396600566572,181.870144716672,44.1684637169061,318.272753254177,12.0396600566572
2021-10-21,12886,32,8745,17,4141,15,9770,18,80187,93,89957,111,0,215,11,256,21,12415,0,285,218,"Anderson",76978,196.159941801554,0.127142857142857,144.197043311076,41.5703187923822,332.562550339058,12.7142857142857
2021-10-22,12895,9,8751,6,4144,3,9778,8,80263,76,90041,84,0,215,-23,233,32,12447,0,285,218,"Anderson",76978,177.972927329886,0.129429892141757,109.122086830003,11.6916521603575,302.683883707033,12.9429892141757
2021-10-23,12912,17,8755,4,4157,13,9782,4,80316,53,90098,57,0,215,3,236,14,12461,0,285,218,"Anderson",76978,189.664579490244,0.125776397515528,74.0471303489309,22.0842318584531,306.581101093819,12.5776397515528
2021-10-24,12918,6,8760,5,4158,1,9789,7,80368,52,90157,59,0,215,-10,226,16,12477,0,285,218,"Anderson",76978,194.860869339292,0.133640552995392,76.6452752734548,7.79443477357167,293.5903764712,13.3640552995392
2021-10-25,12942,24,8773,13,4169,11,9803,14,80439,71,90242,85,1,216,-12,214,35,12512,1,286,219,"Anderson",76978,196.159941801554,0.138297872340426,110.421159292265,31.1777390942867,278.001506924056,13.8297872340426
2021-10-26,12954,12,8779,6,4175,6,9809,6,80503,64,90312,70,0,216,-5,209,17,12529,0,286,219,"Anderson",76978,174.075709943101,0.141914191419142,90.9350723583361,15.5888695471433,271.506144612746,14.1914191419142
2021-10-27,12973,19,8790,11,4183,8,9822,13,80624,121,90446,134,1,217,-4,205,22,12551,0,286,220,"Anderson",76978,154.589623009171,0.116666666666667,174.075709943101,24.682376782977,266.309854763699,11.6666666666667
2021-10-28,12996,23,8805,15,4191,8,9839,17,80706,82,90545,99,1,218,5,210,17,12568,0,286,221,"Anderson",76978,142.897970848814,0.11734693877551,128.608173763933,29.8786666320247,272.805217075008,11.734693877551
2021-10-29,13017,21,8815,10,4202,11,9851,12,80820,114,90671,126,0,218,6,216,15,12583,0,286,221,"Anderson",76978,158.486840395957,0.115873015873016,163.683130245005,27.2805217075008,280.59965184858,11.5873015873016
2021-10-30,13029,12,8817,2,4212,10,9856,5,80907,87,90763,92,0,218,2,218,10,12593,0,286,221,"Anderson",76978,151.991478084648,0.111278195488722,119.514666528099,15.5888695471433,283.197796773104,11.1278195488722
2021-10-31,13032,3,8819,2,4213,1,9859,3,80946,39,90805,42,0,218,-9,209,12,12605,0,286,221,"Anderson",76978,148.094260697862,0.108024691358025,54.5610434150017,3.89721738678583,271.506144612746,10.8024691358025
2021-11-01,13058,26,8823,4,4235,22,9863,4,81034,88,90897,92,1,219,-15,194,40,12645,1,287,222,"Anderson",76978,150.692405622386,0.0916030534351145,119.514666528099,33.7758840188106,252.020057678817,9.16030534351145
2021-11-02,13079,21,8829,6,4250,15,9869,6,81110,76,90979,82,2,221,-1,193,20,12665,0,287,222,"Anderson",76978,162.384057782743,0.0899550224887556,106.523941905479,27.2805217075008,250.720985216555,8.99550224887556
2021-11-03,13108,29,8846,17,4262,12,9886,17,81310,200,91196,217,1,222,6,199,22,12687,0,287,222,"Anderson",76978,175.374782405363,0.0853333333333333,281.898724310842,37.6731014055964,258.515419990127,8.53333333333333
2021-11-04,13128,20,8861,15,4267,5,9902,16,81443,133,91345,149,0,222,0,199,20,12707,0,287,222,"Anderson",76978,171.477565018577,0.07875,193.56179687703,25.9814492452389,258.515419990127,7.875
2020-03-12,1,1,1,1,0,0,1,1,11,11,12,12,NA,NA,NA,NA,0,0,0,0,0,"East TN",2455501,NA,NA,0.488698640318208,0.040724886693184,NA,NA
2020-03-13,1,0,1,0,0,0,1,0,23,12,24,12,NA,NA,NA,NA,0,0,0,0,0,"East TN",2455501,NA,NA,0.488698640318208,0,NA,NA
2020-03-14,3,2,3,2,0,0,3,2,51,28,54,30,NA,NA,NA,NA,0,0,0,0,0,"East TN",2455501,NA,NA,1.22174660079552,0.081449773386368,NA,NA
2020-03-15,3,0,3,0,0,0,3,0,54,3,57,3,NA,NA,NA,NA,0,0,0,0,0,"East TN",2455501,NA,NA,0.122174660079552,0,NA,NA
2020-03-16,5,2,5,2,0,0,5,2,90,36,95,38,NA,NA,NA,NA,0,0,0,0,0,"East TN",2455501,NA,NA,1.54754569434099,0.081449773386368,NA,NA
2020-03-17,6,1,6,1,0,0,5,0,131,41,136,41,NA,NA,NA,NA,0,0,0,0,0,"East TN",2455501,NA,NA,1.66972035442054,0.040724886693184,NA,NA
2020-03-18,8,2,8,2,0,0,7,2,171,40,178,42,NA,NA,NA,NA,0,0,0,0,0,"East TN",2455501,0.325799093545472,0.0393258426966292,1.71044524111373,0.081449773386368,NA,3.93258426966292
2020-03-19,11,3,11,3,0,0,11,4,238,67,249,71,NA,NA,NA,NA,0,0,0,0,0,"East TN",2455501,0.40724886693184,0.0421940928270042,2.89146695521606,0.122174660079552,NA,4.21940928270042
2020-03-20,29,18,29,18,0,0,27,16,382,144,409,160,NA,NA,NA,NA,3,3,2,2,0,"East TN",2455501,1.14029682740915,0.0675324675324675,6.51598187090944,0.733047960477312,NA,6.75324675324675
2020-03-21,38,9,38,9,0,0,38,11,610,228,648,239,NA,NA,NA,NA,3,6,1,3,1,"East TN",2455501,1.42537103426144,0.0589225589225589,9.73324791967098,0.366523980238656,NA,5.89225589225589
2020-03-22,48,10,47,9,1,1,43,5,713,103,756,108,NA,NA,NA,NA,2,8,4,7,2,"East TN",2455501,1.83261990119328,0.0572246065808298,4.39828776286387,0.40724886693184,NA,5.72246065808298
2020-03-23,64,16,63,16,1,0,56,13,846,133,902,146,NA,NA,NA,NA,7,15,4,11,2,"East TN",2455501,2.40276831489786,0.0631970260223048,5.94583345720486,0.651598187090944,NA,6.31970260223048
2020-03-24,83,19,82,19,1,0,70,14,987,141,1057,155,NA,NA,NA,NA,7,22,5,16,2,"East TN",2455501,3.13581627537517,0.0705754614549403,6.31235743744352,0.773772847170496,NA,7.05754614549403
2020-03-25,116,33,115,33,1,0,99,29,1288,301,1387,330,NA,NA,NA,NA,15,37,12,28,3,"East TN",2455501,4.39828776286387,0.076095947063689,13.4392126087507,1.34392126087507,NA,7.6095947063689
2020-03-26,144,28,143,28,1,0,130,31,1774,486,1904,517,NA,NA,NA,NA,15,52,5,33,4,"East TN",2455501,5.41640993019347,0.0719033232628399,21.0547664203761,1.14029682740915,NA,7.19033232628399
2020-03-27,166,22,165,22,1,0,147,17,2171,397,2318,414,NA,NA,NA,NA,17,69,6,39,4,"East TN",2455501,5.57930947696621,0.0628601361969618,16.8601030909782,0.895947507250048,NA,6.28601361969618
2020-03-28,197,31,196,31,1,0,180,33,2608,437,2788,470,NA,NA,NA,NA,12,81,8,47,4,"East TN",2455501,6.47525698421626,0.0663551401869159,19.1406967457965,1.2624714874887,NA,6.63551401869159
2020-03-29,213,16,212,16,1,0,196,16,2795,187,2991,203,NA,NA,NA,NA,27,108,3,50,7,"East TN",2455501,6.71960630437536,0.0684563758389262,8.26715199871635,0.651598187090944,NA,6.84563758389262
2020-03-30,246,33,245,33,1,0,226,30,3345,550,3571,580,NA,NA,NA,NA,33,141,8,58,9,"East TN",2455501,7.41192937815949,0.0636942675159236,23.6204342820467,1.34392126087507,NA,6.36942675159236
2020-03-31,295,49,294,49,1,0,278,52,3645,300,3923,352,NA,NA,NA,NA,39,180,12,70,10,"East TN",2455501,8.63367597895501,0.0725750174459177,14.3351601160008,1.99551944796602,NA,7.25750174459177
2020-04-01,346,51,345,51,1,0,336,58,4243,598,4579,656,NA,NA,NA,NA,36,216,9,79,12,"East TN",2455501,9.36672393943232,0.0742481203007519,26.7155256707287,2.07696922135238,NA,7.42481203007519
2020-04-02,391,45,390,45,1,0,383,47,4839,596,5222,643,2,7,NA,134,34,250,5,84,14,"East TN",2455501,10.0590470132164,0.0762507534659433,26.1861021437173,1.83261990119328,5.45713481688666,7.62507534659433
2020-04-03,412,21,411,21,1,0,401,18,5124,285,5525,303,1,8,-13,121,33,283,2,86,17,"East TN",2455501,10.0183221265233,0.0792017461802308,12.3396406680348,0.855222620556864,4.92771128987526,7.92017461802307
2020-04-04,447,35,446,35,1,0,431,30,5716,592,6147,622,3,11,0,121,32,315,5,91,19,"East TN",2455501,10.181221673296,0.0747246204227449,25.3308795231604,1.42537103426144,4.92771128987526,7.47246204227449
2020-04-05,473,26,472,26,1,0,464,33,6093,377,6557,410,-1,10,1,122,26,341,2,93,20,"East TN",2455501,10.5884705402278,0.0751542344363432,16.6972035442054,1.05884705402278,4.96843617656845,7.51542344363432
2020-04-06,514,41,513,41,1,0,514,50,6626,533,7140,583,8,18,0,122,33,374,5,98,20,"East TN",2455501,10.9142696337733,0.080694872513309,23.7426089421263,1.66972035442054,4.96843617656845,8.06948725133091
2020-04-07,570,56,569,56,1,0,592,78,7755,1129,8347,1207,0,18,19,141,37,411,7,105,21,"East TN",2455501,11.1993438406256,0.0709764918625678,49.1549382386731,2.2805936548183,5.74220902373894,7.09764918625678
2020-04-08,607,37,606,37,1,0,632,40,8162,407,8794,447,1,19,4,145,32,443,8,113,25,"East TN",2455501,10.629195426921,0.0702253855278766,18.2040243518532,1.50682080764781,5.90510857051168,7.02253855278766
2020-04-09,633,26,632,26,1,0,662,30,8613,451,9275,481,3,22,3,148,20,463,2,115,25,"East TN",2455501,9.85542257975053,0.0688378978534419,19.5886704994215,1.05884705402278,6.02728323059123,6.88378978534419
2020-04-10,655,22,654,22,1,0,682,20,8941,328,9623,348,0,22,-7,141,29,492,4,119,25,"East TN",2455501,9.89614746644371,0.0685700341630063,14.172260569228,0.895947507250048,5.74220902373894,6.85700341630063
2020-04-11,679,24,678,24,1,0,728,46,10022,1081,10750,1127,2,24,-5,136,27,519,5,124,27,"East TN",2455501,9.44817371281869,0.0645231370845101,45.8969473032184,0.977397280636416,5.53858459027302,6.45231370845101
2020-04-12,709,30,708,30,1,0,761,33,11472,1450,12233,1483,0,24,18,154,12,531,1,125,28,"East TN",2455501,9.61107325959142,0.0523255813953488,60.3950069659919,1.22174660079552,6.27163255075034,5.23255813953488
2020-04-13,738,29,737,29,1,0,803,42,12435,963,13238,1005,0,24,-2,152,31,562,7,132,32,"East TN",2455501,9.12237461927321,0.0473925877336832,40.9285111266499,1.18102171410234,6.19018277736397,4.73925877336832
2020-04-14,749,11,748,11,1,0,823,20,12720,285,13543,305,4,28,-17,135,24,586,1,133,33,"East TN",2455501,7.28975471807994,0.0444572748267898,12.4210904414211,0.447973753625024,5.49785970357984,4.44572748267898
2020-04-15,773,24,772,24,1,0,850,27,13132,412,13982,439,2,30,-6,129,28,614,4,137,34,"East TN",2455501,6.76033119106854,0.0420200462606014,17.8782252583078,0.977397280636416,5.25351038342074,4.20200462606014
2020-04-16,801,28,800,28,1,0,886,36,13809,677,14695,713,1,31,1,130,26,640,6,143,34,"East TN",2455501,6.84178096445491,0.0413284132841328,29.0368442122402,1.14029682740915,5.29423527011392,4.13284132841328
2020-04-17,823,22,821,21,2,1,916,30,14138,329,15054,359,0,31,-1,129,23,663,3,146,35,"East TN",2455501,6.84178096445491,0.0430859878475419,14.6202343228531,0.895947507250048,5.25351038342074,4.30859878475419
2020-04-18,835,12,833,12,2,0,935,19,14919,781,15854,800,0,31,-11,118,23,686,0,146,35,"East TN",2455501,6.3530823241367,0.0405564263322884,32.5799093545472,0.488698640318208,4.80553662979571,4.05564263322884
2020-04-19,914,79,912,79,2,0,1016,81,15606,687,16622,768,1,32,66,184,12,698,1,147,35,"East TN",2455501,8.34860177210272,0.0580997949419002,31.2767129803653,3.21726604876154,7.49337915154586,5.80997949419002
2020-04-20,939,25,931,19,8,6,1033,17,16569,963,17602,980,0,32,10,194,15,713,2,149,35,"East TN",2455501,8.18570222532998,0.0527039413382218,39.9103889593203,1.0181221673296,7.9006280184777,5.27039413382218
2020-04-21,1045,106,1037,106,8,0,1154,121,19275,2706,20429,2827,0,32,83,277,23,736,6,155,36,"East TN",2455501,12.0545664611825,0.0480685448736567,115.129254681631,4.3168379894775,11.280793614012,4.80685448736567
2020-04-22,1247,202,1237,200,10,2,1354,200,21827,2552,23181,2752,2,34,177,454,23,759,2,157,36,"East TN",2455501,19.3035962925692,0.054788563974345,112.074888179642,8.22642711202317,18.4890985587055,5.4788563974345
2020-04-23,1492,245,1480,243,12,2,1601,247,22934,1107,24535,1354,0,34,236,690,9,768,3,160,36,"East TN",2455501,28.1408967049901,0.0726626016260163,55.1414965825711,9.97759723983008,28.100171818297,7.26626016260163
2020-04-24,1540,48,1527,47,13,1,1655,54,25623,2689,27278,2743,0,34,22,712,26,794,4,164,36,"East TN",2455501,29.1997437590129,0.0604548429319372,111.708364199404,1.95479456127283,28.996119325547,6.04548429319372
2020-04-25,1563,23,1546,19,17,4,1674,19,26398,775,28072,794,0,34,10,722,13,807,3,167,37,"East TN",2455501,29.6477175126379,0.0604845310198068,32.3355600343881,0.936672393943232,29.4033681924788,6.04845310198068
2020-04-26,1583,20,1565,19,18,1,1700,26,27516,1118,29216,1144,0,34,-1,721,21,828,0,167,38,"East TN",2455501,27.2449491977401,0.0543115769414007,46.5892703770025,0.81449773386368,29.3626433057857,5.43115769414007
2020-04-27,1652,69,1633,68,19,1,1772,72,28431,915,30203,987,0,34,50,771,19,847,8,175,39,"East TN",2455501,29.0368442122402,0.058646139195302,40.1954631661726,2.8100171818297,31.3988876404449,5.8646139195302
2020-04-28,1689,37,1667,34,22,3,1812,40,30605,2174,32417,2214,2,36,19,790,16,863,1,176,40,"East TN",2455501,26.2268270304105,0.0548882215548882,90.1648991387094,1.50682080764781,32.1726604876154,5.48882215548882
2020-04-29,1752,63,1729,62,23,1,1878,66,33354,2749,35232,2815,1,37,39,829,23,886,6,182,41,"East TN",2455501,20.5660677800579,0.0434818687245872,114.640556041313,2.56566786167059,33.7609310686495,4.34818687245872
2020-04-30,1774,22,1750,21,24,1,1900,22,33903,549,35803,571,0,37,-1,828,23,909,1,183,41,"East TN",2455501,11.4844180474779,0.0265353212637558,23.2539103018081,0.895947507250048,33.7202061819563,2.65353212637558
2020-05-01,1814,40,1786,36,28,4,1929,29,35565,1662,37494,1691,0,37,-16,812,56,965,0,183,41,"East TN",2455501,11.1586189539324,0.0268206734534064,68.8657833981741,1.62899546772736,33.0686079948654,2.68206734534064
2020-05-02,1835,21,1807,21,28,0,1966,37,37442,1877,39408,1914,0,37,-107,705,128,1093,2,185,41,"East TN",2455501,11.077169180546,0.0257586450247001,77.9474331307542,0.855222620556864,28.7110451186947,2.57586450247001
2020-05-03,1873,38,1840,33,33,5,2003,37,39562,2120,41565,2157,0,37,-20,685,58,1151,3,188,43,"East TN",2455501,11.8102171410234,0.0245363997084784,87.8435805971979,1.54754569434099,27.896547384831,2.45363997084784
2020-05-04,1920,47,1884,44,36,3,2060,57,41508,1946,43568,2003,0,37,-312,373,359,1510,1,189,43,"East TN",2455501,10.9142696337733,0.0215488215488215,81.5719480464475,1.91406967457965,15.1903827365576,2.15488215488215
2020-05-05,1948,28,1911,27,37,1,2092,32,44418,2910,46510,2942,2,39,-45,328,71,1581,1,190,43,"East TN",2455501,10.5477456535347,0.0198680195841907,119.812616651347,1.14029682740915,13.3577628353644,1.98680195841907
2020-05-06,1985,37,1948,37,37,0,2135,43,45462,1044,47597,1087,1,40,7,335,29,1610,0,190,43,"East TN",2455501,9.48889859951187,0.0207844723008492,44.267951835491,1.50682080764781,13.6428370422166,2.07844723008492
2020-05-07,2028,43,1989,41,39,2,2183,48,46853,1391,49036,1439,0,40,19,354,24,1634,4,194,47,"East TN",2455501,10.3441212200687,0.0213859291166024,58.6031119514918,1.75117012780691,14.4166098893871,2.13859291166024
2020-05-08,2047,19,2008,19,39,0,2219,36,48523,1670,50742,1706,1,41,-15,339,33,1667,0,194,48,"East TN",2455501,9.48889859951187,0.0218900966183575,69.4766566985719,0.773772847170496,13.8057365889894,2.18900966183575
2020-05-09,2063,16,2022,14,41,2,2237,18,51342,2819,53579,2837,0,41,-33,306,49,1716,1,195,49,"East TN",2455501,9.28527416604595,0.0191235622045022,115.536503548563,0.651598187090944,12.4618153281143,1.91235622045022
2020-05-10,2079,16,2037,15,42,1,2256,19,53906,2564,56162,2583,1,42,-27,279,42,1758,3,198,49,"East TN",2455501,8.3893266587959,0.0173323285606631,105.192382328494,0.651598187090944,11.3622433873983,1.73323285606631
2020-05-11,2140,61,2097,60,43,1,2307,51,55477,1571,57784,1622,3,45,13,292,45,1803,4,202,51,"East TN",2455501,8.95947507250048,0.0173747889701744,66.0557662163444,2.48421808828422,11.8916669144097,1.73747889701745
2020-05-12,2193,53,2150,53,43,0,2373,66,59032,3555,61405,3621,3,48,30,322,20,1823,3,205,51,"East TN",2455501,9.97759723983008,0.0188653910708291,147.464814716019,2.15841899473875,13.1134135152052,1.88653910708291
2020-05-13,2247,54,2201,51,46,3,2425,52,60657,1625,63082,1677,0,48,18,340,36,1859,7,212,53,"East TN",2455501,10.6699203136142,0.0187278010978366,68.2956349844696,2.19914388143194,13.8464614756826,1.87278010978366
2020-05-14,2278,31,2232,31,46,0,2470,45,62365,1708,64835,1753,1,49,-1,339,31,1890,2,214,54,"East TN",2455501,10.181221673296,0.0181657066902969,71.3907263731516,1.2624714874887,13.8057365889894,1.81657066902969
2020-05-15,2306,28,2260,28,46,0,2507,37,64685,2320,67192,2357,1,50,-21,318,48,1938,4,218,54,"East TN",2455501,10.5477456535347,0.0175075987841945,95.9885579358347,1.14029682740915,12.9505139684325,1.75075987841945
2020-05-16,2316,10,2270,10,46,0,2525,18,67455,2770,69980,2788,1,51,-28,290,37,1975,1,219,54,"East TN",2455501,10.3033963333756,0.0175599048838485,113.540984100597,0.40724886693184,11.8102171410234,1.75599048838485
2020-05-17,2396,80,2350,80,46,0,2604,79,69682,2227,72286,2306,0,51,59,349,21,1996,4,223,56,"East TN",2455501,12.9097890817393,0.0215827338129496,93.9115887144823,3.25799093545472,14.2129854559212,2.15827338129496
2020-05-18,2445,49,2398,48,47,1,2665,61,71560,1878,74225,1939,0,51,8,357,41,2037,3,226,56,"East TN",2455501,12.4210904414211,0.0217748312146463,78.9655552980838,1.99551944796602,14.5387845494667,2.17748312146463
2020-05-19,2486,41,2438,40,48,1,2705,40,72684,1124,75389,1164,1,52,-6,351,46,2083,3,229,56,"East TN",2455501,11.9323918011029,0.0237414187643021,47.4037681108662,1.66972035442054,14.2944352293076,2.37414187643021
2020-05-20,2528,42,2480,42,48,0,2750,45,74424,1740,77174,1785,0,52,13,364,29,2112,3,232,56,"East TN",2455501,11.4436931607847,0.0230627306273063,72.6939227473334,1.71044524111373,14.823858756319,2.30627306273063
2020-05-21,2769,241,2720,240,49,1,2988,238,75886,1462,78874,1700,0,52,211,575,30,2142,4,236,57,"East TN",2455501,19.9959193663533,0.0368972149013463,69.2323073784128,9.81469769305734,23.4168098485808,3.68972149013463
2020-05-22,2860,91,2808,88,52,3,3066,78,77411,1525,80477,1603,0,52,40,615,51,2193,6,242,57,"East TN",2455501,22.5615872280239,0.0420775310500565,65.2819933691739,3.70596468907974,25.0458053163082,4.20775310500565
2020-05-23,2926,66,2870,62,56,4,3157,91,79626,2215,82783,2306,2,54,36,651,28,2221,6,248,58,"East TN",2455501,24.8421808828422,0.0493634304459892,93.9115887144823,2.68784252175014,26.5119012372628,4.93634304459892
2020-05-24,2978,52,2922,52,56,0,3227,70,81746,2120,84973,2190,0,54,26,677,26,2247,0,248,59,"East TN",2455501,23.7018840554331,0.0491053834633877,89.187501858073,2.11769410804557,27.5707482912856,4.91053834633877
2020-05-25,3062,84,3005,83,57,1,3321,94,84396,2650,87717,2744,1,55,42,719,41,2288,2,250,59,"East TN",2455501,25.1272550896945,0.0486214052772013,111.749089086097,3.42089048222746,29.2811935323993,4.86214052772013
2020-05-26,3123,61,3057,52,66,9,3377,56,86782,2386,90159,2442,1,56,15,734,45,2333,3,253,59,"East TN",2455501,25.9417528235582,0.0454976303317536,99.4501733047553,2.48421808828422,29.8920668327971,4.54976303317536
2020-05-27,3199,76,3130,73,69,3,3444,67,88649,1867,92093,1934,0,56,40,774,36,2369,8,261,59,"East TN",2455501,27.3263989711265,0.0465178631275555,78.7619308646179,3.09509138868198,31.5210623005244,4.65178631275555
2020-05-28,3273,74,3204,74,69,0,3511,67,90048,1399,93559,1466,0,56,14,788,60,2429,1,262,59,"East TN",2455501,20.5253428933647,0.0356145726932244,59.7026838922077,3.01364161529562,32.091210714229,3.56145726932244
2020-05-29,3348,75,3278,74,70,1,3594,83,91326,1278,94920,1361,0,56,10,798,65,2494,4,266,59,"East TN",2455501,19.8737447062738,0.0365575019040366,55.4265707894234,3.0543665019888,32.4984595811608,3.65575019040366
2020-05-30,3421,73,3350,72,71,1,3675,81,93571,2245,97246,2326,0,56,-1,797,74,2568,4,270,60,"East TN",2455501,20.1588189131261,0.0358155292816152,94.726086448346,2.97291672860243,32.4577346944676,3.58155292816152
2020-05-31,3533,112,3460,110,73,2,3769,94,96354,2783,100123,2877,0,56,71,868,41,2609,1,271,61,"East TN",2455501,22.6023121147171,0.0357755775577558,117.16549901629,4.56118730963661,35.3492016496837,3.57755775577558
2020-06-01,3629,96,3553,93,76,3,3903,134,100186,3832,104089,3966,0,56,-169,699,265,2874,5,276,61,"East TN",2455501,23.0910107550353,0.0355484974346445,161.514900625168,3.90958912254566,28.4666957985356,3.55484974346445
2020-06-02,3736,107,3658,105,78,2,4018,115,104246,4060,108264,4175,1,57,16,715,90,2964,3,279,65,"East TN",2455501,24.9643555429218,0.0354045843689589,170.026401944043,4.35756287617069,29.1182939856266,3.54045843689589
2020-06-03,3786,50,3708,50,78,0,4068,50,106176,1930,110244,1980,0,57,-65,650,115,3079,4,283,66,"East TN",2455501,23.905508488899,0.0343782711696325,80.6352756525043,2.0362443346592,26.4711763505696,3.43782711696325
2020-06-04,3837,51,3757,49,80,2,4129,61,107724,1548,111853,1609,6,63,-37,613,82,3161,5,288,67,"East TN",2455501,22.9688360949558,0.0337815677271236,65.526342689333,2.07696922135238,24.9643555429218,3.37815677271236
2020-06-05,3936,99,3852,95,84,4,4211,82,109880,2156,114091,2238,1,64,-43,570,141,3302,4,292,68,"East TN",2455501,23.9462333755922,0.0321840279588963,91.1422964193458,4.03176378262522,23.2131854151149,3.21840279588963
2020-06-06,3989,53,3902,50,87,3,4286,75,112985,3105,117271,3180,1,65,-14,556,66,3368,4,296,68,"East TN",2455501,23.1317356417285,0.0305118601747815,129.505139684325,2.15841899473875,22.6430370014103,3.05118601747815
2020-06-07,4047,58,3958,56,89,2,4367,81,116949,3964,121316,4045,0,65,-8,548,66,3434,6,302,69,"East TN",2455501,20.9325917602966,0.0282168640588874,164.732166673929,2.36204342820467,22.3172379078648,2.82168640588874
2020-06-08,4207,160,4114,156,93,4,4524,157,119900,2951,124424,3108,0,65,75,623,85,3519,6,308,69,"East TN",2455501,23.5389845086604,0.0305384804524219,126.572947842416,6.51598187090944,25.3716044098536,3.05384804524219
2020-06-09,4315,108,4221,107,94,1,4642,118,122227,2327,126869,2445,1,66,-35,588,142,3661,7,315,70,"East TN",2455501,23.5797093953535,0.0335393711367912,99.5723479648349,4.39828776286387,23.9462333755922,3.35393711367912
2020-06-10,4392,77,4295,74,97,3,4716,74,125065,2838,129781,2912,0,66,-63,525,140,3801,6,321,70,"East TN",2455501,24.6792813360695,0.0331678353892614,118.590870050552,3.13581627537517,21.3805655139216,3.31678353892614
2020-06-11,4656,264,4557,262,99,2,4996,280,127356,2291,132352,2571,1,67,149,674,114,3915,8,329,70,"East TN",2455501,33.3536822017177,0.0422947460851749,104.703683688176,10.7513700870006,27.448573631206,4.22947460851749
2020-06-12,4827,171,4727,170,100,1,5168,172,129983,2627,135151,2799,2,69,24,698,145,4060,3,332,71,"East TN",2455501,36.2858740436269,0.0454415954415954,113.988957854222,6.96395562453446,28.4259709118424,4.54415954415954
2020-06-13,4975,148,4871,144,104,4,5336,168,132174,2191,137510,2359,0,69,50,748,98,4158,4,336,72,"East TN",2455501,40.1547382794794,0.051880033598498,96.0700077092211,6.02728323059123,30.4622152465016,5.1880033598498
2020-06-14,5091,116,4986,115,105,1,5471,135,136044,3870,141515,4005,0,69,30,778,86,4244,4,340,73,"East TN",2455501,42.5167817076841,0.0546561710975791,163.103171206202,4.72408685640934,31.6839618472971,5.46561710975791
2020-06-15,5274,183,5158,172,116,11,5650,179,139218,3174,144868,3353,0,69,58,836,125,4369,9,349,78,"East TN",2455501,43.4534541016273,0.0550772842887889,136.550545082246,7.45265426485267,34.0460052755018,5.50772842887889
2020-06-16,5428,154,5310,152,118,2,5808,158,141018,1800,146826,1958,3,72,64,900,87,4456,4,353,81,"East TN",2455501,45.3267988895138,0.0584256150724057,79.7393281452543,6.27163255075034,36.6523980238656,5.84256150724057
2020-06-17,5561,133,5440,130,121,3,5930,122,142459,1441,148389,1563,3,75,-6,894,136,4592,6,359,83,"East TN",2455501,47.6073925443321,0.0652407566638005,63.6529979014466,5.41640993019347,36.4080487037065,6.52407566638005
2020-06-18,5739,178,5617,177,122,1,6136,206,146050,3591,152186,3797,1,76,42,936,135,4727,10,369,83,"East TN",2455501,44.1050522887183,0.0574770595946355,154.63239477402,7.24902983138675,38.1184939448202,5.74770595946355
2020-06-19,5874,135,5748,131,126,4,6254,118,147514,1464,153768,1582,4,80,22,958,109,4836,12,381,84,"East TN",2455501,42.6389563677636,0.0583337809528925,64.4267707486171,5.49785970357984,39.0144414520703,5.83337809528925
2020-06-20,5940,66,5813,65,127,1,6349,95,149689,2175,156038,2270,0,80,-44,914,110,4946,6,387,84,"East TN",2455501,39.2995156589226,0.0546740069084629,92.4454927935277,2.68784252175014,37.2225464375702,5.46740069084629
2020-06-21,6028,88,5900,87,128,1,6468,119,153039,3350,159507,3469,1,81,0,914,87,5033,3,390,87,"East TN",2455501,38.1592188315134,0.0554135171187194,141.274631938655,3.58379002900019,37.2225464375702,5.54135171187194
2020-06-22,6224,196,6089,189,135,7,6666,198,156449,3410,163115,3608,1,82,43,957,152,5185,7,397,88,"East TN",2455501,38.6886423585248,0.0556803858168466,146.935391189008,7.98207779186406,38.9737165653771,5.56803858168466
2020-06-23,6414,190,6273,184,141,6,6850,184,158254,1805,165104,1989,4,86,57,1014,129,5314,15,412,88,"East TN",2455501,40.1547382794794,0.0570084254294781,81.001799632743,7.73772847170496,41.2950351068886,5.70084254294781
2020-06-24,6592,178,6449,176,143,2,7033,183,159885,1631,166918,1814,2,88,37,1051,139,5453,9,421,88,"East TN",2455501,41.9873581806727,0.0595283069782503,73.8749444614358,7.24902983138675,42.8018559145364,5.95283069782503
2020-06-25,6761,169,6609,160,152,9,7217,184,163059,3174,170276,3358,0,88,22,1073,147,5600,8,429,88,"East TN",2455501,41.620834200434,0.0597567716970702,136.754169515712,6.8825058511481,43.6978034217864,5.97567716970702
2020-06-26,6975,214,6813,204,162,10,7389,172,164648,1589,172037,1761,1,89,67,1140,146,5746,16,445,88,"East TN",2455501,44.8381002491956,0.0621271005528491,71.716525466697,8.71512575234138,46.4263708302298,6.21271005528491
2020-06-27,7049,74,6882,69,167,5,7435,46,164857,209,172292,255,-1,88,-52,1088,127,5873,5,450,90,"East TN",2455501,45.1638993427411,0.0668143226282761,10.3848461067619,3.01364161529562,44.3086767221842,6.68143226282761
2020-06-28,7176,127,7007,125,169,2,7606,171,167946,3089,175552,3260,0,88,30,1118,97,5970,5,455,91,"East TN",2455501,46.7521699237752,0.0709255219694609,132.76313061978,5.17206061003437,45.5304233229797,7.09255219694609
2020-06-29,7519,343,7348,341,171,2,7946,340,173214,5268,181160,5608,1,89,147,1265,195,6165,22,477,92,"East TN",2455501,52.7387282676733,0.0709337766694375,228.385164575376,13.9686361357621,51.5169816668778,7.09337766694375
2020-06-30,7789,270,7614,266,175,4,8394,448,179502,6288,187896,6736,0,89,100,1365,170,6335,22,499,93,"East TN",2455501,55.996719203128,0.0677430677430677,274.322836765287,10.9957194071597,55.5894703361962,6.77430677430677
2020-07-01,8064,275,7886,272,178,3,8728,334,182706,3204,191434,3538,0,89,66,1431,209,6544,17,516,96,"East TN",2455501,59.9470332123668,0.0691385217816936,144.084649120485,11.1993438406256,58.2773128579463,6.91385217816936
2020-07-02,8544,480,8361,475,183,5,9334,606,189089,6383,198423,6989,2,91,314,1745,164,6708,24,540,99,"East TN",2455501,72.6124729739471,0.0752122783955661,284.626233098663,19.5479456127283,71.0649272796061,7.52122783955661
2020-07-03,8770,226,8581,220,189,6,9562,228,192445,3356,202007,3584,5,96,24,1769,197,6905,14,554,100,"East TN",2455501,73.1011716142653,0.0725058391725058,145.957993908371,9.20382439265958,72.0423245602425,7.25058391725058
2020-07-04,8990,220,8799,218,191,2,9842,280,197209,4764,207051,5044,2,98,77,1846,141,7046,14,568,106,"East TN",2455501,79.0470050714701,0.0692482522512155,205.41632848042,8.95947507250048,75.1781408356177,6.92482522512155
2020-07-05,9310,320,9118,319,192,1,10210,368,201057,3848,211267,4216,2,100,163,2009,155,7201,11,579,109,"East TN",2455501,86.9069082032546,0.0729105417891642,171.696122298464,13.0319637418189,81.8162973666066,7.29105417891642
2020-07-06,9544,234,9341,223,203,11,10420,210,202688,1631,213108,1841,4,104,-51,1958,281,7482,26,605,109,"East TN",2455501,82.4678955536976,0.0774383372981094,74.9745164021517,9.52962348620506,79.7393281452543,7.74383372981094
2020-07-07,9992,448,9780,439,212,9,10986,566,208966,6278,219952,6844,0,104,159,2117,289,7771,31,636,110,"East TN",2455501,89.7169253850844,0.080858497629149,278.721124528151,18.2447492385464,86.2145851294705,8.0858497629149
2020-07-08,10373,381,10151,371,222,10,11420,434,213138,4172,224558,4606,1,105,61,2178,319,8090,20,656,110,"East TN",2455501,94.0337633745619,0.0812703779736747,187.578828108805,15.5161818301031,88.6988032177547,8.12703779736747
2020-07-09,10822,449,10586,435,236,14,11892,472,219089,5951,230981,6423,1,106,149,2327,299,8389,24,680,113,"East TN",2455501,92.7712918870731,0.0785674795749125,261.575947230321,18.2854741252396,94.7668113350392,7.85674795749125
2020-07-10,11289,467,11041,455,248,12,12345,453,222373,3284,234718,3737,0,106,141,2468,326,8715,27,707,115,"East TN",2455501,102.58598958013,0.085078413989178,152.188901572429,19.0185220857169,100.509020358778,8.5078413989178
2020-07-11,11595,306,11340,299,255,7,12767,422,226851,4478,239618,4900,5,111,44,2512,257,8972,22,729,120,"East TN",2455501,106.088329835744,0.0898148432462308,199.551944796602,12.4618153281143,102.300915373278,8.98148432462308
2020-07-12,12065,470,11802,462,263,8,13400,633,232781,5930,246181,6563,1,112,222,2734,247,9219,24,753,125,"East TN",2455501,112.197062839722,0.0913673597983617,267.277431367367,19.1406967457965,111.341840219165,9.13673597983617
2020-07-13,12419,354,12143,341,276,13,13743,343,236215,3434,249958,3777,3,115,-119,2615,470,9689,18,771,129,"East TN",2455501,117.084049242904,0.0901763907734057,153.817897040156,14.4166098893871,106.495578702676,9.01763907734057
2020-07-14,12934,515,12652,509,282,6,14327,584,240703,4488,255030,5072,4,119,77,2692,434,10123,34,805,133,"East TN",2455501,119.812616651347,0.0952448828325446,206.556625307829,20.9733166469898,109.631394978051,9.52448828325446
2020-07-15,13314,380,13026,374,288,6,14710,383,243800,3097,258510,3480,6,125,-105,2587,479,10602,24,829,140,"East TN",2455501,119.771891764654,0.0969015080113101,141.72260569228,15.4754569434099,105.355281875267,9.69015080113101
2020-07-16,14141,827,13838,812,303,15,15807,1097,253634,9834,269441,10931,6,131,349,2936,472,11074,43,872,142,"East TN",2455501,135.165898934678,0.101794071762871,445.163736443194,33.6794812952632,119.568267331188,10.1794071762871
2020-07-17,14609,468,14291,453,318,15,16318,511,257954,4320,274272,4831,3,134,95,3031,370,11444,24,896,147,"East TN",2455501,135.206623821371,0.100444961318704,196.741927614772,19.0592469724101,123.437131567041,10.0444961318704
2020-07-18,15118,509,14785,494,333,15,16986,668,266045,8091,283031,8759,6,140,185,3216,318,11762,27,923,150,"East TN",2455501,143.473775820087,0.0971828714901067,356.709282545599,20.7289673268307,130.97123560528,9.71828714901067
2020-07-19,15599,481,15247,462,352,19,17546,560,270898,4853,288444,5413,0,140,76,3292,405,12167,25,948,154,"East TN",2455501,143.921749573712,0.0980999929015924,220.443811670205,19.5886704994215,134.066326993962,9.80999929015924
2020-07-20,16035,436,15668,421,367,15,17957,411,273355,2457,291312,2868,2,142,-270,3022,704,12871,29,977,158,"East TN",2455501,147.261190282553,0.10190066257194,116.798975036052,17.7560505982282,123.070607586802,10.190066257194
2020-07-21,17036,1001,16652,984,384,17,19169,1212,281732,8377,300901,9589,1,143,381,3403,619,13490,61,1038,161,"East TN",2455501,167.053485215441,0.105556887794031,390.510938500941,40.7656115798772,138.586789416905,10.5556887794031
2020-07-22,17620,584,17219,567,401,17,19823,654,285032,3300,304855,3954,4,147,-80,3323,660,14150,29,1067,166,"East TN",2455501,175.36136210085,0.110324738375229,161.02620198485,23.7833338288195,135.32879848145,11.0324738375229
2020-07-23,18415,795,17992,773,423,22,20822,999,295236,10204,316058,11203,4,151,242,3565,549,14699,50,1117,171,"East TN",2455501,174.058165726668,0.107578780273291,456.24090562374,32.3762849210813,145.184221061201,10.7578780273291
2020-07-24,19018,603,18582,590,436,13,21506,684,301045,5809,322551,6493,2,153,6,3571,595,15294,34,1151,177,"East TN",2455501,179.556025430248,0.107458729468299,264.426689298844,24.55710667599,145.42857038136,10.7458729468299
2020-07-25,19996,978,19547,965,449,13,22708,1202,310660,9615,333368,10817,10,163,550,4121,418,15712,28,1179,185,"East TN",2455501,198.655997289352,0.113673838329658,440.521099360171,39.8289391859339,167.827258062611,11.3673838329658
2020-07-26,20771,775,20307,760,464,15,23605,897,318183,7523,341788,8420,1,164,391,4512,383,16095,21,1200,192,"East TN",2455501,210.629113977148,0.113583533293341,342.903545956609,31.5617871872176,183.750688759646,11.3583533293341
2020-07-27,21417,646,20931,624,486,22,24311,706,322649,4466,346960,5172,6,170,-78,4434,718,16813,38,1238,196,"East TN",2455501,219.181340182716,0.114182001150086,210.629113977148,26.3082768037969,180.574147597578,11.4182001150086
2020-07-28,22232,815,21723,792,509,23,25284,973,330870,8221,356154,9194,7,177,170,4604,638,17451,50,1288,201,"East TN",2455501,211.606511257784,0.110672723653014,374.424608257134,33.190782654945,187.497378335419,11.0672723653014
2020-07-29,22575,343,22054,331,521,12,25600,316,332442,1572,358042,1888,5,182,-337,4267,675,18126,24,1312,210,"East TN",2455501,201.791813564727,0.108616767255156,76.8885860767314,13.9686361357621,173.773091519816,10.8616767255156
2020-07-30,23763,1188,23227,1173,536,15,26981,1381,344976,12534,371957,13915,5,187,673,4940,510,18636,42,1354,216,"East TN",2455501,217.796694035148,0.110180861911662,566.686798335655,48.3811653915026,201.180940264329,11.0180861911662
2020-07-31,24385,622,23833,606,552,16,27635,654,348944,3968,376579,4622,6,193,80,5020,536,19172,25,1379,225,"East TN",2455501,218.570466882319,0.113441178648108,188.230426295896,25.3308795231604,204.438931199784,11.3441178648108
2020-08-01,24944,559,24375,542,569,17,28271,636,355918,6974,384189,7610,1,194,152,5172,406,19578,16,1395,228,"East TN",2455501,201.506739357874,0.109462623718542,309.91638773513,22.7652116614899,210.629113977148,10.9462623718542
2020-08-02,25375,431,24795,420,580,11,28755,484,359716,3798,388471,4282,4,198,49,5221,378,19956,19,1414,233,"East TN",2455501,187.497378335419,0.110318531371163,174.383964820214,17.5524261647623,212.624633425114,11.0318531371163
2020-08-03,26001,626,25403,608,598,18,29463,708,363860,4144,393323,4852,3,201,-43,5178,666,20622,33,1447,241,"East TN",2455501,186.682880601555,0.111123093846386,197.597150235329,25.4937790699332,210.873463297307,11.1123093846386
2020-08-04,26487,486,25869,466,618,20,29989,526,369231,5371,399220,5897,6,207,-219,4959,699,21321,33,1480,250,"East TN",2455501,173.284392879498,0.109250917196861,240.154656829706,19.7922949328874,201.954713111499,10.9250917196861
2020-08-05,26955,468,26329,460,626,8,30510,521,373444,4213,403954,4734,9,216,-224,4735,683,22004,19,1499,256,"East TN",2455501,178.375003716146,0.106943718417843,192.791613605533,19.0592469724101,192.832338492226,10.6943718417843
2020-08-06,27686,731,27022,693,664,38,31362,852,380514,7070,411876,7922,7,223,201,4936,523,22527,36,1535,262,"East TN",2455501,159.763730497361,0.109747238157268,322.622552383404,29.7698921727175,201.018040717556,10.9747238157268
2020-08-07,28241,555,27563,541,678,14,31981,619,384484,3970,416465,4589,6,229,38,4974,511,23038,34,1569,275,"East TN",2455501,157.035163088917,0.108960537531966,186.886505035021,22.6023121147171,202.565586411897,10.8960537531966
2020-08-08,28916,675,28226,663,690,12,32781,800,394560,10076,427341,10876,8,237,289,5263,378,23416,19,1588,285,"East TN",2455501,161.759249945327,0.104514275120504,442.923867675069,27.4892985178992,214.335078666227,10.4514275120504
2020-08-09,29444,528,28742,516,702,12,33415,634,398861,4301,432276,4935,2,239,115,5378,411,23827,19,1607,292,"East TN",2455501,165.709563954566,0.106380550165506,200.977315830863,21.5027401740012,219.018440635944,10.6380550165506
2020-08-10,29747,303,29034,292,713,11,33743,328,401150,2289,434893,2617,3,242,-478,4900,778,24605,26,1633,296,"East TN",2455501,152.555425552667,0.102958864565793,106.577028476063,12.3396406680348,199.551944796602,10.2958864565793
2020-08-11,30359,612,29629,595,730,17,34428,685,407250,6100,441678,6785,17,259,-7,4893,602,25207,28,1661,301,"East TN",2455501,157.686761276008,0.104550379198267,276.318356213253,24.9236306562286,199.266870589749,10.4550379198267
2020-08-12,30804,445,30053,424,751,21,34902,474,410999,3749,445901,4223,6,265,-251,4642,690,25897,25,1686,306,"East TN",2455501,156.750088882065,0.104703554485422,171.981196505316,18.1225745784669,189.04492402976,10.4703554485422
2020-08-13,31621,817,30857,804,764,13,36019,1117,419561,8562,455580,9679,6,271,202,4844,609,26506,44,1730,313,"East TN",2455501,160.252429137679,0.106557752150833,394.176178303328,33.2722324283313,197.271351141783,10.6557752150833
2020-08-14,32082,461,31289,432,793,29,36553,534,424217,4656,460770,5190,4,275,-142,4702,599,27105,18,1748,320,"East TN",2455501,156.42428978852,0.103193770454802,211.362161937625,18.7741727655578,191.488417231351,10.3193770454802
2020-08-15,32732,650,31927,638,805,12,37430,877,431150,6933,468580,7810,4,279,216,4918,430,27535,17,1765,329,"East TN",2455501,155.40616762119,0.11273309246102,318.061365073767,26.4711763505696,200.284992757079,11.273309246102
2020-08-16,33206,474,32390,463,816,11,38023,593,436616,5466,474639,6059,2,281,110,5028,362,27897,10,1775,338,"East TN",2455501,153.207023739758,0.108774166135543,246.752088474002,19.3035962925692,204.764730293329,10.8774166135543
2020-08-17,33479,273,32593,203,886,70,38250,227,438088,1472,476338,1699,8,289,-397,4631,662,28559,12,1787,344,"East TN",2455501,151.985277138963,0.108746531547834,69.1915824917196,11.1178940672392,188.596950276135,10.8746531547834
2020-08-18,34109,630,33158,565,951,65,39062,812,448685,10597,487747,11409,8,297,52,4683,570,29129,22,1809,347,"East TN",2455501,152.71832509944,0.100588248062689,464.630232282536,25.6566786167059,190.714644384181,10.0588248062689
2020-08-19,34564,455,33592,434,972,21,39559,497,453469,4784,493028,5281,7,304,-113,4570,561,29690,22,1831,354,"East TN",2455501,153.125573966372,0.0988180872960299,215.068126626705,18.5298234453987,186.112732187851,9.88180872960299
2020-08-20,35342,778,34349,757,993,21,40433,874,465007,11538,505440,12412,6,310,264,4834,508,30198,26,1857,362,"East TN",2455501,151.537303385338,0.088527878058564,505.4772936358,31.6839618472971,196.864102274851,8.8527878058564
2020-08-21,35551,209,34546,197,1005,12,40646,213,467458,2451,508104,2664,17,327,-321,4513,513,30711,17,1874,369,"East TN",2455501,141.274631938655,0.0864706130899565,108.491098150642,8.51150131887546,183.791413646339,8.64706130899565
2020-08-22,36421,870,35404,858,1017,12,41619,973,480825,13367,522444,14340,2,329,454,4967,414,31125,20,1894,376,"East TN",2455501,150.234107011156,0.0777699391058963,583.994875180259,35.4306514230701,202.280512205045,7.77699391058963
2020-08-23,36674,253,35646,242,1028,11,41873,254,485932,5107,527805,5361,0,329,-94,4873,347,31472,20,1914,381,"East TN",2455501,141.233907051962,0.072414701124779,218.326117562159,10.3033963333756,198.452372855886,7.2414701124779
2020-08-24,36866,192,35821,175,1045,17,42071,198,487275,1343,529346,1541,8,337,-486,4387,670,32142,15,1929,391,"East TN",2455501,137.935191229814,0.0720834591005131,62.7570503941965,7.81917824509133,178.660077922998,7.20834591005131
2020-08-25,37480,614,36410,589,1070,25,42756,685,497011,9736,539767,10421,16,353,119,4506,479,32621,22,1951,399,"East TN",2455501,137.283593042723,0.0710111495578624,424.39404422967,25.005080429615,183.506339439487,7.10111495578624
2020-08-26,37826,346,36730,320,1096,26,43141,385,500973,3962,544114,4347,6,359,-207,4299,547,33168,11,1962,407,"East TN",2455501,132.844580393166,0.070117057510864,177.031082455271,14.0908107958417,175.076287893998,7.0117057510864
2020-08-27,38687,861,37574,844,1113,17,44117,976,511263,10290,555380,11266,8,367,387,4686,466,33634,29,1991,413,"East TN",2455501,136.2247459887,0.073768522226672,458.806573485411,35.0641274428314,190.83681904426,7.3768522226672
2020-08-28,39021,334,37888,314,1133,20,44455,338,513871,2608,558326,2946,12,379,-182,4504,504,34138,10,2001,419,"East TN",2455501,141.315356825348,0.0758432559436104,119.97551619812,13.6021121555235,183.424889666101,7.58432559436104
2020-08-29,39472,451,38323,435,1149,16,44983,528,520390,6519,565373,7047,8,387,61,4565,382,34520,16,2017,428,"East TN",2455501,124.251629300904,0.0783619464697524,286.988276526868,18.366923898626,185.909107754385,7.83619464697524
2020-08-30,39735,263,38575,252,1160,11,45250,267,522271,1881,567521,2148,8,395,-55,4510,310,34830,14,2031,431,"East TN",2455501,124.658878167836,0.0850287037969584,87.4770566169592,10.7106452003074,183.66923898626,8.50287037969584
2020-08-31,40142,407,38953,378,1189,29,45700,450,525757,3486,571457,3936,2,397,-133,4377,538,35368,16,2047,436,"East TN",2455501,133.414728806871,0.0861770083826079,160.293154024372,16.5750288841259,178.252829056066,8.61770083826079
2020-09-01,40749,607,39518,565,1231,42,46374,674,531422,5665,577796,6339,6,403,105,4482,496,35864,28,2075,445,"East TN",2455501,133.129654600018,0.0951379210602435,258.155056748093,24.7200062227627,182.528942158851,9.51379210602435
2020-09-02,41237,488,39977,459,1260,29,46827,453,536215,4793,583042,5246,7,410,22,4504,459,36323,22,2097,452,"East TN",2455501,138.912588510451,0.0946876284422524,213.642755592443,19.8737447062738,183.424889666101,9.46876284422524
2020-09-03,41792,555,40499,522,1293,33,47474,647,544472,8257,591946,8904,6,416,-39,4465,588,36911,22,2119,455,"East TN",2455501,126.450773182336,0.091806596291637,362.61439111611,22.6023121147171,181.836619085067,9.1806596291637
2020-09-04,42149,357,40842,343,1307,14,47822,348,547804,3332,595626,3680,7,423,-40,4425,390,37301,11,2130,456,"East TN",2455501,127.38744557628,0.0902680965147453,149.867583030917,14.5387845494667,180.207623617339,9.02680965147453
2020-09-05,43147,998,41825,983,1322,15,48912,1090,557122,9318,606034,10408,1,424,640,5065,357,37658,26,2156,462,"East TN",2455501,149.663958597451,0.0966282186862104,423.864620702659,40.6434369197976,206.271551100977,9.66282186862104
2020-09-06,43410,263,42072,247,1338,16,49180,268,559750,2628,608930,2896,0,424,-50,5015,313,37971,9,2165,476,"East TN",2455501,149.663958597451,0.0949069042961675,117.939271863461,10.7106452003074,204.235306766318,9.49069042961675
2020-09-07,43614,204,42269,197,1345,7,49417,237,561086,1336,610503,1573,3,427,-342,4673,543,38514,13,2178,480,"East TN",2455501,141.396806598735,0.0951954105414127,64.0602467683784,8.30787688540954,190.307395517249,9.51954105414127
2020-09-08,43925,311,42558,289,1367,22,49737,320,564512,3426,614249,3746,7,434,-303,4370,607,39121,24,2202,487,"East TN",2455501,129.342240137552,0.0922557814171673,152.555425552667,12.6654397615802,177.967754849214,9.22557814171673
2020-09-09,44258,333,42874,316,1384,17,50112,375,569658,5146,619770,5521,6,440,-161,4209,488,39609,16,2218,494,"East TN",2455501,123.029882700109,0.089441298192115,224.842099433069,13.5613872688303,171.411048091611,8.9441298192115
2020-09-10,44933,675,43512,638,1421,37,50819,707,577469,7811,628288,8518,18,458,194,4403,463,40072,39,2257,505,"East TN",2455501,127.916869103291,0.0920422651477629,346.894584852541,27.4892985178992,179.311676110089,9.20422651477629
2020-09-11,45259,326,43815,303,1444,23,51174,355,581628,4159,632802,4514,17,475,-206,4197,515,40587,26,2283,516,"East TN",2455501,126.654397615802,0.0901656982999785,183.832138533033,13.276313061978,170.922349451293,9.01656982999785
2020-09-12,45678,419,44216,401,1462,18,51686,512,588614,6986,640300,7498,10,485,92,4289,317,40904,14,2297,527,"East TN",2455501,103.074688220449,0.080954882390708,305.355200425494,17.0637275244441,174.669039027066,8.0954882390708
2020-09-13,46119,441,44637,421,1482,20,52189,503,594187,5573,646376,6076,2,487,51,4340,388,41292,21,2318,532,"East TN",2455501,110.323718051835,0.0803557122256049,247.444411547786,17.9596750316941,176.746008248419,8.03557122256049
2020-09-14,46563,444,45066,429,1497,15,52674,485,599160,4973,651834,5458,9,496,-150,4190,585,41877,23,2341,542,"East TN",2455501,120.0976908582,0.0788028356439476,222.276431571398,18.0818496917737,170.637275244441,7.88028356439477
2020-09-15,47056,493,45522,456,1534,37,53214,540,607336,8176,660550,8716,7,503,-66,4124,552,42429,19,2360,545,"East TN",2455501,127.509620236359,0.0750955702900585,354.958112417792,20.0773691397397,167.949432722691,7.50955702900585
2020-09-16,47409,353,45832,310,1577,43,53608,394,610749,3413,664357,3807,6,509,-175,3949,522,42951,17,2377,554,"East TN",2455501,128.324117970223,0.0784085047211071,155.039643640951,14.375885002694,160.822577551384,7.84085047211071
2020-09-17,47960,551,46351,519,1609,32,54185,577,617926,7177,672111,7754,8,517,119,4068,424,43375,21,2398,565,"East TN",2455501,123.274232020268,0.0768089815850124,315.780771418949,22.4394125679444,165.668839067872,7.68089815850124
2020-09-18,48494,534,46837,486,1657,48,54752,567,626041,8115,680793,8682,17,534,-29,4039,546,43921,29,2427,571,"East TN",2455501,131.74500845245,0.0745556458502636,353.573466270223,21.7470894941603,164.48781735377,7.45556458502636
2020-09-19,49002,508,47322,485,1680,23,55325,573,634395,8354,689720,8927,3,537,193,4232,312,44233,29,2456,573,"East TN",2455501,135.369523368144,0.0736341562120599,363.551063510054,20.6882424401375,172.347720485555,7.36341562120599
2020-09-20,49308,306,47603,281,1705,25,55654,329,639353,4958,695007,5287,1,538,-19,4213,324,44557,13,2469,584,"East TN",2455501,129.871663664564,0.0712508482243836,215.312475946864,12.4618153281143,171.573947638384,7.12508482243836
2020-09-21,49471,163,47736,133,1735,30,55806,152,640870,1517,696676,1669,3,541,-210,4003,370,44927,9,2478,589,"East TN",2455501,118.427970503779,0.0698452343784845,67.9698358909241,6.63815653098899,163.021721432816,6.98452343784845
2020-09-22,49931,460,48138,402,1793,58,56296,490,647020,6150,703316,6640,6,547,-55,3948,509,45436,28,2506,596,"East TN",2455501,117.084049242904,0.072066594958612,270.413247642742,18.7334478788646,160.78185266469,7.2066594958612
2020-09-23,50225,294,48392,254,1833,40,56578,282,649113,2093,705691,2375,8,555,-217,3731,503,45939,11,2517,605,"East TN",2455501,114.681280928006,0.0718536797793584,96.721605896312,11.9731166877961,151.944552252269,7.18536797793584
2020-09-24,50688,463,48834,442,1854,21,57059,481,656008,6895,713067,7376,11,566,-36,3695,488,46427,27,2544,610,"East TN",2455501,111.097490899006,0.070172868444184,300.386764248925,18.8556225389442,150.478456331315,7.0172868444184
2020-09-25,51142,454,49264,430,1878,24,57545,486,662680,6672,720225,7158,11,577,14,3709,429,46856,18,2562,616,"East TN",2455501,107.839499963551,0.070830797321972,291.508738949811,18.4890985587055,151.048604745019,7.0830797321972
2020-09-26,51699,557,49797,533,1902,24,58183,638,673236,10556,731419,11194,5,582,193,3902,359,47215,28,2590,623,"East TN",2455501,109.835019411517,0.0685388138804288,455.874381643502,22.6837618881035,158.908507876804,6.85388138804288
2020-09-27,52092,393,50162,365,1930,28,58589,406,679255,6019,737844,6425,3,585,91,3993,299,47514,30,2620,630,"East TN",2455501,113.378084553824,0.0685155356350818,261.657397003707,16.0048804704213,162.614472565884,6.85155356350818
2020-09-28,52326,234,50357,195,1969,39,58814,225,680942,1687,739756,1912,4,589,-315,3678,545,48059,14,2634,637,"East TN",2455501,116.26955150904,0.0698235840297122,77.8659833573678,9.52962348620506,149.786133257531,6.98235840297122
2020-09-29,52709,383,50697,340,2012,43,59211,397,686753,5811,745964,6208,9,598,-43,3635,417,48476,30,2664,639,"East TN",2455501,113.133735233665,0.0683502157193772,252.820096591286,15.5976316034895,148.034963129724,6.83502157193772
2020-09-30,53191,482,51147,450,2044,32,59687,476,690191,3438,749878,3914,6,604,79,3714,397,48873,21,2685,643,"East TN",2455501,120.790013931984,0.0703600606513228,159.397206517122,19.6293953861147,151.252229178485,7.03600606513228
2020-10-01,53579,388,51496,349,2083,39,60066,379,693471,3280,753537,3659,11,615,0,3714,377,49250,30,2715,648,"East TN",2455501,117.735647429995,0.0743019520632567,149.01236041036,15.8012560369554,151.252229178485,7.43019520632567
2020-10-02,54044,465,51933,437,2111,28,60529,463,697092,3621,757621,4084,2,617,24,3738,439,49689,17,2732,652,"East TN",2455501,118.18362118362,0.0797946304417585,166.320437254963,18.9370723123306,152.229626459122,7.97946304417585
2020-10-03,54449,405,52321,388,2128,17,61012,483,704552,7460,765564,7943,12,629,83,3821,310,49999,21,2753,658,"East TN",2455501,111.993438406256,0.082852540635525,323.477775003961,16.4935791107395,155.609792054656,8.2852540635525
2020-10-04,54904,455,52746,425,2158,30,61551,539,714675,10123,776226,10662,4,633,145,3966,306,50305,26,2779,670,"East TN",2455501,114.518381381233,0.0771715908498775,434.208741922728,18.5298234453987,161.514900625168,7.71715908498775
2020-10-05,55576,672,53359,613,2217,59,62303,752,721923,7248,784226,8000,5,638,153,4119,514,50819,38,2817,679,"East TN",2455501,132.355881752848,0.0784573870024736,325.799093545472,27.3671238578196,167.745808289225,7.84573870024736
2020-10-06,56326,750,54025,666,2301,84,63043,740,728563,6640,791606,7380,8,646,302,4421,440,51259,42,2859,688,"East TN",2455501,147.301915169247,0.0839577582051619,300.549663795698,30.543665019888,180.044724070566,8.39577582051619
2020-10-07,57063,737,54684,659,2379,78,63751,708,735316,6753,799067,7461,3,649,293,4714,441,51700,36,2895,694,"East TN",2455501,157.686761276008,0.0826200979893879,303.848379617846,30.0142414928766,191.977115871669,8.26200979893879
2020-10-08,57781,718,55341,657,2440,61,64429,678,741777,6461,806206,7139,10,659,265,4979,443,52143,31,2926,699,"East TN",2455501,171.125973884759,0.0828381021094002,290.734966102641,29.2404686457061,202.769210845363,8.28381021094002
2020-10-09,58322,541,55840,499,2482,42,64989,560,747256,5479,812245,6039,4,663,123,5102,414,52557,20,2946,706,"East TN",2455501,174.221065273441,0.0816490919742238,245.937590740138,22.0321637010125,207.778371908625,8.16490919742238
2020-10-10,58940,618,56427,587,2513,31,65658,669,755681,8425,821339,9094,12,675,252,5354,354,52911,19,2965,720,"East TN",2455501,182.895466139089,0.083298969072165,370.352119587815,25.1679799763877,218.041043355307,8.3298969072165
2020-10-11,59883,943,57339,912,2544,31,66687,1029,766109,10428,832796,11457,1,676,587,5941,355,53266,36,3001,727,"East TN",2455501,202.769210845363,0.0907901714689765,466.585026843809,38.4035681516725,241.946551844206,9.07901714689765
2020-10-12,60239,356,57625,286,2614,70,67004,317,769030,2921,836034,3238,6,682,-337,5604,687,53953,18,3019,738,"East TN",2455501,189.900146650317,0.0907388820259419,131.86718311253,14.4980596627735,228.222265028603,9.07388820259419
2020-10-13,60744,505,58078,453,2666,52,67488,484,773415,4385,840903,4869,9,691,7,5611,489,54442,22,3041,745,"East TN",2455501,179.922549410487,0.0901677586871412,198.289473309113,20.5660677800579,228.507339235455,9.01677586871412
2020-10-14,61619,875,58890,812,2729,63,68336,848,779601,6186,847937,7034,1,692,329,5940,545,54987,40,3081,752,"East TN",2455501,185.542583774146,0.0938203396766933,286.458852999856,35.634275856536,241.905826957513,9.38203396766933
2020-10-15,62128,509,59330,440,2798,69,68801,465,783755,4154,852556,4619,14,706,-67,5873,562,55549,19,3100,761,"East TN",2455501,177.031082455271,0.0943257820927724,188.108251635817,20.7289673268307,239.17725954907,9.43257820927724
2020-10-16,62767,639,59926,596,2841,43,69385,584,787844,4089,857229,4673,2,708,-135,5738,772,56321,21,3121,773,"East TN",2455501,181.022121351203,0.0977236350702472,190.307395517249,26.0232025969446,233.67939984549,9.77236350702472
2020-10-17,63485,718,60607,681,2878,37,70244,859,796628,8784,866872,9643,6,714,236,5974,476,56797,36,3157,780,"East TN",2455501,185.094610020521,0.100718160455055,392.710082382373,29.2404686457061,243.290473105081,10.0718160455055
2020-10-18,64290,805,61365,758,2925,47,71116,872,804738,8110,875854,8982,3,717,348,6322,454,57251,34,3191,788,"East TN",2455501,179.474575656862,0.102861256909285,365.790932278179,32.7835337880131,257.462733674309,10.2861256909285
2020-10-19,65038,748,62050,685,2988,63,71875,759,809637,4899,881512,5658,3,720,-19,6303,764,58015,65,3256,799,"East TN",2455501,195.43873124059,0.10710673292581,230.421408910035,30.4622152465016,256.688960827139,10.710673292581
2020-10-20,65724,686,62659,609,3065,77,72566,691,813253,3616,885819,4307,15,735,35,6338,636,58651,27,3283,812,"East TN",2455501,202.809935732056,0.113055481342951,175.402086987543,27.9372722715242,258.1143318614,11.3055481342951
2020-10-21,66318,594,63212,553,3106,41,73183,617,816997,3744,890180,4361,5,740,-128,6210,717,59368,24,3307,826,"East TN",2455501,191.366242571272,0.114740903818384,177.601230868975,24.1905826957513,252.901546364673,11.4740903818384
2020-10-22,67448,1130,64247,1035,3201,95,74283,1100,825563,8566,899846,9666,10,750,440,6650,680,60048,42,3349,841,"East TN",2455501,216.656397207739,0.115923028124339,393.646754776317,46.0191219632979,270.820496509674,11.5923028124339
2020-10-23,68419,971,65150,903,3269,68,75253,970,832679,7116,907932,8086,19,769,289,6939,663,60711,36,3385,849,"East TN",2455501,230.177059589876,0.115732796875924,329.301433801086,39.5438649790817,282.589988764004,11.5732796875924
2020-10-24,69656,1237,66325,1175,3331,62,76580,1327,843205,10526,919785,11853,12,781,643,7582,582,61293,48,3433,866,"East TN",2455501,251.313275783638,0.119743730274224,482.71208197431,50.3766848394686,308.776090907721,11.9743730274224
2020-10-25,70586,930,67198,873,3388,57,77627,1047,851083,7878,928710,8925,9,790,437,8019,484,61777,40,3473,877,"East TN",2455501,256.403886620286,0.123183744513395,363.469613736667,37.8741446246611,326.572866392642,12.3183744513395
2020-10-26,71048,462,67604,406,3444,56,78061,434,853838,2755,931899,3189,6,796,-449,7570,905,62682,20,3493,891,"East TN",2455501,244.756569026036,0.122769762041797,129.871663664564,18.814897652251,308.287392267403,12.2769762041797
2020-10-27,71889,841,68315,711,3574,130,78844,783,858223,4385,937067,5168,12,808,78,7648,751,63433,52,3545,915,"East TN",2455501,251.068926463479,0.122502341554792,210.466214430375,34.2496297089677,311.463933429471,12.2502341554792
2020-10-28,72886,997,69225,910,3661,87,79814,970,865441,7218,945255,8188,13,821,199,7847,785,64218,39,3584,929,"East TN",2455501,267.481055800833,0.120399455288243,333.455372243791,40.6027120331044,319.568185881415,12.0399455288243
2020-10-29,73793,907,70017,792,3776,115,80648,834,871944,6503,952592,7337,11,832,149,7996,747,64965,40,3624,941,"East TN",2455501,258.399406068252,0.120672657642286,298.798493667891,36.9374722307179,325.636193998699,12.0672657642286
2020-10-30,74693,900,70824,807,3869,93,81488,840,876802,4858,958290,5698,28,860,50,8046,822,65787,38,3662,957,"East TN",2455501,255.507939113036,0.123813495373128,232.050404377762,36.6523980238656,327.672438333358,12.3813495373128
2020-10-31,74707,14,70838,14,3869,0,81504,16,876823,21,958327,37,5,865,-603,7443,612,66399,0,3662,967,"East TN",2455501,205.701402687272,0.127756732914742,1.50682080764781,0.570148413704576,303.115331657368,12.7756732914742
2020-11-01,75214,507,71228,390,3986,117,81974,470,883391,6568,965365,7038,0,865,-139,7304,646,67045,26,3688,983,"East TN",2455501,188.474775616056,0.118592279361615,286.621752546629,20.6475175534443,297.454572407016,11.8592279361615
2020-11-02,76026,812,71972,744,4054,68,82751,777,887620,4229,970371,5006,11,876,-226,7078,1027,68072,37,3725,997,"East TN",2455501,202.72848595867,0.121906841339156,203.868782786079,33.0686079948654,288.250748014356,12.1906841339156
2020-11-03,77066,1040,72932,960,4134,80,83827,1076,894483,6863,978310,7939,31,907,31,7109,978,69050,26,3751,1010,"East TN",2455501,210.832738410614,0.120820502873215,323.314875457188,42.3538821609114,289.513219501845,12.0820502873215
2020-11-04,77977,911,73743,811,4234,100,84674,847,899368,4885,984042,5732,6,913,-5,7104,910,69960,34,3785,1034,"East TN",2455501,207.330398155,0.125299713821641,233.435050525331,37.1003717774906,289.309595068379,12.5299713821641
2020-11-05,78555,578,74227,484,4328,94,85175,501,902031,2663,987206,3164,17,930,-369,6735,930,70890,27,3812,1048,"East TN",2455501,193.931910432942,0.130785231409256,128.853541497234,23.5389845086603,274.282111878594,13.0785231409256
2020-11-06,79521,966,75075,848,4446,118,86102,927,908441,6410,994543,7337,10,940,42,6777,914,71804,36,3848,1072,"East TN",2455501,196.619752954692,0.127272225746835,298.798493667891,39.3402405456157,275.992557119708,12.7272225746835
2020-11-07,80848,1327,76316,1241,4532,86,87521,1419,919363,10922,1006884,12341,21,961,649,7426,657,72461,48,3896,1082,"East TN",2455501,250.091529182843,0.12391622217188,502.585826680584,54.0419246418552,302.423008583584,12.391622217188
2020-11-08,82404,1556,77754,1438,4650,118,89186,1665,932264,12901,1021450,14566,3,964,888,8314,665,73126,50,3946,1099,"East TN",2455501,292.811935323993,0.128590532227868,593.198699572918,63.3679236945943,338.586707967132,12.8590532227868
2020-11-09,83025,621,78293,539,4732,82,89767,581,935716,3452,1025483,4033,9,973,-466,7848,1078,74204,18,3964,1109,"East TN",2455501,285.033481965595,0.127304398316156,164.243468033611,25.2901546364673,319.608910768108,12.7304398316156
2020-11-10,83964,939,79142,849,4822,90,90690,923,940718,5002,1031408,5925,27,1000,4,7852,908,75112,42,4006,1126,"East TN",2455501,280.920268409583,0.129251572563938,241.294953657115,38.2406686048998,319.771810314881,12.9251572563938
2020-11-11,85267,1303,80240,1098,5027,205,91859,1169,947264,6546,1039123,7715,26,1026,382,8234,895,76007,51,4057,1139,"East TN",2455501,296.884423993311,0.130444254824713,314.192500837915,53.0645273612188,335.328717031677,13.0444254824713
2020-11-12,86104,837,80945,705,5159,132,92623,764,951480,4216,1044103,4980,15,1041,8,8242,814,76821,34,4091,1156,"East TN",2455501,307.432169646846,0.13090321106561,202.809935732056,34.086730162195,335.654516125222,13.090321106561
2020-11-13,87565,1461,82233,1288,5332,173,93923,1300,957342,5862,1051265,7162,27,1068,528,8770,906,77727,46,4137,1172,"East TN",2455501,327.590988559972,0.137883008356546,291.671638496584,59.4990594587418,357.157256299224,13.7883008356546
2020-11-14,89042,1477,83625,1392,5417,85,95457,1534,966239,8897,1061696,10431,7,1075,919,9689,551,78278,50,4187,1201,"East TN",2455501,333.69972156395,0.144785813325549,424.801293096602,60.1506576458328,394.58342717026,14.4785813325549
2020-11-15,90994,1952,85358,1733,5636,219,97416,1959,977413,11174,1074829,13133,7,1082,1338,11027,607,78885,54,4241,1218,"East TN",2455501,349.826776694451,0.154180482961464,534.839936941585,79.4949788250952,449.07332556574,15.4180482961464
2020-11-16,92519,1525,86756,1398,5763,127,98952,1536,985035,7622,1083987,9158,10,1092,171,11198,1344,80229,37,4278,1237,"East TN",2455501,386.642074265089,0.156997812115411,372.958512336179,62.1054522071056,456.037281190274,15.6997812115411
2020-11-17,93732,1213,87875,1119,5857,94,100173,1221,990180,5145,1090353,6366,31,1123,90,11288,1092,81321,42,4320,1264,"East TN",2455501,397.800693219021,0.160878785308338,259.254628688809,49.3992875588322,459.702520992661,16.0878785308338
2020-11-18,94931,1199,88829,954,6102,245,101207,1034,995322,5142,1096529,6176,14,1137,57,11345,1128,82449,52,4372,1278,"East TN",2455501,393.56530500293,0.162840121241682,251.516900217104,48.8291391451276,462.023839534172,16.2840121241682
2020-11-19,96010,1079,89706,877,6304,202,102064,857,999983,4661,1102047,5518,45,1182,-245,11100,1279,83728,50,4422,1297,"East TN",2455501,403.420727582681,0.162933176860417,224.719924772989,43.9421527419455,452.046242294342,16.2933176860417
2020-11-20,97136,1126,90669,963,6467,163,103087,1023,1004884,4901,1107971,5924,28,1210,-127,10973,1225,84953,33,4455,1322,"East TN",2455501,389.777890540464,0.161605473847565,241.254228770422,45.8562224165252,446.874181684308,16.1605473847565
2020-11-21,98354,1218,91731,1062,6623,156,104186,1099,1011290,6406,1115476,7505,3,1213,361,11334,854,85807,45,4500,1345,"East TN",2455501,379.230144886929,0.16230940870212,305.640274632346,49.6029119922981,461.575865780547,16.230940870212
2020-11-22,99940,1586,93159,1428,6781,158,105852,1666,1020895,9605,1126747,11271,17,1230,804,12138,765,86572,56,4556,1372,"East TN",2455501,364.324836357224,0.162486998728765,459.010197918877,64.5896702953898,494.318674681867,16.2486998728765
2020-11-23,100831,891,93916,757,6915,134,106555,703,1024012,3117,1130567,3820,18,1248,-1161,10977,2034,88606,35,4591,1399,"East TN",2455501,338.505258193745,0.163224559896951,155.569067167963,36.2858740436269,447.037081231081,16.3224559896951
2020-11-24,101742,911,94649,733,7093,178,107261,706,1027039,3027,1134300,3733,13,1261,-738,10239,1636,90242,53,4644,1427,"East TN",2455501,326.206342412404,0.161285184426696,152.026002025656,37.1003717774906,416.982114851511,16.1285184426696
2020-11-25,102649,907,95334,685,7315,222,107806,545,1029347,2308,1137153,2853,38,1299,-495,9744,1364,91606,53,4697,1452,"East TN",2455501,314.314675497994,0.162440921622686,116.188101735654,36.9374722307179,396.823295938385,16.2440921622686
2020-11-26,104115,1466,96721,1387,7394,79,109477,1671,1037714,8367,1147191,10038,18,1317,-441,9303,1889,93495,22,4719,1471,"East TN",2455501,330.075206648256,0.164207868155237,408.796412626181,59.7026838922077,378.863620906691,16.4207868155237
2020-11-27,105819,1704,98287,1566,7532,138,111227,1750,1045254,7540,1156481,9290,5,1322,161,9464,1538,95033,48,4767,1498,"East TN",2455501,353.614191156917,0.167800453514739,378.334197379679,69.3952069251855,385.420327664293,16.7800453514739
2020-11-28,107443,1624,99665,1378,7778,246,112721,1494,1052786,7532,1165507,9026,2,1324,568,10032,1054,96087,43,4810,1524,"East TN",2455501,370.148495154349,0.170594231576423,367.582827292679,66.1372159897308,408.552063306022,17.0594231576423
2020-11-29,109732,2289,101786,2121,7946,168,115048,2327,1063484,10698,1178532,13025,4,1328,1278,11310,1007,97094,50,4860,1547,"East TN",2455501,398.778090499658,0.17758038041904,530.441649178722,93.2192656406982,460.598468499911,17.758038041904
2020-11-30,111970,2238,103795,2009,8175,229,117269,2221,1072935,9451,1190204,11672,15,1343,-111,11199,2334,99428,53,4913,1577,"East TN",2455501,453.634512875377,0.179653570769824,475.340877482844,91.1422964193458,456.078006076968,17.9653570769824
2020-12-01,114232,2262,105802,2007,8430,255,119406,2137,1081772,8837,1201178,10974,20,1363,421,11620,1821,101249,62,4975,1605,"East TN",2455501,508.653834797868,0.181599330123508,446.914906571001,92.1196936999822,473.223183374798,18.1599330123508
2020-12-02,115289,1057,106715,913,8574,144,120282,876,1084682,2910,1204964,3786,15,1378,-692,10928,1734,102983,41,5016,1638,"East TN",2455501,514.762567801846,0.183981949831148,154.184421020395,43.0462052346955,445.041561783115,18.3981949831148
2020-12-03,117099,1810,108285,1570,8814,240,122004,1722,1090672,5990,1212676,7712,33,1411,318,11246,1459,104442,45,5061,1659,"East TN",2455501,528.771928824301,0.191295716576315,314.070326177835,73.712044914663,457.992075751547,19.1295716576315
2020-12-04,118825,1726,109667,1382,9158,344,123461,1457,1096194,5522,1219655,6979,37,1448,-300,10946,1989,106431,35,5096,1693,"East TN",2455501,529.667876331551,0.193655617817457,284.218984231731,70.2911544324356,445.774609743592,19.3655617817457
2020-12-05,119958,1133,110574,907,9384,226,124390,929,1099256,3062,1223646,3991,5,1453,123,11069,1005,107436,23,5119,1718,"East TN",2455501,509.671956965198,0.200708646519548,162.533022792497,46.1412966233775,450.783770806854,20.0708646519548
2020-12-06,121426,1468,111836,1262,9590,206,125631,1241,1103747,4491,1229378,5732,20,1473,484,11553,964,108400,37,5156,1754,"East TN",2455501,476.236824990094,0.208138299964599,233.435050525331,59.7841336655941,470.494615966355,20.8138299964599
2020-12-07,124149,2723,114241,2405,9908,318,128202,2571,1113295,9548,1241497,12119,31,1504,-205,11348,2897,111297,50,5206,1776,"East TN",2455501,495.988395036288,0.213147992903515,493.544901834697,110.89386646554,462.146014194252,21.3147992903515
2020-12-08,126914,2765,116600,2359,10314,406,130735,2533,1121655,8360,1252390,10893,45,1549,728,12076,1992,113289,70,5276,1800,"East TN",2455501,516.473013042959,0.221217683355464,443.616190748853,112.604311706654,491.79373170689,22.1217683355464
2020-12-09,129559,2645,118981,2381,10578,264,133312,2577,1128753,7098,1262065,9675,21,1570,579,12655,2045,115334,56,5332,1823,"East TN",2455501,581.144133111736,0.228192150750425,394.013278756555,107.717325303472,515.373441102244,22.8192150750425
2020-12-10,132634,3075,121661,2680,10973,395,136262,2950,1140226,11473,1276488,14423,30,1600,2531,15186,514,115848,70,5402,1859,"East TN",2455501,632.661114778613,0.22343759794396,587.375040775793,125.229026581541,618.448129322692,22.343759794396
2020-12-11,134620,1986,123410,1749,11210,237,138054,1792,1147401,7175,1285455,8967,35,1635,450,15636,1501,117349,50,5452,1883,"East TN",2455501,643.249585318841,0.22177811550152,365.180058977781,80.8796249726634,636.774328334625,22.177811550152
2020-12-12,137881,3261,126136,2726,11745,535,141028,2974,1158636,11235,1299664,14209,21,1656,1904,17540,1336,118685,73,5525,1908,"East TN",2455501,729.912144201937,0.218869215185877,578.659915023451,132.803855506473,714.314512598447,21.8869215185877
2020-12-13,142172,4291,129994,3858,12178,433,145397,4369,1175922,17286,1321319,21655,15,1671,2976,20516,1300,119985,62,5587,1942,"East TN",2455501,844.878499336795,0.214985697349387,881.8974213409,174.750488800453,835.511775397363,21.4985697349387
2020-12-14,145030,2858,132448,2454,12582,404,148071,2674,1185200,9278,1333271,11952,37,1708,-1138,19378,3959,123944,64,5651,1974,"East TN",2455501,850.376359040375,0.216499226360407,486.743845756935,116.39172616912,789.16685434052,21.6499226360407
2020-12-15,149158,4128,135990,3542,13168,586,151936,3865,1200221,15021,1352157,18886,34,1742,1608,20986,2486,126430,89,5740,2005,"East TN",2455501,905.884379603185,0.212505136969138,769.130210087473,168.112332269464,854.652472143159,21.2505136969138
2020-12-16,152376,3218,138246,2256,14130,962,154322,2386,1208116,7895,1362438,10281,19,1761,653,21639,2546,128976,57,5797,2047,"East TN",2455501,929.219739678379,0.209319239237644,418.692560092625,131.052685378666,881.245823153809,20.9319239237644
2020-12-17,156445,4069,141616,3370,14829,699,157931,3609,1218816,10700,1376747,14309,58,1819,1449,23088,2562,131538,72,5869,2086,"East TN",2455501,969.700277051404,0.216130222723147,582.73240369277,165.709563954566,940.256183972232,21.6130222723147
2020-12-18,159652,3207,144352,2736,15300,471,160811,2880,1227506,8690,1388317,11570,43,1862,836,23924,2328,133866,57,5926,2114,"East TN",2455501,1019.42536370378,0.221238163753378,471.186939040139,130.604711625041,974.302189247734,22.1238163753378
2020-12-19,162291,2639,146593,2241,15698,398,163278,2467,1235870,8364,1399148,10831,27,1889,1285,25209,1327,135193,39,5965,2151,"East TN",2455501,994.094484180621,0.223654054923405,441.091247773876,107.472975983313,1026.63366864848,22.3654054923405
2020-12-20,165924,3633,149561,2968,16363,665,166596,3318,1249815,13945,1416411,17263,16,1905,2297,27506,1320,136513,52,6017,2185,"East TN",2455501,967.297508736506,0.222931476885542,703.033718984435,147.953513356337,1120.17873338272,22.2931476885542
2020-12-21,168238,2314,151303,1742,16935,572,168499,1903,1256731,6916,1425230,8819,14,1919,-1341,26165,3641,140154,35,6052,2220,"East TN",2455501,945.143170375414,0.222142476538457,359.15277574719,94.2373878080278,1065.56666032716,22.2142476538457
2020-12-22,170892,2654,153003,1700,17889,954,170300,1801,1261786,5055,1432086,6856,62,1981,-299,25866,2891,143045,57,6109,2264,"East TN",2455501,885.114687389661,0.2297539065921,279.209823168469,108.08384928371,1053.3899192059,22.97539065921
2020-12-23,173111,2219,154448,1445,18663,774,171843,1543,1267564,5778,1439407,7321,41,2022,-557,25309,2735,145780,34,6143,2305,"East TN",2455501,844.43052558317,0.227637100650911,298.1468954808,90.3685235721753,1030.70615731779,22.7637100650911
2020-12-24,175202,2091,155905,1457,19297,634,173441,1598,1273855,6291,1447296,7889,15,2037,-586,24723,2662,148442,30,6173,2345,"East TN",2455501,763.876699704052,0.219847198401111,321.278631122529,85.1557380754477,1006.84137371559,21.9847198401111
2020-12-25,177570,2368,157885,1980,19685,388,175607,2166,1282403,8548,1458010,10714,3,2040,-305,24418,2670,151112,26,6199,2380,"East TN",2455501,729.708519768471,0.212302526796091,436.326436030773,96.4365316894597,994.420283274167,21.2302526796091
2020-12-26,179509,1939,159352,1467,20157,472,177220,1613,1288056,5653,1465276,7266,2,2042,424,24842,1513,152625,42,6241,2415,"East TN",2455501,701.201099083242,0.210833534962497,295.907026712675,78.9655552980838,1011.68763523208,21.0833534962497
2020-12-27,180805,1296,160261,909,20544,387,178210,990,1290849,2793,1469059,3783,27,2069,-183,24659,1452,154077,41,6282,2446,"East TN",2455501,606.027038881271,0.220597173681811,154.062246360315,52.7794531543665,1004.23498096722,22.0597173681811
2020-12-28,182202,1397,161238,977,20964,420,179229,1019,1292669,1820,1471898,2839,25,2094,-2428,22231,3800,157877,41,6323,2482,"East TN",2455501,568.682317783621,0.229922002228508,115.617953321949,56.892666710378,905.354956076173,22.9922002228508
2020-12-29,185108,2906,162964,1726,22144,1180,181009,1780,1296758,4089,1477767,5869,50,2144,-111,22120,2967,160844,64,6387,2524,"East TN",2455501,578.944989230304,0.234430069394278,239.014360002297,118.346520730393,900.83449365323,23.4430069394278
2020-12-30,187434,2326,164579,1615,22855,711,182690,1681,1301238,4480,1483928,6161,40,2184,-551,21569,2837,163681,44,6431,2562,"East TN",2455501,583.302552106474,0.243637833831226,250.906026916707,94.726086448346,878.395081085286,24.3637833831226
2020-12-31,190877,3443,167257,2678,23620,765,185585,2895,1308359,7121,1493944,10016,52,2236,595,22164,2796,166477,29,6460,2605,"East TN",2455501,638.362598915659,0.260332704510376,407.900465118931,140.215784884633,902.62638866773,26.0332704510376
2021-01-01,193117,2240,168973,1716,24144,524,187441,1856,1314560,6201,1502001,8057,24,2260,-446,21718,2662,169139,29,6489,2643,"East TN",2455501,633.149813418932,0.269009570139347,328.120412086983,91.2237461927322,884.46308920257,26.9009570139347
2021-01-02,195840,2723,171082,2109,24758,614,189692,2251,1321121,6561,1510813,8812,4,2264,1167,22885,1552,170691,62,6551,2678,"East TN",2455501,665.078124586388,0.273887168676022,358.867701540337,110.89386646554,931.989031973516,27.3887168676022
2021-01-03,197154,1314,171986,904,25168,410,190629,937,1324492,3371,1515121,4308,15,2279,-182,22703,1481,172172,23,6574,2720,"East TN",2455501,665.811172546865,0.269614866918501,175.442811874237,53.5125011148438,924.577102595356,26.9614866918501
2021-01-04,198711,1557,173111,1125,25600,432,191809,1180,1326857,2365,1518666,3545,46,2325,-1579,21124,3090,175262,33,6607,2767,"East TN",2455501,672.327154417775,0.268987341772152,144.369723327337,63.4086485812875,860.272506506819,26.8987341772152
2021-01-05,201614,2903,174849,1738,26765,1165,193638,1829,1332130,5273,1525768,7102,43,2368,-441,20683,3301,178563,58,6665,2810,"East TN",2455501,672.204979757695,0.263098685444053,289.228145294993,118.224346070313,842.312831475125,26.3098685444053
2021-01-06,204160,2546,176643,1794,27517,752,195541,1903,1337714,5584,1533255,7487,52,2420,65,20748,2429,180992,61,6726,2853,"East TN",2455501,681.164454830195,0.260526689237132,304.907226671869,103.685561520846,844.959949110182,26.0526689237132
2021-01-07,206672,2512,178782,2139,27890,373,197863,2322,1344823,7109,1542686,9431,33,2453,979,21727,1500,182492,44,6770,2885,"East TN",2455501,643.249585318841,0.251897747322638,384.076406403418,102.300915373278,884.829613182809,25.1897747322638
2021-01-08,209022,2350,180642,1860,28380,490,199854,1991,1352169,7346,1552023,9337,50,2503,1674,23401,626,183118,47,6817,2939,"East TN",2455501,647.729322855091,0.248150813641998,380.248267054259,95.7034837289824,953.003073507199,24.8150813641998
2021-01-09,211598,2576,182645,2003,28953,573,202033,2179,1360360,8191,1562393,10370,27,2530,755,24156,1794,184912,32,6849,2967,"East TN",2455501,641.742764511193,0.239259402869329,422.317075008318,104.907308121642,983.750362960553,23.9259402869329
2021-01-10,213266,1668,183779,1134,29487,534,203285,1252,1366165,5805,1569450,7057,36,2566,2,24158,1630,186542,41,6890,3006,"East TN",2455501,656.159374400581,0.232951094259051,287.395525393799,67.9291110042309,983.831812733939,23.2951094259051
2021-01-11,214691,1425,184793,1014,29898,411,204383,1098,1369438,3273,1573821,4371,28,2594,-2184,21974,3581,190123,40,6930,3045,"East TN",2455501,650.78368935708,0.227975704831838,178.008479735907,58.0329635377872,894.888660196025,22.7975704831838
2021-01-12,216510,1819,185930,1137,30580,682,205578,1195,1373642,4204,1579220,5399,60,2654,-2159,19815,3918,194041,39,6969,3082,"East TN",2455501,606.637912181669,0.223377983985632,219.8736632565,74.0785688949017,806.963629825441,22.3377983985632
2021-01-13,218039,1529,187008,1078,31031,451,206714,1136,1378380,4738,1585094,5874,49,2703,-1344,18471,2824,196865,32,7001,3107,"East TN",2455501,565.220702414701,0.215532707035244,239.217984435763,62.2683517538783,752.229382109802,21.5532707035244
2021-01-14,220290,2251,188789,1781,31501,470,208680,1966,1386905,8525,1595585,10491,38,2741,-199,18272,2412,199277,49,7050,3148,"East TN",2455501,554.59150698778,0.204484016711091,427.244786298193,91.6717199463572,744.125129657858,20.4484016711091
2021-01-15,221255,965,189460,671,31795,294,209374,694,1389963,3058,1599337,3752,23,2764,-366,17906,1308,200585,29,7079,3188,"East TN",2455501,498.18753891772,0.201208944498457,152.799774872826,39.2995156589226,729.219821128153,20.1208944498457
2021-01-16,223689,2434,191211,1751,32478,683,211377,2003,1400854,10891,1612231,12894,13,2777,358,18264,2063,202648,54,7133,3229,"East TN",2455501,492.404605007288,0.187487459368353,525.106689021914,99.1243742112099,743.799330564313,18.7487459368353
2021-01-17,224545,856,191817,606,32728,250,212049,672,1404473,3619,1616522,4291,13,2790,-830,17434,1673,204321,24,7157,3261,"East TN",2455501,459.335997012422,0.186182868796737,174.750488800453,34.8605030093655,709.99767460897,18.6182868796737
2021-01-18,225107,562,192136,319,32971,243,212403,354,1406557,2084,1618960,2438,13,2803,-2442,14992,2991,207312,21,7178,3292,"East TN",2455501,424.190419796205,0.177673408803917,99.2872737579826,22.8873863215694,610.547501304215,17.7673408803917
2021-01-19,226785,1678,193107,971,33678,707,213468,1065,1410765,4208,1624233,5273,21,2824,-1175,13817,2832,210144,51,7229,3330,"East TN",2455501,418.448210772466,0.175282696110013,214.742327533159,68.3363598711627,562.695759439723,17.5282696110013
2021-01-20,227769,984,193765,658,34004,326,214165,697,1414761,3996,1628926,4693,32,2856,-1005,12812,1957,212101,29,7258,3369,"East TN",2455501,396.25314752468,0.169989961671838,191.121893251113,40.073288506093,521.767248313073,16.9989961671838
2021-01-21,229335,1566,194907,1142,34428,424,215449,1284,1421695,6934,1637144,8218,65,2921,-770,12042,2271,214372,37,7295,3414,"East TN",2455501,368.356600139849,0.162876873842008,334.677118844586,63.7751725615261,490.409085559322,16.2876873842008
2021-01-22,230322,987,195614,707,34708,280,216268,819,1427140,5445,1643408,6264,32,2953,-735,11307,1690,216062,28,7323,3445,"East TN",2455501,369.252547647099,0.156429398016836,255.100690246105,40.1954631661726,460.476293839831,15.6429398016836
2021-01-23,231755,1433,196583,969,35172,464,217369,1101,1435422,8282,1652791,9383,19,2972,206,11513,1208,217270,40,7363,3468,"East TN",2455501,328.486936067222,0.147731755424063,382.121611842145,58.3587626313327,468.865620498627,14.7731755424063
2021-01-24,232380,625,197074,491,35306,134,217912,543,1438798,3376,1656710,3919,19,2991,-589,10924,1195,218465,19,7382,3494,"East TN",2455501,319.079487241097,0.145889320195083,159.600830950588,25.45305418324,444.878662236342,14.5889320195083
2021-01-25,233121,741,197586,512,35535,229,218461,549,1440555,1757,1659016,2306,44,3035,-1156,9768,1853,220318,20,7402,3524,"East TN",2455501,326.369241959177,0.151238266427002,93.9115887144823,30.1771410396493,397.800693219021,15.1238266427002
2021-01-26,234153,1032,198314,728,35839,304,219245,784,1445021,4466,1664266,5250,63,3098,-918,8850,1887,222205,25,7427,3546,"East TN",2455501,300.06096515538,0.144305947593236,213.805655139216,42.0280830673659,360.415247234678,14.4305947593236
2021-01-27,235106,953,199018,704,36088,249,220000,755,1449543,4522,1669543,5277,55,3153,-384,8466,1282,223487,27,7454,3568,"East TN",2455501,298.798493667891,0.143659059014698,214.905227079932,38.8108170186043,344.776890744496,14.3659059014698
2021-01-28,236432,1326,199732,714,36700,612,220796,796,1453975,4432,1674771,5228,46,3199,-182,8284,1462,224949,28,7482,3595,"East TN",2455501,289.024520861527,0.142105403035055,212.909707631966,54.001199755162,337.364961366336,14.2105403035055
2021-01-29,237024,592,200083,351,36941,241,221193,397,1456642,2667,1677835,3064,17,3216,-681,7603,1256,226205,16,7498,3614,"East TN",2455501,272.938190617719,0.143056322072792,124.781052827916,24.1091329223649,309.631313528278,14.3056322072792
2021-01-30,238178,1154,201048,965,37130,189,222292,1099,1465692,9050,1687984,10149,44,3260,239,7842,871,227076,27,7525,3633,"East TN",2455501,261.575947230321,0.139885772738897,413.316875049124,46.9965192439343,319.364561447949,13.9885772738897
2021-01-31,238859,681,201490,442,37369,239,222783,491,1469619,3927,1692402,4418,29,3289,-85,7757,737,227813,30,7555,3654,"East TN",2455501,263.856540885139,0.136473159251373,179.922549410487,27.7336478380583,315.902946079028,13.6473159251373
2021-02-01,239552,693,201896,406,37656,287,223224,441,1471315,1696,1694539,2137,39,3328,-545,7212,1199,229012,11,7566,3680,"East TN",2455501,261.901746323866,0.134082143963066,87.0290828633342,28.2223464783765,293.707882831243,13.4082143963066
2021-02-02,240090,538,202245,349,37845,189,223587,363,1472374,1059,1695961,1422,57,3385,-837,6375,1318,230330,11,7577,3695,"East TN",2455501,241.783652297433,0.136993216595678,57.9107888777077,21.909989040933,259.621152669048,13.6993216595678
2021-02-03,241201,1111,203003,758,38198,353,224415,828,1478378,6004,1702793,6832,46,3431,39,6414,1026,231356,39,7616,3707,"East TN",2455501,248.218184394956,0.132781954887218,278.232425887833,45.2453491161274,261.209423250082,13.2781954887218
2021-02-04,242296,1095,203780,777,38516,318,225281,866,1486093,7715,1711374,8581,58,3489,-2,6412,1039,232395,35,7651,3726,"East TN",2455501,238.810735568831,0.122530940086878,349.460252714212,44.5937509290365,261.127973476696,12.2530940086878
2021-02-05,243114,818,204339,559,38775,259,225887,606,1489899,3806,1715786,4412,67,3556,-152,6260,903,233298,28,7679,3739,"East TN",2455501,248.014559961491,0.123685805380622,179.678200090328,33.3129573150245,254.937790699332,12.3685805380622
2021-02-06,244347,1233,205161,822,39186,411,226848,961,1498554,8655,1725402,9616,27,3583,502,6762,704,234002,22,7701,3769,"East TN",2455501,251.231826010252,0.121759580950345,391.610510441657,50.2137852926959,275.38168381931,12.1759580950345
2021-02-07,244864,517,205513,352,39351,165,227254,406,1501638,3084,1728892,3490,2,3585,-119,6643,634,234636,9,7710,3783,"East TN",2455501,244.55294459257,0.122526719649219,142.129854559212,21.0547664203761,270.535422302821,12.2526719649219
2021-02-08,245377,513,205812,299,39565,214,227574,320,1503001,1363,1730575,1683,32,3617,-625,6018,1106,235742,9,7719,3798,"East TN",2455501,237.222464987797,0.120712620712621,68.5399843046287,20.8918668736034,245.082368119581,12.0712620712621
2021-02-09,246405,1028,206442,630,39963,398,228242,668,1507235,4234,1735477,4902,16,3633,-56,5962,1068,236810,36,7755,3809,"East TN",2455501,257.177659467457,0.117800384654317,199.633394569988,41.8651835205931,242.801774464763,11.7800384654317
2021-02-10,247253,848,207025,583,40228,265,228879,637,1513222,5987,1742101,6624,39,3672,-31,5931,840,237650,28,7783,3822,"East TN",2455501,246.46701426715,0.113564668769716,269.761649455651,34.53470391582,241.539302977274,11.3564668769716
2021-02-11,248120,867,207607,582,40513,285,229530,651,1518796,5574,1748326,6225,37,3709,-101,5830,931,238581,31,7814,3840,"East TN",2455501,237.181740101104,0.114987010175363,253.51241966507,35.3084767629905,237.426089421263,11.4987010175363
2021-02-12,248952,832,208199,592,40753,240,230179,649,1524309,5513,1754488,6162,34,3743,57,5887,741,239322,11,7825,3849,"East TN",2455501,237.751888514808,0.110898661567878,250.9467518034,33.8831057287291,239.747407962774,11.0898661567878
2021-02-13,249546,594,208572,373,40974,221,230613,434,1528737,4428,1759350,4862,12,3755,-22,5865,604,239926,17,7842,3861,"East TN",2455501,211.728685917864,0.11090491339696,198.004399102261,24.1905826957513,238.851460455524,11.090491339696
2021-02-14,250087,541,208987,415,41100,126,231066,453,1531705,2968,1762771,3421,15,3770,-49,5816,575,240501,14,7856,3874,"East TN",2455501,212.7060831985,0.112518079046017,139.319837377382,22.0321637010125,236.855941007558,11.2518079046017
2021-02-15,250464,377,209196,209,41268,168,231294,228,1533029,1324,1764323,1552,5,3775,-573,5243,945,241446,9,7865,3884,"East TN",2455501,207.167498608227,0.110228754296551,63.2050241478216,15.3532822833304,213.520580932364,11.0228754296551
2021-02-16,251231,767,209625,429,41606,338,231766,472,1536438,3409,1768204,3881,8,3783,-42,5201,801,242247,22,7887,3894,"East TN",2455501,196.538303181306,0.10767867510007,158.053285256247,31.2359880936721,211.81013569125,10.767867510007
2021-02-17,251852,621,210042,417,41810,204,232217,451,1539692,3254,1771909,3705,11,3794,-93,5108,703,242950,11,7898,3910,"East TN",2455501,187.293753901953,0.111983360171766,150.885705198247,25.2901546364673,208.022721228784,11.1983360171766
2021-02-18,252646,794,210594,552,42052,242,232823,606,1545412,5720,1778235,6326,42,3836,25,5133,727,243677,20,7918,3926,"East TN",2455501,184.320837173351,0.110100638603765,257.625633221082,32.3355600343881,209.040843396113,11.0100638603765
2021-02-19,253126,480,210898,304,42228,176,233168,345,1548120,2708,1781288,3053,5,3841,-222,4911,697,244374,11,7929,3935,"East TN",2455501,169.98567705735,0.111529850746269,124.333079074291,19.5479456127283,199.999918550227,11.1529850746269
2021-02-20,253748,622,211345,447,42403,175,233673,505,1553347,5227,1787020,5732,18,3859,73,4984,531,244905,18,7947,3945,"East TN",2455501,171.125973884759,0.110589085652331,233.435050525331,25.3308795231604,202.972835278829,11.0589085652331
2021-02-21,254096,348,211572,227,42524,121,233936,263,1555481,2134,1789417,2397,7,3866,-82,4902,423,245328,11,7958,3961,"East TN",2455501,163.266070752975,0.107708474067402,97.617553403562,14.172260569228,199.633394569988,10.7708474067402
2021-02-22,254454,358,211768,196,42686,162,234164,228,1556864,1383,1791028,1611,7,3873,-479,4423,830,246158,22,7980,3976,"East TN",2455501,162.492297905804,0.107470511140236,65.6077924627194,14.5795094361599,180.126173843953,10.7470511140236
2021-02-23,255097,643,212115,347,42982,296,234532,368,1559810,2946,1794342,3314,26,3899,-145,4278,762,246920,27,8007,3981,"East TN",2455501,157.442411955849,0.105822939781162,134.962274501212,26.1861021437173,174.221065273441,10.5822939781162
2021-02-24,255838,741,212664,549,43174,192,235142,610,1566012,6202,1801154,6812,19,3918,56,4334,666,247586,20,8027,3987,"East TN",2455501,162.329398359031,0.100017096939648,277.417928153969,30.1771410396493,176.501658928259,10.0017096939648
2021-02-25,256474,636,213109,445,43365,191,235637,495,1570780,4768,1806417,5263,21,3939,-96,4238,711,248297,16,8043,3996,"East TN",2455501,155.894866261508,0.0998509687034277,214.335078666227,25.901027936865,172.592069805714,9.98509687034277
2021-02-26,256936,462,213433,324,43503,138,236005,368,1573902,3122,1809907,3490,14,3953,-182,4056,630,248927,11,8054,4000,"East TN",2455501,155.161818301031,0.0991299486355219,142.129854559212,18.814897652251,165.180140427554,9.91299486355219
2021-02-27,257375,439,213658,225,43717,214,236279,274,1577998,4096,1814277,4370,7,3960,11,4067,421,249348,15,8069,4006,"East TN",2455501,147.709164036178,0.0956084675496203,177.967754849214,17.8782252583078,165.628114181179,9.56084675496203
2021-02-28,257741,366,213932,274,43809,92,236592,313,1580558,2560,1817150,2873,5,3965,-53,4014,414,249762,10,8079,4012,"East TN",2455501,148.442211996656,0.0957703818555511,117.002599469518,14.9053085297053,163.469695186441,9.57703818555511
2021-03-01,257985,244,214080,148,43905,96,236748,156,1581337,779,1818085,935,4,3969,-408,3606,648,250410,11,8090,4016,"East TN",2455501,143.799574913633,0.0955020881842037,38.077769058127,9.9368723531369,146.853941415622,9.55020881842037
2021-03-02,258605,620,214470,390,44135,230,237195,447,1584794,3457,1821989,3904,7,3976,2,3608,611,251021,23,8113,4021,"East TN",2455501,142.862902519689,0.0963214815350671,158.98995765019,25.2494297497741,146.935391189008,9.63214815350671
2021-03-03,259088,483,214773,303,44315,180,237550,355,1588966,4172,1826516,4527,7,3983,-145,3463,621,251642,16,8129,4024,"East TN",2455501,132.355881752848,0.0949451935967195,184.361562060044,19.6701202728079,141.030282618496,9.49451935967195
2021-03-04,259699,611,215186,413,44513,198,238022,472,1593788,4822,1831810,5294,18,4001,51,3514,542,252184,16,8145,4029,"East TN",2455501,131.337759585518,0.093923522230536,215.597550153716,24.8829057695354,143.107251839849,9.3923522230536
2021-03-05,260170,471,215497,311,44673,160,238376,354,1597471,3683,1835847,4037,15,4016,-63,3451,519,252703,15,8160,4033,"East TN",2455501,131.704283565757,0.0914032382420971,164.406367580384,19.1814216324897,140.541583978178,9.14032382420971
2021-03-06,260633,463,215820,323,44813,140,238748,372,1601747,4276,1840495,4648,1,4017,49,3500,413,253116,8,8168,4038,"East TN",2455501,132.681680846393,0.0941719429399649,189.289273349919,18.8556225389442,142.537103426144,9.41719429399649
2021-03-07,260888,255,215984,164,44904,91,238932,184,1603478,1731,1842410,1915,1,4018,-111,3389,365,253481,4,8172,4042,"East TN",2455501,128.16121842345,0.0926365795724466,77.9881580174473,10.3848461067619,138.016641003201,9.26365795724466
2021-03-08,261348,460,216276,292,45072,168,239245,313,1605060,1582,1844305,1895,3,4021,-123,3266,580,254061,9,8181,4050,"East TN",2455501,136.957793949178,0.0952326468344775,77.1736602835837,18.7334478788646,133.007479939939,9.52326468344775
2021-03-09,261887,539,216558,282,45329,257,239564,319,1607636,2576,1847200,2895,6,4027,25,3291,508,254569,17,8198,4061,"East TN",2455501,133.65907812703,0.0939669192019357,117.898546976768,21.9507139276262,134.025602107269,9.39669192019357
2021-03-10,262536,649,217021,463,45515,186,240071,507,1613107,5471,1853178,5978,7,4034,174,3465,468,255037,24,8222,4069,"East TN",2455501,140.419409318098,0.0945540469582177,243.453372651854,26.4304514638764,141.111732391883,9.45540469582177
2021-03-11,263070,534,217361,340,45709,194,240436,365,1616446,3339,1856882,3704,5,4039,87,3552,442,255479,8,8230,4076,"East TN",2455501,137.283593042723,0.096282705807275,150.844980311554,21.7470894941603,144.65479753419,9.62827058072751
2021-03-12,263533,463,217729,368,45804,95,240852,416,1619795,3349,1860647,3765,5,4044,4,3556,454,255933,10,8240,4084,"East TN",2455501,136.957793949178,0.0998387096774194,153.329198399838,18.8556225389442,144.817697080962,9.98387096774194
2021-03-13,263980,447,217945,216,46035,231,241132,280,1623435,3640,1864567,3920,2,4046,42,3598,403,256336,20,8260,4090,"East TN",2455501,136.306195762087,0.0990362246593553,159.641555837281,18.2040243518532,146.528142322076,9.90362246593553
2021-03-14,264242,262,218121,176,46121,86,241343,211,1625277,1842,1866620,2053,0,4046,-50,3548,312,256648,10,8270,4095,"East TN",2455501,136.591269968939,0.0995869475423379,83.6081923811067,10.6699203136142,144.491897987417,9.95869475423379
2021-03-15,264599,357,218304,183,46295,174,241560,217,1626473,1196,1868033,1413,4,4050,-166,3382,519,257167,15,8285,4099,"East TN",2455501,132.396606639541,0.0975640593391773,57.544264897469,14.5387845494667,137.731566796348,9.75640593391774
2021-03-16,265299,700,218755,451,46544,249,242056,496,1629741,3268,1871797,3764,4,4054,192,3574,504,257671,35,8320,4100,"East TN",2455501,138.953313397144,0.101313168272554,153.288473513145,28.5074206852288,145.55074504144,10.1313168272554
2021-03-17,265725,426,219086,331,46639,95,242420,364,1633463,3722,1875883,4086,1,4055,-29,3545,454,258125,15,8335,4108,"East TN",2455501,129.871663664564,0.103457388240476,166.40188702835,17.3488017312964,144.369723327337,10.3457388240476
2021-03-18,266275,550,219434,348,46841,202,242805,385,1636754,3291,1879559,3676,6,4061,98,3643,446,258571,31,8366,4114,"East TN",2455501,130.523261851655,0.104467081183578,149.704683484144,22.3986876812512,148.360762223269,10.4467081183578
2021-03-19,267068,793,219965,531,47103,262,243368,563,1641800,5046,1885168,5609,15,4076,336,3979,442,259013,25,8391,4118,"East TN",2455501,143.962474460405,0.102605929611354,228.425889462069,32.2948351476949,162.044324152179,10.2605929611354
2021-03-20,267342,274,220132,167,47210,107,243562,194,1643921,2121,1887483,2315,1,4077,-41,3938,314,259327,15,8406,4119,"East TN",2455501,136.917069062485,0.106039448420318,94.278112694721,11.1586189539324,160.374603797759,10.6039448420318
2021-03-21,267623,281,220328,196,47295,85,243787,225,1645721,1800,1889508,2025,-6,4071,-33,3905,320,259647,8,8414,4125,"East TN",2455501,137.690841909655,0.106780845858092,82.4678955536976,11.4436931607847,159.030682536884,10.6780845858092
2021-03-22,268148,525,220667,339,47481,186,244143,356,1647810,2089,1891953,2445,14,4085,-8,3897,519,260166,19,8433,4131,"East TN",2455501,144.53262287411,0.107984949832776,99.5723479648349,21.3805655139216,158.704883443338,10.7984949832776
2021-03-23,268585,437,220915,248,47670,189,244410,267,1650266,2456,1894676,2723,11,4096,-73,3824,499,260665,16,8449,4136,"East TN",2455501,133.821977673803,0.102889112286376,110.89386646554,17.7967754849214,155.731966714736,10.2889112286376
2021-03-24,269183,598,221371,456,47812,142,244903,493,1654964,4698,1899867,5191,4,4100,85,3909,509,261174,24,8473,4140,"East TN",2455501,140.82665818503,0.103527351567712,211.402886824318,24.353482242524,159.193582083656,10.3527351567712
2021-03-25,269583,400,221678,307,47905,93,245236,333,1657932,2968,1903168,3301,8,4108,-65,3844,457,261631,23,8496,4142,"East TN",2455501,134.717925181053,0.102969206658478,134.4328509742,16.2899546772736,156.546464448599,10.2969206658478
2021-03-26,269993,410,222000,322,47993,88,245582,346,1660565,2633,1906147,2979,7,4115,-64,3780,467,262098,12,8508,4147,"East TN",2455501,119.120293577563,0.105534105534106,121.319437458995,16.6972035442054,153.940071700236,10.5534105534106
2021-03-27,270196,203,222179,179,48017,24,245792,210,1663077,2512,1908869,2722,2,4117,-165,3615,366,262464,11,8519,4152,"East TN",2455501,116.228826622347,0.104273823997007,110.853141578847,8.26715199871635,147.22046539586,10.4273823997007
2021-03-28,270512,316,222398,219,48114,97,246037,245,1665149,2072,1911186,2317,5,4122,-67,3548,378,262842,17,8536,4158,"East TN",2455501,117.654197656609,0.103791862717963,94.3595624681073,12.8690641950461,144.491897987417,10.3791862717963
2021-03-29,270951,439,222634,236,48317,203,246292,255,1667005,1856,1913297,2111,18,4140,-95,3453,516,263358,17,8553,4161,"East TN",2455501,114.151857400995,0.100684032983508,85.9702358093114,17.8782252583078,140.623033751564,10.0684032983508
2021-03-30,271326,375,222892,258,48434,117,246614,322,1669481,2476,1916095,2798,5,4145,-144,3309,514,263872,19,8572,4165,"East TN",2455501,111.626914426017,0.102899295018442,113.948232967529,15.271832509944,134.758650067746,10.2899295018442
2021-03-31,271987,661,223334,442,48653,219,247102,488,1674297,4816,1921399,5304,4,4149,167,3476,490,264362,17,8589,4168,"East TN",2455501,114.192582287688,0.102127066691436,216.004799020648,26.9191501041946,141.559706145508,10.2127066691436
2021-04-01,272434,447,223652,318,48782,129,247452,350,1677125,2828,1924577,3178,1,4150,-89,3387,535,264897,13,8602,4169,"East TN",2455501,116.106651962268,0.103507870521743,129.423689910939,18.2040243518532,137.935191229814,10.3507870521743
2021-04-02,272785,351,223887,235,48898,116,247704,252,1680148,3023,1927852,3275,0,4150,-81,3306,432,265329,9,8611,4173,"East TN",2455501,113.70388364737,0.0977654918221608,133.374003920178,14.2944352293076,134.636475407666,9.77654918221608
2021-04-03,273129,344,224137,250,48992,94,247979,275,1682499,2351,1930478,2626,0,4150,-53,3253,397,265726,12,8623,4179,"East TN",2455501,119.446092671109,0.101207830070804,106.943552456301,14.0093610224553,132.478056412928,10.1207830070804
2021-04-04,273300,171,224260,123,49040,48,248120,141,1684094,1595,1932214,1736,6,4156,-179,3074,344,266070,6,8629,4182,"East TN",2455501,113.540984100597,0.0990583983260415,70.6984032993674,6.96395562453446,125.188301694848,9.90583983260415
2021-04-05,273708,408,224496,236,49212,172,248343,223,1685313,1219,1933656,1442,6,4162,-94,2980,496,266566,37,8666,4185,"East TN",2455501,112.278512613108,0.100741686723316,58.7252866115713,16.6157537708191,121.360162345688,10.0741686723316
2021-04-06,274139,431,224745,249,49394,182,248621,278,1687401,2088,1936022,2366,3,4165,-7,2973,435,267001,22,8688,4186,"East TN",2455501,114.559106267927,0.100717619310483,96.3550819160733,17.5524261647623,121.075088138836,10.0717619310483
2021-04-07,274772,633,225208,463,49564,170,249129,508,1692093,4692,1941222,5200,5,4170,208,3181,420,267421,21,8709,4186,"East TN",2455501,113.418809440517,0.10225495636382,211.769410804557,25.7788532767855,129.545864571018,10.225495636382
2021-04-08,275177,405,225463,255,49714,150,249418,289,1695106,3013,1944524,3302,-1,4169,42,3223,364,267785,16,8725,4189,"East TN",2455501,111.708364199404,0.0985611871459367,134.473575860894,16.4935791107395,131.256309812132,9.85611871459367
2021-04-09,275695,518,225869,406,49826,112,249868,450,1698982,3876,1948850,4326,4,4173,110,3333,404,268189,27,8752,4190,"East TN",2455501,118.509420277165,0.103057434041337,176.175859834714,21.0954913070693,135.736047348382,10.3057434041337
2021-04-10,276000,305,226085,216,49915,89,250115,247,1701763,2781,1951878,3028,1,4174,-15,3318,319,268508,14,8766,4194,"East TN",2455501,116.921149696131,0.0998130841121495,123.314956906961,12.4210904414211,135.125174047985,9.98130841121495
2021-04-11,276237,237,226248,163,49989,74,250289,174,1703476,1713,1953765,1887,2,4176,-87,3231,322,268830,9,8775,4197,"East TN",2455501,119.608992217881,0.100644981671384,76.8478611900382,9.65179814628461,131.582108905678,10.0644981671384
2021-04-12,276700,463,226568,320,50132,143,250619,330,1705239,1763,1955858,2093,3,4179,14,3245,446,269276,15,8790,4204,"East TN",2455501,121.848860986007,0.102513287091253,85.2371878488341,18.8556225389442,132.152257319382,10.2513287091253
2021-04-13,277079,379,226808,240,50271,139,250869,250,1707297,2058,1958166,2308,3,4182,-58,3187,434,269710,14,8804,4206,"East TN",2455501,119.731166877961,0.101517341040462,93.9930384878687,15.4347320567167,129.790213891177,10.1517341040462
2021-04-14,277761,682,227312,504,50449,178,251426,557,1712118,4821,1963544,5378,0,4182,270,3457,412,270122,25,8829,4207,"East TN",2455501,121.726686325927,0.102902965684078,219.018440635944,27.7743727247515,140.785933298337,10.2902965684078
2021-04-15,278300,539,227678,366,50622,173,251806,380,1715263,3145,1967069,3525,2,4184,112,3569,425,270547,23,8852,4211,"East TN",2455501,127.183821142814,0.105921490352628,143.555225593474,21.9507139276262,145.347120607974,10.5921490352628
2021-04-16,279278,978,228573,895,50705,83,252911,1105,1722747,7484,1975658,8589,3,4187,633,4202,342,270889,32,8884,4212,"East TN",2455501,145.917269021678,0.113510892270964,349.786051807757,39.8289391859339,171.125973884759,11.3510892270964
2021-04-17,279480,202,228720,147,50760,55,253084,173,1724978,2231,1978062,2404,0,4187,-90,4112,292,271181,10,8894,4213,"East TN",2455501,141.72260569228,0.113389856400855,97.9026276104143,8.22642711202317,167.460734082373,11.3389856400855
2021-04-18,279698,218,228907,187,50791,31,253287,203,1726781,1803,1980068,2006,6,4193,-122,3990,334,271515,7,8901,4218,"East TN",2455501,140.94883284511,0.113979393985477,81.6941227065271,8.87802529911411,162.492297905804,11.3979393985477
2021-04-19,280026,328,229102,195,50924,133,253497,210,1728230,1449,1981727,1659,8,4201,-217,3773,537,272052,14,8915,4220,"East TN",2455501,135.45097314153,0.111252850902625,67.5625870239923,13.3577628353644,153.654997493383,11.1252850902625
2021-04-20,280379,353,229379,277,51000,76,253778,281,1730678,2448,1984456,2729,4,4205,-112,3661,461,272513,20,8935,4223,"East TN",2455501,134.392126087507,0.11065043742868,111.138215785699,14.375885002694,149.093810183747,11.065043742868
2021-04-21,280889,510,229706,327,51183,183,254116,338,1734459,3781,1988575,4119,4,4209,25,3686,481,272994,12,8947,4228,"East TN",2455501,127.38744557628,0.107466741240861,167.745808289225,20.7696922135238,150.111932351076,10.7466741240861
2021-04-22,281533,644,230106,400,51427,244,254567,451,1738711,4252,1993278,4703,3,4212,193,3879,448,273442,21,8968,4230,"East TN",2455501,131.663558679064,0.105345492006563,191.529142118044,26.2268270304105,157.971835482861,10.5345492006563
2021-04-23,281919,386,230383,277,51536,109,254876,309,1741914,3203,1996790,3512,0,4212,-8,3871,394,273836,10,8978,4231,"East TN",2455501,107.554425756699,0.0929869392390687,143.025802066462,15.719806263569,157.646036389315,9.29869392390687
2021-04-24,282180,261,230572,189,51608,72,255085,209,1744912,2998,1999997,3207,0,4212,-130,3741,391,274227,19,8997,4235,"East TN",2455501,109.957194071597,0.0912240711192159,130.604711625041,10.629195426921,152.351801119201,9.12240711192159
2021-04-25,282380,200,230720,148,51660,52,255244,159,1746563,1651,2001807,1810,4,4216,-114,3627,310,274537,17,9014,4238,"East TN",2455501,109.224146111119,0.0900225401352408,73.712044914663,8.1449773386368,147.709164036178,9.00225401352408
2021-04-26,282768,388,230963,243,51805,145,255496,252,1748535,1972,2004031,2224,6,4222,-141,3486,523,275060,16,9030,4242,"East TN",2455501,111.667639312711,0.0896251793400287,90.5721480056412,15.8012560369554,141.966955012439,8.96251793400287
2021-04-27,283157,389,231166,203,51991,186,255714,218,1750899,2364,2006613,2582,3,4225,-54,3432,440,275500,23,9053,4245,"East TN",2455501,113.133735233665,0.087376449880399,105.151657441801,15.8419809236486,139.767811131007,8.7376449880399
2021-04-28,283645,488,231512,346,52133,142,256095,381,1755026,4127,2011121,4508,6,4231,10,3442,472,275972,22,9075,4250,"East TN",2455501,112.237787726415,0.087776102191076,183.587789212873,19.8737447062738,140.175059997939,8.7776102191076
2021-04-29,284037,392,231791,279,52246,113,256398,303,1757958,2932,2014356,3235,1,4232,18,3460,373,276345,20,9095,4252,"East TN",2455501,101.975116279733,0.0868678242717525,131.74500845245,15.9641555837281,140.908107958417,8.68678242717525
2021-04-30,284406,369,232018,227,52388,142,256638,240,1761225,3267,2017863,3507,0,4232,-4,3456,373,276718,15,9110,4255,"East TN",2455501,101.282793205949,0.083614103355004,142.822177632996,15.0274831897849,140.745208411644,8.3614103355004
2021-05-01,284641,235,232200,182,52441,53,256827,189,1763716,2491,2020543,2680,-1,4231,-31,3425,267,276985,15,9125,4255,"East TN",2455501,100.223946151926,0.0847853596807164,109.142696337733,9.57034837289824,139.482736924155,8.47853596807165
2021-05-02,284816,175,232328,128,52488,47,256960,133,1765192,1476,2022152,1609,1,4232,-77,3348,251,277236,11,9136,4259,"East TN",2455501,99.2058239845962,0.0843450479233227,65.526342689333,7.1268551713072,136.34692064878,8.43450479233227
2021-05-03,285027,211,232441,113,52586,98,257086,126,1766676,1484,2023762,1610,5,4237,-225,3123,431,277667,16,9152,4261,"East TN",2455501,91.9975190399027,0.0805838528204348,65.5670675760262,8.59295109226182,127.183821142814,8.05838528204348
2021-05-04,285347,320,232661,220,52686,100,257331,245,1769076,2400,2026407,2645,7,4244,-81,3042,394,278061,12,9164,4267,"East TN",2455501,89.1875018580729,0.0816914216429221,107.717325303472,13.0319637418189,123.885105320666,8.16914216429221
2021-05-05,285813,466,232953,292,52860,174,257642,311,1773225,4149,2030867,4460,5,4249,128,3170,333,278394,22,9186,4272,"East TN",2455501,88.2915543508229,0.0783449812620278,181.632994651601,18.9777971990237,129.097890817393,7.83449812620278
2021-05-06,286100,287,233149,196,52951,91,257873,231,1775663,2438,2033536,2669,4,4253,-100,3070,383,278777,10,9196,4277,"East TN",2455501,84.0154412480386,0.076903023983316,108.694722584108,11.6880424809438,125.025402148075,7.6903023983316
2021-05-07,286466,366,233396,247,53070,119,258142,269,1779112,3449,2037254,3718,0,4253,18,3088,348,279125,15,9211,4278,"East TN",2455501,83.893266587959,0.0775617554535609,151.415128725258,14.9053085297053,125.758450108552,7.75617554535609
2021-05-08,286637,171,233499,103,53138,68,258256,114,1781007,1895,2039263,2009,0,4253,-96,2992,267,279392,7,9218,4280,"East TN",2455501,81.2868738395953,0.0763354700854701,81.8162973666066,6.96395562453446,121.848860986007,7.63354700854701
2021-05-09,286783,146,233614,115,53169,31,258388,132,1782718,1711,2041106,1843,4,4257,-161,2831,303,279695,11,9229,4282,"East TN",2455501,80.1058521254929,0.0753402975625198,75.0559661755381,5.94583345720486,115.292154228404,7.53402975625198
2021-05-10,287019,236,233750,136,53269,100,258533,145,1784234,1516,2042767,1661,7,4264,-200,2631,429,280124,19,9248,4283,"East TN",2455501,81.1239742928225,0.0761378584583004,67.6440367973786,9.61107325959142,107.147176889767,7.61378584583004
2021-05-11,287335,316,233978,228,53357,88,258777,244,1786913,2679,2045690,2923,1,4265,-56,2575,371,280495,19,9267,4285,"East TN",2455501,80.9610747460498,0.0749883316911269,119.038843804177,12.8690641950461,104.866583234949,7.49883316911269
2021-05-12,287639,304,234195,217,53444,87,259031,254,1790978,4065,2050009,4319,3,4268,-54,2521,355,280850,15,9282,4287,"East TN",2455501,74.363643101754,0.0725629505798767,175.890785627862,12.3803655547279,102.667439353517,7.25629505798767
2021-05-13,287849,210,234331,136,53518,74,259176,145,1793711,2733,2052887,2878,1,4269,-134,2387,343,281193,9,9291,4289,"East TN",2455501,71.2278268263788,0.0673350214459201,117.206223902984,8.55222620556864,97.2103045366302,6.73350214459201
2021-05-14,288152,303,234549,218,53603,85,259424,248,1796397,2686,2055821,2934,1,4270,34,2421,268,281461,19,9310,4292,"East TN",2455501,68.6621589647082,0.0690472343404966,119.486817557802,12.3396406680348,98.5949506841985,6.90472343404966
2021-05-15,288260,108,234630,81,53630,27,259526,102,1798385,1988,2057911,2090,0,4270,-157,2264,265,281726,5,9315,4295,"East TN",2455501,66.0964911030376,0.0681038181038181,85.1150131887546,4.39828776286387,92.2011434733686,6.81038181038181
2021-05-16,288360,100,234704,74,53656,26,259611,85,1799834,1449,2059445,1534,3,4273,-122,2142,219,281945,4,9319,4298,"East TN",2455501,64.2231463151512,0.066688478106767,62.4719761873443,4.0724886693184,87.2327072968001,6.6688478106767
2021-05-17,288562,202,234806,102,53756,100,259721,110,1801403,1569,2061124,1679,6,4279,-113,2029,309,282254,11,9330,4302,"East TN",2455501,62.8385001675829,0.0647164569374081,68.3770847578559,8.22642711202317,82.6307951004703,6.47164569374081
2021-05-18,288775,213,234941,135,53834,78,259867,146,1803641,2238,2063508,2384,8,4287,-103,1926,308,282562,20,9350,4305,"East TN",2455501,58.643836838185,0.0611740936132001,97.0881298765507,8.67440086564819,78.4361317710724,6.11740936132001
2021-05-19,288992,217,235105,164,53887,53,260035,168,1806911,3270,2066946,3438,1,4288,-54,1872,270,282832,19,9369,4307,"East TN",2455501,55.100771695878,0.0592785026864262,140.012160451167,8.83730041242093,76.2369878896404,5.92785026864262
2021-05-20,289171,179,235237,132,53934,47,260191,156,1821080,14169,2081271,14325,3,4291,-90,1782,266,283098,7,9376,4309,"East TN",2455501,53.8383002083892,0.0357595828635851,583.384001879861,7.28975471807994,72.5717480872539,3.57595828635851
2021-05-21,289334,163,235344,107,53990,56,260312,121,1823358,2278,2083670,2399,0,4291,-60,1722,223,283321,9,9385,4311,"East TN",2455501,48.1368160713435,0.031886243671227,97.6990031769484,6.63815653098899,70.1282548856628,3.1886243671227
2021-05-22,289405,71,235392,48,54013,23,260374,62,1824945,1587,2085319,1649,0,4291,-107,1615,178,283499,10,9395,4311,"East TN",2455501,46.6299952636957,0.0309398715703444,67.1553381570604,2.89146695521606,65.7706920094922,3.09398715703444
2021-05-23,289479,74,235443,51,54036,23,260435,61,1826010,1065,2086445,1126,3,4294,-128,1487,199,283698,5,9400,4313,"East TN",2455501,45.5711482096729,0.0305185185185185,45.8562224165252,3.01364161529562,60.5579065127646,3.05185185185185
2021-05-24,289639,160,235554,111,54085,49,260561,126,1827935,1925,2088496,2051,0,4294,-94,1393,254,283952,7,9407,4314,"East TN",2455501,43.8607029685592,0.0306882946076282,83.5267426077204,6.51598187090944,56.7297671636053,3.06882946076282
2021-05-25,289782,143,235650,96,54132,47,260649,88,1829662,1727,2090311,1815,0,4294,-73,1320,216,284168,8,9415,4318,"East TN",2455501,41.0099609000363,0.0291758385255382,73.915669348129,5.82365879712531,53.7568504350029,2.91758385255382
2021-05-26,289967,185,235790,140,54177,45,260814,165,1832546,2884,2093360,3049,7,4301,-31,1289,209,284377,13,9428,4320,"East TN",2455501,39.7067645258544,0.0294919360944953,124.170179527518,7.53410403823904,52.4943789475142,2.94919360944953
2021-05-27,290092,125,235866,76,54226,49,260953,139,1835518,2972,2096471,3111,4,4305,-81,1208,202,284579,9,9437,4324,"East TN",2455501,37.5076206444225,0.0501315789473684,126.695122502495,5.090610836648,49.1956631253663,5.01315789473684
2021-05-28,290209,117,235956,90,54253,27,261051,98,1837630,2112,2098681,2210,0,4305,-61,1147,178,284757,5,9442,4325,"East TN",2455501,35.634275856536,0.0492305642528812,90.0019995919366,4.76481174310253,46.7114450370821,4.92305642528812
2021-05-29,290261,52,235987,31,54274,21,261088,37,1838707,1077,2099795,1114,0,4305,-88,1059,140,284897,7,9449,4327,"East TN",2455501,34.8605030093655,0.0493230174081238,45.367523776207,2.11769410804557,43.1276550080819,4.93230174081238
2021-05-30,290316,55,236027,40,54289,15,261134,46,1839793,1086,2100927,1132,0,4305,-67,992,122,285019,7,9456,4329,"East TN",2455501,34.086730162195,0.0482668139759702,46.1005717366843,2.23986876812512,40.3990875996385,4.82668139759702
2021-05-31,290396,80,236093,66,54303,14,261205,71,1841220,1427,2102425,1498,6,4311,-97,895,171,285190,4,9460,4330,"East TN",2455501,30.8287392267403,0.0462344748366717,61.0058802663896,3.25799093545472,36.4487735903997,4.62344748366717
2021-06-01,290526,130,236186,93,54340,37,261299,94,1842535,1315,2103834,1409,3,4314,-37,858,164,285354,11,9471,4330,"East TN",2455501,30.2993156997289,0.048066257487244,57.3813653506963,5.29423527011392,34.9419527827519,4.8066257487244
2021-06-02,290645,119,236257,71,54388,48,261372,73,1844515,1980,2105887,2053,1,4315,-20,838,138,285492,9,9480,4334,"East TN",2455501,27.6114731779788,0.0445437854234853,83.6081923811067,4.8462615164889,34.1274550488882,4.45437854234853
2021-06-03,290733,88,236313,56,54420,32,261491,119,1847681,3166,2109172,3285,1,4316,-42,796,129,285621,6,9486,4337,"East TN",2455501,26.1046523703309,0.0423588693803637,133.781252787109,3.58379002900019,32.4170098077745,4.23588693803637
2021-06-04,290824,91,236372,59,54452,32,261569,78,1849832,2151,2111401,2229,1,4317,-30,766,120,285741,7,9493,4337,"East TN",2455501,25.0458053163082,0.0407232704402516,90.7757724391071,3.70596468907974,31.1952632069789,4.07232704402516
2021-06-05,290865,41,236398,26,54467,15,261599,30,1851215,1383,2112814,1413,-1,4316,-70,696,112,285853,2,9495,4339,"East TN",2455501,24.5978315626831,0.0392503264459636,57.544264897469,1.66972035442054,28.3445211384561,3.92503264459636
2021-06-06,290891,26,236414,16,54477,10,261618,19,1852131,916,2113749,935,-1,4315,-57,639,84,285937,2,9497,4339,"East TN",2455501,23.4168098485808,0.037747621275932,38.077769058127,1.05884705402278,26.0232025969446,3.7747621275932
2021-06-07,290964,73,236448,34,54516,39,261670,52,1853401,1270,2115071,1322,3,4318,-70,569,140,286077,10,9507,4340,"East TN",2455501,23.1317356417285,0.0367705203226317,53.8383002083892,2.97291672860243,23.1724605284217,3.67705203226317
2021-06-08,291050,86,236513,65,54537,21,261740,70,1854880,1479,2116620,1549,3,4321,-28,541,111,286188,4,9511,4343,"East TN",2455501,21.3398406272284,0.0344908493664946,63.082849487742,3.50234025561382,22.0321637010125,3.44908493664946
2021-06-09,291097,47,236549,36,54548,11,261794,54,1857611,2731,2119405,2785,0,4321,-65,476,112,286300,3,9514,4344,"East TN",2455501,18.4076487853192,0.0312176357449327,113.418809440517,1.91406967457965,19.3850460659556,3.12176357449327
2021-06-10,291172,75,236606,57,54566,18,261860,66,1859396,1785,2121256,1851,4,4325,-24,452,95,286395,4,9518,4347,"East TN",2455501,17.8782252583078,0.0305362462760675,75.3817652690836,3.0543665019888,18.4076487853192,3.05362462760675
2021-06-11,291242,70,236652,46,54590,24,261916,56,1860880,1484,2122796,1540,2,4327,-5,447,73,286468,4,9522,4348,"East TN",2455501,17.0230026377509,0.0304519526107942,62.7163255075034,2.85074206852288,18.2040243518532,3.04519526107942
2021-06-12,291271,29,236674,22,54597,7,261947,31,1862074,1194,2124021,1225,3,4330,-24,423,50,286518,1,9523,4351,"East TN",2455501,16.5343039974327,0.0310520210582672,49.8879861991504,1.18102171410234,17.2266270712168,3.10520210582672
2021-06-13,291289,18,236688,14,54601,4,261968,21,1862918,844,2124886,865,1,4331,-41,382,58,286576,1,9524,4351,"East TN",2455501,16.2085049038872,0.0314267756128221,35.2270269896042,0.733047960477312,15.5569067167963,3.14267756128221
2021-06-14,291342,53,236721,33,54621,20,262009,41,1864171,1253,2126180,1294,3,4334,-9,373,59,286635,3,9527,4351,"East TN",2455501,15.3940071700236,0.0305157980016203,52.6980033809801,2.15841899473875,15.1903827365576,3.05157980016203
2021-06-15,291430,88,236789,68,54641,20,262097,88,1866053,1882,2128150,1970,0,4334,-7,366,95,286730,4,9531,4352,"East TN",2455501,15.4754569434099,0.0309627059843885,80.2280267855725,3.58379002900019,14.9053085297053,3.09627059843885
2021-06-16,291497,67,236829,40,54668,27,262135,38,1867959,1906,2130094,1944,2,4336,-14,352,79,286809,7,9538,4354,"East TN",2455501,16.2899546772736,0.0319019552811301,79.1691797315497,2.72856740844333,14.3351601160008,3.19019552811301
2021-06-17,291549,52,236868,39,54681,13,262181,46,1870309,2350,2132490,2396,1,4337,-6,346,57,286866,1,9539,4358,"East TN",2455501,15.3532822833304,0.0285739718711056,97.5768285168689,2.11769410804557,14.0908107958417,2.85739718711056
2021-06-18,291612,63,236920,52,54692,11,262236,55,1872037,1728,2134273,1783,2,4339,1,347,60,286926,4,9543,4360,"East TN",2455501,15.0682080764781,0.0278818506578374,72.6124729739471,2.56566786167059,14.1315356825348,2.78818506578374
2021-06-19,291640,28,236936,16,54704,12,262254,18,1873189,1152,2135443,1170,0,4339,-16,331,44,286970,4,9547,4361,"East TN",2455501,15.0274831897849,0.0268779548240238,47.6481174310253,1.14029682740915,13.4799374954439,2.68779548240238
2021-06-20,291665,25,236957,21,54708,4,262271,17,1873943,754,2136214,771,3,4342,-13,318,35,287005,2,9549,4364,"East TN",2455501,15.3125573966372,0.0267478813559322,31.3988876404449,1.0181221673296,12.9505139684325,2.67478813559322
2021-06-21,291732,67,236997,40,54735,27,262323,52,1875215,1272,2137538,1324,6,4348,2,320,59,287064,2,9551,4365,"East TN",2455501,15.8827058103418,0.0276457122732876,53.9197499817756,2.72856740844333,13.0319637418189,2.76457122732876
2021-06-22,291825,93,237043,46,54782,47,262374,51,1876642,1427,2139016,1478,5,4353,37,357,51,287115,7,9558,4369,"East TN",2455501,16.0863302438077,0.0254923614945702,60.1913825325259,3.78741446246611,14.5387845494667,2.54923614945702
2021-06-23,291894,69,237089,46,54805,23,262429,55,1878429,1787,2140858,1842,2,4355,6,363,61,287176,5,9563,4373,"East TN",2455501,16.167780017194,0.0273132664437012,75.0152412888449,2.8100171818297,14.7831338696258,2.73132664437012
2021-06-24,291977,83,237139,50,54838,33,262491,62,1880273,1844,2142764,1906,3,4358,27,390,53,287229,5,9568,4374,"East TN",2455501,17.4302515046828,0.0301732528713257,77.6216340372087,3.38016559553427,15.8827058103418,3.01732528713257
2021-06-25,292056,79,237195,56,54861,23,262560,69,1882081,1808,2144641,1877,0,4358,32,422,47,287276,2,9570,4376,"East TN",2455501,18.0818496917737,0.03125,76.4406123231064,3.21726604876154,17.1859021845236,3.125
2021-06-26,292090,34,237212,17,54878,17,262581,21,1883265,1184,2145846,1205,0,4358,1,423,33,287309,2,9572,4378,"East TN",2455501,18.3261990119328,0.0314332404114198,49.0734884652867,1.38464614756826,17.2266270712168,3.14332404114198
2021-06-27,292119,29,237232,20,54887,9,262605,24,1883979,714,2146584,738,2,4360,-9,414,36,287345,3,9575,4380,"East TN",2455501,18.4890985587055,0.0322082931533269,30.0549663795698,1.18102171410234,16.8601030909782,3.22082931533269
2021-06-28,292163,44,237256,24,54907,20,262630,25,1884531,552,2147161,577,4,4364,-16,398,56,287401,3,9578,4380,"East TN",2455501,17.5524261647623,0.0319027330354359,23.4982596219672,1.7918950145001,16.2085049038872,3.19027330354359
2021-06-29,292294,131,237341,85,54953,46,262727,97,1886546,2015,2149273,2112,0,4364,79,477,52,287453,6,9584,4383,"East TN",2455501,19.0999718591033,0.0344155211075363,86.0109606960046,5.3349601568071,19.4257709526488,3.44155211075363
2021-06-30,292379,85,237404,63,54975,22,262802,75,1888190,1644,2150992,1719,3,4367,30,507,52,287505,3,9587,4383,"East TN",2455501,19.7515700461942,0.0368067890270377,70.0060802255833,3.46161536892064,20.6475175534443,3.68067890270377
2021-07-01,292485,106,237457,53,55028,53,262867,65,1890742,2552,2153609,2617,1,4368,57,564,48,287553,2,9589,4386,"East TN",2455501,20.6882424401375,0.0346703550023052,106.577028476063,4.3168379894775,22.9688360949558,3.46703550023052
2021-07-02,292567,82,237520,63,55047,19,262941,74,1892424,1682,2155365,1756,0,4368,30,594,52,287605,2,9591,4388,"East TN",2455501,20.810417100217,0.0355277881387542,71.5129010332311,3.33944070884109,24.1905826957513,3.55277881387542
2021-07-03,292614,47,237555,35,55059,12,262981,40,1893512,1088,2156493,1128,1,4369,0,594,46,287651,3,9594,4391,"East TN",2455501,21.3398406272284,0.0375692683384991,45.9376721899116,1.91406967457965,24.1905826957513,3.75692683384991
2021-07-04,292641,27,237576,21,55065,6,263006,25,1894212,700,2157218,725,0,4369,-13,581,40,287691,1,9595,4392,"East TN",2455501,21.258390853842,0.0377092345307504,29.5255428525584,1.09957194071597,23.6611591687399,3.77092345307504
2021-07-05,292684,43,237599,23,55085,20,263031,25,1894694,482,2157725,507,0,4369,-29,552,72,287763,2,9597,4392,"East TN",2455501,21.2176659671489,0.0379591063990913,20.6475175534443,1.75117012780691,22.4801374546376,3.79591063990913
2021-07-06,292846,162,237701,102,55145,60,263144,113,1896019,1325,2159163,1438,5,4374,82,634,75,287838,6,9603,4392,"East TN",2455501,22.4801374546376,0.0421638018200202,58.5623870647986,6.59743164429581,25.8195781634787,4.21638018200202
2021-07-07,292988,142,237779,78,55209,64,263232,88,1897478,1459,2160710,1547,5,4379,80,714,57,287895,6,9609,4394,"East TN",2455501,24.8014559961491,0.0442477876106195,63.0013997143556,5.78293391043213,29.0775690989334,4.42477876106195
2021-07-08,293128,140,237881,102,55247,38,263349,117,1899333,1855,2162682,1972,2,4381,77,791,61,287956,3,9612,4396,"East TN",2455501,26.1861021437173,0.0531246555714758,80.3094765589588,5.70148413704576,32.2133853743085,5.31246555714758
2021-07-09,293292,164,238003,122,55289,42,263480,131,1901078,1745,2164558,1876,0,4381,100,891,64,288020,4,9616,4398,"East TN",2455501,29.5255428525584,0.0586315674970086,76.3998874364132,6.67888141768218,36.2858740436269,5.86315674970086
2021-07-10,293396,104,238075,72,55321,32,263554,74,1902134,1056,2165688,1130,0,4381,56,947,48,288068,12,9628,4399,"East TN",2455501,31.8468613940699,0.0623164763458401,46.0191219632979,4.23538821609114,38.5664676984452,6.23164763458401
2021-07-11,293444,48,238109,34,55335,14,263597,43,1902889,755,2166486,798,2,4383,4,951,42,288110,7,9635,4399,"East TN",2455501,32.7020840146267,0.0637678031937851,32.4984595811608,1.95479456127283,38.729367245218,6.37678031937851
2021-07-12,293616,172,238224,115,55392,57,263721,124,1904255,1366,2167976,1490,1,4384,91,1042,80,288190,13,9648,4400,"East TN",2455501,37.9555943980475,0.0673105062920691,60.6800811728442,7.00468051122765,42.4353319342977,6.73105062920691
2021-07-13,293830,214,238359,135,55471,79,263866,145,1905876,1621,2169742,1766,4,4388,149,1191,61,288251,14,9662,4403,"East TN",2455501,40.0732885060931,0.0682484166745439,71.9201499001629,8.71512575234138,48.5033400515821,6.82484166745439
2021-07-14,294003,173,238491,132,55512,41,264008,142,1907439,1563,2171447,1705,0,4388,104,1295,69,288320,11,9673,4404,"East TN",2455501,41.3357599935818,0.0722734469591133,69.4359318118787,7.04540539792083,52.7387282676733,7.22734469591134
2021-07-15,294223,220,238639,148,55584,72,264175,167,1909240,1801,2173415,1968,0,4388,119,1414,101,288421,14,9687,4404,"East TN",2455501,44.5937509290365,0.0769589117674462,80.1465770121861,8.95947507250048,57.5849897841622,7.69589117674462
2021-07-16,294454,231,238780,141,55674,90,264330,155,1910769,1529,2175099,1684,0,4388,165,1579,66,288487,9,9696,4408,"East TN",2455501,47.3223183374798,0.0806375106726117,68.5807091913219,9.4074488261255,64.3045960885375,8.06375106726117
2021-07-17,294598,144,238880,100,55718,44,264440,110,1911987,1218,2176427,1328,0,4388,54,1633,90,288577,5,9701,4410,"East TN",2455501,48.9513138052072,0.0825030263525468,54.0826495285484,5.8643836838185,66.5037399699695,8.25030263525468
2021-07-18,294742,144,239001,121,55741,23,264572,132,1913113,1126,2177685,1258,0,4388,49,1682,95,288672,6,9707,4412,"East TN",2455501,52.8609029277528,0.0870613447629253,51.2319074600255,5.8643836838185,68.4992594179355,8.70613447629253
2021-07-19,295046,304,239211,210,55835,94,264789,217,1914803,1690,2179592,1907,3,4391,166,1848,135,288807,12,9719,4413,"East TN",2455501,58.2365879712531,0.0919421487603306,77.6623589239019,12.3803655547279,75.259590609004,9.19421487603306
2021-07-20,295402,356,239446,235,55956,121,265043,254,1916464,1661,2181507,1915,2,4393,215,2063,139,288946,22,9741,4414,"East TN",2455501,64.0195218816853,0.100042498937527,77.9881580174473,14.4980596627735,84.0154412480386,10.0042498937527
2021-07-21,295803,401,239738,292,56065,109,265353,310,1918580,2116,2183933,2426,3,4396,248,2311,150,289096,23,9764,4418,"East TN",2455501,73.3047960477312,0.10772064712478,98.7985751176644,16.3306795639668,94.1152131479482,10.772064712478
2021-07-22,296277,474,240070,332,56207,142,265720,367,1920949,2369,2186669,2736,5,4401,321,2632,148,289244,19,9783,4420,"East TN",2455501,83.6489172677999,0.116568583069262,111.423289992551,19.3035962925692,107.18790177646,11.6568583069262
2021-07-23,296741,464,240385,315,56356,149,266054,334,1922852,1903,2188906,2237,1,4402,332,2964,131,289375,21,9804,4425,"East TN",2455501,93.1378158673118,0.124864199319186,91.1015715326526,18.8963474256374,120.708564158597,12.4864199319186
2021-07-24,297098,357,240628,243,56470,114,266319,265,1924603,1751,2190922,2016,0,4402,224,3188,133,289508,19,9823,4429,"East TN",2455501,101.81221673296,0.129630907209383,82.1013715734589,14.5387845494667,129.830938777871,12.9630907209383
2021-07-25,297326,228,240816,188,56510,40,266522,203,1925918,1315,2192440,1518,3,4405,98,3286,127,289635,13,9836,4434,"East TN",2455501,105.233107215187,0.13215859030837,61.8203780002533,9.28527416604595,133.821977673803,13.215859030837
2021-07-26,297994,668,241274,458,56720,210,267008,486,1927647,1729,2194655,2215,10,4415,449,3735,209,289844,30,9866,4438,"East TN",2455501,120.056965971506,0.147314611963088,90.2056240254026,27.2042243110469,152.107451799042,14.7314611963088
2021-07-27,298722,728,241760,486,56962,242,267523,515,1929968,2321,2197491,2836,2,4417,535,4270,191,290035,25,9891,4444,"East TN",2455501,135.206623821371,0.155155155155155,115.49577866187,29.6477175126379,173.895266179896,15.5155155155155
2021-07-28,299541,819,242303,543,57238,276,268136,613,1932836,2868,2200972,3481,2,4419,559,4829,258,290293,31,9922,4447,"East TN",2455501,152.229626459122,0.16333118140736,141.763330578973,33.3536822017177,196.660477841386,16.333118140736
2021-07-29,300229,688,242753,450,57476,238,268633,497,1935264,2428,2203897,2925,3,4422,476,5305,209,290502,17,9939,4451,"East TN",2455501,160.944752211463,0.169085210123055,119.120293577563,28.0187220449106,216.045523907341,16.9085210123055
2021-07-30,301228,999,243491,738,57737,261,269422,789,1937067,1803,2206489,2592,4,4426,751,6056,244,290746,38,9977,4454,"East TN",2455501,182.732566592317,0.191548654950805,105.558906308733,40.6841618064908,246.629913813922,19.1548654950805
2021-07-31,301763,535,243852,361,57911,174,269817,395,1939037,1970,2208854,2365,2,4428,319,6375,214,290960,32,10009,4463,"East TN",2455501,189.981596423703,0.195070265447245,96.3143570293801,21.7878143808534,259.621152669048,19.5070265447245
2021-08-01,302297,534,244273,421,58024,113,270278,461,1941175,2138,2211453,2599,3,4431,320,6695,211,291171,26,10035,4466,"East TN",2455501,202.443411751818,0.197549045389996,105.843980515585,21.7470894941603,272.653116410867,19.7549045389996
2021-08-02,303147,850,244801,528,58346,322,270814,536,1943510,2335,2214324,2871,9,4440,417,7112,424,291595,32,10067,4474,"East TN",2455501,209.855341129977,0.193502465809141,116.921149696131,34.6161536892064,289.635394161925,19.3502465809141
2021-08-03,304485,1338,245760,959,58725,379,271829,1015,1947285,3775,2219114,4790,4,4444,894,8006,440,292035,33,10100,4483,"East TN",2455501,234.697522012819,0.199139804837442,195.072207260351,54.4898983954802,326.043442865631,19.9139804837442
2021-08-04,305572,1087,246583,823,58989,264,272717,888,1950905,3620,2223622,4508,8,4452,646,8652,433,292468,34,10134,4489,"East TN",2455501,245.611791646593,0.202251655629139,183.587789212873,44.267951835491,352.351719669428,20.2251655629139
2021-08-05,306752,1180,247462,879,59290,301,273668,951,1954871,3966,2228539,4917,10,4462,663,9315,507,292975,35,10169,4496,"East TN",2455501,265.648435899639,0.204325947569191,200.244267870386,48.0553662979571,379.352319547009,20.4325947569191
2021-08-06,308092,1340,248440,978,59652,362,274750,1082,1959499,4628,2234249,5710,3,4465,908,10223,429,293404,45,10214,4509,"East TN",2455501,279.535622262015,0.19193083573487,232.539103018081,54.5713481688666,416.33051666442,19.193083573487
2021-08-07,308816,724,248961,521,59855,203,275331,581,1962503,3004,2237834,3585,0,4465,327,10550,397,293801,26,10240,4518,"East TN",2455501,287.232625847027,0.190269151138716,145.998718795065,29.4848179658652,429.647554613091,19.0269151138716
2021-08-08,309452,636,249410,449,60042,187,275857,526,1964618,2115,2240475,2641,5,4470,220,10770,411,294212,27,10267,4527,"East TN",2455501,291.386564289731,0.192233478051134,107.554425756699,25.901027936865,438.607029685592,19.2233478051134
2021-08-09,310819,1367,250356,946,60463,421,276863,1006,1968157,3539,2245020,4545,14,4484,567,11337,786,294998,57,10324,4538,"East TN",2455501,312.441330710108,0.197061506385197,185.094610020521,55.6709201095825,461.698040440627,19.7061506385197
2021-08-10,312145,1326,251191,835,60954,491,277780,917,1971409,3252,2249189,4169,6,4490,548,11885,772,295770,42,10366,4552,"East TN",2455501,311.952632069789,0.197871986699917,169.782052623884,54.001199755162,484.015278348492,19.7871986699917
2021-08-11,314032,1887,252484,1293,61548,594,279161,1381,1976765,5356,2255926,6737,8,4498,1058,12943,821,296591,58,10424,4567,"East TN",2455501,344.532541424337,0.199479940564636,274.363561651981,76.8478611900382,527.10220846988,19.9479940564636
2021-08-12,315494,1462,253535,1051,61959,411,280322,1161,1981247,4482,2261569,5643,10,4508,586,13529,866,297457,38,10462,4581,"East TN",2455501,356.016959471815,0.201453224341508,229.810535609637,59.539784345435,550.966992072086,20.1453224341508
2021-08-13,317140,1646,254637,1102,62503,544,281494,1172,1986666,5419,2268160,6591,11,4519,793,14322,842,298299,26,10488,4600,"East TN",2455501,368.478774799929,0.198873521866061,268.417728194776,67.0331634969809,583.261827219781,19.8873521866061
2021-08-14,318671,1531,255717,1080,62954,451,282695,1201,1992142,5476,2274837,6677,1,4520,914,15236,616,298915,26,10514,4613,"East TN",2455501,401.343758361328,0.199010891008837,271.92006845039,62.3498015272647,620.484373657351,19.9010891008837
2021-08-15,319816,1145,256676,959,63140,186,283752,1057,1995952,3810,2279704,4867,11,4531,422,15658,712,299627,19,10533,4625,"East TN",2455501,422.072725688159,0.201254174207856,198.208023535727,46.6299952636957,637.670275841875,20.1254174207856
2021-08-16,321257,1441,257586,910,63671,531,284714,962,1999012,3060,2283726,4022,17,4548,167,15825,1257,300884,27,10560,4641,"East TN",2455501,425.086367303455,0.202836769493102,163.795494279986,58.6845617248781,644.471331919637,20.2836769493102
2021-08-17,322994,1737,258792,1206,64202,531,286035,1321,2003872,4860,2289907,6181,10,4558,517,16342,1210,302094,25,10585,4655,"East TN",2455501,441.824295734353,0.202735890760843,251.72052465057,70.7391281860606,665.526098340013,20.2735890760843
2021-08-18,325090,2096,260157,1365,64933,731,287516,1481,2009292,5420,2296808,6901,13,4571,942,17284,1141,303235,31,10616,4665,"East TN",2455501,450.335797053229,0.204368670808669,281.042443069663,85.3593625089137,703.888941604992,20.4368670808669
2021-08-19,327482,2392,261621,1464,65861,928,289094,1578,2019243,9951,2308337,11529,23,4594,1120,18404,1249,304484,40,10656,4676,"East TN",2455501,488.20994167789,0.187564146424906,469.517218685718,97.4139289700961,749.500814701358,18.7564146424906
2021-08-20,329932,2450,263572,1951,66360,499,291196,2102,2026137,6894,2317333,8996,4,4598,1271,19675,1175,305659,33,10689,4699,"East TN",2455501,520.95275057921,0.197303398206333,366.361080691883,99.7759723983008,801.262145688395,19.7303398206333
2021-08-21,332855,2923,265512,1940,67343,983,293311,2115,2035067,8930,2328378,11045,0,4598,2168,21843,755,306414,53,10742,4710,"East TN",2455501,577.641792856122,0.198277955211894,449.806373526217,119.038843804177,889.553700039218,19.8277955211894
2021-08-22,334339,1484,266849,1337,67490,147,294829,1518,2040579,5512,2335408,7030,7,4605,540,22383,937,307351,17,10759,4720,"East TN",2455501,591.447529445111,0.198854660347551,286.295953453083,60.4357318526851,911.545138853537,19.8854660347551
2021-08-23,336287,1948,267953,1104,68334,844,296015,1186,2044546,3967,2340561,5153,18,4623,183,22566,1747,309098,34,10793,4727,"East TN",2455501,612.095046998556,0.198838743731855,209.855341129977,79.3320792783224,918.99779311839,19.8838743731855
2021-08-24,338275,1988,269328,1375,68947,613,297453,1438,2048325,3779,2345778,5217,15,4638,152,22718,1821,310919,25,10818,4743,"East TN",2455501,622.316993558545,0.204363623346638,212.461733878341,80.9610747460498,925.187975895754,20.4363623346638
2021-08-25,340507,2232,270514,1186,69993,1046,298699,1246,2052361,4036,2351060,5282,17,4655,612,23330,1603,312522,39,10857,4767,"East TN",2455501,627.855578148818,0.206130649561307,215.108851513398,90.8979470991867,950.111606551983,20.6130649561306
2021-08-26,343165,2658,272326,1812,70839,846,300656,1957,2059206,6845,2359862,8802,24,4679,735,24065,1899,314421,34,10891,4782,"East TN",2455501,638.688398009205,0.224395924308588,358.460452673406,108.246748830483,980.044398271473,22.4395924308588
2021-08-27,346180,3015,274585,2259,71595,756,303014,2358,2066275,7069,2369289,9427,19,4698,1318,25383,1678,316099,38,10929,4795,"East TN",2455501,661.697958990854,0.227461698360151,383.913506856646,122.78553337995,1033.71979893309,22.7461698360151
2021-08-28,348321,2141,276114,1529,72207,612,304683,1669,2072142,5867,2376825,7536,1,4699,916,26299,1224,317323,28,10957,4815,"East TN",2455501,629.851097596784,0.234730736681322,306.902746119835,87.1919824101069,1071.02379514405,23.4730736681322
2021-08-29,350661,2340,277936,1822,72725,518,306704,2021,2079135,6993,2385839,9014,9,4708,1081,27380,1250,318573,39,10996,4830,"East TN",2455501,664.711600606149,0.235470246475382,367.094128652361,95.2962348620506,1115.04739765938,23.5470246475382
2021-08-30,353906,3245,280337,2401,73569,844,309307,2603,2088177,9042,2397484,11645,21,4729,492,27872,2732,321305,58,11054,4849,"East TN",2455501,717.531778647209,0.233508423660032,474.241305542128,132.152257319382,1135.08404191242,23.3508423660032
2021-08-31,357500,3594,282729,2392,74771,1202,311918,2611,2096764,8587,2408682,11198,7,4736,922,28794,2665,323970,71,11125,4865,"East TN",2455501,782.935946676462,0.229953580058502,456.037281190274,146.365242775303,1172.63238744354,22.9953580058502
2021-09-01,358936,1436,283666,937,75270,499,312905,987,2099047,2283,2411952,3270,15,4751,-946,27848,2367,326337,23,11148,4891,"East TN",2455501,750.518936868688,0.233298298627077,133.170379486712,58.4809372914122,1134.10664463179,23.3298298627077
2021-09-02,361252,2316,285135,1469,76117,847,314423,1518,2103309,4262,2417732,5780,19,4770,-546,27302,2843,329180,34,11182,4909,"East TN",2455501,736.591025619619,0.237895282529808,235.389845086604,94.3188375814141,1111.87085649731,23.7895282529808
2021-09-03,363005,1753,286336,1201,76669,552,315718,1295,2107415,4106,2423133,5401,17,4787,-925,26377,2661,331841,27,11209,4916,"East TN",2455501,685.196218612821,0.235940866206077,219.955113029887,71.3907263731516,1074.20033630611,23.5940866206077
2021-09-04,366265,3260,288652,2316,77613,944,318301,2583,2115463,8048,2433764,10631,3,4790,1603,27980,1654,333495,37,11246,4931,"East TN",2455501,730.767366822494,0.23916823267005,432.946270435239,132.76313061978,1139.48232967529,23.916823267005
2021-09-05,370724,4459,291898,3246,78826,1213,321811,3510,2127974,12511,2449785,16021,8,4798,2844,30824,1607,335102,45,11291,4956,"East TN",2455501,817.063401725351,0.236246207737779,652.453409711501,181.592269764907,1255.3039074307,23.6246207737779
2021-09-06,375634,4910,295823,3925,79811,985,326097,4286,2143614,15640,2469711,19926,11,4809,1088,31912,3811,338913,74,11365,4977,"East TN",2455501,884.870338069502,0.232461544851648,811.484092248384,199.959193663533,1299.61258415289,23.2461544851648
2021-09-07,377717,2083,297271,1448,80446,635,327612,1515,2148040,4426,2475652,5941,34,4843,-1747,30165,3796,342709,53,11418,4992,"East TN",2455501,823.335034276101,0.234343736001195,241.946551844206,84.8299389819023,1228.4662070999,23.4343736001195
2021-09-08,379393,1676,298447,1176,80946,500,328873,1261,2152420,4380,2481293,5641,20,4863,-1783,28382,3439,346148,49,11467,5012,"East TN",2455501,833.109007082465,0.230282228407436,229.729085836251,68.2549100977764,1155.85373412595,23.0282228407436
2021-09-09,381299,1906,299440,993,81859,913,329948,1075,2156086,3666,2486034,4741,7,4870,-1680,26702,3579,349727,44,11511,5033,"East TN",2455501,816.41180353826,0.227299347017657,193.076687812385,77.6216340372087,1087.4359244814,22.7299347017657
2021-09-10,386788,5489,303262,3822,83526,1667,334081,4133,2168192,12106,2502273,16239,23,4893,2222,28924,3244,352971,116,11627,5054,"East TN",2455501,968.559980223995,0.232031842304776,661.331435010615,223.538903058887,1177.92662271365,23.2031842304776
2021-09-11,391076,4288,306360,3098,84716,1190,337400,3319,2180014,11822,2517414,15141,8,4901,2657,31581,1623,354594,95,11722,5083,"East TN",2455501,1010.42516374459,0.228320382546324,616.615509421499,174.628314140373,1286.13264665744,22.8320382546324
2021-09-12,392656,1580,307782,1422,84874,158,338953,1553,2185258,5244,2524211,6797,23,4924,-9,31572,1566,356160,38,11760,5108,"East TN",2455501,893.178214954911,0.230322736678043,276.807054853572,64.3453209752307,1285.76612267721,23.0322736678043
2021-09-13,395007,2351,309225,1443,85782,908,340457,1504,2190381,5123,2530838,6627,63,4987,-1967,29605,4255,360415,71,11831,5139,"East TN",2455501,788.963229907054,0.234920738789733,269.88382411573,95.7442086156756,1205.66027055171,23.4920738789733
2021-09-14,397824,2817,311168,1943,86656,874,342532,2075,2196603,6222,2539135,8297,43,5030,-990,28615,3764,364179,59,11890,5167,"East TN",2455501,818.855296739851,0.235023549611707,337.894384893348,114.722005814699,1165.34263272546,23.5023549611707
2021-09-15,399619,1795,312352,1184,87267,611,343745,1213,2200378,3775,2544123,4988,23,5053,-1567,27048,3339,367518,32,11922,5187,"East TN",2455501,823.70155825634,0.236702212318956,203.135734825602,73.1011716142653,1101.52673527724,23.6702212318956
2021-09-16,402274,2655,314195,1843,88079,812,345702,1957,2207037,6659,2552739,8616,23,5076,-604,26444,3236,370754,58,11980,5210,"East TN",2455501,854.204498389534,0.236174199835095,350.885623748473,108.124574170404,1076.92890371456,23.6174199835095
2021-09-17,404955,2681,316063,1868,88892,813,347710,2008,2214241,7204,2561951,9212,23,5099,-64,26380,2722,373476,70,12050,5242,"East TN",2455501,739.849016555074,0.228375615804819,375.157656217611,109.183421224426,1074.32251096619,22.8375615804819
2021-09-18,406412,1457,317235,1172,89177,285,349047,1337,2219713,5472,2568760,6809,3,5102,-228,26152,1682,375158,34,12084,5280,"East TN",2455501,624.55686232667,0.226833638452849,277.29575349389,59.3361599119691,1065.03723680015,22.6833638452849
2021-09-19,407056,644,317678,443,89378,201,349560,513,2221790,2077,2571350,2590,17,5119,-996,25156,1623,376781,23,12107,5309,"East TN",2455501,586.43836838185,0.225015380046246,105.477456535347,26.2268270304105,1024.47524965374,22.5015380046246
2021-09-20,409043,1987,318918,1240,90125,747,350934,1374,2227427,5637,2578361,7011,48,5167,246,25402,1693,378474,62,12169,5335,"East TN",2455501,571.614509625531,0.220461671190792,285.522180605913,80.9203498593566,1034.49357178026,22.0461671190792
2021-09-21,410914,1871,319995,1077,90919,794,352074,1140,2231733,4306,2583807,5446,31,5198,-2259,23143,4099,382573,57,12226,5362,"East TN",2455501,533.088766813779,0.213601361031519,221.78773293108,76.1962630029473,942.496052740357,21.3601361031519
2021-09-22,412503,1589,321099,1104,91404,485,353293,1219,2237092,5359,2590385,6578,14,5212,-1489,21654,3064,385637,43,12269,5384,"East TN",2455501,524.699440154983,0.206389693484934,267.888304667764,64.7118449554694,881.856696454206,20.6389693484934
2021-09-23,414857,2354,322594,1495,92263,859,354955,1662,2243449,6357,2598404,8019,32,5244,-468,21186,2790,388427,50,12319,5400,"East TN",2455501,512.441249260334,0.202627833132596,326.572866392642,95.8663832757551,862.797449481796,20.2627833132596
2021-09-24,416399,1542,323574,980,92825,562,356054,1099,2248332,4883,2604386,5982,38,5282,-1028,20158,2532,390959,33,12352,5427,"East TN",2455501,466.055603316798,0.196630140214446,243.616272198627,62.7977752808897,820.932265961203,19.6630140214446
2021-09-25,417100,701,324056,482,93044,219,356616,562,2251354,3022,2607970,3584,2,5284,-917,19241,1616,392575,20,12372,5453,"East TN",2455501,435.267588976751,0.193037490436113,145.957993908371,28.548145571922,783.587544863553,19.3037490436113
2021-09-26,417956,856,324675,619,93281,237,357335,719,2255331,3977,2612666,4696,6,5290,-434,18807,1284,393859,22,12394,5469,"East TN",2455501,443.901264955706,0.188183754477684,191.244067911192,34.8605030093655,765.912944038711,18.8183754477684
2021-09-27,419416,1460,325499,824,93917,636,358257,922,2258922,3591,2617179,4513,47,5337,-1407,17400,2820,396679,42,12436,5486,"East TN",2455501,422.439249668398,0.188649595548457,183.791413646339,59.4583345720486,708.613028461402,18.8649595548457
2021-09-28,420712,1296,326281,782,94431,514,359120,863,2262584,3662,2621704,4525,14,5351,-1010,16390,2292,398971,28,12464,5499,"East TN",2455501,399.022439819817,0.185925007256511,184.280112286658,52.7794531543665,667.480892901286,18.5925007256511
2021-09-29,422396,1684,327288,1007,95108,677,360257,1137,2268082,5498,2628339,6635,30,5381,-435,15955,2089,401060,45,12509,5524,"East TN",2455501,402.891304055669,0.183485271644622,270.209623209276,68.5807091913219,649.765567189751,18.3485271644622
2021-09-30,423606,1210,328033,745,95573,465,361077,820,2272754,4672,2633831,5492,11,5392,-893,15062,2092,403152,31,12540,5540,"East TN",2455501,356.302033678667,0.172806051881333,223.661077718967,49.2771128987526,613.398243372737,17.2806051881333
2021-10-01,424980,1374,328997,964,95983,410,362152,1075,2277726,4972,2639878,6047,14,5406,-359,14703,1719,404871,33,12573,5559,"East TN",2455501,349.460252714212,0.171813366392426,246.263389833684,55.9559943164348,598.778009049884,17.1813366392426
2021-10-02,425535,555,329345,348,96190,207,362545,393,2280396,2670,2642941,3063,11,5417,-446,14257,990,405861,17,12590,5580,"East TN",2455501,343.514419257007,0.169540476394727,124.740327941223,22.6023121147171,580.614709584724,16.9540476394727
2021-10-03,426072,537,329807,462,96265,75,363069,524,2283488,3092,2646557,3616,13,5430,-332,13925,856,406717,13,12603,5598,"East TN",2455501,330.523180401881,0.169189460328701,147.261190282553,21.8692641542398,567.094047202587,16.9189460328701
2021-10-04,427423,1351,330654,847,96769,504,364010,941,2287626,4138,2651636,5079,22,5452,-598,13327,1927,408644,25,12628,5608,"East TN",2455501,326.084167752324,0.166961720405143,206.841699514682,55.0193219224916,542.740564960063,16.6961720405143
2021-10-05,428686,1263,331399,745,97287,518,364821,811,2292088,4462,2656909,5273,17,5469,-416,12911,1662,410306,36,12664,5631,"East TN",2455501,324.740246491449,0.161937224826019,214.742327533159,51.4355318934914,525.799012095699,16.1937224826019
2021-10-06,429622,936,332100,701,97522,235,365600,779,2296509,4421,2662109,5200,18,5487,-402,12509,1320,411626,20,12684,5652,"East TN",2455501,294.278031244948,0.158217352679893,211.769410804557,38.1184939448202,509.427607645039,15.8217352679893
2021-10-07,430736,1114,332886,786,97850,328,366456,856,2301293,4784,2667749,5640,24,5511,-411,12098,1501,413127,21,12705,5672,"East TN",2455501,290.368442122402,0.158588360162745,229.688360949558,45.367523776207,492.68967921414,15.8588360162745
2021-10-08,431794,1058,333466,580,98328,478,367098,642,2305540,4247,2672638,4889,8,5519,-134,11964,1184,414311,21,12726,5687,"East TN",2455501,277.499377927356,0.150976800976801,199.103971042977,43.0869301213887,487.232544397253,15.0976800976801
2021-10-09,432335,541,333817,351,98518,190,367514,416,2308349,2809,2675863,3225,4,5523,-287,11677,824,415135,25,12751,5707,"East TN",2455501,276.929229513651,0.150932507138084,131.337759585518,22.0321637010125,475.54450191631,15.0932507138084
2021-10-10,432655,320,334085,268,98570,52,367824,310,2310582,2233,2678406,2543,6,5529,-505,11172,819,415954,15,12766,5718,"East TN",2455501,268.09192910123,0.149298251122484,103.563386860767,13.0319637418189,454.978434136252,14.9298251122484
2021-10-11,433875,1220,334610,525,99265,695,368371,547,2314028,3446,2682399,3993,52,5581,-249,10923,1417,417371,27,12793,5724,"East TN",2455501,262.756968944423,0.141761206644345,162.614472565884,49.6843617656845,444.837937349649,14.1761206644345
2021-10-12,434816,941,335250,640,99566,301,369376,1005,2317672,3644,2687048,4649,29,5610,-304,10619,1216,418587,24,12817,5745,"East TN",2455501,249.643555429218,0.151133083380338,189.329998236612,38.3221183782861,432.457571794921,15.1133083380338
2021-10-13,435667,851,335790,540,99877,311,370025,649,2321538,3866,2691563,4515,25,5635,-364,10255,1190,419777,32,12849,5757,"East TN",2455501,246.181940060297,0.150234263597474,183.872863419726,34.6568785758996,417.633713038602,15.0234263597474
2021-10-14,436618,951,336436,646,100182,305,370747,722,2325541,4003,2696288,4725,31,5666,-198,10057,1118,420895,24,12873,5772,"East TN",2455501,239.543783529308,0.150355653666912,192.425089625294,38.729367245218,409.570185473352,15.0355653666912
2021-10-15,437418,800,336933,497,100485,303,371320,573,2329435,3894,2700755,4467,24,5690,-361,9696,1137,422032,21,12894,5782,"East TN",2455501,229.036762762467,0.150158267240459,181.918068858453,32.5799093545472,394.868501377112,15.0158267240459
2021-10-16,437723,305,337168,235,100555,70,371591,271,2331665,2230,2703256,2501,7,5697,-366,9330,664,422696,7,12901,5790,"East TN",2455501,219.425689502875,0.148833643631585,101.852941619653,12.4210904414211,379.963192847407,14.8833643631585
2021-10-17,437971,248,337374,206,100597,42,371838,247,2333328,1663,2705166,1910,7,5704,-431,8899,672,423368,13,12914,5795,"East TN",2455501,216.493497660966,0.15,77.7845335839814,10.0997718999096,362.410766682644,15
2021-10-18,438760,789,337832,458,100928,331,372354,516,2336519,3191,2708873,3707,23,5727,-509,8390,1275,424643,29,12943,5807,"East TN",2455501,198.941071496204,0.150449497620307,150.967154971633,32.1319356009222,341.681799355814,15.0449497620307
2021-10-19,439593,833,338266,434,101327,399,372828,474,2339847,3328,2712675,3802,25,5752,-313,8077,1121,425764,16,12959,5814,"East TN",2455501,194.54278373334,0.134701681819956,154.836019207486,33.9238306154223,328.934909820847,13.4701681819956
2021-10-20,440356,763,338749,483,101607,280,373368,540,2343868,4021,2717236,4561,15,5767,-202,7875,950,426714,12,12971,5823,"East TN",2455501,190.95899370434,0.13021462236591,185.746208207612,31.0730885468994,320.708482708824,13.021462236591
2021-10-21,440980,624,339160,411,101820,213,373834,466,2347506,3638,2721340,4104,17,5784,-299,7576,906,427620,14,12985,5830,"East TN",2455501,177.641955755669,0.123223694714993,167.134934988827,25.4123292965468,308.531741587562,12.3223694714993
2021-10-22,441526,546,339490,330,102036,216,374220,386,2350611,3105,2724831,3491,6,5790,-324,7252,864,428484,11,12996,5836,"East TN",2455501,167.2978345356,0.120451902309354,142.170579445905,22.2357881344785,295.33687829897,12.0451902309354
2021-10-23,441883,357,339728,238,102155,119,374492,272,2352996,2385,2727488,2657,0,5790,-139,7113,496,428980,8,13004,5847,"East TN",2455501,169.415528643645,0.119717728623308,108.20602394379,14.5387845494667,289.676119048618,11.9717728623308
2021-10-24,442124,241,339888,160,102236,81,374687,195,2354893,1897,2729580,2092,7,5797,-266,6847,500,429480,10,13014,5851,"East TN",2455501,169.130454436793,0.116695338740067,85.1964629621409,9.81469769305734,278.843299188231,11.6695338740067
2021-10-25,442552,428,340135,247,102417,181,374957,270,2357325,2432,2732282,2702,28,5825,-529,6318,929,430409,15,13029,5858,"East TN",2455501,154.428770340554,0.11119654833611,110.038643844983,17.4302515046828,257.299834127536,11.119654833611
2021-10-26,443081,529,340459,324,102622,205,375296,339,2359965,2640,2735261,2979,12,5837,-213,6105,730,431139,17,13046,5863,"East TN",2455501,142.048404785826,0.109271229965465,121.319437458995,21.5434650606943,248.625433261888,10.9271229965465
2021-10-27,443703,622,340844,385,102859,237,375717,421,2364161,4196,2739878,4617,10,5847,-100,6005,712,431851,6,13052,5876,"East TN",2455501,136.306195762087,0.103745252186203,188.026801862431,25.3308795231604,244.55294459257,10.3745252186203
2021-10-28,444117,414,341092,248,103025,166,376007,290,2366958,2797,2742965,3087,16,5863,-231,5774,629,432480,13,13065,5886,"East TN",2455501,127.753969556518,0.100485549132948,125.717725221859,16.8601030909782,235.145495766444,10.0485549132948
2021-10-29,444578,461,341391,299,103187,162,376341,334,2370476,3518,2746817,3852,4,5867,-182,5592,639,433119,3,13068,5893,"East TN",2455501,124.292354187598,0.0964704812153188,156.872263542145,18.7741727655578,227.733566388285,9.64704812153188
2021-10-30,444839,261,341587,196,103252,65,376568,227,2373050,2574,2749618,2801,0,5867,-154,5438,415,433534,12,13080,5899,"East TN",2455501,120.382765065052,0.0938093086308179,114.070407627608,10.629195426921,221.461933837535,9.38093086308179
2021-10-31,445010,171,341709,122,103301,49,376714,146,2374675,1625,2751389,1771,0,5867,-210,5228,381,433915,2,13082,5904,"East TN",2455501,117.532022996529,0.092943280297125,72.1237743336289,6.96395562453446,212.909707631966,9.2943280297125
2021-11-01,445602,592,342060,351,103542,241,377104,390,2377793,3118,2754897,3508,14,5881,-204,5024,782,434697,13,13095,5910,"East TN",2455501,124.210904414211,0.094936988724298,142.862902519689,24.1091329223649,204.601830746556,9.4936988724298
2021-11-02,446012,410,342274,214,103738,196,377327,223,2380004,2211,2757331,2434,25,5906,-200,4824,585,435282,9,13104,5919,"East TN",2455501,119.364642897722,0.0920253738106026,99.1243742112099,16.6972035442054,196.45685340792,9.20253738106026
2021-11-03,446582,570,342641,367,103941,203,377721,394,2384582,4578,2762303,4972,6,5912,81,4905,483,435765,5,13109,5921,"East TN",2455501,117.246948789677,0.0893645484949833,202.484136638511,23.2131854151149,199.755569230067,8.93645484949833
2021-11-04,446980,398,342921,280,104059,118,378032,311,2388119,3537,2766151,3848,13,5925,-100,4805,485,436250,1,13110,5923,"East TN",2455501,116.595350602586,0.0873371862330717,156.709363995372,16.2085049038872,195.683080560749,8.73371862330717
