"DATE","TOTAL_CASES","NEW_CASES","TOTAL_CONFIRMED","NEW_CONFIRMED","TOTAL_PROBABLE","NEW_PROBABLE","POS_TESTS","NEW_POS_TESTS","NEG_TESTS","NEW_NEG_TESTS","TOTAL_TESTS","NEW_TESTS","NEW_DEATHS","TOTAL_DEATHS","NEW_HOSPITALIZED","TOTAL_HOSPITALIZED","TOTAL_DEATHS_BY_DOD","NEW_DEATHS_BY_DOD","Region","Population","New_cases_per_100k_per_week","PositivityRate_per_week","Tests_per_100k","New_cases_per_100k","PositivityPercentage_per_week"
2022-05-07,128334,16,99043,9,29291,7,107050,12,555116,174,662166,186,0,1385,0,2729,1385,0,"Knox County",470313,NA,NA,39.5481307129507,3.40198973874845,NA
2022-05-06,128318,53,99034,31,29284,22,107038,34,554942,209,661980,243,0,1385,0,2729,1385,0,"Knox County",470313,NA,NA,51.6677191572421,11.2690910096042,NA
2022-05-05,128265,48,99003,31,29262,17,107004,34,554733,185,661737,219,1,1385,0,2729,1385,0,"Knox County",470313,NA,NA,46.5647345491194,10.2059692162454,NA
2022-05-04,128217,54,98972,35,29245,19,106970,38,554548,249,661518,287,1,1384,0,2729,1385,0,"Knox County",470313,NA,NA,61.0231909388003,11.481715368276,NA
2022-05-03,128163,34,98937,21,29226,13,106932,24,554299,145,661231,169,0,1383,0,2729,1385,0,"Knox County",470313,NA,NA,35.9335166155305,7.22922819484046,NA
2022-05-02,128129,38,98916,29,29213,9,106908,32,554154,190,661062,222,3,1383,2,2729,1385,0,"Knox County",470313,NA,NA,47.2026076251348,8.07972562952757,NA
2022-05-01,128091,14,98887,9,29204,5,106876,9,553964,82,660840,91,0,1380,0,2727,1385,0,"Knox County",470313,54.644460178647,0.129146083274524,19.3488166391318,2.97674102140489,12.9146083274524
2022-04-30,128077,18,98878,14,29199,4,106867,15,553882,141,660749,156,0,1380,0,2727,1385,0,"Knox County",470313,55.0697088959905,0.134102379235761,33.1693999527974,3.82723845609201,13.4102379235761
2022-04-29,128059,23,98864,12,29195,11,106852,13,553741,200,660593,213,0,1380,0,2727,1385,0,"Knox County",470313,48.6909781358372,0.121591746499632,45.2889883970888,4.8903602494509,12.1591746499632
2022-04-28,128036,32,98852,25,29184,7,106839,26,553541,226,660380,252,1,1380,0,2727,1385,0,"Knox County",470313,45.2889883970887,0.11294964028777,53.5813383852881,6.8039794774969,11.294964028777
2022-04-27,128004,34,98827,24,29177,10,106813,26,553315,181,660128,207,0,1379,0,2727,1385,0,"Knox County",470313,41.0365012236532,0.110687022900763,44.0132422450581,7.22922819484046,11.0687022900763
2022-04-26,127970,41,98803,21,29167,20,106787,21,553134,240,659921,261,0,1379,0,2727,1385,0,"Knox County",470313,42.5248717343556,0.101283880171184,55.4949576133341,8.7175987055429,10.1283880171184
2022-04-25,127929,61,98782,16,29147,45,106766,17,552894,101,659660,118,0,1379,1,2727,1385,1,"Knox County",470313,47.4152319838065,0.0978428351309707,25.0896743232698,12.9700858789785,9.78428351309707
2022-04-24,127868,15,98766,11,29102,4,106749,12,552793,148,659542,160,1,1379,0,2726,1384,2,"Knox County",470313,47.6278563424783,0.0950987564008778,34.0198973874845,3.18936538007667,9.50987564008778
2022-04-23,127853,12,98755,5,29098,7,106737,7,552645,197,659382,204,0,1378,0,2726,1382,0,"Knox County",470313,46.3521101904476,0.0862190812720848,43.3753691690427,2.55149230406134,8.62190812720848
2022-04-22,127841,25,98750,18,29091,7,106730,20,552448,210,659178,230,0,1378,0,2726,1382,0,"Knox County",470313,46.7773589077912,0.0900837988826816,48.903602494509,5.31560896679445,9.00837988826816
2022-04-21,127816,32,98732,23,29084,9,106710,23,552238,231,658948,254,0,1378,0,2726,1382,0,"Knox County",470313,46.7773589077912,0.0878661087866109,54.0065871026317,6.8039794774969,8.78661087866109
2022-04-20,127784,55,98709,32,29075,23,106687,34,552007,247,658694,281,1,1378,0,2726,1382,0,"Knox County",470313,51.2424704398985,0.0888594164456233,59.7474447867697,11.6943397269478,8.88594164456233
2022-04-19,127729,30,98677,16,29052,14,106653,17,551760,151,658413,168,0,1377,0,2726,1382,0,"Knox County",470313,48.903602494509,0.0918727915194346,35.7208922568587,6.37873076015334,9.18727915194346
2022-04-18,127699,38,98661,21,29038,17,106636,21,551609,117,658245,138,0,1377,1,2726,1382,0,"Knox County",470313,44.0132422450581,0.0933797909407666,29.3421614967054,8.07972562952757,9.33797909407665
2022-04-17,127661,16,98640,9,29021,7,106615,9,551492,101,658107,110,0,1377,0,2725,1382,0,"Knox County",470313,44.2258666037299,0.0945848375451264,23.3886794538956,3.40198973874845,9.45848375451263
2022-04-16,127645,10,98631,10,29014,0,106606,12,551391,126,657997,138,0,1377,0,2725,1382,0,"Knox County",470313,43.8006178863863,0.103108415466262,29.3421614967054,2.12624358671778,10.3108415466262
2022-04-15,127635,18,98621,13,29014,5,106594,13,551265,198,657859,211,0,1377,0,2725,1382,0,"Knox County",470313,42.3122473756839,0.0992307692307692,44.8637396797452,3.82723845609201,9.92307692307692
2022-04-14,127617,18,98608,5,29009,13,106581,6,551067,158,657648,164,1,1377,0,2725,1382,0,"Knox County",470313,39.335506354279,0.0925619834710744,34.8703948221716,3.82723845609201,9.25619834710744
2022-04-13,127599,40,98603,26,28996,14,106575,28,550909,209,657484,237,-1,1376,0,2725,1382,0,"Knox County",470313,36.1461409742023,0.0909090909090909,50.3919730052114,8.50497434687113,9.09090909090909
2022-04-12,127559,23,98577,6,28982,17,106547,8,550700,192,657247,200,5,1377,0,2725,1382,0,"Knox County",470313,34.6577704634998,0.0809682804674457,42.5248717343556,4.8903602494509,8.09682804674457
2022-04-11,127536,22,98571,13,28965,9,106539,13,550508,173,657047,186,1,1372,2,2725,1382,1,"Knox County",470313,31.2557807247514,0.0714285714285714,39.5481307129507,4.67773589077912,7.14285714285714
2022-04-10,127514,9,98558,7,28956,2,106526,7,550335,110,656861,117,0,1371,1,2723,1381,0,"Knox County",470313,29.7674102140489,0.0694333599361532,24.877049964598,1.913619228046,6.94333599361532
2022-04-09,127505,7,98551,5,28954,2,106519,5,550225,148,656744,153,0,1371,0,2722,1381,0,"Knox County",470313,29.1295371380336,0.0630914826498423,32.5315268767821,1.48837051070245,6.30914826498423
2022-04-08,127498,18,98546,15,28952,3,106514,16,550077,176,656591,192,1,1371,0,2722,1381,0,"Knox County",470313,29.1295371380336,0.066453162530024,40.8238768649814,3.82723845609201,6.6453162530024
2022-04-07,127480,17,98531,7,28949,10,106498,10,549901,181,656399,191,5,1370,0,2722,1381,0,"Knox County",470313,28.9169127793618,0.0681818181818182,40.6112525063096,3.61461409742023,6.81818181818182
2022-04-06,127463,21,98524,14,28939,7,106488,16,549720,204,656208,220,-1,1365,0,2722,1381,2,"Knox County",470313,24.877049964598,0.0595710881652105,46.7773589077912,4.46511153210734,5.95710881652105
2022-04-05,127442,15,98510,12,28932,3,106472,13,549516,198,655988,211,4,1366,0,2722,1379,2,"Knox County",470313,23.1760550952238,0.062992125984252,44.8637396797452,3.18936538007667,6.2992125984252
2022-04-04,127427,16,98498,5,28929,11,106459,7,549318,158,655777,165,8,1362,2,2722,1377,0,"Knox County",470313,21.9003089431931,0.0592473979183347,35.0830191808434,3.40198973874845,5.92473979183347
2022-04-03,127411,5,98493,3,28918,2,106452,3,549160,75,655612,78,1,1354,0,2720,1377,1,"Knox County",470313,21.049811508506,0.0578512396694215,16.5846999763987,1.06312179335889,5.78512396694215
2022-04-02,127406,3,98490,3,28916,0,106449,3,549085,116,655534,119,0,1353,0,2720,1376,1,"Knox County",470313,20.1993140738189,0.0578231292517007,25.3022986819416,0.637873076015334,5.78231292517007
2022-04-01,127403,19,98487,8,28916,11,106446,8,548969,231,655415,239,4,1353,0,2720,1375,0,"Knox County",470313,20.4119384324907,0.0490596892886345,50.817221722555,4.03986281476378,4.90596892886345
2022-03-31,127384,17,98479,7,28905,10,106438,8,548738,238,655176,246,3,1349,0,2720,1375,0,"Knox County",470313,20.4119384324907,0.0453834115805947,52.3055922332574,3.61461409742023,4.53834115805947
2022-03-30,127367,22,98472,9,28895,13,106430,9,548500,256,654930,265,0,1346,0,2720,1375,0,"Knox County",470313,20.6245627911625,0.0385487528344671,56.3454550480212,4.67773589077912,3.85487528344671
2022-03-29,127345,20,98463,8,28882,12,106421,9,548244,192,654665,201,2,1346,0,2720,1375,2,"Knox County",470313,21.6876845845214,0.0357958872810358,42.7374960930274,4.25248717343556,3.57958872810358
2022-03-28,127325,19,98455,11,28870,8,106412,16,548052,332,654464,348,3,1344,0,2720,1373,1,"Knox County",470313,22.3255576605367,0.0374331550802139,73.9932768177788,4.03986281476378,3.74331550802139
2022-03-27,127306,4,98444,3,28862,1,106396,3,547720,73,654116,76,0,1341,0,2720,1372,1,"Knox County",470313,22.1129333018649,0.0374832663989291,16.1594512590551,0.850497434687113,3.7483266398929
2022-03-26,127302,9,98441,6,28861,3,106393,6,547647,166,654040,172,0,1341,1,2720,1371,0,"Knox County",470313,23.3886794538956,0.0381383322559793,36.5713896915458,1.913619228046,3.81383322559793
2022-03-25,127293,15,98435,7,28858,8,106387,8,547481,244,653868,252,0,1341,1,2719,1371,0,"Knox County",470313,22.5381820192085,0.0378205128205128,53.5813383852881,3.18936538007667,3.78205128205128
2022-03-24,127278,57,98428,9,28850,48,106379,10,547237,187,653616,197,1,1341,0,2718,1371,2,"Knox County",470313,31.0431563660796,0.0403706154864328,41.8869986583403,12.1195884442914,4.03706154864328
2022-03-23,127221,11,98419,6,28802,5,106369,6,547050,201,653419,207,0,1340,0,2718,1369,1,"Knox County",470313,28.7042884206901,0.0399174122505162,44.0132422450581,2.33886794538956,3.99174122505162
2022-03-22,127210,16,98413,11,28797,5,106363,11,546849,150,653212,161,0,1340,1,2718,1368,3,"Knox County",470313,27.8537909860029,0.0424628450106157,34.2325217461563,3.40198973874845,4.24628450106157
2022-03-21,127194,13,98402,6,28792,7,106352,6,546699,125,653051,131,7,1340,1,2717,1365,0,"Knox County",470313,26.5780448339723,0.0418060200668896,27.8537909860029,2.76411666273312,4.18060200668896
2022-03-20,127181,12,98396,9,28785,3,106346,11,546574,98,652920,109,1,1333,0,2716,1365,0,"Knox County",470313,28.2790397033465,0.0471928397070789,23.1760550952238,2.55149230406134,4.71928397070789
2022-03-19,127169,11,98387,10,28782,1,106335,11,546476,175,652811,186,0,1332,0,2716,1365,0,"Knox County",470313,28.7042884206901,0.0506838294448914,39.5481307129507,2.33886794538956,5.06838294448914
2022-03-18,127158,24,98377,15,28781,9,106324,14,546301,219,652625,233,0,1332,1,2716,1365,2,"Knox County",470313,30.6179076487361,0.0563725490196078,49.5414755705243,5.10298460812268,5.63725490196078
2022-03-17,127134,37,98362,25,28772,12,106310,31,546082,209,652392,240,1,1332,0,2715,1363,2,"Knox County",470313,26.3654204753005,0.0710339384372533,51.0298460812268,7.86710127085579,7.10339384372533
2022-03-16,127097,23,98337,10,28760,13,106279,13,545873,236,652152,249,3,1331,2,2715,1361,2,"Knox County",470313,28.9169127793618,0.0741023682200153,52.9434653092728,4.8903602494509,7.41023682200153
2022-03-15,127074,55,98327,18,28747,37,106266,19,545637,257,651903,276,1,1328,1,2713,1359,2,"Knox County",470313,37.2092627675612,0.0737359550561798,58.6843229934108,11.6943397269478,7.37359550561798
2022-03-14,127019,21,98309,16,28710,5,106247,22,545380,228,651627,250,10,1327,0,2712,1357,3,"Knox County",470313,38.9102576369354,0.0784186649384316,53.1560896679445,4.46511153210734,7.84186649384316
2022-03-13,126998,6,98293,6,28705,0,106225,10,545152,484,651377,494,2,1317,0,2712,1354,1,"Knox County",470313,37.6345114849047,0.0622406639004149,105.036433183858,1.27574615203067,6.22406639004149
2022-03-12,126992,9,98287,8,28705,1,106215,9,544668,293,650883,302,0,1315,3,2712,1353,2,"Knox County",470313,37.2092627675612,0.0577299412915851,64.212556318877,1.913619228046,5.77299412915851
2022-03-11,126983,20,98279,13,28704,7,106206,15,544375,467,650581,482,9,1315,0,2709,1351,4,"Knox County",470313,36.3587653328741,0.051897078063672,102.484940879797,4.25248717343556,5.1897078063672
2022-03-10,126963,28,98266,20,28697,8,106191,23,543908,459,650099,482,4,1306,1,2709,1347,2,"Knox County",470313,34.4451461048281,0.0437869822485207,102.484940879797,5.95348204280979,4.37869822485207
2022-03-09,126935,64,98246,19,28689,45,106168,23,543449,419,649617,442,1,1302,2,2708,1345,2,"Knox County",470313,43.162744810371,0.0443548387096774,93.9799665329259,13.6079589549938,4.43548387096774
2022-03-08,126871,36,98227,18,28644,18,106145,19,543030,311,649175,330,1,1301,1,2706,1343,3,"Knox County",470313,39.1228819956072,0.0434938892882818,70.1660383616868,7.65447691218401,4.34938892882818
2022-03-07,126835,27,98209,22,28626,5,106126,25,542719,267,648845,292,4,1300,2,2705,1340,0,"Knox County",470313,40.3986281476379,0.0439093484419263,62.0863127321592,5.74085768413801,4.39093484419263
2022-03-06,126808,14,98187,11,28621,3,106101,13,542452,212,648553,225,2,1296,2,2703,1340,0,"Knox County",470313,42.0996230170121,0.049706457925636,47.8404807011501,2.97674102140489,4.9706457925636
2022-03-05,126794,18,98176,10,28618,8,106088,11,542240,266,648328,277,0,1294,1,2701,1340,2,"Knox County",470313,44.0132422450581,0.0509881422924901,58.8969473520825,3.82723845609201,5.09881422924901
2022-03-04,126776,52,98166,28,28610,24,106077,29,541974,380,648051,409,1,1294,1,2700,1338,0,"Knox County",470313,50.817221722555,0.0582010582010582,86.9633626967573,11.0564666509325,5.82010582010582
2022-03-03,126724,45,98138,29,28586,16,106048,34,541594,326,647642,360,8,1293,4,2699,1338,2,"Knox County",470313,54.4318358199752,0.0659528907922912,76.5447691218401,9.56809614023002,6.59528907922912
2022-03-02,126679,37,98109,29,28570,8,106014,36,541268,338,647282,374,-2,1285,1,2695,1336,5,"Knox County",470313,48.6909781358372,0.0736656374062638,79.521510143245,7.86710127085579,7.36656374062638
2022-03-01,126642,92,98080,48,28562,44,105978,60,540930,391,646908,451,3,1287,3,2694,1331,1,"Knox County",470313,60.5979422214568,0.0871021775544389,95.893585760972,19.5614409978036,8.71021775544389
2022-02-28,126550,134,98032,90,28518,44,105918,97,540539,549,646457,646,10,1284,4,2691,1330,5,"Knox County",470313,83.348748599337,0.102115244347192,137.355335701969,28.4916640620183,10.2115244347192
2022-02-27,126416,3,97942,3,28474,0,105821,5,539990,75,645811,80,1,1274,1,2687,1325,5,"Knox County",470313,81.0098806539475,0.104736234116288,17.0099486937423,0.637873076015334,10.4736234116288
2022-02-26,126413,47,97939,33,28474,14,105816,35,539915,275,645731,310,0,1273,2,2686,1320,0,"Knox County",470313,87.175987055429,0.11254752851711,65.9135511882512,9.99334485757357,11.254752851711
2022-02-25,126366,106,97906,66,28460,40,105781,74,539640,406,645421,480,2,1273,5,2684,1320,6,"Knox County",470313,98.6577024237051,0.126249537208441,102.059692162454,22.5381820192085,12.6249537208441
2022-02-24,126260,143,97840,85,28420,58,105707,94,539234,463,644941,557,1,1271,4,2679,1314,3,"Knox County",470313,119.494889573539,0.138371290545204,118.43176778018,30.4052832900643,13.8371290545204
2022-02-23,126117,142,97755,96,28362,46,105613,115,538771,413,644384,528,6,1270,1,2675,1311,4,"Knox County",470313,141.820447234076,0.157273918741809,112.265661378699,30.1926589313925,15.7273918741809
2022-02-22,125975,142,97659,87,28316,55,105498,100,538358,356,643856,456,11,1264,6,2674,1307,3,"Knox County",470313,152.451665167665,0.170101406607785,96.9567075543308,30.1926589313925,17.0101406607785
2022-02-21,125833,73,97572,46,28261,27,105398,50,538002,290,643400,340,0,1253,1,2668,1304,6,"Knox County",470313,139.481579288686,0.171937477280989,72.2922819484046,15.5215781830398,17.1937477280989
2022-02-20,125760,72,97526,48,28234,24,105348,57,537712,289,643060,346,0,1253,1,2667,1298,2,"Knox County",470313,154.152660037039,0.174013921113689,73.5680281004352,15.308953824368,17.4013921113689
2022-02-19,125688,90,97478,54,28210,36,105291,68,537423,322,642714,390,0,1253,1,2666,1296,4,"Knox County",470313,163.295507459926,0.180174362286083,82.9234998819935,19.13619228046,18.0174362286083
2022-02-18,125598,142,97424,92,28174,50,105223,114,537101,498,642324,612,0,1253,3,2665,1292,4,"Knox County",470313,170.94998437211,0.185196655311242,130.126107507128,30.1926589313925,18.5196655311242
2022-02-17,125456,290,97332,228,28124,62,105109,269,536603,1208,641712,1477,1,1253,2,2662,1288,1,"Knox County",470313,202.205765096861,0.186309954205833,314.046177758216,61.6610640148157,18.6309954205833
2022-02-16,125166,224,97104,144,28062,80,104840,159,535395,546,640235,705,3,1252,3,2660,1287,3,"Knox County",470313,219.640962507947,0.188858067498844,149.900172863604,47.6278563424783,18.8858067498844
2022-02-15,124942,274,96960,215,27982,59,104681,241,534849,592,639530,833,5,1249,6,2657,1284,4,"Knox County",470313,247.707377852622,0.20369976610674,177.116090773591,58.2590742760672,20.369976610674
2022-02-14,124668,341,96745,205,27923,136,104440,246,534257,602,638697,848,19,1244,8,2651,1280,1,"Knox County",470313,304.690705976658,0.221454615236999,180.305456153668,72.5049063070764,22.1454615236999
2022-02-13,124327,120,96540,100,27787,20,104194,116,533655,283,637849,399,1,1225,1,2643,1279,3,"Knox County",470313,314.896675192903,0.230433130699088,84.8371191100395,25.5149230406134,23.0433130699088
2022-02-12,124207,154,96440,110,27767,44,104078,127,533372,414,637450,541,0,1224,3,2642,1276,6,"Knox County",470313,328.504634147897,0.234903047091413,115.029778041432,32.7441512354538,23.4903047091413
2022-02-11,124053,341,96330,250,27723,91,103951,280,532958,631,636909,911,3,1224,10,2639,1270,4,"Knox County",470313,370.816881523581,0.251662583129156,193.70079074999,72.5049063070764,25.1662583129156
2022-02-10,123712,426,96080,276,27632,150,103671,304,532327,555,635998,859,7,1221,12,2629,1266,3,"Knox County",470313,399.733794302943,0.289050235478807,182.644324099057,90.5779767941775,28.9050235478807
2022-02-09,123286,440,95804,309,27482,131,103367,369,531772,606,635139,975,8,1214,4,2617,1263,6,"Knox County",470313,445.660655776047,0.313641446142378,207.308749704984,93.5547178155824,31.3641446142378
2022-02-08,122846,457,95495,336,27351,121,102998,391,531166,462,634164,853,6,1206,8,2613,1257,12,"Knox County",470313,484.570913412982,0.340326773115485,181.368577947027,97.1693319130026,34.0326773115485
2022-02-07,122389,591,95159,411,27230,180,102607,442,530704,625,633311,1067,10,1200,11,2605,1245,5,"Knox County",470313,537.727003080927,0.36199821587868,226.870190702787,125.660995975021,36.199821587868
2022-02-06,121798,253,94748,186,27050,67,102165,215,530079,435,632244,650,0,1190,14,2594,1240,5,"Knox County",470313,566.006042784273,0.363387978142077,138.205833136656,53.7939627439599,36.3387978142077
2022-02-05,121545,270,94562,193,26983,77,101950,220,529644,496,631594,716,0,1190,7,2580,1235,11,"Knox County",470313,590.6704683902,0.368263969490963,152.239040808993,57.4085768413801,36.8263969490963
2022-02-04,121275,651,94369,512,26906,139,101730,580,529148,963,630878,1543,3,1190,3,2573,1224,0,"Knox County",470313,656.584019578451,0.378358096953324,328.079385430554,138.418457495328,37.8358096953324
2022-02-03,120624,1645,93857,503,26767,1142,101150,505,528185,741,629335,1246,1,1187,13,2570,1224,2,"Knox County",470313,915.773112799348,0.386099290780142,264.929950905036,349.767070015075,38.6099290780142
2022-02-02,118979,719,93354,540,25625,179,100645,603,527444,904,628089,1507,7,1186,6,2557,1222,9,"Knox County",470313,975.095308868775,0.38987074650488,320.42490851837,152.876913885008,38.987074650488
2022-02-01,118260,939,92814,740,25446,199,100042,834,526540,1139,626582,1973,5,1179,12,2551,1213,7,"Knox County",470313,1077.58024974857,0.390599862100666,419.507859659418,199.6542727928,39.0599862100666
2022-01-31,117321,715,92074,517,25247,198,99208,521,525401,605,624609,1126,11,1174,13,2539,1206,2,"Knox County",470313,1103.94567022387,0.396986645360119,239.415027864422,152.026416450321,39.6986645360119
2022-01-30,116606,389,91557,319,25049,70,98687,336,524796,569,623483,905,1,1163,8,2526,1204,6,"Knox County",470313,1132.86258300323,0.399179236912156,192.425044597959,82.7108755233217,39.9179236912156
2022-01-29,116217,679,91238,590,24979,89,98351,646,524227,912,622578,1558,0,1162,5,2518,1198,3,"Knox County",470313,1219.82594569999,0.408297829174275,331.26875081063,144.371939538137,40.8297829174275
2022-01-28,115538,938,90648,776,24890,162,97705,836,523315,1040,621020,1876,3,1162,15,2513,1195,6,"Knox County",470313,1280.84913663879,0.420076538121872,398.883296868256,199.441648434128,42.0076538121872
2022-01-27,114600,1433,89872,1201,24728,232,96869,1276,522275,1472,619144,2748,7,1159,13,2498,1189,8,"Knox County",470313,1235.77277260037,0.432053365261267,584.291737630046,304.690705976658,43.2053365261267
2022-01-26,113167,1001,88671,808,24496,193,95593,855,520803,965,616396,1820,4,1152,5,2485,1181,8,"Knox County",470313,1295.73284174582,0.441779110444778,386.976332782636,212.83698303045,44.1779110444778
2022-01-25,112166,1026,87863,769,24303,257,94738,804,519838,930,614576,1734,7,1148,11,2480,1173,6,"Knox County",470313,1314.23116095026,0.448202600492904,368.690637936863,218.152591997244,44.8202600492904
2022-01-24,111140,1323,87094,1085,24046,238,93934,1162,518908,1550,612842,2712,13,1141,15,2469,1167,5,"Knox County",470313,1443.5067710227,0.442971616865124,576.637260717862,281.302026522763,44.2971616865124
2022-01-23,109817,770,86009,680,23808,90,92772,709,517358,818,610130,1527,0,1128,7,2454,1162,10,"Knox County",470313,1524.51665167665,0.44994633273703,324.677395691805,163.720756177269,44.994633273703
2022-01-22,109047,901,85329,738,23718,163,92063,770,516540,1056,608603,1826,0,1128,14,2447,1152,3,"Knox County",470313,1571.71925930178,0.450186056308362,388.252078934667,191.574547163272,45.0186056308362
2022-01-21,108146,1516,84591,1231,23555,285,91293,1291,515484,1348,606777,2639,1,1128,6,2433,1149,6,"Knox County",470313,1694.61613861407,0.457616953218713,561.115682534823,322.338527746416,45.7616953218713
2022-01-20,106630,1411,83360,1170,23270,241,90002,1218,514136,1152,604138,2370,11,1127,11,2427,1143,2,"Knox County",470313,1689.93840272329,0.465477167076839,503.919730052114,300.012970085879,46.5477167076839
2022-01-19,105219,1675,82190,1312,23029,363,88784,1345,512984,1331,601768,2676,4,1116,7,2416,1141,2,"Knox County",470313,1833.24722046807,0.471389821751485,568.982783805678,356.145800775228,47.1389821751485
2022-01-18,103544,1046,80878,666,22666,380,87439,693,511653,686,599092,1379,6,1112,7,2409,1139,4,"Knox County",470313,1837.49970764151,0.475114019432877,293.208990608382,222.40507917068,47.5114019432877
2022-01-17,102498,1092,80212,859,22286,233,86746,903,510967,1279,597713,2182,7,1106,13,2402,1135,3,"Knox County",470313,1788.38348078833,0.474621549421193,463.94635062182,232.185799669582,47.4621549421193
2022-01-16,101406,772,79353,692,22053,80,85843,717,509688,1073,595531,1790,0,1099,7,2389,1132,4,"Knox County",470313,1788.80872950567,0.466760866639752,380.597602022483,164.146004894613,46.6760866639752
2022-01-15,100634,751,78661,599,21973,152,85126,627,508615,816,593741,1443,1,1099,12,2382,1128,2,"Knox County",470313,1756.9150757049,0.469231300504178,306.816949563376,159.680893362505,46.9231300504178
2022-01-14,99883,1312,78062,1057,21821,255,84499,1099,507799,1188,592298,2287,6,1098,10,2370,1126,5,"Knox County",470313,1713.53970653586,0.467332059177462,486.271908282357,278.963158577373,46.7332059177462
2022-01-13,98571,1405,77005,1058,21566,347,83400,1105,506611,1402,590011,2507,6,1092,11,2360,1121,6,"Knox County",470313,1712.26396038383,0.454921480650589,533.049267190148,298.737223933848,45.4921480650589
2022-01-12,97166,1168,75947,889,21219,279,82295,935,505209,1058,587504,1993,1,1086,4,2349,1115,0,"Knox County",470313,1604.46341053724,0.447610632501289,423.760346832854,248.345250928637,44.7610632501289
2022-01-11,95998,1368,75058,1062,20940,306,81360,1096,504151,1283,585511,2379,2,1085,10,2345,1115,3,"Knox County",470313,1672.92845402955,0.444551128180509,505.83334928016,290.870122662993,44.4551128180509
2022-01-10,94630,1001,73996,685,20634,316,80264,714,502868,812,583132,1526,3,1083,5,2335,1112,1,"Knox County",470313,1653.57963739042,0.451921005385996,324.464771333133,212.83698303045,45.1921005385996
2022-01-09,93629,742,73311,629,20318,113,79550,664,502056,1205,581606,1869,5,1080,2,2330,1111,2,"Knox County",470313,1647.20090663027,0.445586975149957,397.394926357553,157.767274134459,44.5586975149957
2022-01-08,92887,625,72682,478,20205,147,78886,510,500851,912,579737,1422,0,1075,10,2328,1109,4,"Knox County",470313,1620.41023743762,0.437888865050418,302.351838031269,132.890224169861,43.7888865050418
2022-01-07,92262,969,72204,751,20058,218,78376,768,499939,1091,578315,1859,0,1075,7,2318,1105,0,"Knox County",470313,1547.4800824132,0.427296200663962,395.268682770836,206.033003552953,42.7296200663962
2022-01-06,91293,1170,71453,744,19840,426,77608,781,498848,1010,576456,1791,2,1075,7,2311,1105,4,"Knox County",470313,1497.51335812533,0.425889866812057,380.810226381155,248.77049964598,42.5889866812057
2022-01-05,90123,1217,70709,905,19414,312,76827,944,497838,1255,574665,2199,1,1073,8,2304,1101,1,"Knox County",470313,1507.93195170025,0.419854350325795,467.56096471924,258.763844503554,41.9854350325795
2022-01-04,88906,924,69804,578,19102,346,75883,567,496583,1040,572466,1607,0,1072,6,2296,1100,5,"Knox County",470313,1413.52673644998,0.403161411227899,341.687344385547,196.464907412723,40.3161411227899
2022-01-03,87982,716,69226,538,18756,178,75316,505,495543,820,570859,1325,6,1072,6,2290,1095,2,"Knox County",470313,1352.92879422852,0.392561298873426,281.727275240106,152.239040808993,39.2561298873426
2022-01-02,87266,290,68688,207,18578,83,74811,265,494723,651,569534,916,3,1066,9,2284,1093,4,"Knox County",470313,1256.82258410888,0.390322870761759,194.763912543349,61.6610640148157,39.0322870761759
2022-01-01,86976,265,68481,215,18495,50,74546,237,494072,767,568618,1004,0,1063,15,2275,1089,0,"Knox County",470313,1180.27781498704,0.38005793851042,213.474856106465,56.3454550480212,38.005793851042
2021-12-31,86711,591,68266,429,18445,162,74309,470,493305,1008,567614,1478,0,1063,5,2260,1089,3,"Knox County",470313,1099.90580740911,0.365213178294574,314.258802116888,125.660995975021,36.5213178294574
2021-12-30,86120,582,67837,403,18283,179,73839,404,492297,918,566136,1322,2,1063,6,2255,1086,2,"Knox County",470313,974.882684510103,0.344330524819815,281.089402164091,123.747376746975,34.4330524819815
2021-12-29,85538,633,67434,475,18104,158,73435,503,491379,1195,564814,1698,1,1061,5,2249,1084,2,"Knox County",470313,850.710059045784,0.315614973262032,361.036161024679,134.591219039236,31.5614973262032
2021-12-28,84905,429,66959,262,17946,167,72932,283,490184,978,563116,1261,1,1060,5,2244,1082,0,"Knox County",470313,745.461001503254,0.296201688138605,268.119316285112,91.2158498701928,29.6201688138605
2021-12-27,84476,314,66697,234,17779,80,72649,254,489206,905,561855,1159,2,1059,1,2239,1082,1,"Knox County",470313,659.986009317199,0.27336501470921,246.431631700591,66.7640486229383,27.336501470921
2021-12-26,84162,61,66463,49,17699,12,72395,60,488301,426,560696,486,7,1057,1,2238,1081,0,"Knox County",470313,611.295031181362,0.262963843958135,103.335438314484,12.9700858789785,26.2963843958135
2021-12-25,84101,85,66414,63,17687,22,72335,74,487875,489,560210,563,1,1050,1,2237,1081,0,"Knox County",470313,573.022646620442,0.257060374042927,119.707513932211,18.0730704871011,25.7060374042927
2021-12-24,84016,174,66351,122,17665,52,72261,137,487386,848,559647,985,0,1049,2,2236,1081,0,"Knox County",470313,484.358289054311,0.229462135402729,209.434993291702,36.9966384088894,22.9462135402729
2021-12-23,83842,218,66229,159,17613,59,72124,166,486538,960,558662,1126,5,1049,5,2234,1081,1,"Knox County",470313,406.963022497783,0.202940368233031,239.415027864422,46.3521101904476,20.2940368233031
2021-12-22,83624,176,66070,102,17554,74,71958,101,485578,812,557536,913,47,1044,10,2229,1080,2,"Knox County",470313,309.793690584781,0.165562913907285,194.126039467333,37.421887126233,16.5562913907285
2021-12-21,83448,177,65968,124,17480,53,71857,120,484766,912,556623,1032,3,997,6,2219,1078,2,"Knox County",470313,256.212352199493,0.145593869731801,219.428338149275,37.6345114849047,14.5593869731801
2021-12-20,83271,114,65844,80,17427,34,71737,84,483854,623,555591,707,1,994,3,2213,1076,1,"Knox County",470313,213.687480465137,0.127666896077082,150.325421580947,24.2391768885827,12.7666896077082
2021-12-19,83157,70,65764,50,17393,20,71653,58,483231,556,554884,614,3,993,6,2210,1075,1,"Knox County",470313,215.601099693183,0.124579124579125,130.551356224472,14.8837051070245,12.4579124579125
2021-12-18,83087,88,65714,56,17373,32,71595,65,482675,660,554270,725,0,990,3,2204,1074,2,"Knox County",470313,216.238972769198,0.119796787938381,154.152660037039,18.7109435631165,11.9796787938381
2021-12-17,82999,119,65658,77,17341,42,71530,83,482015,1034,553545,1117,2,990,6,2201,1072,2,"Knox County",470313,204.544633042251,0.108598010907924,237.501408636376,25.3022986819416,10.8598010907924
2021-12-16,82880,138,65581,106,17299,32,71447,108,480981,661,552428,769,2,988,3,2195,1070,2,"Knox County",470313,187.534684348508,0.105325846520333,163.508131818597,29.3421614967054,10.5325846520333
2021-12-15,82742,157,65475,113,17267,44,71339,125,480320,841,551659,966,0,986,5,2192,1068,3,"Knox County",470313,183.494821533745,0.108431703204047,205.395130476938,33.3820243114692,10.8431703204047
2021-12-14,82585,97,65362,59,17223,38,71214,63,479479,811,550693,874,3,986,3,2187,1065,3,"Knox County",470313,166.484872840002,0.101524601524602,185.833689479134,20.6245627911625,10.1524601524602
2021-12-13,82488,111,65303,74,17185,37,71151,79,478668,627,549819,706,4,983,3,2184,1062,0,"Knox County",470313,165.846999763987,0.100675792756888,150.112797222275,23.6013038125674,10.0675792756888
2021-12-12,82377,54,65229,29,17148,25,71072,40,478041,493,549113,533,6,979,5,2181,1062,1,"Knox County",470313,162.445010025239,0.0989455184534271,113.328783172058,11.481715368276,9.89455184534271
2021-12-11,82323,65,65200,45,17123,20,71032,51,477548,541,548580,592,0,973,1,2176,1061,3,"Knox County",470313,157.554649775788,0.0987943134784956,125.873620333693,13.8205833136656,9.87943134784956
2021-12-10,82258,84,65155,48,17103,36,70981,57,477007,855,547988,912,0,973,3,2175,1058,2,"Knox County",470313,150.112797222275,0.0977204783258595,193.913415108662,17.8604461284294,9.77204783258595
2021-12-09,82174,164,65107,96,17067,68,70924,107,476152,1017,547076,1124,3,973,2,2172,1056,1,"Knox County",470313,155.641030547742,0.091466619940424,238.989779147079,34.8703948221716,9.1466619940424
2021-12-08,82010,130,65011,67,16999,63,70817,65,475135,751,545952,816,0,970,7,2170,1055,1,"Knox County",470313,149.900172863604,0.0831383840201548,173.501476676171,27.6411666273312,8.31383840201548
2021-12-07,81880,127,64944,70,16936,57,70752,76,474384,631,545136,707,2,970,2,2163,1054,0,"Knox County",470313,156.278903623757,0.088126159554731,150.325421580947,27.0032935513158,8.8126159554731
2021-12-06,81753,148,64874,107,16879,41,70676,115,473753,759,544429,874,8,968,4,2161,1054,3,"Knox County",470313,164.146004894613,0.0919395465994962,185.833689479134,31.4684050834232,9.19395465994962
2021-12-05,81605,43,64767,28,16838,15,70561,33,472994,342,543555,375,2,960,1,2157,1051,0,"Knox County",470313,161.807136949223,0.0933333333333333,79.7341345019168,9.14284742288646,9.33333333333333
2021-12-04,81562,69,64739,50,16823,19,70528,55,472652,499,543180,554,0,958,3,2156,1051,2,"Knox County",470313,162.65763438391,0.0947407683700112,117.793894704165,14.6710807483527,9.47407683700112
2021-12-03,81493,147,64689,103,16804,44,70473,108,472153,1009,542626,1117,3,958,2,2153,1049,2,"Knox County",470313,176.052968980232,0.100413148913239,237.501408636376,31.2557807247514,10.0413148913239
2021-12-02,81346,133,64586,86,16760,47,70365,85,471144,794,541509,879,0,955,4,2151,1047,2,"Knox County",470313,169.461613861407,0.100901916572717,186.896811272493,28.2790397033465,10.0901916572717
2021-12-01,81213,185,64500,142,16713,43,70280,147,470350,1008,540630,1155,4,955,7,2147,1045,1,"Knox County",470313,181.155953588355,0.109344638756403,245.581134265904,39.335506354279,10.9344638756403
2021-11-30,81028,116,64358,67,16670,49,70133,68,469342,693,539475,761,3,951,6,2140,1044,3,"Knox County",470313,178.817085642965,0.106911636045494,161.807136949223,24.6644256059263,10.6911636045494
2021-11-29,80912,165,64291,128,16621,37,70065,139,468649,967,538714,1106,2,948,5,2134,1041,1,"Knox County",470313,182.431699740386,0.106776525979485,235.162540690987,35.0830191808434,10.6776525979485
2021-11-28,80747,33,64163,22,16584,11,69926,22,467682,270,537608,292,3,946,5,2129,1040,1,"Knox County",470313,180.305456153668,0.106412005457026,62.0863127321592,7.01660383616868,10.6412005457026
2021-11-27,80714,59,64141,31,16573,28,69904,32,467412,266,537316,298,0,943,1,2124,1039,2,"Knox County",470313,178.17921256695,0.107168330955777,63.3620588841899,12.5448371616349,10.7168330955777
2021-11-26,80655,20,64110,18,16545,2,69872,20,467146,298,537018,318,0,943,4,2123,1037,1,"Knox County",470313,151.175919015634,0.106674984404242,67.6145460576254,4.25248717343556,10.6674984404242
2021-11-25,80635,52,64092,26,16543,26,69852,29,466848,331,536700,360,0,943,3,2119,1036,5,"Knox County",470313,133.95334596322,0.106526806526807,76.5447691218401,11.0564666509325,10.6526806526807
2021-11-24,80583,105,64066,66,16517,39,69823,73,466517,742,536340,815,0,943,3,2116,1031,4,"Knox County",470313,116.943397269478,0.0969620253164557,173.288852317499,22.3255576605367,9.69620253164557
2021-11-23,80478,99,64000,64,16478,35,69750,65,465775,674,535525,739,0,943,2,2113,1027,0,"Knox County",470313,113.328783172058,0.0967413441955193,157.129401058444,21.049811508506,9.67413441955193
2021-11-22,80379,107,63936,83,16443,24,69685,82,465101,740,534786,822,0,943,3,2111,1027,0,"Knox County",470313,100.996570369095,0.0886388583973655,174.777222828202,22.7508063778803,8.86388583973655
2021-11-21,80272,44,63853,32,16419,12,69603,37,464361,284,533964,321,0,943,2,2108,1027,2,"Knox County",470313,103.335438314484,0.0920228695888919,68.2524191336408,9.35547178155824,9.20228695888919
2021-11-20,80228,54,63821,37,16407,17,69566,44,464077,537,533643,581,0,943,1,2106,1025,1,"Knox County",470313,102.272316521125,0.0884732052578362,123.534752388303,11.481715368276,8.84732052578362
2021-11-19,80174,112,63784,83,16390,29,69522,81,463540,825,533062,906,0,943,0,2105,1024,0,"Knox County",470313,121.833757518929,0.0904489436619718,192.637668956631,23.8139281712392,9.04489436619718
2021-11-18,80062,80,63701,44,16361,36,69441,49,462715,937,532156,986,3,943,2,2105,1024,0,"Knox County",470313,127.787239561739,0.0833655705996132,209.647617650373,17.0099486937423,8.33655705996132
2021-11-17,79982,105,63657,64,16325,41,69392,66,461778,833,531170,899,0,940,1,2103,1024,1,"Knox County",470313,127.787239561739,0.0807004187285877,191.149298445929,22.3255576605367,8.07004187285877
2021-11-16,79877,73,63593,51,16284,22,69326,67,460945,777,530271,844,0,940,2,2102,1023,3,"Knox County",470313,122.259006236272,0.0794924426198918,179.454958718981,15.5215781830398,7.94924426198918
2021-11-15,79804,84,63542,44,16262,40,69259,34,460168,460,529427,494,3,940,0,2100,1020,0,"Knox County",470313,117.368645986822,0.075134168157424,105.036433183858,17.8604461284294,7.5134168157424
2021-11-14,79720,72,63498,62,16222,10,69225,68,459708,624,528933,692,0,937,2,2100,1020,2,"Knox County",470313,123.322128029631,0.0757126990003702,147.13605620087,15.308953824368,7.57126990003702
2021-11-13,79648,29,63436,13,16212,16,69157,12,459084,317,528241,329,0,937,2,2098,1018,0,"Knox County",470313,118.006519062837,0.0732038834951456,69.953414003015,6.16610640148157,7.32038834951456
2021-11-12,79619,66,63423,49,16196,17,69145,51,458767,687,527912,738,0,937,4,2096,1018,2,"Knox County",470313,108.225798563935,0.069650742673625,156.916776699772,14.0332076723374,6.96507426736251
2021-11-11,79553,67,63374,46,16179,21,69094,54,458080,962,527174,1016,0,937,0,2092,1016,0,"Knox County",470313,105.461681901202,0.0702314445331205,216.026348410527,14.2458320310091,7.02314445331205
2021-11-10,79486,74,63328,50,16158,24,69040,69,457118,855,526158,924,1,937,2,2092,1016,0,"Knox County",470313,98.8703267823768,0.0704784594004368,196.464907412723,15.7342025417116,7.04784594004368
2021-11-09,79412,106,63278,76,16134,30,68971,134,456263,1174,525234,1308,1,936,1,2090,1016,1,"Knox County",470313,105.886930618546,0.0767133248500273,278.112661142686,22.5381820192085,7.67133248500273
2021-11-08,79306,78,63202,58,16104,20,68837,70,455089,687,523926,757,6,935,1,2089,1015,3,"Knox County",470313,104.611184466515,0.0794587092297016,160.956639514536,16.5846999763987,7.94587092297016
2021-11-07,79228,31,63144,20,16084,11,68767,23,454402,390,523169,413,0,929,1,2088,1012,3,"Knox County",470313,95.8935857609719,0.0752962625341841,87.8138601314444,6.59135511882512,7.52962625341841
2021-11-06,79197,41,63124,27,16073,14,68744,30,454012,453,522756,483,0,929,2,2087,1009,1,"Knox County",470313,98.4450780650333,0.0764319914878525,102.697565238469,8.7175987055429,7.64319914878525
2021-11-05,79156,52,63097,32,16059,20,68714,36,453559,605,522273,641,0,929,2,2085,1008,0,"Knox County",470313,95.4683370436284,0.0750631540959942,136.29221390861,11.0564666509325,7.50631540959942
2021-11-04,79104,68,63065,45,16039,23,68678,49,452954,667,521632,716,0,929,1,2083,1008,1,"Knox County",470313,95.6809614023002,0.078405188859214,152.239040808993,14.4584563896809,7.8405188859214
2021-11-03,79036,79,63020,59,16016,20,68629,65,452287,969,520916,1034,0,929,2,2082,1007,2,"Knox County",470313,96.7440831956591,0.0760463378176383,219.853586866619,16.7973243350705,7.60463378176383
2021-11-02,78957,41,62961,19,15996,22,68564,22,451318,301,519882,323,4,929,1,2080,1005,3,"Knox County",470313,82.9234998819935,0.0675520952599038,68.6776678509843,8.7175987055429,6.75520952599038
2021-11-01,78916,95,62942,71,15974,24,68542,83,451017,661,519559,744,1,925,3,2079,1002,1,"Knox County",470313,86.5381139794137,0.0707395498392283,158.192522851803,20.1993140738189,7.07395498392283
2021-10-31,78821,26,62871,20,15950,6,68459,19,450356,278,518815,297,0,924,1,2076,1001,1,"Knox County",470313,85.4749921860548,0.0717319490325625,63.1494345255181,5.52823332546623,7.17319490325625
2021-10-30,78795,56,62851,41,15944,15,68440,43,450078,523,518518,566,0,924,4,2075,1000,0,"Knox County",470313,88.6643575661315,0.0733626475352928,120.345387008226,11.9069640856196,7.33626475352928
2021-10-29,78739,73,62810,59,15929,14,68397,66,449555,846,517952,912,1,924,1,2071,1000,1,"Knox County",470313,93.1294690982388,0.0755662020905923,193.913415108662,15.5215781830398,7.55662020905923
2021-10-28,78666,54,62751,32,15915,22,68331,39,448709,561,517040,600,4,923,3,2070,999,2,"Knox County",470313,90.1527280768339,0.0752904378909741,127.574615203067,11.481715368276,7.52904378909741
2021-10-27,78612,88,62719,57,15893,31,68292,65,448148,759,516440,824,1,919,3,2067,997,3,"Knox County",470313,92.0663473048799,0.0789967182372246,175.202471545545,18.7109435631165,7.89967182372246
2021-10-26,78524,96,62662,58,15862,38,68227,55,447389,554,515616,609,0,918,5,2064,994,2,"Knox County",470313,103.760687031828,0.0812829525483304,129.488234431113,20.4119384324907,8.12829525483304
2021-10-25,78428,71,62604,47,15824,24,68172,54,446835,491,515007,545,6,918,3,2059,992,1,"Knox County",470313,98.6577024237051,0.0783367792327131,115.880275476119,15.0963294656962,7.83367792327131
2021-10-24,78357,38,62557,20,15800,18,68118,23,446344,337,514462,360,1,912,5,2056,991,3,"Knox County",470313,101.209194727766,0.078125,76.5447691218401,8.07972562952757,7.8125
2021-10-23,78319,59,62537,40,15782,19,68095,42,446007,471,514102,513,0,911,1,2051,988,2,"Knox County",470313,101.847067803782,0.0788448315379326,109.076295998622,12.5448371616349,7.88448315379326
2021-10-22,78260,90,62497,55,15763,35,68053,55,445536,551,513589,606,0,911,2,2050,986,2,"Knox County",470313,105.461681901202,0.0820803549420754,128.850361355098,19.13619228046,8.20803549420754
2021-10-21,78170,124,62442,71,15728,53,67998,78,444985,712,512983,790,3,911,2,2048,984,2,"Knox County",470313,120.345387008226,0.0875912408759124,167.973243350705,26.3654204753005,8.75912408759124
2021-10-20,78046,149,62371,83,15675,66,67920,90,444273,959,512193,1049,3,908,3,2046,982,2,"Knox County",470313,133.315472887205,0.0887745974955277,223.042952246695,31.6810294420949,8.87745974955277
2021-10-19,77897,131,62288,85,15609,46,67830,92,443314,724,511144,816,4,905,4,2043,980,2,"Knox County",470313,140.757325440717,0.0927548621500321,173.501476676171,27.8537909860029,9.27548621500321
2021-10-18,77766,121,62203,90,15563,31,67738,106,442590,607,510328,713,9,901,8,2039,978,3,"Knox County",470313,151.388543374306,0.100268207138436,151.601167732978,25.7275473992852,10.0268207138436
2021-10-17,77645,63,62113,56,15532,7,67632,61,441983,303,509615,364,1,892,4,2031,975,2,"Knox County",470313,156.7041523411,0.108018965161822,77.3952665565272,13.395334596322,10.8018965161822
2021-10-16,77582,55,62057,41,15525,14,67571,44,441680,372,509251,416,0,891,1,2027,973,4,"Knox County",470313,155.853654906413,0.110643668489693,88.4517332074597,11.6943397269478,11.0643668489693
2021-10-15,77527,125,62016,89,15511,36,67527,100,441308,794,508835,894,9,891,5,2026,969,2,"Knox County",470313,163.295507459926,0.113248710829036,190.08617665257,26.5780448339723,11.3248710829036
2021-10-14,77402,192,61927,135,15475,57,67427,143,440514,699,507941,842,0,882,7,2021,967,5,"Knox County",470313,177.753963849607,0.124852767962309,179.029710001637,40.8238768649814,12.4852767962309
2021-10-13,77210,121,61792,87,15418,34,67284,99,439815,764,507099,863,7,882,5,2014,962,1,"Knox County",470313,171.800481806797,0.131418092909535,183.494821533745,25.7275473992852,13.1418092909535
2021-10-12,77089,136,61705,104,15384,32,67185,109,439051,821,506236,930,4,875,3,2009,961,9,"Knox County",470313,172.863603600156,0.131819992035046,197.740653564754,28.9169127793618,13.1819992035046
2021-10-11,76953,194,61601,136,15352,58,67076,149,438230,581,505306,730,3,871,12,2006,952,1,"Knox County",470313,188.385181783195,0.139908712046041,155.215781830398,41.249125582325,13.9908712046041
2021-10-10,76759,54,61465,41,15294,13,66927,51,437649,489,504576,540,0,868,4,1994,951,3,"Knox County",470313,186.471562555149,0.13326941514861,114.81715368276,11.481715368276,13.326941514861
2021-10-09,76705,66,61424,37,15281,29,66876,48,437160,490,504036,538,0,868,7,1990,948,4,"Knox County",470313,188.810430500539,0.1309724564362,114.391904965417,14.0332076723374,13.09724564362
2021-10-08,76639,289,61387,114,15252,175,66828,122,436670,936,503498,1058,-1,868,5,1983,944,4,"Knox County",470313,223.680825322711,0.131067078712961,224.956571474741,61.4484396561439,13.1067078712961
2021-10-07,76350,259,61273,170,15077,89,66706,176,435734,1106,502440,1282,6,869,9,1978,940,1,"Knox County",470313,237.92665735372,0.12691466083151,272.58442781722,55.0697088959905,12.691466083151
2021-10-06,76091,139,61103,103,14988,36,66530,112,434628,835,501158,947,1,863,4,1969,939,5,"Knox County",470313,241.753895809812,0.127302904564315,201.355267662174,29.5547858553772,12.7302904564315
2021-10-05,75952,210,61000,118,14952,92,66418,138,433793,915,500211,1053,3,862,4,1965,934,4,"Knox County",470313,257.488098351523,0.129472999349382,223.893449681382,44.6511153210734,12.9472999349382
2021-10-04,75742,316,60882,224,14860,92,66280,245,432878,829,499158,1074,3,859,4,1961,930,2,"Knox County",470313,283.42827010948,0.137399876771411,228.35856121349,67.1892973402819,13.7399876771411
2021-10-03,75426,102,60658,93,14768,9,66035,107,432049,677,498084,784,1,856,6,1957,928,1,"Knox County",470313,293.634239325726,0.140736342042755,166.697497198674,21.6876845845214,14.0736342042755
2021-10-02,75324,67,60565,43,14759,24,65928,50,431372,472,497300,522,5,855,2,1951,927,4,"Knox County",470313,293.846863684397,0.141369047619048,110.989915226668,14.2458320310091,14.1369047619048
2021-10-01,75257,225,60522,152,14735,73,65878,167,430900,965,496778,1132,0,850,9,1949,923,3,"Knox County",470313,280.238904729404,0.146452752428613,240.690774016453,47.8404807011501,14.6452752428613
2021-09-30,75032,240,60370,166,14662,74,65711,186,429935,1104,495646,1290,1,850,8,1940,920,2,"Knox County",470313,276.19904191464,0.147750661570126,274.285422686594,51.0298460812268,14.7750661570126
2021-09-29,74792,361,60204,170,14588,191,65525,192,428831,1111,494356,1303,6,849,7,1932,918,3,"Knox County",470313,323.401649539775,0.151578653255099,277.049539349327,76.7573934805119,15.1578653255099
2021-09-28,74431,348,60034,249,14397,99,65333,270,427720,777,493053,1047,2,843,1,1925,915,3,"Knox County",470313,352.74381103648,0.170162192393736,222.617703529352,73.9932768177788,17.0162192393736
2021-09-27,74083,239,59785,162,14298,77,65063,186,426943,760,492006,946,7,841,12,1924,912,6,"Knox County",470313,336.371735418753,0.164863325740319,201.142643303502,50.817221722555,16.4863325740319
2021-09-26,73844,124,59623,99,14221,25,64877,117,426183,703,491060,820,2,834,1,1912,906,5,"Knox County",470313,341.049471309532,0.165439093484419,174.351974110858,26.3654204753005,16.5439093484419
2021-09-25,73720,110,59524,90,14196,20,64760,102,425480,705,490240,807,0,832,3,1911,901,7,"Knox County",470313,350.192318732419,0.166099387338325,171.587857448125,23.3886794538956,16.6099387338325
2021-09-24,73610,244,59434,165,14176,79,64658,182,424775,938,489433,1120,13,832,5,1908,894,3,"Knox County",470313,354.232181547182,0.168416746215737,238.139281712392,51.8803435159139,16.8416746215737
2021-09-23,73366,355,59269,246,14097,109,64476,268,423837,1370,488313,1638,14,819,8,1903,891,3,"Knox County",470313,378.683982794437,0.171462049212342,348.278699504373,75.4816473284812,17.1462049212342
2021-09-22,73011,251,59023,187,13988,64,64208,202,422467,1260,486675,1462,3,805,4,1895,888,9,"Knox County",470313,355.295303340541,0.169260204081633,310.85681237814,53.3687140266163,16.9260204081633
2021-09-21,72760,397,58836,216,13924,181,64006,230,421207,996,485213,1226,10,802,7,1891,879,4,"Knox County",470313,365.713896915458,0.160493827160494,260.6774637316,84.4118703926959,16.0493827160494
2021-09-20,72363,432,58620,310,13743,122,63776,343,420211,1295,483987,1638,5,792,9,1884,875,7,"Knox County",470313,406.750398139112,0.165767420502813,348.278699504373,91.8537229462082,16.5767420502813
2021-09-19,71931,120,58310,88,13621,32,63433,97,418916,432,482349,529,1,787,7,1875,868,8,"Knox County",470313,405.899900704425,0.169121140142518,112.478285737371,25.5149230406134,16.9121140142518
2021-09-18,71811,226,58222,183,13589,43,63336,196,418484,1075,481820,1271,0,786,7,1868,860,13,"Knox County",470313,430.564326310351,0.170868977937866,270.24555987183,48.0531050598219,17.0868977937866
2021-09-17,71585,546,58039,421,13546,125,63140,448,417409,1310,480549,1758,5,786,11,1861,847,5,"Knox County",470313,494.776882629228,0.187355597563537,373.793622544986,116.092899834791,18.7355597563537
2021-09-16,71039,588,57618,456,13421,132,62692,487,416099,1518,478791,2005,7,781,16,1850,842,3,"Knox County",470313,544.318358199752,0.202548285974315,426.311839136915,125.023122899006,20.2548285974315
2021-09-15,70451,338,57162,249,13289,89,62205,267,414581,807,476786,1074,6,774,5,1834,839,4,"Knox County",470313,562.816677404197,0.217661298810652,228.35856121349,71.867033231061,21.7661298810652
2021-09-14,70113,555,56913,443,13200,112,61938,476,413774,1406,475712,1882,12,768,8,1829,835,3,"Knox County",470313,596.411326074338,0.227823176134685,400.159043020287,118.006519062837,22.7823176134685
2021-09-13,69558,399,56470,299,13088,100,61462,332,412368,1134,473830,1466,20,756,15,1821,832,9,"Knox County",470313,589.394722238169,0.23064596895343,311.707309812827,84.8371191100395,23.064596895343
2021-09-12,69159,387,56171,358,12988,29,61130,376,411234,1460,472364,1836,0,736,5,1806,823,8,"Knox County",470313,646.165426003534,0.228657456606447,390.378322521385,82.2856268059781,22.8657456606447
2021-09-11,68772,865,55813,707,12959,158,60754,763,409774,2621,470528,3384,4,736,26,1801,815,10,"Knox County",470313,782.0323911948,0.2349123461395,719.520829745297,183.920070251088,23.49123461395
2021-09-10,67907,1027,55106,750,12801,277,59991,804,407153,2512,467144,3316,1,732,24,1775,805,7,"Knox County",470313,884.304707715925,0.234244469691907,705.062373355616,218.365216355916,23.4244469691907
2021-09-09,66880,309,54356,166,12524,143,59187,171,404641,685,463828,856,1,731,18,1751,798,5,"Knox County",470313,824.982511646499,0.230852758071522,182.006451023042,65.7009268295794,23.0852758071522
2021-09-08,66571,290,54190,226,12381,64,59016,250,403956,837,462972,1087,5,730,11,1733,793,6,"Knox County",470313,814.776542430254,0.229406234179504,231.122677876223,61.6610640148157,22.9406234179504
2021-09-07,66281,414,53964,300,12317,114,58766,311,403119,979,461885,1290,3,725,13,1722,787,1,"Knox County",470313,784.796507857533,0.227200604457877,274.285422686594,88.0264844901162,22.7200604457877
2021-09-06,65867,988,53664,788,12203,200,58455,843,402140,3221,460595,4064,1,722,20,1709,786,3,"Knox County",470313,910.032255115211,0.22219415145582,864.105393642106,210.072866367717,22.219415145582
2021-09-05,64879,969,52876,801,12003,168,57612,832,398919,2999,456531,3831,2,721,15,1689,783,6,"Knox County",470313,1033.77963186219,0.222907785505946,814.563918071582,206.033003552953,22.2907785505946
2021-09-04,63910,541,52075,387,11835,154,56780,407,395920,1502,452700,1909,2,719,10,1674,777,4,"Knox County",470313,964.889339652529,0.221243808475509,405.899900704425,115.029778041432,22.1243808475509
2021-09-03,63369,334,51688,238,11681,96,56373,249,394418,909,450791,1158,5,717,8,1664,773,5,"Knox County",470313,817.540659092987,0.215780204297288,246.219007341919,71.0165357963739,21.5780204297288
2021-09-02,63035,323,51450,181,11585,142,56124,200,393509,681,449633,881,3,712,5,1656,768,3,"Knox County",470313,820.517400114392,0.217440225035162,187.322059989837,68.6776678509843,21.7440225035162
2021-09-01,62712,276,51269,212,11443,64,55924,226,392828,645,448752,871,2,709,2,1651,765,3,"Knox County",470313,817.540659092987,0.219080262782062,185.195816403119,58.6843229934108,21.9080262782062
2021-08-31,62436,595,51057,434,11379,161,55698,479,392183,1894,447881,2373,2,707,9,1649,762,4,"Knox County",470313,856.025668012579,0.214489295419898,504.55760312813,126.511493409708,21.4489295419898
2021-08-30,61841,513,50623,403,11218,110,55219,430,390289,1630,445508,2060,9,705,12,1640,758,6,"Knox County",470313,755.029097643484,0.215776198119697,438.006178863863,109.076295998622,21.5776198119697
2021-08-29,61328,482,50220,407,11108,75,54789,439,388659,1485,443448,1924,1,696,5,1628,752,7,"Knox County",470313,651.481034970328,0.217430207587688,409.089266084501,102.484940879797,21.7430207587688
2021-08-28,60846,397,49813,302,11033,95,54350,320,387174,1065,441524,1385,0,695,4,1623,745,3,"Knox County",470313,620.863127321592,0.219958693203154,294.484736760413,84.4118703926959,21.9958693203154
2021-08-27,60449,473,49511,375,10938,98,54030,389,386109,1166,440139,1555,5,695,5,1619,742,1,"Knox County",470313,650.417913176969,0.224726219567382,330.630877734615,100.571321651751,22.4726219567382
2021-08-26,59976,450,49136,347,10840,103,53641,366,384943,1426,438584,1792,5,690,0,1614,741,5,"Knox County",470313,677.421206728285,0.221488294314381,381.022850739826,95.6809614023002,22.1488294314381
2021-08-25,59526,351,48789,225,10737,126,53275,236,383517,642,436792,878,2,685,4,1614,736,10,"Knox County",470313,693.368033628669,0.222194367844907,186.684186913821,74.6311498937941,22.2194367844907
2021-08-24,59175,342,48564,222,10611,120,53039,233,382875,677,435914,910,4,683,5,1610,726,0,"Knox County",470313,639.574070884709,0.229722010662605,193.488166391318,72.7175306657481,22.9722010662605
2021-08-23,58833,287,48342,206,10491,81,52806,227,382198,825,435004,1052,1,679,1,1605,726,4,"Knox County",470313,591.520965824887,0.232729570345409,223.680825322711,61.0231909388003,23.2729570345409
2021-08-22,58546,240,48136,217,10410,23,52579,233,381373,889,433952,1122,2,678,0,1604,722,2,"Knox County",470313,540.065871026316,0.230503795721187,238.564530429735,51.0298460812268,23.0503795721187
2021-08-21,58306,498,47919,376,10387,122,52346,411,380484,1904,432830,2315,0,676,8,1604,720,3,"Knox County",470313,561.540931252166,0.217684954280964,492.225390325166,105.886930618546,21.7684954280964
2021-08-20,57808,425,47543,331,10265,94,51935,357,378580,1148,430515,1505,0,676,6,1596,717,3,"Knox County",470313,551.334962035921,0.215479423438479,319.999659801026,90.3653524355057,21.5479423438479
2021-08-19,57383,367,47212,254,10171,113,51578,264,377432,952,429010,1216,1,676,6,1590,714,0,"Knox County",470313,533.687140266163,0.217937319404312,258.551220144882,78.0331396325426,21.7937319404312
2021-08-18,57016,263,46958,191,10058,72,51314,200,376480,914,427794,1114,2,675,5,1584,714,0,"Knox County",470313,514.976196703047,0.208468702620749,236.863535560361,55.9202063306777,20.8468702620749
2021-08-17,56753,263,46767,181,9986,82,51114,197,375566,1042,426680,1239,0,673,5,1579,714,3,"Knox County",470313,498.178872367976,0.197532155181428,263.441580394333,55.9202063306777,19.7532155181428
2021-08-16,56490,184,46586,126,9904,58,50917,132,374524,422,425441,554,2,673,4,1574,711,0,"Knox County",470313,476.278563424783,0.197904026475455,117.793894704165,39.1228819956072,19.7904026475455
2021-08-15,56306,204,46460,181,9846,23,50785,198,374102,952,424887,1150,3,671,6,1570,711,1,"Knox County",470313,468.624086512599,0.193445507533267,244.518012472545,43.3753691690427,19.3445507533267
2021-08-14,56102,219,46279,147,9823,72,50587,154,373150,794,423737,948,0,668,4,1564,710,2,"Knox County",470313,409.301890443173,0.194408490810251,201.567892020846,46.5647345491194,19.4408490810251
2021-08-13,55883,266,46132,206,9751,60,50433,218,372356,1470,422789,1688,1,668,5,1560,708,3,"Knox County",470313,375.49461741436,0.172335314199014,358.909917437962,56.558079406693,17.2335314199014
2021-08-12,55617,222,45926,146,9691,76,50215,152,370886,643,421101,795,2,667,8,1555,705,2,"Knox County",470313,344.664085406952,0.167067307692308,169.036365144064,47.2026076251348,16.7067307692308
2021-08-11,55395,315,45780,237,9615,78,50063,248,370243,989,420306,1237,1,665,10,1547,703,3,"Knox County",470313,355.720552057885,0.170674024438313,263.01633167699,66.9766729816101,17.0674024438313
2021-08-10,55080,173,45543,110,9537,63,49815,121,369254,621,419069,742,1,664,2,1537,700,4,"Knox County",470313,336.584359777425,0.17191453472027,157.767274134459,36.7840140502176,17.191453472027
2021-08-09,54907,197,45433,159,9474,38,49694,167,368633,753,418327,920,1,663,4,1535,696,1,"Knox County",470313,339.348476440158,0.168181818181818,195.614409978036,41.8869986583403,16.8181818181818
2021-08-08,54710,89,45274,67,9436,22,49527,75,367880,418,417407,493,1,662,5,1531,695,0,"Knox County",470313,314.896675192903,0.166349113293273,104.823808825187,18.9235679217883,16.6349113293273
2021-08-07,54621,105,45207,76,9414,29,49452,80,367462,638,416914,718,0,661,2,1526,695,0,"Knox County",470313,290.657498304321,0.16092825724253,152.664289526337,22.3255576605367,16.092825724253
2021-08-06,54516,203,45131,147,9385,56,49372,163,366824,879,416196,1042,0,661,11,1524,695,1,"Knox County",470313,277.262163707999,0.169160921473012,221.554581735993,43.162744810371,16.9160921473012
2021-08-05,54313,174,44984,131,9329,43,49209,147,365945,850,415154,997,2,661,4,1513,694,2,"Knox County",470313,267.056194491753,0.162790697674419,211.986485595763,36.9966384088894,16.2790697674419
2021-08-04,54139,144,44853,101,9286,43,49062,104,365095,656,414157,760,1,659,4,1509,692,1,"Knox County",470313,230.697429158879,0.151093088857546,161.594512590551,30.6179076487361,15.1093088857546
2021-08-03,53995,238,44752,177,9243,61,48958,183,364439,814,413397,997,0,658,5,1505,691,3,"Knox County",470313,244.518012472545,0.155053146617176,211.986485595763,50.6045973638832,15.5053146617176
2021-08-02,53757,97,44575,75,9182,22,48775,82,363625,532,412400,614,2,658,3,1500,688,0,"Knox County",470313,223.255576605367,0.148372175769436,130.551356224472,20.6245627911625,14.8372175769436
2021-08-01,53660,105,44500,89,9160,16,48693,99,363093,526,411786,625,0,656,2,1497,688,2,"Knox County",470313,226.657566344116,0.149139579349904,132.890224169861,22.3255576605367,14.9139579349904
2021-07-31,53555,104,44411,64,9144,40,48594,68,362567,399,411161,467,1,656,6,1495,686,0,"Knox County",470313,226.444941985444,0.153762268266085,99.2955754997204,22.1129333018649,15.3762268266085
2021-07-30,53451,118,44347,83,9104,35,48526,90,362168,339,410694,429,1,655,0,1489,686,1,"Knox County",470313,208.371871498343,0.158110042953569,91.2158498701928,25.0896743232698,15.8110042953569
2021-07-29,53333,117,44264,65,9069,52,48436,68,361829,483,410265,551,0,654,1,1489,685,1,"Knox County",470313,196.252283054051,0.156200765248706,117.15602162815,24.877049964598,15.6200765248706
2021-07-28,53216,131,44199,90,9017,41,48368,95,361346,536,409714,631,0,654,4,1488,684,0,"Knox County",470313,193.488166391318,0.15878535002318,134.165970321892,27.8537909860029,15.878535002318
2021-07-27,53085,117,44109,78,8976,39,48273,84,360810,499,409083,583,0,654,4,1484,684,0,"Knox County",470313,167.760618992033,0.15025641025641,123.960001105647,24.877049964598,15.025641025641
2021-07-26,52968,97,44031,73,8937,24,48189,79,360311,371,408500,450,1,654,4,1480,684,0,"Knox County",470313,167.760618992033,0.156049250535332,95.6809614023002,20.6245627911625,15.6049250535332
2021-07-25,52871,51,43958,43,8913,8,48110,44,359940,320,408050,364,3,653,5,1476,684,1,"Knox County",470313,156.278903623757,0.151942446043165,77.3952665565272,10.8438422922607,15.1942446043165
2021-07-24,52820,64,43915,43,8905,21,48066,44,359620,348,407686,392,0,650,1,1471,683,2,"Knox County",470313,147.773929276886,0.148235294117647,83.348748599337,13.6079589549938,14.8235294117647
2021-07-23,52756,56,43872,31,8884,25,48022,32,359272,321,407294,353,1,650,3,1470,681,1,"Knox County",470313,134.591219039236,0.134175691937425,75.0563986111377,11.9069640856196,13.4175691937425
2021-07-22,52700,94,43841,69,8859,25,47990,78,358951,474,406941,552,0,649,3,1467,680,0,"Knox County",470313,129.700858789785,0.137142857142857,117.368645986822,19.9866897151471,13.7142857142857
2021-07-21,52606,61,43772,47,8834,14,47912,46,358477,411,406389,457,1,649,1,1464,680,0,"Knox County",470313,114.81715368276,0.129165344335132,97.1693319130026,12.9700858789785,12.9165344335132
2021-07-20,52545,78,43725,43,8820,35,47866,45,358066,299,405932,344,0,648,3,1463,680,0,"Knox County",470313,106.524803694561,0.126373626373626,73.1427793830917,16.5846999763987,12.6373626373626
2021-07-19,52467,48,43682,36,8785,12,47821,42,357767,348,405588,390,0,648,0,1460,680,0,"Knox County",470313,96.1062101196437,0.116058906030856,82.9234998819935,10.2059692162454,11.6058906030856
2021-07-18,52419,36,43646,30,8773,6,47779,31,357419,271,405198,302,0,648,1,1460,680,1,"Knox County",470313,92.9168447395671,0.113978494623656,64.212556318877,7.65447691218401,11.3978494623656
2021-07-17,52383,27,43616,20,8767,7,47748,21,357148,202,404896,223,0,648,1,1459,679,0,"Knox County",470313,85.0497434687113,0.112552460892789,47.4152319838065,5.74085768413801,11.2552460892789
2021-07-16,52356,37,43596,21,8760,16,47727,22,356946,291,404673,313,0,648,1,1458,679,0,"Knox County",470313,81.0098806539475,0.110422316931422,66.5514242642666,7.86710127085579,11.0422316931422
2021-07-15,52319,55,43575,42,8744,13,47705,44,356655,364,404360,408,-1,648,1,1457,679,0,"Knox County",470313,72.7175306657481,0.10299548625359,86.7507383380855,11.6943397269478,10.299548625359
2021-07-14,52264,21,43533,17,8731,4,47661,16,356291,269,403952,285,0,649,2,1456,679,0,"Knox County",470313,64.212556318877,0.0975717439293598,60.5979422214568,4.46511153210734,9.75717439293598
2021-07-13,52243,42,43516,26,8727,16,47645,29,356022,355,403667,384,3,649,3,1454,679,0,"Knox County",470313,56.558079406693,0.0889370932754881,81.6477537299628,8.93022306421468,8.89370932754881
2021-07-12,52201,27,43490,21,8711,6,47616,23,355667,270,403283,293,0,646,1,1451,679,1,"Knox County",470313,52.0929678745856,0.0842391304347826,62.298937090831,5.74085768413801,8.42391304347826
2021-07-11,52174,8,43469,3,8705,5,47593,4,355397,136,402990,140,0,646,0,1450,678,0,"Knox County",470313,46.1394858317759,0.0777126099706745,29.7674102140489,1.70099486937423,7.77126099706745
2021-07-10,52166,19,43466,15,8700,4,47589,15,355261,191,402850,206,0,646,1,1450,678,0,"Knox County",470313,44.4384909624016,0.0754066042385411,43.8006178863863,4.03986281476378,7.54066042385411
2021-07-09,52147,27,43451,21,8696,6,47574,21,355070,338,402644,359,0,646,0,1449,678,1,"Knox County",470313,42.3122473756839,0.0732530120481928,76.3321447631684,5.74085768413801,7.32530120481928
2021-07-08,52120,19,43430,14,8690,5,47553,16,354732,317,402285,333,0,646,0,1449,677,2,"Knox County",470313,34.6577704634998,0.062,70.8039114377021,4.03986281476378,6.2
2021-07-07,52101,18,43416,5,8685,13,47537,5,354415,333,401952,338,1,646,1,1449,675,0,"Knox County",470313,34.0198973874845,0.055041402825134,71.867033231061,3.82723845609201,5.5041402825134
2021-07-06,52083,24,43411,9,8672,15,47532,13,354082,263,401614,276,0,645,2,1448,675,0,"Knox County",470313,30.1926589313925,0.0498714652956298,58.6843229934108,5.10298460812268,4.98714652956298
2021-07-05,52059,10,43402,7,8657,3,47519,6,353819,105,401338,111,0,645,1,1446,675,0,"Knox County",470313,26.5780448339723,0.0453771979580261,23.6013038125674,2.12624358671778,4.53771979580261
2021-07-04,52049,8,43395,7,8654,1,47513,7,353714,143,401227,150,0,645,1,1445,675,0,"Knox County",470313,26.5780448339723,0.0468133107727016,31.8936538007667,1.70099486937423,4.68133107727016
2021-07-03,52041,9,43388,7,8653,2,47506,7,353571,184,401077,191,0,645,1,1444,675,0,"Knox County",470313,24.4518012472545,0.0426621160409556,40.6112525063096,1.913619228046,4.26621160409556
2021-07-02,52032,17,43381,13,8651,4,47499,17,353387,342,400886,359,-1,645,0,1443,675,0,"Knox County",470313,22.3255576605367,0.040386803185438,76.3321447631684,3.61461409742023,4.0386803185438
2021-07-01,52015,18,43368,15,8647,3,47482,17,353045,248,400527,265,-1,646,1,1443,675,0,"Knox County",470313,22.1129333018649,0.042603550295858,56.3454550480212,3.82723845609201,4.2603550295858
2021-06-30,51997,18,43353,12,8644,6,47465,11,352797,299,400262,310,0,647,0,1442,675,0,"Knox County",470313,22.1129333018649,0.0469314079422383,65.9135511882512,3.82723845609201,4.69314079422383
2021-06-29,51979,21,43341,16,8638,5,47454,19,352498,438,399952,457,0,647,1,1442,675,0,"Knox County",470313,21.4750602258496,0.0455778621812263,97.1693319130026,4.46511153210734,4.55778621812263
2021-06-28,51958,9,43325,2,8633,7,47435,2,352060,113,399495,115,0,647,0,1441,675,0,"Knox County",470313,21.2624358671778,0.0433134813210612,24.4518012472545,1.913619228046,4.33134813210612
2021-06-27,51949,5,43323,3,8626,2,47433,3,351947,151,399380,154,0,647,0,1441,675,0,"Knox County",470313,20.6245627911625,0.0410588870880605,32.7441512354538,1.06312179335889,4.10588870880605
2021-06-26,51944,3,43320,2,8624,1,47430,2,351796,206,399226,208,0,647,0,1441,675,0,"Knox County",470313,19.3488166391318,0.0380085653104925,44.2258666037299,0.637873076015334,3.80085653104925
2021-06-25,51941,13,43318,9,8623,4,47428,11,351590,311,399018,322,0,647,0,1441,675,0,"Knox County",470313,18.4983192044447,0.0354997269251775,68.4650434923126,2.76411666273312,3.54997269251775
2021-06-24,51928,14,43309,9,8619,5,47417,10,351279,364,398696,374,1,647,1,1441,675,1,"Knox County",470313,17.6478217697576,0.0298969072164948,79.521510143245,2.97674102140489,2.98969072164948
2021-06-23,51914,13,43300,6,8614,7,47407,8,350915,282,398322,290,0,646,0,1440,674,1,"Knox County",470313,16.5846999763987,0.0286458333333333,61.6610640148157,2.76411666273312,2.86458333333333
2021-06-22,51901,14,43294,5,8607,9,47399,5,350633,247,398032,252,2,646,1,1440,673,1,"Knox County",470313,15.0963294656962,0.0239067055393586,53.5813383852881,2.97674102140489,2.39067055393586
2021-06-21,51887,9,43289,8,8598,1,47394,9,350386,289,397780,298,0,644,1,1439,672,0,"Knox County",470313,15.0963294656962,0.0252897787144362,63.3620588841899,1.913619228046,2.52897787144363
2021-06-20,51878,3,43281,2,8597,1,47385,3,350097,161,397482,164,1,644,0,1438,672,0,"Knox County",470313,14.6710807483527,0.0251572327044025,34.8703948221716,0.637873076015334,2.51572327044025
2021-06-19,51875,3,43279,1,8596,2,47382,1,349936,191,397318,192,0,643,0,1438,672,0,"Knox County",470313,14.6710807483527,0.0248414376321353,40.8238768649814,0.637873076015334,2.48414376321353
2021-06-18,51872,5,43278,3,8594,2,47381,3,349745,283,397126,286,1,643,0,1438,672,0,"Knox County",470313,12.9700858789785,0.0210129310344828,60.8105665801286,1.06312179335889,2.10129310344828
2021-06-17,51867,12,43275,8,8592,4,47378,9,349462,515,396840,524,0,642,0,1438,672,1,"Knox County",470313,12.5448371616349,0.0189431704885344,111.415163944012,2.55149230406134,1.89431704885344
2021-06-16,51855,7,43267,4,8588,3,47369,4,348947,362,396316,366,1,642,0,1438,671,0,"Knox County",470313,11.2690910096042,0.0163304514889529,77.8205152738708,1.48837051070245,1.63304514889529
2021-06-15,51848,13,43263,9,8585,4,47365,14,348585,428,395950,442,0,641,0,1438,671,0,"Knox County",470313,11.0564666509325,0.0189260563380282,93.9799665329259,2.76411666273312,1.89260563380282
2021-06-14,51835,7,43254,2,8581,5,47351,3,348157,259,395508,262,1,641,0,1438,671,0,"Knox County",470313,10.6312179335889,0.0165474060822898,55.7075819720059,1.48837051070245,1.65474060822898
2021-06-13,51828,3,43252,3,8576,0,47348,4,347898,128,395246,132,0,640,1,1438,671,0,"Knox County",470313,10.6312179335889,0.0172413793103448,28.0664153446747,0.637873076015334,1.72413793103448
2021-06-12,51825,2,43249,1,8576,1,47344,1,347770,226,395114,227,0,640,0,1437,671,1,"Knox County",470313,10.4185935749171,0.0169718624385887,48.2657294184936,0.425248717343556,1.69718624385887
2021-06-11,51823,7,43248,3,8575,4,47343,2,347544,318,394887,320,0,640,0,1437,670,1,"Knox County",470313,10.8438422922607,0.0162780466344039,68.039794774969,1.48837051070245,1.62780466344039
2021-06-10,51816,7,43245,4,8571,3,47341,5,347226,358,394567,363,0,640,0,1437,669,0,"Knox County",470313,9.7807204989018,0.015625,77.1826421978555,1.48837051070245,1.5625
2021-06-09,51809,2,43241,1,8568,1,47336,1,346868,367,394204,368,1,640,0,1437,669,1,"Knox County",470313,8.7175987055429,0.0141911069063387,78.2457639912144,0.425248717343556,1.41911069063387
2021-06-08,51807,5,43240,3,8567,2,47335,4,346501,266,393836,270,1,639,0,1437,668,1,"Knox County",470313,7.01660383616868,0.0102986611740474,57.4085768413801,1.06312179335889,1.02986611740474
2021-06-07,51802,16,43237,10,8565,6,47331,10,346235,316,393566,326,0,638,2,1437,667,0,"Knox County",470313,8.93022306421468,0.0134596211365902,69.3155409269997,3.40198973874845,1.34596211365902
2021-06-06,51786,4,43227,2,8559,2,47321,2,345919,178,393240,180,0,638,0,1435,667,1,"Knox County",470313,9.14284742288646,0.0121713729308666,38.2723845609201,0.850497434687113,1.21713729308666
2021-06-05,51782,5,43225,2,8557,3,47319,3,345741,258,393060,261,0,638,0,1435,666,0,"Knox County",470313,9.7807204989018,0.0129310344827586,55.4949576133341,1.06312179335889,1.29310344827586
2021-06-04,51777,7,43223,2,8554,5,47316,3,345483,325,392799,328,1,638,0,1435,666,0,"Knox County",470313,9.7807204989018,0.0133587786259542,69.7407896443432,1.48837051070245,1.33587786259542
2021-06-03,51770,7,43221,4,8549,3,47313,6,345158,458,392471,464,0,637,0,1435,666,0,"Knox County",470313,9.7807204989018,0.0131998179335457,98.6577024237051,1.48837051070245,1.31998179335457
2021-06-02,51763,20,43217,7,8546,13,47307,6,344700,282,392007,288,0,637,1,1435,666,0,"Knox County",470313,13.6079589549938,0.0160604629192253,61.2358152974721,4.25248717343556,1.60604629192253
2021-06-01,51743,12,43210,9,8533,3,47301,10,344418,291,391719,301,0,637,1,1434,666,0,"Knox County",470313,15.0963294656962,0.0186219739292365,63.9999319602052,2.55149230406134,1.86219739292365
2021-05-31,51731,17,43201,14,8530,3,47291,12,344127,354,391418,366,0,637,0,1433,666,0,"Knox County",470313,15.308953824368,0.0191956124314442,77.8205152738708,3.61461409742023,1.91956124314442
2021-05-30,51714,3,43187,1,8527,2,47279,1,343773,203,391052,204,0,637,0,1433,666,1,"Knox County",470313,15.0963294656962,0.0185352622061483,43.3753691690427,0.637873076015334,1.85352622061483
2021-05-29,51711,14,43186,8,8525,6,47278,6,343570,199,390848,205,0,637,1,1433,665,2,"Knox County",470313,17.0099486937423,0.0204081632653061,43.5879935277145,2.97674102140489,2.04081632653061
2021-05-28,51697,11,43178,6,8519,5,47272,10,343371,390,390643,400,0,637,1,1432,663,0,"Knox County",470313,17.8604461284294,0.0228904847396768,85.0497434687113,2.33886794538956,2.28904847396768
2021-05-27,51686,23,43172,8,8514,15,47262,9,342981,341,390243,350,0,637,1,1431,663,0,"Knox County",470313,21.2624358671778,0.0255439924314096,74.4185255351224,4.8903602494509,2.55439924314096
2021-05-26,51663,16,43164,8,8499,8,47253,11,342640,571,389893,582,0,637,0,1430,663,0,"Knox County",470313,20.4119384324907,0.0245016611295681,123.747376746975,3.40198973874845,2.45016611295681
2021-05-25,51647,18,43156,8,8491,10,47242,7,342069,311,389311,318,0,637,1,1430,663,0,"Knox County",470313,21.6876845845214,0.0230927835051546,67.6145460576254,3.82723845609201,2.30927835051546
2021-05-24,51629,25,43148,21,8481,4,47235,24,341758,425,388993,449,0,637,1,1429,663,1,"Knox County",470313,23.3886794538956,0.0271132376395534,95.4683370436284,5.31560896679445,2.71132376395534
2021-05-23,51604,16,43127,8,8477,8,47211,8,341333,225,388544,233,1,637,1,1428,662,1,"Knox County",470313,26.1527961166287,0.0295624753646039,49.5414755705243,3.40198973874845,2.95624753646039
2021-05-22,51588,8,43119,4,8469,4,47203,4,341108,269,388311,273,0,636,0,1427,661,0,"Knox County",470313,24.877049964598,0.0280230326295585,58.0464499173954,1.70099486937423,2.80230326295585
2021-05-21,51580,16,43115,12,8465,4,47199,13,340839,377,388038,390,0,636,1,1427,661,1,"Knox County",470313,25.9401717579569,0.0292870905587669,82.9234998819935,3.40198973874845,2.92870905587669
2021-05-20,51564,34,43103,26,8461,8,47186,27,340462,594,387648,621,0,636,1,1426,660,1,"Knox County",470313,28.2790397033465,0.0327983251919051,132.039726735174,7.22922819484046,3.27983251919051
2021-05-19,51530,14,43077,6,8453,8,47159,6,339868,544,387027,550,0,636,1,1425,659,0,"Knox County",470313,27.8537909860029,0.0314043754410727,116.943397269478,2.97674102140489,3.14043754410727
2021-05-18,51516,24,43071,14,8445,10,47153,14,339324,444,386477,458,1,636,0,1424,659,1,"Knox County",470313,29.1295371380336,0.0322797579018157,97.3819562716744,5.10298460812268,3.22797579018157
2021-05-17,51492,15,43057,8,8435,7,47139,8,338880,420,386019,428,0,635,0,1424,658,0,"Knox County",470313,27.0032935513158,0.0270910938029123,91.0032255115211,3.18936538007667,2.70910938029123
2021-05-16,51477,22,43049,13,8428,9,47131,12,338460,272,385591,284,1,635,1,1424,658,1,"Knox County",470313,28.2790397033465,0.0279627163781625,60.385317862785,4.67773589077912,2.79627163781625
2021-05-15,51455,23,43036,13,8419,10,47119,17,338188,336,385307,353,0,634,2,1423,657,1,"Knox County",470313,31.4684050834232,0.0314526588845655,75.0563986111377,4.8903602494509,3.14526588845655
2021-05-14,51432,36,43023,25,8409,11,47102,26,337852,498,384954,524,0,634,4,1421,656,0,"Knox County",470313,35.7208922568587,0.0341827221876942,111.415163944012,7.65447691218401,3.41827221876942
2021-05-13,51396,31,42998,17,8398,14,47076,17,337354,376,384430,393,0,634,0,1417,656,0,"Knox County",470313,35.0830191808434,0.0334448160535117,83.5613729580088,6.59135511882512,3.34448160535117
2021-05-12,51365,34,42981,28,8384,6,47059,26,336978,506,384037,532,0,634,0,1417,656,0,"Knox County",470313,39.335506354279,0.0403768506056528,113.116158813386,7.22922819484046,4.03768506056528
2021-05-11,51331,36,42953,30,8378,6,47033,31,336472,555,383505,586,0,634,4,1417,656,0,"Knox County",470313,41.8869986583403,0.0441935483870968,124.597874181662,7.65447691218401,4.41935483870968
2021-05-10,51295,21,42923,14,8372,7,47002,13,335917,277,382919,290,1,634,1,1413,656,1,"Knox County",470313,43.162744810371,0.0479405806887238,61.6610640148157,4.46511153210734,4.79405806887238
2021-05-09,51274,17,42909,14,8365,3,46989,17,335640,369,382629,386,0,633,1,1412,655,0,"Knox County",470313,42.0996230170121,0.047976501305483,82.0730024473064,3.61461409742023,4.7976501305483
2021-05-08,51257,20,42895,11,8362,9,46972,14,335271,307,382243,321,0,633,1,1411,655,0,"Knox County",470313,41.4617499409967,0.0474934036939314,68.2524191336408,4.25248717343556,4.74934036939314
2021-05-07,51237,43,42884,31,8353,12,46958,33,334964,576,381922,609,0,633,0,1410,655,0,"Knox County",470313,42.9501204516992,0.0484440166827077,129.488234431113,9.14284742288646,4.84440166827077
2021-05-06,51194,40,42853,26,8341,14,46925,28,334388,340,381313,368,1,633,0,1410,655,1,"Knox County",470313,44.8637396797452,0.0523932729624838,78.2457639912144,8.50497434687113,5.23932729624838
2021-05-05,51154,51,42827,32,8327,19,46897,38,334048,585,380945,623,0,632,4,1410,654,0,"Knox County",470313,48.4783537771654,0.0546654099905749,132.464975452518,10.8438422922607,5.46654099905749
2021-05-04,51103,50,42795,32,8308,18,46859,34,333463,536,380322,570,0,632,0,1406,654,0,"Knox County",470313,51.4550947985703,0.0558888538048626,121.195884442914,10.6312179335889,5.58888538048626
2021-05-03,51053,24,42763,9,8290,15,46825,7,332927,309,379752,316,1,632,1,1406,654,1,"Knox County",470313,52.0929678745856,0.053554650798622,67.1892973402819,5.10298460812268,5.3554650798622
2021-05-02,51029,25,42754,18,8275,7,46818,20,332618,288,379436,308,0,631,2,1405,653,0,"Knox County",470313,53.7939627439599,0.0558587479935795,65.4883024709077,5.31560896679445,5.58587479935795
2021-05-01,51004,45,42736,35,8268,10,46798,37,332330,450,379128,487,0,631,2,1403,653,0,"Knox County",470313,59.1095717107543,0.060042669917708,103.548062673156,9.56809614023002,6.0042669917708
2021-04-30,50959,58,42701,30,8258,28,46761,29,331880,567,378641,596,0,631,3,1401,653,1,"Knox County",470313,62.298937090831,0.0590575275397797,126.72411776838,12.3322128029631,5.90575275397797
2021-04-29,50901,54,42671,34,8230,20,46732,35,331313,571,378045,606,0,631,2,1398,652,0,"Knox County",470313,65.2756781122359,0.0570450656018254,128.850361355098,11.481715368276,5.70450656018254
2021-04-28,50847,47,42637,28,8210,19,46697,34,330742,543,377439,577,4,631,1,1396,652,2,"Knox County",470313,64.4251806775488,0.0566473988439306,122.684254953616,9.99334485757357,5.66473988439306
2021-04-27,50800,39,42609,17,8191,22,46663,20,330199,392,376862,412,1,627,2,1395,650,1,"Knox County",470313,62.0863127321592,0.0551181102362205,87.6012357727726,8.29234998819935,5.51181102362205
2021-04-26,50761,69,42592,36,8169,33,46643,40,329807,480,376450,520,1,626,0,1393,649,2,"Knox County",470313,71.6544088723892,0.0613234455219624,110.564666509325,14.6710807483527,6.13234455219624
2021-04-25,50692,38,42556,25,8136,13,46603,26,329327,341,375930,367,0,625,3,1393,647,0,"Knox County",470313,74.4185255351224,0.0619915848527349,78.0331396325426,8.07972562952757,6.19915848527349
2021-04-24,50654,35,42531,22,8123,13,46577,28,328986,510,375563,538,0,625,3,1390,647,1,"Knox County",470313,72.2922819484046,0.0586283185840708,114.391904965417,7.44185255351224,5.86283185840708
2021-04-23,50619,43,42509,31,8110,12,46549,36,328476,553,375025,589,0,625,2,1387,646,1,"Knox County",470313,69.1029165683279,0.0606816292601829,125.235747257677,9.14284742288646,6.06816292601829
2021-04-22,50576,79,42478,62,8098,17,46513,65,327923,787,374436,852,1,625,1,1385,645,1,"Knox County",470313,74.4185255351224,0.064591439688716,181.155953588355,16.7973243350705,6.4591439688716
2021-04-21,50497,62,42416,34,8081,28,46448,35,327136,479,373584,514,1,624,1,1384,644,1,"Knox County",470313,77.607890915199,0.0659282700421941,109.288920357294,13.1827102376502,6.59282700421941
2021-04-20,50435,38,42382,34,8053,4,46413,38,326657,474,373070,512,1,623,1,1383,643,1,"Knox County",470313,77.3952665565272,0.0688591983556012,108.86367163995,8.07972562952757,6.88591983556012
2021-04-19,50397,65,42348,41,8049,24,46375,39,326183,336,372558,375,0,622,0,1382,642,0,"Knox County",470313,76.5447691218401,0.0712570056044836,79.7341345019168,13.8205833136656,7.12570056044836
2021-04-18,50332,38,42307,27,8025,11,46336,32,325847,364,372183,396,0,622,1,1382,642,1,"Knox County",470313,76.5447691218401,0.0722987288135593,84.1992460340241,8.07972562952757,7.22987288135593
2021-04-17,50294,37,42280,18,8014,19,46304,23,325483,335,371787,358,0,622,1,1381,641,0,"Knox County",470313,76.9700178391837,0.0745272525027809,76.1195204044966,7.86710127085579,7.45272525027809
2021-04-16,50257,346,42262,330,7995,16,46281,368,325148,2088,371429,2456,1,622,4,1380,641,1,"Knox County",470313,141.395198516732,0.109829763866008,522.205424897887,73.5680281004352,10.9829763866008
2021-04-15,49911,86,41932,54,7979,32,45913,55,323060,577,368973,632,1,621,0,1376,640,1,"Knox County",470313,142.883569027435,0.112530993705894,134.378594680564,18.2856948457729,11.2530993705894
2021-04-14,49825,85,41878,60,7947,25,45858,62,322483,684,368341,746,0,620,3,1376,639,0,"Knox County",470313,147.773929276886,0.112694063926941,158.617771569146,18.0730704871011,11.2694063926941
2021-04-13,49740,68,41818,38,7922,30,45796,43,321799,339,367595,382,-5,620,1,1373,639,0,"Knox County",470313,154.152660037039,0.116370439663237,81.2225050126193,14.4584563896809,11.6370439663237
2021-04-12,49672,63,41780,43,7892,20,45753,50,321460,360,367213,410,1,625,0,1372,639,1,"Knox County",470313,153.727411319696,0.117657992565056,87.175987055429,13.395334596322,11.7657992565056
2021-04-11,49609,26,41737,14,7872,12,45703,14,321100,296,366803,310,2,624,0,1372,638,0,"Knox County",470313,151.175919015634,0.116169248205516,65.9135511882512,5.52823332546623,11.6169248205516
2021-04-10,49583,50,41723,33,7860,17,45689,41,320804,571,366493,612,0,622,1,1372,638,1,"Knox County",470313,153.940035678367,0.114095169430425,130.126107507128,10.6312179335889,11.4095169430425
2021-04-09,49533,82,41690,62,7843,20,45648,71,320233,620,365881,691,5,622,2,1371,637,0,"Knox County",470313,97.8072049890179,0.0888183980967486,146.923431842199,17.4351974110858,8.88183980967486
2021-04-08,49451,49,41628,26,7823,23,45577,26,319613,465,365190,491,-6,617,0,1369,637,1,"Knox County",470313,89.9401037181622,0.0842943437671609,104.398560107843,10.4185935749171,8.42943437671609
2021-04-07,49402,77,41602,54,7800,23,45551,57,319148,768,364699,825,2,623,1,1369,636,0,"Knox County",470313,88.2391088487879,0.0811609782316582,175.415095904217,16.3720756177269,8.11609782316582
2021-04-06,49325,75,41548,41,7777,34,45494,45,318380,421,363874,466,2,621,0,1368,636,0,"Knox County",470313,89.7274793594904,0.0798948751642576,99.0829511410486,15.9468269003834,7.98948751642576
2021-04-05,49250,44,41507,32,7743,12,45449,35,317959,266,363408,301,0,619,3,1368,636,2,"Knox County",470313,85.6876165447266,0.0781926406926407,63.9999319602052,9.35547178155824,7.81926406926407
2021-04-04,49206,49,41475,31,7731,18,45414,40,317693,341,363107,381,3,619,0,1365,634,1,"Knox County",470313,90.5779767941775,0.0836209185027874,81.0098806539475,10.4185935749171,8.36209185027874
2021-04-03,49157,81,41444,64,7713,17,45374,71,317352,593,362726,664,0,616,0,1365,633,3,"Knox County",470313,97.1693319130026,0.0903377847604085,141.182574158061,17.222573052414,9.03377847604085
2021-04-02,49076,74,41380,43,7696,31,45303,45,316759,529,362062,574,0,616,2,1365,630,2,"Knox County",470313,95.4683370436284,0.0861696380334954,122.046381877601,15.7342025417116,8.61696380334954
2021-04-01,49002,76,41337,64,7665,12,45258,67,316230,580,361488,647,1,616,1,1363,628,0,"Knox County",470313,101.209194727766,0.0933125972006221,137.56796006064,16.1594512590551,9.33125972006221
2021-03-31,48926,87,41273,66,7653,21,45191,72,315650,765,360841,837,3,615,2,1362,628,2,"Knox County",470313,103.335438314484,0.0968992248062016,177.966588208278,18.4983192044447,9.68992248062016
2021-03-30,48839,56,41207,32,7632,24,45119,38,314885,460,360004,498,1,612,2,1360,626,2,"Knox County",470313,99.2955754997204,0.0943106099436187,105.886930618546,11.9069640856196,9.43106099436187
2021-03-29,48783,43,41175,21,7608,22,45081,22,314425,399,359506,421,5,611,0,1358,624,1,"Knox County",470313,99.0829511410486,0.0882645450024863,89.5148550008186,9.14284742288646,8.82645450024863
2021-03-28,48740,80,41154,46,7586,34,45059,49,314026,484,359085,533,2,606,5,1358,623,1,"Knox County",470313,105.674306259874,0.0872065165309056,113.328783172058,17.0099486937423,8.72065165309056
2021-03-27,48660,43,41108,40,7552,3,45010,42,313542,442,358552,484,0,604,2,1353,622,2,"Knox County",470313,97.5945806303462,0.0838758137205809,102.910189597141,9.14284742288646,8.38758137205809
2021-03-26,48617,79,41068,54,7549,25,44968,60,313100,416,358068,476,0,604,2,1351,620,2,"Knox County",470313,98.6577024237051,0.0898357289527721,101.209194727766,16.7973243350705,8.98357289527721
2021-03-25,48538,88,41014,64,7524,24,44908,67,312684,570,357592,637,0,604,4,1349,618,1,"Knox County",470313,101.209194727766,0.0900669068450849,135.441716473923,18.7109435631165,9.00669068450849
2021-03-24,48450,123,40950,92,7500,31,44841,95,312114,780,356955,875,1,604,3,1345,617,1,"Knox County",470313,108.86367163995,0.0950560652395515,186.046313837806,26.1527961166287,9.50560652395515
2021-03-23,48327,88,40858,58,7469,30,44746,63,311334,530,356080,593,1,603,3,1342,616,1,"Knox County",470313,115.667651117447,0.0990296093555611,126.086244692364,18.7109435631165,9.90296093555611
2021-03-22,48239,115,40800,79,7439,36,44683,81,310804,517,355487,598,2,602,1,1339,615,0,"Knox County",470313,130.976604941815,0.108913250714967,127.149366485723,24.4518012472545,10.8913250714967
2021-03-21,48124,50,40721,33,7403,17,44602,34,310287,330,354889,364,-2,600,1,1338,615,1,"Knox County",470313,124.597874181662,0.109759125900174,77.3952665565272,10.6312179335889,10.9759125900174
2021-03-20,48074,59,40688,29,7386,30,44568,33,309957,315,354525,348,0,602,4,1337,614,0,"Knox County",470313,127.99986392041,0.111282446671807,73.9932768177788,12.5448371616349,11.1282446671807
2021-03-19,48015,146,40659,102,7356,44,44535,117,309642,955,354177,1072,3,602,3,1333,614,1,"Knox County",470313,142.24569595142,0.109204368174727,227.933312496146,31.0431563660796,10.9204368174727
2021-03-18,47869,68,40557,50,7312,18,44418,66,308687,627,353105,693,2,599,1,1330,613,0,"Knox County",470313,137.993208777984,0.107638124587277,147.348680559542,14.4584563896809,10.7638124587277
2021-03-17,47801,46,40507,36,7294,10,44352,41,308060,498,352412,539,1,597,3,1329,613,2,"Knox County",470313,121.621133160257,0.103399096743523,114.604529324088,9.7807204989018,10.3399096743523
2021-03-16,47755,128,40471,84,7284,44,44311,100,307562,698,351873,798,0,596,3,1326,611,1,"Knox County",470313,130.126107507128,0.106980961015413,169.674238220079,27.2159179099876,10.6980961015413
2021-03-15,47627,44,40387,28,7240,16,44211,39,306864,290,351075,329,1,596,1,1323,610,1,"Knox County",470313,115.029778041432,0.103789524499155,69.953414003015,9.35547178155824,10.3789524499155
2021-03-14,47583,60,40359,38,7224,22,44172,46,306574,405,350746,451,0,595,0,1322,609,0,"Knox County",470313,117.15602162815,0.104491725768322,95.893585760972,12.7574615203067,10.4491725768322
2021-03-13,47523,71,40321,34,7202,37,44126,41,306169,623,350295,664,1,595,1,1322,609,2,"Knox County",470313,119.707513932211,0.098988121425429,141.182574158061,15.0963294656962,9.8988121425429
2021-03-12,47452,63,40287,60,7165,3,44085,67,305546,691,349631,758,0,594,1,1321,607,2,"Knox County",470313,102.059692162454,0.0945179584120983,161.169263873208,13.395334596322,9.45179584120983
2021-03-11,47389,82,40227,55,7162,27,44018,66,304855,627,348873,693,2,594,0,1320,605,1,"Knox County",470313,105.036433183858,0.0945179584120983,147.348680559542,17.4351974110858,9.45179584120983
2021-03-10,47307,95,40172,72,7135,23,43952,82,304228,1001,348180,1083,2,592,0,1320,604,0,"Knox County",470313,115.455026758776,0.0923366834170854,230.272180441536,20.1993140738189,9.23366834170854
2021-03-09,47212,80,40100,50,7112,30,43870,55,303227,597,347097,652,0,590,2,1320,604,5,"Knox County",470313,105.24905754253,0.0855291576673866,138.631081853999,17.0099486937423,8.55291576673866
2021-03-08,47132,85,40050,57,7082,28,43815,63,302630,411,346445,474,1,590,0,1318,599,2,"Knox County",470313,113.966656248073,0.0879581151832461,100.783946010423,18.0730704871011,8.79581151832461
2021-03-07,47047,64,39993,40,7054,24,43752,42,302219,327,345971,369,0,589,0,1318,597,0,"Knox County",470313,114.81715368276,0.0886426592797784,78.4583883498861,13.6079589549938,8.86426592797784
2021-03-06,46983,125,39953,87,7030,38,43710,95,301892,848,345602,943,0,589,1,1318,597,0,"Knox County",470313,126.298869051036,0.0945293644408689,200.504770227487,26.5780448339723,9.45293644408689
2021-03-05,46858,70,39866,44,6992,26,43615,49,301044,520,344659,569,2,589,2,1317,597,2,"Knox County",470313,127.787239561739,0.0945013589797198,120.983260084242,14.8837051070245,9.45013589797198
2021-03-04,46788,113,39822,86,6966,27,43566,100,300524,1094,344090,1194,5,587,2,1315,595,2,"Knox County",470313,134.378594680564,0.0919757759273278,253.873484254103,24.0265525299109,9.19757759273278
2021-03-03,46675,74,39736,33,6939,41,43466,40,299430,497,342896,537,1,582,4,1313,593,1,"Knox County",470313,129.913483148456,0.0937104263402279,114.179280606745,15.7342025417116,9.37104263402279
2021-03-02,46601,133,39703,91,6898,42,43426,99,298933,807,342359,906,-1,581,2,1309,592,5,"Knox County",470313,141.182574158061,0.0977564102564103,192.637668956631,28.2790397033465,9.77564102564103
2021-03-01,46468,59,39612,33,6856,26,43327,35,298126,165,341453,200,1,582,1,1307,587,0,"Knox County",470313,135.654340832594,0.0974989402289105,42.5248717343556,12.5448371616349,9.74989402289106
2021-02-28,46409,77,39579,53,6830,24,43292,63,297961,563,341253,626,2,581,2,1306,587,1,"Knox County",470313,138.418457495328,0.0966834170854271,133.102848528533,16.3720756177269,9.66834170854271
2021-02-27,46332,82,39526,47,6806,35,43229,59,297398,670,340627,729,1,579,3,1304,586,1,"Knox County",470313,129.275610072441,0.0934677588741861,155.003157471726,17.4351974110858,9.34677588741861
2021-02-26,46250,107,39479,70,6771,37,43170,81,296728,505,339898,586,5,578,1,1301,585,0,"Knox County",470313,137.142711343297,0.0998325659271662,124.597874181662,22.7508063778803,9.98325659271662
2021-02-25,46143,131,39409,92,6734,39,43089,98,296223,1029,339312,1127,2,573,5,1300,585,1,"Knox County",470313,140.969949799389,0.100827849713437,239.627652223094,27.8537909860029,10.0827849713437
2021-02-24,46012,102,39317,72,6695,30,42991,80,295194,969,338185,1049,2,571,2,1295,584,1,"Knox County",470313,146.923431842199,0.0986023358223243,223.042952246695,21.6876845845214,9.86023358223243
2021-02-23,45910,122,39245,68,6665,54,42911,75,294225,758,337136,833,5,569,6,1293,583,2,"Knox County",470313,144.584563896809,0.0953398058252427,177.116090773591,25.9401717579569,9.53398058252427
2021-02-22,45788,62,39177,33,6611,29,42836,38,293467,306,336303,344,3,564,3,1287,581,2,"Knox County",470313,145.222436972824,0.0933131847374386,73.1427793830917,13.1827102376502,9.33131847374386
2021-02-21,45726,82,39144,41,6582,41,42798,45,293161,499,335959,544,2,561,3,1284,579,3,"Knox County",470313,146.285558766183,0.091327705295472,115.667651117447,17.4351974110858,9.1327705295472
2021-02-20,45644,137,39103,98,6541,39,42753,115,292662,1007,335415,1122,1,559,2,1281,576,1,"Knox County",470313,157.979898493131,0.0949152542372881,238.564530429735,29.1295371380336,9.49152542372881
2021-02-19,45507,94,39005,42,6502,52,42638,48,291655,274,334293,322,1,558,2,1279,575,2,"Knox County",470313,155.215781830398,0.0934281969668601,68.4650434923126,19.9866897151471,9.34281969668601
2021-02-18,45413,154,38963,110,6450,44,42590,119,291381,987,333971,1106,4,557,5,1277,573,6,"Knox County",470313,160.106142079849,0.0977443609022556,235.162540690987,32.7441512354538,9.77443609022556
2021-02-17,45259,114,38853,68,6406,46,42471,76,290394,892,332865,968,1,553,4,1272,567,3,"Knox County",470313,162.65763438391,0.098492078640962,205.820379194281,24.2391768885827,9.8492078640962
2021-02-16,45145,145,38785,89,6360,56,42395,102,289502,818,331897,920,2,552,4,1268,564,0,"Knox County",470313,167.547994633361,0.101952684941795,195.614409978036,30.8305320074078,10.1952684941795
2021-02-15,45000,76,38696,36,6304,40,42293,44,288684,312,330977,356,2,550,1,1264,564,1,"Knox County",470313,170.524735654766,0.102847508430124,75.694271687153,16.1594512590551,10.2847508430124
2021-02-14,44924,164,38660,134,6264,30,42249,134,288372,706,330621,840,2,548,5,1263,563,1,"Knox County",470313,187.959933065852,0.11324103656372,178.604461284294,34.8703948221716,11.324103656372
2021-02-13,44760,134,38526,90,6234,44,42115,106,287666,870,329781,976,4,546,6,1258,562,4,"Knox County",470313,187.322059989837,0.114613702623907,207.521374063655,28.4916640620183,11.4613702623907
2021-02-12,44626,179,38436,114,6190,65,42009,123,286796,995,328805,1118,3,542,3,1252,558,1,"Knox County",470313,205.395130476938,0.112030553787397,237.714032995048,38.0597602022483,11.2030553787397
2021-02-11,44447,163,38322,113,6125,50,41886,118,285801,1133,327687,1251,5,539,5,1249,557,2,"Knox County",470313,207.308749704984,0.109348265671177,265.993072698394,34.6577704634998,10.9348265671177
2021-02-10,44284,148,38209,106,6075,42,41768,112,284668,1032,326436,1144,7,534,6,1244,555,2,"Knox County",470313,214.537977899824,0.111884935654807,243.242266320514,31.4684050834232,11.1884935654807
2021-02-09,44136,210,38103,155,6033,55,41656,165,283636,1022,325292,1187,0,527,6,1238,553,5,"Knox County",470313,228.35856121349,0.116705471478463,252.385113743401,44.6511153210734,11.6705471478463
2021-02-08,43926,106,37948,71,5978,35,41491,75,282614,371,324105,446,4,527,2,1232,548,3,"Knox County",470313,234.737291973643,0.119649525998276,94.8304639676131,22.5381820192085,11.9649525998276
2021-02-07,43820,109,37877,76,5943,33,41416,83,282243,716,323659,799,1,523,2,1230,545,1,"Knox County",470313,223.042952246695,0.112989452391273,169.886862578751,23.1760550952238,11.2989452391273
2021-02-06,43711,304,37801,176,5910,128,41333,197,281527,1396,322860,1593,2,522,6,1228,544,4,"Knox County",470313,259.189093220898,0.11581321305386,338.710603364143,64.6378050362206,11.581321305386
2021-02-05,43407,176,37625,130,5782,46,41136,143,280131,727,321267,870,8,520,4,1222,540,3,"Knox County",470313,258.551220144882,0.122496570644719,184.983192044447,37.421887126233,12.2496570644719
2021-02-04,43231,201,37495,150,5736,51,40993,160,279404,1581,320397,1741,2,512,7,1218,537,8,"Knox County",470313,266.63094577441,0.120179948586118,370.179008447566,42.7374960930274,12.0179948586118
2021-02-03,43030,230,37345,165,5685,65,40833,172,277823,1634,318656,1806,5,510,7,1211,529,0,"Knox County",470313,284.066143185496,0.11786306562426,383.999591761231,48.903602494509,11.786306562426
2021-02-02,42800,90,37180,69,5620,21,40661,77,276189,291,316850,368,7,505,1,1204,529,2,"Knox County",470313,258.551220144882,0.118982028072937,78.2457639912144,19.13619228046,11.8982028072937
2021-02-01,42710,153,37111,82,5599,71,40584,97,275898,425,316482,522,4,498,2,1203,527,3,"Knox County",470313,268.544565002456,0.120665021431355,110.989915226668,32.5315268767821,12.0665021431355
2021-01-31,42557,175,37029,121,5528,54,40487,129,275473,939,315960,1068,7,494,4,1201,524,2,"Knox County",470313,282.577772674793,0.122364457831325,227.082815061459,37.2092627675612,12.2364457831325
2021-01-30,42382,276,36908,232,5474,44,40358,250,274534,1518,314892,1768,7,487,9,1197,522,6,"Knox County",470313,276.624290631983,0.12624339923861,375.919866131704,58.6843229934108,12.624339923861
2021-01-29,42106,101,36676,52,5430,49,40108,62,273016,376,313124,438,4,480,1,1188,516,5,"Knox County",470313,260.6774637316,0.122811567890027,93.1294690982388,21.4750602258496,12.2811567890027
2021-01-28,42005,158,36624,117,5381,41,40046,129,272640,656,312686,785,9,476,6,1187,511,4,"Knox County",470313,251.534616308714,0.13560325684678,166.910121557346,33.5946486701409,13.560325684678
2021-01-27,41847,169,36507,124,5340,45,39917,125,271984,893,311901,1018,12,467,3,1181,507,4,"Knox County",470313,238.564530429735,0.14563432210491,216.45159712787,35.9335166155305,14.563432210491
2021-01-26,41678,234,36383,173,5295,61,39792,193,271091,1041,310883,1234,3,455,8,1178,503,7,"Knox County",470313,269.182438078471,0.144153373335285,262.378458600974,49.7540999291961,14.4153373335285
2021-01-25,41444,157,36210,105,5234,52,39599,115,270050,415,309649,530,9,452,1,1170,496,4,"Knox County",470313,270.032935513158,0.146615991814062,112.690910096042,33.3820243114692,14.6615991814062
2021-01-24,41287,156,36105,103,5182,53,39484,110,269635,790,309119,900,4,443,2,1169,492,5,"Knox County",470313,265.993072698394,0.147459913082572,191.3619228046,33.1693999527974,14.7459913082572
2021-01-23,41131,309,36002,222,5129,87,39374,231,268845,1492,308219,1723,7,439,7,1167,487,4,"Knox County",470313,273.009676534563,0.145594447797224,366.351769991474,65.7009268295794,14.5594447797224
2021-01-22,40822,178,35780,142,5042,36,39143,176,267353,1172,306496,1348,3,432,8,1160,483,8,"Knox County",470313,289.38175215229,0.143141416821438,286.617635489557,37.8471358435765,14.3141416821438
2021-01-21,40644,267,35638,194,5006,73,38967,203,266181,1080,305148,1283,11,429,6,1152,475,6,"Knox County",470313,312.557807247514,0.143479342956695,272.797052175891,56.7707037653648,14.3479342956695
2021-01-20,40377,193,35444,132,4933,61,38764,130,265101,736,303865,866,10,418,8,1146,469,10,"Knox County",470313,317.660791855637,0.146879756468798,184.13269460976,41.0365012236532,14.6879756468798
2021-01-19,40184,311,35312,196,4872,115,38634,219,264365,956,302999,1175,8,408,14,1138,459,3,"Knox County",470313,334.032867473363,0.151309904153355,249.833621439339,66.126175546923,15.1309904153355
2021-01-18,39873,129,35116,80,4757,49,38415,87,263409,472,301824,559,7,400,4,1124,456,9,"Knox County",470313,328.079385430554,0.147186147186147,118.857016497524,27.4285422686594,14.7186147186147
2021-01-17,39744,181,35036,138,4708,43,38328,151,262937,690,301265,841,3,393,8,1120,447,6,"Knox County",470313,333.394994397348,0.153559974342527,178.817085642965,38.4850089195918,15.3559974342527
2021-01-16,39563,420,34898,340,4665,80,38177,389,262247,1757,300424,2146,1,390,7,1112,441,8,"Knox County",470313,356.996298209916,0.164881966415186,456.291873709636,89.3022306421468,16.4881966415186
2021-01-15,39143,187,34558,149,4585,38,37788,153,260490,755,298278,908,0,389,4,1105,433,10,"Knox County",470313,358.909917437962,0.171252249935716,193.062917673975,39.7607550716225,17.1252249935716
2021-01-14,38956,336,34409,266,4547,70,37635,290,259735,1479,297370,1769,6,389,8,1101,423,7,"Knox County",470313,373.580998186314,0.171708615682478,376.132490490376,71.4417845137175,17.1708615682478
2021-01-13,38620,248,34143,200,4477,48,37345,206,258256,946,295601,1152,12,383,6,1093,416,2,"Knox County",470313,385.275337913262,0.174853801169591,244.943261189888,52.730840950601,17.4853801169591
2021-01-12,38372,332,33943,261,4429,71,37139,283,257310,1181,294449,1464,10,371,6,1087,414,5,"Knox County",470313,389.740449445369,0.176377418259984,311.282061095483,70.5912870790304,17.6377418259984
2021-01-11,38040,244,33682,197,4358,47,36856,228,256129,726,292985,954,4,361,5,1081,409,6,"Knox County",470313,414.192250692624,0.184102230885857,202.843638172876,51.8803435159139,18.4102230885857
2021-01-10,37796,328,33485,205,4311,123,36628,222,255403,1013,292031,1235,5,357,17,1076,403,6,"Knox County",470313,445.448031417375,0.183942667220607,262.591082959646,69.7407896443432,18.3942667220607
2021-01-09,37468,475,33280,393,4188,82,36406,427,254390,1384,290796,1811,5,352,11,1059,397,2,"Knox County",470313,457.142371144323,0.194662649305929,385.06271355459,100.996570369095,19.4662649305929
2021-01-08,36993,459,32887,371,4106,88,35979,391,253006,1432,288985,1823,7,347,6,1048,395,8,"Knox County",470313,514.976196703047,0.200528996865204,387.614205858652,97.5945806303462,20.0528996865204
2021-01-07,36534,388,32516,345,4018,43,35588,353,251574,1309,287162,1662,10,340,10,1042,387,3,"Knox County",470313,526.032663353979,0.208890208890209,353.381684112495,82.4982511646499,20.8890208890209
2021-01-06,36146,496,32171,363,3975,133,35235,378,250265,1187,285500,1565,9,330,15,1032,384,9,"Knox County",470313,578.76350430458,0.217043941411451,332.757121321333,105.461681901202,21.7043941411451
2021-01-05,35650,520,31808,328,3842,192,34857,345,249078,1193,283935,1538,14,321,14,1017,375,6,"Knox County",470313,618.736883734874,0.221382697393275,327.016263637195,110.564666509325,22.1382697393275
2021-01-04,35130,322,31480,228,3650,94,34512,249,247885,654,282397,903,6,307,6,1003,369,8,"Knox County",470313,635.321583711273,0.224447186106102,191.999795880616,68.4650434923126,22.4447186106102
2021-01-03,34808,285,31252,182,3556,103,34263,195,247231,608,281494,803,2,301,10,997,361,9,"Knox County",470313,626.178736288387,0.231370608609599,170.737360013438,60.5979422214568,23.1370608609599
2021-01-02,34523,422,31070,319,3453,103,34068,345,246623,1095,280691,1440,0,299,22,987,352,4,"Knox County",470313,614.909645278782,0.231764947606328,306.179076487361,89.7274793594904,23.1764947606328
2021-01-01,34101,419,30751,349,3350,70,33723,374,245528,1297,279251,1671,2,299,8,965,348,6,"Knox County",470313,606.404670931911,0.233667292840743,355.295303340541,89.089606283475,23.3667292840743
2020-12-31,33682,449,30402,312,3280,137,33349,322,244231,929,277580,1251,12,297,8,957,342,3,"Knox County",470313,619.37475681089,0.240758913967942,265.993072698394,95.4683370436284,24.0758913967942
2020-12-30,33233,363,30090,248,3143,115,33027,271,243302,931,276329,1202,6,285,9,949,339,4,"Knox County",470313,591.095717107543,0.238533151680291,255.574479123477,77.1826421978555,23.8533151680291
2020-12-29,32870,590,29842,398,3028,192,32756,420,242371,1081,275127,1501,7,279,14,940,335,8,"Knox County",470313,605.979422214568,0.248090297571543,319.149162366339,125.448371616349,24.8090297571543
2020-12-28,32280,252,29444,174,2836,78,32336,185,241290,565,273626,750,4,272,4,926,327,5,"Knox County",470313,591.095717107543,0.245068461359944,159.468269003834,53.5813383852881,24.5068461359944
2020-12-27,32028,230,29270,156,2758,74,32151,172,240725,489,272876,661,3,268,8,922,322,7,"Knox County",470313,579.401377380595,0.246460594620104,140.544701082045,48.903602494509,24.6460594620104
2020-12-26,31798,359,29114,289,2684,70,31979,329,240236,1063,272215,1392,0,265,10,914,315,6,"Knox County",470313,566.006042784273,0.245965828191742,295.973107271115,76.3321447631684,24.5965828191742
2020-12-25,31439,353,28825,287,2614,66,31650,308,239173,1070,270823,1378,1,265,5,904,309,7,"Knox County",470313,551.972835111936,0.246711739397664,292.99636624971,75.0563986111377,24.6711739397664
2020-12-24,31086,351,28538,277,2548,74,31342,311,238103,1273,269445,1584,5,264,8,899,302,7,"Knox County",470313,531.135647962102,0.235710911667454,336.796984136097,74.6311498937941,23.5710911667454
2020-12-23,30735,472,28261,351,2474,121,31031,371,236830,1411,267861,1782,6,259,9,891,295,6,"Knox County",470313,554.311703057326,0.231653404067197,378.896607153109,100.358697293079,23.1653404067197
2020-12-22,30263,530,27910,392,2353,138,30660,432,235419,1470,266079,1902,7,253,15,882,289,6,"Knox County",470313,541.554241537019,0.223092390729178,404.411530193722,112.690910096042,22.3092390729178
2020-12-21,29733,442,27518,361,2215,81,30228,391,233949,1422,264177,1813,2,246,5,867,283,3,"Knox County",470313,581.952869684657,0.220129375951294,385.487962271934,93.9799665329259,22.0129375951294
2020-12-20,29291,514,27157,431,2134,83,29837,478,232527,2245,262364,2723,2,244,7,862,280,6,"Knox County",470313,642.338187547442,0.208366470494672,578.976128663252,109.288920357294,20.8366470494672
2020-12-19,28777,525,26726,441,2051,84,29359,489,230282,1445,259641,1934,6,242,14,855,274,7,"Knox County",470313,677.633831086957,0.211954864287893,411.215509671219,111.627788302684,21.1954864287893
2020-12-18,28252,480,26285,420,1967,60,28870,430,228837,1358,257707,1788,4,236,11,841,267,6,"Knox County",470313,704.637124638273,0.214549756025432,380.172353305139,102.059692162454,21.4549756025433
2020-12-17,27772,733,25865,635,1907,98,28440,663,227479,1898,255919,2561,11,232,11,830,261,4,"Knox County",470313,785.859629650892,0.224367372267807,544.530982558424,155.853654906413,22.4367372267807
2020-12-16,27039,564,25230,453,1809,111,27777,472,225581,1729,253358,2201,8,221,11,819,257,4,"Knox County",470313,805.421070648696,0.224835812893714,467.986213436584,119.920138290883,22.4835812893714
2020-12-15,26475,765,24777,675,1698,90,27305,716,223852,2415,251157,3131,2,213,15,808,253,8,"Knox County",470313,855.387794936564,0.225311126246053,665.726867001337,162.65763438391,22.5311126246053
2020-12-14,25710,472,24102,411,1608,61,26589,461,221437,1624,248026,2085,6,211,7,793,245,8,"Knox County",470313,861.766525696717,0.225841807221579,443.321787830657,100.358697293079,22.5841807221579
2020-12-13,25238,628,23691,572,1547,56,26128,754,219813,2935,245941,3689,2,205,10,786,237,6,"Knox County",470313,886.0057025853,0.229167864742078,784.37125914019,133.528097245877,22.9167864742078
2020-12-12,24610,464,23119,392,1491,72,25374,454,216878,2171,242252,2625,3,203,19,776,231,4,"Knox County",470313,873.035616706321,0.218473451327434,558.138941513418,98.6577024237051,21.8473451327434
2020-12-11,24146,557,22727,523,1419,34,24920,429,214707,1406,239627,1835,6,200,10,757,227,2,"Knox County",470313,889.407692324048,0.21785182324709,390.165698162713,118.43176778018,21.785182324709
2020-12-10,23589,473,22204,415,1385,58,24491,538,213301,1910,237792,2448,8,194,9,747,225,10,"Knox County",470313,834.125359069386,0.212279338292439,520.504430028513,100.571321651751,21.2279338292439
2020-12-09,23116,407,21789,337,1327,70,23953,359,211391,924,235344,1283,2,186,13,738,215,3,"Knox County",470313,800.743334757917,0.217068320074871,272.797052175891,86.5381139794137,21.7068320074871
2020-12-08,22709,491,21452,446,1257,45,23594,538,210467,2077,234061,2615,9,184,10,725,212,2,"Knox County",470313,742.484260481849,0.213088057901086,556.0126979267,104.398560107843,21.3088057901086
2020-12-07,22218,323,21006,271,1212,52,23056,317,208390,1135,231446,1452,3,175,6,715,210,3,"Knox County",470313,710.803231039754,0.212516460776322,308.730568791422,68.6776678509843,21.2516460776322
2020-12-06,21895,332,20735,291,1160,41,22739,187,207255,668,229994,855,6,172,6,709,207,4,"Knox County",470313,647.866420872908,0.215206283840464,181.79382666437,70.5912870790304,21.5206283840464
2020-12-05,21563,289,20444,263,1119,26,22552,213,206587,714,229139,927,2,166,8,703,203,2,"Knox County",470313,610.657158105347,0.22610600087604,197.102780488738,61.4484396561439,22.610600087604
2020-12-04,21274,354,20181,322,1093,32,22339,297,205873,1091,228212,1388,5,164,11,695,201,5,"Knox County",470313,567.494413294976,0.223285922684172,295.122609836428,75.2690229698095,22.3285922684172
2020-12-03,20920,441,19859,424,1061,17,22042,448,204782,1215,226824,1663,2,159,10,684,196,2,"Knox County",470313,560.690433817479,0.231660610821958,353.594308471167,93.7673421742542,23.1660610821958
2020-12-02,20479,192,19435,170,1044,22,21594,185,203567,575,225161,760,2,157,7,674,194,5,"Knox County",470313,514.976196703047,0.226190476190476,161.594512590551,40.8238768649814,22.6190476190476
2020-12-01,20287,403,19265,380,1022,23,21409,409,202992,1832,224401,2241,5,155,7,667,189,3,"Knox County",470313,496.26525313993,0.221408572043937,476.491187783455,85.6876165447266,22.1408572043937
2020-11-30,19884,385,18885,371,999,14,21000,436,201160,1815,222160,2251,1,150,3,660,186,3,"Knox County",470313,509.44796337758,0.215666831928607,478.617431370173,81.8603780886346,21.5666831928607
2020-11-29,19499,226,18514,218,985,8,20564,260,199345,1464,219909,1724,0,149,5,657,183,6,"Knox County",470313,486.909781358372,0.205221836771955,366.564394350146,48.0531050598219,20.5221836771955
2020-11-28,19273,270,18296,256,977,14,20304,299,197881,1967,218185,2266,0,149,8,652,177,4,"Knox County",470313,482.869918543608,0.189864150329456,481.806796750249,57.4085768413801,18.9864150329456
2020-11-27,19003,235,18040,215,963,20,20005,249,195914,1247,215919,1496,3,149,12,644,173,3,"Knox County",470313,457.567619861667,0.184339972582856,318.08604057298,49.9667242878679,18.4339972582856
2020-11-26,18768,344,17825,341,943,3,19756,441,194667,1429,214423,1870,4,146,5,632,170,6,"Knox County",470313,436.943057070504,0.180758248730964,397.607550716225,73.1427793830917,18.0758248730964
2020-11-25,18424,219,17484,193,940,26,19315,123,193238,325,212553,448,0,142,3,627,164,2,"Knox County",470313,442.683914754642,0.18030253741054,95.2557126849566,46.5647345491194,18.030253741054
2020-11-24,18205,153,17291,130,914,23,19192,116,192913,673,212105,789,2,142,6,624,162,2,"Knox County",470313,389.527825086698,0.177425304315751,167.760618992033,32.5315268767821,17.7425304315751
2020-11-23,18052,167,17161,147,891,20,19076,100,192240,391,211316,491,3,140,7,618,160,7,"Knox County",470313,343.17571489625,0.174812857771907,104.398560107843,35.508267898187,17.4812857771907
2020-11-22,17885,220,17014,212,871,8,18976,258,191849,1804,210825,2062,2,137,5,611,153,2,"Knox County",470313,341.899968744219,0.168329441732116,438.431427581207,46.7773589077912,16.8329441732116
2020-11-21,17665,173,16802,169,863,4,18718,198,190045,1465,208763,1663,0,135,4,606,151,2,"Knox County",470313,321.275405953057,0.168386438371697,353.594308471167,36.7840140502176,16.8386438371697
2020-11-20,17492,178,16633,169,859,9,18520,163,188580,791,207100,954,7,135,5,602,149,4,"Knox County",470313,309.155817508765,0.169022592726833,202.843638172876,37.8471358435765,16.9022592726833
2020-11-19,17314,166,16464,148,850,18,18357,128,187789,663,206146,791,2,128,4,597,145,5,"Knox County",470313,271.308681665189,0.15087524312309,168.185867709377,35.2956435395152,15.087524312309
2020-11-18,17148,168,16316,163,832,5,18229,179,187126,874,205355,1053,0,126,7,593,140,2,"Knox County",470313,260.464839372928,0.146353966423171,223.893449681382,35.7208922568587,14.6353966423171
2020-11-17,16980,248,16153,240,827,8,18050,260,186252,1033,204302,1293,9,126,7,586,138,1,"Knox County",470313,280.664153446747,0.154809197062718,274.923295762609,52.730840950601,15.4809197062718
2020-11-16,16732,272,15913,261,819,11,17790,286,185219,1409,203009,1695,2,117,6,579,137,2,"Knox County",470313,302.989711107284,0.154768163179476,360.398287948664,57.8338255587237,15.4768163179476
2020-11-15,16460,274,15652,247,808,27,17504,295,183810,2278,201314,2573,2,115,3,573,135,4,"Knox County",470313,314.47142647556,0.150568748752744,547.082474862485,58.2590742760672,15.0568748752744
2020-11-14,16186,306,15405,293,781,13,17209,321,181532,1699,198741,2020,0,113,7,570,131,3,"Knox County",470313,342.750466178906,0.157240581944311,429.501204516992,65.0630537535641,15.7240581944311
2020-11-13,15880,219,15112,200,768,19,16888,190,179833,965,196721,1155,4,113,6,563,128,1,"Knox County",470313,351.468064884449,0.156805293005671,245.581134265904,46.5647345491194,15.6805293005671
2020-11-12,15661,143,14912,130,749,13,16698,136,178868,955,195566,1091,1,109,3,557,127,2,"Knox County",470313,346.577704634998,0.153216911764706,231.97317531091,30.4052832900643,15.3216911764706
2020-11-11,15518,191,14782,177,736,14,16562,191,177913,1229,194475,1420,3,108,7,554,125,2,"Knox County",470313,351.468064884449,0.149284253578732,301.926589313925,40.6112525063096,14.9284253578732
2020-11-10,15327,168,14605,163,722,5,16371,186,176684,1131,193055,1317,2,105,4,547,123,2,"Knox County",470313,334.458116190707,0.142400851743412,280.026280370732,35.7208922568587,14.2400851743412
2020-11-09,15159,135,14442,121,717,14,16185,131,175553,490,191738,621,1,103,2,543,121,2,"Knox County",470313,305.328579052673,0.142198685888006,132.039726735174,28.7042884206901,14.2198685888006
2020-11-08,15024,215,14321,203,703,12,16054,252,175063,2624,191117,2876,1,102,3,541,119,5,"Knox County",470313,292.783741891039,0.134,611.507655540034,45.7142371144323,13.4
2020-11-07,14809,169,14118,161,691,8,15802,187,172439,1918,188241,2105,1,101,5,538,114,0,"Knox County",470313,263.654204753005,0.120264525271611,447.574275004093,35.9335166155305,12.0264525271611
2020-11-06,14640,155,13957,138,683,17,15615,160,170521,1235,186136,1395,0,100,5,533,114,3,"Knox County",470313,250.046245798011,0.114826789838337,296.610980347131,32.9567755941256,11.4826789838337
2020-11-05,14485,158,13819,142,666,16,15455,151,169286,613,184741,764,1,100,6,528,111,1,"Knox County",470313,253.235611178088,0.119832349018861,162.445010025239,33.5946486701409,11.9832349018861
2020-11-04,14327,145,13677,133,650,12,15304,148,168673,934,183977,1082,-1,99,5,522,110,2,"Knox County",470313,243.454890679186,0.119586614173228,230.059556082864,30.8305320074078,11.9586614173228
2020-11-03,14182,196,13544,183,638,13,15156,195,167739,837,182895,1032,3,100,5,517,108,1,"Knox County",470313,249.408372721996,0.123949367088608,219.428338149275,41.6743742996685,12.3949367088608
2020-11-02,13986,116,13361,110,625,6,14961,115,166902,806,181863,921,1,97,2,512,107,2,"Knox County",470313,245.368509907232,0.118722358722359,195.827034336708,24.6644256059263,11.8722358722359
2020-11-01,13870,124,13251,116,619,8,14846,131,166096,1273,180942,1404,0,96,3,510,105,2,"Knox County",470313,226.0196932681,0.124899459956337,298.524599575177,26.3654204753005,12.4899459956337
2020-10-31,13746,5,13135,5,611,0,14715,7,164823,4,179538,11,0,96,0,507,103,1,"Knox County",470313,191.149298445929,0.137237100922984,2.33886794538956,1.06312179335889,13.7237100922984
2020-10-30,13741,156,13130,146,611,10,14708,148,164819,854,179527,1002,1,96,4,507,102,0,"Knox County",470313,191.3619228046,0.143983268983269,213.049607389122,33.1693999527974,14.3983268983269
2020-10-29,13585,152,12984,138,601,14,14560,136,163965,1569,178525,1705,0,95,4,503,102,1,"Knox County",470313,190.08617665257,0.122956546038843,362.524531535382,32.3189025181103,12.2956546038843
2020-10-28,13433,103,12846,96,587,7,14424,102,162396,1055,176820,1157,3,95,8,499,101,1,"Knox County",470313,181.155953588355,0.115320796460177,246.006382983247,21.9003089431931,11.5320796460177
2020-10-27,13330,119,12750,113,580,6,14322,127,161341,799,175663,926,1,92,3,491,100,2,"Knox County",470313,164.783877970628,0.107493685096829,196.890156130067,25.3022986819416,10.7493685096829
2020-10-26,13211,81,12637,74,574,7,14195,73,160542,372,174737,445,2,91,2,488,98,0,"Knox County",470313,157.342025417116,0.108872180451128,94.6178396089413,17.222573052414,10.8872180451128
2020-10-25,13130,132,12563,121,567,11,14122,151,160170,1365,174292,1516,0,89,3,486,98,1,"Knox County",470313,159.04302028649,0.11002661934339,322.338527746416,28.0664153446747,11.002661934339
2020-10-24,12998,172,12442,167,556,5,13971,202,158805,1788,172776,1990,0,89,5,483,97,1,"Knox County",470313,194.551288184677,0.107424779773481,423.122473756839,36.5713896915458,10.7424779773481
2020-10-23,12826,159,12275,148,551,11,13769,172,157017,1239,170786,1411,1,89,5,478,96,0,"Knox County",470313,195.189161260692,0.105245901639344,300.012970085879,33.8072730288127,10.5245901639344
2020-10-22,12667,182,12127,168,540,14,13597,169,155778,1607,169375,1776,1,88,5,473,96,0,"Knox County",470313,201.567892020846,0.108014315150201,377.620861001078,38.6976332782636,10.8014315150201
2020-10-21,12485,72,11959,68,526,4,13428,74,154171,682,167599,756,0,87,1,468,96,1,"Knox County",470313,194.976536902021,0.109750566893424,160.744015155864,15.308953824368,10.9750566893424
2020-10-20,12413,127,11891,121,522,6,13354,150,153489,739,166843,889,0,87,7,467,95,1,"Knox County",470313,196.677531771395,0.112831606512581,189.023054859211,27.0032935513158,11.2831606512581
2020-10-19,12286,112,11770,107,516,5,13204,117,152750,939,165954,1056,1,87,6,460,94,0,"Knox County",470313,203.26888689022,0.110176708537364,224.531322757398,23.8139281712392,11.0176708537364
2020-10-18,12174,140,11663,135,511,5,13087,168,151811,1431,164898,1599,0,86,7,454,94,1,"Knox County",470313,204.969881759594,0.111005592487074,339.986349516173,29.7674102140489,11.1005592487074
2020-10-17,12034,128,11528,125,506,3,12919,154,150380,1458,163299,1612,1,86,3,447,93,1,"Knox County",470313,195.614409978036,0.110341795801736,342.750466178906,27.2159179099876,11.0341795801736
2020-10-16,11906,72,11403,71,503,1,12765,61,148922,390,161687,451,1,85,3,444,92,2,"Knox County",470313,177.116090773591,0.109718638653397,95.893585760972,15.308953824368,10.9718638653397
2020-10-15,11834,74,11332,62,502,12,12704,66,148532,941,161236,1007,1,84,3,441,90,2,"Knox County",470313,154.152660037039,0.10719131614654,214.112729182481,15.7342025417116,10.719131614654
2020-10-14,11760,149,11270,143,490,6,12638,150,147591,1086,160229,1236,0,83,5,438,88,0,"Knox County",470313,170.524735654766,0.11031847133758,262.803707318318,31.6810294420949,11.031847133758
2020-10-13,11611,71,11127,68,484,3,12488,63,146505,581,158993,644,1,83,6,433,88,1,"Knox County",470313,158.617771569146,0.102432610124918,136.930086984625,15.0963294656962,10.2432610124918
2020-10-12,11540,79,11059,66,481,13,12425,87,145924,806,158349,893,0,82,5,427,87,2,"Knox County",470313,151.601167732978,0.100644987906477,189.873552293898,16.7973243350705,10.0644987906477
2020-10-11,11461,170,10993,163,468,7,12338,179,145118,1612,157456,1791,0,82,8,422,85,0,"Knox County",470313,157.979898493131,0.0995546240503013,380.810226381155,36.1461409742023,9.95546240503013
2020-10-10,11291,130,10830,122,461,8,12159,132,143506,1393,155665,1525,0,82,3,414,85,0,"Knox County",470313,158.405147210475,0.0977872002120048,324.252146974462,27.6411666273312,9.77872002120048
2020-10-09,11161,120,10708,118,453,2,12027,134,142113,1336,154140,1470,0,82,3,411,85,0,"Knox County",470313,168.61111642672,0.0946766285314032,312.557807247514,25.5149230406134,9.46766285314032
2020-10-08,11041,110,10590,102,451,8,11893,103,140777,943,152670,1046,1,82,4,408,85,0,"Knox County",470313,176.265593338904,0.0985473561882626,222.40507917068,23.3886794538956,9.85473561882626
2020-10-07,10931,104,10488,88,443,16,11790,95,139834,1649,151624,1744,0,81,5,404,85,1,"Knox County",470313,166.697497198674,0.087018544935806,370.816881523581,22.1129333018649,8.7018544935806
2020-10-06,10827,115,10400,102,427,13,11695,114,138185,1392,149880,1506,0,81,4,399,84,0,"Knox County",470313,176.052968980232,0.0846115288220551,320.212284159698,24.4518012472545,8.46115288220551
2020-10-05,10712,118,10298,109,414,9,11581,123,136793,1238,148374,1361,0,81,5,395,84,2,"Knox County",470313,184.345318968432,0.0842669730920234,289.38175215229,25.0896743232698,8.42669730920234
2020-10-04,10594,96,10189,89,405,7,11458,99,135555,1827,147013,1926,1,81,2,390,82,0,"Knox County",470313,168.61111642672,0.0756286632633768,409.514514801845,20.4119384324907,7.56286632633768
2020-10-03,10498,77,10100,76,398,1,11359,92,133728,1864,145087,1956,0,80,2,388,82,0,"Knox County",470313,157.342025417116,0.0690344263784177,415.893245561998,16.3720756177269,6.90344263784177
2020-10-02,10421,82,10024,79,397,3,11267,82,131864,602,143131,684,0,80,1,386,82,0,"Knox County",470313,149.262299787588,0.0692556001173824,145.435061331496,17.4351974110858,6.92556001173824
2020-10-01,10339,71,9945,68,394,3,11185,73,131262,683,142447,756,0,80,1,385,82,0,"Knox County",470313,140.969949799389,0.0682573240712776,160.744015155864,15.0963294656962,6.82573240712776
2020-09-30,10268,75,9877,72,391,3,11112,70,130579,675,141691,745,1,80,2,384,82,0,"Knox County",470313,134.803843397907,0.0730915603313186,158.405147210475,15.9468269003834,7.30915603313186
2020-09-29,10193,80,9805,75,388,5,11042,87,129904,1140,140946,1227,-1,79,2,382,82,1,"Knox County",470313,127.361990844395,0.0723281340265742,260.890088090272,17.0099486937423,7.23281340265742
2020-09-28,10113,57,9730,51,383,6,10955,49,128764,431,139719,480,1,80,3,380,81,2,"Knox County",470313,114.391904965417,0.0710059171597633,102.059692162454,12.1195884442914,7.10059171597633
2020-09-27,10056,72,9679,67,377,5,10906,79,128333,978,139239,1057,0,79,3,377,79,0,"Knox County",470313,109.288920357294,0.0770456191165822,224.74394711607,15.308953824368,7.70456191165822
2020-09-26,9984,127,9612,122,372,5,10827,136,127355,2087,138182,2223,4,79,5,374,79,0,"Knox County",470313,119.920138290883,0.0803123257110987,472.663949327363,27.0032935513158,8.03123257110987
2020-09-25,9857,102,9490,100,367,2,10691,103,125268,1439,135959,1542,0,75,1,369,79,3,"Knox County",470313,124.172625464318,0.074346201743462,327.866761071882,21.6876845845214,7.4346201743462
2020-09-24,9755,92,9390,89,365,3,10588,105,123829,1715,134417,1820,0,75,3,368,76,0,"Knox County",470313,128.637736996426,0.0691664833956455,386.976332782636,19.5614409978036,6.91664833956455
2020-09-23,9663,53,9301,52,362,1,10483,49,122114,432,132597,481,2,75,2,365,76,0,"Knox County",470313,123.960001105647,0.0688561721404304,102.272316521125,11.2690910096042,6.88561721404304
2020-09-22,9610,82,9249,75,361,7,10434,88,121682,1141,132116,1229,1,73,3,363,76,0,"Knox County",470313,124.38524982299,0.0689538043478261,261.315336807615,17.4351974110858,6.89538043478261
2020-09-21,9528,34,9174,30,354,4,10346,32,120541,379,130887,411,0,72,2,360,76,0,"Knox County",470313,119.494889573539,0.067556772794705,87.3886114141008,7.22922819484046,6.7556772794705
2020-09-20,9494,97,9144,78,350,19,10314,88,120162,707,130476,795,0,72,1,358,76,2,"Knox County",470313,124.810498540334,0.0706975649923538,169.036365144064,20.6245627911625,7.06975649923538
2020-09-19,9397,132,9066,129,331,3,10226,136,119455,1466,129681,1602,1,72,5,357,74,0,"Knox County",470313,125.873620333693,0.0762690355329949,340.624222592189,28.0664153446747,7.62690355329949
2020-09-18,9265,118,8937,114,328,4,10090,129,117989,1606,128079,1735,3,71,3,352,74,0,"Knox County",470313,129.275610072441,0.0776662950575994,368.903262295535,25.0896743232698,7.76662950575994
2020-09-17,9147,126,8823,119,324,7,9961,124,116383,1516,126344,1640,0,68,6,349,74,2,"Knox County",470313,136.504838267282,0.0818446724946155,348.703948221716,26.790669192644,8.18446724946155
2020-09-16,9021,99,8704,77,317,22,9837,117,114867,768,124704,885,1,68,3,343,72,1,"Knox County",470313,146.285558766183,0.0860552006749428,188.172557424524,21.049811508506,8.60552006749428
2020-09-15,8922,132,8627,126,295,6,9720,136,114099,1338,123819,1474,0,67,3,340,71,0,"Knox County",470313,156.916776699772,0.089206274877078,313.408304682201,28.0664153446747,8.9206274877078
2020-09-14,8790,127,8501,124,289,3,9584,136,112761,901,122345,1037,0,67,5,337,71,0,"Knox County",470313,176.690842056248,0.0944589877835951,220.491459942634,27.0032935513158,9.44589877835951
2020-09-13,8663,143,8377,136,286,7,9448,148,111860,1008,121308,1156,0,67,0,332,71,0,"Knox County",470313,186.471562555149,0.0971770385140099,245.793758624576,30.4052832900643,9.71770385140099
2020-09-12,8520,130,8241,123,279,7,9300,141,110852,1178,120152,1319,1,67,1,332,71,2,"Knox County",470313,186.046313837806,0.100692191217824,280.451529088075,27.6411666273312,10.0692191217824
2020-09-11,8390,103,8118,94,272,9,9159,105,109674,773,118833,878,0,66,5,331,69,2,"Knox County",470313,182.856948457729,0.108117773274526,186.684186913821,21.9003089431931,10.8117773274526
2020-09-10,8287,192,8024,189,263,3,9054,192,108901,1501,117955,1693,0,66,5,326,67,0,"Knox County",470313,196.890156130067,0.115493958777541,359.97303923132,40.8238768649814,11.5493958777541
2020-09-09,8095,91,7835,82,260,9,8862,93,107400,1710,116262,1803,0,66,2,321,67,0,"Knox County",470313,195.189161260692,0.101602564102564,383.361718685216,19.3488166391318,10.1602564102564
2020-09-08,8004,126,7753,124,251,2,8769,133,105690,702,114459,835,1,66,8,319,67,0,"Knox County",470313,193.913415108662,0.108703130374957,177.541339490935,26.790669192644,10.8703130374957
2020-09-07,7878,95,7629,92,249,3,8636,98,104988,347,113624,445,1,65,0,311,67,0,"Knox County",470313,187.109435631165,0.111944888670193,94.6178396089413,20.1993140738189,11.1944888670193
2020-09-06,7783,96,7537,92,246,4,8538,94,104641,476,113179,570,0,64,1,311,67,3,"Knox County",470313,177.116090773591,0.113482699191303,121.195884442914,20.4119384324907,11.3482699191303
2020-09-05,7687,284,7445,282,242,2,8444,295,104165,1506,112609,1801,0,64,4,310,64,0,"Knox County",470313,209.860242009045,0.125856697819315,382.936469967872,60.385317862785,12.5856697819315
2020-09-04,7403,93,7163,89,240,4,8149,97,102659,565,110808,662,1,64,0,306,64,0,"Knox County",470313,207.733998422327,0.12831348444103,140.757325440717,19.7740653564754,12.831348444103
2020-09-03,7310,190,7074,184,236,6,8052,198,102094,1798,110146,1996,2,63,6,306,64,1,"Knox County",470313,207.308749704984,0.124260355029586,424.398219908869,40.3986281476379,12.4260355029586
2020-09-02,7120,124,6890,120,230,4,7854,121,100296,1461,108150,1582,2,61,5,300,63,1,"Knox County",470313,214.325353541152,0.131288810036751,336.371735418753,26.3654204753005,13.1288810036751
2020-09-01,6996,153,6770,146,226,7,7733,158,98835,660,106568,818,2,59,4,295,62,3,"Knox County",470313,220.06621122529,0.134747269494539,173.926725393515,32.5315268767821,13.4747269494539
2020-08-31,6843,99,6624,93,219,6,7575,94,98175,431,105750,525,0,57,3,291,59,0,"Knox County",470313,220.916708659978,0.132889112396279,111.627788302684,21.049811508506,13.2889112396279
2020-08-30,6744,72,6531,71,213,1,7481,76,97744,423,105225,499,1,57,1,288,59,2,"Knox County",470313,215.813724051855,0.131802613218318,106.099554977217,15.308953824368,13.1802613218318
2020-08-29,6672,118,6460,113,212,5,7405,125,97321,1391,104726,1516,5,56,3,287,57,0,"Knox County",470313,180.51808051234,0.114372203211371,322.338527746416,25.0896743232698,11.4372203211371
2020-08-28,6554,89,6347,85,207,4,7280,91,95930,309,103210,400,0,51,3,284,57,0,"Knox County",470313,179.667583077653,0.117639040348964,85.0497434687113,18.9235679217883,11.7639040348964
2020-08-27,6465,116,6262,112,203,4,7189,134,95621,1986,102810,2120,0,51,2,281,57,1,"Knox County",470313,163.933380535941,0.107104557640751,450.76364038417,24.6644256059263,10.7104557640751
2020-08-26,6349,77,6150,76,199,1,7055,86,93635,794,100690,880,0,51,3,279,56,1,"Knox County",470313,153.940035678367,0.113051198579461,187.109435631165,16.3720756177269,11.3051198579461
2020-08-25,6272,87,6074,82,198,5,6969,96,92841,896,99810,992,2,51,3,276,55,0,"Knox County",470313,139.90682800603,0.101269474899019,210.923363802404,18.4983192044447,10.1269474899019
2020-08-24,6185,32,5992,28,193,4,6873,29,91945,261,98818,290,0,49,1,273,55,0,"Knox County",470313,125.660995975021,0.095117216664178,61.6610640148157,6.8039794774969,9.5117216664178
2020-08-23,6153,76,5964,75,189,1,6844,74,91684,565,98528,639,0,49,3,272,55,0,"Knox County",470313,126.511493409708,0.0928769928331139,135.866965191266,16.1594512590551,9.28769928331139
2020-08-22,6077,136,5889,135,188,1,6770,153,91119,1892,97889,2045,0,49,4,269,55,0,"Knox County",470313,130.3387318658,0.0900081455335325,434.816813483786,28.9169127793618,9.00081455335325
2020-08-21,5941,30,5754,30,187,0,6617,41,89227,262,95844,303,1,49,1,265,55,0,"Knox County",470313,117.793894704165,0.0843307194937405,64.4251806775488,6.37873076015334,8.43307194937405
2020-08-20,5911,119,5724,117,187,2,6576,130,88965,2068,95541,2198,3,48,3,264,55,0,"Knox County",470313,118.43176778018,0.0828909759085341,467.348340360568,25.3022986819416,8.28909759085341
2020-08-19,5792,46,5607,41,185,5,6446,48,86897,608,93343,656,2,45,4,261,55,0,"Knox County",470313,111.840412661355,0.080162852730591,139.481579288686,9.7807204989018,8.0162852730591
2020-08-18,5746,134,5566,132,180,2,6398,152,86289,1163,92687,1315,0,43,4,257,55,1,"Knox County",470313,121.833757518929,0.0842062852538276,279.601031653388,28.4916640620183,8.42062852538276
2020-08-17,5612,50,5434,42,178,8,6246,50,85126,289,91372,339,1,43,0,253,54,1,"Knox County",470313,125.660995975021,0.0864576384256171,72.0796575897328,10.6312179335889,8.64576384256171
2020-08-16,5562,83,5392,78,170,5,6196,82,84837,587,91033,669,0,42,1,253,53,1,"Knox County",470313,127.149366485723,0.0871760797342193,142.24569595142,17.6478217697576,8.71760797342193
2020-08-15,5479,119,5314,116,165,3,6114,132,84250,1223,90364,1355,1,42,2,252,52,0,"Knox County",470313,123.534752388303,0.0929041697147037,288.106006000259,25.3022986819416,9.29041697147037
2020-08-14,5360,91,5198,83,162,8,5982,96,83027,1024,89009,1120,0,41,2,250,52,1,"Knox County",470313,136.504838267282,0.0901725039205436,238.139281712392,19.3488166391318,9.01725039205436
2020-08-13,5269,127,5115,126,154,1,5886,229,82003,1778,87889,2007,1,41,4,248,51,1,"Knox County",470313,138.205833136656,0.105749899477282,426.737087854259,27.0032935513158,10.5749899477282
2020-08-12,5142,79,4989,72,153,7,5657,88,80225,892,85882,980,0,40,1,244,50,0,"Knox County",470313,145.222436972824,0.106486833654464,208.371871498343,16.7973243350705,10.6486833654464
2020-08-11,5063,111,4917,108,146,3,5569,117,79333,1121,84902,1238,0,40,5,243,50,2,"Knox County",470313,140.332076723374,0.103009859885833,263.228956035661,23.6013038125674,10.3009859885833
2020-08-10,4952,37,4809,35,143,2,5452,35,78212,365,83664,400,1,40,0,238,48,0,"Knox County",470313,137.56796006064,0.100270305058566,85.0497434687113,7.86710127085579,10.0270305058566
2020-08-09,4915,85,4774,81,141,4,5417,109,77847,826,83264,935,1,39,4,238,48,1,"Knox County",470313,137.993208777984,0.10031113876789,198.803775358113,18.0730704871011,10.031113876789
2020-08-08,4830,157,4693,156,137,1,5308,176,77021,2284,82329,2460,1,38,4,234,47,2,"Knox County",470313,146.072934407512,0.0929978118161926,523.055922332574,33.3820243114692,9.29978118161926
2020-08-07,4673,50,4537,46,136,4,5132,44,74737,403,79869,447,0,37,0,230,45,2,"Knox County",470313,137.355335701969,0.0942482579426007,95.0430883262848,10.6312179335889,9.42482579426007
2020-08-06,4623,113,4491,105,132,8,5088,121,74334,1463,79422,1584,-1,37,5,230,43,1,"Knox County",470313,134.378594680564,0.0857782197911487,336.796984136097,24.0265525299109,8.57782197911487
2020-08-05,4510,99,4386,99,124,0,4967,100,72871,1107,77838,1207,1,38,3,225,42,1,"Knox County",470313,138.631081853999,0.0848748639825898,256.637600916836,21.049811508506,8.48748639825898
2020-08-04,4411,112,4287,111,124,1,4867,106,71764,1082,76631,1188,1,37,9,222,41,0,"Knox County",470313,138.843706212671,0.0840530349105948,252.597738102072,23.8139281712392,8.40530349105948
2020-08-03,4299,50,4176,50,123,0,4761,81,70682,593,75443,674,2,36,1,213,41,1,"Knox County",470313,141.607822875404,0.0867569158328429,143.308817744778,10.6312179335889,8.67569158328429
2020-08-02,4249,97,4126,91,123,6,4680,95,70089,692,74769,787,3,34,2,212,40,0,"Knox County",470313,144.159315179466,0.0866179465676291,167.335370274689,20.6245627911625,8.66179465676291
2020-08-01,4152,118,4035,110,117,8,4585,118,69397,1417,73982,1535,1,31,1,210,40,1,"Knox County",470313,135.866965191266,0.0895984909727836,326.37839056118,25.0896743232698,8.95984909727836
2020-07-31,4034,117,3925,114,109,3,4467,116,67980,1060,72447,1176,2,30,1,209,39,3,"Knox County",470313,150.112797222275,0.0904183535762483,250.046245798011,24.877049964598,9.04183535762483
2020-07-30,3917,189,3811,186,106,3,4351,227,66920,2420,71271,2647,1,28,7,208,36,2,"Knox County",470313,166.272248481331,0.0914912090297374,562.816677404197,40.1860037889661,9.14912090297373
2020-07-29,3728,75,3625,71,103,4,4124,60,64500,438,68624,498,0,27,3,201,34,4,"Knox County",470313,161.169263873208,0.0944150499706055,105.886930618546,15.9468269003834,9.44150499706055
2020-07-28,3653,154,3554,152,99,2,4064,186,64062,1211,68126,1397,1,27,3,198,30,0,"Knox County",470313,170.099486937423,0.101331191186596,297.036229064474,32.7441512354538,10.1331191186596
2020-07-27,3499,83,3402,76,97,7,3878,85,62851,677,66729,762,3,26,2,195,30,1,"Knox County",470313,177.116090773591,0.100772551692797,162.019761307895,17.6478217697576,10.0772551692797
2020-07-26,3416,118,3326,113,90,5,3793,132,62174,1472,65967,1604,0,23,2,193,29,1,"Knox County",470313,181.581202305699,0.0960598814845618,341.049471309532,25.0896743232698,9.60598814845618
2020-07-25,3298,175,3213,172,85,3,3661,197,60702,1949,64363,2146,2,23,3,191,28,3,"Knox County",470313,193.70079074999,0.0980449657869013,456.291873709636,37.2092627675612,9.80449657869013
2020-07-24,3123,106,3041,99,82,7,3464,113,58753,916,62217,1029,0,21,4,188,25,0,"Knox County",470313,191.3619228046,0.0991768322919766,218.79046507326,22.5381820192085,9.91768322919766
2020-07-23,3017,205,2942,197,75,8,3351,254,57837,2389,61188,2643,0,21,4,184,25,1,"Knox County",470313,194.763912543349,0.101895029268777,561.96617996951,43.5879935277145,10.1895029268777
2020-07-22,2812,69,2745,61,67,8,3097,63,55448,437,58545,500,3,21,3,180,24,0,"Knox County",470313,193.488166391318,0.102172403531396,106.312179335889,14.6710807483527,10.2172403531396
2020-07-21,2743,232,2684,228,59,4,3034,280,55011,1691,58045,1971,0,18,12,177,24,1,"Knox County",470313,210.072866367717,0.105490380103238,419.082610942075,49.3288512118525,10.5490380103238
2020-07-20,2511,74,2456,70,55,4,2754,57,53320,364,56074,421,0,18,4,165,23,1,"Knox County",470313,208.159247139671,0.106263331394221,89.5148550008186,15.7342025417116,10.6263331394221
2020-07-19,2437,84,2386,74,51,10,2697,74,52956,577,55653,651,0,18,0,161,22,2,"Knox County",470313,200.93001894483,0.110885589146459,138.418457495328,17.8604461284294,11.0885589146459
2020-07-18,2353,112,2312,109,41,3,2623,146,52379,2258,55002,2404,1,18,8,161,20,1,"Knox County",470313,187.534684348508,0.102609418858509,511.148958246955,23.8139281712392,10.2609418858509
2020-07-17,2241,74,2203,74,38,0,2477,80,50121,347,52598,427,0,17,6,153,19,2,"Knox County",470313,180.730704871011,0.105800155262282,90.7906011528493,15.7342025417116,10.5800155262282
2020-07-16,2167,187,2129,185,38,2,2397,228,49774,2033,52171,2261,2,17,3,147,17,0,"Knox County",470313,176.903466414919,0.107469600463231,480.74367495689,39.7607550716225,10.7469600463231
2020-07-15,1980,78,1944,78,36,0,2169,80,47741,511,49910,591,3,15,4,144,17,1,"Knox County",470313,178.817085642965,0.108297043318817,125.660995975021,16.5846999763987,10.8297043318817
2020-07-14,1902,95,1866,95,36,0,2089,127,47230,777,49319,904,2,12,1,140,16,1,"Knox County",470313,149.687548504932,0.103407755581669,192.212420239287,20.1993140738189,10.3407755581669
2020-07-13,1807,94,1771,92,36,2,1962,59,46453,655,48415,714,1,10,2,139,15,3,"Knox County",470313,153.940035678367,0.0998490945674044,151.81379209165,19.9866897151471,9.98490945674044
2020-07-12,1713,69,1679,67,34,2,1903,87,45798,916,47701,1003,0,9,4,137,12,1,"Knox County",470313,150.750670298291,0.0971820809248555,213.262231747793,14.6710807483527,9.71820809248555
2020-07-11,1644,28,1612,27,32,1,1816,36,44882,883,46698,919,0,9,2,133,11,1,"Knox County",470313,132.890224169861,0.102214400938554,195.401785619364,5.95348204280979,10.2214400938554
2020-07-10,1616,78,1585,74,31,4,1780,68,43999,418,45779,486,0,9,6,131,10,0,"Knox County",470313,133.740721604548,0.0995929049142193,103.335438314484,16.5846999763987,9.95929049142192
2020-07-09,1538,70,1511,66,27,4,1712,88,43581,1652,45293,1740,0,9,8,125,10,0,"Knox County",470313,108.86367163995,0.0857322636463741,369.966384088894,14.8837051070245,8.57322636463741
2020-07-08,1468,70,1445,65,23,5,1624,63,41929,594,43553,657,1,9,5,117,10,0,"Knox County",470313,107.162676770576,0.0822045773003269,139.694203647358,14.8837051070245,8.2204577300327
2020-07-07,1398,79,1380,79,18,0,1561,104,41335,1303,42896,1407,0,8,7,112,10,1,"Knox County",470313,103.760687031828,0.0729136586774473,299.162472651192,16.7973243350705,7.29136586774473
2020-07-06,1319,35,1301,35,18,0,1457,34,40032,658,41489,692,1,8,6,105,9,0,"Knox County",470313,91.2158498701928,0.0695249130938586,147.13605620087,7.44185255351224,6.95249130938586
2020-07-05,1284,77,1266,77,18,0,1423,109,39374,1079,40797,1188,2,7,6,99,9,1,"Knox County",470313,92.9168447395671,0.0708139370856256,252.597738102072,16.3720756177269,7.08139370856256
2020-07-04,1207,41,1189,40,18,1,1314,50,38295,1141,39609,1191,0,5,1,93,8,2,"Knox County",470313,95.6809614023002,0.0700991713082462,253.235611178088,8.7175987055429,7.00991713082462
2020-07-03,1166,62,1149,61,17,1,1264,49,37154,910,38418,959,0,5,4,92,6,0,"Knox County",470313,92.2789716635517,0.0634414092417667,203.906759966235,13.1827102376502,6.34414092417667
2020-07-02,1104,68,1088,68,16,0,1215,102,36244,1228,37459,1330,0,5,2,88,6,0,"Knox County",470313,91.8537229462082,0.0688308189655172,282.790397033465,14.4584563896809,6.88308189655172
2020-07-01,1036,49,1020,49,16,0,1113,34,35016,737,36129,771,0,5,4,86,6,1,"Knox County",470313,87.3886114141008,0.0639426903687981,163.933380535941,10.4185935749171,6.39426903687981
2020-06-30,987,40,971,39,16,1,1079,73,34279,1514,35358,1587,0,5,3,82,5,0,"Knox County",470313,79.0962614259015,0.0584348276755636,337.434857212112,8.50497434687113,5.84348276755636
2020-06-29,947,51,932,51,15,0,1006,79,32765,1333,33771,1412,0,5,3,79,5,0,"Knox County",470313,82.4982511646499,0.058781701825077,300.225594444551,10.8438422922607,5.8781701825077
2020-06-28,896,10,881,10,15,0,927,30,31432,684,32359,714,0,5,1,76,5,0,"Knox County",470313,68.2524191336408,0.0523606228026118,151.81379209165,2.12624358671778,5.23606228026117
2020-06-27,886,29,871,29,15,0,897,16,30748,111,31645,127,0,5,3,75,5,0,"Knox County",470313,65.7009268295794,0.0555072463768116,27.0032935513158,6.16610640148157,5.55072463768116
2020-06-26,857,37,842,37,15,0,881,14,30637,319,31518,333,0,5,8,72,5,0,"Knox County",470313,60.385317862785,0.0554670066942939,70.8039114377021,7.86710127085579,5.54670066942939
2020-06-25,820,32,805,32,15,0,867,52,30318,702,31185,754,0,5,1,64,5,0,"Knox County",470313,52.730840950601,0.0522990522990523,160.318766438521,6.8039794774969,5.22990522990523
2020-06-24,788,35,773,34,15,1,815,32,29616,272,30431,304,0,5,1,63,5,0,"Knox County",470313,49.7540999291961,0.0565857388644619,64.6378050362206,7.44185255351224,5.65857388644619
2020-06-23,753,27,739,24,14,3,783,25,29344,215,30127,240,0,5,4,62,5,0,"Knox County",470313,46.989983266463,0.0638516992790937,51.0298460812268,5.74085768413801,6.38516992790937
2020-06-22,726,36,715,36,11,0,758,31,29129,572,29887,603,0,5,0,58,5,0,"Knox County",470313,43.8006178863863,0.0650406504065041,128.212488279082,7.65447691218401,6.50406504065041
2020-06-21,690,31,679,31,11,0,727,37,28557,815,29284,852,0,5,1,58,5,0,"Knox County",470313,48.2657294184936,0.0644257703081232,181.155953588355,6.59135511882512,6.44257703081232
2020-06-20,659,17,648,17,11,0,690,9,27742,437,28432,446,0,5,2,57,5,0,"Knox County",470313,45.7142371144323,0.0566251415628539,94.8304639676131,3.61461409742023,5.66251415628539
2020-06-19,642,30,631,28,11,2,681,10,27305,334,27986,344,0,5,1,55,5,0,"Knox County",470313,44.2258666037299,0.0553203499858877,73.1427793830917,6.37873076015334,5.53203499858877
2020-06-18,612,15,603,15,9,0,671,18,26971,804,27642,822,0,5,0,54,5,0,"Knox County",470313,40.6112525063096,0.0448629188590418,174.777222828202,3.18936538007667,4.48629188590418
2020-06-17,597,17,588,17,9,0,653,13,26167,282,26820,295,0,5,0,54,5,0,"Knox County",470313,36.7840140502176,0.0397001665741255,62.7241858081746,3.61461409742023,3.97001665741255
2020-06-16,580,9,571,8,9,1,640,9,25885,178,26525,187,0,5,0,54,5,0,"Knox County",470313,32.9567755941256,0.0357847280924204,39.7607550716225,1.913619228046,3.57847280924204
2020-06-15,571,8,563,8,8,0,631,9,25707,218,26338,227,0,5,0,54,5,0,"Knox County",470313,27.0032935513158,0.0330917113142137,48.2657294184936,1.70099486937423,3.30917113142137
2020-06-14,563,8,555,8,8,0,622,9,25489,624,26111,633,0,5,0,54,5,0,"Knox County",470313,22.1129333018649,0.0260663507109005,134.591219039236,1.70099486937423,2.60663507109005
2020-06-13,555,10,547,8,8,2,613,9,24865,213,25478,222,0,5,3,54,5,0,"Knox County",470313,20.6245627911625,0.0282051282051282,47.2026076251348,2.12624358671778,2.82051282051282
2020-06-12,545,19,539,19,6,0,604,19,24652,750,25256,769,0,5,0,51,5,0,"Knox County",470313,18.2856948457729,0.0272583201267829,163.508131818597,4.03986281476378,2.72583201267829
2020-06-11,526,7,520,7,6,0,585,10,23902,379,24487,389,0,5,2,51,5,0,"Knox County",470313,16.5846999763987,0.0286554004408523,82.7108755233217,1.48837051070245,2.86554004408523
2020-06-10,519,12,513,12,6,0,575,12,23523,705,24098,717,0,5,0,49,5,0,"Knox County",470313,15.5215781830398,0.0244910941475827,152.451665167665,2.55149230406134,2.44910941475827
2020-06-09,507,16,501,16,6,0,563,19,22818,508,23381,527,0,5,1,49,5,0,"Knox County",470313,17.0099486937423,0.0249712973593571,112.053037020027,3.40198973874845,2.49712973593571
2020-06-08,491,8,485,8,6,0,544,8,22310,336,22854,344,0,5,1,48,5,0,"Knox County",470313,17.0099486937423,0.0238822549291863,73.1427793830917,1.70099486937423,2.38822549291863
2020-06-07,483,7,477,7,6,0,536,8,21974,847,22510,855,0,5,1,47,5,0,"Knox County",470313,16.7973243350705,0.0222338477635365,181.79382666437,1.48837051070245,2.22338477635365
2020-06-06,476,11,470,11,6,0,528,12,21127,478,21655,490,0,5,0,46,5,0,"Knox County",470313,17.0099486937423,0.0215106330970423,104.185935749171,2.33886794538956,2.15106330970423
2020-06-05,465,18,459,18,6,0,516,17,20649,518,21165,535,0,5,1,46,5,0,"Knox County",470313,16.7973243350705,0.0222971221156339,113.754031889401,3.82723845609201,2.22971221156339
2020-06-04,447,4,441,4,6,0,499,4,20131,338,20630,342,0,5,0,45,5,0,"Knox County",470313,16.1594512590551,0.020997375328084,72.7175306657481,0.850497434687113,2.0997375328084
2020-06-03,443,4,437,4,6,0,495,4,19793,399,20288,403,0,5,0,45,5,0,"Knox County",470313,14.4584563896809,0.0205949656750572,85.6876165447266,0.850497434687113,2.05949656750572
2020-06-02,439,26,433,25,6,1,491,24,19394,939,19885,963,0,5,2,45,5,0,"Knox County",470313,16.5846999763987,0.0195829094608342,204.757257400922,5.52823332546623,1.95829094608342
2020-06-01,413,17,408,17,5,0,467,20,18455,972,18922,992,0,5,0,43,5,0,"Knox County",470313,18.4983192044447,0.0194323144104804,210.923363802404,3.61461409742023,1.94323144104803
2020-05-31,396,7,391,7,5,0,447,7,17483,317,17930,324,0,5,0,43,5,0,"Knox County",470313,18.4983192044447,0.0217337614225735,68.8902922096561,1.48837051070245,2.17337614225735
2020-05-30,389,6,384,6,5,0,440,6,17166,294,17606,300,0,5,2,43,5,0,"Knox County",470313,17.4351974110858,0.0212490282456595,63.7873076015334,1.27574615203067,2.12490282456595
2020-05-29,383,8,378,8,5,0,434,7,16872,205,17306,212,0,5,0,41,5,0,"Knox County",470313,15.308953824368,0.0203619909502262,45.076364038417,1.70099486937423,2.03619909502262
2020-05-28,375,11,370,11,5,0,427,11,16667,336,17094,347,0,5,0,41,5,0,"Knox County",470313,16.7973243350705,0.022310081897769,73.780652459107,2.33886794538956,2.2310081897769
2020-05-27,364,5,359,5,5,0,416,6,16331,420,16747,426,0,5,1,41,5,0,"Knox County",470313,17.0099486937423,0.0227272727272727,90.5779767941775,1.06312179335889,2.27272727272727
2020-05-26,359,9,354,9,5,0,410,10,15911,1142,16321,1152,0,5,0,40,5,0,"Knox County",470313,13.395334596322,0.0178523847588596,244.943261189888,1.913619228046,1.78523847588596
2020-05-25,350,9,345,9,5,0,400,11,14769,381,15169,392,0,5,1,40,5,0,"Knox County",470313,11.6943397269478,0.018395179194418,83.348748599337,1.913619228046,1.8395179194418
2020-05-24,341,2,336,2,5,0,389,3,14388,273,14777,276,0,5,0,39,5,0,"Knox County",470313,10.6312179335889,0.0173913043478261,58.6843229934108,0.425248717343556,1.73913043478261
2020-05-23,339,7,334,7,5,0,386,10,14115,360,14501,370,0,5,2,39,5,0,"Knox County",470313,10.8438422922607,0.0182677165354331,78.6710127085579,1.48837051070245,1.82677165354331
2020-05-22,332,1,327,1,5,0,376,1,13755,253,14131,254,0,5,0,37,5,0,"Knox County",470313,9.35547178155824,0.0161641280696301,54.0065871026317,0.212624358671778,1.61641280696301
2020-05-21,331,0,326,0,5,0,375,0,13502,250,13877,250,0,5,0,37,5,0,"Knox County",470313,7.01660383616868,0.0131410256410256,53.1560896679445,0,1.31410256410256
2020-05-20,331,7,326,7,5,0,375,7,13252,360,13627,367,0,5,0,37,5,0,"Knox County",470313,7.44185255351224,0.0137210062071219,78.0331396325426,1.48837051070245,1.37210062071219
2020-05-19,324,7,319,7,5,0,368,7,12892,369,13260,376,0,5,2,37,5,0,"Knox County",470313,7.01660383616868,0.0170678336980306,79.9467588605886,1.48837051070245,1.70678336980306
2020-05-18,317,3,312,3,5,0,361,4,12523,478,12884,482,0,5,0,35,5,0,"Knox County",470313,5.74085768413801,0.0134736842105263,102.484940879797,0.637873076015334,1.34736842105263
2020-05-17,314,3,309,3,5,0,357,5,12045,216,12402,221,0,5,1,35,5,0,"Knox County",470313,5.95348204280979,0.0146551724137931,46.989983266463,0.637873076015334,1.46551724137931
2020-05-16,311,0,306,0,5,0,352,0,11829,349,12181,349,0,5,0,34,5,0,"Knox County",470313,4.46511153210734,0.0104393214441061,74.2059011764506,0,1.04393214441061
2020-05-15,311,1,306,1,5,0,352,4,11480,540,11832,544,0,5,0,34,5,0,"Knox County",470313,4.46511153210734,0.0104287369640788,115.667651117447,0.212624358671778,1.04287369640788
2020-05-14,310,3,305,3,5,0,348,7,10940,458,11288,465,0,5,0,34,5,0,"Knox County",470313,5.10298460812268,0.0121255349500713,98.8703267823768,0.637873076015334,1.21255349500713
2020-05-13,307,7,302,7,5,0,341,5,10482,341,10823,346,0,5,0,34,5,0,"Knox County",470313,5.10298460812268,0.011498383039885,73.5680281004352,1.48837051070245,1.1498383039885
2020-05-12,300,6,295,6,5,0,336,8,10141,401,10477,409,0,5,0,34,5,0,"Knox County",470313,4.8903602494509,0.01171875,86.9633626967573,1.27574615203067,1.171875
2020-05-11,294,16,289,16,5,0,328,12,9740,254,10068,266,0,5,1,34,5,0,"Knox County",470313,7.65447691218401,0.0157692307692308,56.558079406693,3.40198973874845,1.57692307692308
2020-05-10,278,5,273,5,5,0,316,5,9486,221,9802,226,0,5,1,33,5,0,"Knox County",470313,8.07972562952757,0.0157389635316699,48.0531050598219,1.06312179335889,1.57389635316699
2020-05-09,273,2,268,2,5,0,311,4,9265,352,9576,356,0,5,0,32,5,0,"Knox County",470313,8.50497434687113,0.0172281776416539,75.694271687153,0.425248717343556,1.72281776416539
2020-05-08,271,3,266,3,5,0,307,4,8913,265,9220,269,0,5,0,32,5,0,"Knox County",470313,8.93022306421468,0.0192554557124519,57.1959524827083,0.637873076015334,1.92554557124519
2020-05-07,268,3,263,3,5,0,303,3,8648,220,8951,223,0,5,0,32,5,0,"Knox County",470313,8.93022306421468,0.0195704057279236,47.4152319838065,0.637873076015334,1.95704057279236
2020-05-06,265,1,260,1,5,0,300,1,8428,185,8728,186,0,5,0,32,5,0,"Knox County",470313,7.65447691218401,0.0191214470284238,39.5481307129507,0.212624358671778,1.91214470284238
2020-05-05,264,4,259,4,5,0,299,5,8243,305,8542,310,0,5,0,32,5,0,"Knox County",470313,7.22922819484046,0.0185185185185185,65.9135511882512,0.850497434687113,1.85185185185185
2020-05-04,260,4,255,4,5,0,294,7,7938,259,8232,266,0,5,0,32,5,0,"Knox County",470313,4.67773589077912,0.0157952069716776,56.558079406693,0.850497434687113,1.57952069716776
2020-05-03,256,7,251,5,5,2,287,6,7679,290,7966,296,0,5,2,32,5,0,"Knox County",470313,5.10298460812268,0.0157397691500525,62.9368101668463,1.48837051070245,1.57397691500525
2020-05-02,249,3,246,3,3,0,281,5,7389,308,7670,313,0,5,1,30,5,0,"Knox County",470313,5.31560896679445,0.0166398282340311,66.5514242642666,0.637873076015334,1.66398282340311
2020-05-01,246,9,243,8,3,1,276,7,7081,354,7357,361,0,5,0,29,5,0,"Knox County",470313,6.59135511882512,0.0173913043478261,76.7573934805119,1.913619228046,1.73913043478261
2020-04-30,237,4,235,4,2,0,269,3,6727,119,6996,122,0,5,0,29,5,0,"Knox County",470313,6.8039794774969,0.0183387270765912,25.9401717579569,0.850497434687113,1.83387270765912
2020-04-29,233,8,231,8,2,0,266,10,6608,671,6874,681,0,5,0,29,5,0,"Knox County",470313,8.29234998819935,0.0183056619838229,144.797188255481,1.70099486937423,1.83056619838229
2020-04-28,225,8,223,8,2,0,256,10,5937,391,6193,401,1,5,0,29,5,0,"Knox County",470313,9.14284742288646,0.019672131147541,85.262367827383,1.70099486937423,1.9672131147541
2020-04-27,217,2,215,2,2,0,246,4,5546,161,5792,165,0,4,0,29,5,1,"Knox County",470313,8.7175987055429,0.0192389910218042,35.0830191808434,0.425248717343556,1.92389910218042
2020-04-26,215,1,213,1,2,0,242,1,5385,172,5627,173,0,4,0,29,4,0,"Knox County",470313,7.44185255351224,0.0180505415162455,36.7840140502176,0.212624358671778,1.80505415162455
2020-04-25,214,0,212,0,2,0,241,0,5213,53,5454,53,0,4,0,29,4,0,"Knox County",470313,6.8039794774969,0.0178936605316973,11.2690910096042,0,1.78936605316973
2020-04-24,214,8,212,8,2,0,241,10,5160,836,5401,846,0,4,1,29,4,0,"Knox County",470313,6.59135511882512,0.0155673904137649,179.880207436324,1.70099486937423,1.55673904137648
2020-04-23,206,1,204,1,2,0,231,2,4324,137,4555,139,0,4,0,28,4,0,"Knox County",470313,5.95348204280979,0.0150528885272579,29.5547858553772,0.212624358671778,1.50528885272579
2020-04-22,205,5,203,3,2,2,229,2,4187,189,4416,191,0,4,0,28,4,0,"Knox County",470313,5.31560896679445,0.0147357723577236,40.6112525063096,1.06312179335889,1.47357723577236
2020-04-21,200,4,200,4,0,0,227,5,3998,475,4225,480,0,4,1,28,4,0,"Knox County",470313,4.46511153210734,0.0117244748412311,102.059692162454,0.850497434687113,1.17244748412311
2020-04-20,196,3,196,3,0,0,222,2,3523,175,3745,177,0,4,1,27,4,0,"Knox County",470313,4.67773589077912,0.0106847984458475,37.6345114849047,0.637873076015334,1.06847984458475
2020-04-19,193,0,193,0,0,0,220,0,3348,72,3568,72,0,4,0,26,4,0,"Knox County",470313,4.46511153210734,0.0107252298263534,15.308953824368,0,1.07252298263534
2020-04-18,193,0,193,0,0,0,220,1,3276,135,3496,136,0,4,0,26,4,0,"Knox County",470313,4.46511153210734,0.0107790298873101,28.9169127793618,0,1.07790298873101
2020-04-17,193,2,193,2,0,0,219,3,3141,104,3360,107,0,4,1,26,4,0,"Knox County",470313,3.18936538007667,0.0115207373271889,22.7508063778803,0.425248717343556,1.15207373271889
2020-04-16,191,7,191,7,0,0,216,9,3037,213,3253,222,0,4,2,25,4,0,"Knox County",470313,4.46511153210734,0.015884476534296,47.2026076251348,1.48837051070245,1.5884476534296
2020-04-15,184,9,184,9,0,0,207,10,2824,84,3031,94,0,4,1,23,4,0,"Knox County",470313,5.31560896679445,0.0232919254658385,19.9866897151471,1.913619228046,2.32919254658385
2020-04-14,175,4,175,4,0,0,197,4,2740,102,2937,106,0,4,1,22,4,0,"Knox County",470313,5.31560896679445,0.0317286652078775,22.5381820192085,0.850497434687113,3.17286652078775
2020-04-13,171,4,171,4,0,0,193,9,2638,242,2831,251,0,4,1,21,4,0,"Knox County",470313,5.52823332546623,0.0364372469635627,53.3687140266163,0.850497434687113,3.64372469635628
2020-04-12,167,5,167,5,0,0,184,6,2396,166,2580,172,0,4,0,20,4,0,"Knox County",470313,6.59135511882512,0.0386029411764706,36.5713896915458,1.06312179335889,3.86029411764706
2020-04-11,162,5,162,5,0,0,178,8,2230,313,2408,321,1,4,1,20,4,0,"Knox County",470313,7.65447691218401,0.0384917517674784,68.2524191336408,1.06312179335889,3.84917517674784
2020-04-10,157,4,157,4,0,0,170,5,1917,123,2087,128,0,3,0,19,4,0,"Knox County",470313,8.07972562952757,0.0394126738794436,27.2159179099876,0.850497434687113,3.94126738794436
2020-04-09,153,1,153,1,0,0,165,1,1794,81,1959,82,0,3,0,19,4,0,"Knox County",470313,6.8039794774969,0.037261698440208,17.4351974110858,0.212624358671778,3.7261698440208
2020-04-08,152,8,152,8,0,0,164,12,1713,111,1877,123,0,3,1,19,4,1,"Knox County",470313,6.59135511882512,0.0380388841927303,26.1527961166287,1.70099486937423,3.80388841927303
2020-04-07,144,20,144,20,0,0,152,25,1602,366,1754,391,0,3,2,18,3,0,"Knox County",470313,9.99334485757357,0.0449591280653951,83.1361242406653,4.25248717343556,4.49591280653951
2020-04-06,124,8,124,8,0,0,127,14,1236,54,1363,68,2,3,1,16,3,0,"Knox County",470313,10.8438422922607,0.0552529182879377,14.4584563896809,1.70099486937423,5.52529182879377
2020-04-05,116,4,116,4,0,0,113,10,1182,75,1295,85,0,1,0,15,3,1,"Knox County",470313,10.6312179335889,0.0626043405676127,18.0730704871011,0.850497434687113,6.26043405676127
2020-04-04,112,15,112,15,0,0,103,6,1107,127,1210,133,0,1,1,15,2,1,"Knox County",470313,12.7574615203067,0.0722772277227723,28.2790397033465,3.18936538007667,7.22772277227723
2020-04-03,97,4,97,4,0,0,97,3,980,51,1077,54,0,1,1,14,1,0,"Knox County",470313,12.7574615203067,0.0758547008547008,11.481715368276,0.850497434687113,7.58547008547009
2020-04-02,93,7,93,7,0,0,94,7,929,106,1023,113,0,1,0,13,1,0,"Knox County",470313,14.0332076723374,0.0796277145811789,24.0265525299109,1.48837051070245,7.96277145811789
2020-04-01,86,15,86,15,0,0,87,15,823,140,910,155,0,0,1,13,1,0,"Knox County",470313,15.5215781830398,0.0800800800800801,32.9567755941256,3.18936538007667,8.00800800800801
2020-03-31,71,8,71,8,0,0,72,11,683,58,755,69,0,0,1,12,1,0,"Knox County",470313,12.9700858789785,0.0974889217134417,14.6710807483527,1.70099486937423,9.74889217134417
2020-03-30,63,13,63,13,0,0,61,15,625,130,686,145,0,0,2,11,1,0,"Knox County",470313,14.0332076723374,0.0888594164456233,30.8305320074078,2.76411666273312,8.88594164456233
2020-03-29,50,8,50,8,0,0,46,8,495,55,541,63,0,0,1,9,1,1,"Knox County",470313,14.8837051070245,0.0887978142076503,13.395334596322,1.70099486937423,8.87978142076503
2020-03-28,42,7,42,7,0,0,38,6,440,62,478,68,0,0,1,8,0,0,"Knox County",470313,13.1827102376502,0.0974512743628186,14.4584563896809,1.48837051070245,9.74512743628186
2020-03-27,35,2,35,2,0,0,32,2,378,54,410,56,0,0,1,7,0,0,"Knox County",470313,12.7574615203067,0.0956651718983558,11.9069640856196,0.425248717343556,9.56651718983558
2020-03-26,33,7,33,7,0,0,30,7,324,82,354,89,0,0,2,6,0,0,"Knox County",470313,12.7574615203067,0.0992248062015504,18.9235679217883,1.48837051070245,9.92248062015504
2020-03-25,26,6,26,6,0,0,23,7,242,68,265,75,0,0,1,4,0,0,"Knox County",470313,10.8438422922607,0.0991150442477876,15.9468269003834,1.27574615203067,9.91150442477876
2020-03-24,20,7,20,7,0,0,16,7,174,43,190,50,0,0,0,3,0,0,"Knox County",470313,10.6312179335889,0.0952380952380952,10.6312179335889,1.48837051070245,9.52380952380952
2020-03-23,13,4,13,4,0,0,9,4,131,22,140,26,0,0,2,3,0,0,"Knox County",470313,8.7175987055429,0.0960187353629977,5.52823332546623,0.850497434687113,9.60187353629976
2020-03-22,9,2,9,2,0,0,5,0,109,9,114,9,0,0,1,1,0,0,"Knox County",470313,7.44185255351224,0.0884718498659517,1.913619228046,0.425248717343556,8.84718498659517
2020-03-21,7,1,7,1,0,0,5,2,100,17,105,19,0,0,0,0,0,0,"Knox County",470313,6.16610640148157,0.0895061728395062,4.03986281476378,0.212624358671778,8.95061728395062
2020-03-20,6,5,6,5,0,0,3,2,83,38,86,40,0,0,0,0,0,0,"Knox County",470313,6.8039794774969,0.0941558441558442,8.50497434687113,1.06312179335889,9.41558441558442
2020-03-19,1,0,1,0,0,0,1,0,45,11,46,11,0,0,0,0,0,0,"Knox County",470313,5.31560896679445,0.0956521739130435,2.33886794538956,0,9.56521739130435
2020-03-18,1,0,1,0,0,0,1,0,34,15,35,15,0,0,0,0,0,0,"Knox County",470313,4.03986281476378,0.0882352941176471,3.18936538007667,0,8.82352941176471
2020-03-17,1,0,1,0,0,0,1,0,19,5,20,5,0,0,0,0,0,0,"Knox County",470313,2.55149230406134,0.064,1.06312179335889,0,6.4
2020-03-16,1,1,1,1,0,0,1,1,14,3,15,4,0,0,0,0,0,0,"Knox County",470313,1.913619228046,0.0485436893203883,0.850497434687113,0.212624358671778,4.85436893203883
2020-03-15,0,0,0,0,0,0,0,0,11,1,11,1,0,0,0,0,0,0,"Knox County",470313,1.48837051070245,0.0526315789473684,0.212624358671778,0,5.26315789473684
2020-03-14,0,0,0,0,0,0,0,0,10,8,10,8,0,0,0,0,0,0,"Knox County",470313,1.27574615203067,0.0357142857142857,1.70099486937423,0,3.57142857142857
2020-03-13,0,0,0,0,0,0,0,0,2,0,2,0,0,0,0,0,0,0,"Knox County",470313,0.212624358671778,0.0227272727272727,0,0,2.27272727272727
2020-03-12,0,0,0,0,0,0,0,0,2,2,2,2,0,0,0,0,0,0,"Knox County",470313,0.212624358671778,0.0285714285714286,0.425248717343556,0,2.85714285714286
2020-03-12,0,0,0,0,0,0,0,0,0,0,0,0,0,0,0,0,0,0,"Anderson",76978,NA,NA,0,0,NA
2020-03-13,0,0,0,0,0,0,0,0,1,1,1,1,0,0,0,0,0,0,"Anderson",76978,NA,NA,1.29907246226194,0,NA
2020-03-14,0,0,0,0,0,0,0,0,1,0,1,0,0,0,0,0,0,0,"Anderson",76978,NA,NA,0,0,NA
2020-03-15,0,0,0,0,0,0,0,0,1,0,1,0,0,0,0,0,0,0,"Anderson",76978,NA,NA,0,0,NA
2020-03-16,0,0,0,0,0,0,0,0,2,1,2,1,0,0,0,0,0,0,"Anderson",76978,NA,NA,1.29907246226194,0,NA
2020-03-17,0,0,0,0,0,0,0,0,4,2,4,2,0,0,0,0,0,0,"Anderson",76978,NA,NA,2.59814492452389,0,NA
2020-03-18,0,0,0,0,0,0,0,0,4,0,4,0,0,0,0,0,0,0,"Anderson",76978,0,0,0,0,0
2020-03-19,1,1,1,1,0,0,2,2,5,1,7,3,0,0,0,0,0,0,"Anderson",76978,1.29907246226194,0.285714285714286,3.89721738678583,1.29907246226194,28.5714285714286
2020-03-20,1,0,1,0,0,0,2,0,7,2,9,2,0,0,0,0,0,0,"Anderson",76978,1.29907246226194,0.25,2.59814492452389,0,25
2020-03-21,1,0,1,0,0,0,2,0,7,0,9,0,0,0,0,0,0,0,"Anderson",76978,1.29907246226194,0.25,0,0,25
2020-03-22,1,0,1,0,0,0,2,0,10,3,12,3,0,0,0,0,0,0,"Anderson",76978,1.29907246226194,0.181818181818182,3.89721738678583,0,18.1818181818182
2020-03-23,1,0,1,0,0,0,2,0,15,5,17,5,0,0,0,0,0,0,"Anderson",76978,1.29907246226194,0.133333333333333,6.49536231130973,0,13.3333333333333
2020-03-24,1,0,1,0,0,0,2,0,20,5,22,5,0,0,0,0,0,0,"Anderson",76978,1.29907246226194,0.111111111111111,6.49536231130973,0,11.1111111111111
2020-03-25,2,1,2,1,0,0,4,2,29,9,33,11,0,0,0,0,0,0,"Anderson",76978,2.59814492452389,0.137931034482759,14.2897970848814,1.29907246226194,13.7931034482759
2020-03-26,3,1,3,1,0,0,5,1,44,15,49,16,0,0,1,1,0,0,"Anderson",76978,2.59814492452389,0.0714285714285714,20.7851593961911,1.29907246226194,7.14285714285714
2020-03-27,4,1,4,1,0,0,6,1,53,9,59,10,0,0,0,1,0,0,"Anderson",76978,3.89721738678583,0.08,12.9907246226195,1.29907246226194,8
2020-03-28,7,3,7,3,0,0,9,3,72,19,81,22,0,0,1,2,0,0,"Anderson",76978,7.79443477357167,0.0972222222222222,28.5795941697628,3.89721738678583,9.72222222222222
2020-03-29,7,0,7,0,0,0,9,0,83,11,92,11,0,0,0,2,0,0,"Anderson",76978,7.79443477357167,0.0875,14.2897970848814,0,8.75
2020-03-30,8,1,8,1,0,0,10,1,127,44,137,45,0,0,0,2,0,0,"Anderson",76978,9.09350723583361,0.0666666666666667,58.4582608017875,1.29907246226194,6.66666666666667
2020-03-31,9,1,9,1,0,0,11,1,142,15,153,16,0,0,0,2,0,0,"Anderson",76978,10.3925796980956,0.0687022900763359,20.7851593961911,1.29907246226194,6.87022900763359
2020-04-01,9,0,9,0,0,0,11,0,163,21,174,21,0,0,0,2,0,0,"Anderson",76978,9.09350723583361,0.049645390070922,27.2805217075008,0,4.9645390070922
2020-04-02,9,0,9,0,0,0,11,0,179,16,190,16,0,0,0,2,0,0,"Anderson",76978,7.79443477357167,0.0425531914893617,20.7851593961911,0,4.25531914893617
2020-04-03,9,0,9,0,0,0,11,0,192,13,203,13,0,0,0,2,0,0,"Anderson",76978,6.49536231130972,0.0347222222222222,16.8879420094053,0,3.47222222222222
2020-04-04,9,0,9,0,0,0,11,0,219,27,230,27,0,0,0,2,0,0,"Anderson",76978,2.59814492452389,0.0134228187919463,35.0749564810725,0,1.34228187919463
2020-04-05,9,0,9,0,0,0,11,0,248,29,259,29,0,0,0,2,0,0,"Anderson",76978,2.59814492452389,0.0119760479041916,37.6731014055964,0,1.19760479041916
2020-04-06,9,0,9,0,0,0,11,0,262,14,273,14,0,0,0,2,0,0,"Anderson",76978,1.29907246226194,0.00735294117647059,18.1870144716672,0,0.735294117647059
2020-04-07,10,1,10,1,0,0,12,1,304,42,316,43,0,0,0,2,0,0,"Anderson",76978,1.29907246226194,0.00613496932515337,55.8601158772636,1.29907246226194,0.613496932515337
2020-04-08,10,0,10,0,0,0,12,0,322,18,334,18,1,1,0,2,1,1,"Anderson",76978,1.29907246226194,0.00625,23.383304320715,0,0.625
2020-04-09,10,0,10,0,0,0,12,0,350,28,362,28,0,1,0,2,1,0,"Anderson",76978,1.29907246226194,0.00581395348837209,36.3740289433345,0,0.581395348837209
2020-04-10,10,0,10,0,0,0,12,0,366,16,378,16,0,1,0,2,1,0,"Anderson",76978,1.29907246226194,0.00571428571428571,20.7851593961911,0,0.571428571428571
2020-04-11,10,0,10,0,0,0,12,0,439,73,451,73,0,1,0,2,1,0,"Anderson",76978,1.29907246226194,0.00452488687782805,94.832289745122,0,0.452488687782805
2020-04-12,12,2,12,2,0,0,14,2,477,38,491,40,0,1,0,2,1,0,"Anderson",76978,3.89721738678583,0.0129310344827586,51.9628984904778,2.59814492452389,1.29310344827586
2020-04-13,13,1,13,1,0,0,15,1,514,37,529,38,0,1,0,2,1,0,"Anderson",76978,5.19628984904778,0.015625,49.3647535659539,1.29907246226194,1.5625
2020-04-14,13,0,13,0,0,0,15,0,526,12,541,12,0,1,0,2,1,0,"Anderson",76978,3.89721738678583,0.0133333333333333,15.5888695471433,0,1.33333333333333
2020-04-15,13,0,13,0,0,0,15,0,544,18,559,18,0,1,0,2,1,0,"Anderson",76978,3.89721738678583,0.0133333333333333,23.383304320715,0,1.33333333333333
2020-04-16,13,0,13,0,0,0,15,0,566,22,581,22,0,1,0,2,1,0,"Anderson",76978,3.89721738678583,0.0136986301369863,28.5795941697628,0,1.36986301369863
2020-04-17,13,0,13,0,0,0,15,0,586,20,601,20,0,1,0,2,1,0,"Anderson",76978,3.89721738678583,0.0134529147982063,25.9814492452389,0,1.34529147982063
2020-04-18,13,0,13,0,0,0,15,0,616,30,631,30,0,1,0,2,1,0,"Anderson",76978,3.89721738678583,0.0166666666666667,38.9721738678584,0,1.66666666666667
2020-04-19,14,1,14,1,0,0,16,1,628,12,644,13,0,1,0,2,1,0,"Anderson",76978,2.59814492452389,0.0130718954248366,16.8879420094053,1.29907246226194,1.30718954248366
2020-04-20,19,5,18,4,1,1,19,3,648,20,667,23,0,1,0,2,1,0,"Anderson",76978,7.79443477357167,0.0289855072463768,29.8786666320247,6.49536231130973,2.89855072463768
2020-04-21,20,1,19,1,1,0,22,3,1071,423,1093,426,0,1,0,2,1,0,"Anderson",76978,9.09350723583361,0.0126811594202899,553.404868923589,1.29907246226194,1.26811594202899
2020-04-22,21,1,20,1,1,0,24,2,1141,70,1165,72,0,1,0,2,1,0,"Anderson",76978,10.3925796980956,0.0148514851485149,93.53321728286,1.29907246226194,1.48514851485149
2020-04-23,21,0,20,0,1,0,24,0,1191,50,1215,50,0,1,0,2,1,0,"Anderson",76978,10.3925796980956,0.0141955835962145,64.9536231130973,0,1.41955835962145
2020-04-24,22,1,21,1,1,0,25,1,1299,108,1324,109,0,1,0,2,1,0,"Anderson",76978,11.6916521603575,0.0138312586445367,141.598898386552,1.29907246226194,1.38312586445367
2020-04-25,22,0,21,0,1,0,25,0,1336,37,1361,37,0,1,0,2,1,0,"Anderson",76978,11.6916521603575,0.0136986301369863,48.065681103692,0,1.36986301369863
2020-04-26,22,0,21,0,1,0,25,0,1372,36,1397,36,0,1,0,2,1,0,"Anderson",76978,10.3925796980956,0.0119521912350598,46.76660864143,0,1.19521912350598
2020-04-27,22,0,21,0,1,0,25,0,1411,39,1436,39,0,1,0,2,1,0,"Anderson",76978,3.89721738678583,0.00780234070221066,50.6638260282159,0,0.780234070221066
2020-04-28,22,0,21,0,1,0,25,0,1690,279,1715,279,0,1,0,2,1,0,"Anderson",76978,2.59814492452389,0.00482315112540193,362.441216971083,0,0.482315112540193
2020-04-29,26,4,25,4,1,0,28,3,2068,378,2096,381,0,1,0,2,1,0,"Anderson",76978,6.49536231130972,0.00429645542427497,494.946608121801,5.19628984904778,0.429645542427497
2020-04-30,26,0,25,0,1,0,29,1,2100,32,2129,33,0,1,0,2,1,0,"Anderson",76978,6.49536231130972,0.00547045951859956,42.8693912546442,0,0.547045951859956
2020-05-01,26,0,25,0,1,0,29,0,2152,52,2181,52,0,1,0,2,1,0,"Anderson",76978,5.19628984904778,0.00466744457409568,67.5517680376211,0,0.466744457409568
2020-05-02,26,0,25,0,1,0,29,0,2219,67,2248,67,0,1,0,2,1,0,"Anderson",76978,5.19628984904778,0.00450958286358512,87.0378549715503,0,0.450958286358512
2020-05-03,27,1,26,1,1,0,30,1,2312,93,2342,94,0,1,0,2,1,0,"Anderson",76978,6.49536231130972,0.00529100529100529,122.112811452623,1.29907246226194,0.529100529100529
2020-05-04,27,0,26,0,1,0,30,0,2404,92,2434,92,0,1,0,2,1,0,"Anderson",76978,6.49536231130972,0.00501002004008016,119.514666528099,0,0.501002004008016
2020-05-05,28,1,27,1,1,0,30,0,2473,69,2503,69,0,1,0,2,1,0,"Anderson",76978,7.79443477357167,0.00634517766497462,89.6359998960742,1.29907246226194,0.634517766497462
2020-05-06,30,2,29,2,1,0,31,1,2523,50,2554,51,0,1,0,2,1,0,"Anderson",76978,5.19628984904778,0.00655021834061135,66.2526955753592,2.59814492452389,0.655021834061135
2020-05-07,30,0,29,0,1,0,33,2,2595,72,2628,74,0,1,0,2,1,0,"Anderson",76978,5.19628984904778,0.00801603206412826,96.1313622073839,0,0.801603206412826
2020-05-08,30,0,29,0,1,0,33,0,2650,55,2683,55,0,1,0,2,1,0,"Anderson",76978,5.19628984904778,0.00796812749003984,71.448985424407,0,0.796812749003984
2020-05-09,30,0,29,0,1,0,33,0,2732,82,2765,82,0,1,0,2,1,0,"Anderson",76978,5.19628984904778,0.00773694390715667,106.523941905479,0,0.773694390715667
2020-05-10,30,0,29,0,1,0,33,0,2825,93,2858,93,0,1,0,2,1,0,"Anderson",76978,3.89721738678583,0.00581395348837209,120.813738990361,0,0.581395348837209
2020-05-11,32,2,31,2,1,0,33,0,2907,82,2940,82,0,1,0,2,1,0,"Anderson",76978,6.49536231130972,0.00592885375494071,106.523941905479,2.59814492452389,0.592885375494071
2020-05-12,33,1,32,1,1,0,35,2,3040,133,3075,135,0,1,0,2,1,0,"Anderson",76978,6.49536231130972,0.00874125874125874,175.374782405363,1.29907246226194,0.874125874125874
2020-05-13,35,2,34,2,1,0,38,3,3218,178,3256,181,0,1,1,3,1,0,"Anderson",76978,6.49536231130972,0.00997150997150997,235.132115669412,2.59814492452389,0.997150997150997
2020-05-14,35,0,34,0,1,0,39,1,3344,126,3383,127,0,1,0,3,1,0,"Anderson",76978,6.49536231130972,0.00794701986754967,164.982202707267,0,0.794701986754967
2020-05-15,36,1,35,1,1,0,39,0,3415,71,3454,71,0,1,0,3,1,0,"Anderson",76978,7.79443477357167,0.00778210116731518,92.2341448205981,1.29907246226194,0.778210116731518
2020-05-16,36,0,35,0,1,0,41,2,3655,240,3696,242,0,1,0,3,1,0,"Anderson",76978,7.79443477357167,0.00859291084854995,314.375535867391,0,0.859291084854995
2020-05-17,36,0,35,0,1,0,41,0,3725,70,3766,70,0,1,0,3,1,0,"Anderson",76978,7.79443477357167,0.00881057268722467,90.9350723583361,0,0.881057268722467
2020-05-18,37,1,36,1,1,0,42,1,3802,77,3844,78,0,1,0,3,1,0,"Anderson",76978,6.49536231130972,0.00995575221238938,101.327652056432,1.29907246226194,0.995575221238938
2020-05-19,37,0,36,0,1,0,42,0,3854,52,3896,52,0,1,0,3,1,0,"Anderson",76978,5.19628984904778,0.00852618757612668,67.5517680376211,0,0.852618757612667
2020-05-20,37,0,36,0,1,0,43,1,3919,65,3962,66,0,1,0,3,1,0,"Anderson",76978,2.59814492452389,0.00708215297450425,85.7387825092884,0,0.708215297450425
2020-05-21,37,0,36,0,1,0,44,1,3999,80,4043,81,0,1,0,3,1,0,"Anderson",76978,2.59814492452389,0.00757575757575758,105.224869443218,0,0.757575757575758
2020-05-22,38,1,37,1,1,0,45,1,4027,28,4072,29,0,1,1,4,1,0,"Anderson",76978,2.59814492452389,0.00970873786407767,37.6731014055964,1.29907246226194,0.970873786407767
2020-05-23,38,0,37,0,1,0,46,1,4190,163,4236,164,0,1,0,4,1,0,"Anderson",76978,2.59814492452389,0.00925925925925926,213.047883810959,0,0.925925925925926
2020-05-24,38,0,37,0,1,0,46,0,4245,55,4291,55,0,1,0,4,1,0,"Anderson",76978,2.59814492452389,0.00952380952380952,71.448985424407,0,0.952380952380952
2020-05-25,38,0,37,0,1,0,47,1,4279,34,4326,35,0,1,0,4,1,0,"Anderson",76978,1.29907246226194,0.0103734439834025,45.4675361791681,0,1.03734439834025
2020-05-26,38,0,37,0,1,0,47,0,4410,131,4457,131,0,1,0,4,1,0,"Anderson",76978,1.29907246226194,0.0089126559714795,170.178492556315,0,0.89126559714795
2020-05-27,38,0,37,0,1,0,47,0,4513,103,4560,103,0,1,0,4,1,0,"Anderson",76978,1.29907246226194,0.00668896321070234,133.80446361298,0,0.668896321070234
2020-05-28,38,0,37,0,1,0,47,0,4561,48,4608,48,0,1,0,4,1,0,"Anderson",76978,1.29907246226194,0.00530973451327434,62.3554781885734,0,0.530973451327434
2020-05-29,39,1,38,1,1,0,47,0,4611,50,4658,50,0,1,0,4,1,0,"Anderson",76978,1.29907246226194,0.00341296928327645,64.9536231130973,1.29907246226194,0.341296928327645
2020-05-30,39,0,38,0,1,0,48,1,4663,52,4711,53,0,1,0,4,1,0,"Anderson",76978,1.29907246226194,0.00421052631578947,68.8508404998831,0,0.421052631578947
2020-05-31,40,1,39,1,1,0,49,1,4729,66,4778,67,0,1,0,4,1,0,"Anderson",76978,2.59814492452389,0.00616016427104723,87.0378549715503,1.29907246226194,0.616016427104723
2020-06-01,40,0,39,0,1,0,49,0,4853,124,4902,124,0,1,0,4,1,0,"Anderson",76978,2.59814492452389,0.00347222222222222,161.084985320481,0,0.347222222222222
2020-06-02,40,0,39,0,1,0,49,0,4980,127,5029,127,0,1,0,4,1,0,"Anderson",76978,2.59814492452389,0.0034965034965035,164.982202707267,0,0.34965034965035
2020-06-03,41,1,40,1,1,0,50,1,5040,60,5090,61,0,1,0,4,2,1,"Anderson",76978,3.89721738678583,0.00566037735849057,79.2434201979787,1.29907246226194,0.566037735849057
2020-06-04,41,0,40,0,1,0,50,0,5088,48,5138,48,1,2,0,4,2,0,"Anderson",76978,3.89721738678583,0.00566037735849057,62.3554781885734,0,0.566037735849057
2020-06-05,42,1,41,1,1,0,53,3,5145,57,5198,60,0,2,0,4,2,0,"Anderson",76978,3.89721738678583,0.0111111111111111,77.9443477357167,1.29907246226194,1.11111111111111
2020-06-06,43,1,42,1,1,0,54,1,5198,53,5252,54,0,2,0,4,2,0,"Anderson",76978,5.19628984904778,0.011090573012939,70.149912962145,1.29907246226194,1.1090573012939
2020-06-07,45,2,43,1,2,1,57,3,5293,95,5350,98,0,2,0,4,2,0,"Anderson",76978,6.49536231130972,0.013986013986014,127.309101301671,2.59814492452389,1.3986013986014
2020-06-08,46,1,44,1,2,0,57,0,5334,41,5391,41,0,2,0,4,2,0,"Anderson",76978,7.79443477357167,0.016359918200409,53.2619709527397,1.29907246226194,1.6359918200409
2020-06-09,47,1,45,1,2,0,60,3,5515,181,5575,184,0,2,0,4,2,0,"Anderson",76978,9.09350723583361,0.0201465201465201,239.029333056198,1.29907246226194,2.01465201465201
2020-06-10,52,5,50,5,2,0,63,3,5723,208,5786,211,0,2,0,4,2,0,"Anderson",76978,14.2897970848814,0.0186781609195402,274.10428953727,6.49536231130973,1.86781609195402
2020-06-11,55,3,53,3,2,0,66,3,5868,145,5934,148,0,2,1,5,2,0,"Anderson",76978,18.1870144716672,0.0201005025125628,192.262724414768,3.89721738678583,2.01005025125628
2020-06-12,57,2,55,2,2,0,70,4,5950,82,6020,86,0,2,0,5,2,0,"Anderson",76978,19.4860869339292,0.0206812652068127,111.720231754527,2.59814492452389,2.06812652068127
2020-06-13,58,1,55,0,3,1,70,0,5993,43,6063,43,0,2,0,5,2,0,"Anderson",76978,19.4860869339292,0.0197287299630086,55.8601158772636,1.29907246226194,1.97287299630086
2020-06-14,60,2,57,2,3,0,70,0,6168,175,6238,175,0,2,1,6,2,0,"Anderson",76978,19.4860869339292,0.0146396396396396,227.33768089584,2.59814492452389,1.46396396396396
2020-06-15,60,0,57,0,3,0,71,1,6226,58,6297,59,0,2,0,6,2,0,"Anderson",76978,18.1870144716672,0.0154525386313466,76.6452752734548,0,1.54525386313466
2020-06-16,64,4,61,4,3,0,75,4,6287,61,6362,65,0,2,0,6,2,0,"Anderson",76978,22.0842318584531,0.0190597204574333,84.4397100470264,5.19628984904778,1.90597204574333
2020-06-17,66,2,63,2,3,0,79,4,6324,37,6403,41,0,2,0,6,2,0,"Anderson",76978,18.1870144716672,0.0259319286871961,53.2619709527397,2.59814492452389,2.59319286871961
2020-06-18,70,4,67,4,3,0,84,5,6454,130,6538,135,0,2,0,6,2,0,"Anderson",76978,19.4860869339292,0.0298013245033113,175.374782405363,5.19628984904778,2.98013245033113
2020-06-19,72,2,69,2,3,0,86,2,6519,65,6605,67,0,2,0,6,2,0,"Anderson",76978,19.4860869339292,0.0273504273504274,87.0378549715503,2.59814492452389,2.73504273504274
2020-06-20,73,1,70,1,3,0,87,1,6557,38,6644,39,0,2,0,6,2,0,"Anderson",76978,19.4860869339292,0.0292598967297762,50.6638260282159,1.29907246226194,2.92598967297762
2020-06-21,74,1,71,1,3,0,88,1,6617,60,6705,61,0,2,0,6,2,0,"Anderson",76978,18.1870144716672,0.0385438972162741,79.2434201979787,1.29907246226194,3.85438972162741
2020-06-22,76,2,73,2,3,0,90,2,6709,92,6799,94,0,2,1,7,2,0,"Anderson",76978,20.7851593961911,0.0378486055776892,122.112811452623,2.59814492452389,3.78486055776892
2020-06-23,76,0,73,0,3,0,90,0,6798,89,6888,89,0,2,0,7,2,0,"Anderson",76978,15.5888695471433,0.0285171102661597,115.617449141313,0,2.85171102661597
2020-06-24,77,1,74,1,3,0,91,1,6829,31,6920,32,0,2,0,7,2,0,"Anderson",76978,14.2897970848814,0.02321083172147,41.5703187923822,1.29907246226194,2.321083172147
2020-06-25,81,4,78,4,3,0,92,1,6942,113,7034,114,0,2,0,7,2,0,"Anderson",76978,14.2897970848814,0.0161290322580645,148.094260697862,5.19628984904778,1.61290322580645
2020-06-26,86,5,83,5,3,0,98,6,6970,28,7068,34,0,2,0,7,2,0,"Anderson",76978,18.1870144716672,0.0259179265658747,44.1684637169061,6.49536231130973,2.59179265658747
2020-06-27,87,1,83,0,4,1,98,0,6982,12,7080,12,0,2,0,7,2,0,"Anderson",76978,18.1870144716672,0.0252293577981651,15.5888695471433,1.29907246226194,2.52293577981651
2020-06-28,91,4,87,4,4,0,106,8,7091,109,7197,117,0,2,0,7,2,0,"Anderson",76978,22.0842318584531,0.0365853658536585,151.991478084648,5.19628984904778,3.65853658536585
2020-06-29,97,6,92,5,5,1,114,8,7313,222,7427,230,0,2,1,8,2,0,"Anderson",76978,27.2805217075008,0.0382165605095541,298.786666320247,7.79443477357167,3.82165605095541
2020-06-30,102,5,96,4,6,1,120,6,7477,164,7597,170,0,2,0,8,2,0,"Anderson",76978,33.7758840188106,0.0423131170662905,220.842318584531,6.49536231130973,4.23131170662905
2020-07-01,104,2,98,2,6,0,124,4,7598,121,7722,125,0,2,0,8,2,0,"Anderson",76978,35.0749564810725,0.0411471321695761,162.384057782743,2.59814492452389,4.11471321695761
2020-07-02,110,6,104,6,6,0,130,6,7837,239,7967,245,0,2,0,8,2,0,"Anderson",76978,37.6731014055964,0.0407288317256163,318.272753254177,7.79443477357167,4.07288317256163
2020-07-03,120,10,113,9,7,1,142,12,7961,124,8103,136,0,2,0,8,2,0,"Anderson",76978,44.1684637169061,0.042512077294686,176.673854867625,12.9907246226195,4.2512077294686
2020-07-04,131,11,124,11,7,0,156,14,8145,184,8301,198,0,2,2,10,2,0,"Anderson",76978,57.1591883395256,0.0475020475020475,257.216347527865,14.2897970848814,4.75020475020475
2020-07-05,140,9,133,9,7,0,169,13,8301,156,8470,169,0,2,1,11,2,0,"Anderson",76978,63.6545506508353,0.0494893951296151,219.543246122269,11.6916521603575,4.94893951296151
2020-07-06,141,1,134,1,7,0,170,1,8328,27,8498,28,0,2,0,11,2,0,"Anderson",76978,57.1591883395256,0.0522875816993464,36.3740289433345,1.29907246226194,5.22875816993464
2020-07-07,157,16,150,16,7,0,190,20,8561,233,8751,253,0,2,0,11,2,0,"Anderson",76978,71.448985424407,0.0606585788561525,328.665332952272,20.7851593961911,6.06585788561525
2020-07-08,173,16,165,15,8,1,206,16,8701,140,8907,156,0,2,0,11,2,0,"Anderson",76978,89.6359998960742,0.0691983122362869,202.655304112863,20.7851593961911,6.91983122362869
2020-07-09,187,14,179,14,8,0,220,14,8969,268,9189,282,0,2,0,11,2,0,"Anderson",76978,100.02857959417,0.0736497545008183,366.338434357868,18.1870144716672,7.36497545008183
2020-07-10,193,6,185,6,8,0,227,7,8999,30,9226,37,0,2,1,12,2,0,"Anderson",76978,94.832289745122,0.0756901157613535,48.065681103692,7.79443477357167,7.56901157613535
2020-07-11,201,8,193,8,8,0,235,8,9168,169,9403,177,0,2,1,13,2,0,"Anderson",76978,90.9350723583361,0.0716878402903811,229.935825820364,10.3925796980956,7.16878402903811
2020-07-12,212,11,204,11,8,0,248,13,9351,183,9599,196,0,2,0,13,2,0,"Anderson",76978,93.53321728286,0.0699734278122232,254.618202603341,14.2897970848814,6.99734278122232
2020-07-13,218,6,209,5,9,1,255,7,9390,39,9645,46,0,2,2,15,2,0,"Anderson",76978,100.02857959417,0.0741063644289451,59.7573332640495,7.79443477357167,7.41063644289451
2020-07-14,229,11,219,10,10,1,266,11,9530,140,9796,151,0,2,0,15,2,0,"Anderson",76978,93.53321728286,0.0727272727272727,196.159941801554,14.2897970848814,7.27272727272727
2020-07-15,245,16,234,15,11,1,285,19,9632,102,9917,121,0,2,0,15,2,0,"Anderson",76978,93.53321728286,0.0782178217821782,157.187767933695,20.7851593961911,7.82178217821782
2020-07-16,263,18,252,18,11,0,308,23,9921,289,10229,312,0,2,1,16,2,0,"Anderson",76978,98.7295071319078,0.0846153846153846,405.310608225727,23.383304320715,8.46153846153846
2020-07-17,270,7,259,7,11,0,317,9,9992,71,10309,80,0,2,1,17,3,1,"Anderson",76978,100.02857959417,0.0831024930747922,103.925796980956,9.09350723583361,8.31024930747922
2020-07-18,277,7,266,7,11,0,328,11,10206,214,10534,225,0,2,0,17,3,0,"Anderson",76978,98.7295071319078,0.0822281167108753,292.291304008938,9.09350723583361,8.22281167108753
2020-07-19,285,8,274,8,11,0,337,9,10287,81,10624,90,0,2,2,19,3,0,"Anderson",76978,94.832289745122,0.0868292682926829,116.916521603575,10.3925796980956,8.68292682926829
2020-07-20,313,28,302,28,11,0,367,30,10456,169,10823,199,1,3,0,19,3,0,"Anderson",76978,123.411883914885,0.0950764006791171,258.515419990127,36.3740289433345,9.50764006791171
2020-07-21,336,23,324,22,12,1,391,24,10748,292,11139,316,0,3,1,20,3,0,"Anderson",76978,139.000753462028,0.0930752047654505,410.506898074775,29.8786666320247,9.30752047654505
2020-07-22,365,29,353,29,12,0,424,33,10883,135,11307,168,0,3,0,20,3,0,"Anderson",76978,155.888695471433,0.1,218.244173660007,37.6731014055964,10
2020-07-23,388,23,376,23,12,0,455,31,11310,427,11765,458,0,3,2,22,3,0,"Anderson",76978,162.384057782743,0.095703125,594.975187715971,29.8786666320247,9.5703125
2020-07-24,394,6,382,6,12,0,463,8,11422,112,11885,120,0,3,0,22,4,1,"Anderson",76978,161.084985320481,0.0926395939086294,155.888695471433,7.79443477357167,9.26395939086294
2020-07-25,426,32,413,31,13,1,499,36,11679,257,12178,293,1,4,1,23,4,0,"Anderson",76978,193.56179687703,0.104014598540146,380.62823144275,41.5703187923822,10.4014598540146
2020-07-26,465,39,451,38,14,1,541,42,12082,403,12623,445,0,4,2,25,4,0,"Anderson",76978,233.83304320715,0.102051025512756,578.087245706565,50.6638260282159,10.2051025512756
2020-07-27,483,18,468,17,15,1,562,21,12262,180,12824,201,0,4,1,26,4,0,"Anderson",76978,220.842318584531,0.0974512743628186,261.113564914651,23.383304320715,9.74512743628186
2020-07-28,523,40,508,40,15,0,608,46,12642,380,13250,426,0,4,1,27,5,1,"Anderson",76978,242.926550442984,0.10279488394126,553.404868923589,51.9628984904778,10.279488394126
2020-07-29,527,4,512,4,15,0,612,4,12678,36,13290,40,1,5,0,27,5,0,"Anderson",76978,210.449738886435,0.0948058497226425,51.9628984904778,5.19628984904778,9.48058497226425
2020-07-30,564,37,549,37,15,0,666,54,13163,485,13829,539,0,5,0,27,5,0,"Anderson",76978,228.636753358102,0.102228682170543,700.200057159188,48.065681103692,10.2228682170543
2020-07-31,576,12,561,12,15,0,680,14,13345,182,14025,196,0,5,0,27,5,0,"Anderson",76978,236.431188131674,0.101401869158878,254.618202603341,15.5888695471433,10.1401869158878
2020-08-01,599,23,584,23,15,0,705,25,13754,409,14459,434,0,5,1,28,5,0,"Anderson",76978,224.739535971316,0.0903112669881631,563.797448621684,29.8786666320247,9.03112669881631
2020-08-02,606,7,591,7,15,0,712,7,13882,128,14594,135,0,5,1,29,6,1,"Anderson",76978,183.169217178934,0.0867579908675799,175.374782405363,9.09350723583361,8.67579908675799
2020-08-03,631,25,615,24,16,1,743,31,14109,227,14852,258,0,5,0,29,6,0,"Anderson",76978,192.262724414768,0.0892504930966469,335.160695263582,32.4768115565486,8.92504930966469
2020-08-04,638,7,622,7,16,0,751,8,14352,243,15103,251,2,7,0,29,6,0,"Anderson",76978,149.393333160124,0.0771721532649757,326.067188027748,9.09350723583361,7.71721532649757
2020-08-05,653,15,637,15,16,0,770,19,14561,209,15331,228,-1,6,0,29,6,0,"Anderson",76978,163.683130245005,0.0774130328270456,296.188521395723,19.4860869339292,7.74130328270456
2020-08-06,675,22,659,22,16,0,800,30,14882,321,15682,351,0,6,1,30,6,0,"Anderson",76978,144.197043311076,0.0723151645979493,455.974434253943,28.5795941697628,7.23151645979493
2020-08-07,679,4,663,4,16,0,804,4,14963,81,15767,85,0,6,0,30,6,0,"Anderson",76978,133.80446361298,0.0711825487944891,110.421159292265,5.19628984904778,7.11825487944891
2020-08-08,690,11,674,11,16,0,820,16,15283,320,16103,336,0,6,0,30,6,0,"Anderson",76978,118.215594065837,0.0699513381995134,436.488347320014,14.2897970848814,6.99513381995134
2020-08-09,697,7,681,7,16,0,829,9,15420,137,16249,146,0,6,0,30,6,0,"Anderson",76978,118.215594065837,0.0706948640483384,189.664579490244,9.09350723583361,7.06948640483384
2020-08-10,702,5,686,5,16,0,835,6,15559,139,16394,145,0,6,0,30,6,0,"Anderson",76978,92.2341448205981,0.059662775616083,188.365507027982,6.49536231130973,5.9662775616083
2020-08-11,723,21,707,21,16,0,857,22,15762,203,16619,225,0,6,1,31,6,0,"Anderson",76978,110.421159292265,0.0699208443271768,292.291304008938,27.2805217075008,6.99208443271768
2020-08-12,731,8,715,8,16,0,865,8,16001,239,16866,247,0,6,0,31,6,0,"Anderson",76978,101.327652056432,0.0618892508143322,320.8708981787,10.3925796980956,6.18892508143322
2020-08-13,749,18,733,18,16,0,889,24,16229,228,17118,252,1,7,2,33,6,0,"Anderson",76978,96.1313622073839,0.0619777158774373,327.36626049001,23.383304320715,6.19777158774373
2020-08-14,766,17,749,16,17,1,911,22,16558,329,17469,351,0,7,0,33,6,0,"Anderson",76978,113.019304216789,0.0628672150411281,455.974434253943,22.0842318584531,6.28672150411281
2020-08-15,776,10,759,10,17,0,923,12,16781,223,17704,235,-1,6,0,33,6,0,"Anderson",76978,111.720231754527,0.0643347907557776,305.282028631557,12.9907246226195,6.43347907557776
2020-08-16,788,12,771,12,17,0,937,14,16923,142,17860,156,0,6,0,33,7,1,"Anderson",76978,118.215594065837,0.0670391061452514,202.655304112863,15.5888695471433,6.70391061452514
2020-08-17,792,4,775,4,17,0,940,3,16966,43,17906,46,0,6,0,33,7,0,"Anderson",76978,116.916521603575,0.0694444444444444,59.7573332640495,5.19628984904778,6.94444444444444
2020-08-18,806,14,789,14,17,0,957,17,17129,163,18086,180,0,6,0,33,7,0,"Anderson",76978,107.823014367741,0.0681663258350375,233.83304320715,18.1870144716672,6.81663258350375
2020-08-19,820,14,803,14,17,0,971,14,17303,174,18274,188,0,6,0,33,7,0,"Anderson",76978,115.617449141313,0.0752840909090909,244.225622905246,18.1870144716672,7.52840909090909
2020-08-20,835,15,818,15,17,0,987,16,17745,442,18732,458,0,6,0,33,8,1,"Anderson",76978,111.720231754527,0.0607187112763321,594.975187715971,19.4860869339292,6.07187112763321
2020-08-21,838,3,821,3,17,0,990,3,17781,36,18771,39,1,7,0,33,8,0,"Anderson",76978,93.53321728286,0.0606758832565284,50.6638260282159,3.89721738678583,6.06758832565284
2020-08-22,856,18,839,18,17,0,1009,19,18325,544,19334,563,1,8,1,34,8,0,"Anderson",76978,103.925796980956,0.052760736196319,731.377796253475,23.383304320715,5.2760736196319
2020-08-23,857,1,840,1,17,0,1010,1,18409,84,19419,85,0,8,0,34,8,0,"Anderson",76978,89.6359998960742,0.0468248877485568,110.421159292265,1.29907246226194,4.68248877485568
2020-08-24,858,1,840,0,18,1,1010,0,18448,39,19458,39,0,8,0,34,8,0,"Anderson",76978,85.7387825092884,0.0451030927835052,50.6638260282159,1.29907246226194,4.51030927835052
2020-08-25,866,8,848,8,18,0,1018,8,18600,152,19618,160,0,8,1,35,8,0,"Anderson",76978,77.9443477357167,0.0398172323759791,207.851593961911,10.3925796980956,3.98172323759791
2020-08-26,872,6,854,6,18,0,1024,6,18780,180,19804,186,0,8,0,35,8,0,"Anderson",76978,67.5517680376211,0.034640522875817,241.627477980722,7.79443477357167,3.4640522875817
2020-08-27,875,3,857,3,18,0,1027,3,19191,411,20218,414,0,8,0,35,8,0,"Anderson",76978,51.9628984904778,0.0269179004037685,537.815999376445,3.89721738678583,2.69179004037685
2020-08-28,875,0,857,0,18,0,1027,0,19229,38,20256,38,0,8,0,35,8,0,"Anderson",76978,48.065681103692,0.0249158249158249,49.3647535659539,0,2.49158249158249
2020-08-29,884,9,865,8,19,1,1035,8,19491,262,20526,270,0,8,0,35,8,0,"Anderson",76978,36.3740289433345,0.0218120805369128,350.749564810725,11.6916521603575,2.18120805369128
2020-08-30,900,16,881,16,19,0,1051,16,19574,83,20625,99,0,8,0,35,8,0,"Anderson",76978,55.8601158772636,0.0339966832504146,128.608173763933,20.7851593961911,3.39966832504146
2020-08-31,902,2,883,2,19,0,1053,2,19632,58,20685,60,0,8,0,35,8,0,"Anderson",76978,57.1591883395256,0.0350448247758761,77.9443477357167,2.59814492452389,3.50448247758761
2020-09-01,909,7,889,6,20,1,1059,6,19743,111,20802,117,0,8,0,35,8,0,"Anderson",76978,55.8601158772636,0.0346283783783784,151.991478084648,9.09350723583361,3.46283783783784
2020-09-02,917,8,895,6,22,2,1069,10,20059,316,21128,326,0,8,0,35,8,0,"Anderson",76978,58.4582608017875,0.033987915407855,423.497622697394,10.3925796980956,3.3987915407855
2020-09-03,933,16,909,14,24,2,1085,16,20383,324,21468,340,0,8,0,35,9,1,"Anderson",76978,75.3462028111928,0.0464,441.684637169061,20.7851593961911,4.64
2020-09-04,942,9,917,8,25,1,1095,10,20572,189,21667,199,0,8,0,35,9,0,"Anderson",76978,87.0378549715503,0.0481927710843374,258.515419990127,11.6916521603575,4.81927710843374
2020-09-05,961,19,936,19,25,0,1116,21,20841,269,21957,290,0,8,1,36,10,1,"Anderson",76978,100.02857959417,0.0566037735849057,376.731014055964,24.682376782977,5.66037735849057
2020-09-06,963,2,938,2,25,0,1118,2,20897,56,22015,58,0,8,0,36,10,0,"Anderson",76978,81.8415651225025,0.0482014388489209,75.3462028111928,2.59814492452389,4.82014388489209
2020-09-07,966,3,941,3,25,0,1123,5,20985,88,22108,93,0,8,0,36,10,0,"Anderson",76978,83.1406375847645,0.0491918482080112,120.813738990361,3.89721738678583,4.91918482080112
2020-09-08,975,9,944,3,31,6,1127,4,21160,175,22287,179,1,9,0,36,10,0,"Anderson",76978,85.7387825092884,0.0457912457912458,232.533970744888,11.6916521603575,4.57912457912458
2020-09-09,984,9,953,9,31,0,1136,9,21401,241,22537,250,0,9,1,37,11,1,"Anderson",76978,87.0378549715503,0.0475514549325763,324.768115565486,11.6916521603575,4.75514549325763
2020-09-10,1013,29,981,28,32,1,1166,30,21770,369,22936,399,1,10,0,37,11,0,"Anderson",76978,103.925796980956,0.0551771117166213,518.329912442516,37.6731014055964,5.51771117166213
2020-09-11,1014,1,982,1,32,0,1168,2,21903,133,23071,135,0,10,0,37,11,0,"Anderson",76978,93.53321728286,0.051994301994302,175.374782405363,1.29907246226194,5.1994301994302
2020-09-12,1017,3,985,3,32,0,1173,5,22045,142,23218,147,0,10,0,37,11,0,"Anderson",76978,72.7480578866689,0.0452022204599524,190.963651952506,3.89721738678583,4.52022204599524
2020-09-13,1038,21,1005,20,33,1,1194,21,22289,244,23483,265,0,10,1,38,11,0,"Anderson",76978,97.4304346696459,0.0517711171662125,344.254202499415,27.2805217075008,5.17711171662125
2020-09-14,1044,6,1010,5,34,1,1200,6,22395,106,23595,112,0,10,1,39,11,0,"Anderson",76978,101.327652056432,0.0517821116341627,145.496115773338,7.79443477357167,5.17821116341627
2020-09-15,1060,16,1026,16,34,0,1217,17,22635,240,23852,257,1,11,1,40,12,1,"Anderson",76978,110.421159292265,0.0575079872204473,333.86162280132,20.7851593961911,5.75079872204473
2020-09-16,1068,8,1034,8,34,0,1229,12,22771,136,24000,148,0,11,0,40,12,0,"Anderson",76978,109.122086830003,0.063568010936432,192.262724414768,10.3925796980956,6.3568010936432
2020-09-17,1090,22,1054,20,36,2,1249,20,23192,421,24441,441,0,11,1,41,12,0,"Anderson",76978,100.02857959417,0.0551495016611296,572.890955857518,28.5795941697628,5.51495016611296
2020-09-18,1109,19,1073,19,36,0,1267,18,23416,224,24683,242,0,11,0,41,12,0,"Anderson",76978,123.411883914885,0.0614143920595533,314.375535867391,24.682376782977,6.14143920595533
2020-09-19,1124,15,1088,15,36,0,1288,21,23698,282,24986,303,0,11,1,42,12,0,"Anderson",76978,139.000753462028,0.0650452488687783,393.618956065369,19.4860869339292,6.50452488687783
2020-09-20,1131,7,1095,7,36,0,1298,10,23850,152,25148,162,0,11,0,42,13,1,"Anderson",76978,120.813738990361,0.0624624624624625,210.449738886435,9.09350723583361,6.24624624624625
2020-09-21,1133,2,1097,2,36,0,1300,2,23883,33,25183,35,0,11,0,42,13,0,"Anderson",76978,115.617449141313,0.0629722921914358,45.4675361791681,2.59814492452389,6.29722921914358
2020-09-22,1147,14,1111,14,36,0,1317,17,24131,248,25448,265,0,11,1,43,13,0,"Anderson",76978,113.019304216789,0.06265664160401,344.254202499415,18.1870144716672,6.265664160401
2020-09-23,1147,0,1111,0,36,0,1317,0,24172,41,25489,41,0,11,0,43,13,0,"Anderson",76978,102.626724518694,0.0591000671591672,53.2619709527397,0,5.91000671591672
2020-09-24,1160,13,1124,13,36,0,1332,15,24496,324,25828,339,1,12,0,43,13,0,"Anderson",76978,90.9350723583361,0.0598413842826244,440.385564706799,16.8879420094053,5.98413842826244
2020-09-25,1174,14,1137,13,37,1,1345,13,24732,236,26077,249,1,13,0,43,13,0,"Anderson",76978,84.4397100470264,0.0559540889526542,323.469043103224,18.1870144716672,5.59540889526542
2020-09-26,1188,14,1151,14,37,0,1362,17,25031,299,26393,316,0,13,0,43,13,0,"Anderson",76978,83.1406375847645,0.0525941719971571,410.506898074775,18.1870144716672,5.25941719971571
2020-09-27,1207,19,1168,17,39,2,1378,16,25238,207,26616,223,0,13,0,43,13,0,"Anderson",76978,98.7295071319078,0.0544959128065395,289.693159084414,24.682376782977,5.44959128065395
2020-09-28,1210,3,1170,2,40,1,1380,2,25275,37,26655,39,0,13,0,43,13,0,"Anderson",76978,100.02857959417,0.0543478260869565,50.6638260282159,3.89721738678583,5.43478260869565
2020-09-29,1221,11,1180,10,41,1,1390,10,25569,294,26959,304,0,13,0,43,13,0,"Anderson",76978,96.1313622073839,0.0483123759099934,394.918028527631,14.2897970848814,4.83123759099934
2020-09-30,1233,12,1190,10,43,2,1400,10,25635,66,27035,76,0,13,0,43,13,0,"Anderson",76978,111.720231754527,0.0536869340232859,98.7295071319078,15.5888695471433,5.36869340232859
2020-10-01,1249,16,1204,14,45,2,1415,15,25915,280,27330,295,0,13,0,43,13,0,"Anderson",76978,115.617449141313,0.0552596537949401,383.226376367274,20.7851593961911,5.52596537949401
2020-10-02,1256,7,1210,6,46,1,1422,7,25997,82,27419,89,0,13,0,43,13,0,"Anderson",76978,106.523941905479,0.0573770491803279,115.617449141313,9.09350723583361,5.73770491803279
2020-10-03,1272,16,1226,16,46,0,1446,24,26261,264,27707,288,0,13,0,43,13,0,"Anderson",76978,109.122086830003,0.0639269406392694,374.13286913144,20.7851593961911,6.39269406392694
2020-10-04,1288,16,1240,14,48,2,1462,16,26598,337,28060,353,0,13,0,43,13,0,"Anderson",76978,105.224869443218,0.0581717451523546,458.572579178467,20.7851593961911,5.81717451523546
2020-10-05,1314,26,1265,25,49,1,1489,27,26809,211,28298,238,0,13,1,44,13,0,"Anderson",76978,135.103536075242,0.0663420572124163,309.179246018343,33.7758840188106,6.63420572124163
2020-10-06,1342,28,1292,27,50,1,1520,31,27146,337,28666,368,0,13,1,45,13,0,"Anderson",76978,157.187767933695,0.0761570005858231,478.058666112396,36.3740289433345,7.61570005858231
2020-10-07,1348,6,1298,6,50,0,1528,8,27381,235,28909,243,0,13,0,45,13,0,"Anderson",76978,149.393333160124,0.0683030949839915,315.674608329653,7.79443477357167,6.83030949839915
2020-10-08,1358,10,1306,8,52,2,1537,9,27620,239,29157,248,0,13,1,46,13,0,"Anderson",76978,141.598898386552,0.066776135741653,322.169970640962,12.9907246226195,6.6776135741653
2020-10-09,1373,15,1319,13,54,2,1553,16,27793,173,29346,189,0,13,0,46,13,0,"Anderson",76978,151.991478084648,0.0679813181110535,245.524695367508,19.4860869339292,6.79813181110535
2020-10-10,1389,16,1335,16,54,0,1573,20,28005,212,29578,232,0,13,1,47,14,1,"Anderson",76978,151.991478084648,0.0678781400320684,301.384811244771,20.7851593961911,6.78781400320684
2020-10-11,1417,28,1363,28,54,0,1604,31,28294,289,29898,320,0,13,0,47,14,0,"Anderson",76978,167.580347631791,0.0772578890097933,415.703187923822,36.3740289433345,7.72578890097933
2020-10-12,1433,16,1378,15,55,1,1620,16,28373,79,29993,95,0,13,0,47,14,0,"Anderson",76978,154.589623009171,0.0772861356932153,123.411883914885,20.7851593961911,7.72861356932153
2020-10-13,1453,20,1396,18,57,2,1638,18,28494,121,30132,139,0,13,0,47,14,0,"Anderson",76978,144.197043311076,0.0804911323328786,180.57107225441,25.9814492452389,8.04911323328786
2020-10-14,1475,22,1418,22,57,0,1662,24,28794,300,30456,324,0,13,0,47,14,0,"Anderson",76978,164.982202707267,0.0866192630898513,420.89947777287,28.5795941697628,8.66192630898513
2020-10-15,1497,22,1434,16,63,6,1676,14,28945,151,30621,165,0,13,1,48,14,0,"Anderson",76978,180.57107225441,0.0949453551912568,214.346956273221,28.5795941697628,9.49453551912568
2020-10-16,1504,7,1437,3,67,4,1680,4,29044,99,30724,103,0,13,0,48,15,1,"Anderson",76978,170.178492556315,0.0921625544267054,133.80446361298,9.09350723583361,9.21625544267054
2020-10-17,1532,28,1464,27,68,1,1710,30,29292,248,31002,278,0,13,2,50,15,0,"Anderson",76978,185.767362103458,0.0962078651685393,361.142144508821,36.3740289433345,9.62078651685393
2020-10-18,1551,19,1483,19,68,0,1732,22,29531,239,31263,261,0,13,0,50,15,0,"Anderson",76978,174.075709943101,0.0937728937728938,339.057912650368,24.682376782977,9.37728937728938
2020-10-19,1555,4,1487,4,68,0,1737,5,29608,77,31345,82,0,13,1,51,15,0,"Anderson",76978,158.486840395957,0.0865384615384615,106.523941905479,5.19628984904778,8.65384615384615
2020-10-20,1582,27,1514,27,68,0,1772,35,29807,199,31579,234,0,13,0,51,15,0,"Anderson",76978,167.580347631791,0.0926053904630269,303.982956169295,35.0749564810725,9.26053904630269
2020-10-21,1599,17,1531,17,68,0,1791,19,30023,216,31814,235,0,13,1,52,15,0,"Anderson",76978,161.084985320481,0.0949926362297496,305.282028631557,22.0842318584531,9.49926362297496
2020-10-22,1620,21,1552,21,68,0,1816,25,30355,332,32171,357,1,14,0,52,15,0,"Anderson",76978,159.785912858219,0.0903225806451613,463.768869027514,27.2805217075008,9.03225806451613
2020-10-23,1635,15,1566,14,69,1,1832,16,30630,275,32462,291,0,14,0,52,15,0,"Anderson",76978,170.178492556315,0.0874568469505178,378.030086518226,19.4860869339292,8.74568469505178
2020-10-24,1666,31,1596,30,70,1,1865,33,31006,376,32871,409,0,14,2,54,17,2,"Anderson",76978,174.075709943101,0.0829320492241841,531.320637065136,40.2712463301203,8.29320492241841
2020-10-25,1683,17,1612,16,71,1,1884,19,31202,196,33086,215,0,14,4,58,17,0,"Anderson",76978,171.477565018577,0.0833790455293472,279.300579386318,22.0842318584531,8.33790455293472
2020-10-26,1699,16,1627,15,72,1,1902,18,31336,134,33238,152,-1,13,1,59,17,0,"Anderson",76978,187.06643456572,0.0871632329635499,197.459014263816,20.7851593961911,8.71632329635499
2020-10-27,1728,29,1651,24,77,5,1926,24,31491,155,33417,179,1,14,2,61,17,0,"Anderson",76978,189.664579490244,0.0837867247007617,232.533970744888,37.6731014055964,8.37867247007617
2020-10-28,1784,56,1705,54,79,2,1985,59,31925,434,33910,493,0,14,0,61,17,0,"Anderson",76978,240.32840551846,0.0925572519083969,640.442723895139,72.7480578866689,9.25572519083969
2020-10-29,1813,29,1726,21,87,8,2004,19,32131,206,34135,225,0,14,2,63,17,0,"Anderson",76978,250.720985216555,0.0957230142566191,292.291304008938,37.6731014055964,9.57230142566191
2020-10-30,1850,37,1760,34,90,3,2042,38,32282,151,34324,189,2,16,1,64,17,0,"Anderson",76978,279.300579386318,0.112781954887218,245.524695367508,48.065681103692,11.2781954887218
2020-10-31,1850,0,1760,0,90,0,2042,0,32283,1,34325,1,0,16,0,64,19,2,"Anderson",76978,239.029333056198,0.121733149931224,1.29907246226194,0,12.1733149931224
2020-11-01,1855,5,1765,5,90,0,2050,8,32527,244,34577,252,0,16,0,64,19,0,"Anderson",76978,223.440463509055,0.111334674714956,327.36626049001,6.49536231130973,11.1334674714956
2020-11-02,1888,33,1796,31,92,2,2085,35,32794,267,34879,302,0,16,0,64,20,1,"Anderson",76978,245.524695367508,0.111517367458867,392.319883603107,42.8693912546442,11.1517367458867
2020-11-03,1914,26,1821,25,93,1,2110,25,32974,180,35084,205,0,16,0,64,21,1,"Anderson",76978,241.627477980722,0.110377924415117,266.309854763699,33.7758840188106,11.0377924415117
2020-11-04,1932,18,1836,15,96,3,2128,18,33052,78,35180,96,2,18,1,65,21,0,"Anderson",76978,192.262724414768,0.11259842519685,124.710956377147,23.383304320715,11.259842519685
2020-11-05,1956,24,1854,18,102,6,2148,20,33151,99,35299,119,0,18,0,65,22,1,"Anderson",76978,185.767362103458,0.123711340206186,154.589623009171,31.1777390942867,12.3711340206186
2020-11-06,2005,49,1900,46,105,3,2197,49,33518,367,35715,416,0,18,2,67,23,1,"Anderson",76978,201.356231650601,0.111430625449317,540.414144300969,63.6545506508353,11.1430625449317
2020-11-07,2085,80,1977,77,108,3,2274,77,33965,447,36239,524,0,18,0,67,23,0,"Anderson",76978,305.282028631557,0.121212121212121,680.713970225259,103.925796980956,12.1212121212121
2020-11-08,2139,54,2028,51,111,3,2336,62,34575,610,36911,672,0,18,1,68,23,0,"Anderson",76978,368.936579282392,0.122536418166238,872.976694640027,70.149912962145,12.2536418166238
2020-11-09,2147,8,2035,7,112,1,2345,9,34649,74,36994,83,0,18,0,68,23,0,"Anderson",76978,336.459767725844,0.122931442080378,107.823014367741,10.3925796980956,12.2931442080378
2020-11-10,2166,19,2053,18,113,1,2367,22,34820,171,37187,193,0,18,1,69,23,0,"Anderson",76978,327.36626049001,0.122206371849738,250.720985216555,24.682376782977,12.2206371849738
2020-11-11,2205,39,2089,36,116,3,2409,42,35093,273,37502,315,1,19,1,70,23,0,"Anderson",76978,354.646782197511,0.121016365202412,409.207825612513,50.6638260282159,12.1016365202412
2020-11-12,2212,7,2095,6,117,1,2417,8,35291,198,37708,206,0,19,0,70,24,1,"Anderson",76978,332.562550339058,0.111664591116646,267.608927225961,9.09350723583361,11.1664591116646
2020-11-13,2268,56,2148,53,120,3,2476,59,35552,261,38028,320,2,21,2,72,24,0,"Anderson",76978,341.656057574892,0.120622568093385,415.703187923822,72.7480578866689,12.0622568093385
2020-11-14,2309,41,2188,40,121,1,2521,45,35948,396,38469,441,1,22,1,73,25,1,"Anderson",76978,290.992231546676,0.110762331838565,572.890955857518,53.2619709527397,11.0762331838565
2020-11-15,2407,98,2286,98,121,0,2629,108,36530,582,39159,690,1,23,1,74,25,0,"Anderson",76978,348.151419886201,0.130338078291815,896.359998960742,127.309101301671,13.0338078291815
2020-11-16,2456,49,2315,29,141,20,2658,29,36807,277,39465,306,0,23,1,75,25,0,"Anderson",76978,401.413390838941,0.126669364629705,397.516173452155,63.6545506508353,12.6669364629705
2020-11-17,2472,16,2330,15,142,1,2674,16,37012,205,39686,221,2,25,1,76,26,1,"Anderson",76978,397.516173452155,0.122849139655862,287.09501415989,20.7851593961911,12.2849139655862
2020-11-18,2502,30,2356,26,146,4,2700,26,37306,294,40006,320,0,25,0,76,27,1,"Anderson",76978,385.824521291798,0.116214057507987,415.703187923822,38.9721738678584,11.6214057507987
2020-11-19,2560,58,2410,54,150,4,2762,62,37722,416,40484,478,0,25,1,77,27,0,"Anderson",76978,452.077216867157,0.124279538904899,620.95663696121,75.3462028111928,12.4279538904899
2020-11-20,2590,30,2437,27,153,3,2793,31,37835,113,40628,144,0,25,0,77,28,1,"Anderson",76978,418.301332848346,0.121923076923077,187.06643456572,38.9721738678584,12.1923076923077
2020-11-21,2647,57,2486,49,161,8,2841,48,38179,344,41020,392,0,25,1,78,28,0,"Anderson",76978,439.086492244537,0.125441003528028,509.236405206682,74.0471303489309,12.5441003528028
2020-11-22,2703,56,2535,49,168,7,2898,57,38662,483,41560,540,0,25,1,79,31,3,"Anderson",76978,384.525448829536,0.112036651395252,701.49912962145,72.7480578866689,11.2036651395252
2020-11-23,2710,7,2541,6,169,1,2904,6,38684,22,41588,28,0,25,0,79,32,1,"Anderson",76978,329.964405414534,0.115873763542157,36.3740289433345,9.09350723583361,11.5873763542157
2020-11-24,2723,13,2553,12,170,1,2916,12,38841,157,41757,169,2,27,0,79,32,0,"Anderson",76978,326.067188027748,0.116851762433607,219.543246122269,16.8879420094053,11.6851762433607
2020-11-25,2751,28,2574,21,177,7,2937,21,38878,37,41815,58,1,28,0,79,32,0,"Anderson",76978,323.469043103224,0.131011608623549,75.3462028111928,36.3740289433345,13.1011608623549
2020-11-26,2796,45,2616,42,180,3,2982,45,39228,350,42210,395,0,28,1,80,33,1,"Anderson",76978,306.581101093819,0.127462340672074,513.133622593468,58.4582608017875,12.7462340672074
2020-11-27,2895,99,2706,90,189,9,3077,95,39654,426,42731,521,0,28,3,83,35,2,"Anderson",76978,396.217100989893,0.135045173561579,676.816752838473,128.608173763933,13.5045173561579
2020-11-28,2926,31,2731,25,195,6,3107,30,39797,143,42904,173,1,29,2,85,35,0,"Anderson",76978,362.441216971083,0.141188959660297,224.739535971316,40.2712463301203,14.1188959660297
2020-11-29,3017,91,2820,89,197,2,3203,96,40234,437,43437,533,0,29,1,86,35,0,"Anderson",76978,407.908753150251,0.162493340436867,692.405622385617,118.215594065837,16.2493340436867
2020-11-30,3087,70,2886,66,201,4,3276,73,40486,252,43762,325,0,29,0,86,37,2,"Anderson",76978,489.750318272753,0.171113155473781,422.198550235132,90.9350723583361,17.1113155473781
2020-12-01,3163,76,2952,66,211,10,3348,72,40916,430,44264,502,1,30,6,92,38,1,"Anderson",76978,571.591883395256,0.172317510969286,652.134376055496,98.7295071319078,17.2317510969286
2020-12-02,3178,15,2966,14,212,1,3364,16,41024,108,44388,124,0,30,0,92,38,0,"Anderson",76978,554.70394138585,0.165954139137194,161.084985320481,19.4860869339292,16.5954139137194
2020-12-03,3219,41,2995,29,224,12,3397,33,41249,225,44646,258,1,31,1,93,39,1,"Anderson",76978,549.507651536803,0.170361247947455,335.160695263582,53.2619709527397,17.0361247947455
2020-12-04,3286,67,3055,60,231,7,3460,63,41407,158,44867,221,1,32,0,93,39,0,"Anderson",76978,507.93733274442,0.179307116104869,287.09501415989,87.0378549715503,17.9307116104869
2020-12-05,3317,31,3074,19,243,12,3478,18,41474,67,44952,85,0,32,0,93,39,0,"Anderson",76978,507.93733274442,0.18115234375,110.421159292265,40.2712463301203,18.115234375
2020-12-06,3353,36,3103,29,250,7,3506,28,41682,208,45188,236,0,32,2,95,40,1,"Anderson",76978,436.488347320014,0.173043974871502,306.581101093819,46.76660864143,17.3043974871502
2020-12-07,3493,140,3227,124,266,16,3642,136,42275,593,45917,729,2,34,4,99,41,1,"Anderson",76978,527.42341967835,0.169837587006961,947.023824988958,181.870144716672,16.9837587006961
2020-12-08,3564,71,3276,49,288,22,3694,52,42573,298,46267,350,1,35,2,101,43,2,"Anderson",76978,520.92805736704,0.172740888666999,454.675361791681,92.2341448205981,17.2740888666999
2020-12-09,3669,105,3367,91,302,14,3798,104,42834,261,46632,365,0,35,3,104,44,1,"Anderson",76978,637.844578970615,0.193404634581105,474.16144872561,136.402608537504,19.3404634581105
2020-12-10,3763,94,3445,78,318,16,3885,87,43365,531,47250,618,3,38,3,107,45,1,"Anderson",76978,706.695419470498,0.187403993855607,802.826781677882,122.112811452623,18.7403993855607
2020-12-11,3836,73,3498,53,338,20,3936,51,43531,166,47467,217,1,39,2,109,45,0,"Anderson",76978,714.48985424407,0.183076923076923,281.898724310842,94.832289745122,18.3076923076923
2020-12-12,3924,88,3559,61,365,27,4001,65,44044,513,48045,578,0,39,2,111,45,0,"Anderson",76978,788.536984593001,0.169091496928548,750.863883187404,114.318376679051,16.9091496928548
2020-12-13,4156,232,3742,183,414,49,4205,204,44916,872,49121,1076,1,40,0,111,47,2,"Anderson",76978,1043.15518719634,0.177726926010679,1397.80196939385,301.384811244771,17.7726926010679
2020-12-14,4271,115,3828,86,443,29,4304,99,45206,290,49510,389,0,40,1,112,48,1,"Anderson",76978,1010.67837563979,0.184247147230726,505.339187819897,149.393333160124,18.4247147230726
2020-12-15,4406,135,3913,85,493,50,4400,96,45733,527,50133,623,1,41,6,118,51,3,"Anderson",76978,1093.81901322456,0.182617692705639,809.322143989192,175.374782405363,18.2617692705639
2020-12-16,4475,69,3943,30,532,39,4436,36,46056,323,50492,359,2,43,4,122,52,1,"Anderson",76978,1047.05240458313,0.165284974093264,466.367013952038,89.6359998960742,16.5284974093264
2020-12-17,4676,201,4117,174,559,27,4630,194,46584,528,51214,722,2,45,2,124,54,2,"Anderson",76978,1186.05315804516,0.187941473259334,937.930317753124,261.113564914651,18.7941473259334
2020-12-18,4774,98,4193,76,581,22,4717,87,46950,366,51667,453,1,46,2,126,54,0,"Anderson",76978,1218.5299696017,0.185952380952381,588.479825404661,127.309101301671,18.5952380952381
2020-12-19,4879,105,4274,81,605,24,4804,87,47208,258,52012,345,0,46,1,127,55,1,"Anderson",76978,1240.61420146016,0.202419964708848,448.179999480371,136.402608537504,20.2419964708848
2020-12-20,5019,140,4396,122,623,18,4941,137,47672,464,52613,601,2,48,3,130,56,1,"Anderson",76978,1121.09953493206,0.210767468499427,780.742549819429,181.870144716672,21.0767468499427
2020-12-21,5066,47,4414,18,652,29,4964,23,47892,220,52856,243,3,51,2,132,59,3,"Anderson",76978,1032.76260749825,0.197250448296473,315.674608329653,61.0564057263114,19.7250448296473
2020-12-22,5136,70,4458,44,678,26,5011,47,47998,106,53009,153,1,52,2,134,64,5,"Anderson",76978,948.32289745122,0.212447844228095,198.758086726078,90.9350723583361,21.2447844228095
2020-12-23,5210,74,4500,42,710,32,5054,43,48314,316,53368,359,2,54,2,136,66,2,"Anderson",76978,954.81825976253,0.214881780250348,466.367013952038,96.1313622073839,21.4881780250348
2020-12-24,5268,58,4524,24,744,34,5081,27,48466,152,53547,179,1,55,1,137,71,5,"Anderson",76978,769.050897659071,0.193313330475782,232.533970744888,75.3462028111928,19.3313330475782
2020-12-25,5361,93,4601,77,760,16,5173,92,48875,409,54048,501,0,55,1,138,72,1,"Anderson",76978,762.555535347762,0.191516169676606,650.835303593234,120.813738990361,19.1516169676606
2020-12-26,5417,56,4630,29,787,27,5201,28,48994,119,54195,147,0,55,3,141,74,2,"Anderson",76978,698.900984696926,0.181859825927623,190.963651952506,72.7480578866689,18.1859825927623
2020-12-27,5477,60,4667,37,810,23,5237,36,49130,136,54367,172,1,56,6,147,75,1,"Anderson",76978,594.975187715971,0.168757126567845,223.440463509055,77.9443477357167,16.8757126567845
2020-12-28,5524,47,4688,21,836,26,5257,20,49199,69,54456,89,2,58,4,151,82,7,"Anderson",76978,594.975187715971,0.183125,115.617449141313,61.0564057263114,18.3125
2020-12-29,5620,96,4740,52,880,44,5305,48,49294,95,54599,143,2,60,5,156,85,3,"Anderson",76978,628.751071734781,0.184905660377358,185.767362103458,124.710956377147,18.4905660377358
2020-12-30,5655,35,4758,18,897,17,5322,17,49422,128,54744,145,6,66,1,157,88,3,"Anderson",76978,578.087245706566,0.194767441860465,188.365507027982,45.4675361791681,19.4767441860465
2020-12-31,5818,163,4858,100,960,63,5424,102,49726,304,55150,406,6,72,1,158,93,5,"Anderson",76978,714.48985424407,0.213973799126638,527.42341967835,211.748811348697,21.3973799126638
2021-01-01,5883,65,4900,42,983,23,5479,55,50002,276,55481,331,0,72,2,160,94,1,"Anderson",76978,678.115825300735,0.213538032100488,429.992985008704,84.4397100470264,21.3538032100488
2021-01-02,5976,93,4941,41,1035,52,5520,41,50287,285,55807,326,0,72,2,162,96,2,"Anderson",76978,726.181506404427,0.197890818858561,423.497622697394,120.813738990361,19.7890818858561
2021-01-03,6001,25,4953,12,1048,13,5536,16,50339,52,55875,68,0,72,1,163,99,3,"Anderson",76978,680.713970225259,0.198275862068966,88.3369274338123,32.4768115565486,19.8275862068966
2021-01-04,6038,37,4977,24,1061,13,5567,31,50446,107,56013,138,1,73,0,163,104,5,"Anderson",76978,667.72324560264,0.199100834938985,179.271999792148,48.065681103692,19.9100834938985
2021-01-05,6110,72,5008,31,1102,41,5598,31,50564,118,56162,149,2,75,2,165,107,3,"Anderson",76978,636.545506508353,0.187460012795905,193.56179687703,93.53321728286,18.7460012795905
2021-01-06,6184,74,5048,40,1136,34,5641,43,50725,161,56366,204,5,80,2,167,109,2,"Anderson",76978,687.209332536569,0.196670776818742,265.010782301437,96.1313622073839,19.6670776818742
2021-01-07,6289,105,5128,80,1161,25,5733,92,50946,221,56679,313,1,81,1,168,112,3,"Anderson",76978,611.863129725376,0.202092871157619,406.609680687989,136.402608537504,20.2092871157619
2021-01-08,6372,83,5179,51,1193,32,5785,52,51145,199,56930,251,5,86,2,170,115,3,"Anderson",76978,635.246434046091,0.211180124223602,326.067188027748,107.823014367741,21.1180124223602
2021-01-09,6481,109,5247,68,1234,41,5860,75,51576,431,57436,506,2,88,0,170,117,2,"Anderson",76978,656.031593442282,0.208717004297115,657.330665904544,141.598898386552,20.8717004297115
2021-01-10,6541,60,5272,25,1269,35,5885,25,51670,94,57555,119,2,90,3,173,118,1,"Anderson",76978,701.49912962145,0.207738095238095,154.589623009171,77.9443477357167,20.7738095238095
2021-01-11,6574,33,5282,10,1292,23,5898,13,51741,71,57639,84,1,91,1,174,120,2,"Anderson",76978,696.302839772403,0.203567035670357,109.122086830003,42.8693912546442,20.3567035670357
2021-01-12,6627,53,5316,34,1311,19,5936,38,51913,172,57849,210,2,93,1,175,120,0,"Anderson",76978,671.620462989426,0.200355660936574,272.805217075008,68.8508404998831,20.0355660936574
2021-01-13,6653,26,5333,17,1320,9,5955,19,52003,90,57958,109,3,96,0,175,121,1,"Anderson",76978,609.264984800852,0.197236180904523,141.598898386552,33.7758840188106,19.7236180904523
2021-01-14,6750,97,5395,62,1355,35,6029,74,52410,407,58439,481,5,101,2,177,123,2,"Anderson",76978,598.872405102757,0.168181818181818,624.853854347995,126.010028839409,16.8181818181818
2021-01-15,6784,34,5415,20,1369,14,6053,24,52565,155,58618,179,0,101,1,178,126,3,"Anderson",76978,535.217854451921,0.158767772511848,232.533970744888,44.1684637169061,15.8767772511848
2021-01-16,6848,64,5445,30,1403,34,6086,33,52808,243,58894,276,1,102,1,179,129,3,"Anderson",76978,476.759593650134,0.155006858710562,358.543999584297,83.1406375847645,15.5006858710562
2021-01-17,6885,37,5465,20,1420,17,6109,23,52912,104,59021,127,0,102,0,179,131,2,"Anderson",76978,446.880927018109,0.152796725784447,164.982202707267,48.065681103692,15.2796725784447
2021-01-18,6904,19,5473,8,1431,11,6119,10,53008,96,59127,106,1,103,0,179,132,1,"Anderson",76978,428.693912546442,0.148521505376344,137.701680999766,24.682376782977,14.8521505376344
2021-01-19,6946,42,5490,17,1456,25,6139,20,53120,112,59259,132,1,104,0,179,134,2,"Anderson",76978,414.40411546156,0.143971631205674,171.477565018577,54.5610434150017,14.3971631205674
2021-01-20,6974,28,5506,16,1468,12,6158,19,53272,152,59430,171,3,107,0,179,137,3,"Anderson",76978,417.002260386084,0.137907608695652,222.141391046793,36.3740289433345,13.7907608695652
2021-01-21,7030,56,5546,40,1484,16,6197,39,53513,241,59710,280,5,112,2,181,138,1,"Anderson",76978,363.740289433345,0.132179386309992,363.740289433345,72.7480578866689,13.2179386309992
2021-01-22,7068,38,5564,18,1504,20,6219,22,53658,145,59877,167,2,114,0,181,141,3,"Anderson",76978,368.936579282392,0.131850675138999,216.945101197745,49.3647535659539,13.1850675138999
2021-01-23,7106,38,5578,14,1528,24,6232,13,53918,260,60150,273,0,114,1,182,141,0,"Anderson",76978,335.160695263582,0.116242038216561,354.646782197511,49.3647535659539,11.6242038216561
2021-01-24,7119,13,5590,12,1529,1,6246,14,53985,67,60231,81,0,114,0,182,143,2,"Anderson",76978,303.982956169295,0.113223140495868,105.224869443218,16.8879420094053,11.3223140495868
2021-01-25,7136,17,5601,11,1535,6,6257,11,54045,60,60302,71,2,116,1,183,145,2,"Anderson",76978,301.384811244771,0.117446808510638,92.2341448205981,22.0842318584531,11.7446808510638
2021-01-26,7163,27,5622,21,1541,6,6282,25,54208,163,60490,188,0,116,1,184,148,3,"Anderson",76978,281.898724310842,0.116165718927701,244.225622905246,35.0749564810725,11.6165718927701
2021-01-27,7180,17,5630,8,1550,9,6291,9,54294,86,60585,95,4,120,0,184,150,2,"Anderson",76978,267.608927225961,0.115151515151515,123.411883914885,22.0842318584531,11.5151515151515
2021-01-28,7267,87,5670,40,1597,47,6338,47,54520,226,60858,273,4,124,0,184,151,1,"Anderson",76978,307.880173556081,0.122822299651568,354.646782197511,113.019304216789,12.2822299651568
2021-01-29,7280,13,5674,4,1606,9,6343,5,54565,45,60908,50,1,125,1,185,151,0,"Anderson",76978,275.403361999532,0.120271580989331,64.9536231130973,16.8879420094053,12.0271580989331
2021-01-30,7320,40,5709,35,1611,5,6379,36,54824,259,61203,295,2,127,2,187,152,1,"Anderson",76978,278.001506924056,0.13960113960114,383.226376367274,51.9628984904778,13.960113960114
2021-01-31,7336,16,5716,7,1620,9,6390,11,54993,169,61383,180,1,128,0,187,154,2,"Anderson",76978,281.898724310842,0.125,233.83304320715,20.7851593961911,12.5
2021-02-01,7356,20,5729,13,1627,7,6403,13,55046,53,61449,66,1,129,1,188,156,2,"Anderson",76978,285.795941697628,0.127288578901482,85.7387825092884,25.9814492452389,12.7288578901482
2021-02-02,7363,7,5735,6,1628,1,6408,5,55114,68,61522,73,5,134,0,188,157,1,"Anderson",76978,259.814492452389,0.122093023255814,94.832289745122,9.09350723583361,12.2093023255814
2021-02-03,7385,22,5741,6,1644,16,6418,10,55306,192,61724,202,4,138,0,188,158,1,"Anderson",76978,266.309854763699,0.111501316944688,262.412637376913,28.5795941697628,11.1501316944688
2021-02-04,7416,31,5756,15,1660,16,6435,17,55630,324,62065,341,2,140,0,188,158,0,"Anderson",76978,193.56179687703,0.0803645401822701,442.983709631323,40.2712463301203,8.03645401822701
2021-02-05,7434,18,5767,11,1667,7,6452,17,55787,157,62239,174,2,142,0,188,159,1,"Anderson",76978,200.05715918834,0.081893313298272,226.038608433578,23.383304320715,8.1893313298272
2021-02-06,7460,26,5783,16,1677,10,6472,20,56009,222,62481,242,1,143,1,189,159,0,"Anderson",76978,181.870144716672,0.0727699530516432,314.375535867391,33.7758840188106,7.27699530516432
2021-02-07,7473,13,5790,7,1683,6,6480,8,56116,107,62596,115,0,143,0,189,159,0,"Anderson",76978,177.972927329886,0.0741962077493817,149.393333160124,16.8879420094053,7.41962077493817
2021-02-08,7498,25,5796,6,1702,19,6485,5,56138,22,62623,27,2,145,0,189,159,0,"Anderson",76978,184.468289641196,0.0698466780238501,35.0749564810725,32.4768115565486,6.98466780238501
2021-02-09,7522,24,5806,10,1716,14,6496,11,56307,169,62803,180,2,147,2,191,159,0,"Anderson",76978,206.552521499649,0.068696330991413,233.83304320715,31.1777390942867,6.8696330991413
2021-02-10,7547,25,5821,15,1726,10,6515,19,56502,195,63017,214,1,148,1,192,159,0,"Anderson",76978,210.449738886435,0.0750193348801237,278.001506924056,32.4768115565486,7.50193348801237
2021-02-11,7560,13,5829,8,1731,5,6526,11,56682,180,63208,191,-1,147,0,192,160,1,"Anderson",76978,187.06643456572,0.0796150481189851,248.122840292031,16.8879420094053,7.96150481189851
2021-02-12,7587,27,5844,15,1743,12,6541,15,56876,194,63417,209,0,147,0,192,160,0,"Anderson",76978,198.758086726078,0.0755517826825127,271.506144612746,35.0749564810725,7.55517826825127
2021-02-13,7614,27,5855,11,1759,16,6551,10,57065,189,63616,199,0,147,0,192,160,0,"Anderson",76978,200.05715918834,0.0696035242290749,258.515419990127,35.0749564810725,6.96035242290749
2021-02-14,7627,13,5864,9,1763,4,6562,11,57126,61,63688,72,2,149,0,192,160,0,"Anderson",76978,200.05715918834,0.0750915750915751,93.53321728286,16.8879420094053,7.50915750915751
2021-02-15,7643,16,5872,8,1771,8,6571,9,57199,73,63770,82,0,149,1,193,161,1,"Anderson",76978,188.365507027982,0.0749782040104621,106.523941905479,20.7851593961911,7.49782040104621
2021-02-16,7672,29,5886,14,1786,15,6588,17,57283,84,63871,101,0,149,0,193,161,0,"Anderson",76978,194.860869339292,0.0861423220973783,131.206318688456,37.6731014055964,8.61423220973783
2021-02-17,7691,19,5898,12,1793,7,6600,12,57391,108,63991,120,0,149,0,193,163,2,"Anderson",76978,187.06643456572,0.0872689938398357,155.888695471433,24.682376782977,8.72689938398357
2021-02-18,7715,24,5920,22,1795,2,6626,26,57547,156,64173,182,0,149,0,193,163,0,"Anderson",76978,201.356231650601,0.103626943005181,236.431188131674,31.1777390942867,10.3626943005181
2021-02-19,7728,13,5931,11,1797,2,6641,15,57593,46,64234,61,0,149,0,193,164,1,"Anderson",76978,183.169217178934,0.122399020807834,79.2434201979787,16.8879420094053,12.2399020807834
2021-02-20,7747,19,5938,7,1809,12,6650,9,57715,122,64365,131,1,150,0,193,165,1,"Anderson",76978,172.776637480839,0.132176234979973,170.178492556315,24.682376782977,13.2176234979973
2021-02-21,7759,12,5945,7,1814,5,6657,7,57779,64,64436,71,2,152,1,194,165,0,"Anderson",76978,171.477565018577,0.127005347593583,92.2341448205981,15.5888695471433,12.7005347593583
2021-02-22,7764,5,5947,2,1817,3,6663,6,57816,37,64479,43,1,153,0,194,166,1,"Anderson",76978,157.187767933695,0.129760225669958,55.8601158772636,6.49536231130973,12.9760225669958
2021-02-23,7788,24,5956,9,1832,15,6671,8,57959,143,64630,151,2,155,0,194,168,2,"Anderson",76978,150.692405622386,0.10935441370224,196.159941801554,31.1777390942867,10.935441370224
2021-02-24,7820,32,5975,19,1845,13,6694,23,58133,174,64827,197,0,155,0,194,168,0,"Anderson",76978,167.580347631791,0.11244019138756,255.917275065603,41.5703187923822,11.244019138756
2021-02-25,7837,17,5983,8,1854,9,6705,11,58260,127,64965,138,1,156,0,194,168,0,"Anderson",76978,158.486840395957,0.0997474747474748,179.271999792148,22.0842318584531,9.97474747474748
2021-02-26,7849,12,5991,8,1858,4,6714,9,58359,99,65073,108,0,156,0,194,168,0,"Anderson",76978,157.187767933695,0.0870083432657926,140.29982592429,15.5888695471433,8.70083432657926
2021-02-27,7858,9,5998,7,1860,2,6720,6,58451,92,65171,98,0,156,0,194,168,0,"Anderson",76978,144.197043311076,0.086848635235732,127.309101301671,11.6916521603575,8.6848635235732
2021-02-28,7872,14,6008,10,1864,4,6731,11,58521,70,65252,81,0,156,0,194,168,0,"Anderson",76978,146.7951882356,0.0906862745098039,105.224869443218,18.1870144716672,9.06862745098039
2021-03-01,7880,8,6013,5,1867,3,6738,7,58556,35,65294,42,0,156,0,194,169,1,"Anderson",76978,150.692405622386,0.0920245398773006,54.5610434150017,10.3925796980956,9.20245398773006
2021-03-02,7903,23,6024,11,1879,12,6748,10,58672,116,65420,126,1,157,1,195,169,0,"Anderson",76978,149.393333160124,0.0974683544303798,163.683130245005,29.8786666320247,9.74683544303798
2021-03-03,7936,33,6045,21,1891,12,6773,25,58788,116,65561,141,1,158,0,195,170,1,"Anderson",76978,150.692405622386,0.107629427792916,183.169217178934,42.8693912546442,10.7629427792916
2021-03-04,7961,25,6058,13,1903,12,6790,17,58951,163,65741,180,0,158,0,195,170,0,"Anderson",76978,161.084985320481,0.109536082474227,233.83304320715,32.4768115565486,10.9536082474227
2021-03-05,7994,33,6075,17,1919,16,6812,22,59085,134,65897,156,0,158,2,197,170,0,"Anderson",76978,188.365507027982,0.118932038834951,202.655304112863,42.8693912546442,11.8932038834951
2021-03-06,8004,10,6080,5,1924,5,6820,8,59174,89,65994,97,0,158,0,197,170,0,"Anderson",76978,189.664579490244,0.121506682867558,126.010028839409,12.9907246226195,12.1506682867558
2021-03-07,8010,6,6083,3,1927,3,6823,3,59213,39,66036,42,0,158,0,197,170,0,"Anderson",76978,179.271999792148,0.11734693877551,54.5610434150017,7.79443477357167,11.734693877551
2021-03-08,8026,16,6090,7,1936,9,6832,9,59290,77,66122,86,1,159,0,197,170,0,"Anderson",76978,189.664579490244,0.113526570048309,111.720231754527,20.7851593961911,11.3526570048309
2021-03-09,8047,21,6098,8,1949,13,6840,8,59355,65,66195,73,0,159,3,200,171,1,"Anderson",76978,187.06643456572,0.118709677419355,94.832289745122,27.2805217075008,11.8709677419355
2021-03-10,8069,22,6111,13,1958,9,6856,16,59512,157,66368,173,0,159,1,201,171,0,"Anderson",76978,172.776637480839,0.102850061957869,224.739535971316,28.5795941697628,10.2850061957869
2021-03-11,8092,23,6121,10,1971,13,6866,10,59609,97,66475,107,0,159,1,202,172,1,"Anderson",76978,170.178492556315,0.103542234332425,139.000753462028,29.8786666320247,10.3542234332425
2021-03-12,8112,20,6138,17,1974,3,6886,20,59715,106,66601,126,0,159,0,202,172,0,"Anderson",76978,153.29055054691,0.105113636363636,163.683130245005,25.9814492452389,10.5113636363636
2021-03-13,8123,11,6142,4,1981,7,6890,4,59791,76,66681,80,0,159,1,203,172,0,"Anderson",76978,154.589623009171,0.101892285298399,103.925796980956,14.2897970848814,10.1892285298399
2021-03-14,8129,6,6146,4,1983,2,6896,6,59827,36,66723,42,0,159,1,204,172,0,"Anderson",76978,154.589623009171,0.106259097525473,54.5610434150017,7.79443477357167,10.6259097525473
2021-03-15,8147,18,6152,6,1995,12,6902,6,59859,32,66761,38,0,159,1,205,172,0,"Anderson",76978,157.187767933695,0.109546165884194,49.3647535659539,23.383304320715,10.9546165884194
2021-03-16,8180,33,6165,13,2015,20,6917,15,59952,93,66869,108,0,159,2,207,172,0,"Anderson",76978,172.776637480839,0.114243323442137,140.29982592429,42.8693912546442,11.4243323442136
2021-03-17,8198,18,6177,12,2021,6,6930,13,60039,87,66969,100,0,159,0,207,173,1,"Anderson",76978,167.580347631791,0.123128119800333,129.907246226195,23.383304320715,12.3128119800333
2021-03-18,8214,16,6189,12,2025,4,6945,15,60120,81,67065,96,1,160,0,207,173,0,"Anderson",76978,158.486840395957,0.133898305084746,124.710956377147,20.7851593961911,13.3898305084746
2021-03-19,8238,24,6203,14,2035,10,6958,13,60239,119,67197,132,0,160,1,208,173,0,"Anderson",76978,163.683130245005,0.120805369127517,171.477565018577,31.1777390942867,12.0805369127517
2021-03-20,8250,12,6209,6,2041,6,6966,8,60278,39,67244,47,0,160,1,209,173,0,"Anderson",76978,164.982202707267,0.134991119005329,61.0564057263114,15.5888695471433,13.4991119005329
2021-03-21,8260,10,6215,6,2045,4,6973,7,60340,62,67313,69,-1,159,0,209,173,0,"Anderson",76978,170.178492556315,0.130508474576271,89.6359998960742,12.9907246226195,13.0508474576271
2021-03-22,8266,6,6216,1,2050,5,6974,1,60406,66,67380,67,0,159,1,210,173,0,"Anderson",76978,154.589623009171,0.116316639741519,87.0378549715503,7.79443477357167,11.6316639741519
2021-03-23,8272,6,6217,1,2055,5,6975,1,60449,43,67424,44,0,159,0,210,174,1,"Anderson",76978,119.514666528099,0.104504504504505,57.1591883395256,7.79443477357167,10.4504504504505
2021-03-24,8280,8,6224,7,2056,1,6982,7,60569,120,67551,127,1,160,0,210,174,0,"Anderson",76978,106.523941905479,0.0893470790378007,164.982202707267,10.3925796980956,8.93470790378007
2021-03-25,8290,10,6229,5,2061,5,6988,6,60670,101,67658,107,0,160,0,210,174,0,"Anderson",76978,98.7295071319078,0.0725126475548061,139.000753462028,12.9907246226195,7.25126475548061
2021-03-26,8307,17,6241,12,2066,5,6999,11,60736,66,67735,77,0,160,0,210,175,1,"Anderson",76978,89.6359998960742,0.0762081784386617,100.02857959417,22.0842318584531,7.62081784386617
2021-03-27,8311,4,6245,4,2066,0,7005,6,60800,64,67805,70,1,161,2,212,175,0,"Anderson",76978,79.2434201979786,0.0695187165775401,90.9350723583361,5.19628984904778,6.95187165775401
2021-03-28,8314,3,6245,0,2069,3,7005,0,60829,29,67834,29,1,162,0,212,176,1,"Anderson",76978,70.149912962145,0.0614203454894434,37.6731014055964,3.89721738678583,6.14203454894434
2021-03-29,8329,15,6249,4,2080,11,7009,4,60915,86,67924,90,1,163,0,212,177,1,"Anderson",76978,81.8415651225025,0.0643382352941176,116.916521603575,19.4860869339292,6.43382352941176
2021-03-30,8334,5,6252,3,2082,2,7012,3,60973,58,67985,61,1,164,0,212,177,0,"Anderson",76978,80.5424926602406,0.0659536541889483,79.2434201979787,6.49536231130973,6.59536541889483
2021-03-31,8357,23,6266,14,2091,9,7028,16,61137,164,68165,180,1,165,1,213,177,0,"Anderson",76978,100.02857959417,0.0749185667752443,233.83304320715,29.8786666320247,7.49185667752443
2021-04-01,8367,10,6271,5,2096,5,7032,4,61194,57,68226,61,0,165,0,213,177,0,"Anderson",76978,100.02857959417,0.0774647887323944,79.2434201979787,12.9907246226195,7.74647887323944
2021-04-02,8375,8,6277,6,2098,2,7040,8,61264,70,68304,78,0,165,0,213,177,0,"Anderson",76978,88.3369274338123,0.0720562390158172,101.327652056432,10.3925796980956,7.20562390158172
2021-04-03,8381,6,6282,5,2099,1,7046,6,61314,50,68360,56,0,165,0,213,177,0,"Anderson",76978,90.9350723583361,0.0738738738738739,72.7480578866689,7.79443477357167,7.38738738738739
2021-04-04,8383,2,6284,2,2099,0,7048,2,61352,38,68400,40,0,165,0,213,177,0,"Anderson",76978,89.6359998960742,0.0759717314487632,51.9628984904778,2.59814492452389,7.59717314487632
2021-04-05,8397,14,6287,3,2110,11,7050,2,61410,58,68460,60,0,165,2,215,177,0,"Anderson",76978,88.3369274338123,0.0764925373134328,77.9443477357167,18.1870144716672,7.64925373134328
2021-04-06,8402,5,6291,4,2111,1,7056,6,61452,42,68508,48,0,165,0,215,177,0,"Anderson",76978,88.3369274338123,0.0841300191204589,62.3554781885734,6.49536231130973,8.41300191204589
2021-04-07,8422,20,6304,13,2118,7,7070,14,61610,158,68680,172,0,165,2,217,177,0,"Anderson",76978,84.4397100470264,0.0815533980582524,223.440463509055,25.9814492452389,8.15533980582524
2021-04-08,8425,3,6306,2,2119,1,7073,3,61701,91,68774,94,5,170,1,218,177,0,"Anderson",76978,75.3462028111928,0.0748175182481752,122.112811452623,3.89721738678583,7.48175182481752
2021-04-09,8433,8,6312,6,2121,2,7082,9,61788,87,68870,96,-4,166,0,218,177,0,"Anderson",76978,75.3462028111928,0.0742049469964664,124.710956377147,10.3925796980956,7.42049469964664
2021-04-10,8438,5,6317,5,2121,0,7087,5,61859,71,68946,76,0,166,0,218,177,0,"Anderson",76978,74.0471303489309,0.0699658703071672,98.7295071319078,6.49536231130973,6.99658703071672
2021-04-11,8445,7,6322,5,2123,2,7092,5,61903,44,68995,49,-1,165,0,218,177,0,"Anderson",76978,80.5424926602406,0.0739495798319328,63.6545506508353,9.09350723583361,7.39495798319328
2021-04-12,8448,3,6325,3,2123,0,7095,3,61972,69,69067,72,0,165,0,218,177,0,"Anderson",76978,66.2526955753592,0.0741350906095552,93.53321728286,3.89721738678583,7.41350906095552
2021-04-13,8458,10,6330,5,2128,5,7101,6,62033,61,69134,67,5,170,0,218,177,0,"Anderson",76978,72.7480578866689,0.0718849840255591,87.0378549715503,12.9907246226195,7.18849840255591
2021-04-14,8472,14,6339,9,2133,5,7112,11,62171,138,69283,149,0,170,0,218,177,0,"Anderson",76978,64.9536231130973,0.0696517412935323,193.56179687703,18.1870144716672,6.96517412935323
2021-04-15,8481,9,6344,5,2137,4,7117,5,62252,81,69369,86,0,170,0,218,177,0,"Anderson",76978,72.7480578866689,0.0739495798319328,111.720231754527,11.6916521603575,7.39495798319328
2021-04-16,8494,13,6355,11,2139,2,7130,13,62405,153,69535,166,0,170,0,218,177,0,"Anderson",76978,79.2434201979786,0.0721804511278196,215.646028735483,16.8879420094053,7.21804511278196
2021-04-17,8499,5,6358,3,2141,2,7134,4,62470,65,69604,69,0,170,0,218,177,0,"Anderson",76978,79.2434201979786,0.0714285714285714,89.6359998960742,6.49536231130973,7.14285714285714
2021-04-18,8506,7,6364,6,2142,1,7140,6,62515,45,69655,51,0,170,0,218,177,0,"Anderson",76978,79.2434201979786,0.0727272727272727,66.2526955753592,9.09350723583361,7.27272727272727
2021-04-19,8512,6,6367,3,2145,3,7143,3,62538,23,69681,26,0,170,0,218,178,1,"Anderson",76978,83.1406375847645,0.0781758957654723,33.7758840188106,7.79443477357167,7.81758957654723
2021-04-20,8518,6,6370,3,2148,3,7146,3,62637,99,69783,102,0,170,0,218,178,0,"Anderson",76978,77.9443477357167,0.0693374422187981,132.505391150718,7.79443477357167,6.93374422187981
2021-04-21,8530,12,6376,6,2154,6,7152,6,62791,154,69943,160,1,171,0,218,178,0,"Anderson",76978,75.3462028111928,0.0606060606060606,207.851593961911,15.5888695471433,6.06060606060606
2021-04-22,8548,18,6382,6,2166,12,7159,7,62935,144,70094,151,0,171,0,218,178,0,"Anderson",76978,87.0378549715503,0.0579310344827586,196.159941801554,23.383304320715,5.79310344827586
2021-04-23,8558,10,6387,5,2171,5,7165,6,63101,166,70266,172,0,171,0,218,178,0,"Anderson",76978,83.1406375847645,0.0478796169630643,223.440463509055,12.9907246226195,4.78796169630643
2021-04-24,8570,12,6393,6,2177,6,7172,7,63168,67,70340,74,0,171,1,219,178,0,"Anderson",76978,92.2341448205981,0.0516304347826087,96.1313622073839,15.5888695471433,5.16304347826087
2021-04-25,8574,4,6395,2,2179,2,7174,2,63208,40,70382,42,0,171,0,219,178,0,"Anderson",76978,88.3369274338123,0.046767537826685,54.5610434150017,5.19628984904778,4.6767537826685
2021-04-26,8583,9,6399,4,2184,5,7178,4,63283,75,70461,79,0,171,0,219,179,1,"Anderson",76978,92.2341448205981,0.0448717948717949,102.626724518694,11.6916521603575,4.48717948717949
2021-04-27,8593,10,6405,6,2188,4,7184,6,63351,68,70535,74,0,171,0,219,179,0,"Anderson",76978,97.4304346696459,0.050531914893617,96.1313622073839,12.9907246226195,5.0531914893617
2021-04-28,8610,17,6417,12,2193,5,7197,13,63489,138,70686,151,0,171,1,220,180,1,"Anderson",76978,103.925796980956,0.0605652759084791,196.159941801554,22.0842318584531,6.05652759084791
2021-04-29,8616,6,6419,2,2197,4,7200,3,63638,149,70838,152,0,171,0,220,180,0,"Anderson",76978,88.3369274338123,0.0551075268817204,197.459014263816,7.79443477357167,5.51075268817204
2021-04-30,8623,7,6422,3,2201,4,7204,4,63760,122,70964,126,0,171,0,220,180,0,"Anderson",76978,84.4397100470264,0.0558739255014327,163.683130245005,9.09350723583361,5.58739255014327
2021-05-01,8628,5,6425,3,2203,2,7207,3,63823,63,71030,66,0,171,1,221,180,0,"Anderson",76978,75.3462028111928,0.0507246376811594,85.7387825092884,6.49536231130973,5.07246376811594
2021-05-02,8631,3,6426,1,2205,2,7208,1,63874,51,71082,52,0,171,0,221,180,0,"Anderson",76978,74.0471303489309,0.0485714285714286,67.5517680376211,3.89721738678583,4.85714285714286
2021-05-03,8641,10,6431,5,2210,5,7213,5,63980,106,71193,111,0,171,0,221,180,0,"Anderson",76978,75.3462028111928,0.0478142076502732,144.197043311076,12.9907246226195,4.78142076502732
2021-05-04,8643,2,6431,0,2212,2,7214,1,64056,76,71270,77,0,171,0,221,180,0,"Anderson",76978,64.9536231130973,0.0408163265306122,100.02857959417,2.59814492452389,4.08163265306122
2021-05-05,8651,8,6435,4,2216,4,7217,3,64173,117,71390,120,0,171,0,221,180,0,"Anderson",76978,53.2619709527397,0.0284090909090909,155.888695471433,10.3925796980956,2.84090909090909
2021-05-06,8656,5,6438,3,2218,2,7223,6,64225,52,71448,58,0,171,1,222,180,0,"Anderson",76978,51.9628984904778,0.0377049180327869,75.3462028111928,6.49536231130973,3.77049180327869
2021-05-07,8661,5,6440,2,2221,3,7226,3,64345,120,71571,123,0,171,0,222,180,0,"Anderson",76978,49.3647535659539,0.0362438220757825,159.785912858219,6.49536231130973,3.62438220757825
2021-05-08,8667,6,6443,3,2224,3,7228,2,64414,69,71642,71,0,171,1,223,181,1,"Anderson",76978,50.6638260282159,0.0343137254901961,92.2341448205981,7.79443477357167,3.43137254901961
2021-05-09,8668,1,6443,0,2225,1,7229,1,64442,28,71671,29,0,171,0,223,181,0,"Anderson",76978,48.065681103692,0.0356536502546689,37.6731014055964,1.29907246226194,3.56536502546689
2021-05-10,8673,5,6443,0,2230,5,7229,0,64530,88,71759,88,0,171,0,223,181,0,"Anderson",76978,41.5703187923822,0.0282685512367491,114.318376679051,6.49536231130973,2.82685512367491
2021-05-11,8681,8,6444,1,2237,7,7231,2,64572,42,71803,44,0,171,0,223,182,1,"Anderson",76978,49.3647535659539,0.0318949343339587,57.1591883395256,10.3925796980956,3.18949343339587
2021-05-12,8694,13,6451,7,2243,6,7237,6,64675,103,71912,109,0,171,2,225,182,0,"Anderson",76978,55.8601158772636,0.0383141762452107,141.598898386552,16.8879420094053,3.83141762452107
2021-05-13,8698,4,6453,2,2245,2,7239,2,64778,103,72017,105,0,171,2,227,182,0,"Anderson",76978,54.5610434150017,0.0281195079086116,136.402608537504,5.19628984904778,2.81195079086116
2021-05-14,8706,8,6456,3,2250,5,7244,5,64865,87,72109,92,0,171,0,227,182,0,"Anderson",76978,58.4582608017875,0.033457249070632,119.514666528099,10.3925796980956,3.3457249070632
2021-05-15,8711,5,6458,2,2253,3,7246,2,64930,65,72176,67,0,171,0,227,182,0,"Anderson",76978,57.1591883395256,0.0337078651685393,87.0378549715503,6.49536231130973,3.37078651685393
2021-05-16,8713,2,6459,1,2254,1,7247,1,64966,36,72213,37,0,171,0,227,182,0,"Anderson",76978,58.4582608017875,0.033210332103321,48.065681103692,2.59814492452389,3.3210332103321
2021-05-17,8719,6,6464,5,2255,1,7252,5,65025,59,72277,64,1,172,0,227,182,0,"Anderson",76978,59.7573332640495,0.0444015444015444,83.1406375847645,7.79443477357167,4.44015444015444
2021-05-18,8723,4,6464,0,2259,4,7252,0,65116,91,72368,91,0,172,1,228,182,0,"Anderson",76978,54.5610434150017,0.0371681415929204,118.215594065837,5.19628984904778,3.71681415929204
2021-05-19,8730,7,6469,5,2261,2,7258,6,65234,118,72492,124,0,172,0,228,182,0,"Anderson",76978,46.76660864143,0.0362068965517241,161.084985320481,9.09350723583361,3.62068965517241
2021-05-20,8732,2,6471,2,2261,0,7260,2,65353,119,72613,121,0,172,0,228,182,0,"Anderson",76978,44.1684637169061,0.0352348993288591,157.187767933695,2.59814492452389,3.52348993288591
2021-05-21,8734,2,6471,0,2263,2,7260,0,65423,70,72683,70,0,172,0,228,182,0,"Anderson",76978,36.3740289433345,0.0278745644599303,90.9350723583361,2.59814492452389,2.78745644599303
2021-05-22,8739,5,6473,2,2266,3,7262,2,65463,40,72725,42,0,172,0,228,182,0,"Anderson",76978,36.3740289433345,0.029143897996357,54.5610434150017,6.49536231130973,2.9143897996357
2021-05-23,8739,0,6473,0,2266,0,7262,0,65492,29,72754,29,0,172,0,228,182,0,"Anderson",76978,33.7758840188106,0.0277264325323475,37.6731014055964,0,2.77264325323475
2021-05-24,8747,8,6477,4,2270,4,7265,3,65551,59,72816,62,0,172,0,228,182,0,"Anderson",76978,36.3740289433345,0.0241187384044527,80.5424926602406,10.3925796980956,2.41187384044527
2021-05-25,8749,2,6477,0,2272,2,7266,1,65596,45,72862,46,0,172,0,228,182,0,"Anderson",76978,33.7758840188106,0.0283400809716599,59.7573332640495,2.59814492452389,2.83400809716599
2021-05-26,8756,7,6482,5,2274,2,7272,6,65696,100,72968,106,0,172,0,228,182,0,"Anderson",76978,33.7758840188106,0.0294117647058824,137.701680999766,9.09350723583361,2.94117647058824
2021-05-27,8758,2,6483,1,2275,1,7273,1,65746,50,73019,51,0,172,1,229,182,0,"Anderson",76978,33.7758840188106,0.0320197044334975,66.2526955753592,2.59814492452389,3.20197044334975
2021-05-28,8763,5,6487,4,2276,1,7278,5,65829,83,73107,88,0,172,0,229,182,0,"Anderson",76978,37.6731014055964,0.0424528301886792,114.318376679051,6.49536231130973,4.24528301886792
2021-05-29,8764,1,6487,0,2277,1,7278,0,65866,37,73144,37,0,172,0,229,182,0,"Anderson",76978,32.4768115565486,0.0381861575178998,48.065681103692,1.29907246226194,3.81861575178998
2021-05-30,8767,3,6488,1,2279,2,7279,1,65916,50,73195,51,0,172,0,229,182,0,"Anderson",76978,36.3740289433345,0.0385487528344671,66.2526955753592,3.89721738678583,3.85487528344671
2021-05-31,8771,4,6491,3,2280,1,7282,3,65967,51,73249,54,0,172,0,229,182,0,"Anderson",76978,31.1777390942867,0.0392609699769053,70.149912962145,5.19628984904778,3.92609699769053
2021-06-01,8774,3,6493,2,2281,1,7283,1,66015,48,73298,49,0,172,1,230,182,0,"Anderson",76978,32.4768115565486,0.0389908256880734,63.6545506508353,3.89721738678583,3.89908256880734
2021-06-02,8778,4,6494,1,2284,3,7285,2,66056,41,73341,43,0,172,0,230,182,0,"Anderson",76978,28.5795941697628,0.0348525469168901,55.8601158772636,5.19628984904778,3.48525469168901
2021-06-03,8779,1,6494,0,2285,1,7288,3,66145,89,73433,92,1,173,0,230,183,1,"Anderson",76978,27.2805217075008,0.036231884057971,119.514666528099,1.29907246226194,3.6231884057971
2021-06-04,8780,1,6495,1,2285,0,7290,2,66198,53,73488,55,-1,172,0,230,183,0,"Anderson",76978,22.0842318584531,0.031496062992126,71.448985424407,1.29907246226194,3.1496062992126
2021-06-05,8781,1,6496,1,2285,0,7291,1,66255,57,73546,58,0,172,0,230,183,0,"Anderson",76978,22.0842318584531,0.0323383084577114,75.3462028111928,1.29907246226194,3.23383084577114
2021-06-06,8781,0,6496,0,2285,0,7291,0,66280,25,73571,25,0,172,0,230,183,0,"Anderson",76978,18.1870144716672,0.0319148936170213,32.4768115565486,0,3.19148936170213
2021-06-07,8782,1,6496,0,2286,1,7291,0,66344,64,73635,64,0,172,0,230,183,0,"Anderson",76978,14.2897970848814,0.0233160621761658,83.1406375847645,1.29907246226194,2.33160621761658
2021-06-08,8783,1,6496,0,2287,1,7291,0,66381,37,73672,37,0,172,1,231,184,1,"Anderson",76978,11.6916521603575,0.0213903743315508,48.065681103692,1.29907246226194,2.13903743315508
2021-06-09,8783,0,6496,0,2287,0,7291,0,66462,81,73753,81,0,172,0,231,184,0,"Anderson",76978,6.49536231130972,0.0145631067961165,105.224869443218,0,1.45631067961165
2021-06-10,8787,4,6497,1,2290,3,7292,1,66519,57,73811,58,0,172,0,231,184,0,"Anderson",76978,10.3925796980956,0.0105820105820106,75.3462028111928,5.19628984904778,1.05820105820106
2021-06-11,8788,1,6497,0,2291,1,7293,1,66574,55,73867,56,1,173,0,231,184,0,"Anderson",76978,10.3925796980956,0.0079155672823219,72.7480578866689,1.29907246226194,0.79155672823219
2021-06-12,8789,1,6497,0,2292,1,7294,1,66629,55,73923,56,2,175,0,231,184,0,"Anderson",76978,10.3925796980956,0.00795755968169761,72.7480578866689,1.29907246226194,0.795755968169761
2021-06-13,8790,1,6497,0,2293,1,7295,1,66667,38,73962,39,0,175,0,231,184,0,"Anderson",76978,11.6916521603575,0.010230179028133,50.6638260282159,1.29907246226194,1.0230179028133
2021-06-14,8792,2,6499,2,2293,0,7297,2,66753,86,74050,88,0,175,0,231,184,0,"Anderson",76978,12.9907246226194,0.0144578313253012,114.318376679051,2.59814492452389,1.44578313253012
2021-06-15,8792,0,6499,0,2293,0,7298,1,66784,31,74082,32,0,175,0,231,184,0,"Anderson",76978,11.6916521603575,0.0170731707317073,41.5703187923822,0,1.70731707317073
2021-06-16,8793,1,6500,1,2293,0,7299,1,66827,43,74126,44,0,175,0,231,184,0,"Anderson",76978,12.9907246226194,0.0214477211796247,57.1591883395256,1.29907246226194,2.14477211796247
2021-06-17,8793,0,6500,0,2293,0,7299,0,66913,86,74212,86,0,175,0,231,184,0,"Anderson",76978,7.79443477357167,0.0174563591022444,111.720231754527,0,1.74563591022444
2021-06-18,8795,2,6501,1,2294,1,7303,4,66963,50,74266,54,0,175,0,231,184,0,"Anderson",76978,9.09350723583361,0.025062656641604,70.149912962145,2.59814492452389,2.5062656641604
2021-06-19,8795,0,6501,0,2294,0,7303,0,67011,48,74314,48,0,175,0,231,184,0,"Anderson",76978,7.79443477357167,0.0230179028132992,62.3554781885734,0,2.30179028132992
2021-06-20,8795,0,6501,0,2294,0,7304,1,67034,23,74338,24,0,175,0,231,184,0,"Anderson",76978,6.49536231130972,0.023936170212766,31.1777390942867,0,2.3936170212766
2021-06-21,8796,1,6501,0,2295,1,7304,0,67074,40,74378,40,0,175,0,231,184,0,"Anderson",76978,5.19628984904778,0.0213414634146341,51.9628984904778,1.29907246226194,2.13414634146341
2021-06-22,8800,4,6502,1,2298,3,7304,0,67116,42,74420,42,0,175,1,232,184,0,"Anderson",76978,10.3925796980956,0.0177514792899408,54.5610434150017,5.19628984904778,1.77514792899408
2021-06-23,8801,1,6503,1,2298,0,7305,1,67164,48,74469,49,0,175,0,232,184,0,"Anderson",76978,10.3925796980956,0.0174927113702624,63.6545506508353,1.29907246226194,1.74927113702624
2021-06-24,8801,0,6503,0,2298,0,7306,1,67209,45,74515,46,0,175,0,232,184,0,"Anderson",76978,10.3925796980956,0.0231023102310231,59.7573332640495,0,2.31023102310231
2021-06-25,8802,1,6504,1,2298,0,7307,1,67245,36,74552,37,0,175,0,232,184,0,"Anderson",76978,9.09350723583361,0.013986013986014,48.065681103692,1.29907246226194,1.3986013986014
2021-06-26,8803,1,6505,1,2298,0,7308,1,67278,33,74586,34,0,175,0,232,184,0,"Anderson",76978,10.3925796980956,0.0183823529411765,44.1684637169061,1.29907246226194,1.83823529411765
2021-06-27,8803,0,6505,0,2298,0,7308,0,67310,32,74618,32,0,175,0,232,184,0,"Anderson",76978,10.3925796980956,0.0142857142857143,41.5703187923822,0,1.42857142857143
2021-06-28,8804,1,6505,0,2299,1,7309,1,67326,16,74635,17,0,175,0,232,184,0,"Anderson",76978,10.3925796980956,0.0194552529182879,22.0842318584531,1.29907246226194,1.94552529182879
2021-06-29,8807,3,6508,3,2299,0,7312,3,67385,59,74697,62,0,175,0,232,184,0,"Anderson",76978,9.09350723583361,0.0288808664259928,80.5424926602406,3.89721738678583,2.88808664259928
2021-06-30,8807,0,6508,0,2299,0,7312,0,67431,46,74743,46,0,175,0,232,184,0,"Anderson",76978,7.79443477357167,0.0255474452554745,59.7573332640495,0,2.55474452554745
2021-07-01,8808,1,6509,1,2299,0,7313,1,67468,37,74781,38,0,175,0,232,184,0,"Anderson",76978,9.09350723583361,0.0263157894736842,49.3647535659539,1.29907246226194,2.63157894736842
2021-07-02,8808,0,6509,0,2299,0,7313,0,67511,43,74824,43,0,175,0,232,184,0,"Anderson",76978,7.79443477357167,0.0220588235294118,55.8601158772636,0,2.20588235294118
2021-07-03,8808,0,6509,0,2299,0,7313,0,67532,21,74845,21,0,175,0,232,184,0,"Anderson",76978,6.49536231130972,0.0193050193050193,27.2805217075008,0,1.93050193050193
2021-07-04,8809,1,6509,0,2300,1,7314,1,67557,25,74871,26,0,175,0,232,184,0,"Anderson",76978,7.79443477357167,0.0237154150197628,33.7758840188106,1.29907246226194,2.37154150197628
2021-07-05,8809,0,6509,0,2300,0,7315,1,67572,15,74887,16,0,175,0,232,184,0,"Anderson",76978,6.49536231130972,0.0238095238095238,20.7851593961911,0,2.38095238095238
2021-07-06,8810,1,6509,0,2301,1,7315,0,67602,30,74917,30,1,176,0,232,184,0,"Anderson",76978,3.89721738678583,0.0136363636363636,38.9721738678584,1.29907246226194,1.36363636363636
2021-07-07,8811,1,6509,0,2302,1,7315,0,67648,46,74963,46,0,176,0,232,184,0,"Anderson",76978,5.19628984904778,0.0136363636363636,59.7573332640495,1.29907246226194,1.36363636363636
2021-07-08,8812,1,6510,1,2302,0,7316,1,67689,41,75005,42,0,176,0,232,184,0,"Anderson",76978,5.19628984904778,0.0133928571428571,54.5610434150017,1.29907246226194,1.33928571428571
2021-07-09,8814,2,6511,1,2303,1,7317,1,67733,44,75050,45,0,176,0,232,184,0,"Anderson",76978,7.79443477357167,0.0176991150442478,58.4582608017875,2.59814492452389,1.76991150442478
2021-07-10,8816,2,6512,1,2304,1,7318,1,67755,22,75073,23,0,176,1,233,184,0,"Anderson",76978,10.3925796980956,0.0219298245614035,29.8786666320247,2.59814492452389,2.19298245614035
2021-07-11,8816,0,6512,0,2304,0,7318,0,67770,15,75088,15,0,176,0,233,184,0,"Anderson",76978,9.09350723583361,0.0184331797235023,19.4860869339292,0,1.84331797235023
2021-07-12,8824,8,6516,4,2308,4,7322,4,67806,36,75128,40,0,176,1,234,184,0,"Anderson",76978,19.4860869339292,0.029045643153527,51.9628984904778,10.3925796980956,2.9045643153527
2021-07-13,8825,1,6516,0,2309,1,7322,0,67827,21,75149,21,0,176,0,234,186,2,"Anderson",76978,19.4860869339292,0.0301724137931034,27.2805217075008,1.29907246226194,3.01724137931034
2021-07-14,8830,5,6521,5,2309,0,7327,5,67880,53,75207,58,0,176,1,235,186,0,"Anderson",76978,24.682376782977,0.0491803278688525,75.3462028111928,6.49536231130973,4.91803278688525
2021-07-15,8833,3,6524,3,2309,0,7329,2,67913,33,75242,35,0,176,0,235,186,0,"Anderson",76978,27.2805217075008,0.0548523206751055,45.4675361791681,3.89721738678583,5.48523206751055
2021-07-16,8843,10,6526,2,2317,8,7330,1,67941,28,75271,29,0,176,0,235,186,0,"Anderson",76978,37.6731014055964,0.0588235294117647,37.6731014055964,12.9907246226195,5.88235294117647
2021-07-17,8848,5,6527,1,2321,4,7331,1,67977,36,75308,37,0,176,0,235,186,0,"Anderson",76978,41.5703187923822,0.0553191489361702,48.065681103692,6.49536231130973,5.53191489361702
2021-07-18,8851,3,6529,2,2322,1,7333,2,67997,20,75330,22,0,176,0,235,186,0,"Anderson",76978,45.4675361791681,0.0619834710743802,28.5795941697628,3.89721738678583,6.19834710743802
2021-07-19,8856,5,6533,4,2323,1,7337,4,68031,34,75368,38,0,176,0,235,186,0,"Anderson",76978,41.5703187923822,0.0625,49.3647535659539,6.49536231130973,6.25
2021-07-20,8871,15,6544,11,2327,4,7348,11,68066,35,75414,46,0,176,1,236,186,0,"Anderson",76978,59.7573332640495,0.0981132075471698,59.7573332640495,19.4860869339292,9.81132075471698
2021-07-21,8878,7,6548,4,2330,3,7353,5,68151,85,75504,90,0,176,0,236,187,1,"Anderson",76978,62.3554781885734,0.0875420875420875,116.916521603575,9.09350723583361,8.75420875420875
2021-07-22,8888,10,6553,5,2335,5,7357,4,68206,55,75563,59,0,176,0,236,187,0,"Anderson",76978,71.448985424407,0.0872274143302181,76.6452752734548,12.9907246226195,8.72274143302181
2021-07-23,8898,10,6557,4,2341,6,7362,5,68277,71,75639,76,0,176,0,236,187,0,"Anderson",76978,71.448985424407,0.0869565217391304,98.7295071319078,12.9907246226195,8.69565217391304
2021-07-24,8906,8,6561,4,2345,4,7366,4,68331,54,75697,58,0,176,0,236,188,1,"Anderson",76978,75.3462028111928,0.089974293059126,75.3462028111928,10.3925796980956,8.9974293059126
2021-07-25,8911,5,6564,3,2347,2,7367,1,68353,22,75720,23,0,176,0,236,188,0,"Anderson",76978,77.9443477357167,0.0871794871794872,29.8786666320247,6.49536231130973,8.71794871794872
2021-07-26,8934,23,6573,9,2361,14,7375,8,68403,50,75778,58,2,178,0,236,188,0,"Anderson",76978,101.327652056432,0.0926829268292683,75.3462028111928,29.8786666320247,9.26829268292683
2021-07-27,8949,15,6578,5,2371,10,7380,5,68456,53,75836,58,0,178,0,236,188,0,"Anderson",76978,101.327652056432,0.0758293838862559,75.3462028111928,19.4860869339292,7.58293838862559
2021-07-28,8969,20,6586,8,2383,12,7392,12,68539,83,75931,95,0,178,0,236,188,0,"Anderson",76978,118.215594065837,0.0913348946135831,123.411883914885,25.9814492452389,9.13348946135831
2021-07-29,8981,12,6596,10,2385,2,7404,12,68588,49,75992,61,0,178,0,236,188,0,"Anderson",76978,120.813738990361,0.10955710955711,79.2434201979787,15.5888695471433,10.955710955711
2021-07-30,9012,31,6617,21,2395,10,7427,23,68636,48,76063,71,0,178,1,237,188,0,"Anderson",76978,148.094260697862,0.153301886792453,92.2341448205981,40.2712463301203,15.3301886792453
2021-07-31,9025,13,6623,6,2402,7,7433,6,68678,42,76111,48,0,178,0,237,188,0,"Anderson",76978,154.589623009171,0.161835748792271,62.3554781885734,16.8879420094053,16.1835748792271
2021-08-01,9044,19,6635,12,2409,7,7448,15,68717,39,76165,54,0,178,0,237,188,0,"Anderson",76978,172.776637480839,0.182022471910112,70.149912962145,24.682376782977,18.2022471910112
2021-08-02,9055,11,6640,5,2415,6,7453,5,68796,79,76249,84,0,178,0,237,188,0,"Anderson",76978,157.187767933695,0.165605095541401,109.122086830003,14.2897970848814,16.5605095541401
2021-08-03,9078,23,6651,11,2427,12,7466,13,68868,72,76334,85,0,178,1,238,188,0,"Anderson",76978,167.580347631791,0.172690763052209,110.421159292265,29.8786666320247,17.2690763052209
2021-08-04,9104,26,6673,22,2431,4,7487,21,68970,102,76457,123,0,178,0,238,188,0,"Anderson",76978,175.374782405363,0.180608365019011,159.785912858219,33.7758840188106,18.0608365019011
2021-08-05,9134,30,6689,16,2445,14,7503,16,69067,97,76570,113,0,178,1,239,188,0,"Anderson",76978,198.758086726078,0.171280276816609,146.7951882356,38.9721738678584,17.1280276816609
2021-08-06,9159,25,6705,16,2454,9,7521,18,69210,143,76731,161,0,178,1,240,188,0,"Anderson",76978,190.963651952506,0.140718562874251,209.150666424173,32.4768115565486,14.0718562874251
2021-08-07,9172,13,6711,6,2461,7,7528,7,69285,75,76813,82,0,178,0,240,188,0,"Anderson",76978,190.963651952506,0.135327635327635,106.523941905479,16.8879420094053,13.5327635327635
2021-08-08,9186,14,6719,8,2467,6,7538,10,69337,52,76875,62,0,178,0,240,188,0,"Anderson",76978,184.468289641196,0.126760563380282,80.5424926602406,18.1870144716672,12.6760563380282
2021-08-09,9222,36,6738,19,2484,17,7557,19,69436,99,76993,118,0,178,0,240,188,0,"Anderson",76978,216.945101197745,0.139784946236559,153.29055054691,46.76660864143,13.9784946236559
2021-08-10,9261,39,6758,20,2503,19,7577,20,69536,100,77113,120,0,178,2,242,188,0,"Anderson",76978,237.730260593936,0.142490372272144,155.888695471433,50.6638260282159,14.2490372272144
2021-08-11,9315,54,6782,24,2533,30,7606,29,69668,132,77274,161,0,178,1,243,188,0,"Anderson",76978,274.10428953727,0.145654834761322,209.150666424173,70.149912962145,14.5654834761322
2021-08-12,9363,48,6818,36,2545,12,7643,37,69835,167,77478,204,0,178,0,243,190,2,"Anderson",76978,297.487593857985,0.154185022026432,265.010782301437,62.3554781885734,15.4185022026432
2021-08-13,9426,63,6853,35,2573,28,7681,38,69949,114,77630,152,2,180,1,244,191,1,"Anderson",76978,346.852347423939,0.17797552836485,197.459014263816,81.8415651225025,17.797552836485
2021-08-14,9476,50,6888,35,2588,15,7713,32,70135,186,77848,218,0,180,0,244,191,0,"Anderson",76978,394.918028527631,0.178743961352657,283.197796773104,64.9536231130973,17.8743961352657
2021-08-15,9499,23,6901,13,2598,10,7728,15,70224,89,77952,104,0,180,0,244,191,0,"Anderson",76978,406.609680687989,0.176415970287837,135.103536075242,29.8786666320247,17.6415970287837
2021-08-16,9537,38,6925,24,2612,14,7752,24,70313,89,78065,113,0,180,0,244,192,1,"Anderson",76978,409.207825612513,0.181902985074627,146.7951882356,49.3647535659539,18.1902985074627
2021-08-17,9580,43,6946,21,2634,22,7776,24,70421,108,78197,132,1,181,0,244,192,0,"Anderson",76978,414.40411546156,0.183579335793358,171.477565018577,55.8601158772636,18.3579335793358
2021-08-18,9632,52,6973,27,2659,25,7807,31,70532,111,78339,142,0,181,0,244,193,1,"Anderson",76978,411.805970537037,0.188732394366197,184.468289641196,67.5517680376211,18.8732394366197
2021-08-19,9706,74,7006,33,2700,41,7842,35,70684,152,78526,187,0,181,0,244,193,0,"Anderson",76978,445.581854555847,0.189885496183206,242.926550442984,96.1313622073839,18.9885496183206
2021-08-20,9766,60,7048,42,2718,18,7886,44,70878,194,78764,238,0,181,2,246,193,0,"Anderson",76978,441.684637169061,0.180776014109347,309.179246018343,77.9443477357167,18.0776014109347
2021-08-21,9848,82,7082,34,2766,48,7920,34,71152,274,79072,308,0,181,1,247,193,0,"Anderson",76978,483.254955961444,0.169117647058824,400.114318376679,106.523941905479,16.9117647058824
2021-08-22,9870,22,7103,21,2767,1,7948,28,71308,156,79256,184,0,181,0,247,193,0,"Anderson",76978,481.955883499182,0.168711656441718,239.029333056198,28.5795941697628,16.8711656441718
2021-08-23,9918,48,7117,14,2801,34,7965,17,71443,135,79408,152,0,181,2,249,194,1,"Anderson",76978,494.946608121801,0.158600148920328,197.459014263816,62.3554781885734,15.8600148920328
2021-08-24,9962,44,7144,27,2818,17,7989,24,71529,86,79518,110,1,182,0,249,195,1,"Anderson",76978,496.245680584063,0.161241483724451,142.897970848814,57.1591883395256,16.1241483724451
2021-08-25,10033,71,7170,26,2863,45,8011,22,71573,44,79584,66,0,182,1,250,195,0,"Anderson",76978,520.92805736704,0.163855421686747,85.7387825092884,92.2341448205981,16.3855421686747
2021-08-26,10101,68,7206,36,2895,32,8055,44,71745,172,79800,216,1,183,2,252,196,1,"Anderson",76978,513.133622593468,0.167189952904239,280.59965184858,88.3369274338123,16.7189952904239
2021-08-27,10176,75,7261,55,2915,20,8116,61,71922,177,80038,238,0,183,0,252,196,0,"Anderson",76978,532.619709527397,0.180533751962323,309.179246018343,97.4304346696459,18.0533751962323
2021-08-28,10233,57,7291,30,2942,27,8155,39,72126,204,80281,243,0,183,0,252,196,0,"Anderson",76978,500.142897970849,0.194375516956162,315.674608329653,74.0471303489309,19.4375516956162
2021-08-29,10296,63,7339,48,2957,15,8207,52,72337,211,80544,263,0,183,1,253,197,1,"Anderson",76978,553.404868923589,0.201086956521739,341.656057574892,81.8415651225025,20.1086956521739
2021-08-30,10367,71,7385,46,2982,25,8255,48,72563,226,80818,274,0,183,3,256,197,0,"Anderson",76978,583.283535555613,0.205673758865248,355.945854659773,92.2341448205981,20.5673758865248
2021-08-31,10500,133,7466,81,3034,52,8341,86,72820,257,81161,343,0,183,0,256,198,1,"Anderson",76978,698.900984696926,0.214242239805234,445.581854555847,172.776637480839,21.4242239805234
2021-09-01,10530,30,7488,22,3042,8,8365,24,72911,91,81276,115,0,183,0,256,199,1,"Anderson",76978,645.639013744187,0.209219858156028,149.393333160124,38.9721738678584,20.9219858156028
2021-09-02,10589,59,7514,26,3075,33,8394,29,73012,101,81406,130,1,184,0,256,199,0,"Anderson",76978,633.947361583829,0.211083437110834,168.879420094053,76.6452752734548,21.1083437110834
2021-09-03,10618,29,7532,18,3086,11,8412,18,73085,73,81497,91,0,184,0,256,199,0,"Anderson",76978,574.19002831978,0.202878684030158,118.215594065837,37.6731014055964,20.2878684030158
2021-09-04,10725,107,7602,70,3123,37,8488,76,73406,321,81894,397,0,184,1,257,199,0,"Anderson",76978,639.143651432877,0.206447613143211,515.731767517992,139.000753462028,20.6447613143211
2021-09-05,10837,112,7676,74,3161,38,8564,76,73710,304,82274,380,0,184,1,258,200,1,"Anderson",76978,702.798202083712,0.20635838150289,493.647535659539,145.496115773338,20.635838150289
2021-09-06,10952,115,7753,77,3199,38,8651,87,74117,407,82768,494,0,184,3,261,201,1,"Anderson",76978,759.957390423238,0.203076923076923,641.741796357401,149.393333160124,20.3076923076923
2021-09-07,10989,37,7773,20,3216,17,8669,18,74216,99,82885,117,0,184,0,261,201,0,"Anderson",76978,635.246434046091,0.190255220417633,151.991478084648,48.065681103692,19.0255220417633
2021-09-08,11030,41,7804,31,3226,10,8701,32,74323,107,83024,139,0,184,2,263,204,3,"Anderson",76978,649.536231130973,0.192219679633867,180.57107225441,53.2619709527397,19.2219679633867
2021-09-09,11088,58,7825,21,3263,37,8719,18,74529,206,83248,224,0,184,1,264,207,3,"Anderson",76978,648.237158668711,0.176438653637351,290.992231546676,75.3462028111928,17.6438653637351
2021-09-10,11240,152,7898,73,3342,79,8800,81,74821,292,83621,373,1,185,2,266,208,1,"Anderson",76978,808.02307152693,0.182674199623352,484.554028423705,197.459014263816,18.2674199623352
2021-09-11,11355,115,7960,62,3395,53,8869,69,75167,346,84036,415,0,185,1,267,208,0,"Anderson",76978,818.415651225025,0.177871148459384,539.115071838707,149.393333160124,17.7871148459384
2021-09-12,11393,38,7992,32,3401,6,8904,35,75310,143,84214,178,0,185,4,271,209,1,"Anderson",76978,722.284289017641,0.175257731958763,231.234898282626,49.3647535659539,17.5257731958763
2021-09-13,11481,88,8026,34,3455,54,8938,34,75440,130,84378,164,4,189,3,274,209,0,"Anderson",76978,687.209332536569,0.178260869565217,213.047883810959,114.318376679051,17.8260869565217
2021-09-14,11541,60,8056,30,3485,30,8973,35,75599,159,84572,194,1,190,1,275,209,0,"Anderson",76978,717.087999168594,0.180201541197392,252.020057678817,77.9443477357167,18.0201541197392
2021-09-15,11580,39,8072,16,3508,23,8987,14,75660,61,84647,75,0,190,1,276,210,1,"Anderson",76978,714.48985424407,0.176216882316697,97.4304346696459,50.6638260282159,17.6216882316697
2021-09-16,11666,86,8127,55,3539,31,9043,56,75882,222,84925,278,0,190,1,277,210,0,"Anderson",76978,750.863883187404,0.193202146690519,361.142144508821,111.720231754527,19.3202146690519
2021-09-17,11738,72,8168,41,3570,31,9080,37,76045,163,85125,200,0,190,1,278,214,4,"Anderson",76978,646.938086206449,0.186170212765957,259.814492452389,93.53321728286,18.6170212765957
2021-09-18,11790,52,8198,30,3592,22,9113,33,76199,154,85312,187,0,190,1,279,215,1,"Anderson",76978,565.096521083946,0.191222570532915,242.926550442984,67.5517680376211,19.1222570532915
2021-09-19,11813,23,8207,9,3606,14,9123,10,76267,68,85390,78,0,190,0,279,215,0,"Anderson",76978,545.610434150017,0.186224489795918,101.327652056432,29.8786666320247,18.6224489795918
2021-09-20,11876,63,8242,35,3634,28,9159,36,76453,186,85612,222,0,190,3,282,215,0,"Anderson",76978,513.133622593468,0.179092382495948,288.394086622152,81.8415651225025,17.9092382495948
2021-09-21,11930,54,8268,26,3662,28,9183,24,76571,118,85754,142,0,190,1,283,216,1,"Anderson",76978,505.339187819897,0.177664974619289,184.468289641196,70.149912962145,17.7664974619289
2021-09-22,11981,51,8302,34,3679,17,9223,40,76843,272,86066,312,0,190,0,283,219,3,"Anderson",76978,520.92805736704,0.16631430584919,405.310608225727,66.2526955753592,16.631430584919
2021-09-23,12056,75,8350,48,3706,27,9274,51,77051,208,86325,259,2,192,1,284,219,0,"Anderson",76978,506.638260282159,0.165,336.459767725844,97.4304346696459,16.5
2021-09-24,12096,40,8371,21,3725,19,9299,25,77191,140,86490,165,2,194,1,285,222,3,"Anderson",76978,465.067941489776,0.16043956043956,214.346956273221,51.9628984904778,16.043956043956
2021-09-25,12106,10,8375,4,3731,6,9305,6,77286,95,86591,101,0,194,0,285,222,0,"Anderson",76978,410.506898074775,0.150117279124316,131.206318688456,12.9907246226195,15.0117279124316
2021-09-26,12124,18,8390,15,3734,3,9323,18,77423,137,86746,155,1,195,0,285,222,0,"Anderson",76978,404.011535763465,0.147492625368732,201.356231650601,23.383304320715,14.7492625368732
2021-09-27,12174,50,8411,21,3763,29,9345,22,77509,86,86854,108,1,196,1,286,223,1,"Anderson",76978,387.12359375406,0.14975845410628,140.29982592429,64.9536231130973,14.975845410628
2021-09-28,12223,49,8435,24,3788,25,9372,27,77604,95,86976,122,0,196,1,287,223,0,"Anderson",76978,380.62823144275,0.154664484451718,158.486840395957,63.6545506508353,15.4664484451718
2021-09-29,12259,36,8451,16,3808,20,9389,17,77795,191,87184,208,2,198,0,287,225,2,"Anderson",76978,361.142144508821,0.148479427549195,270.207072150485,46.76660864143,14.8479427549195
2021-09-30,12321,62,8489,38,3832,24,9429,40,77967,172,87396,212,0,198,1,288,226,1,"Anderson",76978,344.254202499415,0.144724556489262,275.403361999532,80.5424926602406,14.4724556489262
2021-10-01,12372,51,8516,27,3856,24,9458,29,78118,151,87576,180,0,198,1,289,227,1,"Anderson",76978,358.543999584297,0.146408839779006,233.83304320715,66.2526955753592,14.6408839779006
2021-10-02,12389,17,8523,7,3866,10,9464,6,78198,80,87662,86,1,199,0,289,229,2,"Anderson",76978,367.63750682013,0.148459383753501,111.720231754527,22.0842318584531,14.8459383753501
2021-10-03,12402,13,8532,9,3870,4,9473,9,78296,98,87769,107,4,203,0,289,229,0,"Anderson",76978,361.142144508821,0.146627565982405,139.000753462028,16.8879420094053,14.6627565982405
2021-10-04,12446,44,8555,23,3891,21,9499,26,78416,120,87915,146,1,204,0,289,231,2,"Anderson",76978,353.347709735249,0.145146088595664,189.664579490244,57.1591883395256,14.5146088595664
2021-10-05,12499,53,8584,29,3915,24,9529,30,78544,128,88073,158,2,206,0,289,232,1,"Anderson",76978,358.543999584297,0.143117593436645,205.253449037387,68.8508404998831,14.3117593436645
2021-10-06,12529,30,8607,23,3922,7,9555,26,78709,165,88264,191,1,207,0,289,233,1,"Anderson",76978,350.749564810725,0.153703703703704,248.122840292031,38.9721738678584,15.3703703703704
2021-10-07,12561,32,8629,22,3932,10,9580,25,78848,139,88428,164,0,207,0,289,235,2,"Anderson",76978,311.777390942867,0.146317829457364,213.047883810959,41.5703187923822,14.6317829457364
2021-10-08,12578,17,8634,5,3944,12,9590,10,78978,130,88568,140,1,208,1,290,235,0,"Anderson",76978,267.608927225961,0.133064516129032,181.870144716672,22.0842318584531,13.3064516129032
2021-10-09,12593,15,8637,3,3956,12,9597,7,79040,62,88637,69,0,208,0,290,236,1,"Anderson",76978,265.010782301437,0.136410256410256,89.6359998960742,19.4860869339292,13.6410256410256
2021-10-10,12603,10,8645,8,3958,2,9606,9,79127,87,88733,96,0,208,0,290,236,0,"Anderson",76978,261.113564914651,0.137966804979253,124.710956377147,12.9907246226195,13.7966804979253
2021-10-11,12643,40,8659,14,3984,26,9619,13,79228,101,88847,114,0,208,1,291,236,0,"Anderson",76978,255.917275065603,0.128755364806867,148.094260697862,51.9628984904778,12.8755364806867
2021-10-12,12678,35,8683,24,3995,11,9641,22,79327,99,88968,121,2,210,3,294,236,0,"Anderson",76978,232.533970744888,0.125139664804469,157.187767933695,45.4675361791681,12.5139664804469
2021-10-13,12704,26,8697,14,4007,12,9659,18,79439,112,89098,130,0,210,1,295,239,3,"Anderson",76978,227.33768089584,0.124700239808153,168.879420094053,33.7758840188106,12.4700239808153
2021-10-14,12723,19,8707,10,4016,9,9673,14,79542,103,89215,117,1,211,0,295,239,0,"Anderson",76978,210.449738886435,0.118170266836086,151.991478084648,24.682376782977,11.8170266836086
2021-10-15,12746,23,8719,12,4027,11,9686,13,79663,121,89349,134,0,211,1,296,239,0,"Anderson",76978,218.244173660007,0.12291933418694,174.075709943101,29.8786666320247,12.291933418694
2021-10-16,12754,8,8724,5,4030,3,9693,7,79718,55,89411,62,0,211,1,297,239,0,"Anderson",76978,209.150666424173,0.124031007751938,80.5424926602406,10.3925796980956,12.4031007751938
2021-10-17,12756,2,8725,1,4031,1,9694,1,79769,51,89463,52,0,211,0,297,239,0,"Anderson",76978,198.758086726078,0.120547945205479,67.5517680376211,2.59814492452389,12.0547945205479
2021-10-18,12780,24,8735,10,4045,14,9705,11,79837,68,89542,79,1,212,1,298,239,0,"Anderson",76978,177.972927329886,0.123741007194245,102.626724518694,31.1777390942867,12.3741007194245
2021-10-19,12809,29,8748,13,4061,16,9716,11,79948,111,89664,122,2,214,0,298,239,0,"Anderson",76978,170.178492556315,0.107758620689655,158.486840395957,37.6731014055964,10.7758620689655
2021-10-20,12844,35,8774,26,4070,9,9745,29,80059,111,89804,140,0,214,1,299,240,1,"Anderson",76978,181.870144716672,0.121813031161473,181.870144716672,45.4675361791681,12.1813031161473
2021-10-21,12876,32,8792,18,4084,14,9763,18,80152,93,89915,111,0,214,1,300,241,1,"Anderson",76978,198.758086726078,0.128571428571429,144.197043311076,41.5703187923822,12.8571428571429
2021-10-22,12885,9,8798,6,4087,3,9771,8,80228,76,89999,84,0,214,1,301,241,0,"Anderson",76978,180.57107225441,0.130769230769231,109.122086830003,11.6916521603575,13.0769230769231
2021-10-23,12902,17,8802,4,4100,13,9775,4,80281,53,90056,57,0,214,1,302,241,0,"Anderson",76978,192.262724414768,0.127131782945736,74.0471303489309,22.0842318584531,12.7131782945736
2021-10-24,12908,6,8807,5,4101,1,9782,7,80333,52,90115,59,0,214,0,302,242,1,"Anderson",76978,197.459014263816,0.134969325153374,76.6452752734548,7.79443477357167,13.4969325153374
2021-10-25,12932,24,8820,13,4112,11,9796,14,80404,71,90200,85,1,215,2,304,242,0,"Anderson",76978,197.459014263816,0.138297872340426,110.421159292265,31.1777390942867,13.8297872340426
2021-10-26,12944,12,8826,6,4118,6,9802,6,80468,64,90270,70,0,215,0,304,243,1,"Anderson",76978,175.374782405363,0.141914191419142,90.9350723583361,15.5888695471433,14.1914191419142
2021-10-27,12961,17,8836,10,4125,7,9815,13,80589,121,90404,134,1,216,2,306,245,2,"Anderson",76978,151.991478084648,0.116666666666667,174.075709943101,22.0842318584531,11.6666666666667
2021-10-28,12983,22,8850,14,4133,8,9832,17,80671,82,90503,99,1,217,0,306,246,1,"Anderson",76978,139.000753462028,0.11734693877551,128.608173763933,28.5795941697628,11.734693877551
2021-10-29,13004,21,8861,11,4143,10,9844,12,80785,114,90629,126,0,217,1,307,246,0,"Anderson",76978,154.589623009171,0.115873015873016,163.683130245005,27.2805217075008,11.5873015873016
2021-10-30,13016,12,8865,4,4151,8,9849,5,80872,87,90721,92,0,217,1,308,246,0,"Anderson",76978,148.094260697862,0.111278195488722,119.514666528099,15.5888695471433,11.1278195488722
2021-10-31,13019,3,8867,2,4152,1,9852,3,80911,39,90763,42,0,217,0,308,246,0,"Anderson",76978,144.197043311076,0.108024691358025,54.5610434150017,3.89721738678583,10.8024691358025
2021-11-01,13046,27,8872,5,4174,22,9856,4,80999,88,90855,92,1,218,1,309,247,1,"Anderson",76978,148.094260697862,0.0916030534351145,119.514666528099,35.0749564810725,9.16030534351145
2021-11-02,13066,20,8877,5,4189,15,9861,5,81075,76,90936,81,2,220,1,310,247,0,"Anderson",76978,158.486840395957,0.0885885885885886,105.224869443218,25.9814492452389,8.85885885885886
2021-11-03,13096,30,8895,18,4201,12,9879,18,81275,200,91154,218,1,221,0,310,247,0,"Anderson",76978,175.374782405363,0.0853333333333333,283.197796773104,38.9721738678584,8.53333333333333
2021-11-04,13118,22,8910,15,4208,7,9895,16,81408,133,91303,149,0,221,0,310,247,0,"Anderson",76978,175.374782405363,0.07875,193.56179687703,28.5795941697628,7.875
2021-11-05,13128,10,8913,3,4215,7,9896,1,81530,122,91426,123,0,221,0,310,247,0,"Anderson",76978,161.084985320481,0.0652446675031368,159.785912858219,12.9907246226195,6.52446675031368
2021-11-06,13137,9,8917,4,4220,5,9901,5,81617,87,91518,92,0,221,3,313,248,1,"Anderson",76978,157.187767933695,0.0652446675031368,119.514666528099,11.6916521603575,6.52446675031368
2021-11-07,13143,6,8922,5,4221,1,9907,6,81665,48,91572,54,0,221,0,313,248,0,"Anderson",76978,161.084985320481,0.0679851668726823,70.149912962145,7.79443477357167,6.79851668726823
2021-11-08,13168,25,8933,11,4235,14,9920,13,81753,88,91673,101,1,222,0,313,248,0,"Anderson",76978,158.486840395957,0.078239608801956,131.206318688456,32.4768115565486,7.8239608801956
2021-11-09,13191,23,8940,7,4251,16,9926,6,81911,158,91837,164,1,223,0,313,249,1,"Anderson",76978,162.384057782743,0.072142064372919,213.047883810959,29.8786666320247,7.2142064372919
2021-11-10,13209,18,8952,12,4257,6,9939,13,82027,116,91966,129,0,223,1,314,250,1,"Anderson",76978,146.7951882356,0.0738916256157636,167.580347631791,23.383304320715,7.38916256157635
2021-11-11,13232,23,8970,18,4262,5,9957,18,82217,190,92174,208,0,223,0,314,251,1,"Anderson",76978,148.094260697862,0.0711825487944891,270.207072150485,29.8786666320247,7.11825487944891
2021-11-12,13245,13,8978,8,4267,5,9965,8,82350,133,92315,141,0,223,1,315,251,0,"Anderson",76978,151.991478084648,0.077615298087739,183.169217178934,16.8879420094053,7.7615298087739
2021-11-13,13252,7,8982,4,4270,3,9969,4,82401,51,92370,55,3,226,1,316,252,1,"Anderson",76978,149.393333160124,0.07981220657277,71.448985424407,9.09350723583361,7.981220657277
2021-11-14,13254,2,8984,2,4270,0,9972,3,82480,79,92452,82,0,226,0,316,252,0,"Anderson",76978,144.197043311076,0.0738636363636364,106.523941905479,2.59814492452389,7.38636363636364
2021-11-15,13286,32,8998,14,4288,18,9986,14,82565,85,92551,99,0,226,0,316,253,1,"Anderson",76978,153.29055054691,0.0751708428246014,128.608173763933,41.5703187923822,7.51708428246014
2021-11-16,13311,25,9011,13,4300,12,9999,13,82691,126,92690,139,1,227,0,316,254,1,"Anderson",76978,155.888695471433,0.0855803048065651,180.57107225441,32.4768115565486,8.55803048065651
2021-11-17,13328,17,9020,9,4308,8,10008,9,82805,114,92813,123,0,227,2,318,256,2,"Anderson",76978,154.589623009171,0.0814639905548996,159.785912858219,22.0842318584531,8.14639905548996
2021-11-18,13351,23,9034,14,4317,9,10026,18,82940,135,92966,153,4,231,0,318,258,2,"Anderson",76978,154.589623009171,0.0871212121212121,198.758086726078,29.8786666320247,8.71212121212121
2021-11-19,13365,14,9040,6,4325,8,10033,7,83049,109,93082,116,1,232,0,318,258,0,"Anderson",76978,155.888695471433,0.0886571056062582,150.692405622386,18.1870144716672,8.86571056062582
2021-11-20,13374,9,9045,5,4329,4,10038,5,83142,93,93180,98,0,232,0,318,259,1,"Anderson",76978,158.486840395957,0.0851851851851852,127.309101301671,11.6916521603575,8.51851851851852
2021-11-21,13386,12,9051,6,4335,6,10044,6,83182,40,93226,46,0,232,0,318,259,0,"Anderson",76978,171.477565018577,0.0930232558139535,59.7573332640495,15.5888695471433,9.30232558139535
2021-11-22,13414,28,9068,17,4346,11,10062,18,83304,122,93366,140,1,233,0,318,259,0,"Anderson",76978,166.281275169529,0.0932515337423313,181.870144716672,36.3740289433345,9.32515337423313
2021-11-23,13431,17,9074,6,4357,11,10067,5,83401,97,93468,102,0,233,1,319,261,2,"Anderson",76978,155.888695471433,0.0874035989717224,132.505391150718,22.0842318584531,8.74035989717224
2021-11-24,13456,25,9090,16,4366,9,10079,12,83511,110,93590,122,1,234,1,320,261,0,"Anderson",76978,166.281275169529,0.0913770913770914,158.486840395957,32.4768115565486,9.13770913770914
2021-11-25,13461,5,9092,2,4369,3,10080,1,83556,45,93636,46,0,234,2,322,261,0,"Anderson",76978,142.897970848814,0.0805970149253731,59.7573332640495,6.49536231130973,8.05970149253731
2021-11-26,13468,7,9098,6,4370,1,10089,9,83599,43,93688,52,0,234,0,322,262,1,"Anderson",76978,133.80446361298,0.0924092409240924,67.5517680376211,9.09350723583361,9.24092409240924
2021-11-27,13473,5,9100,2,4373,3,10091,2,83635,36,93726,38,0,234,0,322,262,0,"Anderson",76978,128.608173763933,0.0970695970695971,49.3647535659539,6.49536231130973,9.70695970695971
2021-11-28,13483,10,9101,1,4382,9,10092,1,83673,38,93765,39,0,234,0,322,262,0,"Anderson",76978,126.010028839409,0.0890538033395176,50.6638260282159,12.9907246226195,8.90538033395176
2021-11-29,13510,27,9116,15,4394,12,10108,16,83752,79,93860,95,0,234,0,322,262,0,"Anderson",76978,124.710956377147,0.0931174089068826,123.411883914885,35.0749564810725,9.31174089068826
2021-11-30,13537,27,9130,14,4407,13,10120,12,83854,102,93974,114,0,234,1,323,262,0,"Anderson",76978,137.701680999766,0.104743083003953,148.094260697862,35.0749564810725,10.4743083003953
2021-12-01,13568,31,9148,18,4420,13,10138,18,83961,107,94099,125,0,234,2,325,262,0,"Anderson",76978,145.496115773338,0.115913555992141,162.384057782743,40.2712463301203,11.5913555992141
2021-12-02,13610,42,9172,24,4438,18,10164,26,84099,138,94263,164,0,234,0,325,265,3,"Anderson",76978,193.56179687703,0.133971291866029,213.047883810959,54.5610434150017,13.3971291866029
2021-12-03,13641,31,9190,18,4451,13,10183,19,84286,187,94469,206,1,235,1,326,265,0,"Anderson",76978,224.739535971316,0.120358514724712,267.608927225961,40.2712463301203,12.0358514724712
2021-12-04,13661,20,9203,13,4458,7,10197,14,84355,69,94552,83,0,235,0,326,265,0,"Anderson",76978,244.225622905246,0.128329297820823,107.823014367741,25.9814492452389,12.8329297820823
2021-12-05,13674,13,9205,2,4469,11,10199,2,84397,42,94596,44,0,235,0,326,265,0,"Anderson",76978,248.122840292031,0.128760529482551,57.1591883395256,16.8879420094053,12.8760529482551
2021-12-06,13709,35,9225,20,4484,15,10221,22,84499,102,94720,124,2,237,1,327,265,0,"Anderson",76978,258.515419990127,0.131395348837209,161.084985320481,45.4675361791681,13.1395348837209
2021-12-07,13738,29,9240,15,4498,14,10237,16,84594,95,94831,111,0,237,0,327,265,0,"Anderson",76978,261.113564914651,0.136522753792299,144.197043311076,37.6731014055964,13.6522753792299
2021-12-08,13765,27,9261,21,4504,6,10257,20,84715,121,94972,141,0,237,2,329,265,0,"Anderson",76978,255.917275065603,0.13631156930126,183.169217178934,35.0749564810725,13.631156930126
2021-12-09,13793,28,9277,16,4516,12,10274,17,84925,210,95199,227,0,237,1,330,265,0,"Anderson",76978,237.730260593936,0.117521367521368,294.889448933461,36.3740289433345,11.7521367521368
2021-12-10,13822,29,9294,17,4528,12,10291,17,85078,153,95369,170,0,237,2,332,265,0,"Anderson",76978,235.132115669412,0.12,220.842318584531,37.6731014055964,12
2021-12-11,13832,10,9299,5,4533,5,10297,6,85153,75,95450,81,0,237,0,332,266,1,"Anderson",76978,222.141391046793,0.111358574610245,105.224869443218,12.9907246226195,11.1358574610245
2021-12-12,13852,20,9310,11,4542,9,10309,12,85223,70,95532,82,0,237,0,332,266,0,"Anderson",76978,231.234898282626,0.117521367521368,106.523941905479,25.9814492452389,11.7521367521368
2021-12-13,13881,29,9316,6,4565,23,10316,7,85298,75,95614,82,0,237,0,332,269,3,"Anderson",76978,223.440463509055,0.106263982102908,106.523941905479,37.6731014055964,10.6263982102908
2021-12-14,13895,14,9321,5,4574,9,10322,6,85377,79,95699,85,3,240,1,333,269,0,"Anderson",76978,203.954376575125,0.097926267281106,110.421159292265,18.1870144716672,9.7926267281106
2021-12-15,13921,26,9335,14,4586,12,10337,15,85506,129,95843,144,0,240,0,333,270,1,"Anderson",76978,202.655304112863,0.0918484500574053,187.06643456572,33.7758840188106,9.18484500574053
2021-12-16,13949,28,9345,10,4604,18,10352,15,85601,95,95953,110,0,240,2,335,270,0,"Anderson",76978,202.655304112863,0.103448275862069,142.897970848814,36.3740289433345,10.3448275862069
2021-12-17,13980,31,9368,23,4612,8,10374,22,85756,155,96130,177,1,241,0,335,271,1,"Anderson",76978,205.253449037387,0.109067017082786,229.935825820364,40.2712463301203,10.9067017082786
2021-12-18,13991,11,9377,9,4614,2,10384,10,85838,82,96222,92,0,241,0,335,271,0,"Anderson",76978,206.552521499649,0.112694300518135,119.514666528099,14.2897970848814,11.2694300518135
2021-12-19,14005,14,9385,8,4620,6,10395,11,85918,80,96313,91,0,241,0,335,271,0,"Anderson",76978,198.758086726078,0.1101152368758,118.215594065837,18.1870144716672,11.01152368758
2021-12-20,14029,24,9401,16,4628,8,10409,14,86004,86,96413,100,0,241,0,335,272,1,"Anderson",76978,192.262724414768,0.11639549436796,129.907246226195,31.1777390942867,11.639549436796
2021-12-21,14057,28,9409,8,4648,20,10420,11,86085,81,96505,92,0,241,0,335,272,0,"Anderson",76978,210.449738886435,0.121588089330025,119.514666528099,36.3740289433345,12.1588089330025
2021-12-22,14105,48,9423,14,4682,34,10431,11,86200,115,96631,126,19,260,1,336,273,1,"Anderson",76978,239.029333056198,0.119289340101523,163.683130245005,62.3554781885734,11.9289340101523
2021-12-23,14132,27,9438,15,4694,12,10448,17,86300,100,96748,117,-1,259,1,337,274,1,"Anderson",76978,237.730260593936,0.120754716981132,151.991478084648,35.0749564810725,12.0754716981132
2021-12-24,14158,26,9453,15,4705,11,10465,17,86387,87,96852,104,0,259,1,338,274,0,"Anderson",76978,231.234898282626,0.126038781163435,135.103536075242,33.7758840188106,12.6038781163435
2021-12-25,14172,14,9460,7,4712,7,10475,10,86445,58,96920,68,1,260,0,338,275,1,"Anderson",76978,235.132115669412,0.130372492836676,88.3369274338123,18.1870144716672,13.0372492836676
2021-12-26,14183,11,9464,4,4719,7,10481,6,86489,44,96970,50,1,261,0,338,275,0,"Anderson",76978,231.234898282626,0.13089802130898,64.9536231130973,14.2897970848814,13.089802130898
2021-12-27,14230,47,9483,19,4747,28,10501,20,86593,104,97094,124,1,262,2,340,276,1,"Anderson",76978,261.113564914651,0.135095447870778,161.084985320481,61.0564057263114,13.5095447870778
2021-12-28,14317,87,9519,36,4798,51,10537,36,86702,109,97239,145,0,262,0,340,276,0,"Anderson",76978,337.758840188106,0.159400544959128,188.365507027982,113.019304216789,15.9400544959128
2021-12-29,14398,81,9563,44,4835,37,10584,47,86860,158,97444,205,2,264,0,340,276,0,"Anderson",76978,380.62823144275,0.188191881918819,266.309854763699,105.224869443218,18.8191881918819
2021-12-30,14490,92,9605,42,4885,50,10622,38,86979,119,97601,157,1,265,0,340,276,0,"Anderson",76978,465.067941489776,0.203985932004689,203.954376575125,119.514666528099,20.3985932004689
2021-12-31,14558,68,9646,41,4912,27,10667,45,87096,117,97763,162,0,265,0,340,277,1,"Anderson",76978,519.628984904778,0.221734357848518,210.449738886435,88.3369274338123,22.1734357848518
2022-01-01,14619,61,9680,34,4939,27,10704,37,87195,99,97899,136,0,265,0,340,277,0,"Anderson",76978,580.685390631089,0.23391215526047,176.673854867625,79.2434201979787,23.391215526047
2022-01-02,14651,32,9703,23,4948,9,10737,33,87311,116,98048,149,0,265,0,340,278,1,"Anderson",76978,607.96591233859,0.23747680890538,193.56179687703,41.5703187923822,23.747680890538
2022-01-03,14712,61,9724,21,4988,40,10760,23,87387,76,98147,99,1,266,0,340,278,0,"Anderson",76978,626.152926810257,0.245963912630579,128.608173763933,79.2434201979787,24.5963912630579
2022-01-04,14838,126,9789,65,5049,61,10823,63,87561,174,98384,237,1,267,0,340,279,1,"Anderson",76978,676.816752838473,0.249781659388646,307.880173556081,163.683130245005,24.9781659388646
2022-01-05,15005,167,9875,86,5130,81,10909,86,87707,146,98616,232,1,268,0,340,280,1,"Anderson",76978,788.536984593001,0.277303754266212,301.384811244771,216.945101197745,27.7303754266212
2022-01-06,15148,143,9947,72,5201,71,10980,71,87827,120,98807,191,1,269,1,341,280,0,"Anderson",76978,854.78968016836,0.296849087893864,248.122840292031,185.767362103458,29.6849087893864
2022-01-07,15289,141,10019,72,5270,69,11058,78,87967,140,99025,218,0,269,1,342,280,0,"Anderson",76978,949.621969913482,0.309825673534073,283.197796773104,183.169217178934,30.9825673534073
2022-01-08,15392,103,10061,42,5331,61,11103,45,88042,75,99145,120,0,269,2,344,282,2,"Anderson",76978,1004.18301332848,0.320224719101124,155.888695471433,133.80446361298,32.0224719101124
2022-01-09,15477,85,10116,55,5361,30,11165,62,88185,143,99350,205,0,269,1,345,282,0,"Anderson",76978,1073.03385382837,0.328725038402458,266.309854763699,110.421159292265,32.8725038402458
2022-01-10,15632,155,10190,74,5442,81,11243,78,88298,113,99541,191,1,270,3,348,284,2,"Anderson",76978,1195.14666528099,0.34648493543759,248.122840292031,201.356231650601,34.648493543759
2022-01-11,15806,174,10299,109,5507,65,11345,102,88439,141,99784,243,0,270,0,348,285,1,"Anderson",76978,1257.50214346956,0.372857142857143,315.674608329653,226.038608433578,37.2857142857143
2022-01-12,16062,256,10462,163,5600,93,11509,164,88630,191,100139,355,0,270,1,349,285,0,"Anderson",76978,1373.11959261088,0.393959290873276,461.170724102991,332.562550339058,39.3959290873276
2022-01-13,16294,232,10614,152,5680,80,11664,155,88862,232,100526,387,4,274,0,349,285,0,"Anderson",76978,1488.73704175219,0.397905759162304,502.741042895373,301.384811244771,39.7905759162304
2022-01-14,16550,256,10758,144,5792,112,11813,149,89018,156,100831,305,2,276,1,350,285,0,"Anderson",76978,1638.13037491231,0.418050941306755,396.217100989893,332.562550339058,41.8050941306755
2022-01-15,16647,97,10817,59,5830,38,11875,62,89136,118,101011,180,1,277,2,352,285,0,"Anderson",76978,1630.33594013874,0.413719185423365,233.83304320715,126.010028839409,41.3719185423366
2022-01-16,16799,152,10945,128,5854,24,12008,133,89333,197,101341,330,0,277,1,353,285,0,"Anderson",76978,1717.37379511029,0.42340532395781,428.693912546442,197.459014263816,42.340532395781
2022-01-17,16979,180,11057,112,5922,68,12124,116,89452,119,101576,235,0,277,2,355,285,0,"Anderson",76978,1749.85060666684,0.432923832923833,305.282028631557,233.83304320715,43.2923832923833
2022-01-18,17195,216,11197,140,5998,76,12266,142,89589,137,101855,279,0,277,0,355,287,2,"Anderson",76978,1804.41165008184,0.444712699179141,362.441216971083,280.59965184858,44.4712699179141
2022-01-19,17497,302,11408,211,6089,91,12480,214,89809,220,102289,434,3,280,0,355,287,0,"Anderson",76978,1864.16898334589,0.451627906976744,563.797448621684,392.319883603107,45.1627906976744
2022-01-20,17793,296,11649,241,6144,55,12740,260,89966,157,102706,417,1,281,2,357,288,1,"Anderson",76978,1947.30962093066,0.493577981651376,541.713216763231,384.525448829536,49.3577981651376
2022-01-21,18039,246,11864,215,6175,31,12965,225,90185,219,103150,444,2,283,1,358,290,2,"Anderson",76978,1934.31889630804,0.496765847347995,576.788173244304,319.571825716438,49.6765847347995
2022-01-22,18167,128,11956,92,6211,36,13069,104,90304,119,103373,223,0,283,0,358,290,0,"Anderson",76978,1974.59014263816,0.505503810330229,289.693159084414,166.281275169529,50.5503810330229
2022-01-23,18295,128,12067,111,6228,17,13183,114,90411,107,103594,221,0,283,0,358,291,1,"Anderson",76978,1943.41240354387,0.521526853084776,287.09501415989,166.281275169529,52.1526853084776
2022-01-24,18562,267,12217,150,6345,117,13344,161,90589,178,103933,339,1,284,1,359,292,1,"Anderson",76978,2056.43170776066,0.517607127704709,440.385564706799,346.852347423939,51.7607127704709
2022-01-25,18746,184,12350,133,6396,51,13489,145,90709,120,104198,265,1,285,0,359,293,1,"Anderson",76978,2014.86138896828,0.52198036705079,344.254202499415,239.029333056198,52.198036705079
2022-01-26,18951,205,12504,154,6447,51,13655,166,90861,152,104516,318,1,286,1,360,293,0,"Anderson",76978,1888.85136012887,0.527615626403233,413.105042999298,266.309854763699,52.7615626403233
2022-01-27,19172,221,12676,172,6496,49,13833,178,91081,220,104914,398,0,286,0,360,293,0,"Anderson",76978,1791.42092545922,0.495018115942029,517.030839980254,287.09501415989,49.5018115942029
2022-01-28,19362,190,12814,138,6548,52,13977,144,91244,163,105221,307,1,287,1,361,294,1,"Anderson",76978,1718.67286757255,0.488652824722356,398.815245914417,246.82376782977,48.8652824722356
2022-01-29,19505,143,12914,100,6591,43,14082,105,91361,117,105443,222,0,287,0,361,296,2,"Anderson",76978,1738.15895450648,0.489371980676328,288.394086622152,185.767362103458,48.9371980676328
2022-01-30,19572,67,12960,46,6612,21,14132,50,91452,91,105584,141,0,287,1,362,297,1,"Anderson",76978,1658.9155343085,0.476884422110553,183.169217178934,87.0378549715503,47.6884422110553
2022-01-31,19767,195,13080,120,6687,75,14272,140,91602,150,105874,290,4,291,1,363,299,2,"Anderson",76978,1565.38231702564,0.478104070066976,376.731014055964,253.319130141079,47.8104070066976
2022-02-01,19930,163,13175,95,6755,68,14379,107,91722,120,106101,227,1,292,1,364,299,0,"Anderson",76978,1538.10179531814,0.46768260641093,294.889448933461,211.748811348697,46.768260641093
2022-02-02,20074,144,13262,87,6812,57,14472,93,91863,141,106335,234,1,293,0,364,300,1,"Anderson",76978,1458.85837512016,0.449147883452446,303.982956169295,187.06643456572,44.9147883452446
2022-02-03,20706,632,13353,91,7353,541,14570,98,92071,208,106641,306,2,295,1,365,302,2,"Anderson",76978,1992.77715710982,0.426751592356688,397.516173452155,821.013796149549,42.6751592356688
2022-02-04,20852,146,13463,110,7389,36,14680,110,92195,124,106875,234,0,295,0,365,305,3,"Anderson",76978,1935.6179687703,0.42503022974607,303.982956169295,189.664579490244,42.503022974607
2022-02-05,20901,49,13489,26,7412,23,14710,30,92271,76,106981,106,0,295,0,365,306,1,"Anderson",76978,1813.50515731768,0.408322496749025,137.701680999766,63.6545506508353,40.8322496749025
2022-02-06,20959,58,13531,42,7428,16,14758,48,92345,74,107103,122,0,295,0,365,308,2,"Anderson",76978,1801.81350515732,0.41211323238973,158.486840395957,75.3462028111928,41.211323238973
2022-02-07,21044,85,13583,52,7461,33,14815,57,92447,102,107262,159,3,298,0,365,309,1,"Anderson",76978,1658.9155343085,0.391210374639769,206.552521499649,110.421159292265,39.1210374639769
2022-02-08,21130,86,13631,48,7499,38,14872,57,92544,97,107416,154,0,298,0,365,309,0,"Anderson",76978,1558.88695471433,0.374904942965779,200.05715918834,111.720231754527,37.4904942965779
2022-02-09,21229,99,13695,64,7534,35,14946,74,92651,107,107597,181,0,298,0,365,310,1,"Anderson",76978,1500.42869391255,0.375594294770206,235.132115669412,128.608173763933,37.5594294770206
2022-02-10,21317,88,13745,50,7572,38,15000,54,92777,126,107777,180,2,300,0,365,311,1,"Anderson",76978,793.733274442048,0.378521126760563,233.83304320715,114.318376679051,37.8521126760563
2022-02-11,21376,59,13787,42,7589,17,15045,45,92879,102,107924,147,1,301,0,365,311,0,"Anderson",76978,680.713970225259,0.347950428979981,190.963651952506,76.6452752734548,34.7950428979981
2022-02-12,21407,31,13810,23,7597,8,15070,25,92941,62,108011,87,0,301,1,366,311,0,"Anderson",76978,657.330665904544,0.349514563106796,113.019304216789,40.2712463301203,34.9514563106796
2022-02-13,21428,21,13824,14,7604,7,15085,15,92988,47,108073,62,0,301,0,366,312,1,"Anderson",76978,609.264984800852,0.337113402061856,80.5424926602406,27.2805217075008,33.7113402061856
2022-02-14,21479,51,13851,27,7628,24,15121,36,93045,57,108166,93,1,302,0,366,312,0,"Anderson",76978,565.096521083946,0.338495575221239,120.813738990361,66.2526955753592,33.8495575221239
2022-02-15,21535,56,13890,39,7645,17,15166,45,93122,77,108288,122,0,302,0,366,313,1,"Anderson",76978,526.124347216088,0.337155963302752,158.486840395957,72.7480578866689,33.7155963302752
2022-02-16,21597,62,13923,33,7674,29,15197,31,93214,92,108411,123,0,302,0,366,313,0,"Anderson",76978,478.058666112396,0.308353808353808,159.785912858219,80.5424926602406,30.8353808353808
2022-02-17,21645,48,13955,32,7690,16,15232,35,93308,94,108540,129,0,302,0,366,314,1,"Anderson",76978,426.095767621918,0.304062909567497,167.580347631791,62.3554781885734,30.4062909567497
2022-02-18,21694,49,13987,32,7707,17,15269,37,93380,72,108649,109,0,302,0,366,315,1,"Anderson",76978,413.105042999299,0.308965517241379,141.598898386552,63.6545506508353,30.8965517241379
2022-02-19,21720,26,13997,10,7723,16,15280,11,93435,55,108715,66,0,302,0,366,316,1,"Anderson",76978,406.609680687989,0.298295454545455,85.7387825092884,33.7758840188106,29.8295454545455
2022-02-20,21730,10,13999,2,7731,8,15282,2,93472,37,108754,39,0,302,0,366,316,0,"Anderson",76978,392.319883603107,0.28928046989721,50.6638260282159,12.9907246226195,28.928046989721
2022-02-21,21747,17,14009,10,7738,7,15292,10,93501,29,108793,39,0,302,2,368,317,1,"Anderson",76978,348.151419886201,0.272727272727273,50.6638260282159,22.0842318584531,27.2727272727273
2022-02-22,21782,35,14024,15,7758,20,15310,18,93578,77,108888,95,2,304,0,368,317,0,"Anderson",76978,320.8708981787,0.24,123.411883914885,45.4675361791681,24
2022-02-23,21817,35,14041,17,7776,18,15329,19,93644,66,108973,85,4,308,0,368,318,1,"Anderson",76978,285.795941697628,0.234875444839858,110.421159292265,45.4675361791681,23.4875444839858
2022-02-24,21845,28,14055,14,7790,14,15346,17,93722,78,109068,95,1,309,0,368,319,1,"Anderson",76978,259.814492452389,0.215909090909091,123.411883914885,36.3740289433345,21.5909090909091
2022-02-25,21858,13,14061,6,7797,7,15352,6,93789,67,109141,73,-1,308,0,368,319,0,"Anderson",76978,213.047883810959,0.16869918699187,94.832289745122,16.8879420094053,16.869918699187
2022-02-26,21871,13,14066,5,7805,8,15359,7,93834,45,109193,52,0,308,1,369,319,0,"Anderson",76978,196.159941801554,0.165271966527197,67.5517680376211,16.8879420094053,16.5271966527197
2022-02-27,21871,0,14066,0,7805,0,15360,1,93851,17,109211,18,0,308,0,369,319,0,"Anderson",76978,183.169217178934,0.170678336980306,23.383304320715,0,17.0678336980306
2022-02-28,21889,18,14075,9,7814,9,15372,12,93908,57,109280,69,0,308,0,369,319,0,"Anderson",76978,184.468289641196,0.164271047227926,89.6359998960742,23.383304320715,16.4271047227926
2022-03-01,21902,13,14082,7,7820,6,15380,8,93953,45,109333,53,-1,307,0,369,321,2,"Anderson",76978,155.888695471433,0.157303370786517,68.8508404998831,16.8879420094053,15.7303370786517
2022-03-02,21912,10,14088,6,7824,4,15388,8,94006,53,109394,61,2,309,0,369,322,1,"Anderson",76978,123.411883914885,0.140142517814727,79.2434201979787,12.9907246226195,14.0142517814727
2022-03-03,21923,11,14090,2,7833,9,15390,2,94050,44,109440,46,2,311,0,369,322,0,"Anderson",76978,101.327652056432,0.118279569892473,59.7573332640495,14.2897970848814,11.8279569892473
2022-03-04,21932,9,14093,3,7839,6,15395,5,94114,64,109509,69,0,311,0,369,323,1,"Anderson",76978,96.1313622073839,0.116847826086957,89.6359998960742,11.6916521603575,11.6847826086957
2022-03-05,21937,5,14094,1,7843,4,15396,1,94155,41,109551,42,0,311,0,369,324,1,"Anderson",76978,85.7387825092884,0.103351955307263,54.5610434150017,6.49536231130973,10.3351955307263
2022-03-06,21939,2,14095,1,7844,1,15397,1,94179,24,109576,25,0,311,1,370,325,1,"Anderson",76978,88.3369274338123,0.101369863013699,32.4768115565486,2.59814492452389,10.1369863013699
2022-03-07,21952,13,14097,2,7855,11,15399,2,94212,33,109611,35,1,312,0,370,325,0,"Anderson",76978,81.8415651225025,0.081570996978852,45.4675361791681,16.8879420094053,8.1570996978852
2022-03-08,22003,51,14099,2,7904,49,15402,3,94242,30,109644,33,0,312,0,370,326,1,"Anderson",76978,131.206318688456,0.0707395498392283,42.8693912546442,66.2526955753592,7.07395498392283
2022-03-09,22010,7,14105,6,7905,1,15407,5,94280,38,109687,43,0,312,0,370,326,0,"Anderson",76978,127.309101301671,0.0648464163822526,55.8601158772636,9.09350723583361,6.48464163822526
2022-03-10,22015,5,14109,4,7906,1,15414,7,94326,46,109740,53,3,315,0,370,326,0,"Anderson",76978,119.514666528099,0.08,68.8508404998831,6.49536231130973,8
2022-03-11,22021,6,14109,0,7912,6,15415,1,94365,39,109780,40,1,316,1,371,326,0,"Anderson",76978,115.617449141313,0.0738007380073801,51.9628984904778,7.79443477357167,7.38007380073801
2022-03-12,22021,0,14109,0,7912,0,15415,0,94387,22,109802,22,0,316,0,371,328,2,"Anderson",76978,109.122086830003,0.0756972111553785,28.5795941697628,0,7.56972111553785
2022-03-13,22024,3,14111,2,7913,1,15416,1,94431,44,109847,45,1,317,0,371,328,0,"Anderson",76978,110.421159292265,0.0701107011070111,58.4582608017875,3.89721738678583,7.01107011070111
2022-03-14,22031,7,14115,4,7916,3,15423,7,94457,26,109880,33,2,319,1,372,328,0,"Anderson",76978,102.626724518694,0.0892193308550186,42.8693912546442,9.09350723583361,8.92193308550186
2022-03-15,22035,4,14116,1,7919,3,15423,0,94479,22,109902,22,0,319,0,372,329,1,"Anderson",76978,41.5703187923822,0.0813953488372093,28.5795941697628,5.19628984904778,8.13953488372093
2022-03-16,22037,2,14118,2,7919,0,15426,3,94503,24,109929,27,1,320,0,372,329,0,"Anderson",76978,35.0749564810725,0.0785123966942149,35.0749564810725,2.59814492452389,7.85123966942149
2022-03-17,22037,0,14118,0,7919,0,15428,2,94532,29,109960,31,0,320,0,372,329,0,"Anderson",76978,28.5795941697628,0.0636363636363636,40.2712463301203,0,6.36363636363636
2022-03-18,22039,2,14120,2,7919,0,15430,2,94576,44,110006,46,0,320,0,372,330,1,"Anderson",76978,23.383304320715,0.0663716814159292,59.7573332640495,2.59814492452389,6.63716814159292
2022-03-19,22039,0,14120,0,7919,0,15430,0,94596,20,110026,20,0,320,0,372,330,0,"Anderson",76978,23.383304320715,0.0669642857142857,25.9814492452389,0,6.69642857142857
2022-03-20,22043,4,14123,3,7920,1,15434,4,94615,19,110049,23,0,320,0,372,330,0,"Anderson",76978,24.682376782977,0.0891089108910891,29.8786666320247,5.19628984904778,8.91089108910891
2022-03-21,22044,1,14123,0,7921,1,15434,0,94628,13,110062,13,2,322,0,372,330,0,"Anderson",76978,16.8879420094053,0.0604395604395604,16.8879420094053,1.29907246226194,6.04395604395604
2022-03-22,22044,0,14123,0,7921,0,15435,1,94634,6,110069,7,0,322,0,372,330,0,"Anderson",76978,11.6916521603575,0.0718562874251497,9.09350723583361,0,7.18562874251497
2022-03-23,22046,2,14125,2,7921,0,15437,2,94659,25,110096,27,0,322,0,372,331,1,"Anderson",76978,11.6916521603575,0.0658682634730539,35.0749564810725,2.59814492452389,6.58682634730539
2022-03-24,22047,1,14125,0,7922,1,15438,1,94675,16,110113,17,0,322,0,372,332,1,"Anderson",76978,12.9907246226194,0.065359477124183,22.0842318584531,1.29907246226194,6.5359477124183
2022-03-25,22048,1,14126,1,7922,0,15440,2,94698,23,110138,25,0,322,0,372,332,0,"Anderson",76978,11.6916521603575,0.0757575757575758,32.4768115565486,1.29907246226194,7.57575757575758
2022-03-26,22049,1,14127,1,7922,0,15441,1,94717,19,110158,20,0,322,0,372,332,0,"Anderson",76978,12.9907246226194,0.0833333333333333,25.9814492452389,1.29907246226194,8.33333333333333
2022-03-27,22049,0,14127,0,7922,0,15441,0,94728,11,110169,11,0,322,0,372,332,0,"Anderson",76978,7.79443477357167,0.0583333333333333,14.2897970848814,0,5.83333333333333
2022-03-28,22053,4,14130,3,7923,1,15444,3,94772,44,110216,47,1,323,0,372,333,1,"Anderson",76978,11.6916521603575,0.0649350649350649,61.0564057263114,5.19628984904778,6.49350649350649
2022-03-29,22053,0,14130,0,7923,0,15444,0,94785,13,110229,13,1,324,0,372,333,0,"Anderson",76978,11.6916521603575,0.05625,16.8879420094053,0,5.625
2022-03-30,22055,2,14130,0,7925,2,15445,1,94808,23,110253,24,1,325,0,372,333,0,"Anderson",76978,11.6916521603575,0.0509554140127389,31.1777390942867,2.59814492452389,5.09554140127389
2022-03-31,22057,2,14131,1,7926,1,15446,1,94828,20,110274,21,0,325,0,372,333,0,"Anderson",76978,12.9907246226194,0.0496894409937888,27.2805217075008,2.59814492452389,4.96894409937888
2022-04-01,22060,3,14132,1,7928,2,15447,1,94865,37,110312,38,3,328,0,372,333,0,"Anderson",76978,15.5888695471433,0.0402298850574713,49.3647535659539,3.89721738678583,4.02298850574713
2022-04-02,22061,1,14133,1,7928,0,15449,2,94885,20,110334,22,0,328,0,372,333,0,"Anderson",76978,15.5888695471433,0.0454545454545455,28.5795941697628,1.29907246226194,4.54545454545455
2022-04-03,22061,0,14133,0,7928,0,15449,0,94897,12,110346,12,0,328,0,372,333,0,"Anderson",76978,15.5888695471433,0.0451977401129944,15.5888695471433,0,4.51977401129944
2022-04-04,22063,2,14134,1,7929,1,15450,1,94916,19,110366,20,0,328,0,372,333,0,"Anderson",76978,12.9907246226194,0.04,25.9814492452389,2.59814492452389,4
2022-04-05,22069,6,14135,1,7934,5,15451,1,94935,19,110386,20,3,331,0,372,333,0,"Anderson",76978,20.7851593961911,0.0445859872611465,25.9814492452389,7.79443477357167,4.45859872611465
2022-04-06,22072,3,14138,3,7934,0,15455,4,94959,24,110414,28,0,331,0,372,333,0,"Anderson",76978,22.0842318584531,0.062111801242236,36.3740289433345,3.89721738678583,6.2111801242236
2022-04-07,22075,3,14138,0,7937,3,15455,0,94982,23,110437,23,1,332,0,372,333,0,"Anderson",76978,23.383304320715,0.0552147239263804,29.8786666320247,3.89721738678583,5.52147239263804
2022-04-08,22076,1,14138,0,7938,1,15455,0,95013,31,110468,31,1,333,0,372,333,0,"Anderson",76978,20.7851593961911,0.0512820512820513,40.2712463301203,1.29907246226194,5.12820512820513
2022-04-09,22076,0,14138,0,7938,0,15455,0,95023,10,110478,10,0,333,0,372,333,0,"Anderson",76978,19.4860869339292,0.0416666666666667,12.9907246226195,0,4.16666666666667
2022-04-10,22076,0,14138,0,7938,0,15455,0,95033,10,110488,10,0,333,0,372,333,0,"Anderson",76978,19.4860869339292,0.0422535211267606,12.9907246226195,0,4.22535211267606
2022-04-11,22079,3,14138,0,7941,3,15455,0,95051,18,110506,18,0,333,0,372,333,0,"Anderson",76978,20.7851593961911,0.0357142857142857,23.383304320715,3.89721738678583,3.57142857142857
2022-04-12,22083,4,14141,3,7942,1,15459,4,95069,18,110528,22,1,334,0,372,334,1,"Anderson",76978,18.1870144716672,0.0563380281690141,28.5795941697628,5.19628984904778,5.63380281690141
2022-04-13,22086,3,14142,1,7944,2,15460,1,95091,22,110551,23,0,334,0,372,334,0,"Anderson",76978,18.1870144716672,0.0364963503649635,29.8786666320247,3.89721738678583,3.64963503649635
2022-04-14,22089,3,14142,0,7947,3,15460,0,95107,16,110567,16,0,334,0,372,334,0,"Anderson",76978,18.1870144716672,0.0384615384615385,20.7851593961911,3.89721738678583,3.84615384615385
2022-04-15,22093,4,14145,3,7948,1,15464,4,95127,20,110591,24,0,334,0,372,334,0,"Anderson",76978,22.0842318584531,0.0731707317073171,31.1777390942867,5.19628984904778,7.31707317073171
2022-04-16,22094,1,14145,0,7949,1,15464,0,95141,14,110605,14,0,334,0,372,334,0,"Anderson",76978,23.383304320715,0.0708661417322835,18.1870144716672,1.29907246226194,7.08661417322835
2022-04-17,22096,2,14145,0,7951,2,15465,1,95156,15,110621,16,0,334,0,372,334,0,"Anderson",76978,25.9814492452389,0.075187969924812,20.7851593961911,2.59814492452389,7.5187969924812
2022-04-18,22103,7,14147,2,7956,5,15467,2,95176,20,110643,22,-1,333,0,372,334,0,"Anderson",76978,31.1777390942867,0.0875912408759124,28.5795941697628,9.09350723583361,8.75912408759124
2022-04-19,22107,4,14148,1,7959,3,15468,1,95189,13,110657,14,0,333,0,372,334,0,"Anderson",76978,31.1777390942867,0.0697674418604651,18.1870144716672,5.19628984904778,6.97674418604651
2022-04-20,22113,6,14150,2,7963,4,15470,2,95222,33,110692,35,1,334,0,372,334,0,"Anderson",76978,35.0749564810725,0.0709219858156028,45.4675361791681,7.79443477357167,7.09219858156028
2022-04-21,22116,3,14151,1,7965,2,15471,1,95248,26,110719,27,0,334,0,372,334,0,"Anderson",76978,35.0749564810725,0.0723684210526316,35.0749564810725,3.89721738678583,7.23684210526316
2022-04-22,22118,2,14151,0,7967,2,15472,1,95280,32,110752,33,0,334,0,372,334,0,"Anderson",76978,32.4768115565486,0.0496894409937888,42.8693912546442,2.59814492452389,4.96894409937888
2022-04-23,22120,2,14152,1,7968,1,15473,1,95305,25,110778,26,0,334,0,372,334,0,"Anderson",76978,33.7758840188106,0.0520231213872832,33.7758840188106,2.59814492452389,5.20231213872832
2022-04-24,22123,3,14152,0,7971,3,15473,0,95322,17,110795,17,0,334,0,372,334,0,"Anderson",76978,35.0749564810725,0.0459770114942529,22.0842318584531,3.89721738678583,4.59770114942529
2022-04-25,22141,18,14154,2,7987,16,15475,2,95333,11,110808,13,0,334,0,372,334,0,"Anderson",76978,49.3647535659539,0.0484848484848485,16.8879420094053,23.383304320715,4.84848484848485
2022-04-26,22155,14,14159,5,7996,9,15481,6,95354,21,110835,27,0,334,0,372,334,0,"Anderson",76978,62.3554781885734,0.0730337078651685,35.0749564810725,18.1870144716672,7.30337078651685
2022-04-27,22169,14,14164,5,8005,9,15486,5,95390,36,110876,41,0,334,0,372,334,0,"Anderson",76978,72.7480578866689,0.0869565217391304,53.2619709527397,18.1870144716672,8.69565217391304
2022-04-28,22174,5,14166,2,8008,3,15488,2,95413,23,110901,25,0,334,0,372,334,0,"Anderson",76978,75.3462028111928,0.0934065934065934,32.4768115565486,6.49536231130973,9.34065934065934
2022-04-29,22180,6,14167,1,8013,5,15489,1,95434,21,110923,22,0,334,0,372,334,0,"Anderson",76978,80.5424926602406,0.0994152046783626,28.5795941697628,7.79443477357167,9.94152046783626
2022-04-30,22182,2,14167,0,8015,2,15489,0,95463,29,110952,29,0,334,0,372,334,0,"Anderson",76978,80.5424926602406,0.0919540229885057,37.6731014055964,2.59814492452389,9.19540229885057
2022-05-01,22184,2,14167,0,8017,2,15489,0,95471,8,110960,8,0,334,0,372,334,0,"Anderson",76978,79.2434201979786,0.096969696969697,10.3925796980956,2.59814492452389,9.6969696969697
2022-05-02,22192,8,14172,5,8020,3,15493,4,95502,31,110995,35,0,334,0,372,334,0,"Anderson",76978,66.2526955753592,0.0962566844919786,45.4675361791681,10.3925796980956,9.62566844919786
2022-05-03,22198,6,14177,5,8021,1,15498,5,95513,11,111011,16,0,334,0,372,334,0,"Anderson",76978,55.8601158772636,0.0965909090909091,20.7851593961911,7.79443477357167,9.65909090909091
2022-05-04,22210,12,14181,4,8029,8,15503,5,95537,24,111040,29,0,334,0,372,334,0,"Anderson",76978,53.2619709527397,0.103658536585366,37.6731014055964,15.5888695471433,10.3658536585366
2022-05-05,22218,8,14187,6,8031,2,15509,6,95555,18,111064,24,0,334,0,372,334,0,"Anderson",76978,57.1591883395256,0.128834355828221,31.1777390942867,10.3925796980956,12.8834355828221
2022-05-06,22219,1,14187,0,8032,1,15509,0,95579,24,111088,24,0,334,0,372,334,0,"Anderson",76978,50.6638260282159,0.121212121212121,31.1777390942867,1.29907246226194,12.1212121212121
2022-05-07,22228,9,14191,4,8037,5,15513,4,95595,16,111108,20,0,334,0,372,334,0,"Anderson",76978,59.7573332640495,0.153846153846154,25.9814492452389,11.6916521603575,15.3846153846154
2020-03-12,1,1,1,1,0,0,1,1,11,11,12,12,0,0,0,0,0,0,"East TN",2455501,NA,NA,0.488698640318208,0.040724886693184,NA
2020-03-13,1,0,1,0,0,0,1,0,23,12,24,12,0,0,0,0,0,0,"East TN",2455501,NA,NA,0.488698640318208,0,NA
2020-03-14,3,2,3,2,0,0,3,2,50,27,53,29,0,0,0,0,0,0,"East TN",2455501,NA,NA,1.18102171410234,0.081449773386368,NA
2020-03-15,3,0,3,0,0,0,3,0,53,3,56,3,0,0,0,0,0,0,"East TN",2455501,NA,NA,0.122174660079552,0,NA
2020-03-16,5,2,5,2,0,0,5,2,89,36,94,38,0,0,0,0,0,0,"East TN",2455501,NA,NA,1.54754569434099,0.081449773386368,NA
2020-03-17,6,1,6,1,0,0,5,0,130,41,135,41,0,0,0,0,0,0,"East TN",2455501,NA,NA,1.66972035442054,0.040724886693184,NA
2020-03-18,8,2,8,2,0,0,7,2,171,41,178,43,0,0,0,0,0,0,"East TN",2455501,0.325799093545472,0.0393258426966292,1.75117012780691,0.081449773386368,3.93258426966292
2020-03-19,11,3,11,3,0,0,11,4,238,67,249,71,0,0,0,0,0,0,"East TN",2455501,0.40724886693184,0.0421940928270042,2.89146695521606,0.122174660079552,4.21940928270042
2020-03-20,29,18,29,18,0,0,27,16,382,144,409,160,0,0,2,2,0,0,"East TN",2455501,1.14029682740915,0.0675324675324675,6.51598187090944,0.733047960477312,6.75324675324675
2020-03-21,38,9,38,9,0,0,38,11,610,228,648,239,0,0,1,3,1,1,"East TN",2455501,1.42537103426144,0.0588235294117647,9.73324791967098,0.366523980238656,5.88235294117647
2020-03-22,48,10,47,9,1,1,43,5,713,103,756,108,0,0,4,7,2,1,"East TN",2455501,1.83261990119328,0.0571428571428571,4.39828776286387,0.40724886693184,5.71428571428571
2020-03-23,64,16,63,16,1,0,56,13,846,133,902,146,0,0,4,11,2,0,"East TN",2455501,2.40276831489786,0.0631188118811881,5.94583345720486,0.651598187090944,6.31188118811881
2020-03-24,83,19,82,19,1,0,70,14,987,141,1057,155,0,0,5,16,2,0,"East TN",2455501,3.13581627537517,0.0704989154013015,6.31235743744352,0.773772847170496,7.04989154013015
2020-03-25,116,33,115,33,1,0,99,29,1288,301,1387,330,0,0,12,28,3,1,"East TN",2455501,4.39828776286387,0.076095947063689,13.4392126087507,1.34392126087507,7.6095947063689
2020-03-26,144,28,143,28,1,0,130,31,1774,486,1904,517,0,0,5,33,4,1,"East TN",2455501,5.41640993019347,0.0719033232628399,21.0547664203761,1.14029682740915,7.19033232628399
2020-03-27,166,22,165,22,1,0,147,17,2171,397,2318,414,0,0,6,39,4,0,"East TN",2455501,5.57930947696621,0.0628601361969618,16.8601030909782,0.895947507250048,6.28601361969618
2020-03-28,197,31,196,31,1,0,180,33,2608,437,2788,470,0,0,8,47,4,0,"East TN",2455501,6.47525698421626,0.0663551401869159,19.1406967457965,1.2624714874887,6.63551401869159
2020-03-29,213,16,212,16,1,0,196,16,2795,187,2991,203,0,0,3,50,7,3,"East TN",2455501,6.71960630437536,0.0684563758389262,8.26715199871635,0.651598187090944,6.84563758389262
2020-03-30,246,33,245,33,1,0,226,30,3345,550,3571,580,0,0,8,58,9,2,"East TN",2455501,7.41192937815949,0.0636942675159236,23.6204342820467,1.34392126087507,6.36942675159236
2020-03-31,295,49,294,49,1,0,278,52,3645,300,3923,352,0,0,12,70,10,1,"East TN",2455501,8.63367597895501,0.0725750174459177,14.3351601160008,1.99551944796602,7.25750174459177
2020-04-01,346,51,345,51,1,0,336,58,4243,598,4579,656,0,0,9,79,12,2,"East TN",2455501,9.36672393943232,0.0742481203007519,26.7155256707287,2.07696922135238,7.42481203007519
2020-04-02,391,45,390,45,1,0,383,47,4839,596,5222,643,2,7,5,84,14,2,"East TN",2455501,10.0590470132164,0.0762507534659433,26.1861021437173,1.83261990119328,7.62507534659433
2020-04-03,412,21,411,21,1,0,401,18,5124,285,5525,303,1,8,2,86,17,3,"East TN",2455501,10.0183221265233,0.0792017461802308,12.3396406680348,0.855222620556864,7.92017461802307
2020-04-04,447,35,446,35,1,0,431,30,5716,592,6147,622,3,11,5,91,19,2,"East TN",2455501,10.181221673296,0.0747246204227449,25.3308795231604,1.42537103426144,7.47246204227449
2020-04-05,473,26,472,26,1,0,464,33,6093,377,6557,410,-1,10,2,93,20,1,"East TN",2455501,10.5884705402278,0.0751542344363432,16.6972035442054,1.05884705402278,7.51542344363432
2020-04-06,514,41,513,41,1,0,514,50,6626,533,7140,583,8,18,5,98,20,0,"East TN",2455501,10.9142696337733,0.080694872513309,23.7426089421263,1.66972035442054,8.06948725133091
2020-04-07,570,56,569,56,1,0,592,78,7755,1129,8347,1207,0,18,7,105,21,1,"East TN",2455501,11.1993438406256,0.0709764918625678,49.1549382386731,2.2805936548183,7.09764918625678
2020-04-08,607,37,606,37,1,0,632,40,8162,407,8794,447,1,19,8,113,25,4,"East TN",2455501,10.629195426921,0.0702253855278766,18.2040243518532,1.50682080764781,7.02253855278766
2020-04-09,633,26,632,26,1,0,662,30,8613,451,9275,481,3,22,2,115,25,0,"East TN",2455501,9.85542257975053,0.0688378978534419,19.5886704994215,1.05884705402278,6.88378978534419
2020-04-10,655,22,654,22,1,0,682,20,8941,328,9623,348,0,22,4,119,25,0,"East TN",2455501,9.89614746644371,0.0685700341630063,14.172260569228,0.895947507250048,6.85700341630063
2020-04-11,679,24,678,24,1,0,728,46,10022,1081,10750,1127,2,24,5,124,27,2,"East TN",2455501,9.44817371281869,0.0645231370845101,45.8969473032184,0.977397280636416,6.45231370845101
2020-04-12,709,30,708,30,1,0,761,33,11472,1450,12233,1483,0,24,1,125,28,1,"East TN",2455501,9.61107325959142,0.0523255813953488,60.3950069659919,1.22174660079552,5.23255813953488
2020-04-13,738,29,737,29,1,0,803,42,12435,963,13238,1005,0,24,7,132,32,4,"East TN",2455501,9.12237461927321,0.0473925877336832,40.9285111266499,1.18102171410234,4.73925877336832
2020-04-14,749,11,748,11,1,0,823,20,12720,285,13543,305,4,28,1,133,33,1,"East TN",2455501,7.28975471807994,0.0444572748267898,12.4210904414211,0.447973753625024,4.44572748267898
2020-04-15,773,24,772,24,1,0,850,27,13132,412,13982,439,2,30,4,137,34,1,"East TN",2455501,6.76033119106854,0.0420200462606014,17.8782252583078,0.977397280636416,4.20200462606014
2020-04-16,801,28,800,28,1,0,886,36,13808,676,14694,712,1,31,6,143,34,0,"East TN",2455501,6.84178096445491,0.0413360398597527,28.996119325547,1.14029682740915,4.13360398597527
2020-04-17,823,22,821,21,2,1,916,30,14137,329,15053,359,0,31,4,147,35,1,"East TN",2455501,6.84178096445491,0.0430939226519337,14.6202343228531,0.895947507250048,4.30939226519337
2020-04-18,835,12,833,12,2,0,935,19,14918,781,15853,800,0,31,0,147,35,0,"East TN",2455501,6.3530823241367,0.0405643738977072,32.5799093545472,0.488698640318208,4.05643738977072
2020-04-19,914,79,912,79,2,0,1016,81,15604,686,16620,767,1,32,1,148,35,0,"East TN",2455501,8.34860177210272,0.0581262821974014,31.2359880936721,3.21726604876154,5.81262821974014
2020-04-20,939,25,931,19,8,6,1033,17,16567,963,17600,980,0,32,2,150,35,0,"East TN",2455501,8.18570222532998,0.0527281063732233,39.9103889593203,1.0181221673296,5.27281063732233
2020-04-21,1045,106,1037,106,8,0,1154,121,19273,2706,20427,2827,0,32,6,156,36,1,"East TN",2455501,12.0545664611825,0.0480825101685067,115.129254681631,4.3168379894775,4.80825101685067
2020-04-22,1247,202,1237,200,10,2,1354,200,21825,2552,23179,2752,2,34,2,158,36,0,"East TN",2455501,19.3035962925692,0.0548004784168751,112.074888179642,8.22642711202317,5.48004784168751
2020-04-23,1492,245,1480,243,12,2,1601,247,22932,1107,24533,1354,0,34,3,161,36,0,"East TN",2455501,28.1408967049901,0.0726699867872751,55.1414965825711,9.97759723983008,7.26699867872751
2020-04-24,1540,48,1527,47,13,1,1655,54,25621,2689,27276,2743,0,34,4,165,36,0,"East TN",2455501,29.1997437590129,0.0604597889225231,111.708364199404,1.95479456127283,6.04597889225231
2020-04-25,1563,23,1546,19,17,4,1674,19,26396,775,28070,794,0,34,3,168,37,1,"East TN",2455501,29.6477175126379,0.0604894818695261,32.3355600343881,0.936672393943232,6.04894818695261
2020-04-26,1583,20,1565,19,18,1,1700,26,27513,1117,29213,1143,0,34,0,168,37,0,"East TN",2455501,27.2449491977401,0.0543158897800365,46.5485454903093,0.81449773386368,5.43158897800365
2020-04-27,1652,69,1633,68,19,1,1772,72,28428,915,30200,987,0,34,8,176,38,1,"East TN",2455501,29.0368442122402,0.0586507936507936,40.1954631661726,2.8100171818297,5.86507936507936
2020-04-28,1689,37,1667,34,22,3,1812,40,30602,2174,32414,2214,2,36,1,177,39,1,"East TN",2455501,26.2268270304105,0.0548928005339117,90.1648991387094,1.50682080764781,5.48928005339117
2020-04-29,1752,63,1729,62,23,1,1878,66,33345,2743,35223,2809,1,37,6,183,40,1,"East TN",2455501,20.5660677800579,0.0435071404848887,114.396206721154,2.56566786167059,4.35071404848887
2020-04-30,1774,22,1750,21,24,1,1900,22,33894,549,35794,571,0,37,1,184,40,0,"East TN",2455501,11.4844180474779,0.0265518160021312,23.2539103018081,0.895947507250048,2.65518160021312
2020-05-01,1814,40,1786,36,28,4,1929,29,35556,1662,37485,1691,0,37,0,184,40,0,"East TN",2455501,11.1586189539324,0.0268390635713586,68.8657833981741,1.62899546772736,2.68390635713586
2020-05-02,1835,21,1807,21,28,0,1966,37,37433,1877,39399,1914,0,37,3,187,40,0,"East TN",2455501,11.077169180546,0.0257745608615059,77.9474331307542,0.855222620556864,2.57745608615059
2020-05-03,1873,38,1840,33,33,5,2003,37,39553,2120,41556,2157,0,37,3,190,42,2,"East TN",2455501,11.8102171410234,0.0245483269869562,87.8435805971979,1.54754569434099,2.45483269869562
2020-05-04,1920,47,1884,44,36,3,2060,57,41499,1946,43559,2003,0,37,1,191,42,0,"East TN",2455501,10.9142696337733,0.0215584998877161,81.5719480464475,1.91406967457965,2.15584998877161
2020-05-05,1948,28,1911,27,37,1,2092,32,44409,2910,46501,2942,2,39,1,192,42,0,"East TN",2455501,10.5477456535347,0.0198764818627103,119.812616651347,1.14029682740915,1.98764818627103
2020-05-06,1985,37,1948,37,37,0,2135,43,45453,1044,47588,1087,1,40,0,192,42,0,"East TN",2455501,9.48889859951187,0.0207844723008492,44.267951835491,1.50682080764781,2.07844723008492
2020-05-07,2028,43,1989,41,39,2,2183,48,46845,1392,49028,1440,0,40,4,196,46,4,"East TN",2455501,10.3441212200687,0.0213843131328397,58.643836838185,1.75117012780691,2.13843131328397
2020-05-08,2047,19,2008,19,39,0,2219,36,48515,1670,50734,1706,1,41,0,196,47,1,"East TN",2455501,9.48889859951187,0.0218884444108989,69.4766566985719,0.773772847170496,2.18884444108989
2020-05-09,2063,16,2022,14,41,2,2237,18,51333,2818,53570,2836,0,41,1,197,48,1,"East TN",2455501,9.28527416604595,0.0191235622045022,115.49577866187,0.651598187090944,1.91235622045022
2020-05-10,2079,16,2037,15,42,1,2256,19,53897,2564,56153,2583,1,42,3,200,48,0,"East TN",2455501,8.3893266587959,0.0173323285606631,105.192382328494,0.651598187090944,1.73323285606631
2020-05-11,2140,61,2097,60,43,1,2307,51,55468,1571,57775,1622,3,45,5,205,50,2,"East TN",2455501,8.95947507250048,0.0173747889701744,66.0557662163444,2.48421808828422,1.73747889701745
2020-05-12,2193,53,2150,53,43,0,2373,66,59022,3554,61395,3620,3,48,3,208,50,0,"East TN",2455501,9.97759723983008,0.0188666577145159,147.424089829326,2.15841899473875,1.88666577145159
2020-05-13,2247,54,2201,51,46,3,2425,52,60647,1625,63072,1677,0,48,7,215,52,2,"East TN",2455501,10.6699203136142,0.0187290105915784,68.2956349844696,2.19914388143194,1.87290105915784
2020-05-14,2278,31,2232,31,46,0,2470,45,62356,1709,64826,1754,1,49,2,217,53,1,"East TN",2455501,10.181221673296,0.018166856564122,71.4314512598447,1.2624714874887,1.8166856564122
2020-05-15,2306,28,2260,28,46,0,2507,37,64675,2319,67182,2356,1,50,4,221,53,0,"East TN",2455501,10.5477456535347,0.0175097276264591,95.9478330491415,1.14029682740915,1.75097276264591
2020-05-16,2316,10,2270,10,46,0,2525,18,67443,2768,69968,2786,1,51,1,222,53,0,"East TN",2455501,10.3033963333756,0.017563117453348,113.459534327211,0.40724886693184,1.7563117453348
2020-05-17,2396,80,2350,80,46,0,2604,79,69670,2227,72274,2306,0,51,4,226,55,2,"East TN",2455501,12.9097890817393,0.0215867502016004,93.9115887144823,3.25799093545472,2.15867502016004
2020-05-18,2445,49,2398,48,47,1,2665,61,71548,1878,74213,1939,0,51,3,229,55,0,"East TN",2455501,12.4210904414211,0.0217788052074462,78.9655552980838,1.99551944796602,2.17788052074462
2020-05-19,2486,41,2438,40,48,1,2705,40,72672,1124,75377,1164,1,52,3,232,55,0,"East TN",2455501,11.9323918011029,0.0237448147618366,47.4037681108662,1.66972035442054,2.37448147618366
2020-05-20,2528,42,2480,42,48,0,2750,45,74412,1740,77162,1785,0,52,3,235,55,0,"East TN",2455501,11.4436931607847,0.0230660042583392,72.6939227473334,1.71044524111373,2.30660042583392
2020-05-21,2769,241,2720,240,49,1,2988,238,75874,1462,78862,1700,0,52,4,239,56,1,"East TN",2455501,19.9959193663533,0.0369051011684241,69.2323073784128,9.81469769305734,3.69051011684241
2020-05-22,2860,91,2808,88,52,3,3066,78,77398,1524,80464,1602,0,52,7,246,56,0,"East TN",2455501,22.5615872280239,0.0420870350850776,65.2412684824808,3.70596468907974,4.20870350850775
2020-05-23,2926,66,2870,62,56,4,3157,91,79612,2214,82769,2305,2,54,7,253,57,1,"East TN",2455501,24.8421808828422,0.0493711428794625,93.8708638277891,2.68784252175014,4.93711428794625
2020-05-24,2978,52,2922,52,56,0,3227,70,81732,2120,84959,2190,0,54,0,253,58,1,"East TN",2455501,23.7018840554331,0.0491131257390619,89.187501858073,2.11769410804557,4.91131257390619
2020-05-25,3062,84,3005,83,57,1,3321,94,84382,2650,87703,2744,1,55,2,255,58,0,"East TN",2455501,25.1272550896945,0.0486286137879911,111.749089086097,3.42089048222746,4.86286137879911
2020-05-26,3123,61,3057,52,66,9,3377,56,86768,2386,90145,2442,1,56,3,258,58,0,"East TN",2455501,25.9417528235582,0.0455037919826652,99.4501733047553,2.48421808828422,4.55037919826652
2020-05-27,3199,76,3130,73,69,3,3444,67,88635,1867,92079,1934,0,56,9,267,58,0,"East TN",2455501,27.3263989711265,0.0465241000201113,78.7619308646179,3.09509138868198,4.65241000201113
2020-05-28,3273,74,3204,74,69,0,3511,67,90034,1399,93545,1466,0,56,1,268,58,0,"East TN",2455501,20.5253428933647,0.0356194238234693,59.7026838922077,3.01364161529562,3.56194238234693
2020-05-29,3348,75,3278,74,70,1,3594,83,91312,1278,94906,1361,0,56,4,272,58,0,"East TN",2455501,19.8737447062738,0.0365600332363939,55.4265707894234,3.0543665019888,3.65600332363939
2020-05-30,3421,73,3350,72,71,1,3675,81,93557,2245,97232,2326,0,56,5,277,59,1,"East TN",2455501,20.1588189131261,0.0358155292816152,94.726086448346,2.97291672860243,3.58155292816152
2020-05-31,3533,112,3460,110,73,2,3769,94,96340,2783,100109,2877,0,56,1,278,60,1,"East TN",2455501,22.6023121147171,0.0357755775577558,117.16549901629,4.56118730963661,3.57755775577558
2020-06-01,3629,96,3553,93,76,3,3902,133,100171,3831,104073,3964,0,56,5,283,60,0,"East TN",2455501,23.0910107550353,0.0354917532070861,161.433450851781,3.90958912254566,3.54917532070861
2020-06-02,3736,107,3658,105,78,2,4017,115,104230,4059,108247,4174,1,57,3,286,64,4,"East TN",2455501,24.9643555429218,0.0353552093691305,169.98567705735,4.35756287617069,3.53552093691305
2020-06-03,3786,50,3708,50,78,0,4067,50,106161,1931,110228,1981,0,57,4,290,65,1,"East TN",2455501,23.905508488899,0.0343269601630944,80.6760005391975,2.0362443346592,3.43269601630944
2020-06-04,3837,51,3757,49,80,2,4128,61,107708,1547,111836,1608,6,63,5,295,66,1,"East TN",2455501,22.9688360949558,0.0337324367175113,65.4856178026399,2.07696922135238,3.37324367175113
2020-06-05,3936,99,3852,95,84,4,4210,82,109864,2156,114074,2238,1,64,4,299,67,1,"East TN",2455501,23.9462333755922,0.0321368948247078,91.1422964193458,4.03176378262522,3.21368948247079
2020-06-06,3989,53,3902,50,87,3,4285,75,112967,3103,117252,3178,1,65,4,303,67,0,"East TN",2455501,23.1317356417285,0.0304695304695305,129.423689910939,2.15841899473875,3.04695304695305
2020-06-07,4047,58,3958,56,89,2,4366,81,116924,3957,121290,4038,0,65,6,309,68,1,"East TN",2455501,20.9325917602966,0.0281856380718569,164.447092467077,2.36204342820467,2.81856380718569
2020-06-08,4207,160,4114,156,93,4,4523,157,119875,2951,124398,3108,0,65,6,315,68,0,"East TN",2455501,23.5389845086604,0.0305535055350553,126.572947842416,6.51598187090944,3.05535055350553
2020-06-09,4315,108,4221,107,94,1,4641,118,122202,2327,126843,2445,1,66,7,322,69,1,"East TN",2455501,23.5797093953535,0.0335556033555603,99.5723479648349,4.39828776286387,3.35556033555603
2020-06-10,4392,77,4295,74,97,3,4715,74,125038,2836,129753,2910,0,66,6,328,69,0,"East TN",2455501,24.6792813360695,0.0331882202304737,118.509420277165,3.13581627537517,3.31882202304738
2020-06-11,4656,264,4557,262,99,2,4995,280,127329,2291,132324,2571,1,67,8,336,69,0,"East TN",2455501,33.3536822017177,0.0423174541194846,104.703683688176,10.7513700870006,4.23174541194846
2020-06-12,4827,171,4727,170,100,1,5167,172,129955,2626,135122,2798,2,69,3,339,70,1,"East TN",2455501,36.2858740436269,0.0454675028506271,113.948232967529,6.96395562453446,4.54675028506271
2020-06-13,4975,148,4871,144,104,4,5335,168,132146,2191,137481,2359,0,69,4,343,71,1,"East TN",2455501,40.1547382794794,0.0519056799644075,96.0700077092211,6.02728323059123,5.19056799644075
2020-06-14,5091,116,4986,115,105,1,5470,135,136014,3868,141484,4003,0,69,4,347,72,1,"East TN",2455501,42.5167817076841,0.0546697038724374,163.021721432816,4.72408685640934,5.46697038724374
2020-06-15,5273,182,5157,171,116,11,5649,179,139187,3173,144836,3352,0,69,9,356,77,5,"East TN",2455501,43.4127292149341,0.0550934533711713,136.509820195553,7.41192937815949,5.50934533711713
2020-06-16,5427,154,5309,152,118,2,5807,158,140986,1799,146793,1957,3,72,4,360,80,3,"East TN",2455501,45.2860740028206,0.0584461152882206,79.6986032585611,6.27163255075034,5.84461152882206
2020-06-17,5560,133,5439,130,121,3,5929,122,142426,1440,148355,1562,3,75,6,366,82,2,"East TN",2455501,47.5666676576389,0.0652617998064724,63.6122730147534,5.41640993019347,6.52617998064724
2020-06-18,5738,178,5616,177,122,1,6135,206,146017,3591,152152,3797,1,76,12,378,82,0,"East TN",2455501,44.0643274020251,0.0574944522896913,154.63239477402,7.24902983138675,5.74944522896913
2020-06-19,5873,135,5747,131,126,4,6253,118,147480,1463,153733,1581,4,80,13,391,83,1,"East TN",2455501,42.5982314810705,0.058352587179625,64.3860458619239,5.49785970357984,5.8352587179625
2020-06-20,5939,66,5812,65,127,1,6348,95,149655,2175,156003,2270,0,80,7,398,83,0,"East TN",2455501,39.2587907722294,0.0546917179570241,92.4454927935277,2.68784252175014,5.46917179570241
2020-06-21,6027,88,5899,87,128,1,6467,119,153005,3350,159472,3469,1,81,3,401,86,3,"East TN",2455501,38.1184939448202,0.0554258394485212,141.274631938655,3.58379002900019,5.54258394485212
2020-06-22,6223,196,6088,189,135,7,6665,198,156416,3411,163081,3609,1,82,7,408,87,1,"East TN",2455501,38.6886423585248,0.0556864894491642,146.976116075701,7.98207779186406,5.56864894491642
2020-06-23,6413,190,6272,184,141,6,6849,184,158220,1804,165069,1988,4,86,15,423,87,0,"East TN",2455501,40.1547382794794,0.0570146640402714,80.9610747460498,7.73772847170496,5.70146640402714
2020-06-24,6591,178,6448,176,143,2,7032,183,159851,1631,166883,1814,2,88,9,432,87,0,"East TN",2455501,41.9873581806727,0.0595315198618307,73.8749444614358,7.24902983138675,5.95315198618307
2020-06-25,6760,169,6608,160,152,9,7216,184,163024,3173,170240,3357,0,88,8,440,87,0,"East TN",2455501,41.620834200434,0.0597633790358249,136.713444629019,6.8825058511481,5.97633790358249
2020-06-26,6974,214,6812,204,162,10,7388,172,164612,1588,172000,1760,1,89,16,456,87,0,"East TN",2455501,44.8381002491956,0.0621339026660097,71.6758005800038,8.71512575234138,6.21339026660097
2020-06-27,7048,74,6881,69,167,5,7434,46,164821,209,172255,255,-1,88,5,461,89,2,"East TN",2455501,45.1638993427411,0.0668225449175486,10.3848461067619,3.01364161529562,6.68225449175486
2020-06-28,7175,127,7006,125,169,2,7605,171,167908,3087,175513,3258,0,88,5,466,90,1,"East TN",2455501,46.7521699237752,0.0709432080294246,132.681680846393,5.17206061003437,7.09432080294246
2020-06-29,7518,343,7347,341,171,2,7945,340,173175,5267,181120,5607,1,89,22,488,91,1,"East TN",2455501,52.7387282676733,0.0709573701424691,228.344439688683,13.9686361357621,7.09573701424691
2020-06-30,7788,270,7613,266,175,4,8393,448,179461,6286,187854,6734,0,89,22,510,92,1,"East TN",2455501,55.996719203128,0.0677638797454466,274.241386991901,10.9957194071597,6.77638797454466
2020-07-01,8063,275,7885,272,178,3,8727,334,182665,3204,191392,3538,0,89,17,527,95,3,"East TN",2455501,59.9470332123668,0.0691582683912032,144.084649120485,11.1993438406256,6.91582683912032
2020-07-02,8543,480,8360,475,183,5,9333,606,189047,6382,198380,6988,2,91,25,552,98,3,"East TN",2455501,72.6124729739471,0.0752309879175551,284.58550821197,19.5479456127283,7.52309879175551
2020-07-03,8769,226,8580,220,189,6,9561,228,192402,3355,201963,3583,5,96,14,566,99,1,"East TN",2455501,73.1011716142653,0.0725227780929813,145.917269021678,9.20382439265958,7.25227780929813
2020-07-04,8989,220,8798,218,191,2,9841,280,197166,4764,207007,5044,2,98,15,581,105,6,"East TN",2455501,79.0470050714701,0.0692622007366483,205.41632848042,8.95947507250048,6.92622007366483
2020-07-05,9309,320,9117,319,192,1,10209,368,201011,3845,211220,4213,2,100,12,593,108,3,"East TN",2455501,86.9069082032546,0.0729268770829249,171.573947638384,13.0319637418189,7.29268770829249
2020-07-06,9543,234,9340,223,203,11,10419,210,202641,1630,213060,1840,4,104,26,619,108,0,"East TN",2455501,82.4678955536976,0.0774577332498435,74.9337915154586,9.52962348620506,7.74577332498435
2020-07-07,9991,448,9779,439,212,9,10985,566,208917,6276,219902,6842,0,104,32,651,109,1,"East TN",2455501,89.7169253850844,0.0808786819770344,278.639674754765,18.2447492385464,8.08786819770345
2020-07-08,10372,381,10150,371,222,10,11419,434,213085,4168,224504,4602,1,105,20,671,109,0,"East TN",2455501,94.0337633745619,0.0812998308770234,187.415928562033,15.5161818301031,8.12998308770234
2020-07-09,10821,449,10585,435,236,14,11891,472,219034,5949,230925,6421,1,106,24,695,113,4,"East TN",2455501,92.7712918870731,0.0785988631126133,261.494497456934,18.2854741252396,7.85988631126133
2020-07-10,11288,467,11040,455,248,12,12344,453,222318,3284,234662,3737,0,106,29,724,115,2,"East TN",2455501,102.58598958013,0.0851096363803174,152.188901572429,19.0185220857169,8.51096363803175
2020-07-11,11594,306,11339,299,255,7,12766,422,226796,4478,239562,4900,5,111,23,747,120,5,"East TN",2455501,106.088329835744,0.0898479496237137,199.551944796602,12.4618153281143,8.98479496237137
2020-07-12,12064,470,11801,462,263,8,13399,633,232725,5929,246124,6562,1,112,25,772,125,5,"East TN",2455501,112.197062839722,0.0913935365574146,267.236706480673,19.1406967457965,9.13935365574146
2020-07-13,12418,354,12142,341,276,13,13742,343,236158,3433,249900,3776,3,115,20,792,129,4,"East TN",2455501,117.084049242904,0.0902008686210641,153.777172153463,14.4166098893871,9.02008686210641
2020-07-14,12933,515,12652,510,281,5,14326,584,240646,4488,254972,5072,4,119,34,826,133,4,"East TN",2455501,119.812616651347,0.0952666096378671,206.556625307829,20.9733166469898,9.52666096378671
2020-07-15,13313,380,13026,374,287,6,14709,383,243742,3096,258451,3479,6,125,24,850,140,7,"East TN",2455501,119.771891764654,0.0969157804813386,141.681880805587,15.4754569434099,9.69157804813386
2020-07-16,14140,827,13838,812,302,15,15806,1097,253573,9831,269379,10928,6,131,44,894,142,2,"East TN",2455501,135.165898934678,0.101809954751131,445.041561783115,33.6794812952632,10.1809954751131
2020-07-17,14608,468,14292,454,316,14,16317,511,257892,4319,274209,4830,3,134,24,918,147,5,"East TN",2455501,135.206623821371,0.100462740536577,196.701202728079,19.0592469724101,10.0462740536577
2020-07-18,15117,509,14786,494,331,15,16985,668,265980,8088,282965,8756,6,140,27,945,150,3,"East TN",2455501,143.473775820087,0.097205262309057,356.587107885519,20.7289673268307,9.7205262309057
2020-07-19,15598,481,15248,462,350,19,17545,560,270832,4852,288377,5412,0,140,26,971,154,4,"East TN",2455501,143.921749573712,0.098123210186259,220.403086783512,19.5886704994215,9.8123210186259
2020-07-20,16033,435,15668,420,365,15,17956,411,273289,2457,291245,2868,2,142,29,1000,158,4,"East TN",2455501,147.22046539586,0.101922844358447,116.798975036052,17.715325711535,10.1922844358447
2020-07-21,17034,1001,16652,984,382,17,19168,1212,281667,8378,300835,9590,1,143,61,1061,161,3,"East TN",2455501,167.012760328748,0.105575300351046,390.551663387635,40.7656115798772,10.5575300351046
2020-07-22,17618,584,17220,568,398,16,19822,654,284967,3300,304789,3954,4,147,29,1090,166,5,"East TN",2455501,175.320637214157,0.11034140446286,161.02620198485,23.7833338288195,11.034140446286
2020-07-23,18412,794,17992,772,420,22,20821,999,295168,10201,315989,11200,4,151,50,1140,172,6,"East TN",2455501,173.976715953282,0.107594936708861,456.118730963661,32.3355600343881,10.7594936708861
2020-07-24,19015,603,18582,590,433,13,21505,684,300975,5807,322480,6491,2,153,34,1174,179,7,"East TN",2455501,179.474575656862,0.107476538708541,264.345239525457,24.55710667599,10.7476538708541
2020-07-25,19992,977,19547,965,445,12,22706,1201,310582,9607,333288,10808,10,163,29,1203,187,8,"East TN",2455501,198.533822629272,0.113685591081613,440.154575379933,39.7882142992408,11.3685591081613
2020-07-26,20767,775,20307,760,460,15,23603,897,318100,7518,341703,8415,1,164,21,1224,194,7,"East TN",2455501,210.506939317068,0.113603120429059,342.699921523143,31.5617871872176,11.3603120429059
2020-07-27,21412,645,20930,623,482,22,24308,705,322563,4463,346871,5168,6,170,38,1262,198,4,"East TN",2455501,219.059165522637,0.114191205551361,210.466214430375,26.2675519171037,11.4191205551361
2020-07-28,22227,815,21722,792,505,23,25280,972,330777,8214,356057,9186,7,177,50,1312,203,5,"East TN",2455501,211.484336597704,0.110680525877368,374.098809163588,33.190782654945,11.0680525877368
2020-07-29,22570,343,22054,332,516,11,25596,316,332347,1570,357943,1886,5,182,24,1336,212,9,"East TN",2455501,201.669638904647,0.108627760845844,76.807136303345,13.9686361357621,10.8627760845844
2020-07-30,23757,1187,23226,1172,531,15,26976,1380,344877,12530,371853,13910,5,187,46,1382,219,7,"East TN",2455501,217.674519375068,0.110178290133181,566.483173902189,48.3404405048094,11.0178290133181
2020-07-31,24379,622,23832,606,547,16,27630,654,348844,3967,376474,4621,6,193,27,1409,228,9,"East TN",2455501,218.448292222239,0.11343853020706,188.189701409203,25.3308795231604,11.343853020706
2020-08-01,24938,559,24374,542,564,17,28266,636,355819,6975,384085,7611,1,194,16,1425,231,3,"East TN",2455501,201.425289584488,0.109455282792291,309.957112621823,22.7652116614899,10.9455282792291
2020-08-02,25369,431,24794,420,575,11,28749,483,359614,3795,388363,4278,4,198,21,1446,236,5,"East TN",2455501,187.415928562033,0.110287183883412,174.221065273441,17.5524261647623,11.0287183883412
2020-08-03,25995,626,25402,608,593,18,29457,708,363758,4144,393215,4852,3,201,39,1485,244,8,"East TN",2455501,186.642155714862,0.111103918522355,197.597150235329,25.4937790699332,11.1103918522355
2020-08-04,26481,486,25868,466,613,20,29983,526,369128,5370,399111,5896,6,207,34,1519,253,9,"East TN",2455501,173.243667992805,0.109234914293678,240.113931943013,19.7922949328874,10.9234914293678
2020-08-05,26949,468,26328,460,621,8,30504,521,373340,4212,403844,4733,9,216,20,1539,259,6,"East TN",2455501,178.334278829453,0.106925775037581,192.75088871884,19.0592469724101,10.6925775037581
2020-08-06,27679,730,27020,692,659,38,31355,851,380409,7069,411764,7920,7,223,37,1576,265,6,"East TN",2455501,159.723005610668,0.109719125053243,322.541102610017,29.7291672860243,10.9719125053243
2020-08-07,28234,555,27561,541,673,14,31974,619,384377,3968,416351,4587,6,229,34,1610,278,13,"East TN",2455501,156.994438202224,0.108934975048273,186.805055261635,22.6023121147171,10.8934975048273
2020-08-08,28909,675,28224,663,685,12,32774,800,394454,10077,427228,10877,8,237,24,1634,289,11,"East TN",2455501,161.718525058634,0.104489720232714,442.964592561762,27.4892985178992,10.4489720232714
2020-08-09,29437,528,28740,516,697,12,33408,634,398755,4301,432163,4935,2,239,20,1654,296,7,"East TN",2455501,165.668839067873,0.106369863013699,200.977315830863,21.5027401740012,10.6369863013699
2020-08-10,29740,303,29032,292,708,11,33736,328,401044,2289,434780,2617,3,242,26,1680,300,4,"East TN",2455501,152.514700665974,0.102947191146397,106.577028476063,12.3396406680348,10.2947191146397
2020-08-11,30352,612,29627,595,725,17,34421,685,407141,6097,441562,6782,17,259,28,1708,305,5,"East TN",2455501,157.646036389315,0.104544062566253,276.196181553174,24.9236306562286,10.4544062566253
2020-08-12,30797,445,30051,424,746,21,34895,474,410889,3748,445784,4222,6,265,25,1733,310,5,"East TN",2455501,156.709363995372,0.104697186456843,171.940471618623,18.1225745784669,10.4697186456843
2020-08-13,31614,817,30855,804,759,13,36012,1117,419450,8561,455462,9678,6,271,44,1777,318,8,"East TN",2455501,160.252429137679,0.106572383175431,394.135453416635,33.2722324283313,10.6572383175431
2020-08-14,32075,461,31287,432,788,29,36546,534,424106,4656,460652,5190,4,275,18,1795,325,7,"East TN",2455501,156.42428978852,0.103203087966412,211.362161937625,18.7741727655578,10.3203087966412
2020-08-15,32725,650,31925,638,800,12,37423,877,431041,6935,468464,7812,4,279,17,1812,334,9,"East TN",2455501,155.40616762119,0.112741294014938,318.142814847153,26.4711763505696,11.2741294014938
2020-08-16,33199,474,32388,463,811,11,38016,593,436505,5464,474521,6057,2,281,10,1822,343,9,"East TN",2455501,153.207023739758,0.108787005996506,246.670638700615,19.3035962925692,10.8787005996506
2020-08-17,33472,273,32591,203,881,70,38243,227,437974,1469,476217,1696,8,289,12,1834,349,6,"East TN",2455501,151.985277138963,0.108767526606656,69.0694078316401,11.1178940672392,10.8767526606656
2020-08-18,34102,630,33156,565,946,65,39055,812,448566,10592,487621,11404,8,297,22,1856,352,3,"East TN",2455501,152.71832509944,0.100610087062246,464.42660784907,25.6566786167059,10.0610087062246
2020-08-19,34557,455,33590,434,967,21,39552,497,453349,4783,492901,5280,7,304,22,1878,359,7,"East TN",2455501,153.125573966372,0.0988390602118131,215.027401740011,18.5298234453987,9.88390602118131
2020-08-20,35333,776,34345,755,988,21,40424,872,464881,11532,505305,12404,6,310,27,1905,367,8,"East TN",2455501,151.455853611951,0.0885179463515438,505.151494542254,31.6025120739108,8.85179463515438
2020-08-21,35542,209,34542,197,1000,12,40637,213,467332,2451,507969,2664,17,327,17,1922,374,7,"East TN",2455501,141.193182165269,0.0864594120506372,108.491098150642,8.51150131887546,8.64594120506372
2020-08-22,36411,869,35399,857,1012,12,41609,972,480698,13366,522307,14338,2,329,20,1942,381,7,"East TN",2455501,150.111932351076,0.0777445536095686,583.913425406872,35.3899265363769,7.77445536095686
2020-08-23,36664,253,35641,242,1023,11,41863,254,485802,5104,527665,5358,0,329,20,1962,386,5,"East TN",2455501,141.111732391883,0.072388228210146,218.20394290208,10.3033963333756,7.2388228210146
2020-08-24,36856,192,35816,175,1040,17,42061,198,487145,1343,529206,1541,8,337,15,1977,396,10,"East TN",2455501,137.813016569735,0.072052690180981,62.7570503941965,7.81917824509133,7.2052690180981
2020-08-25,37470,614,36405,589,1065,25,42746,685,496872,9727,539618,10412,16,353,23,2000,405,9,"East TN",2455501,137.161418382644,0.0709848645114141,424.027520249432,25.005080429615,7.09848645114141
2020-08-26,37813,343,36723,318,1090,25,43129,383,500834,3962,543963,4345,6,359,11,2011,413,8,"East TN",2455501,132.600231073007,0.0700520935333516,176.949632681884,13.9686361357621,7.00520935333516
2020-08-27,38674,861,37567,844,1107,17,44105,976,511121,10287,555226,11263,8,367,29,2040,420,7,"East TN",2455501,136.061846441928,0.0737365036758078,458.684398825331,35.0641274428314,7.37365036758078
2020-08-28,39008,334,37881,314,1127,20,44443,338,513730,2609,558173,2947,12,379,10,2050,426,6,"East TN",2455501,141.152457278576,0.0758106923751096,120.016241084813,13.6021121555235,7.58106923751096
2020-08-29,39459,451,38316,435,1143,16,44971,528,520249,6519,565220,7047,8,387,16,2066,435,9,"East TN",2455501,124.129454640825,0.0783445575932701,286.988276526868,18.366923898626,7.83445575932701
2020-08-30,39722,263,38568,252,1154,11,45238,267,522130,1881,567368,2148,8,395,14,2080,438,3,"East TN",2455501,124.536703507757,0.0850061708183261,87.4770566169592,10.7106452003074,8.50061708183261
2020-08-31,40129,407,38946,378,1183,29,45688,450,525616,3486,571304,3936,2,397,17,2097,443,5,"East TN",2455501,133.292554146791,0.0861561119293078,160.293154024372,16.5750288841259,8.61561119293078
2020-09-01,40736,607,39511,565,1225,42,46362,674,531279,5663,577641,6337,6,403,28,2125,452,9,"East TN",2455501,133.007479939939,0.0951003340083634,258.073606974707,24.7200062227627,9.51003340083634
2020-09-02,41224,488,39970,459,1254,29,46815,453,536072,4793,582887,5246,7,410,22,2147,459,7,"East TN",2455501,138.912588510451,0.0946973589559141,213.642755592443,19.8737447062738,9.46973589559141
2020-09-03,41779,555,40492,522,1287,33,47462,647,544328,8256,591790,8903,6,416,22,2169,462,3,"East TN",2455501,126.450773182336,0.0918116179849032,362.573666229417,22.6023121147171,9.18116179849032
2020-09-04,42136,357,40835,343,1301,14,47810,348,547660,3332,595470,3680,7,423,11,2180,463,1,"East TN",2455501,127.38744557628,0.0902753572673405,149.867583030917,14.5387845494667,9.02753572673405
2020-09-05,43134,998,41818,983,1316,15,48900,1090,556971,9311,605871,10401,1,424,26,2206,469,6,"East TN",2455501,149.663958597451,0.0966519888809623,423.579546495807,40.6434369197976,9.66519888809623
2020-09-06,43397,263,42065,247,1332,16,49168,268,559595,2624,608763,2892,0,424,9,2215,483,14,"East TN",2455501,149.663958597451,0.0949390022949632,117.776372316688,10.7106452003074,9.49390022949632
2020-09-07,43601,204,42262,197,1339,7,49405,237,560931,1336,610336,1573,3,427,13,2228,487,4,"East TN",2455501,141.396806598735,0.0952295552367288,64.0602467683784,8.30787688540954,9.52295552367288
2020-09-08,43912,311,42551,289,1361,22,49725,320,564356,3425,614081,3745,7,434,24,2252,494,7,"East TN",2455501,129.342240137552,0.0922886937431394,152.514700665974,12.6654397615802,9.22886937431394
2020-09-09,44245,333,42867,316,1378,17,50099,374,569498,5142,619597,5516,6,440,16,2268,501,7,"East TN",2455501,123.029882700109,0.0894579133751022,224.638474999603,13.5613872688303,8.94579133751022
2020-09-10,44920,675,43505,638,1415,37,50806,707,577304,7806,628110,8513,18,458,39,2307,512,11,"East TN",2455501,127.916869103291,0.0920704845814978,346.690960419075,27.4892985178992,9.20704845814978
2020-09-11,45245,325,43807,302,1438,23,51160,354,581459,4155,632619,4509,17,475,26,2333,523,11,"East TN",2455501,126.613672729109,0.0901773937387278,183.628514099567,13.2355881752848,9.01773937387278
2020-09-12,45663,418,44207,400,1456,18,51671,511,588443,6984,640114,7495,10,485,14,2347,534,11,"East TN",2455501,102.993238447062,0.0809216482200742,305.233025765414,17.0230026377509,8.09216482200742
2020-09-13,46102,439,44626,419,1476,20,52171,500,594017,5574,646188,6074,2,487,21,2368,539,5,"East TN",2455501,110.160818505063,0.0802404809619238,247.3629617744,17.8782252583078,8.02404809619238
2020-09-14,46546,444,45055,429,1491,15,52656,485,598990,4973,651646,5458,9,496,25,2393,549,10,"East TN",2455501,119.934791311427,0.0786976519002663,222.276431571398,18.0818496917737,7.86976519002663
2020-09-15,47039,493,45511,456,1528,37,53196,540,607164,8174,660360,8714,7,503,20,2413,552,3,"East TN",2455501,127.346720689586,0.0750016206054582,354.876662644405,20.0773691397397,7.50016206054582
2020-09-16,47392,353,45821,310,1571,43,53590,394,610578,3414,664168,3808,6,509,17,2430,561,9,"East TN",2455501,128.16121842345,0.0783244710686321,155.080368527645,14.375885002694,7.83244710686321
2020-09-17,47943,551,46340,519,1603,32,54167,577,617753,7175,671920,7752,8,517,21,2451,572,11,"East TN",2455501,123.111332473495,0.0767176443734307,315.699321645562,22.4394125679444,7.67176443734307
2020-09-18,48477,534,46826,486,1651,48,54733,566,625866,8113,680599,8679,17,534,30,2481,578,6,"East TN",2455501,131.622833792371,0.074468528553564,353.451291610144,21.7470894941603,7.4468528553564
2020-09-19,48985,508,47311,485,1674,23,55306,573,634218,8352,689524,8925,3,537,30,2511,580,2,"East TN",2455501,135.288073594757,0.0735681036227484,363.469613736667,20.6882424401375,7.35681036227484
2020-09-20,49291,306,47592,281,1699,25,55635,329,639176,4958,694811,5287,1,538,13,2524,591,11,"East TN",2455501,129.871663664564,0.0712420048125373,215.312475946864,12.4618153281143,7.12420048125373
2020-09-21,49454,163,47725,133,1729,30,55787,152,640692,1516,696479,1668,3,541,9,2533,596,5,"East TN",2455501,118.427970503779,0.0698369504605982,67.9291110042309,6.63815653098899,6.98369504605982
2020-09-22,49914,460,48127,402,1787,58,56277,490,646841,6149,703118,6639,6,547,29,2562,603,7,"East TN",2455501,117.084049242904,0.0720566911455166,270.372522756049,18.7334478788646,7.20566911455166
2020-09-23,50208,294,48381,254,1827,40,56559,282,648934,2093,705493,2375,8,555,13,2575,612,9,"East TN",2455501,114.681280928006,0.0718451300665457,96.721605896312,11.9731166877961,7.18451300665457
2020-09-24,50671,463,48823,442,1848,21,57039,480,655824,6890,712863,7370,11,566,28,2603,617,5,"East TN",2455501,111.097490899006,0.0701463009549862,300.142414928766,18.8556225389442,7.01463009549862
2020-09-25,51125,454,49253,430,1872,24,57525,486,662498,6674,720023,7160,11,577,18,2621,624,7,"East TN",2455501,107.839499963551,0.0708198051948052,291.590188723197,18.4890985587055,7.08198051948052
2020-09-26,51683,558,49787,534,1896,24,58163,638,673052,10554,731215,11192,5,582,29,2650,631,7,"East TN",2455501,109.87574429821,0.0685279796598786,455.792931870115,22.7244867747967,6.85279796598786
2020-09-27,52076,393,50152,365,1924,28,58570,407,679069,6017,737639,6424,3,585,30,2680,638,7,"East TN",2455501,113.418809440517,0.0685299336882413,261.616672117014,16.0048804704213,6.85299336882413
2020-09-28,52310,234,50347,195,1963,39,58795,225,680755,1686,739550,1911,4,589,15,2695,645,7,"East TN",2455501,116.310276395733,0.0698381741775208,77.8252584706746,9.52962348620506,6.98381741775208
2020-09-29,52693,383,50687,340,2006,43,59192,397,686563,5808,745755,6205,9,598,33,2728,647,2,"East TN",2455501,113.174460120358,0.0683678495203696,252.697921931207,15.5976316034895,6.83678495203696
2020-09-30,53175,482,51137,450,2038,32,59668,476,690001,3438,749669,3914,6,604,23,2751,651,4,"East TN",2455501,120.830738818677,0.0703775805867439,159.397206517122,19.6293953861147,7.03775805867439
2020-10-01,53563,388,51486,349,2077,39,60047,379,693279,3278,753326,3657,11,615,31,2782,656,5,"East TN",2455501,117.776372316688,0.0743395200553592,148.930910636974,15.8012560369554,7.43395200553592
2020-10-02,54027,464,51922,436,2105,28,60509,462,696900,3621,757409,4083,2,617,17,2799,660,4,"East TN",2455501,118.18362118362,0.079815973893971,166.27971236827,18.8963474256374,7.9815973893971
2020-10-03,54432,405,52310,388,2122,17,60992,483,704358,7458,765350,7941,12,629,22,2821,666,6,"East TN",2455501,111.952713519563,0.082876812655632,323.396325230574,16.4935791107395,8.2876812655632
2020-10-04,54887,455,52735,425,2152,30,61531,539,714480,10122,776011,10661,4,633,27,2848,679,13,"East TN",2455501,114.47765649454,0.0771656416136766,434.168017036035,18.5298234453987,7.71656416136766
2020-10-05,55558,671,53347,612,2211,59,62282,751,721729,7249,784011,8000,5,638,42,2890,688,9,"East TN",2455501,132.274431979462,0.0784282854636648,325.799093545472,27.3263989711265,7.84282854636648
2020-10-06,56308,750,54013,666,2295,84,63021,739,728366,6637,791387,7376,8,646,46,2936,697,9,"East TN",2455501,147.22046539586,0.0839104137447405,300.386764248925,30.543665019888,8.39104137447405
2020-10-07,57045,737,54672,659,2373,78,63729,708,735117,6751,798846,7459,3,649,38,2974,703,6,"East TN",2455501,157.605311502622,0.0825792545295565,303.766929844459,30.0142414928766,8.25792545295565
2020-10-08,57763,718,55329,657,2434,61,64407,678,741575,6458,805982,7136,10,659,32,3006,709,6,"East TN",2455501,171.044524111373,0.082801580066849,290.612791442561,29.2404686457061,8.2801580066849
2020-10-09,58304,541,55828,499,2476,42,64967,560,747054,5479,812021,6039,4,663,20,3026,716,7,"East TN",2455501,174.180340386748,0.0816304108987036,245.937590740138,22.0321637010125,8.16304108987036
2020-10-10,58922,618,56416,588,2506,30,65636,669,755480,8426,821116,9095,12,675,20,3046,730,14,"East TN",2455501,182.854741252396,0.08327654843453,370.392844474508,25.1679799763877,8.327654843453
2020-10-11,59865,943,57328,912,2537,31,66665,1029,765906,10426,832571,11455,1,676,37,3083,737,7,"East TN",2455501,202.72848595867,0.0907708628005658,466.503577070423,38.4035681516725,9.07708628005658
2020-10-12,60221,356,57613,285,2608,71,66982,317,768827,2921,835809,3238,6,682,19,3102,748,11,"East TN",2455501,189.900146650317,0.0907370940962972,131.86718311253,14.4980596627735,9.07370940962972
2020-10-13,60726,505,58066,453,2660,52,67466,484,773208,4381,840674,4865,9,691,24,3126,755,7,"East TN",2455501,179.922549410487,0.0901860531174549,198.12657376234,20.5660677800579,9.01860531174549
2020-10-14,61600,874,58878,812,2722,62,68314,848,779392,6184,847706,7032,1,692,44,3170,762,7,"East TN",2455501,185.501858887453,0.0938395415472779,286.37740322647,35.5935509698428,9.38395415472779
2020-10-15,62109,509,59318,440,2791,69,68779,465,783545,4153,852324,4618,14,706,19,3189,771,9,"East TN",2455501,176.990357568578,0.0943420655129256,188.067526749124,20.7289673268307,9.43420655129256
2020-10-16,62748,639,59914,596,2834,43,69363,584,787634,4089,856997,4673,2,708,22,3211,783,12,"East TN",2455501,180.98139646451,0.097741017431519,190.307395517249,26.0232025969446,9.7741017431519
2020-10-17,63466,718,60595,681,2871,37,70223,860,796417,8783,866640,9643,6,714,37,3248,790,7,"East TN",2455501,185.053885133828,0.100760038660926,392.710082382373,29.2404686457061,10.0760038660926
2020-10-18,64270,804,61353,758,2917,46,71093,870,804525,8108,875618,8978,3,717,39,3287,798,8,"East TN",2455501,179.393125883476,0.102864311101819,365.628032731406,32.7428089013199,10.2864311101819
2020-10-19,65018,748,62038,685,2980,63,71852,759,809423,4898,881275,5657,3,720,67,3354,809,11,"East TN",2455501,195.357281467204,0.107113007522104,230.380684023342,30.4622152465016,10.7113007522104
2020-10-20,65704,686,62647,609,3057,77,72543,691,813037,3614,885580,4305,15,735,32,3386,822,13,"East TN",2455501,202.72848595867,0.113058388634036,175.320637214157,27.9372722715242,11.3058388634036
2020-10-21,66297,593,63199,552,3098,41,73159,616,816780,3743,889939,4359,5,740,27,3413,836,14,"East TN",2455501,191.284792797885,0.114720716027751,177.519781095589,24.1498578090581,11.4720716027751
2020-10-22,67427,1130,64235,1036,3192,94,74260,1101,825344,8564,899604,9665,10,750,43,3456,851,15,"East TN",2455501,216.574947434353,0.115926395939086,393.606029889623,46.0191219632979,11.5926395939086
2020-10-23,68398,971,65139,904,3259,67,75230,970,832460,7116,907690,8086,19,769,39,3495,859,8,"East TN",2455501,230.09560981649,0.115735900420176,329.301433801086,39.5438649790817,11.5735900420176
2020-10-24,69635,1237,66314,1175,3321,62,76557,1327,842981,10521,919538,11848,12,781,50,3545,876,17,"East TN",2455501,251.231826010252,0.119739876743922,482.508457540844,50.3766848394686,11.9739876743922
2020-10-25,70564,929,67186,872,3378,57,77604,1047,850856,7875,928460,8922,9,790,43,3588,887,11,"East TN",2455501,256.3224368469,0.123216380909125,363.347439076588,37.8334197379679,12.3216380909125
2020-10-26,71026,462,67592,406,3434,56,78038,434,853611,2755,931649,3189,6,796,21,3609,900,13,"East TN",2455501,244.675119252649,0.122801445189979,129.871663664564,18.814897652251,12.2801445189979
2020-10-27,71868,842,68304,712,3564,130,78821,783,857995,4384,936816,5167,12,808,54,3663,924,24,"East TN",2455501,251.028201576786,0.122531032867515,210.425489543682,34.2903545956609,12.2531032867515
2020-10-28,72865,997,69215,911,3650,86,79791,970,865211,7216,945002,8186,13,821,41,3704,938,14,"East TN",2455501,267.481055800833,0.120443855220384,333.373922470404,40.6027120331044,12.0443855220384
2020-10-29,73773,908,70008,793,3765,115,80625,834,871713,6502,952338,7336,11,832,40,3744,950,12,"East TN",2455501,258.440130954946,0.120700117571206,298.757768781198,36.9781971174111,12.0700117571206
2020-10-30,74673,900,70815,807,3858,93,81465,840,876569,4856,958034,5696,28,860,39,3783,966,16,"East TN",2455501,255.54866399973,0.123847926267281,231.968954604376,36.6523980238656,12.3847926267281
2020-10-31,74687,14,70829,14,3858,0,81481,16,876590,21,958071,37,5,865,0,3783,977,11,"East TN",2455501,205.742127573966,0.127786572548205,1.50682080764781,0.570148413704576,12.7786572548205
2020-11-01,75194,507,71219,390,3975,117,81951,470,883153,6563,965104,7033,0,865,27,3810,993,16,"East TN",2455501,188.556225389442,0.118627879052505,286.418128113163,20.6475175534443,11.8627879052505
2020-11-02,76004,810,71961,742,4043,68,82726,775,887381,4228,970107,5003,11,876,38,3848,1007,14,"East TN",2455501,202.72848595867,0.121899214727755,203.746608126,32.987158221479,12.1899214727755
2020-11-03,77044,1040,72921,960,4123,80,83802,1076,894243,6862,978045,7938,31,907,29,3877,1020,13,"East TN",2455501,210.79201352392,0.120813019961677,323.274150570495,42.3538821609114,12.0813019961677
2020-11-04,77955,911,73733,812,4222,99,84649,847,899128,4885,983777,5732,6,913,35,3912,1044,24,"East TN",2455501,207.289673268307,0.12528691166989,233.435050525331,37.1003717774906,12.528691166989
2020-11-05,78533,578,74217,484,4316,94,85150,501,901789,2661,986939,3162,17,930,27,3939,1058,14,"East TN",2455501,193.850460659556,0.130776567151238,128.772091723848,23.5389845086603,13.0776567151238
2020-11-06,79499,966,75066,849,4433,117,86077,927,908196,6407,994273,7334,10,940,37,3976,1082,24,"East TN",2455501,196.538303181306,0.127266204917354,298.676319007811,39.3402405456157,12.7266204917354
2020-11-07,80826,1327,76307,1241,4519,86,87496,1419,919116,10920,1006612,12339,21,961,52,4028,1092,10,"East TN",2455501,250.010079409457,0.123915864938918,502.504376907197,54.0419246418552,12.3915864938918
2020-11-08,82383,1557,77746,1439,4637,118,89163,1667,932015,12899,1021178,14566,3,964,52,4080,1109,17,"East TN",2455501,292.7712104373,0.128615757748689,593.198699572918,63.4086485812875,12.8615757748689
2020-11-09,83002,619,78285,539,4717,80,89743,580,935467,3452,1025210,4032,9,973,19,4099,1120,11,"East TN",2455501,284.992757078902,0.127343338838176,164.202743146918,25.2087048630809,12.7343338838176
2020-11-10,83941,939,79135,850,4806,89,90666,923,940468,5001,1031134,5924,27,1000,44,4143,1138,18,"East TN",2455501,280.87954352289,0.12929232044303,241.254228770422,38.2406686048998,12.929232044303
2020-11-11,85245,1304,80235,1100,5010,204,91835,1169,947015,6547,1038850,7716,26,1026,59,4202,1152,14,"East TN",2455501,296.884423993311,0.130481361102537,314.233225724608,53.1052522479119,13.0481361102537
2020-11-12,86082,837,80940,705,5142,132,92599,764,951228,4213,1043827,4977,15,1041,34,4236,1170,18,"East TN",2455501,307.432169646846,0.130941499085923,202.687761071977,34.086730162195,13.0941499085923
2020-11-13,87540,1458,82227,1287,5313,171,93898,1299,957087,5859,1050985,7158,27,1068,47,4283,1186,16,"East TN",2455501,327.468813899893,0.137907321201862,291.508738949811,59.3768847986623,13.7907321201862
2020-11-14,89015,1475,83618,1391,5397,84,95433,1535,965982,8895,1061415,10430,7,1075,52,4335,1215,29,"East TN",2455501,333.496097130484,0.144827837892086,424.760568209909,60.0692078724464,14.4827837892086
2020-11-15,90967,1952,85351,1733,5616,219,97393,1960,977151,11169,1074544,13129,7,1082,56,4391,1232,17,"East TN",2455501,349.582427374291,0.154218041449612,534.677037394813,79.4949788250952,15.4218041449612
2020-11-16,92492,1525,86750,1399,5742,126,98930,1537,984770,7619,1083700,9156,10,1092,41,4432,1251,19,"East TN",2455501,386.479174718316,0.157069584544367,372.877062562793,62.1054522071056,15.7069584544367
2020-11-17,93704,1212,87869,1119,5835,93,100151,1221,989913,5143,1090064,6364,31,1123,46,4478,1278,27,"East TN",2455501,397.597068785555,0.160953673850331,259.173178915423,49.358562672139,16.0953673850331
2020-11-18,94902,1198,88825,956,6077,242,101184,1033,995057,5144,1096241,6177,14,1137,53,4531,1293,15,"East TN",2455501,393.280230796078,0.162900106288442,251.557625103798,48.7884142584344,16.2900106288442
2020-11-19,95982,1080,89706,881,6276,199,102043,859,999718,4661,1101761,5520,45,1182,52,4583,1313,20,"East TN",2455501,403.176378262522,0.163013083854041,224.801374546376,43.9828776286387,16.3013083854041
2020-11-20,97108,1126,90669,963,6439,163,103066,1023,1004617,4899,1107683,5922,28,1210,36,4619,1339,26,"East TN",2455501,389.655715880384,0.161698825355392,241.172778997036,45.8562224165252,16.1698825355392
2020-11-21,98326,1218,91733,1064,6593,154,104165,1099,1011023,6406,1115188,7505,3,1213,47,4666,1363,24,"East TN",2455501,379.189420000236,0.162386327710933,305.640274632346,49.6029119922981,16.2386327710933
2020-11-22,99912,1586,93162,1429,6750,157,105831,1666,1020624,9601,1126455,11267,17,1230,57,4723,1390,27,"East TN",2455501,364.284111470531,0.162547436959411,458.847298372104,64.5896702953898,16.2547436959411
2020-11-23,100803,891,93920,758,6883,133,106533,702,1023740,3116,1130273,3818,18,1248,35,4758,1417,27,"East TN",2455501,338.464533307052,0.163249092822021,155.487617394577,36.2858740436269,16.3249092822021
2020-11-24,101714,911,94655,735,7059,176,107238,705,1026767,3027,1134005,3732,13,1261,57,4815,1445,28,"East TN",2455501,326.206342412404,0.161284449602877,151.985277138963,37.1003717774906,16.1284449602877
2020-11-25,102620,906,95341,686,7279,220,107783,545,1029075,2308,1136858,2853,38,1299,56,4871,1470,25,"East TN",2455501,314.314675497994,0.162468916955954,116.188101735654,36.8967473440247,16.2468916955954
2020-11-26,104085,1465,96728,1387,7357,78,109452,1669,1037440,8365,1146892,10034,18,1317,25,4896,1489,19,"East TN",2455501,329.99375687487,0.164166537413308,408.633513079408,59.6619590055146,16.4166537413308
2020-11-27,105788,1703,98294,1566,7494,137,111201,1749,1044979,7539,1156180,9288,5,1322,50,4946,1517,28,"East TN",2455501,353.492016496837,0.167742334577397,378.252747606293,69.3544820384923,16.7742334577397
2020-11-28,107412,1624,99674,1380,7738,244,112695,1494,1052509,7530,1165204,9024,2,1324,45,4991,1545,28,"East TN",2455501,370.02632049427,0.170545425463852,367.501377519292,66.1372159897308,17.0545425463852
2020-11-29,109699,2287,101794,2120,7905,167,115020,2325,1063204,10695,1178224,13020,4,1328,51,5042,1570,25,"East TN",2455501,398.574466066192,0.177500048291449,530.238024745256,93.1378158673118,17.7500048291449
2020-11-30,111933,2234,103799,2005,8134,229,117240,2220,1072654,9450,1189894,11670,15,1343,53,5095,1601,31,"East TN",2455501,453.267988895138,0.179584374633099,475.259427709457,90.979396872573,17.9584374633099
2020-12-01,114194,2261,105805,2006,8389,255,119378,2138,1081489,8835,1200867,10973,20,1363,63,5158,1629,28,"East TN",2455501,508.246585930936,0.181568005743173,446.874181684308,92.078968813289,18.1568005743172
2020-12-02,115251,1057,106718,913,8533,144,120254,876,1084397,2908,1204651,3784,15,1378,42,5200,1662,33,"East TN",2455501,514.396043821607,0.183957045712684,154.102971247008,43.0462052346955,18.3957045712684
2020-12-03,117059,1808,108287,1569,8772,239,121976,1722,1090388,5991,1212364,7713,33,1411,45,5245,1683,21,"East TN",2455501,528.364679957369,0.191287878787879,314.111051064528,73.6305951412767,19.1287878787879
2020-12-04,118788,1729,109675,1388,9113,341,123434,1458,1095908,5520,1219342,6978,37,1448,36,5281,1718,35,"East TN",2455501,529.423527011392,0.193676577689117,284.178259345038,70.4133290925151,19.3676577689117
2020-12-05,119921,1133,110584,909,9337,224,124363,929,1098972,3064,1223335,3993,5,1453,24,5305,1744,26,"East TN",2455501,509.427607645039,0.200719065558824,162.614472565884,46.1412966233775,20.0719065558824
2020-12-06,121390,1469,111847,1263,9543,206,125604,1241,1103464,4492,1229068,5733,20,1473,40,5345,1780,36,"East TN",2455501,476.114650330014,0.20816615529856,233.475775412024,59.8248585522873,20.816615529856
2020-12-07,124113,2723,114252,2405,9861,318,128175,2571,1113010,9546,1241185,12117,31,1504,51,5396,1802,22,"East TN",2455501,496.029119922981,0.2131952974206,493.46345206131,110.89386646554,21.31952974206
2020-12-08,126877,2764,116615,2363,10262,401,130706,2531,1121369,8359,1252075,10890,45,1549,71,5467,1826,24,"East TN",2455501,516.513737929653,0.221215435088267,443.494016088774,112.563586819961,22.1215435088267
2020-12-09,129521,2644,118998,2383,10523,261,133283,2577,1128467,7098,1261750,9675,21,1570,56,5523,1849,23,"East TN",2455501,581.144133111736,0.228182630168654,394.013278756555,107.676600416778,22.8182630168654
2020-12-10,132596,3075,121680,2682,10916,393,136233,2950,1139936,11469,1276169,14419,30,1600,74,5597,1886,37,"East TN",2455501,632.742564552,0.223446438366899,587.21214122902,125.229026581541,22.3446438366899
2020-12-11,134580,1984,123428,1748,11152,236,138023,1790,1147107,7171,1285130,8961,35,1635,50,5647,1911,25,"East TN",2455501,643.127410658762,0.221757767373989,364.935709657622,80.7981751992771,22.1757767373989
2020-12-12,137841,3261,126155,2727,11686,534,140997,2974,1158339,11232,1299336,14206,21,1656,73,5720,1936,25,"East TN",2455501,729.789969541857,0.218865541242878,578.537740363372,132.803855506473,21.8865541242878
2020-12-13,142131,4290,130014,3859,12117,431,145361,4364,1175619,17280,1320980,21644,15,1671,62,5782,1970,34,"East TN",2455501,844.674874903329,0.214955609713639,881.449447587274,174.709763913759,21.4955609713639
2020-12-14,144990,2859,132471,2457,12519,402,148034,2673,1184897,9278,1332931,11951,37,1708,72,5854,2004,34,"East TN",2455501,850.213459493602,0.216456303272077,486.703120870242,116.432451055813,21.6456303272077
2020-12-15,149116,4126,136011,3540,13105,586,151897,3863,1199918,15021,1351815,18884,34,1742,94,5948,2035,31,"East TN",2455501,905.680755169719,0.212462402245839,769.048760314087,168.030882496077,21.2462402245839
2020-12-16,152334,3218,138268,2257,14066,961,154283,2386,1207814,7896,1362097,10282,19,1761,60,6008,2077,42,"East TN",2455501,929.056840131607,0.209273819845137,418.733284979318,131.052685378666,20.9273819845137
2020-12-17,156401,4067,141640,3372,14761,695,157890,3607,1218513,10699,1376403,14306,58,1819,75,6083,2116,39,"East TN",2455501,969.455927731245,0.216064409282279,582.61022903269,165.628114181179,21.6064409282279
2020-12-18,159608,3207,144376,2736,15232,471,160769,2879,1227202,8689,1387971,11568,43,1862,62,6145,2146,30,"East TN",2455501,1019.26246415701,0.221176379070604,471.105489266752,130.604711625041,22.1176379070604
2020-12-19,162248,2640,146618,2242,15630,398,163237,2468,1235565,8363,1398802,10831,27,1889,41,6186,2183,37,"East TN",2455501,993.972309520542,0.223593991916836,441.091247773876,107.513700870006,22.3593991916836
2020-12-20,165878,3630,149583,2965,16295,665,166553,3316,1249508,13943,1416061,17259,16,1905,55,6241,2217,34,"East TN",2455501,967.09388430304,0.222883646575026,702.870819437663,147.831338696258,22.2883646575026
2020-12-21,168191,2313,151325,1742,16866,571,168456,1903,1256420,6912,1424876,8815,14,1919,35,6276,2252,35,"East TN",2455501,944.858096168562,0.222111044646256,358.989876200417,94.1966629213346,22.2111044646256
2020-12-22,170845,2654,153026,1701,17819,953,170255,1799,1261473,5053,1431728,6852,62,1981,60,6336,2297,45,"East TN",2455501,884.911062956195,0.229724825748001,279.046923621697,108.08384928371,22.9724825748001
2020-12-23,173063,2218,154472,1446,18591,772,171795,1540,1267250,5777,1439045,7317,41,2022,35,6371,2337,40,"East TN",2455501,844.186176263011,0.227582263346676,297.983995934027,90.3277986854821,22.7582263346676
2020-12-24,175155,2092,155930,1458,19225,634,173393,1598,1273539,6289,1446932,7887,15,2037,30,6401,2375,38,"East TN",2455501,763.754525043973,0.219810290802365,321.197181349142,85.1964629621409,21.9810290802365
2020-12-25,177521,2366,157909,1979,19612,387,175559,2166,1282086,8547,1457645,10713,3,2040,27,6428,2411,36,"East TN",2455501,729.504895335005,0.212274306053908,436.28571114408,96.3550819160733,21.2274306053908
2020-12-26,179460,1939,159376,1467,20084,472,177171,1612,1287739,5653,1464910,7265,2,2042,43,6471,2449,38,"East TN",2455501,700.956749763083,0.210776305439584,295.866301825982,78.9655552980838,21.0776305439584
2020-12-27,180756,1296,160286,910,20470,386,178161,990,1290532,2793,1468693,3783,27,2069,41,6512,2480,31,"East TN",2455501,605.904864221191,0.220550235598115,154.062246360315,52.7794531543665,22.0550235598115
2020-12-28,182152,1396,161264,978,20888,418,179181,1020,1292351,1819,1471532,2839,25,2094,42,6554,2517,37,"East TN",2455501,568.560143123542,0.229873971193416,115.617953321949,56.8519418236849,22.9873971193416
2020-12-29,185057,2905,162990,1726,22067,1179,180959,1778,1296438,4087,1477397,5865,50,2144,64,6618,2559,42,"East TN",2455501,578.782089683531,0.234382184851869,238.851460455524,118.3057958437,23.4382184851869
2020-12-30,187385,2328,164606,1616,22779,712,182636,1677,1300917,4479,1483553,6156,40,2184,44,6662,2597,38,"East TN",2455501,583.261827219781,0.243574188909859,250.702402483241,94.8075362217323,24.3574188909859
2020-12-31,190830,3445,167286,2680,23544,765,185531,2895,1308040,7123,1493571,10018,52,2236,30,6692,2640,43,"East TN",2455501,638.362598915659,0.26025429361693,407.981914892317,140.297234658019,26.025429361693
2021-01-01,193070,2240,169003,1717,24067,523,187388,1857,1314241,6201,1501629,8058,24,2260,30,6722,2680,40,"East TN",2455501,633.231263192318,0.26893870498363,328.161136973677,91.2237461927322,26.893870498363
2021-01-02,195795,2725,171115,2112,24680,613,189639,2251,1320800,6559,1510439,8810,4,2264,63,6785,2716,36,"East TN",2455501,665.241024133161,0.273847437896725,358.786251766951,110.975316238926,27.3847437896725
2021-01-03,197110,1315,172020,905,25090,410,190576,937,1324172,3372,1514748,4309,15,2279,26,6811,2760,44,"East TN",2455501,666.014796980331,0.269568993594615,175.48353676093,53.553226001537,26.9568993594615
2021-01-04,198668,1558,173147,1127,25521,431,191756,1180,1326537,2365,1518293,3545,46,2325,34,6845,2810,50,"East TN",2455501,672.612228624627,0.268920681764718,144.369723327337,63.4493734679807,26.8920681764718
2021-01-05,201571,2903,174886,1739,26685,1164,193582,1826,1331803,5266,1525385,7092,43,2368,60,6905,2854,44,"East TN",2455501,672.530778851241,0.263044927898641,288.820896428061,118.224346070313,26.3044927898641
2021-01-06,204118,2547,176683,1797,27435,750,195486,1904,1337387,5584,1532873,7488,52,2420,63,6968,2897,43,"East TN",2455501,681.449529037048,0.260543390105434,304.947951558562,103.72628640754,26.0543390105434
2021-01-07,206627,2509,178819,2136,27808,373,197806,2320,1344495,7108,1542301,9428,33,2453,45,7013,2929,32,"East TN",2455501,643.331035092228,0.251898214652165,383.954231743339,102.178740713199,25.1898214652165
2021-01-08,208977,2350,180679,1860,28298,490,199796,1990,1351837,7342,1551633,9332,50,2503,47,7060,2984,55,"East TN",2455501,647.810772628478,0.248140148788097,380.044642620793,95.7034837289824,24.8140148788097
2021-01-09,211553,2576,182681,2002,28872,574,201975,2179,1360027,8190,1562002,10369,27,2530,32,7092,3012,28,"East TN",2455501,641.742764511193,0.23924131644784,422.276350121625,104.907308121642,23.9241316447841
2021-01-10,213219,1666,183814,1133,29405,533,203226,1251,1365831,5804,1569057,7055,36,2566,41,7133,3052,40,"East TN",2455501,656.037199740501,0.232926402622033,287.314075620413,67.8476612308445,23.2926402622033
2021-01-11,214642,1423,184826,1012,29816,411,204323,1097,1369102,3271,1573425,4368,28,2594,40,7173,3092,40,"East TN",2455501,650.539340036921,0.227943843865632,177.886305075828,57.9515137644008,22.7943843865632
2021-01-12,216461,1819,185963,1137,30498,682,205515,1192,1373303,4201,1578818,5393,60,2654,39,7212,3131,39,"East TN",2455501,606.39356286151,0.223326408773604,219.629313936341,74.0785688949017,22.3326408773604
2021-01-13,217989,1528,187040,1077,30949,451,206652,1137,1378040,4737,1584692,5874,49,2703,33,7245,3158,27,"East TN",2455501,564.894903321155,0.215480808197765,239.217984435763,62.2276268671852,21.5480808197765
2021-01-14,220240,2251,188822,1782,31418,469,208616,1964,1386563,8523,1595179,10487,38,2741,50,7295,3200,42,"East TN",2455501,554.387882554314,0.204432845417754,427.081886751421,91.6717199463572,20.4432845417754
2021-01-15,221203,963,189492,670,31711,293,209311,695,1389622,3059,1598933,3754,23,2764,30,7325,3241,41,"East TN",2455501,497.902464710868,0.201162790697674,152.881224646213,39.2180658855362,20.1162790697674
2021-01-16,223634,2431,191241,1749,32393,682,211314,2003,1400509,10887,1611823,12890,13,2777,54,7379,3284,43,"East TN",2455501,491.997356140356,0.187451074847956,524.943789475142,99.0021995511303,18.7451074847956
2021-01-17,224491,857,191848,607,32643,250,211985,671,1404128,3619,1616113,4290,13,2790,24,7403,3318,34,"East TN",2455501,459.05092280557,0.186139918395104,174.709763913759,34.9012278960587,18.6139918395104
2021-01-18,225058,567,192170,322,32888,245,212340,355,1406211,2083,1618551,2438,13,2803,21,7424,3349,31,"East TN",2455501,424.190419796205,0.177658112839605,99.2872737579826,23.0910107550353,17.7658112839605
2021-01-19,226741,1683,193146,976,33595,707,213404,1064,1410418,4207,1623822,5271,21,2824,53,7477,3388,39,"East TN",2455501,418.651835205931,0.175295529286286,214.660877759773,68.5399843046287,17.5295529286286
2021-01-20,227725,984,193803,657,33922,327,214099,695,1414414,3996,1628513,4691,32,2856,29,7506,3428,40,"East TN",2455501,396.497496844839,0.169941352319664,191.040443477726,40.073288506093,16.9941352319664
2021-01-21,229287,1562,194941,1138,34346,424,215375,1276,1421347,6933,1636722,8209,65,2921,37,7543,3474,46,"East TN",2455501,368.438049913236,0.162698890306429,334.310594864347,63.6122730147534,16.2698890306429
2021-01-22,230275,988,195647,706,34628,282,216191,816,1426787,5440,1642978,6256,32,2953,31,7574,3506,32,"East TN",2455501,369.456172080565,0.156203882393007,254.774891152559,40.2361880528658,15.6203882393007
2021-01-23,231707,1432,196616,969,35091,463,217292,1101,1435068,8281,1652360,9382,19,2972,41,7615,3531,25,"East TN",2455501,328.772010274074,0.147470212398549,382.080886955452,58.3180377446395,14.7470212398549
2021-01-24,232330,623,197105,489,35225,134,217834,542,1438442,3374,1656276,3916,19,2991,20,7635,3559,28,"East TN",2455501,319.242386787869,0.145631551427931,159.478656290509,25.3716044098536,14.5631551427931
2021-01-25,233069,739,197615,510,35454,229,218383,549,1440199,1757,1658582,2306,44,3035,20,7655,3590,31,"East TN",2455501,326.247067299097,0.150958007544153,93.9115887144823,30.095691266263,15.0958007544153
2021-01-26,234102,1033,198345,730,35757,303,219166,783,1444665,4466,1663831,5249,63,3098,26,7681,3613,23,"East TN",2455501,299.775890948527,0.144017596040891,213.764930252523,42.0688079540591,14.4017596040891
2021-01-27,235056,954,199050,705,36006,249,219921,755,1449187,4522,1669108,5277,55,3153,28,7709,3636,23,"East TN",2455501,298.554144347732,0.143416676930656,214.905227079932,38.8515419052975,14.3416676930656
2021-01-28,236387,1331,199767,717,36620,614,220719,798,1453618,4431,1674337,5229,46,3199,29,7738,3663,27,"East TN",2455501,289.146695521606,0.142070982320883,212.950432518659,54.2048241886279,14.2070982320883
2021-01-29,236982,595,200119,352,36863,243,221116,397,1456283,2665,1677399,3062,17,3216,17,7755,3684,21,"East TN",2455501,273.141815051185,0.143081258534034,124.699603054529,24.2313075824445,14.3081258534034
2021-01-30,238136,1154,201085,966,37051,188,222212,1096,1465333,9050,1687545,10146,44,3260,29,7784,3704,20,"East TN",2455501,261.82029655048,0.139832314906921,413.194700389045,46.9965192439343,13.9832314906921
2021-01-31,238815,679,201525,440,37290,239,222703,491,1469258,3925,1691961,4416,29,3289,30,7814,3723,19,"East TN",2455501,264.100890205298,0.136443883984868,179.841099637101,27.6521980646719,13.6443883984868
2021-02-01,239508,693,201933,408,37575,285,223145,442,1470954,1696,1694099,2138,39,3328,10,7824,3750,27,"East TN",2455501,262.227545417412,0.134076639355801,87.0698077500274,28.2223464783765,13.4076639355801
2021-02-02,240046,538,202281,348,37765,190,223507,362,1472012,1058,1695519,1420,57,3385,13,7837,3766,16,"East TN",2455501,242.068726504286,0.136991921232012,57.8293391043213,21.909989040933,13.6991921232012
2021-02-03,241158,1112,203040,759,38118,353,224333,826,1478018,6006,1702351,6832,46,3431,39,7876,3779,13,"East TN",2455501,248.503258601809,0.132719670306531,278.232425887833,45.2860740028206,13.2719670306531
2021-02-04,242255,1097,203822,782,38433,315,225197,864,1485732,7714,1710929,8578,58,3489,36,7912,3798,19,"East TN",2455501,238.973635115604,0.122376475732401,349.338078054132,44.6752007024228,12.2376475732401
2021-02-05,243073,818,204381,559,38692,259,225801,604,1489538,3806,1715339,4410,67,3556,28,7940,3812,14,"East TN",2455501,248.055284848184,0.123484449130206,179.596750316941,33.3129573150245,12.3484449130206
2021-02-06,244301,1228,205198,817,39103,411,226765,964,1498188,8650,1724953,9614,27,3583,22,7962,3841,29,"East TN",2455501,251.068926463479,0.121711933276305,391.529060668271,50.0101608592299,12.1711933276305
2021-02-07,244818,517,205551,353,39267,164,227171,406,1501272,3084,1728443,3490,2,3585,10,7972,3858,17,"East TN",2455501,244.471494819184,0.122471355737076,142.129854559212,21.0547664203761,12.2471355737076
2021-02-08,245329,511,205849,298,39480,213,227490,319,1502635,1363,1730125,1682,32,3617,9,7981,3874,16,"East TN",2455501,237.059565441024,0.120607339143952,68.4992594179355,20.810417100217,12.0607339143952
2021-02-09,246358,1029,206483,634,39875,395,228157,667,1506866,4231,1735023,4898,16,3633,38,8019,3885,11,"East TN",2455501,257.055484807377,0.117709599027947,199.470495023215,41.9059084072863,11.7709599027947
2021-02-10,247206,848,207065,582,40141,266,228793,636,1512853,5987,1741646,6623,39,3672,30,8049,3898,13,"East TN",2455501,246.304114720377,0.113500445349281,269.720924568958,34.53470391582,11.3500445349281
2021-02-11,248074,868,207649,584,40425,284,229443,650,1518426,5573,1747869,6223,37,3709,31,8080,3916,18,"East TN",2455501,236.978115667638,0.114943151055766,253.430969891684,35.3492016496837,11.4943151055766
2021-02-12,248908,834,208244,595,40664,239,230092,649,1523937,5511,1754029,6160,34,3743,12,8092,3925,9,"East TN",2455501,237.629713854729,0.110907211165676,250.865302030013,33.9645555021155,11.0907211165676
2021-02-13,249501,593,208616,372,40885,221,230527,435,1528363,4426,1758890,4861,12,3755,16,8108,3937,12,"East TN",2455501,211.769410804557,0.110852461914724,197.963674215567,24.1498578090581,11.0852461914724
2021-02-14,250041,540,209030,414,41011,126,230979,452,1531331,2968,1762310,3420,15,3770,15,8123,3950,13,"East TN",2455501,212.7060831985,0.112439838190569,139.279112490689,21.9914388143194,11.2439838190569
2021-02-15,250421,380,209242,212,41179,168,231208,229,1532655,1324,1763863,1553,5,3775,10,8133,3961,11,"East TN",2455501,207.371123041693,0.110202145948189,63.2457490345148,15.4754569434099,11.0202145948189
2021-02-16,251186,765,209669,427,41517,338,231682,474,1536064,3409,1767746,3883,8,3783,26,8159,3971,10,"East TN",2455501,196.619752954692,0.107722397090731,158.134735029633,31.1545383202858,10.7722397090731
2021-02-17,251807,621,210088,419,41719,202,232133,451,1539319,3255,1771452,3706,11,3794,11,8170,3988,17,"East TN",2455501,187.37520367534,0.112057974904382,150.92643008494,25.2901546364673,11.2057974904382
2021-02-18,252600,793,210638,550,41962,243,232738,605,1545039,5720,1777777,6325,42,3836,19,8189,4005,17,"East TN",2455501,184.320837173351,0.110171191654407,257.584908334389,32.2948351476949,11.0171191654407
2021-02-19,253076,476,210939,301,42137,175,233083,345,1547747,2708,1780830,3053,5,3841,11,8200,4014,9,"East TN",2455501,169.741327737191,0.111600313421141,124.333079074291,19.3850460659556,11.1600313421141
2021-02-20,253699,623,211388,449,42311,174,233589,506,1552974,5227,1786563,5733,18,3859,18,8218,4024,10,"East TN",2455501,170.963074337986,0.110649369421458,233.475775412024,25.3716044098536,11.0649369421458
2021-02-21,254048,349,211616,228,42432,121,233852,263,1555108,2134,1788960,2397,7,3866,12,8230,4042,18,"East TN",2455501,163.184620979588,0.10780487804878,97.617553403562,14.2129854559212,10.780487804878
2021-02-22,254406,358,211812,196,42594,162,234079,227,1556489,1381,1790568,1608,7,3873,22,8252,4058,16,"East TN",2455501,162.288673472338,0.107507957311365,65.4856178026399,14.5795094361599,10.7507957311365
2021-02-23,255049,643,212161,349,42888,294,234447,368,1559436,2947,1793883,3315,26,3899,27,8279,4065,7,"East TN",2455501,157.32023729577,0.10578872862226,135.002999387905,26.1861021437173,10.578872862226
2021-02-24,255790,741,212711,550,43079,191,235057,610,1565636,6200,1800693,6810,19,3918,23,8302,4072,7,"East TN",2455501,162.207223698952,0.0999965801443179,277.336478380583,30.1771410396493,9.99965801443179
2021-02-25,256425,635,213156,445,43269,190,235553,496,1570405,4769,1805958,5265,21,3939,16,8318,4081,9,"East TN",2455501,155.772691601429,0.0998899968063589,214.416528439614,25.8603030501718,9.98899968063589
2021-02-26,256886,461,213479,323,43407,138,235922,369,1573527,3122,1809449,3491,14,3953,11,8329,4086,5,"East TN",2455501,155.161818301031,0.099199832279255,142.170579445905,18.7741727655578,9.9199832279255
2021-02-27,257326,440,213706,227,43620,213,236197,275,1577621,4094,1813818,4369,7,3960,16,8345,4095,9,"East TN",2455501,147.709164036178,0.0956888644285452,177.927029962521,17.918950145001,9.56888644285452
2021-02-28,257692,366,213980,274,43712,92,236510,313,1580180,2559,1816690,2872,5,3965,11,8356,4104,9,"East TN",2455501,148.401487109962,0.0958528669311215,116.961874582824,14.9053085297053,9.58528669311215
2021-03-01,257936,244,214129,149,43807,95,236666,156,1580959,779,1817625,935,4,3969,11,8367,4113,9,"East TN",2455501,143.75885002694,0.0956129652215693,38.077769058127,9.9368723531369,9.56129652215693
2021-03-02,258556,620,214519,390,44037,230,237113,447,1584415,3456,1821528,3903,7,3976,24,8391,4123,10,"East TN",2455501,142.822177632996,0.0964369687104359,158.949232763497,25.2494297497741,9.64369687104359
2021-03-03,259038,482,214821,302,44217,180,237468,355,1588588,4173,1826056,4528,7,3983,17,8408,4126,3,"East TN",2455501,132.274431979462,0.0950597326814651,184.402286946737,19.6293953861147,9.50597326814651
2021-03-04,259647,609,215236,415,44411,194,237940,472,1593410,4822,1831350,5294,18,4001,21,8429,4131,5,"East TN",2455501,131.215584925439,0.0940059861373661,215.597550153716,24.8014559961491,9.40059861373661
2021-03-05,260118,471,215547,311,44571,160,238294,354,1597090,3680,1835384,4034,15,4016,16,8445,4136,5,"East TN",2455501,131.622833792371,0.0914594177752072,164.284192920304,19.1814216324897,9.14594177752072
2021-03-06,260581,463,215870,323,44711,140,238666,372,1601366,4276,1840032,4648,1,4017,10,8455,4142,6,"East TN",2455501,132.559506186314,0.0941863126573587,189.289273349919,18.8556225389442,9.41863126573587
2021-03-07,260836,255,216034,164,44802,91,238850,184,1603096,1730,1841946,1914,1,4018,4,8459,4146,4,"East TN",2455501,128.039043763371,0.0926512511878366,77.9474331307542,10.3848461067619,9.26512511878366
2021-03-08,261293,457,216327,293,44966,164,239162,312,1604677,1581,1843839,1893,3,4021,9,8468,4154,8,"East TN",2455501,136.713444629019,0.0952162966353857,77.0922105101973,18.6112732187851,9.52162966353857
2021-03-09,261831,538,216608,281,45223,257,239480,318,1607253,2576,1846733,2894,6,4027,21,8489,4166,12,"East TN",2455501,133.374003920178,0.093909938504265,117.857822090074,21.909989040933,9.3909938504265
2021-03-10,262481,650,217072,464,45409,186,239986,506,1612724,5471,1852710,5977,7,4034,28,8517,4176,10,"East TN",2455501,140.215784884633,0.0944698731897651,243.412647765161,26.4711763505696,9.44698731897651
2021-03-11,263012,531,217410,338,45602,193,240351,365,1616062,3338,1856413,3703,5,4039,9,8526,4184,8,"East TN",2455501,137.039243722564,0.0961975820931253,150.80425542486,21.6249148340807,9.61975820931253
2021-03-12,263474,462,217777,367,45697,95,240767,416,1619408,3346,1860175,3762,5,4044,12,8538,4192,8,"East TN",2455501,136.672719742325,0.0997539429631721,153.207023739758,18.814897652251,9.97539429631721
2021-03-13,263920,446,217992,215,45928,231,241046,279,1623047,3639,1864093,3918,2,4046,21,8559,4198,6,"East TN",2455501,135.980396668541,0.0989152570549852,159.560106063895,18.1632994651601,9.89152570549853
2021-03-14,264182,262,218168,176,46014,86,241257,211,1624890,1843,1866147,2054,0,4046,10,8569,4204,6,"East TN",2455501,136.265470875394,0.0994587000537168,83.6489172677999,10.6699203136142,9.94587000537168
2021-03-15,264538,356,218353,185,46185,171,241472,215,1626085,1195,1867557,1410,4,4050,15,8584,4208,4,"East TN",2455501,132.152257319382,0.0973943840121427,57.4220902373894,14.4980596627735,9.73943840121427
2021-03-16,265237,699,218804,451,46433,248,241968,496,1629351,3266,1871319,3762,4,4054,36,8620,4209,1,"East TN",2455501,138.708964076985,0.101195802489222,153.207023739758,28.4666957985356,10.1195802489222
2021-03-17,265663,426,219137,333,46526,93,242332,364,1633075,3724,1875407,4088,1,4055,16,8636,4218,9,"East TN",2455501,129.586589457711,0.103361677754769,166.483336801736,17.3488017312964,10.3361677754769
2021-03-18,266213,550,219486,349,46727,201,242717,385,1636366,3291,1879083,3676,6,4061,31,8667,4225,7,"East TN",2455501,130.360362304882,0.104367004852228,149.704683484144,22.3986876812512,10.4367004852228
2021-03-19,267005,792,220016,530,46989,262,243280,563,1641410,5044,1884690,5607,15,4076,25,8692,4231,6,"East TN",2455501,143.799574913633,0.10250866816235,228.344439688683,32.2541102610017,10.250866816235
2021-03-20,267277,272,220181,165,47096,107,243474,194,1643530,2120,1887004,2314,1,4077,15,8707,4233,2,"East TN",2455501,136.713444629019,0.105975295709485,94.2373878080278,11.077169180546,10.5975295709485
2021-03-21,267558,281,220378,197,47180,84,243699,225,1645329,1799,1889028,2024,-15,4062,8,8715,4240,7,"East TN",2455501,137.487217476189,0.106726104628294,82.4271706670044,11.4436931607847,10.6726104628294
2021-03-22,268084,526,220719,341,47365,185,244055,356,1647418,2089,1891473,2445,14,4076,19,8734,4247,7,"East TN",2455501,144.41044821403,0.108003010536879,99.5723479648349,21.4212904006148,10.8003010536879
2021-03-23,268522,438,220968,249,47554,189,244320,265,1649873,2455,1894193,2720,11,4087,17,8751,4253,6,"East TN",2455501,133.781252787109,0.102824167176707,110.77169180546,17.8375003716146,10.2824167176707
2021-03-24,269120,598,221427,459,47693,139,244813,493,1654571,4698,1899384,5191,4,4091,26,8777,4259,6,"East TN",2455501,140.785933298337,0.103474162739292,211.402886824318,24.353482242524,10.3474162739292
2021-03-25,269520,400,221734,307,47786,93,245146,333,1657539,2968,1902685,3301,8,4099,23,8800,4263,4,"East TN",2455501,134.677200294359,0.102915007202779,134.4328509742,16.2899546772736,10.2915007202779
2021-03-26,269930,410,222057,323,47873,87,245491,345,1660171,2632,1905662,2977,7,4106,14,8814,4273,10,"East TN",2455501,119.120293577563,0.105426282662598,121.237987685609,16.6972035442054,10.5426282662598
2021-03-27,270134,204,222238,181,47896,23,245701,210,1662683,2512,1908384,2722,2,4108,13,8827,4284,11,"East TN",2455501,116.351001282427,0.104162768942937,110.853141578847,8.30787688540954,10.4162768942937
2021-03-28,270450,316,222457,219,47993,97,245946,245,1664756,2073,1910702,2318,5,4113,17,8844,4290,6,"East TN",2455501,117.776372316688,0.103672603118944,94.4002873548005,12.8690641950461,10.3672603118944
2021-03-29,270890,440,222695,238,48195,202,246199,253,1666611,1855,1912810,2108,18,4131,18,8862,4295,5,"East TN",2455501,114.274032061074,0.100482729530862,85.8480611492319,17.918950145001,10.0482729530862
2021-03-30,271265,375,222953,258,48312,117,246521,322,1669087,2476,1915608,2798,5,4136,20,8882,4301,6,"East TN",2455501,111.708364199404,0.10277842633668,113.948232967529,15.271832509944,10.277842633668
2021-03-31,271926,661,223395,442,48531,219,247009,488,1673904,4817,1920913,5305,4,4140,18,8900,4306,5,"East TN",2455501,114.274032061074,0.102001950856984,216.045523907341,26.9191501041946,10.2001950856984
2021-04-01,272376,450,223718,323,48658,127,247359,350,1676732,2828,1924091,3178,1,4141,18,8918,4314,8,"East TN",2455501,116.310276395733,0.10338222928151,129.423689910939,18.3261990119328,10.338222928151
2021-04-02,272723,347,223949,231,48774,116,247610,251,1679752,3020,1927362,3271,0,4141,12,8930,4319,5,"East TN",2455501,113.744608534063,0.0976497695852535,133.211104373405,14.1315356825348,9.76497695852535
2021-04-03,273065,342,224199,250,48866,92,247884,274,1682104,2352,1929988,2626,0,4141,13,8943,4328,9,"East TN",2455501,119.364642897722,0.101046102573597,106.943552456301,13.9279112490689,10.1046102573597
2021-04-04,273236,171,224322,123,48914,48,248025,141,1683698,1594,1931723,1735,6,4147,8,8951,4332,4,"East TN",2455501,113.459534327211,0.0989010989010989,70.6576784126742,6.96395562453446,9.89010989010989
2021-04-05,273643,407,224557,235,49086,172,248248,223,1684917,1219,1933165,1442,6,4153,40,8991,4338,6,"East TN",2455501,112.115613066336,0.10066322770818,58.7252866115713,16.5750288841259,10.066322770818
2021-04-06,274074,431,224807,250,49267,181,248525,277,1687003,2086,1935528,2363,3,4156,27,9018,4343,5,"East TN",2455501,114.396206721154,0.100602409638554,96.2329072559938,17.5524261647623,10.0602409638554
2021-04-07,274704,630,225269,462,49435,168,249032,507,1691695,4692,1940727,5199,5,4161,24,9042,4347,4,"East TN",2455501,113.133735233665,0.102099525587968,211.728685917864,25.6566786167059,10.2099525587968
2021-04-08,275109,405,225523,254,49586,151,249321,289,1694706,3011,1944027,3300,-1,4160,21,9063,4352,5,"East TN",2455501,111.301115332472,0.0984149277688603,134.392126087507,16.4935791107395,9.84149277688604
2021-04-09,275627,518,225929,406,49698,112,249770,449,1698582,3876,1948352,4325,4,4164,31,9094,4355,3,"East TN",2455501,118.265070957006,0.102906145783707,176.135134948021,21.0954913070693,10.2906145783707
2021-04-10,275932,305,226145,216,49787,89,250018,248,1701363,2781,1951381,3029,1,4165,15,9109,4360,5,"East TN",2455501,116.758250149359,0.0997522554106483,123.355681793654,12.4210904414211,9.97522554106483
2021-04-11,276169,237,226308,163,49861,74,250192,174,1703076,1713,1953268,1887,2,4167,10,9119,4364,4,"East TN",2455501,119.446092671109,0.100580181016477,76.8478611900382,9.65179814628461,10.0580181016477
2021-04-12,276634,465,226631,323,50003,142,250522,330,1704839,1763,1955361,2093,3,4170,16,9135,4373,9,"East TN",2455501,121.808136099313,0.102450892052622,85.2371878488341,18.9370723123306,10.2450892052622
2021-04-13,277012,378,226871,240,50141,138,250772,250,1706896,2057,1957668,2307,3,4173,16,9151,4377,4,"East TN",2455501,119.649717104575,0.101490514905149,93.9523136011755,15.3940071700236,10.1490514905149
2021-04-14,277691,679,227372,501,50319,178,251329,557,1711716,4820,1963045,5377,0,4173,29,9180,4380,3,"East TN",2455501,121.645236552541,0.102921408728381,218.97771574925,27.6521980646719,10.2921408728381
2021-04-15,278233,542,227740,368,50493,174,251709,380,1714861,3145,1966570,3525,2,4175,24,9204,4385,5,"East TN",2455501,127.224546029507,0.10593088763696,143.555225593474,22.0728885877057,10.593088763696
2021-04-16,279207,974,228631,891,50576,83,252815,1106,1722346,7485,1975161,8591,3,4178,32,9236,4388,3,"East TN",2455501,145.795094361599,0.113581260024619,349.867501581144,39.6660396391612,11.3581260024619
2021-04-17,279409,202,228778,147,50631,55,252988,173,1724577,2231,1977565,2404,0,4178,10,9246,4389,1,"East TN",2455501,141.600431032201,0.113428047662695,97.9026276104143,8.22642711202317,11.3428047662695
2021-04-18,279628,219,228966,188,50662,31,253190,202,1726380,1803,1979570,2005,6,4184,8,9254,4398,9,"East TN",2455501,140.867383071723,0.113983727473196,81.6533978198339,8.9187501858073,11.3983727473196
2021-04-19,279956,328,229161,195,50795,133,253400,210,1727829,1449,1981229,1659,8,4192,15,9269,4405,7,"East TN",2455501,135.288073594757,0.111257151693212,67.5625870239923,13.3577628353644,11.1257151693212
2021-04-20,280309,353,229438,277,50871,76,253679,279,1730277,2448,1983956,2727,4,4196,20,9289,4409,4,"East TN",2455501,134.269951427428,0.110582775410834,111.056766012313,14.375885002694,11.0582775410834
2021-04-21,280822,513,229768,330,51054,183,254016,337,1734058,3781,1988074,4118,4,4200,15,9304,4415,6,"East TN",2455501,127.509620236359,0.107355467657517,167.705083402532,20.8918668736034,10.7355467657517
2021-04-22,281463,641,230166,398,51297,243,254463,447,1738310,4252,1992773,4699,3,4203,26,9330,4419,4,"East TN",2455501,131.541384018984,0.105102469182918,191.366242571272,26.1046523703309,10.5102469182918
2021-04-23,281846,383,230443,277,51403,106,254771,308,1741513,3203,1996284,3511,0,4203,11,9341,4424,5,"East TN",2455501,107.472975983313,0.0926004828859537,142.985077179769,15.5976316034895,9.26004828859537
2021-04-24,282106,260,230631,188,51475,72,254980,209,1744511,2998,1999491,3207,0,4203,19,9360,4431,7,"East TN",2455501,109.835019411517,0.0908510444221472,130.604711625041,10.5884705402278,9.08510444221472
2021-04-25,282305,199,230779,148,51526,51,255139,159,1746161,1650,2001300,1809,4,4207,17,9377,4436,5,"East TN",2455501,109.020521677654,0.0896916705016107,73.6713200279699,8.10425245194362,8.96916705016107
2021-04-26,282694,389,231026,247,51668,142,255390,251,1748133,1972,2003523,2223,6,4213,16,9393,4444,8,"East TN",2455501,111.504739765938,0.0892616847582309,90.531423118948,15.8419809236486,8.92616847582309
2021-04-27,283081,387,231228,202,51853,185,255609,219,1750496,2363,2006105,2582,3,4216,25,9418,4450,6,"East TN",2455501,112.889385913506,0.0871371167998555,105.151657441801,15.7605311502622,8.71371167998555
2021-04-28,283567,486,231572,344,51995,142,255990,381,1754624,4128,2010614,4509,6,4222,23,9441,4458,8,"East TN",2455501,111.78981397279,0.0875776397515528,183.628514099567,19.7922949328874,8.75776397515528
2021-04-29,283959,392,231851,279,52108,113,256294,304,1757556,2932,2013850,3236,1,4223,22,9463,4463,5,"East TN",2455501,101.649317186187,0.0868719457228258,131.785733339143,15.9641555837281,8.68719457228258
2021-04-30,284329,370,232079,228,52250,142,256533,239,1760823,3267,2017356,3506,0,4223,18,9481,4468,5,"East TN",2455501,101.119893659176,0.0836180713743356,142.781452746303,15.0682080764781,8.36180713743356
2021-05-01,284564,235,232261,182,52303,53,256721,188,1763314,2491,2020035,2679,-1,4222,15,9496,4469,1,"East TN",2455501,100.101771491846,0.0847449376947041,109.10197145104,9.57034837289824,8.4744937694704
2021-05-02,284739,175,232389,128,52350,47,256854,133,1764791,1477,2021645,1610,1,4223,11,9507,4473,4,"East TN",2455501,99.1243742112099,0.0842958957974932,65.5670675760262,7.1268551713072,8.42958957974932
2021-05-03,284952,213,232504,115,52448,98,256980,126,1766275,1484,2023255,1610,5,4228,17,9524,4477,4,"East TN",2455501,91.9567941532095,0.0805797689033043,65.5670675760262,8.67440086564819,8.05797689033043
2021-05-04,285271,319,232723,219,52548,100,257225,245,1768675,2400,2025900,2645,7,4235,12,9536,4485,8,"East TN",2455501,89.1875018580729,0.0816367769638798,107.717325303472,12.9912388551257,8.16367769638798
2021-05-05,285735,464,233016,293,52719,171,257536,311,1772826,4151,2030362,4462,5,4240,22,9558,4490,5,"East TN",2455501,88.2915543508229,0.0782864087502532,181.714444424987,18.8963474256374,7.82864087502532
2021-05-06,286020,285,233212,196,52808,89,257767,231,1775264,2438,2033031,2669,4,4244,10,9568,4496,6,"East TN",2455501,83.9339914746522,0.0767947447995412,108.694722584108,11.6065927075574,7.67947447995412
2021-05-07,286385,365,233460,248,52925,117,258036,269,1778712,3448,2036748,3717,0,4244,15,9583,4501,5,"East TN",2455501,83.7303670411863,0.0775061881188119,151.374403838565,14.8645836430122,7.75061881188119
2021-05-08,286556,171,233563,103,52993,68,258150,114,1780607,1895,2038757,2009,0,4244,7,9590,4508,7,"East TN",2455501,81.1239742928225,0.0763273154577502,81.8162973666066,6.96395562453446,7.63273154577502
2021-05-09,286702,146,233678,115,53024,31,258282,132,1782318,1711,2040600,1843,3,4247,11,9601,4513,5,"East TN",2455501,79.9429525787202,0.0753363228699552,75.0559661755381,5.94583345720486,7.53363228699552
2021-05-10,286937,235,233814,136,53123,99,258427,145,1783834,1516,2042261,1661,7,4254,22,9623,4516,3,"East TN",2455501,80.8389000859702,0.0761338524676418,67.6440367973786,9.57034837289824,7.61338524676418
2021-05-11,287252,315,234042,228,53210,87,258671,244,1786512,2678,2045183,2922,1,4255,19,9642,4520,4,"East TN",2455501,80.6760005391975,0.0749883316911269,118.998118917484,12.828339308353,7.49883316911269
2021-05-12,287556,304,234259,217,53297,87,258922,251,1790577,4065,2049499,4316,3,4258,16,9658,4522,2,"East TN",2455501,74.1600186682881,0.0724251450070544,175.768610967782,12.3803655547279,7.24251450070544
2021-05-13,287766,210,234396,137,53370,73,259067,145,1793310,2733,2052377,2878,1,4259,9,9667,4527,5,"East TN",2455501,71.1056521662993,0.0671973534580792,117.206223902984,8.55222620556864,6.71973534580792
2021-05-14,288067,301,234615,219,53452,82,259315,248,1795995,2685,2055310,2933,1,4260,21,9688,4532,5,"East TN",2455501,68.4992594179355,0.0689042129080918,119.446092671109,12.2581908946484,6.89042129080918
2021-05-15,288176,109,234697,82,53479,27,259417,102,1797983,1988,2057400,2090,0,4260,6,9694,4536,4,"East TN",2455501,65.9743164429581,0.0679611650485437,85.1150131887546,4.43901264955706,6.79611650485437
2021-05-16,288276,100,234771,74,53505,26,259502,85,1799432,1449,2058934,1534,3,4263,4,9698,4540,4,"East TN",2455501,64.1009716550716,0.0665430347987346,62.4719761873443,4.0724886693184,6.65430347987346
2021-05-17,288474,198,234874,103,53600,95,259612,110,1800999,1567,2060611,1677,6,4269,10,9708,4547,7,"East TN",2455501,62.5941508474238,0.0645776566757493,68.2956349844696,8.06352756525043,6.45776566757493
2021-05-18,288686,212,235008,134,53678,78,259757,145,1803236,2237,2062993,2382,8,4277,23,9731,4553,6,"East TN",2455501,58.3994875180259,0.0609769792251544,97.0066801031643,8.63367597895501,6.09769792251544
2021-05-19,288904,218,235173,165,53731,53,259924,167,1806505,3269,2066429,3436,1,4278,21,9752,4556,3,"East TN",2455501,54.897147262412,0.0591848789131719,139.93071067778,8.87802529911411,5.91848789131719
2021-05-20,289081,177,235307,134,53774,43,260079,155,1820673,14168,2080752,14323,3,4281,7,9759,4561,5,"East TN",2455501,53.553226001537,0.0356651982378855,583.302552106474,7.20830494469357,3.56651982378855
2021-05-21,289245,164,235415,108,53830,56,260199,120,1822951,2278,2083150,2398,0,4281,10,9769,4564,3,"East TN",2455501,47.9739165245707,0.0317528735632184,97.6582782902552,6.67888141768218,3.17528735632184
2021-05-22,289316,71,235463,48,53853,23,260261,62,1824537,1586,2084798,1648,0,4281,12,9781,4565,1,"East TN",2455501,46.4263708302298,0.030805168260457,67.1146132703672,2.89146695521606,3.0805168260457
2021-05-23,289390,74,235514,51,53876,23,260322,61,1825602,1065,2085924,1126,3,4284,5,9786,4567,2,"East TN",2455501,45.367523776207,0.0303816228232679,45.8562224165252,3.01364161529562,3.03816228232679
2021-05-24,289550,160,235625,111,53925,49,260448,126,1827526,1924,2087974,2050,0,4284,7,9793,4571,4,"East TN",2455501,43.819978081866,0.030552205533019,83.4860177210272,6.51598187090944,3.0552205533019
2021-05-25,289694,144,235721,96,53973,48,260536,88,1829253,1727,2089789,1815,0,4284,9,9802,4577,6,"East TN",2455501,41.0506857867295,0.0290715032094342,73.915669348129,5.8643836838185,2.90715032094342
2021-05-26,289880,186,235863,142,54017,44,260701,165,1832136,2883,2092837,3048,7,4291,14,9816,4582,5,"East TN",2455501,39.7474894125476,0.0294229021508634,124.129454640825,7.57482892493222,2.94229021508634
2021-05-27,290003,123,235938,75,54065,48,260839,138,1835109,2973,2095948,3111,4,4295,11,9827,4586,4,"East TN",2455501,37.5483455311156,0.0500131613582522,126.695122502495,5.00916106326163,5.00131613582522
2021-05-28,290120,117,236028,90,54092,27,260937,98,1837221,2112,2098158,2210,0,4295,9,9836,4589,3,"East TN",2455501,35.634275856536,0.0491737739872068,90.0019995919366,4.76481174310253,4.91737739872068
2021-05-29,290171,51,236060,32,54111,19,260974,37,1838297,1076,2099271,1113,0,4295,7,9843,4592,3,"East TN",2455501,34.8197781226723,0.0492641470324052,45.3267988895138,2.07696922135238,4.92641470324052
2021-05-30,290226,55,236100,40,54126,15,261020,46,1839384,1087,2100404,1133,0,4295,7,9850,4597,5,"East TN",2455501,34.0460052755018,0.0482044198895028,46.1412966233775,2.23986876812512,4.82044198895028
2021-05-31,290306,80,236166,66,54140,14,261091,71,1840811,1427,2101902,1498,6,4301,4,9854,4602,5,"East TN",2455501,30.7880143400471,0.0461659965537048,61.0058802663896,3.25799093545472,4.61659965537048
2021-06-01,290437,131,236260,94,54177,37,261185,94,1842127,1316,2103312,1410,3,4304,11,9865,4605,3,"East TN",2455501,30.2585908130357,0.047992309398802,57.4220902373894,5.3349601568071,4.7992309398802
2021-06-02,290556,119,236331,71,54225,48,261258,73,1844106,1979,2105364,2052,1,4305,9,9874,4609,4,"East TN",2455501,27.5300234045924,0.0444639578510417,83.5674674944136,4.8462615164889,4.44639578510418
2021-06-03,290643,87,236386,55,54257,32,261377,119,1847272,3166,2108649,3285,1,4306,7,9881,4614,5,"East TN",2455501,26.0639274836378,0.0423588693803637,133.781252787109,3.54306514230701,4.23588693803637
2021-06-04,290734,91,236445,59,54289,32,261455,78,1849424,2152,2110879,2230,0,4306,7,9888,4614,0,"East TN",2455501,25.005080429615,0.0407200691769515,90.8164973258003,3.70596468907974,4.07200691769515
2021-06-05,290775,41,236471,26,54304,15,261485,30,1850807,1383,2112292,1413,-1,4305,2,9890,4619,5,"East TN",2455501,24.5978315626831,0.0392442976729898,57.544264897469,1.66972035442054,3.92442976729898
2021-06-06,290801,26,236487,16,54314,10,261504,19,1851723,916,2113227,935,-1,4304,2,9892,4622,3,"East TN",2455501,23.4168098485808,0.0377446775325587,38.077769058127,1.05884705402278,3.77446775325587
2021-06-07,290874,73,236522,35,54352,38,261556,52,1852993,1270,2114549,1322,3,4307,10,9902,4624,2,"East TN",2455501,23.1317356417285,0.036767612872618,53.8383002083892,2.97291672860243,3.6767612872618
2021-06-08,290961,87,236589,67,54372,20,261626,70,1854472,1479,2116098,1549,3,4310,4,9906,4627,3,"East TN",2455501,21.3398406272284,0.0344908493664946,63.082849487742,3.54306514230701,3.44908493664946
2021-06-09,291009,48,236627,38,54382,10,261680,54,1857201,2729,2118881,2783,0,4310,3,9909,4630,3,"East TN",2455501,18.4483736720124,0.0312199452541244,113.337359667131,1.95479456127283,3.12199452541244
2021-06-10,291084,75,236684,57,54400,18,261746,66,1858986,1785,2120732,1851,4,4314,4,9913,4633,3,"East TN",2455501,17.9596750316941,0.0305387734834064,75.3817652690836,3.0543665019888,3.05387734834064
2021-06-11,291154,70,236730,46,54424,24,261801,55,1860470,1484,2122271,1539,2,4316,4,9917,4634,1,"East TN",2455501,17.1044524111373,0.030372191011236,62.6756006208102,2.85074206852288,3.0372191011236
2021-06-12,291183,29,236752,22,54431,7,261832,31,1861664,1194,2123496,1225,3,4319,1,9918,4637,3,"East TN",2455501,16.6157537708191,0.0309710817565155,49.8879861991504,1.18102171410234,3.09710817565155
2021-06-13,291201,18,236766,14,54435,4,261853,21,1862507,843,2124360,864,1,4320,1,9919,4638,1,"East TN",2455501,16.2899546772736,0.0313482439594,35.186302102911,0.733047960477312,3.13482439594
2021-06-14,291254,53,236799,33,54455,20,261894,41,1863759,1252,2125653,1293,3,4323,3,9922,4640,2,"East TN",2455501,15.4754569434099,0.0304394812680115,52.6572784942869,2.15841899473875,3.04394812680115
2021-06-15,291342,88,236868,69,54474,19,261982,88,1865641,1882,2127623,1970,0,4323,4,9926,4644,4,"East TN",2455501,15.5161818301031,0.0308893709327549,80.2280267855725,3.58379002900019,3.08893709327549
2021-06-16,291409,67,236908,40,54501,27,262020,38,1867546,1905,2129566,1943,2,4325,7,9933,4647,3,"East TN",2455501,16.2899546772736,0.0318203088441741,79.1284548448565,2.72856740844333,3.18203088441741
2021-06-17,291460,51,236946,38,54514,13,262066,46,1869897,2351,2131963,2397,1,4326,1,9934,4651,4,"East TN",2455501,15.3125573966372,0.0284925652212626,97.617553403562,2.07696922135238,2.84925652212626
2021-06-18,291522,62,236997,51,54525,11,262121,55,1871625,1728,2133746,1783,2,4328,4,9938,4653,2,"East TN",2455501,14.9867583030917,0.0278867102396514,72.6124729739471,2.52494297497741,2.78867102396514
2021-06-19,291550,28,237014,17,54536,11,262139,18,1872776,1151,2134915,1169,0,4328,5,9943,4655,2,"East TN",2455501,14.9460334163985,0.0268850162010684,47.6073925443321,1.14029682740915,2.68850162010684
2021-06-20,291575,25,237035,21,54540,4,262156,17,1873530,754,2135686,771,3,4331,2,9945,4658,3,"East TN",2455501,15.2311076232508,0.026752604626523,31.3988876404449,1.0181221673296,2.6752604626523
2021-06-21,291642,67,237075,40,54567,27,262208,52,1874801,1271,2137009,1323,6,4337,2,9947,4660,2,"East TN",2455501,15.8012560369554,0.0276505811905601,53.8790250950824,2.72856740844333,2.76505811905601
2021-06-22,291735,93,237121,46,54614,47,262259,51,1876228,1427,2138487,1478,5,4342,7,9954,4664,4,"East TN",2455501,16.0048804704213,0.0254970544918999,60.1913825325259,3.78741446246611,2.54970544918999
2021-06-23,291804,69,237169,48,54635,21,262314,55,1878017,1789,2140331,1844,2,4344,5,9959,4668,4,"East TN",2455501,16.0863302438077,0.0273107292150488,75.0966910622313,2.8100171818297,2.73107292150488
2021-06-24,291887,83,237221,52,54666,31,262376,62,1879861,1844,2142237,1906,3,4347,6,9965,4669,1,"East TN",2455501,17.3895266179896,0.0301732528713257,77.6216340372087,3.38016559553427,3.01732528713257
2021-06-25,291966,79,237277,56,54689,23,262445,69,1881666,1805,2144111,1874,0,4347,3,9968,4671,2,"East TN",2455501,18.0818496917737,0.0312590448625181,76.3184376630268,3.21726604876154,3.12590448625181
2021-06-26,292001,35,237295,18,54706,17,262466,21,1882850,1184,2145316,1205,0,4347,2,9970,4673,2,"East TN",2455501,18.366923898626,0.031439284684165,49.0734884652867,1.42537103426144,3.1439284684165
2021-06-27,292030,29,237315,20,54715,9,262490,24,1883564,714,2146054,738,2,4349,3,9973,4675,2,"East TN",2455501,18.5298234453987,0.0322145061728395,30.0549663795698,1.18102171410234,3.22145061728395
2021-06-28,292074,44,237339,24,54735,20,262515,25,1884116,552,2146631,577,4,4353,3,9976,4675,0,"East TN",2455501,17.5931510514555,0.0319060486385367,23.4982596219672,1.7918950145001,3.19060486385367
2021-06-29,292204,130,237424,85,54780,45,262610,95,1886130,2014,2148740,2109,0,4353,7,9983,4678,3,"East TN",2455501,19.0999718591033,0.0342338827660197,85.8887860359251,5.29423527011392,3.42338827660197
2021-06-30,292289,85,237487,63,54802,22,262685,75,1887774,1644,2150459,1719,3,4356,4,9987,4678,0,"East TN",2455501,19.7515700461942,0.03663112164297,70.0060802255833,3.46161536892064,3.663112164297
2021-07-01,292395,106,237540,53,54855,53,262750,65,1890326,2552,2153076,2617,1,4357,2,9989,4681,3,"East TN",2455501,20.6882424401375,0.0345050281391272,106.577028476063,4.3168379894775,3.45050281391272
2021-07-02,292477,82,237603,63,54874,19,262824,74,1892008,1682,2154832,1756,0,4357,3,9992,4683,2,"East TN",2455501,20.810417100217,0.0353511799272456,71.5129010332311,3.33944070884109,3.53511799272456
2021-07-03,292525,48,237639,36,54886,12,262864,40,1893096,1088,2155960,1128,1,4358,3,9995,4686,3,"East TN",2455501,21.3398406272284,0.0373919579105599,45.9376721899116,1.95479456127283,3.73919579105599
2021-07-04,292552,27,237660,21,54892,6,262889,25,1893796,700,2156685,725,0,4358,1,9996,4687,1,"East TN",2455501,21.258390853842,0.0375317467782899,29.5255428525584,1.09957194071597,3.75317467782899
2021-07-05,292595,43,237684,24,54911,19,262914,25,1894278,482,2157192,507,0,4358,2,9998,4688,1,"East TN",2455501,21.2176659671489,0.0377805132089764,20.6475175534443,1.75117012780691,3.77805132089764
2021-07-06,292757,162,237788,104,54969,58,263026,112,1895603,1325,2158629,1437,5,4363,6,10004,4688,0,"East TN",2455501,22.5208623413308,0.0420669430680554,58.5216621781054,6.59743164429581,4.20669430680554
2021-07-07,292900,143,237869,81,55031,62,263114,88,1897062,1459,2160176,1547,4,4367,6,10010,4690,2,"East TN",2455501,24.8829057695354,0.0441494288360605,63.0013997143556,5.82365879712531,4.41494288360605
2021-07-08,293040,140,237971,102,55069,38,263231,117,1898916,1854,2162147,1971,2,4369,3,10013,4692,2,"East TN",2455501,26.2675519171037,0.0530261272186088,80.2687516722657,5.70148413704576,5.30261272186088
2021-07-09,293204,164,238093,122,55111,42,263362,131,1900661,1745,2164023,1876,0,4369,4,10017,4694,2,"East TN",2455501,29.6069926259448,0.0585355238820585,76.3998874364132,6.67888141768218,5.85355238820585
2021-07-10,293307,103,238165,72,55142,31,263435,73,1901717,1056,2165152,1129,0,4369,12,10029,4695,1,"East TN",2455501,31.8468613940699,0.0621192341166232,45.9783970766047,4.19466332939795,6.21192341166232
2021-07-11,293355,48,238200,35,55155,13,263478,43,1902473,756,2165951,799,2,4371,7,10036,4695,0,"East TN",2455501,32.7020840146267,0.0635657241528167,32.539184467854,1.95479456127283,6.35657241528167
2021-07-12,293527,172,238316,116,55211,56,263602,124,1903839,1366,2167441,1490,1,4372,14,10050,4696,1,"East TN",2455501,37.9555943980475,0.0671285003414967,60.6800811728442,7.00468051122765,6.71285003414967
2021-07-13,293741,214,238453,137,55288,77,263747,145,1905461,1622,2169208,1767,4,4376,17,10067,4700,4,"East TN",2455501,40.0732885060931,0.0681538897816429,71.9608747868561,8.71512575234138,6.81538897816429
2021-07-14,293914,173,238589,136,55325,37,263889,142,1907022,1561,2170911,1703,0,4376,12,10079,4701,1,"East TN",2455501,41.2950351068886,0.072193758733116,69.3544820384923,7.04540539792083,7.2193758733116
2021-07-15,294134,220,238739,150,55395,70,264056,167,1908823,1801,2172879,1968,0,4376,15,10094,4701,0,"East TN",2455501,44.5530260423433,0.0768729034662691,80.1465770121861,8.95947507250048,7.68729034662691
2021-07-16,294364,230,238881,142,55483,88,264210,154,1910352,1529,2174562,1683,0,4376,10,10104,4705,4,"East TN",2455501,47.2408685640934,0.0804630420343486,68.5399843046287,9.36672393943232,8.04630420343486
2021-07-17,294508,144,238981,100,55527,44,264320,110,1911570,1218,2175890,1328,0,4376,5,10109,4707,2,"East TN",2455501,48.910588918514,0.0824175824175824,54.0826495285484,5.8643836838185,8.24175824175824
2021-07-18,294652,144,239102,121,55550,23,264452,132,1912694,1124,2177146,1256,0,4376,6,10115,4709,2,"East TN",2455501,52.8201780410596,0.0870031263957124,51.1504576866391,5.8643836838185,8.70031263957124
2021-07-19,294955,303,239313,211,55642,92,264668,216,1914384,1690,2179052,1906,2,4378,14,10129,4710,1,"East TN",2455501,58.1551381978667,0.0918094909999139,77.6216340372087,12.3396406680348,9.18094909999139
2021-07-20,295312,357,239551,238,55761,119,264922,254,1916044,1660,2180966,1914,2,4380,22,10151,4712,2,"East TN",2455501,63.9787969949921,0.0999319612178942,77.9474331307542,14.5387845494667,9.99319612178942
2021-07-21,295714,402,239845,294,55869,108,265231,309,1918160,2116,2183391,2425,3,4383,28,10179,4716,4,"East TN",2455501,73.3047960477312,0.107532051282051,98.7578502309712,16.37140445066,10.7532051282051
2021-07-22,296188,474,240178,333,56010,141,265598,367,1920528,2368,2186126,2735,5,4388,21,10200,4719,3,"East TN",2455501,83.6489172677999,0.116403714048464,111.382565105858,19.3035962925692,11.6403714048464
2021-07-23,296649,461,240498,320,56151,141,265931,333,1922431,1903,2188362,2236,1,4389,28,10228,4725,6,"East TN",2455501,93.0563660939254,0.124710144927536,91.0608466459594,18.7741727655578,12.4710144927536
2021-07-24,297006,357,240747,249,56259,108,266196,265,1924182,1751,2190378,2016,0,4389,21,10249,4729,4,"East TN",2455501,101.730766959574,0.129486471562673,82.1013715734589,14.5387845494667,12.9486471562673
2021-07-25,297234,228,240937,190,56297,38,266399,203,1925497,1315,2191896,1518,3,4392,17,10266,4734,5,"East TN",2455501,105.151657441801,0.132,61.8203780002533,9.28527416604595,13.2
2021-07-26,297901,667,241400,463,56501,204,266885,486,1927226,1729,2194111,2215,10,4402,36,10302,4738,4,"East TN",2455501,119.97551619812,0.147220931004715,90.2056240254026,27.1634994243537,14.7220931004715
2021-07-27,298627,726,241889,489,56738,237,267400,515,1929547,2321,2196947,2836,2,4404,28,10330,4744,6,"East TN",2455501,135.002999387905,0.155059132720105,115.49577866187,29.5662677392516,15.5059132720105
2021-07-28,299444,817,242435,546,57009,271,268014,614,1932413,2866,2200427,3480,2,4406,37,10367,4747,3,"East TN",2455501,151.903827365576,0.163359943648744,141.72260569228,33.2722324283313,16.3359943648744
2021-07-29,300132,688,242890,455,57242,233,268510,496,1934841,2428,2203351,2924,3,4409,23,10390,4751,4,"East TN",2455501,160.618953117918,0.169056603773585,119.07956869087,28.0187220449106,16.9056603773585
2021-07-30,301131,999,243640,750,57491,249,269313,803,1936643,1802,2205956,2605,4,4413,41,10431,4756,5,"East TN",2455501,182.528942158851,0.192224622030238,106.088329835744,40.6841618064908,19.2224622030238
2021-07-31,301666,535,244005,365,57661,170,269709,396,1938613,1970,2208322,2366,2,4415,32,10463,4766,10,"East TN",2455501,189.777971990237,0.195775746767722,96.3550819160733,21.7878143808534,19.5775746767722
2021-08-01,302197,531,244426,421,57771,110,270170,461,1940751,2138,2210921,2599,3,4418,28,10491,4770,4,"East TN",2455501,202.117612658272,0.198212877792378,105.843980515585,21.6249148340807,19.8212877792378
2021-08-02,303047,850,244964,538,58083,312,270706,536,1943086,2335,2213792,2871,9,4427,33,10524,4779,9,"East TN",2455501,209.570266923125,0.1941466388903,116.921149696131,34.6161536892064,19.41466388903
2021-08-03,304385,1338,245933,969,58452,369,271722,1016,1946861,3775,2218583,4791,4,4431,40,10564,4789,10,"East TN",2455501,234.493897579353,0.199759659826216,195.112932147045,54.4898983954802,19.9759659826216
2021-08-04,305472,1087,246768,835,58704,252,272608,886,1950480,3619,2223088,4505,8,4439,40,10604,4795,6,"East TN",2455501,245.489616986513,0.202727152376329,183.465614552794,44.267951835491,20.2727152376329
2021-08-05,306652,1180,247661,893,58991,287,273561,953,1954445,3965,2228006,4918,10,4449,43,10647,4802,7,"East TN",2455501,265.52626123956,0.204867166903265,200.284992757079,48.0553662979571,20.4867166903265
2021-08-06,307990,1338,248648,987,59342,351,274644,1083,1959073,4628,2233717,5711,3,4452,52,10699,4815,13,"East TN",2455501,279.331997828549,0.192031987320341,232.579827904774,54.4898983954802,19.2031987320341
2021-08-07,308714,724,249173,525,59541,199,275227,583,1962075,3002,2237302,3585,0,4452,28,10727,4824,9,"East TN",2455501,287.029001413561,0.190407177363699,145.998718795065,29.4848179658652,19.0407177363699
2021-08-08,309351,637,249625,452,59726,185,275752,525,1964191,2116,2239943,2641,5,4457,30,10757,4834,10,"East TN",2455501,291.345839403038,0.192336847908483,107.554425756699,25.9417528235582,19.2336847908483
2021-08-09,310720,1369,250586,961,60134,408,276758,1006,1967729,3538,2244487,4544,13,4470,66,10823,4846,12,"East TN",2455501,312.482055596801,0.197165662159961,185.053885133828,55.7523698829689,19.7165662159961
2021-08-10,312046,1326,251436,850,60610,476,277675,917,1970980,3251,2248655,4168,6,4476,49,10872,4860,14,"East TN",2455501,311.993356956483,0.197958233572759,169.741327737191,54.001199755162,19.7958233572759
2021-08-11,313933,1887,252748,1312,61185,575,279059,1384,1976336,5356,2255395,6740,8,4484,63,10935,4880,20,"East TN",2455501,344.57326631103,0.199678088339988,274.48573631206,76.8478611900382,19.9678088339988
2021-08-12,315395,1462,253816,1068,61579,394,280220,1161,1980817,4481,2261037,5642,10,4494,45,10980,4894,14,"East TN",2455501,356.057684358508,0.201598498380309,229.769810722944,59.539784345435,20.1598498380309
2021-08-13,317041,1646,254937,1121,62104,525,281392,1172,1986236,5419,2267628,6591,11,4505,30,11010,4918,24,"East TN",2455501,368.600949460008,0.198991477691604,268.417728194776,67.0331634969809,19.8991477691605
2021-08-14,318571,1530,256026,1089,62545,441,282592,1200,1991710,5474,2274302,6674,1,4506,27,11037,4932,14,"East TN",2455501,401.425208134715,0.199054054054054,271.79789379031,62.3090766405715,19.9054054054054
2021-08-15,319716,1145,256994,968,62722,177,283651,1059,1995518,3808,2279169,4867,11,4517,21,11058,4945,13,"East TN",2455501,422.113450574852,0.201371539285168,198.208023535727,46.6299952636957,20.1371539285168
2021-08-16,321155,1439,257912,918,63243,521,284614,963,1998578,3060,2283192,4023,17,4534,27,11085,4963,18,"East TN",2455501,424.964192643375,0.202971192352409,163.836219166679,58.6031119514918,20.2971192352409
2021-08-17,322892,1737,259128,1216,63764,521,285934,1320,2003437,4859,2289371,6179,10,4544,25,11110,4980,17,"East TN",2455501,441.702121074274,0.202844090775125,251.639074877184,70.7391281860606,20.2844090775125
2021-08-18,324983,2091,260518,1390,64465,701,287411,1477,2008856,5419,2296267,6896,13,4557,32,11142,4995,15,"East TN",2455501,450.009997959683,0.204345273047563,280.838818636197,85.1557380754477,20.4345273047563
2021-08-19,327373,2390,262019,1501,65354,889,288986,1575,2018808,9952,2307794,11527,23,4580,43,11185,5017,22,"East TN",2455501,487.802692810958,0.187479949526274,469.435768912332,97.3324791967098,18.7479949526274
2021-08-20,329828,2455,263999,1980,65829,475,291098,2112,2025702,6894,2316800,9006,4,4584,37,11222,5050,33,"East TN",2455501,520.749126145744,0.197388757829659,366.768329558815,99.9795968317667,19.7388757829659
2021-08-21,332756,2928,265977,1978,66779,950,293217,2119,2034630,8928,2327847,11047,0,4584,57,11279,5074,24,"East TN",2455501,577.682517742815,0.198431226071529,449.887823299604,119.242468237643,19.8431226071529
2021-08-22,334238,1482,267315,1338,66923,144,294734,1517,2040143,5513,2334877,7030,7,4591,17,11296,5093,19,"East TN",2455501,591.406804558418,0.198948086450779,286.295953453083,60.3542820792987,19.8948086450779
2021-08-23,336186,1948,268443,1128,67743,820,295920,1186,2044111,3968,2340031,5154,17,4608,37,11333,5114,21,"East TN",2455501,612.135771885249,0.198912718379986,209.89606601667,79.3320792783224,19.8912718379986
2021-08-24,338169,1983,269831,1388,68338,595,297353,1433,2047890,3779,2345243,5212,15,4623,25,11358,5152,38,"East TN",2455501,622.154094011772,0.204377863688431,212.258109444875,80.7574503125839,20.4377863688431
2021-08-25,340396,2227,271044,1213,69352,1014,298598,1245,2051926,4036,2350524,5281,17,4640,39,11397,5190,38,"East TN",2455501,627.692678602045,0.206185377002046,215.068126626705,90.6943226657208,20.6185377002046
2021-08-26,343053,2657,272881,1837,70172,820,300556,1958,2058770,6844,2359326,8802,24,4664,40,11437,5220,30,"East TN",2455501,638.566223349125,0.22452068617558,358.460452673406,108.20602394379,22.452068617558
2021-08-27,346064,3011,275161,2280,70903,731,302929,2373,2065841,7071,2368770,9444,19,4683,44,11481,5241,21,"East TN",2455501,661.209260350535,0.227650567635174,384.60582993043,122.622633833177,22.7650567635174
2021-08-28,348207,2143,276701,1540,71506,603,304601,1672,2071707,5866,2376308,7538,1,4684,33,11514,5275,34,"East TN",2455501,629.240224296386,0.234910546625121,306.984195893221,87.2734321834933,23.4910546625121
2021-08-29,350540,2333,278527,1826,72013,507,306620,2019,2078701,6994,2385321,9013,9,4693,45,11559,5306,31,"East TN",2455501,663.897102872286,0.235627626675125,367.053403765667,95.0111606551983,23.5627626675125
2021-08-30,353783,3243,280942,2415,72841,828,309226,2606,2087743,9042,2396969,11648,21,4714,70,11629,5346,40,"East TN",2455501,716.635831139959,0.233692788647301,474.363480202207,132.070807545996,23.3692788647301
2021-08-31,357370,3587,283353,2411,74017,1176,311834,2608,2096330,8587,2408164,11195,7,4721,80,11709,5381,35,"East TN",2455501,781.958549395826,0.230145738306766,455.915106530195,146.080168568451,23.0145738306766
2021-09-01,358805,1435,284306,953,74499,482,312824,990,2098613,2283,2411437,3273,14,4735,32,11741,5423,42,"East TN",2455501,749.704439134824,0.233546205243544,133.292554146791,58.440212404719,23.3546205243544
2021-09-02,361120,2315,285801,1495,75319,820,314340,1516,2102874,4261,2417214,5777,19,4754,44,11785,5453,30,"East TN",2455501,735.776527885755,0.238114980652294,235.267670426524,94.278112694721,23.8114980652294
2021-09-03,362875,1755,287026,1225,75849,530,315634,1294,2106979,4105,2422613,5399,17,4771,32,11817,5482,29,"East TN",2455501,684.626070199116,0.235963820738072,219.8736632565,71.4721761465379,23.5963820738072
2021-09-04,366135,3260,289369,2343,76766,917,318209,2575,2115027,8048,2433236,10623,3,4774,56,11873,5513,31,"East TN",2455501,730.115768635403,0.239038785834739,432.620471341694,132.76313061978,23.9038785834739
2021-09-05,370591,4456,292624,3255,77967,1201,321696,3487,2127537,12510,2449233,15997,8,4782,58,11931,5567,54,"East TN",2455501,816.574703085032,0.235886844411065,651.476012430864,181.470095104828,23.5886844411065
2021-09-06,375502,4911,296561,3937,78941,974,325985,4289,2143174,15637,2469159,19926,11,4793,102,12033,5604,37,"East TN",2455501,884.503814089263,0.232151267488572,811.484092248384,199.999918550227,23.2151267488572
2021-09-07,377584,2082,298019,1458,79565,624,327503,1518,2147600,4426,2475103,5944,34,4827,64,12097,5636,32,"East TN",2455501,823.212859616021,0.234078788150406,242.068726504286,84.7892140952091,23.4078788150406
2021-09-08,379258,1674,299195,1176,80063,498,328764,1261,2151978,4378,2480742,5639,19,4846,60,12157,5677,41,"East TN",2455501,832.946107535692,0.229997835653993,229.647636062865,68.17346032439,22.9997835653993
2021-09-09,381168,1910,300201,1006,80967,904,329841,1077,2155644,3666,2485485,4743,8,4854,55,12212,5717,40,"East TN",2455501,816.452528424953,0.227051017269412,193.158137585772,77.7845335839814,22.7051017269412
2021-09-10,386660,5492,304041,3840,82619,1652,333977,4136,2167748,12104,2501725,16240,23,4877,144,12356,5753,36,"East TN",2455501,968.641429997381,0.231861158863384,661.372159897308,223.661077718967,23.1861158863384
2021-09-11,390943,4283,307148,3107,83795,1176,337295,3318,2179568,11820,2516863,15138,8,4885,119,12475,5797,44,"East TN",2455501,1010.30298908451,0.228227725495354,616.493334761419,174.424689706907,22.8227725495354
2021-09-12,392522,1579,308571,1423,83951,156,338849,1554,2184812,5244,2523661,6798,23,4908,50,12525,5841,44,"East TN",2455501,893.137490068218,0.230464341376901,276.847779740265,64.3045960885375,23.0464341376901
2021-09-13,394876,2354,310026,1455,84850,899,340354,1505,2189935,5123,2530289,6628,63,4971,84,12609,5891,50,"East TN",2455501,789.003954793747,0.23505643710126,269.924549002424,95.8663832757551,23.505643710126
2021-09-14,397688,2812,311981,1955,85707,857,342429,2075,2196156,6221,2538585,8296,43,5014,63,12672,5934,43,"East TN",2455501,818.733122079771,0.235121766800038,337.853660006654,114.518381381233,23.5121766800038
2021-09-15,399479,1791,313177,1196,86302,595,343644,1215,2199931,3775,2543575,4990,23,5037,36,12708,5973,39,"East TN",2455501,823.497933822874,0.236818232457467,203.217184598988,72.9382720674925,23.6818232457467
2021-09-16,402124,2645,315029,1852,87095,793,345601,1957,2206590,6659,2552191,8616,23,5060,65,12773,6010,37,"East TN",2455501,853.430725542364,0.236260606242317,350.885623748473,107.717325303472,23.6260606242317
2021-09-17,404804,2680,316902,1873,87902,807,347605,2004,2213794,7204,2561399,9208,23,5083,82,12855,6065,55,"East TN",2455501,738.91234416113,0.228374166303583,374.994756670838,109.142696337733,22.8374166303583
2021-09-18,406255,1451,318079,1177,88176,274,348941,1336,2219266,5472,2568207,6808,3,5086,39,12894,6123,58,"East TN",2455501,623.579465046033,0.226822997818635,277.255028607197,59.09181059181,22.6822997818635
2021-09-19,406898,643,318525,446,88373,197,349454,513,2221343,2077,2570797,2590,17,5103,24,12918,6166,43,"East TN",2455501,585.460971101213,0.224987270875764,105.477456535347,26.1861021437173,22.4987270875764
2021-09-20,408879,1981,319781,1256,89098,725,350825,1371,2226980,5637,2577805,7008,48,5151,70,12988,6210,44,"East TN",2455501,570.270588364656,0.220367876083845,285.400005945833,80.6760005391975,22.0367876083845
2021-09-21,410751,1872,320883,1102,89868,770,351965,1140,2231285,4305,2583250,5445,31,5182,61,13049,6257,47,"East TN",2455501,531.989194873063,0.21350050375014,221.747008044387,76.2369878896404,21.350050375014
2021-09-22,412343,1592,322000,1117,90343,475,353187,1222,2236642,5357,2589829,6579,14,5196,45,13094,6297,40,"East TN",2455501,523.884942421119,0.206317291477494,267.929029554458,64.8340196155489,20.6317291477494
2021-09-23,414691,2348,323508,1508,91183,840,354850,1663,2242998,6356,2597848,8019,32,5228,59,13153,6335,38,"East TN",2455501,511.789651073243,0.202575727708785,326.572866392642,95.622033955596,20.2575727708785
2021-09-24,416228,1537,324489,981,91739,556,355949,1099,2247879,4881,2603828,5980,37,5265,40,13193,6384,49,"East TN",2455501,465.241105582934,0.196657946216031,243.53482242524,62.5941508474238,19.6657946216032
2021-09-25,416925,697,324977,488,91948,209,356511,562,2250901,3022,2607412,3584,2,5267,21,13214,6425,41,"East TN",2455501,434.534541016273,0.193087616375462,145.957993908371,28.3852460251492,19.3087616375462
2021-09-26,417786,861,325605,628,92181,233,357234,723,2254877,3976,2612111,4699,6,5273,26,13240,6461,36,"East TN",2455501,443.412566315387,0.188313888754417,191.366242571272,35.0641274428314,18.8313888754417
2021-09-27,419245,1459,326436,831,92809,628,358156,922,2258468,3591,2616624,4513,46,5319,45,13285,6494,33,"East TN",2455501,422.154175461545,0.18885082047451,183.791413646339,59.4176096853555,18.885082047451
2021-09-28,420539,1294,327225,789,93314,505,359019,863,2262129,3661,2621148,4524,14,5333,34,13319,6530,36,"East TN",2455501,398.615190952885,0.186131194258272,184.239387399964,52.6980033809801,18.6131194258272
2021-09-29,422214,1675,328234,1009,93980,666,360157,1138,2267627,5498,2627784,6636,30,5363,50,13369,6575,45,"East TN",2455501,401.995356548419,0.18363851929917,270.250348095969,68.2141852110832,18.363851929917
2021-09-30,423422,1208,328994,760,94428,448,360976,819,2272299,4672,2633275,5491,11,5374,40,13409,6610,35,"East TN",2455501,355.568985718189,0.172918960115166,223.620352832273,49.1956631253663,17.2918960115166
2021-10-01,424795,1373,329969,975,94826,398,362051,1075,2277272,4973,2639323,6048,14,5388,48,13457,6639,29,"East TN",2455501,348.890104300507,0.171911536836174,246.304114720377,55.9152694297416,17.1911536836174
2021-10-02,425349,554,330321,352,95028,202,362446,395,2279942,2670,2642388,3065,11,5399,19,13476,6677,38,"East TN",2455501,343.066445503382,0.169687785910339,124.821777714609,22.5615872280239,16.9687785910338
2021-10-03,425888,539,330787,466,95101,73,362970,524,2283033,3091,2646003,3615,13,5412,15,13491,6710,33,"East TN",2455501,329.953031988177,0.169243479287147,147.22046539586,21.9507139276262,16.9243479287147
2021-10-04,427237,1349,331645,858,95592,491,363910,940,2287170,4137,2651080,5077,22,5434,29,13520,6733,23,"East TN",2455501,325.473294451927,0.166995588576736,206.760249741295,54.9378721491052,16.6995588576736
2021-10-05,428501,1264,332401,756,96100,508,364725,815,2291632,4462,2656357,5277,17,5451,40,13560,6773,40,"East TN",2455501,324.251547851131,0.162060836717885,214.905227079932,51.4762567801846,16.2060836717885
2021-10-06,429438,937,333108,707,96330,230,365505,780,2296053,4421,2661558,5201,18,5469,26,13586,6808,35,"East TN",2455501,294.196581471561,0.158346657191923,211.81013569125,38.1592188315134,15.8346657191923
2021-10-07,430555,1117,333901,793,96654,324,366363,858,2300836,4783,2667199,5641,24,5493,26,13612,6838,30,"East TN",2455501,290.490616782481,0.158796132531541,229.729085836251,45.4896984362865,15.8796132531541
2021-10-08,431608,1053,334487,586,97121,467,367005,642,2305082,4246,2672087,4888,9,5502,31,13643,6859,21,"East TN",2455501,277.458653040663,0.151202539372482,199.063246156283,42.8833056879227,15.1202539372482
2021-10-09,432149,541,334842,355,97307,186,367422,417,2307891,2809,2675313,3226,4,5506,32,13675,6888,29,"East TN",2455501,276.929229513651,0.151131359149582,131.378484472212,22.0321637010125,15.1131359149582
2021-10-10,432467,318,335108,266,97359,52,367731,309,2310123,2232,2677854,2541,6,5512,16,13691,6911,23,"East TN",2455501,267.929029554458,0.14947725346143,103.481937087381,12.9505139684325,14.947725346143
2021-10-11,433685,1218,335645,537,98040,681,368279,548,2313569,3446,2681848,3994,52,5564,33,13724,6925,14,"East TN",2455501,262.59406939765,0.141998179927197,162.655197452577,49.6029119922981,14.1998179927197
2021-10-12,434620,935,336282,637,98338,298,369284,1005,2317213,3644,2686497,4649,29,5593,32,13756,6959,34,"East TN",2455501,249.195581675593,0.151260783012608,189.329998236612,38.077769058127,15.1260783012608
2021-10-13,435467,847,336830,548,98637,299,369934,650,2321078,3865,2691012,4515,25,5618,37,13793,6982,23,"East TN",2455501,245.530341873206,0.150370068581517,183.872863419726,34.4939790291268,15.0370068581517
2021-10-14,436416,949,337483,653,98933,296,370655,721,2325081,4003,2695736,4724,31,5649,33,13826,7014,32,"East TN",2455501,238.688560908751,0.150401233486351,192.384364738601,38.6479174718316,15.0401233486351
2021-10-15,437219,803,337995,512,99224,291,371231,576,2328974,3893,2700205,4469,24,5673,30,13856,7039,25,"East TN",2455501,228.507339235455,0.150295184579273,181.999518631839,32.7020840146267,15.0295184579273
2021-10-16,437526,307,338234,239,99292,68,371502,271,2331204,2230,2702706,2501,7,5680,12,13868,7054,15,"East TN",2455501,218.97771574925,0.148943160661483,101.852941619653,12.5025402148075,14.8943160661483
2021-10-17,437778,252,338444,210,99334,42,371750,248,2332867,1663,2704617,1911,7,5687,14,13882,7070,16,"East TN",2455501,216.2898732275,0.150170010835855,77.8252584706746,10.2626714466824,15.0170010835855
2021-10-18,438565,787,338911,467,99654,320,372266,516,2336058,3191,2708324,3707,23,5710,37,13919,7091,21,"East TN",2455501,198.737447062738,0.150589212872035,150.967154971633,32.0504858275358,15.0589212872035
2021-10-19,439396,831,339352,441,100044,390,372740,474,2339386,3328,2712126,3802,25,5735,23,13942,7107,16,"East TN",2455501,194.502058846647,0.134847243357134,154.836019207486,33.8423808420359,13.4847243357134
2021-10-20,440160,764,339842,490,100318,274,373281,541,2343407,4021,2716688,4562,15,5750,21,13963,7126,19,"East TN",2455501,191.121893251113,0.13035519551332,185.786933094305,31.1138134335926,13.035519551332
2021-10-21,440789,629,340265,423,100524,206,373751,470,2347044,3637,2720795,4107,17,5767,21,13984,7144,18,"East TN",2455501,178.089929509294,0.123548425715312,167.257109648907,25.6159537300127,12.3548425715312
2021-10-22,441334,545,340605,340,100729,205,374137,386,2350148,3104,2724285,3490,6,5773,18,14002,7162,18,"East TN",2455501,167.582908742452,0.120681063122924,142.129854559212,22.1950632477853,12.0681063122924
2021-10-23,441691,357,340849,244,100842,113,374410,273,2352533,2385,2726943,2658,0,5773,15,14017,7182,20,"East TN",2455501,169.619153077111,0.119981845938029,108.246748830483,14.5387845494667,11.9981845938029
2021-10-24,441934,243,341011,162,100923,81,374606,196,2354430,1897,2729036,2093,7,5780,14,14031,7194,12,"East TN",2455501,169.252629096873,0.116958106392563,85.2371878488341,9.89614746644371,11.6958106392563
2021-10-25,442356,422,341259,248,101097,174,374877,271,2356861,2431,2731738,2702,28,5808,21,14052,7205,11,"East TN",2455501,154.388045453861,0.111514478517127,110.038643844983,17.1859021845236,11.1514478517127
2021-10-26,442882,526,341588,329,101294,197,375215,338,2359501,2640,2734716,2978,12,5820,28,14080,7216,11,"East TN",2455501,141.966955012439,0.109561752988048,121.278712572302,21.4212904006148,10.9561752988048
2021-10-27,443502,620,341982,394,101520,226,375639,424,2363699,4198,2739338,4622,10,5830,21,14101,7237,21,"East TN",2455501,136.102571328621,0.104105960264901,188.230426295896,25.2494297497741,10.4105960264901
2021-10-28,443917,415,342237,255,101680,160,375930,291,2366496,2797,2742426,3088,16,5846,15,14116,7252,15,"East TN",2455501,127.38744557628,0.100735056169387,125.758450108552,16.9008279776714,10.0735056169387
2021-10-29,444377,460,342542,305,101835,155,376263,333,2370013,3517,2746276,3850,4,5850,10,14126,7269,17,"East TN",2455501,123.925830207359,0.0966759128734482,156.790813768758,18.7334478788646,9.66759128734482
2021-10-30,444640,263,342744,202,101896,61,376492,229,2372588,2575,2749080,2804,0,5850,16,14142,7283,14,"East TN",2455501,120.0976908582,0.0940506843745765,114.192582287688,10.7106452003074,9.40506843745765
2021-10-31,444811,171,342871,127,101940,44,376638,146,2374213,1625,2750851,1771,0,5850,5,14147,7294,11,"East TN",2455501,117.16549901629,0.0931469172587669,72.1237743336289,6.96395562453446,9.31469172587669
2021-11-01,445407,596,343232,361,102175,235,377028,390,2377331,3118,2754359,3508,14,5864,23,14170,7303,9,"East TN",2455501,124.251629300904,0.0950886344547102,142.862902519689,24.2720324691377,9.50886344547102
2021-11-02,445820,413,343453,221,102367,192,377255,227,2379542,2211,2756797,2438,25,5889,16,14186,7326,23,"East TN",2455501,119.649717104575,0.092387120148544,99.2872737579826,16.819378204285,9.2387120148544
2021-11-03,446392,572,343832,379,102560,193,377648,393,2384120,4578,2761768,4971,6,5895,14,14200,7337,11,"East TN",2455501,117.694922543302,0.0895675434685689,202.443411751818,23.2946351885012,8.95675434685689
2021-11-04,446809,417,344134,302,102675,115,377978,330,2387655,3535,2765633,3865,13,5908,9,14209,7348,11,"East TN",2455501,117.776372316688,0.0882492351445684,157.401687069156,16.9822777510577,8.82492351445685
2021-11-05,447244,435,344419,285,102825,150,378302,324,2391238,3583,2769540,3907,2,5910,13,14222,7354,6,"East TN",2455501,116.758250149359,0.0876461485557084,159.11213231027,17.715325711535,8.76461485557084
2021-11-06,447477,233,344590,171,102887,62,378490,188,2393478,2240,2771968,2428,0,5910,13,14235,7362,8,"East TN",2455501,115.536503548563,0.0872946522195037,98.8800248910507,9.48889859951187,8.72946522195037
2021-11-07,447676,199,344718,128,102958,71,378644,154,2395379,1901,2774023,2055,6,5916,8,14243,7374,12,"East TN",2455501,116.676800375972,0.0865699982737787,83.6896421544931,8.10425245194362,8.65699982737787
2021-11-08,448217,541,345064,346,103153,195,379029,385,2398912,3533,2777941,3918,25,5941,25,14268,7386,12,"East TN",2455501,114.436931607847,0.084852853871597,159.560106063895,22.0321637010125,8.4852853871597
2021-11-09,449084,867,345680,616,103404,251,379829,800,2406184,7272,2786013,8072,10,5951,27,14295,7401,15,"East TN",2455501,132.926030166553,0.0881024096385542,328.731285387381,35.3084767629905,8.81024096385542
2021-11-10,449710,626,346117,437,103593,189,380331,502,2411435,5251,2791766,5753,7,5958,28,14323,7412,11,"East TN",2455501,135.125174047985,0.0894392959530635,234.290273145888,25.4937790699332,8.94392959530635
2021-11-11,450214,504,346499,382,103715,122,380736,405,2415725,4290,2796461,4695,5,5963,10,14333,7425,13,"East TN",2455501,138.668239190292,0.089464123524069,191.203343024499,20.5253428933647,8.9464123524069
2021-11-12,450696,482,346821,322,103875,160,381068,332,2419175,3450,2800243,3782,2,5965,24,14357,7435,10,"East TN",2455501,140.582308864871,0.0900889163925349,154.021521473622,19.6293953861147,9.00889163925349
2021-11-13,450933,237,346963,142,103970,95,381217,149,2421174,1999,2802391,2148,4,5969,11,14368,7444,9,"East TN",2455501,140.745208411644,0.0896361305591165,87.4770566169592,9.65179814628461,8.96361305591165
2021-11-14,451294,361,347279,316,104015,45,381562,345,2424152,2978,2805714,3323,1,5970,14,14382,7452,8,"East TN",2455501,147.34264005594,0.0920766148117762,135.32879848145,14.7016840962394,9.20766148117762
2021-11-15,451871,577,347569,290,104302,287,381863,301,2426920,2768,2808783,3069,26,5996,20,14402,7462,10,"East TN",2455501,148.808735976894,0.0918876856235004,124.984677261382,23.4982596219672,9.18876856235004
2021-11-16,452543,672,348002,433,104541,239,382323,460,2430527,3607,2812850,4067,24,6020,17,14419,7472,10,"East TN",2455501,140.867383071723,0.0929314006781682,165.628114181179,27.3671238578196,9.29314006781682
2021-11-17,453257,714,348469,467,104788,247,382832,509,2435172,4645,2818004,5154,5,6025,27,14446,7482,10,"East TN",2455501,144.451173100724,0.0953197652260081,209.89606601667,29.0775690989334,9.53197652260081
2021-11-18,453883,626,348879,410,105004,216,383310,478,2440035,4863,2823345,5341,12,6037,19,14465,7491,9,"East TN",2455501,149.419609277292,0.0957446808510638,217.511619828296,25.4937790699332,9.57446808510638
2021-11-19,454496,613,349321,442,105175,171,383770,460,2444509,4474,2828279,4934,7,6044,13,14478,7499,8,"East TN",2455501,154.754569434099,0.0963760878870024,200.93659094417,24.9643555429218,9.63760878870024
2021-11-20,454818,322,349568,247,105250,75,384057,287,2447213,2704,2831270,2991,0,6044,14,14492,7507,8,"East TN",2455501,158.21618480302,0.0983413553100869,121.808136099313,13.1134135152052,9.83413553100869
2021-11-21,455082,264,349720,152,105362,112,384221,164,2448697,1484,2832918,1648,9,6053,10,14502,7518,11,"East TN",2455501,154.265870793781,0.0977429789736803,67.1146132703672,10.7513700870006,9.77429789736803
2021-11-22,455834,752,350214,494,105620,258,384733,512,2452565,3868,2837298,4380,20,6073,38,14540,7524,6,"East TN",2455501,161.392725965088,0.100648781343153,178.375003716146,30.6251147932744,10.0648781343153
2021-11-23,456510,676,350683,469,105827,207,385222,489,2455866,3301,2841088,3790,21,6094,19,14559,7531,7,"East TN",2455501,161.555625511861,0.10266307812168,154.347320567167,27.5300234045924,10.266307812168
2021-11-24,457247,737,351215,532,106032,205,385795,573,2459894,4028,2845689,4601,6,6100,21,14580,7541,10,"East TN",2455501,162.492297905804,0.107025465053278,187.37520367534,30.0142414928766,10.7025465053278
2021-11-25,457533,286,351373,158,106160,128,385968,173,2461530,1636,2847498,1809,1,6101,10,14590,7550,9,"East TN",2455501,148.645836430122,0.11004844118743,73.6713200279699,11.6473175942506,11.004844118743
2021-11-26,457763,230,351575,202,106188,28,386212,244,2463207,1677,2849419,1921,1,6102,15,14605,7554,4,"East TN",2455501,133.048204826632,0.115515610217597,78.2325073376065,9.36672393943232,11.5515610217597
2021-11-27,458047,284,351803,228,106244,56,386466,254,2464802,1595,2851268,1849,0,6102,14,14619,7565,11,"East TN",2455501,131.500659132291,0.12046204620462,75.3003154956972,11.5658678208643,12.046204620462
2021-11-28,458361,314,352014,211,106347,103,386683,217,2466312,1510,2852995,1727,7,6109,20,14639,7575,10,"East TN",2455501,133.53690346695,0.122627882651791,70.3318793191288,12.7876144216598,12.2627882651791
2021-11-29,459458,1097,352726,712,106732,385,387421,738,2470859,4547,2858280,5285,19,6128,35,14674,7583,8,"East TN",2455501,147.586989376099,0.128109808407206,215.231026173477,44.6752007024228,12.8109808407206
2021-11-30,460296,838,353235,509,107061,329,387926,505,2474226,3367,2862152,3872,64,6192,26,14700,7595,12,"East TN",2455501,154.184421020395,0.12837067983289,157.686761276008,34.1274550488882,12.837067983289
2021-12-01,461378,1082,354005,770,107373,312,388733,807,2479396,5170,2868129,5977,48,6240,32,14732,7616,21,"East TN",2455501,168.234506929543,0.130926916221034,243.412647765161,44.0643274020251,13.0926916221034
2021-12-02,462281,903,354629,624,107652,279,389399,666,2484057,4661,2873456,5327,39,6279,18,14750,7633,17,"East TN",2455501,193.361762019238,0.132175052007088,216.941471414591,36.7745726839452,13.2175052007088
2021-12-03,463300,1019,355365,736,107935,283,390181,782,2489035,4978,2879216,5760,21,6300,25,14775,7645,12,"East TN",2455501,225.49369762016,0.133201328992852,234.57534735274,41.4986595403545,13.3201328992852
2021-12-04,463723,423,355698,333,108025,90,390562,381,2491787,2752,2882349,3133,3,6303,29,14804,7657,12,"East TN",2455501,231.154456870512,0.131784691612239,127.591070009745,17.2266270712168,13.1784691612239
2021-12-05,464108,385,355914,216,108194,169,390793,231,2493719,1932,2884512,2163,12,6315,15,14819,7665,8,"East TN",2455501,234.045923825728,0.130405812735984,88.087929917357,15.6790813768758,13.0405812735984
2021-12-06,465059,951,356559,645,108500,306,391483,690,2497903,4184,2889386,4874,69,6384,32,14851,7679,14,"East TN",2455501,228.100090368524,0.130585739085707,198.493097742579,38.729367245218,13.0585739085707
2021-12-07,465901,842,357092,533,108809,309,392024,541,2501380,3477,2893404,4018,8,6392,27,14878,7684,5,"East TN",2455501,228.262989915296,0.131127607833099,163.632594733213,34.2903545956609,13.1127607833099
2021-12-08,466947,1046,357729,637,109218,409,392681,657,2505996,4616,2898677,5273,4,6396,29,14907,7700,16,"East TN",2455501,226.796893994342,0.129239230064161,214.742327533159,42.5982314810705,12.9239230064161
2021-12-09,467866,919,358349,620,109517,299,393348,667,2510973,4977,2904321,5644,19,6415,30,14937,7714,14,"East TN",2455501,227.448492181433,0.12794427344889,229.85126049633,37.4261708710361,12.794427344889
2021-12-10,468661,795,358897,548,109764,247,393949,601,2515482,4509,2909431,5110,5,6420,22,14959,7728,14,"East TN",2455501,218.326117562159,0.124706271719345,208.10417100217,32.3762849210813,12.4706271719345
2021-12-11,469058,397,359183,286,109875,111,394274,325,2518404,2922,2912678,3247,0,6420,19,14978,7737,9,"East TN",2455501,217.267270508137,0.122391110818029,132.233707092768,16.167780017194,12.2391110818029
2021-12-12,469489,431,359446,263,110043,168,394568,294,2520922,2518,2915490,2812,9,6429,18,14996,7744,7,"East TN",2455501,219.140615296023,0.121860675317968,114.518381381233,17.5524261647623,12.1860675317968
2021-12-13,470371,882,360020,574,110351,308,395171,603,2525524,4602,2920695,5205,23,6452,24,15020,7753,9,"East TN",2455501,216.330598114193,0.11779360567249,211.973035238023,35.9193500633883,11.779360567249
2021-12-14,471127,756,360476,456,110651,300,395654,483,2529546,4022,2925200,4505,36,6488,22,15042,7761,8,"East TN",2455501,212.82825785858,0.1141653038118,183.465614552794,30.7880143400471,11.41653038118
2021-12-15,471997,870,361065,589,110932,281,396282,628,2534349,4803,2930631,5431,19,6507,22,15064,7776,15,"East TN",2455501,205.660677800579,0.112693246541904,221.176859630682,35.4306514230701,11.2693246541904
2021-12-16,472791,794,361575,510,111216,284,396827,545,2538169,3820,2934996,4365,19,6526,22,15086,7793,17,"East TN",2455501,200.570066963931,0.113414832925835,177.764130415748,32.3355600343881,11.3414832925835
2021-12-17,473602,811,362111,536,111491,275,397412,585,2542837,4668,2940249,5253,24,6550,33,15119,7807,14,"East TN",2455501,201.221665151022,0.112369394509702,213.927829799296,33.0278831081722,11.2369394509702
2021-12-18,474173,571,362491,380,111682,191,397838,426,2546182,3345,2944020,3771,0,6550,28,15147,7820,13,"East TN",2455501,208.307795435636,0.113713228256014,153.573547719997,23.2539103018081,11.3713228256014
2021-12-19,474594,421,362772,281,111822,140,398149,311,2548843,2661,2946992,2972,6,6556,16,15163,7829,9,"East TN",2455501,207.900546568704,0.113675322201765,121.034363252143,17.1451772978305,11.3675322201765
2021-12-20,475528,934,363395,623,112133,311,398787,638,2552804,3961,2951591,4599,40,6596,31,15194,7840,11,"East TN",2455501,210.01824067675,0.117037804246504,187.293753901953,38.0370441714339,11.7037804246504
2021-12-21,476539,1011,364052,657,112487,354,399456,669,2557187,4383,2956643,5052,30,6626,28,15222,7850,10,"East TN",2455501,220.403086783512,0.12091721527844,205.742127573966,41.172860446809,12.091721527844
2021-12-22,478025,1486,364783,731,113242,755,400203,747,2561525,4338,2961728,5085,853,7479,37,15259,7866,16,"East TN",2455501,245.489616986513,0.12608933337621,207.086048834841,60.5171816260714,12.608933337621
2021-12-23,479192,1167,365589,806,113603,361,401067,864,2566011,4486,2967078,5350,28,7507,33,15292,7883,17,"East TN",2455501,260.679999723071,0.132161336575026,217.878143808534,47.5259427709457,13.2161336575026
2021-12-24,480130,938,366237,648,113893,290,401774,707,2569847,3836,2971621,4543,0,7507,17,15309,7905,22,"East TN",2455501,265.852060333105,0.139041183220706,185.013160247135,38.1999437182066,13.9041183220706
2021-12-25,480610,480,366520,283,114090,197,402107,333,2571966,2119,2974073,2452,8,7515,19,15328,7913,8,"East TN",2455501,262.146095644025,0.142049046684191,99.8574221716871,19.5479456127283,14.2049046684191
2021-12-26,480953,343,366796,276,114157,67,402427,320,2573841,1875,2976268,2195,62,7577,18,15346,7930,17,"East TN",2455501,258.969554481957,0.146126520016396,89.3911262915389,13.9686361357621,14.6126520016396
2021-12-27,482829,1876,368058,1262,114771,614,403737,1310,2578595,4754,2982332,6064,64,7641,35,15381,7947,17,"East TN",2455501,297.332397746936,0.161022738362448,246.955712907468,76.3998874364132,16.1022738362448
2021-12-28,485256,2427,369501,1443,115755,984,405224,1487,2582973,4378,2988197,5865,18,7659,26,15407,7959,12,"East TN",2455501,354.998837304485,0.182797743550738,238.851460455524,98.8393000043576,18.2797743550738
2021-12-29,488145,2889,371429,1928,116716,961,407227,2003,2588262,5289,2995489,7292,37,7696,30,15437,7974,15,"East TN",2455501,412.135853335022,0.208050709398418,296.965873766698,117.654197656609,20.8050709398418
2021-12-30,490972,2827,373215,1786,117757,1041,409050,1823,2592725,4463,3001775,6286,14,7710,33,15470,7989,15,"East TN",2455501,479.739165245708,0.230077528316569,255.996637753355,115.129254681631,23.0077528316569
2021-12-31,493495,2523,375029,1814,118466,709,410997,1947,2597558,4833,3008555,6780,0,7710,24,15494,8008,19,"East TN",2455501,544.288110654404,0.249715709102724,276.114731779788,102.748889126903,24.9715709102724
2022-01-01,494954,1459,376258,1229,118696,230,412336,1339,2601208,3650,3013544,4989,0,7710,32,15526,8016,8,"East TN",2455501,584.157774727031,0.25915228902232,203.176459712295,59.4176096853555,25.915228902232
2022-01-02,496418,1464,377220,962,119198,502,413559,1223,2604224,3016,3017783,4239,6,7716,26,15552,8036,20,"East TN",2455501,629.810372710091,0.26814404432133,172.632794692407,59.6212341188214,26.814404432133
2022-01-03,499314,2896,379403,2183,119911,713,415785,2226,2608395,4171,3024180,6397,33,7749,36,15588,8050,14,"East TN",2455501,671.349757137138,0.28789906327662,260.517100176298,117.939271863461,28.789906327662
2022-01-04,503489,4175,381857,2454,121632,1721,418176,2391,2613632,5237,3031808,7628,14,7763,42,15630,8068,18,"East TN",2455501,742.536859076824,0.296989291692463,310.649435695608,170.026401944043,29.6989291692463
2022-01-05,508425,4936,385271,3414,123154,1522,421678,3502,2618866,5234,3040544,8736,15,7778,44,15674,8093,25,"East TN",2455501,825.900702137772,0.320741316169127,355.772610151655,201.018040717556,32.0741316169127
2022-01-06,513593,5168,388743,3472,124850,1696,425327,3649,2624477,5611,3049804,9260,11,7789,42,15716,8113,20,"East TN",2455501,921.237661886515,0.338899414936809,377.112450778884,210.466214430375,33.8899414936809
2022-01-07,517971,4378,391973,3230,125998,1148,428605,3278,2629161,4684,3057766,7962,12,7801,37,15753,8135,22,"East TN",2455501,996.782326702372,0.357806181544777,324.251547851131,178.29355394276,35.7806181544777
2022-01-08,521119,3148,394399,2426,126720,722,431209,2604,2633923,4762,3065132,7366,1,7802,41,15794,8155,20,"East TN",2455501,1065.56666032716,0.365840893230984,299.979515381993,128.201943310143,36.5840893230984
2022-01-09,524623,3504,397083,2684,127540,820,434108,2899,2638925,5002,3073033,7901,15,7817,42,15836,8173,18,"East TN",2455501,1148.64542918125,0.371927601809955,321.767329762847,142.700002972917,37.1927601809955
2022-01-10,529265,4642,400152,3069,129113,1573,437348,3240,2643703,4778,3081051,8018,29,7846,60,15896,8206,33,"East TN",2455501,1219.75108134755,0.379156336269804,326.532141505949,189.04492402976,37.9156336269804
2022-01-11,534871,5606,404191,4039,130680,1567,441485,4137,2648892,5189,3090377,9326,30,7876,49,15945,8231,25,"East TN",2455501,1278.0283942055,0.39797503798938,379.800293300634,228.303714801989,39.797503798938
2022-01-12,540566,5695,408179,3988,132387,1707,445653,4168,2653661,4769,3099314,8937,16,7892,31,15976,8253,22,"East TN",2455501,1308.93858320563,0.407946231070274,363.958312376985,231.928229717683,40.7946231070274
2022-01-13,547901,7335,413427,5248,134474,2087,451133,5480,2660588,6927,3111721,12407,65,7957,47,16023,8269,16,"East TN",2455501,1397.18941266976,0.416783758903048,505.273669202334,298.717043894505,41.6783758903048
2022-01-14,554413,6512,418210,4783,136203,1729,456066,4933,2666468,5880,3122534,10813,69,8026,38,16061,8301,32,"East TN",2455501,1484.09632087301,0.423990242094862,440.358199813399,265.200462146014,42.3990242094862
2022-01-15,558961,4548,421604,3394,137357,1154,459680,3614,2671557,5089,3131237,8703,9,8035,37,16098,8315,14,"East TN",2455501,1541.11116224347,0.430693593525452,354.42868889078,185.216784680601,43.0693593525452
2022-01-16,562824,3863,424930,3326,137894,537,463175,3495,2676205,4648,3139380,8143,7,8042,37,16135,8333,18,"East TN",2455501,1555.73139656632,0.438105716912596,331.622752342597,157.32023729577,43.8105716912596
2022-01-17,567461,4637,428261,3331,139200,1306,466644,3469,2680940,4735,3147584,8204,15,8057,41,16176,8356,23,"East TN",2455501,1555.52777213286,0.440322847308854,334.106970430882,188.841299596294,44.0322847308854
2022-01-18,573424,5963,431937,3676,141487,2287,470383,3739,2684401,3461,3154784,7200,49,8106,46,16222,8387,31,"East TN",2455501,1570.06655668232,0.448677938733367,293.219184190925,242.842499351456,44.8677938733368
2022-01-19,581739,8315,437946,6009,143793,2306,476561,6178,2690249,5848,3166810,12026,22,8128,50,16272,8419,32,"East TN",2455501,1676.76575981846,0.457923432499704,489.757487372231,338.627432853825,45.7923432499704
2022-01-20,590032,8293,444008,6062,146024,2231,482836,6275,2695966,5717,3178802,11992,44,8172,40,16312,8453,34,"East TN",2455501,1715.78020127053,0.472607742878013,488.372841224663,337.731485346575,47.2607742878013
2022-01-21,597338,7306,449620,5612,147718,1694,488717,5881,2701688,5722,3190405,11603,53,8225,30,16342,8484,31,"East TN",2455501,1748.11576130492,0.481074391124339,472.530860301014,297.536022180402,48.1074391124339
2022-01-22,603345,6007,454490,4870,148855,1137,493881,5164,2707775,6087,3201656,11251,0,8225,54,16396,8511,27,"East TN",2455501,1807.53337099028,0.485678581064769,458.195700185013,244.634394365956,48.5678581064769
2022-01-23,606947,3602,457467,2977,149480,625,497024,3143,2711044,3269,3208068,6412,6,8231,31,16427,8544,33,"East TN",2455501,1796.90417556336,0.492793501048218,261.127973476696,146.691041868849,49.2793501048218
2022-01-24,613641,6694,462153,4686,151488,2008,501989,4965,2716424,5380,3218413,10345,37,8268,43,16470,8579,35,"East TN",2455501,1880.67526749124,0.499018763500826,421.298952840988,272.612391524174,49.9018763500826
2022-01-25,619350,5709,466233,4080,153117,1629,506253,4264,2721077,4653,3227330,8917,30,8298,36,16506,8608,29,"East TN",2455501,1870.33114627117,0.494444903923028,363.143814643122,232.498378131387,49.4444903923028
2022-01-26,625163,5813,470663,4430,154500,1383,510933,4680,2725970,4893,3236903,9573,27,8325,37,16543,8642,34,"East TN",2455501,1768.43747976482,0.490377070463527,389.85934031385,236.733766347479,49.0377070463527
2022-01-27,632424,7261,476433,5770,155991,1491,517077,6144,2733123,7153,3250200,13297,29,8354,52,16595,8687,45,"East TN",2455501,1726.40939669746,0.479579259923247,541.518818359268,295.703402279209,47.9579259923247
2022-01-28,637387,4963,480139,3706,157248,1257,521010,3933,2737962,4839,3258972,8772,38,8392,41,16636,8721,34,"East TN",2455501,1630.99098717533,0.470970000145843,357.23870607261,202.117612658272,47.0970000145843
2022-01-29,641456,4069,483412,3273,158044,796,524556,3546,2743393,5431,3267949,8977,5,8397,32,16668,8759,38,"East TN",2455501,1552.06615676394,0.462718537402139,365.587307844713,165.709563954566,46.2718537402139
2022-01-30,643526,2070,484922,1510,158604,560,526152,1596,2745871,2478,3272023,4074,17,8414,23,16691,8804,45,"East TN",2455501,1489.67563034998,0.455445234930811,165.913188388032,84.3005154548909,45.5445234930811
2022-01-31,647437,3911,487386,2464,160051,1447,528723,2571,2748804,2933,3277527,5504,68,8482,38,16729,8841,37,"East TN",2455501,1376.33827068285,0.452244815103021,224.149776359285,159.275031857043,45.2244815103021
2022-02-01,652406,4969,490910,3524,161496,1445,532627,3904,2754063,5259,3286690,9163,28,8510,38,16767,8873,32,"East TN",2455501,1346.20185452989,0.444305929919137,373.162136769645,202.361961978431,44.4305929919137
2022-02-02,657123,4717,494425,3515,162698,1202,536382,3755,2758964,4901,3295346,8656,21,8531,46,16813,8915,42,"East TN",2455501,1301.56737871416,0.435449925568503,352.514619216201,192.099290531749,43.5449925568503
2022-02-03,666062,8939,497102,2677,168960,6262,539208,2826,2763317,4353,3302525,7179,26,8557,41,16854,8943,28,"East TN",2455501,1369.90373858532,0.422952699474439,292.363961570368,364.039762150372,42.2952699474439
2022-02-04,669600,3538,499627,2525,169973,1013,541955,2747,2767908,4591,3309863,7338,12,8569,36,16890,8972,29,"East TN",2455501,1311.87077504754,0.41156589573795,298.839218554584,144.084649120485,41.156589573795
2022-02-05,671278,1678,500813,1186,170465,492,543290,1335,2770533,2625,3313823,3960,3,8572,26,16916,9017,45,"East TN",2455501,1214.49757096413,0.408379474211972,161.270551305009,68.3363598711627,40.8379474211972
2022-02-06,672587,1309,501761,948,170826,361,544378,1088,2773185,2652,3317563,3740,1,8573,34,16950,9048,31,"East TN",2455501,1183.50593219062,0.400219587176109,152.311076232508,53.3088766813779,40.0219587176109
2022-02-07,675399,2812,503596,1835,171803,977,546352,1974,2776071,2886,3322423,4860,50,8623,39,16989,9081,33,"East TN",2455501,1138.74928171481,0.392663043478261,197.922949328874,114.518381381233,39.2663043478261
2022-02-08,678069,2670,505309,1713,172760,957,548242,1890,2778738,2667,3326980,4557,21,8644,43,17032,9118,37,"East TN",2455501,1045.12276720718,0.387565152643336,185.583308660839,108.735447470801,38.7565152643336
2022-02-09,680982,2913,507394,2085,173588,828,550554,2312,2782409,3671,3332963,5983,26,8670,26,17058,9151,33,"East TN",2455501,971.655071612677,0.376744556982215,243.65699708532,118.631594937245,37.6744556982215
2022-02-10,683496,2514,509179,1785,174317,729,552528,1974,2785618,3209,3338146,5183,28,8698,30,17088,9187,36,"East TN",2455501,709.99767460897,0.373936722719744,211.077087730773,102.382365146665,37.3936722719744
2022-02-11,685799,2303,510909,1730,174890,573,554430,1902,2788982,3364,3343412,5266,31,8729,40,17128,9217,30,"East TN",2455501,659.702439542888,0.371844168231542,214.457253326307,93.7894140544027,37.1844168231542
2022-02-12,686730,931,511594,685,175136,246,555210,780,2791484,2502,3346694,3282,3,8732,17,17145,9259,42,"East TN",2455501,629.280949183079,0.36262967357245,133.65907812703,37.9148695113543,36.262967357245
2022-02-13,687305,575,512009,415,175296,160,555693,483,2792885,1401,3348578,1884,35,8767,9,17154,9281,22,"East TN",2455501,599.388882350282,0.3648234725133,76.7256865299587,23.4168098485808,36.48234725133
2022-02-14,689550,2245,513442,1433,176108,812,557313,1620,2795892,3007,3353205,4627,146,8913,24,17178,9312,31,"East TN",2455501,576.297871595247,0.356084724839192,188.434050729362,91.4273706261981,35.6084724839192
2022-02-15,691446,1896,514841,1399,176605,497,558849,1536,2798757,2865,3357606,4401,37,8950,28,17206,9342,30,"East TN",2455501,544.776809294722,0.346339711356364,179.230226336703,77.2143851702769,34.6339711356364
2022-02-16,693213,1767,516077,1236,177136,531,560221,1372,2801963,3206,3362184,4578,14,8964,19,17225,9364,22,"East TN",2455501,498.106089144333,0.330823722665207,186.438531281396,71.9608747868561,33.0823722665207
2022-02-17,695006,1793,517350,1273,177656,520,561621,1400,2805486,3523,3367107,4923,13,8977,21,17246,9386,22,"East TN",2455501,468.743445838548,0.313973964987397,200.488617190545,73.0197218408789,31.3973964987397
2022-02-18,696188,1182,518076,726,178112,456,562458,837,2808451,2965,3370909,3802,8,8985,9,17255,9414,28,"East TN",2455501,423.090847855489,0.291959122813398,154.836019207486,48.1368160713435,29.1959122813398
2022-02-19,696724,536,518419,343,178305,193,562870,412,2810553,2102,3373423,2514,1,8986,15,17270,9445,31,"East TN",2455501,407.004517611681,0.286580118971903,102.382365146665,21.8285392675466,28.6580118971903
2022-02-20,697093,369,518651,232,178442,137,563142,272,2811989,1436,3375131,1708,8,8994,5,17275,9461,16,"East TN",2455501,398.615190952885,0.280533273076489,69.5581064719583,15.0274831897849,28.0533273076488
2022-02-21,697818,725,519061,410,178757,315,563586,444,2813540,1551,3377126,1995,7,9001,13,17288,9481,20,"East TN",2455501,336.713363179245,0.262238200744116,81.2461489529021,29.5255428525584,26.2238200744116
2022-02-22,698993,1175,519713,652,179280,523,564314,728,2815891,2351,3380205,3079,44,9045,21,17309,9499,18,"East TN",2455501,307.35071987346,0.241824859507058,125.391926128314,47.8517418644912,24.1824859507058
2022-02-23,699860,867,520186,473,179674,394,564847,533,2818488,2597,3383335,3130,80,9125,8,17317,9526,27,"East TN",2455501,270.698321849594,0.218713063212141,127.468895349666,35.3084767629905,21.8713063212141
2022-02-24,700720,860,520676,490,180044,370,565414,567,2820990,2502,3386404,3069,50,9175,13,17330,9545,19,"East TN",2455501,232.702002564853,0.196559050629632,124.984677261382,35.0234025561382,19.6559050629632
2022-02-25,701486,766,521130,454,180356,312,565921,507,2823367,2377,3389288,2884,5,9180,23,17353,9561,16,"East TN",2455501,215.760449700489,0.18842156809402,117.450573223143,31.1952632069789,18.842156809402
2022-02-26,701743,257,521312,182,180431,75,566139,218,2825104,1737,3391243,1955,0,9180,6,17359,9578,17,"East TN",2455501,204.39820631309,0.1834455667789,79.6171534851747,10.4662958801483,18.34455667789
2022-02-27,701766,23,521334,22,180432,1,566169,30,2825459,355,3391628,385,4,9184,2,17361,9596,18,"East TN",2455501,190.307395517249,0.183487906892162,15.6790813768758,0.936672393943232,18.3487906892162
2022-02-28,702633,867,521794,460,180839,407,566683,514,2828148,2689,3394831,3203,27,9211,17,17378,9617,21,"East TN",2455501,196.090329427681,0.174922338322508,130.441812078268,35.3084767629905,17.4922338322508
2022-03-01,703400,767,522159,365,181241,402,567087,404,2830367,2219,3397454,2623,28,9239,16,17394,9630,13,"East TN",2455501,179.474575656862,0.160762942779292,106.821377796222,31.2359880936721,16.0762942779292
2022-03-02,703859,459,522425,266,181434,193,567398,311,2832680,2313,3400078,2624,8,9247,9,17403,9651,21,"East TN",2455501,162.858821886043,0.152362181210058,106.862102682915,18.6927229921715,15.2362181210058
2022-03-03,704215,356,522611,186,181604,170,567619,221,2834636,1956,3402255,2177,15,9262,10,17413,9665,14,"East TN",2455501,142.333478992678,0.139107942716548,88.6580783310616,14.4980596627735,13.9107942716548
2022-03-04,704550,335,522823,212,181727,123,567883,264,2836879,2243,3404762,2507,10,9272,8,17421,9672,7,"East TN",2455501,124.781052827916,0.126793330748352,102.097290939812,13.6428370422166,12.6793330748352
2022-03-05,704691,141,522925,102,181766,39,567999,116,2838591,1712,3406590,1828,0,9272,6,17427,9687,15,"East TN",2455501,120.056965971506,0.121196325014661,74.4450928751403,5.74220902373894,12.1196325014661
2022-03-06,704790,99,522984,59,181806,40,568071,72,2839803,1212,3407874,1284,2,9274,4,17431,9696,9,"East TN",2455501,123.152057360188,0.117074972300874,52.2907545140483,4.03176378262522,11.7074972300874
2022-03-07,705056,266,523158,174,181898,92,568283,212,2841507,1704,3409790,1916,13,9287,8,17439,9706,10,"East TN",2455501,98.6764004575848,0.106959021324955,78.0288829041405,10.8328198603869,10.6959021324955
2022-03-08,705319,263,523256,98,182063,165,568406,123,2843259,1752,3411665,1875,27,9314,9,17448,9722,16,"East TN",2455501,78.1510575642201,0.0928154246710295,76.35916254972,10.7106452003074,9.28154246710295
2022-03-09,705613,294,523382,126,182231,168,568555,149,2845271,2012,3413826,2161,23,9337,7,17455,9731,9,"East TN",2455501,71.4314512598447,0.084157695664824,88.0064801439706,11.9731166877961,8.4157695664824
2022-03-10,705799,186,523480,98,182319,88,568684,129,2847367,2096,3416051,2225,75,9412,2,17457,9739,8,"East TN",2455501,64.5082205220035,0.0771962887793563,90.6128728923344,7.57482892493222,7.71962887793563
2022-03-11,706011,212,523570,90,182441,122,568788,104,2849557,2190,3418345,2294,79,9491,5,17462,9754,15,"East TN",2455501,59.4990594587418,0.0666274018994331,93.4228900741641,8.63367597895501,6.66274018994331
2022-03-12,706080,69,523605,35,182475,34,568829,41,2850842,1285,3419671,1326,0,9491,3,17465,9762,8,"East TN",2455501,56.5668676168326,0.0634508065132635,54.001199755162,2.8100171818297,6.34508065132635
2022-03-13,706173,93,523658,53,182515,40,568899,70,2852451,1609,3421350,1679,4,9495,5,17470,9767,5,"East TN",2455501,56.3225182966735,0.0614425645592164,68.3770847578559,3.78741446246611,6.14425645592164
2022-03-14,706331,158,523742,84,182589,74,569005,106,2853536,1085,3422541,1191,69,9564,3,17473,9777,10,"East TN",2455501,51.9242305338096,0.0566230099600031,48.5033400515821,6.43453209752307,5.66230099600031
2022-03-15,706517,186,523820,78,182697,108,569096,91,2854969,1433,3424065,1524,4,9568,1,17474,9785,8,"East TN",2455501,48.7884142584344,0.0556451612903226,62.0647273204124,7.57482892493222,5.56451612903226
2022-03-16,706674,157,523914,94,182760,63,569206,110,2856537,1568,3425743,1678,10,9578,5,17479,9791,6,"East TN",2455501,43.2091047814682,0.05462784257783,68.3363598711627,6.39380721082989,5.462784257783
2022-03-17,706818,144,524009,95,182809,49,569322,116,2857837,1300,3427159,1416,7,9585,1,17480,9799,8,"East TN",2455501,41.4986595403545,0.0574360821029888,57.6664395575485,5.8643836838185,5.74360821029888
2022-03-18,706961,143,524097,88,182864,55,569416,94,2859328,1491,3428744,1585,2,9587,1,17481,9810,11,"East TN",2455501,38.6886423585248,0.0603904221559765,64.5489454086966,5.82365879712531,6.03904221559765
2022-03-19,707034,73,524155,58,182879,15,569482,66,2860501,1173,3429983,1239,0,9587,1,17482,9815,5,"East TN",2455501,38.8515419052975,0.0633242823894492,50.458134612855,2.97291672860243,6.33242823894492
2022-03-20,707100,66,524204,49,182896,17,569540,58,2861156,655,3430696,713,3,9590,0,17482,9820,5,"East TN",2455501,37.7519699645816,0.0685854911191954,29.0368442122402,2.68784252175014,6.85854911191954
2022-03-21,707198,98,524270,66,182928,32,569618,78,2862045,889,3431663,967,16,9606,1,17483,9826,6,"East TN",2455501,35.3084767629905,0.0672001754001316,39.3809654323089,3.99103889593203,6.72001754001316
2022-03-22,707282,84,524325,55,182957,29,569681,63,2863048,1003,3432729,1066,2,9608,5,17488,9830,4,"East TN",2455501,31.1545383202858,0.0675207756232687,43.4127292149341,3.42089048222746,6.75207756232687
2022-03-23,707377,95,524398,73,182979,22,569760,79,2864491,1443,3434251,1522,11,9619,0,17488,9840,10,"East TN",2455501,28.6295953453083,0.0651151857075693,61.983277547026,3.86886423585248,6.51151857075693
2022-03-24,707481,104,524432,34,183049,70,569803,43,2865576,1085,3435379,1128,5,9624,0,17488,9845,5,"East TN",2455501,27.000599877581,0.0585158150851582,45.9376721899116,4.23538821609114,5.85158150851581
2022-03-25,707546,65,524478,46,183068,19,569860,57,2867030,1454,3436890,1511,0,9624,2,17490,9846,1,"East TN",2455501,23.8240587155126,0.0545052786643752,61.535303793401,2.64711763505696,5.45052786643752
2022-03-26,707588,42,524512,34,183076,8,569900,40,2868027,997,3437927,1037,0,9624,1,17491,9851,5,"East TN",2455501,22.5615872280239,0.0526183282980866,42.2317075008318,1.71044524111373,5.26183282980866
2022-03-27,707609,21,524527,15,183082,6,569917,17,2868473,446,3438390,463,2,9626,3,17494,9854,3,"East TN",2455501,20.7289673268307,0.0489992201715623,18.8556225389442,0.855222620556864,4.89992201715622
2022-03-28,707722,113,524575,48,183147,65,569979,62,2869895,1422,3439874,1484,30,9656,1,17495,9859,5,"East TN",2455501,21.3398406272284,0.0439654122518573,60.4357318526851,4.60191219632979,4.39654122518573
2022-03-29,707836,114,524630,55,183206,59,570039,60,2871005,1110,3441044,1170,6,9662,0,17495,9867,8,"East TN",2455501,22.5615872280239,0.0430547203848467,47.6481174310253,4.64263708302298,4.30547203848467
2022-03-30,707935,99,524687,57,183248,42,570103,64,2872385,1380,3442488,1444,6,9668,2,17497,9873,6,"East TN",2455501,22.7244867747967,0.0416413742867549,58.8067363849577,4.03176378262522,4.16413742867549
2022-03-31,708020,85,524743,56,183277,29,570171,68,2873568,1183,3443739,1251,8,9676,0,17497,9874,1,"East TN",2455501,21.9507139276262,0.0440191387559809,50.9468332531732,3.46161536892064,4.40191387559809
2022-04-01,708116,96,524796,53,183320,43,570234,63,2874845,1277,3445079,1340,15,9691,0,17497,9876,2,"East TN",2455501,23.2131854151149,0.0456710221028209,54.5713481688666,3.90958912254566,4.56710221028209
2022-04-02,708206,90,524823,27,183383,63,570265,31,2875647,802,3445912,833,0,9691,1,17498,9881,5,"East TN",2455501,25.1679799763877,0.0457107075767063,33.9238306154223,3.66523980238656,4.57107075767063
2022-04-03,708231,25,524834,11,183397,14,570282,17,2876127,480,3446409,497,10,9701,0,17498,9884,3,"East TN",2455501,25.3308795231604,0.0455168973687492,20.2402686865124,1.0181221673296,4.55168973687492
2022-04-04,708322,91,524886,52,183436,39,570341,59,2877135,1008,3447476,1067,51,9752,4,17502,9886,2,"East TN",2455501,24.4349320159104,0.0476190476190476,43.4534541016273,3.70596468907974,4.76190476190476
2022-04-05,708419,97,524927,41,183492,56,570390,49,2878150,1015,3448540,1064,36,9788,1,17503,9889,3,"East TN",2455501,23.7426089421263,0.0468249733191035,43.3312794415478,3.95031400923885,4.68249733191035
2022-04-06,708518,99,524981,54,183537,45,570452,62,2879317,1167,3449769,1229,0,9788,0,17503,9893,4,"East TN",2455501,23.7426089421263,0.0479329762395275,50.0508857459231,4.03176378262522,4.79329762395275
2022-04-07,708704,186,525028,47,183676,139,570506,54,2880430,1113,3450936,1167,54,9842,1,17504,9893,0,"East TN",2455501,27.8558224981379,0.0465471724329582,47.5259427709457,7.57482892493222,4.65471724329582
2022-04-08,708774,70,525079,51,183695,19,570561,55,2881649,1219,3452210,1274,6,9848,0,17504,9895,2,"East TN",2455501,26.7969754441151,0.0458561211611275,51.8835056471164,2.85074206852288,4.58561211611275
2022-04-09,708830,56,525109,30,183721,26,570602,41,2882510,861,3453112,902,0,9848,0,17504,9896,1,"East TN",2455501,25.4123292965468,0.0468055555555556,36.733847797252,2.2805936548183,4.68055555555556
2022-04-10,708897,67,525145,36,183752,31,570645,43,2883143,633,3453788,676,1,9849,1,17505,9897,1,"East TN",2455501,27.1227745376605,0.049193657677192,27.5300234045924,2.72856740844333,4.9193657677192
2022-04-11,709001,104,525211,66,183790,38,570720,75,2884050,907,3454770,982,5,9854,2,17507,9900,3,"East TN",2455501,27.6521980646719,0.0519605154921854,39.9918387327067,4.23538821609114,5.19605154921854
2022-04-12,709094,93,525269,58,183825,35,570790,70,2885063,1013,3455853,1083,26,9880,2,17509,9902,2,"East TN",2455501,27.4892985178992,0.0546971147271981,44.1050522887183,3.78741446246611,5.46971147271981
2022-04-13,709220,126,525349,80,183871,46,570876,86,2886256,1193,3457132,1279,0,9880,0,17509,9904,2,"East TN",2455501,28.5888704586152,0.0575852234143691,52.0871300805823,5.13133572334118,5.75852234143691
2022-04-14,709323,103,525396,47,183927,56,570928,52,2887291,1035,3458219,1087,3,9883,0,17509,9906,2,"East TN",2455501,25.2087048630809,0.0579431552931484,44.267951835491,4.19466332939795,5.79431552931484
2022-04-15,709398,75,525447,51,183951,24,570990,62,2888324,1033,3459314,1095,1,9884,1,17510,9906,0,"East TN",2455501,25.4123292965468,0.0603885135135135,44.5937509290365,3.0543665019888,6.03885135135135
2022-04-16,709458,60,525493,46,183965,14,571043,53,2889068,744,3460111,797,0,9884,0,17510,9907,1,"East TN",2455501,25.5752288433196,0.063009001285898,32.4577346944676,2.44349320159104,6.3009001285898
2022-04-17,709496,38,525519,26,183977,12,571076,33,2889668,600,3460744,633,0,9884,0,17510,9907,0,"East TN",2455501,24.3942071292172,0.06196089706728,25.7788532767855,1.54754569434099,6.196089706728
2022-04-18,709728,232,525646,127,184082,105,571214,138,2890552,884,3461766,1022,-1,9883,1,17511,9907,0,"East TN",2455501,29.6069926259448,0.070611778158948,41.620834200434,9.44817371281869,7.0611778158948
2022-04-19,709846,118,525709,63,184137,55,571278,64,2891510,958,3462788,1022,2,9885,0,17511,9908,1,"East TN",2455501,30.6251147932744,0.0703677000720981,41.620834200434,4.80553662979571,7.03677000720981
2022-04-20,709986,140,525800,91,184186,49,571379,101,2892940,1430,3464319,1531,8,9893,1,17512,9909,1,"East TN",2455501,31.1952632069789,0.0699874773897315,62.3498015272647,5.70148413704576,6.99874773897315
2022-04-21,710105,119,525880,80,184225,39,571467,88,2894082,1142,3465549,1230,5,9898,1,17513,9910,1,"East TN",2455501,31.8468613940699,0.0735334242837653,50.0916106326163,4.8462615164889,7.35334242837653
2022-04-22,710227,122,525962,82,184265,40,571556,89,2895162,1080,3466718,1169,3,9901,0,17513,9910,0,"East TN",2455501,33.7609310686495,0.0764451647757969,47.6073925443321,4.96843617656845,7.64451647757969
2022-04-23,710303,76,526007,45,184296,31,571604,48,2896019,857,3467623,905,0,9901,0,17513,9910,0,"East TN",2455501,34.4125292557405,0.0746805111821086,36.8560224573315,3.09509138868198,7.46805111821086
2022-04-24,710374,71,526047,40,184327,31,571650,46,2896686,667,3468336,713,2,9903,1,17514,9914,4,"East TN",2455501,35.7564505166156,0.0756059009483667,29.0368442122402,2.89146695521606,7.56059009483667
2022-04-25,710566,192,526146,99,184420,93,571748,98,2897421,735,3469169,833,0,9903,4,17518,9916,2,"East TN",2455501,34.1274550488882,0.0721329190868567,33.9238306154223,7.81917824509133,7.21329190868567
2022-04-26,710743,177,526256,110,184487,67,571869,121,2898656,1235,3470525,1356,0,9903,0,17518,9917,1,"East TN",2455501,36.530223363786,0.0763861962000776,55.2229463559575,7.20830494469357,7.63861962000776
2022-04-27,710934,191,526354,98,184580,93,571970,101,2899851,1195,3471821,1296,0,9903,2,17520,9917,0,"East TN",2455501,38.6071925851384,0.0787789922687283,52.7794531543665,7.77845335839814,7.87789922687283
2022-04-28,711088,154,526444,90,184644,64,572069,99,2901012,1161,3473081,1260,4,9907,1,17521,9919,2,"East TN",2455501,40.0325636193999,0.0799256505576208,51.3133572334118,6.27163255075034,7.99256505576208
2022-04-29,711225,137,526529,85,184696,52,572161,92,2902174,1162,3474335,1254,2,9909,0,17521,9919,0,"East TN",2455501,40.6434369197976,0.0794275961664697,51.0690079132527,5.57930947696621,7.94275961664697
2022-04-30,711299,74,526584,55,184715,19,572223,62,2902904,730,3475127,792,0,9909,0,17521,9919,0,"East TN",2455501,40.5619871464113,0.0824893390191898,32.2541102610017,3.01364161529562,8.24893390191898
2022-05-01,711355,56,526617,33,184738,23,572256,33,2903397,493,3475653,526,0,9909,0,17521,9919,0,"East TN",2455501,39.9511138460135,0.0828208282082821,21.4212904006148,2.2805936548183,8.28208282082821
2022-05-02,711541,186,526746,129,184795,57,572402,146,2904423,1026,3476825,1172,6,9915,2,17523,9919,0,"East TN",2455501,39.7067645258544,0.085423197492163,47.7295672044116,7.57482892493222,8.5423197492163
2022-05-03,711725,184,526852,106,184873,78,572522,120,2905370,947,3477892,1067,3,9918,1,17524,9919,0,"East TN",2455501,39.9918387327067,0.0886385231437491,43.4534541016273,7.49337915154586,8.86385231437492
2022-05-04,711985,260,527020,168,184965,92,572698,176,2906645,1275,3479343,1451,3,9921,1,17525,9919,0,"East TN",2455501,42.8018559145364,0.0967827705397501,59.09181059181,10.5884705402278,9.67827705397501
2022-05-05,712203,218,527160,140,185043,78,572849,151,2907766,1121,3480615,1272,1,9922,1,17526,9919,0,"East TN",2455501,45.4082486629002,0.103530661003451,51.80205587373,8.87802529911411,10.3530661003451
2022-05-06,712428,225,527302,142,185126,83,573001,152,2908984,1218,3481985,1370,1,9923,0,17526,9920,1,"East TN",2455501,48.9920386919003,0.109803921568627,55.7930947696621,9.1630995059664,10.9803921568627
2022-05-07,712545,117,527381,79,185164,38,573092,91,2909856,872,3482948,963,0,9923,0,17526,9920,0,"East TN",2455501,50.7432088197073,0.111111111111111,39.2180658855362,4.76481174310253,11.1111111111111
