"DATE","TOTAL_CASES","NEW_CASES","TOTAL_CONFIRMED","NEW_CONFIRMED","TOTAL_PROBABLE","NEW_PROBABLE","POS_TESTS","NEW_POS_TESTS","NEG_TESTS","NEW_NEG_TESTS","TOTAL_TESTS","NEW_TESTS","NEW_DEATHS","TOTAL_DEATHS","NEW_ACTIVE","TOTAL_ACTIVE","NEW_INACTIVE_RECOVERED","TOTAL_INACTIVE_RECOVERED","NEW_HOSPITALIZED","TOTAL_HOSPITALIZED","TOTAL_DEATHS_BY_DOD","Region","Population","New_cases_per_100k_per_week","PositivityRate_per_week","Tests_per_100k","New_cases_per_100k","Active_cases_per_100k","PositivityPercentage_per_week"
2021-12-02,81372,129,64539,79,16833,50,70396,82,471217,794,541613,876,0,958,29,1014,100,79400,0,2115,958,"Knox County",470313,NA,NA,186.258938196478,27.4285422686594,215.601099693183,NA
2021-12-01,81243,187,64460,138,16783,49,70314,148,470423,1009,540737,1157,4,958,94,985,89,79300,3,2115,958,"Knox County",470313,NA,NA,246.006382983247,39.7607550716225,209.434993291702,NA
2021-11-30,81056,116,64322,63,16734,53,70166,68,469414,693,539580,761,3,954,21,891,92,79211,5,2112,957,"Knox County",470313,NA,NA,161.807136949223,24.6644256059263,189.448303576554,NA
2021-11-29,80940,165,64259,126,16681,39,70098,139,468721,967,538819,1106,2,951,76,870,87,79119,1,2107,955,"Knox County",470313,NA,NA,235.162540690987,35.0830191808434,184.983192044447,NA
2021-11-28,80775,33,64133,21,16642,12,69959,22,467754,270,537713,292,3,949,-19,794,49,79032,5,2106,954,"Knox County",470313,NA,NA,62.0863127321592,7.01660383616868,168.823740785392,NA
2021-11-27,80742,59,64112,30,16630,29,69937,32,467484,266,537421,298,0,946,-1,813,60,78983,1,2101,954,"Knox County",470313,NA,NA,63.3620588841899,12.5448371616349,172.863603600156,NA
2021-11-26,80683,20,64082,18,16601,2,69905,20,467218,298,537123,318,0,946,-43,814,63,78923,3,2100,954,"Knox County",470313,150.750670298291,0.106281198003328,67.6145460576254,4.25248717343556,173.076227958827,10.6281198003328
2021-11-25,80663,53,64064,26,16599,27,69885,29,466920,331,536805,360,0,946,-14,857,67,78860,3,2097,954,"Knox County",470313,134.591219039236,0.106710158434296,76.5447691218401,11.2690910096042,182.219075381714,10.6710158434296
2021-11-24,80610,105,64038,66,16572,39,69856,73,466589,742,536445,815,0,946,19,871,86,78793,2,2094,952,"Knox County",470313,117.15602162815,0.0969620253164557,173.288852317499,22.3255576605367,185.195816403119,9.69620253164557
2021-11-23,80505,99,63972,63,16533,36,69783,65,465847,674,535630,739,0,946,37,852,62,78707,1,2092,949,"Knox County",470313,113.54140753073,0.0967413441955193,157.129401058444,21.049811508506,181.155953588355,9.67413441955193
2021-11-22,80406,107,63909,82,16497,25,69718,82,465173,740,534891,822,0,946,37,815,70,78645,2,2091,949,"Knox County",470313,101.209194727766,0.0886388583973655,174.777222828202,22.7508063778803,173.288852317499,8.86388583973655
2021-11-21,80299,44,63827,30,16472,14,69636,37,464433,284,534069,321,0,946,-9,778,53,78575,2,2089,949,"Knox County",470313,103.548062673156,0.0920228695888919,68.2524191336408,9.35547178155824,165.421751046643,9.20228695888919
2021-11-20,80255,54,63797,37,16458,17,69599,44,464149,537,533748,581,0,946,14,787,40,78522,1,2087,949,"Knox County",470313,102.484940879797,0.0884732052578362,123.534752388303,11.481715368276,167.335370274689,8.84732052578362
2021-11-19,80201,112,63760,83,16441,29,69555,81,463612,825,533167,906,0,946,62,773,50,78482,0,2086,949,"Knox County",470313,122.046381877601,0.0904489436619718,192.637668956631,23.8139281712392,164.358629253285,9.04489436619718
2021-11-18,80089,80,63677,43,16412,37,69474,49,462787,937,532261,986,3,946,18,711,59,78432,0,2086,949,"Knox County",470313,127.787239561739,0.0833655705996132,209.647617650373,17.0099486937423,151.175919015634,8.33655705996132
2021-11-17,80009,105,63634,64,16375,41,69425,66,461850,834,531275,900,0,943,46,693,59,78373,1,2086,949,"Knox County",470313,127.787239561739,0.0806850618458611,191.3619228046,22.3255576605367,147.348680559542,8.06850618458611
2021-11-16,79904,72,63570,49,16334,23,69359,66,461016,777,530375,843,0,943,8,647,64,78314,1,2085,949,"Knox County",470313,122.046381877601,0.0793058406419108,179.242334360309,15.308953824368,137.56796006064,7.93058406419108
2021-11-15,79832,84,63521,43,16311,41,69293,34,460239,460,529532,494,3,943,22,639,59,78250,0,2084,948,"Knox County",470313,117.15602162815,0.0749354005167959,105.036433183858,17.8604461284294,135.866965191266,7.49354005167959
2021-11-14,79748,72,63478,62,16270,10,69259,68,459779,624,529038,692,0,940,17,617,55,78191,1,2084,948,"Knox County",470313,123.10950367096,0.0755275823768974,147.13605620087,15.308953824368,131.189229300487,7.55275823768974
2021-11-13,79676,29,63416,12,16260,17,69191,12,459155,317,528346,329,0,940,-14,600,43,78136,2,2083,946,"Knox County",470313,117.793894704165,0.0730097087378641,69.953414003015,6.16610640148157,127.574615203067,7.30097087378641
2021-11-12,79647,66,63404,49,16243,17,69179,51,458838,687,528017,738,0,940,17,614,49,78093,4,2081,946,"Knox County",470313,108.013174205263,0.0694500200722601,156.916776699772,14.0332076723374,130.551356224472,6.94500200722601
2021-11-11,79581,68,63355,46,16226,22,69128,54,458151,962,527279,1016,0,940,-2,597,70,78044,0,2077,945,"Knox County",470313,105.461681901202,0.0700319233838787,216.026348410527,14.4584563896809,126.936742127052,7.00319233838787
2021-11-10,79513,75,63309,51,16204,24,69074,70,457189,855,526263,925,1,940,7,599,67,77974,2,2077,945,"Knox County",470313,99.0829511410486,0.0704784594004368,196.677531771395,15.9468269003834,127.361990844395,7.04784594004368
2021-11-09,79438,107,63258,77,16180,30,69004,134,456334,1174,525338,1308,1,939,34,592,72,77907,1,2075,945,"Knox County",470313,106.524803694561,0.0768811341330425,278.112661142686,22.7508063778803,125.873620333693,7.68811341330425
2021-11-08,79331,78,63181,58,16150,20,68870,70,455160,687,524030,757,6,938,-10,558,82,77835,1,2074,944,"Knox County",470313,105.24905754253,0.0796183868169991,160.956639514536,16.5846999763987,118.644392138852,7.96183868169991
2021-11-07,79253,31,63123,20,16130,11,68800,23,454473,390,523273,413,0,932,-20,568,51,77753,1,2073,942,"Knox County",470313,96.5314588369873,0.0754648195406489,87.8138601314444,6.59135511882512,120.77063572557,7.54648195406489
2021-11-06,79222,41,63103,27,16119,14,68777,30,454083,453,522860,483,0,932,-2,588,43,77702,2,2072,939,"Knox County",470313,99.0829511410486,0.0765957446808511,102.697565238469,8.7175987055429,125.023122899006,7.65957446808511
2021-11-05,79181,52,63076,32,16105,20,68747,36,453630,605,522377,641,0,932,-27,590,79,77659,2,2070,938,"Knox County",470313,96.1062101196437,0.0752300198448494,136.29221390861,11.0564666509325,125.448371616349,7.52300198448494
2021-11-04,79129,68,63044,45,16085,23,68711,49,453025,668,521736,717,0,932,-1,617,69,77580,1,2068,938,"Knox County",470313,96.1062101196437,0.0785659801678108,152.451665167665,14.4584563896809,131.189229300487,7.85659801678108
2021-11-03,79061,80,62999,60,16062,20,68662,66,452357,969,521019,1035,0,932,-1,618,81,77511,2,2067,937,"Knox County",470313,97.1693319130026,0.0762047067613,220.06621122529,17.0099486937423,131.401853659159,7.62047067613
2021-11-02,78981,41,62939,19,16042,22,68596,22,451388,301,519984,323,4,932,-52,619,89,77430,1,2065,937,"Knox County",470313,83.1361242406653,0.0677500572213321,68.6776678509843,8.7175987055429,131.614478017831,6.77500572213321
2021-11-01,78940,95,62920,71,16020,24,68574,82,451087,661,519661,743,1,928,-20,671,114,77341,3,2064,935,"Knox County",470313,86.7507383380855,0.0707233065442021,157.979898493131,20.1993140738189,142.670944668763,7.07233065442021
2021-10-31,78845,26,62849,19,15996,7,68492,19,450426,278,518918,297,0,927,-44,691,70,77227,1,2061,934,"Knox County",470313,85.6876165447266,0.0717150271290399,63.1494345255181,5.52823332546623,146.923431842199,7.17150271290399
2021-10-30,78819,55,62830,39,15989,16,68473,42,450148,522,518621,564,0,927,-24,735,79,77157,4,2060,934,"Knox County",470313,88.6643575661315,0.0731481481481481,119.920138290883,11.6943397269478,156.278903623757,7.31481481481481
2021-10-29,78764,73,62791,59,15973,14,68431,66,449626,846,518057,912,1,927,-37,759,109,77078,1,2056,934,"Knox County",470313,93.1294690982388,0.0753648442605097,193.913415108662,15.5215781830398,161.38188823188,7.53648442605097
2021-10-28,78691,54,62732,32,15959,22,68365,39,448780,561,517145,600,4,926,-53,796,103,76969,3,2055,933,"Knox County",470313,90.1527280768339,0.0751005811354493,127.574615203067,11.481715368276,169.248989502735,7.51005811354493
2021-10-27,78637,88,62700,56,15937,32,68326,65,448219,759,516545,824,1,922,-33,849,120,76866,3,2052,931,"Knox County",470313,91.8537229462082,0.0785831574008914,175.202471545545,18.7109435631165,180.51808051234,7.85831574008914
2021-10-26,78549,97,62644,57,15905,40,68261,55,447460,554,515721,609,0,921,-17,882,114,76746,5,2049,928,"Knox County",470313,103.760687031828,0.0808969004176742,129.488234431113,20.6245627911625,187.534684348508,8.08969004176742
2021-10-25,78452,71,62587,47,15865,24,68206,54,446906,491,515112,545,6,921,-72,899,137,76632,3,2044,927,"Knox County",470313,98.6577024237051,0.0781429556423811,115.880275476119,15.0963294656962,191.149298445929,7.81429556423811
2021-10-24,78381,38,62540,20,15841,18,68152,23,446415,337,514567,360,1,915,-71,971,108,76495,5,2041,926,"Knox County",470313,101.209194727766,0.0779338468509289,76.5447691218401,8.07972562952757,206.458252270297,7.79338468509289
2021-10-23,78343,59,62520,40,15823,19,68129,42,446078,471,514207,513,0,914,-17,1042,76,76387,1,2036,924,"Knox County",470313,102.059692162454,0.0788448315379326,109.076295998622,12.5448371616349,221.554581735993,7.88448315379326
2021-10-22,78284,91,62480,54,15804,37,68087,55,445607,551,513694,606,0,914,-68,1059,159,76311,2,2035,922,"Knox County",470313,105.886930618546,0.0820803549420754,128.850361355098,19.3488166391318,225.169195833413,8.20803549420754
2021-10-21,78193,124,62426,71,15767,53,68032,78,445056,712,513088,790,3,914,-22,1127,143,76152,2,2033,920,"Knox County",470313,120.77063572557,0.0875912408759124,167.973243350705,26.3654204753005,239.627652223094,8.75912408759124
2021-10-20,78069,150,62355,83,15714,67,67954,90,444344,959,512298,1049,3,911,-46,1149,193,76009,3,2031,919,"Knox County",470313,133.95334596322,0.0887745974955277,223.042952246695,31.8936538007667,244.305388113873,8.87745974955277
2021-10-19,77919,131,62272,85,15647,46,67864,92,443385,724,511249,816,4,908,-40,1195,167,75816,4,2028,918,"Knox County",470313,141.182574158061,0.0927548621500321,173.501476676171,27.8537909860029,254.086108612775,9.27548621500321
2021-10-18,77788,121,62187,90,15601,31,67772,106,442661,607,510433,713,9,904,-74,1235,186,75649,8,2024,916,"Knox County",470313,151.81379209165,0.100268207138436,151.601167732978,25.7275473992852,262.591082959646,10.0268207138436
2021-10-17,77667,62,62097,55,15570,7,67666,60,442054,303,509720,363,1,895,-66,1309,127,75463,4,2016,914,"Knox County",470313,156.916776699772,0.107835051546392,77.1826421978555,13.1827102376502,278.325285501358,10.7835051546392
2021-10-16,77605,55,62042,41,15563,14,67606,44,441751,372,509357,416,0,894,-83,1375,138,75336,1,2012,913,"Knox County",470313,156.066279265085,0.110456553755523,88.4517332074597,11.6943397269478,292.358493173695,11.0456553755523
2021-10-15,77550,125,62001,88,15549,37,67562,100,441379,794,508941,894,9,894,-68,1458,184,75198,5,2011,909,"Knox County",470313,163.295507459926,0.113072803015275,190.08617665257,26.5780448339723,310.006314943453,11.3072803015275
2021-10-14,77425,193,61913,134,15512,59,67462,144,440585,699,508047,843,0,885,9,1526,184,75014,7,2006,907,"Knox County",470313,177.966588208278,0.124852767962309,179.242334360309,41.0365012236532,324.464771333133,12.4852767962309
2021-10-13,77232,121,61779,87,15453,34,67318,99,439886,764,507204,863,7,885,-79,1517,193,74830,5,1999,903,"Knox County",470313,171.800481806797,0.131418092909535,183.494821533745,25.7275473992852,322.551152105087,13.1418092909535
2021-10-12,77111,136,61692,104,15419,32,67219,109,439122,821,506341,930,4,878,-82,1596,214,74637,3,1994,902,"Knox County",470313,172.863603600156,0.131819992035046,197.740653564754,28.9169127793618,339.348476440158,13.1819992035046
2021-10-11,76975,193,61588,136,15387,57,67110,149,438301,581,505411,730,3,874,-88,1678,278,74423,11,1991,896,"Knox County",470313,188.172557424524,0.139908712046041,155.215781830398,41.0365012236532,356.783673851244,13.9908712046041
2021-10-10,76782,54,61452,41,15330,13,66961,51,437720,489,504681,540,0,871,-90,1766,144,74145,4,1980,895,"Knox County",470313,186.471562555149,0.133435582822086,114.81715368276,11.481715368276,375.49461741436,13.3435582822086
2021-10-09,76728,66,61411,37,15317,29,66910,48,437231,490,504141,538,0,871,-66,1856,132,74001,7,1976,893,"Knox County",470313,188.810430500539,0.131135256650431,114.391904965417,14.0332076723374,394.63080969482,13.1135256650431
2021-10-08,76662,289,61374,113,15288,176,66862,123,436741,936,503603,1059,-1,871,76,1922,214,73869,5,1969,891,"Knox County",470313,223.680825322711,0.131382882064329,225.169195833413,61.4484396561439,408.664017367158,13.1382882064329
2021-10-07,76373,259,61261,170,15112,89,66739,176,435805,1106,502544,1282,6,872,-10,1846,263,73655,9,1964,888,"Knox County",470313,237.714032995048,0.127061595422417,272.58442781722,55.0697088959905,392.504566108102,12.7061595422417
2021-10-06,76114,139,61091,103,15023,36,66563,112,434699,835,501262,947,1,866,-120,1856,258,73392,4,1955,887,"Knox County",470313,241.54127145114,0.12744772651842,201.355267662174,29.5547858553772,394.63080969482,12.744772651842
2021-10-05,75975,210,60988,118,14987,92,66451,138,433864,915,500315,1053,3,865,-73,1976,280,73134,4,1951,882,"Knox County",470313,257.275473992852,0.129614571475037,223.893449681382,44.6511153210734,420.145732735434,12.9614571475037
2021-10-04,75765,317,60870,225,14895,92,66313,246,432949,829,499262,1075,3,862,-14,2049,328,72854,4,1947,879,"Knox County",470313,283.640894468152,0.137665537419156,228.571185572162,67.4019216989537,435.667310918473,13.7665537419156
2021-10-03,75448,102,60645,93,14803,9,66067,107,432120,678,498187,785,1,859,-66,2063,167,72526,6,1943,878,"Knox County",470313,293.846863684397,0.140970470396201,166.910121557346,21.6876845845214,438.644051939878,14.0970470396201
2021-10-02,75346,67,60552,43,14794,24,65960,50,431442,472,497402,522,5,858,-144,2129,206,72359,2,1937,877,"Knox County",470313,294.059488043069,0.141603450840399,110.989915226668,14.2458320310091,452.677259612216,14.1603450840399
2021-10-01,75279,225,60509,151,14770,74,65910,167,430970,965,496880,1132,0,853,-77,2273,302,72153,9,1935,875,"Knox County",470313,280.451529088075,0.146556798116539,240.690774016453,47.8404807011501,483.295167260952,14.6556798116539
2021-09-30,75054,240,60358,166,14696,74,65743,186,430005,1104,495748,1290,1,853,-111,2350,350,71851,8,1926,873,"Knox County",470313,276.411666273312,0.147854203409759,274.285422686594,51.0298460812268,499.667242878679,14.7854203409759
2021-09-29,74814,362,60192,170,14622,192,65557,192,428901,1111,494458,1303,6,852,-97,2461,453,71501,7,1918,871,"Knox County",470313,323.826898257118,0.151675977653631,277.049539349327,76.9700178391837,523.268546691246,15.1675977653631
2021-09-28,74452,348,60022,248,14430,100,65365,270,427790,778,493155,1048,2,846,-75,2558,421,71048,1,1911,868,"Knox County",470313,353.169059753823,0.170230607966457,222.830327888024,73.9932768177788,543.893109482409,17.0230607966457
2021-09-27,74104,239,59774,162,14330,77,65095,186,427012,760,492107,946,7,844,-303,2633,535,70627,12,1910,866,"Knox County",470313,336.584359777425,0.164816396242528,201.142643303502,50.817221722555,559.839936382792,16.4816396242528
2021-09-26,73865,124,59612,99,14253,25,64909,117,426252,703,491161,820,2,837,-143,2936,265,70092,0,1898,860,"Knox County",470313,341.262095668204,0.165415663503753,174.351974110858,26.3654204753005,624.265117060341,16.5415663503753
2021-09-25,73741,110,59513,90,14228,20,64792,102,425549,705,490341,807,0,835,-180,3079,290,69827,3,1898,856,"Knox County",470313,350.40494309109,0.166076776476994,171.587857448125,23.3886794538956,654.670400350405,16.6076776476994
2021-09-24,73631,244,59423,165,14208,79,64690,182,424844,939,489534,1121,13,835,-237,3259,468,69537,5,1895,851,"Knox County",470313,354.444805905854,0.168370824812543,238.351906071063,51.8803435159139,692.942784911325,16.8370824812543
2021-09-23,73387,355,59258,245,14129,110,64508,268,423905,1371,488413,1639,14,822,-221,3496,562,69069,8,1890,848,"Knox County",470313,378.896607153109,0.171395106715252,348.491323863044,75.4816473284812,743.334757916536,17.1395106715252
2021-09-22,73032,251,59013,187,14019,64,64240,202,422534,1261,486774,1463,3,808,-329,3717,577,68507,4,1882,845,"Knox County",470313,355.295303340541,0.169173890872004,311.069436736811,53.3687140266163,790.324741182999,16.9173890872004
2021-09-21,72781,397,58826,216,13955,181,64038,230,421273,996,485311,1226,10,805,-353,4046,740,67930,7,1878,837,"Knox County",470313,365.713896915458,0.160433807030666,260.6774637316,84.4118703926959,860.278155186014,16.0433807030666
2021-09-20,72384,433,58610,311,13774,122,63808,343,420277,1295,484085,1638,5,795,114,4399,314,67190,9,1871,833,"Knox County",470313,406.963022497783,0.165710351159054,348.278699504373,92.0663473048799,935.334553797152,16.5710351159054
2021-09-19,71951,120,58299,87,13652,33,63465,97,418982,432,482447,529,1,790,-176,4285,295,66876,7,1862,826,"Knox County",470313,406.112525063096,0.169060904665796,112.478285737371,25.5149230406134,911.095376908569,16.9060904665796
2021-09-18,71831,226,58212,183,13619,43,63368,197,418550,1075,481918,1272,0,789,-109,4461,335,66581,7,1855,818,"Knox County",470313,430.776950669023,0.170904590459046,270.458184230502,48.0531050598219,948.517264034802,17.0904590459046
2021-09-17,71605,547,58029,422,13576,125,63171,449,417475,1310,480646,1759,5,789,4,4570,538,66246,12,1848,806,"Knox County",470313,495.202131346571,0.187486878018056,374.006246903658,116.305524193463,971.693319130026,18.7486878018056
2021-09-16,71058,588,57607,456,13451,132,62722,487,416165,1518,478887,2005,7,784,11,4566,570,65708,16,1836,801,"Knox County",470313,544.743606917096,0.202689041649818,426.311839136915,125.023122899006,970.842821695339,20.2689041649818
2021-09-15,70470,338,57151,249,13319,89,62235,267,414647,808,476882,1075,6,777,-309,4555,641,65138,5,1820,799,"Knox County",470313,563.24192612154,0.21780303030303,228.571185572162,71.867033231061,968.50395374995,21.780303030303
2021-09-14,70132,555,56902,442,13230,113,61968,476,413839,1406,475807,1882,12,771,-164,4864,707,64497,8,1815,795,"Knox County",470313,596.836574791681,0.227952755905512,400.159043020287,118.006519062837,1034.20488057953,22.7952755905512
2021-09-13,69577,399,56460,299,13117,100,61492,333,412433,1134,473925,1467,20,759,-435,5028,814,63790,15,1807,792,"Knox County",470313,589.607346596841,0.230853939333267,311.919934171499,84.8371191100395,1069.0752754017,23.0853939333267
2021-09-12,69178,387,56161,358,13017,29,61159,376,411299,1460,472458,1836,0,739,79,5463,308,62976,5,1792,784,"Knox County",470313,646.378050362206,0.228842067988669,390.378322521385,82.2856268059781,1161.56687142392,22.8842067988669
2021-09-11,68791,866,55803,707,12988,159,60783,763,409839,2621,470622,3384,4,739,500,5384,362,62668,26,1787,776,"Knox County",470313,782.457639912144,0.235008949880668,719.520829745297,184.13269460976,1144.76954708885,23.5008949880668
2021-09-10,67925,1024,55096,746,12829,278,60020,800,407218,2513,467238,3313,1,735,463,4884,560,62306,23,1761,766,"Knox County",470313,883.879458998582,0.234059617698169,704.424500279601,217.727343279901,1038.45736775296,23.4059617698169
2021-09-09,66901,310,54350,167,12551,143,59220,173,404705,685,463925,858,1,734,-390,4421,699,61746,17,1738,759,"Knox County",470313,824.769887287827,0.230763662685487,182.431699740386,65.9135511882512,940.012289687931,23.0763662685487
2021-09-08,66591,290,54183,226,12408,64,59047,250,404020,837,463067,1087,5,733,-443,4811,728,61047,11,1721,755,"Knox County",470313,814.563918071582,0.229333911911478,231.122677876223,61.6610640148157,1022.93578956992,22.9333911911478
2021-09-07,66301,416,53957,300,12344,116,58797,311,403183,979,461980,1290,3,728,-216,5254,629,60319,13,1710,752,"Knox County",470313,785.009132216205,0.227125047223272,274.285422686594,88.4517332074597,1117.12838046152,22.7125047223272
2021-09-06,65885,991,53657,791,12228,200,58486,844,402204,3221,460690,4065,1,725,364,5470,626,59690,20,1697,751,"Knox County",470313,910.882752549898,0.222130992231415,864.318018000778,210.710739443732,1163.05524193463,22.2130992231415
2021-09-05,64894,969,52866,799,12028,170,57642,834,398983,2999,456625,3833,2,724,635,5106,332,59064,15,1677,748,"Knox County",470313,1034.63012929687,0.222938867077958,814.989166788926,206.033003552953,1085.6599753781,22.2938867077958
2021-09-04,63925,543,52067,389,11858,154,56808,408,395984,1502,452792,1910,2,722,236,4471,305,58732,10,1662,744,"Knox County",470313,965.952461445888,0.221325507459036,406.112525063096,115.455026758776,950.64350762152,22.1325507459036
2021-09-03,63382,334,51678,238,11704,96,56400,249,394482,909,450882,1158,5,720,-141,4235,470,58427,8,1652,740,"Knox County",470313,819.241653962361,0.216111541440744,246.219007341919,71.0165357963739,900.46415897498,21.6111541440744
2021-09-02,63048,323,51440,180,11608,143,56151,200,393573,681,449724,881,3,715,-155,4376,475,57957,5,1644,736,"Knox County",470313,822.005770625094,0.217660292463442,187.322059989837,68.6776678509843,930.444193547701,21.7660292463442
2021-09-01,62725,276,51260,211,11465,65,55951,226,392892,645,448843,871,3,712,-119,4531,392,57482,2,1639,733,"Knox County",470313,819.029029603689,0.219303255282696,185.195816403119,58.6843229934108,963.400969141827,21.9303255282696
2021-08-31,62449,596,51049,433,11400,163,55725,479,392247,1894,447972,2373,2,709,189,4650,405,57090,8,1637,731,"Knox County",470313,857.30141416461,0.214697501822278,504.55760312813,126.72411776838,988.703267823768,21.4697501822278
2021-08-30,61853,514,50616,404,11237,110,55246,431,390353,1630,445599,2061,9,707,100,4461,405,56685,11,1629,727,"Knox County",470313,755.879595078171,0.216015893634905,438.218803222535,109.288920357294,948.517264034802,21.6015893634905
2021-08-29,61339,483,50212,407,11127,76,54815,439,388723,1485,443538,1924,1,698,257,4361,225,56280,5,1618,721,"Knox County",470313,652.544156763687,0.217570227232063,409.089266084501,102.697565238469,927.254828167625,21.7570227232063
2021-08-28,60856,398,49805,301,11051,97,54376,320,387238,1065,441614,1385,0,697,192,4104,206,56055,4,1613,715,"Knox County",470313,621.713624756279,0.220031915892237,294.484736760413,84.6244947513677,872.610367988977,22.0031915892237
2021-08-27,60458,472,49504,373,10954,99,54056,390,386173,1166,440229,1556,5,697,194,3912,273,55849,4,1609,712,"Knox County",470313,651.055786252985,0.224866527916026,330.843502093287,100.358697293079,831.786491123996,22.4866527916026
2021-08-26,59986,449,49131,347,10855,102,53666,368,385007,1426,438673,1794,5,692,154,3718,290,55576,0,1605,711,"Knox County",470313,677.846455445629,0.221748579070545,381.44809945717,95.4683370436284,790.537365541671,22.1748579070545
2021-08-25,59537,351,48784,224,10753,127,53298,238,383581,642,436879,880,2,687,90,3564,259,55286,4,1605,707,"Knox County",470313,693.793282346012,0.222584147665581,187.109435631165,74.6311498937941,757.793214306217,22.2584147665581
2021-08-24,59186,342,48560,222,10626,120,53060,237,382939,677,435999,914,4,685,77,3474,261,55027,5,1601,698,"Knox County",470313,639.78669524338,0.230454631919346,194.338663826005,72.7175306657481,738.657022025757,23.0454631919346
2021-08-23,58844,287,48338,206,10506,81,52823,227,382262,825,435085,1052,1,681,30,3397,256,54766,1,1596,698,"Knox County",470313,591.520965824887,0.233456075749605,223.680825322711,61.0231909388003,722.28494640803,23.3456075749605
2021-08-22,58557,240,48132,217,10425,23,52596,233,381437,889,434033,1122,2,680,69,3367,169,54510,0,1595,695,"Knox County",470313,539.853246667645,0.231299551878663,238.564530429735,51.0298460812268,715.906215647877,23.1299551878663
2021-08-21,58317,496,47915,373,10402,123,52363,411,380548,1905,432911,2316,0,678,381,3298,115,54341,8,1595,693,"Knox County",470313,560.690433817479,0.218393190782645,492.438014683838,105.461681901202,701.235134899524,21.8393190782645
2021-08-20,57821,424,47542,331,10279,93,51952,357,378643,1148,430595,1505,0,678,231,2917,193,54226,6,1587,690,"Knox County",470313,550.484464601234,0.216111864760513,319.999659801026,90.1527280768339,620.225254245577,21.6111864760513
2021-08-19,57397,368,47211,253,10186,115,51595,264,377495,952,429090,1216,1,678,203,2686,164,54033,6,1581,687,"Knox County",470313,533.26189154882,0.218434203220433,258.551220144882,78.2457639912144,571.109027392396,21.8434203220433
2021-08-18,57029,263,46958,191,10071,72,51331,200,376543,914,427874,1114,2,677,97,2483,164,53869,5,1575,687,"Knox County",470313,514.550947985703,0.208788829959952,236.863535560361,55.9202063306777,527.946282582025,20.8788829959952
2021-08-17,56766,263,46767,180,9999,83,51131,197,375629,1042,426760,1239,0,675,102,2386,161,53705,5,1570,687,"Knox County",470313,497.753623650633,0.197511501463823,263.441580394333,55.9202063306777,507.321719790863,19.7511501463823
2021-08-16,56503,185,46587,126,9916,59,50934,132,374587,422,425521,554,2,675,-25,2284,208,53544,5,1565,684,"Knox County",470313,476.065939066111,0.197882197220384,117.793894704165,39.335506354279,485.634035206341,19.7882197220384
2021-08-15,56318,204,46461,181,9857,23,50802,198,374165,953,424967,1151,3,673,80,2309,121,53336,6,1560,684,"Knox County",470313,468.411462153927,0.193402968664101,244.730636831217,43.3753691690427,490.949644173136,19.3402968664101
2021-08-14,56114,219,46280,147,9834,72,50604,154,373212,794,423816,948,0,670,96,2229,123,53215,4,1554,683,"Knox County",470313,409.514514801845,0.194383331176394,201.567892020846,46.5647345491194,473.939695479393,19.4383331176394
2021-08-13,55895,266,46133,205,9762,61,50450,220,372418,1470,422868,1690,1,670,124,2133,141,53092,5,1550,681,"Knox County",470313,375.919866131704,0.172522750252781,359.335166155305,56.558079406693,453.527757046903,17.2522750252781
2021-08-12,55629,222,45928,145,9701,77,50230,153,370948,643,421178,796,2,669,82,2009,138,52951,7,1545,678,"Knox County",470313,344.876709765624,0.167378537106247,169.248989502735,47.2026076251348,427.162336571602,16.7378537106247
2021-08-11,55407,316,45783,238,9624,78,50077,248,370305,989,420382,1237,1,667,183,1927,132,52813,10,1538,676,"Knox County",470313,356.145800775228,0.170978332239002,263.01633167699,67.1892973402819,409.727139160517,17.0978332239002
2021-08-10,55091,173,45545,109,9546,64,49829,121,369316,621,419145,742,1,666,56,1744,116,52681,2,1528,674,"Knox County",470313,337.009608494768,0.172239393087946,157.767274134459,36.7840140502176,370.816881523581,17.2239393087946
2021-08-09,54918,197,45436,159,9482,38,49708,167,368695,753,418403,920,1,665,75,1688,121,52565,4,1526,670,"Knox County",470313,339.56110079883,0.168492784607162,195.614409978036,41.8869986583403,358.909917437962,16.8492784607162
2021-08-08,54721,88,45277,66,9444,22,49541,75,367942,418,417483,493,1,664,22,1613,65,52444,4,1522,669,"Knox County",470313,314.896675192903,0.166715499560504,104.823808825187,18.7109435631165,342.963090537578,16.6715499560504
2021-08-07,54633,105,45211,75,9422,30,49466,80,367524,638,416990,718,0,663,44,1591,61,52379,2,1518,669,"Knox County",470313,290.657498304321,0.161309884778654,152.664289526337,22.3255576605367,338.285354646799,16.1309884778654
2021-08-06,54528,203,45136,147,9392,56,49386,163,366886,879,416272,1042,0,663,139,1547,64,52318,10,1516,669,"Knox County",470313,277.262163707999,0.169300605245461,221.554581735993,43.162744810371,328.929882865241,16.9300605245461
2021-08-05,54325,174,44989,131,9336,43,49223,147,366007,850,415230,997,2,663,102,1408,70,52254,4,1506,668,"Knox County",470313,267.056194491753,0.162790697674419,211.986485595763,36.9966384088894,299.375097009864,16.2790697674419
2021-08-04,54151,144,44858,101,9293,43,49076,105,365157,656,414233,761,1,661,70,1306,73,52184,4,1502,666,"Knox County",470313,230.484804800208,0.151242728714966,161.807136949223,30.6179076487361,277.687412425342,15.1242728714966
2021-08-03,54007,238,44757,177,9250,61,48971,183,364501,814,413472,997,0,660,161,1236,77,52111,5,1498,665,"Knox County",470313,244.305388113873,0.155195681511471,211.986485595763,50.6045973638832,262.803707318318,15.5195681511471
2021-08-02,53769,97,44580,75,9189,22,48788,82,363687,532,412475,614,2,660,-3,1075,98,52034,3,1493,663,"Knox County",470313,223.042952246695,0.148523657061544,130.551356224472,20.6245627911625,228.571185572162,14.8523657061544
2021-08-01,53672,107,44505,91,9167,16,48706,99,363155,526,411861,625,0,658,63,1078,44,51936,2,1490,663,"Knox County",470313,227.082815061459,0.14928745220716,132.890224169861,22.7508063778803,229.209058648177,14.928745220716
2021-07-31,53565,104,44414,64,9151,40,48607,68,362629,399,411236,467,1,658,46,1015,57,51892,6,1488,661,"Knox County",470313,226.870190702787,0.153916045793204,99.2955754997204,22.1129333018649,215.813724051855,15.3916045793204
2021-07-30,53461,118,44350,83,9111,35,48539,90,362230,339,410769,429,1,657,79,969,38,51835,0,1482,661,"Knox County",470313,208.797120215686,0.158282208588957,91.2158498701928,25.0896743232698,206.033003552953,15.8282208588957
2021-07-29,53343,117,44267,65,9076,52,48449,68,361891,483,410340,551,0,656,82,890,35,51797,1,1482,660,"Knox County",470313,196.677531771395,0.156390639063906,117.15602162815,24.877049964598,189.235679217883,15.6390639063906
2021-07-28,53226,131,44202,90,9024,41,48381,95,361408,536,409789,631,0,656,80,808,51,51762,4,1481,659,"Knox County",470313,193.913415108662,0.15878535002318,134.165970321892,27.8537909860029,171.800481806797,15.878535002318
2021-07-27,53095,117,44112,78,8983,39,48286,84,360872,499,409158,583,0,656,85,728,32,51711,4,1477,659,"Knox County",470313,168.185867709377,0.15025641025641,123.960001105647,24.877049964598,154.790533113054,15.025641025641
2021-07-26,52978,97,44034,73,8944,24,48202,79,360373,371,408575,450,1,656,61,643,35,51679,4,1473,659,"Knox County",470313,168.185867709377,0.156049250535332,95.6809614023002,20.6245627911625,136.717462625953,15.6049250535332
2021-07-25,52881,51,43961,43,8920,8,48123,44,360002,320,408125,364,3,655,22,582,26,51644,5,1469,659,"Knox County",470313,156.278903623757,0.151942446043165,77.3952665565272,10.8438422922607,123.747376746975,15.1942446043165
2021-07-24,52830,64,43918,42,8912,22,48079,44,359682,348,407761,392,0,652,39,560,25,51618,1,1464,658,"Knox County",470313,147.773929276886,0.148235294117647,83.348748599337,13.6079589549938,119.069640856196,14.8235294117647
2021-07-23,52766,56,43876,31,8890,25,48035,32,359334,321,407369,353,1,652,24,521,31,51593,3,1463,656,"Knox County",470313,134.591219039236,0.134175691937425,75.0563986111377,11.9069640856196,110.777290867996,13.4175691937425
2021-07-22,52710,94,43845,69,8865,25,48003,78,359013,474,407016,552,0,651,70,497,24,51562,3,1460,655,"Knox County",470313,129.700858789785,0.137142857142857,117.368645986822,19.9866897151471,105.674306259874,13.7142857142857
2021-07-21,52616,61,43776,47,8840,14,47925,46,358539,411,406464,457,1,651,33,427,27,51538,1,1457,655,"Knox County",470313,114.81715368276,0.129165344335132,97.1693319130026,12.9700858789785,90.7906011528493,12.9165344335132
2021-07-20,52555,78,43729,43,8826,35,47879,45,358128,299,406007,344,0,650,54,394,24,51511,3,1456,655,"Knox County",470313,106.524803694561,0.126373626373626,73.1427793830917,16.5846999763987,83.7739973166806,12.6373626373626
2021-07-19,52477,48,43686,36,8791,12,47834,42,357829,348,405663,390,0,650,28,340,20,51487,0,1453,655,"Knox County",470313,96.1062101196437,0.116058906030856,82.9234998819935,10.2059692162454,72.2922819484046,11.6058906030856
2021-07-18,52429,36,43650,30,8779,6,47792,31,357481,272,405273,303,0,650,27,312,9,51467,1,1453,655,"Knox County",470313,92.9168447395671,0.113937656753852,64.4251806775488,7.65447691218401,66.3387999055948,11.3937656753852
2021-07-17,52393,27,43620,20,8773,7,47761,21,357209,202,404970,223,0,650,12,285,15,51458,1,1452,654,"Knox County",470313,85.0497434687113,0.112509534706331,47.4152319838065,5.74085768413801,60.5979422214568,11.2509534706331
2021-07-16,52366,37,43600,21,8766,16,47740,22,357007,291,404747,313,0,650,25,273,12,51443,1,1451,654,"Knox County",470313,81.0098806539475,0.110379550735864,66.5514242642666,7.86710127085579,58.0464499173954,11.0379550735864
2021-07-15,52329,55,43579,42,8750,13,47718,44,356716,364,404434,408,-1,650,36,248,20,51431,1,1450,654,"Knox County",470313,72.7175306657481,0.102953240360952,86.7507383380855,11.6943397269478,52.730840950601,10.2953240360952
2021-07-14,52274,21,43537,17,8737,4,47674,16,356352,269,404026,285,0,651,8,212,13,51411,2,1449,654,"Knox County",470313,64.212556318877,0.0975286849073257,60.5979422214568,4.46511153210734,45.076364038417,9.75286849073257
2021-07-13,52253,42,43520,26,8733,16,47658,29,356083,355,403741,384,3,651,28,204,11,51398,3,1447,654,"Knox County",470313,56.558079406693,0.0888985255854293,81.6477537299628,8.93022306421468,43.3753691690427,8.88985255854293
2021-07-12,52211,27,43494,21,8717,6,47629,24,355728,270,403357,294,0,648,16,176,11,51387,1,1444,654,"Knox County",470313,52.0929678745856,0.0846153846153846,62.5115614495028,5.74085768413801,37.421887126233,8.46153846153846
2021-07-11,52184,8,43473,3,8711,5,47605,4,355458,136,403063,140,0,648,1,160,7,51376,0,1443,653,"Knox County",470313,46.1394858317759,0.0781631656082071,29.7674102140489,1.70099486937423,34.0198973874845,7.81631656082071
2021-07-10,52176,20,43470,16,8706,4,47601,16,355322,191,402923,207,0,648,12,159,8,51369,2,1443,653,"Knox County",470313,44.6511153210734,0.0763170851797144,44.0132422450581,4.25248717343556,33.8072730288127,7.63170851797144
2021-07-09,52156,27,43454,21,8702,6,47585,21,355131,338,402716,359,0,648,12,147,15,51361,0,1441,653,"Knox County",470313,42.5248717343556,0.0741454020221473,76.3321447631684,5.74085768413801,31.2557807247514,7.41454020221473
2021-07-08,52129,19,43433,14,8696,5,47564,16,354793,317,402357,333,0,648,6,135,13,51346,0,1441,652,"Knox County",470313,34.8703948221716,0.0629370629370629,70.8039114377021,4.03986281476378,28.7042884206901,6.29370629370629
2021-07-07,52110,18,43419,5,8691,13,47548,5,354476,333,402024,338,1,648,8,129,9,51333,1,1441,650,"Knox County",470313,34.2325217461563,0.0559610705596107,71.867033231061,3.82723845609201,27.4285422686594,5.59610705596107
2021-07-06,52092,24,43414,9,8678,15,47543,14,354143,263,401686,277,0,647,14,121,10,51324,2,1440,650,"Knox County",470313,30.4052832900643,0.0513347022587269,58.8969473520825,5.10298460812268,25.7275473992852,5.13347022587269
2021-07-05,52068,10,43405,7,8663,3,47529,6,353880,105,401409,111,0,647,0,107,10,51314,1,1438,650,"Knox County",470313,26.790669192644,0.0464589235127479,23.6013038125674,2.12624358671778,22.7508063778803,4.64589235127479
2021-07-04,52058,8,43398,7,8660,1,47523,7,353775,143,401298,150,0,647,0,107,8,51304,1,1437,650,"Knox County",470313,26.790669192644,0.047887323943662,31.8936538007667,1.70099486937423,22.7508063778803,4.7887323943662
2021-07-03,52050,9,43391,7,8659,2,47516,7,353632,185,401148,192,0,647,-2,107,11,51296,1,1436,650,"Knox County",470313,24.4518012472545,0.0431818181818182,40.8238768649814,1.913619228046,22.7508063778803,4.31818181818182
2021-07-02,52041,17,43384,13,8657,4,47509,17,353447,342,400956,359,-1,647,10,109,8,51285,0,1435,650,"Knox County",470313,22.3255576605367,0.0409090909090909,76.3321447631684,3.61461409742023,23.1760550952238,4.09090909090909
2021-07-01,52024,18,43371,15,8653,3,47492,17,353105,248,400597,265,-1,648,13,99,6,51277,1,1435,650,"Knox County",470313,22.1129333018649,0.0431442080378251,56.3454550480212,3.82723845609201,21.049811508506,4.31442080378251
2021-06-30,52006,18,43356,12,8650,6,47475,11,352857,299,400332,310,0,649,9,86,9,51271,0,1434,650,"Knox County",470313,22.1129333018649,0.0474759615384615,65.9135511882512,3.82723845609201,18.2856948457729,4.74759615384615
2021-06-29,51988,21,43344,16,8644,5,47464,19,352558,438,400022,457,0,649,8,77,13,51262,1,1434,650,"Knox County",470313,21.4750602258496,0.0455531453362256,97.1693319130026,4.46511153210734,16.3720756177269,4.55531453362256
2021-06-28,51967,9,43328,2,8639,7,47445,2,352120,113,399565,115,0,649,-4,69,13,51249,0,1433,650,"Knox County",470313,21.2624358671778,0.0432900432900433,24.4518012472545,1.913619228046,14.6710807483527,4.32900432900433
2021-06-27,51958,5,43326,3,8632,2,47443,3,352007,151,399450,154,0,649,0,73,5,51236,0,1433,650,"Knox County",470313,20.6245627911625,0.041036717062635,32.7441512354538,1.06312179335889,15.5215781830398,4.1036717062635
2021-06-26,51953,3,43323,2,8630,1,47440,2,351856,206,399296,208,0,649,0,73,3,51231,0,1433,650,"Knox County",470313,19.3488166391318,0.0380085653104925,44.2258666037299,0.637873076015334,15.5215781830398,3.80085653104925
2021-06-25,51950,13,43321,9,8629,4,47438,11,351650,311,399088,322,0,649,4,73,9,51228,0,1433,650,"Knox County",470313,18.4983192044447,0.0354997269251775,68.4650434923126,2.76411666273312,15.5215781830398,3.54997269251775
2021-06-24,51937,14,43312,9,8625,5,47427,10,351339,364,398766,374,1,649,8,69,5,51219,1,1433,650,"Knox County",470313,17.6478217697576,0.0298969072164948,79.521510143245,2.97674102140489,14.6710807483527,2.98969072164948
2021-06-23,51923,13,43303,6,8620,7,47417,8,350975,282,398392,290,0,648,6,61,7,51214,0,1432,649,"Knox County",470313,16.5846999763987,0.0286458333333333,61.6610640148157,2.76411666273312,12.9700858789785,2.86458333333333
2021-06-22,51910,14,43297,5,8613,9,47409,5,350693,247,398102,252,2,648,10,55,2,51207,1,1432,648,"Knox County",470313,15.0963294656962,0.0239067055393586,53.5813383852881,2.97674102140489,11.6943397269478,2.39067055393586
2021-06-21,51896,9,43292,8,8604,1,47404,9,350446,289,397850,298,0,646,5,45,4,51205,1,1431,647,"Knox County",470313,15.0963294656962,0.0252897787144362,63.3620588841899,1.913619228046,9.56809614023002,2.52897787144363
2021-06-20,51887,3,43284,2,8603,1,47395,3,350157,161,397552,164,1,646,-2,40,4,51201,0,1430,647,"Knox County",470313,14.6710807483527,0.0251572327044025,34.8703948221716,0.637873076015334,8.50497434687113,2.51572327044025
2021-06-19,51884,3,43282,1,8602,2,47392,1,349996,191,397388,192,0,645,-3,42,6,51197,0,1430,647,"Knox County",470313,14.6710807483527,0.0248414376321353,40.8238768649814,0.637873076015334,8.93022306421468,2.48414376321353
2021-06-18,51881,6,43281,4,8600,2,47391,3,349805,283,397196,286,1,645,-5,45,10,51191,0,1430,647,"Knox County",470313,13.1827102376502,0.0210129310344828,60.8105665801286,1.27574615203067,9.56809614023002,2.10129310344828
2021-06-17,51875,12,43277,8,8598,4,47388,9,349522,515,396910,524,0,644,6,50,6,51181,0,1430,647,"Knox County",470313,12.7574615203067,0.0189431704885344,111.415163944012,2.55149230406134,10.6312179335889,1.89431704885344
2021-06-16,51863,7,43269,4,8594,3,47379,4,349007,362,396386,366,1,644,-6,44,12,51175,0,1430,646,"Knox County",470313,11.481715368276,0.0163304514889529,77.8205152738708,1.48837051070245,9.35547178155824,1.63304514889529
2021-06-15,51856,13,43265,9,8591,4,47375,14,348645,428,396020,442,0,643,-2,50,15,51163,0,1430,646,"Knox County",470313,11.2690910096042,0.0189260563380282,93.9799665329259,2.76411666273312,10.6312179335889,1.89260563380282
2021-06-14,51843,7,43256,2,8587,5,47361,3,348217,260,395578,263,1,643,-5,52,11,51148,0,1430,646,"Knox County",470313,10.8438422922607,0.0165400089405454,55.9202063306777,1.48837051070245,11.0564666509325,1.65400089405454
2021-06-13,51836,3,43254,3,8582,0,47358,4,347957,128,395315,132,0,642,-5,57,8,51137,1,1430,646,"Knox County",470313,10.8438422922607,0.0172335600907029,28.0664153446747,0.637873076015334,12.1195884442914,1.72335600907029
2021-06-12,51833,2,43251,1,8582,1,47354,1,347829,226,395183,227,0,642,-6,62,8,51129,0,1429,646,"Knox County",470313,10.6312179335889,0.0169642857142857,48.2657294184936,0.425248717343556,13.1827102376502,1.69642857142857
2021-06-11,51831,7,43250,3,8581,4,47353,2,347603,318,394956,320,0,642,-2,68,9,51121,0,1429,645,"Knox County",470313,10.8438422922607,0.0162708883025506,68.039794774969,1.48837051070245,14.4584563896809,1.62708883025506
2021-06-10,51824,7,43247,4,8577,3,47351,5,347285,358,394636,363,0,642,-1,70,8,51112,0,1429,644,"Knox County",470313,9.7807204989018,0.0156176053005206,77.1826421978555,1.48837051070245,14.8837051070245,1.56176053005206
2021-06-09,51817,2,43243,1,8574,1,47346,1,346927,367,394273,368,1,642,-17,71,18,51104,0,1429,644,"Knox County",470313,8.7175987055429,0.0141843971631206,78.2457639912144,0.425248717343556,15.0963294656962,1.41843971631206
2021-06-08,51815,5,43242,3,8573,2,47345,4,346560,266,393905,270,1,641,-17,88,21,51086,0,1429,643,"Knox County",470313,7.01660383616868,0.0102933607822954,57.4085768413801,1.06312179335889,18.7109435631165,1.02933607822954
2021-06-07,51810,15,43239,9,8571,6,47341,10,346294,316,393635,326,0,640,-8,105,23,51065,2,1429,642,"Knox County",470313,8.7175987055429,0.0134596211365902,69.3155409269997,3.18936538007667,22.3255576605367,1.34596211365902
2021-06-06,51795,4,43230,2,8565,2,47331,2,345978,178,393309,180,0,640,-5,113,9,51042,0,1427,642,"Knox County",470313,8.93022306421468,0.0121713729308666,38.2723845609201,0.850497434687113,24.0265525299109,1.21713729308666
2021-06-05,51791,5,43228,2,8563,3,47329,3,345800,258,393129,261,0,640,-9,118,14,51033,0,1427,642,"Knox County",470313,9.56809614023002,0.0129310344827586,55.4949576133341,1.06312179335889,25.0896743232698,1.29310344827586
2021-06-04,51786,7,43226,2,8560,5,47326,3,345542,325,392868,328,1,640,-9,127,15,51019,0,1427,642,"Knox County",470313,9.56809614023002,0.0133587786259542,69.7407896443432,1.48837051070245,27.0032935513158,1.33587786259542
2021-06-03,51779,7,43224,4,8555,3,47323,6,345217,458,392540,464,0,639,-12,136,19,51004,0,1427,642,"Knox County",470313,9.56809614023002,0.0131998179335457,98.6577024237051,1.48837051070245,28.9169127793618,1.31998179335457
2021-06-02,51772,20,43220,7,8552,13,47317,6,344759,282,392076,288,0,639,5,148,15,50985,1,1427,642,"Knox County",470313,13.395334596322,0.0160604629192253,61.2358152974721,4.25248717343556,31.4684050834232,1.60604629192253
2021-06-01,51752,12,43213,9,8539,3,47311,10,344477,291,391788,301,0,639,-10,143,22,50970,1,1426,642,"Knox County",470313,14.8837051070245,0.0186219739292365,63.9999319602052,2.55149230406134,30.4052832900643,1.86219739292365
2021-05-31,51740,17,43204,14,8536,3,47301,12,344186,354,391487,366,0,639,-1,153,18,50948,0,1425,642,"Knox County",470313,15.308953824368,0.0191956124314442,77.8205152738708,3.61461409742023,32.5315268767821,1.91956124314442
2021-05-30,51723,3,43190,1,8533,2,47289,1,343832,203,391121,204,0,639,-9,154,12,50930,0,1425,642,"Knox County",470313,15.0963294656962,0.0185352622061483,43.3753691690427,0.637873076015334,32.7441512354538,1.85352622061483
2021-05-29,51720,14,43189,8,8531,6,47288,6,343629,199,390917,205,0,639,-14,163,28,50918,1,1425,642,"Knox County",470313,17.0099486937423,0.0204081632653061,43.5879935277145,2.97674102140489,34.6577704634998,2.04081632653061
2021-05-28,51706,11,43181,6,8525,5,47282,10,343430,390,390712,400,0,639,-10,177,21,50890,1,1424,641,"Knox County",470313,17.8604461284294,0.0228904847396768,85.0497434687113,2.33886794538956,37.6345114849047,2.28904847396768
2021-05-27,51695,23,43175,8,8520,15,47272,9,343040,341,390312,350,0,639,-5,187,28,50869,1,1423,641,"Knox County",470313,21.2624358671778,0.0255439924314096,74.4185255351224,4.8903602494509,39.7607550716225,2.55439924314096
2021-05-26,51672,17,43167,8,8505,9,47263,11,342699,571,389962,582,0,639,-7,192,24,50841,0,1422,641,"Knox County",470313,20.6245627911625,0.0245016611295681,123.747376746975,3.61461409742023,40.8238768649814,2.45016611295681
2021-05-25,51655,17,43159,8,8496,9,47252,7,342128,311,389380,318,0,639,-11,199,28,50817,1,1422,641,"Knox County",470313,21.6876845845214,0.0230927835051546,67.6145460576254,3.61461409742023,42.3122473756839,2.30927835051546
2021-05-24,51638,25,43151,21,8487,4,47245,24,341817,425,389062,449,0,639,-11,210,36,50789,1,1421,641,"Knox County",470313,23.3886794538956,0.0271132376395534,95.4683370436284,5.31560896679445,44.6511153210734,2.71132376395534
2021-05-23,51613,16,43130,8,8483,8,47221,8,341392,225,388613,233,1,639,-5,221,20,50753,1,1420,641,"Knox County",470313,26.1527961166287,0.0295624753646039,49.5414755705243,3.40198973874845,46.989983266463,2.95624753646039
2021-05-22,51597,8,43122,4,8475,4,47213,4,341167,269,388380,273,0,638,-6,226,14,50733,0,1419,640,"Knox County",470313,24.877049964598,0.0280230326295585,58.0464499173954,1.70099486937423,48.0531050598219,2.80230326295585
2021-05-21,51589,16,43118,12,8471,4,47209,14,340898,377,388107,391,0,638,-17,232,33,50719,1,1419,640,"Knox County",470313,25.9401717579569,0.0296610169491525,83.1361242406653,3.40198973874845,49.3288512118525,2.96610169491525
2021-05-20,51573,34,43106,26,8467,8,47195,27,340521,594,387716,621,0,638,6,249,28,50686,1,1418,639,"Knox County",470313,28.2790397033465,0.0331356818974538,132.039726735174,7.22922819484046,52.9434653092728,3.31356818974538
2021-05-19,51539,14,43080,6,8459,8,47168,6,339927,544,387095,550,0,638,-29,243,43,50658,1,1417,639,"Knox County",470313,27.6411666273312,0.0317460317460317,116.943397269478,2.97674102140489,51.6677191572421,3.17460317460317
2021-05-18,51525,24,43074,14,8451,10,47162,14,339383,444,386545,458,1,638,-21,272,44,50615,0,1416,639,"Knox County",470313,29.1295371380336,0.0326050420168067,97.3819562716744,5.10298460812268,57.8338255587237,3.26050420168067
2021-05-17,51501,15,43060,7,8441,8,47148,8,338939,420,386087,428,0,637,-18,293,33,50571,0,1416,638,"Knox County",470313,27.0032935513158,0.0274204468517265,91.0032255115211,3.18936538007667,62.298937090831,2.74204468517265
2021-05-16,51486,22,43053,13,8433,9,47140,12,338519,272,385659,284,1,637,-10,311,31,50538,1,1416,638,"Knox County",470313,28.2790397033465,0.0282861896838602,60.385317862785,4.67773589077912,66.126175546923,2.82861896838602
2021-05-15,51464,23,43040,13,8424,10,47128,17,338247,336,385375,353,0,636,-8,321,31,50507,1,1415,638,"Knox County",470313,31.4684050834232,0.0317666126418152,75.0563986111377,4.8903602494509,68.2524191336408,3.17666126418152
2021-05-14,51441,36,43027,25,8414,11,47111,26,337911,498,385022,524,0,636,4,329,32,50476,4,1414,637,"Knox County",470313,35.7208922568587,0.0341827221876942,111.415163944012,7.65447691218401,69.953414003015,3.41827221876942
2021-05-13,51405,31,43002,17,8403,14,47085,17,337413,376,384498,393,0,636,-17,325,48,50444,0,1410,637,"Knox County",470313,35.0830191808434,0.0334448160535117,83.5613729580088,6.59135511882512,69.1029165683279,3.34448160535117
2021-05-12,51374,34,42985,28,8389,6,47068,26,337037,506,384105,532,0,636,-15,342,49,50396,0,1410,637,"Knox County",470313,39.335506354279,0.0403768506056528,113.116158813386,7.22922819484046,72.7175306657481,4.03768506056528
2021-05-11,51340,36,42957,30,8383,6,47042,31,336531,555,383573,586,0,636,-11,357,47,50347,4,1410,637,"Knox County",470313,41.8869986583403,0.0441935483870968,124.597874181662,7.65447691218401,75.9068960458248,4.41935483870968
2021-05-10,51304,21,42927,14,8377,7,47011,13,335976,277,382987,290,1,636,-26,368,46,50300,1,1406,637,"Knox County",470313,43.162744810371,0.0479405806887238,61.6610640148157,4.46511153210734,78.2457639912144,4.79405806887238
2021-05-09,51283,17,42913,14,8370,3,46998,17,335699,369,382697,386,0,635,-22,394,39,50254,1,1405,636,"Knox County",470313,42.0996230170121,0.047976501305483,82.0730024473064,3.61461409742023,83.7739973166806,4.7976501305483
2021-05-08,51266,20,42899,11,8367,9,46981,14,335330,307,382311,321,0,635,-18,416,38,50215,1,1404,636,"Knox County",470313,41.4617499409967,0.0474934036939314,68.2524191336408,4.25248717343556,88.4517332074597,4.74934036939314
2021-05-07,51246,43,42888,31,8358,12,46967,33,335023,576,381990,609,0,635,3,434,40,50177,0,1403,636,"Knox County",470313,42.9501204516992,0.0484440166827077,129.488234431113,9.14284742288646,92.2789716635517,4.84440166827077
2021-05-06,51203,40,42857,26,8346,14,46934,28,334447,340,381381,368,1,635,-8,431,47,50137,0,1403,636,"Knox County",470313,44.8637396797452,0.0523932729624838,78.2457639912144,8.50497434687113,91.6410985875364,5.23932729624838
2021-05-05,51163,51,42831,32,8332,19,46906,38,334107,585,381013,623,0,634,5,439,46,50090,4,1403,635,"Knox County",470313,48.4783537771654,0.0546654099905749,132.464975452518,10.8438422922607,93.3420934569106,5.46654099905749
2021-05-04,51112,50,42799,32,8313,18,46868,34,333522,536,380390,570,0,634,6,434,44,50044,0,1399,635,"Knox County",470313,51.4550947985703,0.0558888538048626,121.195884442914,10.6312179335889,92.2789716635517,5.58888538048626
2021-05-03,51062,24,42767,9,8295,15,46834,7,332986,309,379820,316,1,634,-37,428,60,50000,1,1399,635,"Knox County",470313,52.0929678745856,0.053554650798622,67.1892973402819,5.10298460812268,91.0032255115211,5.3554650798622
2021-05-02,51038,25,42758,18,8280,7,46827,20,332677,288,379504,308,0,633,-17,465,42,49940,2,1398,635,"Knox County",470313,53.7939627439599,0.0558587479935795,65.4883024709077,5.31560896679445,98.8703267823768,5.58587479935795
2021-05-01,51013,45,42740,35,8273,10,46807,38,332389,450,379196,488,0,633,7,482,38,49898,2,1396,635,"Knox County",470313,59.1095717107543,0.0603290676416819,103.760687031828,9.56809614023002,102.484940879797,6.03290676416819
2021-04-30,50968,58,42705,30,8263,28,46769,29,331939,567,378708,596,0,633,-10,475,68,49860,3,1394,635,"Knox County",470313,62.298937090831,0.0593453655552157,126.72411776838,12.3322128029631,100.996570369095,5.93453655552157
2021-04-29,50910,54,42675,34,8235,20,46740,35,331372,571,378112,606,0,633,-2,485,56,49792,2,1391,634,"Knox County",470313,65.2756781122359,0.0573139435414885,128.850361355098,11.481715368276,103.122813955812,5.73139435414885
2021-04-28,50856,47,42641,28,8215,19,46705,34,330801,543,377506,577,4,633,-38,487,81,49736,1,1389,634,"Knox County",470313,64.4251806775488,0.0569199653279399,122.684254953616,9.99334485757357,103.548062673156,5.69199653279399
2021-04-27,50809,39,42613,17,8196,22,46671,20,330258,392,376929,412,1,629,-33,525,71,49655,2,1388,632,"Knox County",470313,62.0863127321592,0.0554041780199818,87.6012357727726,8.29234998819935,111.627788302684,5.54041780199818
2021-04-26,50770,69,42596,36,8174,33,46651,40,329866,480,376517,520,1,628,2,558,66,49584,0,1386,631,"Knox County",470313,71.6544088723892,0.0615911035072712,110.564666509325,14.6710807483527,118.644392138852,6.15911035072712
2021-04-25,50701,38,42560,25,8141,13,46611,26,329386,341,375997,367,0,627,-4,556,42,49518,3,1386,630,"Knox County",470313,74.4185255351224,0.0622546270330903,78.0331396325426,8.07972562952757,118.219143421509,6.22546270330903
2021-04-24,50663,35,42535,22,8128,13,46585,28,329045,510,375630,538,0,627,-28,560,63,49476,3,1383,630,"Knox County",470313,72.2922819484046,0.0586283185840708,114.391904965417,7.44185255351224,119.069640856196,5.86283185840708
2021-04-23,50628,43,42513,31,8115,12,46557,36,328535,553,375092,589,0,627,-4,588,47,49413,2,1380,630,"Knox County",470313,69.1029165683279,0.0606816292601829,125.235747257677,9.14284742288646,125.023122899006,6.06816292601829
2021-04-22,50585,79,42482,62,8103,17,46521,65,327982,787,374503,852,1,627,15,592,63,49366,1,1378,630,"Knox County",470313,74.4185255351224,0.064591439688716,181.155953588355,16.7973243350705,125.873620333693,6.4591439688716
2021-04-21,50506,62,42420,34,8086,28,46456,35,327195,479,373651,514,1,626,-2,577,63,49303,1,1377,629,"Knox County",470313,77.607890915199,0.0659282700421941,109.288920357294,13.1827102376502,122.684254953616,6.59282700421941
2021-04-20,50444,38,42386,34,8058,4,46421,39,326716,474,373137,513,1,625,-32,579,69,49240,1,1376,628,"Knox County",470313,77.3952665565272,0.0690983817107629,109.076295998622,8.07972562952757,123.10950367096,6.90983817107629
2021-04-19,50406,65,42352,41,8054,24,46382,39,326242,336,372624,375,0,624,-3,611,68,49171,0,1375,627,"Knox County",470313,76.5447691218401,0.0715048025613661,79.7341345019168,13.8205833136656,129.913483148456,7.15048025613661
2021-04-18,50341,38,42311,27,8030,11,46343,32,325906,364,372249,396,0,624,-12,614,50,49103,1,1375,627,"Knox County",470313,76.5447691218401,0.0725443473656341,84.1992460340241,8.07972562952757,130.551356224472,7.25443473656341
2021-04-17,50303,37,42284,18,8019,19,46311,23,325542,335,371853,358,0,624,-23,626,60,49053,1,1374,626,"Knox County",470313,76.9700178391837,0.0747845426744509,76.1195204044966,7.86710127085579,133.102848528533,7.47845426744509
2021-04-16,50266,346,42266,330,8000,16,46288,369,325207,2088,371495,2457,1,624,279,649,66,48993,4,1373,626,"Knox County",470313,141.395198516732,0.110155535224154,522.418049256559,73.5680281004352,137.993208777984,11.0155535224154
2021-04-15,49920,86,41936,54,7984,32,45919,55,323119,577,369038,632,1,623,12,370,73,48927,0,1369,625,"Knox County",470313,142.883569027435,0.112869399428027,134.378594680564,18.2856948457729,78.6710127085579,11.2869399428027
2021-04-14,49834,85,41882,60,7952,25,45864,62,322542,684,368406,746,0,622,-1,358,86,48854,3,1369,624,"Knox County",470313,147.773929276886,0.113018075588826,158.617771569146,18.0730704871011,76.1195204044966,11.3018075588826
2021-04-13,49749,68,41822,38,7927,30,45802,43,321858,340,367660,383,-5,622,-8,359,81,48768,1,1366,624,"Knox County",470313,154.152660037039,0.116513933046568,81.435129371291,14.4584563896809,76.3321447631684,11.6513933046568
2021-04-12,49681,63,41784,43,7897,20,45759,50,321518,360,367277,410,1,627,-24,367,86,48687,0,1365,624,"Knox County",470313,153.727411319696,0.117800074321813,87.175987055429,13.395334596322,78.0331396325426,11.7800074321813
2021-04-11,49618,26,41741,14,7877,12,45709,14,321158,296,366867,310,2,626,-26,391,50,48601,0,1365,623,"Knox County",470313,151.175919015634,0.11631419939577,65.9135511882512,5.52823332546623,83.1361242406653,11.631419939577
2021-04-10,49592,50,41727,33,7865,17,45695,41,320862,571,366557,612,0,624,6,417,44,48551,1,1365,623,"Knox County",470313,153.940035678367,0.114234234234234,130.126107507128,10.6312179335889,88.6643575661315,11.4234234234234
2021-04-09,49542,82,41694,62,7848,20,45654,71,320291,620,365945,691,5,624,11,411,66,48507,2,1364,622,"Knox County",470313,97.8072049890179,0.0887949260042283,146.923431842199,17.4351974110858,87.3886114141008,8.87949260042283
2021-04-08,49460,49,41632,26,7828,23,45583,26,319671,466,365254,492,-6,619,-23,400,78,48441,0,1362,622,"Knox County",470313,89.9401037181622,0.0842480790340285,104.611184466515,10.4185935749171,85.0497434687113,8.42480790340285
2021-04-07,49411,77,41606,54,7805,23,45557,57,319205,768,364762,825,2,625,9,423,66,48363,1,1362,622,"Knox County",470313,88.2391088487879,0.0811173784582326,175.415095904217,16.3720756177269,89.9401037181622,8.11173784582326
2021-04-06,49334,75,41552,41,7782,34,45500,45,318437,422,363937,467,2,623,-3,414,76,48297,0,1361,622,"Knox County",470313,89.7274793594904,0.079852902547938,99.2955754997204,15.9468269003834,88.0264844901162,7.9852902547938
2021-04-05,49259,44,41511,32,7748,12,45455,35,318015,266,363470,301,0,621,-60,417,104,48221,3,1361,622,"Knox County",470313,85.6876165447266,0.0781503515413737,63.9999319602052,9.35547178155824,88.6643575661315,7.81503515413737
2021-04-04,49215,49,41479,31,7736,18,45420,40,317749,341,363169,381,3,621,-27,477,73,48117,0,1358,621,"Knox County",470313,90.5779767941775,0.0835765455027859,81.0098806539475,10.4185935749171,101.421819086438,8.35765455027859
2021-04-03,49166,81,41448,64,7718,17,45380,71,317408,593,362788,664,0,618,6,504,75,48044,0,1358,620,"Knox County",470313,97.1693319130026,0.0902904998691442,141.182574158061,17.222573052414,107.162676770576,9.02904998691442
2021-04-02,49085,76,41384,45,7701,31,45309,45,316815,530,362124,575,0,618,5,498,71,47969,2,1358,617,"Knox County",470313,95.8935857609719,0.0860998650472335,122.259006236272,16.1594512590551,105.886930618546,8.60998650472335
2021-04-01,49009,75,41339,63,7670,12,45264,67,316285,580,361549,647,1,618,-20,493,94,47898,1,1356,616,"Knox County",470313,101.421819086438,0.0932642487046632,137.56796006064,15.9468269003834,104.823808825187,9.32642487046632
2021-03-31,48934,87,41276,66,7658,21,45197,72,315705,765,360902,837,3,617,-16,513,100,47804,2,1355,616,"Knox County",470313,103.548062673156,0.096849173553719,177.966588208278,18.4983192044447,109.076295998622,9.6849173553719
2021-03-30,48847,57,41210,33,7637,24,45125,38,314940,460,360065,498,1,614,-25,529,81,47704,2,1353,614,"Knox County",470313,99.7208242170639,0.094286446323341,105.886930618546,12.1195884442914,112.478285737371,9.4286446323341
2021-03-29,48790,43,41177,21,7613,22,45087,22,314480,400,359567,422,5,613,-58,554,96,47623,0,1351,613,"Knox County",470313,99.5081998583922,0.088220675944334,89.7274793594904,9.14284742288646,117.793894704165,8.8220675944334
2021-03-28,48747,80,41156,46,7591,34,45065,49,314080,484,359145,533,2,608,13,612,65,47527,5,1351,612,"Knox County",470313,106.099554977217,0.0871647509578544,113.328783172058,17.0099486937423,130.126107507128,8.71647509578544
2021-03-27,48667,42,41110,39,7557,3,45016,42,313596,442,358612,484,0,606,-16,599,58,47462,2,1346,611,"Knox County",470313,97.8072049890179,0.0838338338338338,102.910189597141,8.93022306421468,127.361990844395,8.38338338338338
2021-03-26,48625,79,41071,54,7554,25,44974,60,313154,417,358128,477,0,606,1,615,78,47404,2,1344,610,"Knox County",470313,98.4450780650333,0.0897896357106208,101.421819086438,16.7973243350705,130.763980583144,8.97896357106208
2021-03-25,48546,88,41017,64,7529,24,44914,67,312737,570,357651,637,0,606,7,614,81,47326,4,1342,608,"Knox County",470313,101.209194727766,0.0900205761316872,135.441716473923,18.7109435631165,130.551356224472,9.00205761316873
2021-03-24,48458,123,40953,91,7505,32,44847,95,312167,780,357014,875,1,606,38,607,84,47245,3,1338,607,"Knox County",470313,108.86367163995,0.0950076413652573,186.046313837806,26.1527961166287,129.062985713769,9.50076413652573
2021-03-23,48335,87,40862,57,7473,30,44752,63,311387,531,356139,594,1,605,17,569,69,47161,3,1335,606,"Knox County",470313,115.242402400104,0.0989557434112382,126.298869051036,18.4983192044447,120.983260084242,9.89557434112382
2021-03-22,48248,115,40805,78,7443,37,44689,81,310856,517,355545,598,2,604,32,552,81,47092,1,1332,605,"Knox County",470313,130.551356224472,0.108861362553597,127.149366485723,24.4518012472545,117.368645986822,10.8861362553597
2021-03-21,48133,50,40727,33,7406,17,44608,34,310339,330,354947,364,0,602,4,520,46,47011,1,1331,605,"Knox County",470313,124.172625464318,0.109704641350211,77.3952665565272,10.6312179335889,110.564666509325,10.9704641350211
2021-03-20,48083,59,40694,29,7389,30,44574,33,310009,315,354583,348,0,602,3,516,56,46965,4,1330,604,"Knox County",470313,127.787239561739,0.111225276136656,73.9932768177788,12.5448371616349,109.714169074638,11.1225276136656
2021-03-19,48024,146,40665,102,7359,44,44541,117,309694,956,354235,1073,3,602,51,513,92,46909,3,1326,604,"Knox County",470313,142.033071592748,0.109155713967476,228.145936854818,31.0431563660796,109.076295998622,10.9155713967476
2021-03-18,47878,68,40563,50,7315,18,44424,66,308738,627,353162,693,2,599,-16,462,82,46817,1,1323,603,"Knox County",470313,137.780584419312,0.107590759075908,147.348680559542,14.4584563896809,98.2324537063615,10.7590759075908
2021-03-17,47810,46,40513,36,7297,10,44358,41,308111,498,352469,539,1,597,-40,478,85,46735,3,1322,603,"Knox County",470313,121.408508801585,0.103349964362081,114.604529324088,9.7807204989018,101.63444344511,10.3349964362081
2021-03-16,47764,128,40477,84,7287,44,44317,100,307613,699,351930,799,0,596,48,518,80,46650,3,1319,601,"Knox County",470313,130.126107507128,0.106932487539647,169.886862578751,27.2159179099876,110.139417791981,10.6932487539647
2021-03-15,47636,44,40393,28,7243,16,44217,40,306914,290,351131,330,1,596,-65,470,108,46570,1,1316,600,"Knox County",470313,115.029778041432,0.103955619874578,70.1660383616868,9.35547178155824,99.9334485757357,10.3955619874578
2021-03-14,47592,60,40365,38,7227,22,44177,46,306624,405,350801,451,0,595,-12,535,72,46462,0,1315,599,"Knox County",470313,117.15602162815,0.104653909756674,95.893585760972,12.7574615203067,113.754031889401,10.4653909756674
2021-03-13,47532,71,40327,34,7205,37,44131,41,306219,623,350350,664,1,595,-10,547,80,46390,1,1315,599,"Knox County",470313,119.707513932211,0.0991426687183996,141.182574158061,15.0963294656962,116.305524193463,9.91426687183997
2021-03-12,47461,63,40293,60,7168,3,44090,67,305596,692,349686,759,0,594,-52,557,115,46310,1,1314,597,"Knox County",470313,102.059692162454,0.0946871310507674,161.38188823188,13.395334596322,118.43176778018,9.46871310507674
2021-03-11,47398,83,40233,56,7165,27,44023,66,304904,627,348927,693,2,594,-22,609,103,46195,0,1313,595,"Knox County",470313,105.24905754253,0.0946871310507674,147.348680559542,17.6478217697576,129.488234431113,9.46871310507674
2021-03-10,47315,95,40177,72,7138,23,43957,82,304277,1001,348234,1083,2,592,26,631,67,46092,1,1313,594,"Knox County",470313,115.667651117447,0.0924879681941829,230.272180441536,20.1993140738189,134.165970321892,9.24879681941829
2021-03-09,47220,80,40105,50,7115,30,43875,55,303276,597,347151,652,0,590,-6,605,86,46025,2,1312,594,"Knox County",470313,105.461681901202,0.0857081174438687,138.631081853999,17.0099486937423,128.637736996426,8.57081174438687
2021-03-08,47140,85,40055,57,7085,28,43820,63,302679,412,346499,475,1,590,-30,611,114,45939,0,1310,590,"Knox County",470313,114.179280606745,0.0879212895122462,100.996570369095,18.0730704871011,129.913483148456,8.79212895122462
2021-03-07,47055,64,39998,40,7057,24,43757,42,302267,327,346024,369,0,589,-5,641,69,45825,0,1310,588,"Knox County",470313,115.029778041432,0.088604898828541,78.4583883498861,13.6079589549938,136.29221390861,8.8604898828541
2021-03-06,46991,125,39958,87,7033,38,43715,95,301940,848,345655,943,0,589,40,646,85,45756,1,1310,588,"Knox County",470313,126.511493409708,0.0944913550462405,200.504770227487,26.5780448339723,137.355335701969,9.44913550462405
2021-03-05,46866,70,39871,44,6995,26,43620,49,301092,521,344712,570,2,589,-19,606,87,45671,2,1309,588,"Knox County",470313,127.99986392041,0.0944618599791014,121.195884442914,14.8837051070245,128.850361355098,9.44618599791014
2021-03-04,46796,112,39827,85,6969,27,43571,100,300571,1094,344142,1194,5,587,-1,625,108,45584,1,1307,586,"Knox County",470313,134.165970321892,0.0919409761634506,253.873484254103,23.8139281712392,132.890224169861,9.19409761634506
2021-03-03,46684,74,39742,33,6942,41,43471,40,299477,497,342948,537,1,582,-49,626,122,45476,4,1306,584,"Knox County",470313,129.700858789785,0.0936708860759494,114.179280606745,15.7342025417116,133.102848528533,9.36708860759494
2021-03-02,46610,133,39709,91,6901,42,43431,99,298980,808,342411,907,-1,581,9,675,125,45354,2,1302,583,"Knox County",470313,140.969949799389,0.0976976976976977,192.850293315303,28.2790397033465,143.52144210345,9.76976976976977
2021-03-01,46477,59,39618,33,6859,26,43332,35,298172,165,341504,200,1,582,-58,666,116,45229,1,1300,580,"Knox County",470313,135.441716473923,0.0974576271186441,42.5248717343556,12.5448371616349,141.607822875404,9.74576271186441
2021-02-28,46418,77,39585,53,6833,24,43297,63,298007,563,341304,626,2,581,-19,724,94,45113,2,1299,580,"Knox County",470313,138.205833136656,0.0966445649989954,133.102848528533,16.3720756177269,153.940035678367,9.66445649989954
2021-02-27,46341,82,39532,47,6809,35,43234,58,297444,671,340678,729,1,579,-33,743,114,45019,3,1297,579,"Knox County",470313,129.062985713769,0.0932185597312618,155.003157471726,17.4351974110858,157.979898493131,9.32185597312618
2021-02-26,46259,107,39485,70,6774,37,43176,80,296773,506,339949,586,5,578,-17,776,119,44905,1,1294,578,"Knox County",470313,136.930086984625,0.0993931784892237,124.597874181662,22.7508063778803,164.9965023293,9.93931784892237
2021-02-25,46152,131,39415,92,6737,39,43096,97,296267,1029,339363,1126,2,573,-7,793,136,44786,5,1293,578,"Knox County",470313,140.969949799389,0.100191042241562,239.415027864422,27.8537909860029,168.61111642672,10.0191042241562
2021-02-24,46021,102,39323,72,6698,30,42999,80,295238,969,338237,1049,2,571,-30,800,130,44650,2,1288,577,"Knox County",470313,146.923431842199,0.0980279532835535,223.042952246695,21.6876845845214,170.099486937423,9.80279532835535
2021-02-23,45919,122,39251,68,6668,54,42919,75,294269,758,337188,833,5,569,-32,830,149,44520,6,1286,576,"Knox County",470313,144.584563896809,0.0947756845989512,177.116090773591,25.9401717579569,176.478217697576,9.47756845989512
2021-02-22,45797,62,39183,33,6614,29,42844,38,293511,307,336355,345,3,564,-110,862,169,44371,3,1280,574,"Knox County",470313,145.222436972824,0.0927465054778995,73.3554037417635,13.1827102376502,183.282197175073,9.27465054778995
2021-02-21,45735,82,39150,41,6585,41,42806,45,293204,499,336010,544,2,561,-31,972,111,44202,3,1277,572,"Knox County",470313,146.285558766183,0.090752110514198,115.667651117447,17.4351974110858,206.670876628968,9.0752110514198
2021-02-20,45653,137,39109,98,6544,39,42761,115,292705,1007,335466,1122,1,559,8,1003,128,44091,2,1274,569,"Knox County",470313,157.979898493131,0.0945584299732382,238.564530429735,29.1295371380336,213.262231747793,9.45584299732382
2021-02-19,45516,95,39011,43,6505,52,42646,48,291698,274,334344,322,1,558,-83,995,177,43963,2,1272,568,"Knox County",470313,155.42840618907,0.0932409661112151,68.4650434923126,20.1993140738189,211.561236878419,9.32409661112151
2021-02-18,45421,155,38968,111,6453,44,42598,119,291424,988,334022,1107,4,557,-38,1078,189,43786,6,1270,566,"Knox County",470313,160.531390797193,0.0977076287110109,235.375165049658,32.9567755941256,229.209058648177,9.77076287110109
2021-02-17,45266,114,38857,68,6409,46,42479,76,290436,892,332915,968,1,553,-49,1116,162,43597,4,1264,560,"Knox County",470313,163.082883101254,0.0984544934172868,205.820379194281,24.2391768885827,237.288784277704,9.84544934172868
2021-02-16,45152,146,38789,90,6363,56,42403,101,289544,818,331947,919,2,552,-41,1165,185,43435,4,1260,557,"Knox County",470313,168.185867709377,0.101745823165008,195.401785619364,31.0431563660796,247.707377852622,10.1745823165008
2021-02-15,45006,76,38699,36,6307,40,42302,43,288726,312,331028,355,2,550,-140,1206,214,43250,1,1256,557,"Knox County",470313,171.162608730781,0.102492036724752,75.4816473284812,16.1594512590551,256.424976558164,10.2492036724752
2021-02-14,44930,165,38663,135,6267,30,42259,135,288414,706,330673,841,2,548,20,1346,143,43036,5,1255,557,"Knox County",470313,188.810430500539,0.113063542776003,178.817085642965,35.0830191808434,286.192386772213,11.3063542776003
2021-02-13,44765,135,38528,91,6237,44,42124,106,287708,871,329832,977,4,546,-9,1326,140,42893,7,1250,556,"Knox County",470313,188.385181783195,0.11441063946074,207.733998422327,28.7042884206901,281.939899598778,11.441063946074
2021-02-12,44630,179,38437,114,6193,65,42018,124,286837,996,328855,1120,3,542,13,1335,163,42753,3,1243,552,"Knox County",470313,206.245627911625,0.111977095594083,238.139281712392,38.0597602022483,283.853518826824,11.1977095594083
2021-02-11,44451,162,38323,112,6128,50,41894,118,285841,1133,327735,1251,5,539,-34,1322,191,42590,5,1240,551,"Knox County",470313,207.733998422327,0.109314259057689,265.993072698394,34.4451461048281,281.089402164091,10.9314259057689
2021-02-10,44289,148,38211,106,6078,42,41776,112,284708,1032,326484,1144,7,534,-47,1356,188,42399,6,1235,549,"Knox County",470313,214.963226617168,0.111851067050098,243.242266320514,31.4684050834232,288.318630358931,11.1851067050098
2021-02-09,44141,209,38105,154,6036,55,41664,165,283676,1023,325340,1188,0,527,12,1403,197,42211,6,1229,547,"Knox County",470313,228.35856121349,0.116783013379872,252.597738102072,44.4384909624016,298.311975216505,11.6783013379872
2021-02-08,43932,107,37951,72,5981,35,41499,76,282653,371,324152,447,4,527,-159,1391,262,42014,2,1223,542,"Knox County",470313,234.949916332315,0.119977037887486,95.0430883262848,22.7508063778803,295.760482912443,11.9977037887486
2021-02-07,43825,108,37879,75,5946,33,41423,83,282282,716,323705,799,1,523,-28,1550,135,41752,2,1221,539,"Knox County",470313,222.830327888024,0.113196650303205,169.886862578751,22.963430736552,329.567755941256,11.3196650303205
2021-02-06,43717,304,37804,176,5913,128,41340,197,281566,1396,322906,1593,2,522,136,1578,166,41617,6,1219,538,"Knox County",470313,258.763844503554,0.116016971625564,338.710603364143,64.6378050362206,335.521237984066,11.6016971625564
2021-02-05,43413,177,37628,131,5785,46,41143,143,280170,727,321313,870,8,520,-4,1442,173,41451,4,1213,534,"Knox County",470313,258.33859578621,0.12260010970927,184.983192044447,37.6345114849047,306.604325204704,12.260010970927
2021-02-04,43236,199,37497,148,5739,51,41000,161,279443,1582,320443,1743,2,512,0,1446,197,41278,7,1209,531,"Knox County",470313,266.205697057066,0.120375128468654,370.604257164909,42.3122473756839,307.454822639391,12.0375128468654
2021-02-03,43037,230,37349,165,5688,65,40839,172,277861,1634,318700,1806,5,510,-8,1446,233,41081,7,1202,523,"Knox County",470313,283.640894468152,0.118044044518115,383.999591761231,48.903602494509,307.454822639391,11.8044044518115
2021-02-02,42807,91,37184,70,5623,21,40667,77,276227,291,316894,368,7,505,-160,1454,244,40848,1,1195,523,"Knox County",470313,258.551220144882,0.119197482297404,78.2457639912144,19.3488166391318,309.155817508765,11.9197482297404
2021-02-01,42716,153,37114,82,5602,71,40590,97,275936,425,316526,522,4,498,-125,1614,274,40604,2,1194,521,"Knox County",470313,268.331940643784,0.120763537202961,110.989915226668,32.5315268767821,343.17571489625,12.0763537202961
2021-01-31,42563,174,37032,120,5531,54,40493,129,275511,939,316004,1068,7,494,12,1739,155,40330,4,1192,518,"Knox County",470313,282.365148316121,0.122459222082811,227.082815061459,36.9966384088894,369.753759730222,12.2459222082811
2021-01-30,42389,277,36912,233,5477,44,40364,250,274572,1518,314936,1768,7,487,92,1727,178,40175,9,1188,516,"Knox County",470313,276.624290631983,0.126335174953959,375.919866131704,58.8969473520825,367.202267426161,12.6335174953959
2021-01-29,42112,101,36679,52,5433,49,40114,62,273054,376,313168,438,4,480,-140,1635,237,39997,1,1179,510,"Knox County",470313,260.464839372928,0.12290937378452,93.1294690982388,21.4750602258496,347.640826428357,12.290937378452
2021-01-28,42011,157,36627,116,5384,41,40052,129,272678,657,312730,786,9,476,-75,1775,223,39760,5,1178,505,"Knox County",470313,251.534616308714,0.135583185316755,167.122745916018,33.3820243114692,377.408236642406,13.5583185316755
2021-01-27,41854,168,36511,123,5343,45,39923,125,272021,894,311944,1019,12,467,-73,1850,229,39537,2,1173,501,"Knox County",470313,238.351906071063,0.145585525213604,216.664221486542,35.7208922568587,393.35506354279,14.5585525213604
2021-01-26,41686,234,36388,173,5298,61,39798,193,271127,1041,310925,1234,3,455,-26,1923,257,39308,7,1171,497,"Knox County",470313,268.757189361128,0.144111192392099,262.378458600974,49.7540999291961,408.876641725829,14.4111192392099
2021-01-25,41452,158,36215,106,5237,52,39605,115,270086,415,309691,530,9,452,-198,1949,347,39051,1,1164,490,"Knox County",470313,269.820311154486,0.146573140435482,112.690910096042,33.5946486701409,414.404875051296,14.6573140435481
2021-01-24,41294,157,36109,104,5185,53,39490,111,269671,791,309161,902,4,443,-98,2147,251,38704,2,1163,486,"Knox County",470313,266.205697057066,0.147521341920024,191.787171521944,33.3820243114692,456.504498068308,14.7521341920024
2021-01-23,41137,309,36005,222,5132,87,39379,232,268880,1492,308259,1724,7,439,63,2245,239,38453,7,1161,481,"Knox County",470313,273.009676534563,0.145786220413086,366.564394350146,65.7009268295794,477.341685218142,14.5786220413086
2021-01-22,40828,178,35783,143,5045,35,39147,176,267388,1173,306535,1349,3,432,-150,2182,325,38214,7,1154,478,"Knox County",470313,289.38175215229,0.143292682926829,286.830259848229,37.8471358435765,463.94635062182,14.3292682926829
2021-01-21,40650,268,35640,195,5010,73,38971,203,266215,1081,305186,1284,11,429,-125,2332,382,37889,6,1147,470,"Knox County",470313,312.983055964857,0.143620989803531,273.009676534563,56.9833281240365,495.840004422587,14.3620989803531
2021-01-20,40382,192,35445,131,4937,61,38768,131,265134,736,303902,867,10,418,-154,2457,336,37507,8,1141,465,"Knox County",470313,318.08604057298,0.147148288973384,184.345318968432,40.8238768649814,522.418049256559,14.7148288973384
2021-01-19,40190,310,35314,195,4876,115,38637,219,264398,957,303035,1176,8,408,-85,2611,387,37171,14,1133,455,"Knox County",470313,334.245491832035,0.15155771195097,250.046245798011,65.9135511882512,555.162200492013,15.155771195097
2021-01-18,39880,129,35119,80,4761,49,38418,87,263441,472,301859,559,7,400,-364,2696,486,36784,4,1119,452,"Knox County",470313,328.079385430554,0.147436712886401,118.857016497524,27.4285422686594,573.235270979114,14.7436712886401
2021-01-17,39751,181,35039,138,4712,43,38331,151,262969,690,301300,841,3,393,-205,3060,383,36298,8,1115,443,"Knox County",470313,333.182370038676,0.153717948717949,178.817085642965,38.4850089195918,650.630537535641,15.3717948717949
2021-01-16,39570,421,34901,340,4669,81,38180,389,262279,1757,300459,2146,1,390,9,3265,411,35915,7,1107,437,"Knox County",470313,356.996298209916,0.164923376307468,456.291873709636,89.5148550008186,694.218531063356,16.4923376307468
2021-01-15,39149,187,34561,149,4588,38,37791,153,260522,755,298313,908,0,389,-95,3256,282,35504,4,1100,429,"Knox County",470313,358.909917437962,0.171314741035857,193.062917673975,39.7607550716225,692.30491183531,17.1314741035857
2021-01-14,38962,338,34412,267,4550,71,37638,290,259767,1479,297405,1769,6,389,-91,3351,423,35222,7,1096,419,"Knox County",470313,373.793622544986,0.171788047423179,376.132490490376,71.867033231061,712.504225909129,17.1788047423179
2021-01-13,38624,249,34145,201,4479,48,37348,206,258288,946,295636,1152,12,383,-249,3442,486,34799,6,1089,412,"Knox County",470313,385.913210989277,0.174833352824231,244.943261189888,52.9434653092728,731.85304254826,17.4833352824231
2021-01-12,38375,332,33944,261,4431,71,37142,283,257342,1181,294484,1464,10,371,-176,3691,498,34313,6,1083,410,"Knox County",470313,390.590946880056,0.176377418259984,311.282061095483,70.5912870790304,784.796507857533,17.6377418259984
2021-01-11,38043,244,33683,197,4360,47,36859,228,256161,726,293020,954,4,361,-396,3867,636,33815,5,1077,405,"Knox County",470313,415.042748127311,0.184102230885857,202.843638172876,51.8803435159139,822.218394983766,18.4102230885857
2021-01-10,37799,328,33486,205,4313,123,36631,222,255435,1013,292066,1235,5,357,-6,4263,329,33179,17,1072,399,"Knox County",470313,446.298528852062,0.183942667220607,262.591082959646,69.7407896443432,906.41764101779,18.3942667220607
2021-01-09,37471,475,33281,393,4190,82,36409,426,254422,1384,290831,1810,5,352,101,4269,369,32850,12,1055,393,"Knox County",470313,457.780244220338,0.194575979337064,384.850089195918,100.996570369095,907.693387169821,19.4575979337064
2021-01-08,36996,459,32888,371,4108,88,35983,392,253038,1432,289021,1824,7,347,267,4168,185,32481,6,1043,391,"Knox County",470313,515.614069779062,0.200528996865204,387.826830217323,97.5945806303462,886.218326943971,20.0528996865204
2021-01-07,36537,389,32517,346,4020,43,35591,354,251606,1309,287197,1663,10,340,73,3901,306,32296,10,1037,383,"Knox County",470313,526.457912071323,0.208968521084934,353.594308471167,82.7108755233217,829.447623178607,20.8968521084934
2021-01-06,36148,497,32171,363,3977,134,35237,378,250297,1187,285534,1565,9,330,59,3828,429,31990,15,1027,380,"Knox County",470313,579.188753021924,0.217118402282454,332.757121321333,105.674306259874,813.926044995567,21.7118402282454
2021-01-05,35651,520,31808,328,3843,192,34859,345,249110,1193,283969,1538,14,321,32,3769,474,31561,14,1012,371,"Knox County",470313,619.162132452218,0.221456228161299,327.016263637195,110.564666509325,801.381207833932,22.1456228161299
2021-01-04,35131,322,31480,228,3651,94,34514,249,247917,654,282431,903,6,307,-222,3737,538,31087,6,998,365,"Knox County",470313,635.746832428617,0.224520781932055,191.999795880616,68.4650434923126,794.577228356435,22.4520781932055
2021-01-03,34809,285,31252,182,3557,103,34265,195,247263,608,281528,803,2,301,-15,3959,298,30549,10,992,357,"Knox County",470313,626.60398500573,0.231446665347318,170.737360013438,60.5979422214568,841.77983598157,23.1446665347318
2021-01-02,34524,422,31070,319,3454,103,34070,345,246655,1095,280725,1440,0,299,105,3974,317,30251,22,982,348,"Knox County",470313,615.334893996126,0.231922760887428,306.179076487361,89.7274793594904,844.969201361646,23.1922760887428
2021-01-01,34102,419,30751,349,3351,70,33725,374,245560,1297,279285,1671,2,299,2,3869,415,29934,7,960,344,"Knox County",470313,606.829919649255,0.233747260774288,355.295303340541,89.089606283475,822.64364370111,23.3747260774288
2020-12-31,33683,448,30402,311,3281,137,33351,322,244263,929,277614,1251,12,297,0,3867,436,29519,8,953,338,"Knox County",470313,619.37475681089,0.240758913967942,265.993072698394,95.2557126849566,822.218394983766,24.0758913967942
2020-12-30,33235,363,30091,248,3144,115,33029,271,243334,931,276363,1202,6,285,-146,3867,503,29083,9,945,335,"Knox County",470313,590.883092748871,0.238533151680291,255.574479123477,77.1826421978555,822.218394983766,23.8533151680291
2020-12-29,32872,590,29843,398,3029,192,32758,420,242403,1081,275161,1501,7,279,110,4013,473,28580,14,936,331,"Knox County",470313,605.766797855896,0.248090297571543,319.149162366339,125.448371616349,853.261551349846,24.8090297571543
2020-12-28,32282,252,29445,174,2837,78,32338,185,241322,565,273660,750,4,272,-331,3903,579,28107,4,922,323,"Knox County",470313,590.883092748871,0.245068461359944,159.468269003834,53.5813383852881,829.87287189595,24.5068461359944
2020-12-27,32030,230,29271,156,2759,74,32153,172,240757,489,272910,661,3,268,-74,4234,301,27528,8,918,318,"Knox County",470313,579.188753021924,0.246460594620104,140.544701082045,48.903602494509,900.251534616309,24.6460594620104
2020-12-26,31800,358,29115,288,2685,70,31981,328,240268,1064,272249,1392,0,265,59,4308,299,27227,10,910,311,"Knox County",470313,565.58079406693,0.245847176079734,295.973107271115,76.1195204044966,915.98573715802,24.5847176079734
2020-12-25,31442,353,28827,287,2615,66,31653,308,239204,1070,270857,1378,1,265,-101,4249,453,26928,5,900,306,"Knox County",470313,551.547586394592,0.246588813767671,292.99636624971,75.0563986111377,903.440899996385,24.6588813767671
2020-12-24,31089,351,28540,277,2549,74,31345,311,238134,1273,269479,1584,5,264,-111,4350,457,26475,8,895,299,"Knox County",470313,530.92302360343,0.235592820028342,336.796984136097,74.6311498937941,924.915960222235,23.5592820028342
2020-12-23,30738,472,28263,351,2475,121,31034,371,236861,1411,267895,1782,6,259,-14,4461,480,26018,9,887,292,"Knox County",470313,554.099078698654,0.231542882404951,378.896607153109,100.358697293079,948.517264034802,23.1542882404951
2020-12-22,30266,530,27912,392,2354,138,30663,432,235450,1470,266113,1902,7,253,-26,4475,549,25538,15,878,285,"Knox County",470313,541.341617178347,0.222986559424278,404.411530193722,112.690910096042,951.494005056207,22.2986559424278
2020-12-21,29736,442,27520,361,2216,81,30231,391,233980,1423,264211,1814,2,246,-137,4501,577,24989,5,863,279,"Knox County",470313,581.740245325985,0.22001331684581,385.700586630606,93.9799665329259,957.022238381674,22.001331684581
2020-12-20,29294,514,27159,431,2135,83,29840,478,232557,2245,262397,2723,2,244,235,4638,277,24412,7,858,276,"Knox County",470313,642.12556318877,0.208270377733598,578.976128663252,109.288920357294,986.151775519707,20.8270377733598
2020-12-19,28780,525,26728,441,2052,84,29362,489,230312,1445,259674,1934,6,242,252,4403,267,24135,13,851,270,"Knox County",470313,677.633831086957,0.211938705496684,411.215509671219,111.627788302684,936.185051231839,21.1938705496684
2020-12-18,28255,480,26287,420,1968,60,28873,430,228867,1358,257740,1788,4,236,98,4151,378,23868,11,838,263,"Knox County",470313,704.637124638273,0.214533895172618,380.172353305139,102.059692162454,882.603712846551,21.4533895172618
2020-12-17,27775,733,25867,635,1908,98,28443,663,227509,1898,255952,2561,11,232,288,4053,434,23490,11,827,257,"Knox County",470313,785.859629650892,0.224351902923331,544.530982558424,155.853654906413,861.766525696717,22.4351902923332
2020-12-16,27042,564,25232,452,1810,112,27780,472,225611,1729,253391,2201,8,221,99,3765,457,23056,11,816,253,"Knox County",470313,805.421070648696,0.224820746498693,467.986213436584,119.920138290883,800.530710399245,22.4820746498693
2020-12-15,26478,765,24780,675,1698,90,27308,716,223882,2415,251190,3131,2,213,324,3666,439,22599,15,805,249,"Knox County",470313,855.387794936564,0.225297176820208,665.726867001337,162.65763438391,779.480898890739,22.5297176820208
2020-12-14,25713,472,24105,411,1608,61,26592,461,221467,1624,248059,2085,6,211,-12,3342,478,22160,7,790,241,"Knox County",470313,861.766525696717,0.225841807221579,443.321787830657,100.358697293079,710.590606681083,22.5841807221579
2020-12-13,25241,628,23694,572,1547,56,26131,754,219843,2935,245974,3689,2,205,399,3354,227,21682,10,783,234,"Knox County",470313,886.0057025853,0.229167864742078,784.37125914019,133.528097245877,713.142098985144,22.9167864742078
2020-12-12,24613,464,23122,392,1491,72,25377,454,216908,2172,242285,2626,3,203,182,2955,279,21455,19,773,228,"Knox County",470313,873.035616706321,0.218461368287152,558.351565872089,98.6577024237051,628.304979875104,21.8461368287152
2020-12-11,24149,557,22730,523,1419,34,24923,429,214736,1407,239659,1836,6,200,281,2773,270,21176,10,754,224,"Knox County",470313,889.407692324048,0.217827789729163,390.378322521385,118.43176778018,589.607346596841,21.7827789729163
2020-12-10,23592,473,22207,415,1385,58,24494,538,213329,1910,237823,2448,8,194,325,2492,140,20906,9,744,222,"Knox County",470313,834.125359069386,0.212255772646536,520.504430028513,100.571321651751,529.859901810071,21.2255772646536
2020-12-09,23119,407,21792,337,1327,70,23956,359,211419,924,235375,1283,2,186,77,2167,328,20766,13,735,212,"Knox County",470313,800.743334757917,0.217042928997544,272.797052175891,86.5381139794137,460.756985241743,21.7042928997544
2020-12-08,22712,491,21455,446,1257,45,23597,538,210495,2077,234092,2615,9,184,126,2090,356,20438,9,722,209,"Knox County",470313,742.484260481849,0.213062356772404,556.0126979267,104.398560107843,444.384909624016,21.3062356772404
2020-12-07,22221,323,21009,271,1212,52,23059,317,208418,1135,231477,1452,3,175,-128,1964,448,20082,6,713,207,"Knox County",470313,710.803231039754,0.212489811273434,308.730568791422,68.6776678509843,417.594240431372,21.2489811273434
2020-12-06,21898,332,20738,291,1160,41,22742,187,207283,668,230025,855,6,172,103,2092,223,19634,6,707,204,"Knox County",470313,647.866420872908,0.215173465497522,181.79382666437,70.5912870790304,444.81015834136,21.5173465497522
2020-12-05,21566,289,20447,263,1119,26,22555,213,206615,714,229170,927,2,166,55,1989,232,19411,8,701,200,"Knox County",470313,610.657158105347,0.226086194814296,197.102780488738,61.4484396561439,422.909849398167,22.6086194814296
2020-12-04,21277,354,20184,322,1093,32,22342,297,205901,1091,228243,1388,5,164,17,1934,332,19179,11,693,198,"Knox County",470313,567.494413294976,0.223285922684172,295.122609836428,75.2690229698095,411.215509671219,22.3285922684172
2020-12-03,20923,441,19862,424,1061,17,22045,448,204810,1215,226855,1663,2,159,180,1917,259,18847,10,682,193,"Knox County",470313,560.690433817479,0.231660610821958,353.594308471167,93.7673421742542,407.600895573799,23.1660610821958
2020-12-02,20482,192,19438,170,1044,22,21597,185,203595,575,225192,760,2,157,-146,1737,336,18588,7,672,191,"Knox County",470313,514.976196703047,0.226190476190476,161.594512590551,40.8238768649814,369.328511012879,22.6190476190476
2020-12-01,20290,403,19268,380,1022,23,21412,409,203020,1832,224432,2241,5,155,87,1883,311,18252,7,665,186,"Knox County",470313,496.26525313993,0.221408572043937,476.491187783455,85.6876165447266,400.371667378958,22.1408572043937
2020-11-30,19887,385,18888,371,999,14,21003,436,201188,1815,222191,2251,1,150,24,1796,360,17941,3,658,183,"Knox County",470313,509.44796337758,0.215666831928607,478.617431370173,81.8603780886346,381.873348174514,21.5666831928607
2020-11-29,19502,226,18517,218,985,8,20567,261,199373,1465,219940,1726,0,149,40,1772,186,17581,5,655,180,"Knox County",470313,486.909781358372,0.205275648046732,366.989643067489,48.0531050598219,376.770363566391,20.5275648046732
2020-11-28,19276,271,18299,257,977,14,20306,299,197908,1967,218214,2266,0,149,73,1732,198,17395,8,650,174,"Knox County",470313,483.08254290228,0.189914599430663,481.806796750249,57.6212012000519,368.26538921952,18.9914599430663
2020-11-27,19005,235,18042,215,963,20,20007,249,195941,1247,215948,1496,3,149,-6,1659,238,17197,12,642,170,"Knox County",470313,457.780244220338,0.184390873175845,318.08604057298,49.9667242878679,352.74381103648,18.4390873175845
2020-11-26,18770,344,17827,341,943,3,19758,441,194694,1429,214452,1870,4,146,48,1665,292,16959,5,630,168,"Knox County",470313,437.155681429176,0.18080888183981,397.607550716225,73.1427793830917,354.019557188511,18.080888183981
2020-11-25,18426,219,17486,193,940,26,19317,123,193265,325,212582,448,0,142,-58,1617,277,16667,3,625,162,"Knox County",470313,442.896539113314,0.180354529191738,95.2557126849566,46.5647345491194,343.813587972265,18.0354529191738
2020-11-24,18207,153,17293,130,914,23,19194,116,192940,673,212134,789,2,142,-111,1675,262,16390,6,622,160,"Knox County",470313,389.740449445369,0.177484787018256,167.760618992033,32.5315268767821,356.145800775228,17.7484787018256
2020-11-23,18054,167,17163,147,891,20,19078,100,192267,392,211345,492,3,140,-98,1786,262,16128,7,616,158,"Knox County",470313,343.388339254922,0.174865192032574,104.611184466515,35.508267898187,379.747104587796,17.4865192032574
2020-11-22,17887,220,17016,212,871,8,18978,258,191875,1808,210853,2066,2,137,86,1884,132,15866,5,609,151,"Knox County",470313,342.112593102891,0.168240161238994,439.281925015894,46.7773589077912,400.58429173763,16.8240161238994
2020-11-21,17667,173,16804,169,863,4,18720,198,190067,1465,208787,1663,0,135,2,1798,171,15734,4,604,149,"Knox County",470313,321.275405953057,0.168291024478694,353.594308471167,36.7840140502176,382.298596891857,16.8291024478694
2020-11-20,17494,178,16635,169,859,9,18522,163,188602,791,207124,954,7,135,-17,1796,188,15563,5,600,147,"Knox County",470313,309.155817508765,0.168920550591645,202.843638172876,37.8471358435765,381.873348174514,16.8920550591645
2020-11-19,17316,166,16466,148,850,18,18359,128,187811,663,206170,791,2,128,-28,1813,192,15375,4,595,143,"Knox County",470313,271.308681665189,0.150770512286547,168.185867709377,35.2956435395152,385.487962271934,15.0770512286547
2020-11-18,17150,168,16318,163,832,5,18231,179,187148,875,205379,1054,0,126,-9,1841,177,15183,7,591,138,"Knox County",470313,260.464839372928,0.146241516199257,224.106074040054,35.7208922568587,391.441444314744,14.6241516199257
2020-11-17,16982,248,16155,240,827,8,18052,260,186273,1033,204325,1293,9,126,86,1850,153,15006,6,584,137,"Knox County",470313,280.664153446747,0.154697461806809,274.923295762609,52.730840950601,393.35506354279,15.4697461806809
2020-11-16,16734,272,15915,261,819,11,17792,286,185240,1409,203032,1695,2,117,79,1764,191,14853,6,578,136,"Knox County",470313,302.989711107284,0.154686843211433,360.398287948664,57.8338255587237,375.069368697017,15.4686843211433
2020-11-15,16462,274,15654,247,808,27,17506,295,183831,2278,201337,2573,2,115,162,1685,110,14662,3,572,134,"Knox County",470313,314.47142647556,0.150553726429213,547.082474862485,58.2590742760672,358.272044361946,15.0553726429213
2020-11-14,16188,306,15407,293,781,13,17211,321,181553,1699,198764,2020,0,113,188,1523,118,14552,7,569,130,"Knox County",470313,342.750466178906,0.157225433526012,429.501204516992,65.0630537535641,323.826898257118,15.7225433526012
2020-11-13,15882,219,15114,200,768,19,16890,190,179854,965,196744,1155,4,113,73,1335,142,14434,6,562,127,"Knox County",470313,351.468064884449,0.156790473490218,245.581134265904,46.5647345491194,283.853518826824,15.6790473490218
2020-11-12,15663,143,14914,130,749,13,16700,136,178889,955,195589,1091,1,109,-3,1262,145,14292,3,556,126,"Knox County",470313,346.577704634998,0.153202830622185,231.97317531091,30.4052832900643,268.331940643784,15.3202830622185
2020-11-11,15520,191,14784,177,736,14,16564,191,177934,1229,194498,1420,3,108,23,1265,165,14147,7,553,124,"Knox County",470313,351.468064884449,0.149284253578732,301.926589313925,40.6112525063096,268.969813719799,14.9284253578732
2020-11-10,15329,168,14607,163,722,5,16373,186,176705,1131,193078,1317,2,105,24,1242,142,13982,4,546,123,"Knox County",470313,334.458116190707,0.142400851743412,280.026280370732,35.7208922568587,264.079453470348,14.2400851743412
2020-11-09,15161,135,14444,121,717,14,16187,131,175574,490,191761,621,1,103,-16,1218,150,13840,2,542,121,"Knox County",470313,305.328579052673,0.142198685888006,132.039726735174,28.7042884206901,258.976468862226,14.2198685888006
2020-11-08,15026,215,14323,203,703,12,16056,252,175084,2625,191140,2877,1,102,94,1234,120,13690,3,540,119,"Knox County",470313,292.783741891039,0.133987239310542,611.720279898706,45.7142371144323,262.378458600974,13.3987239310542
2020-11-07,14811,169,14120,161,691,8,15804,187,172459,1918,188263,2105,1,101,59,1140,109,13570,5,537,114,"Knox County",470313,263.654204753005,0.120253164556962,447.574275004093,35.9335166155305,242.391768885827,12.0253164556962
2020-11-06,14642,155,13959,138,683,17,15617,160,170541,1236,186158,1396,0,100,24,1081,131,13461,5,532,114,"Knox County",470313,250.046245798011,0.114805578645978,296.823604705802,32.9567755941256,229.846931724192,11.4805578645978
2020-11-05,14487,158,13821,142,666,16,15457,151,169305,613,184762,764,1,100,33,1057,124,13330,6,527,111,"Knox County",470313,253.235611178088,0.119809523809524,162.445010025239,33.5946486701409,224.74394711607,11.9809523809524
2020-11-04,14329,145,13679,133,650,12,15306,148,168692,934,183998,1082,-1,99,20,1024,126,13206,5,521,110,"Knox County",470313,243.454890679186,0.119563078134226,230.059556082864,30.8305320074078,217.727343279901,11.9563078134226
2020-11-03,14184,196,13546,183,638,13,15158,195,167758,836,182916,1031,3,100,44,1004,149,13080,5,516,108,"Knox County",470313,249.408372721996,0.123936816524909,219.215713790603,41.6743742996685,213.474856106465,12.3936816524909
2020-11-02,13988,116,13363,110,625,6,14963,115,166922,807,181885,922,1,97,-36,960,151,12931,2,511,107,"Knox County",470313,245.368509907232,0.118699027218237,196.039658695379,24.6644256059263,204.119384324907,11.8699027218237
2020-11-01,13872,124,13253,116,619,8,14848,131,166115,1273,180963,1404,0,96,14,996,110,12780,3,509,105,"Knox County",470313,226.0196932681,0.124885110294118,298.524599575177,26.3654204753005,211.773861237091,12.4885110294118
2020-10-31,13748,5,13137,5,611,0,14717,7,164842,4,179559,11,0,96,-99,982,104,12670,0,506,103,"Knox County",470313,191.149298445929,0.137216338880484,2.33886794538956,1.06312179335889,208.797120215686,13.7216338880484
2020-10-30,13743,156,13132,146,611,10,14710,148,164838,853,179548,1001,1,96,27,1081,128,12566,4,506,102,"Knox County",470313,191.3619228046,0.144006436041834,212.83698303045,33.1693999527974,229.846931724192,14.4006436041834
2020-10-29,13587,152,12986,138,601,14,14562,136,163985,1569,178547,1705,0,95,49,1054,103,12438,4,502,102,"Knox County",470313,190.08617665257,0.122973728339855,362.524531535382,32.3189025181103,224.106074040054,12.2973728339855
2020-10-28,13435,103,12848,96,587,7,14426,102,162416,1055,176842,1157,3,95,-47,1005,147,12335,8,498,101,"Knox County",470313,181.155953588355,0.115336744571982,246.006382983247,21.9003089431931,213.687480465137,11.5336744571982
2020-10-27,13332,119,12752,113,580,6,14324,127,161361,799,175685,926,1,92,-6,1052,124,12188,3,490,100,"Knox County",470313,164.783877970628,0.107493685096829,196.890156130067,25.3022986819416,223.680825322711,10.7493685096829
2020-10-26,13213,81,12639,74,574,7,14197,73,160562,372,174759,445,2,91,-72,1058,151,12064,1,487,98,"Knox County",470313,157.342025417116,0.108888554669875,94.6178396089413,17.222573052414,224.956571474741,10.8888554669875
2020-10-25,13132,132,12565,121,567,11,14124,151,160190,1365,174314,1516,0,89,53,1130,79,11913,3,486,98,"Knox County",470313,159.04302028649,0.110042893063156,322.338527746416,28.0664153446747,240.265525299109,11.0042893063156
2020-10-24,13000,172,12444,167,556,5,13973,202,158825,1789,172798,1991,0,89,56,1077,116,11834,5,483,97,"Knox County",470313,194.551288184677,0.107424779773481,423.33509811551,36.5713896915458,228.996434289505,10.7424779773481
2020-10-23,12828,159,12277,148,551,11,13771,172,157036,1239,170807,1411,1,89,39,1021,119,11718,5,478,96,"Knox County",470313,195.189161260692,0.105234400611955,300.012970085879,33.8072730288127,217.089470203885,10.5234400611955
2020-10-22,12669,182,12129,168,540,14,13599,169,155797,1607,169396,1776,1,88,59,982,122,11599,5,473,96,"Knox County",470313,201.567892020846,0.108002602472349,377.620861001078,38.6976332782636,208.797120215686,10.8002602472349
2020-10-21,12487,72,11961,68,526,4,13430,74,154190,682,167620,756,0,87,-32,923,104,11477,1,468,96,"Knox County",470313,194.976536902021,0.109738124929146,160.744015155864,15.308953824368,196.252283054051,10.9738124929146
2020-10-20,12415,127,11893,121,522,6,13356,150,153508,739,166864,889,0,87,13,955,114,11373,7,467,95,"Knox County",470313,196.677531771395,0.112818761384335,189.023054859211,27.0032935513158,203.056262531548,11.2818761384335
2020-10-19,12288,112,11772,107,516,5,13206,117,152769,939,165975,1056,1,87,-9,942,120,11259,6,460,94,"Knox County",470313,203.26888689022,0.110164981373071,224.531322757398,23.8139281712392,200.292145868815,11.0164981373071
2020-10-18,12176,140,11665,135,511,5,13089,168,151830,1431,164919,1599,0,86,51,951,89,11139,7,454,94,"Knox County",470313,204.969881759594,0.11099388056552,339.986349516173,29.7674102140489,202.205765096861,11.099388056552
2020-10-17,12036,128,11530,125,506,3,12921,154,150399,1458,163320,1612,1,86,42,900,85,11050,3,447,93,"Knox County",470313,195.614409978036,0.110341795801736,342.750466178906,27.2159179099876,191.3619228046,11.0341795801736
2020-10-16,11908,72,11405,71,503,1,12767,61,148941,390,161708,451,1,85,-26,858,97,10965,3,444,92,"Knox County",470313,177.116090773591,0.109718638653397,95.893585760972,15.308953824368,182.431699740386,10.9718638653397
2020-10-15,11836,74,11334,62,502,12,12706,66,148551,941,161257,1007,1,84,-56,884,129,10868,3,441,90,"Knox County",470313,154.152660037039,0.10719131614654,214.112729182481,15.7342025417116,187.959933065852,10.719131614654
2020-10-14,11762,149,11272,143,490,6,12640,150,147610,1086,160250,1236,0,83,58,940,91,10739,5,438,88,"Knox County",470313,170.524735654766,0.11031847133758,262.803707318318,31.6810294420949,199.866897151471,11.031847133758
2020-10-13,11613,71,11129,68,484,3,12490,63,146524,581,159014,644,1,83,-36,882,106,10648,6,433,88,"Knox County",470313,158.617771569146,0.102432610124918,136.930086984625,15.0963294656962,187.534684348508,10.2432610124918
2020-10-12,11542,79,11061,66,481,13,12427,87,145943,806,158370,893,0,82,-42,918,121,10542,5,427,87,"Knox County",470313,151.601167732978,0.100644987906477,189.873552293898,16.7973243350705,195.189161260692,10.0644987906477
2020-10-11,11463,170,10995,163,468,7,12340,179,145137,1612,157477,1791,0,82,94,960,76,10421,8,422,85,"Knox County",470313,157.979898493131,0.0995546240503013,380.810226381155,36.1461409742023,204.119384324907,9.95546240503013
2020-10-10,11293,130,10832,122,461,8,12161,132,143525,1393,155686,1525,0,82,46,866,84,10345,3,414,85,"Knox County",470313,158.405147210475,0.0977872002120048,324.252146974462,27.6411666273312,184.13269460976,9.77872002120048
2020-10-09,11163,120,10710,118,453,2,12029,134,142132,1336,154161,1470,0,82,34,820,86,10261,3,411,85,"Knox County",470313,168.61111642672,0.0946766285314032,312.557807247514,25.5149230406134,174.351974110858,9.46766285314032
2020-10-08,11043,110,10592,102,451,8,11895,103,140796,943,152691,1046,1,82,32,786,77,10175,4,408,85,"Knox County",470313,176.265593338904,0.0985473561882626,222.40507917068,23.3886794538956,167.122745916018,9.85473561882626
2020-10-07,10933,104,10490,88,443,16,11792,95,139853,1650,151645,1745,0,81,11,754,93,10098,5,404,85,"Knox County",470313,166.697497198674,0.087008997147246,371.029505882253,22.1129333018649,160.318766438521,8.7008997147246
2020-10-06,10829,115,10402,102,427,13,11697,114,138203,1393,149900,1507,0,81,3,743,112,10005,4,399,84,"Knox County",470313,176.052968980232,0.0845945675052621,320.42490851837,24.4518012472545,157.979898493131,8.45945675052621
2020-10-05,10714,118,10300,109,414,9,11583,123,136810,1238,148393,1361,0,81,11,740,107,9893,5,395,84,"Knox County",470313,184.345318968432,0.0842508377213978,289.38175215229,25.0896743232698,157.342025417116,8.42508377213978
2020-10-04,10596,96,10191,89,405,7,11460,99,135572,1827,147032,1926,1,81,31,729,64,9786,2,390,82,"Knox County",470313,168.61111642672,0.0756143667296786,409.514514801845,20.4119384324907,155.003157471726,7.56143667296786
2020-10-03,10500,77,10102,76,398,1,11361,92,133745,1864,145106,1956,0,80,6,698,71,9722,2,388,82,"Knox County",470313,157.342025417116,0.0690218872037054,415.893245561998,16.3720756177269,148.411802352901,6.90218872037054
2020-10-02,10423,82,10026,79,397,3,11269,82,131881,602,143150,684,0,80,-17,692,99,9651,1,386,82,"Knox County",470313,149.262299787588,0.0692420537897311,145.435061331496,17.4351974110858,147.13605620087,6.92420537897311
2020-10-01,10341,71,9947,68,394,3,11187,73,131279,683,142466,756,0,80,2,709,69,9552,1,385,82,"Knox County",470313,140.969949799389,0.0682435832913941,160.744015155864,15.0963294656962,150.750670298291,6.82435832913941
2020-09-30,10270,75,9879,72,391,3,11114,70,130596,675,141710,745,1,80,-32,707,106,9483,2,384,82,"Knox County",470313,134.803843397907,0.0730833799664242,158.405147210475,15.9468269003834,150.325421580947,7.30833799664242
2020-09-29,10195,80,9807,75,388,5,11044,87,129921,1140,140965,1227,-1,79,-16,739,97,9377,2,382,82,"Knox County",470313,127.361990844395,0.0723281340265742,260.890088090272,17.0099486937423,157.129401058444,7.23281340265742
2020-09-28,10115,57,9732,51,383,6,10957,49,128781,431,139738,480,1,80,-70,755,126,9280,3,380,81,"Knox County",470313,114.391904965417,0.0710059171597633,102.059692162454,12.1195884442914,160.531390797193,7.10059171597633
2020-09-27,10058,72,9681,67,377,5,10908,79,128350,978,139258,1057,0,79,-18,825,90,9154,3,377,79,"Knox County",470313,109.288920357294,0.0770456191165822,224.74394711607,15.308953824368,175.415095904217,7.70456191165822
2020-09-26,9986,127,9614,122,372,5,10829,136,127372,2087,138201,2223,4,79,9,843,114,9064,5,374,79,"Knox County",470313,119.920138290883,0.0803123257110987,472.663949327363,27.0032935513158,179.242334360309,8.03123257110987
2020-09-25,9859,102,9492,100,367,2,10693,103,125285,1439,135978,1542,0,75,-3,834,105,8950,1,369,79,"Knox County",470313,124.172625464318,0.074346201743462,327.866761071882,21.6876845845214,177.328715132263,7.4346201743462
2020-09-24,9757,92,9392,89,365,3,10590,105,123846,1717,134436,1822,0,75,-52,837,144,8845,3,368,76,"Knox County",470313,128.637736996426,0.0691512752858399,387.40158149998,19.5614409978036,177.966588208278,6.91512752858399
2020-09-23,9665,53,9303,52,362,1,10485,49,122129,432,132614,481,2,75,-123,889,174,8701,2,365,76,"Knox County",470313,123.960001105647,0.0688405797101449,102.272316521125,11.2690910096042,189.023054859211,6.88405797101449
2020-09-22,9612,82,9251,75,361,7,10436,88,121697,1140,132133,1228,1,73,-53,1012,134,8527,3,363,76,"Knox County",470313,124.38524982299,0.0689459979621873,261.102712448944,17.4351974110858,215.175850975839,6.89459979621873
2020-09-21,9530,34,9176,30,354,4,10348,32,120557,379,130905,411,0,72,-103,1065,137,8393,2,360,76,"Knox County",470313,119.494889573539,0.0675490643541762,87.3886114141008,7.22922819484046,226.444941985444,6.75490643541762
2020-09-20,9496,97,9146,78,350,19,10316,88,120178,707,130494,795,0,72,-17,1168,114,8256,1,358,76,"Knox County",470313,124.810498540334,0.0706892495883322,169.036365144064,20.6245627911625,248.345250928637,7.06892495883322
2020-09-19,9399,132,9068,129,331,3,10228,136,119471,1466,129699,1602,1,72,31,1185,100,8142,5,357,74,"Knox County",470313,125.873620333693,0.0762593579494988,340.624222592189,28.0664153446747,251.959865026057,7.62593579494988
2020-09-18,9267,118,8939,114,328,4,10092,129,118005,1606,128097,1735,3,71,-16,1154,131,8042,3,352,74,"Knox County",470313,129.275610072441,0.0776566757493188,368.903262295535,25.0896743232698,245.368509907232,7.76566757493188
2020-09-17,9149,126,8825,119,324,7,9963,124,116399,1516,126362,1640,0,68,-15,1170,141,7911,6,349,74,"Knox County",470313,136.504838267282,0.0818550430816016,348.703948221716,26.790669192644,248.77049964598,8.18550430816016
2020-09-16,9023,99,8706,77,317,22,9839,117,114883,768,124722,885,1,68,-90,1185,188,7770,3,343,72,"Knox County",470313,146.285558766183,0.0860655737704918,188.172557424524,21.049811508506,251.959865026057,8.60655737704918
2020-09-15,8924,132,8629,126,295,6,9722,136,114115,1338,123837,1474,0,67,-65,1275,197,7582,3,340,71,"Knox County",470313,156.916776699772,0.089206274877078,313.408304682201,28.0664153446747,271.096057306517,8.9206274877078
2020-09-14,8792,127,8503,124,289,3,9586,136,112777,902,122363,1038,0,67,-68,1340,195,7385,5,337,71,"Knox County",470313,176.690842056248,0.0944486857890719,220.704084301306,27.0032935513158,284.916640620183,9.44486857890719
2020-09-13,8665,143,8379,136,286,7,9450,148,111875,1008,121325,1156,0,67,-8,1408,151,7190,0,332,71,"Knox County",470313,186.471562555149,0.0971668415529906,245.793758624576,30.4052832900643,299.375097009864,9.71668415529906
2020-09-12,8522,130,8243,123,279,7,9302,141,110867,1177,120169,1318,1,67,29,1416,100,7039,1,332,71,"Knox County",470313,186.046313837806,0.100692191217824,280.238904729404,27.6411666273312,301.076091879238,10.0692191217824
2020-09-11,8392,104,8120,95,272,9,9161,106,109690,773,118851,879,0,66,-17,1387,121,6939,5,331,69,"Knox County",470313,183.069572816401,0.108224076281287,186.896811272493,22.1129333018649,294.909985477756,10.8224076281287
2020-09-10,8288,192,8025,189,263,3,9055,192,108917,1501,117972,1693,0,66,89,1404,103,6818,5,326,67,"Knox County",470313,197.102780488738,0.115598720833827,359.97303923132,40.8238768649814,298.524599575177,11.5598720833827
2020-09-09,8096,91,7836,82,260,9,8863,93,107416,1710,116279,1803,0,66,-23,1315,114,6715,2,321,67,"Knox County",470313,195.401785619364,0.101698536481145,383.361718685216,19.3488166391318,279.601031653388,10.1698536481145
2020-09-08,8005,126,7754,124,251,2,8770,133,105706,702,114476,835,1,66,30,1338,95,6601,8,319,67,"Knox County",470313,194.126039467333,0.108805319880761,177.541339490935,26.790669192644,284.491391902839,10.8805319880761
2020-09-07,7879,95,7630,92,249,3,8637,98,105004,347,113641,445,1,65,11,1308,83,6506,0,311,67,"Knox County",470313,187.322059989837,0.112067905031369,94.6178396089413,20.1993140738189,278.112661142686,11.2067905031369
2020-09-06,7784,96,7538,92,246,4,8539,94,104657,476,113196,570,0,64,23,1297,73,6423,1,311,67,"Knox County",470313,177.328715132263,0.113615272438022,121.195884442914,20.4119384324907,275.773793197296,11.3615272438022
2020-09-05,7688,284,7446,282,242,2,8445,295,104181,1506,112626,1801,0,64,215,1274,69,6350,4,310,64,"Knox County",470313,210.072866367717,0.125965611761774,382.936469967872,60.385317862785,270.883432947845,12.5965611761774
2020-09-04,7404,93,7164,89,240,4,8150,97,102675,565,110825,662,1,64,16,1059,76,6281,0,306,64,"Knox County",470313,207.733998422327,0.12831348444103,140.757325440717,19.7740653564754,225.169195833413,12.831348444103
2020-09-03,7311,190,7075,184,236,6,8053,198,102110,1798,110163,1996,2,63,107,1043,81,6205,6,306,64,"Knox County",470313,207.308749704984,0.124260355029586,424.398219908869,40.3986281476379,221.767206094665,12.4260355029586
2020-09-02,7121,124,6891,120,230,4,7855,121,100312,1461,108167,1582,2,61,40,936,82,6124,5,300,63,"Knox County",470313,214.325353541152,0.131288810036751,336.371735418753,26.3654204753005,199.016399716784,13.1288810036751
2020-09-01,6997,153,6771,146,226,7,7734,158,98851,660,106585,818,2,59,64,896,87,6042,4,295,62,"Knox County",470313,220.06621122529,0.134747269494539,173.926725393515,32.5315268767821,190.511425369913,13.4747269494539
2020-08-31,6844,99,6625,93,219,6,7576,94,98191,431,105767,525,0,57,18,832,81,5955,3,291,59,"Knox County",470313,220.916708659978,0.132889112396279,111.627788302684,21.049811508506,176.903466414919,13.2889112396279
2020-08-30,6745,72,6532,71,213,1,7482,76,97760,423,105242,499,1,57,5,814,66,5874,1,288,59,"Knox County",470313,215.813724051855,0.131802613218318,106.099554977217,15.308953824368,173.076227958827,13.1802613218318
2020-08-29,6673,118,6461,113,212,5,7406,125,97337,1391,104743,1516,5,56,37,809,76,5808,3,287,57,"Knox County",470313,180.51808051234,0.114372203211371,322.338527746416,25.0896743232698,172.013106165469,11.4372203211371
2020-08-28,6555,89,6348,85,207,4,7281,91,95946,309,103227,400,0,51,-7,772,96,5732,3,284,57,"Knox County",470313,179.667583077653,0.117639040348964,85.0497434687113,18.9235679217883,164.146004894613,11.7639040348964
2020-08-27,6466,116,6263,112,203,4,7190,134,95637,1987,102827,2121,0,51,24,779,92,5636,2,281,57,"Knox County",470313,163.933380535941,0.107090202385739,450.976264742841,24.6644256059263,165.634375405315,10.7090202385739
2020-08-26,6350,77,6151,76,199,1,7056,86,93650,794,100706,880,0,51,-15,755,92,5544,3,279,56,"Knox County",470313,153.940035678367,0.113034472555112,187.109435631165,16.3720756177269,160.531390797193,11.3034472555112
2020-08-25,6273,87,6075,82,198,5,6970,96,92856,896,99826,992,2,51,-6,770,91,5452,3,276,55,"Knox County",470313,139.90682800603,0.101254868022501,210.923363802404,18.4983192044447,163.720756177269,10.1254868022501
2020-08-24,6186,32,5993,28,193,4,6874,29,91960,261,98834,290,0,49,-66,776,98,5361,1,273,55,"Knox County",470313,125.660995975021,0.0951030158256196,61.6610640148157,6.8039794774969,164.9965023293,9.51030158256196
2020-08-23,6154,76,5965,75,189,1,6845,74,91699,566,98544,640,0,49,13,842,63,5263,3,272,55,"Knox County",470313,126.511493409708,0.0928498318467612,136.079589549938,16.1594512590551,179.029710001637,9.28498318467612
2020-08-22,6078,137,5890,136,188,1,6771,154,91133,1892,97904,2046,0,49,70,829,67,5200,4,269,55,"Knox County",470313,130.551356224472,0.0901072058623965,435.029437842458,29.1295371380336,176.265593338904,9.01072058623965
2020-08-21,5941,30,5754,30,187,0,6617,41,89241,262,95858,303,1,49,-62,759,91,5133,1,265,55,"Knox County",470313,118.006519062837,0.0844334433443344,64.4251806775488,6.37873076015334,161.38188823188,8.44334433443344
2020-08-20,5911,119,5724,117,187,2,6576,130,88979,2068,95555,2198,3,48,24,821,92,5042,3,264,55,"Knox County",470313,118.644392138852,0.0830044904068581,467.348340360568,25.3022986819416,174.56459846953,8.30044904068581
2020-08-19,5792,46,5607,41,185,5,6446,48,86911,608,93357,656,2,45,-50,797,94,4950,4,261,55,"Knox County",470313,112.053037020027,0.080280701754386,139.481579288686,9.7807204989018,169.461613861407,8.0280701754386
2020-08-18,5746,134,5566,132,180,2,6398,152,86303,1164,92701,1316,0,43,3,847,131,4856,4,257,55,"Knox County",470313,122.046381877601,0.0843066183380319,279.81365601206,28.4916640620183,180.092831794996,8.43066183380319
2020-08-17,5612,50,5434,42,178,8,6246,50,85139,289,91385,339,1,43,-70,844,119,4725,0,253,54,"Knox County",470313,125.873620333693,0.0865564150440117,72.0796575897328,10.6312179335889,179.454958718981,8.65564150440117
2020-08-16,5562,83,5392,78,170,5,6196,82,84850,587,91046,669,0,42,11,914,72,4606,1,253,53,"Knox County",470313,127.361990844395,0.0872857712235951,142.24569595142,17.6478217697576,194.338663826005,8.72857712235951
2020-08-15,5479,119,5314,116,165,3,6114,132,84263,1223,90377,1355,1,42,42,903,76,4534,2,252,52,"Knox County",470313,123.534752388303,0.0928905792861322,288.106006000259,25.3022986819416,191.999795880616,9.28905792861323
2020-08-14,5360,91,5198,83,162,8,5982,96,83040,1024,89022,1120,0,41,5,861,86,4458,2,250,52,"Knox County",470313,136.504838267282,0.0901607212857703,238.139281712392,19.3488166391318,183.069572816401,9.01607212857703
2020-08-13,5269,127,5115,126,154,1,5886,229,82016,1778,87902,2007,1,41,13,856,113,4372,4,248,51,"Knox County",470313,138.205833136656,0.105735727686947,426.737087854259,27.0032935513158,182.006451023042,10.5735727686947
2020-08-12,5142,79,4989,72,153,7,5657,88,80238,892,85895,980,0,40,-40,843,119,4259,1,244,50,"Knox County",470313,145.222436972824,0.106473156948369,208.371871498343,16.7973243350705,179.242334360309,10.6473156948369
2020-08-11,5063,111,4917,108,146,3,5569,117,79346,1121,84915,1238,0,40,2,883,109,4140,5,243,50,"Knox County",470313,140.332076723374,0.103009859885833,263.228956035661,23.6013038125674,187.74730870718,10.3009859885833
2020-08-10,4952,37,4809,35,143,2,5452,35,78225,365,83677,400,1,40,-94,881,130,4031,0,238,48,"Knox County",470313,137.56796006064,0.100270305058566,85.0497434687113,7.86710127085579,187.322059989837,10.0270305058566
2020-08-09,4915,85,4774,81,141,4,5417,109,77860,826,83277,935,1,39,25,975,59,3901,4,238,48,"Knox County",470313,137.993208777984,0.10031113876789,198.803775358113,18.0730704871011,207.308749704984,10.031113876789
2020-08-08,4830,157,4693,156,137,1,5308,176,77034,2284,82342,2460,1,38,96,950,60,3842,4,234,47,"Knox County",470313,146.072934407512,0.0929978118161926,523.055922332574,33.3820243114692,201.993140738189,9.29978118161926
2020-08-07,4673,50,4537,46,136,4,5132,44,74750,403,79882,447,0,37,-35,854,85,3782,0,230,45,"Knox County",470313,137.355335701969,0.0942482579426007,95.0430883262848,10.6312179335889,181.581202305699,9.42482579426007
2020-08-06,4623,113,4491,105,132,8,5088,121,74347,1463,79435,1584,-1,37,41,889,73,3697,5,230,43,"Knox County",470313,134.378594680564,0.0857782197911487,336.796984136097,24.0265525299109,189.023054859211,8.57782197911487
2020-08-05,4510,99,4386,99,124,0,4967,100,72884,1107,77851,1207,1,38,-1,848,99,3624,3,225,42,"Knox County",470313,138.631081853999,0.0848748639825898,256.637600916836,21.049811508506,180.305456153668,8.48748639825898
2020-08-04,4411,112,4287,111,124,1,4867,106,71777,1082,76644,1188,1,37,-31,849,142,3525,9,222,41,"Knox County",470313,138.843706212671,0.0840530349105948,252.597738102072,23.8139281712392,180.51808051234,8.40530349105948
2020-08-03,4299,50,4176,50,123,0,4761,81,70695,593,75456,674,2,36,-59,880,107,3383,1,213,41,"Knox County",470313,141.607822875404,0.0867569158328429,143.308817744778,10.6312179335889,187.109435631165,8.67569158328429
2020-08-02,4249,97,4126,91,123,6,4680,95,70102,692,74782,787,3,34,28,939,66,3276,2,212,40,"Knox County",470313,144.159315179466,0.0866179465676291,167.335370274689,20.6245627911625,199.6542727928,8.66179465676291
2020-08-01,4152,118,4035,110,117,8,4585,118,69410,1417,73995,1535,1,31,29,911,88,3210,1,210,40,"Knox County",470313,135.866965191266,0.0895984909727836,326.37839056118,25.0896743232698,193.70079074999,8.95984909727836
2020-07-31,4034,117,3925,114,109,3,4467,116,67993,1060,72460,1176,2,30,9,882,106,3122,1,209,39,"Knox County",470313,150.112797222275,0.0904183535762483,250.046245798011,24.877049964598,187.534684348508,9.04183535762483
2020-07-30,3917,189,3811,186,106,3,4351,227,66933,2420,71284,2647,1,28,78,873,110,3016,7,208,36,"Knox County",470313,166.272248481331,0.0914912090297374,562.816677404197,40.1860037889661,185.621065120462,9.14912090297373
2020-07-29,3728,75,3625,71,103,4,4124,60,64513,438,68637,498,0,27,-40,795,115,2906,3,201,34,"Knox County",470313,161.169263873208,0.0944150499706055,105.886930618546,15.9468269003834,169.036365144064,9.44150499706055
2020-07-28,3653,154,3554,152,99,2,4064,186,64075,1211,68139,1397,1,27,46,835,107,2791,3,198,30,"Knox County",470313,170.099486937423,0.101331191186596,297.036229064474,32.7441512354538,177.541339490935,10.1331191186596
2020-07-27,3499,83,3402,76,97,7,3878,85,62864,677,66742,762,3,26,-36,789,116,2684,2,195,30,"Knox County",470313,177.116090773591,0.100772551692797,162.019761307895,17.6478217697576,167.760618992033,10.0772551692797
2020-07-26,3416,118,3326,113,90,5,3793,132,62187,1473,65980,1605,0,23,49,825,69,2568,2,193,29,"Knox County",470313,181.581202305699,0.0960498960498961,341.262095668204,25.0896743232698,175.415095904217,9.6049896049896
2020-07-25,3298,175,3213,172,85,3,3661,197,60714,1949,64375,2146,2,23,95,776,78,2499,3,191,28,"Knox County",470313,193.70079074999,0.0980353826605415,456.291873709636,37.2092627675612,164.9965023293,9.80353826605415
2020-07-24,3123,106,3041,99,82,7,3464,113,58765,916,62229,1029,0,21,-15,681,121,2421,4,188,25,"Knox County",470313,191.3619228046,0.0991669972233241,218.79046507326,22.5381820192085,144.797188255481,9.91669972233241
2020-07-23,3017,205,2942,197,75,8,3351,254,57849,2389,61200,2643,0,21,89,696,116,2300,4,184,25,"Knox County",470313,194.763912543349,0.101884920634921,561.96617996951,43.5879935277145,147.986553635558,10.1884920634921
2020-07-22,2812,69,2745,61,67,8,3097,63,55460,437,58557,500,3,21,-68,607,134,2184,3,180,24,"Knox County",470313,193.488166391318,0.102162269390994,106.312179335889,14.6710807483527,129.062985713769,10.2162269390994
2020-07-21,2743,232,2684,228,59,4,3034,280,55023,1691,58057,1971,0,18,120,675,112,2050,12,177,24,"Knox County",470313,210.072866367717,0.10548048048048,419.082610942075,49.3288512118525,143.52144210345,10.548048048048
2020-07-20,2511,74,2456,70,55,4,2754,57,53332,364,56086,421,0,18,-59,555,133,1938,4,165,23,"Knox County",470313,208.159247139671,0.106253029568589,89.5148550008186,15.7342025417116,118.006519062837,10.6253029568589
2020-07-19,2437,84,2386,74,51,10,2697,74,52968,577,55665,651,0,18,-16,614,100,1805,0,161,22,"Knox County",470313,200.93001894483,0.110885589146459,138.418457495328,17.8604461284294,130.551356224472,11.0885589146459
2020-07-18,2353,112,2312,109,41,3,2623,146,52391,2258,55014,2404,1,18,36,630,75,1705,8,161,20,"Knox County",470313,187.534684348508,0.102609418858509,511.148958246955,23.8139281712392,133.95334596322,10.2609418858509
2020-07-17,2241,74,2203,74,38,0,2477,80,50133,347,52610,427,0,17,3,594,71,1630,6,153,19,"Knox County",470313,180.730704871011,0.105800155262282,90.7906011528493,15.7342025417116,126.298869051036,10.5800155262282
2020-07-16,2167,187,2129,185,38,2,2397,228,49786,2035,52183,2263,2,17,97,591,88,1559,3,147,17,"Knox County",470313,176.903466414919,0.107444714599977,481.168923674234,39.7607550716225,125.660995975021,10.7444714599977
2020-07-15,1980,78,1944,78,36,0,2169,80,47751,511,49920,591,3,15,-14,494,89,1471,4,144,17,"Knox County",470313,178.817085642965,0.10827222731439,125.660995975021,16.5846999763987,105.036433183858,10.827222731439
2020-07-14,1902,95,1866,95,36,0,2089,127,47240,777,49329,904,2,12,12,508,81,1382,1,140,16,"Knox County",470313,149.687548504932,0.103380759691946,192.212420239287,20.1993140738189,108.013174205263,10.3380759691946
2020-07-13,1807,94,1771,92,36,2,1962,59,46463,655,48425,714,1,10,20,496,73,1301,2,139,15,"Knox County",470313,153.940035678367,0.099823987930601,151.81379209165,19.9866897151471,105.461681901202,9.9823987930601
2020-07-12,1713,69,1679,67,34,2,1903,87,45808,916,47711,1003,0,9,27,476,42,1228,4,137,12,"Knox County",470313,150.750670298291,0.097158680471948,213.262231747793,14.6710807483527,101.209194727766,9.7158680471948
2020-07-11,1644,28,1612,27,32,1,1816,36,44892,883,46708,919,0,9,-16,449,44,1186,2,133,11,"Knox County",470313,132.890224169861,0.10218443043542,195.401785619364,5.95348204280979,95.4683370436284,10.218443043542
2020-07-10,1616,78,1585,74,31,4,1780,68,44009,418,45789,486,0,9,29,465,49,1142,6,131,10,"Knox County",470313,133.740721604548,0.0995639534883721,103.335438314484,16.5846999763987,98.8703267823768,9.95639534883721
2020-07-09,1538,70,1511,66,27,4,1712,88,43591,1652,45303,1740,0,9,23,436,47,1093,8,125,10,"Knox County",470313,108.86367163995,0.0857322636463741,369.966384088894,14.8837051070245,92.7042203808953,8.57322636463741
2020-07-08,1468,70,1445,65,23,5,1624,63,41939,594,43563,657,1,9,15,413,54,1046,5,117,10,"Knox County",470313,107.162676770576,0.0822045773003269,139.694203647358,14.8837051070245,87.8138601314444,8.2204577300327
2020-07-07,1398,79,1380,79,18,0,1561,104,41345,1305,42906,1409,0,8,38,398,41,992,7,112,10,"Knox County",470313,103.760687031828,0.0728926096997691,299.587721368535,16.7973243350705,84.6244947513677,7.28926096997691
2020-07-06,1319,35,1301,35,18,0,1457,34,40040,658,41497,692,1,8,-19,360,53,951,6,105,9,"Knox County",470313,91.2158498701928,0.0695047784535187,147.13605620087,7.44185255351224,76.5447691218401,6.95047784535187
2020-07-05,1284,77,1266,77,18,0,1423,109,39382,1081,40805,1190,2,7,34,379,41,898,6,99,9,"Knox County",470313,92.9168447395671,0.0707740025377132,253.022986819416,16.3720756177269,80.5846319366039,7.07740025377132
2020-07-04,1207,41,1189,40,18,1,1314,50,38301,1141,39615,1191,0,5,4,345,37,857,1,93,8,"Knox County",470313,95.6809614023002,0.070061099796334,253.235611178088,8.7175987055429,73.3554037417635,7.0061099796334
2020-07-03,1166,62,1149,61,17,1,1264,49,37160,910,38424,959,0,5,27,341,35,820,4,92,6,"Knox County",470313,92.2789716635517,0.0634090329165603,203.906759966235,13.1827102376502,72.5049063070764,6.34090329165603
2020-07-02,1104,68,1088,68,16,0,1215,102,36250,1228,37465,1330,0,5,33,314,35,785,2,88,6,"Knox County",470313,91.8537229462082,0.0687937533656435,282.790397033465,14.4584563896809,66.7640486229383,6.87937533656435
2020-07-01,1036,49,1020,49,16,0,1113,34,35022,737,36135,771,0,5,25,281,24,750,4,86,6,"Knox County",470313,87.3886114141008,0.0639087775125961,163.933380535941,10.4185935749171,59.7474447867697,6.39087775125961
2020-06-30,987,40,971,39,16,1,1079,73,34285,1514,35364,1587,0,5,18,256,22,726,3,82,5,"Knox County",470313,79.0962614259015,0.058419689119171,337.434857212112,8.50497434687113,54.4318358199752,5.8419689119171
2020-06-29,947,51,932,51,15,0,1006,79,32771,1333,33777,1412,0,5,20,238,31,704,3,79,5,"Knox County",470313,82.4982511646499,0.0587677725118483,300.225594444551,10.8438422922607,50.6045973638832,5.87677725118483
2020-06-28,896,10,881,10,15,0,927,30,31438,684,32365,714,0,5,-5,218,15,673,1,76,5,"Knox County",470313,68.2524191336408,0.0523606228026118,151.81379209165,2.12624358671778,46.3521101904476,5.23606228026117
2020-06-27,886,29,871,29,15,0,897,16,30754,111,31651,127,0,5,18,223,11,658,3,75,5,"Knox County",470313,65.7009268295794,0.0555072463768116,27.0032935513158,6.16610640148157,47.4152319838065,5.55072463768116
2020-06-26,857,37,842,37,15,0,881,14,30643,319,31524,333,0,5,17,205,20,647,8,72,5,"Knox County",470313,60.385317862785,0.0554670066942939,70.8039114377021,7.86710127085579,43.5879935277145,5.54670066942939
2020-06-25,820,32,805,32,15,0,867,52,30324,702,31191,754,0,5,13,188,19,627,1,64,5,"Knox County",470313,52.730840950601,0.0522990522990523,160.318766438521,6.8039794774969,39.9733794302943,5.22990522990523
2020-06-24,788,35,773,34,15,1,815,32,29622,272,30437,304,0,5,22,175,13,608,1,63,5,"Knox County",470313,49.7540999291961,0.0565857388644619,64.6378050362206,7.44185255351224,37.2092627675612,5.65857388644619
2020-06-23,753,27,739,24,14,3,783,25,29350,216,30133,241,0,5,18,153,9,595,4,62,5,"Knox County",470313,46.989983266463,0.0638352638352638,51.2424704398985,5.74085768413801,32.5315268767821,6.38352638352638
2020-06-22,726,36,715,36,11,0,758,31,29134,572,29892,603,0,5,20,135,16,586,0,58,5,"Knox County",470313,43.8006178863863,0.0650195058517555,128.212488279082,7.65447691218401,28.7042884206901,6.50195058517555
2020-06-21,690,31,679,31,11,0,727,37,28562,815,29289,852,0,5,16,115,15,570,1,58,5,"Knox County",470313,48.2657294184936,0.0644057249533292,181.155953588355,6.59135511882512,24.4518012472545,6.44057249533292
2020-06-20,659,17,648,17,11,0,690,9,27747,437,28437,446,0,5,11,99,6,555,2,57,5,"Knox County",470313,45.7142371144323,0.0566091140673648,94.8304639676131,3.61461409742023,21.049811508506,5.66091140673648
2020-06-19,642,30,631,28,11,2,681,10,27310,334,27991,344,0,5,8,88,22,549,1,55,5,"Knox County",470313,44.2258666037299,0.0553047404063205,73.1427793830917,6.37873076015334,18.7109435631165,5.53047404063205
2020-06-18,612,15,603,15,9,0,671,18,26976,804,27647,822,0,5,2,80,13,527,0,54,5,"Knox County",470313,40.6112525063096,0.0448504983388704,174.777222828202,3.18936538007667,17.0099486937423,4.48504983388704
2020-06-17,597,17,588,17,9,0,653,13,26172,282,26825,295,0,5,-3,78,20,514,0,54,5,"Knox County",470313,36.7840140502176,0.0396891479322787,62.7241858081746,3.61461409742023,16.5846999763987,3.96891479322787
2020-06-16,580,9,571,8,9,1,640,9,25890,178,26530,187,0,5,-2,81,11,494,0,54,5,"Knox County",470313,32.9567755941256,0.0357847280924204,39.7607550716225,1.913619228046,17.222573052414,3.57847280924204
2020-06-15,571,8,563,8,8,0,631,9,25712,218,26343,227,0,5,-5,83,13,483,0,54,5,"Knox County",470313,27.0032935513158,0.0330917113142137,48.2657294184936,1.70099486937423,17.6478217697576,3.30917113142137
2020-06-14,563,8,555,8,8,0,622,9,25494,624,26116,633,0,5,4,88,4,470,0,54,5,"Knox County",470313,22.1129333018649,0.0260663507109005,134.591219039236,1.70099486937423,18.7109435631165,2.60663507109005
2020-06-13,555,10,547,8,8,2,613,9,24870,213,25483,222,0,5,0,84,10,466,3,54,5,"Knox County",470313,20.6245627911625,0.0282051282051282,47.2026076251348,2.12624358671778,17.8604461284294,2.82051282051282
2020-06-12,545,19,539,19,6,0,604,19,24657,750,25261,769,0,5,1,84,18,456,0,51,5,"Knox County",470313,18.2856948457729,0.0272583201267829,163.508131818597,4.03986281476378,17.8604461284294,2.72583201267829
2020-06-11,526,7,520,7,6,0,585,10,23907,379,24492,389,0,5,1,83,6,438,2,51,5,"Knox County",470313,16.5846999763987,0.0286554004408523,82.7108755233217,1.48837051070245,17.6478217697576,2.86554004408523
2020-06-10,519,12,513,12,6,0,575,12,23528,706,24103,718,0,5,-6,82,18,432,0,49,5,"Knox County",470313,15.5215781830398,0.024483306836248,152.664289526337,2.55149230406134,17.4351974110858,2.4483306836248
2020-06-09,507,16,501,16,6,0,563,19,22822,508,23385,527,0,5,5,88,11,414,1,49,5,"Knox County",470313,17.0099486937423,0.0249641319942611,112.053037020027,3.40198973874845,18.7109435631165,2.49641319942611
2020-06-08,491,8,485,8,6,0,544,8,22314,336,22858,344,0,5,4,83,4,403,1,48,5,"Knox County",470313,17.0099486937423,0.0238756246529706,73.1427793830917,1.70099486937423,17.6478217697576,2.38756246529706
2020-06-07,483,7,477,7,6,0,536,8,21978,850,22514,858,0,5,0,79,7,399,1,47,5,"Knox County",470313,16.7973243350705,0.0222106088319833,182.431699740386,1.48837051070245,16.7973243350705,2.22106088319833
2020-06-06,476,11,470,11,6,0,528,12,21128,478,21656,490,0,5,5,79,6,392,0,46,5,"Knox County",470313,17.0099486937423,0.0214896214896215,104.185935749171,2.33886794538956,16.7973243350705,2.14896214896215
2020-06-05,465,18,459,18,6,0,516,17,20650,518,21166,535,0,5,7,74,11,386,1,46,5,"Knox County",470313,16.7973243350705,0.0222740222740223,113.754031889401,3.82723845609201,15.7342025417116,2.22740222740223
2020-06-04,447,4,441,4,6,0,499,4,20132,338,20631,342,0,5,-1,67,5,375,0,45,5,"Knox County",470313,16.1594512590551,0.0209753539590981,72.7175306657481,0.850497434687113,14.2458320310091,2.09753539590981
2020-06-03,443,4,437,4,6,0,495,4,19794,399,20289,403,0,5,-3,68,7,370,0,45,5,"Knox County",470313,14.4584563896809,0.0205773078022292,85.6876165447266,0.850497434687113,14.4584563896809,2.05773078022292
2020-06-02,439,26,433,25,6,1,491,24,19395,939,19886,963,0,5,21,71,5,363,2,45,5,"Knox County",470313,16.5846999763987,0.0195679796696315,204.757257400922,5.52823332546623,15.0963294656962,1.95679796696315
2020-06-01,413,17,408,17,5,0,467,20,18456,972,18923,992,0,5,4,50,13,358,0,43,5,"Knox County",470313,18.4983192044447,0.019419594152302,210.923363802404,3.61461409742023,10.6312179335889,1.9419594152302
2020-05-31,396,7,391,7,5,0,447,7,17484,317,17931,324,0,5,3,46,4,345,0,43,5,"Knox County",470313,18.4983192044447,0.0217337614225735,68.8902922096561,1.48837051070245,9.7807204989018,2.17337614225735
2020-05-30,389,6,384,6,5,0,440,6,17167,294,17607,300,0,5,-1,43,7,341,2,43,5,"Knox County",470313,17.4351974110858,0.0212490282456595,63.7873076015334,1.27574615203067,9.14284742288646,2.12490282456595
2020-05-29,383,8,378,8,5,0,434,7,16873,205,17307,212,0,5,0,44,8,334,0,41,5,"Knox County",470313,15.308953824368,0.0203619909502262,45.076364038417,1.70099486937423,9.35547178155824,2.03619909502262
2020-05-28,375,11,370,11,5,0,427,11,16668,336,17095,347,0,5,7,44,4,326,0,41,5,"Knox County",470313,16.7973243350705,0.022310081897769,73.780652459107,2.33886794538956,9.35547178155824,2.2310081897769
2020-05-27,364,5,359,5,5,0,416,6,16332,420,16748,426,0,5,0,37,5,322,1,41,5,"Knox County",470313,17.0099486937423,0.0227272727272727,90.5779767941775,1.06312179335889,7.86710127085579,2.27272727272727
2020-05-26,359,9,354,9,5,0,410,10,15912,1142,16322,1152,0,5,7,37,2,317,0,40,5,"Knox County",470313,13.395334596322,0.0178523847588596,244.943261189888,1.913619228046,7.86710127085579,1.78523847588596
2020-05-25,350,9,345,9,5,0,400,11,14770,381,15170,392,0,5,5,30,4,315,1,40,5,"Knox County",470313,11.6943397269478,0.018395179194418,83.348748599337,1.913619228046,6.37873076015334,1.8395179194418
2020-05-24,341,2,336,2,5,0,389,3,14389,273,14778,276,0,5,1,25,1,311,0,39,5,"Knox County",470313,10.6312179335889,0.0173913043478261,58.6843229934108,0.425248717343556,5.31560896679445,1.73913043478261
2020-05-23,339,7,334,7,5,0,386,10,14116,360,14502,370,0,5,4,24,3,310,2,39,5,"Knox County",470313,10.8438422922607,0.0182677165354331,78.6710127085579,1.48837051070245,5.10298460812268,1.82677165354331
2020-05-22,332,1,327,1,5,0,376,1,13756,253,14132,254,0,5,-14,20,15,307,0,37,5,"Knox County",470313,9.35547178155824,0.0161641280696301,54.0065871026317,0.212624358671778,4.25248717343556,1.61641280696301
2020-05-21,331,0,326,0,5,0,375,0,13503,250,13878,250,0,5,-1,34,1,292,0,37,5,"Knox County",470313,7.01660383616868,0.0131410256410256,53.1560896679445,0,7.22922819484046,1.31410256410256
2020-05-20,331,7,326,7,5,0,375,7,13253,360,13628,367,0,5,4,35,3,291,0,37,5,"Knox County",470313,7.44185255351224,0.0137210062071219,78.0331396325426,1.48837051070245,7.44185255351224,1.37210062071219
2020-05-19,324,7,319,7,5,0,368,7,12893,369,13261,376,0,5,4,31,3,288,2,37,5,"Knox County",470313,7.01660383616868,0.0170678336980306,79.9467588605886,1.48837051070245,6.59135511882512,1.70678336980306
2020-05-18,317,3,312,3,5,0,361,4,12524,478,12885,482,0,5,0,27,3,285,0,35,5,"Knox County",470313,5.74085768413801,0.0134736842105263,102.484940879797,0.637873076015334,5.74085768413801,1.34736842105263
2020-05-17,314,3,309,3,5,0,357,5,12046,216,12403,221,0,5,1,27,2,282,1,35,5,"Knox County",470313,5.95348204280979,0.0146551724137931,46.989983266463,0.637873076015334,5.74085768413801,1.46551724137931
2020-05-16,311,0,306,0,5,0,352,0,11830,349,12182,349,0,5,-4,26,4,280,0,34,5,"Knox County",470313,4.46511153210734,0.0104393214441061,74.2059011764506,0,5.52823332546623,1.04393214441061
2020-05-15,311,1,306,1,5,0,352,4,11481,541,11833,545,0,5,-4,30,5,276,0,34,5,"Knox County",470313,4.46511153210734,0.0104247104247104,115.880275476119,0.212624358671778,6.37873076015334,1.04247104247104
2020-05-14,310,3,305,3,5,0,348,7,10940,458,11288,465,0,5,0,34,3,271,0,34,5,"Knox County",470313,5.10298460812268,0.0121212121212121,98.8703267823768,0.637873076015334,7.22922819484046,1.21212121212121
2020-05-13,307,7,302,7,5,0,341,5,10482,341,10823,346,0,5,1,34,6,268,0,34,5,"Knox County",470313,5.10298460812268,0.0114942528735632,73.5680281004352,1.48837051070245,7.22922819484046,1.14942528735632
2020-05-12,300,6,295,6,5,0,336,8,10141,401,10477,409,0,5,3,33,3,262,0,34,5,"Knox County",470313,4.8903602494509,0.0117145899893504,86.9633626967573,1.27574615203067,7.01660383616868,1.17145899893504
2020-05-11,294,16,289,16,5,0,328,12,9740,254,10068,266,0,5,9,30,7,259,1,34,5,"Knox County",470313,7.65447691218401,0.015763168012303,56.558079406693,3.40198973874845,6.37873076015334,1.5763168012303
2020-05-10,278,5,273,5,5,0,316,5,9486,221,9802,226,0,5,1,21,4,252,1,33,5,"Knox County",470313,8.07972562952757,0.0157329240214889,48.0531050598219,1.06312179335889,4.46511153210734,1.57329240214889
2020-05-09,273,2,268,2,5,0,311,4,9265,352,9576,356,0,5,-1,20,3,248,0,32,5,"Knox County",470313,8.50497434687113,0.0172215843857635,75.694271687153,0.425248717343556,4.25248717343556,1.72215843857635
2020-05-08,271,3,266,3,5,0,307,4,8913,265,9220,269,0,5,-2,21,5,245,0,32,5,"Knox County",470313,8.93022306421468,0.0192554557124519,57.1959524827083,0.637873076015334,4.46511153210734,1.92554557124519
2020-05-07,268,3,263,3,5,0,303,3,8648,220,8951,223,0,5,-2,23,5,240,0,32,5,"Knox County",470313,8.93022306421468,0.0195704057279236,47.4152319838065,0.637873076015334,4.8903602494509,1.95704057279236
2020-05-06,265,1,260,1,5,0,300,1,8428,185,8728,186,0,5,-7,25,8,235,0,32,5,"Knox County",470313,7.65447691218401,0.0191214470284238,39.5481307129507,0.212624358671778,5.31560896679445,1.91214470284238
2020-05-05,264,4,259,4,5,0,299,5,8243,305,8542,310,0,5,-1,32,5,227,0,32,5,"Knox County",470313,7.22922819484046,0.0185185185185185,65.9135511882512,0.850497434687113,6.8039794774969,1.85185185185185
2020-05-04,260,4,255,4,5,0,294,7,7938,259,8232,266,0,5,-3,33,7,222,0,32,5,"Knox County",470313,4.67773589077912,0.0157952069716776,56.558079406693,0.850497434687113,7.01660383616868,1.57952069716776
2020-05-03,256,7,251,5,5,2,287,6,7679,290,7966,296,0,5,6,36,1,215,2,32,5,"Knox County",470313,5.10298460812268,0.0157397691500525,62.9368101668463,1.48837051070245,7.65447691218401,1.57397691500525
2020-05-02,249,3,246,3,3,0,281,5,7389,308,7670,313,0,5,1,30,2,214,1,30,5,"Knox County",470313,5.31560896679445,0.0166398282340311,66.5514242642666,0.637873076015334,6.37873076015334,1.66398282340311
2020-05-01,246,9,243,8,3,1,276,7,7081,354,7357,361,0,5,4,29,5,212,0,29,5,"Knox County",470313,6.59135511882512,0.0173913043478261,76.7573934805119,1.913619228046,6.16610640148157,1.73913043478261
2020-04-30,237,4,235,4,2,0,269,3,6727,119,6996,122,0,5,-1,25,5,207,0,29,5,"Knox County",470313,6.8039794774969,0.0183387270765912,25.9401717579569,0.850497434687113,5.31560896679445,1.83387270765912
2020-04-29,233,8,231,8,2,0,266,10,6608,671,6874,681,0,5,5,26,3,202,0,29,5,"Knox County",470313,8.29234998819935,0.0183056619838229,144.797188255481,1.70099486937423,5.52823332546623,1.83056619838229
2020-04-28,225,8,223,8,2,0,256,10,5937,391,6193,401,1,5,4,21,3,199,0,29,5,"Knox County",470313,9.14284742288646,0.019672131147541,85.262367827383,1.70099486937423,4.46511153210734,1.9672131147541
2020-04-27,217,2,215,2,2,0,246,4,5546,161,5792,165,0,4,1,17,1,196,0,29,5,"Knox County",470313,8.7175987055429,0.0192389910218042,35.0830191808434,0.425248717343556,3.61461409742023,1.92389910218042
2020-04-26,215,1,213,1,2,0,242,1,5385,172,5627,173,0,4,-2,16,3,195,0,29,4,"Knox County",470313,7.44185255351224,0.0180505415162455,36.7840140502176,0.212624358671778,3.40198973874845,1.80505415162455
2020-04-25,214,0,212,0,2,0,241,0,5213,53,5454,53,0,4,-6,18,6,192,0,29,4,"Knox County",470313,6.8039794774969,0.0178936605316973,11.2690910096042,0,3.82723845609201,1.78936605316973
2020-04-24,214,8,212,8,2,0,241,10,5160,836,5401,846,0,4,5,24,3,186,1,29,4,"Knox County",470313,6.59135511882512,0.0155673904137649,179.880207436324,1.70099486937423,5.10298460812268,1.55673904137648
2020-04-23,206,1,204,1,2,0,231,2,4324,137,4555,139,0,4,0,19,1,183,0,28,4,"Knox County",470313,5.95348204280979,0.0150528885272579,29.5547858553772,0.212624358671778,4.03986281476378,1.50528885272579
2020-04-22,205,5,203,3,2,2,229,2,4187,189,4416,191,0,4,1,19,4,182,0,28,4,"Knox County",470313,5.31560896679445,0.0147357723577236,40.6112525063096,1.06312179335889,4.03986281476378,1.47357723577236
2020-04-21,200,4,200,4,0,0,227,5,3998,475,4225,480,0,4,-2,18,6,178,1,28,4,"Knox County",470313,4.46511153210734,0.0117244748412311,102.059692162454,0.850497434687113,3.82723845609201,1.17244748412311
2020-04-20,196,3,196,3,0,0,222,2,3523,175,3745,177,0,4,-1,20,4,172,1,27,4,"Knox County",470313,4.67773589077912,0.0106847984458475,37.6345114849047,0.637873076015334,4.25248717343556,1.06847984458475
2020-04-19,193,0,193,0,0,0,220,0,3348,72,3568,72,0,4,-4,21,4,168,0,26,4,"Knox County",470313,4.46511153210734,0.0107252298263534,15.308953824368,0,4.46511153210734,1.07252298263534
2020-04-18,193,0,193,0,0,0,220,1,3276,135,3496,136,0,4,-5,25,5,164,0,26,4,"Knox County",470313,4.46511153210734,0.0107790298873101,28.9169127793618,0,5.31560896679445,1.07790298873101
2020-04-17,193,2,193,2,0,0,219,3,3141,104,3360,107,0,4,-2,30,4,159,1,26,4,"Knox County",470313,3.18936538007667,0.0115207373271889,22.7508063778803,0.425248717343556,6.37873076015334,1.15207373271889
2020-04-16,191,7,191,7,0,0,216,9,3037,213,3253,222,0,4,2,32,5,155,2,25,4,"Knox County",470313,4.46511153210734,0.015884476534296,47.2026076251348,1.48837051070245,6.8039794774969,1.5884476534296
2020-04-15,184,9,184,9,0,0,207,10,2824,84,3031,94,0,4,3,30,6,150,1,23,4,"Knox County",470313,5.31560896679445,0.0232919254658385,19.9866897151471,1.913619228046,6.37873076015334,2.32919254658385
2020-04-14,175,4,175,4,0,0,197,4,2740,102,2937,106,0,4,1,27,3,144,1,22,4,"Knox County",470313,5.31560896679445,0.0317286652078775,22.5381820192085,0.850497434687113,5.74085768413801,3.17286652078775
2020-04-13,171,4,171,4,0,0,193,9,2638,242,2831,251,0,4,-2,26,6,141,1,21,4,"Knox County",470313,5.52823332546623,0.0364372469635627,53.3687140266163,0.850497434687113,5.52823332546623,3.64372469635628
2020-04-12,167,5,167,5,0,0,184,6,2396,166,2580,172,0,4,1,28,4,135,0,20,4,"Knox County",470313,6.59135511882512,0.0386029411764706,36.5713896915458,1.06312179335889,5.95348204280979,3.86029411764706
2020-04-11,162,5,162,5,0,0,178,8,2230,313,2408,321,1,4,-4,27,8,131,1,20,4,"Knox County",470313,7.65447691218401,0.0384917517674784,68.2524191336408,1.06312179335889,5.74085768413801,3.84917517674784
2020-04-10,157,4,157,4,0,0,170,5,1917,123,2087,128,0,3,0,31,4,123,0,19,4,"Knox County",470313,8.07972562952757,0.0394126738794436,27.2159179099876,0.850497434687113,6.59135511882512,3.94126738794436
2020-04-09,153,1,153,1,0,0,165,1,1794,81,1959,82,0,3,-2,31,3,119,0,19,4,"Knox County",470313,6.8039794774969,0.037261698440208,17.4351974110858,0.212624358671778,6.59135511882512,3.7261698440208
2020-04-08,152,8,152,8,0,0,164,12,1713,111,1877,123,0,3,-3,33,11,116,1,19,4,"Knox County",470313,6.59135511882512,0.0380388841927303,26.1527961166287,1.70099486937423,7.01660383616868,3.80388841927303
2020-04-07,144,20,144,20,0,0,152,25,1602,366,1754,391,0,3,11,36,9,105,2,18,3,"Knox County",470313,9.99334485757357,0.0449591280653951,83.1361242406653,4.25248717343556,7.65447691218401,4.49591280653951
2020-04-06,124,8,124,8,0,0,127,14,1236,54,1363,68,2,3,-2,25,8,96,1,16,3,"Knox County",470313,10.8438422922607,0.0552529182879377,14.4584563896809,1.70099486937423,5.31560896679445,5.52529182879377
2020-04-05,116,4,116,4,0,0,113,10,1182,75,1295,85,0,1,-2,27,6,88,0,15,3,"Knox County",470313,10.6312179335889,0.0626043405676127,18.0730704871011,0.850497434687113,5.74085768413801,6.26043405676127
2020-04-04,112,15,112,15,0,0,103,6,1107,127,1210,133,0,1,4,29,11,82,1,15,2,"Knox County",470313,12.7574615203067,0.0722772277227723,28.2790397033465,3.18936538007667,6.16610640148157,7.22772277227723
2020-04-03,97,4,97,4,0,0,97,3,980,51,1077,54,0,1,-8,25,12,71,1,14,1,"Knox County",470313,12.7574615203067,0.0758547008547008,11.481715368276,0.850497434687113,5.31560896679445,7.58547008547009
2020-04-02,93,7,93,7,0,0,94,7,929,106,1023,113,0,1,NA,33,8,59,0,13,1,"Knox County",470313,14.0332076723374,0.0796277145811789,24.0265525299109,1.48837051070245,7.01660383616868,7.96277145811789
2020-04-01,86,15,86,15,0,0,87,15,823,140,910,155,NA,NA,NA,NA,7,51,1,13,1,"Knox County",470313,15.5215781830398,0.0800800800800801,32.9567755941256,3.18936538007667,NA,8.00800800800801
2020-03-31,71,8,71,8,0,0,72,11,683,58,755,69,NA,NA,NA,NA,12,44,1,12,1,"Knox County",470313,12.9700858789785,0.0974889217134417,14.6710807483527,1.70099486937423,NA,9.74889217134417
2020-03-30,63,13,63,13,0,0,61,15,625,130,686,145,NA,NA,NA,NA,9,32,2,11,1,"Knox County",470313,14.0332076723374,0.0888594164456233,30.8305320074078,2.76411666273312,NA,8.88594164456233
2020-03-29,50,8,50,8,0,0,46,8,495,55,541,63,NA,NA,NA,NA,6,23,1,9,1,"Knox County",470313,14.8837051070245,0.0887978142076503,13.395334596322,1.70099486937423,NA,8.87978142076503
2020-03-28,42,7,42,7,0,0,38,6,440,62,478,68,NA,NA,NA,NA,1,17,1,8,0,"Knox County",470313,13.1827102376502,0.0974512743628186,14.4584563896809,1.48837051070245,NA,9.74512743628186
2020-03-27,35,2,35,2,0,0,32,2,378,54,410,56,NA,NA,NA,NA,5,16,1,7,0,"Knox County",470313,12.7574615203067,0.0956651718983558,11.9069640856196,0.425248717343556,NA,9.56651718983558
2020-03-26,33,7,33,7,0,0,30,7,324,82,354,89,NA,NA,NA,NA,3,11,2,6,0,"Knox County",470313,12.7574615203067,0.0992248062015504,18.9235679217883,1.48837051070245,NA,9.92248062015504
2020-03-25,26,6,26,6,0,0,23,7,242,68,265,75,NA,NA,NA,NA,3,8,1,4,0,"Knox County",470313,10.8438422922607,0.0991150442477876,15.9468269003834,1.27574615203067,NA,9.91150442477876
2020-03-24,20,7,20,7,0,0,16,7,174,43,190,50,NA,NA,NA,NA,2,5,0,3,0,"Knox County",470313,10.6312179335889,0.0952380952380952,10.6312179335889,1.48837051070245,NA,9.52380952380952
2020-03-23,13,4,13,4,0,0,9,4,131,22,140,26,NA,NA,NA,NA,3,3,2,3,0,"Knox County",470313,8.7175987055429,0.0960187353629977,5.52823332546623,0.850497434687113,NA,9.60187353629976
2020-03-22,9,2,9,2,0,0,5,0,109,9,114,9,NA,NA,NA,NA,0,0,1,1,0,"Knox County",470313,7.44185255351224,0.0884718498659517,1.913619228046,0.425248717343556,NA,8.84718498659517
2020-03-21,7,1,7,1,0,0,5,2,100,17,105,19,NA,NA,NA,NA,0,0,0,0,0,"Knox County",470313,6.16610640148157,0.0895061728395062,4.03986281476378,0.212624358671778,NA,8.95061728395062
2020-03-20,6,5,6,5,0,0,3,2,83,38,86,40,NA,NA,NA,NA,0,0,0,0,0,"Knox County",470313,6.8039794774969,0.0941558441558442,8.50497434687113,1.06312179335889,NA,9.41558441558442
2020-03-19,1,0,1,0,0,0,1,0,45,11,46,11,NA,NA,NA,NA,0,0,0,0,0,"Knox County",470313,5.31560896679445,0.0956521739130435,2.33886794538956,0,NA,9.56521739130435
2020-03-18,1,0,1,0,0,0,1,0,34,15,35,15,NA,NA,NA,NA,0,0,0,0,0,"Knox County",470313,4.03986281476378,0.0882352941176471,3.18936538007667,0,NA,8.82352941176471
2020-03-17,1,0,1,0,0,0,1,0,19,5,20,5,NA,NA,NA,NA,0,0,0,0,0,"Knox County",470313,2.55149230406134,0.064,1.06312179335889,0,NA,6.4
2020-03-16,1,1,1,1,0,0,1,1,14,3,15,4,NA,NA,NA,NA,0,0,0,0,0,"Knox County",470313,1.913619228046,0.0485436893203883,0.850497434687113,0.212624358671778,NA,4.85436893203883
2020-03-15,0,0,0,0,0,0,0,0,11,1,11,1,NA,NA,NA,NA,0,0,0,0,0,"Knox County",470313,1.48837051070245,0.0526315789473684,0.212624358671778,0,NA,5.26315789473684
2020-03-14,0,0,0,0,0,0,0,0,10,8,10,8,NA,NA,NA,NA,0,0,0,0,0,"Knox County",470313,1.27574615203067,0.0357142857142857,1.70099486937423,0,NA,3.57142857142857
2020-03-13,0,0,0,0,0,0,0,0,2,0,2,0,NA,NA,NA,NA,0,0,0,0,0,"Knox County",470313,0.212624358671778,0.0227272727272727,0,0,NA,2.27272727272727
2020-03-12,0,0,0,0,0,0,0,0,2,2,2,2,NA,NA,NA,NA,0,0,0,0,0,"Knox County",470313,0.212624358671778,0.0285714285714286,0.425248717343556,0,NA,2.85714285714286
2020-03-12,0,0,0,0,0,0,0,0,0,0,0,0,NA,NA,NA,NA,0,0,0,0,0,"Anderson",76978,NA,NA,0,0,NA,NA
2020-03-13,0,0,0,0,0,0,0,0,1,1,1,1,NA,NA,NA,NA,0,0,0,0,0,"Anderson",76978,NA,NA,1.29907246226194,0,NA,NA
2020-03-14,0,0,0,0,0,0,0,0,1,0,1,0,NA,NA,NA,NA,0,0,0,0,0,"Anderson",76978,NA,NA,0,0,NA,NA
2020-03-15,0,0,0,0,0,0,0,0,1,0,1,0,NA,NA,NA,NA,0,0,0,0,0,"Anderson",76978,NA,NA,0,0,NA,NA
2020-03-16,0,0,0,0,0,0,0,0,2,1,2,1,NA,NA,NA,NA,0,0,0,0,0,"Anderson",76978,NA,NA,1.29907246226194,0,NA,NA
2020-03-17,0,0,0,0,0,0,0,0,4,2,4,2,NA,NA,NA,NA,0,0,0,0,0,"Anderson",76978,NA,NA,2.59814492452389,0,NA,NA
2020-03-18,0,0,0,0,0,0,0,0,4,0,4,0,NA,NA,NA,NA,0,0,0,0,0,"Anderson",76978,0,0,0,0,NA,0
2020-03-19,1,1,1,1,0,0,2,2,5,1,7,3,NA,NA,NA,NA,0,0,0,0,0,"Anderson",76978,1.29907246226194,0.285714285714286,3.89721738678583,1.29907246226194,NA,28.5714285714286
2020-03-20,1,0,1,0,0,0,2,0,7,2,9,2,NA,NA,NA,NA,0,0,0,0,0,"Anderson",76978,1.29907246226194,0.25,2.59814492452389,0,NA,25
2020-03-21,1,0,1,0,0,0,2,0,7,0,9,0,NA,NA,NA,NA,0,0,0,0,0,"Anderson",76978,1.29907246226194,0.25,0,0,NA,25
2020-03-22,1,0,1,0,0,0,2,0,10,3,12,3,NA,NA,NA,NA,0,0,0,0,0,"Anderson",76978,1.29907246226194,0.181818181818182,3.89721738678583,0,NA,18.1818181818182
2020-03-23,1,0,1,0,0,0,2,0,15,5,17,5,NA,NA,NA,NA,0,0,0,0,0,"Anderson",76978,1.29907246226194,0.133333333333333,6.49536231130973,0,NA,13.3333333333333
2020-03-24,1,0,1,0,0,0,2,0,20,5,22,5,NA,NA,NA,NA,0,0,0,0,0,"Anderson",76978,1.29907246226194,0.111111111111111,6.49536231130973,0,NA,11.1111111111111
2020-03-25,2,1,2,1,0,0,4,2,29,9,33,11,NA,NA,NA,NA,1,1,0,0,0,"Anderson",76978,2.59814492452389,0.137931034482759,14.2897970848814,1.29907246226194,NA,13.7931034482759
2020-03-26,3,1,3,1,0,0,5,1,44,15,49,16,NA,NA,NA,NA,0,1,1,1,0,"Anderson",76978,2.59814492452389,0.0714285714285714,20.7851593961911,1.29907246226194,NA,7.14285714285714
2020-03-27,4,1,4,1,0,0,6,1,53,9,59,10,NA,NA,NA,NA,3,4,0,1,0,"Anderson",76978,3.89721738678583,0.08,12.9907246226195,1.29907246226194,NA,8
2020-03-28,7,3,7,3,0,0,9,3,72,19,81,22,NA,NA,NA,NA,0,4,1,2,0,"Anderson",76978,7.79443477357167,0.0972222222222222,28.5795941697628,3.89721738678583,NA,9.72222222222222
2020-03-29,7,0,7,0,0,0,9,0,83,11,92,11,NA,NA,NA,NA,0,4,0,2,0,"Anderson",76978,7.79443477357167,0.0875,14.2897970848814,0,NA,8.75
2020-03-30,8,1,8,1,0,0,10,1,127,44,137,45,NA,NA,NA,NA,1,5,0,2,0,"Anderson",76978,9.09350723583361,0.0666666666666667,58.4582608017875,1.29907246226194,NA,6.66666666666667
2020-03-31,9,1,9,1,0,0,11,1,142,15,153,16,NA,NA,NA,NA,1,6,0,2,0,"Anderson",76978,10.3925796980956,0.0687022900763359,20.7851593961911,1.29907246226194,NA,6.87022900763359
2020-04-01,9,0,9,0,0,0,11,0,163,21,174,21,NA,NA,NA,NA,0,6,0,2,0,"Anderson",76978,9.09350723583361,0.049645390070922,27.2805217075008,0,NA,4.9645390070922
2020-04-02,9,0,9,0,0,0,11,0,179,16,190,16,0,0,NA,3,0,6,0,2,0,"Anderson",76978,7.79443477357167,0.0425531914893617,20.7851593961911,0,3.89721738678583,4.25531914893617
2020-04-03,9,0,9,0,0,0,11,0,192,13,203,13,0,0,-2,1,2,8,0,2,0,"Anderson",76978,6.49536231130972,0.0347222222222222,16.8879420094053,0,1.29907246226194,3.47222222222222
2020-04-04,9,0,9,0,0,0,11,0,219,27,230,27,0,0,0,1,0,8,0,2,0,"Anderson",76978,2.59814492452389,0.0134228187919463,35.0749564810725,0,1.29907246226194,1.34228187919463
2020-04-05,9,0,9,0,0,0,11,0,248,29,259,29,0,0,0,1,0,8,0,2,0,"Anderson",76978,2.59814492452389,0.0119760479041916,37.6731014055964,0,1.29907246226194,1.19760479041916
2020-04-06,9,0,9,0,0,0,11,0,262,14,273,14,0,0,-1,0,1,9,0,2,0,"Anderson",76978,1.29907246226194,0.00735294117647059,18.1870144716672,0,0,0.735294117647059
2020-04-07,10,1,10,1,0,0,12,1,304,42,316,43,0,0,1,1,0,9,0,2,0,"Anderson",76978,1.29907246226194,0.00613496932515337,55.8601158772636,1.29907246226194,1.29907246226194,0.613496932515337
2020-04-08,10,0,10,0,0,0,12,0,322,18,334,18,1,1,-1,0,0,9,0,2,1,"Anderson",76978,1.29907246226194,0.00625,23.383304320715,0,0,0.625
2020-04-09,10,0,10,0,0,0,12,0,350,28,362,28,0,1,0,0,0,9,0,2,1,"Anderson",76978,1.29907246226194,0.00581395348837209,36.3740289433345,0,0,0.581395348837209
2020-04-10,10,0,10,0,0,0,12,0,366,16,378,16,0,1,0,0,0,9,0,2,1,"Anderson",76978,1.29907246226194,0.00571428571428571,20.7851593961911,0,0,0.571428571428571
2020-04-11,10,0,10,0,0,0,12,0,439,73,451,73,0,1,0,0,0,9,0,2,1,"Anderson",76978,1.29907246226194,0.00452488687782805,94.832289745122,0,0,0.452488687782805
2020-04-12,12,2,12,2,0,0,14,2,477,38,491,40,0,1,2,2,0,9,0,2,1,"Anderson",76978,3.89721738678583,0.0129310344827586,51.9628984904778,2.59814492452389,2.59814492452389,1.29310344827586
2020-04-13,13,1,13,1,0,0,15,1,514,37,529,38,0,1,0,2,1,10,0,2,1,"Anderson",76978,5.19628984904778,0.015625,49.3647535659539,1.29907246226194,2.59814492452389,1.5625
2020-04-14,13,0,13,0,0,0,15,0,526,12,541,12,0,1,0,2,0,10,0,2,1,"Anderson",76978,3.89721738678583,0.0133333333333333,15.5888695471433,0,2.59814492452389,1.33333333333333
2020-04-15,13,0,13,0,0,0,15,0,544,18,559,18,0,1,-2,0,2,12,0,2,1,"Anderson",76978,3.89721738678583,0.0133333333333333,23.383304320715,0,0,1.33333333333333
2020-04-16,13,0,13,0,0,0,15,0,566,22,581,22,0,1,0,0,0,12,0,2,1,"Anderson",76978,3.89721738678583,0.0136986301369863,28.5795941697628,0,0,1.36986301369863
2020-04-17,13,0,13,0,0,0,15,0,586,20,601,20,0,1,0,0,0,12,0,2,1,"Anderson",76978,3.89721738678583,0.0134529147982063,25.9814492452389,0,0,1.34529147982063
2020-04-18,13,0,13,0,0,0,15,0,616,30,631,30,0,1,0,0,0,12,0,2,1,"Anderson",76978,3.89721738678583,0.0166666666666667,38.9721738678584,0,0,1.66666666666667
2020-04-19,14,1,14,1,0,0,16,1,628,12,644,13,0,1,0,0,1,13,0,2,1,"Anderson",76978,2.59814492452389,0.0130718954248366,16.8879420094053,1.29907246226194,0,1.30718954248366
2020-04-20,19,5,18,4,1,1,19,3,648,20,667,23,0,1,5,5,0,13,0,2,1,"Anderson",76978,7.79443477357167,0.0289855072463768,29.8786666320247,6.49536231130973,6.49536231130973,2.89855072463768
2020-04-21,20,1,19,1,1,0,22,3,1071,423,1093,426,0,1,1,6,0,13,0,2,1,"Anderson",76978,9.09350723583361,0.0126811594202899,553.404868923589,1.29907246226194,7.79443477357167,1.26811594202899
2020-04-22,21,1,20,1,1,0,24,2,1141,70,1165,72,0,1,0,6,1,14,0,2,1,"Anderson",76978,10.3925796980956,0.0148514851485149,93.53321728286,1.29907246226194,7.79443477357167,1.48514851485149
2020-04-23,21,0,20,0,1,0,24,0,1191,50,1215,50,0,1,-1,5,1,15,0,2,1,"Anderson",76978,10.3925796980956,0.0141955835962145,64.9536231130973,0,6.49536231130973,1.41955835962145
2020-04-24,22,1,21,1,1,0,25,1,1299,108,1324,109,0,1,1,6,0,15,0,2,1,"Anderson",76978,11.6916521603575,0.0138312586445367,141.598898386552,1.29907246226194,7.79443477357167,1.38312586445367
2020-04-25,22,0,21,0,1,0,25,0,1336,37,1361,37,0,1,0,6,0,15,0,2,1,"Anderson",76978,11.6916521603575,0.0136986301369863,48.065681103692,0,7.79443477357167,1.36986301369863
2020-04-26,22,0,21,0,1,0,25,0,1372,36,1397,36,0,1,0,6,0,15,0,2,1,"Anderson",76978,10.3925796980956,0.0119521912350598,46.76660864143,0,7.79443477357167,1.19521912350598
2020-04-27,22,0,21,0,1,0,25,0,1411,39,1436,39,0,1,-1,5,1,16,0,2,1,"Anderson",76978,3.89721738678583,0.00780234070221066,50.6638260282159,0,6.49536231130973,0.780234070221066
2020-04-28,22,0,21,0,1,0,25,0,1690,279,1715,279,0,1,0,5,0,16,0,2,1,"Anderson",76978,2.59814492452389,0.00482315112540193,362.441216971083,0,6.49536231130973,0.482315112540193
2020-04-29,26,4,25,4,1,0,28,3,2070,380,2098,383,0,1,4,9,0,16,0,2,1,"Anderson",76978,6.49536231130972,0.00428724544480171,497.544753046325,5.19628984904778,11.6916521603575,0.428724544480171
2020-04-30,26,0,25,0,1,0,29,1,2102,32,2131,33,0,1,-1,8,1,17,0,2,1,"Anderson",76978,6.49536231130972,0.00545851528384279,42.8693912546442,0,10.3925796980956,0.545851528384279
2020-05-01,26,0,25,0,1,0,29,0,2154,52,2183,52,0,1,-2,6,2,19,0,2,1,"Anderson",76978,5.19628984904778,0.00465657741559953,67.5517680376211,0,7.79443477357167,0.465657741559953
2020-05-02,26,0,25,0,1,0,29,0,2221,67,2250,67,0,1,0,6,0,19,0,2,1,"Anderson",76978,5.19628984904778,0.00449943757030371,87.0378549715503,0,7.79443477357167,0.449943757030371
2020-05-03,27,1,26,1,1,0,30,1,2314,93,2344,94,0,1,1,7,0,19,0,2,1,"Anderson",76978,6.49536231130972,0.00527983104540655,122.112811452623,1.29907246226194,9.09350723583361,0.527983104540655
2020-05-04,27,0,26,0,1,0,30,0,2406,92,2436,92,0,1,-1,6,1,20,0,2,1,"Anderson",76978,6.49536231130972,0.005,119.514666528099,0,7.79443477357167,0.5
2020-05-05,28,1,27,1,1,0,30,0,2475,69,2505,69,0,1,-1,5,2,22,0,2,1,"Anderson",76978,7.79443477357167,0.00632911392405063,89.6359998960742,1.29907246226194,6.49536231130973,0.632911392405063
2020-05-06,30,2,29,2,1,0,31,1,2525,50,2556,51,0,1,2,7,0,22,0,2,1,"Anderson",76978,5.19628984904778,0.00655021834061135,66.2526955753592,2.59814492452389,9.09350723583361,0.655021834061135
2020-05-07,30,0,29,0,1,0,33,2,2597,72,2630,74,0,1,-1,6,1,23,0,2,1,"Anderson",76978,5.19628984904778,0.00801603206412826,96.1313622073839,0,7.79443477357167,0.801603206412826
2020-05-08,30,0,29,0,1,0,33,0,2652,55,2685,55,0,1,0,6,0,23,0,2,1,"Anderson",76978,5.19628984904778,0.00796812749003984,71.448985424407,0,7.79443477357167,0.796812749003984
2020-05-09,30,0,29,0,1,0,33,0,2734,82,2767,82,0,1,0,6,0,23,0,2,1,"Anderson",76978,5.19628984904778,0.00773694390715667,106.523941905479,0,7.79443477357167,0.773694390715667
2020-05-10,30,0,29,0,1,0,33,0,2827,93,2860,93,0,1,-3,3,3,26,0,2,1,"Anderson",76978,3.89721738678583,0.00581395348837209,120.813738990361,0,3.89721738678583,0.581395348837209
2020-05-11,32,2,31,2,1,0,33,0,2909,82,2942,82,0,1,2,5,0,26,0,2,1,"Anderson",76978,6.49536231130972,0.00592885375494071,106.523941905479,2.59814492452389,6.49536231130973,0.592885375494071
2020-05-12,33,1,32,1,1,0,35,2,3042,133,3077,135,0,1,1,6,0,26,0,2,1,"Anderson",76978,6.49536231130972,0.00874125874125874,175.374782405363,1.29907246226194,7.79443477357167,0.874125874125874
2020-05-13,35,2,34,2,1,0,38,3,3220,178,3258,181,0,1,1,7,1,27,1,3,1,"Anderson",76978,6.49536231130972,0.00997150997150997,235.132115669412,2.59814492452389,9.09350723583361,0.997150997150997
2020-05-14,35,0,34,0,1,0,39,1,3346,126,3385,127,0,1,-1,6,1,28,0,3,1,"Anderson",76978,6.49536231130972,0.00794701986754967,164.982202707267,0,7.79443477357167,0.794701986754967
2020-05-15,36,1,35,1,1,0,39,0,3417,71,3456,71,0,1,1,7,0,28,0,3,1,"Anderson",76978,7.79443477357167,0.00778210116731518,92.2341448205981,1.29907246226194,9.09350723583361,0.778210116731518
2020-05-16,36,0,35,0,1,0,41,2,3657,240,3698,242,0,1,-1,6,1,29,0,3,1,"Anderson",76978,7.79443477357167,0.00859291084854995,314.375535867391,0,7.79443477357167,0.859291084854995
2020-05-17,36,0,35,0,1,0,41,0,3727,70,3768,70,0,1,0,6,0,29,0,3,1,"Anderson",76978,7.79443477357167,0.00881057268722467,90.9350723583361,0,7.79443477357167,0.881057268722467
2020-05-18,37,1,36,1,1,0,42,1,3804,77,3846,78,0,1,-2,4,3,32,0,3,1,"Anderson",76978,6.49536231130972,0.00995575221238938,101.327652056432,1.29907246226194,5.19628984904778,0.995575221238938
2020-05-19,37,0,36,0,1,0,42,0,3856,52,3898,52,0,1,0,4,0,32,0,3,1,"Anderson",76978,5.19628984904778,0.00852618757612668,67.5517680376211,0,5.19628984904778,0.852618757612667
2020-05-20,37,0,36,0,1,0,43,1,3921,65,3964,66,0,1,0,4,0,32,0,3,1,"Anderson",76978,2.59814492452389,0.00708215297450425,85.7387825092884,0,5.19628984904778,0.708215297450425
2020-05-21,37,0,36,0,1,0,44,1,4001,80,4045,81,0,1,-1,3,1,33,0,3,1,"Anderson",76978,2.59814492452389,0.00757575757575758,105.224869443218,0,3.89721738678583,0.757575757575758
2020-05-22,38,1,37,1,1,0,45,1,4029,28,4074,29,0,1,-1,2,2,35,1,4,1,"Anderson",76978,2.59814492452389,0.00970873786407767,37.6731014055964,1.29907246226194,2.59814492452389,0.970873786407767
2020-05-23,38,0,37,0,1,0,46,1,4192,163,4238,164,0,1,0,2,0,35,0,4,1,"Anderson",76978,2.59814492452389,0.00925925925925926,213.047883810959,0,2.59814492452389,0.925925925925926
2020-05-24,38,0,37,0,1,0,46,0,4247,55,4293,55,0,1,0,2,0,35,0,4,1,"Anderson",76978,2.59814492452389,0.00952380952380952,71.448985424407,0,2.59814492452389,0.952380952380952
2020-05-25,38,0,37,0,1,0,47,1,4281,34,4328,35,0,1,0,2,0,35,0,4,1,"Anderson",76978,1.29907246226194,0.0103734439834025,45.4675361791681,0,2.59814492452389,1.03734439834025
2020-05-26,38,0,37,0,1,0,47,0,4412,131,4459,131,0,1,-1,1,1,36,0,4,1,"Anderson",76978,1.29907246226194,0.0089126559714795,170.178492556315,0,1.29907246226194,0.89126559714795
2020-05-27,38,0,37,0,1,0,47,0,4515,103,4562,103,0,1,0,1,0,36,0,4,1,"Anderson",76978,1.29907246226194,0.00668896321070234,133.80446361298,0,1.29907246226194,0.668896321070234
2020-05-28,38,0,37,0,1,0,47,0,4563,48,4610,48,0,1,0,1,0,36,0,4,1,"Anderson",76978,1.29907246226194,0.00530973451327434,62.3554781885734,0,1.29907246226194,0.530973451327434
2020-05-29,39,1,38,1,1,0,47,0,4613,50,4660,50,0,1,0,1,1,37,0,4,1,"Anderson",76978,1.29907246226194,0.00341296928327645,64.9536231130973,1.29907246226194,1.29907246226194,0.341296928327645
2020-05-30,39,0,38,0,1,0,48,1,4665,52,4713,53,0,1,0,1,0,37,0,4,1,"Anderson",76978,1.29907246226194,0.00421052631578947,68.8508404998831,0,1.29907246226194,0.421052631578947
2020-05-31,40,1,39,1,1,0,49,1,4731,66,4780,67,0,1,1,2,0,37,0,4,1,"Anderson",76978,2.59814492452389,0.00616016427104723,87.0378549715503,1.29907246226194,2.59814492452389,0.616016427104723
2020-06-01,40,0,39,0,1,0,49,0,4855,124,4904,124,0,1,0,2,0,37,0,4,1,"Anderson",76978,2.59814492452389,0.00347222222222222,161.084985320481,0,2.59814492452389,0.347222222222222
2020-06-02,40,0,39,0,1,0,49,0,4982,127,5031,127,0,1,0,2,0,37,0,4,1,"Anderson",76978,2.59814492452389,0.0034965034965035,164.982202707267,0,2.59814492452389,0.34965034965035
2020-06-03,41,1,40,1,1,0,50,1,5042,60,5092,61,0,1,1,3,0,37,0,4,2,"Anderson",76978,3.89721738678583,0.00566037735849057,79.2434201979787,1.29907246226194,3.89721738678583,0.566037735849057
2020-06-04,41,0,40,0,1,0,50,0,5090,48,5140,48,1,2,-2,1,1,38,0,4,2,"Anderson",76978,3.89721738678583,0.00566037735849057,62.3554781885734,0,1.29907246226194,0.566037735849057
2020-06-05,42,1,41,1,1,0,53,3,5147,57,5200,60,0,2,1,2,0,38,0,4,2,"Anderson",76978,3.89721738678583,0.0111111111111111,77.9443477357167,1.29907246226194,2.59814492452389,1.11111111111111
2020-06-06,43,1,42,1,1,0,54,1,5200,53,5254,54,0,2,1,3,0,38,0,4,2,"Anderson",76978,5.19628984904778,0.011090573012939,70.149912962145,1.29907246226194,3.89721738678583,1.1090573012939
2020-06-07,45,2,43,1,2,1,57,3,5295,95,5352,98,0,2,2,5,0,38,0,4,2,"Anderson",76978,6.49536231130972,0.013986013986014,127.309101301671,2.59814492452389,6.49536231130973,1.3986013986014
2020-06-08,46,1,44,1,2,0,57,0,5336,41,5393,41,0,2,1,6,0,38,0,4,2,"Anderson",76978,7.79443477357167,0.016359918200409,53.2619709527397,1.29907246226194,7.79443477357167,1.6359918200409
2020-06-09,47,1,45,1,2,0,60,3,5517,181,5577,184,0,2,1,7,0,38,0,4,2,"Anderson",76978,9.09350723583361,0.0201465201465201,239.029333056198,1.29907246226194,9.09350723583361,2.01465201465201
2020-06-10,52,5,50,5,2,0,63,3,5725,208,5788,211,0,2,2,9,3,41,0,4,2,"Anderson",76978,14.2897970848814,0.0186781609195402,274.10428953727,6.49536231130973,11.6916521603575,1.86781609195402
2020-06-11,55,3,53,3,2,0,66,3,5870,145,5936,148,0,2,2,11,1,42,1,5,2,"Anderson",76978,18.1870144716672,0.0201005025125628,192.262724414768,3.89721738678583,14.2897970848814,2.01005025125628
2020-06-12,57,2,55,2,2,0,70,4,5952,82,6022,86,0,2,2,13,0,42,0,5,2,"Anderson",76978,19.4860869339292,0.0206812652068127,111.720231754527,2.59814492452389,16.8879420094053,2.06812652068127
2020-06-13,58,1,55,0,3,1,70,0,5995,43,6065,43,0,2,0,13,1,43,0,5,2,"Anderson",76978,19.4860869339292,0.0197287299630086,55.8601158772636,1.29907246226194,16.8879420094053,1.97287299630086
2020-06-14,60,2,57,2,3,0,70,0,6170,175,6240,175,0,2,1,14,1,44,1,6,2,"Anderson",76978,19.4860869339292,0.0146396396396396,227.33768089584,2.59814492452389,18.1870144716672,1.46396396396396
2020-06-15,60,0,57,0,3,0,71,1,6228,58,6299,59,0,2,0,14,0,44,0,6,2,"Anderson",76978,18.1870144716672,0.0154525386313466,76.6452752734548,0,18.1870144716672,1.54525386313466
2020-06-16,64,4,61,4,3,0,75,4,6289,61,6364,65,0,2,3,17,1,45,0,6,2,"Anderson",76978,22.0842318584531,0.0190597204574333,84.4397100470264,5.19628984904778,22.0842318584531,1.90597204574333
2020-06-17,66,2,63,2,3,0,79,4,6326,37,6405,41,0,2,0,17,2,47,0,6,2,"Anderson",76978,18.1870144716672,0.0259319286871961,53.2619709527397,2.59814492452389,22.0842318584531,2.59319286871961
2020-06-18,70,4,67,4,3,0,84,5,6456,130,6540,135,0,2,2,19,2,49,0,6,2,"Anderson",76978,19.4860869339292,0.0298013245033113,175.374782405363,5.19628984904778,24.682376782977,2.98013245033113
2020-06-19,72,2,69,2,3,0,86,2,6521,65,6607,67,0,2,0,19,2,51,0,6,2,"Anderson",76978,19.4860869339292,0.0273504273504274,87.0378549715503,2.59814492452389,24.682376782977,2.73504273504274
2020-06-20,73,1,70,1,3,0,87,1,6559,38,6646,39,0,2,-1,18,2,53,0,6,2,"Anderson",76978,19.4860869339292,0.0292598967297762,50.6638260282159,1.29907246226194,23.383304320715,2.92598967297762
2020-06-21,74,1,71,1,3,0,88,1,6619,60,6707,61,0,2,-1,17,2,55,0,6,2,"Anderson",76978,18.1870144716672,0.0385438972162741,79.2434201979787,1.29907246226194,22.0842318584531,3.85438972162741
2020-06-22,76,2,73,2,3,0,90,2,6711,92,6801,94,0,2,0,17,2,57,1,7,2,"Anderson",76978,20.7851593961911,0.0378486055776892,122.112811452623,2.59814492452389,22.0842318584531,3.78486055776892
2020-06-23,76,0,73,0,3,0,90,0,6800,89,6890,89,0,2,-1,16,1,58,0,7,2,"Anderson",76978,15.5888695471433,0.0285171102661597,115.617449141313,0,20.7851593961911,2.85171102661597
2020-06-24,77,1,74,1,3,0,91,1,6831,31,6922,32,0,2,-2,14,3,61,0,7,2,"Anderson",76978,14.2897970848814,0.02321083172147,41.5703187923822,1.29907246226194,18.1870144716672,2.321083172147
2020-06-25,81,4,78,4,3,0,92,1,6944,113,7036,114,0,2,0,14,4,65,0,7,2,"Anderson",76978,14.2897970848814,0.0161290322580645,148.094260697862,5.19628984904778,18.1870144716672,1.61290322580645
2020-06-26,86,5,83,5,3,0,98,6,6972,28,7070,34,0,2,3,17,2,67,0,7,2,"Anderson",76978,18.1870144716672,0.0259179265658747,44.1684637169061,6.49536231130973,22.0842318584531,2.59179265658747
2020-06-27,87,1,83,0,4,1,98,0,6984,12,7082,12,0,2,-4,13,5,72,0,7,2,"Anderson",76978,18.1870144716672,0.0252293577981651,15.5888695471433,1.29907246226194,16.8879420094053,2.52293577981651
2020-06-28,91,4,87,4,4,0,106,8,7093,109,7199,117,0,2,3,16,1,73,0,7,2,"Anderson",76978,22.0842318584531,0.0365853658536585,151.991478084648,5.19628984904778,20.7851593961911,3.65853658536585
2020-06-29,97,6,92,5,5,1,114,8,7315,222,7429,230,0,2,3,19,3,76,1,8,2,"Anderson",76978,27.2805217075008,0.0382165605095541,298.786666320247,7.79443477357167,24.682376782977,3.82165605095541
2020-06-30,102,5,96,4,6,1,120,6,7479,164,7599,170,0,2,2,21,3,79,0,8,2,"Anderson",76978,33.7758840188106,0.0423131170662905,220.842318584531,6.49536231130973,27.2805217075008,4.23131170662905
2020-07-01,104,2,98,2,6,0,124,4,7600,121,7724,125,0,2,-2,19,4,83,0,8,2,"Anderson",76978,35.0749564810725,0.0411471321695761,162.384057782743,2.59814492452389,24.682376782977,4.11471321695761
2020-07-02,110,6,104,6,6,0,130,6,7839,239,7969,245,0,2,4,23,2,85,0,8,2,"Anderson",76978,37.6731014055964,0.0407288317256163,318.272753254177,7.79443477357167,29.8786666320247,4.07288317256163
2020-07-03,120,10,113,9,7,1,142,12,7964,125,8106,137,0,2,7,30,3,88,0,8,2,"Anderson",76978,44.1684637169061,0.0424710424710425,177.972927329886,12.9907246226195,38.9721738678584,4.24710424710425
2020-07-04,131,11,124,11,7,0,156,14,8148,184,8304,198,0,2,8,38,3,91,2,10,2,"Anderson",76978,57.1591883395256,0.0474631751227496,257.216347527865,14.2897970848814,49.3647535659539,4.74631751227496
2020-07-05,140,9,133,9,7,0,169,13,8304,156,8473,169,0,2,8,46,1,92,1,11,2,"Anderson",76978,63.6545506508353,0.0494505494505494,219.543246122269,11.6916521603575,59.7573332640495,4.94505494505495
2020-07-06,141,1,134,1,7,0,170,1,8331,27,8501,28,0,2,-4,42,5,97,0,11,2,"Anderson",76978,57.1591883395256,0.0522388059701493,36.3740289433345,1.29907246226194,54.5610434150017,5.22388059701492
2020-07-07,157,16,150,16,7,0,190,20,8564,233,8754,253,0,2,12,54,4,101,0,11,2,"Anderson",76978,71.448985424407,0.0606060606060606,328.665332952272,20.7851593961911,70.149912962145,6.06060606060606
2020-07-08,173,16,165,15,8,1,206,16,8704,140,8910,156,0,2,10,64,6,107,0,11,2,"Anderson",76978,89.6359998960742,0.0691399662731872,202.655304112863,20.7851593961911,83.1406375847645,6.91399662731872
2020-07-09,187,14,179,14,8,0,220,14,8972,268,9192,282,0,2,11,75,3,110,0,11,2,"Anderson",76978,100.02857959417,0.0735895339329518,366.338434357868,18.1870144716672,97.4304346696459,7.35895339329518
2020-07-10,193,6,185,6,8,0,227,7,9002,30,9229,37,0,2,1,76,5,115,1,12,2,"Anderson",76978,94.832289745122,0.0756901157613535,48.065681103692,7.79443477357167,98.7295071319078,7.56901157613535
2020-07-11,201,8,193,8,8,0,235,8,9171,169,9406,177,0,2,1,77,7,122,1,13,2,"Anderson",76978,90.9350723583361,0.0716878402903811,229.935825820364,10.3925796980956,100.02857959417,7.16878402903811
2020-07-12,212,11,204,11,8,0,248,13,9354,183,9602,196,0,2,6,83,5,127,0,13,2,"Anderson",76978,93.53321728286,0.0699734278122232,254.618202603341,14.2897970848814,107.823014367741,6.99734278122232
2020-07-13,218,6,209,5,9,1,255,7,9393,39,9648,46,0,2,-6,77,12,139,2,15,2,"Anderson",76978,100.02857959417,0.0741063644289451,59.7573332640495,7.79443477357167,100.02857959417,7.41063644289451
2020-07-14,229,11,219,10,10,1,266,11,9533,140,9799,151,0,2,0,77,11,150,0,15,2,"Anderson",76978,93.53321728286,0.0727272727272727,196.159941801554,14.2897970848814,100.02857959417,7.27272727272727
2020-07-15,245,16,234,15,11,1,285,19,9635,102,9920,121,0,2,0,77,16,166,0,15,2,"Anderson",76978,93.53321728286,0.0782178217821782,157.187767933695,20.7851593961911,100.02857959417,7.82178217821782
2020-07-16,263,18,252,18,11,0,308,23,9924,289,10232,312,0,2,4,81,14,180,1,16,2,"Anderson",76978,98.7295071319078,0.0846153846153846,405.310608225727,23.383304320715,105.224869443218,8.46153846153846
2020-07-17,270,7,259,7,11,0,317,9,9995,71,10312,80,0,2,-8,73,15,195,1,17,3,"Anderson",76978,100.02857959417,0.0831024930747922,103.925796980956,9.09350723583361,94.832289745122,8.31024930747922
2020-07-18,277,7,266,7,11,0,328,11,10209,214,10537,225,0,2,-4,69,11,206,0,17,3,"Anderson",76978,98.7295071319078,0.0822281167108753,292.291304008938,9.09350723583361,89.6359998960742,8.22281167108753
2020-07-19,285,8,274,8,11,0,337,9,10290,81,10627,90,0,2,-5,64,13,219,2,19,3,"Anderson",76978,94.832289745122,0.0868292682926829,116.916521603575,10.3925796980956,83.1406375847645,8.68292682926829
2020-07-20,313,28,302,28,11,0,367,30,10459,169,10826,199,1,3,9,73,18,237,0,19,3,"Anderson",76978,123.411883914885,0.0950764006791171,258.515419990127,36.3740289433345,94.832289745122,9.50764006791171
2020-07-21,336,23,324,22,12,1,391,24,10751,292,11142,316,0,3,12,85,11,248,1,20,3,"Anderson",76978,139.000753462028,0.0930752047654505,410.506898074775,29.8786666320247,110.421159292265,9.30752047654505
2020-07-22,365,29,353,29,12,0,424,33,10886,135,11310,168,0,3,13,98,16,264,0,20,3,"Anderson",76978,155.888695471433,0.1,218.244173660007,37.6731014055964,127.309101301671,10
2020-07-23,388,23,376,23,12,0,455,31,11313,427,11768,458,0,3,9,107,14,278,2,22,3,"Anderson",76978,162.384057782743,0.095703125,594.975187715971,29.8786666320247,139.000753462028,9.5703125
2020-07-24,394,6,382,6,12,0,463,8,11425,112,11888,120,0,3,-16,91,22,300,0,22,4,"Anderson",76978,161.084985320481,0.0926395939086294,155.888695471433,7.79443477357167,118.215594065837,9.26395939086294
2020-07-25,426,32,413,31,13,1,499,36,11682,257,12181,293,1,4,26,117,5,305,1,23,4,"Anderson",76978,193.56179687703,0.104014598540146,380.62823144275,41.5703187923822,151.991478084648,10.4014598540146
2020-07-26,465,39,451,38,14,1,541,42,12085,403,12626,445,0,4,31,148,8,313,2,25,4,"Anderson",76978,233.83304320715,0.102051025512756,578.087245706565,50.6638260282159,192.262724414768,10.2051025512756
2020-07-27,483,18,468,17,15,1,562,21,12265,180,12827,201,0,4,-19,129,37,350,1,26,4,"Anderson",76978,220.842318584531,0.0974512743628186,261.113564914651,23.383304320715,167.580347631791,9.74512743628186
2020-07-28,523,40,508,40,15,0,608,46,12645,380,13253,426,0,4,24,153,16,366,1,27,5,"Anderson",76978,242.926550442984,0.10279488394126,553.404868923589,51.9628984904778,198.758086726078,10.279488394126
2020-07-29,527,4,512,4,15,0,612,4,12681,36,13293,40,1,5,-15,138,18,384,0,27,5,"Anderson",76978,210.449738886435,0.0948058497226425,51.9628984904778,5.19628984904778,179.271999792148,9.48058497226425
2020-07-30,564,37,549,37,15,0,665,53,13166,485,13831,538,0,5,20,158,17,401,0,27,5,"Anderson",76978,228.636753358102,0.101793504604944,698.900984696926,48.065681103692,205.253449037387,10.1793504604944
2020-07-31,576,12,561,12,15,0,679,14,13348,182,14027,196,0,5,-8,150,20,421,0,27,5,"Anderson",76978,236.431188131674,0.100981767180926,254.618202603341,15.5888695471433,194.860869339292,10.0981767180926
2020-08-01,599,23,584,23,15,0,704,25,13757,409,14461,434,0,5,17,167,6,427,1,28,5,"Anderson",76978,224.739535971316,0.0899122807017544,563.797448621684,29.8786666320247,216.945101197745,8.99122807017544
2020-08-02,606,7,591,7,15,0,711,7,13885,128,14596,135,0,5,2,169,5,432,1,29,6,"Anderson",76978,183.169217178934,0.0862944162436548,175.374782405363,9.09350723583361,219.543246122269,8.62944162436548
2020-08-03,631,25,615,24,16,1,742,31,14112,227,14854,258,0,5,14,183,11,443,0,29,6,"Anderson",76978,192.262724414768,0.0888011840157869,335.160695263582,32.4768115565486,237.730260593936,8.88011840157869
2020-08-04,638,7,622,7,16,0,750,8,14355,243,15105,251,2,7,-19,164,24,467,0,29,6,"Anderson",76978,149.393333160124,0.0766738660907127,326.067188027748,9.09350723583361,213.047883810959,7.66738660907127
2020-08-05,653,15,637,15,16,0,769,19,14564,209,15333,228,-1,6,-1,163,17,484,0,29,6,"Anderson",76978,163.683130245005,0.0769607843137255,296.188521395723,19.4860869339292,211.748811348697,7.69607843137255
2020-08-06,675,22,659,22,16,0,799,30,14885,321,15684,351,0,6,3,166,19,503,1,30,6,"Anderson",76978,144.197043311076,0.0723151645979493,455.974434253943,28.5795941697628,215.646028735483,7.23151645979493
2020-08-07,679,4,663,4,16,0,803,4,14966,81,15769,85,0,6,-21,145,25,528,0,30,6,"Anderson",76978,133.80446361298,0.0711825487944891,110.421159292265,5.19628984904778,188.365507027982,7.11825487944891
2020-08-08,690,11,674,11,16,0,819,16,15286,320,16105,336,0,6,1,146,10,538,0,30,6,"Anderson",76978,118.215594065837,0.0699513381995134,436.488347320014,14.2897970848814,189.664579490244,6.99513381995134
2020-08-09,697,7,681,7,16,0,828,9,15423,137,16251,146,0,6,-9,137,16,554,0,30,6,"Anderson",76978,118.215594065837,0.0706948640483384,189.664579490244,9.09350723583361,177.972927329886,7.06948640483384
2020-08-10,702,5,686,5,16,0,834,6,15562,139,16396,145,0,6,-11,126,16,570,0,30,6,"Anderson",76978,92.2341448205981,0.059662775616083,188.365507027982,6.49536231130973,163.683130245005,5.9662775616083
2020-08-11,723,21,707,21,16,0,856,22,15765,203,16621,225,0,6,9,135,12,582,1,31,6,"Anderson",76978,110.421159292265,0.0699208443271768,292.291304008938,27.2805217075008,175.374782405363,6.99208443271768
2020-08-12,731,8,715,8,16,0,864,8,16005,240,16869,248,0,6,-8,127,16,598,0,31,6,"Anderson",76978,101.327652056432,0.0618489583333333,322.169970640962,10.3925796980956,164.982202707267,6.18489583333333
2020-08-13,749,18,733,18,16,0,888,24,16233,228,17121,252,1,7,3,130,14,612,2,33,6,"Anderson",76978,96.1313622073839,0.0619345859429367,327.36626049001,23.383304320715,168.879420094053,6.19345859429367
2020-08-14,766,17,749,16,17,1,910,22,16562,329,17472,351,0,7,-9,121,26,638,0,33,6,"Anderson",76978,113.019304216789,0.0628302994715208,455.974434253943,22.0842318584531,157.187767933695,6.28302994715208
2020-08-15,776,10,759,10,17,0,922,12,16785,223,17707,235,-1,6,5,126,6,644,0,33,6,"Anderson",76978,111.720231754527,0.0642946317103621,305.282028631557,12.9907246226195,163.683130245005,6.4294631710362
2020-08-16,788,12,771,12,17,0,936,14,16927,142,17863,156,0,6,7,133,5,649,0,33,7,"Anderson",76978,118.215594065837,0.0669975186104218,202.655304112863,15.5888695471433,172.776637480839,6.69975186104218
2020-08-17,792,4,775,4,17,0,939,3,16970,43,17909,46,0,6,-13,120,17,666,0,33,7,"Anderson",76978,116.916521603575,0.069398545935228,59.7573332640495,5.19628984904778,155.888695471433,6.9398545935228
2020-08-18,806,14,789,14,17,0,956,17,17134,164,18090,181,0,6,5,125,9,675,0,33,7,"Anderson",76978,107.823014367741,0.068073519400953,235.132115669412,18.1870144716672,162.384057782743,6.8073519400953
2020-08-19,820,14,803,14,17,0,970,14,17308,174,18278,188,0,6,0,125,14,689,0,33,7,"Anderson",76978,115.617449141313,0.0752306600425834,244.225622905246,18.1870144716672,162.384057782743,7.52306600425834
2020-08-20,835,15,818,15,17,0,986,16,17750,442,18736,458,0,6,5,130,10,699,0,33,8,"Anderson",76978,111.720231754527,0.0606811145510836,594.975187715971,19.4860869339292,168.879420094053,6.06811145510836
2020-08-21,838,3,821,3,17,0,989,3,17786,36,18775,39,1,7,-7,123,9,708,0,33,8,"Anderson",76978,93.53321728286,0.0606293169608596,50.6638260282159,3.89721738678583,159.785912858219,6.06293169608596
2020-08-22,856,18,839,18,17,0,1008,19,18330,544,19338,563,1,8,10,133,7,715,1,34,8,"Anderson",76978,103.925796980956,0.052728387492336,731.377796253475,23.383304320715,172.776637480839,5.2728387492336
2020-08-23,857,1,840,1,17,0,1009,1,18414,84,19423,85,0,8,-5,128,6,721,0,34,8,"Anderson",76978,89.6359998960742,0.0467948717948718,110.421159292265,1.29907246226194,166.281275169529,4.67948717948718
2020-08-24,858,1,840,0,18,1,1009,0,18453,39,19462,39,0,8,-19,109,20,741,0,34,8,"Anderson",76978,85.7387825092884,0.0450740502253702,50.6638260282159,1.29907246226194,141.598898386552,4.50740502253703
2020-08-25,866,8,848,8,18,0,1017,8,18605,152,19622,160,0,8,-2,107,10,751,1,35,8,"Anderson",76978,77.9443477357167,0.0398172323759791,207.851593961911,10.3925796980956,139.000753462028,3.98172323759791
2020-08-26,872,6,854,6,18,0,1023,6,18785,180,19808,186,0,8,-14,93,20,771,0,35,8,"Anderson",76978,67.5517680376211,0.034640522875817,241.627477980722,7.79443477357167,120.813738990361,3.4640522875817
2020-08-27,875,3,857,3,18,0,1026,3,19196,411,20222,414,0,8,-16,77,19,790,0,35,8,"Anderson",76978,51.9628984904778,0.0269179004037685,537.815999376445,3.89721738678583,100.02857959417,2.69179004037685
2020-08-28,875,0,857,0,18,0,1026,0,19234,38,20260,38,0,8,-20,57,20,810,0,35,8,"Anderson",76978,48.065681103692,0.0249158249158249,49.3647535659539,0,74.0471303489309,2.49158249158249
2020-08-29,884,9,865,8,19,1,1034,8,19496,262,20530,270,0,8,3,60,6,816,0,35,8,"Anderson",76978,36.3740289433345,0.0218120805369128,350.749564810725,11.6916521603575,77.9443477357167,2.18120805369128
2020-08-30,900,16,881,16,19,0,1050,16,19579,83,20629,99,0,8,8,68,8,824,0,35,8,"Anderson",76978,55.8601158772636,0.0339966832504146,128.608173763933,20.7851593961911,88.3369274338123,3.39966832504146
2020-08-31,902,2,883,2,19,0,1052,2,19637,58,20689,60,0,8,-15,53,17,841,0,35,8,"Anderson",76978,57.1591883395256,0.0350448247758761,77.9443477357167,2.59814492452389,68.8508404998831,3.50448247758761
2020-09-01,909,7,889,6,20,1,1058,6,19748,111,20806,117,0,8,0,53,7,848,0,35,8,"Anderson",76978,55.8601158772636,0.0346283783783784,151.991478084648,9.09350723583361,68.8508404998831,3.46283783783784
2020-09-02,917,8,895,6,22,2,1068,10,20064,316,21132,326,0,8,5,58,3,851,0,35,8,"Anderson",76978,58.4582608017875,0.033987915407855,423.497622697394,10.3925796980956,75.3462028111928,3.3987915407855
2020-09-03,933,16,909,14,24,2,1084,16,20388,324,21472,340,0,8,10,68,6,857,0,35,9,"Anderson",76978,75.3462028111928,0.0464,441.684637169061,20.7851593961911,88.3369274338123,4.64
2020-09-04,942,9,917,8,25,1,1094,10,20577,189,21671,199,0,8,6,74,3,860,0,35,9,"Anderson",76978,87.0378549715503,0.0481927710843374,258.515419990127,11.6916521603575,96.1313622073839,4.81927710843374
2020-09-05,961,19,936,19,25,0,1115,21,20846,269,21961,290,0,8,16,90,3,863,1,36,10,"Anderson",76978,100.02857959417,0.0566037735849057,376.731014055964,24.682376782977,116.916521603575,5.66037735849057
2020-09-06,963,2,938,2,25,0,1117,2,20902,56,22019,58,0,8,-1,89,3,866,0,36,10,"Anderson",76978,81.8415651225025,0.0482014388489209,75.3462028111928,2.59814492452389,115.617449141313,4.82014388489209
2020-09-07,966,3,941,3,25,0,1122,5,20990,88,22112,93,0,8,-8,81,11,877,0,36,10,"Anderson",76978,83.1406375847645,0.0491918482080112,120.813738990361,3.89721738678583,105.224869443218,4.91918482080112
2020-09-08,975,9,944,3,31,6,1126,4,21165,175,22291,179,1,9,4,85,4,881,0,36,10,"Anderson",76978,85.7387825092884,0.0457912457912458,232.533970744888,11.6916521603575,110.421159292265,4.57912457912458
2020-09-09,984,9,953,9,31,0,1135,9,21406,241,22541,250,0,9,-3,82,12,893,1,37,11,"Anderson",76978,87.0378549715503,0.0475514549325763,324.768115565486,11.6916521603575,106.523941905479,4.75514549325763
2020-09-10,1013,29,981,28,32,1,1165,30,21775,369,22940,399,1,10,25,107,3,896,0,37,11,"Anderson",76978,103.925796980956,0.0551771117166213,518.329912442516,37.6731014055964,139.000753462028,5.51771117166213
2020-09-11,1014,1,982,1,32,0,1167,2,21908,133,23075,135,0,10,-13,94,14,910,0,37,11,"Anderson",76978,93.53321728286,0.051994301994302,175.374782405363,1.29907246226194,122.112811452623,5.1994301994302
2020-09-12,1017,3,985,3,32,0,1172,5,22050,142,23222,147,0,10,-5,89,8,918,0,37,11,"Anderson",76978,72.7480578866689,0.0452022204599524,190.963651952506,3.89721738678583,115.617449141313,4.52022204599524
2020-09-13,1038,21,1005,20,33,1,1193,21,22294,244,23487,265,0,10,16,105,5,923,1,38,11,"Anderson",76978,97.4304346696459,0.0517711171662125,344.254202499415,27.2805217075008,136.402608537504,5.17711171662125
2020-09-14,1044,6,1010,5,34,1,1199,6,22400,106,23599,112,0,10,-7,98,13,936,1,39,11,"Anderson",76978,101.327652056432,0.0517821116341627,145.496115773338,7.79443477357167,127.309101301671,5.17821116341627
2020-09-15,1060,16,1026,16,34,0,1216,17,22640,240,23856,257,1,11,5,103,10,946,1,40,12,"Anderson",76978,110.421159292265,0.0575079872204473,333.86162280132,20.7851593961911,133.80446361298,5.75079872204473
2020-09-16,1068,8,1034,8,34,0,1228,12,22776,136,24004,148,0,11,-5,98,13,959,0,40,12,"Anderson",76978,109.122086830003,0.063568010936432,192.262724414768,10.3925796980956,127.309101301671,6.3568010936432
2020-09-17,1090,22,1054,20,36,2,1248,20,23197,421,24445,441,0,11,15,113,7,966,1,41,12,"Anderson",76978,100.02857959417,0.0551495016611296,572.890955857518,28.5795941697628,146.7951882356,5.51495016611296
2020-09-18,1109,19,1073,19,36,0,1266,18,23421,224,24687,242,0,11,6,119,13,979,0,41,12,"Anderson",76978,123.411883914885,0.0614143920595533,314.375535867391,24.682376782977,154.589623009171,6.14143920595533
2020-09-19,1124,15,1088,15,36,0,1287,21,23703,282,24990,303,0,11,9,128,6,985,1,42,12,"Anderson",76978,139.000753462028,0.0650452488687783,393.618956065369,19.4860869339292,166.281275169529,6.50452488687783
2020-09-20,1131,7,1095,7,36,0,1297,10,23855,152,25152,162,0,11,0,128,7,992,0,42,13,"Anderson",76978,120.813738990361,0.0624624624624625,210.449738886435,9.09350723583361,166.281275169529,6.24624624624625
2020-09-21,1133,2,1097,2,36,0,1299,2,23888,33,25187,35,0,11,-6,122,8,1000,0,42,13,"Anderson",76978,115.617449141313,0.0629722921914358,45.4675361791681,2.59814492452389,158.486840395957,6.29722921914358
2020-09-22,1147,14,1111,14,36,0,1316,17,24136,248,25452,265,0,11,0,122,14,1014,1,43,13,"Anderson",76978,113.019304216789,0.06265664160401,344.254202499415,18.1870144716672,158.486840395957,6.265664160401
2020-09-23,1147,0,1111,0,36,0,1316,0,24177,41,25493,41,0,11,-12,110,12,1026,0,43,13,"Anderson",76978,102.626724518694,0.0591000671591672,53.2619709527397,0,142.897970848814,5.91000671591672
2020-09-24,1160,13,1124,13,36,0,1331,15,24501,324,25832,339,1,12,0,110,12,1038,0,43,13,"Anderson",76978,90.9350723583361,0.0598413842826244,440.385564706799,16.8879420094053,142.897970848814,5.98413842826244
2020-09-25,1174,14,1137,13,37,1,1344,13,24737,236,26081,249,1,13,-2,108,15,1053,0,43,13,"Anderson",76978,84.4397100470264,0.0559540889526542,323.469043103224,18.1870144716672,140.29982592429,5.59540889526542
2020-09-26,1188,14,1151,14,37,0,1361,17,25037,300,26398,317,0,13,8,116,6,1059,0,43,13,"Anderson",76978,83.1406375847645,0.0525568181818182,411.805970537037,18.1870144716672,150.692405622386,5.25568181818182
2020-09-27,1207,19,1168,17,39,2,1377,16,25244,207,26621,223,0,13,12,128,7,1066,0,43,13,"Anderson",76978,98.7295071319078,0.0544588155207624,289.693159084414,24.682376782977,166.281275169529,5.44588155207624
2020-09-28,1210,3,1170,2,40,1,1379,2,25281,37,26660,39,0,13,-9,119,12,1078,0,43,13,"Anderson",76978,100.02857959417,0.0543109300746775,50.6638260282159,3.89721738678583,154.589623009171,5.43109300746775
2020-09-29,1221,11,1180,10,41,1,1389,10,25575,294,26964,304,0,13,-7,112,18,1096,0,43,13,"Anderson",76978,96.1313622073839,0.0482804232804233,394.918028527631,14.2897970848814,145.496115773338,4.82804232804233
2020-09-30,1233,12,1190,10,43,2,1399,10,25641,66,27040,76,0,13,3,115,9,1105,0,43,13,"Anderson",76978,111.720231754527,0.0536522301228184,98.7295071319078,15.5888695471433,149.393333160124,5.36522301228184
2020-10-01,1249,16,1204,14,45,2,1414,15,25921,280,27335,295,0,13,4,119,12,1117,0,43,13,"Anderson",76978,115.617449141313,0.0552228875582169,383.226376367274,20.7851593961911,154.589623009171,5.52228875582169
2020-10-02,1256,7,1210,6,46,1,1421,7,26003,82,27424,89,0,13,1,120,6,1123,0,43,13,"Anderson",76978,106.523941905479,0.0573343261355175,115.617449141313,9.09350723583361,155.888695471433,5.73343261355175
2020-10-03,1272,16,1226,16,46,0,1445,24,26267,264,27712,288,0,13,3,123,13,1136,0,43,13,"Anderson",76978,109.122086830003,0.0639269406392694,374.13286913144,20.7851593961911,159.785912858219,6.39269406392694
2020-10-04,1288,16,1240,14,48,2,1461,16,26604,337,28065,353,0,13,8,131,8,1144,0,43,13,"Anderson",76978,105.224869443218,0.0581717451523546,458.572579178467,20.7851593961911,170.178492556315,5.81717451523546
2020-10-05,1314,26,1265,25,49,1,1488,27,26815,211,28303,238,0,13,11,142,15,1159,1,44,13,"Anderson",76978,135.103536075242,0.0663420572124163,309.179246018343,33.7758840188106,184.468289641196,6.63420572124163
2020-10-06,1342,28,1292,27,50,1,1520,32,27152,337,28672,369,0,13,15,157,13,1172,1,45,13,"Anderson",76978,157.187767933695,0.0766978922716628,479.357738574658,36.3740289433345,203.954376575125,7.66978922716628
2020-10-07,1348,6,1298,6,50,0,1528,8,27387,235,28915,243,0,13,-3,154,9,1181,0,45,13,"Anderson",76978,149.393333160124,0.0688,315.674608329653,7.79443477357167,200.05715918834,6.88
2020-10-08,1358,10,1306,8,52,2,1537,9,27626,239,29163,248,0,13,-3,151,13,1194,1,46,13,"Anderson",76978,141.598898386552,0.0672866520787746,322.169970640962,12.9907246226195,196.159941801554,6.72866520787746
2020-10-09,1373,15,1319,13,54,2,1553,16,27799,173,29352,189,0,13,-2,149,17,1211,0,46,13,"Anderson",76978,151.991478084648,0.0684647302904564,245.524695367508,19.4860869339292,193.56179687703,6.84647302904564
2020-10-10,1389,16,1335,16,54,0,1573,20,28011,212,29584,232,0,13,3,152,13,1224,1,47,14,"Anderson",76978,151.991478084648,0.0683760683760684,301.384811244771,20.7851593961911,197.459014263816,6.83760683760684
2020-10-11,1417,28,1363,28,54,0,1604,31,28300,289,29904,320,0,13,18,170,10,1234,0,47,14,"Anderson",76978,167.580347631791,0.0777596519847743,415.703187923822,36.3740289433345,220.842318584531,7.77596519847743
2020-10-12,1433,16,1378,15,55,1,1620,16,28379,79,29999,95,0,13,-11,159,27,1261,0,47,14,"Anderson",76978,154.589623009171,0.0778301886792453,123.411883914885,20.7851593961911,206.552521499649,7.78301886792453
2020-10-13,1453,20,1396,18,57,2,1638,18,28500,121,30138,139,0,13,7,166,13,1274,0,47,14,"Anderson",76978,144.197043311076,0.0804911323328786,180.57107225441,25.9814492452389,215.646028735483,8.04911323328786
2020-10-14,1475,22,1418,22,57,0,1662,24,28800,300,30462,324,0,13,12,178,10,1284,0,47,14,"Anderson",76978,164.982202707267,0.0866192630898513,420.89947777287,28.5795941697628,231.234898282626,8.66192630898513
2020-10-15,1497,22,1434,16,63,6,1676,14,28951,151,30627,165,0,13,2,180,20,1304,1,48,14,"Anderson",76978,180.57107225441,0.0949453551912568,214.346956273221,28.5795941697628,233.83304320715,9.49453551912568
2020-10-16,1504,7,1437,3,67,4,1680,4,29050,99,30730,103,0,13,-11,169,18,1322,0,48,15,"Anderson",76978,170.178492556315,0.0921625544267054,133.80446361298,9.09350723583361,219.543246122269,9.21625544267054
2020-10-17,1532,28,1464,27,68,1,1710,30,29298,248,31008,278,0,13,14,183,14,1336,2,50,15,"Anderson",76978,185.767362103458,0.0962078651685393,361.142144508821,36.3740289433345,237.730260593936,9.62078651685393
2020-10-18,1552,20,1484,20,68,0,1733,23,29537,239,31270,262,0,13,5,188,15,1351,0,50,15,"Anderson",76978,175.374782405363,0.0944363103953148,340.35698511263,25.9814492452389,244.225622905246,9.44363103953148
2020-10-19,1556,4,1488,4,68,0,1738,5,29614,77,31352,82,0,13,-16,172,20,1371,1,51,15,"Anderson",76978,159.785912858219,0.0872135994087214,106.523941905479,5.19628984904778,223.440463509055,8.72135994087214
2020-10-20,1583,27,1515,27,68,0,1773,35,29813,199,31586,234,0,13,6,178,21,1392,0,51,15,"Anderson",76978,168.879420094053,0.093232044198895,303.982956169295,35.0749564810725,231.234898282626,9.3232044198895
2020-10-21,1600,17,1532,17,68,0,1792,19,30029,216,31821,235,0,13,8,186,9,1401,1,52,15,"Anderson",76978,162.384057782743,0.0956585724797645,305.282028631557,22.0842318584531,241.627477980722,9.56585724797645
2020-10-22,1621,21,1553,21,68,0,1817,25,30361,332,32178,357,1,14,-4,182,24,1425,0,52,15,"Anderson",76978,161.084985320481,0.0909090909090909,463.768869027514,27.2805217075008,236.431188131674,9.09090909090909
2020-10-23,1636,15,1567,14,69,1,1833,16,30636,275,32469,291,0,14,-7,175,22,1447,0,52,15,"Anderson",76978,171.477565018577,0.0879815986198965,378.030086518226,19.4860869339292,227.33768089584,8.79815986198965
2020-10-24,1667,31,1597,30,70,1,1866,33,31012,376,32878,409,0,14,19,194,12,1459,2,54,17,"Anderson",76978,175.374782405363,0.0834224598930481,531.320637065136,40.2712463301203,252.020057678817,8.34224598930481
2020-10-25,1684,17,1613,16,71,1,1885,19,31208,196,33093,215,0,14,0,194,17,1476,4,58,17,"Anderson",76978,171.477565018577,0.0833790455293472,279.300579386318,22.0842318584531,252.020057678817,8.33790455293472
2020-10-26,1700,16,1628,15,72,1,1903,18,31342,134,33245,152,-1,13,-11,183,28,1504,1,59,17,"Anderson",76978,187.06643456572,0.0871632329635499,197.459014263816,20.7851593961911,237.730260593936,8.71632329635499
2020-10-27,1729,29,1652,24,77,5,1927,24,31497,155,33424,179,1,14,10,193,18,1522,2,61,17,"Anderson",76978,189.664579490244,0.0837867247007617,232.533970744888,37.6731014055964,250.720985216555,8.37867247007617
2020-10-28,1785,56,1706,54,79,2,1986,59,31931,434,33917,493,0,14,33,226,23,1545,0,61,17,"Anderson",76978,240.32840551846,0.0925572519083969,640.442723895139,72.7480578866689,293.5903764712,9.25572519083969
2020-10-29,1814,29,1727,21,87,8,2005,19,32137,206,34142,225,0,14,6,232,23,1568,2,63,17,"Anderson",76978,250.720985216555,0.0957230142566191,292.291304008938,37.6731014055964,301.384811244771,9.57230142566191
2020-10-30,1851,37,1761,34,90,3,2043,38,32288,151,34331,189,2,16,20,252,15,1583,1,64,17,"Anderson",76978,279.300579386318,0.112781954887218,245.524695367508,48.065681103692,327.36626049001,11.2781954887218
2020-10-31,1851,0,1761,0,90,0,2043,0,32289,1,34332,1,0,16,-10,242,10,1593,0,64,19,"Anderson",76978,239.029333056198,0.121733149931224,1.29907246226194,0,314.375535867391,12.1733149931224
2020-11-01,1856,5,1766,5,90,0,2051,8,32533,244,34584,252,0,16,-10,232,15,1608,0,64,19,"Anderson",76978,223.440463509055,0.111334674714956,327.36626049001,6.49536231130973,301.384811244771,11.1334674714956
2020-11-02,1889,33,1797,31,92,2,2086,35,32800,267,34886,302,0,16,8,240,25,1633,0,64,20,"Anderson",76978,245.524695367508,0.111517367458867,392.319883603107,42.8693912546442,311.777390942867,11.1517367458867
2020-11-03,1915,26,1822,25,93,1,2111,25,32980,180,35091,205,0,16,6,246,20,1653,0,64,21,"Anderson",76978,241.627477980722,0.110377924415117,266.309854763699,33.7758840188106,319.571825716438,11.0377924415117
2020-11-04,1933,18,1837,15,96,3,2129,18,33059,79,35188,97,2,18,1,247,15,1668,1,65,21,"Anderson",76978,192.262724414768,0.112509834775767,126.010028839409,23.383304320715,320.8708981787,11.2509834775767
2020-11-05,1957,24,1855,18,102,6,2149,20,33158,99,35307,119,0,18,1,248,23,1691,0,65,22,"Anderson",76978,185.767362103458,0.123605150214592,154.589623009171,31.1777390942867,322.169970640962,12.3605150214592
2020-11-06,2006,49,1901,46,105,3,2198,49,33525,367,35723,416,0,18,24,272,25,1716,2,67,23,"Anderson",76978,201.356231650601,0.111350574712644,540.414144300969,63.6545506508353,353.347709735249,11.1350574712644
2020-11-07,2086,80,1978,77,108,3,2275,77,33972,447,36247,524,0,18,50,322,30,1746,0,67,23,"Anderson",76978,305.282028631557,0.121148825065274,680.713970225259,103.925796980956,418.301332848346,12.1148825065274
2020-11-08,2140,54,2029,51,111,3,2337,62,34582,610,36919,672,0,18,39,361,15,1761,1,68,23,"Anderson",76978,368.936579282392,0.122483940042827,872.976694640027,70.149912962145,468.965158876562,12.2483940042827
2020-11-09,2148,8,2036,7,112,1,2346,9,34656,74,37002,83,0,18,-46,315,54,1815,0,68,23,"Anderson",76978,336.459767725844,0.122873345935728,107.823014367741,10.3925796980956,409.207825612513,12.2873345935728
2020-11-10,2167,19,2054,18,113,1,2368,22,34827,171,37195,193,0,18,-16,299,35,1850,1,69,23,"Anderson",76978,327.36626049001,0.122148288973384,250.720985216555,24.682376782977,388.422666216322,12.2148288973384
2020-11-11,2206,39,2090,36,116,3,2410,42,35100,273,37510,315,1,19,13,312,25,1875,1,70,23,"Anderson",76978,354.646782197511,0.121016365202412,409.207825612513,50.6638260282159,405.310608225727,12.1016365202412
2020-11-12,2213,7,2096,6,117,1,2418,8,35298,198,37716,206,0,19,-13,299,20,1895,0,70,24,"Anderson",76978,332.562550339058,0.111664591116646,267.608927225961,9.09350723583361,388.422666216322,11.1664591116646
2020-11-13,2269,56,2149,53,120,3,2477,59,35560,262,38037,321,2,21,31,330,23,1918,2,72,24,"Anderson",76978,341.656057574892,0.12057044079516,417.002260386084,72.7480578866689,428.693912546442,12.057044079516
2020-11-14,2310,41,2189,40,121,1,2522,45,35956,396,38478,441,1,22,20,350,20,1938,1,73,25,"Anderson",76978,290.992231546676,0.110712684894666,572.890955857518,53.2619709527397,454.675361791681,11.0712684894666
2020-11-15,2408,98,2287,98,121,0,2630,108,36538,582,39168,690,1,23,79,429,18,1956,1,74,25,"Anderson",76978,348.151419886201,0.130280124499778,896.359998960742,127.309101301671,557.302086310374,13.0280124499778
2020-11-16,2457,49,2316,29,141,20,2659,29,36815,277,39474,306,0,23,-6,423,55,2011,1,75,25,"Anderson",76978,401.413390838941,0.126618122977346,397.516173452155,63.6545506508353,549.507651536803,12.6618122977346
2020-11-17,2473,16,2331,15,142,1,2675,16,37021,206,39696,222,2,25,-37,386,51,2062,1,76,26,"Anderson",76978,397.516173452155,0.122750899640144,288.394086622152,20.7851593961911,501.441970433111,12.2750899640144
2020-11-18,2503,30,2357,26,146,4,2701,26,37315,294,40016,320,0,25,-5,381,35,2097,0,76,27,"Anderson",76978,385.824521291798,0.116121308858739,415.703187923822,38.9721738678584,494.946608121801,11.6121308858739
2020-11-19,2561,58,2411,54,150,4,2763,62,37731,416,40494,478,0,25,19,400,39,2136,1,77,27,"Anderson",76978,452.077216867157,0.124190064794816,620.95663696121,75.3462028111928,519.628984904778,12.4190064794816
2020-11-20,2591,30,2438,27,153,3,2794,31,37845,114,40639,145,0,25,-10,390,40,2176,0,77,28,"Anderson",76978,418.301332848346,0.121829362029208,188.365507027982,38.9721738678584,506.638260282159,12.1829362029208
2020-11-21,2648,57,2487,49,161,8,2842,48,38189,344,41031,392,0,25,33,423,24,2200,1,78,28,"Anderson",76978,439.086492244537,0.125342734038386,509.236405206682,74.0471303489309,549.507651536803,12.5342734038386
2020-11-22,2704,56,2536,49,168,7,2899,57,38672,483,41571,540,0,25,42,465,14,2214,1,79,31,"Anderson",76978,384.525448829536,0.111943404078236,701.49912962145,72.7480578866689,604.068694951804,11.1943404078236
2020-11-23,2711,7,2542,6,169,1,2905,6,38694,22,41599,28,0,25,-64,401,71,2285,0,79,32,"Anderson",76978,329.964405414534,0.115764705882353,36.3740289433345,9.09350723583361,520.92805736704,11.5764705882353
2020-11-24,2724,13,2554,12,170,1,2917,12,38851,157,41768,169,2,27,-35,366,46,2331,0,79,32,"Anderson",76978,326.067188027748,0.116795366795367,219.543246122269,16.8879420094053,475.460521187872,11.6795366795367
2020-11-25,2752,28,2575,21,177,7,2938,21,38888,37,41826,58,1,28,-11,355,38,2369,0,79,32,"Anderson",76978,323.469043103224,0.130939226519337,75.3462028111928,36.3740289433345,461.170724102991,13.0939226519337
2020-11-26,2797,45,2617,42,180,3,2983,45,39238,350,42221,395,0,28,-30,325,75,2444,1,80,33,"Anderson",76978,306.581101093819,0.127388535031847,513.133622593468,58.4582608017875,422.198550235132,12.7388535031847
2020-11-27,2896,99,2707,90,189,9,3078,95,39664,426,42742,521,0,28,56,381,43,2487,3,83,35,"Anderson",76978,396.217100989893,0.135045173561579,676.816752838473,128.608173763933,494.946608121801,13.5045173561579
2020-11-28,2927,31,2732,25,195,6,3108,30,39807,143,42915,173,1,29,5,386,25,2512,2,85,35,"Anderson",76978,362.441216971083,0.141188959660297,224.739535971316,40.2712463301203,501.441970433111,14.1188959660297
2020-11-29,3018,91,2821,89,197,2,3204,96,40244,437,43448,533,0,29,65,451,26,2538,1,86,35,"Anderson",76978,407.908753150251,0.162493340436867,692.405622385617,118.215594065837,585.881680480137,16.2493340436867
2020-11-30,3088,70,2887,66,201,4,3277,73,40496,252,43773,325,0,29,1,452,69,2607,0,86,37,"Anderson",76978,489.750318272753,0.171113155473781,422.198550235132,90.9350723583361,587.180752942399,17.1113155473781
2020-12-01,3164,76,2953,66,211,10,3349,72,40927,431,44276,503,1,30,14,466,61,2668,6,92,38,"Anderson",76978,571.591883395256,0.172248803827751,653.433448517758,98.7295071319078,605.367767414066,17.2248803827751
2020-12-02,3179,15,2967,14,212,1,3365,16,41035,108,44400,124,0,30,-40,426,55,2723,0,92,38,"Anderson",76978,554.70394138585,0.165889665889666,161.084985320481,19.4860869339292,553.404868923589,16.5889665889666
2020-12-03,3220,41,2996,29,224,12,3398,33,41259,224,44657,257,1,31,-14,412,54,2777,1,93,39,"Anderson",76978,549.507651536803,0.170361247947455,333.86162280132,53.2619709527397,535.217854451921,17.0361247947455
2020-12-04,3287,67,3056,60,231,7,3461,63,41417,158,44878,221,1,32,-25,387,91,2868,0,93,39,"Anderson",76978,507.93733274442,0.179307116104869,287.09501415989,87.0378549715503,502.741042895373,17.9307116104869
2020-12-05,3318,31,3075,19,243,12,3479,18,41484,67,44963,85,0,32,1,388,30,2898,0,93,39,"Anderson",76978,507.93733274442,0.18115234375,110.421159292265,40.2712463301203,504.040115357635,18.115234375
2020-12-06,3354,36,3104,29,250,7,3507,28,41692,208,45199,236,0,32,12,400,24,2922,2,95,40,"Anderson",76978,436.488347320014,0.173043974871502,306.581101093819,46.76660864143,519.628984904778,17.3043974871502
2020-12-07,3494,140,3228,124,266,16,3643,136,42285,593,45928,729,2,34,28,428,110,3032,4,99,41,"Anderson",76978,527.42341967835,0.169837587006961,947.023824988958,181.870144716672,556.003013848112,16.9837587006961
2020-12-08,3565,71,3277,49,288,22,3695,52,42583,298,46278,350,1,35,-8,420,78,3110,2,101,43,"Anderson",76978,520.92805736704,0.172827172827173,454.675361791681,92.2341448205981,545.610434150017,17.2827172827173
2020-12-09,3670,105,3368,91,302,14,3799,104,42844,261,46643,365,0,35,46,466,59,3169,3,104,44,"Anderson",76978,637.844578970615,0.193490860454748,474.16144872561,136.402608537504,605.367767414066,19.3490860454748
2020-12-10,3764,94,3446,78,318,16,3886,87,43376,532,47262,619,3,38,81,547,10,3179,3,107,45,"Anderson",76978,706.695419470498,0.187332053742802,804.125854140144,122.112811452623,710.592636857284,18.7332053742802
2020-12-11,3837,73,3499,53,338,20,3937,51,43542,166,47479,217,1,39,30,577,42,3221,2,109,45,"Anderson",76978,714.48985424407,0.183006535947712,281.898724310842,94.832289745122,749.564810725142,18.3006535947712
2020-12-12,3925,88,3560,61,365,27,4002,65,44055,513,48057,578,0,39,55,632,33,3254,2,111,45,"Anderson",76978,788.536984593001,0.169036845507434,750.863883187404,114.318376679051,821.013796149549,16.9036845507434
2020-12-13,4157,232,3743,183,414,49,4206,204,44927,872,49133,1076,1,40,188,820,43,3297,0,111,47,"Anderson",76978,1043.15518719634,0.177681748856126,1397.80196939385,301.384811244771,1065.23941905479,17.7681748856126
2020-12-14,4272,115,3829,86,443,29,4305,99,45218,291,49523,390,0,40,-37,783,152,3449,1,112,48,"Anderson",76978,1010.67837563979,0.184144645340751,506.638260282159,149.393333160124,1017.1737379511,18.4144645340751
2020-12-15,4407,135,3914,85,493,50,4401,96,45745,527,50146,623,1,41,42,825,92,3541,6,118,51,"Anderson",76978,1093.81901322456,0.182523267838676,809.322143989192,175.374782405363,1071.7347813661,18.2523267838676
2020-12-16,4476,69,3944,30,532,39,4437,36,46068,323,50505,359,2,43,-17,808,84,3625,4,122,52,"Anderson",76978,1047.05240458313,0.165199378560331,466.367013952038,89.6359998960742,1049.65054950765,16.5199378560331
2020-12-17,4677,201,4118,174,559,27,4631,194,46596,528,51227,722,2,45,114,922,85,3710,2,124,54,"Anderson",76978,1186.05315804516,0.187894073139975,937.930317753124,261.113564914651,1197.74481020551,18.7894073139975
2020-12-18,4775,98,4194,76,581,22,4718,87,46962,366,51680,453,1,46,23,945,74,3784,2,126,54,"Anderson",76978,1218.5299696017,0.185908117114973,588.479825404661,127.309101301671,1227.62347683754,18.5908117114973
2020-12-19,4880,105,4275,81,605,24,4805,87,47220,258,52025,345,0,46,74,1019,31,3815,1,127,55,"Anderson",76978,1240.61420146016,0.202368951612903,448.179999480371,136.402608537504,1323.75483904492,20.2368951612903
2020-12-20,5020,140,4397,122,623,18,4942,137,47684,464,52626,601,2,48,84,1103,54,3869,3,130,56,"Anderson",76978,1121.09953493206,0.2107071285428,780.742549819429,181.870144716672,1432.87692587493,21.07071285428
2020-12-21,5068,48,4415,18,653,30,4965,23,47904,220,52869,243,3,51,-83,1020,128,3997,2,132,59,"Anderson",76978,1034.06167996051,0.197250448296473,315.674608329653,62.3554781885734,1325.05391150718,19.7250448296473
2020-12-22,5138,70,4459,44,679,26,5012,47,48010,106,53022,153,1,52,-31,989,100,4097,2,134,64,"Anderson",76978,949.621969913482,0.212447844228095,198.758086726078,90.9350723583361,1284.78266517706,21.2447844228095
2020-12-23,5212,74,4501,42,711,32,5055,43,48326,316,53381,359,2,54,-8,981,80,4177,2,136,66,"Anderson",76978,956.117332224792,0.214881780250348,466.367013952038,96.1313622073839,1274.39008547897,21.4881780250348
2020-12-24,5270,58,4525,24,745,34,5082,27,48478,152,53560,179,1,55,-47,934,104,4281,1,137,71,"Anderson",76978,770.349970121333,0.193313330475782,232.533970744888,75.3462028111928,1213.33367975266,19.3313330475782
2020-12-25,5364,94,4603,78,761,16,5175,93,48887,409,54062,502,0,55,-16,918,110,4391,1,138,72,"Anderson",76978,765.153680272286,0.191855583543241,652.134376055496,122.112811452623,1192.54852035647,19.1855583543241
2020-12-26,5420,56,4632,29,788,27,5203,28,49006,119,54209,147,0,55,6,924,50,4441,3,141,74,"Anderson",76978,701.49912962145,0.182234432234432,190.963651952506,72.7480578866689,1200.34295513004,18.2234432234432
2020-12-27,5480,60,4669,37,811,23,5239,36,49142,136,54381,172,1,56,29,953,30,4471,6,147,75,"Anderson",76978,597.573332640495,0.169230769230769,223.440463509055,77.9443477357167,1238.01605653563,16.9230769230769
2020-12-28,5527,47,4690,21,837,26,5259,20,49211,69,54470,89,2,58,-85,868,130,4601,4,151,82,"Anderson",76978,596.274260178233,0.183635227982511,115.617449141313,61.0564057263114,1127.59489724337,18.3635227982511
2020-12-29,5623,96,4742,52,881,44,5307,48,49306,95,54613,143,2,60,-34,834,128,4729,5,156,85,"Anderson",76978,630.050144197043,0.185417976115651,185.767362103458,124.710956377147,1083.42643352646,18.5417976115651
2020-12-30,5658,35,4760,18,898,17,5324,17,49434,128,54758,145,6,66,-89,745,118,4847,1,157,88,"Anderson",76978,579.386318168827,0.195352214960058,188.365507027982,45.4675361791681,967.808984385149,19.5352214960058
2020-12-31,5821,163,4860,100,961,63,5426,102,49738,304,55164,406,6,72,63,808,94,4941,1,158,93,"Anderson",76978,715.788926706332,0.214463840399002,527.42341967835,211.748811348697,1049.65054950765,21.4463840399002
2021-01-01,5886,65,4902,42,984,23,5481,55,50014,276,55495,331,0,72,-25,783,90,5031,2,160,94,"Anderson",76978,678.115825300735,0.213538032100488,429.992985008704,84.4397100470264,1017.1737379511,21.3538032100488
2021-01-02,5979,93,4943,41,1036,52,5522,41,50299,285,55821,326,0,72,48,831,45,5076,2,162,96,"Anderson",76978,726.181506404427,0.197890818858561,423.497622697394,120.813738990361,1079.52921613968,19.7890818858561
2021-01-03,6004,25,4955,12,1049,13,5538,16,50351,52,55889,68,0,72,-9,822,34,5110,1,163,98,"Anderson",76978,680.713970225259,0.198275862068966,88.3369274338123,32.4768115565486,1067.83756397932,19.8275862068966
2021-01-04,6041,37,4979,24,1062,13,5569,31,50458,107,56027,138,1,73,-57,765,93,5203,0,163,103,"Anderson",76978,667.72324560264,0.199100834938985,179.271999792148,48.065681103692,993.790433630388,19.9100834938985
2021-01-05,6113,72,5010,31,1103,41,5600,31,50576,118,56176,149,2,75,-48,717,118,5321,2,165,106,"Anderson",76978,636.545506508353,0.187460012795905,193.56179687703,93.53321728286,931.434955441815,18.7460012795905
2021-01-06,6187,74,5050,40,1137,34,5643,43,50737,161,56380,204,5,80,-12,705,81,5402,2,167,108,"Anderson",76978,687.209332536569,0.196670776818742,265.010782301437,96.1313622073839,915.846085894671,19.6670776818742
2021-01-07,6292,105,5130,80,1162,25,5735,92,50958,221,56693,313,1,81,65,770,39,5441,1,168,111,"Anderson",76978,611.863129725376,0.202092871157619,406.609680687989,136.402608537504,1000.2857959417,20.2092871157619
2021-01-08,6374,82,5180,50,1194,32,5787,52,51157,199,56944,251,5,86,61,831,16,5457,2,170,114,"Anderson",76978,633.947361583829,0.211180124223602,326.067188027748,106.523941905479,1079.52921613968,21.1180124223602
2021-01-09,6484,110,5249,69,1235,41,5862,75,51588,431,57450,506,2,88,43,874,65,5522,0,170,116,"Anderson",76978,656.031593442282,0.208717004297115,657.330665904544,142.897970848814,1135.38933201694,20.8717004297115
2021-01-10,6544,60,5274,25,1270,35,5887,25,51682,94,57569,119,2,90,28,902,30,5552,3,173,117,"Anderson",76978,701.49912962145,0.207738095238095,154.589623009171,77.9443477357167,1171.76336096027,20.7738095238095
2021-01-11,6577,33,5284,10,1293,23,5900,13,51753,71,57653,84,1,91,-93,809,125,5677,1,174,119,"Anderson",76978,696.302839772403,0.203567035670357,109.122086830003,42.8693912546442,1050.94962196991,20.3567035670357
2021-01-12,6630,53,5318,34,1312,19,5938,38,51925,172,57863,210,2,93,-100,709,151,5828,1,175,119,"Anderson",76978,671.620462989426,0.200355660936574,272.805217075008,68.8508404998831,921.042375743719,20.0355660936574
2021-01-13,6656,26,5335,17,1321,9,5957,19,52015,90,57972,109,3,96,-44,665,67,5895,0,175,120,"Anderson",76978,609.264984800852,0.197236180904523,141.598898386552,33.7758840188106,863.883187404193,19.7236180904523
2021-01-14,6753,97,5397,62,1356,35,6031,74,52422,407,58453,481,5,101,8,673,84,5979,2,177,122,"Anderson",76978,598.872405102757,0.168181818181818,624.853854347995,126.010028839409,874.275767102289,16.8181818181818
2021-01-15,6787,34,5417,20,1370,14,6055,24,52577,155,58632,179,0,101,-16,657,50,6029,1,178,125,"Anderson",76978,536.516926914183,0.158767772511848,232.533970744888,44.1684637169061,853.490607706098,15.8767772511848
2021-01-16,6851,64,5447,30,1404,34,6088,33,52821,244,58909,277,1,102,2,659,61,6090,1,179,128,"Anderson",76978,476.759593650134,0.154900616860864,359.843072046559,83.1406375847645,856.088752630622,15.4900616860864
2021-01-17,6888,37,5467,20,1421,17,6111,23,52925,104,59036,127,0,102,-6,653,43,6133,0,179,130,"Anderson",76978,446.880927018109,0.152692569870484,164.982202707267,48.065681103692,848.29431785705,15.2692569870484
2021-01-18,6907,19,5475,8,1432,11,6121,10,53021,96,59142,106,1,103,-68,585,86,6219,0,179,131,"Anderson",76978,428.693912546442,0.148421759570181,137.701680999766,24.682376782977,759.957390423238,14.8421759570181
2021-01-19,6949,42,5492,17,1457,25,6141,20,53133,112,59274,132,1,104,-78,507,119,6338,0,179,133,"Anderson",76978,414.40411546156,0.143869596031184,171.477565018577,54.5610434150017,658.629738366806,14.3869596031184
2021-01-20,6977,28,5508,16,1469,12,6160,19,53285,152,59445,171,3,107,-29,478,54,6392,0,179,135,"Anderson",76978,417.002260386084,0.137813985064494,222.141391046793,36.3740289433345,620.95663696121,13.7813985064494
2021-01-21,7033,56,5548,40,1485,16,6199,39,53526,241,59725,280,5,112,-42,436,93,6485,2,181,136,"Anderson",76978,363.740289433345,0.132075471698113,363.740289433345,72.7480578866689,566.395593546208,13.2075471698113
2021-01-22,7071,38,5566,18,1505,20,6221,22,53671,145,59892,167,2,114,-16,420,52,6537,0,181,139,"Anderson",76978,368.936579282392,0.131746031746032,216.945101197745,49.3647535659539,545.610434150017,13.1746031746032
2021-01-23,7109,38,5580,14,1529,24,6234,13,53931,260,60165,273,0,114,8,428,30,6567,1,182,139,"Anderson",76978,335.160695263582,0.116242038216561,354.646782197511,49.3647535659539,556.003013848112,11.6242038216561
2021-01-24,7122,13,5592,12,1530,1,6248,14,53998,67,60246,81,0,114,-21,407,34,6601,0,182,141,"Anderson",76978,303.982956169295,0.113223140495868,105.224869443218,16.8879420094053,528.722492140612,11.3223140495868
2021-01-25,7139,17,5603,11,1536,6,6259,11,54058,60,60317,71,2,116,-47,360,62,6663,1,183,143,"Anderson",76978,301.384811244771,0.117446808510638,92.2341448205981,22.0842318584531,467.6660864143,11.7446808510638
2021-01-26,7166,27,5624,21,1542,6,6284,25,54222,164,60506,189,0,116,-36,324,63,6726,1,184,146,"Anderson",76978,281.898724310842,0.116071428571429,245.524695367508,35.0749564810725,420.89947777287,11.6071428571429
2021-01-27,7183,17,5632,8,1551,9,6293,9,54308,86,60601,95,4,120,-18,306,31,6757,0,184,148,"Anderson",76978,267.608927225961,0.115051903114187,123.411883914885,22.0842318584531,397.516173452155,11.5051903114187
2021-01-28,7270,87,5672,40,1598,47,6340,47,54534,226,60874,273,4,124,24,330,59,6816,0,184,149,"Anderson",76978,307.880173556081,0.122715404699739,354.646782197511,113.019304216789,428.693912546442,12.2715404699739
2021-01-29,7283,13,5676,4,1607,9,6345,5,54579,45,60924,50,1,125,-34,296,46,6862,1,185,149,"Anderson",76978,275.403361999532,0.12015503875969,64.9536231130973,16.8879420094053,384.525448829536,12.015503875969
2021-01-30,7323,40,5711,35,1612,5,6381,36,54838,259,61219,295,2,127,1,297,37,6899,2,187,150,"Anderson",76978,278.001506924056,0.139468690702087,383.226376367274,51.9628984904778,385.824521291798,13.9468690702087
2021-01-31,7339,16,5718,7,1621,9,6392,11,55007,169,61399,180,1,128,-4,293,19,6918,0,187,152,"Anderson",76978,281.898724310842,0.12489158716392,233.83304320715,20.7851593961911,380.62823144275,12.489158716392
2021-02-01,7359,20,5730,12,1629,8,6405,13,55060,53,61465,66,1,129,-26,267,45,6963,1,188,153,"Anderson",76978,285.795941697628,0.127177700348432,85.7387825092884,25.9814492452389,346.852347423939,12.7177700348432
2021-02-02,7366,7,5736,6,1630,1,6411,6,55129,69,61540,75,5,134,-45,222,47,7010,0,188,154,"Anderson",76978,259.814492452389,0.122823984526112,97.4304346696459,9.09350723583361,288.394086622152,12.2823984526112
2021-02-03,7388,22,5742,6,1646,16,6421,10,55321,192,61742,202,4,138,1,223,17,7027,0,188,155,"Anderson",76978,266.309854763699,0.112182296231376,262.412637376913,28.5795941697628,289.693159084414,11.2182296231376
2021-02-04,7418,30,5756,14,1662,16,6438,17,55645,324,62083,341,2,140,-5,218,33,7060,0,188,155,"Anderson",76978,192.262724414768,0.0810587262200165,442.983709631323,38.9721738678584,283.197796773104,8.10587262200166
2021-02-05,7436,18,5767,11,1669,7,6455,17,55802,157,62257,174,2,142,-13,205,29,7089,0,188,156,"Anderson",76978,198.758086726078,0.0825206301575394,226.038608433578,23.383304320715,266.309854763699,8.25206301575394
2021-02-06,7462,26,5783,16,1679,10,6475,20,56024,222,62499,242,1,143,8,213,17,7106,1,189,156,"Anderson",76978,180.57107225441,0.0734375,314.375535867391,33.7758840188106,276.702434461794,7.34375
2021-02-07,7475,13,5790,7,1685,6,6483,8,56131,107,62614,115,0,143,-10,203,23,7129,0,189,156,"Anderson",76978,176.673854867625,0.0748971193415638,149.393333160124,16.8879420094053,263.711709839175,7.48971193415638
2021-02-08,7500,25,5796,6,1704,19,6488,5,56153,22,62641,27,2,145,-13,190,36,7165,0,189,156,"Anderson",76978,183.169217178934,0.070578231292517,35.0749564810725,32.4768115565486,246.82376782977,7.0578231292517
2021-02-09,7524,24,5806,10,1718,14,6499,11,56322,169,62821,180,2,147,-24,166,46,7211,2,191,156,"Anderson",76978,205.253449037387,0.068696330991413,233.83304320715,31.1777390942867,215.646028735483,6.8696330991413
2021-02-10,7549,25,5821,15,1728,10,6518,19,56517,195,63035,214,1,148,8,174,16,7227,1,192,156,"Anderson",76978,209.150666424173,0.0750193348801237,278.001506924056,32.4768115565486,226.038608433578,7.50193348801237
2021-02-11,7562,13,5829,8,1733,5,6530,12,56697,180,63227,192,-1,147,-16,158,30,7257,0,192,157,"Anderson",76978,187.06643456572,0.0804195804195804,249.421912754293,16.8879420094053,205.253449037387,8.04195804195804
2021-02-12,7589,27,5844,15,1745,12,6545,15,56891,194,63436,209,0,147,13,171,14,7271,0,192,157,"Anderson",76978,198.758086726078,0.0763358778625954,271.506144612746,35.0749564810725,222.141391046793,7.63358778625954
2021-02-13,7615,26,5854,10,1761,16,6555,10,57080,189,63635,199,0,147,11,182,15,7286,0,192,157,"Anderson",76978,198.758086726078,0.0704225352112676,258.515419990127,33.7758840188106,236.431188131674,7.04225352112676
2021-02-14,7629,14,5864,10,1765,4,6566,11,57141,61,63707,72,2,149,1,183,11,7297,0,192,157,"Anderson",76978,200.05715918834,0.0759377859103385,93.53321728286,18.1870144716672,237.730260593936,7.59377859103385
2021-02-15,7645,16,5872,8,1773,8,6575,9,57214,73,63789,82,0,149,-6,177,22,7319,1,193,158,"Anderson",76978,188.365507027982,0.0757839721254355,106.523941905479,20.7851593961911,229.935825820364,7.57839721254355
2021-02-16,7674,29,5886,14,1788,15,6592,17,57298,84,63890,101,0,149,11,188,18,7337,0,193,158,"Anderson",76978,194.860869339292,0.0869971936389149,131.206318688456,37.6731014055964,244.225622905246,8.69971936389149
2021-02-17,7693,19,5898,12,1795,7,6604,12,57406,108,64010,120,0,149,-8,180,27,7364,0,193,160,"Anderson",76978,187.06643456572,0.0882051282051282,155.888695471433,24.682376782977,233.83304320715,8.82051282051282
2021-02-18,7717,24,5920,22,1797,2,6630,26,57562,156,64192,182,0,149,9,189,15,7379,0,193,160,"Anderson",76978,201.356231650601,0.103626943005181,236.431188131674,31.1777390942867,245.524695367508,10.3626943005181
2021-02-19,7730,13,5931,11,1799,2,6645,15,57608,46,64253,61,0,149,0,189,13,7392,0,193,161,"Anderson",76978,183.169217178934,0.122399020807834,79.2434201979787,16.8879420094053,245.524695367508,12.2399020807834
2021-02-20,7749,19,5938,7,1811,12,6654,9,57730,122,64384,131,1,150,3,192,15,7407,0,193,162,"Anderson",76978,174.075709943101,0.132176234979973,170.178492556315,24.682376782977,249.421912754293,13.2176234979973
2021-02-21,7761,12,5945,7,1816,5,6661,7,57794,64,64455,71,2,152,-1,191,11,7418,1,194,162,"Anderson",76978,171.477565018577,0.127005347593583,92.2341448205981,15.5888695471433,248.122840292031,12.7005347593583
2021-02-22,7766,5,5947,2,1819,3,6667,6,57831,37,64498,43,1,153,-17,174,21,7439,0,194,163,"Anderson",76978,157.187767933695,0.129760225669958,55.8601158772636,6.49536231130973,226.038608433578,12.9760225669958
2021-02-23,7790,24,5956,9,1834,15,6675,8,57974,143,64649,151,2,155,-2,172,24,7463,0,194,165,"Anderson",76978,150.692405622386,0.10935441370224,196.159941801554,31.1777390942867,223.440463509055,10.935441370224
2021-02-24,7822,32,5975,19,1847,13,6698,23,58148,174,64846,197,0,155,15,187,17,7480,0,194,165,"Anderson",76978,167.580347631791,0.11244019138756,255.917275065603,41.5703187923822,242.926550442984,11.244019138756
2021-02-25,7839,17,5983,8,1856,9,6709,11,58275,127,64984,138,1,156,-3,184,19,7499,0,194,165,"Anderson",76978,158.486840395957,0.0997474747474748,179.271999792148,22.0842318584531,239.029333056198,9.97474747474748
2021-02-26,7851,12,5991,8,1860,4,6718,9,58374,99,65092,108,0,156,-17,167,29,7528,0,194,165,"Anderson",76978,157.187767933695,0.0870083432657926,140.29982592429,15.5888695471433,216.945101197745,8.70083432657926
2021-02-27,7860,9,5998,7,1862,2,6724,6,58466,92,65190,98,0,156,-6,161,15,7543,0,194,165,"Anderson",76978,144.197043311076,0.086848635235732,127.309101301671,11.6916521603575,209.150666424173,8.6848635235732
2021-02-28,7874,14,6008,10,1866,4,6735,11,58537,71,65272,82,0,156,0,161,14,7557,0,194,165,"Anderson",76978,146.7951882356,0.0905752753977968,106.523941905479,18.1870144716672,209.150666424173,9.05752753977968
2021-03-01,7882,8,6013,5,1869,3,6742,7,58572,35,65314,42,0,156,-11,150,19,7576,0,194,165,"Anderson",76978,150.692405622386,0.0919117647058824,54.5610434150017,10.3925796980956,194.860869339292,9.19117647058824
2021-03-02,7905,23,6024,11,1881,12,6752,10,58688,116,65440,126,1,157,-2,148,24,7600,1,195,165,"Anderson",76978,149.393333160124,0.0973451327433628,163.683130245005,29.8786666320247,192.262724414768,9.73451327433628
2021-03-03,7938,33,6045,21,1893,12,6777,25,58804,116,65581,141,1,158,13,161,19,7619,0,195,166,"Anderson",76978,150.692405622386,0.107482993197279,183.169217178934,42.8693912546442,209.150666424173,10.7482993197279
2021-03-04,7963,25,6058,13,1905,12,6794,17,58967,163,65761,180,0,158,13,174,12,7631,0,195,166,"Anderson",76978,161.084985320481,0.109395109395109,233.83304320715,32.4768115565486,226.038608433578,10.9395109395109
2021-03-05,7995,32,6075,17,1920,15,6816,22,59101,134,65917,156,0,158,17,191,15,7646,2,197,166,"Anderson",76978,187.06643456572,0.118787878787879,202.655304112863,41.5703187923822,248.122840292031,11.8787878787879
2021-03-06,8005,10,6080,5,1925,5,6824,8,59190,89,66014,97,0,158,-1,190,11,7657,0,197,166,"Anderson",76978,188.365507027982,0.121359223300971,126.010028839409,12.9907246226195,246.82376782977,12.1359223300971
2021-03-07,8011,6,6083,3,1928,3,6827,3,59229,39,66056,42,0,158,-10,180,16,7673,0,197,166,"Anderson",76978,177.972927329886,0.11734693877551,54.5610434150017,7.79443477357167,233.83304320715,11.734693877551
2021-03-08,8027,16,6090,7,1937,9,6836,9,59306,77,66142,86,1,159,-4,176,19,7692,0,197,166,"Anderson",76978,188.365507027982,0.113526570048309,111.720231754527,20.7851593961911,228.636753358102,11.3526570048309
2021-03-09,8048,21,6098,8,1950,13,6844,8,59371,65,66215,73,0,159,3,179,18,7710,3,200,167,"Anderson",76978,185.767362103458,0.118709677419355,94.832289745122,27.2805217075008,232.533970744888,11.8709677419355
2021-03-10,8070,22,6111,13,1959,9,6860,16,59528,157,66388,173,0,159,11,190,11,7721,1,201,167,"Anderson",76978,171.477565018577,0.102850061957869,224.739535971316,28.5795941697628,246.82376782977,10.2850061957869
2021-03-11,8093,23,6121,10,1972,13,6870,10,59625,97,66495,107,0,159,1,191,22,7743,1,202,168,"Anderson",76978,168.879420094053,0.103542234332425,139.000753462028,29.8786666320247,248.122840292031,10.3542234332425
2021-03-12,8113,20,6138,17,1975,3,6890,20,59731,106,66621,126,0,159,8,199,12,7755,0,202,168,"Anderson",76978,153.29055054691,0.105113636363636,163.683130245005,25.9814492452389,258.515419990127,10.5113636363636
2021-03-13,8124,11,6142,4,1982,7,6894,4,59807,76,66701,80,0,159,2,201,9,7764,1,203,168,"Anderson",76978,154.589623009171,0.101892285298399,103.925796980956,14.2897970848814,261.113564914651,10.1892285298399
2021-03-14,8130,6,6146,4,1984,2,6900,6,59843,36,66743,42,0,159,-13,188,19,7783,1,204,168,"Anderson",76978,154.589623009171,0.106259097525473,54.5610434150017,7.79443477357167,244.225622905246,10.6259097525473
2021-03-15,8148,18,6152,6,1996,12,6906,6,59876,33,66782,39,0,159,-9,179,27,7810,1,205,168,"Anderson",76978,157.187767933695,0.109375,50.6638260282159,23.383304320715,232.533970744888,10.9375
2021-03-16,8181,33,6165,13,2016,20,6921,15,59969,93,66890,108,0,159,-1,178,34,7844,2,207,168,"Anderson",76978,172.776637480839,0.114074074074074,140.29982592429,42.8693912546442,231.234898282626,11.4074074074074
2021-03-17,8198,17,6176,11,2022,6,6934,13,60056,87,66990,100,0,159,-5,173,22,7866,0,207,169,"Anderson",76978,166.281275169529,0.122923588039867,129.907246226195,22.0842318584531,224.739535971316,12.2923588039867
2021-03-18,8214,16,6188,12,2026,4,6949,15,60137,81,67086,96,1,160,-1,172,16,7882,0,207,169,"Anderson",76978,157.187767933695,0.133671742808799,124.710956377147,20.7851593961911,223.440463509055,13.3671742808799
2021-03-19,8238,24,6202,14,2036,10,6962,13,60256,119,67218,132,0,160,13,185,11,7893,1,208,169,"Anderson",76978,162.384057782743,0.120603015075377,171.477565018577,31.1777390942867,240.32840551846,12.0603015075377
2021-03-20,8250,12,6208,6,2042,6,6970,8,60295,39,67265,47,0,160,3,188,9,7902,1,209,169,"Anderson",76978,163.683130245005,0.134751773049645,61.0564057263114,15.5888695471433,244.225622905246,13.4751773049645
2021-03-21,8260,10,6214,6,2046,4,6977,7,60357,62,67334,69,-1,159,-5,183,16,7918,0,209,169,"Anderson",76978,168.879420094053,0.130287648054146,89.6359998960742,12.9907246226195,237.730260593936,13.0287648054146
2021-03-22,8266,6,6215,1,2051,5,6978,1,60423,66,67401,67,0,159,-9,174,15,7933,1,210,169,"Anderson",76978,153.29055054691,0.116316639741519,87.0378549715503,7.79443477357167,226.038608433578,11.6316639741519
2021-03-23,8272,6,6216,1,2056,5,6979,1,60466,43,67445,44,0,159,-15,159,21,7954,0,210,170,"Anderson",76978,118.215594065837,0.104504504504505,57.1591883395256,7.79443477357167,206.552521499649,10.4504504504505
2021-03-24,8280,8,6223,7,2057,1,6986,7,60587,121,67573,128,1,160,-11,148,18,7972,0,210,170,"Anderson",76978,106.523941905479,0.0891938250428816,166.281275169529,10.3925796980956,192.262724414768,8.91938250428817
2021-03-25,8290,10,6228,5,2062,5,6992,6,60688,101,67680,107,0,160,-10,138,20,7992,0,210,170,"Anderson",76978,98.7295071319078,0.0723905723905724,139.000753462028,12.9907246226195,179.271999792148,7.23905723905724
2021-03-26,8307,17,6240,12,2067,5,7003,11,60754,66,67757,77,0,160,3,141,14,8006,0,210,171,"Anderson",76978,89.6359998960742,0.0760667903525046,100.02857959417,22.0842318584531,183.169217178934,7.60667903525046
2021-03-27,8311,4,6244,4,2067,0,7009,6,60818,64,67827,70,1,161,-12,129,15,8021,2,212,171,"Anderson",76978,79.2434201979786,0.0693950177935943,90.9350723583361,5.19628984904778,167.580347631791,6.93950177935943
2021-03-28,8314,3,6244,0,2070,3,7009,0,60847,29,67856,29,1,162,-12,117,14,8035,0,212,172,"Anderson",76978,70.149912962145,0.0613026819923372,37.6731014055964,3.89721738678583,151.991478084648,6.13026819923372
2021-03-29,8329,15,6248,4,2081,11,7013,4,60933,86,67946,90,1,163,-16,101,30,8065,0,212,173,"Anderson",76978,81.8415651225025,0.0642201834862385,116.916521603575,19.4860869339292,131.206318688456,6.42201834862385
2021-03-30,8334,5,6251,3,2083,2,7016,3,60991,58,68007,61,1,164,-12,89,16,8081,0,212,173,"Anderson",76978,80.5424926602406,0.0658362989323843,79.2434201979787,6.49536231130973,115.617449141313,6.58362989323843
2021-03-31,8357,23,6265,14,2092,9,7032,16,61155,164,68187,180,1,165,10,99,12,8093,1,213,173,"Anderson",76978,100.02857959417,0.0749185667752443,233.83304320715,29.8786666320247,128.608173763933,7.49185667752443
2021-04-01,8366,9,6269,4,2097,5,7036,4,61212,57,68248,61,0,165,-8,91,17,8110,0,213,173,"Anderson",76978,98.7295071319078,0.0774647887323944,79.2434201979787,11.6916521603575,118.215594065837,7.74647887323944
2021-04-02,8375,9,6276,7,2099,2,7043,7,61282,70,68325,77,0,165,-1,90,10,8120,0,213,173,"Anderson",76978,88.3369274338123,0.0704225352112676,100.02857959417,11.6916521603575,116.916521603575,7.04225352112676
2021-04-03,8381,6,6281,5,2100,1,7049,6,61332,50,68381,56,0,165,-8,82,14,8134,0,213,173,"Anderson",76978,90.9350723583361,0.0722021660649819,72.7480578866689,7.79443477357167,106.523941905479,7.22021660649819
2021-04-04,8383,2,6283,2,2100,0,7051,2,61370,38,68421,40,0,165,-5,77,7,8141,0,213,173,"Anderson",76978,89.6359998960742,0.0743362831858407,51.9628984904778,2.59814492452389,100.02857959417,7.43362831858407
2021-04-05,8397,14,6286,3,2111,11,7053,2,61428,58,68481,60,0,165,4,81,10,8151,2,215,173,"Anderson",76978,88.3369274338123,0.0747663551401869,77.9443477357167,18.1870144716672,105.224869443218,7.47663551401869
2021-04-06,8402,5,6290,4,2112,1,7059,6,61470,42,68529,48,0,165,3,84,2,8153,0,215,173,"Anderson",76978,88.3369274338123,0.0823754789272031,62.3554781885734,6.49536231130973,109.122086830003,8.23754789272031
2021-04-07,8422,20,6303,13,2119,7,7073,14,61629,159,68702,173,0,165,10,94,10,8163,2,217,173,"Anderson",76978,84.4397100470264,0.0796116504854369,224.739535971316,25.9814492452389,122.112811452623,7.96116504854369
2021-04-08,8425,3,6305,2,2120,1,7076,3,61720,91,68796,94,5,170,-17,77,15,8178,1,218,173,"Anderson",76978,76.6452752734548,0.072992700729927,122.112811452623,3.89721738678583,100.02857959417,7.2992700729927
2021-04-09,8433,8,6311,6,2122,2,7085,9,61807,87,68892,96,-4,166,8,85,4,8182,0,218,173,"Anderson",76978,75.3462028111928,0.0740740740740741,124.710956377147,10.3925796980956,110.421159292265,7.40740740740741
2021-04-10,8438,5,6316,5,2122,0,7090,5,61878,71,68968,76,0,166,-6,79,11,8193,0,218,173,"Anderson",76978,74.0471303489309,0.0698466780238501,98.7295071319078,6.49536231130973,102.626724518694,6.98466780238501
2021-04-11,8445,7,6321,5,2124,2,7095,5,61922,44,69017,49,-1,165,0,79,8,8201,0,218,173,"Anderson",76978,80.5424926602406,0.0738255033557047,63.6545506508353,9.09350723583361,102.626724518694,7.38255033557047
2021-04-12,8448,3,6324,3,2124,0,7098,3,61991,69,69089,72,0,165,-7,72,10,8211,0,218,173,"Anderson",76978,66.2526955753592,0.0740131578947368,93.53321728286,3.89721738678583,93.53321728286,7.40131578947368
2021-04-13,8458,10,6329,5,2129,5,7104,6,62052,61,69156,67,5,170,-8,64,13,8224,0,218,173,"Anderson",76978,72.7480578866689,0.0717703349282297,87.0378549715503,12.9907246226195,83.1406375847645,7.17703349282297
2021-04-14,8472,14,6338,9,2134,5,7115,11,62190,138,69305,149,0,170,7,71,7,8231,0,218,173,"Anderson",76978,64.9536231130973,0.0696517412935323,193.56179687703,18.1870144716672,92.2341448205981,6.96517412935323
2021-04-15,8481,9,6343,5,2138,4,7120,5,62271,81,69391,86,0,170,6,77,3,8234,0,218,173,"Anderson",76978,72.7480578866689,0.0739495798319328,111.720231754527,11.6916521603575,100.02857959417,7.39495798319328
2021-04-16,8494,13,6354,11,2140,2,7133,13,62424,153,69557,166,0,170,6,83,7,8241,0,218,173,"Anderson",76978,79.2434201979786,0.0721804511278196,215.646028735483,16.8879420094053,107.823014367741,7.21804511278196
2021-04-17,8499,5,6357,3,2142,2,7137,4,62489,65,69626,69,0,170,0,83,5,8246,0,218,173,"Anderson",76978,79.2434201979786,0.0714285714285714,89.6359998960742,6.49536231130973,107.823014367741,7.14285714285714
2021-04-18,8506,7,6363,6,2143,1,7143,6,62534,45,69677,51,0,170,0,83,7,8253,0,218,173,"Anderson",76978,79.2434201979786,0.0727272727272727,66.2526955753592,9.09350723583361,107.823014367741,7.27272727272727
2021-04-19,8512,6,6366,3,2146,3,7146,3,62557,23,69703,26,0,170,-6,77,12,8265,0,218,174,"Anderson",76978,83.1406375847645,0.0781758957654723,33.7758840188106,7.79443477357167,100.02857959417,7.81758957654723
2021-04-20,8518,6,6369,3,2149,3,7149,3,62656,99,69805,102,0,170,-1,76,7,8272,0,218,174,"Anderson",76978,77.9443477357167,0.0693374422187981,132.505391150718,7.79443477357167,98.7295071319078,6.93374422187981
2021-04-21,8529,11,6374,5,2155,6,7155,6,62811,155,69966,161,1,171,-3,73,13,8285,0,218,174,"Anderson",76978,74.0471303489309,0.0605143721633888,209.150666424173,14.2897970848814,94.832289745122,6.05143721633888
2021-04-22,8547,18,6380,6,2167,12,7162,7,62955,144,70117,151,0,171,12,85,6,8291,0,218,174,"Anderson",76978,85.7387825092884,0.0578512396694215,196.159941801554,23.383304320715,110.421159292265,5.78512396694215
2021-04-23,8557,10,6385,5,2172,5,7168,6,63121,166,70289,172,0,171,8,93,2,8293,0,218,174,"Anderson",76978,81.8415651225025,0.0478142076502732,223.440463509055,12.9907246226195,120.813738990361,4.78142076502732
2021-04-24,8570,13,6392,7,2178,6,7175,7,63188,67,70363,74,0,171,9,102,4,8297,1,219,174,"Anderson",76978,92.2341448205981,0.0515603799185889,96.1313622073839,16.8879420094053,132.505391150718,5.15603799185889
2021-04-25,8574,4,6394,2,2180,2,7177,2,63228,40,70405,42,0,171,0,102,4,8301,0,219,174,"Anderson",76978,88.3369274338123,0.0467032967032967,54.5610434150017,5.19628984904778,132.505391150718,4.67032967032967
2021-04-26,8583,9,6398,4,2185,5,7181,4,63303,75,70484,79,0,171,2,104,7,8308,0,219,175,"Anderson",76978,92.2341448205981,0.0448143405889885,102.626724518694,11.6916521603575,135.103536075242,4.48143405889885
2021-04-27,8593,10,6404,6,2189,4,7187,6,63371,68,70558,74,0,171,-3,101,13,8321,0,219,175,"Anderson",76978,97.4304346696459,0.050464807436919,96.1313622073839,12.9907246226195,131.206318688456,5.0464807436919
2021-04-28,8610,17,6416,12,2194,5,7200,13,63509,138,70709,151,0,171,1,102,16,8337,1,220,175,"Anderson",76978,105.224869443218,0.0605652759084791,196.159941801554,22.0842318584531,132.505391150718,6.05652759084791
2021-04-29,8616,6,6418,2,2198,4,7203,3,63658,149,70861,152,0,171,-1,101,7,8344,0,220,175,"Anderson",76978,89.6359998960742,0.0551075268817204,197.459014263816,7.79443477357167,131.206318688456,5.51075268817204
2021-04-30,8623,7,6421,3,2202,4,7207,4,63780,122,70987,126,0,171,-2,99,9,8353,0,220,175,"Anderson",76978,85.7387825092884,0.0558739255014327,163.683130245005,9.09350723583361,128.608173763933,5.58739255014327
2021-05-01,8628,5,6424,3,2204,2,7210,3,63843,63,71053,66,0,171,-1,98,6,8359,1,221,175,"Anderson",76978,75.3462028111928,0.0507246376811594,85.7387825092884,6.49536231130973,127.309101301671,5.07246376811594
2021-05-02,8631,3,6425,1,2206,2,7211,1,63894,51,71105,52,0,171,-7,91,10,8369,0,221,175,"Anderson",76978,74.0471303489309,0.0485714285714286,67.5517680376211,3.89721738678583,118.215594065837,4.85714285714286
2021-05-03,8641,10,6430,5,2211,5,7216,5,64000,106,71216,111,0,171,-4,87,14,8383,0,221,175,"Anderson",76978,75.3462028111928,0.0478142076502732,144.197043311076,12.9907246226195,113.019304216789,4.78142076502732
2021-05-04,8643,2,6430,0,2213,2,7217,1,64076,76,71293,77,0,171,-10,77,12,8395,0,221,175,"Anderson",76978,64.9536231130973,0.0408163265306122,100.02857959417,2.59814492452389,100.02857959417,4.08163265306122
2021-05-05,8651,8,6434,4,2217,4,7220,3,64193,117,71413,120,0,171,-3,74,11,8406,0,221,175,"Anderson",76978,53.2619709527397,0.0284090909090909,155.888695471433,10.3925796980956,96.1313622073839,2.84090909090909
2021-05-06,8656,5,6437,3,2219,2,7226,6,64245,52,71471,58,0,171,-4,70,9,8415,1,222,175,"Anderson",76978,51.9628984904778,0.0377049180327869,75.3462028111928,6.49536231130973,90.9350723583361,3.77049180327869
2021-05-07,8661,5,6439,2,2222,3,7229,3,64366,121,71595,124,0,171,-4,66,9,8424,0,222,175,"Anderson",76978,49.3647535659539,0.0361842105263158,161.084985320481,6.49536231130973,85.7387825092884,3.61842105263158
2021-05-08,8667,6,6442,3,2225,3,7231,2,64435,69,71666,71,0,171,-6,60,12,8436,1,223,175,"Anderson",76978,50.6638260282159,0.034257748776509,92.2341448205981,7.79443477357167,77.9443477357167,3.4257748776509
2021-05-09,8668,1,6442,0,2226,1,7232,1,64463,28,71695,29,0,171,-4,56,5,8441,0,223,175,"Anderson",76978,48.065681103692,0.0355932203389831,37.6731014055964,1.29907246226194,72.7480578866689,3.55932203389831
2021-05-10,8673,5,6442,0,2231,5,7232,0,64551,88,71783,88,0,171,-5,51,10,8451,0,223,175,"Anderson",76978,41.5703187923822,0.0282186948853616,114.318376679051,6.49536231130973,66.2526955753592,2.82186948853616
2021-05-11,8681,8,6443,1,2238,7,7234,2,64593,42,71827,44,0,171,3,54,5,8456,0,223,175,"Anderson",76978,49.3647535659539,0.0318352059925094,57.1591883395256,10.3925796980956,70.149912962145,3.18352059925094
2021-05-12,8694,13,6450,7,2244,6,7240,6,64697,104,71937,110,0,171,8,62,5,8461,2,225,175,"Anderson",76978,55.8601158772636,0.0381679389312977,142.897970848814,16.8879420094053,80.5424926602406,3.81679389312977
2021-05-13,8698,4,6452,2,2246,2,7242,2,64800,103,72042,105,0,171,-3,59,7,8468,2,227,175,"Anderson",76978,54.5610434150017,0.0280210157618214,136.402608537504,5.19628984904778,76.6452752734548,2.80210157618214
2021-05-14,8706,8,6455,3,2251,5,7247,5,64887,87,72134,92,0,171,2,61,6,8474,0,227,175,"Anderson",76978,58.4582608017875,0.0333951762523191,119.514666528099,10.3925796980956,79.2434201979787,3.33951762523191
2021-05-15,8711,5,6457,2,2254,3,7249,2,64952,65,72201,67,0,171,1,62,4,8478,0,227,175,"Anderson",76978,57.1591883395256,0.0336448598130841,87.0378549715503,6.49536231130973,80.5424926602406,3.36448598130841
2021-05-16,8713,2,6458,1,2255,1,7250,1,64988,36,72238,37,0,171,-5,57,7,8485,0,227,175,"Anderson",76978,58.4582608017875,0.0331491712707182,48.065681103692,2.59814492452389,74.0471303489309,3.31491712707182
2021-05-17,8719,6,6463,5,2256,1,7255,5,65047,59,72302,64,1,172,0,57,5,8490,0,227,175,"Anderson",76978,59.7573332640495,0.0443159922928709,83.1406375847645,7.79443477357167,74.0471303489309,4.43159922928709
2021-05-18,8723,4,6463,0,2260,4,7255,0,65138,91,72393,91,0,172,0,57,4,8494,1,228,175,"Anderson",76978,54.5610434150017,0.0371024734982332,118.215594065837,5.19628984904778,74.0471303489309,3.71024734982332
2021-05-19,8730,7,6468,5,2262,2,7261,6,65257,119,72518,125,0,172,4,61,3,8497,0,228,175,"Anderson",76978,46.76660864143,0.036144578313253,162.384057782743,9.09350723583361,79.2434201979787,3.6144578313253
2021-05-20,8732,2,6470,2,2262,0,7263,2,65376,119,72639,121,0,172,-1,60,3,8500,0,228,175,"Anderson",76978,44.1684637169061,0.0351758793969849,157.187767933695,2.59814492452389,77.9443477357167,3.51758793969849
2021-05-21,8734,2,6470,0,2264,2,7263,0,65446,70,72709,70,0,172,-7,53,9,8509,0,228,175,"Anderson",76978,36.3740289433345,0.0278260869565217,90.9350723583361,2.59814492452389,68.8508404998831,2.78260869565217
2021-05-22,8739,5,6472,2,2267,3,7265,2,65486,40,72751,42,0,172,-3,50,8,8517,0,228,175,"Anderson",76978,36.3740289433345,0.0290909090909091,54.5610434150017,6.49536231130973,64.9536231130973,2.90909090909091
2021-05-23,8739,0,6472,0,2267,0,7265,0,65515,29,72780,29,0,172,-3,47,3,8520,0,228,175,"Anderson",76978,33.7758840188106,0.0276752767527675,37.6731014055964,0,61.0564057263114,2.76752767527675
2021-05-24,8747,8,6476,4,2271,4,7268,3,65574,59,72842,62,0,172,1,48,7,8527,0,228,175,"Anderson",76978,36.3740289433345,0.0240740740740741,80.5424926602406,10.3925796980956,62.3554781885734,2.40740740740741
2021-05-25,8749,2,6476,0,2273,2,7269,1,65619,45,72888,46,0,172,-10,38,12,8539,0,228,175,"Anderson",76978,33.7758840188106,0.0282828282828283,59.7573332640495,2.59814492452389,49.3647535659539,2.82828282828283
2021-05-26,8756,7,6481,5,2275,2,7275,6,65719,100,72994,106,0,172,0,38,7,8546,0,228,175,"Anderson",76978,33.7758840188106,0.0294117647058824,137.701680999766,9.09350723583361,49.3647535659539,2.94117647058824
2021-05-27,8758,2,6482,1,2276,1,7276,1,65769,50,73045,51,0,172,-1,37,3,8549,1,229,175,"Anderson",76978,33.7758840188106,0.0320197044334975,66.2526955753592,2.59814492452389,48.065681103692,3.20197044334975
2021-05-28,8763,5,6486,4,2277,1,7281,5,65852,83,73133,88,0,172,0,37,5,8554,0,229,175,"Anderson",76978,37.6731014055964,0.0424528301886792,114.318376679051,6.49536231130973,48.065681103692,4.24528301886792
2021-05-29,8764,1,6486,0,2278,1,7281,0,65889,37,73170,37,0,172,-5,32,6,8560,0,229,175,"Anderson",76978,32.4768115565486,0.0381861575178998,48.065681103692,1.29907246226194,41.5703187923822,3.81861575178998
2021-05-30,8767,3,6487,1,2280,2,7282,1,65939,50,73221,51,0,172,0,32,3,8563,0,229,175,"Anderson",76978,36.3740289433345,0.0385487528344671,66.2526955753592,3.89721738678583,41.5703187923822,3.85487528344671
2021-05-31,8771,4,6490,3,2281,1,7285,3,65990,51,73275,54,0,172,1,33,3,8566,0,229,175,"Anderson",76978,31.1777390942867,0.0392609699769053,70.149912962145,5.19628984904778,42.8693912546442,3.92609699769053
2021-06-01,8774,3,6492,2,2282,1,7286,1,66038,48,73324,49,0,172,1,34,2,8568,1,230,175,"Anderson",76978,32.4768115565486,0.0389908256880734,63.6545506508353,3.89721738678583,44.1684637169061,3.89908256880734
2021-06-02,8778,4,6493,1,2285,3,7288,2,66079,41,73367,43,0,172,-2,32,6,8574,0,230,175,"Anderson",76978,28.5795941697628,0.0348525469168901,55.8601158772636,5.19628984904778,41.5703187923822,3.48525469168901
2021-06-03,8779,1,6493,0,2286,1,7291,3,66169,90,73460,93,1,173,-3,29,3,8577,0,230,175,"Anderson",76978,27.2805217075008,0.036144578313253,120.813738990361,1.29907246226194,37.6731014055964,3.6144578313253
2021-06-04,8780,1,6494,1,2286,0,7293,2,66222,53,73515,55,-1,172,-2,27,4,8581,0,230,175,"Anderson",76978,22.0842318584531,0.031413612565445,71.448985424407,1.29907246226194,35.0749564810725,3.1413612565445
2021-06-05,8781,1,6495,1,2286,0,7294,1,66279,57,73573,58,0,172,-3,24,4,8585,0,230,175,"Anderson",76978,22.0842318584531,0.032258064516129,75.3462028111928,1.29907246226194,31.1777390942867,3.2258064516129
2021-06-06,8781,0,6495,0,2286,0,7294,0,66304,25,73598,25,0,172,-4,20,4,8589,0,230,175,"Anderson",76978,18.1870144716672,0.0318302387267905,32.4768115565486,0,25.9814492452389,3.18302387267904
2021-06-07,8782,1,6495,0,2287,1,7294,0,66368,64,73662,64,0,172,-1,19,2,8591,0,230,175,"Anderson",76978,14.2897970848814,0.0232558139534884,83.1406375847645,1.29907246226194,24.682376782977,2.32558139534884
2021-06-08,8783,1,6495,0,2288,1,7294,0,66405,37,73699,37,0,172,-1,18,2,8593,1,231,176,"Anderson",76978,11.6916521603575,0.0213333333333333,48.065681103692,1.29907246226194,23.383304320715,2.13333333333333
2021-06-09,8783,0,6495,0,2288,0,7294,0,66487,82,73781,82,0,172,-4,14,4,8597,0,231,176,"Anderson",76978,6.49536231130972,0.0144927536231884,106.523941905479,0,18.1870144716672,1.44927536231884
2021-06-10,8787,4,6496,1,2291,3,7295,1,66544,57,73839,58,0,172,4,18,0,8597,0,231,176,"Anderson",76978,10.3925796980956,0.0105540897097625,75.3462028111928,5.19628984904778,23.383304320715,1.05540897097625
2021-06-11,8788,1,6496,0,2292,1,7296,1,66599,55,73895,56,1,173,-3,15,3,8600,0,231,176,"Anderson",76978,10.3925796980956,0.00789473684210526,72.7480578866689,1.29907246226194,19.4860869339292,0.789473684210526
2021-06-12,8789,1,6496,0,2293,1,7297,1,66654,55,73951,56,2,175,-4,11,3,8603,0,231,176,"Anderson",76978,10.3925796980956,0.00793650793650794,72.7480578866689,1.29907246226194,14.2897970848814,0.793650793650794
2021-06-13,8790,1,6496,0,2294,1,7298,1,66692,38,73990,39,0,175,-3,8,4,8607,0,231,176,"Anderson",76978,11.6916521603575,0.0102040816326531,50.6638260282159,1.29907246226194,10.3925796980956,1.02040816326531
2021-06-14,8792,2,6498,2,2294,0,7300,2,66778,86,74078,88,0,175,1,9,1,8608,0,231,176,"Anderson",76978,12.9907246226194,0.0144230769230769,114.318376679051,2.59814492452389,11.6916521603575,1.44230769230769
2021-06-15,8792,0,6498,0,2294,0,7301,1,66809,31,74110,32,0,175,-1,8,1,8609,0,231,176,"Anderson",76978,11.6916521603575,0.0170316301703163,41.5703187923822,0,10.3925796980956,1.70316301703163
2021-06-16,8793,1,6499,1,2294,0,7302,1,66853,44,74155,45,0,175,0,8,1,8610,0,231,176,"Anderson",76978,12.9907246226194,0.0213903743315508,58.4582608017875,1.29907246226194,10.3925796980956,2.13903743315508
2021-06-17,8793,0,6499,0,2294,0,7302,0,66939,86,74241,86,0,175,-1,7,1,8611,0,231,176,"Anderson",76978,7.79443477357167,0.0174129353233831,111.720231754527,0,9.09350723583361,1.74129353233831
2021-06-18,8795,2,6500,1,2295,1,7306,4,66989,50,74295,54,0,175,1,8,1,8612,0,231,176,"Anderson",76978,9.09350723583361,0.025,70.149912962145,2.59814492452389,10.3925796980956,2.5
2021-06-19,8795,0,6500,0,2295,0,7306,0,67037,48,74343,48,0,175,-1,7,1,8613,0,231,176,"Anderson",76978,7.79443477357167,0.0229591836734694,62.3554781885734,0,9.09350723583361,2.29591836734694
2021-06-20,8795,0,6500,0,2295,0,7307,1,67060,23,74367,24,0,175,-2,5,2,8615,0,231,176,"Anderson",76978,6.49536231130972,0.0238726790450928,31.1777390942867,0,6.49536231130973,2.38726790450928
2021-06-21,8796,1,6500,0,2296,1,7307,0,67100,40,74407,40,0,175,0,5,1,8616,0,231,176,"Anderson",76978,5.19628984904778,0.0212765957446809,51.9628984904778,1.29907246226194,6.49536231130973,2.12765957446809
2021-06-22,8800,4,6501,1,2299,3,7307,0,67142,42,74449,42,0,175,2,7,2,8618,1,232,176,"Anderson",76978,10.3925796980956,0.0176991150442478,54.5610434150017,5.19628984904778,9.09350723583361,1.76991150442478
2021-06-23,8801,1,6502,1,2299,0,7308,1,67190,48,74498,49,0,175,1,8,0,8618,0,232,176,"Anderson",76978,10.3925796980956,0.0174927113702624,63.6545506508353,1.29907246226194,10.3925796980956,1.74927113702624
2021-06-24,8801,0,6502,0,2299,0,7309,1,67235,45,74544,46,0,175,-3,5,3,8621,0,232,176,"Anderson",76978,10.3925796980956,0.0231023102310231,59.7573332640495,0,6.49536231130973,2.31023102310231
2021-06-25,8802,1,6503,1,2299,0,7310,1,67271,36,74581,37,0,175,1,6,0,8621,0,232,176,"Anderson",76978,9.09350723583361,0.013986013986014,48.065681103692,1.29907246226194,7.79443477357167,1.3986013986014
2021-06-26,8803,1,6504,1,2299,0,7311,1,67304,33,74615,34,0,175,0,6,1,8622,0,232,176,"Anderson",76978,10.3925796980956,0.0183823529411765,44.1684637169061,1.29907246226194,7.79443477357167,1.83823529411765
2021-06-27,8803,0,6504,0,2299,0,7311,0,67336,32,74647,32,0,175,0,6,0,8622,0,232,176,"Anderson",76978,10.3925796980956,0.0142857142857143,41.5703187923822,0,7.79443477357167,1.42857142857143
2021-06-28,8804,1,6504,0,2300,1,7312,1,67352,16,74664,17,0,175,1,7,0,8622,0,232,176,"Anderson",76978,10.3925796980956,0.0194552529182879,22.0842318584531,1.29907246226194,9.09350723583361,1.94552529182879
2021-06-29,8807,3,6507,3,2300,0,7315,3,67411,59,74726,62,0,175,2,9,1,8623,0,232,176,"Anderson",76978,9.09350723583361,0.0288808664259928,80.5424926602406,3.89721738678583,11.6916521603575,2.88808664259928
2021-06-30,8807,0,6507,0,2300,0,7315,0,67457,46,74772,46,0,175,-1,8,1,8624,0,232,176,"Anderson",76978,7.79443477357167,0.0255474452554745,59.7573332640495,0,10.3925796980956,2.55474452554745
2021-07-01,8808,1,6508,1,2300,0,7316,1,67494,37,74810,38,0,175,1,9,0,8624,0,232,176,"Anderson",76978,9.09350723583361,0.0263157894736842,49.3647535659539,1.29907246226194,11.6916521603575,2.63157894736842
2021-07-02,8808,0,6508,0,2300,0,7316,0,67537,43,74853,43,0,175,0,9,0,8624,0,232,176,"Anderson",76978,7.79443477357167,0.0220588235294118,55.8601158772636,0,11.6916521603575,2.20588235294118
2021-07-03,8808,0,6508,0,2300,0,7316,0,67558,21,74874,21,0,175,-1,8,1,8625,0,232,176,"Anderson",76978,6.49536231130972,0.0193050193050193,27.2805217075008,0,10.3925796980956,1.93050193050193
2021-07-04,8809,1,6508,0,2301,1,7317,1,67583,25,74900,26,0,175,0,8,1,8626,0,232,176,"Anderson",76978,7.79443477357167,0.0237154150197628,33.7758840188106,1.29907246226194,10.3925796980956,2.37154150197628
2021-07-05,8809,0,6508,0,2301,0,7318,1,67598,15,74916,16,0,175,-1,7,1,8627,0,232,176,"Anderson",76978,6.49536231130972,0.0238095238095238,20.7851593961911,0,9.09350723583361,2.38095238095238
2021-07-06,8810,1,6508,0,2302,1,7318,0,67628,30,74946,30,1,176,-3,4,3,8630,0,232,176,"Anderson",76978,3.89721738678583,0.0136363636363636,38.9721738678584,1.29907246226194,5.19628984904778,1.36363636363636
2021-07-07,8811,1,6508,0,2303,1,7318,0,67674,46,74992,46,0,176,-2,2,3,8633,0,232,176,"Anderson",76978,5.19628984904778,0.0136363636363636,59.7573332640495,1.29907246226194,2.59814492452389,1.36363636363636
2021-07-08,8812,1,6509,1,2303,0,7319,1,67715,41,75034,42,0,176,-1,1,2,8635,0,232,176,"Anderson",76978,5.19628984904778,0.0133928571428571,54.5610434150017,1.29907246226194,1.29907246226194,1.33928571428571
2021-07-09,8814,2,6510,1,2304,1,7320,1,67759,44,75079,45,0,176,1,2,1,8636,0,232,176,"Anderson",76978,7.79443477357167,0.0176991150442478,58.4582608017875,2.59814492452389,2.59814492452389,1.76991150442478
2021-07-10,8816,2,6511,1,2305,1,7321,1,67781,22,75102,23,0,176,2,4,0,8636,1,233,176,"Anderson",76978,10.3925796980956,0.0219298245614035,29.8786666320247,2.59814492452389,5.19628984904778,2.19298245614035
2021-07-11,8816,0,6511,0,2305,0,7321,0,67796,15,75117,15,0,176,0,4,0,8636,0,233,176,"Anderson",76978,9.09350723583361,0.0184331797235023,19.4860869339292,0,5.19628984904778,1.84331797235023
2021-07-12,8824,8,6515,4,2309,4,7325,4,67832,36,75157,40,0,176,7,11,1,8637,1,234,176,"Anderson",76978,19.4860869339292,0.029045643153527,51.9628984904778,10.3925796980956,14.2897970848814,2.9045643153527
2021-07-13,8825,1,6515,0,2310,1,7325,0,67853,21,75178,21,0,176,0,11,1,8638,0,234,177,"Anderson",76978,19.4860869339292,0.0301724137931034,27.2805217075008,1.29907246226194,14.2897970848814,3.01724137931034
2021-07-14,8830,5,6520,5,2310,0,7330,5,67907,54,75237,59,0,176,5,16,0,8638,1,235,177,"Anderson",76978,24.682376782977,0.0489795918367347,76.6452752734548,6.49536231130973,20.7851593961911,4.89795918367347
2021-07-15,8833,3,6523,3,2310,0,7332,2,67940,33,75272,35,0,176,3,19,0,8638,0,235,177,"Anderson",76978,27.2805217075008,0.0546218487394958,45.4675361791681,3.89721738678583,24.682376782977,5.46218487394958
2021-07-16,8843,10,6525,2,2318,8,7333,1,67968,28,75301,29,0,176,10,29,0,8638,0,235,177,"Anderson",76978,37.6731014055964,0.0585585585585586,37.6731014055964,12.9907246226195,37.6731014055964,5.85585585585586
2021-07-17,8848,5,6526,1,2322,4,7334,1,68004,36,75338,37,0,176,4,33,1,8639,0,235,177,"Anderson",76978,41.5703187923822,0.0550847457627119,48.065681103692,6.49536231130973,42.8693912546442,5.50847457627119
2021-07-18,8851,3,6528,2,2323,1,7336,2,68024,20,75360,22,0,176,-1,32,4,8643,0,235,177,"Anderson",76978,45.4675361791681,0.0617283950617284,28.5795941697628,3.89721738678583,41.5703187923822,6.17283950617284
2021-07-19,8856,5,6532,4,2324,1,7340,4,68058,34,75398,38,1,177,2,34,2,8645,0,235,177,"Anderson",76978,41.5703187923822,0.0622406639004149,49.3647535659539,6.49536231130973,44.1684637169061,6.22406639004149
2021-07-20,8871,15,6543,11,2328,4,7351,11,68093,35,75444,46,0,177,10,44,5,8650,1,236,177,"Anderson",76978,59.7573332640495,0.0977443609022556,59.7573332640495,19.4860869339292,57.1591883395256,9.77443609022556
2021-07-21,8878,7,6547,4,2331,3,7356,5,68178,85,75534,90,0,177,6,50,1,8651,0,236,178,"Anderson",76978,62.3554781885734,0.0875420875420875,116.916521603575,9.09350723583361,64.9536231130973,8.75420875420875
2021-07-22,8888,10,6552,5,2336,5,7360,4,68234,56,75594,60,0,177,9,59,1,8652,0,236,178,"Anderson",76978,71.448985424407,0.0869565217391304,77.9443477357167,12.9907246226195,76.6452752734548,8.69565217391304
2021-07-23,8898,10,6556,4,2342,6,7365,5,68305,71,75670,76,0,177,10,69,0,8652,0,236,178,"Anderson",76978,71.448985424407,0.0867208672086721,98.7295071319078,12.9907246226195,89.6359998960742,8.67208672086721
2021-07-24,8906,8,6560,4,2346,4,7369,4,68359,54,75728,58,0,177,7,76,1,8653,0,236,179,"Anderson",76978,75.3462028111928,0.0897435897435897,75.3462028111928,10.3925796980956,98.7295071319078,8.97435897435897
2021-07-25,8911,5,6563,3,2348,2,7370,1,68381,22,75751,23,0,177,2,78,3,8656,0,236,179,"Anderson",76978,77.9443477357167,0.0869565217391304,29.8786666320247,6.49536231130973,101.327652056432,8.69565217391304
2021-07-26,8934,23,6572,9,2362,14,7378,8,68431,50,75809,58,2,179,13,91,8,8664,0,236,179,"Anderson",76978,101.327652056432,0.0924574209245742,75.3462028111928,29.8786666320247,118.215594065837,9.24574209245742
2021-07-27,8949,15,6577,5,2372,10,7383,5,68484,53,75867,58,0,179,12,103,3,8667,0,236,179,"Anderson",76978,101.327652056432,0.0756501182033097,75.3462028111928,19.4860869339292,133.80446361298,7.56501182033097
2021-07-28,8969,20,6585,8,2384,12,7395,12,68567,83,75962,95,0,179,14,117,6,8673,0,236,179,"Anderson",76978,118.215594065837,0.0911214953271028,123.411883914885,25.9814492452389,151.991478084648,9.11214953271028
2021-07-29,8981,12,6595,10,2386,2,7407,12,68616,49,76023,61,0,179,8,125,4,8677,0,236,179,"Anderson",76978,120.813738990361,0.10955710955711,79.2434201979787,15.5888695471433,162.384057782743,10.955710955711
2021-07-30,9012,31,6616,21,2396,10,7430,23,68665,49,76095,72,0,179,19,144,12,8689,1,237,179,"Anderson",76978,148.094260697862,0.152941176470588,93.53321728286,40.2712463301203,187.06643456572,15.2941176470588
2021-07-31,9025,13,6622,6,2403,7,7436,6,68707,42,76143,48,0,179,8,152,5,8694,0,237,179,"Anderson",76978,154.589623009171,0.16144578313253,62.3554781885734,16.8879420094053,197.459014263816,16.144578313253
2021-08-01,9044,19,6633,11,2411,8,7451,15,68746,39,76197,54,0,179,14,166,5,8699,0,237,179,"Anderson",76978,172.776637480839,0.181614349775785,70.149912962145,24.682376782977,215.646028735483,18.1614349775785
2021-08-02,9055,11,6638,5,2417,6,7456,5,68825,79,76281,84,0,179,3,169,8,8707,0,237,179,"Anderson",76978,157.187767933695,0.165254237288136,109.122086830003,14.2897970848814,219.543246122269,16.5254237288136
2021-08-03,9078,23,6649,11,2429,12,7469,13,68897,72,76366,85,0,179,13,182,10,8717,1,238,179,"Anderson",76978,167.580347631791,0.172344689378758,110.421159292265,29.8786666320247,236.431188131674,17.2344689378758
2021-08-04,9104,26,6671,22,2433,4,7490,21,68999,102,76489,123,0,179,24,206,2,8719,0,238,179,"Anderson",76978,175.374782405363,0.180265654648956,159.785912858219,33.7758840188106,267.608927225961,18.0265654648956
2021-08-05,9134,30,6687,16,2447,14,7506,16,69097,98,76603,114,0,179,13,219,17,8736,1,239,179,"Anderson",76978,198.758086726078,0.170689655172414,148.094260697862,38.9721738678584,284.496869235366,17.0689655172414
2021-08-06,9159,25,6703,16,2456,9,7524,18,69240,143,76764,161,0,179,17,236,8,8744,1,240,179,"Anderson",76978,190.963651952506,0.14050822122571,209.150666424173,32.4768115565486,306.581101093819,14.050822122571
2021-08-07,9172,13,6709,6,2463,7,7531,7,69315,75,76846,82,0,179,5,241,8,8752,0,240,179,"Anderson",76978,190.963651952506,0.135135135135135,106.523941905479,16.8879420094053,313.076463405129,13.5135135135135
2021-08-08,9186,14,6717,8,2469,6,7541,10,69367,52,76908,62,0,179,6,247,8,8760,0,240,179,"Anderson",76978,184.468289641196,0.126582278481013,80.5424926602406,18.1870144716672,320.8708981787,12.6582278481013
2021-08-09,9222,36,6737,20,2485,16,7560,19,69466,99,77026,118,0,179,16,263,20,8780,0,240,179,"Anderson",76978,216.945101197745,0.139597315436242,153.29055054691,46.76660864143,341.656057574892,13.9597315436242
2021-08-10,9261,39,6757,20,2504,19,7580,20,69566,100,77146,120,0,179,20,283,19,8799,2,242,179,"Anderson",76978,237.730260593936,0.142307692307692,155.888695471433,50.6638260282159,367.63750682013,14.2307692307692
2021-08-11,9315,54,6781,24,2534,30,7609,29,69698,132,77307,161,0,179,30,313,24,8823,1,243,179,"Anderson",76978,274.10428953727,0.145476772616137,209.150666424173,70.149912962145,406.609680687989,14.5476772616137
2021-08-12,9363,48,6817,36,2546,12,7646,37,69866,168,77512,205,0,179,27,340,21,8844,0,243,181,"Anderson",76978,297.487593857985,0.154015401540154,266.309854763699,62.3554781885734,441.684637169061,15.4015401540154
2021-08-13,9427,64,6852,35,2575,29,7684,38,69980,114,77664,152,2,181,46,386,16,8860,1,244,181,"Anderson",76978,348.151419886201,0.177777777777778,197.459014263816,83.1406375847645,501.441970433111,17.7777777777778
2021-08-14,9477,50,6887,35,2590,15,7716,32,70166,186,77882,218,0,181,29,415,21,8881,0,244,181,"Anderson",76978,396.217100989893,0.178571428571429,283.197796773104,64.9536231130973,539.115071838707,17.8571428571429
2021-08-15,9500,23,6900,13,2600,10,7731,15,70255,89,77986,104,0,181,16,431,7,8888,0,244,181,"Anderson",76978,407.908753150251,0.176252319109462,135.103536075242,29.8786666320247,559.900231234898,17.6252319109462
2021-08-16,9538,38,6924,24,2614,14,7755,24,70344,89,78099,113,0,181,11,442,27,8915,0,244,182,"Anderson",76978,410.506898074775,0.181733457595527,146.7951882356,49.3647535659539,574.19002831978,18.1733457595527
2021-08-17,9581,43,6945,21,2636,22,7779,24,70452,108,78231,132,1,182,14,456,28,8943,0,244,182,"Anderson",76978,415.703187923822,0.183410138248848,171.477565018577,55.8601158772636,592.377042791447,18.3410138248848
2021-08-18,9633,52,6972,27,2661,25,7810,31,70564,112,78374,143,0,182,16,472,36,8979,0,244,182,"Anderson",76978,413.105042999299,0.188378631677601,185.767362103458,67.5517680376211,613.162202187638,18.8378631677601
2021-08-19,9707,74,7005,33,2702,41,7845,35,70716,152,78561,187,0,182,49,521,25,9004,0,244,182,"Anderson",76978,446.880927018109,0.189704480457579,242.926550442984,96.1313622073839,676.816752838473,18.9704480457579
2021-08-20,9767,60,7047,42,2720,18,7889,44,70910,194,78799,238,0,182,27,548,33,9037,2,246,182,"Anderson",76978,441.684637169061,0.180616740088106,309.179246018343,77.9443477357167,711.891709319546,18.0616740088106
2021-08-21,9848,81,7080,33,2768,48,7923,34,71184,274,79107,308,0,182,60,608,21,9058,1,247,182,"Anderson",76978,481.955883499182,0.168979591836735,400.114318376679,105.224869443218,789.836057055263,16.8979591836735
2021-08-22,9871,23,7102,22,2769,1,7951,28,71340,156,79291,184,0,182,-2,606,25,9083,0,247,182,"Anderson",76978,481.955883499182,0.168582375478927,239.029333056198,29.8786666320247,787.237912130739,16.8582375478927
2021-08-23,9919,48,7116,14,2803,34,7968,17,71475,135,79443,152,0,182,-3,603,51,9134,2,249,183,"Anderson",76978,494.946608121801,0.158482142857143,197.459014263816,62.3554781885734,783.340694743953,15.8482142857143
2021-08-24,9963,44,7143,27,2820,17,7992,24,71561,86,79553,110,1,183,-23,580,66,9200,0,249,184,"Anderson",76978,496.245680584063,0.161119515885023,142.897970848814,57.1591883395256,753.462028111928,16.1119515885023
2021-08-25,10034,71,7169,26,2865,45,8014,22,71605,44,79619,66,0,183,15,595,56,9256,1,250,184,"Anderson",76978,520.92805736704,0.163855421686747,85.7387825092884,92.2341448205981,772.948115045857,16.3855421686747
2021-08-26,10102,68,7205,36,2897,32,8058,44,71777,172,79835,216,1,184,15,610,52,9308,1,251,185,"Anderson",76978,513.133622593468,0.167189952904239,280.59965184858,88.3369274338123,792.434201979786,16.7189952904239
2021-08-27,10177,75,7260,55,2917,20,8119,61,71954,177,80073,238,0,184,30,640,45,9353,0,251,185,"Anderson",76978,532.619709527397,0.180533751962323,309.179246018343,97.4304346696459,831.406375847645,18.0533751962323
2021-08-28,10236,59,7292,32,2944,27,8159,40,72158,204,80317,244,0,184,32,672,27,9380,0,251,185,"Anderson",76978,504.040115357635,0.19504132231405,316.973680791915,76.6452752734548,872.976694640027,19.504132231405
2021-08-29,10300,64,7341,49,2959,15,8213,54,72369,211,80582,265,0,184,39,711,25,9405,1,252,186,"Anderson",76978,557.302086310374,0.20294345468629,344.254202499415,83.1406375847645,923.640520668243,20.294345468629
2021-08-30,10371,71,7387,46,2984,25,8261,48,72595,226,80856,274,0,184,3,714,68,9473,3,255,186,"Anderson",76978,587.180752942399,0.207360226468507,355.945854659773,92.2341448205981,927.537738055029,20.7360226468507
2021-08-31,10505,134,7469,82,3036,52,8348,87,72852,257,81200,344,0,184,48,762,86,9559,0,255,186,"Anderson",76978,704.097274545974,0.216150576806314,446.880927018109,174.075709943101,989.893216243602,21.6150576806314
2021-09-01,10536,31,7491,22,3045,9,8372,24,72943,91,81315,115,0,184,-17,745,48,9607,0,255,187,"Anderson",76978,652.134376055496,0.211084905660377,149.393333160124,40.2712463301203,967.808984385149,21.1084905660377
2021-09-02,10595,59,7517,26,3078,33,8401,29,73043,100,81444,129,1,185,-10,735,68,9675,0,255,187,"Anderson",76978,640.442723895139,0.213175885643257,167.580347631791,76.6452752734548,954.81825976253,21.3175885643257
2021-09-03,10624,29,7535,18,3089,11,8419,18,73116,73,81535,91,0,185,-37,698,66,9741,0,255,187,"Anderson",76978,580.685390631089,0.205198358413133,118.215594065837,37.6731014055964,906.752578658838,20.5198358413133
2021-09-04,10731,107,7605,70,3126,37,8495,76,73437,321,81932,397,0,185,82,780,25,9766,1,256,187,"Anderson",76978,643.040868819663,0.208049535603715,515.731767517992,139.000753462028,1013.27652056432,20.8049535603715
2021-09-05,10843,112,7679,74,3164,38,8571,76,73741,304,82312,380,0,185,79,859,33,9799,1,257,188,"Anderson",76978,705.396347008236,0.206936416184971,493.647535659539,145.496115773338,1115.90324508301,20.6936416184971
2021-09-06,10958,115,7756,77,3202,38,8658,87,74148,407,82806,494,0,185,4,863,111,9910,3,260,189,"Anderson",76978,762.555535347762,0.203589743589744,641.741796357401,149.393333160124,1121.09953493206,20.3589743589744
2021-09-07,10995,37,7776,20,3219,17,8676,18,74247,99,82923,117,0,185,-78,785,115,10025,0,260,189,"Anderson",76978,636.545506508353,0.190365641323273,151.991478084648,48.065681103692,1019.77188287563,19.0365641323273
2021-09-08,11036,41,7807,31,3229,10,8708,32,74354,107,83062,139,0,185,-61,724,102,10127,2,262,192,"Anderson",76978,649.536231130973,0.192329708070979,180.57107225441,53.2619709527397,940.528462677648,19.2329708070979
2021-09-09,11094,58,7828,21,3266,37,8726,18,74560,206,83286,224,0,185,-44,680,102,10229,1,263,194,"Anderson",76978,648.237158668711,0.176438653637351,290.992231546676,75.3462028111928,883.369274338123,17.6438653637351
2021-09-10,11246,152,7901,73,3345,79,8807,81,74853,293,83660,374,1,186,64,744,87,10316,2,265,195,"Anderson",76978,808.02307152693,0.182588235294118,485.853100885967,197.459014263816,966.509911922887,18.2588235294118
2021-09-11,11358,112,7964,63,3394,49,8876,69,75199,346,84075,415,0,186,79,823,33,10349,1,266,195,"Anderson",76978,814.51843383824,0.177788147456836,539.115071838707,145.496115773338,1069.13663644158,17.7788147456836
2021-09-12,11396,38,7996,32,3400,6,8911,35,75342,143,84253,178,0,186,5,828,33,10382,4,270,195,"Anderson",76978,718.387071630856,0.175167439464194,231.234898282626,49.3647535659539,1075.63199875289,17.5167439464194
2021-09-13,11484,88,8030,34,3454,54,8945,34,75472,130,84417,164,4,190,-48,780,132,10514,3,273,195,"Anderson",76978,683.312115149783,0.178150217256363,213.047883810959,114.318376679051,1013.27652056432,17.8150217256363
2021-09-14,11544,60,8060,30,3484,30,8980,35,75631,159,84611,194,1,191,-49,731,108,10622,1,274,195,"Anderson",76978,713.190781781808,0.180094786729858,252.020057678817,77.9443477357167,949.621969913482,18.0094786729858
2021-09-15,11584,40,8076,16,3508,24,8994,14,75692,61,84686,75,0,191,-41,690,81,10703,1,275,196,"Anderson",76978,711.891709319546,0.176108374384236,97.4304346696459,51.9628984904778,896.359998960742,17.6108374384236
2021-09-16,11671,87,8130,54,3541,33,9050,56,75914,222,84964,278,0,191,28,718,59,10762,1,276,196,"Anderson",76978,749.564810725142,0.193087008343266,361.142144508821,113.019304216789,932.734027904076,19.3087008343266
2021-09-17,11744,73,8172,42,3572,31,9087,37,76077,163,85164,200,0,191,15,733,58,10820,1,277,200,"Anderson",76978,646.938086206449,0.186170212765957,259.814492452389,94.832289745122,952.220114838006,18.6170212765957
2021-09-18,11796,52,8202,30,3594,22,9120,33,76231,154,85351,187,0,191,7,740,45,10865,1,278,201,"Anderson",76978,568.993738470732,0.191222570532915,242.926550442984,67.5517680376211,961.313622073839,19.1222570532915
2021-09-19,11819,23,8211,9,3608,14,9130,10,76299,68,85429,78,0,191,-15,725,38,10903,0,278,201,"Anderson",76978,549.507651536803,0.186224489795918,101.327652056432,29.8786666320247,941.82753513991,18.6224489795918
2021-09-20,11882,63,8246,35,3636,28,9166,36,76485,186,85651,222,0,191,26,751,37,10940,2,280,201,"Anderson",76978,517.030839980254,0.179092382495948,288.394086622152,81.8415651225025,975.603419158721,17.9092382495948
2021-09-21,11936,54,8272,26,3664,28,9190,24,76603,118,85793,142,0,191,-56,695,110,11050,1,281,202,"Anderson",76978,509.236405206682,0.177664974619289,184.468289641196,70.149912962145,902.855361272052,17.7664974619289
2021-09-22,11987,51,8306,34,3681,17,9230,40,76875,272,86105,312,0,191,-38,657,89,11139,0,281,203,"Anderson",76978,523.526202291564,0.16631430584919,405.310608225727,66.2526955753592,853.490607706098,16.631430584919
2021-09-23,12062,75,8354,48,3708,27,9281,51,77083,208,86364,259,2,193,-12,645,85,11224,1,282,203,"Anderson",76978,507.93733274442,0.165,336.459767725844,97.4304346696459,837.901738158955,16.5
2021-09-24,12103,41,8376,22,3727,19,9306,25,77223,140,86529,165,2,195,-17,628,56,11280,1,283,205,"Anderson",76978,466.367013952038,0.16043956043956,214.346956273221,53.2619709527397,815.817506300501,16.043956043956
2021-09-25,12113,10,8380,4,3733,6,9312,6,77318,95,86630,101,0,195,-33,595,43,11323,0,283,205,"Anderson",76978,411.805970537037,0.150117279124316,131.206318688456,12.9907246226195,772.948115045857,15.0117279124316
2021-09-26,12131,18,8395,15,3736,3,9330,18,77455,137,86785,155,1,196,-11,584,28,11351,0,283,205,"Anderson",76978,405.310608225727,0.147492625368732,201.356231650601,23.383304320715,758.658317960976,14.7492625368732
2021-09-27,12181,50,8416,21,3765,29,9352,22,77541,86,86893,108,1,197,-46,538,95,11446,1,284,206,"Anderson",76978,388.422666216322,0.14975845410628,140.29982592429,64.9536231130973,698.900984696926,14.975845410628
2021-09-28,12230,49,8440,24,3790,25,9379,27,77636,95,87015,122,0,197,-27,511,76,11522,1,285,206,"Anderson",76978,381.927303905012,0.154664484451718,158.486840395957,63.6545506508353,663.826028215854,15.4664484451718
2021-09-29,12266,36,8456,16,3810,20,9396,17,77827,191,87223,208,2,199,-35,476,69,11591,0,285,208,"Anderson",76978,362.441216971083,0.148479427549195,270.207072150485,46.76660864143,618.358492036686,14.8479427549195
2021-09-30,12328,62,8494,38,3834,24,9436,40,77999,172,87435,212,0,199,2,478,60,11651,1,286,209,"Anderson",76978,345.553274961677,0.144724556489262,275.403361999532,80.5424926602406,620.95663696121,14.4724556489262
2021-10-01,12379,51,8521,27,3858,24,9465,29,78150,151,87615,180,0,199,-12,466,63,11714,1,287,210,"Anderson",76978,358.543999584297,0.146408839779006,233.83304320715,66.2526955753592,605.367767414066,14.6408839779006
2021-10-02,12396,17,8528,7,3868,10,9471,6,78230,80,87701,86,1,200,-10,456,26,11740,0,287,210,"Anderson",76978,367.63750682013,0.148459383753501,111.720231754527,22.0842318584531,592.377042791447,14.8459383753501
2021-10-03,12409,13,8537,9,3872,4,9480,9,78328,98,87808,107,4,204,-10,446,19,11759,0,287,210,"Anderson",76978,361.142144508821,0.146627565982405,139.000753462028,16.8879420094053,579.386318168827,14.6627565982405
2021-10-04,12453,44,8560,23,3893,21,9506,26,78448,120,87954,146,1,205,-24,422,67,11826,0,287,212,"Anderson",76978,353.347709735249,0.145146088595664,189.664579490244,57.1591883395256,548.208579074541,14.5146088595664
2021-10-05,12506,53,8589,29,3917,24,9536,30,78576,128,88112,158,2,207,-15,407,66,11892,0,287,213,"Anderson",76978,358.543999584297,0.143117593436645,205.253449037387,68.8508404998831,528.722492140612,14.3117593436645
2021-10-06,12536,30,8612,23,3924,7,9562,26,78741,165,88303,191,1,208,-6,401,35,11927,0,287,214,"Anderson",76978,350.749564810725,0.153703703703704,248.122840292031,38.9721738678584,520.92805736704,15.3703703703704
2021-10-07,12568,32,8634,22,3934,10,9587,25,78881,140,88468,165,0,208,-9,392,41,11968,0,287,216,"Anderson",76978,311.777390942867,0.146176185866409,214.346956273221,41.5703187923822,509.236405206682,14.6176185866409
2021-10-08,12585,17,8639,5,3946,12,9597,10,79011,130,88608,140,1,209,-14,378,30,11998,1,288,216,"Anderson",76978,267.608927225961,0.132930513595166,181.870144716672,22.0842318584531,491.049390735015,13.2930513595166
2021-10-09,12600,15,8642,3,3958,12,9604,7,79073,62,88677,69,0,209,-11,367,26,12024,0,288,217,"Anderson",76978,265.010782301437,0.136270491803279,89.6359998960742,19.4860869339292,476.759593650134,13.6270491803279
2021-10-10,12610,10,8650,8,3960,2,9613,9,79160,87,88773,96,0,209,-16,351,26,12050,0,288,217,"Anderson",76978,261.113564914651,0.137823834196891,124.710956377147,12.9907246226195,455.974434253943,13.7823834196891
2021-10-11,12651,41,8664,14,3987,27,9626,13,79261,101,88887,114,0,209,-11,340,52,12102,1,289,217,"Anderson",76978,257.216347527865,0.128617363344051,148.094260697862,53.2619709527397,441.684637169061,12.8617363344051
2021-10-12,12686,35,8688,24,3998,11,9648,22,79360,99,89008,121,2,211,-8,332,41,12143,3,292,217,"Anderson",76978,233.83304320715,0.125,157.187767933695,45.4675361791681,431.292057470966,12.5
2021-10-13,12712,26,8702,14,4010,12,9666,18,79472,112,89138,130,0,211,-14,318,40,12183,1,293,219,"Anderson",76978,228.636753358102,0.124550898203593,168.879420094053,33.7758840188106,413.105042999298,12.4550898203593
2021-10-14,12731,19,8712,10,4019,9,9680,14,79575,103,89255,117,1,212,-23,295,41,12224,0,293,219,"Anderson",76978,211.748811348697,0.118170266836086,151.991478084648,24.682376782977,383.226376367274,11.8170266836086
2021-10-15,12754,23,8724,12,4030,11,9693,13,79697,122,89390,135,0,212,-14,281,37,12261,1,294,219,"Anderson",76978,219.543246122269,0.122762148337596,175.374782405363,29.8786666320247,365.039361895607,12.2762148337596
2021-10-16,12762,8,8729,5,4033,3,9700,7,79752,55,89452,62,0,212,-14,267,22,12283,1,295,219,"Anderson",76978,210.449738886435,0.123870967741935,80.5424926602406,10.3925796980956,346.852347423939,12.3870967741935
2021-10-17,12764,2,8730,1,4034,1,9701,1,79803,51,89504,52,0,212,-9,258,11,12294,0,295,219,"Anderson",76978,200.05715918834,0.120383036935705,67.5517680376211,2.59814492452389,335.160695263582,12.0383036935705
2021-10-18,12788,24,8740,10,4048,14,9712,11,79871,68,89583,79,1,213,-28,230,51,12345,1,296,219,"Anderson",76978,177.972927329886,0.123563218390805,102.626724518694,31.1777390942867,298.786666320247,12.3563218390805
2021-10-19,12817,29,8753,13,4064,16,9723,11,79982,111,89705,122,2,215,-17,213,44,12389,0,296,219,"Anderson",76978,170.178492556315,0.107604017216643,158.486840395957,37.6731014055964,276.702434461794,10.7604017216643
2021-10-20,12851,34,8778,25,4073,9,9752,29,80093,111,89845,140,0,215,11,224,23,12412,1,297,219,"Anderson",76978,180.57107225441,0.121640735502122,181.870144716672,44.1684637169061,290.992231546676,12.1640735502122
2021-10-21,12883,32,8796,18,4087,14,9770,18,80186,93,89956,111,0,215,10,234,22,12434,1,298,220,"Anderson",76978,197.459014263816,0.128388017118402,144.197043311076,41.5703187923822,303.982956169295,12.8388017118402
2021-10-22,12892,9,8802,6,4090,3,9778,8,80262,76,90040,84,0,215,-24,210,33,12467,1,299,220,"Anderson",76978,179.271999792148,0.130769230769231,109.122086830003,11.6916521603575,272.805217075008,13.0769230769231
2021-10-23,12909,17,8806,4,4103,13,9782,4,80315,53,90097,57,0,215,3,213,14,12481,1,300,220,"Anderson",76978,190.963651952506,0.127131782945736,74.0471303489309,22.0842318584531,276.702434461794,12.7131782945736
2021-10-24,12915,6,8811,5,4104,1,9789,7,80367,52,90156,59,0,215,-11,202,17,12498,0,300,220,"Anderson",76978,196.159941801554,0.134969325153374,76.6452752734548,7.79443477357167,262.412637376913,13.4969325153374
2021-10-25,12939,24,8824,13,4115,11,9803,14,80438,71,90241,85,1,216,-9,193,32,12530,2,302,220,"Anderson",76978,196.159941801554,0.138297872340426,110.421159292265,31.1777390942867,250.720985216555,13.8297872340426
2021-10-26,12951,12,8830,6,4121,6,9809,6,80502,64,90311,70,0,216,-8,185,20,12550,0,302,221,"Anderson",76978,174.075709943101,0.141914191419142,90.9350723583361,15.5888695471433,240.32840551846,14.1914191419142
2021-10-27,12969,18,8840,10,4129,8,9822,13,80623,121,90445,134,1,217,-5,180,22,12572,2,304,222,"Anderson",76978,153.29055054691,0.116666666666667,174.075709943101,23.383304320715,233.83304320715,11.6666666666667
2021-10-28,12991,22,8854,14,4137,8,9839,17,80705,82,90544,99,1,218,6,186,15,12587,0,304,223,"Anderson",76978,140.29982592429,0.11734693877551,128.608173763933,28.5795941697628,241.627477980722,11.734693877551
2021-10-29,13012,21,8865,11,4147,10,9851,12,80819,114,90670,126,0,218,7,193,14,12601,1,305,223,"Anderson",76978,155.888695471433,0.115873015873016,163.683130245005,27.2805217075008,250.720985216555,11.5873015873016
2021-10-30,13024,12,8869,4,4155,8,9856,5,80906,87,90762,92,0,218,0,193,12,12613,1,306,223,"Anderson",76978,149.393333160124,0.111278195488722,119.514666528099,15.5888695471433,250.720985216555,11.1278195488722
2021-10-31,13027,3,8871,2,4156,1,9859,3,80945,39,90804,42,0,218,-8,185,11,12624,0,306,223,"Anderson",76978,145.496115773338,0.108024691358025,54.5610434150017,3.89721738678583,240.32840551846,10.8024691358025
2021-11-01,13054,27,8875,4,4179,23,9863,4,81033,88,90896,92,1,219,-14,171,40,12664,1,307,224,"Anderson",76978,149.393333160124,0.0916030534351145,119.514666528099,35.0749564810725,222.141391046793,9.16030534351145
2021-11-02,13074,20,8880,5,4194,15,9868,5,81109,76,90977,81,2,221,-6,165,24,12688,1,308,224,"Anderson",76978,159.785912858219,0.0885885885885886,105.224869443218,25.9814492452389,214.346956273221,8.85885885885886
2021-11-03,13103,29,8897,17,4206,12,9885,17,81309,200,91194,217,1,222,10,175,18,12706,0,308,224,"Anderson",76978,174.075709943101,0.0841121495327103,281.898724310842,37.6731014055964,227.33768089584,8.41121495327103
2021-11-04,13125,22,8912,15,4213,7,9901,16,81442,133,91343,149,0,222,5,180,17,12723,0,308,224,"Anderson",76978,174.075709943101,0.0775969962453066,193.56179687703,28.5795941697628,233.83304320715,7.75969962453066
2021-11-05,13135,10,8915,3,4220,7,9902,1,81564,122,91466,123,0,222,3,183,7,12730,0,308,224,"Anderson",76978,159.785912858219,0.064070351758794,159.785912858219,12.9907246226195,237.730260593936,6.4070351758794
2021-11-06,13144,9,8919,4,4225,5,9907,5,81651,87,91558,92,0,222,-3,180,12,12742,2,310,225,"Anderson",76978,155.888695471433,0.064070351758794,119.514666528099,11.6916521603575,233.83304320715,6.4070351758794
2021-11-07,13150,6,8924,5,4226,1,9913,6,81699,48,91612,54,0,222,-3,177,9,12751,0,310,225,"Anderson",76978,159.785912858219,0.0668316831683168,70.149912962145,7.79443477357167,229.935825820364,6.68316831683168
2021-11-08,13175,25,8935,11,4240,14,9926,13,81787,88,91713,101,1,223,0,177,24,12775,0,310,225,"Anderson",76978,157.187767933695,0.0771113831089351,131.206318688456,32.4768115565486,229.935825820364,7.71113831089351
2021-11-09,13198,23,8942,7,4256,16,9932,6,81945,158,91877,164,1,224,6,183,16,12791,0,310,226,"Anderson",76978,161.084985320481,0.0711111111111111,213.047883810959,29.8786666320247,237.730260593936,7.11111111111111
2021-11-10,13217,19,8954,12,4263,7,9945,13,82061,116,92006,129,0,224,5,188,14,12805,1,311,228,"Anderson",76978,148.094260697862,0.0738916256157636,167.580347631791,24.682376782977,244.225622905246,7.38916256157635
2021-11-11,13239,22,8971,17,4268,5,9962,17,82251,190,92213,207,0,224,1,189,21,12826,0,311,229,"Anderson",76978,148.094260697862,0.0701149425287356,268.907999688223,28.5795941697628,245.524695367508,7.01149425287356
2021-11-12,13252,13,8978,7,4274,6,9970,8,82384,133,92354,141,0,224,0,189,13,12839,0,311,229,"Anderson",76978,151.991478084648,0.0765765765765766,183.169217178934,16.8879420094053,245.524695367508,7.65765765765766
2021-11-13,13259,7,8982,4,4277,3,9974,4,82435,51,92409,55,3,227,-13,176,17,12856,1,312,230,"Anderson",76978,149.393333160124,0.0787309048178613,71.448985424407,9.09350723583361,228.636753358102,7.87309048178613
2021-11-14,13261,2,8984,2,4277,0,9977,3,82514,79,92491,82,0,227,-5,171,7,12863,0,312,230,"Anderson",76978,144.197043311076,0.0728100113765643,106.523941905479,2.59814492452389,222.141391046793,7.28100113765643
2021-11-15,13292,31,8997,13,4295,18,9991,14,82599,85,92590,99,0,227,4,175,27,12890,0,312,230,"Anderson",76978,151.991478084648,0.0741163055872292,128.608173763933,40.2712463301203,227.33768089584,7.41163055872292
2021-11-16,13317,25,9010,13,4307,12,10004,13,82725,126,92729,139,1,228,-3,172,27,12917,0,312,231,"Anderson",76978,154.589623009171,0.0845070422535211,180.57107225441,32.4768115565486,223.440463509055,8.45070422535211
2021-11-17,13334,17,9019,9,4315,8,10013,9,82839,114,92852,123,0,228,-1,171,18,12935,2,314,233,"Anderson",76978,151.991478084648,0.0803782505910166,159.785912858219,22.0842318584531,222.141391046793,8.03782505910165
2021-11-18,13357,23,9033,14,4324,9,10031,18,82974,135,93005,153,4,232,5,176,14,12949,0,314,234,"Anderson",76978,153.29055054691,0.0871212121212121,198.758086726078,29.8786666320247,228.636753358102,8.71212121212121
2021-11-19,13371,14,9038,5,4333,9,10038,7,83083,109,93121,116,1,233,3,179,10,12959,0,314,234,"Anderson",76978,154.589623009171,0.0886571056062582,150.692405622386,18.1870144716672,232.533970744888,8.86571056062582
2021-11-20,13380,9,9043,5,4337,4,10043,5,83176,93,93219,98,0,233,-8,171,17,12976,0,314,235,"Anderson",76978,157.187767933695,0.0851851851851852,127.309101301671,11.6916521603575,222.141391046793,8.51851851851852
2021-11-21,13392,12,9049,6,4343,6,10049,6,83216,40,93265,46,0,233,6,177,6,12982,0,314,235,"Anderson",76978,170.178492556315,0.0930232558139535,59.7573332640495,15.5888695471433,229.935825820364,9.30232558139535
2021-11-22,13420,28,9066,17,4354,11,10067,18,83338,122,93405,140,1,234,6,183,21,13003,0,314,235,"Anderson",76978,166.281275169529,0.0932515337423313,181.870144716672,36.3740289433345,237.730260593936,9.32515337423313
2021-11-23,13437,17,9071,5,4366,12,10072,5,83435,97,93507,102,0,234,-3,180,20,13023,0,314,235,"Anderson",76978,155.888695471433,0.0874035989717224,132.505391150718,22.0842318584531,233.83304320715,8.74035989717224
2021-11-24,13462,25,9085,14,4377,11,10084,12,83545,110,93629,122,1,235,8,188,16,13039,0,314,235,"Anderson",76978,166.281275169529,0.0913770913770914,158.486840395957,32.4768115565486,244.225622905246,9.13770913770914
2021-11-25,13467,5,9087,2,4380,3,10085,1,83590,45,93675,46,0,235,-10,178,15,13054,1,315,235,"Anderson",76978,142.897970848814,0.0805970149253731,59.7573332640495,6.49536231130973,231.234898282626,8.05970149253731
2021-11-26,13474,7,9093,6,4381,1,10094,9,83633,43,93727,52,0,235,-6,172,13,13067,0,315,235,"Anderson",76978,133.80446361298,0.0924092409240924,67.5517680376211,9.09350723583361,223.440463509055,9.24092409240924
2021-11-27,13479,5,9095,2,4384,3,10096,2,83669,36,93765,38,0,235,-5,167,10,13077,0,315,235,"Anderson",76978,128.608173763933,0.0970695970695971,49.3647535659539,6.49536231130973,216.945101197745,9.70695970695971
2021-11-28,13489,10,9096,1,4393,9,10097,1,83707,38,93804,39,0,235,-11,156,21,13098,0,315,235,"Anderson",76978,126.010028839409,0.0890538033395176,50.6638260282159,12.9907246226195,202.655304112863,8.90538033395176
2021-11-29,13516,27,9111,15,4405,12,10113,16,83786,79,93899,95,0,235,7,163,20,13118,0,315,235,"Anderson",76978,124.710956377147,0.0931174089068826,123.411883914885,35.0749564810725,211.748811348697,9.31174089068826
2021-11-30,13543,27,9123,12,4420,15,10125,12,83888,102,94013,114,0,235,11,174,16,13134,0,315,235,"Anderson",76978,137.701680999766,0.104743083003953,148.094260697862,35.0749564810725,226.038608433578,10.4743083003953
2021-12-01,13576,33,9142,19,4434,14,10144,19,83995,107,94139,126,0,235,19,193,14,13148,0,315,235,"Anderson",76978,148.094260697862,0.117647058823529,163.683130245005,42.8693912546442,250.720985216555,11.7647058823529
2021-12-02,13619,43,9166,24,4453,19,10169,25,84133,138,94302,163,0,235,28,221,15,13163,0,315,235,"Anderson",76978,197.459014263816,0.133971291866029,211.748811348697,55.8601158772636,287.09501415989,13.3971291866029
2020-03-12,1,1,1,1,0,0,1,1,11,11,12,12,NA,NA,NA,NA,0,0,0,0,0,"East TN",2455501,NA,NA,0.488698640318208,0.040724886693184,NA,NA
2020-03-13,1,0,1,0,0,0,1,0,23,12,24,12,NA,NA,NA,NA,0,0,0,0,0,"East TN",2455501,NA,NA,0.488698640318208,0,NA,NA
2020-03-14,3,2,3,2,0,0,3,2,51,28,54,30,NA,NA,NA,NA,0,0,0,0,0,"East TN",2455501,NA,NA,1.22174660079552,0.081449773386368,NA,NA
2020-03-15,3,0,3,0,0,0,3,0,54,3,57,3,NA,NA,NA,NA,0,0,0,0,0,"East TN",2455501,NA,NA,0.122174660079552,0,NA,NA
2020-03-16,5,2,5,2,0,0,5,2,90,36,95,38,NA,NA,NA,NA,0,0,0,0,0,"East TN",2455501,NA,NA,1.54754569434099,0.081449773386368,NA,NA
2020-03-17,6,1,6,1,0,0,5,0,131,41,136,41,NA,NA,NA,NA,0,0,0,0,0,"East TN",2455501,NA,NA,1.66972035442054,0.040724886693184,NA,NA
2020-03-18,8,2,8,2,0,0,7,2,172,41,179,43,NA,NA,NA,NA,0,0,0,0,0,"East TN",2455501,0.325799093545472,0.0391061452513966,1.75117012780691,0.081449773386368,NA,3.91061452513966
2020-03-19,11,3,11,3,0,0,11,4,239,67,250,71,NA,NA,NA,NA,0,0,0,0,0,"East TN",2455501,0.40724886693184,0.0420168067226891,2.89146695521606,0.122174660079552,NA,4.20168067226891
2020-03-20,29,18,29,18,0,0,27,16,383,144,410,160,NA,NA,NA,NA,3,3,2,2,0,"East TN",2455501,1.14029682740915,0.0673575129533679,6.51598187090944,0.733047960477312,NA,6.73575129533679
2020-03-21,38,9,38,9,0,0,38,11,611,228,649,239,NA,NA,NA,NA,3,6,1,3,1,"East TN",2455501,1.42537103426144,0.0588235294117647,9.73324791967098,0.366523980238656,NA,5.88235294117647
2020-03-22,48,10,47,9,1,1,43,5,714,103,757,108,NA,NA,NA,NA,2,8,4,7,2,"East TN",2455501,1.83261990119328,0.0571428571428571,4.39828776286387,0.40724886693184,NA,5.71428571428571
2020-03-23,64,16,63,16,1,0,56,13,847,133,903,146,NA,NA,NA,NA,7,15,4,11,2,"East TN",2455501,2.40276831489786,0.0631188118811881,5.94583345720486,0.651598187090944,NA,6.31188118811881
2020-03-24,83,19,82,19,1,0,70,14,988,141,1058,155,NA,NA,NA,NA,7,22,5,16,2,"East TN",2455501,3.13581627537517,0.0704989154013015,6.31235743744352,0.773772847170496,NA,7.04989154013015
2020-03-25,116,33,115,33,1,0,99,29,1289,301,1388,330,NA,NA,NA,NA,15,37,12,28,3,"East TN",2455501,4.39828776286387,0.076095947063689,13.4392126087507,1.34392126087507,NA,7.6095947063689
2020-03-26,144,28,143,28,1,0,130,31,1775,486,1905,517,NA,NA,NA,NA,15,52,5,33,4,"East TN",2455501,5.41640993019347,0.0719033232628399,21.0547664203761,1.14029682740915,NA,7.19033232628399
2020-03-27,166,22,165,22,1,0,147,17,2172,397,2319,414,NA,NA,NA,NA,17,69,6,39,4,"East TN",2455501,5.57930947696621,0.0628601361969618,16.8601030909782,0.895947507250048,NA,6.28601361969618
2020-03-28,197,31,196,31,1,0,180,33,2609,437,2789,470,NA,NA,NA,NA,12,81,8,47,4,"East TN",2455501,6.47525698421626,0.0663551401869159,19.1406967457965,1.2624714874887,NA,6.63551401869159
2020-03-29,213,16,212,16,1,0,196,16,2796,187,2992,203,NA,NA,NA,NA,27,108,3,50,7,"East TN",2455501,6.71960630437536,0.0684563758389262,8.26715199871635,0.651598187090944,NA,6.84563758389262
2020-03-30,246,33,245,33,1,0,226,30,3346,550,3572,580,NA,NA,NA,NA,33,141,8,58,9,"East TN",2455501,7.41192937815949,0.0636942675159236,23.6204342820467,1.34392126087507,NA,6.36942675159236
2020-03-31,295,49,294,49,1,0,278,52,3646,300,3924,352,NA,NA,NA,NA,39,180,12,70,10,"East TN",2455501,8.63367597895501,0.0725750174459177,14.3351601160008,1.99551944796602,NA,7.25750174459177
2020-04-01,346,51,345,51,1,0,336,58,4244,598,4580,656,NA,NA,NA,NA,36,216,9,79,12,"East TN",2455501,9.36672393943232,0.0742481203007519,26.7155256707287,2.07696922135238,NA,7.42481203007519
2020-04-02,391,45,390,45,1,0,383,47,4840,596,5223,643,2,7,NA,134,34,250,5,84,14,"East TN",2455501,10.0590470132164,0.0762507534659433,26.1861021437173,1.83261990119328,5.45713481688666,7.62507534659433
2020-04-03,412,21,411,21,1,0,401,18,5125,285,5526,303,1,8,-13,121,33,283,2,86,17,"East TN",2455501,10.0183221265233,0.0792017461802308,12.3396406680348,0.855222620556864,4.92771128987526,7.92017461802307
2020-04-04,447,35,446,35,1,0,431,30,5717,592,6148,622,3,11,0,121,32,315,5,91,19,"East TN",2455501,10.181221673296,0.0747246204227449,25.3308795231604,1.42537103426144,4.92771128987526,7.47246204227449
2020-04-05,473,26,472,26,1,0,464,33,6094,377,6558,410,-1,10,1,122,26,341,2,93,20,"East TN",2455501,10.5884705402278,0.0751542344363432,16.6972035442054,1.05884705402278,4.96843617656845,7.51542344363432
2020-04-06,514,41,513,41,1,0,514,50,6627,533,7141,583,8,18,0,122,33,374,5,98,20,"East TN",2455501,10.9142696337733,0.080694872513309,23.7426089421263,1.66972035442054,4.96843617656845,8.06948725133091
2020-04-07,570,56,569,56,1,0,592,78,7756,1129,8348,1207,0,18,19,141,37,411,7,105,21,"East TN",2455501,11.1993438406256,0.0709764918625678,49.1549382386731,2.2805936548183,5.74220902373894,7.09764918625678
2020-04-08,607,37,606,37,1,0,632,40,8163,407,8795,447,1,19,4,145,32,443,8,113,25,"East TN",2455501,10.629195426921,0.0702253855278766,18.2040243518532,1.50682080764781,5.90510857051168,7.02253855278766
2020-04-09,633,26,632,26,1,0,662,30,8614,451,9276,481,3,22,3,148,20,463,2,115,25,"East TN",2455501,9.85542257975053,0.0688378978534419,19.5886704994215,1.05884705402278,6.02728323059123,6.88378978534419
2020-04-10,655,22,654,22,1,0,682,20,8942,328,9624,348,0,22,-7,141,29,492,4,119,25,"East TN",2455501,9.89614746644371,0.0685700341630063,14.172260569228,0.895947507250048,5.74220902373894,6.85700341630063
2020-04-11,679,24,678,24,1,0,728,46,10023,1081,10751,1127,2,24,-5,136,27,519,5,124,27,"East TN",2455501,9.44817371281869,0.0645231370845101,45.8969473032184,0.977397280636416,5.53858459027302,6.45231370845101
2020-04-12,709,30,708,30,1,0,761,33,11473,1450,12234,1483,0,24,18,154,12,531,1,125,28,"East TN",2455501,9.61107325959142,0.0523255813953488,60.3950069659919,1.22174660079552,6.27163255075034,5.23255813953488
2020-04-13,738,29,737,29,1,0,803,42,12436,963,13239,1005,0,24,-2,152,31,562,7,132,32,"East TN",2455501,9.12237461927321,0.0473925877336832,40.9285111266499,1.18102171410234,6.19018277736397,4.73925877336832
2020-04-14,749,11,748,11,1,0,823,20,12721,285,13544,305,4,28,-17,135,24,586,1,133,33,"East TN",2455501,7.28975471807994,0.0444572748267898,12.4210904414211,0.447973753625024,5.49785970357984,4.44572748267898
2020-04-15,773,24,772,24,1,0,850,27,13133,412,13983,439,2,30,-6,129,28,614,4,137,34,"East TN",2455501,6.76033119106854,0.0420200462606014,17.8782252583078,0.977397280636416,5.25351038342074,4.20200462606014
2020-04-16,801,28,800,28,1,0,886,36,13810,677,14696,713,1,31,1,130,26,640,6,143,34,"East TN",2455501,6.84178096445491,0.0413284132841328,29.0368442122402,1.14029682740915,5.29423527011392,4.13284132841328
2020-04-17,823,22,821,21,2,1,916,30,14139,329,15055,359,0,31,-1,129,23,663,3,146,35,"East TN",2455501,6.84178096445491,0.0430859878475419,14.6202343228531,0.895947507250048,5.25351038342074,4.30859878475419
2020-04-18,835,12,833,12,2,0,935,19,14920,781,15855,800,0,31,-11,118,23,686,0,146,35,"East TN",2455501,6.3530823241367,0.0405564263322884,32.5799093545472,0.488698640318208,4.80553662979571,4.05564263322884
2020-04-19,914,79,912,79,2,0,1016,81,15607,687,16623,768,1,32,66,184,12,698,1,147,35,"East TN",2455501,8.34860177210272,0.0580997949419002,31.2767129803653,3.21726604876154,7.49337915154586,5.80997949419002
2020-04-20,939,25,931,19,8,6,1033,17,16570,963,17603,980,0,32,10,194,15,713,2,149,35,"East TN",2455501,8.18570222532998,0.0527039413382218,39.9103889593203,1.0181221673296,7.9006280184777,5.27039413382218
2020-04-21,1045,106,1037,106,8,0,1154,121,19276,2706,20430,2827,0,32,83,277,23,736,6,155,36,"East TN",2455501,12.0545664611825,0.0480685448736567,115.129254681631,4.3168379894775,11.280793614012,4.80685448736567
2020-04-22,1247,202,1237,200,10,2,1354,200,21828,2552,23182,2752,2,34,177,454,23,759,2,157,36,"East TN",2455501,19.3035962925692,0.054788563974345,112.074888179642,8.22642711202317,18.4890985587055,5.4788563974345
2020-04-23,1492,245,1480,243,12,2,1601,247,22935,1107,24536,1354,0,34,236,690,9,768,3,160,36,"East TN",2455501,28.1408967049901,0.0726626016260163,55.1414965825711,9.97759723983008,28.100171818297,7.26626016260163
2020-04-24,1540,48,1527,47,13,1,1655,54,25624,2689,27279,2743,0,34,22,712,26,794,4,164,36,"East TN",2455501,29.1997437590129,0.0604548429319372,111.708364199404,1.95479456127283,28.996119325547,6.04548429319372
2020-04-25,1563,23,1546,19,17,4,1674,19,26399,775,28073,794,0,34,10,722,13,807,3,167,37,"East TN",2455501,29.6477175126379,0.0604845310198068,32.3355600343881,0.936672393943232,29.4033681924788,6.04845310198068
2020-04-26,1583,20,1565,19,18,1,1700,26,27517,1118,29217,1144,0,34,-1,721,21,828,0,167,38,"East TN",2455501,27.2449491977401,0.0543115769414007,46.5892703770025,0.81449773386368,29.3626433057857,5.43115769414007
2020-04-27,1652,69,1633,68,19,1,1772,72,28432,915,30204,987,0,34,50,771,19,847,8,175,39,"East TN",2455501,29.0368442122402,0.058646139195302,40.1954631661726,2.8100171818297,31.3988876404449,5.8646139195302
2020-04-28,1689,37,1667,34,22,3,1812,40,30606,2174,32418,2214,2,36,19,790,16,863,1,176,40,"East TN",2455501,26.2268270304105,0.0548882215548882,90.1648991387094,1.50682080764781,32.1726604876154,5.48882215548882
2020-04-29,1752,63,1729,62,23,1,1878,66,33355,2749,35233,2815,1,37,39,829,23,886,6,182,41,"East TN",2455501,20.5660677800579,0.0434818687245872,114.640556041313,2.56566786167059,33.7609310686495,4.34818687245872
2020-04-30,1774,22,1750,21,24,1,1900,22,33904,549,35804,571,0,37,-1,828,23,909,1,183,41,"East TN",2455501,11.4844180474779,0.0265353212637558,23.2539103018081,0.895947507250048,33.7202061819563,2.65353212637558
2020-05-01,1814,40,1786,36,28,4,1929,29,35566,1662,37495,1691,0,37,-16,812,56,965,0,183,41,"East TN",2455501,11.1586189539324,0.0268206734534064,68.8657833981741,1.62899546772736,33.0686079948654,2.68206734534064
2020-05-02,1835,21,1807,21,28,0,1966,37,37443,1877,39409,1914,0,37,-107,705,128,1093,2,185,41,"East TN",2455501,11.077169180546,0.0257586450247001,77.9474331307542,0.855222620556864,28.7110451186947,2.57586450247001
2020-05-03,1873,38,1840,33,33,5,2003,37,39563,2120,41566,2157,0,37,-20,685,58,1151,3,188,43,"East TN",2455501,11.8102171410234,0.0245363997084784,87.8435805971979,1.54754569434099,27.896547384831,2.45363997084784
2020-05-04,1920,47,1884,44,36,3,2060,57,41509,1946,43569,2003,0,37,-312,373,359,1510,1,189,43,"East TN",2455501,10.9142696337733,0.0215488215488215,81.5719480464475,1.91406967457965,15.1903827365576,2.15488215488215
2020-05-05,1948,28,1911,27,37,1,2092,32,44419,2910,46511,2942,2,39,-45,328,71,1581,1,190,43,"East TN",2455501,10.5477456535347,0.0198680195841907,119.812616651347,1.14029682740915,13.3577628353644,1.98680195841907
2020-05-06,1985,37,1948,37,37,0,2135,43,45463,1044,47598,1087,1,40,7,335,29,1610,0,190,43,"East TN",2455501,9.48889859951187,0.0207844723008492,44.267951835491,1.50682080764781,13.6428370422166,2.07844723008492
2020-05-07,2028,43,1989,41,39,2,2183,48,46854,1391,49037,1439,0,40,19,354,24,1634,4,194,47,"East TN",2455501,10.3441212200687,0.0213859291166024,58.6031119514918,1.75117012780691,14.4166098893871,2.13859291166024
2020-05-08,2047,19,2008,19,39,0,2219,36,48524,1670,50743,1706,1,41,-15,339,33,1667,0,194,48,"East TN",2455501,9.48889859951187,0.0218900966183575,69.4766566985719,0.773772847170496,13.8057365889894,2.18900966183575
2020-05-09,2063,16,2022,14,41,2,2237,18,51343,2819,53580,2837,0,41,-33,306,49,1716,1,195,49,"East TN",2455501,9.28527416604595,0.0191235622045022,115.536503548563,0.651598187090944,12.4618153281143,1.91235622045022
2020-05-10,2079,16,2037,15,42,1,2256,19,53907,2564,56163,2583,1,42,-27,279,42,1758,3,198,49,"East TN",2455501,8.3893266587959,0.0173323285606631,105.192382328494,0.651598187090944,11.3622433873983,1.73323285606631
2020-05-11,2140,61,2097,60,43,1,2307,51,55478,1571,57785,1622,3,45,13,292,45,1803,4,202,51,"East TN",2455501,8.95947507250048,0.0173747889701744,66.0557662163444,2.48421808828422,11.8916669144097,1.73747889701745
2020-05-12,2193,53,2150,53,43,0,2373,66,59033,3555,61406,3621,3,48,30,322,20,1823,3,205,51,"East TN",2455501,9.97759723983008,0.0188653910708291,147.464814716019,2.15841899473875,13.1134135152052,1.88653910708291
2020-05-13,2247,54,2201,51,46,3,2425,52,60658,1625,63083,1677,0,48,18,340,36,1859,7,212,53,"East TN",2455501,10.6699203136142,0.0187278010978366,68.2956349844696,2.19914388143194,13.8464614756826,1.87278010978366
2020-05-14,2278,31,2232,31,46,0,2470,45,62366,1708,64836,1753,1,49,-1,339,31,1890,2,214,54,"East TN",2455501,10.181221673296,0.0181657066902969,71.3907263731516,1.2624714874887,13.8057365889894,1.81657066902969
2020-05-15,2306,28,2260,28,46,0,2507,37,64686,2320,67193,2357,1,50,-21,318,48,1938,4,218,54,"East TN",2455501,10.5477456535347,0.0175075987841945,95.9885579358347,1.14029682740915,12.9505139684325,1.75075987841945
2020-05-16,2316,10,2270,10,46,0,2525,18,67456,2770,69981,2788,1,51,-28,290,37,1975,1,219,54,"East TN",2455501,10.3033963333756,0.0175599048838485,113.540984100597,0.40724886693184,11.8102171410234,1.75599048838485
2020-05-17,2396,80,2350,80,46,0,2604,79,69683,2227,72287,2306,0,51,59,349,21,1996,4,223,56,"East TN",2455501,12.9097890817393,0.0215827338129496,93.9115887144823,3.25799093545472,14.2129854559212,2.15827338129496
2020-05-18,2445,49,2398,48,47,1,2665,61,71561,1878,74226,1939,0,51,8,357,41,2037,3,226,56,"East TN",2455501,12.4210904414211,0.0217748312146463,78.9655552980838,1.99551944796602,14.5387845494667,2.17748312146463
2020-05-19,2486,41,2438,40,48,1,2705,40,72685,1124,75390,1164,1,52,-6,351,46,2083,3,229,56,"East TN",2455501,11.9323918011029,0.0237414187643021,47.4037681108662,1.66972035442054,14.2944352293076,2.37414187643021
2020-05-20,2528,42,2480,42,48,0,2750,45,74425,1740,77175,1785,0,52,13,364,29,2112,3,232,56,"East TN",2455501,11.4436931607847,0.0230627306273063,72.6939227473334,1.71044524111373,14.823858756319,2.30627306273063
2020-05-21,2769,241,2720,240,49,1,2988,238,75887,1462,78875,1700,0,52,211,575,30,2142,4,236,57,"East TN",2455501,19.9959193663533,0.0368972149013463,69.2323073784128,9.81469769305734,23.4168098485808,3.68972149013463
2020-05-22,2860,91,2808,88,52,3,3066,78,77412,1525,80478,1603,0,52,40,615,51,2193,6,242,57,"East TN",2455501,22.5615872280239,0.0420775310500565,65.2819933691739,3.70596468907974,25.0458053163082,4.20775310500565
2020-05-23,2926,66,2870,62,56,4,3157,91,79627,2215,82784,2306,2,54,36,651,28,2221,6,248,58,"East TN",2455501,24.8421808828422,0.0493634304459892,93.9115887144823,2.68784252175014,26.5119012372628,4.93634304459892
2020-05-24,2978,52,2922,52,56,0,3227,70,81747,2120,84974,2190,0,54,26,677,26,2247,0,248,59,"East TN",2455501,23.7018840554331,0.0491053834633877,89.187501858073,2.11769410804557,27.5707482912856,4.91053834633877
2020-05-25,3062,84,3005,83,57,1,3321,94,84397,2650,87718,2744,1,55,42,719,41,2288,2,250,59,"East TN",2455501,25.1272550896945,0.0486214052772013,111.749089086097,3.42089048222746,29.2811935323993,4.86214052772013
2020-05-26,3123,61,3057,52,66,9,3377,56,86783,2386,90160,2442,1,56,15,734,45,2333,3,253,59,"East TN",2455501,25.9417528235582,0.0454976303317536,99.4501733047553,2.48421808828422,29.8920668327971,4.54976303317536
2020-05-27,3199,76,3130,73,69,3,3444,67,88650,1867,92094,1934,0,56,40,774,36,2369,8,261,59,"East TN",2455501,27.3263989711265,0.0465178631275555,78.7619308646179,3.09509138868198,31.5210623005244,4.65178631275555
2020-05-28,3273,74,3204,74,69,0,3511,67,90049,1399,93560,1466,0,56,14,788,60,2429,1,262,59,"East TN",2455501,20.5253428933647,0.0356145726932244,59.7026838922077,3.01364161529562,32.091210714229,3.56145726932244
2020-05-29,3348,75,3278,74,70,1,3594,83,91327,1278,94921,1361,0,56,10,798,65,2494,4,266,59,"East TN",2455501,19.8737447062738,0.0365575019040366,55.4265707894234,3.0543665019888,32.4984595811608,3.65575019040366
2020-05-30,3421,73,3350,72,71,1,3675,81,93572,2245,97247,2326,0,56,-1,797,74,2568,4,270,60,"East TN",2455501,20.1588189131261,0.0358155292816152,94.726086448346,2.97291672860243,32.4577346944676,3.58155292816152
2020-05-31,3533,112,3460,110,73,2,3769,94,96355,2783,100124,2877,0,56,71,868,41,2609,1,271,61,"East TN",2455501,22.6023121147171,0.0357755775577558,117.16549901629,4.56118730963661,35.3492016496837,3.57755775577558
2020-06-01,3629,96,3553,93,76,3,3903,134,100187,3832,104090,3966,0,56,-169,699,265,2874,5,276,61,"East TN",2455501,23.0910107550353,0.0355484974346445,161.514900625168,3.90958912254566,28.4666957985356,3.55484974346445
2020-06-02,3736,107,3658,105,78,2,4018,115,104247,4060,108265,4175,1,57,16,715,90,2964,3,279,65,"East TN",2455501,24.9643555429218,0.0354045843689589,170.026401944043,4.35756287617069,29.1182939856266,3.54045843689589
2020-06-03,3786,50,3708,50,78,0,4068,50,106177,1930,110245,1980,0,57,-65,650,115,3079,4,283,66,"East TN",2455501,23.905508488899,0.0343782711696325,80.6352756525043,2.0362443346592,26.4711763505696,3.43782711696325
2020-06-04,3837,51,3757,49,80,2,4129,61,107725,1548,111854,1609,6,63,-37,613,82,3161,5,288,67,"East TN",2455501,22.9688360949558,0.0337815677271236,65.526342689333,2.07696922135238,24.9643555429218,3.37815677271236
2020-06-05,3936,99,3852,95,84,4,4211,82,109881,2156,114092,2238,1,64,-43,570,141,3302,4,292,68,"East TN",2455501,23.9462333755922,0.0321840279588963,91.1422964193458,4.03176378262522,23.2131854151149,3.21840279588963
2020-06-06,3989,53,3902,50,87,3,4286,75,112986,3105,117272,3180,1,65,-14,556,66,3368,4,296,68,"East TN",2455501,23.1317356417285,0.0305118601747815,129.505139684325,2.15841899473875,22.6430370014103,3.05118601747815
2020-06-07,4047,58,3958,56,89,2,4367,81,116950,3964,121317,4045,0,65,-8,548,66,3434,6,302,69,"East TN",2455501,20.9325917602966,0.0282168640588874,164.732166673929,2.36204342820467,22.3172379078648,2.82168640588874
2020-06-08,4207,160,4114,156,93,4,4524,157,119901,2951,124425,3108,0,65,75,623,85,3519,6,308,69,"East TN",2455501,23.5389845086604,0.0305384804524219,126.572947842416,6.51598187090944,25.3716044098536,3.05384804524219
2020-06-09,4315,108,4221,107,94,1,4642,118,122228,2327,126870,2445,1,66,-35,588,142,3661,7,315,70,"East TN",2455501,23.5797093953535,0.0335393711367912,99.5723479648349,4.39828776286387,23.9462333755922,3.35393711367912
2020-06-10,4392,77,4295,74,97,3,4716,74,125066,2838,129782,2912,0,66,-63,525,140,3801,6,321,70,"East TN",2455501,24.6792813360695,0.0331678353892614,118.590870050552,3.13581627537517,21.3805655139216,3.31678353892614
2020-06-11,4656,264,4557,262,99,2,4996,280,127357,2291,132353,2571,1,67,149,674,114,3915,8,329,70,"East TN",2455501,33.3536822017177,0.0422947460851749,104.703683688176,10.7513700870006,27.448573631206,4.22947460851749
2020-06-12,4827,171,4727,170,100,1,5168,172,129984,2627,135152,2799,2,69,24,698,145,4060,3,332,71,"East TN",2455501,36.2858740436269,0.0454415954415954,113.988957854222,6.96395562453446,28.4259709118424,4.54415954415954
2020-06-13,4975,148,4871,144,104,4,5336,168,132175,2191,137511,2359,0,69,50,748,98,4158,4,336,72,"East TN",2455501,40.1547382794794,0.051880033598498,96.0700077092211,6.02728323059123,30.4622152465016,5.1880033598498
2020-06-14,5091,116,4986,115,105,1,5471,135,136045,3870,141516,4005,0,69,30,778,86,4244,4,340,73,"East TN",2455501,42.5167817076841,0.0546561710975791,163.103171206202,4.72408685640934,31.6839618472971,5.46561710975791
2020-06-15,5274,183,5158,172,116,11,5650,179,139219,3174,144869,3353,0,69,58,836,125,4369,9,349,78,"East TN",2455501,43.4534541016273,0.0550772842887889,136.550545082246,7.45265426485267,34.0460052755018,5.50772842887889
2020-06-16,5428,154,5310,152,118,2,5808,158,141019,1800,146827,1958,3,72,64,900,87,4456,4,353,81,"East TN",2455501,45.3267988895138,0.0584256150724057,79.7393281452543,6.27163255075034,36.6523980238656,5.84256150724057
2020-06-17,5561,133,5440,130,121,3,5930,122,142459,1440,148389,1562,3,75,-6,894,136,4592,6,359,83,"East TN",2455501,47.6073925443321,0.0652442629118074,63.6122730147534,5.41640993019347,36.4080487037065,6.52442629118074
2020-06-18,5739,178,5617,177,122,1,6136,206,146050,3591,152186,3797,1,76,42,936,135,4727,10,369,83,"East TN",2455501,44.1050522887183,0.057479957646347,154.63239477402,7.24902983138675,38.1184939448202,5.7479957646347
2020-06-19,5874,135,5748,131,126,4,6254,118,147514,1464,153768,1582,4,80,22,958,109,4836,12,381,84,"East TN",2455501,42.6389563677636,0.0583369144821659,64.4267707486171,5.49785970357984,39.0144414520703,5.83369144821659
2020-06-20,5940,66,5813,65,127,1,6349,95,149689,2175,156038,2270,0,80,-44,914,110,4946,6,387,84,"East TN",2455501,39.2995156589226,0.0546769579532574,92.4454927935277,2.68784252175014,37.2225464375702,5.46769579532574
2020-06-21,6028,88,5900,87,128,1,6468,119,153039,3350,159507,3469,1,81,0,914,87,5033,3,390,87,"East TN",2455501,38.1592188315134,0.0554165971874826,141.274631938655,3.58379002900019,37.2225464375702,5.54165971874826
2020-06-22,6224,196,6089,189,135,7,6666,198,156449,3410,163115,3608,1,82,43,957,152,5185,7,397,88,"East TN",2455501,38.6886423585248,0.0556834374657459,146.935391189008,7.98207779186406,38.9737165653771,5.56834374657459
2020-06-23,6414,190,6273,184,141,6,6850,184,158254,1805,165104,1989,4,86,57,1014,129,5314,15,412,88,"East TN",2455501,40.1547382794794,0.0570115445642064,81.001799632743,7.73772847170496,41.2950351068886,5.70115445642064
2020-06-24,6592,178,6449,176,143,2,7033,183,159885,1631,166918,1814,2,88,37,1051,139,5453,9,421,88,"East TN",2455501,41.9873581806727,0.0595283069782503,73.8749444614358,7.24902983138675,42.8018559145364,5.95283069782503
2020-06-25,6761,169,6609,160,152,9,7217,184,163059,3174,170276,3358,0,88,22,1073,147,5600,8,429,88,"East TN",2455501,41.620834200434,0.0597567716970702,136.754169515712,6.8825058511481,43.6978034217864,5.97567716970702
2020-06-26,6975,214,6813,204,162,10,7389,172,164648,1589,172037,1761,1,89,67,1140,146,5746,16,445,88,"East TN",2455501,44.8381002491956,0.0621271005528491,71.716525466697,8.71512575234138,46.4263708302298,6.21271005528491
2020-06-27,7049,74,6882,69,167,5,7435,46,164857,209,172292,255,-1,88,-52,1088,127,5873,5,450,90,"East TN",2455501,45.1638993427411,0.0668143226282761,10.3848461067619,3.01364161529562,44.3086767221842,6.68143226282761
2020-06-28,7176,127,7007,125,169,2,7606,171,167946,3089,175552,3260,0,88,30,1118,97,5970,5,455,91,"East TN",2455501,46.7521699237752,0.0709255219694609,132.76313061978,5.17206061003437,45.5304233229797,7.09255219694609
2020-06-29,7519,343,7348,341,171,2,7946,340,173214,5268,181160,5608,1,89,147,1265,195,6165,22,477,92,"East TN",2455501,52.7387282676733,0.0709337766694375,228.385164575376,13.9686361357621,51.5169816668778,7.09337766694375
2020-06-30,7789,270,7614,266,175,4,8394,448,179501,6287,187895,6735,0,89,100,1365,170,6335,22,499,93,"East TN",2455501,55.996719203128,0.0677460401035496,274.282111878594,10.9957194071597,55.5894703361962,6.77460401035496
2020-07-01,8064,275,7886,272,178,3,8728,334,182705,3204,191433,3538,0,89,66,1431,209,6544,17,516,96,"East TN",2455501,59.9470332123668,0.0691413420354885,144.084649120485,11.1993438406256,58.2773128579463,6.91413420354885
2020-07-02,8544,480,8361,475,183,5,9334,606,189088,6383,198422,6989,2,91,314,1745,164,6708,24,540,99,"East TN",2455501,72.6124729739471,0.0752149506146522,284.626233098663,19.5479456127283,71.0649272796061,7.52149506146522
2020-07-03,8770,226,8581,220,189,6,9562,228,192444,3356,202006,3584,5,96,24,1769,197,6905,14,554,100,"East TN",2455501,73.1011716142653,0.0725082585338183,145.957993908371,9.20382439265958,72.0423245602425,7.25082585338183
2020-07-04,8990,220,8799,218,191,2,9842,280,197208,4764,207050,5044,2,98,77,1846,141,7046,14,568,106,"East TN",2455501,79.0470050714701,0.0692502445480177,205.41632848042,8.95947507250048,75.1781408356177,6.92502445480177
2020-07-05,9310,320,9118,319,192,1,10210,368,201056,3848,211266,4216,2,100,163,2009,155,7201,11,579,109,"East TN",2455501,86.9069082032546,0.0729125833006664,171.696122298464,13.0319637418189,81.8162973666066,7.29125833006664
2020-07-06,9544,234,9341,223,203,11,10420,210,202687,1631,213107,1841,4,104,-51,1958,281,7482,26,605,109,"East TN",2455501,82.4678955536976,0.0774407612608383,74.9745164021517,9.52962348620506,79.7393281452543,7.74407612608383
2020-07-07,9992,448,9780,439,212,9,10986,566,208965,6278,219951,6844,0,104,159,2117,289,7771,31,636,110,"East TN",2455501,89.7169253850844,0.080858497629149,278.721124528151,18.2447492385464,86.2145851294705,8.0858497629149
2020-07-08,10373,381,10151,371,222,10,11420,434,213137,4172,224557,4606,1,105,61,2178,319,8090,20,656,110,"East TN",2455501,94.0337633745619,0.0812703779736747,187.578828108805,15.5161818301031,88.6988032177547,8.12703779736747
2020-07-09,10822,449,10586,435,236,14,11892,472,219087,5950,230979,6422,1,106,149,2327,299,8389,24,680,113,"East TN",2455501,92.7712918870731,0.078569892803391,261.535222343628,18.2854741252396,94.7668113350392,7.8569892803391
2020-07-10,11289,467,11041,455,248,12,12345,453,222371,3284,234716,3737,0,106,141,2468,326,8715,27,707,115,"East TN",2455501,102.58598958013,0.0850810149801284,152.188901572429,19.0185220857169,100.509020358778,8.50810149801284
2020-07-11,11595,306,11340,299,255,7,12767,422,226849,4478,239616,4900,5,111,44,2512,257,8972,22,729,120,"East TN",2455501,106.088329835744,0.0898176011791439,199.551944796602,12.4618153281143,102.300915373278,8.98176011791439
2020-07-12,12065,470,11802,462,263,8,13400,633,232779,5930,246179,6563,1,112,222,2734,247,9219,24,753,125,"East TN",2455501,112.197062839722,0.091369976799473,267.277431367367,19.1406967457965,111.341840219165,9.1369976799473
2020-07-13,12419,354,12143,341,276,13,13743,343,236213,3434,249956,3777,3,115,-119,2615,470,9689,18,771,129,"East TN",2455501,117.084049242904,0.0901788379603246,153.817897040156,14.4166098893871,106.495578702676,9.01788379603246
2020-07-14,12934,515,12653,510,281,5,14327,584,240701,4488,255028,5072,4,119,77,2692,434,10123,34,805,133,"East TN",2455501,119.812616651347,0.0952475981412321,206.556625307829,20.9733166469898,109.631394978051,9.52475981412321
2020-07-15,13314,380,13027,374,287,6,14710,383,243798,3097,258508,3480,6,125,-105,2587,479,10602,24,829,140,"East TN",2455501,119.771891764654,0.0969043621690083,141.72260569228,15.4754569434099,105.355281875267,9.69043621690083
2020-07-16,14141,827,13839,812,302,15,15807,1097,253632,9834,269439,10931,6,131,349,2936,472,11074,43,872,142,"East TN",2455501,135.165898934678,0.101794071762871,445.163736443194,33.6794812952632,119.568267331188,10.1794071762871
2020-07-17,14609,468,14293,454,316,14,16318,511,257952,4320,274270,4831,3,134,95,3031,370,11444,24,896,147,"East TN",2455501,135.206623821371,0.100444961318704,196.741927614772,19.0592469724101,123.437131567041,10.0444961318704
2020-07-18,15118,509,14787,494,331,15,16986,668,266043,8091,283029,8759,6,140,185,3216,318,11762,27,923,150,"East TN",2455501,143.473775820087,0.0971828714901067,356.709282545599,20.7289673268307,130.97123560528,9.71828714901067
2020-07-19,15599,481,15249,462,350,19,17546,560,270896,4853,288442,5413,0,140,76,3292,405,12167,25,948,154,"East TN",2455501,143.921749573712,0.0980999929015924,220.443811670205,19.5886704994215,134.066326993962,9.80999929015924
2020-07-20,16035,436,15670,421,365,15,17957,411,273353,2457,291310,2868,2,142,-270,3022,704,12871,29,977,158,"East TN",2455501,147.261190282553,0.10190066257194,116.798975036052,17.7560505982282,123.070607586802,10.190066257194
2020-07-21,17036,1001,16654,984,382,17,19169,1212,281730,8377,300899,9589,1,143,381,3403,619,13490,61,1038,161,"East TN",2455501,167.053485215441,0.105556887794031,390.510938500941,40.7656115798772,138.586789416905,10.5556887794031
2020-07-22,17620,584,17222,568,398,16,19823,654,285030,3300,304853,3954,4,147,-80,3323,660,14150,29,1067,166,"East TN",2455501,175.36136210085,0.110324738375229,161.02620198485,23.7833338288195,135.32879848145,11.0324738375229
2020-07-23,18415,795,17995,773,420,22,20822,999,295234,10204,316056,11203,4,151,242,3565,549,14699,50,1117,171,"East TN",2455501,174.058165726668,0.107578780273291,456.24090562374,32.3762849210813,145.184221061201,10.7578780273291
2020-07-24,19018,603,18585,590,433,13,21506,684,301043,5809,322549,6493,2,153,6,3571,595,15294,34,1151,177,"East TN",2455501,179.556025430248,0.107458729468299,264.426689298844,24.55710667599,145.42857038136,10.7458729468299
2020-07-25,19996,978,19551,966,445,12,22708,1202,310658,9615,333366,10817,10,163,550,4121,418,15712,28,1179,185,"East TN",2455501,198.655997289352,0.113673838329658,440.521099360171,39.8289391859339,167.827258062611,11.3673838329658
2020-07-26,20771,775,20311,760,460,15,23605,897,318181,7523,341786,8420,1,164,391,4512,383,16095,21,1200,192,"East TN",2455501,210.629113977148,0.113583533293341,342.903545956609,31.5617871872176,183.750688759646,11.3583533293341
2020-07-27,21417,646,20935,624,482,22,24311,706,322647,4466,346958,5172,6,170,-78,4434,718,16813,38,1238,196,"East TN",2455501,219.181340182716,0.114182001150086,210.629113977148,26.3082768037969,180.574147597578,11.4182001150086
2020-07-28,22232,815,21727,792,505,23,25283,972,330868,8221,356151,9193,7,177,170,4604,638,17451,50,1288,201,"East TN",2455501,211.606511257784,0.110656627814378,374.38388337044,33.190782654945,187.497378335419,11.0656627814378
2020-07-29,22575,343,22059,332,516,11,25599,316,332440,1572,358039,1888,5,182,-337,4267,675,18126,24,1312,210,"East TN",2455501,201.791813564727,0.108600007520776,76.8885860767314,13.9686361357621,173.773091519816,10.8600007520776
2020-07-30,23763,1188,23232,1173,531,15,26980,1381,344974,12534,371954,13915,5,187,673,4940,510,18636,42,1354,216,"East TN",2455501,217.796694035148,0.110164943289563,566.686798335655,48.3811653915026,201.180940264329,11.0164943289563
2020-07-31,24385,622,23838,606,547,16,27634,654,348942,3968,376576,4622,6,193,80,5020,536,19172,25,1379,225,"East TN",2455501,218.570466882319,0.113424769096933,188.230426295896,25.3308795231604,204.438931199784,11.3424769096933
2020-08-01,24944,559,24380,542,564,17,28270,636,355916,6974,384186,7610,1,194,152,5172,406,19578,16,1395,228,"East TN",2455501,201.506739357874,0.109445100354191,309.91638773513,22.7652116614899,210.629113977148,10.9445100354191
2020-08-02,25375,431,24800,420,575,11,28754,484,359714,3798,388468,4282,4,198,49,5221,378,19956,19,1414,233,"East TN",2455501,187.497378335419,0.11029947303029,174.383964820214,17.5524261647623,212.624633425114,11.029947303029
2020-08-03,26001,626,25408,608,593,18,29462,708,363858,4144,393320,4852,3,201,-43,5178,666,20622,33,1447,241,"East TN",2455501,186.682880601555,0.11110392131487,197.597150235329,25.4937790699332,210.873463297307,11.110392131487
2020-08-04,26487,486,25874,466,613,20,29988,526,369229,5371,399217,5897,6,207,-219,4959,699,21321,33,1480,250,"East TN",2455501,173.284392879498,0.109250917196861,240.154656829706,19.7922949328874,201.954713111499,10.9250917196861
2020-08-05,26955,468,26334,460,621,8,30509,521,373442,4213,403951,4734,9,216,-223,4736,682,22003,19,1499,256,"East TN",2455501,178.375003716146,0.106943718417843,192.791613605533,19.0592469724101,192.873063378919,10.6943718417843
2020-08-06,27686,731,27027,693,659,38,31361,852,380512,7070,411873,7922,7,223,201,4937,523,22526,36,1535,262,"East TN",2455501,159.763730497361,0.109747238157268,322.622552383404,29.7698921727175,201.058765604249,10.9747238157268
2020-08-07,28241,555,27568,541,673,14,31980,619,384482,3970,416462,4589,6,229,38,4975,511,23037,34,1569,275,"East TN",2455501,157.035163088917,0.108960537531966,186.886505035021,22.6023121147171,202.60631129859,10.8960537531966
2020-08-08,28916,675,28231,663,685,12,32780,800,394558,10076,427338,10876,8,237,289,5264,378,23415,19,1588,285,"East TN",2455501,161.759249945327,0.104514275120504,442.923867675069,27.4892985178992,214.375803552921,10.4514275120504
2020-08-09,29444,528,28747,516,697,12,33414,634,398859,4301,432273,4935,2,239,115,5379,411,23826,19,1607,292,"East TN",2455501,165.709563954566,0.106380550165506,200.977315830863,21.5027401740012,219.059165522637,10.6380550165506
2020-08-10,29747,303,29039,292,708,11,33742,328,401148,2289,434890,2617,3,242,-478,4901,778,24604,26,1633,296,"East TN",2455501,152.555425552667,0.102958864565793,106.577028476063,12.3396406680348,199.592669683295,10.2958864565793
2020-08-11,30359,612,29634,595,725,17,34427,685,407248,6100,441675,6785,17,259,-7,4894,602,25206,28,1661,301,"East TN",2455501,157.686761276008,0.104550379198267,276.318356213253,24.9236306562286,199.307595476443,10.4550379198267
2020-08-12,30804,445,30058,424,746,21,34901,474,410997,3749,445898,4223,6,265,-251,4643,690,25896,25,1686,306,"East TN",2455501,156.750088882065,0.104703554485422,171.981196505316,18.1225745784669,189.085648916453,10.4703554485422
2020-08-13,31621,817,30862,804,759,13,36018,1117,419559,8562,455577,9679,6,271,202,4845,609,26505,44,1730,313,"East TN",2455501,160.252429137679,0.106557752150833,394.176178303328,33.2722324283313,197.312076028476,10.6557752150833
2020-08-14,32082,461,31294,432,788,29,36552,534,424215,4656,460767,5190,4,275,-142,4703,599,27104,18,1748,320,"East TN",2455501,156.42428978852,0.103193770454802,211.362161937625,18.7741727655578,191.529142118044,10.3193770454802
2020-08-15,32732,650,31932,638,800,12,37429,877,431148,6933,468577,7810,4,279,216,4919,430,27534,17,1765,329,"East TN",2455501,155.40616762119,0.11273309246102,318.061365073767,26.4711763505696,200.325717643772,11.273309246102
2020-08-16,33206,474,32395,463,811,11,38022,593,436614,5466,474636,6059,2,281,110,5029,362,27896,10,1775,338,"East TN",2455501,153.207023739758,0.108774166135543,246.752088474002,19.3035962925692,204.805455180022,10.8774166135543
2020-08-17,33479,273,32598,203,881,70,38249,227,438086,1472,476335,1699,8,289,-397,4632,662,28558,12,1787,344,"East TN",2455501,151.985277138963,0.108746531547834,69.1915824917196,11.1178940672392,188.637675162828,10.8746531547834
2020-08-18,34109,630,33163,565,946,65,39061,812,448683,10597,487744,11409,8,297,52,4684,570,29128,22,1809,347,"East TN",2455501,152.71832509944,0.100588248062689,464.630232282536,25.6566786167059,190.755369270874,10.0588248062689
2020-08-19,34564,455,33597,434,967,21,39558,497,453467,4784,493025,5281,7,304,-113,4571,561,29689,22,1831,354,"East TN",2455501,153.125573966372,0.0988180872960299,215.068126626705,18.5298234453987,186.153457074544,9.88180872960299
2020-08-20,35342,778,34354,757,988,21,40432,874,465006,11539,505438,12413,6,310,264,4835,508,30197,26,1857,362,"East TN",2455501,151.537303385338,0.0885261025651311,505.518018522493,31.6839618472971,196.904827161545,8.85261025651311
2020-08-21,35551,209,34551,197,1000,12,40645,213,467457,2451,508102,2664,17,327,-321,4514,513,30710,17,1874,369,"East TN",2455501,141.274631938655,0.0864687863103412,108.491098150642,8.51150131887546,183.832138533033,8.64687863103412
2020-08-22,36421,870,35409,858,1012,12,41618,973,480824,13367,522442,14340,2,329,454,4968,414,31124,20,1894,376,"East TN",2455501,150.234107011156,0.077768495312355,583.994875180259,35.4306514230701,202.321237091738,7.7768495312355
2020-08-23,36674,253,35651,242,1023,11,41872,254,485931,5107,527803,5361,0,329,-94,4874,347,31471,20,1914,381,"East TN",2455501,141.233907051962,0.0724133391013222,218.326117562159,10.3033963333756,198.493097742579,7.24133391013222
2020-08-24,36866,192,35826,175,1040,17,42070,198,487274,1343,529344,1541,8,337,-486,4388,670,32141,15,1929,391,"East TN",2455501,137.935191229814,0.0720820992661624,62.7570503941965,7.81917824509133,178.700802809691,7.20820992661624
2020-08-25,37480,614,36415,589,1065,25,42755,685,497010,9736,539765,10421,16,353,119,4507,479,32620,22,1951,399,"East TN",2455501,137.283593042723,0.0710097845101017,424.39404422967,25.005080429615,183.54706432618,7.10097845101017
2020-08-26,37825,345,36735,320,1090,25,43139,384,500972,3962,544111,4346,6,359,-208,4299,547,33167,11,1962,407,"East TN",2455501,132.803855506473,0.0700974826762714,176.990357568578,14.0500859091485,175.076287893998,7.00974826762714
2020-08-27,38686,861,37579,844,1107,17,44115,976,511262,10290,555377,11266,8,367,387,4686,466,33633,29,1991,413,"East TN",2455501,136.184021102007,0.0737499749694627,458.806573485411,35.0641274428314,190.83681904426,7.37499749694627
2020-08-28,39020,334,37893,314,1127,20,44453,338,513870,2608,558323,2946,12,379,-182,4504,504,34137,10,2001,419,"East TN",2455501,141.274631938655,0.0758248541446805,119.97551619812,13.6021121555235,183.424889666101,7.58248541446805
2020-08-29,39471,451,38328,435,1143,16,44981,528,520389,6519,565370,7047,8,387,61,4565,382,34519,16,2017,428,"East TN",2455501,124.210904414211,0.0783404770778979,286.988276526868,18.366923898626,185.909107754385,7.83404770778979
2020-08-30,39734,263,38580,252,1154,11,45248,267,522270,1881,567518,2148,8,395,-55,4510,310,34829,14,2031,431,"East TN",2455501,124.618153281143,0.0850056653657308,87.4770566169592,10.7106452003074,183.66923898626,8.50056653657308
2020-08-31,40141,407,38958,378,1183,29,45698,450,525756,3486,571454,3936,2,397,-133,4377,538,35367,16,2047,436,"East TN",2455501,133.374003920178,0.0861553075279031,160.293154024372,16.5750288841259,178.252829056066,8.61553075279031
2020-09-01,40748,607,39523,565,1225,42,46372,674,531421,5665,577793,6339,6,403,105,4482,496,35863,28,2075,445,"East TN",2455501,133.088929713325,0.0951141264331545,258.155056748093,24.7200062227627,182.528942158851,9.51141264331545
2020-09-02,41236,488,39982,459,1254,29,46825,453,536214,4793,583039,5246,7,410,22,4504,459,36322,22,2097,452,"East TN",2455501,138.912588510451,0.0946876284422524,213.642755592443,19.8737447062738,183.424889666101,9.46876284422524
2020-09-03,41791,555,40504,522,1287,33,47472,647,544471,8257,591943,8904,6,416,-39,4465,588,36910,22,2119,455,"East TN",2455501,126.450773182336,0.091806596291637,362.61439111611,22.6023121147171,181.836619085067,9.1806596291637
2020-09-04,42148,357,40847,343,1301,14,47820,348,547803,3332,595623,3680,7,423,-40,4425,390,37300,11,2130,456,"East TN",2455501,127.38744557628,0.0902680965147453,149.867583030917,14.5387845494667,180.207623617339,9.02680965147453
2020-09-05,43146,998,41830,983,1316,15,48910,1090,557121,9318,606031,10408,1,424,640,5065,357,37657,26,2156,462,"East TN",2455501,149.663958597451,0.0966282186862104,423.864620702659,40.6434369197976,206.271551100977,9.66282186862104
2020-09-06,43409,263,42077,247,1332,16,49178,268,559749,2628,608927,2896,0,424,-50,5015,313,37970,9,2165,476,"East TN",2455501,149.663958597451,0.0949069042961675,117.939271863461,10.7106452003074,204.235306766318,9.49069042961675
2020-09-07,43613,204,42274,197,1339,7,49415,237,561085,1336,610500,1573,3,427,-342,4673,543,38513,13,2178,480,"East TN",2455501,141.396806598735,0.0951954105414127,64.0602467683784,8.30787688540954,190.307395517249,9.51954105414127
2020-09-08,43924,311,42563,289,1361,22,49735,320,564511,3426,614246,3746,7,434,-302,4371,606,39119,24,2202,487,"East TN",2455501,129.342240137552,0.0922557814171673,152.555425552667,12.6654397615802,178.008479735907,9.22557814171673
2020-09-09,44257,333,42879,316,1378,17,50110,375,569657,5146,619767,5521,6,440,-161,4210,488,39607,16,2218,494,"East TN",2455501,123.029882700109,0.089441298192115,224.842099433069,13.5613872688303,171.451772978305,8.9441298192115
2020-09-10,44932,675,43517,638,1415,37,50817,707,577468,7811,628285,8518,18,458,194,4404,463,40070,39,2257,505,"East TN",2455501,127.916869103291,0.0920422651477629,346.894584852541,27.4892985178992,179.352400996782,9.20422651477629
2020-09-11,45258,326,43820,303,1438,23,51172,355,581627,4159,632799,4514,17,475,-206,4198,515,40585,26,2283,516,"East TN",2455501,126.654397615802,0.0901656982999785,183.832138533033,13.276313061978,170.963074337986,9.01656982999785
2020-09-12,45677,419,44221,401,1456,18,51684,512,588613,6986,640297,7498,10,485,92,4290,317,40902,14,2297,527,"East TN",2455501,103.074688220449,0.080954882390708,305.355200425494,17.0637275244441,174.709763913759,8.0954882390708
2020-09-13,46118,441,44642,421,1476,20,52187,503,594186,5573,646373,6076,2,487,51,4341,388,41290,21,2318,532,"East TN",2455501,110.323718051835,0.0803557122256049,247.444411547786,17.9596750316941,176.786733135112,8.03557122256049
2020-09-14,46562,444,45071,429,1491,15,52672,485,599159,4973,651831,5458,9,496,-150,4191,585,41875,23,2341,542,"East TN",2455501,120.0976908582,0.0788028356439476,222.276431571398,18.0818496917737,170.678000131134,7.88028356439477
2020-09-15,47055,493,45527,456,1528,37,53212,540,607335,8176,660547,8716,7,503,-66,4125,552,42427,19,2360,545,"East TN",2455501,127.509620236359,0.0750955702900585,354.958112417792,20.0773691397397,167.990157609384,7.50955702900585
2020-09-16,47408,353,45837,310,1571,43,53606,394,610748,3413,664354,3807,6,509,-175,3950,522,42949,17,2377,554,"East TN",2455501,128.324117970223,0.0784085047211071,155.039643640951,14.375885002694,160.863302438077,7.84085047211071
2020-09-17,47959,551,46356,519,1603,32,54183,577,617924,7176,672107,7753,8,517,119,4069,424,43373,21,2398,565,"East TN",2455501,123.274232020268,0.0768107343343526,315.740046532256,22.4394125679444,165.709563954566,7.68107343343526
2020-09-18,48493,534,46842,486,1651,48,54750,567,626039,8115,680789,8682,17,534,-29,4040,546,43919,29,2427,571,"East TN",2455501,131.74500845245,0.0745571994165451,353.573466270223,21.7470894941603,164.528542240463,7.45571994165451
2020-09-19,49001,508,47327,485,1674,23,55323,573,634393,8354,689716,8927,3,537,193,4233,312,44231,29,2456,573,"East TN",2455501,135.369523368144,0.073635646208948,363.551063510054,20.6882424401375,172.388445372248,7.3635646208948
2020-09-20,49307,306,47608,281,1699,25,55652,329,639351,4958,695003,5287,1,538,-19,4214,324,44555,13,2469,584,"East TN",2455501,129.871663664564,0.0712523133867983,215.312475946864,12.4618153281143,171.614672525077,7.12523133867983
2020-09-21,49470,163,47741,133,1729,30,55804,152,640868,1517,696672,1669,3,541,-210,4004,370,44925,9,2478,589,"East TN",2455501,118.427970503779,0.0698467919983943,67.9698358909241,6.63815653098899,163.062446319509,6.98467919983943
2020-09-22,49930,460,48143,402,1787,58,56294,490,647018,6150,703312,6640,6,547,-55,3949,509,45434,28,2506,596,"East TN",2455501,117.084049242904,0.0720682801356249,270.413247642742,18.7334478788646,160.822577551384,7.20682801356249
2020-09-23,50224,294,48397,254,1827,40,56576,282,649111,2093,705687,2375,8,555,-217,3732,503,45937,11,2517,605,"East TN",2455501,114.681280928006,0.0718554181888564,96.721605896312,11.9731166877961,151.985277138963,7.18554181888564
2020-09-24,50687,463,48839,442,1848,21,57057,481,656005,6894,713062,7375,11,566,-36,3696,488,46425,27,2544,610,"East TN",2455501,111.097490899006,0.070174581858137,300.346039362232,18.8556225389442,150.519181218008,7.0174581858137
2020-09-25,51141,454,49269,430,1872,24,57543,486,662677,6672,720220,7158,11,577,14,3710,429,46854,18,2562,616,"East TN",2455501,107.839499963551,0.0708325936445943,291.508738949811,18.4890985587055,151.089329631713,7.08325936445944
2020-09-26,51699,558,49803,534,1896,24,58181,638,673233,10556,731414,11194,5,582,194,3904,359,47213,28,2590,623,"East TN",2455501,109.87574429821,0.0685404575759029,455.874381643502,22.7244867747967,158.98995765019,6.85404575759029
2020-09-27,52092,393,50168,365,1924,28,58588,407,679252,6019,737840,6426,3,585,91,3995,299,47512,30,2620,630,"East TN",2455501,113.418809440517,0.0685388799402386,261.6981218904,16.0048804704213,162.69592233927,6.85388799402386
2020-09-28,52326,234,50363,195,1963,39,58813,225,680939,1687,739752,1912,4,589,-315,3680,545,48057,14,2634,637,"East TN",2455501,116.310276395733,0.0698467966573816,77.8659833573678,9.52962348620506,149.867583030917,6.98467966573816
2020-09-29,52709,383,50703,340,2006,43,59210,397,686750,5811,745960,6208,9,598,-43,3637,417,48474,30,2664,639,"East TN",2455501,113.174460120358,0.0683736634777715,252.820096591286,15.5976316034895,148.11641290311,6.83736634777715
2020-09-30,53191,482,51153,450,2038,32,59686,476,690188,3438,749874,3914,6,604,79,3716,397,48871,21,2685,643,"East TN",2455501,120.830738818677,0.070382691741915,159.397206517122,19.6293953861147,151.333678951872,7.0382691741915
2020-10-01,53579,388,51502,349,2077,39,60065,379,693468,3280,753533,3659,11,615,0,3716,377,49248,30,2715,648,"East TN",2455501,117.776372316688,0.0743248251834647,149.01236041036,15.8012560369554,151.333678951872,7.43248251834647
2020-10-02,54044,465,51939,437,2105,28,60528,463,697089,3621,757617,4084,2,617,24,3740,439,49687,17,2732,652,"East TN",2455501,118.224346070313,0.0798192368371795,166.320437254963,18.9370723123306,152.311076232508,7.98192368371795
2020-10-03,54449,405,52327,388,2122,17,61011,483,704548,7459,765559,7942,12,629,83,3823,310,49997,21,2753,658,"East TN",2455501,111.993438406256,0.0828818275003661,323.437050117267,16.4935791107395,155.691241828042,8.28818275003661
2020-10-04,54904,455,52752,425,2152,30,61550,539,714671,10123,776221,10662,4,633,145,3968,306,50303,26,2779,670,"East TN",2455501,114.518381381233,0.0771736015215862,434.208741922728,18.5298234453987,161.596350398554,7.71736015215862
2020-10-05,55576,672,53365,613,2211,59,62302,752,721919,7248,784221,8000,5,638,153,4121,514,50817,38,2817,679,"East TN",2455501,132.355881752848,0.0784591513188963,325.799093545472,27.3671238578196,167.827258062611,7.84591513188963
2020-10-06,56326,750,54031,666,2295,84,63042,740,728559,6640,791601,7380,8,646,302,4423,440,51257,42,2859,688,"East TN",2455501,147.301915169247,0.0839595977301111,300.549663795698,30.543665019888,180.126173843953,8.39595977301111
2020-10-07,57063,737,54690,659,2373,78,63750,708,735312,6753,799062,7461,3,649,293,4716,441,51698,36,2895,694,"East TN",2455501,157.686761276008,0.0826217776693502,303.848379617846,30.0142414928766,192.058565645056,8.26217776693503
2020-10-08,57781,718,55347,657,2434,61,64428,678,741773,6461,806201,7139,10,659,265,4981,443,52141,31,2926,699,"East TN",2455501,171.125973884759,0.0828396749449381,290.734966102641,29.2404686457061,202.850660618749,8.28396749449381
2020-10-09,58322,541,55846,499,2476,42,64988,560,747252,5479,812240,6039,4,663,123,5104,414,52555,20,2946,706,"East TN",2455501,174.221065273441,0.0816505867491716,245.937590740138,22.0321637010125,207.859821682011,8.16505867491716
2020-10-10,58940,618,56434,588,2506,30,65657,669,755677,8425,821334,9094,12,675,252,5356,354,52909,19,2965,720,"East TN",2455501,182.895466139089,0.083298969072165,370.352119587815,25.1679799763877,218.122493128693,8.3298969072165
2020-10-11,59883,943,57346,912,2537,31,66686,1029,766105,10428,832791,11457,1,676,586,5942,356,53265,36,3001,727,"East TN",2455501,202.769210845363,0.0907901714689765,466.585026843809,38.4035681516725,241.987276730899,9.07901714689765
2020-10-12,60239,356,57632,286,2607,70,67003,317,769026,2921,836029,3238,6,682,-337,5605,687,53952,18,3019,738,"East TN",2455501,189.900146650317,0.0907388820259419,131.86718311253,14.4980596627735,228.262989915296,9.07388820259419
2020-10-13,60744,505,58085,453,2659,52,67487,484,773411,4385,840898,4869,9,691,7,5612,489,54441,22,3041,745,"East TN",2455501,179.922549410487,0.0901677586871412,198.289473309113,20.5660677800579,228.548064122149,9.01677586871412
2020-10-14,61618,874,58897,812,2721,62,68335,848,779597,6186,847932,7034,1,692,328,5940,545,54986,40,3081,752,"East TN",2455501,185.501858887453,0.0938203396766933,286.458852999856,35.5935509698428,241.905826957513,9.38203396766933
2020-10-15,62127,509,59337,440,2790,69,68800,465,783751,4154,852551,4619,14,706,-67,5873,562,55548,19,3100,761,"East TN",2455501,176.990357568578,0.0943257820927724,188.108251635817,20.7289673268307,239.17725954907,9.43257820927724
2020-10-16,62766,639,59933,596,2833,43,69384,584,787840,4089,857224,4673,2,708,-135,5738,772,56320,21,3121,773,"East TN",2455501,180.98139646451,0.0977236350702472,190.307395517249,26.0232025969446,233.67939984549,9.77236350702472
2020-10-17,63484,718,60614,681,2870,37,70243,859,796623,8783,866866,9642,6,714,236,5974,476,56796,36,3157,780,"East TN",2455501,185.053885133828,0.100720372485285,392.66935749568,29.2404686457061,243.290473105081,10.0720372485285
2020-10-18,64290,806,61374,760,2916,46,71115,872,804733,8110,875848,8982,3,717,349,6323,454,57250,34,3191,788,"East TN",2455501,179.474575656862,0.102863645864784,365.790932278179,32.8242586747063,257.503458561002,10.2863645864784
2020-10-19,65038,748,62059,685,2979,63,71874,759,809632,4899,881506,5658,3,720,-19,6304,764,58014,65,3256,799,"East TN",2455501,195.43873124059,0.107109088110473,230.421408910035,30.4622152465016,256.729685713832,10.7109088110473
2020-10-20,65724,686,62668,609,3056,77,72565,691,813248,3616,885813,4307,15,735,35,6339,636,58650,27,3283,812,"East TN",2455501,202.809935732056,0.113057998441501,175.402086987543,27.9372722715242,258.155056748093,11.3057998441501
2020-10-21,66318,594,63221,553,3097,41,73182,617,816992,3744,890174,4361,5,740,-128,6211,717,59367,24,3307,826,"East TN",2455501,191.406967457965,0.114743620093746,177.601230868975,24.1905826957513,252.942271251366,11.4743620093746
2020-10-22,67448,1130,64257,1036,3191,94,74283,1101,825558,8566,899841,9667,10,750,440,6651,680,60047,42,3349,841,"East TN",2455501,216.697122094432,0.115944174244026,393.68747966301,46.0191219632979,270.861221396367,11.5944174244026
2020-10-23,68419,971,65161,904,3258,67,75253,970,832674,7116,907927,8086,19,769,289,6940,663,60710,36,3385,849,"East TN",2455501,230.217784476569,0.115752519574779,329.301433801086,39.5438649790817,282.630713650697,11.5752519574779
2020-10-24,69656,1237,66336,1175,3320,62,76580,1327,843200,10526,919780,11853,12,781,643,7583,582,61292,48,3433,866,"East TN",2455501,251.354000670332,0.119760365876706,482.71208197431,50.3766848394686,308.816815794414,11.9760365876706
2020-10-25,70586,930,67209,873,3377,57,77627,1047,851078,7878,928705,8925,9,790,437,8020,484,61776,40,3473,877,"East TN",2455501,256.403886620286,0.123200332973873,363.469613736667,37.8741446246611,326.613591279336,12.3200332973873
2020-10-26,71048,462,67615,406,3433,56,78061,434,853833,2755,931894,3189,6,796,-450,7570,906,62682,20,3493,891,"East TN",2455501,244.756569026036,0.122787171548781,129.871663664564,18.814897652251,308.287392267403,12.2787171548781
2020-10-27,71890,842,68327,712,3563,130,78844,783,858218,4385,937062,5168,12,808,80,7650,750,63432,52,3545,915,"East TN",2455501,251.109651350173,0.122519463794416,210.466214430375,34.2903545956609,311.545383202858,12.2519463794416
2020-10-28,72887,997,69238,911,3649,86,79814,970,865436,7218,945250,8188,13,821,199,7849,785,64217,39,3584,929,"East TN",2455501,267.521780687526,0.12041542595686,333.455372243791,40.6027120331044,319.649635654801,12.041542595686
2020-10-29,73795,908,70031,793,3764,115,80648,834,871939,6503,952587,7337,11,832,151,8000,746,64963,40,3624,941,"East TN",2455501,258.480855841639,0.120672657642286,298.798493667891,36.9781971174111,325.799093545472,12.0672657642286
2020-10-30,74695,900,70838,807,3857,93,81488,840,876797,4858,958285,5698,28,860,50,8050,822,65785,38,3662,957,"East TN",2455501,255.589388886423,0.123813495373128,232.050404377762,36.6523980238656,327.835337880131,12.3813495373128
2020-10-31,74709,14,70852,14,3857,0,81504,16,876818,21,958322,37,5,865,-603,7447,612,66397,0,3662,967,"East TN",2455501,205.782852460659,0.127756732914742,1.50682080764781,0.570148413704576,303.278231204141,12.7756732914742
2020-11-01,75216,507,71242,390,3974,117,81974,470,883386,6568,965360,7038,0,865,-139,7308,646,67043,26,3688,983,"East TN",2455501,188.556225389442,0.118592279361615,286.621752546629,20.6475175534443,297.617471953789,11.8592279361615
2020-11-02,76028,812,71986,744,4042,68,82751,777,887614,4228,970365,5005,11,876,-228,7080,1029,68072,37,3725,997,"East TN",2455501,202.809935732056,0.121910010137506,203.828057899386,33.0686079948654,288.332197787743,12.1910010137506
2020-11-03,77068,1040,72946,960,4122,80,83827,1076,894477,6863,978304,7939,31,907,30,7110,979,69051,26,3751,1010,"East TN",2455501,210.873463297307,0.120823432423258,323.314875457188,42.3538821609114,289.553944388538,12.0823432423258
2020-11-04,77979,911,73758,812,4221,99,84674,847,899362,4885,984036,5732,6,913,-5,7105,910,69961,34,3785,1034,"East TN",2455501,207.371123041693,0.125302944361367,233.435050525331,37.1003717774906,289.350319955072,12.5302944361367
2020-11-05,78557,578,74242,484,4315,94,85175,501,902025,2663,987200,3164,17,930,-369,6736,930,70891,27,3812,1048,"East TN",2455501,193.931910432942,0.130789009909572,128.853541497234,23.5389845086603,274.322836765287,13.0789009909572
2020-11-06,79523,966,75090,848,4433,118,86102,927,908435,6410,994537,7337,10,940,42,6778,914,71805,36,3848,1072,"East TN",2455501,196.619752954692,0.127275736511089,298.798493667891,39.3402405456157,276.033282006401,12.7275736511089
2020-11-07,80850,1327,76331,1241,4519,86,87521,1419,919357,10922,1006878,12341,21,961,649,7427,657,72462,48,3896,1082,"East TN",2455501,250.091529182843,0.123918774198863,502.585826680584,54.0419246418552,302.463733470278,12.3918774198863
2020-11-08,82406,1556,77769,1438,4637,118,89187,1666,932258,12901,1021445,14567,3,964,888,8315,665,73127,50,3946,1099,"East TN",2455501,292.811935323993,0.128608362307212,593.239424459611,63.3679236945943,338.627432853825,12.8608362307212
2020-11-09,83026,620,78309,540,4717,80,89768,581,935710,3452,1025478,4033,9,973,-467,7848,1078,74205,18,3964,1109,"East TN",2455501,284.992757078902,0.127320232975886,164.243468033611,25.2494297497741,319.608910768108,12.7320232975886
2020-11-10,83965,939,79159,850,4806,89,90691,923,940712,5002,1031403,5925,27,1000,4,7852,908,75113,42,4006,1126,"East TN",2455501,280.87954352289,0.129267971148233,241.294953657115,38.2406686048998,319.771810314881,12.9267971148233
2020-11-11,85269,1304,80259,1100,5010,204,91860,1169,947258,6546,1039118,7715,26,1026,382,8234,896,76009,51,4057,1139,"East TN",2455501,296.884423993311,0.130460041392833,314.192500837915,53.1052522479119,335.328717031677,13.0460041392833
2020-11-12,86106,837,80964,705,5142,132,92624,764,951474,4216,1044098,4980,15,1041,8,8242,814,76823,34,4091,1156,"East TN",2455501,307.432169646846,0.130918485711273,202.809935732056,34.086730162195,335.654516125222,13.0918485711273
2020-11-13,87566,1460,82253,1289,5313,171,93924,1300,957336,5862,1051260,7162,27,1068,527,8769,906,77729,46,4137,1172,"East TN",2455501,327.550263673279,0.137898207076495,291.671638496584,59.4583345720486,357.11653141253,13.7898207076495
2020-11-14,89041,1475,83644,1391,5397,84,95458,1534,966233,8897,1061691,10431,7,1075,917,9686,551,78280,49,4186,1201,"East TN",2455501,333.57754690387,0.144801415722548,424.801293096602,60.0692078724464,394.46125251018,14.4801415722548
2020-11-15,90993,1952,85377,1733,5616,219,97418,1960,977407,11174,1074825,13134,7,1082,1338,11024,607,78887,54,4240,1218,"East TN",2455501,349.704602034371,0.154196328212814,534.880661828279,79.4949788250952,448.95115090566,15.4196328212814
2020-11-16,92518,1525,86776,1399,5742,126,98954,1536,985029,7622,1083983,9158,10,1092,171,11195,1344,80231,37,4277,1237,"East TN",2455501,386.560624491703,0.157012221177677,372.958512336179,62.1054522071056,455.915106530195,15.7012221177677
2020-11-17,93730,1212,87895,1119,5835,93,100175,1221,990173,5144,1090348,6365,31,1123,89,11284,1092,81323,42,4319,1264,"East TN",2455501,397.678518558942,0.160895750275681,259.213903802116,49.358562672139,459.539621445888,16.0895750275681
2020-11-18,94928,1198,88851,956,6077,242,101209,1034,995315,5142,1096524,6176,14,1137,56,11340,1128,82451,52,4371,1278,"East TN",2455501,393.361680569464,0.162857541023586,251.516900217104,48.7884142584344,461.820215100707,16.2857541023586
2020-11-19,96007,1079,89730,879,6277,200,102066,857,999976,4661,1102042,5518,45,1182,-244,11096,1278,83729,50,4421,1297,"East TN",2455501,403.217103149215,0.162950434902665,224.719924772989,43.9421527419455,451.88334274757,16.2950434902665
2020-11-20,97133,1126,90693,963,6440,163,103089,1023,1004877,4901,1107966,5924,28,1210,-127,10969,1225,84954,33,4454,1322,"East TN",2455501,389.614990993691,0.16162310866575,241.254228770422,45.8562224165252,446.711282137535,16.162310866575
2020-11-21,98351,1218,91757,1064,6594,154,104188,1099,1011283,6406,1115471,7505,3,1213,361,11330,854,85808,45,4499,1345,"East TN",2455501,379.148695113543,0.162328002975084,305.640274632346,49.6029119922981,461.412966233775,16.2328002975084
2020-11-22,99937,1586,93186,1429,6751,157,105854,1666,1020888,9605,1126742,11271,17,1230,804,12134,765,86573,56,4555,1372,"East TN",2455501,364.243386583838,0.162490128474296,459.010197918877,64.5896702953898,494.155775135095,16.2490128474296
2020-11-23,100828,891,93944,758,6884,133,106556,702,1024005,3117,1130561,3819,18,1248,-1161,10973,2034,88607,35,4590,1399,"East TN",2455501,338.423808420359,0.163210099188458,155.52834228127,36.2858740436269,446.874181684308,16.3210099188458
2020-11-24,101739,911,94677,733,7062,178,107261,705,1027032,3027,1134293,3732,13,1261,-736,10237,1634,90241,53,4643,1427,"East TN",2455501,326.165617525711,0.161247013312095,151.985277138963,37.1003717774906,416.900665078125,16.1247013312095
2020-11-25,102647,908,95364,687,7283,221,107806,545,1029340,2308,1137146,2853,38,1299,-493,9744,1363,91604,54,4697,1452,"East TN",2455501,314.355400384687,0.162399684899808,116.188101735654,36.9781971174111,396.823295938385,16.2399684899808
2020-11-26,104113,1466,96751,1387,7362,79,109477,1671,1037707,8367,1147184,10038,18,1317,-441,9303,1889,93493,22,4719,1471,"East TN",2455501,330.115931534949,0.164170838686811,408.796412626181,59.7026838922077,378.863620906691,16.4170838686811
2020-11-27,105817,1704,98318,1567,7499,137,111227,1750,1045247,7540,1156474,9290,5,1322,161,9464,1538,95031,48,4767,1498,"East TN",2455501,353.65491604361,0.167766141667354,378.334197379679,69.3952069251855,385.420327664293,16.7766141667354
2020-11-28,107442,1625,99700,1382,7742,243,112721,1494,1052779,7532,1165500,9026,2,1324,569,10033,1054,96085,43,4810,1524,"East TN",2455501,370.229944927736,0.170561074576745,367.582827292679,66.177940876424,408.592788192715,17.0561074576745
2020-11-29,109730,2288,101821,2121,7909,167,115047,2326,1063477,10698,1178524,13024,4,1328,1278,11311,1006,97091,50,4860,1548,"East TN",2455501,398.818815386351,0.177532733382256,530.400924292028,93.178540754005,460.639193386604,17.7532733382256
2020-11-30,111968,2238,103830,2009,8138,229,117268,2221,1072928,9451,1190196,11672,15,1343,-110,11201,2333,99424,53,4913,1578,"East TN",2455501,453.67523776207,0.17962605852268,475.340877482844,91.1422964193458,456.159455850354,17.962605852268
2020-12-01,114231,2263,105838,2008,8393,255,119406,2138,1081765,8837,1201171,10975,20,1363,421,11622,1822,101246,62,4975,1606,"East TN",2455501,508.735284571255,0.181599330123508,446.955631457694,92.1604185866754,473.304633148184,18.1599330123508
2020-12-02,115288,1057,106751,913,8537,144,120282,876,1084675,2910,1204957,3786,15,1378,-692,10930,1734,102980,41,5016,1639,"East TN",2455501,514.803292688539,0.183981949831148,154.184421020395,43.0462052346955,445.123011556501,18.3981949831148
2020-12-03,117098,1810,108322,1571,8776,239,122004,1722,1090665,5990,1212669,7712,33,1411,318,11248,1459,104439,45,5061,1660,"East TN",2455501,528.812653710994,0.191295716576315,314.070326177835,73.712044914663,458.073525524934,19.1295716576315
2020-12-04,118824,1726,109708,1386,9116,340,123461,1457,1096187,5522,1219648,6979,37,1448,-300,10948,1989,106428,35,5096,1694,"East TN",2455501,529.708601218244,0.193655617817457,284.218984231731,70.2911544324356,445.856059516978,19.3655617817457
2020-12-05,119957,1133,110617,909,9340,224,124390,929,1099249,3062,1223639,3991,5,1453,123,11071,1005,107433,23,5119,1719,"East TN",2455501,509.671956965198,0.200708646519548,162.533022792497,46.1412966233775,450.86522058024,20.0708646519548
2020-12-06,121425,1468,111879,1262,9546,206,125631,1241,1103740,4491,1229371,5732,20,1473,484,11555,964,108397,37,5156,1755,"East TN",2455501,476.277549876787,0.20815387338486,233.435050525331,59.7841336655941,470.576065739741,20.815387338486
2020-12-07,124148,2723,114284,2405,9864,318,128202,2571,1113288,9548,1241490,12119,31,1504,-205,11350,2897,111294,50,5206,1777,"East TN",2455501,496.029119922981,0.213163332943424,493.544901834697,110.89386646554,462.227463967638,21.3163332943424
2020-12-08,126913,2765,116647,2363,10266,402,130733,2531,1121648,8360,1252381,10891,45,1549,728,12078,1992,113286,70,5276,1801,"East TN",2455501,516.473013042959,0.221187268111697,443.534740975467,112.604311706654,491.875181480276,22.1187268111697
2020-12-09,129559,2646,119032,2385,10527,261,133311,2578,1128746,7098,1262057,9676,21,1570,580,12658,2045,115331,56,5332,1824,"East TN",2455501,581.184857998429,0.228178633975482,394.054003643248,107.758050190165,515.495615762323,22.8178633975482
2020-12-10,132633,3074,121713,2681,10920,393,136259,2948,1140218,11472,1276477,14420,30,1600,2530,15188,514,115845,70,5402,1860,"East TN",2455501,632.661114778613,0.223404588766299,587.252866115713,125.188301694848,618.529579096079,22.3404588766299
2020-12-11,134619,1986,123463,1750,11156,236,138051,1792,1147393,7175,1285444,8967,35,1635,450,15638,1501,117346,50,5452,1884,"East TN",2455501,643.249585318841,0.221746002796523,365.180058977781,80.8796249726634,636.855778108011,22.1746002796523
2020-12-12,137880,3261,126190,2727,11690,534,141025,2974,1158628,11235,1299653,14209,21,1656,1903,17541,1337,118683,73,5525,1909,"East TN",2455501,729.912144201937,0.218841266082564,578.659915023451,132.803855506473,714.35523748514,21.8841266082564
2020-12-13,142172,4292,130051,3861,12121,431,145391,4366,1175914,17286,1321305,21652,15,1671,2978,20519,1299,119982,62,5587,1943,"East TN",2455501,844.919224223488,0.214936802488742,881.77524668082,174.791213687146,835.633950057442,21.4936802488742
2020-12-14,145031,2859,132508,2457,12523,402,148064,2673,1185192,9278,1333256,11951,37,1708,-1138,19381,3960,123942,65,5652,1975,"East TN",2455501,850.457808813761,0.216441819410239,486.703120870242,116.432451055813,789.289029000599,21.6441819410239
2020-12-15,149159,4128,136050,3542,13109,586,151928,3864,1200213,15021,1352141,18885,34,1742,1606,20987,2488,126430,89,5741,2006,"East TN",2455501,905.965829376571,0.212459903769046,769.08948520078,168.112332269464,854.693197029853,21.2459903769046
2020-12-16,152377,3218,138306,2256,14071,962,154314,2386,1208108,7895,1362422,10281,19,1761,651,21638,2548,128978,57,5798,2048,"East TN",2455501,929.260464565072,0.209266178448662,418.692560092625,131.052685378666,881.205098267115,20.9266178448662
2020-12-17,156445,4068,141678,3372,14767,696,157923,3609,1218808,10700,1376731,14309,58,1819,1449,23087,2561,131539,72,5870,2087,"East TN",2455501,969.741001938097,0.216091128533525,582.73240369277,165.668839067872,940.215459085539,21.6091128533525
2020-12-18,159652,3207,144414,2736,15238,471,160802,2879,1227498,8690,1388300,11569,43,1862,836,23923,2328,133867,57,5927,2115,"East TN",2455501,1019.46608859048,0.221192735474839,471.146214153446,130.604711625041,974.261464361041,22.1192735474839
2020-12-19,162292,2640,146656,2242,15636,398,163270,2468,1235862,8364,1399132,10832,27,1889,1286,25209,1327,135194,39,5966,2152,"East TN",2455501,994.175933954008,0.223615034328853,441.131972660569,107.513700870006,1026.63366864848,22.3615034328853
2020-12-20,165923,3631,149622,2966,16301,665,166588,3318,1249807,13945,1416395,17263,16,1905,2296,27505,1319,136513,52,6018,2186,"East TN",2455501,967.256783849813,0.222915133031865,703.033718984435,147.872063582951,1120.13800849603,22.2915133031865
2020-12-21,168237,2314,151364,1742,16873,572,168491,1903,1256723,6916,1425214,8819,14,1919,-1342,26163,3642,140155,35,6053,2221,"East TN",2455501,945.061720602028,0.222134017703734,359.15277574719,94.2373878080278,1065.48521055377,22.2134017703734
2020-12-22,170892,2655,153066,1702,17826,953,170292,1801,1261777,5054,1432069,6855,62,1981,-298,25865,2891,143046,57,6110,2265,"East TN",2455501,885.073962502968,0.229756781102993,279.169098281776,108.124574170404,1053.3491943192,22.9756781102993
2020-12-23,173110,2218,154512,1446,18598,772,171834,1542,1267555,5778,1439389,7320,41,2022,-561,25304,2738,145784,34,6144,2306,"East TN",2455501,844.349075809784,0.22763002325672,298.106170594107,90.3277986854821,1030.50253288433,22.763002325672
2020-12-24,175201,2091,155969,1457,19232,634,173432,1598,1273846,6291,1447278,7889,15,2037,-586,24718,2662,148446,30,6174,2346,"East TN",2455501,763.835974817359,0.219839256098771,321.278631122529,85.1557380754477,1006.63774928212,21.9839256098771
2020-12-25,177568,2367,157949,1980,19619,387,175598,2166,1282394,8548,1457992,10714,3,2040,-305,24413,2669,151115,26,6200,2381,"East TN",2455501,729.627069995085,0.212305573093038,436.326436030773,96.3958068027665,994.216658840701,21.2305573093038
2020-12-26,179508,1940,159417,1468,20091,472,177211,1613,1288047,5653,1465258,7266,2,2042,424,24837,1514,152629,42,6242,2416,"East TN",2455501,701.119649309856,0.210824789039107,295.907026712675,79.006280184777,1011.48401079861,21.0824789039107
2020-12-27,180804,1296,160327,910,20477,386,178201,990,1290840,2793,1469041,3783,27,2069,-183,24654,1452,154081,41,6283,2447,"East TN",2455501,606.027038881271,0.220586559282757,154.062246360315,52.7794531543665,1004.03135653376,22.0586559282757
2020-12-28,182200,1396,161305,978,20895,418,179220,1019,1292660,1820,1471880,2839,25,2094,-2427,22227,3798,157879,41,6324,2483,"East TN",2455501,568.641592896928,0.229910427291818,115.617953321949,56.8519418236849,905.192056529401,22.9910427291818
2020-12-29,185106,2906,163032,1727,22074,1179,181000,1780,1296749,4089,1477749,5869,50,2144,-111,22116,2967,160846,64,6388,2525,"East TN",2455501,578.863539456917,0.234413309982487,239.014360002297,118.346520730393,900.671594106457,23.4413309982487
2020-12-30,187433,2327,164648,1616,22785,711,182681,1681,1301229,4480,1483910,6161,40,2184,-551,21565,2838,163684,44,6432,2563,"East TN",2455501,583.302552106474,0.243637833831226,250.906026916707,94.7668113350392,878.232181538513,24.3637833831226
2020-12-31,190877,3444,167327,2679,23550,765,185576,2895,1308350,7121,1493926,10016,52,2236,598,22163,2794,166478,29,6461,2606,"East TN",2455501,638.403323802352,0.260332704510376,407.900465118931,140.256509771326,902.585663781037,26.0332704510376
2021-01-01,193117,2240,169043,1716,24074,524,187432,1856,1314551,6201,1501983,8057,24,2260,-445,21718,2661,169139,29,6490,2644,"East TN",2455501,633.231263192318,0.269009570139347,328.120412086983,91.2237461927322,884.46308920257,26.9009570139347
2021-01-02,195840,2723,171152,2109,24688,614,189683,2251,1321112,6561,1510795,8812,4,2264,1167,22885,1552,170691,62,6552,2679,"East TN",2455501,665.118849473081,0.273887168676022,358.867701540337,110.89386646554,931.989031973516,27.3887168676022
2021-01-03,197154,1314,172056,904,25098,410,190620,937,1324483,3371,1515103,4308,15,2279,-182,22703,1481,172172,23,6575,2721,"East TN",2455501,665.851897433558,0.269614866918501,175.442811874237,53.5125011148438,924.577102595356,26.9614866918501
2021-01-04,198710,1556,173180,1124,25530,432,191800,1180,1326848,2365,1518648,3545,46,2325,-1579,21124,3089,175261,33,6608,2768,"East TN",2455501,672.367879304468,0.268987341772152,144.369723327337,63.3679236945943,860.272506506819,26.8987341772152
2021-01-05,201613,2903,174919,1739,26694,1164,193629,1829,1332121,5273,1525750,7102,43,2368,-440,20684,3300,178561,58,6666,2811,"East TN",2455501,672.245704644388,0.263098685444053,289.228145294993,118.224346070313,842.353556361818,26.3098685444053
2021-01-06,204159,2546,176713,1794,27446,752,195532,1903,1337705,5584,1533237,7487,52,2420,65,20749,2429,180990,61,6727,2854,"East TN",2455501,681.164454830195,0.260526689237132,304.907226671869,103.685561520846,845.000673996875,26.0526689237132
2021-01-07,206671,2512,178852,2139,27819,373,197854,2322,1344814,7109,1542668,9431,33,2453,979,21728,1500,182490,44,6771,2886,"East TN",2455501,643.208860432148,0.251897747322638,384.076406403418,102.300915373278,884.870338069502,25.1897747322638
2021-01-08,209021,2350,180712,1860,28309,490,199845,1991,1352160,7346,1552005,9337,50,2503,1674,23402,626,183116,47,6818,2940,"East TN",2455501,647.688597968398,0.248150813641998,380.248267054259,95.7034837289824,953.043798393892,24.8150813641998
2021-01-09,211597,2576,182715,2003,28882,573,202024,2179,1360351,8191,1562375,10370,27,2530,755,24157,1794,184910,32,6850,2968,"East TN",2455501,641.7020396245,0.239259402869329,422.317075008318,104.907308121642,983.791087847246,23.9259402869329
2021-01-10,213265,1668,183849,1134,29416,534,203276,1252,1366156,5805,1569432,7057,36,2566,2,24159,1630,186540,41,6891,3007,"East TN",2455501,656.118649513887,0.232951094259051,287.395525393799,67.9291110042309,983.872537620632,23.2951094259051
2021-01-11,214690,1425,184863,1014,29827,411,204374,1098,1369429,3273,1573803,4371,28,2594,-2183,21976,3580,190120,40,6931,3046,"East TN",2455501,650.78368935708,0.227975704831838,178.008479735907,58.0329635377872,894.970109969412,22.7975704831838
2021-01-12,216508,1818,186000,1137,30508,681,205569,1195,1373633,4204,1579202,5399,60,2654,-2160,19816,3918,194038,39,6970,3083,"East TN",2455501,606.597187294976,0.223377983985632,219.8736632565,74.0378440082085,807.004354712134,22.3377983985632
2021-01-13,218037,1529,187078,1078,30959,451,206705,1136,1378371,4738,1585076,5874,49,2703,-1344,18472,2824,196862,32,7002,3108,"East TN",2455501,565.179977528007,0.215532707035244,239.217984435763,62.2683517538783,752.270106996495,21.5532707035244
2021-01-14,220288,2251,188859,1781,31429,470,208671,1966,1386896,8525,1595567,10491,38,2741,-199,18273,2412,199274,49,7051,3149,"East TN",2455501,554.550782101086,0.204484016711091,427.244786298193,91.6717199463572,744.165854544551,20.4484016711091
2021-01-15,221253,965,189530,671,31723,294,209365,694,1389954,3058,1599319,3752,23,2764,-366,17907,1308,200582,29,7080,3189,"East TN",2455501,498.146814031027,0.201208944498457,152.799774872826,39.2995156589226,729.260546014846,20.1208944498457
2021-01-16,223687,2434,191281,1751,32406,683,211368,2003,1400845,10891,1612213,12894,13,2777,359,18266,2062,202644,54,7134,3230,"East TN",2455501,492.363880120595,0.187487459368353,525.106689021914,99.1243742112099,743.880780337699,18.7487459368353
2021-01-17,224543,856,191887,606,32656,250,212040,672,1404464,3619,1616504,4291,13,2790,-829,17437,1672,204316,24,7158,3262,"East TN",2455501,459.295272125729,0.186182868796737,174.750488800453,34.8605030093655,710.119849269049,18.6182868796737
2021-01-18,225105,562,192206,319,32899,243,212394,354,1406548,2084,1618942,2438,13,2803,-2442,14995,2991,207307,21,7179,3293,"East TN",2455501,424.149694909511,0.177673408803917,99.2872737579826,22.8873863215694,610.669675964294,17.7673408803917
2021-01-19,226783,1678,193177,971,33606,707,213459,1065,1410756,4208,1624215,5273,21,2824,-1175,13820,2832,210139,51,7230,3331,"East TN",2455501,418.448210772466,0.175282696110013,214.742327533159,68.3363598711627,562.817934099803,17.5282696110013
2021-01-20,227767,984,193835,658,33932,326,214156,697,1414752,3996,1628908,4693,32,2856,-1005,12815,1957,212096,29,7259,3370,"East TN",2455501,396.25314752468,0.169989961671838,191.121893251113,40.073288506093,521.889422973153,16.9989961671838
2021-01-21,229333,1566,194977,1142,34356,424,215437,1281,1421686,6934,1637123,8215,65,2921,-770,12045,2271,214367,37,7296,3415,"East TN",2455501,368.356600139849,0.162816440465877,334.554944184507,63.7751725615261,490.531260219401,16.2816440465877
2021-01-22,230320,987,195684,707,34636,280,216254,817,1427131,5445,1643385,6262,32,2953,-734,11311,1689,216056,28,7324,3446,"East TN",2455501,369.252547647099,0.156333681296237,255.019240472718,40.1954631661726,460.639193386604,15.6333681296237
2021-01-23,231753,1433,196654,970,35099,463,217355,1101,1435413,8282,1652768,9383,19,2972,206,11517,1208,217264,40,7364,3469,"East TN",2455501,328.486936067222,0.147626679817532,382.121611842145,58.3587626313327,469.0285200454,14.7626679817532
2021-01-24,232378,625,197145,491,35233,134,217898,543,1438789,3376,1656687,3919,19,2991,-589,10928,1195,218459,19,7383,3495,"East TN",2455501,319.079487241097,0.145783042580196,159.600830950588,25.45305418324,445.041561783115,14.5783042580196
2021-01-25,233119,741,197657,512,35462,229,218447,549,1440546,1757,1658993,2306,44,3035,-1155,9773,1852,220311,20,7403,3525,"East TN",2455501,326.369241959177,0.151132306309455,93.9115887144823,30.1771410396493,398.004317652487,15.1132306309455
2021-01-26,234151,1032,198385,728,35766,304,219231,784,1445012,4466,1664243,5250,63,3098,-918,8855,1887,222198,25,7428,3547,"East TN",2455501,300.06096515538,0.14419906065754,213.805655139216,42.0280830673659,360.618871668144,14.419906065754
2021-01-27,235104,953,199089,704,36015,249,219986,755,1449535,4523,1669521,5278,55,3153,-384,8471,1282,223480,27,7455,3569,"East TN",2455501,298.798493667891,0.143550094797232,214.945951966625,38.8108170186043,344.980515177962,14.3550094797232
2021-01-28,236430,1326,199803,714,36627,612,220782,796,1453967,4432,1674749,5228,46,3199,-182,8289,1462,224942,28,7483,3596,"East TN",2455501,289.024520861527,0.142056025089034,212.909707631966,54.001199755162,337.568585799802,14.2056025089034
2021-01-29,237022,592,200154,351,36868,241,221179,397,1456634,2667,1677813,3064,17,3216,-681,7608,1256,226198,16,7499,3615,"East TN",2455501,272.938190617719,0.143052166840943,124.781052827916,24.1091329223649,309.834937961744,14.3052166840943
2021-01-30,238176,1154,201120,966,37056,188,222276,1097,1465685,9051,1687961,10148,44,3260,239,7847,871,227069,27,7526,3634,"East TN",2455501,261.575947230321,0.139828943255761,413.276150162431,46.9965192439343,319.568185881415,13.9828943255761
2021-01-31,238857,681,201562,442,37295,239,222767,491,1469612,3927,1692379,4418,29,3289,-85,7762,737,227806,30,7556,3655,"East TN",2455501,263.856540885139,0.136417124285554,179.922549410487,27.7336478380583,316.106570512494,13.6417124285554
2021-02-01,239549,692,201969,407,37580,285,223208,441,1471308,1696,1694516,2137,39,3328,-546,7216,1199,229005,11,7567,3681,"East TN",2455501,261.861021437173,0.134025842411958,87.0290828633342,28.1816215916833,293.870782378016,13.4025842411958
2021-02-02,240085,536,202318,349,37767,187,223571,363,1472367,1059,1695938,1422,57,3385,-839,6377,1318,230323,11,7578,3696,"East TN",2455501,241.661477637354,0.13693011516012,57.9107888777077,21.8285392675466,259.702602442434,13.693011516012
2021-02-03,241196,1111,203077,759,38119,352,224399,828,1478371,6004,1702770,6832,46,3431,37,6414,1028,231351,39,7617,3708,"East TN",2455501,248.096009734877,0.132725796264549,278.232425887833,45.2453491161274,261.209423250082,13.2725796264549
2021-02-04,242290,1094,203856,779,38434,315,225265,866,1486086,7715,1711351,8581,58,3489,-3,6411,1039,232390,35,7652,3727,"East TN",2455501,238.647836022058,0.122479645920988,349.460252714212,44.5530260423433,261.087248590003,12.2479645920988
2021-02-05,243107,817,204415,559,38692,258,225871,606,1489892,3806,1715763,4412,67,3556,-153,6258,903,233293,28,7680,3740,"East TN",2455501,247.810935528025,0.123636363636364,179.678200090328,33.2722324283313,254.856340925945,12.3636363636364
2021-02-06,244340,1233,205237,822,39103,411,226832,961,1498547,8655,1725379,9616,27,3583,502,6760,704,233997,22,7702,3770,"East TN",2455501,251.028201576786,0.121759580950345,391.610510441657,50.2137852926959,275.300234045924,12.1759580950345
2021-02-07,244857,517,205590,353,39267,164,227238,406,1501631,3084,1728869,3490,2,3585,-118,6642,633,234630,9,7711,3784,"East TN",2455501,244.349320159104,0.122526719649219,142.129854559212,21.0547664203761,270.494697416128,12.2526719649219
2021-02-08,245368,511,205889,299,39479,212,227558,320,1502994,1363,1730552,1683,32,3617,-628,6014,1107,235737,9,7720,3799,"East TN",2455501,236.978115667638,0.120712620712621,68.5399843046287,20.810417100217,244.919468572809,12.0712620712621
2021-02-09,246396,1028,206521,632,39875,396,228226,668,1507228,4234,1735454,4902,16,3633,-55,5959,1067,236804,37,7757,3810,"East TN",2455501,257.014759920684,0.117800384654317,199.633394569988,41.8651835205931,242.679599804683,11.7800384654317
2021-02-10,247243,847,207104,583,40139,264,228863,637,1513215,5987,1742078,6624,39,3672,-31,5928,839,237643,28,7785,3823,"East TN",2455501,246.263389833684,0.113564668769716,269.761649455651,34.4939790291268,241.417128317195,11.3564668769716
2021-02-11,248111,868,207687,583,40424,285,229514,651,1518789,5574,1748303,6225,37,3709,-100,5828,931,238574,31,7816,3841,"East TN",2455501,237.059565441024,0.114987010175363,253.51241966507,35.3492016496837,237.344639647876,11.4987010175363
2021-02-12,248943,832,208280,593,40663,239,230163,649,1524302,5513,1754465,6162,34,3743,57,5885,741,239315,11,7827,3850,"East TN",2455501,237.670438741422,0.110898661567878,250.9467518034,33.8831057287291,239.665958189388,11.0898661567878
2021-02-13,249537,594,208653,373,40884,221,230597,434,1528730,4428,1759327,4862,12,3755,-22,5863,604,239919,17,7844,3862,"East TN",2455501,211.647236144477,0.11090491339696,198.004399102261,24.1905826957513,238.770010682138,11.090491339696
2021-02-14,250078,541,209068,415,41010,126,231050,453,1531698,2968,1762748,3421,15,3770,-48,5815,574,240493,14,7858,3875,"East TN",2455501,212.624633425114,0.112518079046017,139.319837377382,22.0321637010125,236.815216120865,11.2518079046017
2021-02-15,250453,375,209277,209,41176,166,231278,228,1533022,1324,1764300,1552,5,3775,-575,5240,945,241438,9,7867,3885,"East TN",2455501,207.086048834841,0.110228754296551,63.2050241478216,15.271832509944,213.398406272284,11.0228754296551
2021-02-16,251219,766,209705,428,41514,338,231750,472,1536431,3409,1768181,3881,8,3783,-43,5197,801,242239,21,7888,3895,"East TN",2455501,196.416128521226,0.10767867510007,158.053285256247,31.1952632069789,211.647236144477,10.767867510007
2021-02-17,251840,621,210124,419,41716,202,232201,451,1539685,3254,1771886,3705,11,3794,-94,5103,704,242943,11,7899,3911,"East TN",2455501,187.212304128567,0.111983360171766,150.885705198247,25.2901546364673,207.819096795318,11.1983360171766
2021-02-18,252634,794,210676,552,41958,242,232807,606,1545405,5720,1778212,6326,42,3836,25,5128,727,243670,20,7919,3927,"East TN",2455501,184.198662513271,0.110100638603765,257.625633221082,32.3355600343881,208.837218962648,11.0100638603765
2021-02-19,253113,479,210980,304,42133,175,233152,345,1548113,2708,1781265,3053,5,3841,-222,4906,696,244366,11,7930,3936,"East TN",2455501,169.822777510577,0.111529850746269,124.333079074291,19.5072207260351,199.796294116761,11.1529850746269
2021-02-20,253735,622,211427,447,42308,175,233657,505,1553340,5227,1786997,5732,18,3859,73,4979,531,244897,18,7948,3946,"East TN",2455501,170.963074337986,0.110589085652331,233.435050525331,25.3308795231604,202.769210845363,11.0589085652331
2021-02-21,254083,348,211654,227,42429,121,233920,263,1555474,2134,1789394,2397,7,3866,-82,4897,423,245320,11,7959,3962,"East TN",2455501,163.103171206202,0.107708474067402,97.617553403562,14.172260569228,199.429770136522,10.7708474067402
2021-02-22,254441,358,211850,196,42591,162,234148,228,1556857,1383,1791005,1611,7,3873,-481,4416,832,246152,22,7981,3977,"East TN",2455501,162.410848132418,0.107470511140236,65.6077924627194,14.5795094361599,179.841099637101,10.7470511140236
2021-02-23,255084,643,212199,349,42885,294,234516,368,1559803,2946,1794319,3314,26,3899,-144,4272,761,246913,27,8008,3982,"East TN",2455501,157.401687069156,0.105822939781162,134.962274501212,26.1861021437173,173.976715953282,10.5822939781162
2021-02-24,255825,741,212748,549,43077,192,235126,610,1566005,6202,1801131,6812,19,3918,55,4327,667,247580,20,8028,3988,"East TN",2455501,162.288673472338,0.100017096939648,277.417928153969,30.1771410396493,176.216584721407,10.0017096939648
2021-02-25,256460,635,213193,445,43267,190,235621,495,1570773,4768,1806394,5263,21,3939,-96,4231,710,248290,16,8044,3997,"East TN",2455501,155.813416488122,0.0998509687034277,214.335078666227,25.8603030501718,172.306995598862,9.98509687034277
2021-02-26,256922,462,213517,324,43405,138,235989,368,1573895,3122,1809884,3490,14,3953,-184,4047,632,248922,11,8055,4001,"East TN",2455501,155.121093414338,0.0991299486355219,142.129854559212,18.814897652251,164.813616447316,9.91299486355219
2021-02-27,257361,439,213742,225,43619,214,236263,274,1577991,4096,1814254,4370,7,3960,12,4059,420,249342,15,8070,4007,"East TN",2455501,147.668439149485,0.0956084675496203,177.967754849214,17.8782252583078,165.302315087634,9.56084675496203
2021-02-28,257727,366,214016,274,43711,92,236576,313,1580551,2560,1817127,2873,5,3965,-54,4005,415,249757,10,8080,4013,"East TN",2455501,148.401487109962,0.0957703818555511,117.002599469518,14.9053085297053,163.103171206202,9.57703818555511
2021-03-01,257970,243,214164,148,43806,95,236732,156,1581330,779,1818062,935,4,3969,-413,3592,652,250409,11,8091,4017,"East TN",2455501,143.718125140246,0.0955020881842037,38.077769058127,9.89614746644371,146.283793001917,9.55020881842037
2021-03-02,258590,620,214554,390,44036,230,237179,447,1584787,3457,1821966,3904,7,3976,3,3595,610,251019,23,8114,4022,"East TN",2455501,142.781452746303,0.0963214815350671,158.98995765019,25.2494297497741,146.405967661996,9.63214815350671
2021-03-03,259072,482,214857,303,44215,179,237534,355,1588959,4172,1826493,4527,7,3983,-147,3448,622,251641,16,8130,4025,"East TN",2455501,132.233707092768,0.0949451935967195,184.361562060044,19.6293953861147,140.419409318098,9.49451935967195
2021-03-04,259678,606,215271,414,44407,192,238006,472,1593781,4822,1831787,5294,18,4001,46,3494,542,252183,16,8146,4030,"East TN",2455501,131.052685378666,0.093923522230536,215.597550153716,24.6792813360695,142.292754105985,9.3923522230536
2021-03-05,260148,470,215582,311,44566,159,238360,354,1597464,3683,1835824,4037,15,4016,-64,3430,519,252702,15,8161,4034,"East TN",2455501,131.378484472212,0.0914032382420971,164.406367580384,19.1406967457965,139.686361357621,9.14032382420971
2021-03-06,260611,463,215905,323,44706,140,238732,372,1601740,4276,1840472,4648,1,4017,49,3479,413,253115,8,8169,4039,"East TN",2455501,132.355881752848,0.0941719429399649,189.289273349919,18.8556225389442,141.681880805587,9.41719429399649
2021-03-07,260866,255,216069,164,44797,91,238916,184,1603470,1730,1842386,1914,1,4018,-111,3368,365,253480,4,8173,4043,"East TN",2455501,127.835419329905,0.0926402470406588,77.9474331307542,10.3848461067619,137.161418382644,9.26402470406588
2021-03-08,261322,456,216361,292,44961,164,239228,312,1605052,1582,1844280,1894,3,4021,-127,3241,580,254060,9,8182,4051,"East TN",2455501,136.509820195553,0.0952017697764894,77.1329353968905,18.5705483320919,131.989357772609,9.52017697764894
2021-03-09,261861,539,216643,282,45218,257,239547,319,1607628,2576,1847175,2895,6,4027,25,3266,508,254568,17,8199,4062,"East TN",2455501,133.211104373405,0.0939347058590186,117.898546976768,21.9507139276262,133.007479939939,9.39347058590186
2021-03-10,262510,649,217106,463,45404,186,240054,507,1613099,5471,1853153,5978,7,4034,174,3440,468,255036,24,8223,4070,"East TN",2455501,140.012160451167,0.0945236309077269,243.453372651854,26.4304514638764,140.093610224553,9.45236309077269
2021-03-11,263044,534,217446,340,45598,194,240419,365,1616438,3339,1856857,3704,5,4039,88,3528,441,255477,8,8231,4077,"East TN",2455501,137.079968609257,0.0962504986039091,150.844980311554,21.7470894941603,143.677400253553,9.62504986039091
2021-03-12,263507,463,217814,368,45693,95,240835,416,1619787,3349,1860622,3765,5,4044,5,3533,453,255930,10,8241,4085,"East TN",2455501,136.794894402405,0.0998064360029035,153.329198399838,18.8556225389442,143.881024687019,9.98064360029035
2021-03-13,263954,447,218030,216,45924,231,241115,280,1623427,3640,1864542,3920,2,4046,42,3575,403,256333,20,8261,4091,"East TN",2455501,136.143296215314,0.099002908184462,159.641555837281,18.2040243518532,145.591469928133,9.9002908184462
2021-03-14,264216,262,218206,176,46010,86,241326,211,1625269,1842,1866595,2053,0,4046,-50,3525,312,256645,10,8271,4096,"East TN",2455501,136.428370422166,0.0995497542236358,83.6081923811067,10.6699203136142,143.555225593474,9.95497542236358
2021-03-15,264572,356,218391,185,46181,171,241543,217,1626465,1196,1868008,1413,4,4050,-168,3357,520,257165,15,8286,4100,"East TN",2455501,132.355881752848,0.0975640593391773,57.544264897469,14.4980596627735,136.713444629019,9.75640593391774
2021-03-16,265271,699,218842,451,46429,248,242039,496,1629733,3268,1871772,3764,4,4054,195,3552,500,257665,35,8321,4101,"East TN",2455501,138.871863623757,0.101313168272554,153.288473513145,28.4666957985356,144.65479753419,10.1313168272554
2021-03-17,265696,425,219174,332,46522,93,242403,364,1633456,3723,1875859,4087,1,4055,-31,3521,455,258120,15,8336,4109,"East TN",2455501,129.749489004484,0.103452831850612,166.442611915043,17.3080768446032,143.392326046701,10.3452831850612
2021-03-18,266246,550,219523,349,46723,201,242788,385,1636747,3291,1879535,3676,6,4061,98,3619,446,258566,31,8367,4115,"East TN",2455501,130.401087191575,0.10446247464503,149.704683484144,22.3986876812512,147.383364942633,10.446247464503
2021-03-19,267038,792,220053,530,46985,262,243351,563,1641793,5046,1885144,5609,15,4076,336,3955,441,259007,25,8392,4119,"East TN",2455501,143.799574913633,0.102601745371503,228.425889462069,32.2541102610017,161.066926871543,10.2601745371503
2021-03-20,267311,273,220219,166,47092,107,243545,194,1643914,2121,1887459,2315,1,4077,-42,3913,314,259321,15,8407,4120,"East TN",2455501,136.713444629019,0.10603482131169,94.278112694721,11.1178940672392,159.356481630429,10.603482131169
2021-03-21,267592,281,220415,196,47177,85,243770,225,1645714,1800,1889484,2025,-7,4070,-32,3881,320,259641,8,8415,4126,"East TN",2455501,137.487217476189,0.106776180698152,82.4678955536976,11.4436931607847,158.053285256247,10.6776180698152
2021-03-22,268117,525,220754,339,47363,186,244126,356,1647803,2089,1891929,2445,14,4084,-12,3869,523,260164,19,8434,4132,"East TN",2455501,144.369723327337,0.107980435600518,99.5723479648349,21.3805655139216,157.564586615929,10.7980435600518
2021-03-23,268554,437,221002,248,47552,189,244393,267,1650259,2456,1894652,2723,11,4095,-76,3793,502,260666,16,8450,4137,"East TN",2455501,133.699803013723,0.102884615384615,110.89386646554,17.7967754849214,154.469495227247,10.2884615384615
2021-03-24,269151,597,221459,457,47692,140,244886,493,1654957,4698,1899843,5191,4,4099,84,3877,509,261175,24,8474,4141,"East TN",2455501,140.704483524951,0.103527351567712,211.402886824318,24.3127573558308,157.890385709474,10.3527351567712
2021-03-25,269551,400,221766,307,47785,93,245219,333,1657925,2968,1903144,3301,8,4107,-66,3811,458,261633,23,8497,4143,"East TN",2455501,134.595750520973,0.102969206658478,134.4328509742,16.2899546772736,155.202543187724,10.2969206658478
2021-03-26,269961,410,222088,322,47873,88,245565,346,1660558,2633,1906123,2979,7,4114,-63,3748,466,262099,12,8509,4148,"East TN",2455501,119.038843804177,0.105534105534106,121.319437458995,16.6972035442054,152.636875326054,10.5534105534106
2021-03-27,270164,203,222268,180,47896,23,245775,210,1663070,2512,1908845,2722,2,4116,-165,3583,366,262465,11,8520,4153,"East TN",2455501,116.188101735654,0.104273823997007,110.853141578847,8.26715199871635,145.917269021678,10.4273823997007
2021-03-28,270480,316,222487,219,47993,97,246020,245,1665142,2072,1911162,2317,5,4121,-67,3516,378,262843,17,8537,4159,"East TN",2455501,117.613472769915,0.103791862717963,94.3595624681073,12.8690641950461,143.188701613235,10.3791862717963
2021-03-29,270919,439,222724,237,48195,202,246275,255,1666998,1856,1913273,2111,18,4139,-96,3420,517,263360,17,8554,4162,"East TN",2455501,114.111132514302,0.100684032983508,85.9702358093114,17.8782252583078,139.279112490689,10.0684032983508
2021-03-30,271293,374,222982,258,48311,116,246597,322,1669474,2476,1916071,2798,5,4144,-146,3274,515,263875,19,8573,4166,"East TN",2455501,111.545464652631,0.102899295018442,113.948232967529,15.2311076232508,133.333279033484,10.2899295018442
2021-03-31,271954,661,223424,442,48530,219,247085,488,1674290,4816,1921375,5304,4,4148,167,3441,490,264365,17,8590,4169,"East TN",2455501,114.151857400995,0.102127066691436,216.004799020648,26.9191501041946,140.134335111246,10.2127066691436
2021-04-01,272402,448,223745,321,48657,127,247435,350,1677119,2829,1924554,3179,1,4149,-88,3353,535,264900,13,8603,4170,"East TN",2455501,116.106651962268,0.103503035964503,129.464414797632,18.2447492385464,136.550545082246,10.3503035964503
2021-04-02,272753,351,223980,235,48773,116,247687,252,1680141,3022,1927828,3274,0,4149,-81,3272,432,265332,9,8612,4174,"East TN",2455501,113.70388364737,0.0977654918221608,133.333279033484,14.2944352293076,133.251829260098,9.77654918221608
2021-04-03,273096,343,224231,251,48865,92,247962,275,1682492,2351,1930454,2626,0,4149,-54,3218,397,265729,12,8624,4180,"East TN",2455501,119.405367784415,0.101207830070804,106.943552456301,13.9686361357621,131.052685378666,10.1207830070804
2021-04-04,273267,171,224354,123,48913,48,248103,141,1684087,1595,1932190,1736,6,4155,-179,3039,344,266073,6,8630,4183,"East TN",2455501,113.500259213904,0.0990583983260415,70.6984032993674,6.96395562453446,123.762930660586,9.90583983260415
2021-04-05,273673,406,224589,235,49084,171,248326,223,1685306,1219,1933632,1442,6,4161,-95,2944,495,266568,37,8667,4186,"East TN",2455501,112.156337953029,0.100741686723316,58.7252866115713,16.5343039974327,119.894066424734,10.0741686723316
2021-04-06,274104,431,224839,250,49265,181,248604,278,1687394,2088,1935998,2366,3,4164,-8,2936,436,267004,22,8689,4187,"East TN",2455501,114.47765649454,0.100717619310483,96.3550819160733,17.5524261647623,119.568267331188,10.0717619310483
2021-04-07,274736,632,225302,463,49434,169,249112,508,1692086,4692,1941198,5200,5,4169,207,3143,420,267424,21,8710,4187,"East TN",2455501,113.296634780438,0.10225495636382,211.769410804557,25.7381283900923,127.998318876677,10.225495636382
2021-04-08,275141,405,225557,255,49584,150,249401,289,1695099,3013,1944500,3302,-1,4168,42,3185,364,267788,16,8726,4190,"East TN",2455501,111.545464652631,0.0985661285470771,134.473575860894,16.4935791107395,129.708764117791,9.85661285470771
2021-04-09,275659,518,225963,406,49696,112,249851,450,1698975,3876,1948826,4326,4,4172,107,3292,407,268195,27,8753,4191,"East TN",2455501,118.346520730393,0.103057434041337,176.175859834714,21.0954913070693,134.066326993962,10.3057434041337
2021-04-10,275963,304,226178,215,49785,89,250098,247,1701756,2781,1951854,3028,1,4173,-15,3277,318,268513,14,8767,4195,"East TN",2455501,116.758250149359,0.0998130841121495,123.314956906961,12.3803655547279,133.455453693564,9.98130841121495
2021-04-11,276200,237,226341,163,49859,74,250272,174,1703469,1713,1953741,1887,2,4175,-87,3190,322,268835,9,8776,4198,"East TN",2455501,119.446092671109,0.100644981671384,76.8478611900382,9.65179814628461,129.912388551257,10.0644981671384
2021-04-12,276664,464,226663,322,50001,142,250602,330,1705232,1763,1955834,2093,3,4178,12,3202,449,269284,15,8791,4205,"East TN",2455501,121.808136099313,0.102513287091253,85.2371878488341,18.8963474256374,130.401087191575,10.2513287091253
2021-04-13,277042,378,226903,240,50139,138,250852,250,1707290,2058,1958142,2308,3,4181,-57,3145,432,269716,14,8805,4207,"East TN",2455501,119.649717104575,0.101517341040462,93.9930384878687,15.3940071700236,128.079768650064,10.1517341040462
2021-04-14,277722,680,227405,502,50317,178,251409,557,1712111,4821,1963520,5378,0,4181,269,3414,411,270127,25,8830,4208,"East TN",2455501,121.604511665847,0.102902965684078,219.018440635944,27.6929229513651,139.03476317053,10.2902965684078
2021-04-15,278261,539,227771,366,50490,173,251789,380,1715256,3145,1967045,3525,2,4183,114,3528,423,270550,24,8854,4212,"East TN",2455501,127.061646482734,0.105921490352628,143.555225593474,21.9507139276262,143.677400253553,10.5921490352628
2021-04-16,279239,978,228666,895,50573,83,252894,1105,1722740,7484,1975634,8589,3,4186,633,4161,342,270892,32,8886,4213,"East TN",2455501,145.795094361599,0.113510892270964,349.786051807757,39.8289391859339,169.456253530339,11.3510892270964
2021-04-17,279441,202,228813,147,50628,55,253067,173,1724971,2231,1978038,2404,0,4186,-92,4069,294,271186,10,8896,4214,"East TN",2455501,141.641155918894,0.113389856400855,97.9026276104143,8.22642711202317,165.709563954566,11.3389856400855
2021-04-18,279659,218,229000,187,50659,31,253270,203,1726774,1803,1980044,2006,6,4192,-122,3947,334,271520,7,8903,4219,"East TN",2455501,140.867383071723,0.113979393985477,81.6941227065271,8.87802529911411,160.741127777997,11.3979393985477
2021-04-19,279987,328,229195,195,50792,133,253480,210,1728223,1449,1981703,1659,8,4200,-214,3733,534,272054,14,8917,4221,"East TN",2455501,135.32879848145,0.111252850902625,67.5625870239923,13.3577628353644,152.026002025656,11.1252850902625
2021-04-20,280340,353,229472,277,50868,76,253761,281,1730671,2448,1984432,2729,4,4204,-112,3621,461,272515,20,8937,4224,"East TN",2455501,134.310676314121,0.11065043742868,111.138215785699,14.375885002694,147.464814716019,11.065043742868
2021-04-21,280852,512,229801,329,51051,183,254100,339,1734452,3781,1988552,4120,4,4208,28,3649,480,272995,12,8949,4229,"East TN",2455501,127.468895349666,0.107502396931927,167.786533175918,20.8511419869102,148.605111543428,10.7502396931927
2021-04-22,281494,642,230199,398,51295,244,254551,451,1738704,4252,1993255,4703,3,4211,191,3840,448,273443,21,8970,4231,"East TN",2455501,131.663558679064,0.10537962609691,191.529142118044,26.1453772570241,156.383564901827,10.537962609691
2021-04-23,281878,384,230477,278,51401,106,254859,308,1741907,3203,1996766,3511,0,4211,-10,3830,394,273837,10,8980,4232,"East TN",2455501,107.472975983313,0.0929869392390687,142.985077179769,15.6383564901827,155.976316034895,9.29869392390687
2021-04-24,282139,261,230666,189,51473,72,255068,209,1744905,2998,1999973,3207,0,4211,-130,3700,391,274228,19,8999,4236,"East TN",2455501,109.87574429821,0.0912240711192159,130.604711625041,10.629195426921,150.682080764781,9.12240711192159
2021-04-25,282339,200,230814,148,51525,52,255227,159,1746556,1651,2001783,1810,4,4215,-114,3586,310,274538,17,9016,4239,"East TN",2455501,109.142696337733,0.0900225401352408,73.712044914663,8.1449773386368,146.039443681758,9.00225401352408
2021-04-26,282726,387,231057,243,51669,144,255479,252,1748528,1972,2004007,2224,6,4221,-142,3444,523,275061,15,9031,4243,"East TN",2455501,111.545464652631,0.0896251793400287,90.5721480056412,15.7605311502622,140.256509771326,8.96251793400287
2021-04-27,283114,388,231260,203,51854,185,255697,218,1750892,2364,2006589,2582,3,4224,-54,3390,439,275500,23,9054,4246,"East TN",2455501,112.970835686892,0.087376449880399,105.151657441801,15.8012560369554,138.057365889894,8.7376449880399
2021-04-28,283601,487,231606,346,51995,141,256078,381,1755019,4127,2011097,4508,6,4230,8,3398,473,275973,22,9076,4251,"East TN",2455501,111.952713519563,0.0877356398314482,183.587789212873,19.8330198195806,138.383164983439,8.77356398314482
2021-04-29,283993,392,231885,279,52108,113,256382,304,1757951,2932,2014333,3236,1,4231,18,3416,373,276346,20,9096,4253,"East TN",2455501,101.771491846267,0.0868678242717525,131.785733339143,15.9641555837281,139.116212943917,8.68678242717525
2021-04-30,284363,370,232113,228,52250,142,256622,240,1761218,3267,2017840,3507,0,4231,-2,3414,372,276718,15,9111,4256,"East TN",2455501,101.201343432562,0.0836575875486381,142.822177632996,15.0682080764781,139.03476317053,8.36575875486381
2021-05-01,284598,235,232295,182,52303,53,256811,189,1763709,2491,2020520,2680,-1,4230,-31,3383,267,276985,15,9126,4256,"East TN",2455501,100.142496378539,0.0848299021755001,109.142696337733,9.57034837289824,137.772291683041,8.48299021755001
2021-05-02,284773,175,232423,128,52350,47,256944,133,1765185,1476,2022129,1609,1,4231,-76,3307,250,277235,11,9137,4260,"East TN",2455501,99.1243742112099,0.0843900520986926,65.526342689333,7.1268551713072,134.677200294359,8.43900520986926
2021-05-03,284984,211,232537,114,52447,97,257070,126,1766669,1484,2023739,1610,5,4236,-226,3081,432,277667,16,9153,4262,"East TN",2455501,91.9567941532095,0.0806304480032435,65.5670675760262,8.59295109226182,125.4733759017,8.06304480032435
2021-05-04,285304,320,232757,220,52547,100,257315,245,1769069,2400,2026384,2645,7,4243,-79,3002,392,278059,12,9165,4268,"East TN",2455501,89.1875018580729,0.0817378125789341,107.717325303472,13.0319637418189,122.256109852938,8.17378125789341
2021-05-05,285770,466,233050,293,52720,173,257626,311,1773218,4149,2030844,4460,5,4248,129,3131,332,278391,22,9187,4273,"East TN",2455501,88.3322792375161,0.0783916544285208,181.632994651601,18.9777971990237,127.509620236359,7.83916544285208
2021-05-06,286056,286,233247,197,52809,89,257857,231,1775656,2438,2033513,2669,4,4252,-101,3030,383,278774,10,9197,4278,"East TN",2455501,84.0154412480386,0.076903023983316,108.694722584108,11.6473175942506,123.396406680348,7.6903023983316
2021-05-07,286422,366,233494,247,52928,119,258126,269,1779105,3449,2037231,3718,0,4252,17,3047,349,279123,15,9212,4279,"East TN",2455501,83.8525417012658,0.0775617554535609,151.415128725258,14.9053085297053,124.088729754132,7.75617554535609
2021-05-08,286593,171,233597,103,52996,68,258240,114,1781000,1895,2039240,2009,0,4252,-98,2949,269,279392,7,9219,4281,"East TN",2455501,81.2461489529021,0.0763354700854701,81.8162973666066,6.96395562453446,120.0976908582,7.63354700854701
2021-05-09,286739,146,233712,115,53027,31,258372,132,1782711,1711,2041083,1843,4,4256,-161,2788,303,279695,11,9230,4283,"East TN",2455501,80.0651272387997,0.0753402975625198,75.0559661755381,5.94583345720486,113.540984100597,7.53402975625198
2021-05-10,286975,236,233848,136,53127,100,258517,145,1784227,1516,2042744,1661,7,4263,-199,2589,428,280123,19,9249,4284,"East TN",2455501,81.0832494061293,0.0761378584583004,67.6440367973786,9.61107325959142,105.436731648653,7.61378584583004
2021-05-11,287291,316,234076,228,53215,88,258761,244,1786906,2679,2045667,2923,1,4264,-57,2532,372,280495,19,9268,4286,"East TN",2455501,80.9203498593566,0.0749883316911269,119.038843804177,12.8690641950461,103.115413107142,7.49883316911269
2021-05-12,287595,304,234293,217,53302,87,259012,251,1790971,4065,2049983,4316,3,4267,-53,2479,354,280849,15,9283,4288,"East TN",2455501,74.3229182150608,0.0724175766758974,175.768610967782,12.3803655547279,100.956994112403,7.24175766758974
2021-05-13,287805,210,234429,136,53376,74,259157,145,1793704,2733,2052861,2878,1,4268,-133,2346,342,281191,9,9292,4290,"East TN",2455501,71.2278268263788,0.067190407277238,117.206223902984,8.55222620556864,95.5405841822097,6.7190407277238
2021-05-14,288108,303,234648,219,53460,84,259405,248,1796390,2686,2055795,2934,1,4269,36,2382,266,281457,19,9311,4293,"East TN",2455501,68.6621589647082,0.0688967894850248,119.486817557802,12.3396406680348,97.0066801031643,6.88967894850248
2021-05-15,288216,108,234729,81,53487,27,259507,102,1798378,1988,2057885,2090,0,4269,-156,2226,264,281721,5,9316,4296,"East TN",2455501,66.0964911030376,0.0679538750335211,85.1150131887546,4.39828776286387,90.6535977790276,6.79538750335211
2021-05-16,288316,100,234803,74,53513,26,259592,85,1799827,1449,2059419,1534,3,4272,-122,2104,219,281940,4,9320,4299,"East TN",2455501,64.2231463151512,0.0665357766143106,62.4719761873443,4.0724886693184,85.6851616024591,6.65357766143106
2021-05-17,288518,202,234905,102,53613,100,259702,110,1801396,1569,2061098,1679,6,4278,-115,1989,311,282251,11,9331,4303,"East TN",2455501,62.8385001675829,0.064563582870219,68.3770847578559,8.22642711202317,81.001799632743,6.4563582870219
2021-05-18,288731,213,235040,135,53691,78,259848,146,1803634,2238,2063482,2384,8,4286,-103,1886,308,282559,20,9351,4306,"East TN",2455501,58.643836838185,0.0610159977547011,97.0881298765507,8.67440086564819,76.807136303345,6.10159977547011
2021-05-19,288948,217,235204,164,53744,53,260015,167,1806904,3270,2066919,3437,1,4287,-54,1832,270,282829,19,9370,4308,"East TN",2455501,55.100771695878,0.0592229570146434,139.971435564473,8.83730041242093,74.6079924219131,5.92229570146434
2021-05-20,289127,179,235336,132,53791,47,260171,156,1821073,14169,2081244,14325,3,4290,-90,1742,266,283095,7,9377,4310,"East TN",2455501,53.8383002083892,0.0357256104005919,583.384001879861,7.28975471807994,70.9427526195265,3.57256104005919
2021-05-21,289290,163,235443,107,53847,56,260292,121,1823351,2278,2083643,2399,0,4290,-60,1682,223,283318,9,9386,4312,"East TN",2455501,48.1368160713435,0.0318514794599253,97.6990031769484,6.63815653098899,68.4992594179355,3.18514794599253
2021-05-22,289361,71,235491,48,53870,23,260354,62,1824938,1587,2085292,1649,0,4290,-108,1574,179,283497,10,9396,4312,"East TN",2455501,46.6299952636957,0.0309045134454701,67.1553381570604,2.89146695521606,64.1009716550716,3.09045134454701
2021-05-23,289435,74,235542,51,53893,23,260415,61,1826003,1065,2086418,1126,3,4293,-129,1445,200,283697,5,9401,4314,"East TN",2455501,45.5711482096729,0.0304826104670543,45.8562224165252,3.01364161529562,58.8474612716509,3.04826104670543
2021-05-24,289595,160,235653,111,53942,49,260541,126,1827928,1925,2088469,2051,0,4293,-94,1351,254,283951,7,9408,4315,"East TN",2455501,43.8607029685592,0.0306528807862336,83.5267426077204,6.51598187090944,55.0193219224916,3.06528807862336
2021-05-25,289738,143,235749,96,53989,47,260629,88,1829655,1727,2090284,1815,0,4293,-73,1278,216,284167,8,9416,4319,"East TN",2455501,41.0099609000363,0.0291396164465338,73.915669348129,5.82365879712531,52.0464051938891,2.91396164465338
2021-05-26,289923,185,235889,140,54034,45,260794,165,1832539,2884,2093333,3049,7,4300,-32,1246,210,284377,13,9429,4321,"East TN",2455501,39.7067645258544,0.0294919360944953,124.170179527518,7.53410403823904,50.7432088197073,2.94919360944953
2021-05-27,290047,124,235965,76,54082,48,260933,139,1835511,2972,2096444,3111,4,4304,-82,1164,202,284579,9,9438,4325,"East TN",2455501,37.4668957577293,0.0501315789473684,126.695122502495,5.04988594995482,47.4037681108662,5.01315789473684
2021-05-28,290164,117,236055,90,54109,27,261031,98,1837623,2112,2098654,2210,0,4304,-61,1103,178,284757,5,9443,4326,"East TN",2455501,35.5935509698428,0.0492305642528812,90.0019995919366,4.76481174310253,44.9195500225819,4.92305642528812
2021-05-29,290216,52,236088,33,54128,19,261068,37,1838700,1077,2099768,1114,0,4304,-88,1015,140,284897,7,9450,4328,"East TN",2455501,34.8197781226723,0.0493230174081238,45.367523776207,2.11769410804557,41.3357599935818,4.93230174081238
2021-05-30,290271,55,236128,40,54143,15,261114,46,1839786,1086,2100900,1132,0,4304,-67,948,122,285019,7,9457,4330,"East TN",2455501,34.0460052755018,0.0482668139759702,46.1005717366843,2.23986876812512,38.6071925851384,4.82668139759702
2021-05-31,290351,80,236194,66,54157,14,261185,71,1841213,1427,2102398,1498,6,4310,-97,851,171,285190,4,9461,4331,"East TN",2455501,30.7880143400471,0.0462344748366717,61.0058802663896,3.25799093545472,34.6568785758996,4.62344748366717
2021-06-01,290481,130,236287,93,54194,37,261279,94,1842528,1315,2103807,1409,3,4313,-37,814,164,285354,11,9472,4331,"East TN",2455501,30.2585908130357,0.048066257487244,57.3813653506963,5.29423527011392,33.1500577682518,4.8066257487244
2021-06-02,290600,119,236358,71,54242,48,261352,73,1844508,1980,2105860,2053,1,4314,-20,794,138,285492,9,9481,4335,"East TN",2455501,27.5707482912856,0.0445437854234853,83.6081923811067,4.8462615164889,32.3355600343881,4.45437854234853
2021-06-03,290688,88,236415,57,54273,31,261471,119,1847674,3166,2109145,3285,1,4315,-42,752,129,285621,6,9487,4338,"East TN",2455501,26.1046523703309,0.0423588693803637,133.781252787109,3.58379002900019,30.6251147932744,4.23588693803637
2021-06-04,290779,91,236474,59,54305,32,261549,78,1849825,2151,2111374,2229,1,4316,-32,720,122,285743,7,9494,4338,"East TN",2455501,25.0458053163082,0.0407232704402516,90.7757724391071,3.70596468907974,29.3219184190925,4.07232704402516
2021-06-05,290820,41,236500,26,54320,15,261579,30,1851208,1383,2112787,1413,-1,4315,-69,651,111,285854,2,9496,4340,"East TN",2455501,24.5978315626831,0.0392503264459636,57.544264897469,1.66972035442054,26.5119012372628,3.92503264459636
2021-06-06,290846,26,236516,16,54330,10,261598,19,1852124,916,2113722,935,-1,4314,-57,594,84,285938,2,9498,4340,"East TN",2455501,23.4168098485808,0.037747621275932,38.077769058127,1.05884705402278,24.1905826957513,3.7747621275932
2021-06-07,290918,72,236550,34,54368,38,261650,52,1853394,1270,2115044,1322,3,4317,-71,523,140,286078,10,9508,4341,"East TN",2455501,23.0910107550353,0.0367705203226317,53.8383002083892,2.93219184190925,21.2991157405352,3.67705203226317
2021-06-08,291005,87,236617,67,54388,20,261720,70,1854873,1479,2116593,1549,3,4320,-28,495,112,286190,4,9512,4344,"East TN",2455501,21.3398406272284,0.0344908493664946,63.082849487742,3.54306514230701,20.1588189131261,3.44908493664946
2021-06-09,291053,48,236655,38,54398,10,261774,54,1857604,2731,2119378,2785,0,4320,-64,431,112,286302,3,9515,4345,"East TN",2455501,18.4483736720124,0.0312176357449327,113.418809440517,1.95479456127283,17.5524261647623,3.12176357449327
2021-06-10,291128,75,236712,57,54416,18,261840,66,1859389,1785,2121229,1851,4,4324,-23,408,94,286396,4,9519,4348,"East TN",2455501,17.918950145001,0.0305362462760675,75.3817652690836,3.0543665019888,16.6157537708191,3.05362462760675
2021-06-11,291198,70,236758,46,54440,24,261896,56,1860873,1484,2122769,1540,2,4326,-5,403,73,286469,4,9523,4349,"East TN",2455501,17.0637275244441,0.0304519526107942,62.7163255075034,2.85074206852288,16.4121293373532,3.04519526107942
2021-06-12,291227,29,236780,22,54447,7,261927,31,1862067,1194,2123994,1225,3,4329,-24,379,50,286519,1,9524,4352,"East TN",2455501,16.5750288841259,0.0310520210582672,49.8879861991504,1.18102171410234,15.4347320567167,3.10520210582672
2021-06-13,291245,18,236794,14,54451,4,261948,21,1862911,844,2124859,865,1,4330,-41,338,58,286577,1,9525,4352,"East TN",2455501,16.2492297905804,0.0314267756128221,35.2270269896042,0.733047960477312,13.7650117022962,3.14267756128221
2021-06-14,291298,53,236827,33,54471,20,261989,41,1864164,1253,2126153,1294,3,4333,-9,329,59,286636,3,9528,4352,"East TN",2455501,15.4754569434099,0.0305157980016203,52.6980033809801,2.15841899473875,13.3984877220575,3.05157980016203
2021-06-15,291386,88,236895,68,54491,20,262077,88,1866046,1882,2128123,1970,0,4333,-6,323,94,286730,4,9532,4353,"East TN",2455501,15.5161818301031,0.0309627059843885,80.2280267855725,3.58379002900019,13.1541384018984,3.09627059843885
2021-06-16,291453,67,236935,40,54518,27,262115,38,1867952,1906,2130067,1944,2,4335,-14,309,79,286809,7,9539,4355,"East TN",2455501,16.2899546772736,0.0319019552811301,79.1691797315497,2.72856740844333,12.5839899881939,3.19019552811301
2021-06-17,291505,52,236974,39,54531,13,262161,46,1870302,2350,2132463,2396,1,4336,-6,303,57,286866,1,9540,4359,"East TN",2455501,15.3532822833304,0.0285739718711056,97.5768285168689,2.11769410804557,12.3396406680348,2.85739718711056
2021-06-18,291568,63,237026,52,54542,11,262216,55,1872030,1728,2134246,1783,2,4338,1,304,60,286926,4,9544,4361,"East TN",2455501,15.0682080764781,0.0278818506578374,72.6124729739471,2.56566786167059,12.3803655547279,2.78818506578374
2021-06-19,291596,28,237043,17,54553,11,262234,18,1873182,1152,2135416,1170,0,4338,-16,288,44,286970,4,9548,4362,"East TN",2455501,15.0274831897849,0.0268779548240238,47.6481174310253,1.14029682740915,11.728767367637,2.68779548240238
2021-06-20,291621,25,237064,21,54557,4,262251,17,1873936,754,2136187,771,3,4341,-13,275,35,287005,2,9550,4365,"East TN",2455501,15.3125573966372,0.0267478813559322,31.3988876404449,1.0181221673296,11.1993438406256,2.67478813559322
2021-06-21,291688,67,237104,40,54584,27,262303,52,1875208,1272,2137511,1324,6,4347,3,278,58,287063,2,9552,4366,"East TN",2455501,15.8827058103418,0.0276457122732876,53.9197499817756,2.72856740844333,11.3215185007052,2.76457122732876
2021-06-22,291781,93,237150,46,54631,47,262354,51,1876635,1427,2138989,1478,5,4352,36,314,52,287115,7,9559,4370,"East TN",2455501,16.0863302438077,0.0254923614945702,60.1913825325259,3.78741446246611,12.7876144216598,2.54923614945702
2021-06-23,291850,69,237198,48,54652,21,262409,55,1878422,1787,2140831,1842,2,4354,6,320,61,287176,5,9564,4374,"East TN",2455501,16.167780017194,0.0273132664437012,75.0152412888449,2.8100171818297,13.0319637418189,2.73132664437012
2021-06-24,291933,83,237249,51,54684,32,262471,62,1880266,1844,2142737,1906,3,4357,27,347,53,287229,4,9568,4375,"East TN",2455501,17.4302515046828,0.0301732528713257,77.6216340372087,3.38016559553427,14.1315356825348,3.01732528713257
2021-06-25,292012,79,237305,56,54707,23,262540,69,1882074,1808,2144614,1877,0,4357,32,379,47,287276,2,9570,4377,"East TN",2455501,18.0818496917737,0.03125,76.4406123231064,3.21726604876154,15.4347320567167,3.125
2021-06-26,292047,35,237323,18,54724,17,262561,21,1883258,1184,2145819,1205,0,4357,1,380,34,287310,2,9572,4379,"East TN",2455501,18.366923898626,0.0314332404114198,49.0734884652867,1.42537103426144,15.4754569434099,3.14332404114198
2021-06-27,292076,29,237343,20,54733,9,262585,24,1883972,714,2146557,738,2,4359,-9,371,36,287346,3,9575,4381,"East TN",2455501,18.5298234453987,0.0322082931533269,30.0549663795698,1.18102171410234,15.1089329631713,3.22082931533269
2021-06-28,292120,44,237367,24,54753,20,262610,25,1884524,552,2147134,577,4,4363,-16,355,56,287402,3,9578,4381,"East TN",2455501,17.5931510514555,0.0319027330354359,23.4982596219672,1.7918950145001,14.4573347760803,3.19027330354359
2021-06-29,292251,131,237453,86,54798,45,262707,97,1886538,2014,2149245,2111,0,4363,79,434,52,287454,6,9584,4384,"East TN",2455501,19.1406967457965,0.0344188767550702,85.9702358093114,5.3349601568071,17.6746008248419,3.44188767550702
2021-06-30,292336,85,237516,63,54820,22,262782,75,1888182,1644,2150964,1719,3,4366,29,463,53,287507,3,9587,4384,"East TN",2455501,19.7922949328874,0.0368104213954406,70.0060802255833,3.46161536892064,18.8556225389442,3.68104213954406
2021-07-01,292442,106,237569,53,54873,53,262847,65,1890734,2552,2153581,2617,1,4367,57,520,48,287555,2,9589,4387,"East TN",2455501,20.7289673268307,0.0346735521947621,106.577028476063,4.3168379894775,21.1769410804557,3.46735521947621
2021-07-02,292524,82,237632,63,54892,19,262921,74,1892416,1682,2155337,1756,0,4367,30,550,52,287607,2,9591,4389,"East TN",2455501,20.8511419869102,0.035531101370885,71.5129010332311,3.33944070884109,22.3986876812512,3.5531101370885
2021-07-03,292572,48,237668,36,54904,12,262961,40,1893504,1088,2156465,1128,1,4368,1,551,46,287653,3,9594,4392,"East TN",2455501,21.3805655139216,0.0375727972947586,45.9376721899116,1.95479456127283,22.4394125679444,3.75727972947586
2021-07-04,292599,27,237689,21,54910,6,262986,25,1894204,700,2157190,725,0,4368,-13,538,40,287693,1,9595,4393,"East TN",2455501,21.2991157405352,0.0377127809649205,29.5255428525584,1.09957194071597,21.909989040933,3.77127809649205
2021-07-05,292642,43,237713,24,54929,19,263011,25,1894686,482,2157697,507,0,4368,-30,508,73,287766,2,9597,4393,"East TN",2455501,21.258390853842,0.037962699990533,20.6475175534443,1.75117012780691,20.6882424401375,3.7962699990533
2021-07-06,292804,162,237817,104,54987,58,263124,113,1896011,1325,2159135,1438,5,4373,82,590,75,287841,6,9603,4393,"East TN",2455501,22.5208623413308,0.0421638018200202,58.5623870647986,6.59743164429581,24.0276831489786,4.21638018200202
2021-07-07,292946,142,237897,80,55049,62,263212,88,1897470,1459,2160682,1547,4,4377,81,671,57,287898,6,9609,4395,"East TN",2455501,24.8421808828422,0.0442477876106195,63.0013997143556,5.78293391043213,27.3263989711265,4.42477876106195
2021-07-08,293086,140,237999,102,55087,38,263329,117,1899325,1855,2162654,1972,2,4379,76,747,62,287960,3,9612,4397,"East TN",2455501,26.2268270304105,0.0531246555714758,80.3094765589588,5.70148413704576,30.4214903598084,5.31246555714758
2021-07-09,293250,164,238121,122,55129,42,263460,131,1901070,1745,2164530,1876,0,4379,100,847,64,288024,4,9616,4399,"East TN",2455501,29.5662677392516,0.0586315674970086,76.3998874364132,6.67888141768218,34.4939790291268,5.86315674970086
2021-07-10,293354,104,238194,73,55160,31,263534,74,1902126,1056,2165660,1130,0,4379,56,903,48,288072,13,9629,4400,"East TN",2455501,31.8468613940699,0.0623164763458401,46.0191219632979,4.23538821609114,36.7745726839452,6.23164763458401
2021-07-11,293402,48,238229,35,55173,13,263577,43,1902881,755,2166458,798,2,4381,4,907,42,288114,7,9636,4400,"East TN",2455501,32.7020840146267,0.0637678031937851,32.4984595811608,1.95479456127283,36.9374722307179,6.37678031937851
2021-07-12,293575,173,238346,117,55229,56,263702,125,1904247,1366,2167949,1491,1,4382,92,999,80,288194,13,9649,4401,"East TN",2455501,37.9963192847407,0.0674014826375341,60.7208060595373,7.04540539792083,40.6841618064908,6.74014826375341
2021-07-13,293789,214,238482,136,55307,78,263847,145,1905868,1621,2169715,1766,4,4386,149,1148,61,288255,14,9663,4404,"East TN",2455501,40.1140133927862,0.0683364839319471,71.9201499001629,8.71512575234138,46.7521699237752,6.83364839319471
2021-07-14,293962,173,238618,136,55344,37,263989,142,1907431,1563,2171420,1705,0,4386,103,1251,70,288325,11,9674,4405,"East TN",2455501,41.3764848802749,0.0723598435462842,69.4359318118787,7.04540539792083,50.9468332531732,7.23598435462842
2021-07-15,294182,220,238768,150,55414,70,264156,167,1909232,1801,2173388,1968,0,4386,118,1369,102,288427,14,9688,4405,"East TN",2455501,44.6344758157297,0.0770449040432271,80.1465770121861,8.95947507250048,55.7523698829689,7.70449040432271
2021-07-16,294412,230,238910,142,55502,88,264310,154,1910761,1529,2175071,1683,0,4386,164,1533,66,288493,10,9698,4409,"East TN",2455501,47.3223183374798,0.0806375106726117,68.5399843046287,9.36672393943232,62.4312513006511,8.06375106726117
2021-07-17,294556,144,239010,100,55546,44,264420,110,1911979,1218,2176399,1328,0,4386,54,1587,90,288583,5,9703,4411,"East TN",2455501,48.9513138052072,0.0825030263525468,54.0826495285484,5.8643836838185,64.630395182083,8.25030263525468
2021-07-18,294700,144,239131,121,55569,23,264552,132,1913105,1126,2177657,1258,0,4386,50,1637,94,288677,6,9709,4413,"East TN",2455501,52.8609029277528,0.0870613447629253,51.2319074600255,5.8643836838185,66.6666395167422,8.70613447629253
2021-07-19,295004,304,239343,212,55661,92,264769,217,1914795,1690,2179564,1907,3,4389,165,1802,136,288813,12,9721,4414,"East TN",2455501,58.1958630845599,0.0918639690055962,77.6623589239019,12.3803655547279,73.3862458211176,9.18639690055962
2021-07-20,295360,356,239581,238,55779,118,265023,254,1916456,1661,2181479,1915,2,4391,214,2016,140,288953,22,9743,4415,"East TN",2455501,63.9787969949921,0.0999659979598776,77.9881580174473,14.4980596627735,82.1013715734589,9.99659979598776
2021-07-21,295761,401,239874,293,55887,108,265333,310,1918572,2116,2183905,2426,3,4394,248,2264,150,289103,23,9766,4419,"East TN",2455501,73.264071161038,0.107649179014818,98.7985751176644,16.3306795639668,92.2011434733686,10.7649179014818
2021-07-22,296235,474,240207,333,56028,141,265700,367,1920941,2369,2186641,2736,5,4399,321,2585,148,289251,19,9785,4421,"East TN",2455501,83.6081923811067,0.116501924092658,111.423289992551,19.3035962925692,105.273832101881,11.6501924092658
2021-07-23,296699,464,240527,320,56172,144,266033,333,1922844,1903,2188877,2236,1,4400,331,2916,132,289383,21,9806,4426,"East TN",2455501,93.1378158673118,0.124800811241489,91.0608466459594,18.8963474256374,118.753769597325,12.4800811241489
2021-07-24,297057,358,240776,249,56281,109,266298,265,1924595,1751,2190893,2016,0,4400,226,3142,132,289515,19,9825,4430,"East TN",2455501,101.852941619653,0.129570856906306,82.1013715734589,14.5795094361599,127.957593989984,12.9570856906306
2021-07-25,297285,228,240966,190,56319,38,266501,203,1925910,1315,2192411,1518,3,4403,97,3239,128,289643,14,9839,4435,"East TN",2455501,105.273832101881,0.132099769554019,61.8203780002533,9.28527416604595,131.907907999223,13.2099769554019
2021-07-26,297952,667,241427,461,56525,206,266987,486,1927639,1729,2194626,2215,10,4413,448,3687,209,289852,30,9869,4439,"East TN",2455501,120.056965971506,0.147258000265569,90.2056240254026,27.1634994243537,150.152657237769,14.7258000265569
2021-07-27,298680,728,241917,490,56763,238,267502,515,1929960,2321,2197462,2836,2,4415,535,4222,191,290043,25,9894,4445,"East TN",2455501,135.206623821371,0.155102296189702,115.49577866187,29.6477175126379,171.940471618623,15.5102296189702
2021-07-28,299499,819,242465,548,57034,271,268115,613,1932828,2868,2200943,3481,2,4417,559,4781,258,290301,31,9925,4448,"East TN",2455501,152.229626459122,0.163282075360958,141.763330578973,33.3536822017177,194.705683280113,16.3282075360958
2021-07-29,300187,688,242919,454,57268,234,268611,496,1935256,2428,2203867,2924,3,4420,474,5255,211,290512,18,9943,4452,"East TN",2455501,160.944752211463,0.168988737954255,119.07956869087,28.0187220449106,214.009279572682,16.8988737954255
2021-07-30,301186,999,243666,747,57520,252,269413,802,1937059,1803,2206472,2605,4,4424,753,6008,242,290754,38,9981,4455,"East TN",2455501,182.732566592317,0.192100028417164,106.088329835744,40.6841618064908,244.675119252649,19.2100028417164
2021-07-31,301721,535,244031,365,57690,170,269809,396,1939029,1970,2208838,2366,2,4426,319,6327,214,290968,32,10013,4464,"East TN",2455501,189.94087153701,0.195653385344107,96.3550819160733,21.7878143808534,257.666358107775,19.5653385344107
2021-08-01,302255,534,244453,422,57802,112,270270,461,1941167,2138,2211437,2599,3,4429,321,6648,210,291178,27,10040,4467,"East TN",2455501,202.402686865124,0.198097340481446,105.843980515585,21.7470894941603,270.739046736287,19.8097340481446
2021-08-02,303105,850,244989,536,58116,314,270806,536,1943502,2335,2214308,2871,9,4438,416,7064,425,291603,32,10072,4475,"East TN",2455501,209.855341129977,0.194035159028554,116.921149696131,34.6161536892064,287.680599600652,19.4035159028554
2021-08-03,304443,1338,245957,968,58486,370,271821,1015,1947277,3775,2219098,4790,4,4442,895,7959,439,292042,33,10105,4484,"East TN",2455501,234.697522012819,0.199621002033648,195.072207260351,54.4898983954802,324.129373191051,19.9621002033648
2021-08-04,305530,1087,246790,833,58740,254,272708,887,1950897,3620,2223605,4507,8,4450,646,8605,433,292475,34,10139,4490,"East TN",2455501,245.611791646593,0.202674079957638,183.54706432618,44.267951835491,350.437649994848,20.2674079957638
2021-08-05,306710,1180,247679,889,59031,291,273659,951,1954862,3965,2228521,4916,10,4460,666,9271,504,292979,36,10175,4497,"East TN",2455501,265.648435899639,0.204753792488034,200.203542983693,48.0553662979571,377.560424532509,20.4753792488034
2021-08-06,308051,1341,248665,986,59386,355,274742,1083,1959490,4628,2234232,5711,3,4463,909,10180,429,293408,46,10221,4510,"East TN",2455501,279.576347148708,0.191966858789625,232.579827904774,54.6120730555597,414.579346536613,19.1966858789625
2021-08-07,308776,725,249190,525,59586,200,275326,584,1962494,3004,2237820,3588,0,4463,327,10507,398,293806,26,10247,4519,"East TN",2455501,287.314075620413,0.190359533503554,146.120893455144,29.5255428525584,427.896384485284,19.0359533503554
2021-08-08,309412,636,249641,451,59771,185,275852,526,1964609,2115,2240461,2641,5,4468,219,10726,412,294218,27,10274,4528,"East TN",2455501,291.468014063118,0.192323594266814,107.554425756699,25.901027936865,436.815134671092,19.2323594266814
2021-08-09,310781,1369,250602,961,60179,408,276860,1008,1968148,3539,2245008,4547,14,4482,571,11297,784,295002,58,10332,4540,"East TN",2455501,312.60423025688,0.197198697068404,185.176059793908,55.7523698829689,460.0690449729,19.7198697068404
2021-08-10,312108,1327,251450,848,60658,479,277777,917,1971400,3252,2249177,4169,6,4488,548,11845,773,295775,43,10375,4554,"East TN",2455501,312.156256503255,0.198011901991423,169.782052623884,54.0419246418552,482.386282880764,19.8011901991423
2021-08-11,313995,1887,252752,1302,61243,585,279160,1383,1976756,5356,2255916,6739,8,4496,1062,12907,817,296592,60,10435,4569,"East TN",2455501,344.736165857803,0.199684318034106,274.445011425367,76.8478611900382,525.636112548926,19.9684318034106
2021-08-12,315457,1462,253814,1062,61643,400,280322,1162,1981238,4482,2261560,5644,10,4506,584,13491,868,297460,38,10473,4583,"East TN",2455501,356.22058390528,0.201670752746754,229.85126049633,59.539784345435,549.419446377745,20.1670752746754
2021-08-13,317107,1650,254931,1117,62176,533,281496,1174,1986657,5419,2268153,6593,11,4517,797,14288,842,298302,26,10499,4603,"East TN",2455501,368.804573893474,0.199109696058489,268.499177968162,67.1960630437536,581.877181072213,19.9109696058489
2021-08-14,318638,1531,256020,1089,62618,442,282696,1200,1992132,5475,2274828,6675,1,4518,912,15200,618,298920,26,10525,4616,"East TN",2455501,401.628832568181,0.199146130566364,271.838618677003,62.3498015272647,619.018277736397,19.9146130566364
2021-08-15,319784,1146,256985,965,62799,181,283753,1057,1995942,3810,2279695,4867,11,4529,426,15626,709,299629,20,10545,4628,"East TN",2455501,422.398524781704,0.20138145486058,198.208023535727,46.6707201503889,636.367079467693,20.138145486058
2021-08-16,321226,1442,257900,915,63326,527,284715,962,1999002,3060,2283717,4022,17,4546,171,15797,1254,300883,28,10573,4646,"East TN",2455501,425.371441510307,0.202924384510062,163.795494279986,58.7252866115713,643.331035092228,20.2924384510062
2021-08-17,322963,1737,259115,1215,63848,522,286036,1321,2003862,4860,2289898,6181,10,4556,514,16311,1213,302096,25,10598,4661,"East TN",2455501,442.068645054512,0.20281918420471,251.72052465057,70.7391281860606,664.263626852524,20.281918420471
2021-08-18,325058,2095,260501,1386,64557,709,287515,1479,2009282,5420,2296797,6899,13,4569,936,17247,1146,303242,31,10629,4672,"East TN",2455501,450.539421486695,0.204373669920012,280.960993296276,85.3186376222205,702.382120797344,20.4373669920012
2021-08-19,327450,2392,261991,1490,65459,902,289093,1578,2019233,9951,2308326,11529,23,4592,1120,18367,1249,304491,40,10669,4690,"East TN",2455501,488.413566111356,0.187550784758158,469.517218685718,97.4139289700961,747.99399389371,18.7550784758158
2021-08-20,329906,2456,263969,1978,65937,478,291201,2108,2026127,6894,2317328,9002,4,4596,1271,19638,1181,305672,33,10702,4720,"East TN",2455501,521.237824786062,0.19735638027453,366.605430012042,100.02032171846,799.755324880747,19.735638027453
2021-08-21,332831,2925,265932,1963,66899,962,293319,2118,2035057,8930,2328376,11048,0,4596,2170,21808,755,306427,54,10756,4742,"East TN",2455501,578.00831683636,0.198382759393441,449.928548186297,119.120293577563,888.128329004957,19.8382759393441
2021-08-22,334316,1485,267273,1341,67043,144,294835,1516,2040569,5512,2335404,7028,7,4603,544,22352,934,307361,17,10773,4760,"East TN",2455501,591.81405342535,0.198926564827945,286.214503679697,60.4764567393782,910.282667366049,19.8926564827945
2021-08-23,336264,1948,268400,1127,67864,821,296021,1186,2044536,3967,2340557,5153,18,4621,184,22536,1746,309107,34,10807,4777,"East TN",2455501,612.420846092101,0.198909218859958,209.855341129977,79.3320792783224,917.776046517595,19.8909218859958
2021-08-24,338251,1987,269787,1387,68464,600,297459,1438,2048315,3779,2345774,5217,15,4636,152,22688,1820,310927,25,10832,4811,"East TN",2455501,622.602067765397,0.204434819958479,212.461733878341,80.9203498593566,923.966229294959,20.4434819958479
2021-08-25,340483,2232,270995,1208,69488,1024,298706,1247,2052351,4036,2351057,5283,17,4653,612,23300,1603,312530,39,10871,4845,"East TN",2455501,628.181377242363,0.206247696277184,215.149576400091,90.8979470991867,948.889859951187,20.6247696277184
2021-08-26,343143,2660,272826,1831,70317,829,300667,1961,2059195,6844,2359862,8805,24,4677,744,24044,1892,314422,34,10905,4869,"East TN",2455501,639.095646876136,0.224580875504502,358.582627333485,108.328198603869,979.189175650916,22.4580875504502
2021-08-27,346157,3014,275099,2273,71058,741,303028,2361,2066264,7069,2369292,9430,19,4696,1315,25359,1680,316102,38,10943,4887,"East TN",2455501,661.820133650933,0.227599876837811,384.035681516725,122.744808493257,1032.74240165245,22.7599876837811
2021-08-28,348301,2144,276638,1539,71663,605,304699,1671,2072131,5867,2376830,7538,1,4697,922,26281,1221,317323,28,10971,4921,"East TN",2455501,630.013997143556,0.234861930903537,306.984195893221,87.3141570701865,1070.29074718357,23.4861930903537
2021-08-29,350642,2341,278466,1828,72176,513,306719,2020,2079125,6994,2385844,9014,9,4706,1086,27367,1246,318569,39,11010,4949,"East TN",2455501,664.874500152922,0.235606661379857,367.094128652361,95.3369597487437,1114.51797413237,23.5606661379857
2021-08-30,353887,3245,280880,2414,73007,831,309324,2605,2088167,9042,2397491,11647,21,4727,483,27850,2741,321310,59,11069,4984,"East TN",2455501,717.694678193982,0.233656514560719,474.322755315514,132.152257319382,1134.18809440517,23.3656514560719
2021-08-31,357480,3593,283286,2406,74194,1187,311935,2611,2096754,8587,2408689,11198,7,4734,916,28766,2670,323980,72,11141,5015,"East TN",2455501,783.098846223235,0.230088214257331,456.037281190274,146.32451788861,1171.49209061613,23.0088214257331
2021-09-01,358916,1436,284236,950,74680,486,312924,989,2099037,2283,2411961,3272,15,4749,-947,27819,2368,326348,29,11170,5053,"East TN",2455501,750.681836415461,0.233449362931827,133.251829260098,58.4809372914122,1132.92562291769,23.3449362931827
2021-09-02,361233,2317,285726,1490,75507,827,314440,1516,2103299,4262,2417739,5778,19,4768,-557,27262,2855,329203,38,11208,5079,"East TN",2455501,736.713200279699,0.237970178136393,235.308395313217,94.3595624681073,1110.24186102958,23.7970178136393
2021-09-03,362988,1755,286943,1217,76045,538,315735,1295,2107405,4106,2423140,5401,17,4785,-950,26312,2688,331891,30,11238,5101,"East TN",2455501,685.44056793298,0.235979052146784,219.955113029887,71.4721761465379,1071.55321867106,23.5979052146784
2021-09-04,366253,3265,289286,2343,76967,922,318313,2578,2115453,8048,2433766,10626,3,4788,1595,27907,1667,333558,52,11290,5126,"East TN",2455501,731.093165916039,0.239110580300688,432.742646001773,132.966755053246,1136.50941294669,23.9110580300688
2021-09-05,370712,4459,292540,3254,78172,1205,321801,3488,2127964,12511,2449765,15999,8,4796,2823,30730,1628,335186,58,11348,5151,"East TN",2455501,817.348475932203,0.235947497692464,651.557462204251,181.592269764907,1251.47576808154,23.5947497692464
2021-09-06,375625,4913,296479,3939,79146,974,326090,4289,2143604,15640,2469694,19929,11,4807,1046,31776,3856,339042,93,11441,5172,"East TN",2455501,885.277586936434,0.232206418015872,811.606266908464,200.081368323613,1294.07399956261,23.2206418015872
2021-09-07,377709,2084,297936,1457,79773,627,327607,1517,2148030,4426,2475637,5943,34,4841,-1835,29941,3885,342927,59,11500,5187,"East TN",2455501,823.823732916419,0.234092131206309,242.028001617593,84.8706638685955,1219.34383248062,23.4092131206309
2021-09-08,379384,1675,299112,1176,80272,499,328869,1262,2152410,4380,2481279,5642,20,4861,-1894,28047,3549,346476,58,11558,5207,"East TN",2455501,833.55698083609,0.230026832857267,229.769810722944,68.2141852110832,1142.21089708373,23.0026832857267
2021-09-09,381296,1912,300119,1007,81177,905,329948,1079,2156076,3666,2486024,4745,7,4868,-1741,26306,3646,350122,50,11608,5228,"East TN",2455501,817.063401725351,0.227106978106466,193.239587359158,77.8659833573678,1071.3088693509,22.7106978106466
2021-09-10,386784,5488,303953,3834,82831,1654,334078,4130,2168182,12106,2502260,16236,23,4891,2130,28436,3335,353457,134,11742,5249,"East TN",2455501,969.089403751006,0.231837714863498,661.209260350535,223.498178172194,1158.05287800738,23.1837714863499
2021-09-11,391071,4287,307063,3110,84008,1177,337396,3318,2180004,11822,2517400,15140,8,4899,2504,30940,1775,355232,112,11854,5278,"East TN",2455501,1010.71023795144,0.228172752708229,616.574784534806,174.58758925368,1260.02799428711,22.8172752708229
2021-09-12,392653,1582,308489,1426,84164,156,338951,1555,2185248,5244,2524199,6799,23,4922,-140,30800,1699,356931,42,11896,5303,"East TN",2455501,893.54473893515,0.230405459870489,276.888504626958,64.4267707486171,1254.32651015007,23.0405459870489
2021-09-13,395005,2352,309938,1449,85067,903,340455,1504,2190371,5123,2530826,6627,63,4985,-1983,28817,4272,361203,75,11971,5333,"East TN",2455501,789.248304113906,0.234983314794216,269.88382411573,95.7849335023688,1173.56905983748,23.4983314794216
2021-09-14,397819,2814,311891,1953,85928,861,342529,2074,2196593,6222,2539122,8296,43,5028,-993,27824,3764,364967,61,12032,5361,"East TN",2455501,818.97747139993,0.235047649050957,337.853660006654,114.59983115462,1133.12924735115,23.5047649050957
2021-09-15,399614,1795,313084,1193,86530,602,343745,1216,2200368,3775,2544113,4991,23,5051,-1552,26272,3324,368291,34,12066,5381,"East TN",2455501,823.864457803112,0.236750803705,203.257909485681,73.1011716142653,1069.92422320333,23.6750803705
2021-09-16,402268,2654,314934,1850,87334,804,345702,1957,2207027,6659,2552729,8616,23,5074,-559,25713,3190,371481,61,12127,5404,"East TN",2455501,854.082323729455,0.236174199835095,350.885623748473,108.08384928371,1047.15901154184,23.6174199835095
2021-09-17,404957,2689,316812,1878,88145,811,347706,2004,2214231,7204,2561937,9208,23,5097,-71,25642,2737,374218,76,12203,5436,"East TN",2455501,740.093365875233,0.228362685791846,374.994756670838,109.509220317972,1044.26754458662,22.8362685791846
2021-09-18,406414,1457,317991,1179,88423,278,349043,1337,2219703,5472,2568746,6809,3,5100,-283,25359,1737,375955,35,12238,5474,"East TN",2455501,624.841936533522,0.226833638452849,277.29575349389,59.3361599119691,1032.74240165245,22.6833638452849
2021-09-19,407058,644,318437,446,88621,198,349556,513,2221780,2077,2571336,2590,17,5117,-1070,24289,1697,377652,23,12261,5503,"East TN",2455501,586.641992815315,0.224982497825487,105.477456535347,26.2268270304105,989.166772890746,22.4982497825487
2021-09-20,409044,1986,319696,1259,89348,727,350927,1371,2227417,5637,2578344,7008,48,5165,186,24475,1752,379404,63,12324,5529,"East TN",2455501,571.73668428561,0.22037964560798,285.400005945833,80.8796249726634,996.741601815678,22.037964560798
2021-09-21,410919,1875,320796,1100,90123,775,352067,1140,2231722,4305,2583789,5445,31,5196,-2069,22406,3913,383317,57,12381,5556,"East TN",2455501,533.49601568071,0.213535719882687,221.747008044387,76.35916254972,912.481811247481,21.3535719882687
2021-09-22,412510,1591,321912,1116,90598,475,353286,1219,2237081,5359,2590367,6578,14,5210,-1361,21045,2938,386255,44,12425,5578,"East TN",2455501,525.188138795301,0.206274051973883,267.888304667764,64.7932947288557,857.055240458057,20.6274051973883
2021-09-23,414863,2353,323420,1508,91443,845,354948,1662,2243438,6357,2598386,8019,32,5242,-410,20635,2731,388986,52,12477,5594,"East TN",2455501,512.929947900652,0.202510020369275,326.572866392642,95.8256583890619,840.358036913852,20.2510020369275
2021-09-24,416405,1542,324403,983,92002,559,356047,1099,2248321,4883,2604368,5982,37,5279,-936,19699,2441,391427,37,12514,5621,"East TN",2455501,466.21850286357,0.19657797365134,243.616272198627,62.7977752808897,802.239542969032,19.657797365134
2021-09-25,417105,700,324889,486,92216,214,356609,562,2251343,3022,2607952,3584,2,5281,-909,18790,1607,393034,20,12534,5647,"East TN",2455501,435.38976363683,0.192980666224557,145.957993908371,28.5074206852288,765.220620964927,19.2980666224557
2021-09-26,417965,860,325514,625,92451,235,357330,721,2255320,3977,2612650,4698,6,5287,-428,18362,1282,394316,25,12559,5663,"East TN",2455501,444.186339162558,0.188168659534298,191.325517684578,35.0234025561382,747.790369460245,18.8168659534298
2021-09-27,419425,1460,326346,832,93079,628,358252,922,2258911,3591,2617163,4513,47,5334,-1408,16954,2821,397137,42,12601,5680,"East TN",2455501,422.765048761943,0.188696256987558,183.791413646339,59.4583345720486,690.449728996242,18.8696256987558
2021-09-28,420720,1295,327135,789,93585,506,359115,863,2262573,3662,2621688,4525,14,5348,-1038,15916,2319,399456,30,12631,5693,"East TN",2455501,399.144614479896,0.185967967492546,184.280112286658,52.7387282676733,648.177296608717,18.5967967492546
2021-09-29,422403,1683,328144,1009,94259,674,360254,1139,2268071,5498,2628325,6637,30,5378,-377,15539,2030,401486,46,12677,5719,"East TN",2455501,402.891304055669,0.183571315664682,270.291072982662,68.5399843046287,632.824014325386,18.3571315664682
2021-09-30,423613,1210,328904,760,94709,450,361074,820,2272743,4672,2633817,5492,11,5389,-805,14734,2004,403490,38,12715,5736,"East TN",2455501,356.34275856536,0.172899438344952,223.661077718967,49.2771128987526,600.040480537373,17.2899438344952
2021-10-01,424986,1373,329875,971,95111,402,362149,1075,2277716,4973,2639865,6048,14,5403,-318,14416,1677,405167,45,12760,5755,"East TN",2455501,349.460252714212,0.171901850860636,246.304114720377,55.9152694297416,587.089966568941,17.1901850860636
2021-10-02,425540,554,330226,351,95314,203,362544,395,2280386,2670,2642930,3065,11,5414,-457,13959,1000,406167,18,12778,5776,"East TN",2455501,343.514419257007,0.169678083366688,124.821777714609,22.5615872280239,568.478693350155,16.9678083366688
2021-10-03,426079,539,330691,465,95388,74,363068,524,2283478,3092,2646546,3616,13,5427,-357,13602,883,407050,14,12792,5794,"East TN",2455501,330.441730628495,0.169282511210762,147.261190282553,21.9507139276262,553.939908800689,16.9282511210762
2021-10-04,427431,1352,331549,858,95882,494,364009,941,2287616,4138,2651625,5079,22,5449,-638,12964,1968,409018,29,12821,5807,"East TN",2455501,326.043442865631,0.167053566246881,206.841699514682,55.0600468091848,527.957431090437,16.7053566246881
2021-10-05,428694,1263,332301,752,96393,511,364822,813,2292078,4462,2656900,5275,17,5466,-462,12502,1708,410726,39,12860,5831,"East TN",2455501,324.740246491449,0.16207542883108,214.823777306546,51.4355318934914,509.142533438186,16.207542883108
2021-10-06,429631,937,333008,707,96623,230,365603,781,2296499,4421,2662102,5202,18,5484,-422,12080,1341,412067,25,12885,5853,"East TN",2455501,294.359481018334,0.158362199129585,211.850860577943,38.1592188315134,491.956631253663,15.8362199129585
2021-10-07,430745,1114,333796,788,96949,326,366459,856,2301283,4784,2667742,5640,24,5508,-398,11682,1488,413555,26,12911,5874,"East TN",2455501,290.449891895788,0.158732498157701,229.688360949558,45.367523776207,475.748126349775,15.8732498157701
2021-10-08,431804,1059,334381,585,97423,474,367102,643,2305530,4247,2672632,4890,9,5517,-120,11562,1170,414725,28,12939,5889,"East TN",2455501,277.662277474128,0.151158177434614,199.14469592967,43.1276550080819,470.861139946593,15.1158177434614
2021-10-09,432345,541,334735,354,97610,187,367519,417,2308339,2809,2675858,3226,4,5521,-289,11273,826,415551,29,12968,5909,"East TN",2455501,277.132853947117,0.151087220602527,131.378484472212,22.0321637010125,459.091647692263,15.1087220602527
2021-10-10,432665,320,335003,268,97662,52,367829,310,2310572,2233,2678401,2543,6,5527,-526,10747,840,416391,15,12983,5922,"East TN",2455501,268.21410376131,0.149458483754513,103.563386860767,13.0319637418189,437.670357291648,14.9458483754513
2021-10-11,433885,1220,335537,534,98348,686,368377,548,2314018,3446,2682395,3994,52,5579,-293,10454,1461,417852,31,13014,5928,"East TN",2455501,262.83841871781,0.141956451088723,162.655197452577,49.6843617656845,425.737965490545,14.1956451088723
2021-10-12,434825,940,336177,640,98648,300,369382,1005,2317662,3644,2687044,4649,29,5608,-366,10088,1277,419129,29,13043,5949,"East TN",2455501,249.684280315911,0.151273885350318,189.329998236612,38.281393491593,410.83265696084,15.1273885350318
2021-10-13,435677,852,336722,545,98955,307,370031,649,2321527,3865,2691558,4514,25,5633,-423,9665,1250,420379,36,13079,5965,"East TN",2455501,246.22266494699,0.150325909831613,183.832138533033,34.6976034625928,393.606029889623,15.0325909831613
2021-10-14,436629,952,337373,651,99256,301,370753,722,2325530,4003,2696283,4725,31,5664,-180,9485,1101,421480,30,13109,5982,"East TN",2455501,239.625233302695,0.150450229494412,192.425089625294,38.7700921319112,386.27555028485,15.0450229494412
2021-10-15,437430,801,337881,508,99549,293,371328,575,2329424,3894,2700752,4469,24,5688,-310,9175,1087,422567,29,13138,5994,"East TN",2455501,229.118212535853,0.150284495021337,181.999518631839,32.6206342412404,373.650835409963,15.0284495021337
2021-10-16,437737,307,338119,238,99618,69,371599,271,2331654,2230,2703253,2501,7,5695,-380,8795,680,423247,10,13148,6002,"East TN",2455501,219.588589049648,0.14893228691367,101.852941619653,12.5025402148075,358.175378466553,14.893228691367
2021-10-17,437988,251,338328,209,99660,42,371846,247,2333317,1663,2705163,1910,7,5702,-439,8356,683,423930,13,13161,6008,"East TN",2455501,216.778571867818,0.150100889320679,77.7845335839814,10.2219465599892,340.297153208246,15.0100889320679
2021-10-18,438779,791,338793,465,99986,326,372362,516,2336508,3191,2708870,3707,23,5725,-488,7868,1256,425186,37,13198,6021,"East TN",2455501,199.307595476442,0.150519357884797,150.967154971633,32.2133853743085,320.423408501972,15.0519357884797
2021-10-19,439611,832,339232,439,100379,393,372836,474,2339836,3328,2712672,3802,25,5750,-281,7587,1088,426274,21,13219,6028,"East TN",2455501,194.909307713579,0.134774465428438,154.836019207486,33.8831057287291,308.979715341187,13.4774465428438
2021-10-20,440374,763,339720,488,100654,275,373377,541,2343857,4021,2717234,4562,15,5765,-224,7363,972,427246,18,13237,6039,"East TN",2455501,191.284792797885,0.130316248636859,185.786933094305,31.0730885468994,299.857340721914,13.0316248636859
2021-10-21,441002,628,340141,421,100861,207,373847,470,2347495,3638,2721342,4108,17,5782,-252,7111,863,428109,19,13256,6048,"East TN",2455501,178.089929509294,0.123468614070793,167.2978345356,25.5752288433196,289.594669275231,12.3468614070793
2021-10-22,441549,547,340479,338,101070,209,374233,386,2350599,3104,2724832,3490,6,5788,-325,6786,866,428975,17,13273,6055,"East TN",2455501,167.745808289225,0.120639534883721,142.129854559212,22.2765130211716,276.359081099947,12.0639534883721
2021-10-23,441908,359,340722,243,101186,116,374506,273,2352984,2385,2727490,2658,0,5788,-192,6594,551,429526,14,13287,6066,"East TN",2455501,169.86350239727,0.119940586706276,108.246748830483,14.6202343228531,268.539902854855,11.9940586706276
2021-10-24,442152,244,340885,163,101267,81,374702,196,2354881,1897,2729583,2093,7,5795,-302,6292,539,430065,14,13301,6071,"East TN",2455501,169.578428190418,0.116953316953317,85.2371878488341,9.9368723531369,256.240987073514,11.6953316953317
2021-10-25,442575,423,341133,248,101442,175,374972,270,2357313,2432,2732285,2702,28,5823,-495,5797,890,430955,20,13321,6077,"East TN",2455501,154.591669887326,0.111467008327995,110.038643844983,17.2266270712168,236.082168160388,11.1467008327995
2021-10-26,443101,526,341457,324,101644,202,375310,338,2359953,2640,2735263,2978,12,5835,-230,5567,744,431699,26,13347,6084,"East TN",2455501,142.129854559212,0.109512637776106,121.278712572302,21.4212904006148,226.715444220955,10.9512637776106
2021-10-27,443722,621,341847,390,101875,231,375734,424,2364150,4197,2739884,4621,10,5845,-97,5470,708,432407,19,13366,6098,"East TN",2455501,136.34692064878,0.104061810154525,188.189701409203,25.2901546364673,222.765130211716,10.4061810154525
2021-10-28,444138,416,342100,253,102038,163,376026,292,2366947,2797,2742973,3089,16,5861,-208,5262,608,433015,15,13381,6109,"East TN",2455501,127.713244669825,0.100735056169387,125.799174995245,16.9415528643645,214.294353779534,10.0735056169387
2021-10-29,444597,459,342405,305,102192,154,376359,333,2370465,3518,2746824,3851,4,5865,-159,5103,614,433629,10,13391,6116,"East TN",2455501,124.129454640825,0.0966715169152419,156.831538655452,18.6927229921715,207.819096795318,9.66715169152419
2021-10-30,444859,262,342604,199,102255,63,376587,228,2373039,2574,2749626,2802,0,5865,-153,4950,415,434044,15,13406,6123,"East TN",2455501,120.179140631586,0.0940097578604987,114.111132514302,10.6699203136142,201.588189131261,9.40097578604987
2021-10-31,445030,171,342730,126,102300,45,376733,146,2374664,1625,2751397,1771,0,5865,-224,4726,395,434439,4,13410,6130,"East TN",2455501,117.206223902984,0.0931053451911616,72.1237743336289,6.96395562453446,192.465814511988,9.31053451911616
2021-11-01,445626,596,343088,358,102538,238,377123,390,2377782,3118,2754905,3508,14,5879,-185,4541,767,435206,20,13430,6136,"East TN",2455501,124.251629300904,0.0950928381962865,142.862902519689,24.2720324691377,184.931710473749,9.50928381962865
2021-11-02,446038,412,343304,216,102734,196,377348,225,2379993,2211,2757341,2436,25,5904,-188,4353,575,435781,14,13444,6150,"East TN",2455501,119.608992217881,0.0923090859679319,99.2058239845962,16.7786533175918,177.27543177543,9.23090859679319
2021-11-03,446612,574,343679,375,102933,199,377741,393,2384571,4578,2762312,4971,6,5910,82,4435,486,436267,13,13457,6157,"East TN",2455501,117.694922543302,0.0894863563402889,202.443411751818,23.3760849618876,180.614872484271,8.94863563402889
2021-11-04,447033,421,343979,300,103054,121,378071,330,2388107,3536,2766178,3866,13,5923,-70,4365,478,436745,7,13464,6161,"East TN",2455501,117.898546976768,0.088127558715794,157.442411955849,17.1451772978305,177.764130415748,8.8127558715794
2021-11-05,447467,434,344262,283,103205,151,378395,324,2391689,3582,2770084,3906,2,5925,18,4383,414,437159,12,13476,6163,"East TN",2455501,116.880424809438,0.0875322441960447,159.071407423577,17.6746008248419,178.497178376225,8.75322441960447
2021-11-06,447700,233,344432,170,103268,63,378584,189,2393929,2240,2772513,2429,0,5925,-84,4299,317,437476,10,13486,6167,"East TN",2455501,115.699403095336,0.0872547734521781,98.9207497777439,9.48889859951187,175.076287893998,8.72547734521781
2021-11-07,447898,198,344556,124,103342,74,378738,154,2395831,1902,2774569,2056,6,5931,-124,4175,316,437792,6,13492,6174,"East TN",2455501,116.798975036052,0.0865268427412394,83.7303670411863,8.06352756525043,170.026401944043,8.65268427412394
2021-11-08,448439,541,344900,344,103539,197,379123,385,2399364,3533,2778487,3918,25,5956,-30,4145,546,438338,20,13512,6181,"East TN",2455501,114.559106267927,0.0848104486472733,159.560106063895,22.0321637010125,168.804655343248,8.48104486472733
2021-11-09,449309,870,345514,614,103795,256,379924,801,2406641,7277,2786565,8078,10,5966,421,4566,439,438777,20,13532,6193,"East TN",2455501,133.211104373405,0.0881467287161237,328.97563470754,35.4306514230701,185.949832641078,8.81467287161237
2021-11-10,449939,630,345947,433,103992,197,380426,502,2411893,5252,2792319,5754,7,5973,182,4748,441,439218,21,13553,6200,"East TN",2455501,135.491698028223,0.0894791215383077,234.330998032581,25.6566786167059,193.361762019238,8.94791215383077
2021-11-11,450446,507,346326,379,104120,128,380829,403,2416183,4290,2797012,4693,5,5978,90,4838,412,439630,8,13561,6208,"East TN",2455501,138.994038283837,0.0894467146656289,191.121893251113,20.6475175534443,197.027001821624,8.94467146656289
2021-11-12,450930,484,346645,319,104285,165,381161,332,2419633,3450,2800794,3782,2,5980,118,4956,364,439994,16,13577,6214,"East TN",2455501,141.030282618496,0.0900683816346467,154.021521473622,19.7108451595011,201.83253845142,9.00683816346467
2021-11-13,451167,237,346784,139,104383,98,381310,149,2421632,1999,2802942,2148,4,5984,-98,4858,331,440325,10,13587,6219,"East TN",2455501,141.193182165269,0.0895855926911828,87.4770566169592,9.65179814628461,197.841499555488,8.95855926911828
2021-11-14,451527,360,347097,313,104430,47,381653,343,2424611,2979,2806264,3322,1,5985,67,4925,292,440617,8,13595,6224,"East TN",2455501,147.790613809565,0.0919703423252879,135.288073594757,14.6609592095462,200.570066963931,9.19703423252879
2021-11-15,452102,575,347383,286,104719,289,381954,301,2427379,2768,2809333,3069,26,6011,-35,4890,584,441201,11,13606,6225,"East TN",2455501,149.175259957133,0.0917785126110355,124.984677261382,23.4168098485808,199.14469592967,9.17785126110355
2021-11-16,452773,671,347809,426,104964,245,382413,459,2430986,3607,2813399,4066,24,6035,179,5069,468,441669,6,13612,6230,"East TN",2455501,141.071007505189,0.0927554594916896,165.587389294486,27.3263989711265,206.43445064775,9.27554594916896
2021-11-17,453487,714,348272,463,105215,251,382922,509,2435632,4646,2818554,5155,5,6040,296,5365,413,442082,15,13627,6235,"East TN",2455501,144.491897987417,0.0951400800457404,209.936790903364,29.0775690989334,218.489017108932,9.51400800457404
2021-11-18,454115,628,348680,408,105435,220,383400,478,2440495,4863,2823895,5341,12,6052,183,5548,433,442515,7,13634,6239,"East TN",2455501,149.419609277292,0.0956366476955697,217.511619828296,25.5752288433196,225.941671373785,9.56366476955697
2021-11-19,454728,613,349116,436,105612,177,383860,460,2444969,4474,2828829,4934,7,6059,217,5765,389,442904,6,13640,6242,"East TN",2455501,154.673119660713,0.0962725164972356,200.93659094417,24.9643555429218,234.778971786206,9.62725164972356
2021-11-20,455049,321,349361,245,105688,76,384147,287,2447673,2704,2831820,2991,0,6059,25,5790,296,443200,6,13646,6247,"East TN",2455501,158.09401014294,0.0982408754068841,121.808136099313,13.0726886285121,235.797093953535,9.82408754068841
2021-11-21,455311,262,349509,148,105802,114,384310,163,2449157,1484,2833467,1647,9,6068,-86,5704,339,443539,4,13650,6253,"East TN",2455501,154.102971247008,0.0976730507664596,67.073888383674,10.6699203136142,232.294753697922,9.76730507664596
2021-11-22,456067,756,350001,492,106066,264,384823,513,2453025,3868,2837848,4381,21,6089,162,5866,573,444112,19,13669,6257,"East TN",2455501,161.474175738475,0.100613712081361,178.415728602839,30.7880143400471,238.892185342217,10.0613712081361
2021-11-23,456744,677,350463,462,106281,215,385313,490,2456326,3301,2841639,3791,21,6110,136,6002,520,444632,6,13675,6260,"East TN",2455501,161.718525058634,0.102691218130312,154.388045453861,27.5707482912856,244.43076993249,10.2691218130312
2021-11-24,457480,736,350983,520,106497,216,385885,572,2460354,4028,2846239,4600,6,6116,276,6278,454,445086,7,13682,6264,"East TN",2455501,162.614472565884,0.107025465053278,187.334478788646,29.9735166061834,255.670838659809,10.7025465053278
2021-11-25,457765,285,351140,157,106625,128,386058,173,2461990,1636,2848048,1809,1,6117,-158,6120,442,445528,4,13686,6268,"East TN",2455501,148.645836430122,0.11004844118743,73.6713200279699,11.6065927075574,249.236306562286,11.004844118743
2021-11-26,457997,232,351341,201,106656,31,386300,242,2463667,1677,2849967,1919,1,6118,-256,5864,487,446015,10,13696,6269,"East TN",2455501,133.129654600018,0.115431923550005,78.1510575642201,9.44817371281869,238.810735568831,11.5431923550005
2021-11-27,458281,284,351565,224,106716,60,386554,254,2465262,1595,2851816,1849,0,6118,-51,5813,335,446350,4,13700,6272,"East TN",2455501,131.622833792371,0.120374074814963,75.3003154956972,11.5658678208643,236.733766347479,12.0374074814963
2021-11-28,458595,314,351768,203,106827,111,386771,217,2466772,1510,2853543,1727,7,6125,-66,5747,373,446723,11,13711,6274,"East TN",2455501,133.740527900416,0.122584180115561,70.3318793191288,12.7876144216598,234.045923825728,12.2584180115561
2021-11-29,459691,1096,352451,683,107240,413,387506,735,2471320,4548,2858826,5283,19,6144,438,6185,639,447362,10,13721,6277,"East TN",2455501,147.586989376099,0.127895890933359,215.149576400091,44.6344758157297,251.883424197343,12.7895890933359
2021-11-30,460528,837,352935,484,107593,353,388012,506,2474687,3367,2862699,3873,64,6208,205,6390,568,447930,12,13733,6282,"East TN",2455501,154.102971247008,0.128157644824311,157.727486162702,34.086730162195,260.232025969446,12.8157644824311
2021-12-01,461612,1084,353685,750,107927,334,388813,801,2479860,5173,2868673,5974,48,6256,518,6908,518,448448,6,13739,6290,"East TN",2455501,168.275231816236,0.130516180797005,243.290473105081,44.1457771754115,281.327517276515,13.0516180797005
2021-12-02,462484,872,354283,598,108201,274,389452,639,2484522,4662,2873974,5301,39,6295,230,7138,603,449051,2,13741,6293,"East TN",2455501,192.180740305135,0.130911054539844,215.882624360568,35.5121011964564,290.694241215947,13.0911054539844
