"DATE","TOTAL_CASES","NEW_CASES","TOTAL_CONFIRMED","NEW_CONFIRMED","TOTAL_PROBABLE","NEW_PROBABLE","POS_TESTS","NEW_POS_TESTS","NEG_TESTS","NEW_NEG_TESTS","TOTAL_TESTS","NEW_TESTS","NEW_DEATHS","TOTAL_DEATHS","NEW_ACTIVE","TOTAL_ACTIVE","NEW_INACTIVE_RECOVERED","TOTAL_INACTIVE_RECOVERED","NEW_HOSPITALIZED","TOTAL_HOSPITALIZED","TOTAL_DEATHS_BY_DOD","Region","Population","New_cases_per_100k_per_week","PositivityRate_per_week","Tests_per_100k","New_cases_per_100k","Active_cases_per_100k","PositivityPercentage_per_week"
2021-12-22,83647,176,66003,92,17644,84,71992,98,485650,814,557642,912,48,1049,14,1258,114,81340,0,2204,1049,"Knox County",470313,NA,NA,193.913415108662,37.421887126233,267.481443209097,NA
2021-12-21,83471,176,65911,119,17560,57,71894,120,484836,912,556730,1032,3,1001,71,1244,102,81226,4,2204,1049,"Knox County",470313,NA,NA,219.428338149275,37.421887126233,264.504702187692,NA
2021-12-20,83295,114,65792,79,17503,35,71774,83,483924,623,555698,706,1,998,-4,1173,117,81124,3,2200,1047,"Knox County",470313,NA,NA,150.112797222275,24.2391768885827,249.408372721996,NA
2021-12-19,83181,70,65713,50,17468,20,71691,59,483301,557,554992,616,3,997,-18,1177,85,81007,5,2197,1046,"Knox County",470313,NA,NA,130.976604941815,14.8837051070245,250.258870156683,NA
2021-12-18,83111,88,65663,56,17448,32,71632,65,482744,660,554376,725,0,994,13,1195,75,80922,3,2192,1045,"Knox County",470313,NA,NA,154.152660037039,18.7109435631165,254.086108612775,NA
2021-12-17,83023,119,65607,76,17416,43,71567,83,482084,1034,553651,1117,2,994,8,1182,109,80847,3,2189,1044,"Knox County",470313,NA,NA,237.501408636376,25.3022986819416,251.321991950042,NA
2021-12-16,82904,140,65531,105,17373,35,71484,108,481050,661,552534,769,2,992,36,1174,102,80738,3,2186,1042,"Knox County",470313,187.74730870718,0.104815381997618,163.508131818597,29.7674102140489,249.620997080668,10.4815381997618
2021-12-15,82764,158,65426,113,17338,45,71376,125,480389,841,551765,966,0,990,33,1138,125,80636,5,2183,1041,"Knox County",470313,183.920070251088,0.108413421008262,205.395130476938,33.5946486701409,241.966520168484,10.8413421008262
2021-12-14,82606,97,65313,57,17293,40,71251,63,479548,811,550799,874,3,990,-55,1105,149,80511,1,2178,1038,"Knox County",470313,167.122745916018,0.101507015416594,185.833689479134,20.6245627911625,234.949916332315,10.1507015416594
2021-12-13,82509,112,65256,72,17253,40,71188,79,478737,627,549925,706,4,987,-47,1160,155,80362,3,2177,1036,"Knox County",470313,166.697497198674,0.100814134765287,150.112797222275,23.8139281712392,246.644256059263,10.0814134765287
2021-12-12,82397,54,65184,30,17213,24,71109,40,478110,493,549219,533,6,983,-38,1207,86,80207,5,2174,1036,"Knox County",470313,163.295507459926,0.0989455184534271,113.328783172058,11.481715368276,256.637600916836,9.89455184534271
2021-12-11,82343,65,65154,45,17189,20,71069,51,477617,541,548686,592,0,977,-21,1245,86,80121,1,2169,1035,"Knox County",470313,158.405147210475,0.0987943134784956,125.873620333693,13.8205833136656,264.717326546364,9.87943134784956
2021-12-10,82278,84,65109,46,17169,38,71018,57,477076,856,548094,913,0,977,-14,1266,98,80035,3,2168,1032,"Knox County",470313,150.963294656962,0.0977022230524939,194.126039467333,17.8604461284294,269.182438078471,9.77022230524939
2021-12-09,82194,165,65063,95,17131,70,70961,107,476220,1017,547181,1124,3,977,102,1280,60,79937,2,2165,1031,"Knox County",470313,156.278903623757,0.0914505956552207,238.989779147079,35.0830191808434,272.159179099876,9.14505956552208
2021-12-08,82029,130,64968,62,17061,68,70854,65,475203,751,546057,816,1,974,31,1178,98,79877,8,2163,1030,"Knox County",470313,150.325421580947,0.0831234256926952,173.501476676171,27.6411666273312,250.471494515355,8.31234256926952
2021-12-07,81899,126,64906,68,16993,58,70789,76,474452,631,545241,707,2,973,17,1147,107,79779,2,2155,1029,"Knox County",470313,156.491527982429,0.0881098126507142,150.325421580947,26.790669192644,243.88013939653,8.81098126507142
2021-12-06,81773,148,64838,106,16935,42,70713,115,473821,759,544534,874,8,971,38,1130,102,79672,4,2153,1029,"Knox County",470313,164.146004894613,0.0919230077352042,185.833689479134,31.4684050834232,240.265525299109,9.19230077352042
2021-12-05,81625,43,64732,28,16893,15,70598,33,473062,342,543660,375,2,963,-21,1092,62,79570,1,2149,1026,"Knox County",470313,161.807136949223,0.093316052582855,79.7341345019168,9.14284742288646,232.185799669582,9.3316052582855
2021-12-04,81582,69,64704,49,16878,20,70565,55,472720,499,543285,554,0,961,15,1113,54,79508,3,2148,1026,"Knox County",470313,162.65763438391,0.0947231027410032,117.793894704165,14.6710807483527,236.650911201689,9.47231027410032
2021-12-03,81513,147,64655,103,16858,44,70510,108,472221,1009,542731,1117,3,961,62,1098,82,79454,2,2145,1025,"Knox County",470313,176.052968980232,0.100413148913239,237.501408636376,31.2557807247514,233.461545821612,10.0413148913239
2021-12-02,81366,133,64552,84,16814,49,70402,85,471212,794,541614,879,0,958,31,1036,102,79372,4,2143,1023,"Knox County",470313,169.248989502735,0.100901916572717,186.896811272493,28.2790397033465,220.278835583962,10.0901916572717
2021-12-01,81233,186,64468,141,16765,45,70317,147,470418,1009,540735,1156,4,958,92,1005,90,79270,7,2139,1021,"Knox County",470313,181.155953588355,0.109325326739668,245.793758624576,39.5481307129507,213.687480465137,10.9325326739668
2021-11-30,81047,116,64327,65,16720,51,70170,68,469409,693,539579,761,3,954,17,913,96,79180,6,2132,1020,"Knox County",470313,179.029710001637,0.106892932120364,161.807136949223,24.6644256059263,194.126039467333,10.6892932120364
2021-11-29,80931,165,64262,128,16669,37,70102,139,468716,967,538818,1106,2,951,75,896,88,79084,5,2126,1018,"Knox County",470313,182.644324099057,0.106758574310693,235.162540690987,35.0830191808434,190.511425369913,10.6758574310693
2021-11-28,80766,33,64134,22,16632,11,69963,22,467749,270,537712,292,3,949,-21,821,51,78996,5,2121,1017,"Knox County",470313,180.51808051234,0.106393861892583,62.0863127321592,7.01660383616868,174.56459846953,10.6393861892583
2021-11-27,80733,59,64112,30,16621,29,69941,32,467479,266,537420,298,0,946,-2,842,61,78945,1,2116,1016,"Knox County",470313,178.391836925622,0.107149224460688,63.3620588841899,12.5448371616349,179.029710001637,10.7149224460688
2021-11-26,80674,20,64082,18,16592,2,69909,20,467213,298,537122,318,0,946,-46,844,66,78884,4,2115,1014,"Knox County",470313,151.388543374306,0.106652806652807,67.6145460576254,4.25248717343556,179.454958718981,10.6652806652807
2021-11-25,80654,52,64064,26,16590,26,69889,29,466915,331,536804,360,0,946,-16,890,68,78818,3,2111,1014,"Knox County",470313,134.165970321892,0.106501980890235,76.5447691218401,11.0564666509325,189.235679217883,10.6501980890235
2021-11-24,80602,105,64038,66,16564,39,69860,73,466584,742,536444,815,0,946,19,906,86,78750,3,2108,1011,"Knox County",470313,116.943397269478,0.0969620253164557,173.288852317499,22.3255576605367,192.637668956631,9.69620253164557
2021-11-23,80497,99,63972,63,16525,36,69787,65,465842,674,535629,739,0,946,37,887,62,78664,2,2105,1008,"Knox County",470313,113.328783172058,0.0967413441955193,157.129401058444,21.049811508506,188.597806141867,9.67413441955193
2021-11-22,80398,107,63909,82,16489,25,69722,82,465168,740,534890,822,0,946,38,850,69,78602,3,2103,1008,"Knox County",470313,100.996570369095,0.0886388583973655,174.777222828202,22.7508063778803,180.730704871011,8.86388583973655
2021-11-21,80291,44,63827,32,16464,12,69640,37,464428,284,534068,321,0,946,-9,812,53,78533,2,2100,1008,"Knox County",470313,103.335438314484,0.0920228695888919,68.2524191336408,9.35547178155824,172.650979241484,9.20228695888919
2021-11-20,80247,54,63795,37,16452,17,69603,44,464144,537,533747,581,0,946,14,821,40,78480,1,2098,1007,"Knox County",470313,102.272316521125,0.0884732052578362,123.534752388303,11.481715368276,174.56459846953,8.84732052578362
2021-11-19,80193,112,63758,83,16435,29,69559,81,463607,825,533166,906,0,946,62,807,50,78440,0,2097,1007,"Knox County",470313,121.833757518929,0.0904489436619718,192.637668956631,23.8139281712392,171.587857448125,9.04489436619718
2021-11-18,80081,80,63675,43,16406,37,69478,49,462782,937,532260,986,3,946,18,745,59,78390,2,2097,1007,"Knox County",470313,127.787239561739,0.0833655705996132,209.647617650373,17.0099486937423,158.405147210475,8.33655705996132
2021-11-17,80001,105,63632,64,16369,41,69429,66,461845,834,531274,900,0,943,45,727,60,78331,1,2095,1007,"Knox County",470313,127.787239561739,0.0806850618458611,191.3619228046,22.3255576605367,154.577908754383,8.06850618458611
2021-11-16,79896,73,63568,50,16328,23,69363,67,461011,777,530374,844,0,943,8,682,65,78271,2,2094,1007,"Knox County",470313,122.259006236272,0.0794776119402985,179.454958718981,15.5215781830398,145.009812614153,7.94776119402985
2021-11-15,79823,84,63518,43,16305,41,69296,34,460234,460,529530,494,3,943,21,674,60,78206,0,2092,1005,"Knox County",470313,117.368645986822,0.0751192368839428,105.036433183858,17.8604461284294,143.308817744778,7.51192368839428
2021-11-14,79739,72,63475,62,16264,10,69262,68,459774,624,529036,692,0,940,16,653,56,78146,2,2092,1005,"Knox County",470313,123.322128029631,0.0756986859152323,147.13605620087,15.308953824368,138.843706212671,7.56986859152323
2021-11-13,79667,29,63413,12,16254,17,69194,12,459150,317,528344,329,0,940,-14,637,43,78090,2,2090,1003,"Knox County",470313,118.006519062837,0.0731896719083673,69.953414003015,6.16610640148157,135.441716473923,7.31896719083673
2021-11-12,79638,66,63401,49,16237,17,69182,51,458833,687,528015,738,0,940,17,651,49,78047,4,2088,1003,"Knox County",470313,108.225798563935,0.0696367650010034,156.916776699772,14.0332076723374,138.418457495328,6.96367650010034
2021-11-11,79572,68,63352,46,16220,22,69131,54,458146,962,527277,1016,0,940,-2,634,70,77998,0,2084,1002,"Knox County",470313,105.674306259874,0.0702174346698584,216.026348410527,14.4584563896809,134.803843397907,7.02174346698584
2021-11-10,79504,75,63306,51,16198,24,69077,70,457184,855,526261,925,1,940,7,636,67,77928,2,2084,1002,"Knox County",470313,99.2955754997204,0.0706629614926558,196.677531771395,15.9468269003834,135.229092115251,7.06629614926558
2021-11-09,79429,106,63255,76,16174,30,69007,134,456329,1174,525336,1308,1,939,33,629,72,77861,1,2082,1002,"Knox County",470313,106.312179335889,0.0768811341330425,278.112661142686,22.5381820192085,133.740721604548,7.68811341330425
2021-11-08,79323,78,63179,58,16144,20,68873,70,455155,687,524028,757,6,938,-10,596,82,77789,1,2081,1001,"Knox County",470313,105.036433183858,0.0796183868169991,160.956639514536,16.5846999763987,126.72411776838,7.96183868169991
2021-11-07,79245,31,63121,20,16124,11,68803,23,454468,390,523271,413,0,932,-20,606,51,77707,1,2080,998,"Knox County",470313,96.3188344783155,0.0754648195406489,87.8138601314444,6.59135511882512,128.850361355098,7.54648195406489
2021-11-06,79214,41,63101,27,16113,14,68780,30,454078,453,522858,483,0,932,-2,626,43,77656,2,2079,995,"Knox County",470313,98.8703267823768,0.0765957446808511,102.697565238469,8.7175987055429,133.102848528533,7.65957446808511
2021-11-05,79173,52,63074,32,16099,20,68750,36,453625,605,522375,641,0,932,-27,628,79,77613,2,2077,994,"Knox County",470313,95.8935857609719,0.0752300198448494,136.29221390861,11.0564666509325,133.528097245877,7.52300198448494
2021-11-04,79121,68,63042,45,16079,23,68714,49,453020,668,521734,717,0,932,-1,655,69,77534,1,2075,994,"Knox County",470313,95.8935857609719,0.0785659801678108,152.451665167665,14.4584563896809,139.268954930015,7.85659801678108
2021-11-03,79053,80,62997,60,16056,20,68665,66,452352,969,521017,1035,0,932,-1,656,81,77465,2,2074,993,"Knox County",470313,96.9567075543308,0.0762047067613,220.06621122529,17.0099486937423,139.481579288686,7.62047067613
2021-11-02,78973,41,62937,19,16036,22,68599,22,451383,301,519982,323,4,932,-52,657,89,77384,1,2072,991,"Knox County",470313,83.1361242406653,0.0677500572213321,68.6776678509843,8.7175987055429,139.694203647358,6.77500572213321
2021-11-01,78932,95,62918,71,16014,24,68577,83,451082,661,519659,744,1,928,-19,709,113,77295,3,2071,989,"Knox County",470313,86.7507383380855,0.0709366391184573,158.192522851803,20.1993140738189,150.750670298291,7.09366391184573
2021-10-31,78837,26,62847,19,15990,7,68494,19,450421,278,518915,297,0,927,-43,728,69,77182,1,2068,988,"Knox County",470313,85.6876165447266,0.0719339622641509,63.1494345255181,5.52823332546623,154.790533113054,7.19339622641509
2021-10-30,78811,56,62828,40,15983,16,68475,43,450143,522,518618,565,0,927,-23,771,79,77113,4,2067,988,"Knox County",470313,88.8769819248033,0.0735770476631189,120.132762649555,11.9069640856196,163.933380535941,7.35770476631189
2021-10-29,78755,73,62788,59,15967,14,68432,66,449621,846,518053,912,1,927,-37,794,109,77034,1,2063,988,"Knox County",470313,93.3420934569106,0.0757674722403658,193.913415108662,15.5215781830398,168.823740785392,7.57674722403658
2021-10-28,78682,54,62729,32,15953,22,68366,39,448775,561,517141,600,4,926,-53,831,103,76925,3,2062,987,"Knox County",470313,90.3653524355057,0.0755138516532618,127.574615203067,11.481715368276,176.690842056248,7.55138516532618
2021-10-27,78628,88,62697,56,15931,32,68327,65,448214,759,516541,824,1,922,-33,884,120,76822,3,2059,985,"Knox County",470313,92.0663473048799,0.0790152403282532,175.202471545545,18.7109435631165,187.959933065852,7.90152403282532
2021-10-26,78540,97,62641,57,15899,40,68262,55,447455,554,515717,609,0,921,-18,917,115,76702,5,2056,982,"Knox County",470313,103.9733113905,0.0813008130081301,129.488234431113,20.6245627911625,194.976536902021,8.13008130081301
2021-10-25,78443,71,62584,47,15859,24,68207,54,446901,491,515108,545,6,921,-72,935,137,76587,3,2051,980,"Knox County",470313,98.8703267823768,0.0783547794117647,115.880275476119,15.0963294656962,198.803775358113,7.83547794117647
2021-10-24,78372,38,62537,20,15835,18,68153,23,446410,337,514563,360,1,915,-71,1007,108,76450,5,2048,979,"Knox County",470313,101.421819086438,0.0781426953567384,76.5447691218401,8.07972562952757,214.112729182481,7.81426953567384
2021-10-23,78334,59,62517,40,15817,19,68130,42,446073,471,514203,513,0,914,-14,1078,73,76342,1,2043,976,"Knox County",470313,102.059692162454,0.0788448315379326,109.076295998622,12.5448371616349,229.209058648177,7.88448315379326
2021-10-22,78275,90,62477,53,15798,37,68088,55,445602,551,513690,606,0,914,-69,1092,159,76269,2,2042,974,"Knox County",470313,105.674306259874,0.0820803549420754,128.850361355098,19.13619228046,232.185799669582,8.20803549420754
2021-10-21,78185,124,62424,71,15761,53,68033,78,445051,712,513084,790,3,914,-22,1161,143,76110,2,2040,972,"Knox County",470313,120.558011366898,0.0875912408759124,167.973243350705,26.3654204753005,246.856880417934,8.75912408759124
2021-10-20,78061,149,62353,83,15708,66,67955,90,444339,959,512294,1049,3,911,-47,1183,193,75967,3,2038,970,"Knox County",470313,133.528097245877,0.0887745974955277,223.042952246695,31.6810294420949,251.534616308714,8.87745974955277
2021-10-19,77912,131,62270,85,15642,46,67865,92,443380,724,511245,816,4,908,-40,1230,167,75774,4,2035,969,"Knox County",470313,140.757325440717,0.0927548621500321,173.501476676171,27.8537909860029,261.527961166287,9.27548621500321
2021-10-18,77781,121,62185,90,15596,31,67773,106,442656,607,510429,713,9,904,-74,1270,186,75607,8,2031,967,"Knox County",470313,151.388543374306,0.100268207138436,151.601167732978,25.7275473992852,270.032935513158,10.0268207138436
2021-10-17,77660,63,62095,56,15565,7,67667,60,442049,303,509716,363,1,895,-65,1344,127,75421,4,2023,964,"Knox County",470313,156.7041523411,0.107835051546392,77.1826421978555,13.395334596322,285.76713805487,10.7835051546392
2021-10-16,77597,55,62039,41,15558,14,67607,44,441746,372,509353,416,0,894,-83,1409,138,75294,1,2019,962,"Knox County",470313,155.853654906413,0.110456553755523,88.4517332074597,11.6943397269478,299.587721368535,11.0456553755523
2021-10-15,77542,125,61998,88,15544,37,67563,101,441374,794,508937,895,9,894,-68,1492,184,75156,5,2018,958,"Knox County",470313,163.295507459926,0.113248710829036,190.298801011241,26.5780448339723,317.235543138293,11.3248710829036
2021-10-14,77417,192,61910,134,15507,58,67462,145,440580,699,508042,844,0,885,8,1560,184,74972,7,2013,956,"Knox County",470313,177.753963849607,0.125196232339089,179.454958718981,40.8238768649814,331.693999527974,12.5196232339089
2021-10-13,77225,121,61776,87,15449,34,67317,99,439881,764,507198,863,7,885,-78,1552,192,74788,5,2006,951,"Knox County",470313,171.800481806797,0.131771894093686,183.494821533745,25.7275473992852,329.9930046586,13.1771894093686
2021-10-12,77104,136,61689,104,15415,32,67218,109,439117,821,506335,930,4,878,-81,1630,213,74596,3,2001,950,"Knox County",470313,172.863603600156,0.132165605095541,197.740653564754,28.9169127793618,346.577704634998,13.2165605095541
2021-10-11,76968,193,61585,136,15383,57,67109,149,438296,581,505405,730,3,874,-88,1711,278,74383,11,1998,943,"Knox County",470313,188.172557424524,0.140249950406665,155.215781830398,41.0365012236532,363.800277687412,14.0249950406665
2021-10-10,76775,54,61449,41,15326,13,66960,51,437715,489,504675,540,0,871,-89,1799,143,74105,4,1987,942,"Knox County",470313,186.258938196478,0.133767727098505,114.81715368276,11.481715368276,382.511221250529,13.3767727098505
2021-10-09,76721,66,61408,37,15313,29,66909,48,437226,490,504135,538,0,871,-66,1888,132,73962,7,1983,940,"Knox County",470313,188.597806141867,0.131460674157303,114.391904965417,14.0332076723374,401.434789172317,13.1460674157303
2021-10-08,76655,289,61371,113,15284,176,66861,123,436736,936,503597,1059,-1,871,76,1954,214,73830,5,1976,936,"Knox County",470313,223.468200964039,0.131540697674419,225.169195833413,61.4484396561439,415.467996844654,13.1540697674419
2021-10-07,76366,259,61258,170,15108,89,66738,176,435800,1106,502538,1282,6,872,-10,1878,263,73616,9,1971,932,"Knox County",470313,237.714032995048,0.127061595422417,272.58442781722,55.0697088959905,399.308545585599,12.7061595422417
2021-10-06,76107,139,61088,103,15019,36,66562,112,434694,835,501256,947,1,866,-120,1888,258,73353,4,1962,931,"Knox County",470313,241.54127145114,0.12744772651842,201.355267662174,29.5547858553772,401.434789172317,12.744772651842
2021-10-05,75968,210,60985,118,14983,92,66450,138,433859,915,500309,1053,3,865,-72,2008,279,73095,4,1958,926,"Knox County",470313,257.275473992852,0.129614571475037,223.893449681382,44.6511153210734,426.949712212931,12.9614571475037
2021-10-04,75758,317,60867,225,14891,92,66312,246,432944,829,499256,1075,3,862,-14,2080,328,72816,4,1954,922,"Knox County",470313,283.640894468152,0.137665537419156,228.571185572162,67.4019216989537,442.258666037299,13.7665537419156
2021-10-03,75441,102,60642,93,14799,9,66066,107,432115,678,498181,785,1,859,-66,2094,167,72488,6,1950,921,"Knox County",470313,293.846863684397,0.140970470396201,166.910121557346,21.6876845845214,445.235407058703,14.0970470396201
2021-10-02,75339,67,60549,43,14790,24,65959,50,431437,472,497396,522,5,858,-144,2160,206,72321,2,1944,920,"Knox County",470313,294.059488043069,0.141603450840399,110.989915226668,14.2458320310091,459.268614731041,14.1603450840399
2021-10-01,75272,225,60506,151,14766,74,65909,167,430965,965,496874,1132,0,853,-76,2304,301,72115,9,1942,916,"Knox County",470313,280.451529088075,0.146556798116539,240.690774016453,47.8404807011501,489.886522379777,14.6556798116539
2021-09-30,75047,240,60355,166,14692,74,65742,186,430000,1104,495742,1290,1,853,-112,2380,351,71814,8,1933,913,"Knox County",470313,276.411666273312,0.147854203409759,274.285422686594,51.0298460812268,506.045973638832,14.7854203409759
2021-09-29,74807,361,60189,170,14618,191,65556,192,428896,1111,494452,1303,6,852,-98,2492,453,71463,7,1925,911,"Knox County",470313,323.614273898446,0.151675977653631,277.049539349327,76.7573934805119,529.859901810071,15.1675977653631
2021-09-28,74446,348,60019,248,14427,100,65364,270,427785,778,493149,1048,2,846,-75,2590,421,71010,1,1918,907,"Knox County",470313,352.956435395152,0.170230607966457,222.830327888024,73.9932768177788,550.697088959905,17.0230607966457
2021-09-27,74098,239,59771,162,14327,77,65094,186,427007,760,492101,946,7,844,-303,2665,535,70589,12,1917,905,"Knox County",470313,336.371735418753,0.164816396242528,201.142643303502,50.817221722555,566.643915860289,16.4816396242528
2021-09-26,73859,124,59609,99,14250,25,64908,117,426247,703,491155,820,2,837,-143,2968,265,70054,1,1905,899,"Knox County",470313,341.049471309532,0.165415663503753,174.351974110858,26.3654204753005,631.069096537838,16.5415663503753
2021-09-25,73735,110,59510,90,14225,20,64791,102,425544,705,490335,807,0,835,-178,3111,288,69789,3,1904,895,"Knox County",470313,350.192318732419,0.166076776476994,171.587857448125,23.3886794538956,661.474379827902,16.6076776476994
2021-09-24,73625,244,59420,165,14205,79,64689,182,424839,939,489528,1121,13,835,-234,3289,465,69501,5,1901,888,"Knox County",470313,354.232181547182,0.168370824812543,238.351906071063,51.8803435159139,699.321515671478,16.8370824812543
2021-09-23,73381,355,59255,245,14126,110,64507,268,423900,1371,488407,1639,14,822,-220,3523,561,69036,8,1896,885,"Knox County",470313,378.683982794437,0.171395106715252,348.491323863044,75.4816473284812,749.075615600674,17.1395106715252
2021-09-22,73026,251,59010,187,14016,64,64239,202,422529,1261,486768,1463,3,808,-329,3743,577,68475,4,1888,882,"Knox County",470313,355.295303340541,0.169173890872004,311.069436736811,53.3687140266163,795.852974508466,16.9173890872004
2021-09-21,72775,397,58823,216,13952,181,64037,230,421268,996,485305,1226,10,805,-351,4072,738,67898,7,1884,873,"Knox County",470313,365.713896915458,0.160433807030666,260.6774637316,84.4118703926959,865.806388511481,16.0433807030666
2021-09-20,72378,432,58607,310,13771,122,63807,343,420272,1295,484079,1638,5,795,114,4423,313,67160,9,1877,869,"Knox County",470313,406.750398139112,0.165710351159054,348.278699504373,91.8537229462082,940.437538405275,16.5710351159054
2021-09-19,71946,120,58297,87,13649,33,63464,97,418977,432,482441,529,1,790,-176,4309,295,66847,7,1868,862,"Knox County",470313,405.899900704425,0.169060904665796,112.478285737371,25.5149230406134,916.198361516692,16.9060904665796
2021-09-18,71826,226,58210,183,13616,43,63367,197,418545,1075,481912,1272,0,789,-108,4485,334,66552,7,1861,854,"Knox County",470313,430.564326310351,0.170904590459046,270.458184230502,48.0531050598219,953.620248642925,17.0904590459046
2021-09-17,71600,547,58027,422,13573,125,63170,449,417470,1310,480640,1759,5,789,4,4593,538,66218,12,1854,840,"Knox County",470313,494.9895069879,0.187486878018056,374.006246903658,116.305524193463,976.583679379477,18.7486878018056
2021-09-16,71053,588,57605,456,13448,132,62721,487,416160,1518,478881,2005,7,784,10,4589,571,65680,16,1842,835,"Knox County",470313,544.530982558424,0.202689041649818,426.311839136915,125.023122899006,975.73318194479,20.2689041649818
2021-09-15,70465,338,57149,249,13316,89,62234,267,414642,808,476876,1075,6,777,-309,4579,641,65109,5,1826,832,"Knox County",470313,563.029301762869,0.21780303030303,228.571185572162,71.867033231061,973.606938358072,21.780303030303
2021-09-14,70127,556,56900,443,13227,113,61967,476,413834,1406,475801,1882,12,771,-158,4888,702,64468,8,1821,828,"Knox County",470313,596.836574791681,0.227952755905512,400.159043020287,118.219143421509,1039.30786518765,22.7952755905512
2021-09-13,69571,399,56457,299,13114,100,61491,333,412428,1134,473919,1467,20,759,-436,5046,815,63766,15,1813,825,"Knox County",470313,589.819970955513,0.230853939333267,311.919934171499,84.8371191100395,1072.90251385779,23.0853939333267
2021-09-12,69172,387,56158,358,13014,29,61158,376,411294,1460,472452,1836,0,739,79,5482,308,62951,5,1798,816,"Knox County",470313,646.590674720877,0.228842067988669,390.378322521385,82.2856268059781,1165.60673423869,22.8842067988669
2021-09-11,68785,866,55800,707,12985,159,60782,763,409834,2621,470616,3384,4,739,500,5403,362,62643,26,1793,808,"Knox County",470313,782.670264270815,0.235008949880668,719.520829745297,184.13269460976,1148.80940990362,23.5008949880668
2021-09-10,67919,1023,55093,745,12826,278,60019,800,407213,2513,467232,3313,1,735,478,4903,544,62281,24,1767,798,"Knox County",470313,883.879458998582,0.234059617698169,704.424500279601,217.514718921229,1042.49723056773,23.4059617698169
2021-09-09,66896,310,54348,167,12548,143,59219,173,404700,685,463919,858,1,734,-370,4425,679,61737,17,1743,791,"Knox County",470313,824.769887287827,0.230763662685487,182.431699740386,65.9135511882512,940.862787122618,23.0763662685487
2021-09-08,66586,290,54181,226,12405,64,59046,250,404015,837,463061,1087,5,733,-407,4795,692,61058,11,1726,786,"Knox County",470313,814.563918071582,0.229333911911478,231.122677876223,61.6610640148157,1019.53379983118,22.9333911911478
2021-09-07,66296,415,53955,299,12341,116,58796,311,403178,979,461974,1290,3,728,-220,5202,632,60366,13,1715,780,"Knox County",470313,784.583883498861,0.227125047223272,274.285422686594,88.2391088487879,1106.07191381059,22.7125047223272
2021-09-06,65881,991,53656,791,12225,200,58485,844,402199,3221,460684,4065,1,725,342,5422,648,59734,20,1702,779,"Knox County",470313,910.457503832554,0.222130992231415,864.318018000778,210.710739443732,1152.84927271838,22.2130992231415
2021-09-05,64890,969,52865,799,12025,170,57641,834,398978,2999,456619,3833,2,724,623,5080,344,59086,15,1682,776,"Knox County",470313,1034.20488057953,0.222938867077958,814.989166788926,206.033003552953,1080.13174205263,22.2938867077958
2021-09-04,63921,543,52066,389,11855,154,56807,408,395979,1502,452786,1910,2,722,224,4457,317,58742,10,1667,771,"Knox County",470313,965.527212728545,0.221325507459036,406.112525063096,115.455026758776,947.666766600115,22.1325507459036
2021-09-03,63378,334,51677,238,11701,96,56399,249,394477,909,450876,1158,5,720,-155,4233,484,58425,8,1657,767,"Knox County",470313,819.029029603689,0.216111541440744,246.219007341919,71.0165357963739,900.038910257637,21.6111541440744
2021-09-02,63044,323,51439,180,11605,143,56150,200,393568,681,449718,881,3,715,-158,4388,478,57941,5,1649,762,"Knox County",470313,821.793146266423,0.217660292463442,187.322059989837,68.6776678509843,932.995685851763,21.7660292463442
2021-09-01,62721,276,51259,211,11462,65,55950,226,392887,645,448837,871,3,712,-119,4546,392,57463,2,1644,759,"Knox County",470313,818.816405245018,0.219303255282696,185.195816403119,58.6843229934108,966.590334521904,21.9303255282696
2021-08-31,62445,595,51048,433,11397,162,55724,479,392242,1894,447966,2373,2,709,189,4665,404,57071,8,1642,757,"Knox County",470313,857.088789805938,0.214697501822278,504.55760312813,126.511493409708,991.892633203845,21.4697501822278
2021-08-30,61850,513,50615,403,11235,110,55245,430,390348,1630,445593,2060,9,707,96,4476,408,56667,12,1634,753,"Knox County",470313,755.454346360828,0.21595598349381,438.006178863863,109.076295998622,951.706629414879,21.595598349381
2021-08-29,61337,483,50212,407,11125,76,54815,439,388718,1485,443533,1924,1,698,256,4380,226,56259,5,1622,747,"Knox County",470313,652.118908046344,0.217500223673615,409.089266084501,102.697565238469,931.294690982388,21.7500223673615
2021-08-28,60854,397,49805,301,11049,96,54376,320,387233,1065,441609,1385,0,697,191,4124,206,56033,4,1617,740,"Knox County",470313,621.075751680264,0.219958693203154,294.484736760413,84.4118703926959,876.862855162413,21.9958693203154
2021-08-27,60457,472,49504,373,10953,99,54056,390,386168,1166,440224,1556,5,697,195,3933,272,55827,5,1613,737,"Knox County",470313,650.417913176969,0.224796380090498,330.843502093287,100.358697293079,836.251602656104,22.4796380090498
2021-08-26,59985,449,49131,347,10854,102,53666,368,385002,1426,438668,1794,5,692,154,3738,290,55555,0,1608,736,"Knox County",470313,677.208582369613,0.221683524199615,381.44809945717,95.4683370436284,794.789852715107,22.1683524199615
2021-08-25,59536,351,48784,224,10752,127,53298,238,383576,642,436874,880,2,687,91,3584,258,55265,4,1608,731,"Knox County",470313,693.155409269997,0.222519211493485,187.109435631165,74.6311498937941,762.045701479653,22.2519211493485
2021-08-24,59185,342,48560,222,10625,120,53060,237,382934,677,435994,914,4,685,77,3493,261,55007,5,1604,721,"Knox County",470313,639.361446526037,0.230381432512128,194.338663826005,72.7175306657481,742.696884840521,23.0381432512128
2021-08-23,58843,287,48338,206,10505,81,52823,227,382257,825,435080,1052,1,681,30,3416,256,54746,1,1599,721,"Knox County",470313,591.308341466215,0.233456075749605,223.680825322711,61.0231909388003,726.324809222794,23.3456075749605
2021-08-22,58556,240,48132,217,10424,23,52596,233,381432,889,434028,1122,2,680,70,3386,168,54490,0,1598,717,"Knox County",470313,539.640622308973,0.231299551878663,238.564530429735,51.0298460812268,719.946078462641,23.1299551878663
2021-08-21,58316,496,47915,373,10401,123,52363,411,380543,1905,432906,2316,0,678,381,3316,115,54322,8,1598,715,"Knox County",470313,560.690433817479,0.218393190782645,492.438014683838,105.461681901202,705.062373355616,21.8393190782645
2021-08-20,57820,424,47542,331,10278,93,51952,357,378638,1148,430590,1505,0,678,231,2935,193,54207,6,1590,712,"Knox County",470313,550.484464601234,0.216111864760513,319.999659801026,90.1527280768339,624.052492701669,21.6111864760513
2021-08-19,57396,368,47211,253,10185,115,51595,264,377490,952,429085,1216,1,678,204,2704,163,54014,6,1584,709,"Knox County",470313,533.26189154882,0.218434203220433,258.551220144882,78.2457639912144,574.936265848488,21.8434203220433
2021-08-18,57028,263,46958,191,10070,72,51331,200,376538,914,427869,1114,2,677,97,2500,164,53851,5,1578,709,"Knox County",470313,514.550947985703,0.208788829959952,236.863535560361,55.9202063306777,531.560896679445,20.8788829959952
2021-08-17,56765,263,46767,180,9998,83,51131,197,375624,1042,426755,1239,0,675,102,2403,161,53687,5,1573,709,"Knox County",470313,497.753623650633,0.197511501463823,263.441580394333,55.9202063306777,510.936333888283,19.7511501463823
2021-08-16,56502,185,46587,126,9915,59,50934,132,374582,422,425516,554,2,675,-25,2301,208,53526,5,1568,706,"Knox County",470313,476.065939066111,0.197882197220384,117.793894704165,39.335506354279,489.248649303762,19.7882197220384
2021-08-15,56317,204,46461,181,9856,23,50802,198,374160,953,424962,1151,3,673,80,2326,121,53318,6,1563,706,"Knox County",470313,468.411462153927,0.193402968664101,244.730636831217,43.3753691690427,494.564258270556,19.3402968664101
2021-08-14,56113,219,46280,147,9833,72,50604,154,373207,794,423811,948,0,670,96,2246,123,53197,4,1557,705,"Knox County",470313,409.514514801845,0.194383331176394,201.567892020846,46.5647345491194,477.554309576814,19.4383331176394
2021-08-13,55894,266,46133,205,9761,61,50450,220,372413,1470,422863,1690,1,670,124,2150,141,53074,5,1553,703,"Knox County",470313,375.919866131704,0.172522750252781,359.335166155305,56.558079406693,457.142371144323,17.2522750252781
2021-08-12,55628,222,45928,145,9700,77,50230,153,370943,643,421173,796,2,669,82,2026,138,52933,8,1548,700,"Knox County",470313,344.876709765624,0.167378537106247,169.248989502735,47.2026076251348,430.776950669023,16.7378537106247
2021-08-11,55406,316,45783,238,9623,78,50077,248,370300,989,420377,1237,1,667,183,1944,132,52795,10,1540,698,"Knox County",470313,356.145800775228,0.170978332239002,263.01633167699,67.1892973402819,413.341753257937,17.0978332239002
2021-08-10,55090,173,45545,109,9545,64,49829,121,369311,621,419140,742,1,666,56,1761,116,52663,2,1530,695,"Knox County",470313,337.009608494768,0.172239393087946,157.767274134459,36.7840140502176,374.431495621001,17.2239393087946
2021-08-09,54917,197,45436,159,9481,38,49708,167,368690,753,418398,920,1,665,75,1705,121,52547,4,1528,691,"Knox County",470313,339.56110079883,0.168492784607162,195.614409978036,41.8869986583403,362.524531535382,16.8492784607162
2021-08-08,54720,88,45277,66,9443,22,49541,75,367937,418,417478,493,1,664,22,1630,65,52426,4,1524,690,"Knox County",470313,314.896675192903,0.166715499560504,104.823808825187,18.7109435631165,346.577704634998,16.6715499560504
2021-08-07,54632,105,45211,75,9421,30,49466,80,367519,638,416985,718,0,663,44,1608,61,52361,2,1520,690,"Knox County",470313,290.657498304321,0.161309884778654,152.664289526337,22.3255576605367,341.899968744219,16.1309884778654
2021-08-06,54527,203,45136,147,9391,56,49386,163,366881,879,416267,1042,0,663,139,1564,64,52300,11,1518,690,"Knox County",470313,277.262163707999,0.169300605245461,221.554581735993,43.162744810371,332.544496962661,16.9300605245461
2021-08-05,54324,174,44989,131,9335,43,49223,147,366002,850,415225,997,2,663,102,1425,70,52236,4,1507,689,"Knox County",470313,267.056194491753,0.162790697674419,211.986485595763,36.9966384088894,302.989711107284,16.2790697674419
2021-08-04,54150,144,44858,101,9292,43,49076,105,365152,656,414228,761,1,661,70,1323,73,52166,4,1503,687,"Knox County",470313,230.484804800208,0.151242728714966,161.807136949223,30.6179076487361,281.302026522763,15.1242728714966
2021-08-03,54006,238,44757,177,9249,61,48971,183,364496,814,413467,997,0,660,161,1253,77,52093,5,1499,686,"Knox County",470313,244.305388113873,0.155195681511471,211.986485595763,50.6045973638832,266.418321415738,15.5195681511471
2021-08-02,53768,97,44580,75,9188,22,48788,82,363682,532,412470,614,2,660,-3,1092,98,52016,3,1494,684,"Knox County",470313,223.042952246695,0.148523657061544,130.551356224472,20.6245627911625,232.185799669582,14.8523657061544
2021-08-01,53671,107,44505,91,9166,16,48706,99,363150,526,411856,625,0,658,63,1095,44,51918,2,1491,684,"Knox County",470313,227.082815061459,0.14928745220716,132.890224169861,22.7508063778803,232.823672745597,14.928745220716
2021-07-31,53564,104,44414,64,9150,40,48607,68,362624,399,411231,467,1,658,46,1032,57,51874,6,1489,682,"Knox County",470313,226.870190702787,0.153916045793204,99.2955754997204,22.1129333018649,219.428338149275,15.3916045793204
2021-07-30,53460,118,44350,83,9110,35,48539,90,362225,339,410764,429,1,657,79,986,38,51817,0,1483,682,"Knox County",470313,208.797120215686,0.158282208588957,91.2158498701928,25.0896743232698,209.647617650373,15.8282208588957
2021-07-29,53342,117,44267,65,9075,52,48449,68,361886,483,410335,551,0,656,82,907,35,51779,1,1483,681,"Knox County",470313,196.677531771395,0.156390639063906,117.15602162815,24.877049964598,192.850293315303,15.6390639063906
2021-07-28,53225,131,44202,90,9023,41,48381,95,361403,536,409784,631,0,656,80,825,51,51744,4,1482,680,"Knox County",470313,193.913415108662,0.15878535002318,134.165970321892,27.8537909860029,175.415095904217,15.878535002318
2021-07-27,53094,117,44112,78,8982,39,48286,84,360867,499,409153,583,0,656,85,745,32,51693,4,1478,680,"Knox County",470313,168.185867709377,0.15025641025641,123.960001105647,24.877049964598,158.405147210475,15.025641025641
2021-07-26,52977,97,44034,73,8943,24,48202,79,360368,371,408570,450,1,656,61,660,35,51661,4,1474,680,"Knox County",470313,168.185867709377,0.156049250535332,95.6809614023002,20.6245627911625,140.332076723374,15.6049250535332
2021-07-25,52880,51,43961,43,8919,8,48123,44,359997,320,408120,364,3,655,22,599,26,51626,5,1470,680,"Knox County",470313,156.278903623757,0.151942446043165,77.3952665565272,10.8438422922607,127.361990844395,15.1942446043165
2021-07-24,52829,64,43918,42,8911,22,48079,44,359677,348,407756,392,0,652,39,577,25,51600,1,1465,679,"Knox County",470313,147.773929276886,0.148235294117647,83.348748599337,13.6079589549938,122.684254953616,14.8235294117647
2021-07-23,52765,56,43876,31,8889,25,48035,32,359329,321,407364,353,1,652,24,538,31,51575,3,1464,677,"Knox County",470313,134.591219039236,0.134175691937425,75.0563986111377,11.9069640856196,114.391904965417,13.4175691937425
2021-07-22,52709,94,43845,69,8864,25,48003,78,359008,474,407011,552,0,651,70,514,24,51544,3,1461,676,"Knox County",470313,129.700858789785,0.137142857142857,117.368645986822,19.9866897151471,109.288920357294,13.7142857142857
2021-07-21,52615,61,43776,47,8839,14,47925,46,358534,411,406459,457,1,651,33,444,27,51520,1,1458,676,"Knox County",470313,114.81715368276,0.129165344335132,97.1693319130026,12.9700858789785,94.4052152502695,12.9165344335132
2021-07-20,52554,78,43729,43,8825,35,47879,45,358123,299,406002,344,0,650,54,411,24,51493,3,1457,676,"Knox County",470313,106.524803694561,0.126373626373626,73.1427793830917,16.5846999763987,87.3886114141008,12.6373626373626
2021-07-19,52476,48,43686,36,8790,12,47834,42,357824,348,405658,390,0,650,28,357,20,51469,0,1454,676,"Knox County",470313,96.1062101196437,0.116058906030856,82.9234998819935,10.2059692162454,75.9068960458248,11.6058906030856
2021-07-18,52428,36,43650,30,8778,6,47792,31,357476,272,405268,303,0,650,27,329,9,51449,1,1454,676,"Knox County",470313,92.9168447395671,0.113937656753852,64.4251806775488,7.65447691218401,69.953414003015,11.3937656753852
2021-07-17,52392,27,43620,20,8772,7,47761,21,357204,202,404965,223,0,650,12,302,15,51440,1,1453,675,"Knox County",470313,85.0497434687113,0.112509534706331,47.4152319838065,5.74085768413801,64.212556318877,11.2509534706331
2021-07-16,52365,37,43600,21,8765,16,47740,22,357002,291,404742,313,0,650,25,290,12,51425,1,1452,675,"Knox County",470313,81.0098806539475,0.110379550735864,66.5514242642666,7.86710127085579,61.6610640148157,11.0379550735864
2021-07-15,52328,55,43579,42,8749,13,47718,44,356711,364,404429,408,-1,650,36,265,20,51413,1,1451,675,"Knox County",470313,72.7175306657481,0.102953240360952,86.7507383380855,11.6943397269478,56.3454550480212,10.2953240360952
2021-07-14,52273,21,43537,17,8736,4,47674,16,356347,269,404021,285,0,651,8,229,13,51393,2,1450,675,"Knox County",470313,64.212556318877,0.0975286849073257,60.5979422214568,4.46511153210734,48.6909781358372,9.75286849073257
2021-07-13,52252,42,43520,26,8732,16,47658,29,356078,355,403736,384,3,651,28,221,11,51380,3,1448,675,"Knox County",470313,56.558079406693,0.0888985255854293,81.6477537299628,8.93022306421468,46.989983266463,8.88985255854293
2021-07-12,52210,27,43494,21,8716,6,47629,24,355723,270,403352,294,0,648,16,193,11,51369,1,1445,675,"Knox County",470313,52.0929678745856,0.0846153846153846,62.5115614495028,5.74085768413801,41.0365012236532,8.46153846153846
2021-07-11,52183,8,43473,3,8710,5,47605,4,355453,136,403058,140,0,648,1,177,7,51358,0,1444,674,"Knox County",470313,46.1394858317759,0.0781631656082071,29.7674102140489,1.70099486937423,37.6345114849047,7.81631656082071
2021-07-10,52175,20,43470,16,8705,4,47601,16,355317,191,402918,207,0,648,12,176,8,51351,2,1444,674,"Knox County",470313,44.6511153210734,0.0763170851797144,44.0132422450581,4.25248717343556,37.421887126233,7.63170851797144
2021-07-09,52155,27,43454,21,8701,6,47585,21,355126,338,402711,359,0,648,12,164,15,51343,0,1442,674,"Knox County",470313,42.5248717343556,0.0741454020221473,76.3321447631684,5.74085768413801,34.8703948221716,7.41454020221473
2021-07-08,52128,19,43433,14,8695,5,47564,16,354788,317,402352,333,0,648,6,152,13,51328,0,1442,673,"Knox County",470313,34.8703948221716,0.0629370629370629,70.8039114377021,4.03986281476378,32.3189025181103,6.29370629370629
2021-07-07,52109,18,43419,5,8690,13,47548,5,354471,333,402019,338,1,648,8,146,9,51315,1,1442,671,"Knox County",470313,34.2325217461563,0.0559610705596107,71.867033231061,3.82723845609201,31.0431563660796,5.59610705596107
2021-07-06,52091,24,43414,9,8677,15,47543,14,354138,263,401681,277,0,647,14,138,10,51306,2,1441,671,"Knox County",470313,30.4052832900643,0.0513347022587269,58.8969473520825,5.10298460812268,29.3421614967054,5.13347022587269
2021-07-05,52067,10,43405,7,8662,3,47529,6,353875,105,401404,111,0,647,0,124,10,51296,1,1439,671,"Knox County",470313,26.790669192644,0.0464589235127479,23.6013038125674,2.12624358671778,26.3654204753005,4.64589235127479
2021-07-04,52057,8,43398,7,8659,1,47523,7,353770,143,401293,150,0,647,0,124,8,51286,1,1438,671,"Knox County",470313,26.790669192644,0.047887323943662,31.8936538007667,1.70099486937423,26.3654204753005,4.7887323943662
2021-07-03,52049,9,43391,7,8658,2,47516,7,353627,185,401143,192,0,647,-2,124,11,51278,1,1437,671,"Knox County",470313,24.4518012472545,0.0431818181818182,40.8238768649814,1.913619228046,26.3654204753005,4.31818181818182
2021-07-02,52040,17,43384,13,8656,4,47509,17,353442,342,400951,359,-1,647,11,126,7,51267,0,1436,671,"Knox County",470313,22.3255576605367,0.0409090909090909,76.3321447631684,3.61461409742023,26.790669192644,4.09090909090909
2021-07-01,52023,18,43371,15,8652,3,47492,17,353100,248,400592,265,-1,648,13,115,6,51260,1,1436,671,"Knox County",470313,22.1129333018649,0.0431442080378251,56.3454550480212,3.82723845609201,24.4518012472545,4.31442080378251
2021-06-30,52005,18,43356,12,8649,6,47475,11,352852,299,400327,310,0,649,9,102,9,51254,0,1435,671,"Knox County",470313,22.1129333018649,0.0474759615384615,65.9135511882512,3.82723845609201,21.6876845845214,4.74759615384615
2021-06-29,51987,21,43344,16,8643,5,47464,19,352553,438,400017,457,0,649,8,93,13,51245,1,1435,671,"Knox County",470313,21.4750602258496,0.0455531453362256,97.1693319130026,4.46511153210734,19.7740653564754,4.55531453362256
2021-06-28,51966,9,43328,2,8638,7,47445,2,352115,113,399560,115,0,649,-4,85,13,51232,0,1434,671,"Knox County",470313,21.2624358671778,0.0432900432900433,24.4518012472545,1.913619228046,18.0730704871011,4.32900432900433
2021-06-27,51957,5,43326,3,8631,2,47443,3,352002,151,399445,154,0,649,0,89,5,51219,0,1434,671,"Knox County",470313,20.6245627911625,0.041036717062635,32.7441512354538,1.06312179335889,18.9235679217883,4.1036717062635
2021-06-26,51952,3,43323,2,8629,1,47440,2,351851,206,399291,208,0,649,0,89,3,51214,0,1434,671,"Knox County",470313,19.3488166391318,0.0380085653104925,44.2258666037299,0.637873076015334,18.9235679217883,3.80085653104925
2021-06-25,51949,13,43321,9,8628,4,47438,11,351645,311,399083,322,0,649,4,89,9,51211,0,1434,671,"Knox County",470313,18.4983192044447,0.0354997269251775,68.4650434923126,2.76411666273312,18.9235679217883,3.54997269251775
2021-06-24,51936,14,43312,9,8624,5,47427,10,351334,364,398761,374,1,649,8,85,5,51202,1,1434,671,"Knox County",470313,17.6478217697576,0.0298969072164948,79.521510143245,2.97674102140489,18.0730704871011,2.98969072164948
2021-06-23,51922,13,43303,6,8619,7,47417,8,350970,282,398387,290,0,648,6,77,7,51197,0,1433,670,"Knox County",470313,16.5846999763987,0.0286458333333333,61.6610640148157,2.76411666273312,16.3720756177269,2.86458333333333
2021-06-22,51909,14,43297,5,8612,9,47409,5,350688,247,398097,252,2,648,10,71,2,51190,1,1433,669,"Knox County",470313,15.0963294656962,0.0239067055393586,53.5813383852881,2.97674102140489,15.0963294656962,2.39067055393586
2021-06-21,51895,9,43292,8,8603,1,47404,9,350441,289,397845,298,0,646,5,61,4,51188,1,1432,668,"Knox County",470313,15.0963294656962,0.0252897787144362,63.3620588841899,1.913619228046,12.9700858789785,2.52897787144363
2021-06-20,51886,3,43284,2,8602,1,47395,3,350152,161,397547,164,1,646,-2,56,4,51184,0,1431,668,"Knox County",470313,14.6710807483527,0.0251572327044025,34.8703948221716,0.637873076015334,11.9069640856196,2.51572327044025
2021-06-19,51883,3,43282,1,8601,2,47392,1,349991,191,397383,192,0,645,-3,58,6,51180,0,1431,668,"Knox County",470313,14.6710807483527,0.0248414376321353,40.8238768649814,0.637873076015334,12.3322128029631,2.48414376321353
2021-06-18,51880,5,43281,3,8599,2,47391,3,349800,283,397191,286,1,645,-7,61,11,51174,0,1431,668,"Knox County",470313,12.9700858789785,0.0210129310344828,60.8105665801286,1.06312179335889,12.9700858789785,2.10129310344828
2021-06-17,51875,12,43278,8,8597,4,47388,9,349517,515,396905,524,0,644,6,68,6,51163,0,1431,668,"Knox County",470313,12.5448371616349,0.0189431704885344,111.415163944012,2.55149230406134,14.4584563896809,1.89431704885344
2021-06-16,51863,7,43270,4,8593,3,47379,4,349002,362,396381,366,1,644,-6,62,12,51157,0,1431,667,"Knox County",470313,11.2690910096042,0.0163304514889529,77.8205152738708,1.48837051070245,13.1827102376502,1.63304514889529
2021-06-15,51856,13,43266,9,8590,4,47375,14,348640,428,396015,442,0,643,-2,68,15,51145,0,1431,667,"Knox County",470313,11.0564666509325,0.0189260563380282,93.9799665329259,2.76411666273312,14.4584563896809,1.89260563380282
2021-06-14,51843,7,43257,2,8586,5,47361,3,348212,260,395573,263,1,643,-5,70,11,51130,0,1431,667,"Knox County",470313,10.6312179335889,0.0165400089405454,55.9202063306777,1.48837051070245,14.8837051070245,1.65400089405454
2021-06-13,51836,3,43255,3,8581,0,47358,4,347952,128,395310,132,0,642,-5,75,8,51119,1,1431,667,"Knox County",470313,10.6312179335889,0.0172335600907029,28.0664153446747,0.637873076015334,15.9468269003834,1.72335600907029
2021-06-12,51833,2,43252,1,8581,1,47354,1,347824,226,395178,227,0,642,-6,80,8,51111,0,1430,667,"Knox County",470313,10.4185935749171,0.0169642857142857,48.2657294184936,0.425248717343556,17.0099486937423,1.69642857142857
2021-06-11,51831,7,43251,3,8580,4,47353,2,347598,318,394951,320,0,642,-2,86,9,51103,0,1430,666,"Knox County",470313,10.8438422922607,0.0162708883025506,68.039794774969,1.48837051070245,18.2856948457729,1.62708883025506
2021-06-10,51824,7,43248,4,8576,3,47351,5,347280,358,394631,363,0,642,-1,88,8,51094,0,1430,665,"Knox County",470313,9.7807204989018,0.0156176053005206,77.1826421978555,1.48837051070245,18.7109435631165,1.56176053005206
2021-06-09,51817,2,43244,1,8573,1,47346,1,346922,367,394268,368,1,642,-17,89,18,51086,0,1430,665,"Knox County",470313,8.7175987055429,0.0141843971631206,78.2457639912144,0.425248717343556,18.9235679217883,1.41843971631206
2021-06-08,51815,5,43243,3,8572,2,47345,4,346555,266,393900,270,1,641,-17,106,21,51068,0,1430,664,"Knox County",470313,7.01660383616868,0.0102933607822954,57.4085768413801,1.06312179335889,22.5381820192085,1.02933607822954
2021-06-07,51810,16,43240,10,8570,6,47341,10,346289,316,393630,326,0,640,-7,123,23,51047,2,1430,663,"Knox County",470313,8.93022306421468,0.0134596211365902,69.3155409269997,3.40198973874845,26.1527961166287,1.34596211365902
2021-06-06,51794,4,43230,2,8564,2,47331,2,345973,178,393304,180,0,640,-5,130,9,51024,0,1428,663,"Knox County",470313,9.14284742288646,0.0121713729308666,38.2723845609201,0.850497434687113,27.6411666273312,1.21713729308666
2021-06-05,51790,5,43228,2,8562,3,47329,3,345795,258,393124,261,0,640,-9,135,14,51015,0,1428,662,"Knox County",470313,9.7807204989018,0.0129310344827586,55.4949576133341,1.06312179335889,28.7042884206901,1.29310344827586
2021-06-04,51785,7,43226,2,8559,5,47326,3,345537,325,392863,328,1,640,-9,144,15,51001,0,1428,662,"Knox County",470313,9.7807204989018,0.0133587786259542,69.7407896443432,1.48837051070245,30.6179076487361,1.33587786259542
2021-06-03,51778,7,43224,4,8554,3,47323,6,345212,458,392535,464,0,639,-12,153,19,50986,0,1428,662,"Knox County",470313,9.7807204989018,0.0131998179335457,98.6577024237051,1.48837051070245,32.5315268767821,1.31998179335457
2021-06-02,51771,20,43220,7,8551,13,47317,6,344754,282,392071,288,0,639,5,165,15,50967,1,1428,662,"Knox County",470313,13.6079589549938,0.0160604629192253,61.2358152974721,4.25248717343556,35.0830191808434,1.60604629192253
2021-06-01,51751,12,43213,9,8538,3,47311,10,344472,291,391783,301,0,639,-10,160,22,50952,1,1427,662,"Knox County",470313,15.0963294656962,0.0186219739292365,63.9999319602052,2.55149230406134,34.0198973874845,1.86219739292365
2021-05-31,51739,17,43204,14,8535,3,47301,12,344181,354,391482,366,0,639,-1,170,18,50930,0,1426,662,"Knox County",470313,15.308953824368,0.0191956124314442,77.8205152738708,3.61461409742023,36.1461409742023,1.91956124314442
2021-05-30,51722,3,43190,1,8532,2,47289,1,343827,203,391116,204,0,639,-9,171,12,50912,0,1426,662,"Knox County",470313,15.0963294656962,0.0185352622061483,43.3753691690427,0.637873076015334,36.3587653328741,1.85352622061483
2021-05-29,51719,14,43189,8,8530,6,47288,6,343624,199,390912,205,0,639,-14,180,28,50900,1,1426,661,"Knox County",470313,17.0099486937423,0.0204081632653061,43.5879935277145,2.97674102140489,38.2723845609201,2.04081632653061
2021-05-28,51705,11,43181,6,8524,5,47282,10,343425,390,390707,400,0,639,-10,194,21,50872,1,1425,660,"Knox County",470313,17.8604461284294,0.0228904847396768,85.0497434687113,2.33886794538956,41.249125582325,2.28904847396768
2021-05-27,51694,23,43175,8,8519,15,47272,9,343035,341,390307,350,0,639,-5,204,28,50851,1,1424,660,"Knox County",470313,21.2624358671778,0.0255439924314096,74.4185255351224,4.8903602494509,43.3753691690427,2.55439924314096
2021-05-26,51671,16,43167,8,8504,8,47263,11,342694,571,389957,582,0,639,-8,209,24,50823,0,1423,660,"Knox County",470313,20.4119384324907,0.0245016611295681,123.747376746975,3.40198973874845,44.4384909624016,2.45016611295681
2021-05-25,51655,18,43159,8,8496,10,47252,7,342123,311,389375,318,0,639,-10,217,28,50799,1,1423,660,"Knox County",470313,21.6876845845214,0.0230927835051546,67.6145460576254,3.82723845609201,46.1394858317759,2.30927835051546
2021-05-24,51637,25,43151,21,8486,4,47245,24,341812,425,389057,449,0,639,-11,227,36,50771,1,1422,660,"Knox County",470313,23.3886794538956,0.0271132376395534,95.4683370436284,5.31560896679445,48.2657294184936,2.71132376395534
2021-05-23,51612,16,43130,8,8482,8,47221,8,341387,225,388608,233,1,639,-5,238,20,50735,1,1421,659,"Knox County",470313,26.1527961166287,0.0295624753646039,49.5414755705243,3.40198973874845,50.6045973638832,2.95624753646039
2021-05-22,51596,8,43122,4,8474,4,47213,4,341162,269,388375,273,0,638,-6,243,14,50715,0,1420,658,"Knox County",470313,24.877049964598,0.0280230326295585,58.0464499173954,1.70099486937423,51.6677191572421,2.80230326295585
2021-05-21,51588,16,43118,12,8470,4,47209,14,340893,377,388102,391,0,638,-16,249,32,50701,1,1420,658,"Knox County",470313,25.9401717579569,0.0296610169491525,83.1361242406653,3.40198973874845,52.9434653092728,2.96610169491525
2021-05-20,51572,34,43106,26,8466,8,47195,27,340516,594,387711,621,0,638,6,265,28,50669,1,1419,657,"Knox County",470313,28.2790397033465,0.0331356818974538,132.039726735174,7.22922819484046,56.3454550480212,3.31356818974538
2021-05-19,51538,14,43080,6,8458,8,47168,6,339922,544,387090,550,0,638,-29,259,43,50641,1,1418,657,"Knox County",470313,27.8537909860029,0.0317460317460317,116.943397269478,2.97674102140489,55.0697088959905,3.17460317460317
2021-05-18,51524,24,43074,14,8450,10,47162,14,339378,444,386540,458,1,638,-21,288,44,50598,0,1417,657,"Knox County",470313,29.1295371380336,0.0326050420168067,97.3819562716744,5.10298460812268,61.2358152974721,3.26050420168067
2021-05-17,51500,15,43060,8,8440,7,47148,8,338934,420,386082,428,0,637,-18,309,33,50554,0,1417,656,"Knox County",470313,27.0032935513158,0.0274204468517265,91.0032255115211,3.18936538007667,65.7009268295794,2.74204468517265
2021-05-16,51485,22,43052,13,8433,9,47140,12,338514,272,385654,284,1,637,-10,327,31,50521,1,1417,656,"Knox County",470313,28.2790397033465,0.0282861896838602,60.385317862785,4.67773589077912,69.5281652856715,2.82861896838602
2021-05-15,51463,23,43039,13,8424,10,47128,17,338242,336,385370,353,0,636,-8,337,31,50490,1,1416,655,"Knox County",470313,31.4684050834232,0.0317666126418152,75.0563986111377,4.8903602494509,71.6544088723892,3.17666126418152
2021-05-14,51440,36,43026,25,8414,11,47111,26,337906,498,385017,524,0,636,4,345,32,50459,4,1415,654,"Knox County",470313,35.7208922568587,0.0341827221876942,111.415163944012,7.65447691218401,73.3554037417635,3.41827221876942
2021-05-13,51404,31,43001,17,8403,14,47085,17,337408,376,384493,393,0,636,-17,341,48,50427,0,1411,654,"Knox County",470313,35.0830191808434,0.0334448160535117,83.5613729580088,6.59135511882512,72.5049063070764,3.34448160535117
2021-05-12,51373,34,42984,28,8389,6,47068,26,337032,506,384100,532,0,636,-15,358,49,50379,0,1411,654,"Knox County",470313,39.335506354279,0.0403768506056528,113.116158813386,7.22922819484046,76.1195204044966,4.03768506056528
2021-05-11,51339,36,42956,30,8383,6,47042,31,336526,555,383568,586,0,636,-11,373,47,50330,4,1411,654,"Knox County",470313,41.8869986583403,0.0441935483870968,124.597874181662,7.65447691218401,79.3088857845732,4.41935483870968
2021-05-10,51303,21,42926,14,8377,7,47011,13,335971,277,382982,290,1,636,-26,384,46,50283,1,1407,654,"Knox County",470313,43.162744810371,0.0479405806887238,61.6610640148157,4.46511153210734,81.6477537299628,4.79405806887238
2021-05-09,51282,17,42912,14,8370,3,46998,17,335694,369,382692,386,0,635,-22,410,39,50237,1,1406,653,"Knox County",470313,42.0996230170121,0.047976501305483,82.0730024473064,3.61461409742023,87.175987055429,4.7976501305483
2021-05-08,51265,20,42898,11,8367,9,46981,14,335325,307,382306,321,0,635,-18,432,38,50198,1,1405,653,"Knox County",470313,41.4617499409967,0.0474934036939314,68.2524191336408,4.25248717343556,91.8537229462082,4.74934036939314
2021-05-07,51245,43,42887,31,8358,12,46967,33,335018,576,381985,609,0,635,3,450,40,50160,0,1404,653,"Knox County",470313,42.9501204516992,0.0484440166827077,129.488234431113,9.14284742288646,95.6809614023002,4.84440166827077
2021-05-06,51202,40,42856,26,8346,14,46934,28,334442,340,381376,368,1,635,-8,447,47,50120,0,1404,653,"Knox County",470313,44.8637396797452,0.0523932729624838,78.2457639912144,8.50497434687113,95.0430883262848,5.23932729624838
2021-05-05,51162,51,42830,32,8332,19,46906,38,334102,585,381008,623,0,634,5,455,46,50073,4,1404,652,"Knox County",470313,48.4783537771654,0.0546654099905749,132.464975452518,10.8438422922607,96.7440831956591,5.46654099905749
2021-05-04,51111,50,42798,32,8313,18,46868,34,333517,536,380385,570,0,634,6,450,44,50027,0,1400,652,"Knox County",470313,51.4550947985703,0.0558888538048626,121.195884442914,10.6312179335889,95.6809614023002,5.58888538048626
2021-05-03,51061,24,42766,9,8295,15,46834,7,332981,309,379815,316,1,634,-37,444,60,49983,1,1400,652,"Knox County",470313,52.0929678745856,0.053554650798622,67.1892973402819,5.10298460812268,94.4052152502695,5.3554650798622
2021-05-02,51037,25,42757,18,8280,7,46827,20,332672,288,379499,308,0,633,-17,481,42,49923,2,1399,651,"Knox County",470313,53.7939627439599,0.0558587479935795,65.4883024709077,5.31560896679445,102.272316521125,5.58587479935795
2021-05-01,51012,45,42739,35,8273,10,46807,38,332384,450,379191,488,0,633,7,498,38,49881,2,1397,651,"Knox County",470313,59.1095717107543,0.0603290676416819,103.760687031828,9.56809614023002,105.886930618546,6.03290676416819
2021-04-30,50967,58,42704,30,8263,28,46769,29,331934,567,378703,596,0,633,-9,491,67,49843,3,1395,651,"Knox County",470313,62.298937090831,0.0593453655552157,126.72411776838,12.3322128029631,104.398560107843,5.93453655552157
2021-04-29,50909,54,42674,34,8235,20,46740,35,331367,571,378107,606,0,633,-2,500,56,49776,2,1392,650,"Knox County",470313,65.2756781122359,0.0573139435414885,128.850361355098,11.481715368276,106.312179335889,5.73139435414885
2021-04-28,50855,47,42640,28,8215,19,46705,34,330796,543,377501,577,4,633,-38,502,81,49720,1,1390,650,"Knox County",470313,64.4251806775488,0.0569199653279399,122.684254953616,9.99334485757357,106.737428053233,5.69199653279399
2021-04-27,50808,39,42612,17,8196,22,46671,20,330253,392,376924,412,1,629,-33,540,71,49639,2,1389,648,"Knox County",470313,62.0863127321592,0.0554041780199818,87.6012357727726,8.29234998819935,114.81715368276,5.54041780199818
2021-04-26,50769,69,42595,36,8174,33,46651,40,329861,480,376512,520,1,628,2,573,66,49568,0,1387,647,"Knox County",470313,71.6544088723892,0.0615911035072712,110.564666509325,14.6710807483527,121.833757518929,6.15911035072712
2021-04-25,50700,38,42559,25,8141,13,46611,26,329381,341,375992,367,0,627,-4,571,42,49502,3,1387,645,"Knox County",470313,74.4185255351224,0.0622546270330903,78.0331396325426,8.07972562952757,121.408508801585,6.22546270330903
2021-04-24,50662,35,42534,22,8128,13,46585,28,329040,510,375625,538,0,627,-28,575,63,49460,3,1384,645,"Knox County",470313,72.2922819484046,0.0586283185840708,114.391904965417,7.44185255351224,122.259006236272,5.86283185840708
2021-04-23,50627,43,42512,31,8115,12,46557,36,328530,553,375087,589,0,627,-4,603,47,49397,2,1381,645,"Knox County",470313,69.1029165683279,0.0606816292601829,125.235747257677,9.14284742288646,128.212488279082,6.06816292601829
2021-04-22,50584,79,42481,62,8103,17,46521,65,327977,787,374498,852,1,627,15,607,63,49350,1,1379,644,"Knox County",470313,74.4185255351224,0.064591439688716,181.155953588355,16.7973243350705,129.062985713769,6.4591439688716
2021-04-21,50505,62,42419,34,8086,28,46456,35,327190,479,373646,514,1,626,-2,592,63,49287,1,1378,643,"Knox County",470313,77.607890915199,0.0659282700421941,109.288920357294,13.1827102376502,125.873620333693,6.59282700421941
2021-04-20,50443,38,42385,34,8058,4,46421,39,326711,474,373132,513,1,625,-32,594,69,49224,1,1377,642,"Knox County",470313,77.3952665565272,0.0690983817107629,109.076295998622,8.07972562952757,126.298869051036,6.90983817107629
2021-04-19,50405,65,42351,41,8054,24,46382,39,326237,336,372619,375,0,624,-3,626,68,49155,0,1376,641,"Knox County",470313,76.5447691218401,0.0715048025613661,79.7341345019168,13.8205833136656,133.102848528533,7.15048025613661
2021-04-18,50340,38,42310,27,8030,11,46343,32,325901,364,372244,396,0,624,-12,629,50,49087,1,1376,641,"Knox County",470313,76.5447691218401,0.0725443473656341,84.1992460340241,8.07972562952757,133.740721604548,7.25443473656341
2021-04-17,50302,37,42283,18,8019,19,46311,23,325537,335,371848,358,0,624,-23,641,60,49037,1,1375,640,"Knox County",470313,76.9700178391837,0.0747845426744509,76.1195204044966,7.86710127085579,136.29221390861,7.47845426744509
2021-04-16,50265,346,42265,330,8000,16,46288,369,325202,2088,371490,2457,1,624,279,664,66,48977,4,1374,640,"Knox County",470313,141.395198516732,0.110155535224154,522.418049256559,73.5680281004352,141.182574158061,11.0155535224154
2021-04-15,49919,86,41935,54,7984,32,45919,55,323114,577,369033,632,1,623,12,385,73,48911,0,1370,639,"Knox County",470313,142.883569027435,0.112869399428027,134.378594680564,18.2856948457729,81.8603780886346,11.2869399428027
2021-04-14,49833,85,41881,60,7952,25,45864,62,322537,684,368401,746,0,622,-1,373,86,48838,3,1370,638,"Knox County",470313,147.773929276886,0.113018075588826,158.617771569146,18.0730704871011,79.3088857845732,11.3018075588826
2021-04-13,49748,68,41821,38,7927,30,45802,43,321853,340,367655,383,-5,622,-8,374,81,48752,1,1367,638,"Knox County",470313,154.152660037039,0.116513933046568,81.435129371291,14.4584563896809,79.521510143245,11.6513933046568
2021-04-12,49680,63,41783,43,7897,20,45759,50,321513,360,367272,410,1,627,-24,382,86,48671,0,1366,638,"Knox County",470313,153.727411319696,0.117800074321813,87.175987055429,13.395334596322,81.2225050126193,11.7800074321813
2021-04-11,49617,26,41740,14,7877,12,45709,14,321153,296,366862,310,2,626,-26,406,50,48585,0,1366,637,"Knox County",470313,151.175919015634,0.11631419939577,65.9135511882512,5.52823332546623,86.3254896207419,11.631419939577
2021-04-10,49591,50,41726,33,7865,17,45695,41,320857,571,366552,612,0,624,6,432,44,48535,1,1366,637,"Knox County",470313,153.940035678367,0.114234234234234,130.126107507128,10.6312179335889,91.8537229462082,11.4234234234234
2021-04-09,49541,82,41693,62,7848,20,45654,71,320286,620,365940,691,5,624,11,426,66,48491,2,1365,636,"Knox County",470313,97.8072049890179,0.0887949260042283,146.923431842199,17.4351974110858,90.5779767941775,8.87949260042283
2021-04-08,49459,49,41631,26,7828,23,45583,26,319666,466,365249,492,-6,619,-23,415,78,48425,0,1363,636,"Knox County",470313,89.9401037181622,0.0842480790340285,104.611184466515,10.4185935749171,88.2391088487879,8.42480790340285
2021-04-07,49410,77,41605,54,7805,23,45557,57,319200,768,364757,825,2,625,9,438,66,48347,1,1363,636,"Knox County",470313,88.2391088487879,0.0811173784582326,175.415095904217,16.3720756177269,93.1294690982388,8.11173784582326
2021-04-06,49333,75,41551,41,7782,34,45500,45,318432,422,363932,467,2,623,-4,429,77,48281,0,1362,636,"Knox County",470313,89.7274793594904,0.079852902547938,99.2955754997204,15.9468269003834,91.2158498701928,7.9852902547938
2021-04-05,49258,44,41510,32,7748,12,45455,35,318010,266,363465,301,0,621,-60,433,104,48204,3,1362,636,"Knox County",470313,85.6876165447266,0.0781503515413737,63.9999319602052,9.35547178155824,92.0663473048799,7.81503515413737
2021-04-04,49214,49,41478,31,7736,18,45420,40,317744,341,363164,381,3,621,-27,493,73,48100,0,1359,634,"Knox County",470313,90.5779767941775,0.0835765455027859,81.0098806539475,10.4185935749171,104.823808825187,8.35765455027859
2021-04-03,49165,81,41447,64,7718,17,45380,71,317403,593,362783,664,0,618,6,520,75,48027,0,1359,633,"Knox County",470313,97.1693319130026,0.0902904998691442,141.182574158061,17.222573052414,110.564666509325,9.02904998691442
2021-04-02,49084,76,41383,45,7701,31,45309,45,316810,530,362119,575,0,618,6,514,70,47952,2,1359,630,"Knox County",470313,95.8935857609719,0.0860998650472335,122.259006236272,16.1594512590551,109.288920357294,8.60998650472335
2021-04-01,49008,75,41338,63,7670,12,45264,67,316280,580,361544,647,1,618,-20,508,94,47882,1,1357,629,"Knox County",470313,101.421819086438,0.0932642487046632,137.56796006064,15.9468269003834,108.013174205263,9.32642487046632
2021-03-31,48933,87,41275,66,7658,21,45197,72,315700,765,360897,837,3,617,-16,528,100,47788,2,1356,629,"Knox County",470313,103.548062673156,0.096849173553719,177.966588208278,18.4983192044447,112.265661378699,9.6849173553719
2021-03-30,48846,57,41209,33,7637,24,45125,38,314935,460,360060,498,1,614,-25,544,81,47688,2,1354,627,"Knox County",470313,99.7208242170639,0.094286446323341,105.886930618546,12.1195884442914,115.667651117447,9.4286446323341
2021-03-29,48789,43,41176,21,7613,22,45087,22,314475,400,359562,422,5,613,-58,569,96,47607,0,1352,626,"Knox County",470313,99.5081998583922,0.088220675944334,89.7274793594904,9.14284742288646,120.983260084242,8.8220675944334
2021-03-28,48746,80,41155,46,7591,34,45065,49,314075,484,359140,533,2,608,13,627,65,47511,5,1352,625,"Knox County",470313,106.099554977217,0.0871647509578544,113.328783172058,17.0099486937423,133.315472887205,8.71647509578544
2021-03-27,48666,42,41109,39,7557,3,45016,42,313591,442,358607,484,0,606,-16,614,58,47446,2,1347,624,"Knox County",470313,97.8072049890179,0.0838338338338338,102.910189597141,8.93022306421468,130.551356224472,8.38338338338338
2021-03-26,48624,79,41070,54,7554,25,44974,60,313149,417,358123,477,0,606,1,630,78,47388,2,1345,622,"Knox County",470313,98.4450780650333,0.0897896357106208,101.421819086438,16.7973243350705,133.95334596322,8.97896357106208
2021-03-25,48545,88,41016,64,7529,24,44914,67,312732,570,357646,637,0,606,7,629,81,47310,4,1343,620,"Knox County",470313,101.209194727766,0.0900205761316872,135.441716473923,18.7109435631165,133.740721604548,9.00205761316873
2021-03-24,48457,123,40952,91,7505,32,44847,95,312162,780,357009,875,1,606,38,622,84,47229,3,1339,619,"Knox County",470313,108.86367163995,0.0950076413652573,186.046313837806,26.1527961166287,132.252351093846,9.50076413652573
2021-03-23,48334,87,40861,57,7473,30,44752,63,311382,531,356134,594,1,605,16,584,70,47145,3,1336,618,"Knox County",470313,115.242402400104,0.0989557434112382,126.298869051036,18.4983192044447,124.172625464318,9.89557434112382
2021-03-22,48247,115,40804,78,7443,37,44689,81,310851,517,355540,598,2,604,31,568,82,47075,1,1333,617,"Knox County",470313,130.551356224472,0.108861362553597,127.149366485723,24.4518012472545,120.77063572557,10.8861362553597
2021-03-21,48132,50,40726,33,7406,17,44608,34,310334,330,354942,364,0,602,4,537,46,46993,1,1332,617,"Knox County",470313,124.172625464318,0.109704641350211,77.3952665565272,10.6312179335889,114.179280606745,10.9704641350211
2021-03-20,48082,59,40693,29,7389,30,44574,33,310004,315,354578,348,0,602,3,533,56,46947,4,1331,616,"Knox County",470313,127.787239561739,0.111225276136656,73.9932768177788,12.5448371616349,113.328783172058,11.1225276136656
2021-03-19,48023,146,40664,102,7359,44,44541,117,309689,956,354230,1073,3,602,51,530,92,46891,3,1327,616,"Knox County",470313,142.033071592748,0.109155713967476,228.145936854818,31.0431563660796,112.690910096042,10.9155713967476
2021-03-18,47877,68,40562,50,7315,18,44424,66,308733,627,353157,693,2,599,-16,479,82,46799,1,1324,615,"Knox County",470313,137.780584419312,0.107590759075908,147.348680559542,14.4584563896809,101.847067803782,10.7590759075908
2021-03-17,47809,46,40512,36,7297,10,44358,41,308106,498,352464,539,1,597,-40,495,85,46717,3,1323,615,"Knox County",470313,121.408508801585,0.103349964362081,114.604529324088,9.7807204989018,105.24905754253,10.3349964362081
2021-03-16,47763,128,40476,84,7287,44,44317,100,307608,699,351925,799,0,596,48,535,80,46632,3,1320,613,"Knox County",470313,130.126107507128,0.106932487539647,169.886862578751,27.2159179099876,113.754031889401,10.6932487539647
2021-03-15,47635,44,40392,28,7243,16,44217,40,306909,290,351126,330,1,596,-65,487,108,46552,1,1317,612,"Knox County",470313,115.029778041432,0.103955619874578,70.1660383616868,9.35547178155824,103.548062673156,10.3955619874578
2021-03-14,47591,60,40364,38,7227,22,44177,46,306619,405,350796,451,0,595,-12,552,72,46444,0,1316,611,"Knox County",470313,117.15602162815,0.104653909756674,95.893585760972,12.7574615203067,117.368645986822,10.4653909756674
2021-03-13,47531,71,40326,34,7205,37,44131,41,306214,623,350345,664,1,595,-10,564,80,46372,1,1316,611,"Knox County",470313,119.707513932211,0.0991426687183996,141.182574158061,15.0963294656962,119.920138290883,9.91426687183997
2021-03-12,47460,63,40292,60,7168,3,44090,67,305591,692,349681,759,0,594,-52,574,115,46292,1,1315,609,"Knox County",470313,102.059692162454,0.0946871310507674,161.38188823188,13.395334596322,122.046381877601,9.46871310507674
2021-03-11,47397,83,40232,56,7165,27,44023,66,304899,627,348922,693,2,594,-22,626,103,46177,0,1314,607,"Knox County",470313,105.24905754253,0.0946871310507674,147.348680559542,17.6478217697576,133.102848528533,9.46871310507674
2021-03-10,47314,95,40176,72,7138,23,43957,82,304272,1001,348229,1083,2,592,26,648,67,46074,1,1314,606,"Knox County",470313,115.667651117447,0.0924879681941829,230.272180441536,20.1993140738189,137.780584419312,9.24879681941829
2021-03-09,47219,80,40104,50,7115,30,43875,55,303271,597,347146,652,0,590,-5,622,85,46007,2,1313,606,"Knox County",470313,105.461681901202,0.0857081174438687,138.631081853999,17.0099486937423,132.252351093846,8.57081174438687
2021-03-08,47139,85,40054,57,7085,28,43820,63,302674,412,346494,475,1,590,-30,627,114,45922,0,1311,601,"Knox County",470313,114.179280606745,0.0879212895122462,100.996570369095,18.0730704871011,133.315472887205,8.79212895122462
2021-03-07,47054,64,39997,40,7057,24,43757,42,302262,327,346019,369,0,589,-5,657,69,45808,0,1311,599,"Knox County",470313,115.029778041432,0.088604898828541,78.4583883498861,13.6079589549938,139.694203647358,8.8604898828541
2021-03-06,46990,125,39957,87,7033,38,43715,95,301935,848,345650,943,0,589,40,662,85,45739,1,1311,599,"Knox County",470313,126.511493409708,0.0944913550462405,200.504770227487,26.5780448339723,140.757325440717,9.44913550462405
2021-03-05,46865,70,39870,44,6995,26,43620,49,301087,521,344707,570,2,589,-19,622,87,45654,2,1310,599,"Knox County",470313,127.99986392041,0.0944618599791014,121.195884442914,14.8837051070245,132.252351093846,9.44618599791014
2021-03-04,46795,112,39826,85,6969,27,43571,100,300566,1094,344137,1194,5,587,-1,641,108,45567,1,1308,597,"Knox County",470313,134.165970321892,0.0919409761634506,253.873484254103,23.8139281712392,136.29221390861,9.19409761634506
2021-03-03,46683,74,39741,33,6942,41,43471,40,299472,497,342943,537,1,582,-49,642,122,45459,4,1307,595,"Knox County",470313,129.700858789785,0.0936708860759494,114.179280606745,15.7342025417116,136.504838267282,9.36708860759494
2021-03-02,46609,133,39708,91,6901,42,43431,99,298975,808,342406,907,-1,581,9,691,125,45337,2,1303,594,"Knox County",470313,140.969949799389,0.0976976976976977,192.850293315303,28.2790397033465,146.923431842199,9.76976976976977
2021-03-01,46476,59,39617,33,6859,26,43332,35,298167,165,341499,200,1,582,-58,682,116,45212,1,1301,589,"Knox County",470313,135.441716473923,0.0974576271186441,42.5248717343556,12.5448371616349,145.009812614153,9.74576271186441
2021-02-28,46417,77,39584,53,6833,24,43297,63,298002,563,341299,626,2,581,-19,740,94,45096,2,1300,589,"Knox County",470313,138.205833136656,0.0966445649989954,133.102848528533,16.3720756177269,157.342025417116,9.66445649989954
2021-02-27,46340,82,39531,47,6809,35,43234,58,297439,671,340673,729,1,579,-33,759,114,45002,3,1298,588,"Knox County",470313,129.062985713769,0.0932185597312618,155.003157471726,17.4351974110858,161.38188823188,9.32185597312618
2021-02-26,46258,107,39484,70,6774,37,43176,80,296768,506,339944,586,5,578,-17,792,119,44888,1,1295,587,"Knox County",470313,136.930086984625,0.0993931784892237,124.597874181662,22.7508063778803,168.398492068048,9.93931784892237
2021-02-25,46151,131,39414,92,6737,39,43096,97,296262,1029,339358,1126,2,573,-7,809,136,44769,5,1294,587,"Knox County",470313,140.969949799389,0.100191042241562,239.415027864422,27.8537909860029,172.013106165469,10.0191042241562
2021-02-24,46020,102,39322,72,6698,30,42999,80,295233,969,338232,1049,2,571,-30,816,130,44633,2,1289,586,"Knox County",470313,146.923431842199,0.0980279532835535,223.042952246695,21.6876845845214,173.501476676171,9.80279532835535
2021-02-23,45918,122,39250,68,6668,54,42919,75,294264,758,337183,833,5,569,-32,846,149,44503,6,1287,585,"Knox County",470313,144.584563896809,0.0947756845989512,177.116090773591,25.9401717579569,179.880207436324,9.47756845989512
2021-02-22,45796,62,39182,33,6614,29,42844,38,293506,307,336350,345,3,564,-110,878,169,44354,3,1281,583,"Knox County",470313,145.222436972824,0.0927465054778995,73.3554037417635,13.1827102376502,186.684186913821,9.27465054778995
2021-02-21,45734,82,39149,41,6585,41,42806,45,293199,499,336005,544,2,561,-31,988,111,44185,3,1278,581,"Knox County",470313,146.285558766183,0.090752110514198,115.667651117447,17.4351974110858,210.072866367717,9.0752110514198
2021-02-20,45652,137,39108,98,6544,39,42761,115,292700,1007,335461,1122,1,559,8,1019,128,44074,2,1275,578,"Knox County",470313,157.979898493131,0.0945584299732382,238.564530429735,29.1295371380336,216.664221486542,9.45584299732382
2021-02-19,45515,95,39010,43,6505,52,42646,48,291693,274,334339,322,1,558,-83,1011,177,43946,2,1273,577,"Knox County",470313,155.42840618907,0.0932409661112151,68.4650434923126,20.1993140738189,214.963226617168,9.32409661112151
2021-02-18,45420,155,38967,111,6453,44,42598,119,291419,988,334017,1107,4,557,-38,1094,189,43769,6,1271,575,"Knox County",470313,160.531390797193,0.0977076287110109,235.375165049658,32.9567755941256,232.611048386925,9.77076287110109
2021-02-17,45265,114,38856,68,6409,46,42479,76,290431,892,332910,968,1,553,-49,1132,162,43580,4,1265,569,"Knox County",470313,163.082883101254,0.0984544934172868,205.820379194281,24.2391768885827,240.690774016453,9.84544934172868
2021-02-16,45151,146,38788,90,6363,56,42403,101,289539,818,331942,919,2,552,-41,1181,185,43418,4,1261,566,"Knox County",470313,168.185867709377,0.101745823165008,195.401785619364,31.0431563660796,251.10936759137,10.1745823165008
2021-02-15,45005,76,38698,36,6307,40,42302,43,288721,312,331023,355,2,550,-140,1222,214,43233,1,1257,566,"Knox County",470313,171.162608730781,0.102492036724752,75.4816473284812,16.1594512590551,259.826966296913,10.2492036724752
2021-02-14,44929,165,38662,135,6267,30,42259,135,288409,706,330668,841,2,548,20,1362,143,43019,5,1256,565,"Knox County",470313,188.810430500539,0.113063542776003,178.817085642965,35.0830191808434,289.594376510962,11.3063542776003
2021-02-13,44764,135,38527,91,6237,44,42124,106,287703,871,329827,977,4,546,-9,1342,140,42876,7,1251,564,"Knox County",470313,188.385181783195,0.11441063946074,207.733998422327,28.7042884206901,285.341889337526,11.441063946074
2021-02-12,44629,179,38436,114,6193,65,42018,124,286832,996,328850,1120,3,542,13,1351,163,42736,3,1244,560,"Knox County",470313,206.245627911625,0.111977095594083,238.139281712392,38.0597602022483,287.255508565572,11.1977095594083
2021-02-11,44450,162,38322,112,6128,50,41894,118,285836,1133,327730,1251,5,539,-34,1338,191,42573,5,1241,559,"Knox County",470313,207.733998422327,0.109314259057689,265.993072698394,34.4451461048281,284.491391902839,10.9314259057689
2021-02-10,44288,148,38210,106,6078,42,41776,112,284703,1032,326479,1144,7,534,-47,1372,188,42382,6,1236,557,"Knox County",470313,214.963226617168,0.111851067050098,243.242266320514,31.4684050834232,291.72062009768,11.1851067050098
2021-02-09,44140,209,38104,154,6036,55,41664,165,283671,1023,325335,1188,0,527,12,1419,197,42194,6,1230,555,"Knox County",470313,228.35856121349,0.116783013379872,252.597738102072,44.4384909624016,301.713964955253,11.6783013379872
2021-02-08,43931,107,37950,72,5981,35,41499,76,282648,371,324147,447,4,527,-159,1407,262,41997,2,1224,550,"Knox County",470313,234.949916332315,0.119977037887486,95.0430883262848,22.7508063778803,299.162472651192,11.9977037887486
2021-02-07,43824,108,37878,75,5946,33,41423,83,282277,716,323700,799,1,523,-28,1566,135,41735,2,1222,547,"Knox County",470313,222.830327888024,0.113196650303205,169.886862578751,22.963430736552,332.969745680005,11.3196650303205
2021-02-06,43716,304,37803,176,5913,128,41340,197,281561,1396,322901,1593,2,522,136,1594,166,41600,6,1220,546,"Knox County",470313,258.763844503554,0.116016971625564,338.710603364143,64.6378050362206,338.923227722814,11.6016971625564
2021-02-05,43412,177,37627,131,5785,46,41143,143,280165,727,321308,870,8,520,-4,1458,173,41434,4,1214,542,"Knox County",470313,258.33859578621,0.12260010970927,184.983192044447,37.6345114849047,310.006314943453,12.260010970927
2021-02-04,43235,199,37496,148,5739,51,41000,161,279438,1582,320438,1743,2,512,0,1462,197,41261,7,1210,539,"Knox County",470313,266.205697057066,0.120375128468654,370.604257164909,42.3122473756839,310.85681237814,12.0375128468654
2021-02-03,43036,230,37348,165,5688,65,40839,172,277856,1634,318695,1806,5,510,-8,1462,233,41064,7,1203,531,"Knox County",470313,283.640894468152,0.118044044518115,383.999591761231,48.903602494509,310.85681237814,11.8044044518115
2021-02-02,42806,91,37183,70,5623,21,40667,77,276222,291,316889,368,7,505,-159,1470,243,40831,1,1196,531,"Knox County",470313,258.551220144882,0.119197482297404,78.2457639912144,19.3488166391318,312.557807247514,11.9197482297404
2021-02-01,42715,153,37113,82,5602,71,40590,97,275931,425,316521,522,4,498,-125,1629,274,40588,2,1195,529,"Knox County",470313,268.331940643784,0.120763537202961,110.989915226668,32.5315268767821,346.365080276327,12.0763537202961
2021-01-31,42562,174,37031,120,5531,54,40493,129,275506,939,315999,1068,7,494,13,1754,154,40314,4,1193,526,"Knox County",470313,282.365148316121,0.122459222082811,227.082815061459,36.9966384088894,372.943125110299,12.2459222082811
2021-01-30,42388,277,36911,233,5477,44,40364,250,274567,1518,314931,1768,7,487,92,1741,178,40160,9,1189,524,"Knox County",470313,276.624290631983,0.126335174953959,375.919866131704,58.8969473520825,370.179008447566,12.6335174953959
2021-01-29,42111,101,36678,52,5433,49,40114,62,273049,376,313163,438,4,480,-140,1649,237,39982,1,1180,518,"Knox County",470313,260.464839372928,0.12290937378452,93.1294690982388,21.4750602258496,350.617567449762,12.290937378452
2021-01-28,42010,157,36626,116,5384,41,40052,129,272673,657,312725,786,9,476,-74,1789,222,39745,5,1179,513,"Knox County",470313,251.534616308714,0.135583185316755,167.122745916018,33.3820243114692,380.384977663811,13.5583185316755
2021-01-27,41853,168,36510,123,5343,45,39923,125,272016,894,311939,1019,12,467,-73,1863,229,39523,2,1174,509,"Knox County",470313,238.351906071063,0.145585525213604,216.664221486542,35.7208922568587,396.119180205523,14.5585525213604
2021-01-26,41685,234,36387,173,5298,61,39798,193,271122,1041,310920,1234,3,455,-26,1936,257,39294,7,1172,505,"Knox County",470313,268.757189361128,0.144111192392099,262.378458600974,49.7540999291961,411.640758388563,14.4111192392099
2021-01-25,41451,157,36214,105,5237,52,39605,115,270081,415,309686,530,9,452,-199,1962,347,39037,1,1165,498,"Knox County",470313,269.607686795815,0.146573140435482,112.690910096042,33.3820243114692,417.168991714029,14.6573140435481
2021-01-24,41294,157,36109,104,5185,53,39490,111,269666,791,309156,902,4,443,-98,2161,251,38690,2,1164,494,"Knox County",470313,265.993072698394,0.147521341920024,191.787171521944,33.3820243114692,459.481239089713,14.7521341920024
2021-01-23,41137,309,36005,222,5132,87,39379,232,268875,1492,308254,1724,7,439,63,2259,239,38439,7,1162,488,"Knox County",470313,272.797052175891,0.145786220413086,366.564394350146,65.7009268295794,480.318426239547,14.5786220413086
2021-01-22,40828,178,35783,143,5045,35,39147,176,267383,1173,306530,1349,3,432,-150,2196,325,38200,7,1155,484,"Knox County",470313,289.169127793618,0.143292682926829,286.830259848229,37.8471358435765,466.923091643225,14.3292682926829
2021-01-21,40650,268,35640,195,5010,73,38971,203,266210,1081,305181,1284,11,429,-125,2346,382,37875,6,1148,476,"Knox County",470313,312.770431606186,0.143620989803531,273.009676534563,56.9833281240365,498.816745443992,14.3620989803531
2021-01-20,40382,192,35445,131,4937,61,38768,131,265129,736,303897,867,10,418,-154,2471,336,37493,8,1142,470,"Knox County",470313,317.873416214308,0.147148288973384,184.345318968432,40.8238768649814,525.394790277964,14.7148288973384
2021-01-19,40190,310,35314,195,4876,115,38637,219,264393,957,303030,1176,8,408,-85,2625,387,37157,14,1134,460,"Knox County",470313,334.032867473363,0.15155771195097,250.046245798011,65.9135511882512,558.138941513418,15.155771195097
2021-01-18,39880,129,35119,80,4761,49,38418,87,263436,472,301854,559,7,400,-364,2710,486,36770,4,1120,457,"Knox County",470313,328.079385430554,0.147436712886401,118.857016497524,27.4285422686594,576.212012000519,14.7436712886401
2021-01-17,39751,181,35039,138,4712,43,38331,151,262964,690,301295,841,3,393,-205,3074,383,36284,8,1116,448,"Knox County",470313,333.182370038676,0.153717948717949,178.817085642965,38.4850089195918,653.607278557046,15.3717948717949
2021-01-16,39570,421,34901,340,4669,81,38180,389,262274,1757,300454,2146,1,390,9,3279,411,35901,7,1108,442,"Knox County",470313,356.996298209916,0.164923376307468,456.291873709636,89.5148550008186,697.195272084761,16.4923376307468
2021-01-15,39149,187,34561,149,4588,38,37791,153,260517,755,298308,908,0,389,-94,3270,281,35490,4,1101,434,"Knox County",470313,358.909917437962,0.171314741035857,193.062917673975,39.7607550716225,695.281652856715,17.1314741035857
2021-01-14,38962,338,34412,267,4550,71,37638,290,259762,1479,297400,1769,6,389,-91,3364,423,35209,7,1097,424,"Knox County",470313,373.793622544986,0.171788047423179,376.132490490376,71.867033231061,715.268342571862,17.1788047423179
2021-01-13,38624,249,34145,201,4479,48,37348,206,258283,946,295631,1152,12,383,-249,3455,486,34786,6,1090,417,"Knox County",470313,385.913210989277,0.174833352824231,244.943261189888,52.9434653092728,734.617159210993,17.4833352824231
2021-01-12,38375,332,33944,261,4431,71,37142,283,257337,1181,294479,1464,10,371,-175,3704,497,34300,6,1084,415,"Knox County",470313,390.590946880056,0.176377418259984,311.282061095483,70.5912870790304,787.560624520266,17.6377418259984
2021-01-11,38043,244,33683,197,4360,47,36859,228,256156,726,293015,954,4,361,-396,3879,636,33803,5,1078,410,"Knox County",470313,415.042748127311,0.184102230885857,202.843638172876,51.8803435159139,824.769887287827,18.4102230885857
2021-01-10,37799,328,33486,205,4313,123,36631,222,255430,1013,292061,1235,5,357,-5,4275,328,33167,17,1073,404,"Knox County",470313,446.298528852062,0.183942667220607,262.591082959646,69.7407896443432,908.969133321852,18.3942667220607
2021-01-09,37471,475,33281,393,4190,82,36409,426,254417,1384,290826,1810,5,352,101,4280,369,32839,12,1056,398,"Knox County",470313,457.780244220338,0.194575979337064,384.850089195918,100.996570369095,910.032255115211,19.4575979337064
2021-01-08,36996,459,32888,371,4108,88,35983,392,253033,1432,289016,1824,7,347,267,4179,185,32470,6,1044,396,"Knox County",470313,515.614069779062,0.200528996865204,387.826830217323,97.5945806303462,888.557194889361,20.0528996865204
2021-01-07,36537,389,32517,346,4020,43,35591,354,251601,1309,287192,1663,10,340,73,3912,306,32285,10,1038,388,"Knox County",470313,526.457912071323,0.208968521084934,353.594308471167,82.7108755233217,831.786491123996,20.8968521084934
2021-01-06,36148,497,32171,363,3977,134,35237,378,250292,1187,285529,1565,9,330,59,3839,429,31979,15,1028,385,"Knox County",470313,579.188753021924,0.217118402282454,332.757121321333,105.674306259874,816.264912940956,21.7118402282454
2021-01-05,35651,520,31808,328,3843,192,34859,345,249105,1193,283964,1538,14,321,32,3780,474,31550,14,1013,376,"Knox County",470313,619.162132452218,0.221456228161299,327.016263637195,110.564666509325,803.720075779322,22.1456228161299
2021-01-04,35131,322,31480,228,3651,94,34514,249,247912,654,282426,903,6,307,-222,3748,538,31076,6,999,370,"Knox County",470313,635.746832428617,0.224520781932055,191.999795880616,68.4650434923126,796.916096301824,22.4520781932055
2021-01-03,34809,285,31252,182,3557,103,34265,195,247258,608,281523,803,2,301,-15,3970,298,30538,10,993,362,"Knox County",470313,626.60398500573,0.231446665347318,170.737360013438,60.5979422214568,844.118703926959,23.1446665347318
2021-01-02,34524,422,31070,319,3454,103,34070,345,246650,1095,280720,1440,0,299,105,3985,317,30240,22,983,353,"Knox County",470313,615.334893996126,0.231922760887428,306.179076487361,89.7274793594904,847.308069307036,23.1922760887428
2021-01-01,34102,419,30751,349,3351,70,33725,374,245555,1297,279280,1671,2,299,2,3880,415,29923,7,961,349,"Knox County",470313,606.829919649255,0.233747260774288,355.295303340541,89.089606283475,824.982511646499,23.3747260774288
2020-12-31,33683,448,30402,311,3281,137,33351,322,244258,929,277609,1251,12,297,0,3878,436,29508,8,954,343,"Knox County",470313,619.37475681089,0.240758913967942,265.993072698394,95.2557126849566,824.557262929156,24.0758913967942
2020-12-30,33235,363,30091,248,3144,115,33029,271,243329,931,276358,1202,6,285,-146,3878,503,29072,9,946,340,"Knox County",470313,590.883092748871,0.238533151680291,255.574479123477,77.1826421978555,824.557262929156,23.8533151680291
2020-12-29,32872,590,29843,398,3029,192,32758,420,242398,1081,275156,1501,7,279,111,4024,472,28569,14,937,336,"Knox County",470313,605.766797855896,0.248090297571543,319.149162366339,125.448371616349,855.600419295235,24.8090297571543
2020-12-28,32282,252,29445,174,2837,78,32338,185,241317,565,273655,750,4,272,-331,3913,579,28097,4,923,328,"Knox County",470313,590.883092748871,0.245068461359944,159.468269003834,53.5813383852881,831.999115482668,24.5068461359944
2020-12-27,32030,230,29271,156,2759,74,32153,172,240752,489,272905,661,3,268,-74,4244,301,27518,8,919,323,"Knox County",470313,579.188753021924,0.246460594620104,140.544701082045,48.903602494509,902.377778203027,24.6460594620104
2020-12-26,31800,358,29115,288,2685,70,31981,328,240263,1064,272244,1392,0,265,59,4318,299,27217,10,911,316,"Knox County",470313,565.58079406693,0.245847176079734,295.973107271115,76.1195204044966,918.111980744738,24.5847176079734
2020-12-25,31442,353,28827,287,2615,66,31653,308,239199,1070,270852,1378,1,265,-101,4259,453,26918,5,901,310,"Knox County",470313,551.547586394592,0.246588813767671,292.99636624971,75.0563986111377,905.567143583103,24.6588813767671
2020-12-24,31089,351,28540,277,2549,74,31345,311,238129,1273,269474,1584,5,264,-111,4360,457,26465,8,896,303,"Knox County",470313,530.92302360343,0.235592820028342,336.796984136097,74.6311498937941,927.042203808953,23.5592820028342
2020-12-23,30738,472,28263,351,2475,121,31034,371,236856,1411,267890,1782,6,259,-14,4471,480,26008,9,888,296,"Knox County",470313,554.099078698654,0.231542882404951,378.896607153109,100.358697293079,950.64350762152,23.1542882404951
2020-12-22,30266,530,27912,392,2354,138,30663,432,235445,1470,266108,1902,7,253,-26,4485,549,25528,15,879,289,"Knox County",470313,541.341617178347,0.222986559424278,404.411530193722,112.690910096042,953.620248642925,22.2986559424278
2020-12-21,29736,442,27520,361,2216,81,30231,391,233975,1423,264206,1814,2,246,-136,4511,576,24979,5,864,283,"Knox County",470313,581.740245325985,0.22001331684581,385.700586630606,93.9799665329259,959.148481968391,22.001331684581
2020-12-20,29294,514,27159,431,2135,83,29840,478,232552,2245,262392,2723,2,244,235,4647,277,24403,7,859,280,"Knox County",470313,642.12556318877,0.208270377733598,578.976128663252,109.288920357294,988.065394747753,20.8270377733598
2020-12-19,28780,525,26728,441,2052,84,29362,489,230307,1445,259669,1934,6,242,252,4412,267,24126,13,852,274,"Knox County",470313,677.633831086957,0.211938705496684,411.215509671219,111.627788302684,938.098670459885,21.1938705496684
2020-12-18,28255,480,26287,420,1968,60,28873,430,228862,1358,257735,1788,4,236,98,4160,378,23859,11,839,267,"Knox County",470313,704.637124638273,0.214533895172618,380.172353305139,102.059692162454,884.517332074597,21.4533895172618
2020-12-17,27775,733,25867,635,1908,98,28443,663,227504,1898,255947,2561,11,232,288,4062,434,23481,11,828,261,"Knox County",470313,785.859629650892,0.224351902923331,544.530982558424,155.853654906413,863.680144924763,22.4351902923332
2020-12-16,27042,564,25232,452,1810,112,27780,472,225606,1729,253386,2201,8,221,99,3774,457,23047,11,817,257,"Knox County",470313,805.421070648696,0.224820746498693,467.986213436584,119.920138290883,802.444329627291,22.4820746498693
2020-12-15,26478,765,24780,675,1698,90,27308,716,223877,2415,251185,3131,2,213,324,3675,439,22590,15,806,253,"Knox County",470313,855.387794936564,0.225297176820208,665.726867001337,162.65763438391,781.394518118785,22.5297176820208
2020-12-14,25713,472,24105,411,1608,61,26592,461,221462,1624,248054,2085,6,211,-12,3351,478,22151,7,791,245,"Knox County",470313,861.766525696717,0.225841807221579,443.321787830657,100.358697293079,712.504225909129,22.5841807221579
2020-12-13,25241,628,23694,572,1547,56,26131,754,219838,2935,245969,3689,2,205,400,3363,226,21673,10,784,237,"Knox County",470313,886.0057025853,0.229167864742078,784.37125914019,133.528097245877,715.05571821319,22.9167864742078
2020-12-12,24613,464,23122,392,1491,72,25377,454,216903,2172,242280,2626,3,203,182,2963,279,21447,19,774,231,"Knox County",470313,873.035616706321,0.218461368287152,558.351565872089,98.6577024237051,630.005974744479,21.8461368287152
2020-12-11,24149,557,22730,523,1419,34,24923,429,214731,1407,239654,1836,6,200,281,2781,270,21168,10,755,227,"Knox County",470313,889.407692324048,0.217827789729163,390.378322521385,118.43176778018,591.308341466215,21.7827789729163
2020-12-10,23592,473,22207,415,1385,58,24494,538,213324,1910,237818,2448,8,194,325,2500,140,20898,9,745,225,"Knox County",470313,834.125359069386,0.212255772646536,520.504430028513,100.571321651751,531.560896679445,21.2255772646536
2020-12-09,23119,407,21792,337,1327,70,23956,359,211414,924,235370,1283,2,186,77,2175,328,20758,13,736,215,"Knox County",470313,800.743334757917,0.217042928997544,272.797052175891,86.5381139794137,462.457980111117,21.7042928997544
2020-12-08,22712,491,21455,446,1257,45,23597,538,210490,2077,234087,2615,9,184,126,2098,356,20430,9,723,212,"Knox County",470313,742.484260481849,0.213062356772404,556.0126979267,104.398560107843,446.085904493391,21.3062356772404
2020-12-07,22221,323,21009,271,1212,52,23059,317,208413,1135,231472,1452,3,175,-128,1972,448,20074,6,714,210,"Knox County",470313,710.803231039754,0.212489811273434,308.730568791422,68.6776678509843,419.295235300747,21.2489811273434
2020-12-06,21898,332,20738,291,1160,41,22742,187,207278,668,230020,855,6,172,103,2100,223,19626,6,708,207,"Knox County",470313,647.866420872908,0.215173465497522,181.79382666437,70.5912870790304,446.511153210734,21.5173465497522
2020-12-05,21566,289,20447,263,1119,26,22555,213,206610,714,229165,927,2,166,55,1997,232,19403,8,702,203,"Knox County",470313,610.657158105347,0.226086194814296,197.102780488738,61.4484396561439,424.610844267541,22.6086194814296
2020-12-04,21277,354,20184,322,1093,32,22342,297,205896,1091,228238,1388,5,164,17,1942,332,19171,11,694,201,"Knox County",470313,567.494413294976,0.223285922684172,295.122609836428,75.2690229698095,412.916504540593,22.3285922684172
2020-12-03,20923,441,19862,424,1061,17,22045,448,204805,1215,226850,1663,2,159,180,1925,259,18839,10,683,196,"Knox County",470313,560.690433817479,0.231660610821958,353.594308471167,93.7673421742542,409.301890443173,23.1660610821958
2020-12-02,20482,192,19438,170,1044,22,21597,185,203590,575,225187,760,2,157,-144,1745,334,18580,7,673,194,"Knox County",470313,514.976196703047,0.226190476190476,161.594512590551,40.8238768649814,371.029505882253,22.6190476190476
2020-12-01,20290,403,19268,380,1022,23,21412,409,203015,1832,224427,2241,5,155,89,1889,309,18246,7,666,189,"Knox County",470313,496.26525313993,0.221408572043937,476.491187783455,85.6876165447266,401.647413530989,22.1408572043937
2020-11-30,19887,385,18888,371,999,14,21003,436,201183,1815,222186,2251,1,150,24,1800,360,17937,3,659,186,"Knox County",470313,509.44796337758,0.215666831928607,478.617431370173,81.8603780886346,382.723845609201,21.5666831928607
2020-11-29,19502,226,18517,218,985,8,20567,261,199368,1465,219935,1726,0,149,41,1776,185,17577,5,656,183,"Knox County",470313,486.909781358372,0.205275648046732,366.989643067489,48.0531050598219,377.620861001078,20.5275648046732
2020-11-28,19276,271,18299,257,977,14,20306,299,197903,1967,218209,2266,0,149,72,1735,199,17392,8,651,177,"Knox County",470313,483.08254290228,0.189914599430663,481.806796750249,57.6212012000519,368.903262295535,18.9914599430663
2020-11-27,19005,235,18042,215,963,20,20007,249,195936,1247,215943,1496,3,149,-6,1663,238,17193,12,643,173,"Knox County",470313,457.780244220338,0.184390873175845,318.08604057298,49.9667242878679,353.594308471167,18.4390873175845
2020-11-26,18770,344,17827,341,943,3,19758,441,194689,1429,214447,1870,4,146,48,1669,292,16955,5,631,170,"Knox County",470313,437.155681429176,0.18080888183981,397.607550716225,73.1427793830917,354.870054623198,18.080888183981
2020-11-25,18426,219,17486,193,940,26,19317,123,193260,325,212577,448,0,142,-58,1621,277,16663,3,626,164,"Knox County",470313,442.896539113314,0.180354529191738,95.2557126849566,46.5647345491194,344.664085406952,18.0354529191738
2020-11-24,18207,153,17293,130,914,23,19194,116,192935,673,212129,789,2,142,-111,1679,262,16386,6,623,162,"Knox County",470313,389.740449445369,0.177484787018256,167.760618992033,32.5315268767821,356.996298209916,17.7484787018256
2020-11-23,18054,167,17163,147,891,20,19078,100,192262,392,211340,492,3,140,-97,1790,261,16124,7,617,160,"Knox County",470313,343.388339254922,0.174865192032574,104.611184466515,35.508267898187,380.597602022483,17.4865192032574
2020-11-22,17887,220,17016,212,871,8,18978,258,191870,1804,210848,2062,2,137,86,1887,132,15863,5,610,153,"Knox County",470313,342.112593102891,0.168311578053698,438.431427581207,46.7773589077912,401.222164813645,16.8311578053698
2020-11-21,17667,173,16804,169,863,4,18720,198,190066,1465,208786,1663,0,135,2,1801,171,15731,4,605,151,"Knox County",470313,321.275405953057,0.168367346938776,353.594308471167,36.7840140502176,382.936469967872,16.8367346938775
2020-11-20,17494,178,16635,169,859,9,18522,163,188601,791,207123,954,7,135,-17,1799,188,15560,5,601,149,"Knox County",470313,309.155817508765,0.16900217443827,202.843638172876,37.8471358435765,382.511221250529,16.900217443827
2020-11-19,17316,166,16466,148,850,18,18359,128,187810,663,206169,791,2,128,-28,1816,192,15372,4,596,145,"Knox County",470313,271.308681665189,0.150854285317405,168.185867709377,35.2956435395152,386.125835347949,15.0854285317405
2020-11-18,17150,168,16318,163,832,5,18231,179,187147,875,205378,1054,0,126,-9,1844,177,15180,7,592,140,"Knox County",470313,260.464839372928,0.146316463805253,224.106074040054,35.7208922568587,392.079317390759,14.6316463805253
2020-11-17,16982,248,16155,240,827,8,18052,260,186272,1033,204324,1293,9,126,86,1853,153,15003,7,585,138,"Knox County",470313,280.664153446747,0.154771934047418,274.923295762609,52.730840950601,393.992936618805,15.4771934047418
2020-11-16,16734,272,15915,261,819,11,17792,286,185239,1409,203031,1695,2,117,79,1767,191,14850,6,578,137,"Knox County",470313,302.989711107284,0.15475189234651,360.398287948664,57.8338255587237,375.707241773032,15.475189234651
2020-11-15,16462,274,15654,247,808,27,17506,295,183830,2278,201336,2573,2,115,162,1688,110,14659,3,572,135,"Knox County",470313,314.47142647556,0.150553726429213,547.082474862485,58.2590742760672,358.909917437962,15.0553726429213
2020-11-14,16188,306,15407,293,781,13,17211,321,181552,1699,198763,2020,0,113,188,1526,118,14549,7,569,131,"Knox County",470313,342.750466178906,0.157225433526012,429.501204516992,65.0630537535641,324.464771333133,15.7225433526012
2020-11-13,15882,219,15114,200,768,19,16890,190,179853,965,196743,1155,4,113,73,1338,142,14431,6,562,128,"Knox County",470313,351.468064884449,0.156790473490218,245.581134265904,46.5647345491194,284.491391902839,15.6790473490218
2020-11-12,15663,143,14914,130,749,13,16700,136,178888,955,195588,1091,1,109,-3,1265,145,14289,3,556,127,"Knox County",470313,346.577704634998,0.153202830622185,231.97317531091,30.4052832900643,268.969813719799,15.3202830622185
2020-11-11,15520,191,14784,177,736,14,16564,191,177933,1229,194497,1420,3,108,23,1268,165,14144,7,553,125,"Knox County",470313,351.468064884449,0.149284253578732,301.926589313925,40.6112525063096,269.607686795815,14.9284253578732
2020-11-10,15329,168,14607,163,722,5,16373,186,176704,1131,193077,1317,2,105,24,1245,142,13979,4,546,123,"Knox County",470313,334.458116190707,0.142400851743412,280.026280370732,35.7208922568587,264.717326546364,14.2400851743412
2020-11-09,15161,135,14444,121,717,14,16187,131,175573,490,191760,621,1,103,-16,1221,150,13837,2,542,121,"Knox County",470313,305.328579052673,0.142198685888006,132.039726735174,28.7042884206901,259.614341938241,14.2198685888006
2020-11-08,15026,215,14323,203,703,12,16056,252,175083,2625,191139,2877,1,102,94,1237,120,13687,3,540,119,"Knox County",470313,292.783741891039,0.133987239310542,611.720279898706,45.7142371144323,263.01633167699,13.3987239310542
2020-11-07,14811,169,14120,161,691,8,15804,187,172458,1918,188262,2105,1,101,59,1143,109,13567,5,537,114,"Knox County",470313,263.654204753005,0.120253164556962,447.574275004093,35.9335166155305,243.029641961842,12.0253164556962
2020-11-06,14642,155,13959,138,683,17,15617,160,170540,1236,186157,1396,0,100,24,1084,131,13458,5,532,114,"Knox County",470313,250.046245798011,0.114805578645978,296.823604705802,32.9567755941256,230.484804800208,11.4805578645978
2020-11-05,14487,158,13821,142,666,16,15457,151,169304,613,184761,764,1,100,34,1060,123,13327,6,527,111,"Knox County",470313,253.235611178088,0.119809523809524,162.445010025239,33.5946486701409,225.381820192085,11.9809523809524
2020-11-04,14329,145,13679,133,650,12,15306,148,168691,934,183997,1082,-1,99,20,1026,126,13204,5,521,110,"Knox County",470313,243.454890679186,0.119563078134226,230.059556082864,30.8305320074078,218.152591997244,11.9563078134226
2020-11-03,14184,196,13546,183,638,13,15158,195,167757,836,182915,1031,3,100,44,1006,149,13078,5,516,108,"Knox County",470313,249.408372721996,0.123936816524909,219.215713790603,41.6743742996685,213.900104823809,12.3936816524909
2020-11-02,13988,116,13363,110,625,6,14963,115,166921,807,181884,922,1,97,-36,962,151,12929,2,511,107,"Knox County",470313,245.368509907232,0.118699027218237,196.039658695379,24.6644256059263,204.544633042251,11.8699027218237
2020-11-01,13872,124,13253,116,619,8,14848,131,166114,1273,180962,1404,0,96,15,998,109,12778,3,509,105,"Knox County",470313,226.0196932681,0.124885110294118,298.524599575177,26.3654204753005,212.199109954435,12.4885110294118
2020-10-31,13748,5,13137,5,611,0,14717,7,164841,4,179558,11,0,96,-99,983,104,12669,0,506,103,"Knox County",470313,191.149298445929,0.137216338880484,2.33886794538956,1.06312179335889,209.009744574358,13.7216338880484
2020-10-30,13743,156,13132,146,611,10,14710,148,164837,853,179547,1001,1,96,27,1082,128,12565,4,506,102,"Knox County",470313,191.3619228046,0.144006436041834,212.83698303045,33.1693999527974,230.059556082864,14.4006436041834
2020-10-29,13587,152,12986,138,601,14,14562,136,163984,1569,178546,1705,0,95,49,1055,103,12437,4,502,102,"Knox County",470313,190.08617665257,0.122973728339855,362.524531535382,32.3189025181103,224.318698398726,12.2973728339855
2020-10-28,13435,103,12848,96,587,7,14426,102,162415,1055,176841,1157,3,95,-47,1006,147,12334,8,498,101,"Knox County",470313,181.155953588355,0.115336744571982,246.006382983247,21.9003089431931,213.900104823809,11.5336744571982
2020-10-27,13332,119,12752,113,580,6,14324,127,161360,799,175684,926,1,92,-6,1053,124,12187,3,490,100,"Knox County",470313,164.783877970628,0.107493685096829,196.890156130067,25.3022986819416,223.893449681382,10.7493685096829
2020-10-26,13213,81,12639,74,574,7,14197,73,160561,372,174758,445,2,91,-72,1059,151,12063,1,487,98,"Knox County",470313,157.342025417116,0.108888554669875,94.6178396089413,17.222573052414,225.169195833413,10.8888554669875
2020-10-25,13132,132,12565,121,567,11,14124,151,160189,1365,174313,1516,0,89,53,1131,79,11912,3,486,98,"Knox County",470313,159.04302028649,0.110042893063156,322.338527746416,28.0664153446747,240.478149657781,11.0042893063156
2020-10-24,13000,172,12444,167,556,5,13973,202,158824,1789,172797,1991,0,89,56,1078,116,11833,5,483,97,"Knox County",470313,194.551288184677,0.107424779773481,423.33509811551,36.5713896915458,229.209058648177,10.7424779773481
2020-10-23,12828,159,12277,148,551,11,13771,172,157035,1239,170806,1411,1,89,40,1022,118,11717,5,478,96,"Knox County",470313,195.189161260692,0.105234400611955,300.012970085879,33.8072730288127,217.302094562557,10.5234400611955
2020-10-22,12669,182,12129,168,540,14,13599,169,155796,1607,169395,1776,1,88,59,982,122,11599,5,473,96,"Knox County",470313,201.567892020846,0.108002602472349,377.620861001078,38.6976332782636,208.797120215686,10.8002602472349
2020-10-21,12487,72,11961,68,526,4,13430,74,154189,682,167619,756,0,87,-32,923,104,11477,1,468,96,"Knox County",470313,194.976536902021,0.109738124929146,160.744015155864,15.308953824368,196.252283054051,10.9738124929146
2020-10-20,12415,127,11893,121,522,6,13356,150,153507,739,166863,889,0,87,13,955,114,11373,7,467,95,"Knox County",470313,196.677531771395,0.112818761384335,189.023054859211,27.0032935513158,203.056262531548,11.2818761384335
2020-10-19,12288,112,11772,107,516,5,13206,117,152768,939,165974,1056,1,87,-9,942,120,11259,6,460,94,"Knox County",470313,203.26888689022,0.110164981373071,224.531322757398,23.8139281712392,200.292145868815,11.0164981373071
2020-10-18,12176,140,11665,135,511,5,13089,168,151829,1431,164918,1599,0,86,51,951,89,11139,7,454,94,"Knox County",470313,204.969881759594,0.11099388056552,339.986349516173,29.7674102140489,202.205765096861,11.099388056552
2020-10-17,12036,128,11530,125,506,3,12921,154,150398,1458,163319,1612,1,86,42,900,85,11050,3,447,93,"Knox County",470313,195.614409978036,0.110341795801736,342.750466178906,27.2159179099876,191.3619228046,11.0341795801736
2020-10-16,11908,72,11405,71,503,1,12767,61,148940,390,161707,451,1,85,-26,858,97,10965,3,444,92,"Knox County",470313,177.116090773591,0.109718638653397,95.893585760972,15.308953824368,182.431699740386,10.9718638653397
2020-10-15,11836,74,11334,62,502,12,12706,66,148550,941,161256,1007,1,84,-56,884,129,10868,3,441,90,"Knox County",470313,154.152660037039,0.10719131614654,214.112729182481,15.7342025417116,187.959933065852,10.719131614654
2020-10-14,11762,149,11272,143,490,6,12640,150,147609,1086,160249,1236,0,83,58,940,91,10739,5,438,88,"Knox County",470313,170.524735654766,0.11031847133758,262.803707318318,31.6810294420949,199.866897151471,11.031847133758
2020-10-13,11613,71,11129,68,484,3,12490,63,146523,581,159013,644,1,83,-36,882,106,10648,6,433,88,"Knox County",470313,158.617771569146,0.102432610124918,136.930086984625,15.0963294656962,187.534684348508,10.2432610124918
2020-10-12,11542,79,11061,66,481,13,12427,87,145942,806,158369,893,0,82,-42,918,121,10542,5,427,87,"Knox County",470313,151.601167732978,0.100644987906477,189.873552293898,16.7973243350705,195.189161260692,10.0644987906477
2020-10-11,11463,170,10995,163,468,7,12340,179,145136,1612,157476,1791,0,82,94,960,76,10421,8,422,85,"Knox County",470313,157.979898493131,0.0995546240503013,380.810226381155,36.1461409742023,204.119384324907,9.95546240503013
2020-10-10,11293,130,10832,122,461,8,12161,132,143524,1393,155685,1525,0,82,46,866,84,10345,3,414,85,"Knox County",470313,158.405147210475,0.0977872002120048,324.252146974462,27.6411666273312,184.13269460976,9.77872002120048
2020-10-09,11163,120,10710,118,453,2,12029,134,142131,1336,154160,1470,0,82,34,820,86,10261,3,411,85,"Knox County",470313,168.61111642672,0.0946766285314032,312.557807247514,25.5149230406134,174.351974110858,9.46766285314032
2020-10-08,11043,110,10592,102,451,8,11895,103,140795,943,152690,1046,1,82,32,786,77,10175,4,408,85,"Knox County",470313,176.265593338904,0.0985473561882626,222.40507917068,23.3886794538956,167.122745916018,9.85473561882626
2020-10-07,10933,104,10490,88,443,16,11792,95,139852,1650,151644,1745,0,81,11,754,93,10098,5,404,85,"Knox County",470313,166.697497198674,0.087008997147246,371.029505882253,22.1129333018649,160.318766438521,8.7008997147246
2020-10-06,10829,115,10402,102,427,13,11697,114,138202,1393,149899,1507,0,81,3,743,112,10005,4,399,84,"Knox County",470313,176.052968980232,0.0845945675052621,320.42490851837,24.4518012472545,157.979898493131,8.45945675052621
2020-10-05,10714,118,10300,109,414,9,11583,123,136809,1238,148392,1361,0,81,11,740,107,9893,5,395,84,"Knox County",470313,184.345318968432,0.0842508377213978,289.38175215229,25.0896743232698,157.342025417116,8.42508377213978
2020-10-04,10596,96,10191,89,405,7,11460,99,135571,1827,147031,1926,1,81,31,729,64,9786,2,390,82,"Knox County",470313,168.61111642672,0.0756143667296786,409.514514801845,20.4119384324907,155.003157471726,7.56143667296786
2020-10-03,10500,77,10102,76,398,1,11361,92,133744,1864,145105,1956,0,80,6,698,71,9722,2,388,82,"Knox County",470313,157.342025417116,0.0690218872037054,415.893245561998,16.3720756177269,148.411802352901,6.90218872037054
2020-10-02,10423,82,10026,79,397,3,11269,82,131880,602,143149,684,0,80,-17,692,99,9651,1,386,82,"Knox County",470313,149.262299787588,0.0692420537897311,145.435061331496,17.4351974110858,147.13605620087,6.92420537897311
2020-10-01,10341,71,9947,68,394,3,11187,73,131278,683,142465,756,0,80,2,709,69,9552,1,385,82,"Knox County",470313,140.969949799389,0.0682435832913941,160.744015155864,15.0963294656962,150.750670298291,6.82435832913941
2020-09-30,10270,75,9879,72,391,3,11114,70,130595,675,141709,745,1,80,-32,707,106,9483,2,384,82,"Knox County",470313,134.803843397907,0.0730833799664242,158.405147210475,15.9468269003834,150.325421580947,7.30833799664242
2020-09-29,10195,80,9807,75,388,5,11044,87,129920,1140,140964,1227,-1,79,-16,739,97,9377,2,382,82,"Knox County",470313,127.361990844395,0.0723281340265742,260.890088090272,17.0099486937423,157.129401058444,7.23281340265742
2020-09-28,10115,57,9732,51,383,6,10957,49,128780,431,139737,480,1,80,-70,755,126,9280,3,380,81,"Knox County",470313,114.391904965417,0.0710059171597633,102.059692162454,12.1195884442914,160.531390797193,7.10059171597633
2020-09-27,10058,72,9681,67,377,5,10908,79,128349,978,139257,1057,0,79,-18,825,90,9154,3,377,79,"Knox County",470313,109.288920357294,0.0770456191165822,224.74394711607,15.308953824368,175.415095904217,7.70456191165822
2020-09-26,9986,127,9614,122,372,5,10829,136,127371,2087,138200,2223,4,79,9,843,114,9064,5,374,79,"Knox County",470313,119.920138290883,0.0803123257110987,472.663949327363,27.0032935513158,179.242334360309,8.03123257110987
2020-09-25,9859,102,9492,100,367,2,10693,103,125284,1439,135977,1542,0,75,-3,834,105,8950,1,369,79,"Knox County",470313,124.172625464318,0.074346201743462,327.866761071882,21.6876845845214,177.328715132263,7.4346201743462
2020-09-24,9757,92,9392,89,365,3,10590,105,123845,1717,134435,1822,0,75,-52,837,144,8845,3,368,76,"Knox County",470313,128.637736996426,0.0691512752858399,387.40158149998,19.5614409978036,177.966588208278,6.91512752858399
2020-09-23,9665,53,9303,52,362,1,10485,49,122128,432,132613,481,2,75,-123,889,174,8701,2,365,76,"Knox County",470313,123.960001105647,0.0688405797101449,102.272316521125,11.2690910096042,189.023054859211,6.88405797101449
2020-09-22,9612,82,9251,75,361,7,10436,88,121696,1140,132132,1228,1,73,-53,1012,134,8527,3,363,76,"Knox County",470313,124.38524982299,0.0689459979621873,261.102712448944,17.4351974110858,215.175850975839,6.89459979621873
2020-09-21,9530,34,9176,30,354,4,10348,32,120556,379,130904,411,0,72,-103,1065,137,8393,2,360,76,"Knox County",470313,119.494889573539,0.0675490643541762,87.3886114141008,7.22922819484046,226.444941985444,6.75490643541762
2020-09-20,9496,97,9146,78,350,19,10316,88,120177,707,130493,795,0,72,-17,1168,114,8256,1,358,76,"Knox County",470313,124.810498540334,0.0706892495883322,169.036365144064,20.6245627911625,248.345250928637,7.06892495883322
2020-09-19,9399,132,9068,129,331,3,10228,136,119470,1466,129698,1602,1,72,31,1185,100,8142,5,357,74,"Knox County",470313,125.873620333693,0.0762593579494988,340.624222592189,28.0664153446747,251.959865026057,7.62593579494988
2020-09-18,9267,118,8939,114,328,4,10092,129,118004,1606,128096,1735,3,71,-16,1154,131,8042,3,352,74,"Knox County",470313,129.275610072441,0.0776566757493188,368.903262295535,25.0896743232698,245.368509907232,7.76566757493188
2020-09-17,9149,126,8825,119,324,7,9963,124,116398,1516,126361,1640,0,68,-15,1170,141,7911,6,349,74,"Knox County",470313,136.504838267282,0.0818550430816016,348.703948221716,26.790669192644,248.77049964598,8.18550430816016
2020-09-16,9023,99,8706,77,317,22,9839,117,114882,768,124721,885,1,68,-90,1185,188,7770,3,343,72,"Knox County",470313,146.285558766183,0.0860655737704918,188.172557424524,21.049811508506,251.959865026057,8.60655737704918
2020-09-15,8924,132,8629,126,295,6,9722,136,114114,1338,123836,1474,0,67,-65,1275,197,7582,3,340,71,"Knox County",470313,156.916776699772,0.089206274877078,313.408304682201,28.0664153446747,271.096057306517,8.9206274877078
2020-09-14,8792,127,8503,124,289,3,9586,136,112776,902,122362,1038,0,67,-68,1340,195,7385,5,337,71,"Knox County",470313,176.690842056248,0.0944486857890719,220.704084301306,27.0032935513158,284.916640620183,9.44486857890719
2020-09-13,8665,143,8379,136,286,7,9450,148,111874,1008,121324,1156,0,67,-8,1408,151,7190,0,332,71,"Knox County",470313,186.471562555149,0.0971668415529906,245.793758624576,30.4052832900643,299.375097009864,9.71668415529906
2020-09-12,8522,130,8243,123,279,7,9302,141,110866,1177,120168,1318,1,67,29,1416,100,7039,1,332,71,"Knox County",470313,186.046313837806,0.100692191217824,280.238904729404,27.6411666273312,301.076091879238,10.0692191217824
2020-09-11,8392,104,8120,95,272,9,9161,106,109689,773,118850,879,0,66,-17,1387,121,6939,5,331,69,"Knox County",470313,183.069572816401,0.108224076281287,186.896811272493,22.1129333018649,294.909985477756,10.8224076281287
2020-09-10,8288,192,8025,189,263,3,9055,192,108916,1501,117971,1693,0,66,89,1404,103,6818,5,326,67,"Knox County",470313,197.102780488738,0.115598720833827,359.97303923132,40.8238768649814,298.524599575177,11.5598720833827
2020-09-09,8096,91,7836,82,260,9,8863,93,107415,1710,116278,1803,0,66,-23,1315,114,6715,2,321,67,"Knox County",470313,195.401785619364,0.101698536481145,383.361718685216,19.3488166391318,279.601031653388,10.1698536481145
2020-09-08,8005,126,7754,124,251,2,8770,133,105705,702,114475,835,1,66,30,1338,95,6601,8,319,67,"Knox County",470313,194.126039467333,0.108805319880761,177.541339490935,26.790669192644,284.491391902839,10.8805319880761
2020-09-07,7879,95,7630,92,249,3,8637,98,105003,347,113640,445,1,65,11,1308,83,6506,0,311,67,"Knox County",470313,187.322059989837,0.112067905031369,94.6178396089413,20.1993140738189,278.112661142686,11.2067905031369
2020-09-06,7784,96,7538,92,246,4,8539,94,104656,476,113195,570,0,64,23,1297,73,6423,1,311,67,"Knox County",470313,177.328715132263,0.113615272438022,121.195884442914,20.4119384324907,275.773793197296,11.3615272438022
2020-09-05,7688,284,7446,282,242,2,8445,295,104180,1506,112625,1801,0,64,215,1274,69,6350,4,310,64,"Knox County",470313,210.072866367717,0.125965611761774,382.936469967872,60.385317862785,270.883432947845,12.5965611761774
2020-09-04,7404,93,7164,89,240,4,8150,97,102674,565,110824,662,1,64,16,1059,76,6281,0,306,64,"Knox County",470313,207.733998422327,0.12831348444103,140.757325440717,19.7740653564754,225.169195833413,12.831348444103
2020-09-03,7311,190,7075,184,236,6,8053,198,102109,1798,110162,1996,2,63,107,1043,81,6205,6,306,64,"Knox County",470313,207.308749704984,0.124260355029586,424.398219908869,40.3986281476379,221.767206094665,12.4260355029586
2020-09-02,7121,124,6891,120,230,4,7855,121,100311,1461,108166,1582,2,61,40,936,82,6124,5,300,63,"Knox County",470313,214.325353541152,0.131288810036751,336.371735418753,26.3654204753005,199.016399716784,13.1288810036751
2020-09-01,6997,153,6771,146,226,7,7734,158,98850,660,106584,818,2,59,64,896,87,6042,4,295,62,"Knox County",470313,220.06621122529,0.134747269494539,173.926725393515,32.5315268767821,190.511425369913,13.4747269494539
2020-08-31,6844,99,6625,93,219,6,7576,94,98190,431,105766,525,0,57,18,832,81,5955,3,291,59,"Knox County",470313,220.916708659978,0.132889112396279,111.627788302684,21.049811508506,176.903466414919,13.2889112396279
2020-08-30,6745,72,6532,71,213,1,7482,76,97759,423,105241,499,1,57,5,814,66,5874,1,288,59,"Knox County",470313,215.813724051855,0.131802613218318,106.099554977217,15.308953824368,173.076227958827,13.1802613218318
2020-08-29,6673,118,6461,113,212,5,7406,125,97336,1391,104742,1516,5,56,37,809,76,5808,3,287,57,"Knox County",470313,180.51808051234,0.114372203211371,322.338527746416,25.0896743232698,172.013106165469,11.4372203211371
2020-08-28,6555,89,6348,85,207,4,7281,91,95945,309,103226,400,0,51,-7,772,96,5732,3,284,57,"Knox County",470313,179.667583077653,0.117639040348964,85.0497434687113,18.9235679217883,164.146004894613,11.7639040348964
2020-08-27,6466,116,6263,112,203,4,7190,134,95636,1987,102826,2121,0,51,24,779,92,5636,2,281,57,"Knox County",470313,163.933380535941,0.107090202385739,450.976264742841,24.6644256059263,165.634375405315,10.7090202385739
2020-08-26,6350,77,6151,76,199,1,7056,86,93649,794,100705,880,0,51,-15,755,92,5544,3,279,56,"Knox County",470313,153.940035678367,0.113034472555112,187.109435631165,16.3720756177269,160.531390797193,11.3034472555112
2020-08-25,6273,87,6075,82,198,5,6970,96,92855,896,99825,992,2,51,-6,770,91,5452,3,276,55,"Knox County",470313,139.90682800603,0.101254868022501,210.923363802404,18.4983192044447,163.720756177269,10.1254868022501
2020-08-24,6186,32,5993,28,193,4,6874,29,91959,261,98833,290,0,49,-66,776,98,5361,1,273,55,"Knox County",470313,125.660995975021,0.0951030158256196,61.6610640148157,6.8039794774969,164.9965023293,9.51030158256196
2020-08-23,6154,76,5965,75,189,1,6845,74,91698,566,98543,640,0,49,13,842,63,5263,3,272,55,"Knox County",470313,126.511493409708,0.0928498318467612,136.079589549938,16.1594512590551,179.029710001637,9.28498318467612
2020-08-22,6078,137,5890,136,188,1,6771,154,91132,1892,97903,2046,0,49,70,829,67,5200,4,269,55,"Knox County",470313,130.551356224472,0.0901072058623965,435.029437842458,29.1295371380336,176.265593338904,9.01072058623965
2020-08-21,5941,30,5754,30,187,0,6617,41,89240,262,95857,303,1,49,-62,759,91,5133,1,265,55,"Knox County",470313,118.006519062837,0.0844334433443344,64.4251806775488,6.37873076015334,161.38188823188,8.44334433443344
2020-08-20,5911,119,5724,117,187,2,6576,130,88978,2068,95554,2198,3,48,24,821,92,5042,3,264,55,"Knox County",470313,118.644392138852,0.0830044904068581,467.348340360568,25.3022986819416,174.56459846953,8.30044904068581
2020-08-19,5792,46,5607,41,185,5,6446,48,86910,608,93356,656,2,45,-50,797,94,4950,4,261,55,"Knox County",470313,112.053037020027,0.080280701754386,139.481579288686,9.7807204989018,169.461613861407,8.0280701754386
2020-08-18,5746,134,5566,132,180,2,6398,152,86302,1164,92700,1316,0,43,3,847,131,4856,4,257,55,"Knox County",470313,122.046381877601,0.0843066183380319,279.81365601206,28.4916640620183,180.092831794996,8.43066183380319
2020-08-17,5612,50,5434,42,178,8,6246,50,85138,289,91384,339,1,43,-70,844,119,4725,0,253,54,"Knox County",470313,125.873620333693,0.0865564150440117,72.0796575897328,10.6312179335889,179.454958718981,8.65564150440117
2020-08-16,5562,83,5392,78,170,5,6196,82,84849,587,91045,669,0,42,11,914,72,4606,1,253,53,"Knox County",470313,127.361990844395,0.0872857712235951,142.24569595142,17.6478217697576,194.338663826005,8.72857712235951
2020-08-15,5479,119,5314,116,165,3,6114,132,84262,1223,90376,1355,1,42,42,903,76,4534,2,252,52,"Knox County",470313,123.534752388303,0.0928905792861322,288.106006000259,25.3022986819416,191.999795880616,9.28905792861323
2020-08-14,5360,91,5198,83,162,8,5982,96,83039,1024,89021,1120,0,41,5,861,86,4458,2,250,52,"Knox County",470313,136.504838267282,0.0901607212857703,238.139281712392,19.3488166391318,183.069572816401,9.01607212857703
2020-08-13,5269,127,5115,126,154,1,5886,229,82015,1778,87901,2007,1,41,13,856,113,4372,4,248,51,"Knox County",470313,138.205833136656,0.105735727686947,426.737087854259,27.0032935513158,182.006451023042,10.5735727686947
2020-08-12,5142,79,4989,72,153,7,5657,88,80237,892,85894,980,0,40,-40,843,119,4259,1,244,50,"Knox County",470313,145.222436972824,0.106473156948369,208.371871498343,16.7973243350705,179.242334360309,10.6473156948369
2020-08-11,5063,111,4917,108,146,3,5569,117,79345,1121,84914,1238,0,40,2,883,109,4140,5,243,50,"Knox County",470313,140.332076723374,0.103009859885833,263.228956035661,23.6013038125674,187.74730870718,10.3009859885833
2020-08-10,4952,37,4809,35,143,2,5452,35,78224,365,83676,400,1,40,-94,881,130,4031,0,238,48,"Knox County",470313,137.56796006064,0.100270305058566,85.0497434687113,7.86710127085579,187.322059989837,10.0270305058566
2020-08-09,4915,85,4774,81,141,4,5417,109,77859,826,83276,935,1,39,25,975,59,3901,4,238,48,"Knox County",470313,137.993208777984,0.10031113876789,198.803775358113,18.0730704871011,207.308749704984,10.031113876789
2020-08-08,4830,157,4693,156,137,1,5308,176,77033,2284,82341,2460,1,38,96,950,60,3842,4,234,47,"Knox County",470313,146.072934407512,0.0929978118161926,523.055922332574,33.3820243114692,201.993140738189,9.29978118161926
2020-08-07,4673,50,4537,46,136,4,5132,44,74749,403,79881,447,0,37,-35,854,85,3782,0,230,45,"Knox County",470313,137.355335701969,0.0942482579426007,95.0430883262848,10.6312179335889,181.581202305699,9.42482579426007
2020-08-06,4623,113,4491,105,132,8,5088,121,74346,1463,79434,1584,-1,37,41,889,73,3697,5,230,43,"Knox County",470313,134.378594680564,0.0857782197911487,336.796984136097,24.0265525299109,189.023054859211,8.57782197911487
2020-08-05,4510,99,4386,99,124,0,4967,100,72883,1107,77850,1207,1,38,-1,848,99,3624,3,225,42,"Knox County",470313,138.631081853999,0.0848748639825898,256.637600916836,21.049811508506,180.305456153668,8.48748639825898
2020-08-04,4411,112,4287,111,124,1,4867,106,71776,1082,76643,1188,1,37,-31,849,142,3525,9,222,41,"Knox County",470313,138.843706212671,0.0840530349105948,252.597738102072,23.8139281712392,180.51808051234,8.40530349105948
2020-08-03,4299,50,4176,50,123,0,4761,81,70694,593,75455,674,2,36,-59,880,107,3383,1,213,41,"Knox County",470313,141.607822875404,0.0867569158328429,143.308817744778,10.6312179335889,187.109435631165,8.67569158328429
2020-08-02,4249,97,4126,91,123,6,4680,95,70101,692,74781,787,3,34,28,939,66,3276,2,212,40,"Knox County",470313,144.159315179466,0.0866179465676291,167.335370274689,20.6245627911625,199.6542727928,8.66179465676291
2020-08-01,4152,118,4035,110,117,8,4585,118,69409,1417,73994,1535,1,31,29,911,88,3210,1,210,40,"Knox County",470313,135.866965191266,0.0895984909727836,326.37839056118,25.0896743232698,193.70079074999,8.95984909727836
2020-07-31,4034,117,3925,114,109,3,4467,116,67992,1060,72459,1176,2,30,9,882,106,3122,1,209,39,"Knox County",470313,150.112797222275,0.0904183535762483,250.046245798011,24.877049964598,187.534684348508,9.04183535762483
2020-07-30,3917,189,3811,186,106,3,4351,227,66932,2420,71283,2647,1,28,78,873,110,3016,7,208,36,"Knox County",470313,166.272248481331,0.0914912090297374,562.816677404197,40.1860037889661,185.621065120462,9.14912090297373
2020-07-29,3728,75,3625,71,103,4,4124,60,64512,438,68636,498,0,27,-40,795,115,2906,3,201,34,"Knox County",470313,161.169263873208,0.0944150499706055,105.886930618546,15.9468269003834,169.036365144064,9.44150499706055
2020-07-28,3653,154,3554,152,99,2,4064,186,64074,1211,68138,1397,1,27,46,835,107,2791,3,198,30,"Knox County",470313,170.099486937423,0.101331191186596,297.036229064474,32.7441512354538,177.541339490935,10.1331191186596
2020-07-27,3499,83,3402,76,97,7,3878,85,62863,677,66741,762,3,26,-36,789,116,2684,2,195,30,"Knox County",470313,177.116090773591,0.100772551692797,162.019761307895,17.6478217697576,167.760618992033,10.0772551692797
2020-07-26,3416,118,3326,113,90,5,3793,132,62186,1473,65979,1605,0,23,49,825,69,2568,2,193,29,"Knox County",470313,181.581202305699,0.0960498960498961,341.262095668204,25.0896743232698,175.415095904217,9.6049896049896
2020-07-25,3298,175,3213,172,85,3,3661,197,60713,1949,64374,2146,2,23,95,776,78,2499,3,191,28,"Knox County",470313,193.70079074999,0.0980353826605415,456.291873709636,37.2092627675612,164.9965023293,9.80353826605415
2020-07-24,3123,106,3041,99,82,7,3464,113,58764,916,62228,1029,0,21,-15,681,121,2421,4,188,25,"Knox County",470313,191.3619228046,0.0991669972233241,218.79046507326,22.5381820192085,144.797188255481,9.91669972233241
2020-07-23,3017,205,2942,197,75,8,3351,254,57848,2389,61199,2643,0,21,89,696,116,2300,4,184,25,"Knox County",470313,194.763912543349,0.101884920634921,561.96617996951,43.5879935277145,147.986553635558,10.1884920634921
2020-07-22,2812,69,2745,61,67,8,3097,63,55459,437,58556,500,3,21,-68,607,134,2184,3,180,24,"Knox County",470313,193.488166391318,0.102162269390994,106.312179335889,14.6710807483527,129.062985713769,10.2162269390994
2020-07-21,2743,232,2684,228,59,4,3034,280,55022,1691,58056,1971,0,18,120,675,112,2050,12,177,24,"Knox County",470313,210.072866367717,0.10548048048048,419.082610942075,49.3288512118525,143.52144210345,10.548048048048
2020-07-20,2511,74,2456,70,55,4,2754,57,53331,364,56085,421,0,18,-59,555,133,1938,4,165,23,"Knox County",470313,208.159247139671,0.106253029568589,89.5148550008186,15.7342025417116,118.006519062837,10.6253029568589
2020-07-19,2437,84,2386,74,51,10,2697,74,52967,577,55664,651,0,18,-16,614,100,1805,0,161,22,"Knox County",470313,200.93001894483,0.110885589146459,138.418457495328,17.8604461284294,130.551356224472,11.0885589146459
2020-07-18,2353,112,2312,109,41,3,2623,146,52390,2258,55013,2404,1,18,36,630,75,1705,8,161,20,"Knox County",470313,187.534684348508,0.102609418858509,511.148958246955,23.8139281712392,133.95334596322,10.2609418858509
2020-07-17,2241,74,2203,74,38,0,2477,80,50132,347,52609,427,0,17,3,594,71,1630,6,153,19,"Knox County",470313,180.730704871011,0.105800155262282,90.7906011528493,15.7342025417116,126.298869051036,10.5800155262282
2020-07-16,2167,187,2129,185,38,2,2397,228,49785,2035,52182,2263,2,17,97,591,88,1559,3,147,17,"Knox County",470313,176.903466414919,0.107444714599977,481.168923674234,39.7607550716225,125.660995975021,10.7444714599977
2020-07-15,1980,78,1944,78,36,0,2169,80,47750,511,49919,591,3,15,-14,494,89,1471,4,144,17,"Knox County",470313,178.817085642965,0.10827222731439,125.660995975021,16.5846999763987,105.036433183858,10.827222731439
2020-07-14,1902,95,1866,95,36,0,2089,127,47239,777,49328,904,2,12,12,508,81,1382,1,140,16,"Knox County",470313,149.687548504932,0.103380759691946,192.212420239287,20.1993140738189,108.013174205263,10.3380759691946
2020-07-13,1807,94,1771,92,36,2,1962,59,46462,655,48424,714,1,10,20,496,73,1301,2,139,15,"Knox County",470313,153.940035678367,0.099823987930601,151.81379209165,19.9866897151471,105.461681901202,9.9823987930601
2020-07-12,1713,69,1679,67,34,2,1903,87,45807,916,47710,1003,0,9,27,476,42,1228,4,137,12,"Knox County",470313,150.750670298291,0.097158680471948,213.262231747793,14.6710807483527,101.209194727766,9.7158680471948
2020-07-11,1644,28,1612,27,32,1,1816,36,44891,883,46707,919,0,9,-16,449,44,1186,2,133,11,"Knox County",470313,132.890224169861,0.10218443043542,195.401785619364,5.95348204280979,95.4683370436284,10.218443043542
2020-07-10,1616,78,1585,74,31,4,1780,68,44008,418,45788,486,0,9,29,465,49,1142,6,131,10,"Knox County",470313,133.740721604548,0.0995639534883721,103.335438314484,16.5846999763987,98.8703267823768,9.95639534883721
2020-07-09,1538,70,1511,66,27,4,1712,88,43590,1652,45302,1740,0,9,23,436,47,1093,8,125,10,"Knox County",470313,108.86367163995,0.0857322636463741,369.966384088894,14.8837051070245,92.7042203808953,8.57322636463741
2020-07-08,1468,70,1445,65,23,5,1624,63,41938,594,43562,657,1,9,15,413,54,1046,5,117,10,"Knox County",470313,107.162676770576,0.0822045773003269,139.694203647358,14.8837051070245,87.8138601314444,8.2204577300327
2020-07-07,1398,79,1380,79,18,0,1561,104,41344,1305,42905,1409,0,8,38,398,41,992,7,112,10,"Knox County",470313,103.760687031828,0.0728926096997691,299.587721368535,16.7973243350705,84.6244947513677,7.28926096997691
2020-07-06,1319,35,1301,35,18,0,1457,34,40039,658,41496,692,1,8,-19,360,53,951,6,105,9,"Knox County",470313,91.2158498701928,0.0695047784535187,147.13605620087,7.44185255351224,76.5447691218401,6.95047784535187
2020-07-05,1284,77,1266,77,18,0,1423,109,39381,1081,40804,1190,2,7,34,379,41,898,6,99,9,"Knox County",470313,92.9168447395671,0.0707740025377132,253.022986819416,16.3720756177269,80.5846319366039,7.07740025377132
2020-07-04,1207,41,1189,40,18,1,1314,50,38300,1141,39614,1191,0,5,4,345,37,857,1,93,8,"Knox County",470313,95.6809614023002,0.070061099796334,253.235611178088,8.7175987055429,73.3554037417635,7.0061099796334
2020-07-03,1166,62,1149,61,17,1,1264,49,37159,910,38423,959,0,5,27,341,35,820,4,92,6,"Knox County",470313,92.2789716635517,0.0634090329165603,203.906759966235,13.1827102376502,72.5049063070764,6.34090329165603
2020-07-02,1104,68,1088,68,16,0,1215,102,36249,1228,37464,1330,0,5,33,314,35,785,2,88,6,"Knox County",470313,91.8537229462082,0.0687937533656435,282.790397033465,14.4584563896809,66.7640486229383,6.87937533656435
2020-07-01,1036,49,1020,49,16,0,1113,34,35021,737,36134,771,0,5,25,281,24,750,4,86,6,"Knox County",470313,87.3886114141008,0.0639087775125961,163.933380535941,10.4185935749171,59.7474447867697,6.39087775125961
2020-06-30,987,40,971,39,16,1,1079,73,34284,1514,35363,1587,0,5,18,256,22,726,3,82,5,"Knox County",470313,79.0962614259015,0.058419689119171,337.434857212112,8.50497434687113,54.4318358199752,5.8419689119171
2020-06-29,947,51,932,51,15,0,1006,79,32770,1333,33776,1412,0,5,20,238,31,704,3,79,5,"Knox County",470313,82.4982511646499,0.0587677725118483,300.225594444551,10.8438422922607,50.6045973638832,5.87677725118483
2020-06-28,896,10,881,10,15,0,927,30,31437,684,32364,714,0,5,-5,218,15,673,1,76,5,"Knox County",470313,68.2524191336408,0.0523606228026118,151.81379209165,2.12624358671778,46.3521101904476,5.23606228026117
2020-06-27,886,29,871,29,15,0,897,16,30753,111,31650,127,0,5,18,223,11,658,3,75,5,"Knox County",470313,65.7009268295794,0.0555072463768116,27.0032935513158,6.16610640148157,47.4152319838065,5.55072463768116
2020-06-26,857,37,842,37,15,0,881,14,30642,319,31523,333,0,5,17,205,20,647,8,72,5,"Knox County",470313,60.385317862785,0.0554670066942939,70.8039114377021,7.86710127085579,43.5879935277145,5.54670066942939
2020-06-25,820,32,805,32,15,0,867,52,30323,702,31190,754,0,5,13,188,19,627,1,64,5,"Knox County",470313,52.730840950601,0.0522990522990523,160.318766438521,6.8039794774969,39.9733794302943,5.22990522990523
2020-06-24,788,35,773,34,15,1,815,32,29621,272,30436,304,0,5,22,175,13,608,1,63,5,"Knox County",470313,49.7540999291961,0.0565857388644619,64.6378050362206,7.44185255351224,37.2092627675612,5.65857388644619
2020-06-23,753,27,739,24,14,3,783,25,29349,216,30132,241,0,5,18,153,9,595,4,62,5,"Knox County",470313,46.989983266463,0.0638352638352638,51.2424704398985,5.74085768413801,32.5315268767821,6.38352638352638
2020-06-22,726,36,715,36,11,0,758,31,29133,572,29891,603,0,5,20,135,16,586,0,58,5,"Knox County",470313,43.8006178863863,0.0650195058517555,128.212488279082,7.65447691218401,28.7042884206901,6.50195058517555
2020-06-21,690,31,679,31,11,0,727,37,28561,815,29288,852,0,5,16,115,15,570,1,58,5,"Knox County",470313,48.2657294184936,0.0644057249533292,181.155953588355,6.59135511882512,24.4518012472545,6.44057249533292
2020-06-20,659,17,648,17,11,0,690,9,27746,437,28436,446,0,5,11,99,6,555,2,57,5,"Knox County",470313,45.7142371144323,0.0566091140673648,94.8304639676131,3.61461409742023,21.049811508506,5.66091140673648
2020-06-19,642,30,631,28,11,2,681,10,27309,334,27990,344,0,5,8,88,22,549,1,55,5,"Knox County",470313,44.2258666037299,0.0553047404063205,73.1427793830917,6.37873076015334,18.7109435631165,5.53047404063205
2020-06-18,612,15,603,15,9,0,671,18,26975,804,27646,822,0,5,2,80,13,527,0,54,5,"Knox County",470313,40.6112525063096,0.0448504983388704,174.777222828202,3.18936538007667,17.0099486937423,4.48504983388704
2020-06-17,597,17,588,17,9,0,653,13,26171,282,26824,295,0,5,-3,78,20,514,0,54,5,"Knox County",470313,36.7840140502176,0.0396891479322787,62.7241858081746,3.61461409742023,16.5846999763987,3.96891479322787
2020-06-16,580,9,571,8,9,1,640,9,25889,178,26529,187,0,5,-2,81,11,494,0,54,5,"Knox County",470313,32.9567755941256,0.0357847280924204,39.7607550716225,1.913619228046,17.222573052414,3.57847280924204
2020-06-15,571,8,563,8,8,0,631,9,25711,218,26342,227,0,5,-5,83,13,483,0,54,5,"Knox County",470313,27.0032935513158,0.0330917113142137,48.2657294184936,1.70099486937423,17.6478217697576,3.30917113142137
2020-06-14,563,8,555,8,8,0,622,9,25493,624,26115,633,0,5,4,88,4,470,0,54,5,"Knox County",470313,22.1129333018649,0.0260663507109005,134.591219039236,1.70099486937423,18.7109435631165,2.60663507109005
2020-06-13,555,10,547,8,8,2,613,9,24869,213,25482,222,0,5,0,84,10,466,3,54,5,"Knox County",470313,20.6245627911625,0.0282051282051282,47.2026076251348,2.12624358671778,17.8604461284294,2.82051282051282
2020-06-12,545,19,539,19,6,0,604,19,24656,750,25260,769,0,5,1,84,18,456,0,51,5,"Knox County",470313,18.2856948457729,0.0272583201267829,163.508131818597,4.03986281476378,17.8604461284294,2.72583201267829
2020-06-11,526,7,520,7,6,0,585,10,23906,379,24491,389,0,5,1,83,6,438,2,51,5,"Knox County",470313,16.5846999763987,0.0286554004408523,82.7108755233217,1.48837051070245,17.6478217697576,2.86554004408523
2020-06-10,519,12,513,12,6,0,575,12,23527,706,24102,718,0,5,-6,82,18,432,0,49,5,"Knox County",470313,15.5215781830398,0.024483306836248,152.664289526337,2.55149230406134,17.4351974110858,2.4483306836248
2020-06-09,507,16,501,16,6,0,563,19,22821,508,23384,527,0,5,5,88,11,414,1,49,5,"Knox County",470313,17.0099486937423,0.0249641319942611,112.053037020027,3.40198973874845,18.7109435631165,2.49641319942611
2020-06-08,491,8,485,8,6,0,544,8,22313,336,22857,344,0,5,4,83,4,403,1,48,5,"Knox County",470313,17.0099486937423,0.0238756246529706,73.1427793830917,1.70099486937423,17.6478217697576,2.38756246529706
2020-06-07,483,7,477,7,6,0,536,8,21977,849,22513,857,0,5,0,79,7,399,1,47,5,"Knox County",470313,16.7973243350705,0.0222164140094093,182.219075381714,1.48837051070245,16.7973243350705,2.22164140094093
2020-06-06,476,11,470,11,6,0,528,12,21128,478,21656,490,0,5,5,79,6,392,0,46,5,"Knox County",470313,17.0099486937423,0.021494870542257,104.185935749171,2.33886794538956,16.7973243350705,2.1494870542257
2020-06-05,465,18,459,18,6,0,516,17,20650,518,21166,535,0,5,7,74,11,386,1,46,5,"Knox County",470313,16.7973243350705,0.022279792746114,113.754031889401,3.82723845609201,15.7342025417116,2.2279792746114
2020-06-04,447,4,441,4,6,0,499,4,20132,338,20631,342,0,5,-1,67,5,375,0,45,5,"Knox County",470313,16.1594512590551,0.02098085496984,72.7175306657481,0.850497434687113,14.2458320310091,2.098085496984
2020-06-03,443,4,437,4,6,0,495,4,19794,399,20289,403,0,5,-3,68,7,370,0,45,5,"Knox County",470313,14.4584563896809,0.0205831903945112,85.6876165447266,0.850497434687113,14.4584563896809,2.05831903945112
2020-06-02,439,26,433,25,6,1,491,24,19395,939,19886,963,0,5,21,71,5,363,2,45,5,"Knox County",470313,16.5846999763987,0.0195729537366548,204.757257400922,5.52823332546623,15.0963294656962,1.95729537366548
2020-06-01,413,17,408,17,5,0,467,20,18456,972,18923,992,0,5,4,50,13,358,0,43,5,"Knox County",470313,18.4983192044447,0.0194238323876037,210.923363802404,3.61461409742023,10.6312179335889,1.94238323876037
2020-05-31,396,7,391,7,5,0,447,7,17484,317,17931,324,0,5,3,46,4,345,0,43,5,"Knox County",470313,18.4983192044447,0.0217337614225735,68.8902922096561,1.48837051070245,9.7807204989018,2.17337614225735
2020-05-30,389,6,384,6,5,0,440,6,17167,294,17607,300,0,5,-1,43,7,341,2,43,5,"Knox County",470313,17.4351974110858,0.0212490282456595,63.7873076015334,1.27574615203067,9.14284742288646,2.12490282456595
2020-05-29,383,8,378,8,5,0,434,7,16873,205,17307,212,0,5,0,44,8,334,0,41,5,"Knox County",470313,15.308953824368,0.0203619909502262,45.076364038417,1.70099486937423,9.35547178155824,2.03619909502262
2020-05-28,375,11,370,11,5,0,427,11,16668,336,17095,347,0,5,7,44,4,326,0,41,5,"Knox County",470313,16.7973243350705,0.022310081897769,73.780652459107,2.33886794538956,9.35547178155824,2.2310081897769
2020-05-27,364,5,359,5,5,0,416,6,16332,420,16748,426,0,5,0,37,5,322,1,41,5,"Knox County",470313,17.0099486937423,0.0227272727272727,90.5779767941775,1.06312179335889,7.86710127085579,2.27272727272727
2020-05-26,359,9,354,9,5,0,410,10,15912,1142,16322,1152,0,5,7,37,2,317,0,40,5,"Knox County",470313,13.395334596322,0.0178523847588596,244.943261189888,1.913619228046,7.86710127085579,1.78523847588596
2020-05-25,350,9,345,9,5,0,400,11,14770,381,15170,392,0,5,5,30,4,315,1,40,5,"Knox County",470313,11.6943397269478,0.018395179194418,83.348748599337,1.913619228046,6.37873076015334,1.8395179194418
2020-05-24,341,2,336,2,5,0,389,3,14389,273,14778,276,0,5,1,25,1,311,0,39,5,"Knox County",470313,10.6312179335889,0.0173913043478261,58.6843229934108,0.425248717343556,5.31560896679445,1.73913043478261
2020-05-23,339,7,334,7,5,0,386,10,14116,360,14502,370,0,5,4,24,3,310,2,39,5,"Knox County",470313,10.8438422922607,0.0182677165354331,78.6710127085579,1.48837051070245,5.10298460812268,1.82677165354331
2020-05-22,332,1,327,1,5,0,376,1,13756,253,14132,254,0,5,-14,20,15,307,0,37,5,"Knox County",470313,9.35547178155824,0.0161641280696301,54.0065871026317,0.212624358671778,4.25248717343556,1.61641280696301
2020-05-21,331,0,326,0,5,0,375,0,13503,250,13878,250,0,5,-1,34,1,292,0,37,5,"Knox County",470313,7.01660383616868,0.0131410256410256,53.1560896679445,0,7.22922819484046,1.31410256410256
2020-05-20,331,7,326,7,5,0,375,7,13253,360,13628,367,0,5,4,35,3,291,0,37,5,"Knox County",470313,7.44185255351224,0.0137210062071219,78.0331396325426,1.48837051070245,7.44185255351224,1.37210062071219
2020-05-19,324,7,319,7,5,0,368,7,12893,369,13261,376,0,5,4,31,3,288,2,37,5,"Knox County",470313,7.01660383616868,0.0170678336980306,79.9467588605886,1.48837051070245,6.59135511882512,1.70678336980306
2020-05-18,317,3,312,3,5,0,361,4,12524,478,12885,482,0,5,0,27,3,285,0,35,5,"Knox County",470313,5.74085768413801,0.0134736842105263,102.484940879797,0.637873076015334,5.74085768413801,1.34736842105263
2020-05-17,314,3,309,3,5,0,357,5,12046,216,12403,221,0,5,1,27,2,282,1,35,5,"Knox County",470313,5.95348204280979,0.0146551724137931,46.989983266463,0.637873076015334,5.74085768413801,1.46551724137931
2020-05-16,311,0,306,0,5,0,352,0,11830,349,12182,349,0,5,-4,26,4,280,0,34,5,"Knox County",470313,4.46511153210734,0.0104393214441061,74.2059011764506,0,5.52823332546623,1.04393214441061
2020-05-15,311,1,306,1,5,0,352,4,11481,541,11833,545,0,5,-4,30,5,276,0,34,5,"Knox County",470313,4.46511153210734,0.0104247104247104,115.880275476119,0.212624358671778,6.37873076015334,1.04247104247104
2020-05-14,310,3,305,3,5,0,348,7,10940,458,11288,465,0,5,0,34,3,271,0,34,5,"Knox County",470313,5.10298460812268,0.0121212121212121,98.8703267823768,0.637873076015334,7.22922819484046,1.21212121212121
2020-05-13,307,7,302,7,5,0,341,5,10482,341,10823,346,0,5,1,34,6,268,0,34,5,"Knox County",470313,5.10298460812268,0.0114942528735632,73.5680281004352,1.48837051070245,7.22922819484046,1.14942528735632
2020-05-12,300,6,295,6,5,0,336,8,10141,401,10477,409,0,5,3,33,3,262,0,34,5,"Knox County",470313,4.8903602494509,0.0117145899893504,86.9633626967573,1.27574615203067,7.01660383616868,1.17145899893504
2020-05-11,294,16,289,16,5,0,328,12,9740,254,10068,266,0,5,9,30,7,259,1,34,5,"Knox County",470313,7.65447691218401,0.015763168012303,56.558079406693,3.40198973874845,6.37873076015334,1.5763168012303
2020-05-10,278,5,273,5,5,0,316,5,9486,221,9802,226,0,5,1,21,4,252,1,33,5,"Knox County",470313,8.07972562952757,0.0157329240214889,48.0531050598219,1.06312179335889,4.46511153210734,1.57329240214889
2020-05-09,273,2,268,2,5,0,311,4,9265,352,9576,356,0,5,-1,20,3,248,0,32,5,"Knox County",470313,8.50497434687113,0.0172215843857635,75.694271687153,0.425248717343556,4.25248717343556,1.72215843857635
2020-05-08,271,3,266,3,5,0,307,4,8913,265,9220,269,0,5,-2,21,5,245,0,32,5,"Knox County",470313,8.93022306421468,0.0192554557124519,57.1959524827083,0.637873076015334,4.46511153210734,1.92554557124519
2020-05-07,268,3,263,3,5,0,303,3,8648,220,8951,223,0,5,-2,23,5,240,0,32,5,"Knox County",470313,8.93022306421468,0.0195704057279236,47.4152319838065,0.637873076015334,4.8903602494509,1.95704057279236
2020-05-06,265,1,260,1,5,0,300,1,8428,185,8728,186,0,5,-7,25,8,235,0,32,5,"Knox County",470313,7.65447691218401,0.0191214470284238,39.5481307129507,0.212624358671778,5.31560896679445,1.91214470284238
2020-05-05,264,4,259,4,5,0,299,5,8243,305,8542,310,0,5,-1,32,5,227,0,32,5,"Knox County",470313,7.22922819484046,0.0185185185185185,65.9135511882512,0.850497434687113,6.8039794774969,1.85185185185185
2020-05-04,260,4,255,4,5,0,294,7,7938,259,8232,266,0,5,-3,33,7,222,0,32,5,"Knox County",470313,4.67773589077912,0.0157952069716776,56.558079406693,0.850497434687113,7.01660383616868,1.57952069716776
2020-05-03,256,7,251,5,5,2,287,6,7679,290,7966,296,0,5,6,36,1,215,2,32,5,"Knox County",470313,5.10298460812268,0.0157397691500525,62.9368101668463,1.48837051070245,7.65447691218401,1.57397691500525
2020-05-02,249,3,246,3,3,0,281,5,7389,308,7670,313,0,5,1,30,2,214,1,30,5,"Knox County",470313,5.31560896679445,0.0166398282340311,66.5514242642666,0.637873076015334,6.37873076015334,1.66398282340311
2020-05-01,246,9,243,8,3,1,276,7,7081,354,7357,361,0,5,4,29,5,212,0,29,5,"Knox County",470313,6.59135511882512,0.0173913043478261,76.7573934805119,1.913619228046,6.16610640148157,1.73913043478261
2020-04-30,237,4,235,4,2,0,269,3,6727,119,6996,122,0,5,-1,25,5,207,0,29,5,"Knox County",470313,6.8039794774969,0.0183387270765912,25.9401717579569,0.850497434687113,5.31560896679445,1.83387270765912
2020-04-29,233,8,231,8,2,0,266,10,6608,671,6874,681,0,5,5,26,3,202,0,29,5,"Knox County",470313,8.29234998819935,0.0183056619838229,144.797188255481,1.70099486937423,5.52823332546623,1.83056619838229
2020-04-28,225,8,223,8,2,0,256,10,5937,391,6193,401,1,5,4,21,3,199,0,29,5,"Knox County",470313,9.14284742288646,0.019672131147541,85.262367827383,1.70099486937423,4.46511153210734,1.9672131147541
2020-04-27,217,2,215,2,2,0,246,4,5546,161,5792,165,0,4,1,17,1,196,0,29,5,"Knox County",470313,8.7175987055429,0.0192389910218042,35.0830191808434,0.425248717343556,3.61461409742023,1.92389910218042
2020-04-26,215,1,213,1,2,0,242,1,5385,172,5627,173,0,4,-2,16,3,195,0,29,4,"Knox County",470313,7.44185255351224,0.0180505415162455,36.7840140502176,0.212624358671778,3.40198973874845,1.80505415162455
2020-04-25,214,0,212,0,2,0,241,0,5213,53,5454,53,0,4,-6,18,6,192,0,29,4,"Knox County",470313,6.8039794774969,0.0178936605316973,11.2690910096042,0,3.82723845609201,1.78936605316973
2020-04-24,214,8,212,8,2,0,241,10,5160,836,5401,846,0,4,5,24,3,186,1,29,4,"Knox County",470313,6.59135511882512,0.0155673904137649,179.880207436324,1.70099486937423,5.10298460812268,1.55673904137648
2020-04-23,206,1,204,1,2,0,231,2,4324,137,4555,139,0,4,0,19,1,183,0,28,4,"Knox County",470313,5.95348204280979,0.0150528885272579,29.5547858553772,0.212624358671778,4.03986281476378,1.50528885272579
2020-04-22,205,5,203,3,2,2,229,2,4187,189,4416,191,0,4,1,19,4,182,0,28,4,"Knox County",470313,5.31560896679445,0.0147357723577236,40.6112525063096,1.06312179335889,4.03986281476378,1.47357723577236
2020-04-21,200,4,200,4,0,0,227,5,3998,475,4225,480,0,4,-2,18,6,178,1,28,4,"Knox County",470313,4.46511153210734,0.0117244748412311,102.059692162454,0.850497434687113,3.82723845609201,1.17244748412311
2020-04-20,196,3,196,3,0,0,222,2,3523,175,3745,177,0,4,-1,20,4,172,1,27,4,"Knox County",470313,4.67773589077912,0.0106847984458475,37.6345114849047,0.637873076015334,4.25248717343556,1.06847984458475
2020-04-19,193,0,193,0,0,0,220,0,3348,72,3568,72,0,4,-4,21,4,168,0,26,4,"Knox County",470313,4.46511153210734,0.0107252298263534,15.308953824368,0,4.46511153210734,1.07252298263534
2020-04-18,193,0,193,0,0,0,220,1,3276,135,3496,136,0,4,-5,25,5,164,0,26,4,"Knox County",470313,4.46511153210734,0.0107790298873101,28.9169127793618,0,5.31560896679445,1.07790298873101
2020-04-17,193,2,193,2,0,0,219,3,3141,104,3360,107,0,4,-2,30,4,159,1,26,4,"Knox County",470313,3.18936538007667,0.0115207373271889,22.7508063778803,0.425248717343556,6.37873076015334,1.15207373271889
2020-04-16,191,7,191,7,0,0,216,9,3037,213,3253,222,0,4,2,32,5,155,2,25,4,"Knox County",470313,4.46511153210734,0.015884476534296,47.2026076251348,1.48837051070245,6.8039794774969,1.5884476534296
2020-04-15,184,9,184,9,0,0,207,10,2824,84,3031,94,0,4,3,30,6,150,1,23,4,"Knox County",470313,5.31560896679445,0.0232919254658385,19.9866897151471,1.913619228046,6.37873076015334,2.32919254658385
2020-04-14,175,4,175,4,0,0,197,4,2740,102,2937,106,0,4,1,27,3,144,1,22,4,"Knox County",470313,5.31560896679445,0.0317286652078775,22.5381820192085,0.850497434687113,5.74085768413801,3.17286652078775
2020-04-13,171,4,171,4,0,0,193,9,2638,242,2831,251,0,4,-2,26,6,141,1,21,4,"Knox County",470313,5.52823332546623,0.0364372469635627,53.3687140266163,0.850497434687113,5.52823332546623,3.64372469635628
2020-04-12,167,5,167,5,0,0,184,6,2396,166,2580,172,0,4,1,28,4,135,0,20,4,"Knox County",470313,6.59135511882512,0.0386029411764706,36.5713896915458,1.06312179335889,5.95348204280979,3.86029411764706
2020-04-11,162,5,162,5,0,0,178,8,2230,313,2408,321,1,4,-4,27,8,131,1,20,4,"Knox County",470313,7.65447691218401,0.0384917517674784,68.2524191336408,1.06312179335889,5.74085768413801,3.84917517674784
2020-04-10,157,4,157,4,0,0,170,5,1917,123,2087,128,0,3,0,31,4,123,0,19,4,"Knox County",470313,8.07972562952757,0.0394126738794436,27.2159179099876,0.850497434687113,6.59135511882512,3.94126738794436
2020-04-09,153,1,153,1,0,0,165,1,1794,81,1959,82,0,3,-2,31,3,119,0,19,4,"Knox County",470313,6.8039794774969,0.037261698440208,17.4351974110858,0.212624358671778,6.59135511882512,3.7261698440208
2020-04-08,152,8,152,8,0,0,164,12,1713,111,1877,123,0,3,-3,33,11,116,1,19,4,"Knox County",470313,6.59135511882512,0.0380388841927303,26.1527961166287,1.70099486937423,7.01660383616868,3.80388841927303
2020-04-07,144,20,144,20,0,0,152,25,1602,366,1754,391,0,3,11,36,9,105,2,18,3,"Knox County",470313,9.99334485757357,0.0449591280653951,83.1361242406653,4.25248717343556,7.65447691218401,4.49591280653951
2020-04-06,124,8,124,8,0,0,127,14,1236,54,1363,68,2,3,-2,25,8,96,1,16,3,"Knox County",470313,10.8438422922607,0.0552529182879377,14.4584563896809,1.70099486937423,5.31560896679445,5.52529182879377
2020-04-05,116,4,116,4,0,0,113,10,1182,75,1295,85,0,1,-2,27,6,88,0,15,3,"Knox County",470313,10.6312179335889,0.0626043405676127,18.0730704871011,0.850497434687113,5.74085768413801,6.26043405676127
2020-04-04,112,15,112,15,0,0,103,6,1107,127,1210,133,0,1,4,29,11,82,1,15,2,"Knox County",470313,12.7574615203067,0.0722772277227723,28.2790397033465,3.18936538007667,6.16610640148157,7.22772277227723
2020-04-03,97,4,97,4,0,0,97,3,980,51,1077,54,0,1,-8,25,12,71,1,14,1,"Knox County",470313,12.7574615203067,0.0758547008547008,11.481715368276,0.850497434687113,5.31560896679445,7.58547008547009
2020-04-02,93,7,93,7,0,0,94,7,929,106,1023,113,0,1,NA,33,8,59,0,13,1,"Knox County",470313,14.0332076723374,0.0796277145811789,24.0265525299109,1.48837051070245,7.01660383616868,7.96277145811789
2020-04-01,86,15,86,15,0,0,87,15,823,140,910,155,NA,NA,NA,NA,7,51,1,13,1,"Knox County",470313,15.5215781830398,0.0800800800800801,32.9567755941256,3.18936538007667,NA,8.00800800800801
2020-03-31,71,8,71,8,0,0,72,11,683,58,755,69,NA,NA,NA,NA,12,44,1,12,1,"Knox County",470313,12.9700858789785,0.0974889217134417,14.6710807483527,1.70099486937423,NA,9.74889217134417
2020-03-30,63,13,63,13,0,0,61,15,625,130,686,145,NA,NA,NA,NA,9,32,2,11,1,"Knox County",470313,14.0332076723374,0.0888594164456233,30.8305320074078,2.76411666273312,NA,8.88594164456233
2020-03-29,50,8,50,8,0,0,46,8,495,55,541,63,NA,NA,NA,NA,6,23,1,9,1,"Knox County",470313,14.8837051070245,0.0887978142076503,13.395334596322,1.70099486937423,NA,8.87978142076503
2020-03-28,42,7,42,7,0,0,38,6,440,62,478,68,NA,NA,NA,NA,1,17,1,8,0,"Knox County",470313,13.1827102376502,0.0974512743628186,14.4584563896809,1.48837051070245,NA,9.74512743628186
2020-03-27,35,2,35,2,0,0,32,2,378,54,410,56,NA,NA,NA,NA,5,16,1,7,0,"Knox County",470313,12.7574615203067,0.0956651718983558,11.9069640856196,0.425248717343556,NA,9.56651718983558
2020-03-26,33,7,33,7,0,0,30,7,324,82,354,89,NA,NA,NA,NA,3,11,2,6,0,"Knox County",470313,12.7574615203067,0.0992248062015504,18.9235679217883,1.48837051070245,NA,9.92248062015504
2020-03-25,26,6,26,6,0,0,23,7,242,68,265,75,NA,NA,NA,NA,3,8,1,4,0,"Knox County",470313,10.8438422922607,0.0991150442477876,15.9468269003834,1.27574615203067,NA,9.91150442477876
2020-03-24,20,7,20,7,0,0,16,7,174,43,190,50,NA,NA,NA,NA,2,5,0,3,0,"Knox County",470313,10.6312179335889,0.0952380952380952,10.6312179335889,1.48837051070245,NA,9.52380952380952
2020-03-23,13,4,13,4,0,0,9,4,131,22,140,26,NA,NA,NA,NA,3,3,2,3,0,"Knox County",470313,8.7175987055429,0.0960187353629977,5.52823332546623,0.850497434687113,NA,9.60187353629976
2020-03-22,9,2,9,2,0,0,5,0,109,9,114,9,NA,NA,NA,NA,0,0,1,1,0,"Knox County",470313,7.44185255351224,0.0884718498659517,1.913619228046,0.425248717343556,NA,8.84718498659517
2020-03-21,7,1,7,1,0,0,5,2,100,17,105,19,NA,NA,NA,NA,0,0,0,0,0,"Knox County",470313,6.16610640148157,0.0895061728395062,4.03986281476378,0.212624358671778,NA,8.95061728395062
2020-03-20,6,5,6,5,0,0,3,2,83,38,86,40,NA,NA,NA,NA,0,0,0,0,0,"Knox County",470313,6.8039794774969,0.0941558441558442,8.50497434687113,1.06312179335889,NA,9.41558441558442
2020-03-19,1,0,1,0,0,0,1,0,45,11,46,11,NA,NA,NA,NA,0,0,0,0,0,"Knox County",470313,5.31560896679445,0.0956521739130435,2.33886794538956,0,NA,9.56521739130435
2020-03-18,1,0,1,0,0,0,1,0,34,15,35,15,NA,NA,NA,NA,0,0,0,0,0,"Knox County",470313,4.03986281476378,0.0882352941176471,3.18936538007667,0,NA,8.82352941176471
2020-03-17,1,0,1,0,0,0,1,0,19,5,20,5,NA,NA,NA,NA,0,0,0,0,0,"Knox County",470313,2.55149230406134,0.064,1.06312179335889,0,NA,6.4
2020-03-16,1,1,1,1,0,0,1,1,14,3,15,4,NA,NA,NA,NA,0,0,0,0,0,"Knox County",470313,1.913619228046,0.0485436893203883,0.850497434687113,0.212624358671778,NA,4.85436893203883
2020-03-15,0,0,0,0,0,0,0,0,11,1,11,1,NA,NA,NA,NA,0,0,0,0,0,"Knox County",470313,1.48837051070245,0.0526315789473684,0.212624358671778,0,NA,5.26315789473684
2020-03-14,0,0,0,0,0,0,0,0,10,8,10,8,NA,NA,NA,NA,0,0,0,0,0,"Knox County",470313,1.27574615203067,0.0357142857142857,1.70099486937423,0,NA,3.57142857142857
2020-03-13,0,0,0,0,0,0,0,0,2,0,2,0,NA,NA,NA,NA,0,0,0,0,0,"Knox County",470313,0.212624358671778,0.0227272727272727,0,0,NA,2.27272727272727
2020-03-12,0,0,0,0,0,0,0,0,2,2,2,2,NA,NA,NA,NA,0,0,0,0,0,"Knox County",470313,0.212624358671778,0.0285714285714286,0.425248717343556,0,NA,2.85714285714286
2020-03-12,0,0,0,0,0,0,0,0,0,0,0,0,NA,NA,NA,NA,0,0,0,0,0,"Anderson",76978,NA,NA,0,0,NA,NA
2020-03-13,0,0,0,0,0,0,0,0,1,1,1,1,NA,NA,NA,NA,0,0,0,0,0,"Anderson",76978,NA,NA,1.29907246226194,0,NA,NA
2020-03-14,0,0,0,0,0,0,0,0,1,0,1,0,NA,NA,NA,NA,0,0,0,0,0,"Anderson",76978,NA,NA,0,0,NA,NA
2020-03-15,0,0,0,0,0,0,0,0,1,0,1,0,NA,NA,NA,NA,0,0,0,0,0,"Anderson",76978,NA,NA,0,0,NA,NA
2020-03-16,0,0,0,0,0,0,0,0,2,1,2,1,NA,NA,NA,NA,0,0,0,0,0,"Anderson",76978,NA,NA,1.29907246226194,0,NA,NA
2020-03-17,0,0,0,0,0,0,0,0,4,2,4,2,NA,NA,NA,NA,0,0,0,0,0,"Anderson",76978,NA,NA,2.59814492452389,0,NA,NA
2020-03-18,0,0,0,0,0,0,0,0,4,0,4,0,NA,NA,NA,NA,0,0,0,0,0,"Anderson",76978,0,0,0,0,NA,0
2020-03-19,1,1,1,1,0,0,2,2,5,1,7,3,NA,NA,NA,NA,0,0,0,0,0,"Anderson",76978,1.29907246226194,0.285714285714286,3.89721738678583,1.29907246226194,NA,28.5714285714286
2020-03-20,1,0,1,0,0,0,2,0,7,2,9,2,NA,NA,NA,NA,0,0,0,0,0,"Anderson",76978,1.29907246226194,0.25,2.59814492452389,0,NA,25
2020-03-21,1,0,1,0,0,0,2,0,7,0,9,0,NA,NA,NA,NA,0,0,0,0,0,"Anderson",76978,1.29907246226194,0.25,0,0,NA,25
2020-03-22,1,0,1,0,0,0,2,0,10,3,12,3,NA,NA,NA,NA,0,0,0,0,0,"Anderson",76978,1.29907246226194,0.181818181818182,3.89721738678583,0,NA,18.1818181818182
2020-03-23,1,0,1,0,0,0,2,0,15,5,17,5,NA,NA,NA,NA,0,0,0,0,0,"Anderson",76978,1.29907246226194,0.133333333333333,6.49536231130973,0,NA,13.3333333333333
2020-03-24,1,0,1,0,0,0,2,0,20,5,22,5,NA,NA,NA,NA,0,0,0,0,0,"Anderson",76978,1.29907246226194,0.111111111111111,6.49536231130973,0,NA,11.1111111111111
2020-03-25,2,1,2,1,0,0,4,2,29,9,33,11,NA,NA,NA,NA,1,1,0,0,0,"Anderson",76978,2.59814492452389,0.137931034482759,14.2897970848814,1.29907246226194,NA,13.7931034482759
2020-03-26,3,1,3,1,0,0,5,1,44,15,49,16,NA,NA,NA,NA,0,1,1,1,0,"Anderson",76978,2.59814492452389,0.0714285714285714,20.7851593961911,1.29907246226194,NA,7.14285714285714
2020-03-27,4,1,4,1,0,0,6,1,53,9,59,10,NA,NA,NA,NA,3,4,0,1,0,"Anderson",76978,3.89721738678583,0.08,12.9907246226195,1.29907246226194,NA,8
2020-03-28,7,3,7,3,0,0,9,3,72,19,81,22,NA,NA,NA,NA,0,4,1,2,0,"Anderson",76978,7.79443477357167,0.0972222222222222,28.5795941697628,3.89721738678583,NA,9.72222222222222
2020-03-29,7,0,7,0,0,0,9,0,83,11,92,11,NA,NA,NA,NA,0,4,0,2,0,"Anderson",76978,7.79443477357167,0.0875,14.2897970848814,0,NA,8.75
2020-03-30,8,1,8,1,0,0,10,1,127,44,137,45,NA,NA,NA,NA,1,5,0,2,0,"Anderson",76978,9.09350723583361,0.0666666666666667,58.4582608017875,1.29907246226194,NA,6.66666666666667
2020-03-31,9,1,9,1,0,0,11,1,142,15,153,16,NA,NA,NA,NA,1,6,0,2,0,"Anderson",76978,10.3925796980956,0.0687022900763359,20.7851593961911,1.29907246226194,NA,6.87022900763359
2020-04-01,9,0,9,0,0,0,11,0,163,21,174,21,NA,NA,NA,NA,0,6,0,2,0,"Anderson",76978,9.09350723583361,0.049645390070922,27.2805217075008,0,NA,4.9645390070922
2020-04-02,9,0,9,0,0,0,11,0,179,16,190,16,0,0,NA,3,0,6,0,2,0,"Anderson",76978,7.79443477357167,0.0425531914893617,20.7851593961911,0,3.89721738678583,4.25531914893617
2020-04-03,9,0,9,0,0,0,11,0,192,13,203,13,0,0,-2,1,2,8,0,2,0,"Anderson",76978,6.49536231130972,0.0347222222222222,16.8879420094053,0,1.29907246226194,3.47222222222222
2020-04-04,9,0,9,0,0,0,11,0,219,27,230,27,0,0,0,1,0,8,0,2,0,"Anderson",76978,2.59814492452389,0.0134228187919463,35.0749564810725,0,1.29907246226194,1.34228187919463
2020-04-05,9,0,9,0,0,0,11,0,248,29,259,29,0,0,0,1,0,8,0,2,0,"Anderson",76978,2.59814492452389,0.0119760479041916,37.6731014055964,0,1.29907246226194,1.19760479041916
2020-04-06,9,0,9,0,0,0,11,0,262,14,273,14,0,0,-1,0,1,9,0,2,0,"Anderson",76978,1.29907246226194,0.00735294117647059,18.1870144716672,0,0,0.735294117647059
2020-04-07,10,1,10,1,0,0,12,1,304,42,316,43,0,0,1,1,0,9,0,2,0,"Anderson",76978,1.29907246226194,0.00613496932515337,55.8601158772636,1.29907246226194,1.29907246226194,0.613496932515337
2020-04-08,10,0,10,0,0,0,12,0,322,18,334,18,1,1,-1,0,0,9,0,2,1,"Anderson",76978,1.29907246226194,0.00625,23.383304320715,0,0,0.625
2020-04-09,10,0,10,0,0,0,12,0,350,28,362,28,0,1,0,0,0,9,0,2,1,"Anderson",76978,1.29907246226194,0.00581395348837209,36.3740289433345,0,0,0.581395348837209
2020-04-10,10,0,10,0,0,0,12,0,366,16,378,16,0,1,0,0,0,9,0,2,1,"Anderson",76978,1.29907246226194,0.00571428571428571,20.7851593961911,0,0,0.571428571428571
2020-04-11,10,0,10,0,0,0,12,0,439,73,451,73,0,1,0,0,0,9,0,2,1,"Anderson",76978,1.29907246226194,0.00452488687782805,94.832289745122,0,0,0.452488687782805
2020-04-12,12,2,12,2,0,0,14,2,477,38,491,40,0,1,2,2,0,9,0,2,1,"Anderson",76978,3.89721738678583,0.0129310344827586,51.9628984904778,2.59814492452389,2.59814492452389,1.29310344827586
2020-04-13,13,1,13,1,0,0,15,1,514,37,529,38,0,1,0,2,1,10,0,2,1,"Anderson",76978,5.19628984904778,0.015625,49.3647535659539,1.29907246226194,2.59814492452389,1.5625
2020-04-14,13,0,13,0,0,0,15,0,526,12,541,12,0,1,0,2,0,10,0,2,1,"Anderson",76978,3.89721738678583,0.0133333333333333,15.5888695471433,0,2.59814492452389,1.33333333333333
2020-04-15,13,0,13,0,0,0,15,0,544,18,559,18,0,1,-2,0,2,12,0,2,1,"Anderson",76978,3.89721738678583,0.0133333333333333,23.383304320715,0,0,1.33333333333333
2020-04-16,13,0,13,0,0,0,15,0,566,22,581,22,0,1,0,0,0,12,0,2,1,"Anderson",76978,3.89721738678583,0.0136986301369863,28.5795941697628,0,0,1.36986301369863
2020-04-17,13,0,13,0,0,0,15,0,586,20,601,20,0,1,0,0,0,12,0,2,1,"Anderson",76978,3.89721738678583,0.0134529147982063,25.9814492452389,0,0,1.34529147982063
2020-04-18,13,0,13,0,0,0,15,0,616,30,631,30,0,1,0,0,0,12,0,2,1,"Anderson",76978,3.89721738678583,0.0166666666666667,38.9721738678584,0,0,1.66666666666667
2020-04-19,14,1,14,1,0,0,16,1,628,12,644,13,0,1,0,0,1,13,0,2,1,"Anderson",76978,2.59814492452389,0.0130718954248366,16.8879420094053,1.29907246226194,0,1.30718954248366
2020-04-20,19,5,18,4,1,1,19,3,648,20,667,23,0,1,5,5,0,13,0,2,1,"Anderson",76978,7.79443477357167,0.0289855072463768,29.8786666320247,6.49536231130973,6.49536231130973,2.89855072463768
2020-04-21,20,1,19,1,1,0,22,3,1071,423,1093,426,0,1,1,6,0,13,0,2,1,"Anderson",76978,9.09350723583361,0.0126811594202899,553.404868923589,1.29907246226194,7.79443477357167,1.26811594202899
2020-04-22,21,1,20,1,1,0,24,2,1141,70,1165,72,0,1,0,6,1,14,0,2,1,"Anderson",76978,10.3925796980956,0.0148514851485149,93.53321728286,1.29907246226194,7.79443477357167,1.48514851485149
2020-04-23,21,0,20,0,1,0,24,0,1191,50,1215,50,0,1,-1,5,1,15,0,2,1,"Anderson",76978,10.3925796980956,0.0141955835962145,64.9536231130973,0,6.49536231130973,1.41955835962145
2020-04-24,22,1,21,1,1,0,25,1,1299,108,1324,109,0,1,1,6,0,15,0,2,1,"Anderson",76978,11.6916521603575,0.0138312586445367,141.598898386552,1.29907246226194,7.79443477357167,1.38312586445367
2020-04-25,22,0,21,0,1,0,25,0,1336,37,1361,37,0,1,0,6,0,15,0,2,1,"Anderson",76978,11.6916521603575,0.0136986301369863,48.065681103692,0,7.79443477357167,1.36986301369863
2020-04-26,22,0,21,0,1,0,25,0,1372,36,1397,36,0,1,0,6,0,15,0,2,1,"Anderson",76978,10.3925796980956,0.0119521912350598,46.76660864143,0,7.79443477357167,1.19521912350598
2020-04-27,22,0,21,0,1,0,25,0,1411,39,1436,39,0,1,-1,5,1,16,0,2,1,"Anderson",76978,3.89721738678583,0.00780234070221066,50.6638260282159,0,6.49536231130973,0.780234070221066
2020-04-28,22,0,21,0,1,0,25,0,1690,279,1715,279,0,1,0,5,0,16,0,2,1,"Anderson",76978,2.59814492452389,0.00482315112540193,362.441216971083,0,6.49536231130973,0.482315112540193
2020-04-29,26,4,25,4,1,0,28,3,2070,380,2098,383,0,1,4,9,0,16,0,2,1,"Anderson",76978,6.49536231130972,0.00428724544480171,497.544753046325,5.19628984904778,11.6916521603575,0.428724544480171
2020-04-30,26,0,25,0,1,0,29,1,2102,32,2131,33,0,1,-1,8,1,17,0,2,1,"Anderson",76978,6.49536231130972,0.00545851528384279,42.8693912546442,0,10.3925796980956,0.545851528384279
2020-05-01,26,0,25,0,1,0,29,0,2154,52,2183,52,0,1,-2,6,2,19,0,2,1,"Anderson",76978,5.19628984904778,0.00465657741559953,67.5517680376211,0,7.79443477357167,0.465657741559953
2020-05-02,26,0,25,0,1,0,29,0,2221,67,2250,67,0,1,0,6,0,19,0,2,1,"Anderson",76978,5.19628984904778,0.00449943757030371,87.0378549715503,0,7.79443477357167,0.449943757030371
2020-05-03,27,1,26,1,1,0,30,1,2314,93,2344,94,0,1,1,7,0,19,0,2,1,"Anderson",76978,6.49536231130972,0.00527983104540655,122.112811452623,1.29907246226194,9.09350723583361,0.527983104540655
2020-05-04,27,0,26,0,1,0,30,0,2406,92,2436,92,0,1,-1,6,1,20,0,2,1,"Anderson",76978,6.49536231130972,0.005,119.514666528099,0,7.79443477357167,0.5
2020-05-05,28,1,27,1,1,0,30,0,2475,69,2505,69,0,1,-1,5,2,22,0,2,1,"Anderson",76978,7.79443477357167,0.00632911392405063,89.6359998960742,1.29907246226194,6.49536231130973,0.632911392405063
2020-05-06,30,2,29,2,1,0,31,1,2525,50,2556,51,0,1,2,7,0,22,0,2,1,"Anderson",76978,5.19628984904778,0.00655021834061135,66.2526955753592,2.59814492452389,9.09350723583361,0.655021834061135
2020-05-07,30,0,29,0,1,0,33,2,2597,72,2630,74,0,1,-1,6,1,23,0,2,1,"Anderson",76978,5.19628984904778,0.00801603206412826,96.1313622073839,0,7.79443477357167,0.801603206412826
2020-05-08,30,0,29,0,1,0,33,0,2652,55,2685,55,0,1,0,6,0,23,0,2,1,"Anderson",76978,5.19628984904778,0.00796812749003984,71.448985424407,0,7.79443477357167,0.796812749003984
2020-05-09,30,0,29,0,1,0,33,0,2734,82,2767,82,0,1,0,6,0,23,0,2,1,"Anderson",76978,5.19628984904778,0.00773694390715667,106.523941905479,0,7.79443477357167,0.773694390715667
2020-05-10,30,0,29,0,1,0,33,0,2827,93,2860,93,0,1,-3,3,3,26,0,2,1,"Anderson",76978,3.89721738678583,0.00581395348837209,120.813738990361,0,3.89721738678583,0.581395348837209
2020-05-11,32,2,31,2,1,0,33,0,2909,82,2942,82,0,1,2,5,0,26,0,2,1,"Anderson",76978,6.49536231130972,0.00592885375494071,106.523941905479,2.59814492452389,6.49536231130973,0.592885375494071
2020-05-12,33,1,32,1,1,0,35,2,3042,133,3077,135,0,1,1,6,0,26,0,2,1,"Anderson",76978,6.49536231130972,0.00874125874125874,175.374782405363,1.29907246226194,7.79443477357167,0.874125874125874
2020-05-13,35,2,34,2,1,0,38,3,3220,178,3258,181,0,1,1,7,1,27,1,3,1,"Anderson",76978,6.49536231130972,0.00997150997150997,235.132115669412,2.59814492452389,9.09350723583361,0.997150997150997
2020-05-14,35,0,34,0,1,0,39,1,3346,126,3385,127,0,1,-1,6,1,28,0,3,1,"Anderson",76978,6.49536231130972,0.00794701986754967,164.982202707267,0,7.79443477357167,0.794701986754967
2020-05-15,36,1,35,1,1,0,39,0,3417,71,3456,71,0,1,1,7,0,28,0,3,1,"Anderson",76978,7.79443477357167,0.00778210116731518,92.2341448205981,1.29907246226194,9.09350723583361,0.778210116731518
2020-05-16,36,0,35,0,1,0,41,2,3657,240,3698,242,0,1,-1,6,1,29,0,3,1,"Anderson",76978,7.79443477357167,0.00859291084854995,314.375535867391,0,7.79443477357167,0.859291084854995
2020-05-17,36,0,35,0,1,0,41,0,3727,70,3768,70,0,1,0,6,0,29,0,3,1,"Anderson",76978,7.79443477357167,0.00881057268722467,90.9350723583361,0,7.79443477357167,0.881057268722467
2020-05-18,37,1,36,1,1,0,42,1,3804,77,3846,78,0,1,-2,4,3,32,0,3,1,"Anderson",76978,6.49536231130972,0.00995575221238938,101.327652056432,1.29907246226194,5.19628984904778,0.995575221238938
2020-05-19,37,0,36,0,1,0,42,0,3856,52,3898,52,0,1,0,4,0,32,0,3,1,"Anderson",76978,5.19628984904778,0.00852618757612668,67.5517680376211,0,5.19628984904778,0.852618757612667
2020-05-20,37,0,36,0,1,0,43,1,3921,65,3964,66,0,1,0,4,0,32,0,3,1,"Anderson",76978,2.59814492452389,0.00708215297450425,85.7387825092884,0,5.19628984904778,0.708215297450425
2020-05-21,37,0,36,0,1,0,44,1,4001,80,4045,81,0,1,-1,3,1,33,0,3,1,"Anderson",76978,2.59814492452389,0.00757575757575758,105.224869443218,0,3.89721738678583,0.757575757575758
2020-05-22,38,1,37,1,1,0,45,1,4029,28,4074,29,0,1,-1,2,2,35,1,4,1,"Anderson",76978,2.59814492452389,0.00970873786407767,37.6731014055964,1.29907246226194,2.59814492452389,0.970873786407767
2020-05-23,38,0,37,0,1,0,46,1,4192,163,4238,164,0,1,0,2,0,35,0,4,1,"Anderson",76978,2.59814492452389,0.00925925925925926,213.047883810959,0,2.59814492452389,0.925925925925926
2020-05-24,38,0,37,0,1,0,46,0,4247,55,4293,55,0,1,0,2,0,35,0,4,1,"Anderson",76978,2.59814492452389,0.00952380952380952,71.448985424407,0,2.59814492452389,0.952380952380952
2020-05-25,38,0,37,0,1,0,47,1,4281,34,4328,35,0,1,0,2,0,35,0,4,1,"Anderson",76978,1.29907246226194,0.0103734439834025,45.4675361791681,0,2.59814492452389,1.03734439834025
2020-05-26,38,0,37,0,1,0,47,0,4412,131,4459,131,0,1,-1,1,1,36,0,4,1,"Anderson",76978,1.29907246226194,0.0089126559714795,170.178492556315,0,1.29907246226194,0.89126559714795
2020-05-27,38,0,37,0,1,0,47,0,4515,103,4562,103,0,1,0,1,0,36,0,4,1,"Anderson",76978,1.29907246226194,0.00668896321070234,133.80446361298,0,1.29907246226194,0.668896321070234
2020-05-28,38,0,37,0,1,0,47,0,4563,48,4610,48,0,1,0,1,0,36,0,4,1,"Anderson",76978,1.29907246226194,0.00530973451327434,62.3554781885734,0,1.29907246226194,0.530973451327434
2020-05-29,39,1,38,1,1,0,47,0,4613,50,4660,50,0,1,0,1,1,37,0,4,1,"Anderson",76978,1.29907246226194,0.00341296928327645,64.9536231130973,1.29907246226194,1.29907246226194,0.341296928327645
2020-05-30,39,0,38,0,1,0,48,1,4665,52,4713,53,0,1,0,1,0,37,0,4,1,"Anderson",76978,1.29907246226194,0.00421052631578947,68.8508404998831,0,1.29907246226194,0.421052631578947
2020-05-31,40,1,39,1,1,0,49,1,4731,66,4780,67,0,1,1,2,0,37,0,4,1,"Anderson",76978,2.59814492452389,0.00616016427104723,87.0378549715503,1.29907246226194,2.59814492452389,0.616016427104723
2020-06-01,40,0,39,0,1,0,49,0,4855,124,4904,124,0,1,0,2,0,37,0,4,1,"Anderson",76978,2.59814492452389,0.00347222222222222,161.084985320481,0,2.59814492452389,0.347222222222222
2020-06-02,40,0,39,0,1,0,49,0,4982,127,5031,127,0,1,0,2,0,37,0,4,1,"Anderson",76978,2.59814492452389,0.0034965034965035,164.982202707267,0,2.59814492452389,0.34965034965035
2020-06-03,41,1,40,1,1,0,50,1,5042,60,5092,61,0,1,1,3,0,37,0,4,2,"Anderson",76978,3.89721738678583,0.00566037735849057,79.2434201979787,1.29907246226194,3.89721738678583,0.566037735849057
2020-06-04,41,0,40,0,1,0,50,0,5090,48,5140,48,1,2,-2,1,1,38,0,4,2,"Anderson",76978,3.89721738678583,0.00566037735849057,62.3554781885734,0,1.29907246226194,0.566037735849057
2020-06-05,42,1,41,1,1,0,53,3,5147,57,5200,60,0,2,1,2,0,38,0,4,2,"Anderson",76978,3.89721738678583,0.0111111111111111,77.9443477357167,1.29907246226194,2.59814492452389,1.11111111111111
2020-06-06,43,1,42,1,1,0,54,1,5200,53,5254,54,0,2,1,3,0,38,0,4,2,"Anderson",76978,5.19628984904778,0.011090573012939,70.149912962145,1.29907246226194,3.89721738678583,1.1090573012939
2020-06-07,45,2,43,1,2,1,57,3,5295,95,5352,98,0,2,2,5,0,38,0,4,2,"Anderson",76978,6.49536231130972,0.013986013986014,127.309101301671,2.59814492452389,6.49536231130973,1.3986013986014
2020-06-08,46,1,44,1,2,0,57,0,5336,41,5393,41,0,2,1,6,0,38,0,4,2,"Anderson",76978,7.79443477357167,0.016359918200409,53.2619709527397,1.29907246226194,7.79443477357167,1.6359918200409
2020-06-09,47,1,45,1,2,0,60,3,5517,181,5577,184,0,2,1,7,0,38,0,4,2,"Anderson",76978,9.09350723583361,0.0201465201465201,239.029333056198,1.29907246226194,9.09350723583361,2.01465201465201
2020-06-10,52,5,50,5,2,0,63,3,5725,208,5788,211,0,2,2,9,3,41,0,4,2,"Anderson",76978,14.2897970848814,0.0186781609195402,274.10428953727,6.49536231130973,11.6916521603575,1.86781609195402
2020-06-11,55,3,53,3,2,0,66,3,5870,145,5936,148,0,2,2,11,1,42,1,5,2,"Anderson",76978,18.1870144716672,0.0201005025125628,192.262724414768,3.89721738678583,14.2897970848814,2.01005025125628
2020-06-12,57,2,55,2,2,0,70,4,5952,82,6022,86,0,2,2,13,0,42,0,5,2,"Anderson",76978,19.4860869339292,0.0206812652068127,111.720231754527,2.59814492452389,16.8879420094053,2.06812652068127
2020-06-13,58,1,55,0,3,1,70,0,5995,43,6065,43,0,2,0,13,1,43,0,5,2,"Anderson",76978,19.4860869339292,0.0197287299630086,55.8601158772636,1.29907246226194,16.8879420094053,1.97287299630086
2020-06-14,60,2,57,2,3,0,70,0,6170,175,6240,175,0,2,1,14,1,44,1,6,2,"Anderson",76978,19.4860869339292,0.0146396396396396,227.33768089584,2.59814492452389,18.1870144716672,1.46396396396396
2020-06-15,60,0,57,0,3,0,71,1,6228,58,6299,59,0,2,0,14,0,44,0,6,2,"Anderson",76978,18.1870144716672,0.0154525386313466,76.6452752734548,0,18.1870144716672,1.54525386313466
2020-06-16,64,4,61,4,3,0,75,4,6289,61,6364,65,0,2,3,17,1,45,0,6,2,"Anderson",76978,22.0842318584531,0.0190597204574333,84.4397100470264,5.19628984904778,22.0842318584531,1.90597204574333
2020-06-17,66,2,63,2,3,0,79,4,6326,37,6405,41,0,2,0,17,2,47,0,6,2,"Anderson",76978,18.1870144716672,0.0259319286871961,53.2619709527397,2.59814492452389,22.0842318584531,2.59319286871961
2020-06-18,70,4,67,4,3,0,84,5,6456,130,6540,135,0,2,2,19,2,49,0,6,2,"Anderson",76978,19.4860869339292,0.0298013245033113,175.374782405363,5.19628984904778,24.682376782977,2.98013245033113
2020-06-19,72,2,69,2,3,0,86,2,6521,65,6607,67,0,2,0,19,2,51,0,6,2,"Anderson",76978,19.4860869339292,0.0273504273504274,87.0378549715503,2.59814492452389,24.682376782977,2.73504273504274
2020-06-20,73,1,70,1,3,0,87,1,6559,38,6646,39,0,2,-1,18,2,53,0,6,2,"Anderson",76978,19.4860869339292,0.0292598967297762,50.6638260282159,1.29907246226194,23.383304320715,2.92598967297762
2020-06-21,74,1,71,1,3,0,88,1,6619,60,6707,61,0,2,-1,17,2,55,0,6,2,"Anderson",76978,18.1870144716672,0.0385438972162741,79.2434201979787,1.29907246226194,22.0842318584531,3.85438972162741
2020-06-22,76,2,73,2,3,0,90,2,6711,92,6801,94,0,2,0,17,2,57,1,7,2,"Anderson",76978,20.7851593961911,0.0378486055776892,122.112811452623,2.59814492452389,22.0842318584531,3.78486055776892
2020-06-23,76,0,73,0,3,0,90,0,6800,89,6890,89,0,2,-1,16,1,58,0,7,2,"Anderson",76978,15.5888695471433,0.0285171102661597,115.617449141313,0,20.7851593961911,2.85171102661597
2020-06-24,77,1,74,1,3,0,91,1,6831,31,6922,32,0,2,-2,14,3,61,0,7,2,"Anderson",76978,14.2897970848814,0.02321083172147,41.5703187923822,1.29907246226194,18.1870144716672,2.321083172147
2020-06-25,81,4,78,4,3,0,92,1,6944,113,7036,114,0,2,0,14,4,65,0,7,2,"Anderson",76978,14.2897970848814,0.0161290322580645,148.094260697862,5.19628984904778,18.1870144716672,1.61290322580645
2020-06-26,86,5,83,5,3,0,98,6,6972,28,7070,34,0,2,3,17,2,67,0,7,2,"Anderson",76978,18.1870144716672,0.0259179265658747,44.1684637169061,6.49536231130973,22.0842318584531,2.59179265658747
2020-06-27,87,1,83,0,4,1,98,0,6984,12,7082,12,0,2,-4,13,5,72,0,7,2,"Anderson",76978,18.1870144716672,0.0252293577981651,15.5888695471433,1.29907246226194,16.8879420094053,2.52293577981651
2020-06-28,91,4,87,4,4,0,106,8,7093,109,7199,117,0,2,3,16,1,73,0,7,2,"Anderson",76978,22.0842318584531,0.0365853658536585,151.991478084648,5.19628984904778,20.7851593961911,3.65853658536585
2020-06-29,97,6,92,5,5,1,114,8,7315,222,7429,230,0,2,3,19,3,76,1,8,2,"Anderson",76978,27.2805217075008,0.0382165605095541,298.786666320247,7.79443477357167,24.682376782977,3.82165605095541
2020-06-30,102,5,96,4,6,1,120,6,7479,164,7599,170,0,2,2,21,3,79,0,8,2,"Anderson",76978,33.7758840188106,0.0423131170662905,220.842318584531,6.49536231130973,27.2805217075008,4.23131170662905
2020-07-01,104,2,98,2,6,0,124,4,7600,121,7724,125,0,2,-2,19,4,83,0,8,2,"Anderson",76978,35.0749564810725,0.0411471321695761,162.384057782743,2.59814492452389,24.682376782977,4.11471321695761
2020-07-02,110,6,104,6,6,0,130,6,7839,239,7969,245,0,2,4,23,2,85,0,8,2,"Anderson",76978,37.6731014055964,0.0407288317256163,318.272753254177,7.79443477357167,29.8786666320247,4.07288317256163
2020-07-03,120,10,113,9,7,1,142,12,7964,125,8106,137,0,2,7,30,3,88,0,8,2,"Anderson",76978,44.1684637169061,0.0424710424710425,177.972927329886,12.9907246226195,38.9721738678584,4.24710424710425
2020-07-04,131,11,124,11,7,0,156,14,8148,184,8304,198,0,2,8,38,3,91,2,10,2,"Anderson",76978,57.1591883395256,0.0474631751227496,257.216347527865,14.2897970848814,49.3647535659539,4.74631751227496
2020-07-05,140,9,133,9,7,0,169,13,8304,156,8473,169,0,2,8,46,1,92,1,11,2,"Anderson",76978,63.6545506508353,0.0494505494505494,219.543246122269,11.6916521603575,59.7573332640495,4.94505494505495
2020-07-06,141,1,134,1,7,0,170,1,8331,27,8501,28,0,2,-4,42,5,97,0,11,2,"Anderson",76978,57.1591883395256,0.0522388059701493,36.3740289433345,1.29907246226194,54.5610434150017,5.22388059701492
2020-07-07,157,16,150,16,7,0,190,20,8564,233,8754,253,0,2,12,54,4,101,0,11,2,"Anderson",76978,71.448985424407,0.0606060606060606,328.665332952272,20.7851593961911,70.149912962145,6.06060606060606
2020-07-08,173,16,165,15,8,1,206,16,8704,140,8910,156,0,2,10,64,6,107,0,11,2,"Anderson",76978,89.6359998960742,0.0691399662731872,202.655304112863,20.7851593961911,83.1406375847645,6.91399662731872
2020-07-09,187,14,179,14,8,0,220,14,8972,268,9192,282,0,2,11,75,3,110,0,11,2,"Anderson",76978,100.02857959417,0.0735895339329518,366.338434357868,18.1870144716672,97.4304346696459,7.35895339329518
2020-07-10,193,6,185,6,8,0,227,7,9002,30,9229,37,0,2,1,76,5,115,1,12,2,"Anderson",76978,94.832289745122,0.0756901157613535,48.065681103692,7.79443477357167,98.7295071319078,7.56901157613535
2020-07-11,201,8,193,8,8,0,235,8,9171,169,9406,177,0,2,1,77,7,122,1,13,2,"Anderson",76978,90.9350723583361,0.0716878402903811,229.935825820364,10.3925796980956,100.02857959417,7.16878402903811
2020-07-12,212,11,204,11,8,0,248,13,9354,183,9602,196,0,2,6,83,5,127,0,13,2,"Anderson",76978,93.53321728286,0.0699734278122232,254.618202603341,14.2897970848814,107.823014367741,6.99734278122232
2020-07-13,218,6,209,5,9,1,255,7,9393,39,9648,46,0,2,-6,77,12,139,2,15,2,"Anderson",76978,100.02857959417,0.0741063644289451,59.7573332640495,7.79443477357167,100.02857959417,7.41063644289451
2020-07-14,229,11,219,10,10,1,266,11,9533,140,9799,151,0,2,0,77,11,150,0,15,2,"Anderson",76978,93.53321728286,0.0727272727272727,196.159941801554,14.2897970848814,100.02857959417,7.27272727272727
2020-07-15,245,16,234,15,11,1,285,19,9635,102,9920,121,0,2,0,77,16,166,0,15,2,"Anderson",76978,93.53321728286,0.0782178217821782,157.187767933695,20.7851593961911,100.02857959417,7.82178217821782
2020-07-16,263,18,252,18,11,0,308,23,9924,289,10232,312,0,2,4,81,14,180,1,16,2,"Anderson",76978,98.7295071319078,0.0846153846153846,405.310608225727,23.383304320715,105.224869443218,8.46153846153846
2020-07-17,270,7,259,7,11,0,317,9,9995,71,10312,80,0,2,-8,73,15,195,1,17,3,"Anderson",76978,100.02857959417,0.0831024930747922,103.925796980956,9.09350723583361,94.832289745122,8.31024930747922
2020-07-18,277,7,266,7,11,0,328,11,10209,214,10537,225,0,2,-4,69,11,206,0,17,3,"Anderson",76978,98.7295071319078,0.0822281167108753,292.291304008938,9.09350723583361,89.6359998960742,8.22281167108753
2020-07-19,285,8,274,8,11,0,337,9,10290,81,10627,90,0,2,-5,64,13,219,2,19,3,"Anderson",76978,94.832289745122,0.0868292682926829,116.916521603575,10.3925796980956,83.1406375847645,8.68292682926829
2020-07-20,313,28,302,28,11,0,367,30,10459,169,10826,199,1,3,9,73,18,237,0,19,3,"Anderson",76978,123.411883914885,0.0950764006791171,258.515419990127,36.3740289433345,94.832289745122,9.50764006791171
2020-07-21,336,23,324,22,12,1,391,24,10751,292,11142,316,0,3,12,85,11,248,1,20,3,"Anderson",76978,139.000753462028,0.0930752047654505,410.506898074775,29.8786666320247,110.421159292265,9.30752047654505
2020-07-22,365,29,353,29,12,0,424,33,10886,135,11310,168,0,3,13,98,16,264,0,20,3,"Anderson",76978,155.888695471433,0.1,218.244173660007,37.6731014055964,127.309101301671,10
2020-07-23,388,23,376,23,12,0,455,31,11313,427,11768,458,0,3,9,107,14,278,2,22,3,"Anderson",76978,162.384057782743,0.095703125,594.975187715971,29.8786666320247,139.000753462028,9.5703125
2020-07-24,394,6,382,6,12,0,463,8,11425,112,11888,120,0,3,-16,91,22,300,0,22,4,"Anderson",76978,161.084985320481,0.0926395939086294,155.888695471433,7.79443477357167,118.215594065837,9.26395939086294
2020-07-25,426,32,413,31,13,1,499,36,11682,257,12181,293,1,4,26,117,5,305,1,23,4,"Anderson",76978,193.56179687703,0.104014598540146,380.62823144275,41.5703187923822,151.991478084648,10.4014598540146
2020-07-26,465,39,451,38,14,1,541,42,12085,403,12626,445,0,4,31,148,8,313,2,25,4,"Anderson",76978,233.83304320715,0.102051025512756,578.087245706565,50.6638260282159,192.262724414768,10.2051025512756
2020-07-27,483,18,468,17,15,1,562,21,12265,180,12827,201,0,4,-19,129,37,350,1,26,4,"Anderson",76978,220.842318584531,0.0974512743628186,261.113564914651,23.383304320715,167.580347631791,9.74512743628186
2020-07-28,523,40,508,40,15,0,608,46,12645,380,13253,426,0,4,24,153,16,366,1,27,5,"Anderson",76978,242.926550442984,0.10279488394126,553.404868923589,51.9628984904778,198.758086726078,10.279488394126
2020-07-29,527,4,512,4,15,0,612,4,12681,36,13293,40,1,5,-15,138,18,384,0,27,5,"Anderson",76978,210.449738886435,0.0948058497226425,51.9628984904778,5.19628984904778,179.271999792148,9.48058497226425
2020-07-30,564,37,549,37,15,0,665,53,13166,485,13831,538,0,5,20,158,17,401,0,27,5,"Anderson",76978,228.636753358102,0.101793504604944,698.900984696926,48.065681103692,205.253449037387,10.1793504604944
2020-07-31,576,12,561,12,15,0,679,14,13348,182,14027,196,0,5,-8,150,20,421,0,27,5,"Anderson",76978,236.431188131674,0.100981767180926,254.618202603341,15.5888695471433,194.860869339292,10.0981767180926
2020-08-01,599,23,584,23,15,0,704,25,13757,409,14461,434,0,5,17,167,6,427,1,28,5,"Anderson",76978,224.739535971316,0.0899122807017544,563.797448621684,29.8786666320247,216.945101197745,8.99122807017544
2020-08-02,606,7,591,7,15,0,711,7,13885,128,14596,135,0,5,2,169,5,432,1,29,6,"Anderson",76978,183.169217178934,0.0862944162436548,175.374782405363,9.09350723583361,219.543246122269,8.62944162436548
2020-08-03,631,25,615,24,16,1,742,31,14112,227,14854,258,0,5,14,183,11,443,0,29,6,"Anderson",76978,192.262724414768,0.0888011840157869,335.160695263582,32.4768115565486,237.730260593936,8.88011840157869
2020-08-04,638,7,622,7,16,0,750,8,14355,243,15105,251,2,7,-19,164,24,467,0,29,6,"Anderson",76978,149.393333160124,0.0766738660907127,326.067188027748,9.09350723583361,213.047883810959,7.66738660907127
2020-08-05,653,15,637,15,16,0,769,19,14564,209,15333,228,-1,6,-1,163,17,484,0,29,6,"Anderson",76978,163.683130245005,0.0769607843137255,296.188521395723,19.4860869339292,211.748811348697,7.69607843137255
2020-08-06,675,22,659,22,16,0,799,30,14885,321,15684,351,0,6,3,166,19,503,1,30,6,"Anderson",76978,144.197043311076,0.0723151645979493,455.974434253943,28.5795941697628,215.646028735483,7.23151645979493
2020-08-07,679,4,663,4,16,0,803,4,14966,81,15769,85,0,6,-21,145,25,528,0,30,6,"Anderson",76978,133.80446361298,0.0711825487944891,110.421159292265,5.19628984904778,188.365507027982,7.11825487944891
2020-08-08,690,11,674,11,16,0,819,16,15286,320,16105,336,0,6,1,146,10,538,0,30,6,"Anderson",76978,118.215594065837,0.0699513381995134,436.488347320014,14.2897970848814,189.664579490244,6.99513381995134
2020-08-09,697,7,681,7,16,0,828,9,15423,137,16251,146,0,6,-9,137,16,554,0,30,6,"Anderson",76978,118.215594065837,0.0706948640483384,189.664579490244,9.09350723583361,177.972927329886,7.06948640483384
2020-08-10,702,5,686,5,16,0,834,6,15562,139,16396,145,0,6,-11,126,16,570,0,30,6,"Anderson",76978,92.2341448205981,0.059662775616083,188.365507027982,6.49536231130973,163.683130245005,5.9662775616083
2020-08-11,723,21,707,21,16,0,856,22,15765,203,16621,225,0,6,9,135,12,582,1,31,6,"Anderson",76978,110.421159292265,0.0699208443271768,292.291304008938,27.2805217075008,175.374782405363,6.99208443271768
2020-08-12,731,8,715,8,16,0,864,8,16005,240,16869,248,0,6,-8,127,16,598,0,31,6,"Anderson",76978,101.327652056432,0.0618489583333333,322.169970640962,10.3925796980956,164.982202707267,6.18489583333333
2020-08-13,749,18,733,18,16,0,888,24,16233,228,17121,252,1,7,3,130,14,612,2,33,6,"Anderson",76978,96.1313622073839,0.0619345859429367,327.36626049001,23.383304320715,168.879420094053,6.19345859429367
2020-08-14,766,17,749,16,17,1,910,22,16562,329,17472,351,0,7,-9,121,26,638,0,33,6,"Anderson",76978,113.019304216789,0.0628302994715208,455.974434253943,22.0842318584531,157.187767933695,6.28302994715208
2020-08-15,776,10,759,10,17,0,922,12,16785,223,17707,235,-1,6,5,126,6,644,0,33,6,"Anderson",76978,111.720231754527,0.0642946317103621,305.282028631557,12.9907246226195,163.683130245005,6.4294631710362
2020-08-16,788,12,771,12,17,0,936,14,16927,142,17863,156,0,6,7,133,5,649,0,33,7,"Anderson",76978,118.215594065837,0.0669975186104218,202.655304112863,15.5888695471433,172.776637480839,6.69975186104218
2020-08-17,792,4,775,4,17,0,939,3,16970,43,17909,46,0,6,-13,120,17,666,0,33,7,"Anderson",76978,116.916521603575,0.069398545935228,59.7573332640495,5.19628984904778,155.888695471433,6.9398545935228
2020-08-18,806,14,789,14,17,0,956,17,17134,164,18090,181,0,6,5,125,9,675,0,33,7,"Anderson",76978,107.823014367741,0.068073519400953,235.132115669412,18.1870144716672,162.384057782743,6.8073519400953
2020-08-19,820,14,803,14,17,0,970,14,17308,174,18278,188,0,6,0,125,14,689,0,33,7,"Anderson",76978,115.617449141313,0.0752306600425834,244.225622905246,18.1870144716672,162.384057782743,7.52306600425834
2020-08-20,835,15,818,15,17,0,986,16,17750,442,18736,458,0,6,5,130,10,699,0,33,8,"Anderson",76978,111.720231754527,0.0606811145510836,594.975187715971,19.4860869339292,168.879420094053,6.06811145510836
2020-08-21,838,3,821,3,17,0,989,3,17786,36,18775,39,1,7,-7,123,9,708,0,33,8,"Anderson",76978,93.53321728286,0.0606293169608596,50.6638260282159,3.89721738678583,159.785912858219,6.06293169608596
2020-08-22,856,18,839,18,17,0,1008,19,18330,544,19338,563,1,8,10,133,7,715,1,34,8,"Anderson",76978,103.925796980956,0.052728387492336,731.377796253475,23.383304320715,172.776637480839,5.2728387492336
2020-08-23,857,1,840,1,17,0,1009,1,18414,84,19423,85,0,8,-5,128,6,721,0,34,8,"Anderson",76978,89.6359998960742,0.0467948717948718,110.421159292265,1.29907246226194,166.281275169529,4.67948717948718
2020-08-24,858,1,840,0,18,1,1009,0,18453,39,19462,39,0,8,-19,109,20,741,0,34,8,"Anderson",76978,85.7387825092884,0.0450740502253702,50.6638260282159,1.29907246226194,141.598898386552,4.50740502253703
2020-08-25,866,8,848,8,18,0,1017,8,18605,152,19622,160,0,8,-2,107,10,751,1,35,8,"Anderson",76978,77.9443477357167,0.0398172323759791,207.851593961911,10.3925796980956,139.000753462028,3.98172323759791
2020-08-26,872,6,854,6,18,0,1023,6,18785,180,19808,186,0,8,-14,93,20,771,0,35,8,"Anderson",76978,67.5517680376211,0.034640522875817,241.627477980722,7.79443477357167,120.813738990361,3.4640522875817
2020-08-27,875,3,857,3,18,0,1026,3,19196,411,20222,414,0,8,-16,77,19,790,0,35,8,"Anderson",76978,51.9628984904778,0.0269179004037685,537.815999376445,3.89721738678583,100.02857959417,2.69179004037685
2020-08-28,875,0,857,0,18,0,1026,0,19234,38,20260,38,0,8,-20,57,20,810,0,35,8,"Anderson",76978,48.065681103692,0.0249158249158249,49.3647535659539,0,74.0471303489309,2.49158249158249
2020-08-29,884,9,865,8,19,1,1034,8,19496,262,20530,270,0,8,3,60,6,816,0,35,8,"Anderson",76978,36.3740289433345,0.0218120805369128,350.749564810725,11.6916521603575,77.9443477357167,2.18120805369128
2020-08-30,900,16,881,16,19,0,1050,16,19579,83,20629,99,0,8,8,68,8,824,0,35,8,"Anderson",76978,55.8601158772636,0.0339966832504146,128.608173763933,20.7851593961911,88.3369274338123,3.39966832504146
2020-08-31,902,2,883,2,19,0,1052,2,19637,58,20689,60,0,8,-15,53,17,841,0,35,8,"Anderson",76978,57.1591883395256,0.0350448247758761,77.9443477357167,2.59814492452389,68.8508404998831,3.50448247758761
2020-09-01,909,7,889,6,20,1,1058,6,19748,111,20806,117,0,8,0,53,7,848,0,35,8,"Anderson",76978,55.8601158772636,0.0346283783783784,151.991478084648,9.09350723583361,68.8508404998831,3.46283783783784
2020-09-02,917,8,895,6,22,2,1068,10,20064,316,21132,326,0,8,5,58,3,851,0,35,8,"Anderson",76978,58.4582608017875,0.033987915407855,423.497622697394,10.3925796980956,75.3462028111928,3.3987915407855
2020-09-03,933,16,909,14,24,2,1084,16,20388,324,21472,340,0,8,10,68,6,857,0,35,9,"Anderson",76978,75.3462028111928,0.0464,441.684637169061,20.7851593961911,88.3369274338123,4.64
2020-09-04,942,9,917,8,25,1,1094,10,20577,189,21671,199,0,8,6,74,3,860,0,35,9,"Anderson",76978,87.0378549715503,0.0481927710843374,258.515419990127,11.6916521603575,96.1313622073839,4.81927710843374
2020-09-05,961,19,936,19,25,0,1115,21,20846,269,21961,290,0,8,16,90,3,863,1,36,10,"Anderson",76978,100.02857959417,0.0566037735849057,376.731014055964,24.682376782977,116.916521603575,5.66037735849057
2020-09-06,963,2,938,2,25,0,1117,2,20902,56,22019,58,0,8,-1,89,3,866,0,36,10,"Anderson",76978,81.8415651225025,0.0482014388489209,75.3462028111928,2.59814492452389,115.617449141313,4.82014388489209
2020-09-07,966,3,941,3,25,0,1122,5,20990,88,22112,93,0,8,-8,81,11,877,0,36,10,"Anderson",76978,83.1406375847645,0.0491918482080112,120.813738990361,3.89721738678583,105.224869443218,4.91918482080112
2020-09-08,975,9,944,3,31,6,1126,4,21165,175,22291,179,1,9,4,85,4,881,0,36,10,"Anderson",76978,85.7387825092884,0.0457912457912458,232.533970744888,11.6916521603575,110.421159292265,4.57912457912458
2020-09-09,984,9,953,9,31,0,1135,9,21406,241,22541,250,0,9,-3,82,12,893,1,37,11,"Anderson",76978,87.0378549715503,0.0475514549325763,324.768115565486,11.6916521603575,106.523941905479,4.75514549325763
2020-09-10,1013,29,981,28,32,1,1165,30,21775,369,22940,399,1,10,25,107,3,896,0,37,11,"Anderson",76978,103.925796980956,0.0551771117166213,518.329912442516,37.6731014055964,139.000753462028,5.51771117166213
2020-09-11,1014,1,982,1,32,0,1167,2,21908,133,23075,135,0,10,-13,94,14,910,0,37,11,"Anderson",76978,93.53321728286,0.051994301994302,175.374782405363,1.29907246226194,122.112811452623,5.1994301994302
2020-09-12,1017,3,985,3,32,0,1172,5,22050,142,23222,147,0,10,-5,89,8,918,0,37,11,"Anderson",76978,72.7480578866689,0.0452022204599524,190.963651952506,3.89721738678583,115.617449141313,4.52022204599524
2020-09-13,1038,21,1005,20,33,1,1193,21,22294,244,23487,265,0,10,16,105,5,923,1,38,11,"Anderson",76978,97.4304346696459,0.0517711171662125,344.254202499415,27.2805217075008,136.402608537504,5.17711171662125
2020-09-14,1044,6,1010,5,34,1,1199,6,22400,106,23599,112,0,10,-7,98,13,936,1,39,11,"Anderson",76978,101.327652056432,0.0517821116341627,145.496115773338,7.79443477357167,127.309101301671,5.17821116341627
2020-09-15,1060,16,1026,16,34,0,1216,17,22640,240,23856,257,1,11,5,103,10,946,1,40,12,"Anderson",76978,110.421159292265,0.0575079872204473,333.86162280132,20.7851593961911,133.80446361298,5.75079872204473
2020-09-16,1068,8,1034,8,34,0,1228,12,22776,136,24004,148,0,11,-5,98,13,959,0,40,12,"Anderson",76978,109.122086830003,0.063568010936432,192.262724414768,10.3925796980956,127.309101301671,6.3568010936432
2020-09-17,1090,22,1054,20,36,2,1248,20,23197,421,24445,441,0,11,15,113,7,966,1,41,12,"Anderson",76978,100.02857959417,0.0551495016611296,572.890955857518,28.5795941697628,146.7951882356,5.51495016611296
2020-09-18,1109,19,1073,19,36,0,1266,18,23421,224,24687,242,0,11,6,119,13,979,0,41,12,"Anderson",76978,123.411883914885,0.0614143920595533,314.375535867391,24.682376782977,154.589623009171,6.14143920595533
2020-09-19,1124,15,1088,15,36,0,1287,21,23703,282,24990,303,0,11,9,128,6,985,1,42,12,"Anderson",76978,139.000753462028,0.0650452488687783,393.618956065369,19.4860869339292,166.281275169529,6.50452488687783
2020-09-20,1131,7,1095,7,36,0,1297,10,23855,152,25152,162,0,11,0,128,7,992,0,42,13,"Anderson",76978,120.813738990361,0.0624624624624625,210.449738886435,9.09350723583361,166.281275169529,6.24624624624625
2020-09-21,1133,2,1097,2,36,0,1299,2,23888,33,25187,35,0,11,-6,122,8,1000,0,42,13,"Anderson",76978,115.617449141313,0.0629722921914358,45.4675361791681,2.59814492452389,158.486840395957,6.29722921914358
2020-09-22,1147,14,1111,14,36,0,1316,17,24136,248,25452,265,0,11,0,122,14,1014,1,43,13,"Anderson",76978,113.019304216789,0.06265664160401,344.254202499415,18.1870144716672,158.486840395957,6.265664160401
2020-09-23,1147,0,1111,0,36,0,1316,0,24177,41,25493,41,0,11,-12,110,12,1026,0,43,13,"Anderson",76978,102.626724518694,0.0591000671591672,53.2619709527397,0,142.897970848814,5.91000671591672
2020-09-24,1160,13,1124,13,36,0,1331,15,24501,324,25832,339,1,12,0,110,12,1038,0,43,13,"Anderson",76978,90.9350723583361,0.0598413842826244,440.385564706799,16.8879420094053,142.897970848814,5.98413842826244
2020-09-25,1174,14,1137,13,37,1,1344,13,24737,236,26081,249,1,13,-2,108,15,1053,0,43,13,"Anderson",76978,84.4397100470264,0.0559540889526542,323.469043103224,18.1870144716672,140.29982592429,5.59540889526542
2020-09-26,1188,14,1151,14,37,0,1361,17,25037,300,26398,317,0,13,8,116,6,1059,0,43,13,"Anderson",76978,83.1406375847645,0.0525568181818182,411.805970537037,18.1870144716672,150.692405622386,5.25568181818182
2020-09-27,1207,19,1168,17,39,2,1377,16,25244,207,26621,223,0,13,12,128,7,1066,0,43,13,"Anderson",76978,98.7295071319078,0.0544588155207624,289.693159084414,24.682376782977,166.281275169529,5.44588155207624
2020-09-28,1210,3,1170,2,40,1,1379,2,25281,37,26660,39,0,13,-9,119,12,1078,0,43,13,"Anderson",76978,100.02857959417,0.0543109300746775,50.6638260282159,3.89721738678583,154.589623009171,5.43109300746775
2020-09-29,1221,11,1180,10,41,1,1389,10,25575,294,26964,304,0,13,-7,112,18,1096,0,43,13,"Anderson",76978,96.1313622073839,0.0482804232804233,394.918028527631,14.2897970848814,145.496115773338,4.82804232804233
2020-09-30,1233,12,1190,10,43,2,1399,10,25641,66,27040,76,0,13,3,115,9,1105,0,43,13,"Anderson",76978,111.720231754527,0.0536522301228184,98.7295071319078,15.5888695471433,149.393333160124,5.36522301228184
2020-10-01,1249,16,1204,14,45,2,1414,15,25921,280,27335,295,0,13,4,119,12,1117,0,43,13,"Anderson",76978,115.617449141313,0.0552228875582169,383.226376367274,20.7851593961911,154.589623009171,5.52228875582169
2020-10-02,1256,7,1210,6,46,1,1421,7,26003,82,27424,89,0,13,1,120,6,1123,0,43,13,"Anderson",76978,106.523941905479,0.0573343261355175,115.617449141313,9.09350723583361,155.888695471433,5.73343261355175
2020-10-03,1272,16,1226,16,46,0,1445,24,26267,264,27712,288,0,13,3,123,13,1136,0,43,13,"Anderson",76978,109.122086830003,0.0639269406392694,374.13286913144,20.7851593961911,159.785912858219,6.39269406392694
2020-10-04,1288,16,1240,14,48,2,1461,16,26604,337,28065,353,0,13,8,131,8,1144,0,43,13,"Anderson",76978,105.224869443218,0.0581717451523546,458.572579178467,20.7851593961911,170.178492556315,5.81717451523546
2020-10-05,1314,26,1265,25,49,1,1488,27,26815,211,28303,238,0,13,11,142,15,1159,1,44,13,"Anderson",76978,135.103536075242,0.0663420572124163,309.179246018343,33.7758840188106,184.468289641196,6.63420572124163
2020-10-06,1342,28,1292,27,50,1,1520,32,27152,337,28672,369,0,13,15,157,13,1172,1,45,13,"Anderson",76978,157.187767933695,0.0766978922716628,479.357738574658,36.3740289433345,203.954376575125,7.66978922716628
2020-10-07,1348,6,1298,6,50,0,1528,8,27387,235,28915,243,0,13,-3,154,9,1181,0,45,13,"Anderson",76978,149.393333160124,0.0688,315.674608329653,7.79443477357167,200.05715918834,6.88
2020-10-08,1358,10,1306,8,52,2,1537,9,27626,239,29163,248,0,13,-3,151,13,1194,1,46,13,"Anderson",76978,141.598898386552,0.0672866520787746,322.169970640962,12.9907246226195,196.159941801554,6.72866520787746
2020-10-09,1373,15,1319,13,54,2,1553,16,27799,173,29352,189,0,13,-2,149,17,1211,0,46,13,"Anderson",76978,151.991478084648,0.0684647302904564,245.524695367508,19.4860869339292,193.56179687703,6.84647302904564
2020-10-10,1389,16,1335,16,54,0,1573,20,28011,212,29584,232,0,13,3,152,13,1224,1,47,14,"Anderson",76978,151.991478084648,0.0683760683760684,301.384811244771,20.7851593961911,197.459014263816,6.83760683760684
2020-10-11,1417,28,1363,28,54,0,1604,31,28300,289,29904,320,0,13,18,170,10,1234,0,47,14,"Anderson",76978,167.580347631791,0.0777596519847743,415.703187923822,36.3740289433345,220.842318584531,7.77596519847743
2020-10-12,1433,16,1378,15,55,1,1620,16,28379,79,29999,95,0,13,-11,159,27,1261,0,47,14,"Anderson",76978,154.589623009171,0.0778301886792453,123.411883914885,20.7851593961911,206.552521499649,7.78301886792453
2020-10-13,1453,20,1396,18,57,2,1638,18,28500,121,30138,139,0,13,7,166,13,1274,0,47,14,"Anderson",76978,144.197043311076,0.0804911323328786,180.57107225441,25.9814492452389,215.646028735483,8.04911323328786
2020-10-14,1475,22,1418,22,57,0,1662,24,28800,300,30462,324,0,13,12,178,10,1284,0,47,14,"Anderson",76978,164.982202707267,0.0866192630898513,420.89947777287,28.5795941697628,231.234898282626,8.66192630898513
2020-10-15,1497,22,1434,16,63,6,1676,14,28951,151,30627,165,0,13,2,180,20,1304,1,48,14,"Anderson",76978,180.57107225441,0.0949453551912568,214.346956273221,28.5795941697628,233.83304320715,9.49453551912568
2020-10-16,1504,7,1437,3,67,4,1680,4,29050,99,30730,103,0,13,-11,169,18,1322,0,48,15,"Anderson",76978,170.178492556315,0.0921625544267054,133.80446361298,9.09350723583361,219.543246122269,9.21625544267054
2020-10-17,1532,28,1464,27,68,1,1710,30,29298,248,31008,278,0,13,14,183,14,1336,2,50,15,"Anderson",76978,185.767362103458,0.0962078651685393,361.142144508821,36.3740289433345,237.730260593936,9.62078651685393
2020-10-18,1552,20,1484,20,68,0,1733,23,29537,239,31270,262,0,13,5,188,15,1351,0,50,15,"Anderson",76978,175.374782405363,0.0944363103953148,340.35698511263,25.9814492452389,244.225622905246,9.44363103953148
2020-10-19,1556,4,1488,4,68,0,1738,5,29614,77,31352,82,0,13,-16,172,20,1371,1,51,15,"Anderson",76978,159.785912858219,0.0872135994087214,106.523941905479,5.19628984904778,223.440463509055,8.72135994087214
2020-10-20,1583,27,1515,27,68,0,1773,35,29813,199,31586,234,0,13,6,178,21,1392,0,51,15,"Anderson",76978,168.879420094053,0.093232044198895,303.982956169295,35.0749564810725,231.234898282626,9.3232044198895
2020-10-21,1600,17,1532,17,68,0,1792,19,30029,216,31821,235,0,13,8,186,9,1401,1,52,15,"Anderson",76978,162.384057782743,0.0956585724797645,305.282028631557,22.0842318584531,241.627477980722,9.56585724797645
2020-10-22,1621,21,1553,21,68,0,1817,25,30361,332,32178,357,1,14,-4,182,24,1425,0,52,15,"Anderson",76978,161.084985320481,0.0909090909090909,463.768869027514,27.2805217075008,236.431188131674,9.09090909090909
2020-10-23,1636,15,1567,14,69,1,1833,16,30636,275,32469,291,0,14,-7,175,22,1447,0,52,15,"Anderson",76978,171.477565018577,0.0879815986198965,378.030086518226,19.4860869339292,227.33768089584,8.79815986198965
2020-10-24,1667,31,1597,30,70,1,1866,33,31012,376,32878,409,0,14,19,194,12,1459,2,54,17,"Anderson",76978,175.374782405363,0.0834224598930481,531.320637065136,40.2712463301203,252.020057678817,8.34224598930481
2020-10-25,1684,17,1613,16,71,1,1885,19,31208,196,33093,215,0,14,0,194,17,1476,4,58,17,"Anderson",76978,171.477565018577,0.0833790455293472,279.300579386318,22.0842318584531,252.020057678817,8.33790455293472
2020-10-26,1700,16,1628,15,72,1,1903,18,31342,134,33245,152,-1,13,-11,183,28,1504,1,59,17,"Anderson",76978,187.06643456572,0.0871632329635499,197.459014263816,20.7851593961911,237.730260593936,8.71632329635499
2020-10-27,1729,29,1652,24,77,5,1927,24,31497,155,33424,179,1,14,10,193,18,1522,2,61,17,"Anderson",76978,189.664579490244,0.0837867247007617,232.533970744888,37.6731014055964,250.720985216555,8.37867247007617
2020-10-28,1785,56,1706,54,79,2,1986,59,31931,434,33917,493,0,14,33,226,23,1545,0,61,17,"Anderson",76978,240.32840551846,0.0925572519083969,640.442723895139,72.7480578866689,293.5903764712,9.25572519083969
2020-10-29,1814,29,1727,21,87,8,2005,19,32137,206,34142,225,0,14,6,232,23,1568,2,63,17,"Anderson",76978,250.720985216555,0.0957230142566191,292.291304008938,37.6731014055964,301.384811244771,9.57230142566191
2020-10-30,1851,37,1761,34,90,3,2043,38,32288,151,34331,189,2,16,20,252,15,1583,1,64,17,"Anderson",76978,279.300579386318,0.112781954887218,245.524695367508,48.065681103692,327.36626049001,11.2781954887218
2020-10-31,1851,0,1761,0,90,0,2043,0,32289,1,34332,1,0,16,-10,242,10,1593,0,64,19,"Anderson",76978,239.029333056198,0.121733149931224,1.29907246226194,0,314.375535867391,12.1733149931224
2020-11-01,1856,5,1766,5,90,0,2051,8,32533,244,34584,252,0,16,-10,232,15,1608,0,64,19,"Anderson",76978,223.440463509055,0.111334674714956,327.36626049001,6.49536231130973,301.384811244771,11.1334674714956
2020-11-02,1889,33,1797,31,92,2,2086,35,32800,267,34886,302,0,16,8,240,25,1633,0,64,20,"Anderson",76978,245.524695367508,0.111517367458867,392.319883603107,42.8693912546442,311.777390942867,11.1517367458867
2020-11-03,1915,26,1822,25,93,1,2111,25,32980,180,35091,205,0,16,6,246,20,1653,0,64,21,"Anderson",76978,241.627477980722,0.110377924415117,266.309854763699,33.7758840188106,319.571825716438,11.0377924415117
2020-11-04,1933,18,1837,15,96,3,2129,18,33059,79,35188,97,2,18,1,247,15,1668,1,65,21,"Anderson",76978,192.262724414768,0.112509834775767,126.010028839409,23.383304320715,320.8708981787,11.2509834775767
2020-11-05,1957,24,1855,18,102,6,2149,20,33158,99,35307,119,0,18,1,248,23,1691,0,65,22,"Anderson",76978,185.767362103458,0.123605150214592,154.589623009171,31.1777390942867,322.169970640962,12.3605150214592
2020-11-06,2006,49,1901,46,105,3,2198,49,33525,367,35723,416,0,18,24,272,25,1716,2,67,23,"Anderson",76978,201.356231650601,0.111350574712644,540.414144300969,63.6545506508353,353.347709735249,11.1350574712644
2020-11-07,2086,80,1978,77,108,3,2275,77,33972,447,36247,524,0,18,50,322,30,1746,0,67,23,"Anderson",76978,305.282028631557,0.121148825065274,680.713970225259,103.925796980956,418.301332848346,12.1148825065274
2020-11-08,2140,54,2029,51,111,3,2337,62,34582,610,36919,672,0,18,39,361,15,1761,1,68,23,"Anderson",76978,368.936579282392,0.122483940042827,872.976694640027,70.149912962145,468.965158876562,12.2483940042827
2020-11-09,2148,8,2036,7,112,1,2346,9,34656,74,37002,83,0,18,-46,315,54,1815,0,68,23,"Anderson",76978,336.459767725844,0.122873345935728,107.823014367741,10.3925796980956,409.207825612513,12.2873345935728
2020-11-10,2167,19,2054,18,113,1,2368,22,34827,171,37195,193,0,18,-16,299,35,1850,1,69,23,"Anderson",76978,327.36626049001,0.122148288973384,250.720985216555,24.682376782977,388.422666216322,12.2148288973384
2020-11-11,2206,39,2090,36,116,3,2410,42,35100,273,37510,315,1,19,13,312,25,1875,1,70,23,"Anderson",76978,354.646782197511,0.121016365202412,409.207825612513,50.6638260282159,405.310608225727,12.1016365202412
2020-11-12,2213,7,2096,6,117,1,2418,8,35298,198,37716,206,0,19,-13,299,20,1895,0,70,24,"Anderson",76978,332.562550339058,0.111664591116646,267.608927225961,9.09350723583361,388.422666216322,11.1664591116646
2020-11-13,2269,56,2149,53,120,3,2477,59,35560,262,38037,321,2,21,31,330,23,1918,2,72,24,"Anderson",76978,341.656057574892,0.12057044079516,417.002260386084,72.7480578866689,428.693912546442,12.057044079516
2020-11-14,2310,41,2189,40,121,1,2522,45,35956,396,38478,441,1,22,20,350,20,1938,1,73,25,"Anderson",76978,290.992231546676,0.110712684894666,572.890955857518,53.2619709527397,454.675361791681,11.0712684894666
2020-11-15,2408,98,2287,98,121,0,2630,108,36538,582,39168,690,1,23,79,429,18,1956,1,74,25,"Anderson",76978,348.151419886201,0.130280124499778,896.359998960742,127.309101301671,557.302086310374,13.0280124499778
2020-11-16,2457,49,2316,29,141,20,2659,29,36815,277,39474,306,0,23,-6,423,55,2011,1,75,25,"Anderson",76978,401.413390838941,0.126618122977346,397.516173452155,63.6545506508353,549.507651536803,12.6618122977346
2020-11-17,2473,16,2331,15,142,1,2675,16,37021,206,39696,222,2,25,-37,386,51,2062,1,76,26,"Anderson",76978,397.516173452155,0.122750899640144,288.394086622152,20.7851593961911,501.441970433111,12.2750899640144
2020-11-18,2503,30,2357,26,146,4,2701,26,37315,294,40016,320,0,25,-5,381,35,2097,0,76,27,"Anderson",76978,385.824521291798,0.116121308858739,415.703187923822,38.9721738678584,494.946608121801,11.6121308858739
2020-11-19,2561,58,2411,54,150,4,2763,62,37731,416,40494,478,0,25,19,400,39,2136,1,77,27,"Anderson",76978,452.077216867157,0.124190064794816,620.95663696121,75.3462028111928,519.628984904778,12.4190064794816
2020-11-20,2591,30,2438,27,153,3,2794,31,37845,114,40639,145,0,25,-10,390,40,2176,0,77,28,"Anderson",76978,418.301332848346,0.121829362029208,188.365507027982,38.9721738678584,506.638260282159,12.1829362029208
2020-11-21,2648,57,2487,49,161,8,2842,48,38189,344,41031,392,0,25,33,423,24,2200,1,78,28,"Anderson",76978,439.086492244537,0.125342734038386,509.236405206682,74.0471303489309,549.507651536803,12.5342734038386
2020-11-22,2704,56,2536,49,168,7,2899,57,38672,483,41571,540,0,25,42,465,14,2214,1,79,31,"Anderson",76978,384.525448829536,0.111943404078236,701.49912962145,72.7480578866689,604.068694951804,11.1943404078236
2020-11-23,2711,7,2542,6,169,1,2905,6,38694,22,41599,28,0,25,-64,401,71,2285,0,79,32,"Anderson",76978,329.964405414534,0.115764705882353,36.3740289433345,9.09350723583361,520.92805736704,11.5764705882353
2020-11-24,2724,13,2554,12,170,1,2917,12,38851,157,41768,169,2,27,-35,366,46,2331,0,79,32,"Anderson",76978,326.067188027748,0.116795366795367,219.543246122269,16.8879420094053,475.460521187872,11.6795366795367
2020-11-25,2752,28,2575,21,177,7,2938,21,38888,37,41826,58,1,28,-11,355,38,2369,0,79,32,"Anderson",76978,323.469043103224,0.130939226519337,75.3462028111928,36.3740289433345,461.170724102991,13.0939226519337
2020-11-26,2797,45,2617,42,180,3,2983,45,39238,350,42221,395,0,28,-30,325,75,2444,1,80,33,"Anderson",76978,306.581101093819,0.127388535031847,513.133622593468,58.4582608017875,422.198550235132,12.7388535031847
2020-11-27,2896,99,2707,90,189,9,3078,95,39664,426,42742,521,0,28,56,381,43,2487,3,83,35,"Anderson",76978,396.217100989893,0.135045173561579,676.816752838473,128.608173763933,494.946608121801,13.5045173561579
2020-11-28,2927,31,2732,25,195,6,3108,30,39807,143,42915,173,1,29,5,386,25,2512,2,85,35,"Anderson",76978,362.441216971083,0.141188959660297,224.739535971316,40.2712463301203,501.441970433111,14.1188959660297
2020-11-29,3018,91,2821,89,197,2,3204,96,40244,437,43448,533,0,29,65,451,26,2538,1,86,35,"Anderson",76978,407.908753150251,0.162493340436867,692.405622385617,118.215594065837,585.881680480137,16.2493340436867
2020-11-30,3088,70,2887,66,201,4,3277,73,40496,252,43773,325,0,29,1,452,69,2607,0,86,37,"Anderson",76978,489.750318272753,0.171113155473781,422.198550235132,90.9350723583361,587.180752942399,17.1113155473781
2020-12-01,3164,76,2953,66,211,10,3349,72,40927,431,44276,503,1,30,14,466,61,2668,6,92,38,"Anderson",76978,571.591883395256,0.172248803827751,653.433448517758,98.7295071319078,605.367767414066,17.2248803827751
2020-12-02,3179,15,2967,14,212,1,3365,16,41035,108,44400,124,0,30,-40,426,55,2723,0,92,38,"Anderson",76978,554.70394138585,0.165889665889666,161.084985320481,19.4860869339292,553.404868923589,16.5889665889666
2020-12-03,3220,41,2996,29,224,12,3398,33,41259,224,44657,257,1,31,-14,412,54,2777,1,93,39,"Anderson",76978,549.507651536803,0.170361247947455,333.86162280132,53.2619709527397,535.217854451921,17.0361247947455
2020-12-04,3287,67,3056,60,231,7,3461,63,41417,158,44878,221,1,32,-25,387,91,2868,0,93,39,"Anderson",76978,507.93733274442,0.179307116104869,287.09501415989,87.0378549715503,502.741042895373,17.9307116104869
2020-12-05,3318,31,3075,19,243,12,3479,18,41484,67,44963,85,0,32,1,388,30,2898,0,93,39,"Anderson",76978,507.93733274442,0.18115234375,110.421159292265,40.2712463301203,504.040115357635,18.115234375
2020-12-06,3354,36,3104,29,250,7,3507,28,41692,208,45199,236,0,32,12,400,24,2922,2,95,40,"Anderson",76978,436.488347320014,0.173043974871502,306.581101093819,46.76660864143,519.628984904778,17.3043974871502
2020-12-07,3494,140,3228,124,266,16,3643,136,42285,593,45928,729,2,34,28,428,110,3032,4,99,41,"Anderson",76978,527.42341967835,0.169837587006961,947.023824988958,181.870144716672,556.003013848112,16.9837587006961
2020-12-08,3565,71,3277,49,288,22,3695,52,42583,298,46278,350,1,35,-8,420,78,3110,2,101,43,"Anderson",76978,520.92805736704,0.172827172827173,454.675361791681,92.2341448205981,545.610434150017,17.2827172827173
2020-12-09,3670,105,3368,91,302,14,3799,104,42844,261,46643,365,0,35,46,466,59,3169,3,104,44,"Anderson",76978,637.844578970615,0.193490860454748,474.16144872561,136.402608537504,605.367767414066,19.3490860454748
2020-12-10,3764,94,3446,78,318,16,3886,87,43376,532,47262,619,3,38,81,547,10,3179,3,107,45,"Anderson",76978,706.695419470498,0.187332053742802,804.125854140144,122.112811452623,710.592636857284,18.7332053742802
2020-12-11,3837,73,3499,53,338,20,3937,51,43542,166,47479,217,1,39,30,577,42,3221,2,109,45,"Anderson",76978,714.48985424407,0.183006535947712,281.898724310842,94.832289745122,749.564810725142,18.3006535947712
2020-12-12,3925,88,3560,61,365,27,4002,65,44055,513,48057,578,0,39,55,632,33,3254,2,111,45,"Anderson",76978,788.536984593001,0.169036845507434,750.863883187404,114.318376679051,821.013796149549,16.9036845507434
2020-12-13,4157,232,3743,183,414,49,4206,204,44927,872,49133,1076,1,40,188,820,43,3297,0,111,47,"Anderson",76978,1043.15518719634,0.177681748856126,1397.80196939385,301.384811244771,1065.23941905479,17.7681748856126
2020-12-14,4272,115,3829,86,443,29,4305,99,45218,291,49523,390,0,40,-37,783,152,3449,1,112,48,"Anderson",76978,1010.67837563979,0.184144645340751,506.638260282159,149.393333160124,1017.1737379511,18.4144645340751
2020-12-15,4407,135,3914,85,493,50,4401,96,45745,527,50146,623,1,41,42,825,92,3541,6,118,51,"Anderson",76978,1093.81901322456,0.182523267838676,809.322143989192,175.374782405363,1071.7347813661,18.2523267838676
2020-12-16,4476,69,3944,30,532,39,4437,36,46068,323,50505,359,2,43,-17,808,84,3625,4,122,52,"Anderson",76978,1047.05240458313,0.165199378560331,466.367013952038,89.6359998960742,1049.65054950765,16.5199378560331
2020-12-17,4677,201,4118,174,559,27,4631,194,46596,528,51227,722,2,45,114,922,85,3710,2,124,54,"Anderson",76978,1186.05315804516,0.187894073139975,937.930317753124,261.113564914651,1197.74481020551,18.7894073139975
2020-12-18,4775,98,4194,76,581,22,4718,87,46962,366,51680,453,1,46,23,945,74,3784,2,126,54,"Anderson",76978,1218.5299696017,0.185908117114973,588.479825404661,127.309101301671,1227.62347683754,18.5908117114973
2020-12-19,4880,105,4275,81,605,24,4805,87,47220,258,52025,345,0,46,74,1019,31,3815,1,127,55,"Anderson",76978,1240.61420146016,0.202368951612903,448.179999480371,136.402608537504,1323.75483904492,20.2368951612903
2020-12-20,5020,140,4397,122,623,18,4942,137,47684,464,52626,601,2,48,84,1103,54,3869,3,130,56,"Anderson",76978,1121.09953493206,0.2107071285428,780.742549819429,181.870144716672,1432.87692587493,21.07071285428
2020-12-21,5068,48,4415,18,653,30,4965,23,47904,220,52869,243,3,51,-83,1020,128,3997,2,132,59,"Anderson",76978,1034.06167996051,0.197250448296473,315.674608329653,62.3554781885734,1325.05391150718,19.7250448296473
2020-12-22,5138,70,4459,44,679,26,5012,47,48010,106,53022,153,1,52,-31,989,100,4097,2,134,64,"Anderson",76978,949.621969913482,0.212447844228095,198.758086726078,90.9350723583361,1284.78266517706,21.2447844228095
2020-12-23,5212,74,4501,42,711,32,5055,43,48326,316,53381,359,2,54,-8,981,80,4177,2,136,66,"Anderson",76978,956.117332224792,0.214881780250348,466.367013952038,96.1313622073839,1274.39008547897,21.4881780250348
2020-12-24,5270,58,4525,24,745,34,5082,27,48478,152,53560,179,1,55,-47,934,104,4281,1,137,71,"Anderson",76978,770.349970121333,0.193313330475782,232.533970744888,75.3462028111928,1213.33367975266,19.3313330475782
2020-12-25,5364,94,4603,78,761,16,5175,93,48887,409,54062,502,0,55,-15,919,109,4390,1,138,72,"Anderson",76978,765.153680272286,0.191855583543241,652.134376055496,122.112811452623,1193.84759281873,19.1855583543241
2020-12-26,5420,56,4632,29,788,27,5203,28,49006,119,54209,147,0,55,6,925,50,4440,3,141,74,"Anderson",76978,701.49912962145,0.182234432234432,190.963651952506,72.7480578866689,1201.6420275923,18.2234432234432
2020-12-27,5480,60,4669,37,811,23,5239,36,49142,136,54381,172,1,56,30,955,29,4469,6,147,75,"Anderson",76978,597.573332640495,0.169230769230769,223.440463509055,77.9443477357167,1240.61420146016,16.9230769230769
2020-12-28,5527,47,4690,21,837,26,5259,20,49211,69,54470,89,2,58,-85,870,130,4599,4,151,82,"Anderson",76978,596.274260178233,0.183635227982511,115.617449141313,61.0564057263114,1130.19304216789,18.3635227982511
2020-12-29,5623,96,4742,52,881,44,5307,48,49306,95,54613,143,2,60,-34,836,128,4727,5,156,85,"Anderson",76978,630.050144197043,0.185417976115651,185.767362103458,124.710956377147,1086.02457845099,18.5417976115651
2020-12-30,5658,35,4760,18,898,17,5324,17,49434,128,54758,145,6,66,-89,747,118,4845,1,157,88,"Anderson",76978,579.386318168827,0.195352214960058,188.365507027982,45.4675361791681,970.407129309673,19.5352214960058
2020-12-31,5821,163,4860,100,961,63,5426,102,49738,304,55164,406,6,72,63,810,94,4939,1,158,93,"Anderson",76978,715.788926706332,0.214463840399002,527.42341967835,211.748811348697,1052.24869443218,21.4463840399002
2021-01-01,5886,65,4902,42,984,23,5481,55,50014,276,55495,331,0,72,-25,785,90,5029,2,160,94,"Anderson",76978,678.115825300735,0.213538032100488,429.992985008704,84.4397100470264,1019.77188287563,21.3538032100488
2021-01-02,5979,93,4943,41,1036,52,5522,41,50299,285,55821,326,0,72,49,834,44,5073,2,162,96,"Anderson",76978,726.181506404427,0.197890818858561,423.497622697394,120.813738990361,1083.42643352646,19.7890818858561
2021-01-03,6004,25,4955,12,1049,13,5538,16,50351,52,55889,68,0,72,-9,825,34,5107,1,163,98,"Anderson",76978,680.713970225259,0.198275862068966,88.3369274338123,32.4768115565486,1071.7347813661,19.8275862068966
2021-01-04,6041,37,4979,24,1062,13,5569,31,50458,107,56027,138,1,73,-57,768,93,5200,0,163,103,"Anderson",76978,667.72324560264,0.199100834938985,179.271999792148,48.065681103692,997.687651017174,19.9100834938985
2021-01-05,6113,72,5010,31,1103,41,5600,31,50576,118,56176,149,2,75,-48,720,118,5318,2,165,106,"Anderson",76978,636.545506508353,0.187460012795905,193.56179687703,93.53321728286,935.3321728286,18.7460012795905
2021-01-06,6187,74,5050,40,1137,34,5643,43,50737,161,56380,204,5,80,-12,708,81,5399,2,167,108,"Anderson",76978,687.209332536569,0.196670776818742,265.010782301437,96.1313622073839,919.743303281457,19.6670776818742
2021-01-07,6292,105,5130,80,1162,25,5735,92,50958,221,56693,313,1,81,65,773,39,5438,1,168,111,"Anderson",76978,611.863129725376,0.202092871157619,406.609680687989,136.402608537504,1004.18301332848,20.2092871157619
2021-01-08,6374,82,5180,50,1194,32,5787,52,51157,199,56944,251,5,86,61,834,16,5454,2,170,114,"Anderson",76978,633.947361583829,0.211180124223602,326.067188027748,106.523941905479,1083.42643352646,21.1180124223602
2021-01-09,6484,110,5249,69,1235,41,5862,75,51588,431,57450,506,2,88,44,878,64,5518,0,170,116,"Anderson",76978,656.031593442282,0.208717004297115,657.330665904544,142.897970848814,1140.58562186599,20.8717004297115
2021-01-10,6544,60,5274,25,1270,35,5887,25,51682,94,57569,119,2,90,28,906,30,5548,3,173,117,"Anderson",76978,701.49912962145,0.207738095238095,154.589623009171,77.9443477357167,1176.95965080932,20.7738095238095
2021-01-11,6577,33,5284,10,1293,23,5900,13,51753,71,57653,84,1,91,-93,813,125,5673,1,174,119,"Anderson",76978,696.302839772403,0.203567035670357,109.122086830003,42.8693912546442,1056.14591181896,20.3567035670357
2021-01-12,6630,53,5318,34,1312,19,5938,38,51925,172,57863,210,2,93,-100,713,151,5824,1,175,119,"Anderson",76978,671.620462989426,0.200355660936574,272.805217075008,68.8508404998831,926.238665592767,20.0355660936574
2021-01-13,6656,26,5335,17,1321,9,5957,19,52015,90,57972,109,3,96,-44,669,67,5891,0,175,120,"Anderson",76978,609.264984800852,0.197236180904523,141.598898386552,33.7758840188106,869.079477253241,19.7236180904523
2021-01-14,6753,97,5397,62,1356,35,6031,74,52422,407,58453,481,5,101,9,678,83,5974,2,177,122,"Anderson",76978,598.872405102757,0.168181818181818,624.853854347995,126.010028839409,880.771129413599,16.8181818181818
2021-01-15,6787,34,5417,20,1370,14,6055,24,52577,155,58632,179,0,101,-16,662,50,6024,1,178,125,"Anderson",76978,536.516926914183,0.158767772511848,232.533970744888,44.1684637169061,859.985970017408,15.8767772511848
2021-01-16,6851,64,5447,30,1404,34,6088,33,52821,244,58909,277,1,102,2,664,61,6085,1,179,128,"Anderson",76978,476.759593650134,0.154900616860864,359.843072046559,83.1406375847645,862.584114941931,15.4900616860864
2021-01-17,6888,37,5467,20,1421,17,6111,23,52925,104,59036,127,0,102,-6,658,43,6128,0,179,130,"Anderson",76978,446.880927018109,0.152692569870484,164.982202707267,48.065681103692,854.78968016836,15.2692569870484
2021-01-18,6907,19,5475,8,1432,11,6121,10,53021,96,59142,106,1,103,-68,590,86,6214,0,179,131,"Anderson",76978,428.693912546442,0.148421759570181,137.701680999766,24.682376782977,766.452752734548,14.8421759570181
2021-01-19,6949,42,5492,17,1457,25,6141,20,53133,112,59274,132,1,104,-78,512,119,6333,0,179,133,"Anderson",76978,414.40411546156,0.143869596031184,171.477565018577,54.5610434150017,665.125100678116,14.3869596031184
2021-01-20,6977,28,5508,16,1469,12,6160,19,53285,152,59445,171,3,107,-29,483,54,6387,0,179,136,"Anderson",76978,417.002260386084,0.137813985064494,222.141391046793,36.3740289433345,627.451999272519,13.7813985064494
2021-01-21,7033,56,5548,40,1485,16,6199,39,53526,241,59725,280,5,112,-42,441,93,6480,2,181,137,"Anderson",76978,363.740289433345,0.132075471698113,363.740289433345,72.7480578866689,572.890955857518,13.2075471698113
2021-01-22,7071,38,5566,18,1505,20,6221,22,53671,145,59892,167,2,114,-16,425,52,6532,0,181,140,"Anderson",76978,368.936579282392,0.131746031746032,216.945101197745,49.3647535659539,552.105796461327,13.1746031746032
2021-01-23,7109,38,5580,14,1529,24,6234,13,53931,260,60165,273,0,114,8,433,30,6562,1,182,140,"Anderson",76978,335.160695263582,0.116242038216561,354.646782197511,49.3647535659539,562.498376159422,11.6242038216561
2021-01-24,7122,13,5592,12,1530,1,6248,14,53998,67,60246,81,0,114,-21,412,34,6596,0,182,142,"Anderson",76978,303.982956169295,0.113223140495868,105.224869443218,16.8879420094053,535.217854451921,11.3223140495868
2021-01-25,7139,17,5603,11,1536,6,6259,11,54058,60,60317,71,2,116,-47,365,62,6658,1,183,144,"Anderson",76978,301.384811244771,0.117446808510638,92.2341448205981,22.0842318584531,474.16144872561,11.7446808510638
2021-01-26,7166,27,5624,21,1542,6,6284,25,54222,164,60506,189,0,116,-36,329,63,6721,1,184,147,"Anderson",76978,281.898724310842,0.116071428571429,245.524695367508,35.0749564810725,427.39484008418,11.6071428571429
2021-01-27,7183,17,5632,8,1551,9,6293,9,54308,86,60601,95,4,120,-17,312,30,6751,0,184,149,"Anderson",76978,267.608927225961,0.115051903114187,123.411883914885,22.0842318584531,405.310608225727,11.5051903114187
2021-01-28,7270,87,5672,40,1598,47,6340,47,54534,226,60874,273,4,124,24,336,59,6810,0,184,150,"Anderson",76978,307.880173556081,0.122715404699739,354.646782197511,113.019304216789,436.488347320014,12.2715404699739
2021-01-29,7283,13,5676,4,1607,9,6345,5,54579,45,60924,50,1,125,-34,302,46,6856,1,185,150,"Anderson",76978,275.403361999532,0.12015503875969,64.9536231130973,16.8879420094053,392.319883603107,12.015503875969
2021-01-30,7323,40,5711,35,1612,5,6381,36,54838,259,61219,295,2,127,1,303,37,6893,2,187,151,"Anderson",76978,278.001506924056,0.139468690702087,383.226376367274,51.9628984904778,393.618956065369,13.9468690702087
2021-01-31,7339,16,5718,7,1621,9,6392,11,55007,169,61399,180,1,128,-4,299,19,6912,0,187,153,"Anderson",76978,281.898724310842,0.12489158716392,233.83304320715,20.7851593961911,388.422666216322,12.489158716392
2021-02-01,7359,20,5730,12,1629,8,6405,13,55060,53,61465,66,1,129,-26,273,45,6957,1,188,155,"Anderson",76978,285.795941697628,0.127177700348432,85.7387825092884,25.9814492452389,354.646782197511,12.7177700348432
2021-02-02,7366,7,5736,6,1630,1,6411,6,55129,69,61540,75,5,134,-45,228,47,7004,0,188,156,"Anderson",76978,259.814492452389,0.122823984526112,97.4304346696459,9.09350723583361,296.188521395723,12.2823984526112
2021-02-03,7388,22,5742,6,1646,16,6421,10,55321,192,61742,202,4,138,1,229,17,7021,0,188,157,"Anderson",76978,266.309854763699,0.112182296231376,262.412637376913,28.5795941697628,297.487593857985,11.2182296231376
2021-02-04,7418,30,5756,14,1662,16,6438,17,55645,324,62083,341,2,140,-5,224,33,7054,0,188,157,"Anderson",76978,192.262724414768,0.0810587262200165,442.983709631323,38.9721738678584,290.992231546676,8.10587262200166
2021-02-05,7436,18,5767,11,1669,7,6455,17,55802,157,62257,174,2,142,-13,211,29,7083,0,188,158,"Anderson",76978,198.758086726078,0.0825206301575394,226.038608433578,23.383304320715,274.10428953727,8.25206301575394
2021-02-06,7462,26,5783,16,1679,10,6475,20,56024,222,62499,242,1,143,8,219,17,7100,1,189,158,"Anderson",76978,180.57107225441,0.0734375,314.375535867391,33.7758840188106,284.496869235366,7.34375
2021-02-07,7475,13,5790,7,1685,6,6483,8,56131,107,62614,115,0,143,-10,209,23,7123,0,189,158,"Anderson",76978,176.673854867625,0.0748971193415638,149.393333160124,16.8879420094053,271.506144612746,7.48971193415638
2021-02-08,7500,25,5796,6,1704,19,6488,5,56153,22,62641,27,2,145,-12,197,35,7158,0,189,158,"Anderson",76978,183.169217178934,0.070578231292517,35.0749564810725,32.4768115565486,255.917275065603,7.0578231292517
2021-02-09,7524,24,5806,10,1718,14,6499,11,56322,169,62821,180,2,147,-24,173,46,7204,2,191,158,"Anderson",76978,205.253449037387,0.068696330991413,233.83304320715,31.1777390942867,224.739535971316,6.8696330991413
2021-02-10,7549,25,5821,15,1728,10,6518,19,56517,195,63035,214,1,148,8,181,16,7220,1,192,158,"Anderson",76978,209.150666424173,0.0750193348801237,278.001506924056,32.4768115565486,235.132115669412,7.50193348801237
2021-02-11,7562,13,5829,8,1733,5,6530,12,56697,180,63227,192,-1,147,-16,165,30,7250,0,192,159,"Anderson",76978,187.06643456572,0.0804195804195804,249.421912754293,16.8879420094053,214.346956273221,8.04195804195804
2021-02-12,7589,27,5844,15,1745,12,6545,15,56891,194,63436,209,0,147,13,178,14,7264,0,192,159,"Anderson",76978,198.758086726078,0.0763358778625954,271.506144612746,35.0749564810725,231.234898282626,7.63358778625954
2021-02-13,7615,26,5854,10,1761,16,6555,10,57080,189,63635,199,0,147,11,189,15,7279,0,192,159,"Anderson",76978,198.758086726078,0.0704225352112676,258.515419990127,33.7758840188106,245.524695367508,7.04225352112676
2021-02-14,7629,14,5864,10,1765,4,6566,11,57141,61,63707,72,2,149,1,190,11,7290,0,192,159,"Anderson",76978,200.05715918834,0.0759377859103385,93.53321728286,18.1870144716672,246.82376782977,7.59377859103385
2021-02-15,7645,16,5872,8,1773,8,6575,9,57214,73,63789,82,0,149,-6,184,22,7312,1,193,160,"Anderson",76978,188.365507027982,0.0757839721254355,106.523941905479,20.7851593961911,239.029333056198,7.57839721254355
2021-02-16,7674,29,5886,14,1788,15,6592,17,57298,84,63890,101,0,149,11,195,18,7330,0,193,160,"Anderson",76978,194.860869339292,0.0869971936389149,131.206318688456,37.6731014055964,253.319130141079,8.69971936389149
2021-02-17,7693,19,5898,12,1795,7,6604,12,57406,108,64010,120,0,149,-8,187,27,7357,0,193,162,"Anderson",76978,187.06643456572,0.0882051282051282,155.888695471433,24.682376782977,242.926550442984,8.82051282051282
2021-02-18,7717,24,5920,22,1797,2,6630,26,57562,156,64192,182,0,149,9,196,15,7372,0,193,162,"Anderson",76978,201.356231650601,0.103626943005181,236.431188131674,31.1777390942867,254.618202603341,10.3626943005181
2021-02-19,7730,13,5931,11,1799,2,6645,15,57608,46,64253,61,0,149,0,196,13,7385,0,193,163,"Anderson",76978,183.169217178934,0.122399020807834,79.2434201979787,16.8879420094053,254.618202603341,12.2399020807834
2021-02-20,7749,19,5938,7,1811,12,6654,9,57730,122,64384,131,1,150,3,199,15,7400,0,193,164,"Anderson",76978,174.075709943101,0.132176234979973,170.178492556315,24.682376782977,258.515419990127,13.2176234979973
2021-02-21,7761,12,5945,7,1816,5,6661,7,57794,64,64455,71,2,152,-1,198,11,7411,1,194,164,"Anderson",76978,171.477565018577,0.127005347593583,92.2341448205981,15.5888695471433,257.216347527865,12.7005347593583
2021-02-22,7766,5,5947,2,1819,3,6667,6,57831,37,64498,43,1,153,-17,181,21,7432,0,194,165,"Anderson",76978,157.187767933695,0.129760225669958,55.8601158772636,6.49536231130973,235.132115669412,12.9760225669958
2021-02-23,7790,24,5956,9,1834,15,6675,8,57974,143,64649,151,2,155,-2,179,24,7456,0,194,167,"Anderson",76978,150.692405622386,0.10935441370224,196.159941801554,31.1777390942867,232.533970744888,10.935441370224
2021-02-24,7822,32,5975,19,1847,13,6698,23,58148,174,64846,197,0,155,15,194,17,7473,0,194,167,"Anderson",76978,167.580347631791,0.11244019138756,255.917275065603,41.5703187923822,252.020057678817,11.244019138756
2021-02-25,7839,17,5983,8,1856,9,6709,11,58275,127,64984,138,1,156,-3,191,19,7492,0,194,167,"Anderson",76978,158.486840395957,0.0997474747474748,179.271999792148,22.0842318584531,248.122840292031,9.97474747474748
2021-02-26,7851,12,5991,8,1860,4,6718,9,58374,99,65092,108,0,156,-17,174,29,7521,0,194,167,"Anderson",76978,157.187767933695,0.0870083432657926,140.29982592429,15.5888695471433,226.038608433578,8.70083432657926
2021-02-27,7860,9,5998,7,1862,2,6724,6,58466,92,65190,98,0,156,-6,168,15,7536,0,194,167,"Anderson",76978,144.197043311076,0.086848635235732,127.309101301671,11.6916521603575,218.244173660007,8.6848635235732
2021-02-28,7874,14,6008,10,1866,4,6735,11,58537,71,65272,82,0,156,0,168,14,7550,0,194,167,"Anderson",76978,146.7951882356,0.0905752753977968,106.523941905479,18.1870144716672,218.244173660007,9.05752753977968
2021-03-01,7882,8,6013,5,1869,3,6742,7,58572,35,65314,42,0,156,-11,157,19,7569,0,194,168,"Anderson",76978,150.692405622386,0.0919117647058824,54.5610434150017,10.3925796980956,203.954376575125,9.19117647058824
2021-03-02,7905,23,6024,11,1881,12,6752,10,58688,116,65440,126,1,157,-2,155,24,7593,1,195,168,"Anderson",76978,149.393333160124,0.0973451327433628,163.683130245005,29.8786666320247,201.356231650601,9.73451327433628
2021-03-03,7938,33,6045,21,1893,12,6777,25,58804,116,65581,141,1,158,13,168,19,7612,0,195,169,"Anderson",76978,150.692405622386,0.107482993197279,183.169217178934,42.8693912546442,218.244173660007,10.7482993197279
2021-03-04,7963,25,6058,13,1905,12,6794,17,58967,163,65761,180,0,158,13,181,12,7624,0,195,169,"Anderson",76978,161.084985320481,0.109395109395109,233.83304320715,32.4768115565486,235.132115669412,10.9395109395109
2021-03-05,7996,33,6075,17,1921,16,6816,22,59101,134,65917,156,0,158,18,199,15,7639,2,197,169,"Anderson",76978,188.365507027982,0.118787878787879,202.655304112863,42.8693912546442,258.515419990127,11.8787878787879
2021-03-06,8006,10,6080,5,1926,5,6824,8,59190,89,66014,97,0,158,-1,198,11,7650,0,197,169,"Anderson",76978,189.664579490244,0.121359223300971,126.010028839409,12.9907246226195,257.216347527865,12.1359223300971
2021-03-07,8012,6,6083,3,1929,3,6827,3,59229,39,66056,42,0,158,-10,188,16,7666,0,197,169,"Anderson",76978,179.271999792148,0.11734693877551,54.5610434150017,7.79443477357167,244.225622905246,11.734693877551
2021-03-08,8028,16,6090,7,1938,9,6836,9,59306,77,66142,86,1,159,-4,184,19,7685,0,197,169,"Anderson",76978,189.664579490244,0.113526570048309,111.720231754527,20.7851593961911,239.029333056198,11.3526570048309
2021-03-09,8049,21,6098,8,1951,13,6844,8,59371,65,66215,73,0,159,3,187,18,7703,3,200,170,"Anderson",76978,187.06643456572,0.118709677419355,94.832289745122,27.2805217075008,242.926550442984,11.8709677419355
2021-03-10,8071,22,6111,13,1960,9,6860,16,59528,157,66388,173,0,159,11,198,11,7714,1,201,170,"Anderson",76978,172.776637480839,0.102850061957869,224.739535971316,28.5795941697628,257.216347527865,10.2850061957869
2021-03-11,8094,23,6121,10,1973,13,6870,10,59625,97,66495,107,0,159,1,199,22,7736,1,202,171,"Anderson",76978,170.178492556315,0.103542234332425,139.000753462028,29.8786666320247,258.515419990127,10.3542234332425
2021-03-12,8114,20,6138,17,1976,3,6890,20,59731,106,66621,126,0,159,8,207,12,7748,0,202,171,"Anderson",76978,153.29055054691,0.105113636363636,163.683130245005,25.9814492452389,268.907999688223,10.5113636363636
2021-03-13,8125,11,6142,4,1983,7,6894,4,59807,76,66701,80,0,159,2,209,9,7757,1,203,171,"Anderson",76978,154.589623009171,0.101892285298399,103.925796980956,14.2897970848814,271.506144612746,10.1892285298399
2021-03-14,8131,6,6146,4,1985,2,6900,6,59843,36,66743,42,0,159,-13,196,19,7776,1,204,171,"Anderson",76978,154.589623009171,0.106259097525473,54.5610434150017,7.79443477357167,254.618202603341,10.6259097525473
2021-03-15,8149,18,6152,6,1997,12,6906,6,59876,33,66782,39,0,159,-9,187,27,7803,1,205,171,"Anderson",76978,157.187767933695,0.109375,50.6638260282159,23.383304320715,242.926550442984,10.9375
2021-03-16,8182,33,6165,13,2017,20,6921,15,59969,93,66890,108,0,159,-2,185,35,7838,2,207,171,"Anderson",76978,172.776637480839,0.114074074074074,140.29982592429,42.8693912546442,240.32840551846,11.4074074074074
2021-03-17,8199,17,6176,11,2023,6,6934,13,60056,87,66990,100,0,159,-5,180,22,7860,0,207,172,"Anderson",76978,166.281275169529,0.122923588039867,129.907246226195,22.0842318584531,233.83304320715,12.2923588039867
2021-03-18,8215,16,6188,12,2027,4,6949,15,60137,81,67086,96,1,160,-1,179,16,7876,0,207,172,"Anderson",76978,157.187767933695,0.133671742808799,124.710956377147,20.7851593961911,232.533970744888,13.3671742808799
2021-03-19,8239,24,6202,14,2037,10,6962,13,60256,119,67218,132,0,160,13,192,11,7887,1,208,172,"Anderson",76978,162.384057782743,0.120603015075377,171.477565018577,31.1777390942867,249.421912754293,12.0603015075377
2021-03-20,8251,12,6208,6,2043,6,6970,8,60295,39,67265,47,0,160,3,195,9,7896,1,209,172,"Anderson",76978,163.683130245005,0.134751773049645,61.0564057263114,15.5888695471433,253.319130141079,13.4751773049645
2021-03-21,8261,10,6214,6,2047,4,6977,7,60357,62,67334,69,-1,159,-5,190,16,7912,0,209,172,"Anderson",76978,168.879420094053,0.130287648054146,89.6359998960742,12.9907246226195,246.82376782977,13.0287648054146
2021-03-22,8267,6,6215,1,2052,5,6978,1,60423,66,67401,67,0,159,-9,181,15,7927,1,210,172,"Anderson",76978,153.29055054691,0.116316639741519,87.0378549715503,7.79443477357167,235.132115669412,11.6316639741519
2021-03-23,8273,6,6216,1,2057,5,6979,1,60466,43,67445,44,0,159,-15,166,21,7948,0,210,173,"Anderson",76978,118.215594065837,0.104504504504505,57.1591883395256,7.79443477357167,215.646028735483,10.4504504504505
2021-03-24,8281,8,6223,7,2058,1,6986,7,60587,121,67573,128,1,160,-11,155,18,7966,0,210,173,"Anderson",76978,106.523941905479,0.0891938250428816,166.281275169529,10.3925796980956,201.356231650601,8.91938250428817
2021-03-25,8291,10,6228,5,2063,5,6992,6,60688,101,67680,107,0,160,-10,145,20,7986,0,210,173,"Anderson",76978,98.7295071319078,0.0723905723905724,139.000753462028,12.9907246226195,188.365507027982,7.23905723905724
2021-03-26,8308,17,6240,12,2068,5,7003,11,60754,66,67757,77,0,160,2,147,15,8001,0,210,174,"Anderson",76978,89.6359998960742,0.0760667903525046,100.02857959417,22.0842318584531,190.963651952506,7.60667903525046
2021-03-27,8312,4,6244,4,2068,0,7009,6,60818,64,67827,70,1,161,-12,135,15,8016,2,212,174,"Anderson",76978,79.2434201979786,0.0693950177935943,90.9350723583361,5.19628984904778,175.374782405363,6.93950177935943
2021-03-28,8315,3,6244,0,2071,3,7009,0,60847,29,67856,29,1,162,-12,123,14,8030,0,212,175,"Anderson",76978,70.149912962145,0.0613026819923372,37.6731014055964,3.89721738678583,159.785912858219,6.13026819923372
2021-03-29,8330,15,6248,4,2082,11,7013,4,60933,86,67946,90,1,163,-16,107,30,8060,0,212,176,"Anderson",76978,81.8415651225025,0.0642201834862385,116.916521603575,19.4860869339292,139.000753462028,6.42201834862385
2021-03-30,8335,5,6251,3,2084,2,7016,3,60991,58,68007,61,1,164,-12,95,16,8076,0,212,176,"Anderson",76978,80.5424926602406,0.0658362989323843,79.2434201979787,6.49536231130973,123.411883914885,6.58362989323843
2021-03-31,8358,23,6265,14,2093,9,7032,16,61155,164,68187,180,1,165,10,105,12,8088,1,213,176,"Anderson",76978,100.02857959417,0.0749185667752443,233.83304320715,29.8786666320247,136.402608537504,7.49185667752443
2021-04-01,8367,9,6269,4,2098,5,7036,4,61212,57,68248,61,0,165,-8,97,17,8105,0,213,176,"Anderson",76978,98.7295071319078,0.0774647887323944,79.2434201979787,11.6916521603575,126.010028839409,7.74647887323944
2021-04-02,8376,9,6276,7,2100,2,7043,7,61282,70,68325,77,0,165,-1,96,10,8115,0,213,176,"Anderson",76978,88.3369274338123,0.0704225352112676,100.02857959417,11.6916521603575,124.710956377147,7.04225352112676
2021-04-03,8382,6,6281,5,2101,1,7049,6,61332,50,68381,56,0,165,-8,88,14,8129,0,213,176,"Anderson",76978,90.9350723583361,0.0722021660649819,72.7480578866689,7.79443477357167,114.318376679051,7.22021660649819
2021-04-04,8384,2,6283,2,2101,0,7051,2,61370,38,68421,40,0,165,-5,83,7,8136,0,213,176,"Anderson",76978,89.6359998960742,0.0743362831858407,51.9628984904778,2.59814492452389,107.823014367741,7.43362831858407
2021-04-05,8398,14,6286,3,2112,11,7053,2,61428,58,68481,60,0,165,4,87,10,8146,2,215,176,"Anderson",76978,88.3369274338123,0.0747663551401869,77.9443477357167,18.1870144716672,113.019304216789,7.47663551401869
2021-04-06,8403,5,6290,4,2113,1,7059,6,61470,42,68529,48,0,165,3,90,2,8148,0,215,176,"Anderson",76978,88.3369274338123,0.0823754789272031,62.3554781885734,6.49536231130973,116.916521603575,8.23754789272031
2021-04-07,8423,20,6303,13,2120,7,7073,14,61629,159,68702,173,0,165,10,100,10,8158,2,217,176,"Anderson",76978,84.4397100470264,0.0796116504854369,224.739535971316,25.9814492452389,129.907246226195,7.96116504854369
2021-04-08,8426,3,6305,2,2121,1,7076,3,61720,91,68796,94,5,170,-17,83,15,8173,1,218,176,"Anderson",76978,76.6452752734548,0.072992700729927,122.112811452623,3.89721738678583,107.823014367741,7.2992700729927
2021-04-09,8434,8,6311,6,2123,2,7085,9,61807,87,68892,96,-4,166,8,91,4,8177,0,218,176,"Anderson",76978,75.3462028111928,0.0740740740740741,124.710956377147,10.3925796980956,118.215594065837,7.40740740740741
2021-04-10,8439,5,6316,5,2123,0,7090,5,61878,71,68968,76,0,166,-6,85,11,8188,0,218,176,"Anderson",76978,74.0471303489309,0.0698466780238501,98.7295071319078,6.49536231130973,110.421159292265,6.98466780238501
2021-04-11,8446,7,6321,5,2125,2,7095,5,61922,44,69017,49,-1,165,0,85,8,8196,0,218,176,"Anderson",76978,80.5424926602406,0.0738255033557047,63.6545506508353,9.09350723583361,110.421159292265,7.38255033557047
2021-04-12,8449,3,6324,3,2125,0,7098,3,61991,69,69089,72,0,165,-7,78,10,8206,0,218,176,"Anderson",76978,66.2526955753592,0.0740131578947368,93.53321728286,3.89721738678583,101.327652056432,7.40131578947368
2021-04-13,8459,10,6329,5,2130,5,7104,6,62052,61,69156,67,5,170,-8,70,13,8219,0,218,176,"Anderson",76978,72.7480578866689,0.0717703349282297,87.0378549715503,12.9907246226195,90.9350723583361,7.17703349282297
2021-04-14,8473,14,6338,9,2135,5,7115,11,62190,138,69305,149,0,170,7,77,7,8226,0,218,176,"Anderson",76978,64.9536231130973,0.0696517412935323,193.56179687703,18.1870144716672,100.02857959417,6.96517412935323
2021-04-15,8482,9,6343,5,2139,4,7120,5,62271,81,69391,86,0,170,6,83,3,8229,0,218,176,"Anderson",76978,72.7480578866689,0.0739495798319328,111.720231754527,11.6916521603575,107.823014367741,7.39495798319328
2021-04-16,8495,13,6354,11,2141,2,7133,13,62424,153,69557,166,0,170,6,89,7,8236,0,218,176,"Anderson",76978,79.2434201979786,0.0721804511278196,215.646028735483,16.8879420094053,115.617449141313,7.21804511278196
2021-04-17,8500,5,6357,3,2143,2,7137,4,62489,65,69626,69,0,170,0,89,5,8241,0,218,176,"Anderson",76978,79.2434201979786,0.0714285714285714,89.6359998960742,6.49536231130973,115.617449141313,7.14285714285714
2021-04-18,8507,7,6363,6,2144,1,7143,6,62534,45,69677,51,0,170,0,89,7,8248,0,218,176,"Anderson",76978,79.2434201979786,0.0727272727272727,66.2526955753592,9.09350723583361,115.617449141313,7.27272727272727
2021-04-19,8513,6,6366,3,2147,3,7146,3,62557,23,69703,26,0,170,-6,83,12,8260,0,218,177,"Anderson",76978,83.1406375847645,0.0781758957654723,33.7758840188106,7.79443477357167,107.823014367741,7.81758957654723
2021-04-20,8519,6,6369,3,2150,3,7149,3,62656,99,69805,102,0,170,-1,82,7,8267,0,218,177,"Anderson",76978,77.9443477357167,0.0693374422187981,132.505391150718,7.79443477357167,106.523941905479,6.93374422187981
2021-04-21,8531,12,6375,6,2156,6,7155,6,62811,155,69966,161,1,171,-2,80,13,8280,0,218,177,"Anderson",76978,75.3462028111928,0.0605143721633888,209.150666424173,15.5888695471433,103.925796980956,6.05143721633888
2021-04-22,8549,18,6381,6,2168,12,7162,7,62955,144,70117,151,0,171,12,92,6,8286,0,218,177,"Anderson",76978,87.0378549715503,0.0578512396694215,196.159941801554,23.383304320715,119.514666528099,5.78512396694215
2021-04-23,8559,10,6386,5,2173,5,7168,6,63121,166,70289,172,0,171,8,100,2,8288,0,218,177,"Anderson",76978,83.1406375847645,0.0478142076502732,223.440463509055,12.9907246226195,129.907246226195,4.78142076502732
2021-04-24,8571,12,6392,6,2179,6,7175,7,63188,67,70363,74,0,171,8,108,4,8292,1,219,177,"Anderson",76978,92.2341448205981,0.0515603799185889,96.1313622073839,15.5888695471433,140.29982592429,5.15603799185889
2021-04-25,8575,4,6394,2,2181,2,7177,2,63228,40,70405,42,0,171,0,108,4,8296,0,219,177,"Anderson",76978,88.3369274338123,0.0467032967032967,54.5610434150017,5.19628984904778,140.29982592429,4.67032967032967
2021-04-26,8584,9,6398,4,2186,5,7181,4,63303,75,70484,79,0,171,2,110,7,8303,0,219,178,"Anderson",76978,92.2341448205981,0.0448143405889885,102.626724518694,11.6916521603575,142.897970848814,4.48143405889885
2021-04-27,8594,10,6404,6,2190,4,7187,6,63371,68,70558,74,0,171,-3,107,13,8316,0,219,178,"Anderson",76978,97.4304346696459,0.050464807436919,96.1313622073839,12.9907246226195,139.000753462028,5.0464807436919
2021-04-28,8611,17,6416,12,2195,5,7200,13,63509,138,70709,151,0,171,1,108,16,8332,1,220,179,"Anderson",76978,103.925796980956,0.0605652759084791,196.159941801554,22.0842318584531,140.29982592429,6.05652759084791
2021-04-29,8617,6,6418,2,2199,4,7203,3,63658,149,70861,152,0,171,-1,107,7,8339,0,220,179,"Anderson",76978,88.3369274338123,0.0551075268817204,197.459014263816,7.79443477357167,139.000753462028,5.51075268817204
2021-04-30,8624,7,6421,3,2203,4,7207,4,63780,122,70987,126,0,171,-2,105,9,8348,0,220,179,"Anderson",76978,84.4397100470264,0.0558739255014327,163.683130245005,9.09350723583361,136.402608537504,5.58739255014327
2021-05-01,8629,5,6424,3,2205,2,7210,3,63843,63,71053,66,0,171,-1,104,6,8354,1,221,179,"Anderson",76978,75.3462028111928,0.0507246376811594,85.7387825092884,6.49536231130973,135.103536075242,5.07246376811594
2021-05-02,8632,3,6425,1,2207,2,7211,1,63894,51,71105,52,0,171,-7,97,10,8364,0,221,179,"Anderson",76978,74.0471303489309,0.0485714285714286,67.5517680376211,3.89721738678583,126.010028839409,4.85714285714286
2021-05-03,8642,10,6430,5,2212,5,7216,5,64000,106,71216,111,0,171,-3,94,13,8377,0,221,179,"Anderson",76978,75.3462028111928,0.0478142076502732,144.197043311076,12.9907246226195,122.112811452623,4.78142076502732
2021-05-04,8644,2,6430,0,2214,2,7217,1,64076,76,71293,77,0,171,-11,83,13,8390,0,221,179,"Anderson",76978,64.9536231130973,0.0408163265306122,100.02857959417,2.59814492452389,107.823014367741,4.08163265306122
2021-05-05,8652,8,6434,4,2218,4,7220,3,64193,117,71413,120,0,171,-3,80,11,8401,0,221,179,"Anderson",76978,53.2619709527397,0.0284090909090909,155.888695471433,10.3925796980956,103.925796980956,2.84090909090909
2021-05-06,8657,5,6437,3,2220,2,7226,6,64245,52,71471,58,0,171,-4,76,9,8410,1,222,179,"Anderson",76978,51.9628984904778,0.0377049180327869,75.3462028111928,6.49536231130973,98.7295071319078,3.77049180327869
2021-05-07,8662,5,6439,2,2223,3,7229,3,64366,121,71595,124,0,171,-4,72,9,8419,0,222,179,"Anderson",76978,49.3647535659539,0.0361842105263158,161.084985320481,6.49536231130973,93.53321728286,3.61842105263158
2021-05-08,8668,6,6442,3,2226,3,7231,2,64435,69,71666,71,0,171,-6,66,12,8431,1,223,180,"Anderson",76978,50.6638260282159,0.034257748776509,92.2341448205981,7.79443477357167,85.7387825092884,3.4257748776509
2021-05-09,8669,1,6442,0,2227,1,7232,1,64463,28,71695,29,0,171,-4,62,5,8436,0,223,180,"Anderson",76978,48.065681103692,0.0355932203389831,37.6731014055964,1.29907246226194,80.5424926602406,3.55932203389831
2021-05-10,8674,5,6442,0,2232,5,7232,0,64551,88,71783,88,0,171,-5,57,10,8446,0,223,180,"Anderson",76978,41.5703187923822,0.0282186948853616,114.318376679051,6.49536231130973,74.0471303489309,2.82186948853616
2021-05-11,8682,8,6443,1,2239,7,7234,2,64593,42,71827,44,0,171,3,60,5,8451,0,223,180,"Anderson",76978,49.3647535659539,0.0318352059925094,57.1591883395256,10.3925796980956,77.9443477357167,3.18352059925094
2021-05-12,8695,13,6450,7,2245,6,7240,6,64697,104,71937,110,0,171,8,68,5,8456,2,225,180,"Anderson",76978,55.8601158772636,0.0381679389312977,142.897970848814,16.8879420094053,88.3369274338123,3.81679389312977
2021-05-13,8699,4,6452,2,2247,2,7242,2,64800,103,72042,105,0,171,-3,65,7,8463,2,227,180,"Anderson",76978,54.5610434150017,0.0280210157618214,136.402608537504,5.19628984904778,84.4397100470264,2.80210157618214
2021-05-14,8707,8,6455,3,2252,5,7247,5,64887,87,72134,92,0,171,2,67,6,8469,0,227,180,"Anderson",76978,58.4582608017875,0.0333951762523191,119.514666528099,10.3925796980956,87.0378549715503,3.33951762523191
2021-05-15,8712,5,6457,2,2255,3,7249,2,64952,65,72201,67,0,171,1,68,4,8473,0,227,180,"Anderson",76978,57.1591883395256,0.0336448598130841,87.0378549715503,6.49536231130973,88.3369274338123,3.36448598130841
2021-05-16,8714,2,6458,1,2256,1,7250,1,64988,36,72238,37,0,171,-5,63,7,8480,0,227,180,"Anderson",76978,58.4582608017875,0.0331491712707182,48.065681103692,2.59814492452389,81.8415651225025,3.31491712707182
2021-05-17,8720,6,6463,5,2257,1,7255,5,65047,59,72302,64,1,172,0,63,5,8485,0,227,180,"Anderson",76978,59.7573332640495,0.0443159922928709,83.1406375847645,7.79443477357167,81.8415651225025,4.43159922928709
2021-05-18,8724,4,6463,0,2261,4,7255,0,65138,91,72393,91,0,172,0,63,4,8489,1,228,180,"Anderson",76978,54.5610434150017,0.0371024734982332,118.215594065837,5.19628984904778,81.8415651225025,3.71024734982332
2021-05-19,8731,7,6468,5,2263,2,7261,6,65257,119,72518,125,0,172,5,68,2,8491,0,228,180,"Anderson",76978,46.76660864143,0.036144578313253,162.384057782743,9.09350723583361,88.3369274338123,3.6144578313253
2021-05-20,8733,2,6470,2,2263,0,7263,2,65376,119,72639,121,0,172,-1,67,3,8494,0,228,180,"Anderson",76978,44.1684637169061,0.0351758793969849,157.187767933695,2.59814492452389,87.0378549715503,3.51758793969849
2021-05-21,8735,2,6470,0,2265,2,7263,0,65446,70,72709,70,0,172,-7,60,9,8503,0,228,180,"Anderson",76978,36.3740289433345,0.0278260869565217,90.9350723583361,2.59814492452389,77.9443477357167,2.78260869565217
2021-05-22,8740,5,6472,2,2268,3,7265,2,65486,40,72751,42,0,172,-3,57,8,8511,0,228,180,"Anderson",76978,36.3740289433345,0.0290909090909091,54.5610434150017,6.49536231130973,74.0471303489309,2.90909090909091
2021-05-23,8740,0,6472,0,2268,0,7265,0,65515,29,72780,29,0,172,-3,54,3,8514,0,228,180,"Anderson",76978,33.7758840188106,0.0276752767527675,37.6731014055964,0,70.149912962145,2.76752767527675
2021-05-24,8748,8,6476,4,2272,4,7268,3,65574,59,72842,62,0,172,1,55,7,8521,0,228,180,"Anderson",76978,36.3740289433345,0.0240740740740741,80.5424926602406,10.3925796980956,71.448985424407,2.40740740740741
2021-05-25,8750,2,6476,0,2274,2,7269,1,65619,45,72888,46,0,172,-10,45,12,8533,0,228,180,"Anderson",76978,33.7758840188106,0.0282828282828283,59.7573332640495,2.59814492452389,58.4582608017875,2.82828282828283
2021-05-26,8757,7,6481,5,2276,2,7275,6,65719,100,72994,106,0,172,0,45,7,8540,0,228,180,"Anderson",76978,33.7758840188106,0.0294117647058824,137.701680999766,9.09350723583361,58.4582608017875,2.94117647058824
2021-05-27,8759,2,6482,1,2277,1,7276,1,65769,50,73045,51,0,172,-1,44,3,8543,1,229,180,"Anderson",76978,33.7758840188106,0.0320197044334975,66.2526955753592,2.59814492452389,57.1591883395256,3.20197044334975
2021-05-28,8764,5,6486,4,2278,1,7281,5,65852,83,73133,88,0,172,0,44,5,8548,0,229,180,"Anderson",76978,37.6731014055964,0.0424528301886792,114.318376679051,6.49536231130973,57.1591883395256,4.24528301886792
2021-05-29,8765,1,6486,0,2279,1,7281,0,65889,37,73170,37,0,172,-5,39,6,8554,0,229,180,"Anderson",76978,32.4768115565486,0.0381861575178998,48.065681103692,1.29907246226194,50.6638260282159,3.81861575178998
2021-05-30,8768,3,6487,1,2281,2,7282,1,65939,50,73221,51,0,172,0,39,3,8557,0,229,180,"Anderson",76978,36.3740289433345,0.0385487528344671,66.2526955753592,3.89721738678583,50.6638260282159,3.85487528344671
2021-05-31,8772,4,6490,3,2282,1,7285,3,65990,51,73275,54,0,172,1,40,3,8560,0,229,180,"Anderson",76978,31.1777390942867,0.0392609699769053,70.149912962145,5.19628984904778,51.9628984904778,3.92609699769053
2021-06-01,8775,3,6492,2,2283,1,7286,1,66038,48,73324,49,0,172,1,41,2,8562,1,230,180,"Anderson",76978,32.4768115565486,0.0389908256880734,63.6545506508353,3.89721738678583,53.2619709527397,3.89908256880734
2021-06-02,8779,4,6493,1,2286,3,7288,2,66079,41,73367,43,0,172,-2,39,6,8568,0,230,180,"Anderson",76978,28.5795941697628,0.0348525469168901,55.8601158772636,5.19628984904778,50.6638260282159,3.48525469168901
2021-06-03,8780,1,6493,0,2287,1,7291,3,66169,90,73460,93,1,173,-3,36,3,8571,0,230,181,"Anderson",76978,27.2805217075008,0.036144578313253,120.813738990361,1.29907246226194,46.76660864143,3.6144578313253
2021-06-04,8781,1,6494,1,2287,0,7293,2,66222,53,73515,55,-1,172,-2,34,4,8575,0,230,181,"Anderson",76978,22.0842318584531,0.031413612565445,71.448985424407,1.29907246226194,44.1684637169061,3.1413612565445
2021-06-05,8782,1,6495,1,2287,0,7294,1,66279,57,73573,58,0,172,-3,31,4,8579,0,230,181,"Anderson",76978,22.0842318584531,0.032258064516129,75.3462028111928,1.29907246226194,40.2712463301203,3.2258064516129
2021-06-06,8782,0,6495,0,2287,0,7294,0,66304,25,73598,25,0,172,-4,27,4,8583,0,230,181,"Anderson",76978,18.1870144716672,0.0318302387267905,32.4768115565486,0,35.0749564810725,3.18302387267904
2021-06-07,8783,1,6495,0,2288,1,7294,0,66368,64,73662,64,0,172,-1,26,2,8585,0,230,181,"Anderson",76978,14.2897970848814,0.0232558139534884,83.1406375847645,1.29907246226194,33.7758840188106,2.32558139534884
2021-06-08,8784,1,6495,0,2289,1,7294,0,66405,37,73699,37,0,172,-1,25,2,8587,1,231,182,"Anderson",76978,11.6916521603575,0.0213333333333333,48.065681103692,1.29907246226194,32.4768115565486,2.13333333333333
2021-06-09,8784,0,6495,0,2289,0,7294,0,66487,82,73781,82,0,172,-4,21,4,8591,0,231,182,"Anderson",76978,6.49536231130972,0.0144927536231884,106.523941905479,0,27.2805217075008,1.44927536231884
2021-06-10,8788,4,6496,1,2292,3,7295,1,66544,57,73839,58,0,172,4,25,0,8591,0,231,182,"Anderson",76978,10.3925796980956,0.0105540897097625,75.3462028111928,5.19628984904778,32.4768115565486,1.05540897097625
2021-06-11,8789,1,6496,0,2293,1,7296,1,66599,55,73895,56,1,173,-3,22,3,8594,0,231,182,"Anderson",76978,10.3925796980956,0.00789473684210526,72.7480578866689,1.29907246226194,28.5795941697628,0.789473684210526
2021-06-12,8790,1,6496,0,2294,1,7297,1,66654,55,73951,56,2,175,-4,18,3,8597,0,231,182,"Anderson",76978,10.3925796980956,0.00793650793650794,72.7480578866689,1.29907246226194,23.383304320715,0.793650793650794
2021-06-13,8791,1,6496,0,2295,1,7298,1,66692,38,73990,39,0,175,-3,15,4,8601,0,231,182,"Anderson",76978,11.6916521603575,0.0102040816326531,50.6638260282159,1.29907246226194,19.4860869339292,1.02040816326531
2021-06-14,8793,2,6498,2,2295,0,7300,2,66778,86,74078,88,0,175,1,16,1,8602,0,231,182,"Anderson",76978,12.9907246226194,0.0144230769230769,114.318376679051,2.59814492452389,20.7851593961911,1.44230769230769
2021-06-15,8793,0,6498,0,2295,0,7301,1,66809,31,74110,32,0,175,-1,15,1,8603,0,231,182,"Anderson",76978,11.6916521603575,0.0170316301703163,41.5703187923822,0,19.4860869339292,1.70316301703163
2021-06-16,8794,1,6499,1,2295,0,7302,1,66853,44,74155,45,0,175,0,15,1,8604,0,231,182,"Anderson",76978,12.9907246226194,0.0213903743315508,58.4582608017875,1.29907246226194,19.4860869339292,2.13903743315508
2021-06-17,8794,0,6499,0,2295,0,7302,0,66939,86,74241,86,0,175,-1,14,1,8605,0,231,182,"Anderson",76978,7.79443477357167,0.0174129353233831,111.720231754527,0,18.1870144716672,1.74129353233831
2021-06-18,8796,2,6500,1,2296,1,7306,4,66989,50,74295,54,0,175,1,15,1,8606,0,231,182,"Anderson",76978,9.09350723583361,0.025,70.149912962145,2.59814492452389,19.4860869339292,2.5
2021-06-19,8796,0,6500,0,2296,0,7306,0,67037,48,74343,48,0,175,-1,14,1,8607,0,231,182,"Anderson",76978,7.79443477357167,0.0229591836734694,62.3554781885734,0,18.1870144716672,2.29591836734694
2021-06-20,8796,0,6500,0,2296,0,7307,1,67060,23,74367,24,0,175,-2,12,2,8609,0,231,182,"Anderson",76978,6.49536231130972,0.0238726790450928,31.1777390942867,0,15.5888695471433,2.38726790450928
2021-06-21,8797,1,6500,0,2297,1,7307,0,67100,40,74407,40,0,175,0,12,1,8610,0,231,182,"Anderson",76978,5.19628984904778,0.0212765957446809,51.9628984904778,1.29907246226194,15.5888695471433,2.12765957446809
2021-06-22,8801,4,6501,1,2300,3,7307,0,67142,42,74449,42,0,175,2,14,2,8612,1,232,182,"Anderson",76978,10.3925796980956,0.0176991150442478,54.5610434150017,5.19628984904778,18.1870144716672,1.76991150442478
2021-06-23,8802,1,6502,1,2300,0,7308,1,67190,48,74498,49,0,175,1,15,0,8612,0,232,182,"Anderson",76978,10.3925796980956,0.0174927113702624,63.6545506508353,1.29907246226194,19.4860869339292,1.74927113702624
2021-06-24,8802,0,6502,0,2300,0,7309,1,67235,45,74544,46,0,175,-3,12,3,8615,0,232,182,"Anderson",76978,10.3925796980956,0.0231023102310231,59.7573332640495,0,15.5888695471433,2.31023102310231
2021-06-25,8803,1,6503,1,2300,0,7310,1,67271,36,74581,37,0,175,1,13,0,8615,0,232,182,"Anderson",76978,9.09350723583361,0.013986013986014,48.065681103692,1.29907246226194,16.8879420094053,1.3986013986014
2021-06-26,8804,1,6504,1,2300,0,7311,1,67304,33,74615,34,0,175,0,13,1,8616,0,232,182,"Anderson",76978,10.3925796980956,0.0183823529411765,44.1684637169061,1.29907246226194,16.8879420094053,1.83823529411765
2021-06-27,8804,0,6504,0,2300,0,7311,0,67336,32,74647,32,0,175,0,13,0,8616,0,232,182,"Anderson",76978,10.3925796980956,0.0142857142857143,41.5703187923822,0,16.8879420094053,1.42857142857143
2021-06-28,8805,1,6504,0,2301,1,7312,1,67352,16,74664,17,0,175,1,14,0,8616,0,232,182,"Anderson",76978,10.3925796980956,0.0194552529182879,22.0842318584531,1.29907246226194,18.1870144716672,1.94552529182879
2021-06-29,8808,3,6507,3,2301,0,7315,3,67411,59,74726,62,0,175,2,16,1,8617,0,232,182,"Anderson",76978,9.09350723583361,0.0288808664259928,80.5424926602406,3.89721738678583,20.7851593961911,2.88808664259928
2021-06-30,8808,0,6507,0,2301,0,7315,0,67457,46,74772,46,0,175,-1,15,1,8618,0,232,182,"Anderson",76978,7.79443477357167,0.0255474452554745,59.7573332640495,0,19.4860869339292,2.55474452554745
2021-07-01,8809,1,6508,1,2301,0,7316,1,67494,37,74810,38,0,175,1,16,0,8618,0,232,182,"Anderson",76978,9.09350723583361,0.0263157894736842,49.3647535659539,1.29907246226194,20.7851593961911,2.63157894736842
2021-07-02,8809,0,6508,0,2301,0,7316,0,67537,43,74853,43,0,175,0,16,0,8618,0,232,182,"Anderson",76978,7.79443477357167,0.0220588235294118,55.8601158772636,0,20.7851593961911,2.20588235294118
2021-07-03,8809,0,6508,0,2301,0,7316,0,67558,21,74874,21,0,175,-1,15,1,8619,0,232,182,"Anderson",76978,6.49536231130972,0.0193050193050193,27.2805217075008,0,19.4860869339292,1.93050193050193
2021-07-04,8810,1,6508,0,2302,1,7317,1,67583,25,74900,26,0,175,0,15,1,8620,0,232,182,"Anderson",76978,7.79443477357167,0.0237154150197628,33.7758840188106,1.29907246226194,19.4860869339292,2.37154150197628
2021-07-05,8810,0,6508,0,2302,0,7318,1,67598,15,74916,16,0,175,-1,14,1,8621,0,232,182,"Anderson",76978,6.49536231130972,0.0238095238095238,20.7851593961911,0,18.1870144716672,2.38095238095238
2021-07-06,8811,1,6508,0,2303,1,7318,0,67628,30,74946,30,1,176,-3,11,3,8624,0,232,182,"Anderson",76978,3.89721738678583,0.0136363636363636,38.9721738678584,1.29907246226194,14.2897970848814,1.36363636363636
2021-07-07,8812,1,6508,0,2304,1,7318,0,67674,46,74992,46,0,176,-2,9,3,8627,0,232,182,"Anderson",76978,5.19628984904778,0.0136363636363636,59.7573332640495,1.29907246226194,11.6916521603575,1.36363636363636
2021-07-08,8813,1,6509,1,2304,0,7319,1,67715,41,75034,42,0,176,-1,8,2,8629,0,232,182,"Anderson",76978,5.19628984904778,0.0133928571428571,54.5610434150017,1.29907246226194,10.3925796980956,1.33928571428571
2021-07-09,8815,2,6510,1,2305,1,7320,1,67759,44,75079,45,0,176,1,9,1,8630,0,232,182,"Anderson",76978,7.79443477357167,0.0176991150442478,58.4582608017875,2.59814492452389,11.6916521603575,1.76991150442478
2021-07-10,8817,2,6511,1,2306,1,7321,1,67781,22,75102,23,0,176,2,11,0,8630,1,233,182,"Anderson",76978,10.3925796980956,0.0219298245614035,29.8786666320247,2.59814492452389,14.2897970848814,2.19298245614035
2021-07-11,8817,0,6511,0,2306,0,7321,0,67796,15,75117,15,0,176,0,11,0,8630,0,233,182,"Anderson",76978,9.09350723583361,0.0184331797235023,19.4860869339292,0,14.2897970848814,1.84331797235023
2021-07-12,8825,8,6515,4,2310,4,7325,4,67832,36,75157,40,0,176,7,18,1,8631,1,234,182,"Anderson",76978,19.4860869339292,0.029045643153527,51.9628984904778,10.3925796980956,23.383304320715,2.9045643153527
2021-07-13,8826,1,6515,0,2311,1,7325,0,67853,21,75178,21,0,176,0,18,1,8632,0,234,184,"Anderson",76978,19.4860869339292,0.0301724137931034,27.2805217075008,1.29907246226194,23.383304320715,3.01724137931034
2021-07-14,8831,5,6520,5,2311,0,7330,5,67907,54,75237,59,0,176,5,23,0,8632,1,235,184,"Anderson",76978,24.682376782977,0.0489795918367347,76.6452752734548,6.49536231130973,29.8786666320247,4.89795918367347
2021-07-15,8834,3,6523,3,2311,0,7332,2,67940,33,75272,35,0,176,3,26,0,8632,0,235,184,"Anderson",76978,27.2805217075008,0.0546218487394958,45.4675361791681,3.89721738678583,33.7758840188106,5.46218487394958
2021-07-16,8844,10,6525,2,2319,8,7333,1,67968,28,75301,29,0,176,10,36,0,8632,0,235,184,"Anderson",76978,37.6731014055964,0.0585585585585586,37.6731014055964,12.9907246226195,46.76660864143,5.85585585585586
2021-07-17,8849,5,6526,1,2323,4,7334,1,68004,36,75338,37,0,176,4,40,1,8633,0,235,184,"Anderson",76978,41.5703187923822,0.0550847457627119,48.065681103692,6.49536231130973,51.9628984904778,5.50847457627119
2021-07-18,8852,3,6528,2,2324,1,7336,2,68024,20,75360,22,0,176,-1,39,4,8637,0,235,184,"Anderson",76978,45.4675361791681,0.0617283950617284,28.5795941697628,3.89721738678583,50.6638260282159,6.17283950617284
2021-07-19,8857,5,6532,4,2325,1,7340,4,68058,34,75398,38,1,177,2,41,2,8639,0,235,184,"Anderson",76978,41.5703187923822,0.0622406639004149,49.3647535659539,6.49536231130973,53.2619709527397,6.22406639004149
2021-07-20,8872,15,6543,11,2329,4,7351,11,68093,35,75444,46,0,177,10,51,5,8644,1,236,184,"Anderson",76978,59.7573332640495,0.0977443609022556,59.7573332640495,19.4860869339292,66.2526955753592,9.77443609022556
2021-07-21,8879,7,6547,4,2332,3,7356,5,68178,85,75534,90,0,177,6,57,1,8645,0,236,185,"Anderson",76978,62.3554781885734,0.0875420875420875,116.916521603575,9.09350723583361,74.0471303489309,8.75420875420875
2021-07-22,8889,10,6552,5,2337,5,7360,4,68234,56,75594,60,0,177,9,66,1,8646,0,236,185,"Anderson",76978,71.448985424407,0.0869565217391304,77.9443477357167,12.9907246226195,85.7387825092884,8.69565217391304
2021-07-23,8899,10,6556,4,2343,6,7365,5,68305,71,75670,76,0,177,10,76,0,8646,0,236,185,"Anderson",76978,71.448985424407,0.0867208672086721,98.7295071319078,12.9907246226195,98.7295071319078,8.67208672086721
2021-07-24,8907,8,6560,4,2347,4,7369,4,68359,54,75728,58,0,177,7,83,1,8647,0,236,186,"Anderson",76978,75.3462028111928,0.0897435897435897,75.3462028111928,10.3925796980956,107.823014367741,8.97435897435897
2021-07-25,8912,5,6563,3,2349,2,7370,1,68381,22,75751,23,0,177,2,85,3,8650,0,236,186,"Anderson",76978,77.9443477357167,0.0869565217391304,29.8786666320247,6.49536231130973,110.421159292265,8.69565217391304
2021-07-26,8935,23,6572,9,2363,14,7378,8,68431,50,75809,58,2,179,13,98,8,8658,0,236,186,"Anderson",76978,101.327652056432,0.0924574209245742,75.3462028111928,29.8786666320247,127.309101301671,9.24574209245742
2021-07-27,8950,15,6577,5,2373,10,7383,5,68484,53,75867,58,0,179,12,110,3,8661,0,236,186,"Anderson",76978,101.327652056432,0.0756501182033097,75.3462028111928,19.4860869339292,142.897970848814,7.56501182033097
2021-07-28,8970,20,6585,8,2385,12,7395,12,68567,83,75962,95,0,179,14,124,6,8667,0,236,186,"Anderson",76978,118.215594065837,0.0911214953271028,123.411883914885,25.9814492452389,161.084985320481,9.11214953271028
2021-07-29,8982,12,6595,10,2387,2,7407,12,68616,49,76023,61,0,179,8,132,4,8671,0,236,186,"Anderson",76978,120.813738990361,0.10955710955711,79.2434201979787,15.5888695471433,171.477565018577,10.955710955711
2021-07-30,9013,31,6616,21,2397,10,7430,23,68665,49,76095,72,0,179,19,151,12,8683,1,237,186,"Anderson",76978,148.094260697862,0.152941176470588,93.53321728286,40.2712463301203,196.159941801554,15.2941176470588
2021-07-31,9026,13,6622,6,2404,7,7436,6,68707,42,76143,48,0,179,8,159,5,8688,0,237,186,"Anderson",76978,154.589623009171,0.16144578313253,62.3554781885734,16.8879420094053,206.552521499649,16.144578313253
2021-08-01,9045,19,6633,11,2412,8,7451,15,68746,39,76197,54,0,179,14,173,5,8693,0,237,186,"Anderson",76978,172.776637480839,0.181614349775785,70.149912962145,24.682376782977,224.739535971316,18.1614349775785
2021-08-02,9056,11,6638,5,2418,6,7456,5,68825,79,76281,84,0,179,3,176,8,8701,0,237,186,"Anderson",76978,157.187767933695,0.165254237288136,109.122086830003,14.2897970848814,228.636753358102,16.5254237288136
2021-08-03,9079,23,6649,11,2430,12,7469,13,68897,72,76366,85,0,179,14,190,9,8710,1,238,186,"Anderson",76978,167.580347631791,0.172344689378758,110.421159292265,29.8786666320247,246.82376782977,17.2344689378758
2021-08-04,9105,26,6671,22,2434,4,7490,21,68999,102,76489,123,0,179,24,214,2,8712,0,238,186,"Anderson",76978,175.374782405363,0.180265654648956,159.785912858219,33.7758840188106,278.001506924056,18.0265654648956
2021-08-05,9135,30,6687,16,2448,14,7506,16,69097,98,76603,114,0,179,13,227,17,8729,1,239,186,"Anderson",76978,198.758086726078,0.170689655172414,148.094260697862,38.9721738678584,294.889448933461,17.0689655172414
2021-08-06,9160,25,6703,16,2457,9,7524,18,69240,143,76764,161,0,179,17,244,8,8737,1,240,186,"Anderson",76978,190.963651952506,0.14050822122571,209.150666424173,32.4768115565486,316.973680791915,14.050822122571
2021-08-07,9173,13,6709,6,2464,7,7531,7,69315,75,76846,82,0,179,5,249,8,8745,0,240,186,"Anderson",76978,190.963651952506,0.135135135135135,106.523941905479,16.8879420094053,323.469043103224,13.5135135135135
2021-08-08,9187,14,6717,8,2470,6,7541,10,69367,52,76908,62,0,179,6,255,8,8753,0,240,186,"Anderson",76978,184.468289641196,0.126582278481013,80.5424926602406,18.1870144716672,331.263477876796,12.6582278481013
2021-08-09,9223,36,6737,20,2486,16,7560,19,69466,99,77026,118,0,179,16,271,20,8773,0,240,186,"Anderson",76978,216.945101197745,0.139597315436242,153.29055054691,46.76660864143,352.048637272987,13.9597315436242
2021-08-10,9262,39,6757,20,2505,19,7580,20,69566,100,77146,120,0,179,20,291,19,8792,2,242,186,"Anderson",76978,237.730260593936,0.142307692307692,155.888695471433,50.6638260282159,378.030086518226,14.2307692307692
2021-08-11,9316,54,6781,24,2535,30,7609,29,69698,132,77307,161,0,179,30,321,24,8816,1,243,186,"Anderson",76978,274.10428953727,0.145476772616137,209.150666424173,70.149912962145,417.002260386084,14.5476772616137
2021-08-12,9364,48,6817,36,2547,12,7646,37,69866,168,77512,205,0,179,27,348,21,8837,0,243,188,"Anderson",76978,297.487593857985,0.154015401540154,266.309854763699,62.3554781885734,452.077216867157,15.4015401540154
2021-08-13,9427,63,6852,35,2575,28,7684,38,69980,114,77664,152,2,181,45,393,16,8853,1,244,189,"Anderson",76978,346.852347423939,0.177777777777778,197.459014263816,81.8415651225025,510.535477668944,17.7777777777778
2021-08-14,9477,50,6887,35,2590,15,7716,32,70166,186,77882,218,0,181,29,422,21,8874,0,244,189,"Anderson",76978,394.918028527631,0.178571428571429,283.197796773104,64.9536231130973,548.208579074541,17.8571428571429
2021-08-15,9500,23,6900,13,2600,10,7731,15,70255,89,77986,104,0,181,16,438,7,8881,0,244,189,"Anderson",76978,406.609680687989,0.176252319109462,135.103536075242,29.8786666320247,568.993738470732,17.6252319109462
2021-08-16,9538,38,6924,24,2614,14,7755,24,70344,89,78099,113,0,181,11,449,27,8908,0,244,190,"Anderson",76978,409.207825612513,0.181733457595527,146.7951882356,49.3647535659539,583.283535555613,18.1733457595527
2021-08-17,9581,43,6945,21,2636,22,7779,24,70452,108,78231,132,1,182,14,463,28,8936,0,244,190,"Anderson",76978,414.40411546156,0.183410138248848,171.477565018577,55.8601158772636,601.470550027281,18.3410138248848
2021-08-18,9633,52,6972,27,2661,25,7810,31,70564,112,78374,143,0,182,16,479,36,8972,0,244,190,"Anderson",76978,411.805970537037,0.188378631677601,185.767362103458,67.5517680376211,622.255709423472,18.8378631677601
2021-08-19,9707,74,7005,33,2702,41,7845,35,70716,152,78561,187,0,182,48,527,26,8998,0,244,190,"Anderson",76978,445.581854555847,0.189704480457579,242.926550442984,96.1313622073839,684.611187612045,18.9704480457579
2021-08-20,9767,60,7047,42,2720,18,7889,44,70910,194,78799,238,0,182,27,554,33,9031,2,246,190,"Anderson",76978,441.684637169061,0.180616740088106,309.179246018343,77.9443477357167,719.686144093117,18.0616740088106
2021-08-21,9848,81,7080,33,2768,48,7923,34,71184,274,79107,308,0,182,60,614,21,9052,1,247,190,"Anderson",76978,481.955883499182,0.168979591836735,400.114318376679,105.224869443218,797.630491828834,16.8979591836735
2021-08-22,9871,23,7102,22,2769,1,7951,28,71340,156,79291,184,0,182,-2,612,25,9077,0,247,190,"Anderson",76978,481.955883499182,0.168582375478927,239.029333056198,29.8786666320247,795.03234690431,16.8582375478927
2021-08-23,9919,48,7116,14,2803,34,7968,17,71475,135,79443,152,0,182,-4,608,52,9129,2,249,191,"Anderson",76978,494.946608121801,0.158482142857143,197.459014263816,62.3554781885734,789.836057055263,15.8482142857143
2021-08-24,9963,44,7143,27,2820,17,7992,24,71561,86,79553,110,1,183,-23,585,66,9195,0,249,192,"Anderson",76978,496.245680584063,0.161119515885023,142.897970848814,57.1591883395256,759.957390423238,16.1119515885023
2021-08-25,10034,71,7169,26,2865,45,8014,22,71605,44,79619,66,0,183,15,600,56,9251,1,250,192,"Anderson",76978,520.92805736704,0.163855421686747,85.7387825092884,92.2341448205981,779.443477357167,16.3855421686747
2021-08-26,10102,68,7205,36,2897,32,8058,44,71777,172,79835,216,1,184,15,615,52,9303,2,252,193,"Anderson",76978,513.133622593468,0.167189952904239,280.59965184858,88.3369274338123,798.929564291096,16.7189952904239
2021-08-27,10177,75,7260,55,2917,20,8119,61,71954,177,80073,238,0,184,30,645,45,9348,0,252,193,"Anderson",76978,532.619709527397,0.180533751962323,309.179246018343,97.4304346696459,837.901738158955,18.0533751962323
2021-08-28,10236,59,7292,32,2944,27,8159,40,72158,204,80317,244,0,184,32,677,27,9375,0,252,193,"Anderson",76978,504.040115357635,0.19504132231405,316.973680791915,76.6452752734548,879.472056951337,19.504132231405
2021-08-29,10300,64,7341,49,2959,15,8213,54,72369,211,80582,265,0,184,39,716,25,9400,1,253,194,"Anderson",76978,557.302086310374,0.20294345468629,344.254202499415,83.1406375847645,930.135882979553,20.294345468629
2021-08-30,10371,71,7387,46,2984,25,8261,48,72595,226,80856,274,0,184,3,719,68,9468,3,256,194,"Anderson",76978,587.180752942399,0.207360226468507,355.945854659773,92.2341448205981,934.033100366338,20.7360226468507
2021-08-31,10505,134,7469,82,3036,52,8348,87,72852,257,81200,344,0,184,48,767,86,9554,0,256,195,"Anderson",76978,704.097274545974,0.216150576806314,446.880927018109,174.075709943101,996.388578554912,21.6150576806314
2021-09-01,10536,31,7491,22,3045,9,8372,24,72943,91,81315,115,0,184,-17,750,48,9602,0,256,196,"Anderson",76978,652.134376055496,0.211084905660377,149.393333160124,40.2712463301203,974.304346696459,21.1084905660377
2021-09-02,10595,59,7517,26,3078,33,8401,29,73043,100,81444,129,1,185,-9,741,67,9669,0,256,196,"Anderson",76978,640.442723895139,0.213175885643257,167.580347631791,76.6452752734548,962.612694536101,21.3175885643257
2021-09-03,10624,29,7535,18,3089,11,8419,18,73116,73,81535,91,0,185,-37,704,66,9735,0,256,196,"Anderson",76978,580.685390631089,0.205198358413133,118.215594065837,37.6731014055964,914.547013432409,20.5198358413133
2021-09-04,10731,107,7605,70,3126,37,8495,76,73437,321,81932,397,0,185,78,782,29,9764,1,257,196,"Anderson",76978,643.040868819663,0.208049535603715,515.731767517992,139.000753462028,1015.87466548884,20.8049535603715
2021-09-05,10843,112,7679,74,3164,38,8571,76,73741,304,82312,380,0,185,76,858,36,9800,1,258,197,"Anderson",76978,705.396347008236,0.206936416184971,493.647535659539,145.496115773338,1114.60417262075,20.6936416184971
2021-09-06,10958,115,7756,77,3202,38,8658,87,74148,407,82806,494,0,185,-3,855,118,9918,3,261,198,"Anderson",76978,762.555535347762,0.203589743589744,641.741796357401,149.393333160124,1110.70695523396,20.3589743589744
2021-09-07,10995,37,7776,20,3219,17,8676,18,74247,99,82923,117,0,185,-74,781,111,10029,0,261,198,"Anderson",76978,636.545506508353,0.190365641323273,151.991478084648,48.065681103692,1014.57559302658,19.0365641323273
2021-09-08,11036,41,7807,31,3229,10,8708,32,74354,107,83062,139,0,185,-59,722,100,10129,2,263,201,"Anderson",76978,649.536231130973,0.192329708070979,180.57107225441,53.2619709527397,937.930317753124,19.2329708070979
2021-09-09,11094,58,7828,21,3266,37,8726,18,74560,206,83286,224,0,185,-40,682,98,10227,1,264,204,"Anderson",76978,648.237158668711,0.176438653637351,290.992231546676,75.3462028111928,885.967419262646,17.6438653637351
2021-09-10,11246,152,7901,73,3345,79,8807,81,74853,293,83660,374,1,186,66,748,85,10312,2,266,205,"Anderson",76978,808.02307152693,0.182588235294118,485.853100885967,197.459014263816,971.706201771935,18.2588235294118
2021-09-11,11358,112,7964,63,3394,49,8876,69,75199,346,84075,415,0,186,79,827,33,10345,1,267,205,"Anderson",76978,814.51843383824,0.177788147456836,539.115071838707,145.496115773338,1074.33292629063,17.7788147456836
2021-09-12,11396,38,7996,32,3400,6,8911,35,75342,143,84253,178,0,186,5,832,33,10378,4,271,206,"Anderson",76978,718.387071630856,0.175167439464194,231.234898282626,49.3647535659539,1080.82828860194,17.5167439464194
2021-09-13,11484,88,8030,34,3454,54,8945,34,75472,130,84417,164,4,190,-48,784,132,10510,3,274,206,"Anderson",76978,683.312115149783,0.178150217256363,213.047883810959,114.318376679051,1018.47281041336,17.8150217256363
2021-09-14,11544,60,8060,30,3484,30,8980,35,75631,159,84611,194,1,191,-47,737,106,10616,1,275,206,"Anderson",76978,713.190781781808,0.180094786729858,252.020057678817,77.9443477357167,957.416404687054,18.0094786729858
2021-09-15,11584,40,8076,16,3508,24,8994,14,75692,61,84686,75,0,191,-41,696,81,10697,1,276,207,"Anderson",76978,711.891709319546,0.176108374384236,97.4304346696459,51.9628984904778,904.154433734314,17.6108374384236
2021-09-16,11671,87,8130,54,3541,33,9050,56,75914,222,84964,278,0,191,27,723,60,10757,1,277,207,"Anderson",76978,749.564810725142,0.193087008343266,361.142144508821,113.019304216789,939.229390215386,19.3087008343266
2021-09-17,11744,73,8172,42,3572,31,9087,37,76077,163,85164,200,0,191,15,738,58,10815,1,278,211,"Anderson",76978,646.938086206449,0.186170212765957,259.814492452389,94.832289745122,958.715477149315,18.6170212765957
2021-09-18,11796,52,8202,30,3594,22,9120,33,76231,154,85351,187,0,191,8,746,44,10859,1,279,212,"Anderson",76978,568.993738470732,0.191222570532915,242.926550442984,67.5517680376211,969.108056847411,19.1222570532915
2021-09-19,11819,23,8211,9,3608,14,9130,10,76299,68,85429,78,0,191,-15,731,38,10897,0,279,212,"Anderson",76978,549.507651536803,0.186224489795918,101.327652056432,29.8786666320247,949.621969913482,18.6224489795918
2021-09-20,11882,63,8246,35,3636,28,9166,36,76485,186,85651,222,0,191,26,757,37,10934,3,282,212,"Anderson",76978,517.030839980254,0.179092382495948,288.394086622152,81.8415651225025,983.397853932292,17.9092382495948
2021-09-21,11936,54,8272,26,3664,28,9190,24,76603,118,85793,142,0,191,-56,701,110,11044,1,283,213,"Anderson",76978,509.236405206682,0.177664974619289,184.468289641196,70.149912962145,910.649796045623,17.7664974619289
2021-09-22,11987,51,8306,34,3681,17,9230,40,76875,272,86105,312,0,191,-39,662,90,11134,0,283,215,"Anderson",76978,523.526202291564,0.16631430584919,405.310608225727,66.2526955753592,859.985970017408,16.631430584919
2021-09-23,12062,75,8354,48,3708,27,9281,51,77083,208,86364,259,2,193,-12,650,85,11219,1,284,215,"Anderson",76978,507.93733274442,0.165,336.459767725844,97.4304346696459,844.397100470264,16.5
2021-09-24,12103,41,8376,22,3727,19,9306,25,77223,140,86529,165,2,195,-17,633,56,11275,1,285,217,"Anderson",76978,466.367013952038,0.16043956043956,214.346956273221,53.2619709527397,822.312868611811,16.043956043956
2021-09-25,12113,10,8380,4,3733,6,9312,6,77318,95,86630,101,0,195,-33,600,43,11318,0,285,217,"Anderson",76978,411.805970537037,0.150117279124316,131.206318688456,12.9907246226195,779.443477357167,15.0117279124316
2021-09-26,12131,18,8395,15,3736,3,9330,18,77455,137,86785,155,1,196,-11,589,28,11346,0,285,217,"Anderson",76978,405.310608225727,0.147492625368732,201.356231650601,23.383304320715,765.153680272286,14.7492625368732
2021-09-27,12181,50,8416,21,3765,29,9352,22,77541,86,86893,108,1,197,-46,543,95,11441,1,286,218,"Anderson",76978,388.422666216322,0.14975845410628,140.29982592429,64.9536231130973,705.396347008236,14.975845410628
2021-09-28,12230,49,8440,24,3790,25,9379,27,77636,95,87015,122,0,197,-27,516,76,11517,1,287,218,"Anderson",76978,381.927303905012,0.154664484451718,158.486840395957,63.6545506508353,670.321390527164,15.4664484451718
2021-09-29,12266,36,8456,16,3810,20,9396,17,77827,191,87223,208,2,199,-35,481,69,11586,0,287,220,"Anderson",76978,362.441216971083,0.148479427549195,270.207072150485,46.76660864143,624.853854347995,14.8479427549195
2021-09-30,12328,62,8494,38,3834,24,9436,40,77999,172,87435,212,0,199,2,483,60,11646,1,288,221,"Anderson",76978,345.553274961677,0.144724556489262,275.403361999532,80.5424926602406,627.451999272519,14.4724556489262
2021-10-01,12379,51,8521,27,3858,24,9465,29,78150,151,87615,180,0,199,-13,470,64,11710,1,289,222,"Anderson",76978,358.543999584297,0.146408839779006,233.83304320715,66.2526955753592,610.564057263114,14.6408839779006
2021-10-02,12396,17,8528,7,3868,10,9471,6,78230,80,87701,86,1,200,-9,461,25,11735,0,289,224,"Anderson",76978,367.63750682013,0.148459383753501,111.720231754527,22.0842318584531,598.872405102757,14.8459383753501
2021-10-03,12409,13,8537,9,3872,4,9480,9,78328,98,87808,107,4,204,-10,451,19,11754,0,289,224,"Anderson",76978,361.142144508821,0.146627565982405,139.000753462028,16.8879420094053,585.881680480137,14.6627565982405
2021-10-04,12453,44,8560,23,3893,21,9506,26,78448,120,87954,146,1,205,-23,428,66,11820,0,289,226,"Anderson",76978,353.347709735249,0.145146088595664,189.664579490244,57.1591883395256,556.003013848112,14.5146088595664
2021-10-05,12506,53,8589,29,3917,24,9536,30,78576,128,88112,158,2,207,-16,412,67,11887,0,289,227,"Anderson",76978,358.543999584297,0.143117593436645,205.253449037387,68.8508404998831,535.217854451921,14.3117593436645
2021-10-06,12536,30,8612,23,3924,7,9562,26,78741,165,88303,191,1,208,-6,406,35,11922,0,289,228,"Anderson",76978,350.749564810725,0.153703703703704,248.122840292031,38.9721738678584,527.42341967835,15.3703703703704
2021-10-07,12568,32,8634,22,3934,10,9587,25,78881,140,88468,165,0,208,-9,397,41,11963,0,289,230,"Anderson",76978,311.777390942867,0.146176185866409,214.346956273221,41.5703187923822,515.731767517992,14.6176185866409
2021-10-08,12585,17,8639,5,3946,12,9597,10,79011,130,88608,140,1,209,-14,383,30,11993,1,290,230,"Anderson",76978,267.608927225961,0.132930513595166,181.870144716672,22.0842318584531,497.544753046325,13.2930513595166
2021-10-09,12600,15,8642,3,3958,12,9604,7,79073,62,88677,69,0,209,-11,372,26,12019,0,290,231,"Anderson",76978,265.010782301437,0.136270491803279,89.6359998960742,19.4860869339292,483.254955961443,13.6270491803279
2021-10-10,12610,10,8650,8,3960,2,9613,9,79160,87,88773,96,0,209,-16,356,26,12045,0,290,231,"Anderson",76978,261.113564914651,0.137823834196891,124.710956377147,12.9907246226195,462.469796565252,13.7823834196891
2021-10-11,12651,41,8664,14,3987,27,9626,13,79261,101,88887,114,0,209,-11,345,52,12097,1,291,231,"Anderson",76978,257.216347527865,0.128617363344051,148.094260697862,53.2619709527397,448.179999480371,12.8617363344051
2021-10-12,12686,35,8688,24,3998,11,9648,22,79360,99,89008,121,2,211,-9,336,42,12139,3,294,231,"Anderson",76978,233.83304320715,0.125,157.187767933695,45.4675361791681,436.488347320014,12.5
2021-10-13,12712,26,8702,14,4010,12,9666,18,79472,112,89138,130,0,211,-16,320,42,12181,1,295,234,"Anderson",76978,228.636753358102,0.124550898203593,168.879420094053,33.7758840188106,415.703187923822,12.4550898203593
2021-10-14,12731,19,8712,10,4019,9,9680,14,79575,103,89255,117,1,212,-23,297,41,12222,0,295,234,"Anderson",76978,211.748811348697,0.118170266836086,151.991478084648,24.682376782977,385.824521291798,11.8170266836086
2021-10-15,12754,23,8724,12,4030,11,9693,13,79697,122,89390,135,0,212,-14,283,37,12259,1,296,234,"Anderson",76978,219.543246122269,0.122762148337596,175.374782405363,29.8786666320247,367.63750682013,12.2762148337596
2021-10-16,12762,8,8729,5,4033,3,9700,7,79752,55,89452,62,0,212,-14,269,22,12281,1,297,234,"Anderson",76978,210.449738886435,0.123870967741935,80.5424926602406,10.3925796980956,349.450492348463,12.3870967741935
2021-10-17,12764,2,8730,1,4034,1,9701,1,79803,51,89504,52,0,212,-9,260,11,12292,0,297,234,"Anderson",76978,200.05715918834,0.120383036935705,67.5517680376211,2.59814492452389,337.758840188106,12.0383036935705
2021-10-18,12788,24,8740,10,4048,14,9712,11,79871,68,89583,79,1,213,-28,232,51,12343,1,298,234,"Anderson",76978,177.972927329886,0.123563218390805,102.626724518694,31.1777390942867,301.384811244771,12.3563218390805
2021-10-19,12817,29,8753,13,4064,16,9723,11,79982,111,89705,122,2,215,-17,215,44,12387,0,298,234,"Anderson",76978,170.178492556315,0.107604017216643,158.486840395957,37.6731014055964,279.300579386318,10.7604017216643
2021-10-20,12852,35,8778,25,4074,10,9752,29,80093,111,89845,140,0,215,12,227,23,12410,1,299,236,"Anderson",76978,181.870144716672,0.121640735502122,181.870144716672,45.4675361791681,294.889448933461,12.1640735502122
2021-10-21,12884,32,8796,18,4088,14,9770,18,80186,93,89956,111,0,215,11,238,21,12431,1,300,237,"Anderson",76978,198.758086726078,0.128388017118402,144.197043311076,41.5703187923822,309.179246018343,12.8388017118402
2021-10-22,12893,9,8802,6,4091,3,9778,8,80262,76,90040,84,0,215,-24,214,33,12464,1,301,237,"Anderson",76978,180.57107225441,0.130769230769231,109.122086830003,11.6916521603575,278.001506924056,13.0769230769231
2021-10-23,12910,17,8806,4,4104,13,9782,4,80315,53,90097,57,0,215,3,217,14,12478,1,302,237,"Anderson",76978,192.262724414768,0.127131782945736,74.0471303489309,22.0842318584531,281.898724310842,12.7131782945736
2021-10-24,12916,6,8811,5,4105,1,9789,7,80367,52,90156,59,0,215,-11,206,17,12495,0,302,237,"Anderson",76978,197.459014263816,0.134969325153374,76.6452752734548,7.79443477357167,267.608927225961,13.4969325153374
2021-10-25,12940,24,8824,13,4116,11,9803,14,80438,71,90241,85,1,216,-9,197,32,12527,2,304,237,"Anderson",76978,197.459014263816,0.138297872340426,110.421159292265,31.1777390942867,255.917275065603,13.8297872340426
2021-10-26,12952,12,8830,6,4122,6,9809,6,80502,64,90311,70,0,216,-8,189,20,12547,0,304,238,"Anderson",76978,175.374782405363,0.141914191419142,90.9350723583361,15.5888695471433,245.524695367508,14.1914191419142
2021-10-27,12970,18,8840,10,4130,8,9822,13,80623,121,90445,134,1,217,-5,184,22,12569,2,306,240,"Anderson",76978,153.29055054691,0.116666666666667,174.075709943101,23.383304320715,239.029333056198,11.6666666666667
2021-10-28,12992,22,8854,14,4138,8,9839,17,80705,82,90544,99,1,218,7,191,14,12583,0,306,241,"Anderson",76978,140.29982592429,0.11734693877551,128.608173763933,28.5795941697628,248.122840292031,11.734693877551
2021-10-29,13013,21,8865,11,4148,10,9851,12,80819,114,90670,126,0,218,7,198,14,12597,1,307,241,"Anderson",76978,155.888695471433,0.115873015873016,163.683130245005,27.2805217075008,257.216347527865,11.5873015873016
2021-10-30,13025,12,8869,4,4156,8,9856,5,80906,87,90762,92,0,218,0,198,12,12609,1,308,241,"Anderson",76978,149.393333160124,0.111278195488722,119.514666528099,15.5888695471433,257.216347527865,11.1278195488722
2021-10-31,13028,3,8871,2,4157,1,9859,3,80945,39,90804,42,0,218,-8,190,11,12620,0,308,241,"Anderson",76978,145.496115773338,0.108024691358025,54.5610434150017,3.89721738678583,246.82376782977,10.8024691358025
2021-11-01,13055,27,8876,5,4179,22,9863,4,81033,88,90896,92,1,219,-15,175,41,12661,1,309,242,"Anderson",76978,149.393333160124,0.0916030534351145,119.514666528099,35.0749564810725,227.33768089584,9.16030534351145
2021-11-02,13075,20,8881,5,4194,15,9868,5,81109,76,90977,81,2,221,-6,169,24,12685,1,310,242,"Anderson",76978,159.785912858219,0.0885885885885886,105.224869443218,25.9814492452389,219.543246122269,8.85885885885886
2021-11-03,13104,29,8898,17,4206,12,9885,17,81309,200,91194,217,1,222,10,179,18,12703,0,310,242,"Anderson",76978,174.075709943101,0.0841121495327103,281.898724310842,37.6731014055964,232.533970744888,8.41121495327103
2021-11-04,13126,22,8913,15,4213,7,9901,16,81442,133,91343,149,0,222,5,184,17,12720,0,310,242,"Anderson",76978,174.075709943101,0.0775969962453066,193.56179687703,28.5795941697628,239.029333056198,7.75969962453066
2021-11-05,13136,10,8916,3,4220,7,9902,1,81564,122,91466,123,0,222,3,187,7,12727,0,310,242,"Anderson",76978,159.785912858219,0.064070351758794,159.785912858219,12.9907246226195,242.926550442984,6.4070351758794
2021-11-06,13145,9,8920,4,4225,5,9907,5,81651,87,91558,92,0,222,-3,184,12,12739,3,313,243,"Anderson",76978,155.888695471433,0.064070351758794,119.514666528099,11.6916521603575,239.029333056198,6.4070351758794
2021-11-07,13151,6,8925,5,4226,1,9913,6,81699,48,91612,54,0,222,-3,181,9,12748,0,313,243,"Anderson",76978,159.785912858219,0.0668316831683168,70.149912962145,7.79443477357167,235.132115669412,6.68316831683168
2021-11-08,13176,25,8936,11,4240,14,9926,13,81787,88,91713,101,1,223,-1,180,25,12773,0,313,243,"Anderson",76978,157.187767933695,0.0771113831089351,131.206318688456,32.4768115565486,233.83304320715,7.71113831089351
2021-11-09,13199,23,8943,7,4256,16,9932,6,81945,158,91877,164,1,224,6,186,16,12789,0,313,244,"Anderson",76978,161.084985320481,0.0711111111111111,213.047883810959,29.8786666320247,241.627477980722,7.11111111111111
2021-11-10,13218,19,8955,12,4263,7,9945,13,82061,116,92006,129,0,224,5,191,14,12803,1,314,246,"Anderson",76978,148.094260697862,0.0738916256157636,167.580347631791,24.682376782977,248.122840292031,7.38916256157635
2021-11-11,13240,22,8972,17,4268,5,9962,17,82251,190,92213,207,0,224,1,192,21,12824,0,314,247,"Anderson",76978,148.094260697862,0.0701149425287356,268.907999688223,28.5795941697628,249.421912754293,7.01149425287356
2021-11-12,13253,13,8980,8,4273,5,9970,8,82384,133,92354,141,0,224,0,192,13,12837,0,314,247,"Anderson",76978,151.991478084648,0.0765765765765766,183.169217178934,16.8879420094053,249.421912754293,7.65765765765766
2021-11-13,13260,7,8984,4,4276,3,9974,4,82435,51,92409,55,3,227,-14,178,18,12855,1,315,248,"Anderson",76978,149.393333160124,0.0787309048178613,71.448985424407,9.09350723583361,231.234898282626,7.87309048178613
2021-11-14,13262,2,8986,2,4276,0,9977,3,82514,79,92491,82,0,227,-5,173,7,12862,0,315,248,"Anderson",76978,144.197043311076,0.0728100113765643,106.523941905479,2.59814492452389,224.739535971316,7.28100113765643
2021-11-15,13294,32,8999,13,4295,19,9991,14,82599,85,92590,99,0,227,6,179,26,12888,0,315,248,"Anderson",76978,153.29055054691,0.0741163055872292,128.608173763933,41.5703187923822,232.533970744888,7.41163055872292
2021-11-16,13319,25,9012,13,4307,12,10004,13,82725,126,92729,139,1,228,-2,177,26,12914,0,315,249,"Anderson",76978,155.888695471433,0.0845070422535211,180.57107225441,32.4768115565486,229.935825820364,8.45070422535211
2021-11-17,13336,17,9021,9,4315,8,10013,9,82839,114,92852,123,0,228,-1,176,18,12932,2,317,251,"Anderson",76978,153.29055054691,0.0803782505910166,159.785912858219,22.0842318584531,228.636753358102,8.03782505910165
2021-11-18,13359,23,9035,14,4324,9,10031,18,82974,135,93005,153,4,232,4,180,15,12947,0,317,253,"Anderson",76978,154.589623009171,0.0871212121212121,198.758086726078,29.8786666320247,233.83304320715,8.71212121212121
2021-11-19,13373,14,9040,5,4333,9,10038,7,83083,109,93121,116,1,233,2,182,11,12958,0,317,253,"Anderson",76978,155.888695471433,0.0886571056062582,150.692405622386,18.1870144716672,236.431188131674,8.86571056062582
2021-11-20,13382,9,9045,5,4337,4,10043,5,83176,93,93219,98,0,233,-9,173,18,12976,0,317,254,"Anderson",76978,158.486840395957,0.0851851851851852,127.309101301671,11.6916521603575,224.739535971316,8.51851851851852
2021-11-21,13394,12,9051,6,4343,6,10049,6,83216,40,93265,46,0,233,4,177,8,12984,0,317,254,"Anderson",76978,171.477565018577,0.0930232558139535,59.7573332640495,15.5888695471433,229.935825820364,9.30232558139535
2021-11-22,13422,28,9068,17,4354,11,10067,18,83338,122,93405,140,1,234,5,182,22,13006,0,317,254,"Anderson",76978,166.281275169529,0.0932515337423313,181.870144716672,36.3740289433345,236.431188131674,9.32515337423313
2021-11-23,13439,17,9074,6,4365,11,10072,5,83435,97,93507,102,0,234,-4,178,21,13027,1,318,254,"Anderson",76978,155.888695471433,0.0874035989717224,132.505391150718,22.0842318584531,231.234898282626,8.74035989717224
2021-11-24,13464,25,9088,14,4376,11,10084,12,83545,110,93629,122,1,235,6,184,18,13045,1,319,254,"Anderson",76978,166.281275169529,0.0913770913770914,158.486840395957,32.4768115565486,239.029333056198,9.13770913770914
2021-11-25,13469,5,9090,2,4379,3,10085,1,83590,45,93675,46,0,235,-12,172,17,13062,1,320,254,"Anderson",76978,142.897970848814,0.0805970149253731,59.7573332640495,6.49536231130973,223.440463509055,8.05970149253731
2021-11-26,13476,7,9096,6,4380,1,10094,9,83633,43,93727,52,0,235,-8,164,15,13077,0,320,255,"Anderson",76978,133.80446361298,0.0924092409240924,67.5517680376211,9.09350723583361,213.047883810959,9.24092409240924
2021-11-27,13481,5,9098,2,4383,3,10096,2,83669,36,93765,38,0,235,-7,157,12,13089,0,320,255,"Anderson",76978,128.608173763933,0.0970695970695971,49.3647535659539,6.49536231130973,203.954376575125,9.70695970695971
2021-11-28,13491,10,9099,1,4392,9,10097,1,83707,38,93804,39,0,235,-11,146,21,13110,0,320,255,"Anderson",76978,126.010028839409,0.0890538033395176,50.6638260282159,12.9907246226195,189.664579490244,8.90538033395176
2021-11-29,13518,27,9114,15,4404,12,10113,16,83786,79,93899,95,0,235,14,160,13,13123,0,320,255,"Anderson",76978,124.710956377147,0.0931174089068826,123.411883914885,35.0749564810725,207.851593961911,9.31174089068826
2021-11-30,13545,27,9127,13,4418,14,10125,12,83888,102,94013,114,0,235,14,174,13,13136,1,321,255,"Anderson",76978,137.701680999766,0.104743083003953,148.094260697862,35.0749564810725,226.038608433578,10.4743083003953
2021-12-01,13576,31,9145,18,4431,13,10143,18,83995,107,94138,125,0,235,16,190,15,13151,2,323,255,"Anderson",76978,145.496115773338,0.115913555992141,162.384057782743,40.2712463301203,246.82376782977,11.5913555992141
2021-12-02,13618,42,9169,24,4449,18,10169,26,84133,138,94302,164,0,235,23,213,19,13170,0,323,257,"Anderson",76978,193.56179687703,0.133971291866029,213.047883810959,54.5610434150017,276.702434461794,13.3971291866029
2021-12-03,13649,31,9186,17,4463,14,10188,19,84320,187,94508,206,1,236,16,229,14,13184,1,324,257,"Anderson",76978,224.739535971316,0.120358514724712,267.608927225961,40.2712463301203,297.487593857985,12.0358514724712
2021-12-04,13669,20,9199,13,4470,7,10202,14,84389,69,94591,83,0,236,12,241,8,13192,0,324,257,"Anderson",76978,244.225622905246,0.128329297820823,107.823014367741,25.9814492452389,313.076463405129,12.8329297820823
2021-12-05,13682,13,9201,2,4481,11,10204,2,84431,42,94635,44,0,236,0,241,13,13205,0,324,257,"Anderson",76978,248.122840292031,0.128760529482551,57.1591883395256,16.8879420094053,313.076463405129,12.8760529482551
2021-12-06,13717,35,9221,20,4496,15,10226,22,84533,102,94759,124,2,238,8,249,25,13230,1,325,257,"Anderson",76978,258.515419990127,0.131395348837209,161.084985320481,45.4675361791681,323.469043103224,13.1395348837209
2021-12-07,13746,29,9236,15,4510,14,10242,16,84628,95,94870,111,0,238,19,268,10,13240,0,325,257,"Anderson",76978,261.113564914651,0.136522753792299,144.197043311076,37.6731014055964,348.151419886201,13.6522753792299
2021-12-08,13773,27,9257,21,4516,6,10262,20,84749,121,95011,141,0,238,16,284,11,13251,1,326,257,"Anderson",76978,255.917275065603,0.13631156930126,183.169217178934,35.0749564810725,368.936579282392,13.631156930126
2021-12-09,13801,28,9273,16,4528,12,10279,17,84959,210,95238,227,0,238,14,298,14,13265,1,327,257,"Anderson",76978,237.730260593936,0.117521367521368,294.889448933461,36.3740289433345,387.12359375406,11.7521367521368
2021-12-10,13830,29,9290,17,4540,12,10296,17,85112,153,95408,170,0,238,7,305,22,13287,0,327,257,"Anderson",76978,235.132115669412,0.12,220.842318584531,37.6731014055964,396.217100989893,12
2021-12-11,13840,10,9295,5,4545,5,10302,6,85187,75,95489,81,0,238,-3,302,13,13300,0,327,257,"Anderson",76978,222.141391046793,0.111358574610245,105.224869443218,12.9907246226195,392.319883603107,11.1358574610245
2021-12-12,13860,20,9306,11,4554,9,10314,12,85257,70,95571,82,0,238,6,308,14,13314,0,327,257,"Anderson",76978,231.234898282626,0.117521367521368,106.523941905479,25.9814492452389,400.114318376679,11.7521367521368
2021-12-13,13890,30,9312,6,4578,24,10321,7,85332,75,95653,82,0,238,-12,296,42,13356,0,327,259,"Anderson",76978,224.739535971316,0.106263982102908,106.523941905479,38.9721738678584,384.525448829536,10.6263982102908
2021-12-14,13904,14,9317,5,4587,9,10327,6,85411,79,95738,85,3,241,-10,286,21,13377,1,328,259,"Anderson",76978,205.253449037387,0.097926267281106,110.421159292265,18.1870144716672,371.534724206916,9.7926267281106
2021-12-15,13930,26,9331,14,4599,12,10342,15,85540,129,95882,144,0,241,0,286,26,13403,0,328,260,"Anderson",76978,203.954376575125,0.0918484500574053,187.06643456572,33.7758840188106,371.534724206916,9.18484500574053
2021-12-16,13958,28,9341,10,4617,18,10357,15,85635,95,95992,110,0,241,5,291,23,13426,0,328,260,"Anderson",76978,203.954376575125,0.103448275862069,142.897970848814,36.3740289433345,378.030086518226,10.3448275862069
2021-12-17,13989,31,9364,23,4625,8,10379,22,85790,155,96169,177,1,242,3,294,27,13453,0,328,261,"Anderson",76978,206.552521499649,0.109067017082786,229.935825820364,40.2712463301203,381.927303905012,10.9067017082786
2021-12-18,14001,12,9374,10,4627,2,10389,10,85872,82,96261,92,0,242,3,297,9,13462,0,328,261,"Anderson",76978,209.150666424173,0.112694300518135,119.514666528099,15.5888695471433,385.824521291798,11.2694300518135
2021-12-19,14015,14,9382,8,4633,6,10400,11,85952,80,96352,91,0,242,-6,291,20,13482,0,328,261,"Anderson",76978,201.356231650601,0.1101152368758,118.215594065837,18.1870144716672,378.030086518226,11.01152368758
2021-12-20,14039,24,9396,14,4643,10,10414,14,86038,86,96452,100,0,242,-8,283,32,13514,0,328,261,"Anderson",76978,193.56179687703,0.11639549436796,129.907246226195,31.1777390942867,367.63750682013,11.639549436796
2021-12-21,14067,28,9403,7,4664,21,10424,10,86119,81,96543,91,0,242,-1,282,29,13543,0,328,261,"Anderson",76978,211.748811348697,0.120496894409938,118.215594065837,36.3740289433345,366.338434357868,12.0496894409938
2021-12-22,14113,46,9415,12,4698,34,10435,11,86234,115,96669,126,19,261,0,282,27,13570,0,328,261,"Anderson",76978,237.730260593936,0.118170266836086,163.683130245005,59.7573332640495,366.338434357868,11.8170266836086
2020-03-12,1,1,1,1,0,0,1,1,11,11,12,12,NA,NA,NA,NA,0,0,0,0,0,"East TN",2455501,NA,NA,0.488698640318208,0.040724886693184,NA,NA
2020-03-13,1,0,1,0,0,0,1,0,23,12,24,12,NA,NA,NA,NA,0,0,0,0,0,"East TN",2455501,NA,NA,0.488698640318208,0,NA,NA
2020-03-14,3,2,3,2,0,0,3,2,50,27,53,29,NA,NA,NA,NA,0,0,0,0,0,"East TN",2455501,NA,NA,1.18102171410234,0.081449773386368,NA,NA
2020-03-15,3,0,3,0,0,0,3,0,53,3,56,3,NA,NA,NA,NA,0,0,0,0,0,"East TN",2455501,NA,NA,0.122174660079552,0,NA,NA
2020-03-16,5,2,5,2,0,0,5,2,89,36,94,38,NA,NA,NA,NA,0,0,0,0,0,"East TN",2455501,NA,NA,1.54754569434099,0.081449773386368,NA,NA
2020-03-17,6,1,6,1,0,0,5,0,130,41,135,41,NA,NA,NA,NA,0,0,0,0,0,"East TN",2455501,NA,NA,1.66972035442054,0.040724886693184,NA,NA
2020-03-18,8,2,8,2,0,0,7,2,171,41,178,43,NA,NA,NA,NA,0,0,0,0,0,"East TN",2455501,0.325799093545472,0.0393258426966292,1.75117012780691,0.081449773386368,NA,3.93258426966292
2020-03-19,11,3,11,3,0,0,11,4,238,67,249,71,NA,NA,NA,NA,0,0,0,0,0,"East TN",2455501,0.40724886693184,0.0421940928270042,2.89146695521606,0.122174660079552,NA,4.21940928270042
2020-03-20,29,18,29,18,0,0,27,16,382,144,409,160,NA,NA,NA,NA,3,3,2,2,0,"East TN",2455501,1.14029682740915,0.0675324675324675,6.51598187090944,0.733047960477312,NA,6.75324675324675
2020-03-21,38,9,38,9,0,0,38,11,610,228,648,239,NA,NA,NA,NA,3,6,1,3,1,"East TN",2455501,1.42537103426144,0.0588235294117647,9.73324791967098,0.366523980238656,NA,5.88235294117647
2020-03-22,48,10,47,9,1,1,43,5,713,103,756,108,NA,NA,NA,NA,2,8,4,7,2,"East TN",2455501,1.83261990119328,0.0571428571428571,4.39828776286387,0.40724886693184,NA,5.71428571428571
2020-03-23,64,16,63,16,1,0,56,13,846,133,902,146,NA,NA,NA,NA,7,15,4,11,2,"East TN",2455501,2.40276831489786,0.0631188118811881,5.94583345720486,0.651598187090944,NA,6.31188118811881
2020-03-24,83,19,82,19,1,0,70,14,987,141,1057,155,NA,NA,NA,NA,7,22,5,16,2,"East TN",2455501,3.13581627537517,0.0704989154013015,6.31235743744352,0.773772847170496,NA,7.04989154013015
2020-03-25,116,33,115,33,1,0,99,29,1288,301,1387,330,NA,NA,NA,NA,15,37,12,28,3,"East TN",2455501,4.39828776286387,0.076095947063689,13.4392126087507,1.34392126087507,NA,7.6095947063689
2020-03-26,144,28,143,28,1,0,130,31,1774,486,1904,517,NA,NA,NA,NA,15,52,5,33,4,"East TN",2455501,5.41640993019347,0.0719033232628399,21.0547664203761,1.14029682740915,NA,7.19033232628399
2020-03-27,166,22,165,22,1,0,147,17,2171,397,2318,414,NA,NA,NA,NA,17,69,6,39,4,"East TN",2455501,5.57930947696621,0.0628601361969618,16.8601030909782,0.895947507250048,NA,6.28601361969618
2020-03-28,197,31,196,31,1,0,180,33,2608,437,2788,470,NA,NA,NA,NA,12,81,8,47,4,"East TN",2455501,6.47525698421626,0.0663551401869159,19.1406967457965,1.2624714874887,NA,6.63551401869159
2020-03-29,213,16,212,16,1,0,196,16,2795,187,2991,203,NA,NA,NA,NA,27,108,3,50,7,"East TN",2455501,6.71960630437536,0.0684563758389262,8.26715199871635,0.651598187090944,NA,6.84563758389262
2020-03-30,246,33,245,33,1,0,226,30,3345,550,3571,580,NA,NA,NA,NA,33,141,8,58,9,"East TN",2455501,7.41192937815949,0.0636942675159236,23.6204342820467,1.34392126087507,NA,6.36942675159236
2020-03-31,295,49,294,49,1,0,278,52,3645,300,3923,352,NA,NA,NA,NA,39,180,12,70,10,"East TN",2455501,8.63367597895501,0.0725750174459177,14.3351601160008,1.99551944796602,NA,7.25750174459177
2020-04-01,346,51,345,51,1,0,336,58,4243,598,4579,656,NA,NA,NA,NA,36,216,9,79,12,"East TN",2455501,9.36672393943232,0.0742481203007519,26.7155256707287,2.07696922135238,NA,7.42481203007519
2020-04-02,391,45,390,45,1,0,383,47,4839,596,5222,643,2,7,NA,134,34,250,5,84,14,"East TN",2455501,10.0590470132164,0.0762507534659433,26.1861021437173,1.83261990119328,5.45713481688666,7.62507534659433
2020-04-03,412,21,411,21,1,0,401,18,5124,285,5525,303,1,8,-13,121,33,283,2,86,17,"East TN",2455501,10.0183221265233,0.0792017461802308,12.3396406680348,0.855222620556864,4.92771128987526,7.92017461802307
2020-04-04,447,35,446,35,1,0,431,30,5716,592,6147,622,3,11,0,121,32,315,5,91,19,"East TN",2455501,10.181221673296,0.0747246204227449,25.3308795231604,1.42537103426144,4.92771128987526,7.47246204227449
2020-04-05,473,26,472,26,1,0,464,33,6093,377,6557,410,-1,10,1,122,26,341,2,93,20,"East TN",2455501,10.5884705402278,0.0751542344363432,16.6972035442054,1.05884705402278,4.96843617656845,7.51542344363432
2020-04-06,514,41,513,41,1,0,514,50,6626,533,7140,583,8,18,0,122,33,374,5,98,20,"East TN",2455501,10.9142696337733,0.080694872513309,23.7426089421263,1.66972035442054,4.96843617656845,8.06948725133091
2020-04-07,570,56,569,56,1,0,592,78,7755,1129,8347,1207,0,18,19,141,37,411,7,105,21,"East TN",2455501,11.1993438406256,0.0709764918625678,49.1549382386731,2.2805936548183,5.74220902373894,7.09764918625678
2020-04-08,607,37,606,37,1,0,632,40,8162,407,8794,447,1,19,4,145,32,443,8,113,25,"East TN",2455501,10.629195426921,0.0702253855278766,18.2040243518532,1.50682080764781,5.90510857051168,7.02253855278766
2020-04-09,633,26,632,26,1,0,662,30,8613,451,9275,481,3,22,3,148,20,463,2,115,25,"East TN",2455501,9.85542257975053,0.0688378978534419,19.5886704994215,1.05884705402278,6.02728323059123,6.88378978534419
2020-04-10,655,22,654,22,1,0,682,20,8941,328,9623,348,0,22,-7,141,29,492,4,119,25,"East TN",2455501,9.89614746644371,0.0685700341630063,14.172260569228,0.895947507250048,5.74220902373894,6.85700341630063
2020-04-11,679,24,678,24,1,0,728,46,10022,1081,10750,1127,2,24,-5,136,27,519,5,124,27,"East TN",2455501,9.44817371281869,0.0645231370845101,45.8969473032184,0.977397280636416,5.53858459027302,6.45231370845101
2020-04-12,709,30,708,30,1,0,761,33,11472,1450,12233,1483,0,24,18,154,12,531,1,125,28,"East TN",2455501,9.61107325959142,0.0523255813953488,60.3950069659919,1.22174660079552,6.27163255075034,5.23255813953488
2020-04-13,738,29,737,29,1,0,803,42,12435,963,13238,1005,0,24,-2,152,31,562,7,132,32,"East TN",2455501,9.12237461927321,0.0473925877336832,40.9285111266499,1.18102171410234,6.19018277736397,4.73925877336832
2020-04-14,749,11,748,11,1,0,823,20,12720,285,13543,305,4,28,-17,135,24,586,1,133,33,"East TN",2455501,7.28975471807994,0.0444572748267898,12.4210904414211,0.447973753625024,5.49785970357984,4.44572748267898
2020-04-15,773,24,772,24,1,0,850,27,13132,412,13982,439,2,30,-6,129,28,614,4,137,34,"East TN",2455501,6.76033119106854,0.0420200462606014,17.8782252583078,0.977397280636416,5.25351038342074,4.20200462606014
2020-04-16,801,28,800,28,1,0,886,36,13809,677,14695,713,1,31,1,130,26,640,6,143,34,"East TN",2455501,6.84178096445491,0.0413284132841328,29.0368442122402,1.14029682740915,5.29423527011392,4.13284132841328
2020-04-17,823,22,821,21,2,1,916,30,14138,329,15054,359,0,31,-1,129,23,663,3,146,35,"East TN",2455501,6.84178096445491,0.0430859878475419,14.6202343228531,0.895947507250048,5.25351038342074,4.30859878475419
2020-04-18,835,12,833,12,2,0,935,19,14919,781,15854,800,0,31,-11,118,23,686,0,146,35,"East TN",2455501,6.3530823241367,0.0405564263322884,32.5799093545472,0.488698640318208,4.80553662979571,4.05564263322884
2020-04-19,914,79,912,79,2,0,1016,81,15606,687,16622,768,1,32,66,184,12,698,1,147,35,"East TN",2455501,8.34860177210272,0.0580997949419002,31.2767129803653,3.21726604876154,7.49337915154586,5.80997949419002
2020-04-20,939,25,931,19,8,6,1033,17,16569,963,17602,980,0,32,10,194,15,713,2,149,35,"East TN",2455501,8.18570222532998,0.0527039413382218,39.9103889593203,1.0181221673296,7.9006280184777,5.27039413382218
2020-04-21,1045,106,1037,106,8,0,1154,121,19275,2706,20429,2827,0,32,83,277,23,736,6,155,36,"East TN",2455501,12.0545664611825,0.0480685448736567,115.129254681631,4.3168379894775,11.280793614012,4.80685448736567
2020-04-22,1247,202,1237,200,10,2,1354,200,21827,2552,23181,2752,2,34,177,454,23,759,2,157,36,"East TN",2455501,19.3035962925692,0.054788563974345,112.074888179642,8.22642711202317,18.4890985587055,5.4788563974345
2020-04-23,1492,245,1480,243,12,2,1601,247,22934,1107,24535,1354,0,34,236,690,9,768,3,160,36,"East TN",2455501,28.1408967049901,0.0726626016260163,55.1414965825711,9.97759723983008,28.100171818297,7.26626016260163
2020-04-24,1540,48,1527,47,13,1,1655,54,25623,2689,27278,2743,0,34,22,712,26,794,4,164,36,"East TN",2455501,29.1997437590129,0.0604548429319372,111.708364199404,1.95479456127283,28.996119325547,6.04548429319372
2020-04-25,1563,23,1546,19,17,4,1674,19,26398,775,28072,794,0,34,10,722,13,807,3,167,37,"East TN",2455501,29.6477175126379,0.0604845310198068,32.3355600343881,0.936672393943232,29.4033681924788,6.04845310198068
2020-04-26,1583,20,1565,19,18,1,1700,26,27516,1118,29216,1144,0,34,-1,721,21,828,0,167,38,"East TN",2455501,27.2449491977401,0.0543115769414007,46.5892703770025,0.81449773386368,29.3626433057857,5.43115769414007
2020-04-27,1652,69,1633,68,19,1,1772,72,28431,915,30203,987,0,34,50,771,19,847,8,175,39,"East TN",2455501,29.0368442122402,0.058646139195302,40.1954631661726,2.8100171818297,31.3988876404449,5.8646139195302
2020-04-28,1689,37,1667,34,22,3,1812,40,30605,2174,32417,2214,2,36,19,790,16,863,1,176,40,"East TN",2455501,26.2268270304105,0.0548882215548882,90.1648991387094,1.50682080764781,32.1726604876154,5.48882215548882
2020-04-29,1752,63,1729,62,23,1,1878,66,33354,2749,35232,2815,1,37,39,829,23,886,6,182,41,"East TN",2455501,20.5660677800579,0.0434818687245872,114.640556041313,2.56566786167059,33.7609310686495,4.34818687245872
2020-04-30,1774,22,1750,21,24,1,1900,22,33903,549,35803,571,0,37,-1,828,23,909,1,183,41,"East TN",2455501,11.4844180474779,0.0265353212637558,23.2539103018081,0.895947507250048,33.7202061819563,2.65353212637558
2020-05-01,1814,40,1786,36,28,4,1929,29,35565,1662,37494,1691,0,37,-16,812,56,965,0,183,41,"East TN",2455501,11.1586189539324,0.0268206734534064,68.8657833981741,1.62899546772736,33.0686079948654,2.68206734534064
2020-05-02,1835,21,1807,21,28,0,1966,37,37442,1877,39408,1914,0,37,-107,705,128,1093,2,185,41,"East TN",2455501,11.077169180546,0.0257586450247001,77.9474331307542,0.855222620556864,28.7110451186947,2.57586450247001
2020-05-03,1873,38,1840,33,33,5,2003,37,39562,2120,41565,2157,0,37,-20,685,58,1151,3,188,43,"East TN",2455501,11.8102171410234,0.0245363997084784,87.8435805971979,1.54754569434099,27.896547384831,2.45363997084784
2020-05-04,1920,47,1884,44,36,3,2060,57,41508,1946,43568,2003,0,37,-312,373,359,1510,1,189,43,"East TN",2455501,10.9142696337733,0.0215488215488215,81.5719480464475,1.91406967457965,15.1903827365576,2.15488215488215
2020-05-05,1948,28,1911,27,37,1,2092,32,44418,2910,46510,2942,2,39,-45,328,71,1581,1,190,43,"East TN",2455501,10.5477456535347,0.0198680195841907,119.812616651347,1.14029682740915,13.3577628353644,1.98680195841907
2020-05-06,1985,37,1948,37,37,0,2135,43,45462,1044,47597,1087,1,40,7,335,29,1610,0,190,43,"East TN",2455501,9.48889859951187,0.0207844723008492,44.267951835491,1.50682080764781,13.6428370422166,2.07844723008492
2020-05-07,2028,43,1989,41,39,2,2183,48,46853,1391,49036,1439,0,40,19,354,24,1634,4,194,47,"East TN",2455501,10.3441212200687,0.0213859291166024,58.6031119514918,1.75117012780691,14.4166098893871,2.13859291166024
2020-05-08,2047,19,2008,19,39,0,2219,36,48523,1670,50742,1706,1,41,-15,339,33,1667,0,194,48,"East TN",2455501,9.48889859951187,0.0218900966183575,69.4766566985719,0.773772847170496,13.8057365889894,2.18900966183575
2020-05-09,2063,16,2022,14,41,2,2237,18,51342,2819,53579,2837,0,41,-32,307,48,1715,1,195,49,"East TN",2455501,9.28527416604595,0.0191235622045022,115.536503548563,0.651598187090944,12.5025402148075,1.91235622045022
2020-05-10,2079,16,2037,15,42,1,2256,19,53906,2564,56162,2583,1,42,-27,280,42,1757,3,198,49,"East TN",2455501,8.3893266587959,0.0173323285606631,105.192382328494,0.651598187090944,11.4029682740915,1.73323285606631
2020-05-11,2140,61,2097,60,43,1,2307,51,55477,1571,57784,1622,3,45,13,293,45,1802,4,202,51,"East TN",2455501,8.95947507250048,0.0173747889701744,66.0557662163444,2.48421808828422,11.9323918011029,1.73747889701745
2020-05-12,2193,53,2150,53,43,0,2373,66,59032,3555,61405,3621,3,48,30,323,20,1822,3,205,51,"East TN",2455501,9.97759723983008,0.0188653910708291,147.464814716019,2.15841899473875,13.1541384018984,1.88653910708291
2020-05-13,2247,54,2201,51,46,3,2425,52,60657,1625,63082,1677,0,48,18,341,36,1858,7,212,53,"East TN",2455501,10.6699203136142,0.0187278010978366,68.2956349844696,2.19914388143194,13.8871863623757,1.87278010978366
2020-05-14,2278,31,2232,31,46,0,2470,45,62365,1708,64835,1753,1,49,-2,339,32,1890,2,214,54,"East TN",2455501,10.181221673296,0.0181657066902969,71.3907263731516,1.2624714874887,13.8057365889894,1.81657066902969
2020-05-15,2306,28,2260,28,46,0,2507,37,64685,2320,67192,2357,1,50,-21,318,48,1938,4,218,54,"East TN",2455501,10.5477456535347,0.0175075987841945,95.9885579358347,1.14029682740915,12.9505139684325,1.75075987841945
2020-05-16,2316,10,2270,10,46,0,2525,18,67454,2769,69979,2787,1,51,-28,290,37,1975,1,219,54,"East TN",2455501,10.3033963333756,0.0175609756097561,113.500259213904,0.40724886693184,11.8102171410234,1.75609756097561
2020-05-17,2396,80,2350,80,46,0,2604,79,69681,2227,72285,2306,0,51,59,349,21,1996,4,223,56,"East TN",2455501,12.9097890817393,0.0215840724430937,93.9115887144823,3.25799093545472,14.2129854559212,2.15840724430937
2020-05-18,2445,49,2398,48,47,1,2665,61,71559,1878,74224,1939,0,51,8,357,41,2037,3,226,56,"East TN",2455501,12.4210904414211,0.0217761557177616,78.9655552980838,1.99551944796602,14.5387845494667,2.17761557177616
2020-05-19,2486,41,2438,40,48,1,2705,40,72683,1124,75388,1164,1,52,-6,351,46,2083,3,229,56,"East TN",2455501,11.9323918011029,0.0237431166416363,47.4037681108662,1.66972035442054,14.2944352293076,2.37431166416363
2020-05-20,2528,42,2480,42,48,0,2750,45,74423,1740,77173,1785,0,52,13,364,29,2112,3,232,56,"East TN",2455501,11.4436931607847,0.0230643673266624,72.6939227473334,1.71044524111373,14.823858756319,2.30643673266624
2020-05-21,2769,241,2720,240,49,1,2988,238,75885,1462,78873,1700,0,52,211,575,30,2142,4,236,57,"East TN",2455501,19.9959193663533,0.0368998432825189,69.2323073784128,9.81469769305734,23.4168098485808,3.68998432825189
2020-05-22,2860,91,2808,88,52,3,3066,78,77410,1525,80476,1603,0,52,40,615,51,2193,6,242,57,"East TN",2455501,22.5615872280239,0.0420806985847636,65.2819933691739,3.70596468907974,25.0458053163082,4.20806985847636
2020-05-23,2926,66,2870,62,56,4,3157,91,79625,2215,82782,2306,2,54,36,651,28,2221,6,248,58,"East TN",2455501,24.8421808828422,0.0493634304459892,93.9115887144823,2.68784252175014,26.5119012372628,4.93634304459892
2020-05-24,2978,52,2922,52,56,0,3227,70,81745,2120,84972,2190,0,54,26,677,26,2247,0,248,59,"East TN",2455501,23.7018840554331,0.0491053834633877,89.187501858073,2.11769410804557,27.5707482912856,4.91053834633877
2020-05-25,3062,84,3005,83,57,1,3321,94,84395,2650,87716,2744,1,55,42,719,41,2288,2,250,59,"East TN",2455501,25.1272550896945,0.0486214052772013,111.749089086097,3.42089048222746,29.2811935323993,4.86214052772013
2020-05-26,3123,61,3057,52,66,9,3377,56,86781,2386,90158,2442,1,56,15,734,45,2333,3,253,59,"East TN",2455501,25.9417528235582,0.0454976303317536,99.4501733047553,2.48421808828422,29.8920668327971,4.54976303317536
2020-05-27,3199,76,3130,73,69,3,3444,67,88648,1867,92092,1934,0,56,40,774,36,2369,8,261,59,"East TN",2455501,27.3263989711265,0.0465178631275555,78.7619308646179,3.09509138868198,31.5210623005244,4.65178631275555
2020-05-28,3273,74,3204,74,69,0,3511,67,90047,1399,93558,1466,0,56,14,788,60,2429,1,262,59,"East TN",2455501,20.5253428933647,0.0356145726932244,59.7026838922077,3.01364161529562,32.091210714229,3.56145726932244
2020-05-29,3348,75,3278,74,70,1,3594,83,91325,1278,94919,1361,0,56,10,798,65,2494,4,266,59,"East TN",2455501,19.8737447062738,0.0365575019040366,55.4265707894234,3.0543665019888,32.4984595811608,3.65575019040366
2020-05-30,3421,73,3350,72,71,1,3675,81,93570,2245,97245,2326,0,56,-1,797,74,2568,4,270,60,"East TN",2455501,20.1588189131261,0.0358155292816152,94.726086448346,2.97291672860243,32.4577346944676,3.58155292816152
2020-05-31,3533,112,3460,110,73,2,3769,94,96353,2783,100122,2877,0,56,71,868,41,2609,1,271,61,"East TN",2455501,22.6023121147171,0.0357755775577558,117.16549901629,4.56118730963661,35.3492016496837,3.57755775577558
2020-06-01,3629,96,3553,93,76,3,3903,134,100185,3832,104088,3966,0,56,-169,699,265,2874,5,276,61,"East TN",2455501,23.0910107550353,0.0355484974346445,161.514900625168,3.90958912254566,28.4666957985356,3.55484974346445
2020-06-02,3736,107,3658,105,78,2,4018,115,104244,4059,108262,4174,1,57,16,715,90,2964,3,279,65,"East TN",2455501,24.9643555429218,0.0354065399911622,169.98567705735,4.35756287617069,29.1182939856266,3.54065399911622
2020-06-03,3786,50,3708,50,78,0,4068,50,106174,1930,110242,1980,0,57,-65,650,115,3079,4,283,66,"East TN",2455501,23.905508488899,0.0343801652892562,80.6352756525043,2.0362443346592,26.4711763505696,3.43801652892562
2020-06-04,3837,51,3757,49,80,2,4129,61,107722,1548,111851,1609,6,63,-37,613,82,3161,5,288,67,"East TN",2455501,22.9688360949558,0.0337834144208167,65.526342689333,2.07696922135238,24.9643555429218,3.37834144208167
2020-06-05,3936,99,3852,95,84,4,4211,82,109878,2156,114089,2238,1,64,-43,570,141,3302,4,292,68,"East TN",2455501,23.9462333755922,0.0321857068335942,91.1422964193458,4.03176378262522,23.2131854151149,3.21857068335942
2020-06-06,3989,53,3902,50,87,3,4286,75,112983,3105,117269,3180,1,65,-14,556,66,3368,4,296,68,"East TN",2455501,23.1317356417285,0.0305133839392729,129.505139684325,2.15841899473875,22.6430370014103,3.05133839392729
2020-06-07,4047,58,3958,56,89,2,4367,81,116946,3963,121313,4044,0,65,-8,548,66,3434,6,302,69,"East TN",2455501,20.9325917602966,0.0282195271577557,164.691441787236,2.36204342820467,22.3172379078648,2.82195271577557
2020-06-08,4207,160,4114,156,93,4,4524,157,119897,2951,124421,3108,0,65,75,623,85,3519,6,308,69,"East TN",2455501,23.5389845086604,0.0305414842866276,126.572947842416,6.51598187090944,25.3716044098536,3.05414842866276
2020-06-09,4315,108,4221,107,94,1,4642,118,122224,2327,126866,2445,1,66,-35,588,142,3661,7,315,70,"East TN",2455501,23.5797093953535,0.0335411739410879,99.5723479648349,4.39828776286387,23.9462333755922,3.35411739410879
2020-06-10,4392,77,4295,74,97,3,4716,74,125062,2838,129778,2912,0,66,-63,525,140,3801,6,321,70,"East TN",2455501,24.6792813360695,0.0331695331695332,118.590870050552,3.13581627537517,21.3805655139216,3.31695331695332
2020-06-11,4656,264,4557,262,99,2,4996,280,127353,2291,132349,2571,1,67,149,674,114,3915,8,329,70,"East TN",2455501,33.3536822017177,0.0422968094448239,104.703683688176,10.7513700870006,27.448573631206,4.22968094448239
2020-06-12,4827,171,4727,170,100,1,5168,172,129981,2628,135149,2800,2,69,24,698,145,4060,3,332,71,"East TN",2455501,36.2858740436269,0.0454415954415954,114.029682740915,6.96395562453446,28.4259709118424,4.54415954415954
2020-06-13,4975,148,4871,144,104,4,5336,168,132172,2191,137508,2359,0,69,50,748,98,4158,4,336,72,"East TN",2455501,40.1547382794794,0.051880033598498,96.0700077092211,6.02728323059123,30.4622152465016,5.1880033598498
2020-06-14,5091,116,4986,115,105,1,5471,135,136042,3870,141513,4005,0,69,30,778,86,4244,4,340,73,"East TN",2455501,42.5167817076841,0.0546534653465347,163.103171206202,4.72408685640934,31.6839618472971,5.46534653465347
2020-06-15,5274,183,5158,172,116,11,5650,179,139216,3174,144866,3353,0,69,58,836,125,4369,9,349,78,"East TN",2455501,43.4534541016273,0.0550745903643923,136.550545082246,7.45265426485267,34.0460052755018,5.50745903643923
2020-06-16,5428,154,5310,152,118,2,5808,158,141016,1800,146824,1958,3,72,64,900,87,4456,4,353,81,"East TN",2455501,45.3267988895138,0.0584226876440525,79.7393281452543,6.27163255075034,36.6523980238656,5.84226876440525
2020-06-17,5561,133,5440,130,121,3,5930,122,142456,1440,148386,1562,3,75,-6,894,136,4592,6,359,83,"East TN",2455501,47.6073925443321,0.0652407566638005,63.6122730147534,5.41640993019347,36.4080487037065,6.52407566638005
2020-06-18,5739,178,5617,177,122,1,6136,206,146047,3591,152183,3797,1,76,42,936,135,4727,10,369,83,"East TN",2455501,44.1050522887183,0.0574770595946355,154.63239477402,7.24902983138675,38.1184939448202,5.74770595946355
2020-06-19,5874,135,5748,131,126,4,6254,118,147511,1464,153765,1582,4,80,22,958,109,4836,12,381,84,"East TN",2455501,42.6389563677636,0.0583369144821659,64.4267707486171,5.49785970357984,39.0144414520703,5.83369144821659
2020-06-20,5940,66,5813,65,127,1,6349,95,149686,2175,156035,2270,0,80,-44,914,110,4946,6,387,84,"East TN",2455501,39.2995156589226,0.0546769579532574,92.4454927935277,2.68784252175014,37.2225464375702,5.46769579532574
2020-06-21,6028,88,5900,87,128,1,6468,119,153036,3350,159504,3469,1,81,0,914,87,5033,3,390,87,"East TN",2455501,38.1592188315134,0.0554165971874826,141.274631938655,3.58379002900019,37.2225464375702,5.54165971874826
2020-06-22,6224,196,6089,189,135,7,6666,198,156447,3411,163113,3609,1,82,43,957,152,5185,7,397,88,"East TN",2455501,38.6886423585248,0.0556803858168466,146.976116075701,7.98207779186406,38.9737165653771,5.56803858168466
2020-06-23,6414,190,6273,184,141,6,6850,184,158252,1805,165102,1989,4,86,57,1014,129,5314,15,412,88,"East TN",2455501,40.1547382794794,0.0570084254294781,81.001799632743,7.73772847170496,41.2950351068886,5.70084254294781
2020-06-24,6592,178,6449,176,143,2,7033,183,159883,1631,166916,1814,2,88,37,1051,139,5453,9,421,88,"East TN",2455501,41.9873581806727,0.0595250944414463,73.8749444614358,7.24902983138675,42.8018559145364,5.95250944414463
2020-06-25,6761,169,6609,160,152,9,7217,184,163057,3174,170274,3358,0,88,22,1073,147,5600,8,429,88,"East TN",2455501,41.620834200434,0.0597534685755348,136.754169515712,6.8825058511481,43.6978034217864,5.97534685755348
2020-06-26,6975,214,6813,204,162,10,7389,172,164646,1589,172035,1761,1,89,67,1140,146,5746,16,445,88,"East TN",2455501,44.8381002491956,0.0621237000547345,71.716525466697,8.71512575234138,46.4263708302298,6.21237000547345
2020-06-27,7049,74,6882,69,167,5,7435,46,164855,209,172290,255,-1,88,-52,1088,127,5873,5,450,90,"East TN",2455501,45.1638993427411,0.066810212242387,10.3848461067619,3.01364161529562,44.3086767221842,6.6810212242387
2020-06-28,7176,127,7007,125,169,2,7606,171,167943,3088,175549,3259,0,88,30,1118,97,5970,5,455,91,"East TN",2455501,46.7521699237752,0.0709255219694609,132.722405733087,5.17206061003437,45.5304233229797,7.09255219694609
2020-06-29,7519,343,7348,341,171,2,7946,340,173211,5268,181157,5608,1,89,147,1265,195,6165,22,477,92,"East TN",2455501,52.7387282676733,0.0709377078253159,228.385164575376,13.9686361357621,51.5169816668778,7.09377078253159
2020-06-30,7789,270,7614,266,175,4,8394,448,179498,6287,187892,6735,0,89,100,1365,170,6335,22,499,93,"East TN",2455501,55.996719203128,0.0677490127248793,274.282111878594,10.9957194071597,55.5894703361962,6.77490127248793
2020-07-01,8064,275,7886,272,178,3,8728,334,182702,3204,191430,3538,0,89,66,1431,209,6544,17,516,96,"East TN",2455501,59.9470332123668,0.0691441625193767,144.084649120485,11.1993438406256,58.2773128579463,6.91441625193767
2020-07-02,8544,480,8361,475,183,5,9334,606,189085,6383,198419,6989,2,91,314,1745,164,6708,24,540,99,"East TN",2455501,72.6124729739471,0.0752176230236276,284.626233098663,19.5479456127283,71.0649272796061,7.52176230236276
2020-07-03,8770,226,8581,220,189,6,9562,228,192441,3356,202003,3584,5,96,24,1769,197,6905,14,554,100,"East TN",2455501,73.1011716142653,0.0725106780565937,145.957993908371,9.20382439265958,72.0423245602425,7.25106780565937
2020-07-04,8990,220,8799,218,191,2,9842,280,197205,4764,207047,5044,2,98,77,1846,141,7046,14,568,106,"East TN",2455501,79.0470050714701,0.0692522369594614,205.41632848042,8.95947507250048,75.1781408356177,6.92522369594614
2020-07-05,9310,320,9118,319,192,1,10210,368,201053,3848,211263,4216,2,100,163,2009,155,7201,11,579,109,"East TN",2455501,86.9069082032546,0.0729125833006664,171.696122298464,13.0319637418189,81.8162973666066,7.29125833006664
2020-07-06,9544,234,9341,223,203,11,10420,210,202684,1631,213104,1841,4,104,-51,1958,281,7482,26,605,109,"East TN",2455501,82.4678955536976,0.0774407612608383,74.9745164021517,9.52962348620506,79.7393281452543,7.74407612608383
2020-07-07,9992,448,9780,439,212,9,10986,566,208962,6278,219948,6844,0,104,159,2117,289,7771,31,636,110,"East TN",2455501,89.7169253850844,0.080858497629149,278.721124528151,18.2447492385464,86.2145851294705,8.0858497629149
2020-07-08,10373,381,10151,371,222,10,11420,434,213134,4172,224554,4606,1,105,61,2178,319,8090,20,656,110,"East TN",2455501,94.0337633745619,0.0812703779736747,187.578828108805,15.5161818301031,88.6988032177547,8.12703779736747
2020-07-09,10822,449,10586,435,236,14,11892,472,219084,5950,230976,6422,1,106,149,2327,299,8389,24,680,114,"East TN",2455501,92.7712918870731,0.078569892803391,261.535222343628,18.2854741252396,94.7668113350392,7.8569892803391
2020-07-10,11289,467,11041,455,248,12,12345,453,222368,3284,234713,3737,0,106,141,2468,326,8715,27,707,116,"East TN",2455501,102.58598958013,0.0850810149801284,152.188901572429,19.0185220857169,100.509020358778,8.50810149801284
2020-07-11,11595,306,11340,299,255,7,12767,422,226846,4478,239613,4900,5,111,44,2512,257,8972,22,729,121,"East TN",2455501,106.088329835744,0.0898176011791439,199.551944796602,12.4618153281143,102.300915373278,8.98176011791439
2020-07-12,12065,470,11802,462,263,8,13400,633,232776,5930,246176,6563,1,112,222,2734,247,9219,24,753,126,"East TN",2455501,112.197062839722,0.091369976799473,267.277431367367,19.1406967457965,111.341840219165,9.1369976799473
2020-07-13,12419,354,12143,341,276,13,13743,343,236210,3434,249953,3777,3,115,-119,2615,470,9689,18,771,130,"East TN",2455501,117.084049242904,0.0901788379603246,153.817897040156,14.4166098893871,106.495578702676,9.01788379603246
2020-07-14,12934,515,12653,510,281,5,14327,584,240698,4488,255025,5072,4,119,77,2692,434,10123,34,805,134,"East TN",2455501,119.812616651347,0.0952475981412321,206.556625307829,20.9733166469898,109.631394978051,9.52475981412321
2020-07-15,13314,380,13027,374,287,6,14710,383,243795,3097,258505,3480,6,125,-106,2586,480,10603,24,829,141,"East TN",2455501,119.771891764654,0.0969043621690083,141.72260569228,15.4754569434099,105.314556988574,9.69043621690083
2020-07-16,14141,827,13839,812,302,15,15807,1097,253629,9834,269436,10931,6,131,349,2935,472,11075,43,872,143,"East TN",2455501,135.165898934678,0.101794071762871,445.163736443194,33.6794812952632,119.527542444495,10.1794071762871
2020-07-17,14609,468,14293,454,316,14,16318,511,257948,4319,274266,4830,3,134,95,3030,370,11445,24,896,148,"East TN",2455501,135.206623821371,0.100447500821682,196.701202728079,19.0592469724101,123.396406680348,10.0447500821682
2020-07-18,15118,509,14787,494,331,15,16986,668,266039,8091,283025,8759,6,140,185,3215,318,11763,27,923,151,"East TN",2455501,143.473775820087,0.0971851101078043,356.709282545599,20.7289673268307,130.930510718587,9.71851101078043
2020-07-19,15599,481,15249,462,350,19,17546,560,270893,4854,288439,5414,0,140,76,3291,405,12168,25,948,155,"East TN",2455501,143.921749573712,0.0980999929015924,220.484536556898,19.5886704994215,134.025602107269,9.80999929015924
2020-07-20,16035,436,15670,421,365,15,17957,411,273350,2457,291307,2868,2,142,-270,3021,704,12872,29,977,159,"East TN",2455501,147.261190282553,0.10190066257194,116.798975036052,17.7560505982282,123.029882700109,10.190066257194
2020-07-21,17036,1001,16654,984,382,17,19169,1212,281728,8378,300897,9590,1,143,381,3402,619,13491,61,1038,162,"East TN",2455501,167.053485215441,0.105554586675968,390.551663387635,40.7656115798772,138.546064530212,10.5554586675968
2020-07-22,17620,584,17222,568,398,16,19823,654,285028,3300,304851,3954,4,147,-79,3323,659,14150,29,1067,167,"East TN",2455501,175.36136210085,0.110322357916541,161.02620198485,23.7833338288195,135.32879848145,11.0322357916541
2020-07-23,18415,795,17995,773,420,22,20822,999,295232,10204,316054,11203,4,151,242,3565,549,14699,50,1117,173,"East TN",2455501,174.058165726668,0.107576472607147,456.24090562374,32.3762849210813,145.184221061201,10.7576472607147
2020-07-24,19018,603,18585,590,433,13,21506,684,301042,5810,322548,6494,2,153,7,3572,594,15293,34,1151,180,"East TN",2455501,179.556025430248,0.10745205252475,264.467414185537,24.55710667599,145.469295268053,10.745205252475
2020-07-25,19996,978,19551,966,445,12,22708,1202,310657,9615,333365,10817,10,163,550,4122,418,15711,28,1179,188,"East TN",2455501,198.655997289352,0.113667063965038,440.521099360171,39.8289391859339,167.867982949304,11.3667063965038
2020-07-26,20771,775,20311,760,460,15,23605,897,318180,7523,341785,8420,1,164,391,4513,383,16094,21,1200,195,"East TN",2455501,210.629113977148,0.113579274922206,342.903545956609,31.5617871872176,183.791413646339,11.3579274922206
2020-07-27,21417,646,20935,624,482,22,24311,706,322646,4466,346957,5172,6,170,-78,4435,718,16812,38,1238,199,"East TN",2455501,219.181340182716,0.114177897574124,210.629113977148,26.3082768037969,180.614872484271,11.4177897574124
2020-07-28,22232,815,21727,792,505,23,25283,972,330867,8221,356150,9193,7,177,170,4605,638,17450,50,1288,204,"East TN",2455501,211.606511257784,0.11065462508823,374.38388337044,33.190782654945,187.538103222112,11.065462508823
2020-07-29,22575,343,22059,332,516,11,25599,316,332439,1572,358038,1888,5,182,-337,4268,675,18125,24,1312,213,"East TN",2455501,201.791813564727,0.108597965668302,76.8885860767314,13.9686361357621,173.813816406509,10.8597965668302
2020-07-30,23763,1188,23232,1173,531,15,26980,1381,344973,12534,371953,13915,5,187,674,4942,509,18634,42,1354,220,"East TN",2455501,217.796694035148,0.11016297250398,566.686798335655,48.3811653915026,201.262390037715,11.016297250398
2020-07-31,24385,622,23838,606,547,16,27634,654,348941,3968,376575,4622,6,193,80,5022,536,19170,25,1379,229,"East TN",2455501,218.570466882319,0.113424769096933,188.230426295896,25.3308795231604,204.52038097317,11.3424769096933
2020-08-01,24944,559,24380,542,564,17,28270,636,355916,6975,384186,7611,1,194,152,5174,406,19576,16,1395,232,"East TN",2455501,201.506739357874,0.109442946813325,309.957112621823,22.7652116614899,210.710563750534,10.9442946813325
2020-08-02,25375,431,24800,420,575,11,28754,484,359714,3798,388468,4282,4,198,49,5223,378,19954,19,1414,237,"East TN",2455501,187.497378335419,0.11029711029711,174.383964820214,17.5524261647623,212.7060831985,11.029711029711
2020-08-03,26001,626,25408,608,593,18,29462,708,363858,4144,393320,4852,3,201,-43,5180,666,20620,33,1447,245,"East TN",2455501,186.682880601555,0.111101524922891,197.597150235329,25.4937790699332,210.954913070693,11.1101524922891
2020-08-04,26487,486,25874,466,613,20,29988,526,369229,5371,399217,5897,6,207,-218,4962,698,21318,33,1480,254,"East TN",2455501,173.284392879498,0.109248380430492,240.154656829706,19.7922949328874,202.076887771579,10.9248380430492
2020-08-05,26955,468,26334,460,621,8,30509,521,373442,4213,403951,4734,9,216,-222,4740,681,21999,19,1499,260,"East TN",2455501,178.375003716146,0.106941389149043,192.791613605533,19.0592469724101,193.035962925692,10.6941389149043
2020-08-06,27686,731,27027,693,659,38,31361,852,380512,7070,411873,7922,7,223,201,4941,523,22522,36,1535,266,"East TN",2455501,159.763730497361,0.109744488977956,322.622552383404,29.7698921727175,201.221665151022,10.9744488977956
2020-08-07,28241,555,27568,541,673,14,31980,619,384482,3970,416462,4589,6,229,39,4980,510,23032,34,1569,279,"East TN",2455501,157.035163088917,0.108957805801389,186.886505035021,22.6023121147171,202.809935732056,10.8957805801389
2020-08-08,28916,675,28231,663,685,12,32780,800,394559,10077,427339,10877,8,237,289,5269,378,23410,19,1588,290,"East TN",2455501,161.759249945327,0.104511853173592,442.964592561762,27.4892985178992,214.579427986386,10.4511853173592
2020-08-09,29444,528,28747,516,697,12,33414,634,398860,4301,432274,4935,2,239,115,5384,411,23821,19,1607,297,"East TN",2455501,165.709563954566,0.106378121718486,200.977315830863,21.5027401740012,219.262789956103,10.6378121718486
2020-08-10,29747,303,29039,292,708,11,33742,328,401149,2289,434891,2617,3,242,-477,4907,777,24598,26,1633,301,"East TN",2455501,152.555425552667,0.102956387866542,106.577028476063,12.3396406680348,199.837019003454,10.2956387866542
2020-08-11,30359,612,29634,595,725,17,34427,685,407249,6100,441676,6785,17,259,-7,4900,602,25200,28,1661,306,"East TN",2455501,157.686761276008,0.104547916813867,276.318356213253,24.9236306562286,199.551944796602,10.4547916813867
2020-08-12,30804,445,30058,424,746,21,34901,474,410998,3749,445899,4223,6,265,-251,4649,690,25890,25,1686,311,"East TN",2455501,156.750088882065,0.104701058453323,171.981196505316,18.1225745784669,189.329998236612,10.4701058453323
2020-08-13,31621,817,30862,804,759,13,36018,1117,419560,8562,455578,9679,6,271,202,4851,609,26499,44,1730,319,"East TN",2455501,160.252429137679,0.106555314037295,394.176178303328,33.2722324283313,197.556425348636,10.6555314037295
2020-08-14,32082,461,31294,432,788,29,36552,534,424216,4656,460768,5190,4,275,-142,4709,599,27098,18,1748,326,"East TN",2455501,156.42428978852,0.103191441339773,211.362161937625,18.7741727655578,191.773491438203,10.3191441339773
2020-08-15,32732,650,31932,638,800,12,37429,877,431149,6933,468578,7810,4,279,216,4925,430,27528,17,1765,335,"East TN",2455501,155.40616762119,0.11273309246102,318.061365073767,26.4711763505696,200.570066963931,11.273309246102
2020-08-16,33206,474,32395,463,811,11,38022,593,436615,5466,474637,6059,2,281,110,5035,362,27890,10,1775,344,"East TN",2455501,153.207023739758,0.108774166135543,246.752088474002,19.3035962925692,205.049804500181,10.8774166135543
2020-08-17,33479,273,32598,203,881,70,38249,227,438087,1472,476336,1699,8,289,-397,4638,662,28552,12,1787,350,"East TN",2455501,151.985277138963,0.108746531547834,69.1915824917196,11.1178940672392,188.882024482987,10.8746531547834
2020-08-18,34109,630,33163,565,946,65,39061,812,448684,10597,487745,11409,8,297,52,4690,570,29122,22,1809,353,"East TN",2455501,152.71832509944,0.100588248062689,464.630232282536,25.6566786167059,190.999718591033,10.0588248062689
2020-08-19,34564,455,33597,434,967,21,39558,497,453468,4784,493026,5281,7,304,-113,4577,561,29683,22,1831,360,"East TN",2455501,153.125573966372,0.0988180872960299,215.068126626705,18.5298234453987,186.397806394703,9.88180872960299
2020-08-20,35342,778,34354,757,988,21,40432,874,465007,11539,505439,12413,6,310,265,4842,507,30190,26,1857,368,"East TN",2455501,151.537303385338,0.0885261025651311,505.518018522493,31.6839618472971,197.189901368397,8.85261025651311
2020-08-21,35551,209,34551,197,1000,12,40645,213,467458,2451,508103,2664,17,327,-321,4521,513,30703,17,1874,375,"East TN",2455501,141.274631938655,0.0864687863103412,108.491098150642,8.51150131887546,184.117212739885,8.64687863103412
2020-08-22,36421,870,35409,858,1012,12,41618,973,480826,13368,522444,14341,2,329,454,4975,414,31117,20,1894,382,"East TN",2455501,150.234107011156,0.0777670515724204,584.035600066952,35.4306514230701,202.60631129859,7.77670515724204
2020-08-23,36674,253,35651,242,1023,11,41872,254,485932,5106,527804,5360,0,329,-94,4881,347,31464,20,1914,387,"East TN",2455501,141.233907051962,0.0724133391013222,218.285392675466,10.3033963333756,198.778171949431,7.24133391013222
2020-08-24,36866,192,35826,175,1040,17,42070,198,487275,1343,529345,1541,8,337,-485,4396,669,32133,15,1929,397,"East TN",2455501,137.935191229814,0.0720820992661624,62.7570503941965,7.81917824509133,179.026601903237,7.20820992661624
2020-08-25,37480,614,36415,589,1065,25,42755,685,497010,9735,539765,10420,16,353,120,4516,478,32611,22,1951,406,"East TN",2455501,137.283593042723,0.0710111495578624,424.353319342977,25.005080429615,183.913588306419,7.10111495578624
2020-08-26,37825,345,36735,320,1090,25,43139,384,500972,3962,544111,4346,6,359,-208,4308,547,33158,11,1962,414,"East TN",2455501,132.803855506473,0.0700988548497602,176.990357568578,14.0500859091485,175.442811874237,7.00988548497602
2020-08-27,38686,861,37579,844,1107,17,44115,976,511263,10291,555378,11267,8,367,387,4695,466,33624,29,1991,421,"East TN",2455501,136.184021102007,0.0737499749694627,458.847298372104,35.0641274428314,191.203343024499,7.37499749694627
2020-08-28,39020,334,37893,314,1127,20,44453,338,513872,2609,558325,2947,12,379,-182,4513,504,34128,10,2001,427,"East TN",2455501,141.274631938655,0.0758233443510812,120.016241084813,13.6021121555235,183.791413646339,7.58233443510812
2020-08-29,39471,451,38328,435,1143,16,44981,528,520391,6519,565372,7047,8,387,61,4574,382,34510,16,2017,436,"East TN",2455501,124.210904414211,0.0783404770778979,286.988276526868,18.366923898626,186.275631734624,7.83404770778979
2020-08-30,39734,263,38580,252,1154,11,45248,267,522272,1881,567520,2148,8,395,-55,4519,310,34820,14,2031,439,"East TN",2455501,124.618153281143,0.0850035250276966,87.4770566169592,10.7106452003074,184.035762966498,8.50035250276967
2020-08-31,40141,407,38958,378,1183,29,45698,450,525759,3487,571457,3937,2,397,-133,4386,538,35358,16,2047,444,"East TN",2455501,133.374003920178,0.0861512158054711,160.333878911065,16.5750288841259,178.619353036305,8.61512158054711
2020-09-01,40748,607,39523,565,1225,42,46372,674,531424,5665,577796,6339,6,403,105,4491,496,35854,28,2075,453,"East TN",2455501,133.088929713325,0.095106623543951,258.155056748093,24.7200062227627,182.895466139089,9.5106623543951
2020-09-02,41236,488,39982,459,1254,29,46825,453,536217,4793,583042,5246,7,410,22,4513,459,36313,22,2097,460,"East TN",2455501,138.912588510451,0.0946803318692045,213.642755592443,19.8737447062738,183.791413646339,9.46803318692045
2020-09-03,41791,555,40504,522,1287,33,47472,647,544474,8257,591946,8904,6,416,-39,4474,588,36901,22,2119,463,"East TN",2455501,126.450773182336,0.0918015751476701,362.61439111611,22.6023121147171,182.203143065305,9.18015751476701
2020-09-04,42148,357,40847,343,1301,14,47820,348,547806,3332,595626,3680,7,423,-40,4434,390,37291,11,2130,464,"East TN",2455501,127.38744557628,0.0902656765234176,149.867583030917,14.5387845494667,180.574147597578,9.02656765234176
2020-09-05,43146,998,41830,983,1316,15,48910,1090,557125,9319,606035,10409,1,424,640,5074,357,37648,26,2156,470,"East TN",2455501,149.663958597451,0.0966234660502176,423.905345589352,40.6434369197976,206.638075081216,9.66234660502176
2020-09-06,43409,263,42077,247,1332,16,49178,268,559753,2628,608931,2896,0,424,-51,5023,314,37962,9,2165,484,"East TN",2455501,149.663958597451,0.0949023206394436,117.939271863461,10.7106452003074,204.561105859863,9.49023206394436
2020-09-07,43613,204,42274,197,1339,7,49415,237,561089,1336,610504,1573,3,427,-342,4681,543,38505,13,2178,488,"East TN",2455501,141.396806598735,0.0951929725715164,64.0602467683784,8.30787688540954,190.633194610794,9.51929725715164
2020-09-08,43924,311,42563,289,1361,22,49735,320,564515,3426,614250,3746,7,434,-302,4379,606,39111,24,2202,495,"East TN",2455501,129.342240137552,0.0922532506720799,152.555425552667,12.6654397615802,178.334278829453,9.22532506720799
2020-09-09,44257,333,42879,316,1378,17,50110,375,569661,5146,619771,5521,6,440,-161,4218,488,39599,16,2218,502,"East TN",2455501,123.029882700109,0.0894388630237687,224.842099433069,13.5613872688303,171.77757207185,8.94388630237687
2020-09-10,44932,675,43517,638,1415,37,50817,707,577472,7811,628289,8518,18,458,194,4412,463,40062,39,2257,513,"East TN",2455501,127.916869103291,0.0920397325482211,346.894584852541,27.4892985178992,179.678200090328,9.20397325482211
2020-09-11,45258,326,43820,303,1438,23,51172,355,581632,4160,632804,4515,17,475,-205,4207,514,40576,26,2283,524,"East TN",2455501,126.654397615802,0.0901608478132229,183.872863419726,13.276313061978,171.329598318225,9.01608478132229
2020-09-12,45677,419,44221,401,1456,18,51684,512,588618,6986,640302,7498,10,485,92,4299,317,40893,14,2297,535,"East TN",2455501,103.074688220449,0.0809525199171214,305.355200425494,17.0637275244441,175.076287893998,8.09525199171214
2020-09-13,46118,441,44642,421,1476,20,52187,503,594192,5574,646379,6077,2,487,49,4348,390,41283,21,2318,540,"East TN",2455501,110.323718051835,0.0803514206366161,247.485136434479,17.9596750316941,177.071807341964,8.03514206366161
2020-09-14,46562,444,45071,429,1491,15,52672,485,599165,4973,651837,5458,9,496,-151,4197,586,41869,23,2341,550,"East TN",2455501,120.0976908582,0.0787990225727627,222.276431571398,18.0818496917737,170.922349451293,7.87990225727627
2020-09-15,47055,493,45527,456,1528,37,53212,540,607341,8176,660553,8716,7,503,-66,4131,552,42421,19,2360,553,"East TN",2455501,127.509620236359,0.0750923266311038,354.958112417792,20.0773691397397,168.234506929543,7.50923266311038
2020-09-16,47408,353,45837,310,1571,43,53606,394,610754,3413,664360,3807,6,509,-175,3956,522,42943,17,2377,562,"East TN",2455501,128.324117970223,0.0784049877772545,155.039643640951,14.375885002694,161.107651758236,7.84049877772545
2020-09-17,47959,551,46356,519,1603,32,54183,577,617930,7176,672113,7753,8,517,119,4075,424,43367,21,2398,573,"East TN",2455501,123.274232020268,0.0768072289156626,315.740046532256,22.4394125679444,165.953913274725,7.68072289156626
2020-09-18,48493,534,46842,486,1651,48,54750,567,626046,8116,680796,8683,17,534,-29,4046,546,43913,29,2427,579,"East TN",2455501,131.74500845245,0.0745540923487248,353.614191156917,21.7470894941603,164.772891560622,7.45540923487248
2020-09-19,49001,508,47327,485,1674,23,55323,573,634400,8354,689723,8927,3,537,193,4239,312,44225,29,2456,581,"East TN",2455501,135.369523368144,0.0736326662754699,363.551063510054,20.6882424401375,172.632794692407,7.36326662754699
2020-09-20,49307,306,47608,281,1699,25,55652,329,639358,4958,695010,5287,1,538,-19,4220,324,44549,13,2469,592,"East TN",2455501,129.871663664564,0.0712508482243836,215.312475946864,12.4618153281143,171.859021845236,7.12508482243836
2020-09-21,49470,163,47741,133,1729,30,55804,152,640875,1517,696679,1669,3,541,-210,4010,370,44919,9,2478,597,"East TN",2455501,118.427970503779,0.0698452343784845,67.9698358909241,6.63815653098899,163.306795639668,6.98452343784845
2020-09-22,49930,460,48143,402,1787,58,56294,490,647025,6150,703319,6640,6,547,-55,3955,509,45428,28,2506,604,"East TN",2455501,117.084049242904,0.072066594958612,270.413247642742,18.7334478788646,161.066926871543,7.2066594958612
2020-09-23,50224,294,48397,254,1827,40,56576,282,649118,2093,705694,2375,8,555,-217,3738,503,45931,11,2517,613,"East TN",2455501,114.681280928006,0.0718536797793584,96.721605896312,11.9731166877961,152.229626459122,7.18536797793584
2020-09-24,50687,463,48839,442,1848,21,57057,481,656012,6894,713069,7375,11,566,-36,3702,488,46419,27,2544,618,"East TN",2455501,111.097490899006,0.070172868444184,300.346039362232,18.8556225389442,150.763530538167,7.0172868444184
2020-09-25,51141,454,49269,430,1872,24,57543,486,662685,6673,720228,7159,11,577,14,3716,429,46848,18,2562,625,"East TN",2455501,107.839499963551,0.070830797321972,291.549463836504,18.4890985587055,151.333678951872,7.0830797321972
2020-09-26,51699,558,49803,534,1896,24,58181,638,673241,10556,731422,11194,5,582,194,3910,359,47207,28,2590,632,"East TN",2455501,109.87574429821,0.0685388138804288,455.874381643502,22.7244867747967,159.234306970349,6.85388138804288
2020-09-27,52092,393,50168,365,1924,28,58588,407,679260,6019,737848,6426,3,585,91,4001,299,47506,30,2620,639,"East TN",2455501,113.418809440517,0.06853727998506,261.6981218904,16.0048804704213,162.940271659429,6.853727998506
2020-09-28,52326,234,50363,195,1963,39,58813,225,680947,1687,739760,1912,4,589,-315,3686,545,48051,14,2634,646,"East TN",2455501,116.310276395733,0.0698451753673313,77.8659833573678,9.52962348620506,150.111932351076,6.98451753673313
2020-09-29,52709,383,50703,340,2006,43,59210,397,686758,5811,745968,6208,9,598,-43,3643,417,48468,30,2664,648,"East TN",2455501,113.174460120358,0.0683720603062205,252.820096591286,15.5976316034895,148.360762223269,6.83720603062205
2020-09-30,53191,482,51153,450,2038,32,59686,476,690196,3438,749882,3914,6,604,79,3722,397,48865,21,2685,652,"East TN",2455501,120.830738818677,0.0703810989408889,159.397206517122,19.6293953861147,151.578028272031,7.03810989408889
2020-10-01,53579,388,51502,349,2077,39,60065,379,693476,3280,753541,3659,11,615,0,3722,377,49242,30,2715,657,"East TN",2455501,117.776372316688,0.0743229887329512,149.01236041036,15.8012560369554,151.578028272031,7.43229887329512
2020-10-02,54044,465,51939,437,2105,28,60528,463,697097,3621,757625,4084,2,617,24,3746,439,49681,17,2732,661,"East TN",2455501,118.224346070313,0.0798192368371795,166.320437254963,18.9370723123306,152.555425552667,7.98192368371795
2020-10-03,54449,405,52327,388,2122,17,61011,483,704557,7460,765568,7943,12,629,83,3829,310,49991,21,2753,667,"East TN",2455501,111.993438406256,0.0828794002225737,323.477775003961,16.4935791107395,155.935591148202,8.28794002225737
2020-10-04,54904,455,52752,425,2152,30,61550,539,714680,10123,776230,10662,4,633,144,3973,307,50298,26,2779,680,"East TN",2455501,114.518381381233,0.0771715908498775,434.208741922728,18.5298234453987,161.79997483202,7.71715908498775
2020-10-05,55576,672,53365,613,2211,59,62302,752,721928,7248,784230,8000,5,638,152,4125,515,50813,38,2817,689,"East TN",2455501,132.355881752848,0.0784573870024736,325.799093545472,27.3671238578196,167.990157609384,7.84573870024736
2020-10-06,56326,750,54031,666,2295,84,63042,740,728568,6640,791610,7380,8,646,302,4427,440,51253,42,2859,698,"East TN",2455501,147.301915169247,0.0839577582051619,300.549663795698,30.543665019888,180.289073390726,8.39577582051619
2020-10-07,57063,737,54690,659,2373,78,63750,708,735321,6753,799071,7461,3,649,293,4720,441,51694,36,2895,704,"East TN",2455501,157.686761276008,0.0826200979893879,303.848379617846,30.0142414928766,192.221465191828,8.26200979893879
2020-10-08,57781,718,55347,657,2434,61,64428,678,741782,6461,806210,7139,10,659,266,4986,442,52136,31,2926,710,"East TN",2455501,171.125973884759,0.0828381021094002,290.734966102641,29.2404686457061,203.054285052215,8.28381021094002
2020-10-09,58322,541,55846,499,2476,42,64988,560,747261,5479,812249,6039,4,663,123,5109,414,52550,20,2946,717,"East TN",2455501,174.221065273441,0.0816490919742238,245.937590740138,22.0321637010125,208.063446115477,8.16490919742238
2020-10-10,58940,618,56434,588,2506,30,65657,669,755687,8426,821344,9095,12,675,252,5361,354,52904,19,2965,731,"East TN",2455501,182.895466139089,0.0832974756167527,370.392844474508,25.1679799763877,218.326117562159,8.32974756167527
2020-10-11,59883,943,57346,912,2537,31,66686,1029,766116,10429,832802,11458,1,676,586,5947,356,53260,36,3001,738,"East TN",2455501,202.769210845363,0.0907869617478611,466.625751730502,38.4035681516725,242.190901164365,9.07869617478611
2020-10-12,60239,356,57632,286,2607,70,67003,317,769037,2921,836040,3238,6,682,-337,5610,687,53947,18,3019,749,"East TN",2455501,189.900146650317,0.0907353792704111,131.86718311253,14.4980596627735,228.466614348762,9.07353792704111
2020-10-13,60744,505,58085,453,2659,52,67487,484,773422,4385,840909,4869,9,691,7,5617,489,54436,22,3041,756,"East TN",2455501,179.922549410487,0.0901641006916976,198.289473309113,20.5660677800579,228.751688555615,9.01641006916976
2020-10-14,61618,874,58897,812,2721,62,68335,848,779608,6186,847943,7034,1,692,329,5946,544,54980,40,3081,763,"East TN",2455501,185.501858887453,0.0938165002455394,286.458852999856,35.5935509698428,242.150176277672,9.38165002455394
2020-10-15,62127,509,59337,440,2790,69,68800,465,783762,4154,852562,4619,14,706,-67,5879,562,55542,19,3100,772,"East TN",2455501,176.990357568578,0.094321712115982,188.108251635817,20.7289673268307,239.421608869229,9.4321712115982
2020-10-16,62766,639,59933,596,2833,43,69384,584,787851,4089,857235,4673,2,708,-135,5744,772,56314,21,3121,784,"East TN",2455501,180.98139646451,0.0977192904459165,190.307395517249,26.0232025969446,233.923749165649,9.77192904459165
2020-10-17,63484,718,60614,681,2870,37,70243,859,796635,8784,866878,9643,6,714,236,5980,476,56790,36,3157,791,"East TN",2455501,185.053885133828,0.100715948521984,392.710082382373,29.2404686457061,243.53482242524,10.0715948521984
2020-10-18,64290,806,61374,760,2916,46,71115,872,804745,8110,875860,8982,3,717,349,6329,454,57244,34,3191,799,"East TN",2455501,179.474575656862,0.102861256909285,365.790932278179,32.8242586747063,257.747807881162,10.2861256909285
2020-10-19,65038,748,62059,685,2979,63,71874,759,809644,4899,881518,5658,3,720,-19,6310,764,58008,65,3256,810,"East TN",2455501,195.43873124059,0.10710673292581,230.421408910035,30.4622152465016,256.974035033991,10.710673292581
2020-10-20,65724,686,62668,609,3056,77,72565,691,813260,3616,885825,4307,15,735,35,6345,636,58644,27,3283,823,"East TN",2455501,202.809935732056,0.113055481342951,175.402086987543,27.9372722715242,258.399406068252,11.3055481342951
2020-10-21,66318,594,63221,553,3097,41,73182,617,817004,3744,890186,4361,5,740,-128,6217,717,59361,24,3307,837,"East TN",2455501,191.406967457965,0.114740903818384,177.601230868975,24.1905826957513,253.186620571525,11.4740903818384
2020-10-22,67448,1130,64257,1036,3191,94,74283,1101,825570,8566,899853,9667,10,750,440,6657,680,60041,42,3349,852,"East TN",2455501,216.697122094432,0.115941722526485,393.68747966301,46.0191219632979,271.105570716526,11.5941722526485
2020-10-23,68419,971,65161,904,3258,67,75253,970,832686,7116,907939,8086,19,769,289,6946,663,60704,36,3385,860,"East TN",2455501,230.217784476569,0.115750236667719,329.301433801086,39.5438649790817,282.875062970856,11.5750236667719
2020-10-24,69656,1237,66336,1175,3320,62,76580,1327,843213,10527,919793,11854,12,781,644,7590,581,61285,48,3433,877,"East TN",2455501,251.354000670332,0.119758102617405,482.752806861003,50.3766848394686,309.101890001267,11.9758102617405
2020-10-25,70586,930,67209,873,3377,57,77627,1047,851091,7878,928718,8925,9,790,438,8028,483,61768,40,3473,888,"East TN",2455501,256.403886620286,0.123198002194559,363.469613736667,37.8741446246611,326.939390372881,12.3198002194559
2020-10-26,71048,462,67615,406,3433,56,78061,434,853846,2755,931907,3189,6,796,-449,7579,905,62673,20,3493,902,"East TN",2455501,244.756569026036,0.12278473476354,129.871663664564,18.814897652251,308.653916247642,12.278473476354
2020-10-27,71890,842,68327,712,3563,130,78844,783,858231,4385,937075,5168,12,808,80,7659,750,63423,52,3545,926,"East TN",2455501,251.109651350173,0.122517073170732,210.466214430375,34.2903545956609,311.911907183096,12.2517073170732
2020-10-28,72887,997,69238,911,3649,86,79814,970,865449,7218,945263,8188,13,821,199,7858,785,64208,39,3584,940,"East TN",2455501,267.521780687526,0.120413239646313,333.455372243791,40.6027120331044,320.01615963504,12.0413239646313
2020-10-29,73795,908,70031,793,3764,115,80648,834,871952,6503,952600,7337,11,832,151,8009,746,64954,40,3624,952,"East TN",2455501,258.480855841639,0.120670369878856,298.798493667891,36.9781971174111,326.165617525711,12.0670369878856
2020-10-30,74695,900,70838,807,3857,93,81488,840,876810,4858,958298,5698,28,860,50,8059,822,65776,38,3662,968,"East TN",2455501,255.589388886423,0.123811036756091,232.050404377762,36.6523980238656,328.20186186037,12.3811036756091
2020-10-31,74709,14,70852,14,3857,0,81504,16,876831,21,958335,37,5,865,-603,7456,612,66388,0,3662,979,"East TN",2455501,205.782852460659,0.127756732914742,1.50682080764781,0.570148413704576,303.64475518438,12.7756732914742
2020-11-01,75216,507,71242,390,3974,117,81974,470,883399,6568,965373,7038,0,865,-138,7318,645,67033,26,3688,995,"East TN",2455501,188.556225389442,0.118592279361615,286.621752546629,20.6475175534443,298.024720820721,11.8592279361615
2020-11-02,76028,812,71986,744,4042,68,82751,777,887627,4228,970378,5005,11,876,-228,7090,1029,68062,37,3725,1009,"East TN",2455501,202.809935732056,0.121910010137506,203.828057899386,33.0686079948654,288.739446654675,12.1910010137506
2020-11-03,77068,1040,72946,960,4122,80,83827,1076,894491,6864,978318,7940,31,907,30,7120,979,69041,26,3751,1022,"East TN",2455501,210.873463297307,0.120820502873215,323.355600343881,42.3538821609114,289.96119325547,12.0820502873215
2020-11-04,77979,911,73758,812,4221,99,84674,847,899376,4885,984050,5732,6,913,-5,7115,910,69951,34,3785,1046,"East TN",2455501,207.371123041693,0.125299713821641,233.435050525331,37.1003717774906,289.757568822004,12.5299713821641
2020-11-05,78557,578,74242,484,4315,94,85175,501,902039,2663,987214,3164,17,930,-367,6748,928,70879,27,3812,1060,"East TN",2455501,193.931910432942,0.130785231409256,128.853541497234,23.5389845086603,274.811535405606,13.0785231409256
2020-11-06,79523,966,75090,848,4433,118,86102,927,908449,6410,994551,7337,10,940,43,6791,913,71792,36,3848,1084,"East TN",2455501,196.619752954692,0.127272225746835,298.798493667891,39.3402405456157,276.562705533413,12.7272225746835
2020-11-07,80850,1327,76331,1241,4519,86,87521,1419,919370,10921,1006891,12340,21,961,649,7440,657,72449,48,3896,1094,"East TN",2455501,250.091529182843,0.123918774198863,502.54510179389,54.0419246418552,302.993156997289,12.3918774198863
2020-11-08,82407,1557,77770,1439,4637,118,89188,1667,932271,12901,1021459,14568,3,964,889,8329,665,73114,50,3946,1111,"East TN",2455501,292.852660210686,0.128623899012231,593.280149346304,63.4086485812875,339.19758126753,12.8623899012231
2020-11-09,83027,620,78310,540,4717,80,89769,581,935723,3452,1025492,4033,9,973,-466,7863,1077,74191,18,3964,1122,"East TN",2455501,285.033481965595,0.127336067061001,164.243468033611,25.2494297497741,320.219784068506,12.7336067061001
2020-11-10,83966,939,79160,850,4806,89,90692,923,940725,5002,1031417,5925,27,1000,6,7869,906,75097,42,4006,1140,"East TN",2455501,280.920268409583,0.129286803894612,241.294953657115,38.2406686048998,320.464133388665,12.9286803894612
2020-11-11,85270,1304,80260,1100,5010,204,91861,1169,947272,6547,1039133,7716,26,1026,383,8252,895,75992,51,4057,1154,"East TN",2455501,296.925148880005,0.13047582738776,314.233225724608,53.1052522479119,336.061764992154,13.047582738776
2020-11-12,86107,837,80965,705,5142,132,92625,764,951488,4216,1044113,4980,15,1041,8,8260,814,76806,34,4091,1172,"East TN",2455501,307.472894533539,0.130933759820032,202.809935732056,34.086730162195,336.3875640857,13.0933759820032
2020-11-13,87567,1460,82254,1289,5313,171,93925,1300,957350,5862,1051275,7162,27,1068,527,8787,906,77712,46,4137,1188,"East TN",2455501,327.590988559972,0.13791340526056,291.671638496584,59.4583345720486,357.849579373008,13.791340526056
2020-11-14,89043,1476,83646,1392,5397,84,95460,1535,966247,8897,1061707,10432,7,1075,918,9705,551,78263,49,4186,1217,"East TN",2455501,333.658996677256,0.144829976649154,424.842017983295,60.1099327591396,395.235025357351,14.4829976649154
2020-11-15,90995,1952,85379,1733,5616,219,97421,1961,977421,11174,1074842,13135,7,1082,1339,11044,606,78869,54,4240,1234,"East TN",2455501,349.745326921064,0.15422512784969,534.921386714972,79.4949788250952,449.765648639524,15.422512784969
2020-11-16,92520,1525,86778,1399,5742,126,98958,1537,985043,7622,1084001,9159,10,1092,172,11216,1343,80212,37,4277,1253,"East TN",2455501,386.601349378396,0.157052761113675,372.999237222872,62.1054522071056,456.770329150752,15.7052761113675
2020-11-17,93732,1212,87897,1119,5835,93,100179,1221,990187,5144,1090366,6365,31,1123,89,11305,1092,81304,43,4320,1280,"East TN",2455501,397.719243445635,0.160935724100494,259.213903802116,49.358562672139,460.394844066445,16.0935724100494
2020-11-18,94930,1198,88853,956,6077,242,101213,1034,995329,5142,1096542,6176,14,1137,56,11361,1128,82432,52,4372,1295,"East TN",2455501,393.402405456157,0.162901287254612,251.516900217104,48.7884142584344,462.675437721263,16.2901287254612
2020-11-19,96009,1079,89732,879,6277,200,102071,858,999990,4661,1102061,5519,45,1182,-242,11119,1276,83708,50,4422,1315,"East TN",2455501,403.257828035908,0.163008214261062,224.760649659682,43.9421527419455,452.820015141513,16.3008214261062
2020-11-20,97135,1126,90695,963,6440,163,103094,1023,1004891,4901,1107985,5924,28,1210,-127,10992,1225,84933,33,4455,1341,"East TN",2455501,389.655715880384,0.161682242990654,241.254228770422,45.8562224165252,447.647954531478,16.1682242990654
2020-11-21,98353,1218,91759,1064,6594,154,104193,1099,1011298,6407,1115491,7506,3,1213,362,11354,853,85786,45,4500,1365,"East TN",2455501,379.148695113543,0.162371709058456,305.680999519039,49.6029119922981,462.390363514411,16.2371709058456
2020-11-22,99939,1586,93188,1429,6751,157,105859,1666,1020899,9601,1126758,11267,17,1230,803,12157,766,86552,56,4556,1392,"East TN",2455501,364.243386583838,0.162531782109562,458.847298372104,64.5896702953898,495.092447529038,16.2531782109562
2020-11-23,100830,891,93946,758,6884,133,106561,702,1024016,3117,1130577,3819,18,1248,-1159,10998,2032,88584,35,4591,1419,"East TN",2455501,338.423808420359,0.163238577808313,155.52834228127,36.2858740436269,447.892303851638,16.3238577808313
2020-11-24,101741,911,94679,733,7062,178,107266,705,1027043,3027,1134309,3732,13,1261,-736,10262,1634,90218,53,4644,1447,"East TN",2455501,326.165617525711,0.16127710898209,151.985277138963,37.1003717774906,417.918787245454,16.127710898209
2020-11-25,102649,908,95366,687,7283,221,107811,545,1029351,2308,1137162,2853,38,1299,-493,9769,1363,91581,54,4698,1472,"East TN",2455501,314.355400384687,0.162432299359921,116.188101735654,36.9781971174111,397.841418105714,16.2432299359921
2020-11-26,104115,1466,96753,1387,7362,79,109482,1671,1037718,8367,1147200,10038,18,1317,-441,9328,1889,93470,22,4720,1491,"East TN",2455501,330.115931534949,0.164181749706462,408.796412626181,59.7026838922077,379.88174307402,16.4181749706462
2020-11-27,105819,1704,98320,1567,7499,137,111232,1750,1045258,7540,1156490,9290,5,1322,161,9489,1538,95008,48,4768,1519,"East TN",2455501,353.65491604361,0.167776517884754,378.334197379679,69.3952069251855,386.438449831623,16.7776517884754
2020-11-28,107445,1626,99702,1382,7743,244,112726,1494,1052791,7533,1165517,9027,2,1324,569,10058,1055,96063,43,4811,1547,"East TN",2455501,370.270669814429,0.17057130292248,367.623552179372,66.2186657631172,409.610910360045,17.057130292248
2020-11-29,109733,2288,101823,2121,7910,167,115052,2326,1063489,10698,1178541,13024,4,1328,1279,11337,1005,97068,50,4861,1572,"East TN",2455501,398.859540273044,0.177529304984261,530.400924292028,93.178540754005,461.698040440627,17.7529304984261
2020-11-30,111971,2238,103832,2009,8139,229,117273,2221,1072940,9451,1190213,11672,15,1343,-109,11228,2332,99400,53,4914,1603,"East TN",2455501,453.715962648763,0.179623046481991,475.340877482844,91.1422964193458,457.25902779107,17.9623046481991
2020-12-01,114234,2263,105840,2008,8394,255,119411,2138,1081777,8837,1201188,10975,20,1363,423,11651,1820,101220,62,4976,1631,"East TN",2455501,508.776009457948,0.18159661478192,446.955631457694,92.1604185866754,474.485654862287,18.159661478192
2020-12-02,115291,1057,106753,913,8538,144,120287,876,1084687,2910,1204974,3786,15,1378,-688,10963,1730,102950,41,5017,1664,"East TN",2455501,514.844017575232,0.183979236713266,154.184421020395,43.0462052346955,446.466932817376,18.3979236713266
2020-12-03,117100,1809,108323,1570,8777,239,122009,1722,1090677,5990,1212686,7712,33,1411,318,11281,1458,104408,45,5062,1685,"East TN",2455501,528.812653710994,0.191292795406652,314.070326177835,73.6713200279699,459.417446785809,19.1292795406652
2020-12-04,118827,1727,109710,1387,9117,340,123466,1457,1096199,5522,1219665,6979,37,1448,-301,10980,1991,106399,35,5097,1720,"East TN",2455501,529.749326104937,0.193652552433716,284.218984231731,70.3318793191288,447.15925589116,19.3652552433716
2020-12-05,119960,1133,110619,909,9341,224,124395,929,1099261,3062,1223656,3991,5,1453,123,11103,1005,107404,23,5120,1746,"East TN",2455501,509.671956965198,0.200708646519548,162.533022792497,46.1412966233775,452.168416954422,20.0708646519548
2020-12-06,121428,1468,111881,1262,9547,206,125636,1241,1103752,4491,1229388,5732,20,1473,484,11587,964,108368,37,5157,1782,"East TN",2455501,476.277549876787,0.20815387338486,233.435050525331,59.7841336655941,471.879262113923,20.815387338486
2020-12-07,124151,2723,114286,2405,9865,318,128207,2571,1113300,9548,1241507,12119,31,1504,-212,11375,2904,111272,50,5207,1804,"East TN",2455501,496.029119922981,0.213163332943424,493.544901834697,110.89386646554,463.245586134968,21.3163332943424
2020-12-08,126916,2765,116649,2363,10267,402,130738,2531,1121661,8361,1252399,10892,45,1549,719,12094,2001,113273,70,5277,1828,"East TN",2455501,516.473013042959,0.221182948975806,443.57546586216,112.604311706654,492.526779667367,22.1182948975806
2020-12-09,129562,2646,119034,2385,10528,261,133316,2578,1128759,7098,1262075,9676,21,1570,575,12669,2050,115323,56,5333,1851,"East TN",2455501,581.184857998429,0.228174637922278,394.054003643248,107.758050190165,515.943589515948,22.8174637922278
2020-12-10,132636,3074,121715,2681,10921,393,136264,2948,1140229,11470,1276493,14418,30,1600,2513,15182,531,115854,70,5403,1888,"East TN",2455501,632.701839665307,0.223408090021471,587.171416342327,125.188301694848,618.285229775919,22.3408090021471
2020-12-11,134622,1986,123465,1750,11157,236,138056,1792,1147404,7175,1285460,8967,35,1635,440,15622,1511,117365,50,5453,1913,"East TN",2455501,643.249585318841,0.221749373052664,365.180058977781,80.8796249726634,636.20417992092,22.1749373052664
2020-12-12,137883,3261,126192,2727,11691,534,141030,2974,1158638,11234,1299668,14208,21,1656,1879,17501,1361,118726,73,5526,1938,"East TN",2455501,729.912144201937,0.218847024154081,578.619190136758,132.803855506473,712.726242017413,21.8847024154081
2020-12-13,142175,4292,130053,3861,12122,431,145396,4366,1175923,17285,1321319,21651,15,1671,2959,20460,1318,120044,62,5588,1972,"East TN",2455501,844.919224223488,0.214943816558071,881.734521794127,174.791213687146,833.231181742545,21.4943816558071
2020-12-14,145034,2859,132510,2457,12524,402,148069,2673,1185202,9279,1333271,11952,37,1708,-1086,19374,3908,123952,65,5653,2006,"East TN",2455501,850.457808813761,0.216446536768232,486.743845756935,116.432451055813,789.003954793747,21.6446536768232
2020-12-15,149162,4128,136052,3542,13110,586,151933,3864,1200223,15021,1352156,18885,34,1742,1613,20987,2481,126433,89,5742,2037,"East TN",2455501,905.965829376571,0.212466293092214,769.08948520078,168.112332269464,854.693197029853,21.2466293092214
2020-12-16,152380,3218,138308,2256,14072,962,154319,2386,1208118,7895,1362437,10281,19,1761,663,21650,2536,128969,57,5799,2079,"East TN",2455501,929.260464565072,0.209272433789681,418.692560092625,131.052685378666,881.693796907433,20.9272433789681
2020-12-17,156448,4068,141680,3372,14768,696,157928,3609,1218818,10700,1376746,14309,58,1819,1449,23099,2561,131530,72,5871,2118,"East TN",2455501,969.741001938097,0.216093283991501,582.73240369277,165.668839067872,940.704157725857,21.6093283991501
2020-12-18,159655,3207,144416,2736,15239,471,160807,2879,1227508,8690,1388315,11569,43,1862,849,23948,2315,133845,57,5928,2148,"East TN",2455501,1019.46608859048,0.22119488600457,471.146214153446,130.604711625041,975.27958652837,22.119488600457
2020-12-19,162295,2640,146658,2242,15637,398,163275,2468,1235873,8365,1399148,10833,27,1889,1271,25219,1342,135187,39,5967,2185,"East TN",2455501,994.175933954008,0.223612786489747,441.172697547262,107.513700870006,1027.04091751541,22.3612786489747
2020-12-20,165926,3631,149624,2966,16302,665,166593,3318,1249818,13945,1416411,17263,16,1905,2279,27498,1336,136523,53,6020,2219,"East TN",2455501,967.256783849813,0.22291044462205,703.033718984435,147.872063582951,1119.85293428917,22.291044462205
2020-12-21,168240,2314,151366,1742,16874,572,168496,1903,1256734,6916,1425230,8819,14,1919,-1323,26175,3623,140146,35,6055,2254,"East TN",2455501,945.061720602028,0.222131602127035,359.15277574719,94.2373878080278,1065.97390919409,22.2131602127035
2020-12-22,170895,2655,153068,1702,17827,953,170297,1801,1261788,5054,1432085,6855,62,1981,-293,25882,2886,143032,57,6112,2299,"East TN",2455501,885.073962502968,0.2297539065921,279.169098281776,108.124574170404,1054.04151739299,22.97539065921
2020-12-23,173113,2218,154514,1446,18599,772,171839,1542,1267566,5778,1439405,7320,41,2022,-558,25324,2735,145767,34,6146,2340,"East TN",2455501,844.349075809784,0.227627065793577,298.106170594107,90.3277986854821,1031.31703061819,22.7627065793577
2020-12-24,175204,2091,155971,1457,19233,634,173437,1598,1273857,6291,1447294,7889,15,2037,-585,24739,2661,148428,30,6176,2380,"East TN",2455501,763.835974817359,0.219836139933095,321.278631122529,85.1557380754477,1007.49297190268,21.9836139933095
2020-12-25,177571,2367,157951,1980,19620,387,175603,2166,1282405,8548,1458008,10714,3,2040,-291,24448,2655,151083,26,6202,2416,"East TN",2455501,729.627069995085,0.212302526796091,436.326436030773,96.3958068027665,995.642029874962,21.2302526796091
2020-12-26,179511,1940,159419,1468,20092,472,177216,1613,1288059,5654,1465275,7267,2,2042,418,24866,1520,152603,42,6244,2454,"East TN",2455501,701.119649309856,0.210821600858953,295.947751599368,79.006280184777,1012.66503251271,21.0821600858953
2020-12-27,180807,1296,160329,910,20478,386,178206,990,1290852,2793,1469058,3783,27,2069,-189,24677,1458,154061,41,6285,2485,"East TN",2455501,606.027038881271,0.220582369365776,154.062246360315,52.7794531543665,1004.9680289277,22.0582369365776
2020-12-28,182203,1396,161307,978,20896,418,179225,1019,1292672,1820,1471897,2839,25,2094,-2416,22261,3787,157848,41,6326,2522,"East TN",2455501,568.641592896928,0.229905500674995,115.617953321949,56.8519418236849,906.576702676969,22.9905500674995
2020-12-29,185109,2906,163034,1727,22075,1179,181005,1780,1296761,4089,1477766,5869,50,2144,-111,22150,2967,160815,64,6390,2564,"East TN",2455501,578.863539456917,0.234408178454937,239.014360002297,118.346520730393,902.056240254026,23.4408178454938
2020-12-30,187437,2328,164650,1616,22787,712,182686,1681,1301241,4480,1483927,6161,40,2184,-533,21617,2821,163636,44,6434,2602,"East TN",2455501,583.343276993168,0.243632361529132,250.906026916707,94.8075362217323,880.349875646558,24.3632361529132
2020-12-31,190881,3444,167329,2679,23552,765,185581,2895,1308362,7121,1493943,10016,52,2236,595,22212,2797,166433,29,6463,2645,"East TN",2455501,638.444048689046,0.260327123839739,407.900465118931,140.256509771326,904.581183229003,26.0327123839739
2021-01-01,193121,2240,169045,1716,24076,524,187437,1856,1314564,6202,1502001,8058,24,2260,-445,21767,2661,169094,29,6492,2684,"East TN",2455501,633.271988079011,0.268997340485986,328.161136973677,91.2237461927322,886.458608650536,26.8997340485986
2021-01-02,195844,2723,171154,2109,24690,614,189688,2251,1321125,6561,1510813,8812,4,2264,1166,22933,1553,170647,62,6554,2720,"East TN",2455501,665.159574359774,0.273881154200887,358.867701540337,110.89386646554,933.943826534789,27.3881154200887
2021-01-03,197158,1314,172058,904,25100,410,190625,937,1324496,3371,1515121,4308,15,2279,-187,22746,1486,172133,23,6577,2763,"East TN",2455501,665.892622320252,0.269609013742049,175.442811874237,53.5125011148438,926.328272723163,26.9609013742049
2021-01-04,198714,1556,173182,1124,25532,432,191805,1180,1326861,2365,1518666,3545,46,2325,-1567,21179,3077,175210,33,6610,2811,"East TN",2455501,672.408604191161,0.268981590369689,144.369723327337,63.3679236945943,862.512375274944,26.8981590369689
2021-01-05,201617,2903,174921,1739,26696,1164,193634,1829,1332133,5272,1525767,7101,43,2368,-426,20753,3286,178496,58,6668,2855,"East TN",2455501,672.286429531081,0.263098685444053,289.1874204083,118.224346070313,845.163573543647,26.3098685444053
2021-01-06,204163,2546,176715,1794,27448,752,195537,1903,1337717,5584,1533254,7487,52,2420,61,20814,2433,180929,61,6729,2898,"East TN",2455501,681.164454830195,0.260526689237132,304.907226671869,103.685561520846,847.647791631932,26.0526689237132
2021-01-07,206675,2512,178854,2139,27821,373,197859,2322,1344826,7109,1542685,9431,33,2453,974,21788,1505,182434,44,6773,2930,"East TN",2455501,643.208860432148,0.251897747322638,384.076406403418,102.300915373278,887.313831271093,25.1897747322638
2021-01-08,209025,2350,180714,1860,28311,490,199850,1991,1352172,7346,1552022,9337,50,2503,1668,23456,632,183066,47,6820,2984,"East TN",2455501,647.688597968398,0.248155774574679,380.248267054259,95.7034837289824,955.242942275324,24.8155774574679
2021-01-09,211601,2576,182717,2003,28884,573,202029,2179,1360363,8191,1562392,10370,27,2530,754,24210,1795,184861,32,6852,3012,"East TN",2455501,641.7020396245,0.239264041567305,422.317075008318,104.907308121642,985.949506841985,23.9264041567305
2021-01-10,213269,1668,183851,1134,29418,534,203281,1252,1366169,5806,1569450,7058,36,2566,-12,24198,1644,186505,41,6893,3052,"East TN",2455501,656.118649513887,0.232951094259051,287.436250280493,67.9291110042309,985.460808201666,23.2951094259051
2021-01-11,214694,1425,184865,1014,29829,411,204379,1098,1369442,3273,1573821,4371,28,2594,-2169,22029,3566,190071,40,6933,3092,"East TN",2455501,650.78368935708,0.227975704831838,178.008479735907,58.0329635377872,897.12852896415,22.7975704831838
2021-01-12,216514,1820,186002,1137,30512,683,205574,1195,1373646,4204,1579220,5399,60,2654,-2139,19890,3899,193970,39,6972,3130,"East TN",2455501,606.678637068362,0.223373805024975,219.8736632565,74.1192937815949,810.01799632743,22.3373805024975
2021-01-13,218043,1529,187080,1078,30963,451,206710,1136,1378384,4738,1585094,5874,49,2703,-1337,18553,2817,196787,32,7004,3155,"East TN",2455501,565.261427301394,0.215528549382716,239.217984435763,62.2683517538783,755.568822818643,21.5528549382716
2021-01-14,220294,2251,188861,1781,31433,470,208676,1966,1386909,8525,1595585,10491,38,2741,-198,18355,2411,199198,49,7053,3196,"East TN",2455501,554.632231874473,0.204480151228733,427.244786298193,91.6717199463572,747.505295253392,20.4480151228733
2021-01-15,221259,965,189532,671,31727,294,209370,694,1389967,3058,1599337,3752,23,2764,-376,17979,1318,200516,29,7082,3236,"East TN",2455501,498.228263804413,0.201204691958153,152.799774872826,39.2995156589226,732.192737856755,20.1204691958153
2021-01-16,223693,2434,191283,1751,32410,683,211373,2003,1400858,10891,1612231,12894,13,2777,359,18338,2062,202578,54,7136,3277,"East TN",2455501,492.445329893981,0.187483697505969,525.106689021914,99.1243742112099,746.812972179608,18.7483697505969
2021-01-17,224549,856,191889,606,32660,250,212045,672,1404477,3619,1616522,4291,13,2790,-830,17508,1673,204251,24,7160,3310,"East TN",2455501,459.376721899116,0.186182868796737,174.750488800453,34.8605030093655,713.011316224265,18.6182868796737
2021-01-18,225111,562,192208,319,32903,243,212399,354,1406561,2084,1618960,2438,13,2803,-2441,15067,2990,207241,21,7181,3341,"East TN",2455501,424.231144682898,0.177673408803917,99.2872737579826,22.8873863215694,613.601867806203,17.7673408803917
2021-01-19,226790,1679,193179,971,33611,708,213464,1065,1410769,4208,1624233,5273,21,2824,-1168,13899,2826,210067,51,7232,3379,"East TN",2455501,418.488935659159,0.175282696110013,214.742327533159,68.3770847578559,566.035200148564,17.5282696110013
2021-01-20,227774,984,193837,658,33937,326,214161,697,1414765,3996,1628926,4693,32,2856,-1009,12890,1961,212028,29,7261,3419,"East TN",2455501,396.293872411373,0.169989961671838,191.121893251113,40.073288506093,524.943789475142,16.9989961671838
2021-01-21,229340,1566,194979,1142,34361,424,215442,1281,1421699,6934,1637141,8215,65,2921,-760,12130,2261,214289,37,7298,3465,"East TN",2455501,368.397325026542,0.162816440465877,334.554944184507,63.7751725615261,493.992875588322,16.2816440465877
2021-01-22,230327,987,195686,707,34641,280,216259,817,1427144,5445,1643403,6262,32,2953,-729,11401,1684,215973,28,7326,3496,"East TN",2455501,369.293272533793,0.156333681296237,255.019240472718,40.1954631661726,464.304433188991,15.6333681296237
2021-01-23,231760,1433,196656,970,35104,463,217360,1101,1435426,8282,1652786,9383,19,2972,208,11609,1206,217179,40,7366,3521,"East TN",2455501,328.527660953915,0.147626679817532,382.121611842145,58.3587626313327,472.775209621173,14.7626679817532
2021-01-24,232385,625,197147,491,35238,134,217903,543,1438802,3376,1656705,3919,19,2991,-597,11012,1203,218382,19,7385,3549,"East TN",2455501,319.12021212779,0.145783042580196,159.600830950588,25.45305418324,448.462452265342,14.5783042580196
2021-01-25,233125,740,197658,511,35467,229,218452,549,1440559,1757,1659011,2306,44,3035,-1146,9866,1842,220224,20,7405,3580,"East TN",2455501,326.369241959177,0.151132306309455,93.9115887144823,30.1364161529562,401.791732114953,15.1132306309455
2021-01-26,234157,1032,198386,728,35771,304,219236,784,1445025,4466,1664261,5250,63,3098,-916,8950,1885,222109,25,7430,3602,"East TN",2455501,300.020240268687,0.14419906065754,213.805655139216,42.0280830673659,364.487735903997,14.419906065754
2021-01-27,235110,953,199090,704,36020,249,219991,755,1449548,4523,1669539,5278,55,3153,-386,8564,1284,223393,27,7457,3625,"East TN",2455501,298.757768781198,0.143550094797232,214.945951966625,38.8108170186043,348.767929640428,14.3550094797232
2021-01-28,236438,1328,199804,714,36634,614,220787,796,1453980,4432,1674767,5228,46,3199,-174,8390,1456,224849,28,7485,3652,"East TN",2455501,289.06524574822,0.142056025089034,212.909707631966,54.0826495285484,341.681799355814,14.2056025089034
2021-01-29,237032,594,200155,351,36877,243,221184,397,1456647,2667,1677831,3064,17,3216,-683,7707,1260,226109,16,7501,3672,"East TN",2455501,273.060365277799,0.143052166840943,124.781052827916,24.1905826957513,313.866701744369,14.3052166840943
2021-01-30,238186,1154,201121,966,37065,188,222281,1097,1465698,9051,1687979,10148,44,3260,237,7944,873,226982,27,7528,3691,"East TN",2455501,261.6981218904,0.139828943255761,413.276150162431,46.9965192439343,323.518499890654,13.9828943255761
2021-01-31,238867,681,201563,442,37304,239,222772,491,1469625,3927,1692397,4418,29,3289,-81,7863,733,227715,30,7558,3712,"East TN",2455501,263.978715545219,0.136417124285554,179.922549410487,27.7336478380583,320.219784068506,13.6417124285554
2021-02-01,239560,693,201970,407,37590,286,223213,441,1471321,1696,1694534,2137,39,3328,-544,7319,1198,228913,11,7569,3739,"East TN",2455501,262.064645870639,0.134025842411958,87.0290828633342,28.2223464783765,298.065445707414,13.4025842411958
2021-02-02,240098,538,202319,349,37779,189,223576,363,1472380,1059,1695956,1422,57,3385,-835,6484,1316,230229,11,7580,3754,"East TN",2455501,241.946551844206,0.13693011516012,57.9107888777077,21.909989040933,264.060165318605,13.693011516012
2021-02-03,241210,1112,203078,759,38132,353,224404,828,1478384,6004,1702788,6832,46,3431,40,6524,1026,231255,39,7619,3766,"East TN",2455501,248.421808828422,0.132725796264549,278.232425887833,45.2860740028206,265.689160786332,13.2725796264549
2021-02-04,242304,1094,203857,779,38447,315,225270,866,1486099,7715,1711369,8581,58,3489,-1,6523,1037,232292,35,7654,3785,"East TN",2455501,238.892185342217,0.122479645920988,349.460252714212,44.5530260423433,265.648435899639,12.2479645920988
2021-02-05,243121,817,204416,559,38705,258,225876,606,1489905,3806,1715781,4412,67,3556,-149,6374,899,233191,28,7682,3799,"East TN",2455501,247.973835074797,0.123636363636364,179.678200090328,33.2722324283313,259.580427782355,12.3636363636364
2021-02-06,244354,1233,205238,822,39116,411,226837,961,1498560,8655,1725397,9616,27,3583,502,6876,704,233895,22,7704,3829,"East TN",2455501,251.191101123559,0.121759580950345,391.610510441657,50.2137852926959,280.024320902333,12.1759580950345
2021-02-07,244871,517,205591,353,39280,164,227243,406,1501644,3084,1728887,3490,2,3585,-118,6758,633,234528,9,7713,3844,"East TN",2455501,244.512219705877,0.122526719649219,142.129854559212,21.0547664203761,275.218784272537,12.2526719649219
2021-02-08,245383,512,205890,299,39493,213,227563,320,1503007,1363,1730570,1683,32,3617,-628,6130,1108,235636,9,7722,3860,"East TN",2455501,237.14101521441,0.120712620712621,68.5399843046287,20.8511419869102,249.643555429218,12.0712620712621
2021-02-09,246411,1028,206522,632,39889,396,228231,668,1507241,4234,1735472,4902,16,3633,-57,6073,1069,236705,37,7759,3871,"East TN",2455501,257.096209694071,0.117800384654317,199.633394569988,41.8651835205931,247.322236887706,11.7800384654317
2021-02-10,247260,849,207105,583,40155,266,228868,637,1513228,5987,1742096,6624,39,3672,-26,6047,836,237541,28,7787,3884,"East TN",2455501,246.385564493763,0.113564668769716,269.761649455651,34.5754288025132,246.263389833684,11.3564668769716
2021-02-11,248128,868,207688,583,40440,285,229519,651,1518802,5574,1748321,6225,37,3709,-98,5949,929,238470,31,7818,3902,"East TN",2455501,237.181740101104,0.114987010175363,253.51241966507,35.3492016496837,242.272350937752,11.4987010175363
2021-02-12,248960,832,208281,593,40679,239,230168,649,1524315,5513,1754483,6162,34,3743,60,6009,738,239208,11,7829,3911,"East TN",2455501,237.792613401501,0.110898661567878,250.9467518034,33.8831057287291,244.715844139343,11.0898661567878
2021-02-13,249554,594,208654,373,40900,221,230602,434,1528743,4428,1759345,4862,12,3755,-25,5984,607,239815,17,7846,3923,"East TN",2455501,211.769410804557,0.11090491339696,198.004399102261,24.1905826957513,243.697721972013,11.090491339696
2021-02-14,250095,541,209069,415,41026,126,231055,453,1531711,2968,1762766,3421,15,3770,-49,5935,575,240390,14,7860,3936,"East TN",2455501,212.746808085193,0.112518079046017,139.319837377382,22.0321637010125,241.702202524047,11.2518079046017
2021-02-15,250473,378,209278,209,41195,169,231283,228,1533035,1324,1764318,1552,5,3775,-574,5361,947,241337,9,7869,3947,"East TN",2455501,207.289673268307,0.110228754296551,63.2050241478216,15.3940071700236,218.326117562159,11.0228754296551
2021-02-16,251239,766,209706,428,41533,338,231755,472,1536444,3409,1768199,3881,8,3783,-39,5322,797,242134,21,7890,3957,"East TN",2455501,196.619752954692,0.10767867510007,158.053285256247,31.1952632069789,216.737846981125,10.767867510007
2021-02-17,251860,621,210125,419,41735,202,232206,451,1539698,3254,1771904,3705,11,3794,-90,5232,700,242834,11,7901,3974,"East TN",2455501,187.334478788646,0.111983360171766,150.885705198247,25.2901546364673,213.072607178739,11.1983360171766
2021-02-18,252655,795,210677,552,41978,243,232812,606,1545418,5720,1778230,6326,42,3836,23,5255,730,243564,20,7921,3990,"East TN",2455501,184.361562060044,0.110100638603765,257.625633221082,32.3762849210813,214.009279572682,11.0100638603765
2021-02-19,253134,479,210981,304,42153,175,233157,345,1548126,2708,1781283,3053,5,3841,-222,5033,696,244260,11,7932,3999,"East TN",2455501,169.98567705735,0.111529850746269,124.333079074291,19.5072207260351,204.968354726795,11.1529850746269
2021-02-20,253756,622,211428,447,42328,175,233662,505,1553353,5227,1787015,5732,18,3859,75,5108,529,244789,18,7950,4009,"East TN",2455501,171.125973884759,0.110589085652331,233.435050525331,25.3308795231604,208.022721228784,11.0589085652331
2021-02-21,254104,348,211655,227,42449,121,233925,263,1555487,2134,1789412,2397,7,3866,-83,5025,424,245213,11,7961,4027,"East TN",2455501,163.266070752975,0.107708474067402,97.617553403562,14.172260569228,204.64255563325,10.7708474067402
2021-02-22,254462,358,211851,196,42611,162,234153,228,1556870,1383,1791023,1611,7,3873,-480,4545,831,246044,22,7983,4043,"East TN",2455501,162.451573019111,0.107470511140236,65.6077924627194,14.5795094361599,185.094610020521,10.7470511140236
2021-02-23,255105,643,212200,349,42905,294,234521,368,1559816,2946,1794337,3314,26,3899,-143,4402,760,246804,27,8010,4049,"East TN",2455501,157.442411955849,0.105822939781162,134.962274501212,26.1861021437173,179.270951223396,10.5822939781162
2021-02-24,255846,741,212749,549,43097,192,235131,610,1566018,6202,1801149,6812,19,3918,55,4457,667,247471,20,8030,4056,"East TN",2455501,162.329398359031,0.100017096939648,277.417928153969,30.1771410396493,181.510819991521,10.0017096939648
2021-02-25,256481,635,213194,445,43287,190,235626,495,1570786,4768,1806412,5263,21,3939,-95,4362,709,248180,16,8046,4065,"East TN",2455501,155.813416488122,0.0998509687034277,214.335078666227,25.8603030501718,177.641955755669,9.98509687034277
2021-02-26,256943,462,213518,324,43425,138,235994,368,1573909,3123,1809903,3491,14,3953,-183,4179,631,248811,11,8057,4070,"East TN",2455501,155.121093414338,0.0991264849755416,142.170579445905,18.814897652251,170.189301490816,9.91264849755416
2021-02-27,257382,439,213743,225,43639,214,236268,274,1578005,4096,1814273,4370,7,3960,10,4189,422,249233,15,8072,4078,"East TN",2455501,147.668439149485,0.0956049600117397,177.967754849214,17.8782252583078,170.596550357748,9.56049600117397
2021-02-28,257748,366,214017,274,43731,92,236581,313,1580565,2560,1817146,2873,5,3965,-54,4135,415,249648,10,8082,4087,"East TN",2455501,148.401487109962,0.095766928679599,117.002599469518,14.9053085297053,168.397406476316,9.5766928679599
2021-03-01,257991,243,214165,148,43826,95,236737,156,1581344,779,1818081,935,4,3969,-411,3724,650,250298,11,8093,4096,"East TN",2455501,143.718125140246,0.0954985586517851,38.077769058127,9.89614746644371,151.659478045417,9.54985586517851
2021-03-02,258611,620,214555,390,44056,230,237184,447,1584801,3457,1821985,3904,7,3976,5,3729,608,250906,23,8116,4106,"East TN",2455501,142.781452746303,0.0963179976851852,158.98995765019,25.2494297497741,151.863102478883,9.63179976851852
2021-03-03,259094,483,214858,303,44236,180,237539,355,1588974,4173,1826513,4528,7,3983,-145,3584,621,251527,16,8132,4109,"East TN",2455501,132.274431979462,0.0949377069862798,184.402286946737,19.6701202728079,145.957993908371,9.49377069862798
2021-03-04,259702,608,215272,414,44430,194,238011,472,1593796,4822,1831807,5294,18,4001,47,3631,543,252070,16,8148,4114,"East TN",2455501,131.174860038746,0.0939161252215003,215.597550153716,24.7607311094559,147.872063582951,9.39161252215003
2021-03-05,260173,471,215583,311,44590,160,238365,354,1597479,3683,1835844,4037,15,4016,-63,3568,519,252589,15,8163,4119,"East TN",2455501,131.541384018984,0.0913997147372885,164.406367580384,19.1814216324897,145.30639572128,9.13997147372885
2021-03-06,260636,463,215906,323,44730,140,238737,372,1601755,4276,1840492,4648,1,4017,50,3618,412,253001,8,8171,4125,"East TN",2455501,132.518781299621,0.0941683511956978,189.289273349919,18.8556225389442,147.34264005594,9.41683511956978
2021-03-07,260891,255,216070,164,44821,91,238921,184,1603485,1730,1842406,1914,1,4018,-110,3508,364,253365,4,8175,4129,"East TN",2455501,127.998318876677,0.0926365795724466,77.9474331307542,10.3848461067619,142.862902519689,9.26365795724466
2021-03-08,261347,456,216362,292,44985,164,239233,312,1605067,1582,1844300,1894,3,4021,-127,3381,580,253945,9,8184,4137,"East TN",2455501,136.672719742325,0.0951981387543385,77.1329353968905,18.5705483320919,137.690841909655,9.51981387543385
2021-03-09,261886,539,216644,282,45242,257,239552,319,1607643,2576,1847195,2895,6,4027,26,3407,507,254452,17,8201,4149,"East TN",2455501,133.374003920178,0.0939309797699326,117.898546976768,21.9507139276262,138.749688963678,9.39309797699326
2021-03-10,262535,649,217107,463,45428,186,240059,507,1613115,5472,1853174,5979,7,4034,173,3580,469,254921,24,8225,4158,"East TN",2455501,140.134335111246,0.0945200855181726,243.494097538547,26.4304514638764,145.795094361599,9.45200855181726
2021-03-11,263069,534,217447,340,45622,194,240424,365,1616454,3339,1856878,3704,5,4039,88,3668,441,255362,8,8233,4166,"East TN",2455501,137.120693495951,0.0962466594870568,150.844980311554,21.7470894941603,149.378884390599,9.62466594870568
2021-03-12,263532,463,217815,368,45717,95,240840,416,1619802,3348,1860642,3764,5,4044,6,3674,452,255814,10,8243,4174,"East TN",2455501,136.794894402405,0.0998064360029035,153.288473513145,18.8556225389442,149.623233710758,9.98064360029035
2021-03-13,263979,447,218031,216,45948,231,241120,280,1623442,3640,1864562,3920,2,4046,43,3717,402,256216,20,8263,4180,"East TN",2455501,136.143296215314,0.099002908184462,159.641555837281,18.2040243518532,151.374403838565,9.9002908184462
2021-03-14,264241,262,218207,176,46034,86,241331,211,1625284,1842,1866615,2053,0,4046,-50,3667,312,256528,10,8273,4185,"East TN",2455501,136.428370422166,0.0995497542236358,83.6081923811067,10.6699203136142,149.338159503906,9.95497542236358
2021-03-15,264597,356,218392,185,46205,171,241548,217,1626480,1196,1868028,1413,4,4050,-167,3500,519,257047,15,8288,4189,"East TN",2455501,132.355881752848,0.0975640593391773,57.544264897469,14.4980596627735,142.537103426144,9.75640593391774
2021-03-16,265296,699,218843,451,46453,248,242044,496,1629748,3268,1871792,3764,4,4054,191,3691,504,257551,35,8323,4190,"East TN",2455501,138.871863623757,0.101313168272554,153.288473513145,28.4666957985356,150.315556784542,10.1313168272554
2021-03-17,265721,425,219175,332,46546,93,242408,364,1633472,3724,1875880,4088,1,4055,-31,3660,455,258006,15,8338,4199,"East TN",2455501,129.749489004484,0.103452831850612,166.483336801736,17.3080768446032,149.053085297053,10.3452831850612
2021-03-18,266271,550,219524,349,46747,201,242793,385,1636763,3291,1879556,3676,6,4061,99,3759,445,258451,31,8369,4206,"East TN",2455501,130.401087191575,0.10446247464503,149.704683484144,22.3986876812512,153.084849079679,10.446247464503
2021-03-19,267063,792,220054,530,47009,262,243356,563,1641809,5046,1885165,5609,15,4076,336,4095,441,258892,25,8394,4212,"East TN",2455501,143.799574913633,0.102597561472903,228.425889462069,32.2541102610017,166.768411008588,10.2597561472903
2021-03-20,267336,273,220220,166,47116,107,243550,194,1643930,2121,1887480,2315,1,4077,-42,4053,314,259206,15,8409,4214,"East TN",2455501,136.713444629019,0.106030194606859,94.278112694721,11.1178940672392,165.057965767475,10.6030194606859
2021-03-21,267617,281,220416,196,47201,85,243775,225,1645730,1800,1889505,2025,-7,4070,-31,4022,319,259525,8,8417,4221,"East TN",2455501,137.487217476189,0.106771515945828,82.4678955536976,11.4436931607847,163.795494279986,10.6771515945828
2021-03-22,268142,525,220755,339,47387,186,244131,356,1647819,2089,1891950,2445,14,4084,-15,4007,526,260051,19,8436,4228,"East TN",2455501,144.369723327337,0.107975921745673,99.5723479648349,21.3805655139216,163.184620979588,10.7975921745673
2021-03-23,268579,437,221003,248,47576,189,244398,267,1650275,2456,1894673,2723,11,4095,-79,3928,505,260556,16,8452,4233,"East TN",2455501,133.699803013723,0.102880118875923,110.89386646554,17.7967754849214,159.967354930827,10.2880118875923
2021-03-24,269176,597,221460,457,47716,140,244891,493,1654974,4699,1899865,5192,4,4099,84,4012,509,261065,24,8476,4239,"East TN",2455501,140.704483524951,0.103523035230352,211.443611711011,24.3127573558308,163.388245413054,10.3523035230352
2021-03-25,269576,400,221767,307,47809,93,245224,333,1657942,2968,1903166,3301,8,4107,-65,3947,457,261522,23,8499,4243,"East TN",2455501,134.595750520973,0.10296484540449,134.4328509742,16.2899546772736,160.741127777997,10.296484540449
2021-03-26,269986,410,222089,322,47897,88,245570,346,1660575,2633,1906145,2979,7,4114,-63,3884,466,261988,12,8511,4252,"East TN",2455501,119.038843804177,0.105529075309819,121.319437458995,16.6972035442054,158.175459916327,10.5529075309819
2021-03-27,270189,203,222269,180,47920,23,245780,210,1663087,2512,1908867,2722,2,4116,-164,3720,365,262353,11,8522,4263,"East TN",2455501,116.188101735654,0.104268948426614,110.853141578847,8.26715199871635,151.496578498644,10.4268948426614
2021-03-28,270505,316,222488,219,48017,97,246025,245,1665159,2072,1911184,2317,5,4121,-67,3653,378,262731,17,8539,4269,"East TN",2455501,117.613472769915,0.103787075049587,94.3595624681073,12.8690641950461,148.768011090201,10.3787075049587
2021-03-29,270944,439,222725,237,48219,202,246280,255,1667015,1856,1913295,2111,18,4139,-92,3561,513,263244,17,8556,4274,"East TN",2455501,114.111132514302,0.100679315999063,85.9702358093114,17.8782252583078,145.021321514428,10.0679315999063
2021-03-30,271319,375,222983,258,48336,117,246602,322,1669491,2476,1916093,2798,5,4144,-143,3418,513,263757,19,8575,4278,"East TN",2455501,111.586189539324,0.102894491129785,113.948232967529,15.271832509944,139.197662717303,10.2894491129785
2021-03-31,271980,661,223425,442,48555,219,247090,488,1674308,4817,1921398,5305,4,4148,168,3586,489,264246,17,8592,4283,"East TN",2455501,114.192582287688,0.102122323874983,216.045523907341,26.9191501041946,146.039443681758,10.2122323874983
2021-04-01,272428,448,223746,321,48682,127,247440,350,1677137,2829,1924577,3179,1,4149,-88,3498,535,264781,13,8605,4289,"East TN",2455501,116.147376848961,0.103498201858858,129.464414797632,18.2447492385464,142.455653652758,10.3498201858858
2021-04-02,272779,351,223981,235,48798,116,247692,252,1680159,3022,1927851,3274,0,4149,-78,3420,429,265210,9,8614,4293,"East TN",2455501,113.744608534063,0.0977609877453239,133.333279033484,14.2944352293076,139.279112490689,9.77609877453239
2021-04-03,273122,343,224232,251,48890,92,247967,275,1682510,2351,1930477,2626,0,4149,-55,3365,398,265608,12,8626,4302,"East TN",2455501,119.446092671109,0.101203146691347,106.943552456301,13.9686361357621,137.039243722564,10.1203146691347
2021-04-04,273293,171,224355,123,48938,48,248108,141,1684105,1595,1932213,1736,6,4155,-179,3186,344,265952,6,8632,4306,"East TN",2455501,113.540984100597,0.0990536877645157,70.6984032993674,6.96395562453446,129.749489004484,9.90536877645157
2021-04-05,273700,407,224590,235,49110,172,248331,223,1685324,1219,1933655,1442,6,4161,-94,3092,495,266447,37,8669,4312,"East TN",2455501,112.237787726415,0.10073673870334,58.7252866115713,16.5750288841259,125.921349655325,10.073673870334
2021-04-06,274131,431,224840,250,49291,181,248609,278,1687412,2088,1936021,2366,3,4164,-6,3086,434,266881,22,8691,4316,"East TN",2455501,114.518381381233,0.100712565234845,96.3550819160733,17.5524261647623,125.677000335166,10.0712565234845
2021-04-07,274764,633,225304,464,49460,169,249117,508,1692105,4693,1941222,5201,5,4169,210,3296,418,267299,21,8712,4319,"East TN",2455501,113.378084553824,0.102249798224374,211.81013569125,25.7788532767855,134.229226540734,10.2249798224374
2021-04-08,275170,406,225559,255,49611,151,249406,289,1695118,3013,1944524,3302,-1,4168,47,3343,360,267659,16,8728,4323,"East TN",2455501,111.667639312711,0.0985611871459367,134.473575860894,16.5343039974327,136.143296215314,9.85611871459367
2021-04-09,275688,518,225965,406,49723,112,249856,450,1698994,3876,1948850,4326,4,4172,108,3451,406,268065,27,8755,4326,"East TN",2455501,118.468695390472,0.103052526310777,176.175859834714,21.0954913070693,140.541583978178,10.3052526310777
2021-04-10,275992,304,226180,215,49812,89,250103,247,1701775,2781,1951878,3028,1,4173,-11,3440,314,268379,14,8769,4331,"East TN",2455501,116.880424809438,0.0998084201672819,123.314956906961,12.3803655547279,140.093610224553,9.98084201672819
2021-04-11,276229,237,226343,163,49886,74,250277,174,1703488,1713,1953765,1887,2,4175,-85,3355,320,268699,9,8778,4334,"East TN",2455501,119.568267331188,0.100640311804009,76.8478611900382,9.65179814628461,136.631994855632,10.0640311804009
2021-04-12,276694,465,226666,323,50028,142,250607,330,1705251,1763,1955858,2093,3,4178,13,3368,449,269148,15,8793,4343,"East TN",2455501,121.930310759393,0.10250866999955,85.2371878488341,18.9370723123306,137.161418382644,10.250866999955
2021-04-13,277072,378,226906,240,50166,138,250857,250,1707309,2058,1958166,2308,3,4181,-58,3310,433,269581,14,8807,4347,"East TN",2455501,119.771891764654,0.101512756829984,93.9930384878687,15.3940071700236,134.799374954439,10.1512756829984
2021-04-14,277752,680,227408,502,50344,178,251414,557,1712130,4821,1963544,5378,0,4181,269,3579,411,269992,25,8832,4350,"East TN",2455501,121.685961439234,0.102902965684078,219.018440635944,27.6929229513651,145.754369474906,10.2902965684078
2021-04-15,278292,540,227774,366,50518,174,251794,380,1715275,3145,1967069,3525,2,4183,115,3694,423,270415,24,8856,4355,"East TN",2455501,127.14309625612,0.105921490352628,143.555225593474,21.9914388143194,150.437731444622,10.5921490352628
2021-04-16,279270,978,228669,895,50601,83,252899,1105,1722760,7485,1975659,8590,3,4186,634,4328,341,270756,32,8888,4357,"East TN",2455501,145.876544134985,0.113506658211795,349.826776694451,39.8289391859339,176.2573096081,11.3506658211795
2021-04-17,279472,202,228816,147,50656,55,253072,173,1724991,2231,1978063,2404,0,4186,-91,4237,293,271049,10,8898,4358,"East TN",2455501,141.72260569228,0.113385526064541,97.9026276104143,8.22642711202317,172.551344919021,11.3385526064541
2021-04-18,279690,218,229003,187,50687,31,253275,203,1726794,1803,1980069,2006,6,4192,-122,4115,334,271383,7,8905,4366,"East TN",2455501,140.94883284511,0.113975060827251,81.6941227065271,8.87802529911411,167.582908742452,11.3975060827251
2021-04-19,280018,328,229198,195,50820,133,253485,210,1728243,1449,1981728,1659,8,4200,-213,3902,533,271916,14,8919,4373,"East TN",2455501,135.369523368144,0.11124855044453,67.5625870239923,13.3577628353644,158.908507876804,11.124855044453
2021-04-20,280371,353,229475,277,50896,76,253766,281,1730691,2448,1984457,2729,4,4204,-113,3789,462,272378,20,8939,4377,"East TN",2455501,134.351401200814,0.11064622874748,111.138215785699,14.375885002694,154.306595680474,11.064622874748
2021-04-21,280884,513,229805,330,51079,183,254105,339,1734473,3782,1988578,4121,4,4208,30,3819,479,272857,12,8951,4382,"East TN",2455501,127.550345123052,0.107493808420548,167.827258062611,20.8918668736034,155.52834228127,10.7493808420548
2021-04-22,281526,642,230203,398,51323,244,254556,451,1738725,4252,1993281,4703,3,4211,193,4012,446,273303,21,8972,4386,"East TN",2455501,131.704283565757,0.105371585533344,191.529142118044,26.1453772570241,163.388245413054,10.5371585533344
2021-04-23,281910,384,230481,278,51429,106,254864,308,1741928,3203,1996792,3511,0,4211,-9,4003,393,273696,10,8982,4390,"East TN",2455501,107.513700870006,0.092982539156769,142.985077179769,15.6383564901827,163.021721432816,9.2982539156769
2021-04-24,282170,260,230669,188,51501,72,255073,209,1744926,2998,1999999,3207,0,4211,-132,3871,392,274088,19,9001,4396,"East TN",2455501,109.87574429821,0.0912199124726477,130.604711625041,10.5884705402278,157.646036389315,9.12199124726477
2021-04-25,282370,200,230817,148,51553,52,255232,159,1746577,1651,2001809,1810,4,4215,-113,3758,309,274397,17,9018,4401,"East TN",2455501,109.142696337733,0.0900183992640294,73.712044914663,8.1449773386368,153.044124192985,9.00183992640294
2021-04-26,282756,386,231061,244,51695,142,255484,252,1748549,1972,2004033,2224,6,4221,-143,3615,523,274920,15,9033,4409,"East TN",2455501,111.504739765938,0.0896211611746245,90.5721480056412,15.719806263569,147.22046539586,8.96211611746245
2021-04-27,283146,390,231265,204,51881,186,255702,218,1750913,2364,2006615,2582,3,4224,-48,3567,435,275355,23,9056,4415,"East TN",2455501,113.011560573586,0.0873725065439119,105.151657441801,15.8827058103418,145.265670834587,8.73725065439119
2021-04-28,283634,488,231611,346,52023,142,256083,381,1755041,4128,2011124,4509,6,4230,11,3578,471,275826,22,9078,4423,"East TN",2455501,111.993438406256,0.0877317484254413,183.628514099567,19.8737447062738,145.713644588212,8.77317484254413
2021-04-29,284026,392,231890,279,52136,113,256387,304,1757973,2932,2014360,3236,1,4231,18,3596,373,276199,20,9098,4427,"East TN",2455501,101.81221673296,0.0868637032117273,131.785733339143,15.9641555837281,146.44669254869,8.68637032117273
2021-04-30,284395,369,232117,227,52278,142,256627,240,1761240,3267,2017867,3507,0,4231,-1,3595,370,276569,15,9113,4432,"East TN",2455501,101.201343432562,0.0836536180308422,142.822177632996,15.0274831897849,146.405967661996,8.36536180308422
2021-05-01,284630,235,232299,182,52331,53,256816,189,1763731,2491,2020547,2680,-1,4230,-28,3567,264,276833,15,9128,4433,"East TN",2455501,100.183221265233,0.0848257737979365,109.142696337733,9.57034837289824,145.265670834587,8.48257737979365
2021-05-02,284805,175,232427,128,52378,47,256949,133,1765207,1476,2022156,1609,1,4231,-76,3491,250,277083,11,9139,4437,"East TN",2455501,99.165099097903,0.0843859045559542,65.526342689333,7.1268551713072,142.170579445905,8.43859045559542
2021-05-03,285017,212,232541,114,52476,98,257075,126,1766691,1484,2023766,1610,5,4236,-224,3267,431,277514,16,9155,4441,"East TN",2455501,92.078968813289,0.0806263619317894,65.5670675760262,8.63367597895501,133.048204826632,8.06263619317894
2021-05-04,285338,321,232762,221,52576,100,257320,245,1769091,2400,2026411,2645,7,4243,-80,3187,394,277908,12,9167,4449,"East TN",2455501,89.2689516314593,0.0817336835724389,107.717325303472,13.0726886285121,129.790213891177,8.17336835724389
2021-05-05,285802,464,233055,293,52747,171,257631,311,1773241,4150,2030872,4461,5,4248,127,3314,332,278240,22,9189,4454,"East TN",2455501,88.2915543508229,0.0783876848288434,181.673719538294,18.8963474256374,134.962274501212,7.83876848288434
2021-05-06,286088,286,233252,197,52836,89,257862,231,1775679,2438,2033541,2669,4,4252,-100,3214,382,278622,10,9199,4460,"East TN",2455501,83.9747163613454,0.076899014649914,108.694722584108,11.6473175942506,130.889785831893,7.6899014649914
2021-05-07,286454,366,233501,249,52953,117,258131,269,1779128,3449,2037259,3718,0,4252,16,3230,350,278972,15,9214,4465,"East TN",2455501,83.8525417012658,0.0775577557755776,151.415128725258,14.9053085297053,131.541384018984,7.75577557755776
2021-05-08,286625,171,233604,103,53021,68,258245,114,1781023,1895,2039268,2009,0,4252,-94,3136,265,279237,7,9221,4472,"East TN",2455501,81.2461489529021,0.0763313925538166,81.8162973666066,6.96395562453446,127.713244669825,7.63313925538166
2021-05-09,286771,146,233719,115,53052,31,258377,132,1782734,1711,2041111,1843,4,4256,-161,2975,303,279540,11,9232,4477,"East TN",2455501,80.0651272387997,0.0753363228699552,75.0559661755381,5.94583345720486,121.156537912222,7.53363228699552
2021-05-10,287006,235,233855,136,53151,99,258522,145,1784250,1516,2042772,1661,7,4263,-200,2775,428,279968,19,9251,4480,"East TN",2455501,81.001799632743,0.0761338524676418,67.6440367973786,9.57034837289824,113.011560573586,7.61338524676418
2021-05-11,287321,315,234083,228,53238,87,258766,244,1786929,2679,2045695,2923,1,4264,-57,2718,371,280339,19,9270,4483,"East TN",2455501,80.7574503125839,0.0749844430616055,119.038843804177,12.828339308353,110.690242032074,7.49844430616055
2021-05-12,287625,304,234300,217,53325,87,259017,251,1790995,4066,2050012,4317,3,4267,-53,2665,354,280693,15,9285,4485,"East TN",2455501,74.2414684416744,0.0724137931034483,175.809335854475,12.3803655547279,108.531823037335,7.24137931034483
2021-05-13,287835,210,234436,136,53399,74,259162,145,1793728,2733,2052890,2878,1,4268,-131,2534,340,281033,9,9294,4490,"East TN",2455501,71.1463770529924,0.0671869347253088,117.206223902984,8.55222620556864,103.196862880528,6.71869347253088
2021-05-14,288136,301,234655,219,53481,82,259410,248,1796414,2686,2055824,2934,1,4269,34,2568,266,281299,19,9313,4495,"East TN",2455501,68.4992594179355,0.0688930783732831,119.486817557802,12.2581908946484,104.581509028097,6.8893078373283
2021-05-15,288244,108,234736,81,53508,27,259512,102,1798402,1988,2057914,2090,0,4269,-154,2414,262,281561,5,9318,4499,"East TN",2455501,65.9335915562649,0.0679502306124638,85.1150131887546,4.39828776286387,98.3098764773462,6.79502306124638
2021-05-16,288344,100,234810,74,53534,26,259597,85,1799851,1449,2059448,1534,3,4272,-122,2292,219,281780,4,9322,4503,"East TN",2455501,64.0602467683784,0.0665321481158314,62.4719761873443,4.0724886693184,93.3414403007777,6.65321481158314
2021-05-17,288543,199,234914,104,53629,95,259707,110,1801420,1569,2061127,1679,6,4278,-117,2175,310,282090,10,9332,4510,"East TN",2455501,62.5941508474238,0.0645600653772814,68.3770847578559,8.10425245194362,88.5766285576752,6.45600653772814
2021-05-18,288756,213,235049,135,53707,78,259853,146,1803658,2238,2063511,2384,8,4286,-101,2074,306,282396,20,9352,4516,"East TN",2455501,58.440212404719,0.0610125729681185,97.0881298765507,8.67440086564819,84.4634150016636,6.10125729681185
2021-05-19,288973,217,235213,164,53760,53,260020,167,1806928,3270,2066948,3437,1,4287,-53,2021,269,282665,19,9371,4519,"East TN",2455501,54.897147262412,0.0592229570146434,139.971435564473,8.83730041242093,82.3049960069249,5.92229570146434
2021-05-20,289151,178,235346,133,53805,45,260176,156,1821096,14168,2081272,14324,3,4290,-91,1930,266,282931,7,9378,4523,"East TN",2455501,53.5939508882301,0.0357268691424142,583.343276993168,7.24902983138675,78.5990313178451,3.57268691424142
2021-05-21,289315,164,235454,108,53861,56,260297,121,1823375,2279,2083672,2400,0,4290,-58,1872,222,283153,9,9387,4526,"East TN",2455501,48.0146414112639,0.0318514794599253,97.7397280636416,6.67888141768218,76.2369878896404,3.18514794599253
2021-05-22,289386,71,235502,48,53884,23,260359,62,1824962,1587,2085321,1649,0,4290,-106,1766,177,283330,10,9397,4527,"East TN",2455501,46.5078206036161,0.0309045134454701,67.1553381570604,2.89146695521606,71.9201499001629,3.09045134454701
2021-05-23,289460,74,235553,51,53907,23,260420,61,1826027,1065,2086447,1126,3,4293,-128,1638,199,283529,5,9402,4529,"East TN",2455501,45.4489735495933,0.0304826104670543,45.8562224165252,3.01364161529562,66.7073644034354,3.04826104670543
2021-05-24,289620,160,235664,111,53956,49,260546,126,1827952,1925,2088498,2051,0,4293,-91,1547,251,283780,7,9409,4533,"East TN",2455501,43.8607029685592,0.0306528807862336,83.5267426077204,6.51598187090944,63.0013997143556,3.06528807862336
2021-05-25,289764,144,235760,96,54004,48,260634,88,1829679,1727,2090313,1815,0,4293,-72,1475,216,283996,8,9417,4538,"East TN",2455501,41.0506857867295,0.0291396164465338,73.915669348129,5.8643836838185,60.0692078724464,2.91396164465338
2021-05-26,289948,184,235900,140,54048,44,260799,165,1832563,2884,2093362,3049,7,4300,-33,1442,210,284206,13,9430,4542,"East TN",2455501,39.7067645258544,0.0294919360944953,124.170179527518,7.49337915154586,58.7252866115713,2.94919360944953
2021-05-27,290072,124,235976,76,54096,48,260938,139,1835535,2972,2096473,3111,4,4304,-81,1361,201,284407,9,9439,4546,"East TN",2455501,37.5076206444225,0.0501282810341425,126.695122502495,5.04988594995482,55.4265707894234,5.01282810341425
2021-05-28,290189,117,236066,90,54123,27,261036,98,1837647,2112,2098683,2210,0,4304,-60,1301,177,284584,5,9444,4549,"East TN",2455501,35.5935509698428,0.0492305642528812,90.0019995919366,4.76481174310253,52.9830775878324,4.92305642528812
2021-05-29,290240,51,236098,32,54142,19,261073,37,1838724,1077,2099797,1114,0,4304,-88,1213,139,284723,7,9451,4551,"East TN",2455501,34.7790532359791,0.0493230174081238,45.367523776207,2.07696922135238,49.3992875588322,4.93230174081238
2021-05-30,290295,55,236138,40,54157,15,261119,46,1839810,1086,2100929,1132,0,4304,-66,1147,121,284844,7,9458,4555,"East TN",2455501,34.0052803888086,0.0482668139759702,46.1005717366843,2.23986876812512,46.7114450370821,4.82668139759702
2021-05-31,290375,80,236204,66,54171,14,261190,71,1841237,1427,2102427,1498,6,4310,-95,1052,169,285013,4,9462,4560,"East TN",2455501,30.7472894533539,0.0462344748366717,61.0058802663896,3.25799093545472,42.8425808012296,4.62344748366717
2021-06-01,290505,130,236297,93,54208,37,261284,94,1842553,1316,2103837,1410,3,4313,-37,1015,164,285177,11,9473,4563,"East TN",2455501,30.1771410396493,0.0480627033422064,57.4220902373894,5.29423527011392,41.3357599935818,4.80627033422064
2021-06-02,290624,119,236368,71,54256,48,261357,73,1844533,1980,2105890,2053,1,4314,-19,996,137,285314,9,9482,4567,"East TN",2455501,27.5300234045924,0.0445402298850575,83.6081923811067,4.8462615164889,40.5619871464113,4.45402298850575
2021-06-03,290712,88,236424,56,54288,32,261476,119,1847699,3166,2109175,3285,1,4315,-43,953,130,285444,7,9489,4572,"East TN",2455501,26.0639274836378,0.0423555345614864,133.781252787109,3.58379002900019,38.8108170186043,4.23555345614864
2021-06-04,290803,91,236483,59,54320,32,261554,78,1849851,2152,2111405,2230,1,4316,-32,921,122,285566,7,9496,4572,"East TN",2455501,25.005080429615,0.0407168684169156,90.8164973258003,3.70596468907974,37.5076206444225,4.07168684169156
2021-06-05,290844,41,236509,26,54335,15,261584,30,1851234,1383,2112818,1413,-1,4315,-67,854,109,285675,2,9498,4577,"East TN",2455501,24.5978315626831,0.0392442976729898,57.544264897469,1.66972035442054,34.7790532359791,3.92442976729898
2021-06-06,290870,26,236525,16,54345,10,261603,19,1852150,916,2113753,935,-1,4314,-57,797,84,285759,2,9500,4580,"East TN",2455501,23.4168098485808,0.0377417342482845,38.077769058127,1.05884705402278,32.4577346944676,3.77417342482845
2021-06-07,290943,73,236560,35,54383,38,261655,52,1853420,1270,2115075,1322,3,4317,-68,729,138,285897,10,9510,4582,"East TN",2455501,23.1317356417285,0.0367647058823529,53.8383002083892,2.97291672860243,29.6884423993311,3.67647058823529
2021-06-08,291030,87,236627,67,54403,20,261725,70,1854899,1479,2116624,1549,3,4320,-29,700,113,286010,4,9514,4585,"East TN",2455501,21.3805655139216,0.0344881520294049,63.082849487742,3.54306514230701,28.5074206852288,3.44881520294049
2021-06-09,291078,48,236665,38,54413,10,261779,54,1857630,2731,2119409,2785,0,4320,-63,637,111,286121,3,9517,4587,"East TN",2455501,18.4890985587055,0.0312153265774096,113.418809440517,1.95479456127283,25.9417528235582,3.12153265774096
2021-06-10,291153,75,236722,57,54431,18,261845,66,1859415,1785,2121260,1851,4,4324,-21,616,92,286213,4,9521,4590,"East TN",2455501,17.9596750316941,0.0305337194869673,75.3817652690836,3.0543665019888,25.0865302030013,3.05337194869673
2021-06-11,291223,70,236768,46,54455,24,261901,56,1860900,1485,2122801,1541,2,4326,-4,612,72,286285,4,9525,4591,"East TN",2455501,17.1044524111373,0.0304492804492804,62.7570503941965,2.85074206852288,24.9236306562286,3.04492804492804
2021-06-12,291252,29,236790,22,54462,7,261932,31,1862094,1194,2124026,1225,3,4329,-24,588,50,286335,1,9526,4594,"East TN",2455501,16.6157537708191,0.0310492505353319,49.8879861991504,1.18102171410234,23.9462333755922,3.10492505353319
2021-06-13,291270,18,236804,14,54466,4,261953,21,1862938,844,2124891,865,1,4330,-41,547,58,286393,1,9527,4595,"East TN",2455501,16.2899546772736,0.0314239540312444,35.2270269896042,0.733047960477312,22.2765130211716,3.14239540312444
2021-06-14,291323,53,236837,33,54486,20,261994,41,1864191,1253,2126185,1294,3,4333,-9,538,59,286452,3,9530,4595,"East TN",2455501,15.4754569434099,0.0305130513051305,52.6980033809801,2.15841899473875,21.909989040933,3.05130513051305
2021-06-15,291411,88,236906,69,54505,19,262082,88,1866073,1882,2128155,1970,0,4333,-6,532,94,286546,4,9534,4598,"East TN",2455501,15.5161818301031,0.0309600208134594,80.2280267855725,3.58379002900019,21.6656397207739,3.09600208134594
2021-06-16,291478,67,236946,40,54532,27,262120,38,1867979,1906,2130099,1944,2,4335,-14,518,79,286625,7,9541,4600,"East TN",2455501,16.2899546772736,0.0318989710009355,79.1691797315497,2.72856740844333,21.0954913070693,3.18989710009355
2021-06-17,291529,51,236984,38,54545,13,262166,46,1870329,2350,2132495,2396,1,4336,-7,511,57,286682,1,9542,4604,"East TN",2455501,15.3125573966372,0.0285714285714286,97.5768285168689,2.07696922135238,20.810417100217,2.85714285714286
2021-06-18,291591,62,237035,51,54556,11,262221,55,1872057,1728,2134278,1783,2,4338,-1,510,61,286743,4,9546,4606,"East TN",2455501,14.9867583030917,0.0278818506578374,72.6124729739471,2.52494297497741,20.7696922135238,2.78818506578374
2021-06-19,291619,28,237052,17,54567,11,262239,18,1873208,1151,2135447,1169,0,4338,-16,494,44,286787,4,9550,4608,"East TN",2455501,14.9460334163985,0.0268803082041853,47.6073925443321,1.14029682740915,20.1180940264329,2.68803082041853
2021-06-20,291644,25,237073,21,54571,4,262256,17,1873962,754,2136218,771,3,4341,-13,481,35,286822,2,9552,4611,"East TN",2455501,15.2311076232508,0.0267502427827315,31.3988876404449,1.0181221673296,19.5886704994215,2.67502427827315
2021-06-21,291711,67,237113,40,54598,27,262308,52,1875234,1272,2137542,1324,6,4347,3,484,58,286880,2,9554,4612,"East TN",2455501,15.8012560369554,0.0276481465175663,53.9197499817756,2.72856740844333,19.7108451595011,2.76481465175663
2021-06-22,291804,93,237159,46,54645,47,262359,51,1876661,1427,2139020,1478,5,4352,36,520,52,286932,7,9561,4616,"East TN",2455501,16.0048804704213,0.0254947077772665,60.1913825325259,3.78741446246611,21.1769410804557,2.54947077772665
2021-06-23,291873,69,237207,48,54666,21,262414,55,1878450,1789,2140864,1844,2,4354,6,526,61,286993,5,9566,4620,"East TN",2455501,16.0863302438077,0.0273107292150488,75.0966910622313,2.8100171818297,21.4212904006148,2.73107292150488
2021-06-24,291956,83,237259,52,54697,31,262476,62,1880294,1844,2142770,1906,3,4357,27,553,53,287046,4,9570,4621,"East TN",2455501,17.3895266179896,0.0301703163017032,77.6216340372087,3.38016559553427,22.5208623413308,3.01703163017032
2021-06-25,292035,79,237315,56,54720,23,262545,69,1882102,1808,2144647,1877,0,4357,32,585,47,287093,2,9572,4623,"East TN",2455501,18.0818496917737,0.0312469862088919,76.4406123231064,3.21726604876154,23.8240587155126,3.12469862088919
2021-06-26,292070,35,237333,18,54737,17,262566,21,1883286,1184,2145852,1205,0,4357,1,586,34,287127,2,9574,4625,"East TN",2455501,18.366923898626,0.0314271984622778,49.0734884652867,1.42537103426144,23.8647836022058,3.14271984622778
2021-06-27,292099,29,237353,20,54746,9,262590,24,1884000,714,2146590,738,2,4359,-9,577,36,287163,3,9577,4627,"East TN",2455501,18.5298234453987,0.0322020825298882,30.0549663795698,1.18102171410234,23.4982596219672,3.22020825298882
2021-06-28,292143,44,237377,24,54766,20,262615,25,1884552,552,2147167,577,4,4363,-15,562,55,287218,3,9580,4627,"East TN",2455501,17.5931510514555,0.0318961038961039,23.4982596219672,1.7918950145001,22.8873863215694,3.18961038961039
2021-06-29,292274,131,237463,86,54811,45,262712,97,1886566,2014,2149278,2111,0,4363,80,642,51,287269,6,9586,4630,"East TN",2455501,19.1406967457965,0.0344121661142523,85.9702358093114,5.3349601568071,26.1453772570241,3.44121661142523
2021-06-30,292359,85,237526,63,54833,22,262787,75,1888210,1644,2150997,1719,3,4366,29,671,53,287322,3,9589,4630,"East TN",2455501,19.7922949328874,0.0368104213954406,70.0060802255833,3.46161536892064,27.3263989711265,3.68104213954406
2021-07-01,292465,106,237579,53,54886,53,262852,65,1890762,2552,2153614,2617,1,4367,56,727,49,287371,2,9591,4633,"East TN",2455501,20.7289673268307,0.0346735521947621,106.577028476063,4.3168379894775,29.6069926259448,3.46735521947621
2021-07-02,292547,82,237642,63,54905,19,262926,74,1892444,1682,2155370,1756,0,4367,32,759,50,287421,2,9593,4635,"East TN",2455501,20.8511419869102,0.035531101370885,71.5129010332311,3.33944070884109,30.9101890001267,3.5531101370885
2021-07-03,292595,48,237678,36,54917,12,262966,40,1893532,1088,2156498,1128,1,4368,1,760,46,287467,3,9596,4638,"East TN",2455501,21.3805655139216,0.0375727972947586,45.9376721899116,1.95479456127283,30.9509138868198,3.75727972947586
2021-07-04,292622,27,237699,21,54923,6,262991,25,1894232,700,2157223,725,0,4368,-13,747,40,287507,1,9597,4639,"East TN",2455501,21.2991157405352,0.0377127809649205,29.5255428525584,1.09957194071597,30.4214903598084,3.77127809649205
2021-07-05,292665,43,237723,24,54942,19,263016,25,1894714,482,2157730,507,0,4368,-30,717,73,287580,2,9599,4640,"East TN",2455501,21.258390853842,0.037962699990533,20.6475175534443,1.75117012780691,29.1997437590129,3.7962699990533
2021-07-06,292827,162,237827,104,55000,58,263129,113,1896039,1325,2159168,1438,5,4373,82,799,75,287655,6,9605,4640,"East TN",2455501,22.5208623413308,0.0421638018200202,58.5623870647986,6.59743164429581,32.539184467854,4.21638018200202
2021-07-07,292969,142,237907,80,55062,62,263217,88,1897498,1459,2160715,1547,4,4377,81,880,57,287712,6,9611,4642,"East TN",2455501,24.8421808828422,0.0442477876106195,63.0013997143556,5.78293391043213,35.8379002900019,4.42477876106195
2021-07-08,293109,140,238009,102,55100,38,263334,117,1899353,1855,2162687,1972,2,4379,76,956,62,287774,3,9614,4644,"East TN",2455501,26.2268270304105,0.0531246555714758,80.3094765589588,5.70148413704576,38.9329916786839,5.31246555714758
2021-07-09,293273,164,238131,122,55142,42,263465,131,1901098,1745,2164563,1876,0,4379,100,1056,64,287838,4,9618,4646,"East TN",2455501,29.5662677392516,0.0586315674970086,76.3998874364132,6.67888141768218,43.0054803480023,5.86315674970086
2021-07-10,293377,104,238204,73,55173,31,263539,74,1902154,1056,2165693,1130,0,4379,56,1112,48,287886,13,9631,4647,"East TN",2455501,31.8468613940699,0.0623164763458401,46.0191219632979,4.23538821609114,45.2860740028206,6.23164763458401
2021-07-11,293425,48,238239,35,55186,13,263582,43,1902909,755,2166491,798,2,4381,4,1116,42,287928,7,9638,4647,"East TN",2455501,32.7020840146267,0.0637678031937851,32.4984595811608,1.95479456127283,45.4489735495933,6.37678031937851
2021-07-12,293598,173,238356,117,55242,56,263707,125,1904275,1366,2167982,1491,1,4382,92,1208,80,288008,13,9651,4648,"East TN",2455501,37.9963192847407,0.0674014826375341,60.7208060595373,7.04540539792083,49.1956631253663,6.74014826375341
2021-07-13,293812,214,238493,137,55319,77,263852,145,1905896,1621,2169748,1766,4,4386,149,1357,61,288069,14,9665,4652,"East TN",2455501,40.1140133927862,0.0683364839319471,71.9201499001629,8.71512575234138,55.2636712426507,6.83364839319471
2021-07-14,293985,173,238629,136,55356,37,263994,142,1907459,1563,2171453,1705,0,4386,103,1460,70,288139,11,9676,4653,"East TN",2455501,41.3764848802749,0.0723598435462842,69.4359318118787,7.04540539792083,59.4583345720486,7.23598435462842
2021-07-15,294205,220,238779,150,55426,70,264161,167,1909260,1801,2173421,1968,0,4386,118,1578,102,288241,14,9690,4653,"East TN",2455501,44.6344758157297,0.0770449040432271,80.1465770121861,8.95947507250048,64.2638712018444,7.70449040432271
2021-07-16,294435,230,238921,142,55514,88,264315,154,1910789,1529,2175104,1683,0,4386,164,1742,66,288307,10,9700,4657,"East TN",2455501,47.3223183374798,0.0806375106726117,68.5399843046287,9.36672393943232,70.9427526195265,8.06375106726117
2021-07-17,294579,144,239021,100,55558,44,264425,110,1912007,1218,2176432,1328,0,4386,54,1796,90,288397,5,9705,4659,"East TN",2455501,48.9513138052072,0.0825030263525468,54.0826495285484,5.8643836838185,73.1418965009585,8.25030263525468
2021-07-18,294723,144,239142,121,55581,23,264557,132,1913133,1126,2177690,1258,0,4386,50,1846,94,288491,6,9711,4661,"East TN",2455501,52.8609029277528,0.0870613447629253,51.2319074600255,5.8643836838185,75.1781408356177,8.70613447629253
2021-07-19,295027,304,239354,212,55673,92,264774,217,1914823,1690,2179597,1907,3,4389,166,2012,135,288626,12,9723,4662,"East TN",2455501,58.1958630845599,0.0918639690055962,77.6623589239019,12.3803655547279,81.9384720266862,9.18639690055962
2021-07-20,295383,356,239592,238,55791,118,265028,254,1916484,1661,2181512,1915,2,4391,214,2226,140,288766,22,9745,4664,"East TN",2455501,63.9787969949921,0.0999659979598776,77.9881580174473,14.4980596627735,90.6535977790276,9.99659979598776
2021-07-21,295784,401,239885,293,55899,108,265338,310,1918600,2116,2183938,2426,3,4394,248,2474,150,288916,23,9768,4668,"East TN",2455501,73.264071161038,0.107649179014818,98.7985751176644,16.3306795639668,100.753369678937,10.7649179014818
2021-07-22,296258,474,240218,333,56040,141,265705,367,1920969,2369,2186674,2736,5,4399,321,2795,148,289064,19,9787,4671,"East TN",2455501,83.6081923811067,0.116501924092658,111.423289992551,19.3035962925692,113.826058307449,11.6501924092658
2021-07-23,296719,461,240538,320,56181,141,266038,333,1922872,1903,2188910,2236,1,4400,328,3123,132,289196,21,9808,4677,"East TN",2455501,93.0156412072322,0.124800811241489,91.0608466459594,18.7741727655578,127.183821142814,12.4800811241489
2021-07-24,297077,358,240787,249,56290,109,266303,265,1924623,1751,2190926,2016,0,4400,226,3349,132,289328,19,9827,4681,"East TN",2455501,101.730766959574,0.129570856906306,82.1013715734589,14.5795094361599,136.387645535473,12.9570856906306
2021-07-25,297305,228,240977,190,56328,38,266506,203,1925938,1315,2192444,1518,3,4403,97,3446,128,289456,14,9841,4686,"East TN",2455501,105.151657441801,0.132099769554019,61.8203780002533,9.28527416604595,140.337959544712,13.2099769554019
2021-07-26,297972,667,241438,461,56534,206,266992,486,1927667,1729,2194659,2215,10,4413,448,3894,209,289665,30,9871,4690,"East TN",2455501,119.934791311427,0.147258000265569,90.2056240254026,27.1634994243537,158.582708783258,14.7258000265569
2021-07-27,298699,727,241928,490,56771,237,267507,515,1929988,2321,2197495,2836,2,4415,534,4428,191,289856,25,9896,4696,"East TN",2455501,135.043724274598,0.155102296189702,115.49577866187,29.6069926259448,180.329798277419,15.5102296189702
2021-07-28,299518,819,242476,548,57042,271,268120,613,1932856,2868,2200976,3481,2,4417,559,4987,258,290114,31,9927,4699,"East TN",2455501,152.066726912349,0.163282075360958,141.763330578973,33.3536822017177,203.095009938909,16.3282075360958
2021-07-29,300206,688,242930,454,57276,234,268616,496,1935284,2428,2203900,2924,3,4420,474,5461,211,290325,18,9945,4703,"East TN",2455501,160.78185266469,0.168988737954255,119.07956869087,28.0187220449106,222.398606231478,16.8988737954255
2021-07-30,301205,999,243679,749,57526,250,269418,802,1937087,1803,2206505,2605,4,4424,751,6212,244,290569,38,9983,4708,"East TN",2455501,182.691841705623,0.192100028417164,106.088329835744,40.6841618064908,252.982996138059,19.2100028417164
2021-07-31,301740,535,244044,365,57696,170,269814,396,1939057,1970,2208871,2366,2,4426,319,6531,214,290783,32,10015,4718,"East TN",2455501,189.900146650317,0.195653385344107,96.3550819160733,21.7878143808534,265.974234993185,19.5653385344107
2021-08-01,302274,534,244466,422,57808,112,270275,461,1941195,2138,2211470,2599,3,4429,321,6852,210,290993,27,10042,4722,"East TN",2455501,202.361961978431,0.198097340481446,105.843980515585,21.7470894941603,279.046923621697,19.8097340481446
2021-08-02,303124,850,245003,537,58121,313,270811,536,1943530,2335,2214341,2871,9,4438,416,7268,425,291418,32,10074,4730,"East TN",2455501,209.814616243284,0.194035159028554,116.921149696131,34.6161536892064,295.988476486061,19.4035159028554
2021-08-03,304462,1338,245971,968,58491,370,271826,1015,1947305,3775,2219131,4790,4,4442,897,8165,437,291855,33,10107,4739,"East TN",2455501,234.697522012819,0.199621002033648,195.072207260351,54.4898983954802,332.518699849847,19.9621002033648
2021-08-04,305548,1086,246804,833,58744,253,272713,887,1950925,3620,2223638,4507,8,4450,646,8811,432,292287,34,10141,4745,"East TN",2455501,245.5710667599,0.202674079957638,183.54706432618,44.2272269487978,358.826976653644,20.2674079957638
2021-08-05,306726,1178,247693,889,59033,289,273663,950,1954890,3965,2228553,4915,10,4460,665,9476,503,292790,38,10179,4752,"East TN",2455501,265.52626123956,0.204721534904474,200.162818096999,47.9739165245707,385.909026304612,20.4721534904474
2021-08-06,308066,1340,248680,987,59386,353,274746,1083,1959518,4628,2234264,5711,3,4463,908,10384,429,293219,47,10226,4765,"East TN",2455501,279.413447601935,0.191937749918945,232.579827904774,54.5713481688666,422.887223422023,19.1937749918945
2021-08-07,308790,724,249204,524,59586,200,275330,584,1962522,3004,2237852,3588,0,4463,327,10711,397,293616,25,10251,4774,"East TN",2455501,287.110451186947,0.190331596563266,146.120893455144,29.4848179658652,436.204261370694,19.0331596563266
2021-08-08,309426,636,249655,451,59771,185,275856,526,1964637,2115,2240493,2641,5,4468,220,10931,411,294027,27,10278,4785,"East TN",2455501,291.264389629652,0.19229576542742,107.554425756699,25.901027936865,445.163736443194,19.229576542742
2021-08-09,310796,1370,250617,962,60179,408,276864,1008,1968176,3539,2245040,4547,14,4482,572,11503,784,294811,58,10336,4797,"East TN",2455501,312.441330710108,0.197172546337014,185.176059793908,55.7930947696621,468.458371631696,19.7172546337014
2021-08-10,312123,1327,251465,848,60658,479,277781,917,1971428,3252,2249209,4169,6,4488,550,12053,771,295582,43,10379,4811,"East TN",2455501,311.993356956483,0.197985238380211,169.782052623884,54.0419246418552,490.857059312947,19.7985238380211
2021-08-11,314010,1887,252768,1303,61242,584,279164,1383,1976784,5356,2255948,6739,8,4496,1063,13116,816,296398,60,10439,4829,"East TN",2455501,344.613991197723,0.199659548127515,274.445011425367,76.8478611900382,534.147613867801,19.9659548127515
2021-08-12,315472,1462,253830,1062,61642,400,280326,1162,1981266,4482,2261592,5644,10,4506,585,13701,867,297265,39,10478,4843,"East TN",2455501,356.179859018587,0.201670752746754,229.85126049633,59.539784345435,557.971672583314,20.1670752746754
2021-08-13,317120,1648,254947,1117,62173,531,281500,1174,1986685,5419,2268185,6593,11,4517,795,14496,842,298107,26,10504,4867,"East TN",2455501,368.723124120088,0.199109696058489,268.499177968162,67.1146132703672,590.347957504395,19.9109696058489
2021-08-14,318651,1531,256036,1089,62615,442,282700,1200,1992160,5475,2274860,6675,1,4518,912,15408,618,298725,26,10530,4881,"East TN",2455501,401.588107681487,0.199146130566364,271.838618677003,62.3498015272647,627.489054168579,19.9146130566364
2021-08-15,319797,1146,257001,965,62796,181,283757,1057,1995970,3810,2279727,4867,11,4529,427,15835,708,299433,20,10550,4894,"East TN",2455501,422.357799895011,0.20138145486058,198.208023535727,46.6707201503889,644.878580786569,20.138145486058
2021-08-16,321239,1442,257917,916,63322,526,284719,962,1999030,3060,2283749,4022,17,4546,177,16012,1248,300681,29,10579,4913,"East TN",2455501,425.289991736921,0.202924384510062,163.795494279986,58.7252866115713,652.086885731262,20.2924384510062
2021-08-17,322976,1737,259132,1215,63844,522,286040,1321,2003890,4860,2289930,6181,10,4556,514,16526,1213,301894,25,10604,4928,"East TN",2455501,441.987195281126,0.20281918420471,251.72052465057,70.7391281860606,673.019477491559,20.281918420471
2021-08-18,325068,2092,260518,1386,64550,706,287519,1479,2009310,5420,2296829,6899,13,4569,933,17459,1146,303040,31,10635,4941,"East TN",2455501,450.335797053229,0.204373669920012,280.960993296276,85.1964629621409,711.015796776299,20.4373669920012
2021-08-19,327459,2391,262008,1490,65451,901,289097,1578,2019261,9951,2308358,11529,23,4592,1119,18578,1249,304289,41,10676,4960,"East TN",2455501,488.169216791197,0.187550784758158,469.517218685718,97.3732040834029,756.586944985972,18.7550784758158
2021-08-20,329914,2455,263987,1979,65927,476,291206,2109,2026155,6894,2317361,9003,4,4596,1274,19852,1177,305466,36,10712,4993,"East TN",2455501,521.034200352596,0.197372702131121,366.646154898736,99.9795968317667,808.470450633089,19.7372702131121
2021-08-21,332836,2922,265950,1963,66886,959,293323,2117,2035085,8930,2328408,11047,0,4596,2167,22019,755,306221,55,10767,5016,"East TN",2455501,577.682517742815,0.198382759393441,449.887823299604,118.998118917484,896.721280097218,19.8382759393441
2021-08-22,334321,1485,267291,1341,67030,144,294839,1516,2040597,5512,2335436,7028,7,4603,547,22566,931,307152,17,10784,5035,"East TN",2455501,591.488254331804,0.198926564827945,286.214503679697,60.4764567393782,918.99779311839,19.8926564827945
2021-08-23,336269,1948,268418,1127,67851,821,296025,1186,2044564,3967,2340589,5153,18,4621,186,22752,1744,308896,36,10820,5056,"East TN",2455501,612.095046998556,0.198909218859958,209.855341129977,79.3320792783224,926.572622043322,19.8909218859958
2021-08-24,338253,1984,269805,1387,68448,597,297463,1438,2048343,3779,2345806,5217,15,4636,147,22899,1822,310718,25,10845,5094,"East TN",2455501,622.154094011772,0.204434819958479,212.461733878341,80.7981751992771,932.55918038722,20.4434819958479
2021-08-25,340482,2229,271013,1208,69469,1021,298710,1247,2052379,4036,2351089,5283,17,4653,614,23513,1598,312316,39,10884,5131,"East TN",2455501,627.733403488738,0.206247696277184,215.149576400091,90.7757724391071,957.564260816835,20.6247696277184
2021-08-26,343140,2658,272846,1833,70294,825,300672,1962,2059223,6844,2359895,8806,24,4677,741,24254,1893,314209,37,10921,5161,"East TN",2455501,638.606948235818,0.224595921376875,358.623352220178,108.246748830483,987.741401856485,22.4595921376875
2021-08-27,346150,3010,275117,2271,71033,739,303033,2361,2066292,7069,2369325,9430,19,4696,1307,25561,1684,315893,43,10964,5182,"East TN",2455501,661.209260350535,0.227599876837811,384.035681516725,122.581908946484,1040.96882876448,22.7599876837811
2021-08-28,348295,2145,276657,1540,71638,605,304704,1671,2072159,5867,2376863,7538,1,4697,923,26484,1221,317114,30,10994,5217,"East TN",2455501,629.566023389931,0.234877721597358,306.984195893221,87.3548819568797,1078.55789918228,23.4877721597358
2021-08-29,350632,2337,278485,1828,72147,509,306724,2020,2079153,6994,2385877,9014,9,4706,1072,27556,1256,318370,42,11036,5248,"East TN",2455501,664.263626852524,0.235621815586527,367.094128652361,95.174060201971,1122.21497771738,23.5621815586527
2021-08-30,353876,3244,280898,2413,72978,831,309330,2606,2088196,9043,2397526,11649,21,4727,477,28033,2746,321116,61,11097,5286,"East TN",2455501,717.043080006891,0.233679329785552,474.4042050889,132.111532432689,1141.64074867003,23.3679329785552
2021-08-31,357464,3588,283306,2408,74158,1180,311941,2611,2096783,8587,2408724,11198,7,4734,916,28949,2665,323781,74,11171,5322,"East TN",2455501,782.365798262758,0.230109030801996,456.037281190274,146.120893455144,1178.94474488098,23.0109030801996
2021-09-01,358900,1436,284256,950,74644,486,312930,989,2099066,2283,2411996,3272,15,4749,-961,27988,2382,326163,29,11200,5362,"East TN",2455501,750.070963115063,0.233470701233027,133.251829260098,58.4809372914122,1139.80812876883,23.3470701233027
2021-09-02,361217,2317,285746,1490,75471,827,314446,1516,2103328,4262,2417774,5778,19,4768,-580,27408,2878,329041,38,11238,5393,"East TN",2455501,736.183776752687,0.237979232536844,235.308395313217,94.3595624681073,1116.18769448679,23.7979232536844
2021-09-03,362972,1755,286963,1217,76009,538,315741,1295,2107434,4106,2423175,5401,17,4785,-1008,26400,2746,331787,30,11268,5422,"East TN",2455501,685.074043952741,0.235988857938719,219.955113029887,71.4721761465379,1075.13700870006,23.5988857938719
2021-09-04,366238,3266,289307,2344,76931,922,318319,2578,2115482,8048,2433801,10626,3,4788,1523,27923,1740,333527,53,11321,5453,"East TN",2455501,730.7266419358,0.239119744283255,432.742646001773,133.007479939939,1137.16101113378,23.9119744283255
2021-09-05,370696,4458,292560,3253,78136,1205,321807,3488,2127992,12510,2449799,15998,8,4796,2736,30659,1714,335241,58,11379,5503,"East TN",2455501,817.104126612044,0.235959450580395,651.516737317558,181.551544878214,1248.58430112633,23.5959450580395
2021-09-06,375609,4913,296499,3939,79110,974,326096,4289,2143632,15640,2469728,19929,11,4807,964,31623,3938,339179,95,11474,5538,"East TN",2455501,885.073962502968,0.232209634082158,811.606266908464,200.081368323613,1287.84309189856,23.2209634082158
2021-09-07,377691,2082,297954,1455,79737,627,327613,1517,2148058,4426,2475671,5943,34,4841,-1805,29818,3853,343032,59,11533,5570,"East TN",2455501,823.742283143033,0.234095627884745,242.028001617593,84.7892140952091,1214.33467141736,23.4095627884745
2021-09-08,379366,1675,299130,1176,80236,499,328874,1261,2152438,4380,2481312,5641,20,4861,-1774,28044,3429,346461,59,11592,5611,"East TN",2455501,833.475531062704,0.230019043222344,229.729085836251,68.2141852110832,1142.08872242365,23.0019043222344
2021-09-09,381277,1911,300136,1006,81141,905,329954,1080,2156104,3666,2486058,4746,7,4868,-1609,26435,3513,349974,50,11642,5649,"East TN",2455501,816.941227065271,0.227110304024369,193.280312245851,77.8252584706746,1076.56237973432,22.7110304024369
2021-09-10,386765,5488,303969,3833,82796,1655,334084,4130,2168210,12106,2502294,16236,23,4891,2254,28689,3211,353185,136,11778,5684,"East TN",2455501,968.967229090927,0.23184064510421,661.209260350535,223.498178172194,1168.35627434076,23.184064510421
2021-09-11,391052,4287,307080,3111,83972,1176,337402,3318,2180032,11822,2517434,15140,8,4899,2505,31194,1774,354959,112,11890,5731,"East TN",2455501,1010.54733840467,0.22817548097043,616.574784534806,174.58758925368,1270.37211550718,22.817548097043
2021-09-12,392634,1582,308506,1426,84128,156,338957,1555,2185276,5244,2524233,6799,23,4922,-131,31063,1690,356649,42,11932,5775,"East TN",2455501,893.42256427507,0.230405459870489,276.888504626958,64.4267707486171,1265.03715535037,23.0405459870489
2021-09-13,394986,2352,309955,1449,85031,903,340461,1504,2190399,5123,2530860,6627,63,4985,-1938,29125,4227,360876,75,12007,5825,"East TN",2455501,789.126129453826,0.234983314794216,269.88382411573,95.7849335023688,1186.11232493898,23.4983314794216
2021-09-14,397801,2815,311909,1954,85892,861,342535,2074,2196621,6222,2539156,8296,43,5028,-942,28183,3714,364590,62,12069,5869,"East TN",2455501,818.97747139993,0.235047649050957,337.853660006654,114.640556041313,1147.749481674,23.5047649050957
2021-09-15,399596,1795,313102,1193,86494,602,343751,1216,2200396,3775,2544147,4991,23,5051,-1540,26643,3312,367902,34,12103,5907,"East TN",2455501,823.864457803112,0.236762950584865,203.257909485681,73.1011716142653,1085.0331561665,23.6762950584865
2021-09-16,402250,2654,314952,1850,87298,804,345708,1957,2207055,6659,2552763,8616,23,5074,-547,26096,3178,371080,61,12164,5944,"East TN",2455501,854.123048616148,0.236174199835095,350.885623748473,108.08384928371,1062.75664314533,23.6174199835095
2021-09-17,404938,2688,316830,1878,88108,810,347712,2004,2214259,7204,2561971,9208,23,5097,-49,26047,2714,373794,76,12240,6000,"East TN",2455501,740.093365875233,0.228362685791846,374.994756670838,109.468495431279,1060.76112369736,22.8362685791846
2021-09-18,406395,1457,318009,1179,88386,278,349048,1336,2219731,5472,2568779,6808,3,5100,-269,25778,1723,375517,35,12275,6058,"East TN",2455501,624.841936533522,0.226818580192813,277.255028607197,59.3361599119691,1049.8061291769,22.6818580192813
2021-09-19,407039,644,318455,446,88584,198,349561,513,2221808,2077,2571369,2590,17,5117,-1056,24722,1683,377200,23,12298,6101,"East TN",2455501,586.641992815315,0.224966055668703,105.477456535347,26.2268270304105,1006.80064882889,22.4966055668703
2021-09-20,409025,1986,319713,1258,89312,728,350932,1371,2227445,5637,2578377,7008,48,5165,202,24924,1736,378936,64,12362,6143,"East TN",2455501,571.73668428561,0.220363238419934,285.400005945833,80.8796249726634,1015.02707594092,22.0363238419934
2021-09-21,410900,1875,320814,1101,90086,774,352072,1140,2231750,4305,2583822,5445,31,5196,-2044,22880,3888,382824,57,12419,6189,"East TN",2455501,533.455290794017,0.21351811221063,221.747008044387,76.35916254972,931.78540754005,21.351811221063
2021-09-22,412490,1590,321929,1115,90561,475,353291,1219,2237109,5359,2590400,6578,14,5210,-1348,21532,2924,385748,44,12463,6225,"East TN",2455501,525.106689021914,0.206256891444879,267.888304667764,64.7525698421626,876.888260277638,20.6256891444879
2021-09-23,414843,2353,323437,1508,91406,845,354953,1662,2243466,6357,2598419,8019,32,5242,-400,21132,2721,388469,52,12515,6262,"East TN",2455501,512.848498127266,0.202492553005081,326.572866392642,95.8256583890619,860.598305600364,20.2492553005081
2021-09-24,416385,1542,324420,983,91965,559,356052,1099,2248349,4883,2604401,5982,37,5279,-910,20222,2415,390884,37,12552,6305,"East TN",2455501,466.177777976877,0.196559038416215,243.616272198627,62.7977752808897,823.538658709567,19.6559038416215
2021-09-25,417085,700,324907,487,92178,213,356614,562,2251371,3022,2607985,3584,2,5281,-900,19322,1598,392482,20,12572,6345,"East TN",2455501,435.349038750137,0.192980666224557,145.957993908371,28.5074206852288,786.886260685701,19.2980666224557
2021-09-26,417945,860,325532,625,92413,235,357335,721,2255348,3977,2612683,4698,6,5287,-422,18900,1276,393758,26,12598,6376,"East TN",2455501,444.145614275865,0.188168659534298,191.325517684578,35.0234025561382,769.700358501178,18.8168659534298
2021-09-27,419405,1460,326364,832,93041,628,358257,922,2258939,3591,2617196,4513,47,5334,-1396,17504,2809,396567,42,12640,6406,"East TN",2455501,422.72432387525,0.188696256987558,183.791413646339,59.4583345720486,712.848416677493,18.8696256987558
2021-09-28,420701,1296,327154,790,93547,506,359120,863,2262601,3662,2621721,4525,14,5348,-1030,16474,2312,398879,31,12671,6439,"East TN",2455501,399.144614479896,0.185967967492546,184.280112286658,52.7794531543665,670.901783383513,18.5967967492546
2021-09-29,422383,1682,328165,1011,94218,671,360259,1139,2268099,5498,2628358,6637,30,5378,-374,16100,2026,400905,46,12717,6482,"East TN",2455501,402.891304055669,0.183571315664682,270.291072982662,68.4992594179355,655.670675760262,18.3571315664682
2021-09-30,423593,1210,328925,760,94668,450,361079,820,2272771,4672,2633850,5492,11,5389,-797,15303,1996,402901,38,12755,6515,"East TN",2455501,356.34275856536,0.172899438344952,223.661077718967,49.2771128987526,623.212941065795,17.2899438344952
2021-10-01,424967,1374,329896,971,95071,403,362154,1075,2277744,4973,2639898,6048,14,5403,-300,15003,1660,404561,46,12801,6542,"East TN",2455501,349.500977600905,0.171901850860636,246.304114720377,55.9559943164348,610.995475057839,17.1901850860636
2021-10-02,425521,554,330247,351,95274,203,362549,395,2280414,2670,2642963,3065,11,5414,-458,14545,1001,405562,19,12820,6579,"East TN",2455501,343.5551441437,0.169678083366688,124.821777714609,22.5615872280239,592.343476952361,16.9678083366688
2021-10-03,426060,539,330712,465,95348,74,363073,524,2283506,3092,2646579,3616,13,5427,-350,14195,876,406438,15,12835,6610,"East TN",2455501,330.482455515188,0.169282511210762,147.261190282553,21.9507139276262,578.089766609747,16.9282511210762
2021-10-04,427412,1352,331571,859,95841,493,364014,941,2287644,4138,2651658,5079,22,5449,-617,13578,1947,408385,29,12864,6630,"East TN",2455501,326.084167752324,0.167053566246881,206.841699514682,55.0600468091848,552.962511520052,16.7053566246881
2021-10-05,428677,1265,332324,753,96353,512,364828,814,2292106,4462,2656934,5276,17,5466,-451,13127,1699,410084,40,12904,6667,"East TN",2455501,324.821696264836,0.162099224718144,214.864502193239,51.5169816668778,534.595587621426,16.2099224718144
2021-10-06,429614,937,333031,707,96583,230,365609,781,2296527,4421,2662136,5202,18,5484,-413,12714,1332,411416,25,12929,6701,"East TN",2455501,294.481655678413,0.158387115874238,211.850860577943,38.1592188315134,517.776209417141,15.8387115874238
2021-10-07,430728,1114,333819,788,96909,326,366465,856,2301311,4784,2667776,5640,24,5508,-385,12329,1475,412891,26,12955,6730,"East TN",2455501,290.572066555868,0.158757295289748,229.688360949558,45.367523776207,502.097128040265,15.8757295289748
2021-10-08,431787,1059,334405,586,97382,473,367108,643,2305558,4247,2672666,4890,9,5517,-120,12209,1170,414061,29,12984,6751,"East TN",2455501,277.743727247515,0.15118408203125,199.14469592967,43.1276550080819,497.210141637083,15.118408203125
2021-10-09,432328,541,334760,355,97568,186,367525,417,2308367,2809,2675892,3226,4,5521,-281,11928,818,414879,30,13014,6780,"East TN",2455501,277.214303720503,0.151113000698472,131.378484472212,22.0321637010125,485.766448476299,15.1113000698472
2021-10-10,432648,320,335028,268,97620,52,367835,310,2310600,2233,2678435,2543,6,5527,-522,11406,836,415715,15,13029,6801,"East TN",2455501,268.295553534696,0.149485183324962,103.563386860767,13.0319637418189,464.508057622457,14.9485183324962
2021-10-11,433868,1220,335564,536,98304,684,368383,548,2314046,3446,2682429,3994,52,5579,-285,11121,1453,417168,31,13060,6815,"East TN",2455501,262.919868491196,0.141984335900686,162.655197452577,49.6843617656845,452.901464914899,14.1984335900686
2021-10-12,434805,937,336201,637,98604,300,369388,1005,2317690,3644,2687078,4649,29,5608,-362,10759,1270,418438,31,13091,6845,"East TN",2455501,249.562105655832,0.151273885350318,189.329998236612,38.1592188315134,438.159055931967,15.1273885350318
2021-10-13,435657,852,336746,545,98911,307,370037,649,2321555,3865,2691592,4514,25,5633,-419,10340,1246,419684,37,13128,6868,"East TN",2455501,246.100490286911,0.150325909831613,183.832138533033,34.6976034625928,421.095328407523,15.0325909831613
2021-10-14,436608,951,337398,652,99210,299,370760,723,2325558,4003,2696318,4726,31,5664,-173,10167,1093,420777,31,13159,6899,"East TN",2455501,239.462333755922,0.150479994394226,192.465814511988,38.729367245218,414.049923009602,15.0479994394226
2021-10-15,437409,801,337906,508,99503,293,371336,576,2329452,3894,2700788,4470,24,5688,-305,9862,1082,421859,29,13188,6917,"East TN",2455501,228.95531298908,0.150344925680962,182.040243518532,32.6206342412404,401.628832568181,15.0344925680962
2021-10-16,437716,307,338145,239,99571,68,371607,271,2331682,2230,2703289,2501,7,5695,-379,9483,679,422538,10,13198,6930,"East TN",2455501,219.425689502875,0.148994415446947,101.852941619653,12.5025402148075,386.194100511464,14.8994415446947
2021-10-17,437968,252,338355,210,99613,42,371854,247,2333345,1663,2705199,1910,7,5702,-438,9045,683,423221,13,13211,6946,"East TN",2455501,216.656397207739,0.150164399940218,77.7845335839814,10.2626714466824,368.356600139849,15.0164399940218
2021-10-18,438758,790,338819,464,99939,326,372370,516,2336536,3191,2708906,3707,23,5725,-480,8565,1247,424468,37,13248,6966,"East TN",2455501,199.14469592967,0.150583525323866,150.967154971633,32.1726604876154,348.808654527121,15.0583525323866
2021-10-19,439590,832,339259,440,100331,392,372844,474,2339864,3328,2712708,3802,25,5750,-279,8286,1086,425554,22,13270,6981,"East TN",2455501,194.868582826885,0.134841982052282,154.836019207486,33.8831057287291,337.446411139723,13.4841982052282
2021-10-20,440353,763,339747,488,100606,275,373385,541,2343885,4021,2717270,4562,15,5765,-221,8065,969,426523,19,13289,7000,"East TN",2455501,191.244067911192,0.130383986291767,185.786933094305,31.0730885468994,328.446211180529,13.0383986291767
2021-10-21,440981,628,340168,421,100813,207,373855,470,2347523,3638,2721378,4108,17,5782,-247,7818,858,427381,19,13308,7017,"East TN",2455501,178.089929509294,0.123503591380686,167.2978345356,25.5752288433196,318.387164167313,12.3503591380686
2021-10-22,441527,546,340505,337,101022,209,374241,386,2350627,3104,2724868,3490,6,5788,-319,7499,859,428240,17,13325,7034,"East TN",2455501,167.705083402532,0.120639534883721,142.129854559212,22.2357881344785,305.395925312187,12.0639534883721
2021-10-23,441886,359,340748,243,101138,116,374514,273,2353012,2385,2727526,2658,0,5788,-188,7311,547,428787,14,13339,7054,"East TN",2455501,169.822777510577,0.119940586706276,108.246748830483,14.6202343228531,297.739646613868,11.9940586706276
2021-10-24,442130,244,340911,163,101219,81,374710,196,2354909,1897,2729619,2093,7,5795,-298,7013,535,429322,14,13353,7065,"East TN",2455501,169.496978417032,0.116953316953317,85.2371878488341,9.9368723531369,285.603630379299,11.6953316953317
2021-10-25,442553,423,341159,248,101394,175,374981,271,2357340,2431,2732321,2702,28,5823,-493,6520,888,430210,20,13373,7075,"East TN",2455501,154.550945000633,0.111509715994021,110.038643844983,17.2266270712168,265.52626123956,11.1509715994021
2021-10-26,443080,527,341484,325,101596,202,375319,338,2359980,2640,2735299,2978,12,5835,-230,6290,745,430955,27,13400,7083,"East TN",2455501,142.129854559212,0.109556903191536,121.278712572302,21.462015287308,256.159537300127,10.9556903191536
2021-10-27,443701,621,341874,390,101827,231,375743,424,2364177,4197,2739920,4621,10,5845,-94,6196,705,431660,20,13420,7103,"East TN",2455501,136.34692064878,0.104105960264901,188.189701409203,25.2901546364673,252.331397950968,10.4105960264901
2021-10-28,444117,416,342127,253,101990,163,376034,291,2366974,2797,2743008,3088,16,5861,-204,5992,604,432264,15,13435,7117,"East TN",2455501,127.713244669825,0.100739713361073,125.758450108552,16.9415528643645,244.023521065559,10.0739713361073
2021-10-29,444577,460,342432,305,102145,155,376367,333,2370492,3518,2746859,3851,4,5865,-155,5837,611,432875,10,13445,7132,"East TN",2455501,124.210904414211,0.0966759128734482,156.831538655452,18.7334478788646,237.711163628115,9.66759128734482
2021-10-30,444840,263,342632,200,102208,63,376596,229,2373066,2574,2749662,2803,0,5865,-148,5689,411,433286,15,13460,7146,"East TN",2455501,120.301315291666,0.0940549331405855,114.151857400995,10.7106452003074,231.683880397524,9.40549331405855
2021-10-31,445011,171,342758,126,102253,45,376742,146,2374691,1625,2751433,1771,0,5865,-225,5464,396,433682,4,13464,7155,"East TN",2455501,117.328398563063,0.0931511873109013,72.1237743336289,6.96395562453446,222.520780891557,9.31511873109013
2021-11-01,445606,595,343116,358,102490,237,377132,390,2377809,3118,2754941,3508,14,5879,-186,5278,767,434449,21,13485,7165,"East TN",2455501,124.333079074291,0.0950928381962865,142.862902519689,24.2313075824445,214.945951966625,9.50928381962865
2021-11-02,446018,412,343332,216,102686,196,377357,225,2380020,2211,2757377,2436,25,5904,-187,5091,574,435023,14,13499,7185,"East TN",2455501,119.649717104575,0.0923090859679319,99.2058239845962,16.7786533175918,207.330398155,9.23090859679319
2021-11-03,446592,574,343707,375,102885,199,377750,393,2384598,4578,2762348,4971,6,5910,82,5173,486,435509,14,13513,7197,"East TN",2455501,117.735647429995,0.0894863563402889,202.443411751818,23.3760849618876,210.669838863841,8.94863563402889
2021-11-04,447012,420,344007,300,103005,120,378080,330,2388134,3536,2766214,3866,13,5923,-69,5104,476,435985,8,13521,7205,"East TN",2455501,117.898546976768,0.0881668533999828,157.442411955849,17.1044524111373,207.859821682011,8.81668533999828
2021-11-05,447446,434,344290,283,103156,151,378404,324,2391716,3582,2770120,3906,2,5925,21,5125,411,436396,13,13534,7209,"East TN",2455501,116.839699922745,0.0875714715618417,159.071407423577,17.6746008248419,208.715044302568,8.75714715618417
2021-11-06,447679,233,344460,170,103219,63,378592,188,2393956,2240,2772548,2428,0,5925,-86,5039,319,436715,13,13547,7216,"East TN",2455501,115.617953321949,0.0872148911998602,98.8800248910507,9.48889859951187,205.212704046954,8.72148911998602
2021-11-07,447878,199,344585,125,103293,74,378746,154,2395858,1902,2774604,2056,6,5931,-125,4914,318,437033,6,13553,7225,"East TN",2455501,116.758250149359,0.0864874196193518,83.7303670411863,8.10425245194362,200.122093210306,8.64874196193518
2021-11-08,448420,542,344930,345,103490,197,379132,386,2399391,3533,2778523,3919,25,5956,-26,4888,543,437576,24,13577,7235,"East TN",2455501,114.59983115462,0.0848104486472733,159.600830950588,22.0728885877057,199.063246156283,8.48104486472733
2021-11-09,449289,869,345544,614,103745,255,379933,801,2406667,7276,2786600,8077,10,5966,421,5309,438,438014,24,13601,7250,"East TN",2455501,133.211104373405,0.0881497450638196,328.934909820847,35.3899265363769,216.208423454114,8.81497450638196
2021-11-10,449918,629,345979,435,103939,194,380435,502,2411919,5252,2792354,5754,7,5973,179,5488,443,438457,25,13626,7260,"East TN",2455501,135.45097314153,0.0894821035792841,234.330998032581,25.6159537300127,223.498178172194,8.94821035792841
2021-11-11,450424,506,346359,380,104065,126,380839,404,2416209,4290,2797048,4694,5,5978,86,5574,415,438872,10,13636,7270,"East TN",2455501,138.953313397144,0.0894791463968347,191.162618137806,20.6067926667511,227.000518427808,8.94791463968347
2021-11-12,450908,484,346680,321,104228,163,381171,332,2419659,3450,2800830,3782,2,5980,122,5696,360,439232,19,13655,7279,"East TN",2455501,140.989557731803,0.0901009443178118,154.021521473622,19.7108451595011,231.968954604376,9.01009443178118
2021-11-13,451146,238,346820,140,104326,98,381320,149,2421658,1999,2802978,2148,4,5984,-100,5596,334,439566,10,13665,7287,"East TN",2455501,141.193182165269,0.0896483733158068,87.4770566169592,9.69252303297779,227.896465935058,8.96483733158068
2021-11-14,451507,361,347134,314,104373,47,381664,344,2424637,2979,2806301,3323,1,5985,58,5654,302,439868,12,13677,7293,"East TN",2455501,147.790613809565,0.0920591854118686,135.32879848145,14.7016840962394,230.258509363262,9.20591854118686
2021-11-15,452084,577,347421,287,104663,290,381965,301,2427405,2768,2809370,3069,26,6011,-31,5623,582,440450,18,13695,7296,"East TN",2455501,149.215984843826,0.0918403734560897,124.984677261382,23.4982596219672,228.996037875774,9.18403734560897
2021-11-16,452756,672,347848,427,104908,245,382425,460,2431012,3607,2813437,4067,24,6035,179,5802,469,440919,13,13708,7302,"East TN",2455501,141.193182165269,0.0928568767000783,165.628114181179,27.3671238578196,236.285792593854,9.28568767000782
2021-11-17,453470,714,348312,464,105158,250,382934,509,2435658,4646,2818592,5155,5,6040,300,6102,409,441328,26,13734,7307,"East TN",2455501,144.65479753419,0.0952435399039561,209.936790903364,29.0775690989334,248.503258601809,9.52435399039561
2021-11-18,454098,628,348721,409,105377,219,383412,478,2440521,4863,2823933,5341,12,6052,180,6282,436,441764,19,13753,7313,"East TN",2455501,149.623233710758,0.0957039241212572,217.511619828296,25.5752288433196,255.833738206582,9.57039241212572
2021-11-19,454711,613,349160,439,105551,174,383872,460,2444995,4474,2828867,4934,7,6059,215,6497,391,442155,13,13766,7316,"East TN",2455501,154.876744094179,0.0963369832721047,200.93659094417,24.9643555429218,264.589588845616,9.63369832721047
2021-11-20,455032,321,349405,245,105627,76,384159,287,2447699,2704,2831858,2991,0,6059,21,6518,300,442455,14,13780,7321,"East TN",2455501,158.256909689713,0.098303324099723,121.808136099313,13.0726886285121,265.444811466173,9.8303324099723
2021-11-21,455296,264,349557,152,105739,112,384323,164,2449183,1484,2833506,1648,9,6068,-94,6424,349,442804,9,13789,7328,"East TN",2455501,154.306595680474,0.0977393861422533,67.1146132703672,10.7513700870006,261.616672117014,9.77393861422533
2021-11-22,456051,755,350050,493,106001,262,384835,512,2453051,3868,2837886,4380,21,6089,156,6580,578,443382,38,13827,7332,"East TN",2455501,161.555625511861,0.10064525178847,178.375003716146,30.7472894533539,267.969754441151,10.064525178847
2021-11-23,456728,677,350514,464,106214,213,385325,490,2456352,3301,2841677,3791,21,6110,121,6701,535,443917,17,13844,7335,"East TN",2455501,161.759249945327,0.102691218130312,154.388045453861,27.5707482912856,272.897465731026,10.2691218130312
2021-11-24,457464,736,351039,525,106425,211,385898,573,2460380,4028,2846278,4601,6,6116,253,6954,477,444394,20,13864,7339,"East TN",2455501,162.655197452577,0.107057718702593,187.37520367534,29.9735166061834,283.200862064402,10.7057718702593
2021-11-25,457750,286,351196,157,106554,129,386071,173,2462016,1636,2848087,1809,1,6117,-199,6755,484,444878,8,13872,7344,"East TN",2455501,148.727286203508,0.11008528608098,73.6713200279699,11.6473175942506,275.096609612458,11.008528608098
2021-11-26,457982,232,351398,202,106584,30,386314,243,2463693,1677,2850007,1920,1,6118,-289,6466,520,445398,16,13888,7346,"East TN",2455501,133.211104373405,0.115515610217597,78.1917824509133,9.44817371281869,263.327117358128,11.5515610217597
2021-11-27,458266,284,351623,225,106643,59,386568,254,2465288,1595,2851856,1849,0,6118,-97,6369,381,445779,12,13900,7353,"East TN",2455501,131.704283565757,0.12046204620462,75.3003154956972,11.5658678208643,259.376803348889,12.046204620462
2021-11-28,458580,314,351833,210,106747,104,386785,217,2466798,1510,2853583,1727,7,6125,-112,6257,419,446198,18,13918,7359,"East TN",2455501,133.740527900416,0.122627882651791,70.3318793191288,12.7876144216598,254.815616039252,12.2627882651791
2021-11-29,459679,1099,352537,704,107142,395,387523,738,2471346,4548,2858869,5286,19,6144,433,6690,647,446845,31,13949,7363,"East TN",2455501,147.749888922872,0.128103702997665,215.271751060171,44.7566504758092,272.449491977401,12.8103702997665
2021-11-30,460517,838,353037,500,107480,338,388028,505,2474713,3367,2862741,3872,64,6208,185,6875,589,447434,25,13974,7371,"East TN",2455501,154.306595680474,0.128323205469047,157.686761276008,34.1274550488882,279.98359601564,12.8323205469047
2021-12-01,461604,1087,353802,765,107802,322,388835,807,2479886,5173,2868721,5980,48,6256,503,7378,536,447970,27,14001,7382,"East TN",2455501,168.601030909782,0.130864857639353,243.53482242524,44.267951835491,300.468214022312,13.0864857639353
2021-12-02,462507,903,354422,620,108085,283,389501,666,2484547,4661,2874048,5327,39,6295,279,7657,585,448555,16,14017,7393,"East TN",2455501,193.728285999476,0.132121258811294,216.941471414591,36.7745726839452,311.83045740971,13.2121258811294
2021-12-03,463525,1018,355152,730,108373,288,390283,782,2489525,4978,2879808,5760,21,6316,516,8173,481,449036,19,14036,7399,"East TN",2455501,225.738046940319,0.133183450219791,234.57534735274,41.4579346536613,332.844498943393,13.3183450219791
2021-12-04,463948,423,355482,330,108466,93,390664,381,2492277,2752,2882941,3133,3,6319,23,8196,397,449433,21,14057,7405,"East TN",2455501,231.398806190671,0.131767733633585,127.591070009745,17.2266270712168,333.781171337336,13.1767733633585
2021-12-05,464333,385,355690,208,108643,177,390895,231,2494209,1932,2885104,2163,12,6331,-30,8166,403,449836,10,14067,7409,"East TN",2455501,234.290273145888,0.13038926429999,88.087929917357,15.6790813768758,332.559424736541,13.038926429999
2021-12-06,465287,954,356332,642,108955,312,391585,690,2498393,4184,2889978,4874,69,6400,134,8300,751,450587,22,14089,7418,"East TN",2455501,228.385164575376,0.13057314603491,198.493097742579,38.8515419052975,338.016559553427,13.057314603491
2021-12-07,466127,840,356862,530,109265,310,392125,540,2501870,3477,2893995,4017,8,6408,215,8515,617,451204,15,14104,7422,"East TN",2455501,228.466614348762,0.131087220835733,163.59186984652,34.2089048222746,346.772410192462,13.1087220835733
2021-12-08,467175,1048,357486,624,109689,424,392782,657,2506486,4616,2899268,5273,5,6413,448,8963,595,451799,17,14121,7430,"East TN",2455501,226.878343767728,0.129210724457394,214.742327533159,42.6796812544568,365.017159431008,12.9210724457394
2021-12-09,468093,918,358096,610,109997,308,393446,664,2511463,4977,2904909,5641,19,6432,540,9503,359,452158,18,14139,7440,"East TN",2455501,227.489217068126,0.127831243316808,229.729085836251,37.3854459843429,387.008598245328,12.7831243316808
2021-12-10,468887,794,358639,543,110248,251,394047,601,2515973,4510,2910020,5111,5,6437,165,9668,624,452782,12,14151,7445,"East TN",2455501,218.366842448853,0.124586257116378,208.144895888863,32.3355600343881,393.728204549703,12.4586257116378
2021-12-11,469284,397,358922,283,110362,114,394372,325,2518895,2922,2913267,3247,0,6437,-164,9504,561,453343,9,14160,7451,"East TN",2455501,217.30799539483,0.122271318340698,132.233707092768,16.167780017194,387.049323132021,12.2271318340698
2021-12-12,469716,432,359181,259,110535,173,394666,294,2521414,2519,2916080,2813,9,6446,-121,9383,544,453887,11,14171,7456,"East TN",2455501,219.222065069409,0.121739411157025,114.559106267927,17.5931510514555,382.121611842145,12.1739411157025
2021-12-13,470600,884,359748,567,110852,317,395269,603,2526016,4602,2921285,5205,24,6470,-156,9227,1016,454903,11,14182,7462,"East TN",2455501,216.371323000887,0.117673363784457,211.973035238023,36.0007998367747,375.768529518009,11.7673363784457
2021-12-14,471357,757,360198,450,111159,307,395752,483,2530039,4023,2925791,4506,36,6506,-103,9124,824,455727,12,14194,7467,"East TN",2455501,212.991157405352,0.114070952321047,183.506339439487,30.8287392267403,371.573866188611,11.4070952321047
2021-12-15,472227,870,360782,584,111445,286,396380,628,2534842,4803,2931222,5431,19,6525,30,9154,821,456548,15,14209,7475,"East TN",2455501,205.742127573966,0.112599361582275,221.176859630682,35.4306514230701,372.795612789406,11.2599361582275
2021-12-16,473026,799,361281,499,111745,300,396924,544,2538662,3820,2935586,4364,19,6544,61,9215,719,457267,12,14221,7484,"East TN",2455501,200.895866057477,0.113374841086156,177.723405529055,32.539184467854,375.279830877691,11.3374841086156
2021-12-17,473839,813,361811,530,112028,283,397507,583,2543330,4668,2940837,5251,24,6568,105,9320,684,457951,10,14231,7492,"East TN",2455501,201.669638904647,0.112275691988188,213.846380025909,33.1093328815586,379.555943980475,11.2275691988188
2021-12-18,474411,572,362184,373,112227,199,397933,426,2546675,3345,2944608,3771,0,6568,56,9376,516,458467,7,14238,7498,"East TN",2455501,208.796494075954,0.11362113525414,153.573547719997,23.2946351885012,381.836537635293,11.362113525414
2021-12-19,474833,422,362460,276,112373,146,398245,312,2549338,2663,2947583,2975,6,6574,-140,9236,556,459023,7,14245,7503,"East TN",2455501,208.389245209023,0.11360822778783,121.156537912222,17.1859021845236,376.135053498247,11.360822778783
2021-12-20,475768,935,363071,611,112697,324,398882,637,2553300,3962,2952182,4599,40,6614,21,9257,874,459897,8,14253,7508,"East TN",2455501,210.466214430375,0.116936919442017,187.293753901953,38.077769058127,376.990276118804,11.6936919442017
2021-12-21,476770,1002,363694,623,113076,379,399544,662,2557683,4383,2957227,5045,31,6645,156,9413,815,460712,7,14260,7514,"East TN",2455501,220.443811670205,0.120626033846545,205.457053367113,40.8063364665704,383.343358442941,12.0626033846545
2021-12-22,478242,1472,364384,690,113858,782,400279,735,2562023,4340,2962302,5075,874,7519,-175,9238,773,461485,3,14263,7515,"East TN",2455501,244.960193459502,0.12545045045045,206.678799967909,59.9470332123668,376.216503271634,12.545045045045
