"DATE","TOTAL_CASES","NEW_CASES","TOTAL_CONFIRMED","NEW_CONFIRMED","TOTAL_PROBABLE","NEW_PROBABLE","POS_TESTS","NEW_POS_TESTS","NEG_TESTS","NEW_NEG_TESTS","TOTAL_TESTS","NEW_TESTS","NEW_DEATHS","TOTAL_DEATHS","NEW_HOSPITALIZED","TOTAL_HOSPITALIZED","TOTAL_DEATHS_BY_DOD","NEW_DEATHS_BY_DOD","Region","Population","New_cases_per_100k_per_week","PositivityRate_per_week","Tests_per_100k","New_cases_per_100k","PositivityPercentage_per_week"
2022-07-23,138137,110,105504,53,32633,57,113964,59,573739,144,687703,203,0,1436,0,2780,1436,0,"Knox County",470313,NA,NA,43.162744810371,23.3886794538956,NA
2022-07-22,138027,263,105451,180,32576,83,113905,188,573595,312,687500,500,0,1436,0,2780,1436,0,"Knox County",470313,NA,NA,106.312179335889,55.9202063306777,NA
2022-07-21,137764,287,105271,168,32493,119,113717,179,573283,356,687000,535,0,1436,0,2780,1436,0,"Knox County",470313,NA,NA,113.754031889401,61.0231909388003,NA
2022-07-20,137477,222,105103,141,32374,81,113538,151,572927,319,686465,470,5,1436,0,2780,1436,0,"Knox County",470313,NA,NA,99.9334485757357,47.2026076251348,NA
2022-07-19,137255,223,104962,138,32293,85,113387,147,572608,235,685995,382,1,1431,0,2780,1436,0,"Knox County",470313,NA,NA,81.2225050126193,47.4152319838065,NA
2022-07-18,137032,345,104824,204,32208,141,113240,231,572373,389,685613,620,1,1430,0,2780,1436,0,"Knox County",470313,NA,NA,131.827102376502,73.3554037417635,NA
2022-07-17,136687,76,104620,62,32067,14,113009,68,571984,87,684993,155,0,1429,0,2780,1436,1,"Knox County",470313,324.464771333133,0.357068062827225,32.9567755941256,16.1594512590551,35.7068062827225
2022-07-16,136611,102,104558,63,32053,39,112941,68,571897,125,684838,193,1,1429,0,2780,1435,2,"Knox County",470313,322.763776463759,0.361471103327496,41.0365012236532,21.6876845845214,36.1471103327496
2022-07-15,136509,188,104495,116,32014,72,112873,129,571772,330,684645,459,0,1428,1,2780,1433,0,"Knox County",470313,306.816949563376,0.345771144278607,97.5945806303462,39.9733794302943,34.5771144278607
2022-07-14,136321,206,104379,138,31942,68,112744,145,571442,240,684186,385,1,1428,0,2779,1433,2,"Knox County",470313,289.594376510962,0.352477477477477,81.8603780886346,43.8006178863863,35.2477477477478
2022-07-13,136115,265,104241,168,31874,97,112599,179,571202,322,683801,501,0,1427,0,2779,1431,0,"Knox County",470313,298.737223933848,0.358812615955473,106.524803694561,56.3454550480212,35.8812615955473
2022-07-12,135850,233,104073,160,31777,73,112420,169,570880,294,683300,463,4,1427,0,2779,1431,1,"Knox County",470313,300.863467520566,0.356268011527378,98.4450780650333,49.5414755705243,35.6268011527378
2022-07-11,135617,197,103913,134,31704,63,112251,142,570586,256,682837,398,0,1423,1,2779,1430,0,"Knox County",470313,269.395062437143,0.352388410336727,84.6244947513677,41.8869986583403,35.2388410336727
2022-07-10,135420,83,103779,43,31641,40,112109,42,570330,88,682439,130,0,1423,1,2778,1430,1,"Knox County",470313,270.883432947845,0.345591142744168,27.6411666273312,17.6478217697576,34.5591142744168
2022-07-09,135337,118,103736,78,31601,40,112067,78,570242,106,682309,184,0,1423,0,2777,1429,1,"Knox County",470313,274.285422686594,0.350793650793651,39.1228819956072,25.0896743232698,35.0793650793651
2022-07-08,135219,193,103658,124,31561,69,111989,132,570136,304,682125,436,1,1423,0,2777,1428,0,"Knox County",470313,275.348544479953,0.355226271525831,92.7042203808953,41.0365012236532,35.5226271525831
2022-07-07,135026,180,103534,104,31492,76,111857,109,569832,204,681689,313,0,1422,0,2777,1428,4,"Knox County",470313,269.820311154486,0.350927835051546,66.5514242642666,38.2723845609201,35.0927835051546
2022-07-06,134846,226,103430,156,31416,70,111748,158,569628,228,681376,386,3,1422,1,2777,1424,0,"Knox County",470313,261.527961166287,0.359307359307359,82.0730024473064,48.0531050598219,35.9307359307359
2022-07-05,134620,163,103274,118,31346,45,111590,122,569400,118,680990,240,0,1419,1,2776,1424,1,"Knox County",470313,246.644256059263,0.375179683756588,51.0298460812268,34.6577704634998,37.5179683756588
2022-07-04,134457,79,103156,44,31301,35,111468,47,569282,123,680750,170,1,1419,1,2775,1423,0,"Knox County",470313,221.554581735993,0.370091447014524,36.1461409742023,16.7973243350705,37.0091447014524
2022-07-03,134378,105,103112,65,31266,40,111421,69,569159,159,680580,228,0,1418,0,2774,1423,0,"Knox County",470313,226.232317626772,0.365355135411344,48.4783537771654,22.3255576605367,36.5355135411344
2022-07-02,134273,108,103047,75,31226,33,111352,79,569000,200,680352,279,0,1418,0,2774,1423,2,"Knox County",470313,224.106074040054,0.348927875243665,59.3221960694261,22.963430736552,34.8927875243665
2022-07-01,134165,180,102972,123,31193,57,111273,130,568800,318,680073,448,0,1418,0,2774,1421,1,"Knox County",470313,221.341957377321,0.34593023255814,95.2557126849566,38.2723845609201,34.593023255814
2022-06-30,133985,193,102849,118,31136,75,111143,124,568482,306,679625,430,1,1418,2,2774,1420,1,"Knox County",470313,224.106074040054,0.334250343878955,91.4284742288646,41.0365012236532,33.4250343878955
2022-06-29,133792,182,102731,120,31061,62,111019,131,568176,244,679195,375,2,1417,0,2772,1419,1,"Knox County",470313,214.750602258496,0.323502304147465,79.7341345019168,38.6976332782636,32.3502304147465
2022-06-28,133610,182,102611,115,30999,67,110888,122,567932,265,678820,387,1,1415,0,2772,1418,0,"Knox County",470313,218.79046507326,0.302977988778593,82.2856268059781,38.6976332782636,30.2977988778593
2022-06-27,133428,142,102496,99,30932,43,110766,101,567667,167,678433,268,0,1414,0,2772,1418,0,"Knox County",470313,232.185799669582,0.31304347826087,56.9833281240365,30.1926589313925,31.304347826087
2022-06-26,133286,89,102397,57,30889,32,110665,62,567500,168,678165,230,0,1414,0,2772,1418,0,"Knox County",470313,228.783809930833,0.30988829127017,48.903602494509,18.9235679217883,30.988829127017
2022-06-25,133197,104,102340,60,30857,44,110603,71,567332,203,677935,274,0,1414,0,2772,1418,0,"Knox County",470313,227.933312496146,0.307213930348259,58.2590742760672,22.1129333018649,30.7213930348259
2022-06-24,133093,145,102280,119,30813,26,110532,128,567129,386,677661,514,0,1414,1,2772,1418,2,"Knox County",470313,220.491459942634,0.298224374495561,109.288920357294,30.8305320074078,29.8224374495561
2022-06-23,132948,185,102161,128,30787,57,110404,136,566743,304,677147,440,1,1414,1,2771,1416,0,"Knox County",470313,218.79046507326,0.301848874598071,93.5547178155824,39.335506354279,30.1848874598071
2022-06-22,132763,182,102033,127,30730,55,110268,131,566439,332,676707,463,0,1413,0,2770,1416,0,"Knox County",470313,218.79046507326,0.291537267080745,98.4450780650333,38.6976332782636,29.1537267080745
2022-06-21,132581,177,101906,87,30675,90,110137,95,566107,175,676244,270,1,1413,1,2770,1416,0,"Knox County",470313,217.727343279901,0.294428629524197,57.4085768413801,37.6345114849047,29.4428629524197
2022-06-20,132404,120,101819,84,30585,36,110042,91,565932,157,675974,248,0,1412,0,2769,1416,1,"Knox County",470313,213.049607389122,0.292742927429274,52.730840950601,25.5149230406134,29.2742927429274
2022-06-19,132284,90,101735,60,30549,30,109951,65,565775,198,675726,263,0,1412,0,2769,1415,0,"Knox County",470313,213.262231747793,0.29004854368932,55.9202063306777,19.13619228046,29.004854368932
2022-06-18,132194,99,101675,81,30519,18,109886,87,565577,194,675463,281,-1,1412,0,2769,1415,0,"Knox County",470313,212.199109954435,0.295683743444937,59.7474447867697,21.049811508506,29.5683743444937
2022-06-17,132095,133,101594,84,30501,49,109799,89,565383,254,675182,343,3,1413,2,2769,1415,1,"Knox County",470313,209.647617650373,0.300693240901213,72.9301550244199,28.2790397033465,30.0693240901213
2022-06-16,131962,138,101510,104,30452,34,109710,108,565129,301,674839,409,1,1410,0,2767,1414,0,"Knox County",470313,199.6542727928,0.292490118577075,86.9633626967573,29.3421614967054,29.2490118577075
2022-06-15,131824,113,101406,81,30418,32,109602,85,564828,264,674430,349,0,1409,0,2767,1414,1,"Knox County",470313,184.983192044447,0.286638927415626,74.2059011764506,24.0265525299109,28.6638927415626
2022-06-14,131711,170,101325,106,30386,64,109517,114,564564,244,674081,358,2,1409,0,2767,1413,0,"Knox County",470313,183.494821533745,0.283873833851622,76.1195204044966,36.1461409742023,28.3873833851622
2022-06-13,131541,117,101219,71,30322,46,109403,71,564320,150,673723,221,1,1407,0,2767,1413,2,"Knox County",470313,182.856948457729,0.278327338129496,46.989983266463,24.877049964598,27.8327338129496
2022-06-12,131424,79,101148,44,30276,35,109332,48,564170,129,673502,177,1,1406,1,2767,1411,1,"Knox County",470313,180.51808051234,0.281571562207671,37.6345114849047,16.7973243350705,28.1571562207671
2022-06-11,131345,102,101104,81,30241,21,109284,93,564041,227,673325,320,0,1405,0,2766,1410,0,"Knox County",470313,181.155953588355,0.279283417547083,68.039794774969,21.6876845845214,27.9283417547083
2022-06-10,131243,122,101023,76,30220,46,109191,88,563814,368,673005,456,0,1405,1,2766,1410,0,"Knox County",470313,178.817085642965,0.265065502183406,96.9567075543308,25.9401717579569,26.5065502183406
2022-06-09,131121,161,100947,107,30174,54,109103,114,563446,330,672549,444,1,1405,0,2765,1410,0,"Knox County",470313,183.707445892416,0.263655913978495,94.4052152502695,34.2325217461563,26.3655913978495
2022-06-08,130960,150,100840,100,30120,50,108989,116,563116,324,672105,440,0,1404,0,2765,1410,0,"Knox County",470313,191.574547163272,0.266556291390728,93.5547178155824,31.8936538007667,26.6556291390728
2022-06-07,130810,121,100740,70,30070,51,108873,71,562792,169,671665,240,0,1404,0,2765,1410,0,"Knox County",470313,181.155953588355,0.261531766753699,51.0298460812268,25.7275473992852,26.1531766753699
2022-06-06,130689,116,100670,79,30019,37,108802,81,562623,280,671425,361,0,1404,1,2765,1410,0,"Knox County",470313,180.943329229683,0.250615258408532,76.7573934805119,24.6644256059263,25.0615258408532
2022-06-05,130573,75,100591,54,29982,21,108721,57,562343,233,671064,290,3,1404,1,2764,1410,0,"Knox County",470313,180.092831794996,0.243041944335555,61.6610640148157,15.9468269003834,24.3041944335555
2022-06-04,130498,86,100537,72,29961,14,108664,76,562110,300,670774,376,0,1401,0,2763,1410,1,"Knox County",470313,176.690842056248,0.231300345224396,79.9467588605886,18.2856948457729,23.1300345224396
2022-06-03,130412,132,100465,90,29947,42,108588,96,561810,346,670398,442,0,1401,1,2763,1409,3,"Knox County",470313,178.817085642965,0.235634400308523,93.9799665329259,28.0664153446747,23.5634400308523
2022-06-02,130280,114,100375,88,29905,26,108492,96,561464,284,669956,380,0,1401,0,2762,1406,0,"Knox County",470313,168.823740785392,0.234480031633057,80.7972562952757,24.2391768885827,23.4480031633057
2022-06-01,130166,169,100287,90,29879,79,108396,105,561180,303,669576,408,1,1401,1,2762,1406,0,"Knox County",470313,172.863603600156,0.233079695634762,86.7507383380855,35.9335166155305,23.3079695634762
2022-05-31,129997,129,100197,94,29800,35,108291,96,560877,214,669168,310,0,1400,2,2761,1406,0,"Knox County",470313,174.56459846953,0.236462797039346,65.9135511882512,27.4285422686594,23.6462797039346
2022-05-30,129868,57,100103,32,29765,25,108195,36,560663,118,668858,154,0,1400,3,2759,1406,0,"Knox County",470313,162.019761307895,0.238135593220339,32.7441512354538,12.1195884442914,23.8135593220339
2022-05-29,129811,56,100071,43,29740,13,108159,46,560545,200,668704,246,0,1400,0,2756,1406,1,"Knox County",470313,157.979898493131,0.237910189982729,52.3055922332574,11.9069640856196,23.7910189982729
2022-05-28,129755,69,100028,56,29727,13,108113,58,560345,229,668458,287,0,1400,0,2756,1405,0,"Knox County",470313,154.365284395711,0.23933542882802,61.0231909388003,14.6710807483527,23.933542882802
2022-05-27,129686,98,99972,66,29714,32,108055,67,560116,417,668171,484,2,1400,2,2756,1405,0,"Knox County",470313,147.13605620087,0.222124283825474,102.910189597141,20.8371871498343,22.2124283825474
2022-05-26,129588,102,99906,78,29682,24,107988,82,559699,367,667687,449,1,1398,3,2754,1405,1,"Knox County",470313,144.584563896809,0.209580838323353,95.4683370436284,21.6876845845214,20.9580838323353
2022-05-25,129486,108,99828,79,29658,29,107906,86,559332,264,667238,350,2,1397,0,2751,1404,1,"Knox County",470313,131.614478017831,0.206578947368421,74.4185255351224,22.963430736552,20.6578947368421
2022-05-24,129378,106,99749,68,29629,38,107820,73,559068,281,666888,354,0,1395,1,2751,1403,0,"Knox County",470313,126.72411776838,0.192771084337349,75.2690229698095,22.5381820192085,19.2771084337349
2022-05-23,129272,107,99681,71,29591,36,107747,70,558787,337,666534,407,1,1395,2,2750,1403,0,"Knox County",470313,137.355335701969,0.187039192859915,86.5381139794137,22.7508063778803,18.7039192859915
2022-05-22,129165,47,99610,38,29555,9,107677,40,558450,180,666127,220,1,1394,2,2748,1403,0,"Knox County",470313,135.441716473923,0.186593492747942,46.7773589077912,9.99334485757357,18.6593492747942
2022-05-21,129118,55,99572,45,29546,10,107637,49,558270,208,665907,257,0,1393,3,2746,1403,0,"Knox County",470313,132.464975452518,0.185243950813169,54.644460178647,11.6943397269478,18.5243950813169
2022-05-20,129063,87,99527,59,29536,28,107588,63,558062,225,665650,288,0,1393,1,2743,1403,0,"Knox County",470313,130.126107507128,0.199139784946237,61.2358152974721,18.4983192044447,19.9139784946237
2022-05-19,128976,95,99468,67,29508,28,107525,69,557837,254,665362,323,6,1393,1,2742,1403,0,"Knox County",470313,128.637736996426,0.204638472032742,68.6776678509843,20.1993140738189,20.4638472032742
2022-05-18,128881,82,99401,54,29480,28,107456,56,557583,239,665039,295,1,1387,1,2741,1403,0,"Knox County",470313,123.10950367096,0.19589552238806,62.7241858081746,17.4351974110858,19.589552238806
2022-05-17,128799,80,99347,51,29452,29,107400,54,557344,315,664744,369,2,1386,0,2740,1403,0,"Knox County",470313,117.581270345493,0.185734136174155,78.4583883498861,17.0099486937423,18.5734136174155
2022-05-16,128719,64,99296,39,29423,25,107346,39,557029,254,664375,293,0,1384,1,2740,1403,1,"Knox County",470313,108.438422922607,0.180929095354523,62.298937090831,13.6079589549938,18.0929095354523
2022-05-15,128655,39,99257,25,29398,14,107307,27,556775,174,664082,201,0,1384,1,2739,1402,0,"Knox County",470313,106.737428053233,0.176209279368213,42.7374960930274,8.29234998819935,17.6209279368213
2022-05-14,128616,29,99232,21,29384,8,107280,22,556601,145,663881,167,0,1384,1,2738,1402,0,"Knox County",470313,101.209194727766,0.170454545454545,35.508267898187,6.16610640148157,17.0454545454545
2022-05-13,128587,77,99211,55,29376,22,107258,58,556456,251,663714,309,-3,1384,0,2737,1402,1,"Knox County",470313,99.0829511410486,0.166070516096065,65.7009268295794,16.3720756177269,16.6070516096065
2022-05-12,128510,72,99156,45,29354,27,107200,49,556205,301,663405,350,1,1387,0,2737,1401,1,"Knox County",470313,94.1925908915977,0.153729838709677,74.4185255351224,15.308953824368,15.3729838709677
2022-05-11,128438,47,99111,33,29327,14,107151,35,555904,177,663055,212,0,1386,0,2737,1400,0,"Knox County",470313,86.7507383380855,0.149395055234087,45.076364038417,9.99334485757357,14.9395055234087
2022-05-10,128391,78,99078,40,29313,38,107116,43,555727,322,662843,365,1,1386,3,2737,1400,1,"Knox County",470313,86.3254896207419,0.143911439114391,77.607890915199,16.5846999763987,14.3911439114391
2022-05-09,128313,54,99038,31,29275,23,107073,32,555405,181,662478,213,0,1385,1,2734,1399,0,"Knox County",470313,84.1992460340242,0.146395156851954,45.2889883970888,11.481715368276,14.6395156851954
2022-05-08,128259,31,99007,23,29252,8,107041,24,555224,133,662265,157,0,1385,0,2733,1399,0,"Knox County",470313,82.4982511646499,0.148336153412296,33.3820243114692,6.59135511882512,14.8336153412296
2022-05-07,128228,17,98984,10,29244,7,107017,13,555091,174,662108,187,0,1385,0,2733,1399,0,"Knox County",470313,79.9467588605886,0.141662018962632,39.7607550716225,3.61461409742023,14.1662018962632
2022-05-06,128211,51,98974,30,29237,21,107004,34,554917,209,661921,243,0,1385,1,2733,1399,1,"Knox County",470313,74.4185255351224,0.13317892298784,51.6677191572421,10.8438422922607,13.317892298784
2022-05-05,128160,48,98944,31,29216,17,106970,34,554708,185,661678,219,1,1385,0,2732,1398,0,"Knox County",470313,69.3155409269997,0.134711779448622,46.5647345491194,10.2059692162454,13.4711779448622
2022-05-04,128112,54,98913,35,29199,19,106936,38,554523,249,661459,287,1,1384,0,2732,1398,0,"Knox County",470313,70.8039114377021,0.130460801915021,61.0231909388003,11.481715368276,13.0460801915021
2022-05-03,128058,34,98878,21,29180,13,106898,24,554274,145,661172,169,0,1383,0,2732,1398,1,"Knox County",470313,61.4484396561439,0.134915254237288,35.9335166155305,7.22922819484046,13.4915254237288
2022-05-02,128024,37,98857,28,29167,9,106874,32,554129,190,661003,222,3,1383,2,2732,1397,0,"Knox County",470313,57.8338255587237,0.134097035040431,47.2026076251348,7.86710127085579,13.4097035040431
2022-05-01,127987,14,98829,9,29158,5,106842,9,553939,82,660781,91,0,1380,0,2730,1397,0,"Knox County",470313,54.2192114613034,0.129760225669958,19.3488166391318,2.97674102140489,12.9760225669958
2022-04-30,127973,18,98820,14,29153,4,106833,15,553857,141,660690,156,0,1380,0,2730,1397,0,"Knox County",470313,54.4318358199752,0.134102379235761,33.1693999527974,3.82723845609201,13.4102379235761
2022-04-29,127955,24,98806,14,29149,10,106818,13,553716,200,660534,213,0,1380,0,2730,1397,1,"Knox County",470313,48.6909781358372,0.121591746499632,45.2889883970888,5.10298460812268,12.1591746499632
2022-04-28,127931,32,98792,25,29139,7,106805,26,553516,226,660321,252,1,1380,0,2730,1396,0,"Knox County",470313,45.2889883970887,0.11294964028777,53.5813383852881,6.8039794774969,11.294964028777
2022-04-27,127899,34,98767,24,29132,10,106779,26,553290,181,660069,207,0,1379,0,2730,1396,0,"Knox County",470313,41.0365012236532,0.110687022900763,44.0132422450581,7.22922819484046,11.0687022900763
2022-04-26,127865,41,98743,21,29122,20,106753,21,553109,240,659862,261,0,1379,0,2730,1396,0,"Knox County",470313,42.5248717343556,0.101283880171184,55.4949576133341,8.7175987055429,10.1283880171184
2022-04-25,127824,61,98722,16,29102,45,106732,17,552869,101,659601,118,0,1379,2,2730,1396,1,"Knox County",470313,47.6278563424783,0.0978428351309707,25.0896743232698,12.9700858789785,9.78428351309707
2022-04-24,127763,15,98706,11,29057,4,106715,12,552768,148,659483,160,1,1379,0,2728,1395,1,"Knox County",470313,47.8404807011501,0.0950987564008778,34.0198973874845,3.18936538007667,9.50987564008778
2022-04-23,127748,12,98695,5,29053,7,106703,7,552620,197,659323,204,0,1378,0,2728,1394,0,"Knox County",470313,46.5647345491194,0.0862190812720848,43.3753691690427,2.55149230406134,8.62190812720848
2022-04-22,127736,25,98690,18,29046,7,106696,20,552423,210,659119,230,0,1378,0,2728,1394,0,"Knox County",470313,46.7773589077912,0.0900837988826816,48.903602494509,5.31560896679445,9.00837988826816
2022-04-21,127711,32,98672,23,29039,9,106676,23,552213,231,658889,254,0,1378,0,2728,1394,0,"Knox County",470313,46.7773589077912,0.0878661087866109,54.0065871026317,6.8039794774969,8.78661087866109
2022-04-20,127679,55,98649,32,29030,23,106653,34,551982,247,658635,281,1,1378,0,2728,1394,1,"Knox County",470313,51.2424704398985,0.0888594164456233,59.7474447867697,11.6943397269478,8.88594164456233
2022-04-19,127624,30,98617,16,29007,14,106619,17,551735,151,658354,168,0,1377,0,2728,1393,0,"Knox County",470313,48.903602494509,0.0918727915194346,35.7208922568587,6.37873076015334,9.18727915194346
2022-04-18,127594,38,98601,21,28993,17,106602,21,551584,117,658186,138,0,1377,1,2728,1393,0,"Knox County",470313,44.0132422450581,0.0933797909407666,29.3421614967054,8.07972562952757,9.33797909407665
2022-04-17,127556,16,98580,10,28976,6,106581,9,551467,101,658048,110,0,1377,0,2727,1393,1,"Knox County",470313,44.2258666037299,0.0945848375451264,23.3886794538956,3.40198973874845,9.45848375451263
2022-04-16,127540,10,98570,10,28970,0,106572,12,551366,126,657938,138,0,1377,0,2727,1392,0,"Knox County",470313,43.8006178863863,0.103108415466262,29.3421614967054,2.12624358671778,10.3108415466262
2022-04-15,127530,18,98560,13,28970,5,106560,13,551240,198,657800,211,0,1377,0,2727,1392,0,"Knox County",470313,42.3122473756839,0.0992307692307692,44.8637396797452,3.82723845609201,9.92307692307692
2022-04-14,127512,18,98547,5,28965,13,106547,6,551042,158,657589,164,1,1377,0,2727,1392,1,"Knox County",470313,39.335506354279,0.0925619834710744,34.8703948221716,3.82723845609201,9.25619834710744
2022-04-13,127494,40,98542,26,28952,14,106541,28,550884,209,657425,237,-1,1376,0,2727,1391,1,"Knox County",470313,36.1461409742023,0.0909090909090909,50.3919730052114,8.50497434687113,9.09090909090909
2022-04-12,127454,23,98516,6,28938,17,106513,8,550675,192,657188,200,5,1377,0,2727,1390,0,"Knox County",470313,34.6577704634998,0.0809682804674457,42.5248717343556,4.8903602494509,8.09682804674457
2022-04-11,127431,22,98510,13,28921,9,106505,13,550483,173,656988,186,1,1372,2,2727,1390,1,"Knox County",470313,31.2557807247514,0.0714285714285714,39.5481307129507,4.67773589077912,7.14285714285714
2022-04-10,127409,9,98497,7,28912,2,106492,7,550310,110,656802,117,0,1371,1,2725,1389,0,"Knox County",470313,29.7674102140489,0.0694333599361532,24.877049964598,1.913619228046,6.94333599361532
2022-04-09,127400,7,98490,5,28910,2,106485,5,550200,148,656685,153,0,1371,0,2724,1389,0,"Knox County",470313,29.1295371380336,0.0630914826498423,32.5315268767821,1.48837051070245,6.30914826498423
2022-04-08,127393,18,98485,15,28908,3,106480,16,550052,176,656532,192,1,1371,0,2724,1389,0,"Knox County",470313,29.1295371380336,0.066453162530024,40.8238768649814,3.82723845609201,6.6453162530024
2022-04-07,127375,16,98470,7,28905,9,106464,10,549876,181,656340,191,5,1370,0,2724,1389,0,"Knox County",470313,28.70428842069,0.0681818181818182,40.6112525063096,3.40198973874845,6.81818181818182
2022-04-06,127359,21,98463,14,28896,7,106454,16,549695,204,656149,220,-1,1365,0,2724,1389,2,"Knox County",470313,24.6644256059263,0.0595710881652105,46.7773589077912,4.46511153210734,5.95710881652105
2022-04-05,127338,15,98449,12,28889,3,106438,13,549491,198,655929,211,4,1366,0,2724,1387,2,"Knox County",470313,22.963430736552,0.062992125984252,44.8637396797452,3.18936538007667,6.2992125984252
2022-04-04,127323,16,98437,5,28886,11,106425,7,549293,158,655718,165,8,1362,2,2724,1385,0,"Knox County",470313,21.6876845845214,0.0592473979183347,35.0830191808434,3.40198973874845,5.92473979183347
2022-04-03,127307,5,98432,4,28875,1,106418,3,549135,75,655553,78,1,1354,0,2722,1385,1,"Knox County",470313,20.8371871498343,0.0578512396694215,16.5846999763987,1.06312179335889,5.78512396694215
2022-04-02,127302,3,98428,3,28874,0,106415,3,549060,116,655475,119,0,1353,0,2722,1384,1,"Knox County",470313,19.9866897151471,0.0578231292517007,25.3022986819416,0.637873076015334,5.78231292517007
2022-04-01,127299,19,98425,8,28874,11,106412,8,548944,231,655356,239,4,1353,0,2722,1383,0,"Knox County",470313,20.1993140738189,0.0490596892886345,50.817221722555,4.03986281476378,4.90596892886345
2022-03-31,127280,17,98417,7,28863,10,106404,8,548713,238,655117,246,3,1349,0,2722,1383,0,"Knox County",470313,20.4119384324907,0.0453834115805947,52.3055922332574,3.61461409742023,4.53834115805947
2022-03-30,127263,22,98410,10,28853,12,106396,9,548475,256,654871,265,0,1346,1,2722,1383,0,"Knox County",470313,20.6245627911625,0.0385487528344671,56.3454550480212,4.67773589077912,3.85487528344671
2022-03-29,127241,20,98400,8,28841,12,106387,9,548219,192,654606,201,2,1346,0,2721,1383,3,"Knox County",470313,21.6876845845214,0.0357958872810358,42.7374960930274,4.25248717343556,3.57958872810358
2022-03-28,127221,19,98392,12,28829,7,106378,16,548027,332,654405,348,3,1344,0,2721,1380,0,"Knox County",470313,22.3255576605367,0.0374331550802139,73.9932768177788,4.03986281476378,3.74331550802139
2022-03-27,127202,4,98380,3,28822,1,106362,3,547695,73,654057,76,0,1341,0,2721,1380,1,"Knox County",470313,22.1129333018649,0.037483266398929,16.1594512590551,0.850497434687113,3.7483266398929
2022-03-26,127198,9,98377,6,28821,3,106359,6,547622,166,653981,172,0,1341,1,2721,1379,1,"Knox County",470313,23.3886794538956,0.0381383322559793,36.5713896915458,1.913619228046,3.81383322559793
2022-03-25,127189,15,98371,7,28818,8,106353,8,547456,244,653809,252,0,1341,1,2720,1378,1,"Knox County",470313,22.5381820192085,0.0378205128205128,53.5813383852881,3.18936538007667,3.78205128205128
2022-03-24,127174,57,98364,9,28810,48,106345,10,547212,187,653557,197,1,1341,0,2719,1377,2,"Knox County",470313,31.0431563660796,0.0403706154864328,41.8869986583403,12.1195884442914,4.03706154864328
2022-03-23,127117,11,98355,6,28762,5,106335,6,547025,201,653360,207,0,1340,0,2719,1375,1,"Knox County",470313,28.70428842069,0.0399174122505162,44.0132422450581,2.33886794538956,3.99174122505162
2022-03-22,127106,16,98349,11,28757,5,106329,11,546824,150,653153,161,0,1340,1,2719,1374,4,"Knox County",470313,27.8537909860029,0.0424628450106157,34.2325217461563,3.40198973874845,4.24628450106157
2022-03-21,127090,13,98338,6,28752,7,106318,6,546674,125,652992,131,7,1340,1,2718,1370,0,"Knox County",470313,26.5780448339723,0.0418060200668896,27.8537909860029,2.76411666273312,4.18060200668896
2022-03-20,127077,12,98332,9,28745,3,106312,11,546549,98,652861,109,1,1333,0,2717,1370,0,"Knox County",470313,28.2790397033465,0.0471928397070789,23.1760550952238,2.55149230406134,4.71928397070789
2022-03-19,127065,11,98323,10,28742,1,106301,11,546451,175,652752,186,0,1332,0,2717,1370,0,"Knox County",470313,28.70428842069,0.0506838294448914,39.5481307129507,2.33886794538956,5.06838294448914
2022-03-18,127054,24,98313,15,28741,9,106290,14,546276,219,652566,233,0,1332,1,2717,1370,2,"Knox County",470313,30.6179076487361,0.0563725490196078,49.5414755705243,5.10298460812268,5.63725490196078
2022-03-17,127030,36,98298,25,28732,11,106276,31,546057,209,652333,240,1,1332,0,2716,1368,2,"Knox County",470313,26.1527961166287,0.0710339384372533,51.0298460812268,7.65447691218401,7.10339384372533
2022-03-16,126994,22,98273,9,28721,13,106245,12,545848,236,652093,248,3,1331,2,2716,1366,2,"Knox County",470313,28.4916640620183,0.073394495412844,52.730840950601,4.67773589077912,7.3394495412844
2022-03-15,126972,55,98264,18,28708,37,106233,19,545612,257,651845,276,1,1328,1,2714,1364,2,"Knox County",470313,36.7840140502176,0.073085031623331,58.6843229934108,11.6943397269478,7.3085031623331
2022-03-14,126917,21,98246,16,28671,5,106214,22,545355,228,651569,250,10,1327,0,2713,1362,3,"Knox County",470313,38.4850089195918,0.0778210116731518,53.1560896679445,4.46511153210734,7.78210116731517
2022-03-13,126896,5,98230,5,28666,0,106192,10,545127,484,651319,494,2,1317,0,2713,1359,1,"Knox County",470313,36.9966384088894,0.0617540217955371,105.036433183858,1.06312179335889,6.17540217955371
2022-03-12,126891,9,98225,8,28666,1,106182,9,544643,293,650825,302,0,1315,3,2713,1358,2,"Knox County",470313,36.5713896915458,0.0572687224669604,64.212556318877,1.913619228046,5.72687224669604
2022-03-11,126882,20,98217,13,28665,7,106173,15,544350,467,650523,482,9,1315,0,2710,1356,4,"Knox County",470313,35.7208922568587,0.0514834205933682,102.484940879797,4.25248717343556,5.14834205933682
2022-03-10,126862,28,98204,20,28658,8,106158,23,543883,459,650041,482,4,1306,1,2710,1352,2,"Knox County",470313,34.0198973874845,0.0434096290449882,102.484940879797,5.95348204280979,4.34096290449882
2022-03-09,126834,64,98184,19,28650,45,106135,23,543424,419,649559,442,1,1302,2,2709,1350,2,"Knox County",470313,42.9501204516992,0.0443548387096774,93.9799665329259,13.6079589549938,4.43548387096774
2022-03-08,126770,36,98165,18,28605,18,106112,19,543005,311,649117,330,1,1301,1,2707,1348,3,"Knox County",470313,38.9102576369354,0.0434938892882818,70.1660383616868,7.65447691218401,4.34938892882818
2022-03-07,126734,27,98147,22,28587,5,106093,25,542694,267,648787,292,4,1300,2,2706,1345,0,"Knox County",470313,40.1860037889661,0.0439093484419263,62.0863127321592,5.74085768413801,4.39093484419263
2022-03-06,126707,14,98125,11,28582,3,106068,13,542427,212,648495,225,2,1296,2,2704,1345,0,"Knox County",470313,42.0996230170121,0.049706457925636,47.8404807011501,2.97674102140489,4.9706457925636
2022-03-05,126693,18,98114,10,28579,8,106055,11,542215,266,648270,277,0,1294,1,2702,1345,2,"Knox County",470313,44.0132422450581,0.0509881422924901,58.8969473520825,3.82723845609201,5.09881422924901
2022-03-04,126675,52,98104,28,28571,24,106044,29,541949,380,647993,409,1,1294,1,2701,1343,2,"Knox County",470313,50.817221722555,0.0582010582010582,86.9633626967573,11.0564666509325,5.82010582010582
2022-03-03,126623,45,98076,29,28547,16,106015,34,541569,326,647584,360,8,1293,4,2700,1341,2,"Knox County",470313,54.4318358199752,0.0659528907922912,76.5447691218401,9.56809614023002,6.59528907922912
2022-03-02,126578,37,98047,29,28531,8,105981,36,541243,338,647224,374,-2,1285,1,2696,1339,6,"Knox County",470313,48.6909781358372,0.0736656374062638,79.521510143245,7.86710127085579,7.36656374062638
2022-03-01,126541,92,98018,48,28523,44,105945,60,540905,391,646850,451,3,1287,3,2695,1333,1,"Knox County",470313,60.5979422214568,0.0871021775544389,95.893585760972,19.5614409978036,8.71021775544389
2022-02-28,126449,134,97970,90,28479,44,105885,97,540514,549,646399,646,10,1284,4,2692,1332,5,"Knox County",470313,83.348748599337,0.102115244347192,137.355335701969,28.4916640620183,10.2115244347192
2022-02-27,126315,3,97880,3,28435,0,105788,5,539965,75,645753,80,1,1274,1,2688,1327,5,"Knox County",470313,81.0098806539475,0.104736234116288,17.0099486937423,0.637873076015334,10.4736234116288
2022-02-26,126312,46,97877,32,28435,14,105783,35,539890,275,645673,310,0,1273,2,2687,1322,0,"Knox County",470313,86.9633626967573,0.11254752851711,65.9135511882512,9.7807204989018,11.254752851711
2022-02-25,126266,106,97845,66,28421,40,105748,74,539615,406,645363,480,2,1273,5,2685,1322,6,"Knox County",470313,98.4450780650333,0.126249537208441,102.059692162454,22.5381820192085,12.6249537208441
2022-02-24,126160,142,97779,84,28381,58,105674,94,539209,463,644883,557,1,1271,4,2680,1316,3,"Knox County",470313,119.069640856196,0.138371290545204,118.43176778018,30.1926589313925,13.8371290545204
2022-02-23,126018,142,97695,96,28323,46,105580,115,538746,413,644326,528,6,1270,1,2676,1313,4,"Knox County",470313,141.395198516732,0.157273918741809,112.265661378699,30.1926589313925,15.7273918741809
2022-02-22,125876,142,97599,87,28277,55,105465,100,538333,356,643798,456,11,1264,7,2675,1309,3,"Knox County",470313,152.026416450321,0.170101406607785,96.9567075543308,30.1926589313925,17.0101406607785
2022-02-21,125734,73,97512,47,28222,26,105365,50,537977,290,643342,340,0,1253,1,2668,1306,5,"Knox County",470313,139.056330571343,0.171937477280989,72.2922819484046,15.5215781830398,17.1937477280989
2022-02-20,125661,72,97465,48,28196,24,105315,57,537687,289,643002,346,0,1253,1,2667,1301,2,"Knox County",470313,153.727411319696,0.174013921113689,73.5680281004352,15.308953824368,17.4013921113689
2022-02-19,125589,90,97417,54,28172,36,105258,68,537398,322,642656,390,0,1253,1,2666,1299,4,"Knox County",470313,163.082883101254,0.180174362286083,82.9234998819935,19.13619228046,18.0174362286083
2022-02-18,125499,142,97363,92,28136,50,105190,113,537076,498,642266,611,0,1253,3,2665,1295,4,"Knox County",470313,170.737360013438,0.184944237918216,129.913483148456,30.1926589313925,18.4944237918216
2022-02-17,125357,288,97271,226,28086,62,105077,270,536578,1208,641655,1478,1,1253,2,2662,1291,2,"Knox County",470313,201.780516379517,0.186309954205833,314.258802116888,61.2358152974721,18.6309954205833
2022-02-16,125069,225,97045,145,28024,80,104807,160,535370,546,640177,706,3,1252,3,2660,1289,3,"Knox County",470313,219.428338149275,0.189045528079501,150.112797222275,47.8404807011501,18.9045528079501
2022-02-15,124844,274,96900,215,27944,59,104647,241,534824,592,639471,833,5,1249,6,2657,1286,4,"Knox County",470313,247.49475349395,0.203869047619048,177.116090773591,58.2590742760672,20.3869047619048
2022-02-14,124570,341,96685,205,27885,136,104406,246,534232,602,638638,848,19,1244,8,2651,1282,1,"Knox County",470313,304.478081617986,0.221603990790484,180.305456153668,72.5049063070764,22.1603990790484
2022-02-13,124229,120,96480,100,27749,20,104160,116,533630,283,637790,399,1,1225,1,2643,1281,3,"Knox County",470313,314.684050834232,0.230579297245964,84.8371191100395,25.5149230406134,23.0579297245964
2022-02-12,124109,153,96380,109,27729,44,104044,127,533347,414,637391,541,0,1224,3,2642,1278,6,"Knox County",470313,328.079385430554,0.235044313146233,115.029778041432,32.5315268767821,23.5044313146233
2022-02-11,123956,341,96271,251,27685,90,103917,280,532933,631,636850,911,3,1224,10,2639,1272,5,"Knox County",470313,370.391632806238,0.251924422673198,193.70079074999,72.5049063070764,25.1924422673198
2022-02-10,123615,425,96020,275,27595,150,103637,304,532302,555,635939,859,7,1221,12,2629,1267,3,"Knox County",470313,399.521169944271,0.28918971944281,182.644324099057,90.3653524355057,28.918971944281
2022-02-09,123190,437,95745,306,27445,131,103333,369,531747,606,635080,975,8,1214,4,2617,1264,6,"Knox County",470313,444.597533982688,0.313641446142378,207.308749704984,92.916844739567,31.3641446142378
2022-02-08,122753,455,95439,334,27314,121,102964,391,531141,462,634105,853,6,1206,8,2613,1258,12,"Knox County",470313,483.08254290228,0.340326773115485,181.368577947027,96.7440831956591,34.0326773115485
2022-02-07,122298,591,95105,411,27193,180,102573,443,530679,624,633252,1067,10,1200,11,2605,1246,5,"Knox County",470313,536.238632570224,0.362176628010705,226.870190702787,125.660995975021,36.2176628010705
2022-02-06,121707,252,94694,185,27013,67,102130,214,530055,435,632185,649,0,1190,13,2594,1241,5,"Knox County",470313,564.305047914899,0.363450042698548,137.993208777984,53.5813383852881,36.3450042698548
2022-02-05,121455,270,94509,193,26946,77,101916,220,529620,496,631536,716,0,1190,7,2581,1236,11,"Knox County",470313,589.182097879497,0.36832504145937,152.239040808993,57.4085768413801,36.832504145937
2022-02-04,121185,649,94316,509,26869,140,101696,580,529124,963,630820,1543,3,1190,3,2574,1225,0,"Knox County",470313,654.670400350405,0.378414890423296,328.079385430554,137.993208777984,37.8414890423296
2022-02-03,120536,1641,93807,501,26729,1140,101116,504,528161,741,629277,1245,1,1187,13,2571,1225,2,"Knox County",470313,913.221620495287,0.386066969353008,264.717326546364,348.916572580388,38.6066969353008
2022-02-02,118895,719,93306,540,25589,179,100612,603,527420,904,628032,1507,7,1186,6,2558,1223,9,"Knox County",470313,973.181689640729,0.389841688654354,320.42490851837,152.876913885008,38.9841688654354
2022-02-01,118176,937,92766,738,25410,199,100009,832,526516,1139,626525,1971,5,1179,12,2552,1214,7,"Knox County",470313,1075.66663052053,0.390434582662681,419.082610942075,199.229024075456,39.0434582662681
2022-01-31,117239,715,92028,518,25211,197,99177,522,525377,605,624554,1127,11,1174,13,2540,1207,2,"Knox County",470313,1102.03205099583,0.396780086777803,239.627652223094,152.026416450321,39.6780086777803
2022-01-30,116524,388,91510,319,25014,69,98655,336,524772,569,623427,905,1,1163,8,2527,1205,6,"Knox County",470313,1130.94896377519,0.39904592855558,192.425044597959,82.4982511646499,39.904592855558
2022-01-29,116136,679,91191,590,24945,89,98319,646,524203,912,622522,1558,0,1162,5,2519,1199,3,"Knox County",470313,1217.91232647195,0.40817775974026,331.26875081063,144.371939538137,40.817775974026
2022-01-28,115457,937,90601,775,24856,162,97673,836,523291,1040,620964,1876,3,1162,15,2514,1196,6,"Knox County",470313,1279.14814176942,0.419962704877809,398.883296868256,199.229024075456,41.9962704877809
2022-01-27,114520,1431,89826,1199,24694,232,96837,1274,522251,1472,619088,2746,7,1159,13,2499,1190,8,"Knox County",470313,1234.49702644834,0.431907613344739,583.866488912703,304.265457259315,43.1907613344739
2022-01-26,113089,998,88627,805,24462,193,95563,853,520779,965,616342,1818,4,1152,5,2486,1182,8,"Knox County",470313,1293.81922251777,0.441546537788518,386.551084065293,212.199109954435,44.1546537788518
2022-01-25,112091,1023,87822,769,24269,254,94710,804,519814,930,614524,1734,7,1148,11,2481,1174,6,"Knox County",470313,1312.10491736354,0.448061883713023,368.690637936863,217.514718921229,44.8061883713023
2022-01-24,111068,1322,87053,1085,24015,237,93906,1161,518884,1550,612790,2711,13,1141,15,2470,1168,5,"Knox County",470313,1441.16790307731,0.442762960743182,576.424636359191,281.089402164091,44.2762960743183
2022-01-23,109746,769,85968,680,23778,89,92745,709,517334,818,610079,1527,0,1128,7,2455,1163,10,"Knox County",470313,1522.17778373126,0.44974946313529,324.677395691805,163.508131818597,44.974946313529
2022-01-22,108977,901,85288,738,23689,163,92036,770,516516,1056,608552,1826,0,1128,14,2448,1153,3,"Knox County",470313,1569.38039135639,0.449992976541649,388.252078934667,191.574547163272,44.9992976541649
2022-01-21,108076,1514,84550,1228,23526,286,91266,1289,515460,1348,606726,2637,1,1128,6,2434,1150,6,"Knox County",470313,1692.06464631001,0.45736382425495,560.690433817479,321.913279029072,45.736382425495
2022-01-20,106562,1410,83322,1169,23240,241,89977,1217,514112,1152,604089,2369,11,1127,11,2428,1144,2,"Knox County",470313,1687.5995347779,0.46525783066612,503.707105693442,299.800345727207,46.525783066612
2022-01-19,105152,1673,82153,1310,22999,363,88760,1345,512960,1331,601720,2676,4,1116,7,2417,1142,2,"Knox County",470313,1831.12097688135,0.47125322997416,568.982783805678,355.720552057885,47.125322997416
2022-01-18,103479,1045,80843,665,22636,380,87415,692,511629,686,599044,1378,6,1112,7,2410,1140,4,"Knox County",470313,1835.79871277213,0.474940491933351,292.99636624971,222.192454812008,47.4940491933351
2022-01-17,102434,1091,80178,859,22256,232,86723,903,510943,1279,597666,2182,7,1106,13,2403,1136,3,"Knox County",470313,1786.68248591895,0.474477560808496,463.94635062182,231.97317531091,47.4477560808496
2022-01-16,101343,771,79319,691,22024,80,85820,717,509664,1073,595484,1790,0,1099,7,2390,1133,4,"Knox County",470313,1787.1077346363,0.466617310539777,380.597602022483,163.933380535941,46.6617310539777
2022-01-15,100572,751,78628,599,21944,152,85103,627,508591,816,593694,1443,1,1099,12,2383,1129,2,"Knox County",470313,1755.21408083553,0.469084628670121,306.816949563376,159.680893362505,46.9084628670121
2022-01-14,99821,1306,78029,1052,21792,254,84476,1097,507775,1188,592251,2285,6,1098,10,2371,1127,6,"Knox County",470313,1710.9882142318,0.467181193797352,485.846659565013,277.687412425342,46.7181193797352
2022-01-13,98515,1402,76977,1055,21538,347,83379,1104,506587,1401,589966,2505,6,1092,11,2361,1121,6,"Knox County",470313,1709.28721936242,0.454800476891788,532.624018472804,298.099350857833,45.4800476891788
2022-01-12,97113,1168,75922,889,21191,279,82275,935,505186,1058,587461,1993,1,1086,4,2350,1115,0,"Knox County",470313,1601.91191823318,0.447480848556276,423.760346832854,248.345250928637,44.7480848556276
2022-01-11,95945,1366,75033,1061,20912,305,81340,1095,504128,1283,585468,2378,2,1085,10,2346,1115,3,"Knox County",470313,1670.16433736682,0.444429198682766,505.620724921488,290.444873945649,44.4429198682766
2022-01-10,94579,1000,73972,685,20607,315,80245,714,502845,812,583090,1526,3,1083,5,2336,1112,1,"Knox County",470313,1650.81552072769,0.451795977011494,324.464771333133,212.624358671778,45.1795977011494
2022-01-09,93579,741,73287,628,20292,113,79531,664,502033,1205,581564,1869,5,1080,2,2331,1111,2,"Knox County",470313,1644.43678996753,0.445460390027859,397.394926357553,157.554649775788,44.5460390027859
2022-01-08,92838,625,72659,479,20179,146,78867,510,500828,912,579695,1422,0,1075,10,2329,1109,4,"Knox County",470313,1617.64612077489,0.437759336099585,302.351838031269,132.890224169861,43.7759336099585
2022-01-07,92213,969,72180,751,20033,218,78357,768,499916,1091,578273,1859,0,1075,7,2319,1105,0,"Knox County",470313,1545.9917119025,0.42724321133412,395.268682770836,206.033003552953,42.724321133412
2022-01-06,91244,1166,71429,742,19815,424,77589,781,498825,1010,576414,1791,2,1075,7,2312,1105,4,"Knox County",470313,1495.81236325596,0.425845147219193,380.810226381155,247.920002211293,42.5845147219193
2022-01-05,90078,1217,70687,904,19391,313,76808,944,497815,1255,574623,2199,1,1073,8,2305,1101,1,"Knox County",470313,1506.23095683088,0.419809874271696,467.56096471924,258.763844503554,41.9809874271696
2022-01-04,88861,923,69783,577,19078,346,75864,567,496560,1040,572424,1607,0,1072,6,2297,1100,5,"Knox County",470313,1412.03836593928,0.403161411227899,341.687344385547,196.252283054051,40.3161411227899
2022-01-03,87938,716,69206,538,18732,178,75297,505,495520,820,570817,1325,6,1072,6,2291,1095,2,"Knox County",470313,1351.65304807649,0.392561298873426,281.727275240106,152.239040808993,39.2561298873426
2022-01-02,87222,290,68668,208,18554,82,74792,265,494700,651,569492,916,3,1066,9,2285,1093,4,"Knox County",470313,1255.75946231552,0.390322870761759,194.763912543349,61.6610640148157,39.0322870761759
2022-01-01,86932,265,68460,216,18472,49,74527,237,494049,767,568576,1004,0,1063,15,2276,1089,0,"Knox County",470313,1179.21469319368,0.38005793851042,213.474856106465,56.3454550480212,38.005793851042
2021-12-31,86667,591,68244,429,18423,162,74290,470,493282,1008,567572,1478,0,1063,5,2261,1089,3,"Knox County",470313,1098.84268561575,0.365213178294574,314.258802116888,125.660995975021,36.5213178294574
2021-12-30,86076,581,67815,403,18261,178,73820,404,492274,918,566094,1322,2,1063,6,2256,1086,2,"Knox County",470313,974.457435792759,0.344330524819815,281.089402164091,123.534752388303,34.4330524819815
2021-12-29,85495,632,67412,476,18083,156,73416,503,491356,1195,564772,1698,1,1061,5,2250,1084,2,"Knox County",470313,850.072185969769,0.315614973262032,361.036161024679,134.378594680564,31.5614973262032
2021-12-28,84863,429,66936,262,17927,167,72913,283,490161,977,563074,1260,1,1060,5,2245,1082,0,"Knox County",470313,745.035752785911,0.29623458847051,267.90669192644,91.2158498701928,29.623458847051
2021-12-27,84434,314,66674,234,17760,80,72630,254,489184,905,561814,1159,2,1059,1,2240,1082,1,"Knox County",470313,659.560760599856,0.27339594885142,246.431631700591,66.7640486229383,27.339594885142
2021-12-26,84120,61,66440,49,17680,12,72376,60,488279,426,560655,486,7,1057,1,2239,1081,0,"Knox County",470313,610.869782464019,0.262995123111693,103.335438314484,12.9700858789785,26.2995123111693
2021-12-25,84059,85,66391,63,17668,22,72316,74,487853,489,560169,563,1,1050,1,2238,1081,0,"Knox County",470313,572.597397903099,0.257092643735877,119.707513932211,18.0730704871011,25.7092643735877
2021-12-24,83974,174,66328,123,17646,51,72242,137,487364,848,559606,985,0,1049,2,2237,1081,0,"Knox County",470313,483.933040336967,0.229492840893885,209.434993291702,36.9966384088894,22.9492840893885
2021-12-23,83800,218,66205,159,17595,59,72105,166,486516,959,558621,1125,5,1049,5,2235,1081,1,"Knox County",470313,406.750398139112,0.202996151731721,239.20240350575,46.3521101904476,20.2996151731721
2021-12-22,83582,176,66046,102,17536,74,71939,101,485557,812,557496,913,47,1044,10,2230,1080,2,"Knox County",470313,309.793690584781,0.165613926975813,194.126039467333,37.421887126233,16.5613926975813
2021-12-21,83406,177,65944,124,17462,53,71838,120,484745,912,556583,1032,3,997,6,2220,1078,2,"Knox County",470313,256.212352199493,0.145617116397892,219.428338149275,37.6345114849047,14.5617116397892
2021-12-20,83229,114,65820,80,17409,34,71718,84,483833,622,555551,706,1,994,3,2214,1076,1,"Knox County",470313,213.687480465137,0.127710843373494,150.112797222275,24.2391768885827,12.7710843373494
2021-12-19,83115,70,65740,50,17375,20,71634,58,483211,556,554845,614,3,993,6,2211,1075,1,"Knox County",470313,215.601099693183,0.124621084540249,130.551356224472,14.8837051070245,12.4621084540249
2021-12-18,83045,88,65690,56,17355,32,71576,65,482655,660,554231,725,0,990,3,2205,1074,2,"Knox County",470313,216.238972769198,0.11983606557377,154.152660037039,18.7109435631165,11.983606557377
2021-12-17,82957,119,65634,77,17323,42,71511,83,481995,1034,553506,1117,2,990,6,2202,1072,2,"Knox County",470313,204.544633042251,0.108632862644416,237.501408636376,25.3022986819416,10.8632862644416
2021-12-16,82838,138,65557,106,17281,32,71428,108,480961,661,552389,769,2,988,3,2196,1070,2,"Knox County",470313,187.534684348508,0.105343771272975,163.508131818597,29.3421614967054,10.5343771272975
2021-12-15,82700,157,65451,113,17249,44,71320,125,480300,841,551620,966,0,986,5,2193,1068,3,"Knox County",470313,183.494821533745,0.108449991566875,205.395130476938,33.3820243114692,10.8449991566875
2021-12-14,82543,97,65338,59,17205,38,71195,63,479459,811,550654,874,3,986,3,2188,1065,3,"Knox County",470313,166.484872840002,0.101542193727257,185.833689479134,20.6245627911625,10.1542193727257
2021-12-13,82446,111,65279,74,17167,37,71132,79,478648,627,549780,706,4,983,3,2185,1062,0,"Knox County",470313,165.846999763987,0.100675792756888,150.112797222275,23.6013038125674,10.0675792756888
2021-12-12,82335,54,65205,29,17130,25,71053,40,478021,493,549074,533,6,979,5,2182,1062,1,"Knox County",470313,162.445010025239,0.0989455184534271,113.328783172058,11.481715368276,9.89455184534271
2021-12-11,82281,65,65176,45,17105,20,71013,51,477528,541,548541,592,0,973,1,2177,1061,3,"Knox County",470313,157.554649775788,0.0987943134784956,125.873620333693,13.8205833136656,9.87943134784956
2021-12-10,82216,84,65131,48,17085,36,70962,57,476987,855,547949,912,0,973,3,2176,1058,2,"Knox County",470313,150.112797222275,0.0977204783258595,193.913415108662,17.8604461284294,9.77204783258595
2021-12-09,82132,164,65083,96,17049,68,70905,107,476132,1017,547037,1124,3,973,2,2173,1056,1,"Knox County",470313,155.641030547742,0.091466619940424,238.989779147079,34.8703948221716,9.1466619940424
2021-12-08,81968,130,64987,67,16981,63,70798,65,475115,751,545913,816,0,970,7,2171,1055,1,"Knox County",470313,149.900172863604,0.0831383840201548,173.501476676171,27.6411666273312,8.31383840201548
2021-12-07,81838,127,64920,70,16918,57,70733,76,474364,631,545097,707,2,970,2,2164,1054,0,"Knox County",470313,156.278903623757,0.088126159554731,150.325421580947,27.0032935513158,8.8126159554731
2021-12-06,81711,148,64850,107,16861,41,70657,115,473733,759,544390,874,8,968,4,2162,1054,3,"Knox County",470313,164.146004894613,0.0919395465994962,185.833689479134,31.4684050834232,9.19395465994962
2021-12-05,81563,43,64743,28,16820,15,70542,33,472974,342,543516,375,2,960,1,2158,1051,0,"Knox County",470313,161.807136949223,0.0933333333333333,79.7341345019168,9.14284742288646,9.33333333333333
2021-12-04,81520,69,64715,50,16805,19,70509,55,472632,499,543141,554,0,958,3,2157,1051,2,"Knox County",470313,162.65763438391,0.0947407683700112,117.793894704165,14.6710807483527,9.47407683700112
2021-12-03,81451,147,64665,103,16786,44,70454,108,472133,1009,542587,1117,3,958,2,2154,1049,2,"Knox County",470313,176.052968980232,0.100413148913239,237.501408636376,31.2557807247514,10.0413148913239
2021-12-02,81304,133,64562,86,16742,47,70346,85,471124,794,541470,879,0,955,4,2152,1047,2,"Knox County",470313,169.461613861407,0.100901916572717,186.896811272493,28.2790397033465,10.0901916572717
2021-12-01,81171,185,64476,142,16695,43,70261,147,470330,1008,540591,1155,4,955,7,2148,1045,1,"Knox County",470313,181.155953588355,0.109344638756403,245.581134265904,39.335506354279,10.9344638756403
2021-11-30,80986,116,64334,67,16652,49,70114,68,469322,693,539436,761,3,951,6,2141,1044,3,"Knox County",470313,178.817085642965,0.106911636045494,161.807136949223,24.6644256059263,10.6911636045494
2021-11-29,80870,165,64267,128,16603,37,70046,139,468629,967,538675,1106,2,948,5,2135,1041,1,"Knox County",470313,182.431699740386,0.106776525979485,235.162540690987,35.0830191808434,10.6776525979485
2021-11-28,80705,33,64139,22,16566,11,69907,22,467662,270,537569,292,3,946,5,2130,1040,1,"Knox County",470313,180.305456153668,0.106412005457026,62.0863127321592,7.01660383616868,10.6412005457026
2021-11-27,80672,59,64117,31,16555,28,69885,32,467392,266,537277,298,0,943,1,2125,1039,2,"Knox County",470313,178.17921256695,0.107168330955777,63.3620588841899,12.5448371616349,10.7168330955777
2021-11-26,80613,20,64086,18,16527,2,69853,20,467126,298,536979,318,0,943,4,2124,1037,1,"Knox County",470313,151.175919015634,0.106674984404242,67.6145460576254,4.25248717343556,10.6674984404242
2021-11-25,80593,52,64068,26,16525,26,69833,29,466828,331,536661,360,0,943,3,2120,1036,5,"Knox County",470313,133.95334596322,0.106526806526807,76.5447691218401,11.0564666509325,10.6526806526807
2021-11-24,80541,105,64042,66,16499,39,69804,73,466497,742,536301,815,0,943,3,2117,1031,4,"Knox County",470313,116.943397269478,0.0969620253164557,173.288852317499,22.3255576605367,9.69620253164557
2021-11-23,80436,99,63976,64,16460,35,69731,65,465755,674,535486,739,0,943,2,2114,1027,0,"Knox County",470313,113.328783172058,0.0967413441955193,157.129401058444,21.049811508506,9.67413441955193
2021-11-22,80337,107,63912,84,16425,23,69666,82,465081,740,534747,822,0,943,3,2112,1027,0,"Knox County",470313,100.996570369095,0.0886388583973655,174.777222828202,22.7508063778803,8.86388583973655
2021-11-21,80230,44,63828,32,16402,12,69584,37,464341,284,533925,321,0,943,2,2109,1027,2,"Knox County",470313,103.335438314484,0.0920228695888919,68.2524191336408,9.35547178155824,9.20228695888919
2021-11-20,80186,54,63796,37,16390,17,69547,44,464057,537,533604,581,0,943,1,2107,1025,1,"Knox County",470313,102.272316521125,0.0884732052578362,123.534752388303,11.481715368276,8.84732052578362
2021-11-19,80132,112,63759,83,16373,29,69503,81,463520,825,533023,906,0,943,0,2106,1024,0,"Knox County",470313,121.833757518929,0.0904489436619718,192.637668956631,23.8139281712392,9.04489436619718
2021-11-18,80020,80,63676,44,16344,36,69422,49,462695,937,532117,986,3,943,2,2106,1024,0,"Knox County",470313,127.787239561739,0.0833655705996132,209.647617650373,17.0099486937423,8.33655705996132
2021-11-17,79940,105,63632,64,16308,41,69373,66,461758,833,531131,899,0,940,1,2104,1024,1,"Knox County",470313,127.787239561739,0.0807004187285877,191.149298445929,22.3255576605367,8.07004187285877
2021-11-16,79835,73,63568,51,16267,22,69307,67,460925,777,530232,844,0,940,2,2103,1023,3,"Knox County",470313,122.259006236272,0.0794924426198918,179.454958718981,15.5215781830398,7.94924426198918
2021-11-15,79762,84,63517,44,16245,40,69240,34,460148,459,529388,493,3,940,0,2101,1020,0,"Knox County",470313,117.368645986822,0.0751491053677932,104.823808825187,17.8604461284294,7.51491053677932
2021-11-14,79678,72,63473,62,16205,10,69206,68,459689,624,528895,692,0,937,2,2101,1020,2,"Knox County",470313,123.322128029631,0.0757267172745788,147.13605620087,15.308953824368,7.57267172745788
2021-11-13,79606,29,63411,13,16195,16,69138,12,459065,317,528203,329,0,937,2,2099,1018,0,"Knox County",470313,118.006519062837,0.0732181006020586,69.953414003015,6.16610640148157,7.32181006020586
2021-11-12,79577,66,63398,49,16179,17,69126,51,458748,687,527874,738,0,937,4,2097,1018,2,"Knox County",470313,108.225798563935,0.0696647259586428,156.916776699772,14.0332076723374,6.96647259586428
2021-11-11,79511,67,63349,46,16162,21,69075,54,458061,962,527136,1016,0,937,0,2093,1016,0,"Knox County",470313,105.461681901202,0.0702454599880263,216.026348410527,14.2458320310091,7.02454599880263
2021-11-10,79444,74,63303,50,16141,24,69021,69,457099,855,526120,924,1,937,2,2093,1016,0,"Knox County",470313,98.8703267823768,0.0704924543288324,196.464907412723,15.7342025417116,7.04924543288324
2021-11-09,79370,106,63253,76,16117,30,68952,134,456244,1174,525196,1308,1,936,1,2091,1016,1,"Knox County",470313,105.886930618546,0.0767272727272727,278.112661142686,22.5381820192085,7.67272727272727
2021-11-08,79264,78,63177,58,16087,20,68818,70,455070,687,523888,757,6,935,1,2090,1015,3,"Knox County",470313,104.611184466515,0.0794587092297016,160.956639514536,16.5846999763987,7.94587092297016
2021-11-07,79186,31,63119,20,16067,11,68748,23,454383,390,523131,413,0,929,1,2089,1012,3,"Knox County",470313,95.893585760972,0.0752962625341841,87.8138601314444,6.59135511882512,7.52962625341841
2021-11-06,79155,41,63099,27,16056,14,68725,30,453993,453,522718,483,0,929,2,2088,1009,1,"Knox County",470313,98.4450780650333,0.0764319914878525,102.697565238469,8.7175987055429,7.64319914878525
2021-11-05,79114,52,63072,32,16042,20,68695,36,453540,605,522235,641,0,929,2,2086,1008,0,"Knox County",470313,95.4683370436284,0.0750631540959942,136.29221390861,11.0564666509325,7.50631540959942
2021-11-04,79062,68,63040,45,16022,23,68659,49,452935,667,521594,716,0,929,1,2084,1008,1,"Knox County",470313,95.6809614023002,0.078405188859214,152.239040808993,14.4584563896809,7.8405188859214
2021-11-03,78994,79,62995,59,15999,20,68610,65,452268,969,520878,1034,0,929,2,2083,1007,2,"Knox County",470313,96.7440831956591,0.0760463378176383,219.853586866619,16.7973243350705,7.60463378176383
2021-11-02,78915,41,62936,19,15979,22,68545,22,451299,301,519844,323,4,929,1,2081,1005,3,"Knox County",470313,82.9234998819935,0.0675520952599038,68.6776678509843,8.7175987055429,6.75520952599038
2021-11-01,78874,95,62917,71,15957,24,68523,83,450998,661,519521,744,1,925,3,2080,1002,1,"Knox County",470313,86.5381139794137,0.0707395498392283,158.192522851803,20.1993140738189,7.07395498392283
2021-10-31,78779,26,62846,20,15933,6,68440,19,450337,278,518777,297,0,924,1,2077,1001,1,"Knox County",470313,85.4749921860548,0.0717319490325625,63.1494345255181,5.52823332546623,7.17319490325625
2021-10-30,78753,56,62826,41,15927,15,68421,43,450059,523,518480,566,0,924,4,2076,1000,0,"Knox County",470313,88.6643575661315,0.0733626475352928,120.345387008226,11.9069640856196,7.33626475352928
2021-10-29,78697,73,62785,59,15912,14,68378,66,449536,846,517914,912,1,924,1,2072,1000,1,"Knox County",470313,93.1294690982388,0.0755662020905923,193.913415108662,15.5215781830398,7.55662020905923
2021-10-28,78624,54,62726,32,15898,22,68312,39,448690,561,517002,600,4,923,3,2071,999,2,"Knox County",470313,90.1527280768339,0.0752904378909741,127.574615203067,11.481715368276,7.52904378909741
2021-10-27,78570,88,62694,57,15876,31,68273,65,448129,759,516402,824,1,919,3,2068,997,3,"Knox County",470313,92.0663473048799,0.0789967182372246,175.202471545545,18.7109435631165,7.89967182372246
2021-10-26,78482,96,62637,58,15845,38,68208,55,447370,554,515578,609,0,918,5,2065,994,2,"Knox County",470313,103.760687031828,0.0812829525483304,129.488234431113,20.4119384324907,8.12829525483304
2021-10-25,78386,71,62579,47,15807,24,68153,54,446816,491,514969,545,6,918,3,2060,992,1,"Knox County",470313,98.6577024237051,0.0783367792327131,115.880275476119,15.0963294656962,7.83367792327131
2021-10-24,78315,38,62532,20,15783,18,68099,23,446325,337,514424,360,1,912,5,2057,991,3,"Knox County",470313,101.209194727766,0.078125,76.5447691218401,8.07972562952757,7.8125
2021-10-23,78277,59,62512,40,15765,19,68076,42,445988,471,514064,513,0,911,1,2052,988,2,"Knox County",470313,101.847067803782,0.0788448315379326,109.076295998622,12.5448371616349,7.88448315379326
2021-10-22,78218,90,62472,56,15746,34,68034,55,445517,551,513551,606,0,911,2,2051,986,2,"Knox County",470313,105.461681901202,0.0820803549420754,128.850361355098,19.13619228046,8.20803549420754
2021-10-21,78128,124,62416,71,15712,53,67979,78,444966,712,512945,790,3,911,2,2049,984,2,"Knox County",470313,120.345387008226,0.0875912408759124,167.973243350705,26.3654204753005,8.75912408759124
2021-10-20,78004,149,62345,83,15659,66,67901,90,444254,959,512155,1049,3,908,3,2047,982,2,"Knox County",470313,133.315472887205,0.0887745974955277,223.042952246695,31.6810294420949,8.87745974955277
2021-10-19,77855,131,62262,85,15593,46,67811,92,443295,724,511106,816,4,905,4,2044,980,2,"Knox County",470313,140.757325440717,0.0927548621500321,173.501476676171,27.8537909860029,9.27548621500321
2021-10-18,77724,120,62177,89,15547,31,67719,105,442571,607,510290,712,9,901,8,2040,978,3,"Knox County",470313,151.175919015634,0.10008254230293,151.388543374306,25.5149230406134,10.008254230293
2021-10-17,77604,63,62088,56,15516,7,67614,61,441964,303,509578,364,1,892,4,2032,975,2,"Knox County",470313,156.491527982429,0.107835051546392,77.3952665565272,13.395334596322,10.7835051546392
2021-10-16,77541,55,62032,41,15509,14,67553,44,441661,372,509214,416,0,891,1,2028,973,4,"Knox County",470313,155.641030547742,0.110456553755523,88.4517332074597,11.6943397269478,11.0456553755523
2021-10-15,77486,125,61991,89,15495,36,67509,100,441289,794,508798,894,9,891,5,2027,969,2,"Knox County",470313,163.082883101254,0.113072803015275,190.08617665257,26.5780448339723,11.3072803015275
2021-10-14,77361,192,61902,135,15459,57,67409,143,440495,699,507904,842,0,882,7,2022,967,5,"Knox County",470313,177.541339490935,0.12468093461614,179.029710001637,40.8238768649814,12.468093461614
2021-10-13,77169,120,61767,87,15402,33,67266,99,439796,764,507062,863,7,882,5,2015,962,1,"Knox County",470313,171.375233089453,0.131241084165478,183.494821533745,25.5149230406134,13.1241084165478
2021-10-12,77049,136,61680,104,15369,32,67167,109,439032,821,506199,930,4,875,3,2010,961,9,"Knox County",470313,172.438354882812,0.131647082254531,197.740653564754,28.9169127793618,13.1647082254531
2021-10-11,76913,194,61576,136,15337,58,67058,149,438211,581,505269,730,3,871,12,2007,952,1,"Knox County",470313,188.172557424524,0.139908712046041,155.215781830398,41.249125582325,13.9908712046041
2021-10-10,76719,54,61440,41,15279,13,66909,51,437630,489,504539,540,0,868,4,1995,951,3,"Knox County",470313,186.258938196478,0.13326941514861,114.81715368276,11.481715368276,13.326941514861
2021-10-09,76665,66,61399,37,15266,29,66858,48,437141,490,503999,538,0,868,7,1991,948,4,"Knox County",470313,188.597806141867,0.1309724564362,114.391904965417,14.0332076723374,13.09724564362
2021-10-08,76599,289,61362,114,15237,175,66810,122,436651,936,503461,1058,-1,868,5,1984,944,4,"Knox County",470313,223.468200964039,0.131067078712961,224.956571474741,61.4484396561439,13.1067078712961
2021-10-07,76310,259,61248,170,15062,89,66688,176,435715,1106,502403,1282,6,869,9,1979,940,1,"Knox County",470313,237.714032995048,0.12691466083151,272.58442781722,55.0697088959905,12.691466083151
2021-10-06,76051,139,61078,103,14973,36,66512,112,434609,835,501121,947,1,863,4,1970,939,5,"Knox County",470313,241.753895809812,0.127302904564315,201.355267662174,29.5547858553772,12.7302904564315
2021-10-05,75912,210,60975,118,14937,92,66400,138,433774,915,500174,1053,3,862,4,1966,934,4,"Knox County",470313,257.488098351523,0.129472999349382,223.893449681382,44.6511153210734,12.9472999349382
2021-10-04,75702,314,60857,223,14845,91,66262,245,432859,829,499121,1074,3,859,4,1962,930,2,"Knox County",470313,283.003021392137,0.137399876771411,228.35856121349,66.7640486229383,13.7399876771411
2021-10-03,75388,102,60634,93,14754,9,66017,107,432030,677,498047,784,1,856,6,1958,928,1,"Knox County",470313,293.208990608382,0.140736342042755,166.697497198674,21.6876845845214,14.0736342042755
2021-10-02,75286,67,60541,43,14745,24,65910,50,431353,472,497263,522,5,855,2,1952,927,4,"Knox County",470313,293.421614967054,0.141369047619048,110.989915226668,14.2458320310091,14.1369047619048
2021-10-01,75219,225,60498,152,14721,73,65860,167,430881,965,496741,1132,0,850,9,1950,923,3,"Knox County",470313,279.81365601206,0.146452752428613,240.690774016453,47.8404807011501,14.6452752428613
2021-09-30,74994,240,60346,166,14648,74,65693,186,429916,1104,495609,1290,1,850,8,1941,920,2,"Knox County",470313,275.773793197296,0.147750661570126,274.285422686594,51.0298460812268,14.7750661570126
2021-09-29,74754,361,60180,170,14574,191,65507,192,428812,1110,494319,1302,6,849,7,1933,918,3,"Knox County",470313,322.976400822431,0.151599832331983,276.836914990655,76.7573934805119,15.1599832331983
2021-09-28,74393,347,60010,248,14383,99,65315,269,427702,777,493017,1046,2,843,1,1926,915,3,"Knox County",470313,352.105937960465,0.17006993006993,222.40507917068,73.780652459107,17.006993006993
2021-09-27,74046,239,59762,162,14284,77,65046,186,426925,760,491971,946,7,841,12,1925,912,6,"Knox County",470313,336.159111060081,0.164767872401025,201.142643303502,50.817221722555,16.4767872401025
2021-09-26,73807,124,59600,99,14207,25,64860,117,426165,703,491025,820,2,834,1,1913,906,5,"Knox County",470313,340.83684695086,0.165344290167186,174.351974110858,26.3654204753005,16.5344290167186
2021-09-25,73683,110,59501,90,14182,20,64743,102,425462,705,490205,807,0,832,3,1912,901,7,"Knox County",470313,349.979694373747,0.166008443415498,171.587857448125,23.3886794538956,16.6008443415498
2021-09-24,73573,244,59411,165,14162,79,64641,182,424757,938,489398,1120,13,832,5,1909,894,3,"Knox County",470313,354.019557188511,0.168326285636339,238.139281712392,51.8803435159139,16.8326285636339
2021-09-23,73329,354,59246,245,14083,109,64459,267,423819,1370,488278,1637,14,819,8,1904,891,3,"Knox County",470313,378.258734077093,0.171268559520709,348.066075145701,75.2690229698095,17.1268559520709
2021-09-22,72975,251,59001,187,13974,64,64192,202,422449,1260,486641,1462,3,805,4,1896,888,9,"Knox County",470313,354.870054623198,0.169048226588415,310.85681237814,53.3687140266163,16.9048226588415
2021-09-21,72724,398,58814,216,13910,182,63990,230,421189,996,485179,1226,10,802,7,1892,879,4,"Knox County",470313,365.713896915458,0.160389124469943,260.6774637316,84.6244947513677,16.0389124469943
2021-09-20,72326,431,58598,310,13728,121,63760,342,420193,1295,483953,1637,5,792,9,1885,875,7,"Knox County",470313,406.53777378044,0.165575841083936,348.066075145701,91.6410985875364,16.5575841083936
2021-09-19,71895,120,58288,88,13607,32,63418,97,418898,432,482316,529,1,787,7,1876,868,8,"Knox County",470313,405.687276345753,0.168923734853885,112.478285737371,25.5149230406134,16.8923734853885
2021-09-18,71775,225,58200,182,13575,43,63321,196,418466,1075,481787,1271,0,786,7,1869,860,13,"Knox County",470313,430.139077593007,0.170682278766044,270.24555987183,47.8404807011501,17.0682278766044
2021-09-17,71550,546,58018,421,13532,125,63125,448,417391,1310,480516,1758,5,786,11,1862,847,5,"Knox County",470313,494.351633911884,0.18718487394958,373.793622544986,116.092899834791,18.718487394958
2021-09-16,71004,586,57597,457,13407,129,62677,487,416081,1518,478758,2005,7,781,16,1851,842,3,"Knox County",470313,543.680485123737,0.202467637540453,426.311839136915,124.597874181662,20.2467637540453
2021-09-15,70418,339,57140,250,13278,89,62190,268,414563,807,476753,1075,6,774,5,1835,839,4,"Knox County",470313,562.391428686853,0.217661298810652,228.571185572162,72.0796575897328,21.7661298810652
2021-09-14,70079,555,56890,443,13189,112,61922,476,413756,1406,475678,1882,12,768,8,1830,835,3,"Knox County",470313,595.773452998322,0.227823176134685,400.159043020287,118.006519062837,22.7823176134685
2021-09-13,69524,398,56447,298,13077,100,61446,332,412350,1134,473796,1466,20,756,15,1822,832,9,"Knox County",470313,588.756849162154,0.230723012217104,311.707309812827,84.6244947513677,23.0723012217104
2021-09-12,69126,387,56149,358,12977,29,61114,376,411216,1460,472330,1836,0,736,5,1807,823,8,"Knox County",470313,645.527552927519,0.228725759319933,390.378322521385,82.2856268059781,22.8725759319933
2021-09-11,68739,864,55791,706,12948,158,60738,762,409756,2621,470494,3383,4,736,26,1802,815,10,"Knox County",470313,781.394518118785,0.2349123461395,719.308205386626,183.707445892416,23.49123461395
2021-09-10,67875,1026,55085,750,12790,276,59976,804,407135,2512,467111,3316,1,732,24,1776,805,7,"Knox County",470313,883.454210281238,0.234244469691907,705.062373355616,218.152591997244,23.4244469691907
2021-09-09,66849,309,54335,166,12514,143,59172,171,404623,685,463795,856,1,731,18,1752,798,5,"Knox County",470313,824.557262929156,0.230852758071522,182.006451023042,65.7009268295794,23.0852758071522
2021-09-08,66540,290,54169,226,12371,64,59001,250,403938,837,462939,1087,5,730,11,1734,793,6,"Knox County",470313,814.138669354239,0.229350499059743,231.122677876223,61.6610640148157,22.9350499059742
2021-09-07,66250,411,53943,299,12307,112,58751,311,403101,979,461852,1290,3,725,13,1723,787,1,"Knox County",470313,783.520761705503,0.227142209460481,274.285422686594,87.3886114141008,22.7142209460481
2021-09-06,65839,987,53644,787,12195,200,58440,843,402122,3220,460562,4063,1,722,20,1710,786,3,"Knox County",470313,908.75650896318,0.222159055018634,863.892769283435,209.860242009045,22.2159055018634
2021-09-05,64852,968,52857,800,11995,168,57597,831,398902,2998,456499,3829,2,721,15,1690,783,6,"Knox County",470313,1032.29126135148,0.222845601436266,814.138669354239,205.820379194281,22.2845601436266
2021-09-04,63884,541,52057,387,11827,154,56766,407,395904,1502,452670,1909,2,719,10,1675,777,4,"Knox County",470313,963.613593500499,0.221223241590214,405.899900704425,115.029778041432,22.1223241590214
2021-09-03,63343,334,51670,238,11673,96,56359,249,394402,909,450761,1158,5,717,8,1665,773,5,"Knox County",470313,816.477537299628,0.21575535512965,246.219007341919,71.0165357963739,21.575535512965
2021-09-02,63009,323,51432,181,11577,142,56110,200,393493,680,449603,880,3,712,5,1657,768,3,"Knox County",470313,819.454278321033,0.217431063590321,187.109435631165,68.6776678509843,21.7431063590321
2021-09-01,62686,276,51251,212,11435,64,55910,226,392813,645,448723,871,2,709,2,1652,765,3,"Knox County",470313,816.477537299628,0.219071428571429,185.195816403119,58.6843229934108,21.9071428571429
2021-08-31,62410,596,51039,434,11371,162,55684,479,392168,1894,447852,2373,2,707,9,1650,762,4,"Knox County",470313,855.813043653907,0.214479878008354,504.55760312813,126.72411776838,21.4479878008354
2021-08-30,61814,513,50605,403,11209,110,55205,430,390274,1629,445479,2059,9,705,13,1641,758,6,"Knox County",470313,755.029097643484,0.215765731325025,437.793554505191,109.076295998622,21.5765731325025
2021-08-29,61301,483,50202,408,11099,75,54775,440,388645,1484,443420,1924,1,696,5,1628,752,7,"Knox County",470313,651.906283687672,0.21755861822087,409.089266084501,102.697565238469,21.755861822087
2021-08-28,60818,398,49794,303,11024,95,54335,321,387161,1065,441496,1386,0,695,4,1623,745,3,"Knox County",470313,621.501000397608,0.220167120458173,294.697361119085,84.6244947513677,22.0167120458173
2021-08-27,60420,472,49491,374,10929,98,54014,389,386096,1166,440110,1555,5,695,5,1619,742,1,"Knox County",470313,650.843161894313,0.224927588703838,330.630877734615,100.358697293079,22.4927588703838
2021-08-26,59948,448,49117,345,10831,103,53625,365,384930,1426,438555,1791,5,690,0,1614,741,5,"Knox County",470313,677.421206728285,0.221590433982774,380.810226381155,95.2557126849566,22.1590433982774
2021-08-25,59500,351,48772,225,10728,126,53260,236,383504,642,436764,878,2,685,4,1614,736,10,"Knox County",470313,693.368033628669,0.222296506769179,186.684186913821,74.6311498937941,22.2296506769179
2021-08-24,59149,342,48547,223,10602,119,53024,233,382862,677,435886,910,4,683,5,1610,726,0,"Knox County",470313,639.361446526037,0.229839093592307,193.488166391318,72.7175306657481,22.9839093592307
2021-08-23,58807,287,48324,207,10483,80,52791,227,382185,825,434976,1052,1,679,1,1605,726,4,"Knox County",470313,591.308341466215,0.232834877843302,223.680825322711,61.0231909388003,23.2834877843302
2021-08-22,58520,240,48117,217,10403,23,52564,233,381360,889,433924,1122,2,678,0,1604,722,2,"Knox County",470313,539.640622308973,0.230503795721187,238.564530429735,51.0298460812268,23.0503795721187
2021-08-21,58280,498,47900,376,10380,122,52331,411,380471,1903,432802,2314,0,676,8,1604,720,3,"Knox County",470313,560.903058176151,0.217626273124091,492.012765966495,105.886930618546,21.7626273124091
2021-08-20,57782,425,47524,331,10258,94,51920,357,378568,1148,430488,1505,0,676,6,1596,717,3,"Knox County",470313,550.909713318577,0.21541997492687,319.999659801026,90.3653524355057,21.541997492687
2021-08-19,57357,368,47193,254,10164,114,51563,264,377420,952,428983,1216,1,676,6,1590,714,0,"Knox County",470313,533.899764624835,0.217961542736468,258.551220144882,78.2457639912144,21.7961542736468
2021-08-18,56989,263,46939,193,10050,70,51299,200,376468,914,427767,1114,2,675,5,1584,714,0,"Knox County",470313,515.188821061718,0.208491281273692,236.863535560361,55.9202063306777,20.8491281273692
2021-08-17,56726,263,46746,181,9980,82,51099,197,375554,1042,426653,1239,0,673,5,1579,714,3,"Knox County",470313,498.391496726648,0.197552813218992,263.441580394333,55.9202063306777,19.7552813218992
2021-08-16,56463,184,46565,126,9898,58,50902,132,374512,421,425414,553,2,673,4,1574,711,0,"Knox County",470313,476.491187783455,0.197947699437272,117.581270345493,39.1228819956072,19.7947699437272
2021-08-15,56279,204,46439,181,9840,23,50770,198,374091,952,424861,1150,3,671,6,1570,711,1,"Knox County",470313,468.836710871271,0.193488065119349,244.518012472545,43.3753691690427,19.3488065119349
2021-08-14,56075,219,46258,147,9817,72,50572,154,373139,794,423711,948,0,668,4,1564,710,2,"Knox County",470313,409.514514801845,0.194433656957929,201.567892020846,46.5647345491194,19.4433656957929
2021-08-13,55856,266,46111,206,9745,60,50418,218,372345,1470,422763,1688,1,668,5,1560,708,3,"Knox County",470313,375.707241773032,0.172357106727365,358.909917437962,56.558079406693,17.2357106727365
2021-08-12,55590,222,45905,146,9685,76,50200,152,370875,643,421075,795,2,667,8,1555,705,2,"Knox County",470313,344.664085406952,0.167089622011487,169.036365144064,47.2026076251348,16.7089622011487
2021-08-11,55368,315,45759,237,9609,78,50048,248,370232,989,420280,1237,1,665,10,1547,703,3,"Knox County",470313,355.720552057885,0.170696452036794,263.01633167699,66.9766729816101,17.0696452036794
2021-08-10,55053,173,45522,110,9531,63,49800,121,369243,621,419043,742,1,664,2,1537,700,4,"Knox County",470313,336.584359777425,0.171938703781808,157.767274134459,36.7840140502176,17.1938703781808
2021-08-09,54880,197,45412,159,9468,38,49679,167,368622,752,418301,919,1,663,4,1535,696,1,"Knox County",470313,339.348476440158,0.168204305388421,195.401785619364,41.8869986583403,16.8204305388421
2021-08-08,54683,89,45253,67,9430,22,49512,75,367870,418,417382,493,1,662,5,1531,695,0,"Knox County",470313,314.896675192903,0.166373497508062,104.823808825187,18.9235679217883,16.6373497508062
2021-08-07,54594,105,45186,76,9408,29,49437,80,367452,638,416889,718,0,661,2,1526,695,0,"Knox County",470313,290.657498304321,0.160952669902913,152.664289526337,22.3255576605367,16.0952669902913
2021-08-06,54489,203,45110,147,9379,56,49357,163,366814,879,416171,1042,0,661,11,1524,695,1,"Knox County",470313,277.262163707999,0.169189371005718,221.554581735993,43.162744810371,16.9189371005718
2021-08-05,54286,174,44963,131,9323,43,49194,147,365935,850,415129,997,2,661,4,1513,694,2,"Knox County",470313,267.056194491753,0.162817176317502,211.986485595763,36.9966384088894,16.2817176317502
2021-08-04,54112,144,44832,101,9280,43,49047,104,365085,656,414132,760,1,659,4,1509,692,1,"Knox County",470313,230.697429158879,0.15111973196967,161.594512590551,30.6179076487361,15.111973196967
2021-08-03,53968,238,44731,177,9237,61,48943,183,364429,813,413372,996,0,658,5,1505,691,3,"Knox County",470313,244.518012472545,0.155105485232068,211.773861237091,50.6045973638832,15.5105485232068
2021-08-02,53730,97,44554,75,9176,22,48760,82,363616,532,412376,614,2,658,3,1500,688,0,"Knox County",470313,223.255576605367,0.148398576512456,130.551356224472,20.6245627911625,14.8398576512456
2021-08-01,53633,105,44479,89,9154,16,48678,99,363084,526,411762,625,0,656,2,1497,688,2,"Knox County",470313,226.657566344116,0.149165507649513,132.890224169861,22.3255576605367,14.9165507649513
2021-07-31,53528,104,44390,64,9138,40,48579,68,362558,399,411137,467,1,656,6,1495,686,0,"Knox County",470313,226.444941985444,0.153790219960007,99.2955754997204,22.1129333018649,15.3790219960007
2021-07-30,53424,118,44326,83,9098,35,48511,90,362159,339,410670,429,1,655,0,1489,686,1,"Knox County",470313,208.371871498343,0.158142389525368,91.2158498701928,25.0896743232698,15.8142389525368
2021-07-29,53306,117,44243,65,9063,52,48421,68,361820,483,410241,551,0,654,1,1489,685,1,"Knox County",470313,196.252283054051,0.156235929761369,117.15602162815,24.877049964598,15.6235929761369
2021-07-28,53189,131,44178,90,9011,41,48353,95,361337,536,409690,631,0,654,4,1488,684,0,"Knox County",470313,193.488166391318,0.158822165546024,134.165970321892,27.8537909860029,15.8822165546024
2021-07-27,53058,117,44088,78,8970,39,48258,84,360801,499,409059,583,0,654,4,1484,684,0,"Knox County",470313,167.760618992033,0.15025641025641,123.960001105647,24.877049964598,15.025641025641
2021-07-26,52941,97,44010,73,8931,24,48174,79,360302,371,408476,450,1,654,4,1480,684,0,"Knox County",470313,167.760618992033,0.156049250535332,95.6809614023002,20.6245627911625,15.6049250535332
2021-07-25,52844,51,43937,43,8907,8,48095,44,359931,320,408026,364,3,653,5,1476,684,1,"Knox County",470313,156.278903623757,0.151942446043165,77.3952665565272,10.8438422922607,15.1942446043165
2021-07-24,52793,64,43894,43,8899,21,48051,44,359611,348,407662,392,0,650,1,1471,683,2,"Knox County",470313,147.773929276886,0.148235294117647,83.348748599337,13.6079589549938,14.8235294117647
2021-07-23,52729,56,43851,31,8878,25,48007,32,359263,321,407270,353,1,650,3,1470,681,1,"Knox County",470313,134.591219039236,0.134175691937425,75.0563986111377,11.9069640856196,13.4175691937425
2021-07-22,52673,94,43820,69,8853,25,47975,78,358942,474,406917,552,0,649,3,1467,680,0,"Knox County",470313,129.700858789785,0.137142857142857,117.368645986822,19.9866897151471,13.7142857142857
2021-07-21,52579,61,43751,47,8828,14,47897,46,358468,411,406365,457,1,649,1,1464,680,0,"Knox County",470313,114.81715368276,0.129165344335132,97.1693319130026,12.9700858789785,12.9165344335132
2021-07-20,52518,78,43704,43,8814,35,47851,45,358057,299,405908,344,0,648,3,1463,680,0,"Knox County",470313,106.524803694561,0.126373626373626,73.1427793830917,16.5846999763987,12.6373626373626
2021-07-19,52440,48,43661,36,8779,12,47806,42,357758,348,405564,390,0,648,0,1460,680,0,"Knox County",470313,96.1062101196437,0.116058906030856,82.9234998819935,10.2059692162454,11.6058906030856
2021-07-18,52392,36,43625,30,8767,6,47764,31,357410,271,405174,302,0,648,1,1460,680,1,"Knox County",470313,92.916844739567,0.113978494623656,64.212556318877,7.65447691218401,11.3978494623656
2021-07-17,52356,27,43595,20,8761,7,47733,21,357139,202,404872,223,0,648,1,1459,679,0,"Knox County",470313,85.0497434687113,0.112552460892789,47.4152319838065,5.74085768413801,11.2552460892789
2021-07-16,52329,37,43575,21,8754,16,47712,22,356937,291,404649,313,0,648,1,1458,679,0,"Knox County",470313,81.0098806539475,0.110422316931422,66.5514242642666,7.86710127085579,11.0422316931422
2021-07-15,52292,55,43554,42,8738,13,47690,44,356646,364,404336,408,-1,648,1,1457,679,0,"Knox County",470313,72.7175306657481,0.10299548625359,86.7507383380855,11.6943397269478,10.299548625359
2021-07-14,52237,21,43512,17,8725,4,47646,16,356282,269,403928,285,0,649,2,1456,679,0,"Knox County",470313,64.212556318877,0.0975717439293598,60.5979422214568,4.46511153210734,9.75717439293598
2021-07-13,52216,42,43495,26,8721,16,47630,29,356013,355,403643,384,3,649,3,1454,679,0,"Knox County",470313,56.558079406693,0.0889370932754881,81.6477537299628,8.93022306421468,8.89370932754881
2021-07-12,52174,27,43469,21,8705,6,47601,23,355658,270,403259,293,0,646,1,1451,679,1,"Knox County",470313,52.0929678745856,0.0842391304347826,62.298937090831,5.74085768413801,8.42391304347826
2021-07-11,52147,8,43448,3,8699,5,47578,4,355388,136,402966,140,0,646,0,1450,678,0,"Knox County",470313,46.1394858317759,0.0777126099706745,29.7674102140489,1.70099486937423,7.77126099706745
2021-07-10,52139,19,43445,15,8694,4,47574,15,355252,191,402826,206,0,646,1,1450,678,0,"Knox County",470313,44.4384909624016,0.0754066042385411,43.8006178863863,4.03986281476378,7.54066042385411
2021-07-09,52120,27,43430,21,8690,6,47559,21,355061,338,402620,359,0,646,0,1449,678,1,"Knox County",470313,42.3122473756839,0.0732530120481928,76.3321447631684,5.74085768413801,7.32530120481928
2021-07-08,52093,19,43409,14,8684,5,47538,16,354723,317,402261,333,0,646,0,1449,677,2,"Knox County",470313,34.6577704634998,0.062,70.8039114377021,4.03986281476378,6.2
2021-07-07,52074,18,43395,5,8679,13,47522,5,354406,333,401928,338,1,646,1,1449,675,0,"Knox County",470313,34.0198973874845,0.055041402825134,71.867033231061,3.82723845609201,5.5041402825134
2021-07-06,52056,24,43390,9,8666,15,47517,13,354073,263,401590,276,0,645,2,1448,675,0,"Knox County",470313,30.1926589313925,0.0498714652956298,58.6843229934108,5.10298460812268,4.98714652956298
2021-07-05,52032,10,43381,7,8651,3,47504,6,353810,105,401314,111,0,645,1,1446,675,0,"Knox County",470313,26.5780448339723,0.0453771979580261,23.6013038125674,2.12624358671778,4.53771979580261
2021-07-04,52022,8,43374,7,8648,1,47498,7,353705,143,401203,150,0,645,1,1445,675,0,"Knox County",470313,26.5780448339723,0.0468133107727016,31.8936538007667,1.70099486937423,4.68133107727016
2021-07-03,52014,9,43367,7,8647,2,47491,7,353562,184,401053,191,0,645,1,1444,675,0,"Knox County",470313,24.4518012472545,0.0426621160409556,40.6112525063096,1.913619228046,4.26621160409556
2021-07-02,52005,17,43360,13,8645,4,47484,17,353378,342,400862,359,-1,645,0,1443,675,0,"Knox County",470313,22.3255576605367,0.040386803185438,76.3321447631684,3.61461409742023,4.0386803185438
2021-07-01,51988,18,43347,15,8641,3,47467,17,353036,248,400503,265,-1,646,1,1443,675,0,"Knox County",470313,22.1129333018649,0.042603550295858,56.3454550480212,3.82723845609201,4.2603550295858
2021-06-30,51970,18,43332,12,8638,6,47450,11,352788,299,400238,310,0,647,0,1442,675,0,"Knox County",470313,22.1129333018649,0.0469314079422383,65.9135511882512,3.82723845609201,4.69314079422383
2021-06-29,51952,21,43320,16,8632,5,47439,19,352489,437,399928,456,0,647,1,1442,675,0,"Knox County",470313,21.4750602258496,0.0456026058631922,96.9567075543308,4.46511153210734,4.56026058631922
2021-06-28,51931,9,43304,2,8627,7,47420,2,352052,113,399472,115,0,647,0,1441,675,0,"Knox County",470313,21.2624358671778,0.0433369447453954,24.4518012472545,1.913619228046,4.33369447453954
2021-06-27,51922,5,43302,3,8620,2,47418,3,351939,151,399357,154,0,647,0,1441,675,0,"Knox County",470313,20.6245627911625,0.0410810810810811,32.7441512354538,1.06312179335889,4.10810810810811
2021-06-26,51917,3,43299,2,8618,1,47415,2,351788,206,399203,208,0,647,0,1441,675,0,"Knox County",470313,19.3488166391318,0.0380289234065345,44.2258666037299,0.637873076015334,3.80289234065345
2021-06-25,51914,13,43297,9,8617,4,47413,11,351582,311,398995,322,0,647,0,1441,675,0,"Knox County",470313,18.4983192044447,0.0355191256830601,68.4650434923126,2.76411666273312,3.55191256830601
2021-06-24,51901,14,43288,9,8613,5,47402,10,351271,364,398673,374,1,647,1,1441,675,1,"Knox County",470313,17.6478217697576,0.0299123259412068,79.521510143245,2.97674102140489,2.99123259412068
2021-06-23,51887,13,43279,6,8608,7,47392,8,350907,282,398299,290,0,646,0,1440,674,1,"Knox County",470313,16.5846999763987,0.0286607608129234,61.6610640148157,2.76411666273312,2.86607608129234
2021-06-22,51874,14,43273,5,8601,9,47384,5,350625,247,398009,252,2,646,1,1440,673,1,"Knox County",470313,15.0963294656962,0.0239067055393586,53.5813383852881,2.97674102140489,2.39067055393586
2021-06-21,51860,9,43268,8,8592,1,47379,9,350378,289,397757,298,0,644,1,1439,672,0,"Knox County",470313,15.0963294656962,0.0252897787144362,63.3620588841899,1.913619228046,2.52897787144363
2021-06-20,51851,3,43260,2,8591,1,47370,3,350089,161,397459,164,1,644,0,1438,672,0,"Knox County",470313,14.6710807483527,0.0251572327044025,34.8703948221716,0.637873076015334,2.51572327044025
2021-06-19,51848,3,43258,1,8590,2,47367,1,349928,191,397295,192,0,643,0,1438,672,0,"Knox County",470313,14.6710807483527,0.0248414376321353,40.8238768649814,0.637873076015334,2.48414376321353
2021-06-18,51845,5,43257,3,8588,2,47366,3,349737,283,397103,286,1,643,0,1438,672,0,"Knox County",470313,12.9700858789785,0.0210129310344828,60.8105665801286,1.06312179335889,2.10129310344828
2021-06-17,51840,12,43254,8,8586,4,47363,9,349454,515,396817,524,0,642,0,1438,672,1,"Knox County",470313,12.5448371616349,0.0189431704885344,111.415163944012,2.55149230406134,1.89431704885344
2021-06-16,51828,7,43246,4,8582,3,47354,4,348939,362,396293,366,1,642,0,1438,671,0,"Knox County",470313,11.2690910096042,0.0163304514889529,77.8205152738708,1.48837051070245,1.63304514889529
2021-06-15,51821,13,43242,9,8579,4,47350,14,348577,428,395927,442,0,641,0,1438,671,0,"Knox County",470313,11.0564666509325,0.0189260563380282,93.9799665329259,2.76411666273312,1.89260563380282
2021-06-14,51808,7,43233,2,8575,5,47336,3,348149,259,395485,262,1,641,0,1438,671,0,"Knox County",470313,10.6312179335889,0.0165474060822898,55.7075819720059,1.48837051070245,1.65474060822898
2021-06-13,51801,3,43231,3,8570,0,47333,4,347890,128,395223,132,0,640,1,1438,671,0,"Knox County",470313,10.6312179335889,0.0172413793103448,28.0664153446747,0.637873076015334,1.72413793103448
2021-06-12,51798,2,43228,1,8570,1,47329,1,347762,226,395091,227,0,640,0,1437,671,1,"Knox County",470313,10.4185935749171,0.0169718624385887,48.2657294184936,0.425248717343556,1.69718624385887
2021-06-11,51796,7,43227,3,8569,4,47328,2,347536,317,394864,319,0,640,0,1437,670,1,"Knox County",470313,10.8438422922607,0.0162852112676056,67.8271704162972,1.48837051070245,1.62852112676056
2021-06-10,51789,7,43224,4,8565,3,47326,5,347219,358,394545,363,0,640,0,1437,669,0,"Knox County",470313,9.7807204989018,0.0156324017053529,77.1826421978555,1.48837051070245,1.56324017053529
2021-06-09,51782,2,43220,1,8562,1,47321,1,346861,367,394182,368,1,640,0,1437,669,1,"Knox County",470313,8.7175987055429,0.0141978230004733,78.2457639912144,0.425248717343556,1.41978230004733
2021-06-08,51780,5,43219,3,8561,2,47320,4,346494,266,393814,270,1,639,0,1437,668,1,"Knox County",470313,7.01660383616868,0.0103039670273055,57.4085768413801,1.06312179335889,1.03039670273055
2021-06-07,51775,16,43216,10,8559,6,47316,10,346228,316,393544,326,0,638,2,1437,667,0,"Knox County",470313,8.93022306421468,0.0134663341645885,69.3155409269997,3.40198973874845,1.34663341645885
2021-06-06,51759,4,43206,2,8553,2,47306,2,345912,178,393218,180,0,638,0,1435,667,1,"Knox County",470313,9.14284742288646,0.0121773015099854,38.2723845609201,0.850497434687113,1.21773015099854
2021-06-05,51755,5,43204,2,8551,3,47304,3,345734,258,393038,261,0,638,0,1435,666,0,"Knox County",470313,9.7807204989018,0.0129372304743651,55.4949576133341,1.06312179335889,1.29372304743651
2021-06-04,51750,7,43202,2,8548,5,47301,3,345476,325,392777,328,1,638,0,1435,666,0,"Knox County",470313,9.7807204989018,0.0133587786259542,69.7407896443432,1.48837051070245,1.33587786259542
2021-06-03,51743,7,43200,4,8543,3,47298,6,345151,458,392449,464,0,637,0,1435,666,0,"Knox County",470313,9.7807204989018,0.0131998179335457,98.6577024237051,1.48837051070245,1.31998179335457
2021-06-02,51736,20,43196,7,8540,13,47292,6,344693,282,391985,288,0,637,1,1435,666,0,"Knox County",470313,13.6079589549938,0.0160604629192253,61.2358152974721,4.25248717343556,1.60604629192253
2021-06-01,51716,12,43189,9,8527,3,47286,10,344411,291,391697,301,0,637,1,1434,666,0,"Knox County",470313,15.0963294656962,0.0186219739292365,63.9999319602052,2.55149230406134,1.86219739292365
2021-05-31,51704,17,43180,14,8524,3,47276,12,344120,353,391396,365,0,637,0,1433,666,0,"Knox County",470313,15.308953824368,0.0192043895747599,77.607890915199,3.61461409742023,1.92043895747599
2021-05-30,51687,3,43166,1,8521,2,47264,1,343767,203,391031,204,0,637,0,1433,666,1,"Knox County",470313,15.0963294656962,0.018543645409317,43.3753691690427,0.637873076015334,1.8543645409317
2021-05-29,51684,14,43165,8,8519,6,47263,6,343564,199,390827,205,0,637,1,1433,665,2,"Knox County",470313,17.0099486937423,0.0204176334106729,43.5879935277145,2.97674102140489,2.04176334106729
2021-05-28,51670,11,43157,6,8513,5,47257,10,343365,390,390622,400,0,637,1,1432,663,0,"Knox County",470313,17.8604461284294,0.0229007633587786,85.0497434687113,2.33886794538956,2.29007633587786
2021-05-27,51659,23,43151,8,8508,15,47247,9,342975,341,390222,350,0,637,1,1431,663,0,"Knox County",470313,21.2624358671778,0.0255560814008519,74.4185255351224,4.8903602494509,2.55560814008519
2021-05-26,51636,16,43143,8,8493,8,47238,11,342634,572,389872,583,0,637,0,1430,663,0,"Knox County",470313,20.4119384324907,0.0245016611295681,123.960001105647,3.40198973874845,2.45016611295681
2021-05-25,51620,18,43135,8,8485,10,47227,7,342062,311,389289,318,0,637,1,1430,663,0,"Knox County",470313,21.6876845845214,0.0230927835051546,67.6145460576254,3.82723845609201,2.30927835051546
2021-05-24,51602,25,43127,21,8475,4,47220,24,341751,425,388971,449,0,637,1,1429,663,1,"Knox County",470313,23.3886794538956,0.027102431247509,95.4683370436284,5.31560896679445,2.7102431247509
2021-05-23,51577,16,43106,8,8471,8,47196,8,341326,225,388522,233,1,637,1,1428,662,1,"Knox County",470313,26.1527961166287,0.0295508274231678,49.5414755705243,3.40198973874845,2.95508274231678
2021-05-22,51561,8,43098,4,8463,4,47188,4,341101,269,388289,273,0,636,0,1427,661,0,"Knox County",470313,24.877049964598,0.0280122793553338,58.0464499173954,1.70099486937423,2.80122793553338
2021-05-21,51553,16,43094,12,8459,4,47184,13,340832,377,388016,390,0,636,1,1427,661,1,"Knox County",470313,25.9401717579569,0.0292758089368259,82.9234998819935,3.40198973874845,2.92758089368259
2021-05-20,51537,34,43082,26,8455,8,47171,27,340455,594,387626,621,0,636,1,1426,660,1,"Knox County",470313,28.2790397033465,0.0327868852459016,132.039726735174,7.22922819484046,3.27868852459016
2021-05-19,51503,14,43056,6,8447,8,47144,6,339861,544,387005,550,0,636,1,1425,659,0,"Knox County",470313,27.8537909860029,0.0314043754410727,116.943397269478,2.97674102140489,3.14043754410727
2021-05-18,51489,24,43050,14,8439,10,47138,14,339317,444,386455,458,1,636,0,1424,659,1,"Knox County",470313,29.1295371380336,0.0322797579018157,97.3819562716744,5.10298460812268,3.22797579018157
2021-05-17,51465,15,43036,8,8429,7,47124,8,338873,420,385997,428,0,635,0,1424,658,0,"Knox County",470313,27.0032935513158,0.0270910938029123,91.003225511521,3.18936538007667,2.70910938029123
2021-05-16,51450,22,43028,13,8422,9,47116,12,338453,272,385569,284,1,635,1,1424,658,1,"Knox County",470313,28.2790397033465,0.0279627163781625,60.385317862785,4.67773589077912,2.79627163781625
2021-05-15,51428,23,43015,13,8413,10,47104,17,338181,336,385285,353,0,634,2,1423,657,1,"Knox County",470313,31.4684050834232,0.0314526588845655,75.0563986111377,4.8903602494509,3.14526588845655
2021-05-14,51405,36,43002,25,8403,11,47087,26,337845,498,384932,524,0,634,4,1421,656,0,"Knox County",470313,35.7208922568587,0.0341827221876942,111.415163944012,7.65447691218401,3.41827221876942
2021-05-13,51369,31,42977,17,8392,14,47061,17,337347,376,384408,393,0,634,0,1417,656,0,"Knox County",470313,35.0830191808434,0.0334448160535117,83.5613729580088,6.59135511882512,3.34448160535117
2021-05-12,51338,34,42960,28,8378,6,47044,26,336971,506,384015,532,0,634,0,1417,656,0,"Knox County",470313,39.335506354279,0.0403768506056528,113.116158813386,7.22922819484046,4.03768506056528
2021-05-11,51304,36,42932,30,8372,6,47018,31,336465,555,383483,586,0,634,4,1417,656,0,"Knox County",470313,41.8869986583403,0.0441935483870968,124.597874181662,7.65447691218401,4.41935483870968
2021-05-10,51268,21,42902,14,8366,7,46987,13,335910,277,382897,290,1,634,1,1413,656,1,"Knox County",470313,43.162744810371,0.0479405806887238,61.6610640148157,4.46511153210734,4.79405806887238
2021-05-09,51247,17,42888,14,8359,3,46974,17,335633,369,382607,386,0,633,1,1412,655,0,"Knox County",470313,42.0996230170121,0.047976501305483,82.0730024473064,3.61461409742023,4.7976501305483
2021-05-08,51230,20,42874,11,8356,9,46957,14,335264,307,382221,321,0,633,1,1411,655,0,"Knox County",470313,41.4617499409967,0.0474934036939314,68.2524191336408,4.25248717343556,4.74934036939314
2021-05-07,51210,43,42863,31,8347,12,46943,33,334957,576,381900,609,0,633,0,1410,655,0,"Knox County",470313,42.9501204516992,0.0484440166827077,129.488234431113,9.14284742288646,4.84440166827077
2021-05-06,51167,40,42832,26,8335,14,46910,28,334381,340,381291,368,1,633,0,1410,655,1,"Knox County",470313,44.8637396797452,0.0523932729624838,78.2457639912144,8.50497434687113,5.23932729624838
2021-05-05,51127,51,42806,32,8321,19,46882,38,334041,585,380923,623,0,632,4,1410,654,0,"Knox County",470313,48.4783537771654,0.0546654099905749,132.464975452518,10.8438422922607,5.46654099905749
2021-05-04,51076,50,42774,32,8302,18,46844,34,333456,536,380300,570,0,632,0,1406,654,0,"Knox County",470313,51.4550947985703,0.0558888538048626,121.195884442914,10.6312179335889,5.58888538048626
2021-05-03,51026,24,42742,9,8284,15,46810,7,332920,309,379730,316,1,632,1,1406,654,1,"Knox County",470313,52.0929678745856,0.053554650798622,67.1892973402819,5.10298460812268,5.3554650798622
2021-05-02,51002,25,42733,18,8269,7,46803,20,332611,288,379414,308,0,631,2,1405,653,0,"Knox County",470313,53.7939627439599,0.0558587479935795,65.4883024709077,5.31560896679445,5.58587479935795
2021-05-01,50977,45,42715,35,8262,10,46783,37,332323,450,379106,487,0,631,2,1403,653,0,"Knox County",470313,59.1095717107543,0.060042669917708,103.548062673156,9.56809614023002,6.0042669917708
2021-04-30,50932,58,42680,30,8252,28,46746,29,331873,567,378619,596,0,631,3,1401,653,1,"Knox County",470313,62.298937090831,0.0590575275397797,126.72411776838,12.3322128029631,5.90575275397797
2021-04-29,50874,54,42650,34,8224,20,46717,35,331306,571,378023,606,0,631,2,1398,652,0,"Knox County",470313,65.2756781122359,0.0570450656018254,128.850361355098,11.481715368276,5.70450656018254
2021-04-28,50820,47,42616,28,8204,19,46682,34,330735,543,377417,577,4,631,1,1396,652,2,"Knox County",470313,64.4251806775488,0.0566473988439306,122.684254953616,9.99334485757357,5.66473988439306
2021-04-27,50773,39,42588,17,8185,22,46648,20,330192,392,376840,412,1,627,2,1395,650,1,"Knox County",470313,62.0863127321592,0.0551181102362205,87.6012357727726,8.29234998819935,5.51181102362205
2021-04-26,50734,69,42571,36,8163,33,46628,40,329800,480,376428,520,1,626,0,1393,649,2,"Knox County",470313,71.6544088723892,0.0613234455219624,110.564666509325,14.6710807483527,6.13234455219624
2021-04-25,50665,38,42535,25,8130,13,46588,26,329320,341,375908,367,0,625,3,1393,647,0,"Knox County",470313,74.4185255351224,0.0619915848527349,78.0331396325426,8.07972562952757,6.19915848527349
2021-04-24,50627,35,42510,22,8117,13,46562,28,328979,509,375541,537,0,625,3,1390,647,1,"Knox County",470313,72.2922819484046,0.0586445366528354,114.179280606745,7.44185255351224,5.86445366528354
2021-04-23,50592,43,42488,31,8104,12,46534,36,328470,553,375004,589,0,625,2,1387,646,1,"Knox County",470313,69.1029165683279,0.0606984478935698,125.235747257677,9.14284742288646,6.06984478935698
2021-04-22,50549,79,42457,62,8092,17,46498,65,327917,787,374415,852,1,625,1,1385,645,1,"Knox County",470313,74.4185255351224,0.0646081992734821,181.155953588355,16.7973243350705,6.46081992734821
2021-04-21,50470,62,42395,34,8075,28,46433,35,327130,479,373563,514,1,624,1,1384,644,1,"Knox County",470313,77.607890915199,0.065945660775521,109.288920357294,13.1827102376502,6.5945660775521
2021-04-20,50408,38,42361,34,8047,4,46398,38,326651,474,373049,512,1,623,1,1383,643,1,"Knox County",470313,77.3952665565272,0.0688768953996402,108.86367163995,8.07972562952757,6.88768953996402
2021-04-19,50370,65,42327,41,8043,24,46360,39,326177,336,372537,375,0,622,0,1382,642,0,"Knox County",470313,76.5447691218401,0.0712760277629471,79.7341345019168,13.8205833136656,7.12760277629471
2021-04-18,50305,38,42286,27,8019,11,46321,32,325841,364,372162,396,0,622,1,1382,642,1,"Knox County",470313,76.5447691218401,0.072317880794702,84.1992460340241,8.07972562952757,7.2317880794702
2021-04-17,50267,37,42259,18,8008,19,46289,23,325477,335,371766,358,0,622,1,1381,641,0,"Knox County",470313,76.9700178391837,0.0745272525027809,76.1195204044966,7.86710127085579,7.45272525027809
2021-04-16,50230,345,42241,329,7989,16,46266,368,325142,2088,371408,2456,1,622,4,1380,641,1,"Knox County",470313,141.182574158061,0.109829763866008,522.205424897887,73.3554037417635,10.9829763866008
2021-04-15,49885,86,41912,54,7973,32,45898,55,323054,577,368952,632,1,621,0,1376,640,1,"Knox County",470313,142.670944668763,0.112530993705894,134.378594680564,18.2856948457729,11.2530993705894
2021-04-14,49799,85,41858,60,7941,25,45843,62,322477,684,368320,746,0,620,3,1376,639,0,"Knox County",470313,147.561304918214,0.112694063926941,158.617771569146,18.0730704871011,11.2694063926941
2021-04-13,49714,68,41798,38,7916,30,45781,43,321793,339,367574,382,-5,620,1,1373,639,0,"Knox County",470313,153.940035678367,0.116370439663237,81.2225050126193,14.4584563896809,11.6370439663237
2021-04-12,49646,63,41760,43,7886,20,45738,50,321454,360,367192,410,1,625,0,1372,639,1,"Knox County",470313,153.514786961024,0.117657992565056,87.175987055429,13.395334596322,11.7657992565056
2021-04-11,49583,26,41717,14,7866,12,45688,14,321094,296,366782,310,2,624,0,1372,638,0,"Knox County",470313,150.963294656962,0.116169248205516,65.9135511882512,5.52823332546623,11.6169248205516
2021-04-10,49557,50,41703,33,7854,17,45674,41,320798,571,366472,612,0,622,1,1372,638,1,"Knox County",470313,153.727411319696,0.114095169430425,130.126107507128,10.6312179335889,11.4095169430425
2021-04-09,49507,82,41670,62,7837,20,45633,71,320227,620,365860,691,5,622,2,1371,637,0,"Knox County",470313,97.807204989018,0.0888183980967486,146.923431842199,17.4351974110858,8.88183980967486
2021-04-08,49425,49,41608,26,7817,23,45562,26,319607,465,365169,491,-6,617,0,1369,637,1,"Knox County",470313,89.9401037181622,0.0842943437671609,104.398560107843,10.4185935749171,8.42943437671609
2021-04-07,49376,77,41582,54,7794,23,45536,57,319142,767,364678,824,2,623,1,1369,636,0,"Knox County",470313,88.2391088487879,0.0811827956989247,175.202471545545,16.3720756177269,8.11827956989247
2021-04-06,49299,75,41528,41,7771,34,45479,45,318375,419,363854,464,2,621,0,1368,636,0,"Knox County",470313,89.7274793594904,0.0799579168858496,98.6577024237051,15.9468269003834,7.99579168858495
2021-04-05,49224,44,41487,32,7737,12,45434,35,317956,266,363390,301,0,619,3,1368,636,2,"Knox County",470313,85.6876165447266,0.0782561603032765,63.9999319602052,9.35547178155824,7.82561603032765
2021-04-04,49180,49,41455,31,7725,18,45399,40,317690,341,363089,381,3,619,0,1365,634,1,"Knox County",470313,90.5779767941775,0.0836875664187035,81.0098806539475,10.4185935749171,8.36875664187035
2021-04-03,49131,81,41424,64,7707,17,45359,71,317349,593,362708,664,0,616,0,1365,633,3,"Knox County",470313,97.1693319130026,0.0904088050314465,141.182574158061,17.222573052414,9.04088050314465
2021-04-02,49050,74,41360,44,7690,30,45288,45,316756,529,362044,574,0,616,2,1365,630,2,"Knox County",470313,95.4683370436284,0.0862395241957286,122.046381877601,15.7342025417116,8.62395241957286
2021-04-01,48976,76,41316,64,7660,12,45243,67,316227,580,361470,647,1,616,1,1363,628,0,"Knox County",470313,101.209194727766,0.0933852140077821,137.56796006064,16.1594512590551,9.33852140077821
2021-03-31,48900,87,41252,66,7648,21,45176,72,315647,765,360823,837,3,615,2,1362,628,2,"Knox County",470313,103.335438314484,0.0969493278179938,177.966588208278,18.4983192044447,9.69493278179938
2021-03-30,48813,56,41186,32,7627,24,45104,38,314882,460,359986,498,1,612,2,1360,626,2,"Knox County",470313,99.2955754997204,0.0943106099436187,105.886930618546,11.9069640856196,9.43106099436187
2021-03-29,48757,43,41154,21,7603,22,45066,22,314422,399,359488,421,5,611,0,1358,624,1,"Knox County",470313,99.0829511410486,0.0882645450024863,89.5148550008186,9.14284742288646,8.82645450024863
2021-03-28,48714,80,41133,46,7581,34,45044,49,314023,484,359067,533,2,606,5,1358,623,1,"Knox County",470313,105.674306259874,0.0872065165309056,113.328783172058,17.0099486937423,8.72065165309056
2021-03-27,48634,43,41087,40,7547,3,44995,42,313539,442,358534,484,0,604,2,1353,622,2,"Knox County",470313,97.5945806303462,0.0838758137205809,102.910189597141,9.14284742288646,8.38758137205809
2021-03-26,48591,79,41047,54,7544,25,44953,60,313097,416,358050,476,0,604,2,1351,620,2,"Knox County",470313,98.6577024237051,0.0898357289527721,101.209194727766,16.7973243350705,8.98357289527721
2021-03-25,48512,87,40993,63,7519,24,44893,67,312681,570,357574,637,0,604,4,1349,618,1,"Knox County",470313,100.996570369095,0.0900669068450849,135.441716473923,18.4983192044447,9.00669068450849
2021-03-24,48425,123,40930,93,7495,30,44826,95,312111,780,356937,875,1,604,3,1345,617,1,"Knox County",470313,108.651047281279,0.0950560652395515,186.046313837806,26.1527961166287,9.50560652395515
2021-03-23,48302,88,40837,58,7465,30,44731,63,311331,530,356062,593,1,603,3,1342,616,1,"Knox County",470313,115.455026758776,0.0990296093555611,126.086244692364,18.7109435631165,9.90296093555611
2021-03-22,48214,114,40779,79,7435,35,44668,81,310801,517,355469,598,2,602,1,1339,615,0,"Knox County",470313,130.551356224472,0.108913250714967,127.149366485723,24.2391768885827,10.8913250714967
2021-03-21,48100,50,40700,33,7400,17,44587,34,310284,330,354871,364,-2,600,1,1338,615,1,"Knox County",470313,124.172625464318,0.109759125900174,77.3952665565272,10.6312179335889,10.9759125900174
2021-03-20,48050,59,40667,29,7383,30,44553,33,309954,315,354507,348,0,602,4,1337,614,0,"Knox County",470313,127.574615203067,0.111282446671807,73.9932768177788,12.5448371616349,11.1282446671807
2021-03-19,47991,146,40638,102,7353,44,44520,117,309639,955,354159,1072,3,602,3,1333,614,1,"Knox County",470313,141.820447234076,0.109204368174727,227.933312496146,31.0431563660796,10.9204368174727
2021-03-18,47845,68,40536,50,7309,18,44403,66,308684,627,353087,693,2,599,1,1330,613,0,"Knox County",470313,137.780584419312,0.107638124587277,147.348680559542,14.4584563896809,10.7638124587277
2021-03-17,47777,46,40486,36,7291,10,44337,41,308057,498,352394,539,1,597,3,1329,613,2,"Knox County",470313,121.408508801585,0.103399096743523,114.604529324088,9.7807204989018,10.3399096743523
2021-03-16,47731,128,40450,84,7281,44,44296,100,307559,698,351855,798,0,596,3,1326,611,1,"Knox County",470313,129.913483148456,0.106980961015413,169.674238220079,27.2159179099876,10.6980961015413
2021-03-15,47603,44,40366,28,7237,16,44196,39,306861,290,351057,329,1,596,1,1323,610,1,"Knox County",470313,115.029778041432,0.103789524499155,69.953414003015,9.35547178155824,10.3789524499155
2021-03-14,47559,60,40338,38,7221,22,44157,46,306571,405,350728,451,0,595,0,1322,609,0,"Knox County",470313,117.15602162815,0.104491725768322,95.893585760972,12.7574615203067,10.4491725768322
2021-03-13,47499,71,40300,34,7199,37,44111,41,306166,623,350277,664,1,595,1,1322,609,2,"Knox County",470313,119.707513932211,0.098988121425429,141.182574158061,15.0963294656962,9.8988121425429
2021-03-12,47428,63,40266,60,7162,3,44070,67,305543,691,349613,758,0,594,1,1321,607,2,"Knox County",470313,102.059692162454,0.0945179584120983,161.169263873208,13.395334596322,9.45179584120983
2021-03-11,47365,81,40206,54,7159,27,44003,65,304852,627,348855,692,2,594,0,1320,605,1,"Knox County",470313,104.823808825187,0.0943039470574332,147.13605620087,17.222573052414,9.43039470574332
2021-03-10,47284,95,40152,72,7132,23,43938,82,304225,1001,348163,1083,2,592,0,1320,604,0,"Knox County",470313,115.242402400104,0.0921465968586387,230.272180441536,20.1993140738189,9.21465968586387
2021-03-09,47189,80,40080,50,7109,30,43856,55,303224,597,347080,652,0,590,2,1320,604,5,"Knox County",470313,105.036433183858,0.0853316050982934,138.631081853999,17.0099486937423,8.53316050982934
2021-03-08,47109,85,40030,57,7079,28,43801,63,302627,411,346428,474,1,590,0,1318,599,2,"Knox County",470313,113.754031889401,0.0877670716380394,100.783946010423,18.0730704871011,8.77670716380394
2021-03-07,47024,64,39973,40,7051,24,43738,42,302216,327,345954,369,0,589,0,1318,597,0,"Knox County",470313,114.604529324088,0.0884484228473998,78.4583883498861,13.6079589549938,8.84484228473998
2021-03-06,46960,125,39933,87,7027,38,43696,95,301889,848,345585,943,0,589,1,1318,597,0,"Knox County",470313,126.086244692364,0.0943472138402736,200.504770227487,26.5780448339723,9.43472138402736
2021-03-05,46835,70,39846,44,6989,26,43601,49,301041,520,344642,569,2,589,2,1317,597,2,"Knox County",470313,127.574615203067,0.0943120033458804,120.983260084242,14.8837051070245,9.43120033458804
2021-03-04,46765,113,39802,86,6963,27,43552,100,300521,1094,344073,1194,5,587,2,1315,595,2,"Knox County",470313,134.378594680564,0.0919757759273278,253.873484254103,24.0265525299109,9.19757759273278
2021-03-03,46652,74,39716,33,6936,41,43452,40,299427,497,342879,537,1,582,4,1313,593,1,"Knox County",470313,129.913483148456,0.0937104263402279,114.179280606745,15.7342025417116,9.37104263402279
2021-03-02,46578,133,39683,91,6895,42,43412,99,298930,807,342342,906,-1,581,2,1309,592,5,"Knox County",470313,141.182574158061,0.0977564102564103,192.637668956631,28.2790397033465,9.77564102564103
2021-03-01,46445,59,39592,33,6853,26,43313,35,298123,165,341436,200,1,582,1,1307,587,0,"Knox County",470313,135.654340832594,0.0974989402289105,42.5248717343556,12.5448371616349,9.74989402289106
2021-02-28,46386,77,39559,53,6827,24,43278,63,297958,563,341236,626,2,581,2,1306,587,1,"Knox County",470313,138.418457495328,0.0966834170854271,133.102848528533,16.3720756177269,9.66834170854271
2021-02-27,46309,82,39506,47,6803,35,43215,59,297395,670,340610,729,1,579,3,1304,586,1,"Knox County",470313,129.275610072441,0.0934677588741861,155.003157471726,17.4351974110858,9.34677588741861
2021-02-26,46227,106,39459,69,6768,37,43156,80,296725,505,339881,585,5,578,1,1301,585,0,"Knox County",470313,136.930086984625,0.099644128113879,124.38524982299,22.5381820192085,9.9644128113879
2021-02-25,46121,131,39390,92,6731,39,43076,98,296220,1029,339296,1127,2,573,5,1300,585,1,"Knox County",470313,140.757325440717,0.100636942675159,239.627652223094,27.8537909860029,10.0636942675159
2021-02-24,45990,102,39298,72,6692,30,42978,80,295191,969,338169,1049,2,571,2,1295,584,1,"Knox County",470313,146.710807483527,0.0984297204136346,223.042952246695,21.6876845845214,9.84297204136346
2021-02-23,45888,119,39226,65,6662,54,42898,72,294222,758,337120,830,5,569,6,1293,583,2,"Knox County",470313,143.734066462122,0.0946366109599689,176.478217697576,25.3022986819416,9.46366109599689
2021-02-22,45769,62,39161,33,6608,29,42826,38,293464,306,336290,344,3,564,3,1287,581,2,"Knox County",470313,144.371939538137,0.0926275992438563,73.1427793830917,13.1827102376502,9.26275992438563
2021-02-21,45707,82,39128,41,6579,41,42788,45,293158,499,335946,544,2,561,3,1284,579,3,"Knox County",470313,145.435061331496,0.0906298003072197,115.667651117447,17.4351974110858,9.06298003072197
2021-02-20,45625,137,39087,98,6538,39,42743,115,292659,1007,335402,1122,1,559,2,1281,576,1,"Knox County",470313,157.129401058444,0.0942688805570434,238.564530429735,29.1295371380336,9.42688805570434
2021-02-19,45488,94,38989,42,6499,52,42628,48,291652,274,334280,322,1,558,2,1279,575,2,"Knox County",470313,154.577908754383,0.0929186961408767,68.4650434923126,19.9866897151471,9.29186961408767
2021-02-18,45394,154,38947,110,6447,44,42580,119,291378,987,333958,1106,4,557,5,1277,573,6,"Knox County",470313,159.468269003834,0.097235283054354,235.162540690987,32.7441512354538,9.7235283054354
2021-02-17,45240,114,38837,68,6403,46,42461,76,290391,891,332852,967,1,553,4,1272,567,3,"Knox County",470313,162.019761307895,0.0979942693409742,205.607754835609,24.2391768885827,9.79942693409742
2021-02-16,45126,145,38769,89,6357,56,42385,102,289500,818,331885,920,2,552,4,1268,564,0,"Knox County",470313,167.547994633361,0.101971830985915,195.614409978036,30.8305320074078,10.1971830985915
2021-02-15,44981,76,38680,36,6301,40,42283,44,288682,312,330965,356,2,550,1,1264,564,1,"Knox County",470313,170.524735654766,0.102866779089376,75.694271687153,16.1594512590551,10.2866779089376
2021-02-14,44905,164,38644,134,6261,30,42239,134,288370,706,330609,840,2,548,5,1263,563,1,"Knox County",470313,187.959933065852,0.113261139712409,178.604461284294,34.8703948221716,11.3261139712409
2021-02-13,44741,133,38510,89,6231,44,42105,105,287664,870,329769,975,4,546,6,1258,562,4,"Knox County",470313,187.109435631165,0.114473204520598,207.308749704984,28.2790397033465,11.4473204520598
2021-02-12,44608,179,38421,114,6187,65,42000,123,286794,996,328794,1119,3,542,3,1252,558,1,"Knox County",470313,205.182506118266,0.111889224892567,237.92665735372,38.0597602022483,11.1889224892567
2021-02-11,44429,163,38307,113,6122,50,41877,118,285798,1132,327675,1250,5,539,5,1249,557,2,"Knox County",470313,207.096125346312,0.109226699859966,265.780448339723,34.6577704634998,10.9226699859966
2021-02-10,44266,148,38194,106,6072,42,41759,112,284666,1032,326425,1144,7,534,6,1244,555,2,"Knox County",470313,214.325353541152,0.111750454270139,243.242266320514,31.4684050834232,11.1750454270139
2021-02-09,44118,210,38088,155,6030,55,41647,165,283634,1022,325281,1187,0,527,6,1238,553,5,"Knox County",470313,228.145936854818,0.116576917479261,252.385113743401,44.6511153210734,11.6576917479261
2021-02-08,43908,104,37933,69,5975,35,41482,73,282612,371,324094,444,4,527,2,1232,548,3,"Knox County",470313,234.099418897628,0.119270010058917,94.4052152502695,22.1129333018649,11.9270010058917
2021-02-07,43804,109,37864,76,5940,33,41409,83,282241,716,323650,799,1,523,2,1230,545,1,"Knox County",470313,222.40507917068,0.112604799074877,169.886862578751,23.1760550952238,11.2604799074877
2021-02-06,43695,304,37788,176,5907,128,41326,197,281525,1396,322851,1593,2,522,6,1228,544,4,"Knox County",470313,258.763844503554,0.11557855626327,338.710603364143,64.6378050362206,11.557855626327
2021-02-05,43391,176,37612,130,5779,46,41129,143,280129,727,321258,870,8,520,4,1222,540,3,"Knox County",470313,258.125971427539,0.122272540139975,184.983192044447,37.421887126233,12.2272540139975
2021-02-04,43215,201,37482,150,5733,51,40986,160,279402,1581,320388,1741,2,512,7,1218,537,8,"Knox County",470313,266.205697057066,0.119953715608125,370.179008447566,42.7374960930274,11.9953715608125
2021-02-03,43014,230,37332,165,5682,65,40826,172,277821,1634,318647,1806,5,510,7,1211,529,0,"Knox County",470313,283.640894468152,0.117654028436019,383.999591761231,48.903602494509,11.7654028436019
2021-02-02,42784,90,37167,69,5617,21,40654,77,276187,291,316841,368,7,505,1,1204,529,2,"Knox County",470313,258.125971427539,0.118750820102349,78.2457639912144,19.13619228046,11.8750820102349
2021-02-01,42694,153,37098,82,5596,71,40577,97,275896,425,316473,522,4,498,2,1203,527,3,"Knox County",470313,268.544565002456,0.120665021431355,110.989915226668,32.5315268767821,12.0665021431355
2021-01-31,42541,175,37016,121,5525,54,40480,129,275471,939,315951,1068,7,494,4,1201,524,2,"Knox County",470313,282.577772674793,0.122364457831325,227.082815061459,37.2092627675612,12.2364457831325
2021-01-30,42366,276,36895,232,5471,44,40351,250,274532,1518,314883,1768,7,487,9,1197,522,6,"Knox County",470313,276.624290631983,0.12624339923861,375.919866131704,58.6843229934108,12.624339923861
2021-01-29,42090,101,36663,52,5427,49,40101,62,273014,376,313115,438,4,480,1,1188,516,5,"Knox County",470313,260.6774637316,0.122811567890027,93.1294690982388,21.4750602258496,12.2811567890027
2021-01-28,41989,158,36611,117,5378,41,40039,129,272638,656,312677,785,9,476,6,1187,511,4,"Knox County",470313,251.534616308714,0.13560325684678,166.910121557346,33.594648670141,13.560325684678
2021-01-27,41831,169,36494,124,5337,45,39910,125,271982,893,311892,1018,12,467,3,1181,507,4,"Knox County",470313,238.564530429735,0.14563432210491,216.45159712787,35.9335166155305,14.563432210491
2021-01-26,41662,234,36370,173,5292,61,39785,193,271089,1041,310874,1234,3,455,8,1178,503,7,"Knox County",470313,269.182438078471,0.144153373335285,262.378458600974,49.7540999291961,14.4153373335285
2021-01-25,41428,157,36197,105,5231,52,39592,115,270048,415,309640,530,9,452,1,1170,496,4,"Knox County",470313,270.032935513158,0.146615991814062,112.690910096042,33.3820243114692,14.6615991814062
2021-01-24,41271,154,36092,102,5179,52,39477,109,269633,790,309110,899,4,443,2,1169,492,5,"Knox County",470313,265.567823981051,0.147332134292566,191.149298445929,32.7441512354538,14.7332134292566
2021-01-23,41117,309,35990,222,5127,87,39368,231,268843,1492,308211,1723,7,439,7,1167,487,4,"Knox County",470313,272.58442781722,0.145465519843066,366.351769991474,65.7009268295794,14.5465519843066
2021-01-22,40808,177,35768,141,5040,36,39137,175,267351,1172,306488,1347,3,432,8,1160,483,8,"Knox County",470313,288.743879076275,0.142914012738854,286.405011130885,37.6345114849047,14.2914012738854
2021-01-21,40631,267,35627,194,5004,73,38962,203,266179,1080,305141,1283,11,429,6,1152,475,6,"Knox County",470313,311.919934171499,0.143266118994274,272.797052175891,56.7707037653648,14.3266118994274
2021-01-20,40364,193,35433,132,4931,61,38759,131,265099,736,303858,867,10,418,8,1146,469,10,"Knox County",470313,317.022918779621,0.146771533680071,184.345318968432,41.0365012236532,14.6771533680071
2021-01-19,40171,311,35301,196,4870,115,38628,219,264363,956,302991,1175,8,408,14,1138,459,3,"Knox County",470313,333.394994397348,0.151201431492843,249.833621439339,66.126175546923,15.1201431492843
2021-01-18,39860,129,35105,80,4755,49,38409,87,263407,472,301816,559,7,400,4,1124,456,9,"Knox County",470313,327.441512354538,0.147077549980899,118.857016497524,27.4285422686594,14.7077549980899
2021-01-17,39731,181,35025,138,4706,43,38322,151,262935,690,301257,841,3,393,8,1120,447,6,"Knox County",470313,333.182370038676,0.153559974342527,178.817085642965,38.4850089195918,15.3559974342527
2021-01-16,39550,419,34887,339,4663,80,38171,388,262245,1757,300416,2145,1,390,7,1112,441,8,"Knox County",470313,356.571049492572,0.164780333455032,456.079249350964,89.089606283475,16.4780333455032
2021-01-15,39131,187,34548,149,4583,38,37783,153,260488,755,298271,908,0,389,4,1105,433,10,"Knox County",470313,358.69729307929,0.171252249935716,193.062917673975,39.7607550716225,17.1252249935716
2021-01-14,38944,336,34399,266,4545,70,37630,290,259733,1480,297363,1770,6,389,8,1101,423,7,"Knox County",470313,373.368373827642,0.171687840290381,376.345114849047,71.4417845137175,17.1687840290381
2021-01-13,38608,248,34133,200,4475,48,37340,206,258253,946,295593,1152,12,383,6,1093,416,2,"Knox County",470313,385.06271355459,0.174736842105263,244.943261189888,52.730840950601,17.4736842105263
2021-01-12,38360,331,33933,260,4427,71,37134,282,257307,1180,294441,1462,10,371,6,1087,414,5,"Knox County",470313,389.315200728026,0.176191015050356,310.85681237814,70.3786627203586,17.6191015050356
2021-01-11,38029,244,33673,197,4356,47,36852,228,256127,726,292979,954,4,361,5,1081,409,6,"Knox County",470313,413.76700197528,0.18392547660312,202.843638172876,51.8803435159139,18.392547660312
2021-01-10,37785,328,33476,205,4309,123,36624,222,255401,1013,292025,1235,5,357,17,1076,403,6,"Knox County",470313,445.022782700032,0.183773114481612,262.591082959646,69.7407896443432,18.3773114481612
2021-01-09,37457,473,33271,391,4186,82,36402,426,254388,1383,290790,1809,5,352,11,1059,397,2,"Knox County",470313,456.504498068308,0.194510226049516,384.637464837247,100.571321651751,19.4510226049516
2021-01-08,36984,456,32880,368,4104,88,35976,389,253005,1432,288981,1821,7,347,6,1048,395,8,"Knox County",470313,513.700450551016,0.200235224933843,387.188957141308,96.9567075543308,20.0235224933843
2021-01-07,36528,388,32512,345,4016,43,35587,354,251573,1309,287160,1663,10,340,10,1042,387,3,"Knox County",470313,524.756917201948,0.208696513470681,353.594308471167,82.4982511646499,20.8696513470681
2021-01-06,36140,493,32167,360,3973,133,35233,376,250264,1187,285497,1563,9,330,15,1032,384,9,"Knox County",470313,576.849885076534,0.216712667745313,332.331872603989,104.823808825187,21.6712667745313
2021-01-05,35647,518,31807,327,3840,191,34857,345,249077,1192,283934,1537,14,321,14,1017,375,6,"Knox County",470313,616.610640148157,0.221130221130221,326.803639278523,110.139417791981,22.1130221130221
2021-01-04,35129,322,31480,228,3649,94,34512,249,247885,654,282397,903,6,307,6,1003,369,8,"Knox County",470313,633.195340124555,0.224195233121261,191.999795880616,68.4650434923126,22.4195233121261
2021-01-03,34807,284,31252,182,3555,102,34263,195,247231,608,281494,803,2,301,10,997,361,9,"Knox County",470313,623.839868342997,0.231111991286266,170.737360013438,60.385317862785,23.1111991286266
2021-01-02,34523,422,31070,319,3453,103,34068,345,246623,1095,280691,1440,0,299,22,987,352,4,"Knox County",470313,612.996026050736,0.231551901336074,306.179076487361,89.7274793594904,23.1551901336074
2021-01-01,34101,419,30751,349,3350,70,33723,374,245528,1297,279251,1671,2,299,8,965,348,6,"Knox County",470313,605.128924779881,0.233611691022965,355.295303340541,89.089606283475,23.3611691022965
2020-12-31,33682,449,30402,312,3280,137,33349,322,244231,929,277580,1251,12,297,8,957,342,3,"Knox County",470313,618.099010658859,0.240619546247819,265.993072698394,95.4683370436284,24.0619546247819
2020-12-30,33233,363,30090,248,3143,115,33027,271,243302,931,276329,1202,6,285,9,949,339,4,"Knox County",470313,590.457844031528,0.238560236175769,255.574479123477,77.1826421978555,23.8560236175769
2020-12-29,32870,590,29842,398,3028,192,32756,420,242371,1081,275127,1501,7,279,14,940,335,8,"Knox County",470313,605.766797855896,0.248090297571543,319.149162366339,125.448371616349,24.8090297571543
2020-12-28,32280,252,29444,174,2836,78,32336,185,241290,565,273626,750,4,272,4,926,327,5,"Knox County",470313,590.883092748871,0.245068461359944,159.468269003834,53.5813383852881,24.5068461359944
2020-12-27,32028,230,29270,156,2758,74,32151,172,240725,489,272876,661,3,268,8,922,322,7,"Knox County",470313,579.401377380595,0.246460594620104,140.544701082045,48.903602494509,24.6460594620104
2020-12-26,31798,359,29114,289,2684,70,31979,329,240236,1063,272215,1392,0,265,10,914,315,6,"Knox County",470313,566.006042784273,0.245965828191742,295.973107271115,76.3321447631684,24.5965828191742
2020-12-25,31439,353,28825,287,2614,66,31650,308,239173,1070,270823,1378,1,265,5,904,309,7,"Knox County",470313,551.972835111936,0.246711739397664,292.99636624971,75.0563986111377,24.6711739397664
2020-12-24,31086,351,28538,277,2548,74,31342,311,238103,1273,269445,1584,5,264,8,899,302,7,"Knox County",470313,531.135647962102,0.235710911667454,336.796984136097,74.6311498937941,23.5710911667454
2020-12-23,30735,472,28261,351,2474,121,31031,371,236830,1411,267861,1782,6,259,9,891,295,6,"Knox County",470313,554.311703057326,0.231653404067197,378.896607153109,100.358697293079,23.1653404067197
2020-12-22,30263,530,27910,392,2353,138,30660,432,235419,1470,266079,1902,7,253,15,882,289,6,"Knox County",470313,541.554241537019,0.223092390729178,404.411530193722,112.690910096042,22.3092390729178
2020-12-21,29733,442,27518,361,2215,81,30228,391,233949,1422,264177,1813,2,246,5,867,283,3,"Knox County",470313,581.952869684657,0.220129375951294,385.487962271934,93.9799665329259,22.0129375951294
2020-12-20,29291,514,27157,431,2134,83,29837,478,232527,2245,262364,2723,2,244,7,862,280,6,"Knox County",470313,642.338187547442,0.208366470494672,578.976128663252,109.288920357294,20.8366470494672
2020-12-19,28777,525,26726,441,2051,84,29359,489,230282,1445,259641,1934,6,242,14,855,274,7,"Knox County",470313,677.633831086957,0.211954864287893,411.215509671219,111.627788302684,21.1954864287893
2020-12-18,28252,480,26285,420,1967,60,28870,430,228837,1358,257707,1788,4,236,11,841,267,6,"Knox County",470313,704.637124638273,0.214549756025432,380.172353305139,102.059692162454,21.4549756025433
2020-12-17,27772,733,25865,635,1907,98,28440,663,227479,1898,255919,2561,11,232,11,830,261,4,"Knox County",470313,785.859629650892,0.224367372267807,544.530982558424,155.853654906413,22.4367372267807
2020-12-16,27039,564,25230,453,1809,111,27777,472,225581,1729,253358,2201,8,221,11,819,257,4,"Knox County",470313,805.421070648696,0.224835812893714,467.986213436584,119.920138290883,22.4835812893714
2020-12-15,26475,765,24777,675,1698,90,27305,716,223852,2415,251157,3131,2,213,15,808,253,8,"Knox County",470313,855.387794936564,0.225311126246053,665.726867001337,162.65763438391,22.5311126246053
2020-12-14,25710,472,24102,411,1608,61,26589,461,221437,1624,248026,2085,6,211,7,793,245,8,"Knox County",470313,861.766525696717,0.225841807221579,443.321787830657,100.358697293079,22.584180722158
2020-12-13,25238,628,23691,572,1547,56,26128,754,219813,2935,245941,3689,2,205,10,786,237,6,"Knox County",470313,886.0057025853,0.229167864742078,784.37125914019,133.528097245877,22.9167864742078
2020-12-12,24610,464,23119,392,1491,72,25374,454,216878,2171,242252,2625,3,203,19,776,231,4,"Knox County",470313,873.035616706321,0.218473451327434,558.138941513418,98.6577024237051,21.8473451327434
2020-12-11,24146,557,22727,523,1419,34,24920,429,214707,1406,239627,1835,6,200,10,757,227,2,"Knox County",470313,889.407692324048,0.21785182324709,390.165698162713,118.43176778018,21.785182324709
2020-12-10,23589,473,22204,415,1385,58,24491,538,213301,1910,237792,2448,8,194,9,747,225,10,"Knox County",470313,834.125359069386,0.212279338292439,520.504430028513,100.571321651751,21.2279338292439
2020-12-09,23116,407,21789,337,1327,70,23953,359,211391,924,235344,1283,2,186,13,738,215,3,"Knox County",470313,800.743334757917,0.217068320074871,272.797052175891,86.5381139794137,21.7068320074871
2020-12-08,22709,491,21452,446,1257,45,23594,538,210467,2077,234061,2615,9,184,10,725,212,2,"Knox County",470313,742.484260481849,0.213088057901086,556.0126979267,104.398560107843,21.3088057901086
2020-12-07,22218,323,21006,271,1212,52,23056,317,208390,1135,231446,1452,3,175,6,715,210,3,"Knox County",470313,710.803231039754,0.212516460776322,308.730568791422,68.6776678509843,21.2516460776322
2020-12-06,21895,332,20735,291,1160,41,22739,187,207255,668,229994,855,6,172,6,709,207,4,"Knox County",470313,647.866420872908,0.215206283840464,181.79382666437,70.5912870790304,21.5206283840464
2020-12-05,21563,289,20444,263,1119,26,22552,213,206587,714,229139,927,2,166,8,703,203,2,"Knox County",470313,610.657158105347,0.22610600087604,197.102780488738,61.4484396561439,22.610600087604
2020-12-04,21274,354,20181,322,1093,32,22339,297,205873,1091,228212,1388,5,164,11,695,201,5,"Knox County",470313,567.494413294976,0.223285922684172,295.122609836428,75.2690229698095,22.3285922684172
2020-12-03,20920,441,19859,424,1061,17,22042,448,204782,1215,226824,1663,2,159,10,684,196,2,"Knox County",470313,560.690433817479,0.231660610821958,353.594308471167,93.7673421742542,23.1660610821958
2020-12-02,20479,192,19435,170,1044,22,21594,185,203567,575,225161,760,2,157,7,674,194,5,"Knox County",470313,514.976196703047,0.226190476190476,161.594512590551,40.8238768649814,22.6190476190476
2020-12-01,20287,403,19265,380,1022,23,21409,409,202992,1832,224401,2241,5,155,7,667,189,3,"Knox County",470313,496.26525313993,0.221408572043937,476.491187783455,85.6876165447266,22.1408572043937
2020-11-30,19884,385,18885,371,999,14,21000,436,201160,1815,222160,2251,1,150,3,660,186,3,"Knox County",470313,509.44796337758,0.215666831928607,478.617431370173,81.8603780886346,21.5666831928607
2020-11-29,19499,226,18514,218,985,8,20564,260,199345,1464,219909,1724,0,149,5,657,183,6,"Knox County",470313,486.909781358372,0.205221836771955,366.564394350146,48.0531050598219,20.5221836771955
2020-11-28,19273,270,18296,256,977,14,20304,299,197881,1967,218185,2266,0,149,8,652,177,4,"Knox County",470313,482.869918543608,0.189864150329456,481.806796750249,57.4085768413801,18.9864150329456
2020-11-27,19003,235,18040,215,963,20,20005,249,195914,1247,215919,1496,3,149,12,644,173,3,"Knox County",470313,457.567619861667,0.184339972582856,318.08604057298,49.9667242878679,18.4339972582856
2020-11-26,18768,344,17825,341,943,3,19756,441,194667,1429,214423,1870,4,146,5,632,170,6,"Knox County",470313,436.943057070504,0.180758248730964,397.607550716225,73.1427793830917,18.0758248730964
2020-11-25,18424,219,17484,193,940,26,19315,123,193238,325,212553,448,0,142,3,627,164,2,"Knox County",470313,442.683914754642,0.18030253741054,95.2557126849566,46.5647345491194,18.030253741054
2020-11-24,18205,153,17291,130,914,23,19192,116,192913,673,212105,789,2,142,6,624,162,2,"Knox County",470313,389.527825086698,0.177425304315751,167.760618992033,32.5315268767821,17.7425304315751
2020-11-23,18052,167,17161,147,891,20,19076,100,192240,391,211316,491,3,140,7,618,160,7,"Knox County",470313,343.17571489625,0.174812857771907,104.398560107843,35.508267898187,17.4812857771907
2020-11-22,17885,220,17014,212,871,8,18976,258,191849,1804,210825,2062,2,137,5,611,153,2,"Knox County",470313,341.899968744219,0.168329441732116,438.431427581207,46.7773589077912,16.8329441732116
2020-11-21,17665,173,16802,169,863,4,18718,198,190045,1465,208763,1663,0,135,4,606,151,2,"Knox County",470313,321.275405953057,0.168386438371697,353.594308471167,36.7840140502176,16.8386438371697
2020-11-20,17492,178,16633,169,859,9,18520,163,188580,791,207100,954,7,135,5,602,149,4,"Knox County",470313,309.155817508765,0.169022592726833,202.843638172876,37.8471358435765,16.9022592726833
2020-11-19,17314,166,16464,148,850,18,18357,128,187789,663,206146,791,2,128,4,597,145,5,"Knox County",470313,271.308681665189,0.15087524312309,168.185867709377,35.2956435395152,15.087524312309
2020-11-18,17148,168,16316,163,832,5,18229,179,187126,874,205355,1053,0,126,7,593,140,2,"Knox County",470313,260.464839372928,0.146353966423171,223.893449681382,35.7208922568587,14.6353966423171
2020-11-17,16980,248,16153,240,827,8,18050,260,186252,1033,204302,1293,9,126,7,586,138,1,"Knox County",470313,280.664153446747,0.154809197062718,274.923295762609,52.730840950601,15.4809197062718
2020-11-16,16732,272,15913,261,819,11,17790,286,185219,1409,203009,1695,2,117,6,579,137,2,"Knox County",470313,302.989711107284,0.154768163179476,360.398287948664,57.8338255587237,15.4768163179476
2020-11-15,16460,274,15652,247,808,27,17504,295,183810,2278,201314,2573,2,115,3,573,135,4,"Knox County",470313,314.47142647556,0.150568748752744,547.082474862485,58.2590742760672,15.0568748752744
2020-11-14,16186,306,15405,293,781,13,17209,321,181532,1699,198741,2020,0,113,7,570,131,3,"Knox County",470313,342.750466178906,0.157240581944311,429.501204516992,65.0630537535641,15.7240581944311
2020-11-13,15880,219,15112,200,768,19,16888,190,179833,965,196721,1155,4,113,6,563,128,1,"Knox County",470313,351.468064884449,0.156805293005671,245.581134265904,46.5647345491194,15.6805293005671
2020-11-12,15661,143,14912,130,749,13,16698,136,178868,955,195566,1091,1,109,3,557,127,2,"Knox County",470313,346.577704634998,0.153216911764706,231.97317531091,30.4052832900643,15.3216911764706
2020-11-11,15518,191,14782,177,736,14,16562,191,177913,1229,194475,1420,3,108,7,554,125,2,"Knox County",470313,351.468064884449,0.149284253578732,301.926589313925,40.6112525063096,14.9284253578732
2020-11-10,15327,168,14605,163,722,5,16371,186,176684,1131,193055,1317,2,105,4,547,123,2,"Knox County",470313,334.458116190707,0.142400851743412,280.026280370732,35.7208922568587,14.2400851743412
2020-11-09,15159,135,14442,121,717,14,16185,131,175553,490,191738,621,1,103,2,543,121,2,"Knox County",470313,305.328579052673,0.142198685888006,132.039726735174,28.70428842069,14.2198685888006
2020-11-08,15024,215,14321,203,703,12,16054,252,175063,2624,191117,2876,1,102,3,541,119,5,"Knox County",470313,292.783741891039,0.134,611.507655540034,45.7142371144323,13.4
2020-11-07,14809,169,14118,161,691,8,15802,187,172439,1918,188241,2105,1,101,5,538,114,0,"Knox County",470313,263.654204753005,0.120264525271611,447.574275004093,35.9335166155305,12.0264525271611
2020-11-06,14640,155,13957,138,683,17,15615,160,170521,1235,186136,1395,0,100,5,533,114,3,"Knox County",470313,250.046245798011,0.114826789838337,296.61098034713,32.9567755941256,11.4826789838337
2020-11-05,14485,158,13819,142,666,16,15455,151,169286,613,184741,764,1,100,6,528,111,1,"Knox County",470313,253.235611178088,0.119832349018861,162.445010025239,33.594648670141,11.9832349018861
2020-11-04,14327,145,13677,133,650,12,15304,148,168673,934,183977,1082,-1,99,5,522,110,2,"Knox County",470313,243.454890679186,0.119586614173228,230.059556082864,30.8305320074078,11.9586614173228
2020-11-03,14182,196,13544,183,638,13,15156,195,167739,837,182895,1032,3,100,5,517,108,1,"Knox County",470313,249.408372721996,0.123949367088608,219.428338149275,41.6743742996685,12.3949367088608
2020-11-02,13986,116,13361,110,625,6,14961,115,166902,806,181863,921,1,97,2,512,107,2,"Knox County",470313,245.368509907232,0.118722358722359,195.827034336708,24.6644256059263,11.8722358722359
2020-11-01,13870,124,13251,116,619,8,14846,131,166096,1273,180942,1404,0,96,3,510,105,2,"Knox County",470313,226.0196932681,0.124899459956337,298.524599575177,26.3654204753005,12.4899459956337
2020-10-31,13746,5,13135,5,611,0,14715,7,164823,4,179538,11,0,96,0,507,103,1,"Knox County",470313,191.149298445929,0.137237100922984,2.33886794538956,1.06312179335889,13.7237100922984
2020-10-30,13741,156,13130,146,611,10,14708,148,164819,854,179527,1002,1,96,4,507,102,0,"Knox County",470313,191.3619228046,0.143983268983269,213.049607389122,33.1693999527974,14.3983268983269
2020-10-29,13585,152,12984,138,601,14,14560,136,163965,1569,178525,1705,0,95,4,503,102,1,"Knox County",470313,190.08617665257,0.122956546038843,362.524531535382,32.3189025181103,12.2956546038843
2020-10-28,13433,103,12846,96,587,7,14424,102,162396,1055,176820,1157,3,95,8,499,101,1,"Knox County",470313,181.155953588355,0.115320796460177,246.006382983247,21.9003089431931,11.5320796460177
2020-10-27,13330,119,12750,113,580,6,14322,127,161341,799,175663,926,1,92,3,491,100,2,"Knox County",470313,164.783877970628,0.107493685096829,196.890156130067,25.3022986819416,10.7493685096829
2020-10-26,13211,81,12637,74,574,7,14195,73,160542,372,174737,445,2,91,2,488,98,0,"Knox County",470313,157.342025417116,0.108872180451128,94.6178396089413,17.222573052414,10.8872180451128
2020-10-25,13130,132,12563,121,567,11,14122,151,160170,1365,174292,1516,0,89,3,486,98,1,"Knox County",470313,159.04302028649,0.11002661934339,322.338527746416,28.0664153446747,11.002661934339
2020-10-24,12998,172,12442,167,556,5,13971,202,158805,1788,172776,1990,0,89,5,483,97,1,"Knox County",470313,194.551288184677,0.107424779773481,423.122473756839,36.5713896915458,10.7424779773481
2020-10-23,12826,159,12275,148,551,11,13769,172,157017,1239,170786,1411,1,89,5,478,96,0,"Knox County",470313,195.189161260692,0.105245901639344,300.012970085879,33.8072730288127,10.5245901639344
2020-10-22,12667,182,12127,168,540,14,13597,169,155778,1607,169375,1776,1,88,5,473,96,0,"Knox County",470313,201.567892020846,0.108014315150201,377.620861001078,38.6976332782636,10.8014315150201
2020-10-21,12485,72,11959,68,526,4,13428,74,154171,682,167599,756,0,87,1,468,96,1,"Knox County",470313,194.976536902021,0.109750566893424,160.744015155864,15.308953824368,10.9750566893424
2020-10-20,12413,127,11891,121,522,6,13354,150,153489,739,166843,889,0,87,7,467,95,1,"Knox County",470313,196.677531771395,0.112831606512581,189.023054859211,27.0032935513158,11.2831606512581
2020-10-19,12286,112,11770,107,516,5,13204,117,152750,939,165954,1056,1,87,6,460,94,0,"Knox County",470313,203.26888689022,0.110176708537364,224.531322757398,23.8139281712392,11.0176708537364
2020-10-18,12174,140,11663,135,511,5,13087,168,151811,1431,164898,1599,0,86,7,454,94,1,"Knox County",470313,204.969881759594,0.111005592487074,339.986349516173,29.7674102140489,11.1005592487074
2020-10-17,12034,128,11528,125,506,3,12919,154,150380,1458,163299,1612,1,86,3,447,93,1,"Knox County",470313,195.614409978036,0.110341795801736,342.750466178906,27.2159179099876,11.0341795801736
2020-10-16,11906,72,11403,71,503,1,12765,61,148922,390,161687,451,1,85,3,444,92,2,"Knox County",470313,177.116090773591,0.109718638653397,95.893585760972,15.308953824368,10.9718638653397
2020-10-15,11834,74,11332,62,502,12,12704,66,148532,941,161236,1007,1,84,3,441,90,2,"Knox County",470313,154.152660037039,0.10719131614654,214.112729182481,15.7342025417116,10.719131614654
2020-10-14,11760,149,11270,143,490,6,12638,150,147591,1086,160229,1236,0,83,5,438,88,0,"Knox County",470313,170.524735654766,0.11031847133758,262.803707318318,31.6810294420949,11.031847133758
2020-10-13,11611,71,11127,68,484,3,12488,63,146505,581,158993,644,1,83,6,433,88,1,"Knox County",470313,158.617771569146,0.102432610124918,136.930086984625,15.0963294656962,10.2432610124918
2020-10-12,11540,79,11059,66,481,13,12425,87,145924,806,158349,893,0,82,5,427,87,2,"Knox County",470313,151.601167732978,0.100644987906477,189.873552293898,16.7973243350705,10.0644987906477
2020-10-11,11461,170,10993,163,468,7,12338,179,145118,1612,157456,1791,0,82,8,422,85,0,"Knox County",470313,157.979898493131,0.0995546240503013,380.810226381155,36.1461409742023,9.95546240503013
2020-10-10,11291,130,10830,122,461,8,12159,132,143506,1393,155665,1525,0,82,3,414,85,0,"Knox County",470313,158.405147210475,0.0977872002120048,324.252146974462,27.6411666273312,9.77872002120048
2020-10-09,11161,120,10708,118,453,2,12027,134,142113,1336,154140,1470,0,82,3,411,85,0,"Knox County",470313,168.61111642672,0.0946766285314032,312.557807247514,25.5149230406134,9.46766285314032
2020-10-08,11041,110,10590,102,451,8,11893,103,140777,943,152670,1046,1,82,4,408,85,0,"Knox County",470313,176.265593338904,0.0985473561882626,222.40507917068,23.3886794538956,9.85473561882626
2020-10-07,10931,104,10488,88,443,16,11790,95,139834,1649,151624,1744,0,81,5,404,85,1,"Knox County",470313,166.697497198674,0.087018544935806,370.816881523581,22.1129333018649,8.7018544935806
2020-10-06,10827,115,10400,102,427,13,11695,114,138185,1392,149880,1506,0,81,4,399,84,0,"Knox County",470313,176.052968980232,0.0846115288220551,320.212284159698,24.4518012472545,8.46115288220551
2020-10-05,10712,118,10298,109,414,9,11581,123,136793,1238,148374,1361,0,81,5,395,84,2,"Knox County",470313,184.345318968432,0.0842669730920234,289.38175215229,25.0896743232698,8.42669730920234
2020-10-04,10594,96,10189,89,405,7,11458,99,135555,1827,147013,1926,1,81,2,390,82,0,"Knox County",470313,168.61111642672,0.0756286632633768,409.514514801845,20.4119384324907,7.56286632633768
2020-10-03,10498,77,10100,76,398,1,11359,92,133728,1864,145087,1956,0,80,2,388,82,0,"Knox County",470313,157.342025417116,0.0690344263784177,415.893245561998,16.3720756177269,6.90344263784177
2020-10-02,10421,82,10024,79,397,3,11267,82,131864,602,143131,684,0,80,1,386,82,0,"Knox County",470313,149.262299787588,0.0692556001173824,145.435061331496,17.4351974110858,6.92556001173824
2020-10-01,10339,71,9945,68,394,3,11185,73,131262,683,142447,756,0,80,1,385,82,0,"Knox County",470313,140.969949799389,0.0682573240712776,160.744015155864,15.0963294656962,6.82573240712776
2020-09-30,10268,75,9877,72,391,3,11112,70,130579,675,141691,745,1,80,2,384,82,0,"Knox County",470313,134.803843397907,0.0730915603313186,158.405147210475,15.9468269003834,7.30915603313186
2020-09-29,10193,80,9805,75,388,5,11042,87,129904,1140,140946,1227,-1,79,2,382,82,1,"Knox County",470313,127.361990844395,0.0723281340265742,260.890088090272,17.0099486937423,7.23281340265742
2020-09-28,10113,57,9730,51,383,6,10955,49,128764,431,139719,480,1,80,3,380,81,2,"Knox County",470313,114.391904965417,0.0710059171597633,102.059692162454,12.1195884442914,7.10059171597633
2020-09-27,10056,72,9679,67,377,5,10906,79,128333,978,139239,1057,0,79,3,377,79,0,"Knox County",470313,109.288920357294,0.0770456191165822,224.74394711607,15.308953824368,7.70456191165822
2020-09-26,9984,127,9612,122,372,5,10827,136,127355,2087,138182,2223,4,79,5,374,79,0,"Knox County",470313,119.920138290883,0.0803123257110987,472.663949327363,27.0032935513158,8.03123257110987
2020-09-25,9857,102,9490,100,367,2,10691,103,125268,1439,135959,1542,0,75,1,369,79,3,"Knox County",470313,124.172625464318,0.074346201743462,327.866761071882,21.6876845845214,7.4346201743462
2020-09-24,9755,92,9390,89,365,3,10588,105,123829,1715,134417,1820,0,75,3,368,76,0,"Knox County",470313,128.637736996426,0.0691664833956455,386.976332782636,19.5614409978036,6.91664833956455
2020-09-23,9663,53,9301,52,362,1,10483,49,122114,432,132597,481,2,75,2,365,76,0,"Knox County",470313,123.960001105647,0.0688561721404304,102.272316521125,11.2690910096042,6.88561721404304
2020-09-22,9610,82,9249,75,361,7,10434,88,121682,1141,132116,1229,1,73,3,363,76,0,"Knox County",470313,124.38524982299,0.0689538043478261,261.315336807615,17.4351974110858,6.89538043478261
2020-09-21,9528,34,9174,30,354,4,10346,32,120541,379,130887,411,0,72,2,360,76,0,"Knox County",470313,119.494889573539,0.067556772794705,87.3886114141008,7.22922819484046,6.7556772794705
2020-09-20,9494,97,9144,78,350,19,10314,88,120162,707,130476,795,0,72,1,358,76,2,"Knox County",470313,124.810498540334,0.0706975649923538,169.036365144064,20.6245627911625,7.06975649923538
2020-09-19,9397,132,9066,129,331,3,10226,136,119455,1466,129681,1602,1,72,5,357,74,0,"Knox County",470313,125.873620333693,0.0762690355329949,340.624222592189,28.0664153446747,7.62690355329949
2020-09-18,9265,118,8937,114,328,4,10090,129,117989,1606,128079,1735,3,71,3,352,74,0,"Knox County",470313,129.275610072441,0.0776662950575994,368.903262295535,25.0896743232698,7.76662950575994
2020-09-17,9147,126,8823,119,324,7,9961,124,116383,1516,126344,1640,0,68,6,349,74,2,"Knox County",470313,136.504838267282,0.0818446724946155,348.703948221716,26.790669192644,8.18446724946155
2020-09-16,9021,99,8704,77,317,22,9837,117,114867,768,124704,885,1,68,3,343,72,1,"Knox County",470313,146.285558766183,0.0860552006749428,188.172557424524,21.049811508506,8.60552006749428
2020-09-15,8922,132,8627,126,295,6,9720,136,114099,1338,123819,1474,0,67,3,340,71,0,"Knox County",470313,156.916776699772,0.089206274877078,313.408304682201,28.0664153446747,8.9206274877078
2020-09-14,8790,127,8501,124,289,3,9584,136,112761,901,122345,1037,0,67,5,337,71,0,"Knox County",470313,176.690842056248,0.0944589877835951,220.491459942634,27.0032935513158,9.44589877835951
2020-09-13,8663,143,8377,136,286,7,9448,148,111860,1008,121308,1156,0,67,0,332,71,0,"Knox County",470313,186.471562555149,0.0971770385140099,245.793758624576,30.4052832900643,9.71770385140099
2020-09-12,8520,130,8241,123,279,7,9300,141,110852,1178,120152,1319,1,67,1,332,71,2,"Knox County",470313,186.046313837806,0.100692191217824,280.451529088075,27.6411666273312,10.0692191217824
2020-09-11,8390,103,8118,94,272,9,9159,105,109674,773,118833,878,0,66,5,331,69,2,"Knox County",470313,182.856948457729,0.108117773274526,186.684186913821,21.9003089431931,10.8117773274526
2020-09-10,8287,192,8024,189,263,3,9054,192,108901,1501,117955,1693,0,66,5,326,67,0,"Knox County",470313,196.890156130067,0.115493958777541,359.97303923132,40.8238768649814,11.5493958777541
2020-09-09,8095,91,7835,82,260,9,8862,93,107400,1710,116262,1803,0,66,2,321,67,0,"Knox County",470313,195.189161260692,0.101602564102564,383.361718685216,19.3488166391318,10.1602564102564
2020-09-08,8004,126,7753,124,251,2,8769,133,105690,702,114459,835,1,66,8,319,67,0,"Knox County",470313,193.913415108662,0.108703130374957,177.541339490935,26.790669192644,10.8703130374957
2020-09-07,7878,95,7629,92,249,3,8636,98,104988,347,113624,445,1,65,0,311,67,0,"Knox County",470313,187.109435631165,0.111944888670193,94.6178396089413,20.1993140738189,11.1944888670193
2020-09-06,7783,96,7537,92,246,4,8538,94,104641,476,113179,570,0,64,1,311,67,3,"Knox County",470313,177.116090773591,0.113482699191303,121.195884442914,20.4119384324907,11.3482699191303
2020-09-05,7687,284,7445,282,242,2,8444,295,104165,1506,112609,1801,0,64,4,310,64,0,"Knox County",470313,209.860242009045,0.125856697819315,382.936469967872,60.385317862785,12.5856697819315
2020-09-04,7403,93,7163,89,240,4,8149,97,102659,565,110808,662,1,64,0,306,64,0,"Knox County",470313,207.733998422327,0.12831348444103,140.757325440717,19.7740653564754,12.831348444103
2020-09-03,7310,190,7074,184,236,6,8052,198,102094,1798,110146,1996,2,63,6,306,64,1,"Knox County",470313,207.308749704984,0.124260355029586,424.398219908869,40.3986281476379,12.4260355029586
2020-09-02,7120,124,6890,120,230,4,7854,121,100296,1461,108150,1582,2,61,5,300,63,1,"Knox County",470313,214.325353541152,0.131288810036751,336.371735418753,26.3654204753005,13.1288810036751
2020-09-01,6996,153,6770,146,226,7,7733,158,98835,660,106568,818,2,59,4,295,62,3,"Knox County",470313,220.06621122529,0.134747269494539,173.926725393515,32.5315268767821,13.4747269494539
2020-08-31,6843,99,6624,93,219,6,7575,94,98175,431,105750,525,0,57,3,291,59,0,"Knox County",470313,220.916708659978,0.132889112396279,111.627788302684,21.049811508506,13.2889112396279
2020-08-30,6744,72,6531,71,213,1,7481,76,97744,423,105225,499,1,57,1,288,59,2,"Knox County",470313,215.813724051855,0.131802613218318,106.099554977217,15.308953824368,13.1802613218318
2020-08-29,6672,118,6460,113,212,5,7405,125,97321,1391,104726,1516,5,56,3,287,57,0,"Knox County",470313,180.51808051234,0.114372203211371,322.338527746416,25.0896743232698,11.4372203211371
2020-08-28,6554,89,6347,85,207,4,7280,91,95930,309,103210,400,0,51,3,284,57,0,"Knox County",470313,179.667583077653,0.117639040348964,85.0497434687113,18.9235679217883,11.7639040348964
2020-08-27,6465,116,6262,112,203,4,7189,134,95621,1986,102810,2120,0,51,2,281,57,1,"Knox County",470313,163.933380535941,0.107104557640751,450.76364038417,24.6644256059263,10.7104557640751
2020-08-26,6349,77,6150,76,199,1,7055,86,93635,794,100690,880,0,51,3,279,56,1,"Knox County",470313,153.940035678367,0.113051198579461,187.109435631165,16.3720756177269,11.3051198579461
2020-08-25,6272,87,6074,82,198,5,6969,96,92841,896,99810,992,2,51,3,276,55,0,"Knox County",470313,139.90682800603,0.101269474899019,210.923363802404,18.4983192044447,10.1269474899019
2020-08-24,6185,32,5992,28,193,4,6873,29,91945,261,98818,290,0,49,1,273,55,0,"Knox County",470313,125.660995975021,0.095117216664178,61.6610640148157,6.8039794774969,9.5117216664178
2020-08-23,6153,76,5964,75,189,1,6844,74,91684,565,98528,639,0,49,3,272,55,0,"Knox County",470313,126.511493409708,0.092876992833114,135.866965191266,16.1594512590551,9.28769928331139
2020-08-22,6077,136,5889,135,188,1,6770,153,91119,1892,97889,2045,0,49,4,269,55,0,"Knox County",470313,130.3387318658,0.0900081455335325,434.816813483786,28.9169127793618,9.00081455335325
2020-08-21,5941,30,5754,30,187,0,6617,41,89227,262,95844,303,1,49,1,265,55,0,"Knox County",470313,117.793894704165,0.0843307194937405,64.4251806775488,6.37873076015334,8.43307194937405
2020-08-20,5911,119,5724,117,187,2,6576,130,88965,2068,95541,2198,3,48,3,264,55,0,"Knox County",470313,118.43176778018,0.0828909759085341,467.348340360568,25.3022986819416,8.28909759085341
2020-08-19,5792,46,5607,41,185,5,6446,48,86897,608,93343,656,2,45,4,261,55,0,"Knox County",470313,111.840412661355,0.080162852730591,139.481579288686,9.7807204989018,8.0162852730591
2020-08-18,5746,134,5566,132,180,2,6398,152,86289,1163,92687,1315,0,43,4,257,55,1,"Knox County",470313,121.833757518929,0.0842062852538276,279.601031653388,28.4916640620183,8.42062852538276
2020-08-17,5612,50,5434,42,178,8,6246,50,85126,289,91372,339,1,43,0,253,54,1,"Knox County",470313,125.660995975021,0.0864576384256171,72.0796575897328,10.6312179335889,8.64576384256171
2020-08-16,5562,83,5392,78,170,5,6196,82,84837,587,91033,669,0,42,1,253,53,1,"Knox County",470313,127.149366485723,0.0871760797342193,142.24569595142,17.6478217697576,8.71760797342193
2020-08-15,5479,119,5314,116,165,3,6114,132,84250,1223,90364,1355,1,42,2,252,52,0,"Knox County",470313,123.534752388303,0.0929041697147037,288.106006000259,25.3022986819416,9.29041697147037
2020-08-14,5360,91,5198,83,162,8,5982,96,83027,1024,89009,1120,0,41,2,250,52,1,"Knox County",470313,136.504838267282,0.0901725039205436,238.139281712392,19.3488166391318,9.01725039205436
2020-08-13,5269,127,5115,126,154,1,5886,229,82003,1778,87889,2007,1,41,4,248,51,1,"Knox County",470313,138.205833136656,0.105749899477282,426.737087854259,27.0032935513158,10.5749899477282
2020-08-12,5142,79,4989,72,153,7,5657,88,80225,892,85882,980,0,40,1,244,50,0,"Knox County",470313,145.222436972824,0.106486833654464,208.371871498343,16.7973243350705,10.6486833654464
2020-08-11,5063,111,4917,108,146,3,5569,117,79333,1121,84902,1238,0,40,5,243,50,2,"Knox County",470313,140.332076723374,0.103009859885833,263.228956035661,23.6013038125674,10.3009859885833
2020-08-10,4952,37,4809,35,143,2,5452,35,78212,365,83664,400,1,40,0,238,48,0,"Knox County",470313,137.56796006064,0.100270305058566,85.0497434687113,7.86710127085579,10.0270305058566
2020-08-09,4915,85,4774,81,141,4,5417,109,77847,826,83264,935,1,39,4,238,48,1,"Knox County",470313,137.993208777984,0.10031113876789,198.803775358113,18.0730704871011,10.031113876789
2020-08-08,4830,157,4693,156,137,1,5308,176,77021,2284,82329,2460,1,38,4,234,47,2,"Knox County",470313,146.072934407512,0.0929978118161926,523.055922332574,33.3820243114692,9.29978118161926
2020-08-07,4673,50,4537,46,136,4,5132,44,74737,403,79869,447,0,37,0,230,45,2,"Knox County",470313,137.355335701969,0.0942482579426007,95.0430883262848,10.6312179335889,9.42482579426007
2020-08-06,4623,113,4491,105,132,8,5088,121,74334,1463,79422,1584,-1,37,5,230,43,1,"Knox County",470313,134.378594680564,0.0857782197911487,336.796984136097,24.0265525299109,8.57782197911487
2020-08-05,4510,99,4386,99,124,0,4967,100,72871,1107,77838,1207,1,38,3,225,42,1,"Knox County",470313,138.631081853999,0.0848748639825898,256.637600916836,21.049811508506,8.48748639825898
2020-08-04,4411,112,4287,111,124,1,4867,106,71764,1082,76631,1188,1,37,9,222,41,0,"Knox County",470313,138.843706212671,0.0840530349105948,252.597738102072,23.8139281712392,8.40530349105948
2020-08-03,4299,50,4176,50,123,0,4761,81,70682,593,75443,674,2,36,1,213,41,1,"Knox County",470313,141.607822875404,0.0867569158328429,143.308817744778,10.6312179335889,8.67569158328429
2020-08-02,4249,97,4126,91,123,6,4680,95,70089,692,74769,787,3,34,2,212,40,0,"Knox County",470313,144.159315179466,0.0866179465676291,167.335370274689,20.6245627911625,8.66179465676291
2020-08-01,4152,118,4035,110,117,8,4585,118,69397,1417,73982,1535,1,31,1,210,40,1,"Knox County",470313,135.866965191266,0.0895984909727836,326.37839056118,25.0896743232698,8.95984909727836
2020-07-31,4034,117,3925,114,109,3,4467,116,67980,1060,72447,1176,2,30,1,209,39,3,"Knox County",470313,150.112797222275,0.0904183535762483,250.046245798011,24.877049964598,9.04183535762483
2020-07-30,3917,189,3811,186,106,3,4351,227,66920,2420,71271,2647,1,28,7,208,36,2,"Knox County",470313,166.27224848133,0.0914912090297374,562.816677404197,40.1860037889661,9.14912090297373
2020-07-29,3728,75,3625,71,103,4,4124,60,64500,438,68624,498,0,27,3,201,34,4,"Knox County",470313,161.169263873208,0.0944150499706055,105.886930618546,15.9468269003834,9.44150499706055
2020-07-28,3653,154,3554,152,99,2,4064,186,64062,1211,68126,1397,1,27,3,198,30,0,"Knox County",470313,170.099486937423,0.101331191186596,297.036229064474,32.7441512354538,10.1331191186596
2020-07-27,3499,83,3402,76,97,7,3878,85,62851,677,66729,762,3,26,2,195,30,1,"Knox County",470313,177.116090773591,0.100772551692797,162.019761307895,17.6478217697576,10.0772551692797
2020-07-26,3416,118,3326,113,90,5,3793,132,62174,1472,65967,1604,0,23,2,193,29,1,"Knox County",470313,181.581202305699,0.0960598814845618,341.049471309532,25.0896743232698,9.60598814845618
2020-07-25,3298,175,3213,172,85,3,3661,197,60702,1949,64363,2146,2,23,3,191,28,3,"Knox County",470313,193.70079074999,0.0980449657869013,456.291873709636,37.2092627675612,9.80449657869013
2020-07-24,3123,106,3041,99,82,7,3464,113,58753,916,62217,1029,0,21,4,188,25,0,"Knox County",470313,191.3619228046,0.0991768322919766,218.79046507326,22.5381820192085,9.91768322919766
2020-07-23,3017,205,2942,197,75,8,3351,254,57837,2389,61188,2643,0,21,4,184,25,1,"Knox County",470313,194.763912543349,0.101895029268777,561.96617996951,43.5879935277145,10.1895029268777
2020-07-22,2812,69,2745,61,67,8,3097,63,55448,437,58545,500,3,21,3,180,24,0,"Knox County",470313,193.488166391318,0.102172403531396,106.312179335889,14.6710807483527,10.2172403531396
2020-07-21,2743,232,2684,228,59,4,3034,280,55011,1691,58045,1971,0,18,12,177,24,1,"Knox County",470313,210.072866367717,0.105490380103238,419.082610942075,49.3288512118525,10.5490380103238
2020-07-20,2511,74,2456,70,55,4,2754,57,53320,364,56074,421,0,18,4,165,23,1,"Knox County",470313,208.159247139671,0.106263331394221,89.5148550008186,15.7342025417116,10.6263331394221
2020-07-19,2437,84,2386,74,51,10,2697,74,52956,577,55653,651,0,18,0,161,22,2,"Knox County",470313,200.93001894483,0.110885589146459,138.418457495328,17.8604461284294,11.0885589146459
2020-07-18,2353,112,2312,109,41,3,2623,146,52379,2258,55002,2404,1,18,8,161,20,1,"Knox County",470313,187.534684348508,0.102609418858509,511.148958246955,23.8139281712392,10.2609418858509
2020-07-17,2241,74,2203,74,38,0,2477,80,50121,347,52598,427,0,17,6,153,19,2,"Knox County",470313,180.730704871011,0.105800155262282,90.7906011528493,15.7342025417116,10.5800155262282
2020-07-16,2167,187,2129,185,38,2,2397,228,49774,2033,52171,2261,2,17,3,147,17,0,"Knox County",470313,176.903466414919,0.107469600463231,480.74367495689,39.7607550716225,10.7469600463231
2020-07-15,1980,78,1944,78,36,0,2169,80,47741,511,49910,591,3,15,4,144,17,1,"Knox County",470313,178.817085642965,0.108297043318817,125.660995975021,16.5846999763987,10.8297043318817
2020-07-14,1902,95,1866,95,36,0,2089,127,47230,777,49319,904,2,12,1,140,16,1,"Knox County",470313,149.687548504932,0.103407755581669,192.212420239287,20.1993140738189,10.3407755581669
2020-07-13,1807,94,1771,92,36,2,1962,59,46453,655,48415,714,1,10,2,139,15,3,"Knox County",470313,153.940035678367,0.0998490945674044,151.81379209165,19.9866897151471,9.98490945674044
2020-07-12,1713,69,1679,67,34,2,1903,87,45798,916,47701,1003,0,9,4,137,12,1,"Knox County",470313,150.750670298291,0.0971820809248555,213.262231747793,14.6710807483527,9.71820809248555
2020-07-11,1644,28,1612,27,32,1,1816,36,44882,883,46698,919,0,9,2,133,11,1,"Knox County",470313,132.890224169861,0.102214400938554,195.401785619364,5.95348204280979,10.2214400938554
2020-07-10,1616,78,1585,74,31,4,1780,68,43999,418,45779,486,0,9,6,131,10,0,"Knox County",470313,133.740721604548,0.0995929049142193,103.335438314484,16.5846999763987,9.95929049142192
2020-07-09,1538,70,1511,66,27,4,1712,88,43581,1652,45293,1740,0,9,8,125,10,0,"Knox County",470313,108.86367163995,0.0857322636463741,369.966384088894,14.8837051070245,8.57322636463741
2020-07-08,1468,70,1445,65,23,5,1624,63,41929,594,43553,657,1,9,5,117,10,0,"Knox County",470313,107.162676770576,0.082204577300327,139.694203647358,14.8837051070245,8.2204577300327
2020-07-07,1398,79,1380,79,18,0,1561,104,41335,1303,42896,1407,0,8,7,112,10,1,"Knox County",470313,103.760687031828,0.0729136586774473,299.162472651192,16.7973243350705,7.29136586774473
2020-07-06,1319,35,1301,35,18,0,1457,34,40032,658,41489,692,1,8,6,105,9,0,"Knox County",470313,91.2158498701928,0.0695249130938586,147.13605620087,7.44185255351224,6.95249130938586
2020-07-05,1284,77,1266,77,18,0,1423,109,39374,1079,40797,1188,2,7,6,99,9,1,"Knox County",470313,92.916844739567,0.0708139370856256,252.597738102072,16.3720756177269,7.08139370856256
2020-07-04,1207,41,1189,40,18,1,1314,50,38295,1141,39609,1191,0,5,1,93,8,2,"Knox County",470313,95.6809614023002,0.0700991713082462,253.235611178088,8.7175987055429,7.00991713082462
2020-07-03,1166,62,1149,61,17,1,1264,49,37154,910,38418,959,0,5,4,92,6,0,"Knox County",470313,92.2789716635517,0.0634414092417667,203.906759966235,13.1827102376502,6.34414092417667
2020-07-02,1104,68,1088,68,16,0,1215,102,36244,1228,37459,1330,0,5,2,88,6,0,"Knox County",470313,91.8537229462082,0.0688308189655172,282.790397033465,14.4584563896809,6.88308189655172
2020-07-01,1036,49,1020,49,16,0,1113,34,35016,737,36129,771,0,5,4,86,6,1,"Knox County",470313,87.3886114141008,0.0639426903687981,163.933380535941,10.4185935749171,6.39426903687981
2020-06-30,987,40,971,39,16,1,1079,73,34279,1514,35358,1587,0,5,3,82,5,0,"Knox County",470313,79.0962614259015,0.0584348276755636,337.434857212112,8.50497434687113,5.84348276755636
2020-06-29,947,51,932,51,15,0,1006,79,32765,1333,33771,1412,0,5,3,79,5,0,"Knox County",470313,82.4982511646499,0.058781701825077,300.225594444551,10.8438422922607,5.8781701825077
2020-06-28,896,10,881,10,15,0,927,30,31432,684,32359,714,0,5,1,76,5,0,"Knox County",470313,68.2524191336408,0.0523606228026118,151.81379209165,2.12624358671778,5.23606228026117
2020-06-27,886,29,871,29,15,0,897,16,30748,111,31645,127,0,5,3,75,5,0,"Knox County",470313,65.7009268295794,0.0555072463768116,27.0032935513158,6.16610640148157,5.55072463768116
2020-06-26,857,37,842,37,15,0,881,14,30637,319,31518,333,0,5,8,72,5,0,"Knox County",470313,60.385317862785,0.0554670066942939,70.8039114377021,7.86710127085579,5.54670066942939
2020-06-25,820,32,805,32,15,0,867,52,30318,702,31185,754,0,5,1,64,5,0,"Knox County",470313,52.730840950601,0.0522990522990523,160.318766438521,6.8039794774969,5.22990522990523
2020-06-24,788,35,773,34,15,1,815,32,29616,272,30431,304,0,5,1,63,5,0,"Knox County",470313,49.7540999291961,0.0565857388644619,64.6378050362206,7.44185255351224,5.65857388644619
2020-06-23,753,27,739,24,14,3,783,25,29344,215,30127,240,0,5,4,62,5,0,"Knox County",470313,46.989983266463,0.0638516992790937,51.0298460812268,5.74085768413801,6.38516992790937
2020-06-22,726,36,715,36,11,0,758,31,29129,572,29887,603,0,5,0,58,5,0,"Knox County",470313,43.8006178863863,0.0650406504065041,128.212488279082,7.65447691218401,6.50406504065041
2020-06-21,690,31,679,31,11,0,727,37,28557,815,29284,852,0,5,1,58,5,0,"Knox County",470313,48.2657294184936,0.0644257703081232,181.155953588355,6.59135511882512,6.44257703081232
2020-06-20,659,17,648,17,11,0,690,9,27742,437,28432,446,0,5,2,57,5,0,"Knox County",470313,45.7142371144323,0.0566251415628539,94.8304639676131,3.61461409742023,5.66251415628539
2020-06-19,642,30,631,28,11,2,681,10,27305,334,27986,344,0,5,1,55,5,0,"Knox County",470313,44.2258666037299,0.0553203499858877,73.1427793830917,6.37873076015334,5.53203499858877
2020-06-18,612,15,603,15,9,0,671,18,26971,804,27642,822,0,5,0,54,5,0,"Knox County",470313,40.6112525063096,0.0448629188590418,174.777222828202,3.18936538007667,4.48629188590418
2020-06-17,597,17,588,17,9,0,653,13,26167,282,26820,295,0,5,0,54,5,0,"Knox County",470313,36.7840140502176,0.0397001665741255,62.7241858081746,3.61461409742023,3.97001665741255
2020-06-16,580,9,571,8,9,1,640,9,25885,178,26525,187,0,5,0,54,5,0,"Knox County",470313,32.9567755941256,0.0357847280924204,39.7607550716225,1.913619228046,3.57847280924204
2020-06-15,571,8,563,8,8,0,631,9,25707,218,26338,227,0,5,0,54,5,0,"Knox County",470313,27.0032935513158,0.0330917113142137,48.2657294184936,1.70099486937423,3.30917113142137
2020-06-14,563,8,555,8,8,0,622,9,25489,624,26111,633,0,5,0,54,5,0,"Knox County",470313,22.1129333018649,0.0260663507109005,134.591219039236,1.70099486937423,2.60663507109005
2020-06-13,555,10,547,8,8,2,613,9,24865,213,25478,222,0,5,3,54,5,0,"Knox County",470313,20.6245627911625,0.0282051282051282,47.2026076251348,2.12624358671778,2.82051282051282
2020-06-12,545,19,539,19,6,0,604,19,24652,750,25256,769,0,5,0,51,5,0,"Knox County",470313,18.2856948457729,0.0272583201267829,163.508131818597,4.03986281476378,2.72583201267829
2020-06-11,526,7,520,7,6,0,585,10,23902,379,24487,389,0,5,2,51,5,0,"Knox County",470313,16.5846999763987,0.0286554004408523,82.7108755233217,1.48837051070245,2.86554004408523
2020-06-10,519,12,513,12,6,0,575,12,23523,705,24098,717,0,5,0,49,5,0,"Knox County",470313,15.5215781830398,0.0244910941475827,152.451665167665,2.55149230406134,2.44910941475827
2020-06-09,507,16,501,16,6,0,563,19,22818,508,23381,527,0,5,1,49,5,0,"Knox County",470313,17.0099486937423,0.0249712973593571,112.053037020027,3.40198973874845,2.49712973593571
2020-06-08,491,8,485,8,6,0,544,8,22310,336,22854,344,0,5,1,48,5,0,"Knox County",470313,17.0099486937423,0.0238822549291863,73.1427793830917,1.70099486937423,2.38822549291863
2020-06-07,483,7,477,7,6,0,536,8,21974,847,22510,855,0,5,1,47,5,0,"Knox County",470313,16.7973243350705,0.0222338477635365,181.79382666437,1.48837051070245,2.22338477635365
2020-06-06,476,11,470,11,6,0,528,12,21127,478,21655,490,0,5,0,46,5,0,"Knox County",470313,17.0099486937423,0.0215106330970423,104.185935749171,2.33886794538956,2.15106330970423
2020-06-05,465,18,459,18,6,0,516,17,20649,518,21165,535,0,5,1,46,5,0,"Knox County",470313,16.7973243350705,0.0222971221156339,113.754031889401,3.82723845609201,2.22971221156339
2020-06-04,447,4,441,4,6,0,499,4,20131,338,20630,342,0,5,0,45,5,0,"Knox County",470313,16.1594512590551,0.020997375328084,72.7175306657481,0.850497434687113,2.0997375328084
2020-06-03,443,4,437,4,6,0,495,4,19793,399,20288,403,0,5,0,45,5,0,"Knox County",470313,14.4584563896809,0.0205949656750572,85.6876165447266,0.850497434687113,2.05949656750572
2020-06-02,439,26,433,25,6,1,491,24,19394,939,19885,963,0,5,2,45,5,0,"Knox County",470313,16.5846999763987,0.0195829094608342,204.757257400922,5.52823332546623,1.95829094608342
2020-06-01,413,17,408,17,5,0,467,20,18455,972,18922,992,0,5,0,43,5,0,"Knox County",470313,18.4983192044447,0.0194323144104804,210.923363802404,3.61461409742023,1.94323144104803
2020-05-31,396,7,391,7,5,0,447,7,17483,317,17930,324,0,5,0,43,5,0,"Knox County",470313,18.4983192044447,0.0217337614225735,68.8902922096561,1.48837051070245,2.17337614225735
2020-05-30,389,6,384,6,5,0,440,6,17166,294,17606,300,0,5,2,43,5,0,"Knox County",470313,17.4351974110858,0.0212490282456595,63.7873076015334,1.27574615203067,2.12490282456595
2020-05-29,383,8,378,8,5,0,434,7,16872,205,17306,212,0,5,0,41,5,0,"Knox County",470313,15.308953824368,0.0203619909502262,45.076364038417,1.70099486937423,2.03619909502262
2020-05-28,375,11,370,11,5,0,427,11,16667,336,17094,347,0,5,0,41,5,0,"Knox County",470313,16.7973243350705,0.022310081897769,73.780652459107,2.33886794538956,2.2310081897769
2020-05-27,364,5,359,5,5,0,416,6,16331,420,16747,426,0,5,1,41,5,0,"Knox County",470313,17.0099486937423,0.0227272727272727,90.5779767941775,1.06312179335889,2.27272727272727
2020-05-26,359,9,354,9,5,0,410,10,15911,1142,16321,1152,0,5,0,40,5,0,"Knox County",470313,13.395334596322,0.0178523847588596,244.943261189888,1.913619228046,1.78523847588596
2020-05-25,350,9,345,9,5,0,400,11,14769,381,15169,392,0,5,1,40,5,0,"Knox County",470313,11.6943397269478,0.018395179194418,83.348748599337,1.913619228046,1.8395179194418
2020-05-24,341,2,336,2,5,0,389,3,14388,273,14777,276,0,5,0,39,5,0,"Knox County",470313,10.6312179335889,0.0173913043478261,58.6843229934108,0.425248717343556,1.73913043478261
2020-05-23,339,7,334,7,5,0,386,10,14115,360,14501,370,0,5,2,39,5,0,"Knox County",470313,10.8438422922607,0.0182677165354331,78.6710127085579,1.48837051070245,1.82677165354331
2020-05-22,332,1,327,1,5,0,376,1,13755,253,14131,254,0,5,0,37,5,0,"Knox County",470313,9.35547178155824,0.0161641280696301,54.0065871026317,0.212624358671778,1.61641280696301
2020-05-21,331,0,326,0,5,0,375,0,13502,250,13877,250,0,5,0,37,5,0,"Knox County",470313,7.01660383616868,0.0131410256410256,53.1560896679445,0,1.31410256410256
2020-05-20,331,7,326,7,5,0,375,7,13252,360,13627,367,0,5,0,37,5,0,"Knox County",470313,7.44185255351224,0.0137210062071219,78.0331396325426,1.48837051070245,1.37210062071219
2020-05-19,324,7,319,7,5,0,368,7,12892,369,13260,376,0,5,2,37,5,0,"Knox County",470313,7.01660383616868,0.0170678336980306,79.9467588605886,1.48837051070245,1.70678336980306
2020-05-18,317,3,312,3,5,0,361,4,12523,478,12884,482,0,5,0,35,5,0,"Knox County",470313,5.74085768413801,0.0134736842105263,102.484940879797,0.637873076015334,1.34736842105263
2020-05-17,314,3,309,3,5,0,357,5,12045,216,12402,221,0,5,1,35,5,0,"Knox County",470313,5.95348204280979,0.0146551724137931,46.989983266463,0.637873076015334,1.46551724137931
2020-05-16,311,0,306,0,5,0,352,0,11829,349,12181,349,0,5,0,34,5,0,"Knox County",470313,4.46511153210734,0.0104393214441061,74.2059011764506,0,1.04393214441061
2020-05-15,311,1,306,1,5,0,352,4,11480,540,11832,544,0,5,0,34,5,0,"Knox County",470313,4.46511153210734,0.0104287369640788,115.667651117447,0.212624358671778,1.04287369640788
2020-05-14,310,3,305,3,5,0,348,7,10940,458,11288,465,0,5,0,34,5,0,"Knox County",470313,5.10298460812268,0.0121255349500713,98.8703267823768,0.637873076015334,1.21255349500713
2020-05-13,307,7,302,7,5,0,341,5,10482,341,10823,346,0,5,0,34,5,0,"Knox County",470313,5.10298460812268,0.011498383039885,73.5680281004352,1.48837051070245,1.1498383039885
2020-05-12,300,6,295,6,5,0,336,8,10141,401,10477,409,0,5,0,34,5,0,"Knox County",470313,4.8903602494509,0.01171875,86.9633626967573,1.27574615203067,1.171875
2020-05-11,294,16,289,16,5,0,328,12,9740,254,10068,266,0,5,1,34,5,0,"Knox County",470313,7.65447691218401,0.0157692307692308,56.558079406693,3.40198973874845,1.57692307692308
2020-05-10,278,5,273,5,5,0,316,5,9486,221,9802,226,0,5,1,33,5,0,"Knox County",470313,8.07972562952757,0.0157389635316699,48.0531050598219,1.06312179335889,1.57389635316699
2020-05-09,273,2,268,2,5,0,311,4,9265,352,9576,356,0,5,0,32,5,0,"Knox County",470313,8.50497434687113,0.0172281776416539,75.694271687153,0.425248717343556,1.72281776416539
2020-05-08,271,3,266,3,5,0,307,4,8913,265,9220,269,0,5,0,32,5,0,"Knox County",470313,8.93022306421468,0.0192554557124519,57.1959524827083,0.637873076015334,1.92554557124519
2020-05-07,268,3,263,3,5,0,303,3,8648,220,8951,223,0,5,0,32,5,0,"Knox County",470313,8.93022306421468,0.0195704057279236,47.4152319838065,0.637873076015334,1.95704057279236
2020-05-06,265,1,260,1,5,0,300,1,8428,185,8728,186,0,5,0,32,5,0,"Knox County",470313,7.65447691218401,0.0191214470284238,39.5481307129507,0.212624358671778,1.91214470284238
2020-05-05,264,4,259,4,5,0,299,5,8243,305,8542,310,0,5,0,32,5,0,"Knox County",470313,7.22922819484046,0.0185185185185185,65.9135511882512,0.850497434687113,1.85185185185185
2020-05-04,260,4,255,4,5,0,294,7,7938,259,8232,266,0,5,0,32,5,0,"Knox County",470313,4.67773589077912,0.0157952069716776,56.558079406693,0.850497434687113,1.57952069716776
2020-05-03,256,7,251,5,5,2,287,6,7679,290,7966,296,0,5,2,32,5,0,"Knox County",470313,5.10298460812268,0.0157397691500525,62.9368101668463,1.48837051070245,1.57397691500525
2020-05-02,249,3,246,3,3,0,281,5,7389,308,7670,313,0,5,1,30,5,0,"Knox County",470313,5.31560896679445,0.0166398282340311,66.5514242642666,0.637873076015334,1.66398282340311
2020-05-01,246,9,243,8,3,1,276,7,7081,354,7357,361,0,5,0,29,5,0,"Knox County",470313,6.59135511882512,0.0173913043478261,76.7573934805119,1.913619228046,1.73913043478261
2020-04-30,237,4,235,4,2,0,269,3,6727,119,6996,122,0,5,0,29,5,0,"Knox County",470313,6.8039794774969,0.0183387270765912,25.9401717579569,0.850497434687113,1.83387270765912
2020-04-29,233,8,231,8,2,0,266,10,6608,671,6874,681,0,5,0,29,5,0,"Knox County",470313,8.29234998819935,0.0183056619838229,144.797188255481,1.70099486937423,1.83056619838229
2020-04-28,225,8,223,8,2,0,256,10,5937,391,6193,401,1,5,0,29,5,0,"Knox County",470313,9.14284742288646,0.019672131147541,85.262367827383,1.70099486937423,1.9672131147541
2020-04-27,217,2,215,2,2,0,246,4,5546,161,5792,165,0,4,0,29,5,1,"Knox County",470313,8.7175987055429,0.0192389910218042,35.0830191808434,0.425248717343556,1.92389910218042
2020-04-26,215,1,213,1,2,0,242,1,5385,172,5627,173,0,4,0,29,4,0,"Knox County",470313,7.44185255351224,0.0180505415162455,36.7840140502176,0.212624358671778,1.80505415162455
2020-04-25,214,0,212,0,2,0,241,0,5213,53,5454,53,0,4,0,29,4,0,"Knox County",470313,6.8039794774969,0.0178936605316973,11.2690910096042,0,1.78936605316973
2020-04-24,214,8,212,8,2,0,241,10,5160,836,5401,846,0,4,1,29,4,0,"Knox County",470313,6.59135511882512,0.0155673904137649,179.880207436324,1.70099486937423,1.55673904137648
2020-04-23,206,1,204,1,2,0,231,2,4324,137,4555,139,0,4,0,28,4,0,"Knox County",470313,5.95348204280979,0.0150528885272579,29.5547858553772,0.212624358671778,1.50528885272579
2020-04-22,205,5,203,3,2,2,229,2,4187,189,4416,191,0,4,0,28,4,0,"Knox County",470313,5.31560896679445,0.0147357723577236,40.6112525063096,1.06312179335889,1.47357723577236
2020-04-21,200,4,200,4,0,0,227,5,3998,475,4225,480,0,4,1,28,4,0,"Knox County",470313,4.46511153210734,0.0117244748412311,102.059692162454,0.850497434687113,1.17244748412311
2020-04-20,196,3,196,3,0,0,222,2,3523,175,3745,177,0,4,1,27,4,0,"Knox County",470313,4.67773589077912,0.0106847984458475,37.6345114849047,0.637873076015334,1.06847984458475
2020-04-19,193,0,193,0,0,0,220,0,3348,72,3568,72,0,4,0,26,4,0,"Knox County",470313,4.46511153210734,0.0107252298263534,15.308953824368,0,1.07252298263534
2020-04-18,193,0,193,0,0,0,220,1,3276,135,3496,136,0,4,0,26,4,0,"Knox County",470313,4.46511153210734,0.0107790298873101,28.9169127793618,0,1.07790298873101
2020-04-17,193,2,193,2,0,0,219,3,3141,104,3360,107,0,4,1,26,4,0,"Knox County",470313,3.18936538007667,0.0115207373271889,22.7508063778803,0.425248717343556,1.15207373271889
2020-04-16,191,7,191,7,0,0,216,9,3037,213,3253,222,0,4,2,25,4,0,"Knox County",470313,4.46511153210734,0.015884476534296,47.2026076251348,1.48837051070245,1.5884476534296
2020-04-15,184,9,184,9,0,0,207,10,2824,84,3031,94,0,4,1,23,4,0,"Knox County",470313,5.31560896679445,0.0232919254658385,19.9866897151471,1.913619228046,2.32919254658385
2020-04-14,175,4,175,4,0,0,197,4,2740,102,2937,106,0,4,1,22,4,0,"Knox County",470313,5.31560896679445,0.0317286652078775,22.5381820192085,0.850497434687113,3.17286652078775
2020-04-13,171,4,171,4,0,0,193,9,2638,242,2831,251,0,4,1,21,4,0,"Knox County",470313,5.52823332546623,0.0364372469635627,53.3687140266163,0.850497434687113,3.64372469635628
2020-04-12,167,5,167,5,0,0,184,6,2396,166,2580,172,0,4,0,20,4,0,"Knox County",470313,6.59135511882512,0.0386029411764706,36.5713896915458,1.06312179335889,3.86029411764706
2020-04-11,162,5,162,5,0,0,178,8,2230,313,2408,321,1,4,1,20,4,0,"Knox County",470313,7.65447691218401,0.0384917517674784,68.2524191336408,1.06312179335889,3.84917517674784
2020-04-10,157,4,157,4,0,0,170,5,1917,123,2087,128,0,3,0,19,4,0,"Knox County",470313,8.07972562952757,0.0394126738794436,27.2159179099876,0.850497434687113,3.94126738794436
2020-04-09,153,1,153,1,0,0,165,1,1794,81,1959,82,0,3,0,19,4,0,"Knox County",470313,6.8039794774969,0.037261698440208,17.4351974110858,0.212624358671778,3.7261698440208
2020-04-08,152,8,152,8,0,0,164,12,1713,111,1877,123,0,3,1,19,4,1,"Knox County",470313,6.59135511882512,0.0380388841927303,26.1527961166287,1.70099486937423,3.80388841927303
2020-04-07,144,20,144,20,0,0,152,25,1602,366,1754,391,0,3,2,18,3,0,"Knox County",470313,9.99334485757357,0.0449591280653951,83.1361242406653,4.25248717343556,4.49591280653951
2020-04-06,124,8,124,8,0,0,127,14,1236,54,1363,68,2,3,1,16,3,0,"Knox County",470313,10.8438422922607,0.0552529182879377,14.4584563896809,1.70099486937423,5.52529182879377
2020-04-05,116,4,116,4,0,0,113,10,1182,75,1295,85,0,1,0,15,3,1,"Knox County",470313,10.6312179335889,0.0626043405676127,18.0730704871011,0.850497434687113,6.26043405676127
2020-04-04,112,15,112,15,0,0,103,6,1107,127,1210,133,0,1,1,15,2,1,"Knox County",470313,12.7574615203067,0.0722772277227723,28.2790397033465,3.18936538007667,7.22772277227723
2020-04-03,97,4,97,4,0,0,97,3,980,51,1077,54,0,1,1,14,1,0,"Knox County",470313,12.7574615203067,0.0758547008547008,11.481715368276,0.850497434687113,7.58547008547009
2020-04-02,93,7,93,7,0,0,94,7,929,106,1023,113,0,1,0,13,1,0,"Knox County",470313,14.0332076723374,0.0796277145811789,24.0265525299109,1.48837051070245,7.96277145811789
2020-04-01,86,15,86,15,0,0,87,15,823,140,910,155,0,0,1,13,1,0,"Knox County",470313,15.5215781830398,0.0800800800800801,32.9567755941256,3.18936538007667,8.00800800800801
2020-03-31,71,8,71,8,0,0,72,11,683,58,755,69,0,0,1,12,1,0,"Knox County",470313,12.9700858789785,0.0974889217134417,14.6710807483527,1.70099486937423,9.74889217134417
2020-03-30,63,13,63,13,0,0,61,15,625,130,686,145,0,0,2,11,1,0,"Knox County",470313,14.0332076723374,0.0888594164456233,30.8305320074078,2.76411666273312,8.88594164456233
2020-03-29,50,8,50,8,0,0,46,8,495,55,541,63,0,0,1,9,1,1,"Knox County",470313,14.8837051070245,0.0887978142076503,13.395334596322,1.70099486937423,8.87978142076503
2020-03-28,42,7,42,7,0,0,38,6,440,62,478,68,0,0,1,8,0,0,"Knox County",470313,13.1827102376502,0.0974512743628186,14.4584563896809,1.48837051070245,9.74512743628186
2020-03-27,35,2,35,2,0,0,32,2,378,54,410,56,0,0,1,7,0,0,"Knox County",470313,12.7574615203067,0.0956651718983558,11.9069640856196,0.425248717343556,9.56651718983558
2020-03-26,33,7,33,7,0,0,30,7,324,82,354,89,0,0,2,6,0,0,"Knox County",470313,12.7574615203067,0.0992248062015504,18.9235679217883,1.48837051070245,9.92248062015504
2020-03-25,26,6,26,6,0,0,23,7,242,68,265,75,0,0,1,4,0,0,"Knox County",470313,10.8438422922607,0.0991150442477876,15.9468269003834,1.27574615203067,9.91150442477876
2020-03-24,20,7,20,7,0,0,16,7,174,43,190,50,0,0,0,3,0,0,"Knox County",470313,10.6312179335889,0.0952380952380952,10.6312179335889,1.48837051070245,9.52380952380952
2020-03-23,13,4,13,4,0,0,9,4,131,22,140,26,0,0,2,3,0,0,"Knox County",470313,8.7175987055429,0.0960187353629977,5.52823332546623,0.850497434687113,9.60187353629976
2020-03-22,9,2,9,2,0,0,5,0,109,9,114,9,0,0,1,1,0,0,"Knox County",470313,7.44185255351224,0.0884718498659517,1.913619228046,0.425248717343556,8.84718498659517
2020-03-21,7,1,7,1,0,0,5,2,100,17,105,19,0,0,0,0,0,0,"Knox County",470313,6.16610640148157,0.0895061728395062,4.03986281476378,0.212624358671778,8.95061728395062
2020-03-20,6,5,6,5,0,0,3,2,83,38,86,40,0,0,0,0,0,0,"Knox County",470313,6.8039794774969,0.0941558441558442,8.50497434687113,1.06312179335889,9.41558441558442
2020-03-19,1,0,1,0,0,0,1,0,45,11,46,11,0,0,0,0,0,0,"Knox County",470313,5.31560896679445,0.0956521739130435,2.33886794538956,0,9.56521739130435
2020-03-18,1,0,1,0,0,0,1,0,34,15,35,15,0,0,0,0,0,0,"Knox County",470313,4.03986281476378,0.0882352941176471,3.18936538007667,0,8.82352941176471
2020-03-17,1,0,1,0,0,0,1,0,19,5,20,5,0,0,0,0,0,0,"Knox County",470313,2.55149230406134,0.064,1.06312179335889,0,6.4
2020-03-16,1,1,1,1,0,0,1,1,14,3,15,4,0,0,0,0,0,0,"Knox County",470313,1.913619228046,0.0485436893203883,0.850497434687113,0.212624358671778,4.85436893203883
2020-03-15,0,0,0,0,0,0,0,0,11,1,11,1,0,0,0,0,0,0,"Knox County",470313,1.48837051070245,0.0526315789473684,0.212624358671778,0,5.26315789473684
2020-03-14,0,0,0,0,0,0,0,0,10,8,10,8,0,0,0,0,0,0,"Knox County",470313,1.27574615203067,0.0357142857142857,1.70099486937423,0,3.57142857142857
2020-03-13,0,0,0,0,0,0,0,0,2,0,2,0,0,0,0,0,0,0,"Knox County",470313,0.212624358671778,0.0227272727272727,0,0,2.27272727272727
2020-03-12,0,0,0,0,0,0,0,0,2,2,2,2,0,0,0,0,0,0,"Knox County",470313,0.212624358671778,0.0285714285714286,0.425248717343556,0,2.85714285714286
2020-03-12,0,0,0,0,0,0,0,0,0,0,0,0,0,0,0,0,0,0,"Anderson",76978,NA,NA,0,0,NA
2020-03-13,0,0,0,0,0,0,0,0,1,1,1,1,0,0,0,0,0,0,"Anderson",76978,NA,NA,1.29907246226194,0,NA
2020-03-14,0,0,0,0,0,0,0,0,1,0,1,0,0,0,0,0,0,0,"Anderson",76978,NA,NA,0,0,NA
2020-03-15,0,0,0,0,0,0,0,0,1,0,1,0,0,0,0,0,0,0,"Anderson",76978,NA,NA,0,0,NA
2020-03-16,0,0,0,0,0,0,0,0,2,1,2,1,0,0,0,0,0,0,"Anderson",76978,NA,NA,1.29907246226194,0,NA
2020-03-17,0,0,0,0,0,0,0,0,4,2,4,2,0,0,0,0,0,0,"Anderson",76978,NA,NA,2.59814492452389,0,NA
2020-03-18,0,0,0,0,0,0,0,0,4,0,4,0,0,0,0,0,0,0,"Anderson",76978,0,0,0,0,0
2020-03-19,1,1,1,1,0,0,2,2,5,1,7,3,0,0,0,0,0,0,"Anderson",76978,1.29907246226194,0.285714285714286,3.89721738678583,1.29907246226194,28.5714285714286
2020-03-20,1,0,1,0,0,0,2,0,7,2,9,2,0,0,0,0,0,0,"Anderson",76978,1.29907246226194,0.25,2.59814492452389,0,25
2020-03-21,1,0,1,0,0,0,2,0,7,0,9,0,0,0,0,0,0,0,"Anderson",76978,1.29907246226194,0.25,0,0,25
2020-03-22,1,0,1,0,0,0,2,0,10,3,12,3,0,0,0,0,0,0,"Anderson",76978,1.29907246226194,0.181818181818182,3.89721738678583,0,18.1818181818182
2020-03-23,1,0,1,0,0,0,2,0,15,5,17,5,0,0,0,0,0,0,"Anderson",76978,1.29907246226194,0.133333333333333,6.49536231130973,0,13.3333333333333
2020-03-24,1,0,1,0,0,0,2,0,20,5,22,5,0,0,0,0,0,0,"Anderson",76978,1.29907246226194,0.111111111111111,6.49536231130973,0,11.1111111111111
2020-03-25,2,1,2,1,0,0,4,2,29,9,33,11,0,0,0,0,0,0,"Anderson",76978,2.59814492452389,0.137931034482759,14.2897970848814,1.29907246226194,13.7931034482759
2020-03-26,3,1,3,1,0,0,5,1,44,15,49,16,0,0,1,1,0,0,"Anderson",76978,2.59814492452389,0.0714285714285714,20.7851593961911,1.29907246226194,7.14285714285714
2020-03-27,4,1,4,1,0,0,6,1,53,9,59,10,0,0,0,1,0,0,"Anderson",76978,3.89721738678583,0.08,12.9907246226195,1.29907246226194,8
2020-03-28,7,3,7,3,0,0,9,3,72,19,81,22,0,0,1,2,0,0,"Anderson",76978,7.79443477357167,0.0972222222222222,28.5795941697628,3.89721738678583,9.72222222222222
2020-03-29,7,0,7,0,0,0,9,0,83,11,92,11,0,0,0,2,0,0,"Anderson",76978,7.79443477357167,0.0875,14.2897970848814,0,8.75
2020-03-30,8,1,8,1,0,0,10,1,127,44,137,45,0,0,0,2,0,0,"Anderson",76978,9.09350723583361,0.0666666666666667,58.4582608017875,1.29907246226194,6.66666666666667
2020-03-31,9,1,9,1,0,0,11,1,142,15,153,16,0,0,0,2,0,0,"Anderson",76978,10.3925796980956,0.0687022900763359,20.7851593961911,1.29907246226194,6.87022900763359
2020-04-01,9,0,9,0,0,0,11,0,163,21,174,21,0,0,0,2,0,0,"Anderson",76978,9.09350723583361,0.049645390070922,27.2805217075008,0,4.9645390070922
2020-04-02,9,0,9,0,0,0,11,0,179,16,190,16,0,0,0,2,0,0,"Anderson",76978,7.79443477357167,0.0425531914893617,20.7851593961911,0,4.25531914893617
2020-04-03,9,0,9,0,0,0,11,0,192,13,203,13,0,0,0,2,0,0,"Anderson",76978,6.49536231130972,0.0347222222222222,16.8879420094053,0,3.47222222222222
2020-04-04,9,0,9,0,0,0,11,0,219,27,230,27,0,0,0,2,0,0,"Anderson",76978,2.59814492452389,0.0134228187919463,35.0749564810725,0,1.34228187919463
2020-04-05,9,0,9,0,0,0,11,0,248,29,259,29,0,0,0,2,0,0,"Anderson",76978,2.59814492452389,0.0119760479041916,37.6731014055964,0,1.19760479041916
2020-04-06,9,0,9,0,0,0,11,0,262,14,273,14,0,0,0,2,0,0,"Anderson",76978,1.29907246226194,0.00735294117647059,18.1870144716672,0,0.735294117647059
2020-04-07,10,1,10,1,0,0,12,1,304,42,316,43,0,0,0,2,0,0,"Anderson",76978,1.29907246226194,0.00613496932515337,55.8601158772636,1.29907246226194,0.613496932515337
2020-04-08,10,0,10,0,0,0,12,0,322,18,334,18,1,1,0,2,1,1,"Anderson",76978,1.29907246226194,0.00625,23.383304320715,0,0.625
2020-04-09,10,0,10,0,0,0,12,0,350,28,362,28,0,1,0,2,1,0,"Anderson",76978,1.29907246226194,0.00581395348837209,36.3740289433345,0,0.581395348837209
2020-04-10,10,0,10,0,0,0,12,0,366,16,378,16,0,1,0,2,1,0,"Anderson",76978,1.29907246226194,0.00571428571428571,20.7851593961911,0,0.571428571428571
2020-04-11,10,0,10,0,0,0,12,0,439,73,451,73,0,1,0,2,1,0,"Anderson",76978,1.29907246226194,0.00452488687782805,94.832289745122,0,0.452488687782805
2020-04-12,12,2,12,2,0,0,14,2,477,38,491,40,0,1,0,2,1,0,"Anderson",76978,3.89721738678583,0.0129310344827586,51.9628984904778,2.59814492452389,1.29310344827586
2020-04-13,13,1,13,1,0,0,15,1,514,37,529,38,0,1,0,2,1,0,"Anderson",76978,5.19628984904778,0.015625,49.3647535659539,1.29907246226194,1.5625
2020-04-14,13,0,13,0,0,0,15,0,526,12,541,12,0,1,0,2,1,0,"Anderson",76978,3.89721738678583,0.0133333333333333,15.5888695471433,0,1.33333333333333
2020-04-15,13,0,13,0,0,0,15,0,544,18,559,18,0,1,0,2,1,0,"Anderson",76978,3.89721738678583,0.0133333333333333,23.383304320715,0,1.33333333333333
2020-04-16,13,0,13,0,0,0,15,0,566,22,581,22,0,1,0,2,1,0,"Anderson",76978,3.89721738678583,0.0136986301369863,28.5795941697628,0,1.36986301369863
2020-04-17,13,0,13,0,0,0,15,0,586,20,601,20,0,1,0,2,1,0,"Anderson",76978,3.89721738678583,0.0134529147982063,25.9814492452389,0,1.34529147982063
2020-04-18,13,0,13,0,0,0,15,0,616,30,631,30,0,1,0,2,1,0,"Anderson",76978,3.89721738678583,0.0166666666666667,38.9721738678584,0,1.66666666666667
2020-04-19,14,1,14,1,0,0,16,1,628,12,644,13,0,1,0,2,1,0,"Anderson",76978,2.59814492452389,0.0130718954248366,16.8879420094053,1.29907246226194,1.30718954248366
2020-04-20,19,5,18,4,1,1,19,3,648,20,667,23,0,1,0,2,1,0,"Anderson",76978,7.79443477357167,0.0289855072463768,29.8786666320247,6.49536231130973,2.89855072463768
2020-04-21,20,1,19,1,1,0,22,3,1071,423,1093,426,0,1,0,2,1,0,"Anderson",76978,9.09350723583361,0.0126811594202899,553.404868923589,1.29907246226194,1.26811594202899
2020-04-22,21,1,20,1,1,0,24,2,1141,70,1165,72,0,1,0,2,1,0,"Anderson",76978,10.3925796980956,0.0148514851485149,93.53321728286,1.29907246226194,1.48514851485149
2020-04-23,21,0,20,0,1,0,24,0,1191,50,1215,50,0,1,0,2,1,0,"Anderson",76978,10.3925796980956,0.0141955835962145,64.9536231130973,0,1.41955835962145
2020-04-24,22,1,21,1,1,0,25,1,1299,108,1324,109,0,1,0,2,1,0,"Anderson",76978,11.6916521603575,0.0138312586445367,141.598898386552,1.29907246226194,1.38312586445367
2020-04-25,22,0,21,0,1,0,25,0,1336,37,1361,37,0,1,0,2,1,0,"Anderson",76978,11.6916521603575,0.0136986301369863,48.065681103692,0,1.36986301369863
2020-04-26,22,0,21,0,1,0,25,0,1372,36,1397,36,0,1,0,2,1,0,"Anderson",76978,10.3925796980956,0.0119521912350598,46.76660864143,0,1.19521912350598
2020-04-27,22,0,21,0,1,0,25,0,1411,39,1436,39,0,1,0,2,1,0,"Anderson",76978,3.89721738678583,0.00780234070221066,50.6638260282159,0,0.780234070221066
2020-04-28,22,0,21,0,1,0,25,0,1690,279,1715,279,0,1,0,2,1,0,"Anderson",76978,2.59814492452389,0.00482315112540193,362.441216971083,0,0.482315112540193
2020-04-29,26,4,25,4,1,0,28,3,2068,378,2096,381,0,1,0,2,1,0,"Anderson",76978,6.49536231130972,0.00429645542427497,494.946608121801,5.19628984904778,0.429645542427497
2020-04-30,26,0,25,0,1,0,29,1,2100,32,2129,33,0,1,0,2,1,0,"Anderson",76978,6.49536231130972,0.00547045951859956,42.8693912546442,0,0.547045951859956
2020-05-01,26,0,25,0,1,0,29,0,2152,52,2181,52,0,1,0,2,1,0,"Anderson",76978,5.19628984904778,0.00466744457409568,67.5517680376211,0,0.466744457409568
2020-05-02,26,0,25,0,1,0,29,0,2219,67,2248,67,0,1,0,2,1,0,"Anderson",76978,5.19628984904778,0.00450958286358512,87.0378549715503,0,0.450958286358512
2020-05-03,27,1,26,1,1,0,30,1,2312,93,2342,94,0,1,0,2,1,0,"Anderson",76978,6.49536231130972,0.00529100529100529,122.112811452623,1.29907246226194,0.529100529100529
2020-05-04,27,0,26,0,1,0,30,0,2404,92,2434,92,0,1,0,2,1,0,"Anderson",76978,6.49536231130972,0.00501002004008016,119.514666528099,0,0.501002004008016
2020-05-05,28,1,27,1,1,0,30,0,2473,69,2503,69,0,1,0,2,1,0,"Anderson",76978,7.79443477357167,0.00634517766497462,89.6359998960742,1.29907246226194,0.634517766497462
2020-05-06,30,2,29,2,1,0,31,1,2523,50,2554,51,0,1,0,2,1,0,"Anderson",76978,5.19628984904778,0.00655021834061135,66.2526955753592,2.59814492452389,0.655021834061135
2020-05-07,30,0,29,0,1,0,33,2,2595,72,2628,74,0,1,0,2,1,0,"Anderson",76978,5.19628984904778,0.00801603206412826,96.1313622073839,0,0.801603206412826
2020-05-08,30,0,29,0,1,0,33,0,2650,55,2683,55,0,1,0,2,1,0,"Anderson",76978,5.19628984904778,0.00796812749003984,71.448985424407,0,0.796812749003984
2020-05-09,30,0,29,0,1,0,33,0,2732,82,2765,82,0,1,0,2,1,0,"Anderson",76978,5.19628984904778,0.00773694390715667,106.523941905479,0,0.773694390715667
2020-05-10,30,0,29,0,1,0,33,0,2825,93,2858,93,0,1,0,2,1,0,"Anderson",76978,3.89721738678583,0.00581395348837209,120.813738990361,0,0.581395348837209
2020-05-11,32,2,31,2,1,0,33,0,2907,82,2940,82,0,1,0,2,1,0,"Anderson",76978,6.49536231130972,0.00592885375494071,106.523941905479,2.59814492452389,0.592885375494071
2020-05-12,33,1,32,1,1,0,35,2,3040,133,3075,135,0,1,0,2,1,0,"Anderson",76978,6.49536231130972,0.00874125874125874,175.374782405363,1.29907246226194,0.874125874125874
2020-05-13,35,2,34,2,1,0,38,3,3218,178,3256,181,0,1,1,3,1,0,"Anderson",76978,6.49536231130972,0.00997150997150997,235.132115669412,2.59814492452389,0.997150997150997
2020-05-14,35,0,34,0,1,0,39,1,3344,126,3383,127,0,1,0,3,1,0,"Anderson",76978,6.49536231130972,0.00794701986754967,164.982202707267,0,0.794701986754967
2020-05-15,36,1,35,1,1,0,39,0,3415,71,3454,71,0,1,0,3,1,0,"Anderson",76978,7.79443477357167,0.00778210116731518,92.2341448205981,1.29907246226194,0.778210116731518
2020-05-16,36,0,35,0,1,0,41,2,3655,240,3696,242,0,1,0,3,1,0,"Anderson",76978,7.79443477357167,0.00859291084854995,314.375535867391,0,0.859291084854995
2020-05-17,36,0,35,0,1,0,41,0,3725,70,3766,70,0,1,0,3,1,0,"Anderson",76978,7.79443477357167,0.00881057268722467,90.9350723583361,0,0.881057268722467
2020-05-18,37,1,36,1,1,0,42,1,3802,77,3844,78,0,1,0,3,1,0,"Anderson",76978,6.49536231130972,0.00995575221238938,101.327652056432,1.29907246226194,0.995575221238938
2020-05-19,37,0,36,0,1,0,42,0,3854,52,3896,52,0,1,0,3,1,0,"Anderson",76978,5.19628984904778,0.00852618757612668,67.5517680376211,0,0.852618757612667
2020-05-20,37,0,36,0,1,0,43,1,3919,65,3962,66,0,1,0,3,1,0,"Anderson",76978,2.59814492452389,0.00708215297450425,85.7387825092884,0,0.708215297450425
2020-05-21,37,0,36,0,1,0,44,1,3999,80,4043,81,0,1,0,3,1,0,"Anderson",76978,2.59814492452389,0.00757575757575758,105.224869443218,0,0.757575757575758
2020-05-22,38,1,37,1,1,0,45,1,4027,28,4072,29,0,1,1,4,1,0,"Anderson",76978,2.59814492452389,0.00970873786407767,37.6731014055964,1.29907246226194,0.970873786407767
2020-05-23,38,0,37,0,1,0,46,1,4190,163,4236,164,0,1,0,4,1,0,"Anderson",76978,2.59814492452389,0.00925925925925926,213.047883810959,0,0.925925925925926
2020-05-24,38,0,37,0,1,0,46,0,4245,55,4291,55,0,1,0,4,1,0,"Anderson",76978,2.59814492452389,0.00952380952380952,71.448985424407,0,0.952380952380952
2020-05-25,38,0,37,0,1,0,47,1,4279,34,4326,35,0,1,0,4,1,0,"Anderson",76978,1.29907246226194,0.0103734439834025,45.4675361791681,0,1.03734439834025
2020-05-26,38,0,37,0,1,0,47,0,4410,131,4457,131,0,1,0,4,1,0,"Anderson",76978,1.29907246226194,0.0089126559714795,170.178492556315,0,0.89126559714795
2020-05-27,38,0,37,0,1,0,47,0,4513,103,4560,103,0,1,0,4,1,0,"Anderson",76978,1.29907246226194,0.00668896321070234,133.80446361298,0,0.668896321070234
2020-05-28,38,0,37,0,1,0,47,0,4561,48,4608,48,0,1,0,4,1,0,"Anderson",76978,1.29907246226194,0.00530973451327434,62.3554781885734,0,0.530973451327434
2020-05-29,39,1,38,1,1,0,47,0,4611,50,4658,50,0,1,0,4,1,0,"Anderson",76978,1.29907246226194,0.00341296928327645,64.9536231130973,1.29907246226194,0.341296928327645
2020-05-30,39,0,38,0,1,0,48,1,4663,52,4711,53,0,1,0,4,1,0,"Anderson",76978,1.29907246226194,0.00421052631578947,68.8508404998831,0,0.421052631578947
2020-05-31,40,1,39,1,1,0,49,1,4729,66,4778,67,0,1,0,4,1,0,"Anderson",76978,2.59814492452389,0.00616016427104723,87.0378549715503,1.29907246226194,0.616016427104723
2020-06-01,40,0,39,0,1,0,49,0,4853,124,4902,124,0,1,0,4,1,0,"Anderson",76978,2.59814492452389,0.00347222222222222,161.084985320481,0,0.347222222222222
2020-06-02,40,0,39,0,1,0,49,0,4980,127,5029,127,0,1,0,4,1,0,"Anderson",76978,2.59814492452389,0.0034965034965035,164.982202707267,0,0.34965034965035
2020-06-03,41,1,40,1,1,0,50,1,5040,60,5090,61,0,1,0,4,2,1,"Anderson",76978,3.89721738678583,0.00566037735849057,79.2434201979787,1.29907246226194,0.566037735849057
2020-06-04,41,0,40,0,1,0,50,0,5088,48,5138,48,1,2,0,4,2,0,"Anderson",76978,3.89721738678583,0.00566037735849057,62.3554781885734,0,0.566037735849057
2020-06-05,42,1,41,1,1,0,53,3,5145,57,5198,60,0,2,0,4,2,0,"Anderson",76978,3.89721738678583,0.0111111111111111,77.9443477357167,1.29907246226194,1.11111111111111
2020-06-06,43,1,42,1,1,0,54,1,5198,53,5252,54,0,2,0,4,2,0,"Anderson",76978,5.19628984904778,0.011090573012939,70.149912962145,1.29907246226194,1.1090573012939
2020-06-07,45,2,43,1,2,1,57,3,5293,95,5350,98,0,2,0,4,2,0,"Anderson",76978,6.49536231130972,0.013986013986014,127.309101301671,2.59814492452389,1.3986013986014
2020-06-08,46,1,44,1,2,0,57,0,5334,41,5391,41,0,2,0,4,2,0,"Anderson",76978,7.79443477357167,0.016359918200409,53.2619709527397,1.29907246226194,1.6359918200409
2020-06-09,47,1,45,1,2,0,60,3,5515,181,5575,184,0,2,0,4,2,0,"Anderson",76978,9.09350723583361,0.0201465201465201,239.029333056198,1.29907246226194,2.01465201465201
2020-06-10,52,5,50,5,2,0,63,3,5723,208,5786,211,0,2,0,4,2,0,"Anderson",76978,14.2897970848814,0.0186781609195402,274.10428953727,6.49536231130973,1.86781609195402
2020-06-11,55,3,53,3,2,0,66,3,5868,145,5934,148,0,2,1,5,2,0,"Anderson",76978,18.1870144716672,0.0201005025125628,192.262724414768,3.89721738678583,2.01005025125628
2020-06-12,57,2,55,2,2,0,70,4,5950,82,6020,86,0,2,0,5,2,0,"Anderson",76978,19.4860869339292,0.0206812652068127,111.720231754527,2.59814492452389,2.06812652068127
2020-06-13,58,1,55,0,3,1,70,0,5993,43,6063,43,0,2,0,5,2,0,"Anderson",76978,19.4860869339292,0.0197287299630086,55.8601158772636,1.29907246226194,1.97287299630086
2020-06-14,60,2,57,2,3,0,70,0,6168,175,6238,175,0,2,1,6,2,0,"Anderson",76978,19.4860869339292,0.0146396396396396,227.33768089584,2.59814492452389,1.46396396396396
2020-06-15,60,0,57,0,3,0,71,1,6226,58,6297,59,0,2,0,6,2,0,"Anderson",76978,18.1870144716672,0.0154525386313466,76.6452752734548,0,1.54525386313466
2020-06-16,64,4,61,4,3,0,75,4,6287,61,6362,65,0,2,0,6,2,0,"Anderson",76978,22.0842318584531,0.0190597204574333,84.4397100470264,5.19628984904778,1.90597204574333
2020-06-17,66,2,63,2,3,0,79,4,6324,37,6403,41,0,2,0,6,2,0,"Anderson",76978,18.1870144716672,0.0259319286871961,53.2619709527397,2.59814492452389,2.59319286871961
2020-06-18,70,4,67,4,3,0,84,5,6454,130,6538,135,0,2,0,6,2,0,"Anderson",76978,19.4860869339292,0.0298013245033113,175.374782405363,5.19628984904778,2.98013245033113
2020-06-19,72,2,69,2,3,0,86,2,6519,65,6605,67,0,2,0,6,2,0,"Anderson",76978,19.4860869339292,0.0273504273504274,87.0378549715503,2.59814492452389,2.73504273504274
2020-06-20,73,1,70,1,3,0,87,1,6557,38,6644,39,0,2,0,6,2,0,"Anderson",76978,19.4860869339292,0.0292598967297762,50.6638260282159,1.29907246226194,2.92598967297762
2020-06-21,74,1,71,1,3,0,88,1,6617,60,6705,61,0,2,0,6,2,0,"Anderson",76978,18.1870144716672,0.0385438972162741,79.2434201979787,1.29907246226194,3.85438972162741
2020-06-22,76,2,73,2,3,0,90,2,6709,92,6799,94,0,2,1,7,2,0,"Anderson",76978,20.7851593961911,0.0378486055776892,122.112811452623,2.59814492452389,3.78486055776892
2020-06-23,76,0,73,0,3,0,90,0,6798,89,6888,89,0,2,0,7,2,0,"Anderson",76978,15.5888695471433,0.0285171102661597,115.617449141313,0,2.85171102661597
2020-06-24,77,1,74,1,3,0,91,1,6829,31,6920,32,0,2,0,7,2,0,"Anderson",76978,14.2897970848814,0.02321083172147,41.5703187923822,1.29907246226194,2.321083172147
2020-06-25,81,4,78,4,3,0,92,1,6942,113,7034,114,0,2,0,7,2,0,"Anderson",76978,14.2897970848814,0.0161290322580645,148.094260697862,5.19628984904778,1.61290322580645
2020-06-26,86,5,83,5,3,0,98,6,6970,28,7068,34,0,2,0,7,2,0,"Anderson",76978,18.1870144716672,0.0259179265658747,44.1684637169061,6.49536231130973,2.59179265658747
2020-06-27,87,1,83,0,4,1,98,0,6982,12,7080,12,0,2,0,7,2,0,"Anderson",76978,18.1870144716672,0.0252293577981651,15.5888695471433,1.29907246226194,2.52293577981651
2020-06-28,91,4,87,4,4,0,106,8,7091,109,7197,117,0,2,0,7,2,0,"Anderson",76978,22.0842318584531,0.0365853658536585,151.991478084648,5.19628984904778,3.65853658536585
2020-06-29,97,6,92,5,5,1,114,8,7313,222,7427,230,0,2,1,8,2,0,"Anderson",76978,27.2805217075008,0.0382165605095541,298.786666320247,7.79443477357167,3.82165605095541
2020-06-30,102,5,96,4,6,1,120,6,7477,164,7597,170,0,2,0,8,2,0,"Anderson",76978,33.7758840188106,0.0423131170662905,220.842318584531,6.49536231130973,4.23131170662905
2020-07-01,104,2,98,2,6,0,124,4,7598,121,7722,125,0,2,0,8,2,0,"Anderson",76978,35.0749564810725,0.0411471321695761,162.384057782743,2.59814492452389,4.11471321695761
2020-07-02,110,6,104,6,6,0,130,6,7837,239,7967,245,0,2,0,8,2,0,"Anderson",76978,37.6731014055964,0.0407288317256163,318.272753254177,7.79443477357167,4.07288317256163
2020-07-03,120,10,113,9,7,1,142,12,7961,124,8103,136,0,2,0,8,2,0,"Anderson",76978,44.1684637169061,0.042512077294686,176.673854867625,12.9907246226195,4.2512077294686
2020-07-04,131,11,124,11,7,0,156,14,8145,184,8301,198,0,2,2,10,2,0,"Anderson",76978,57.1591883395256,0.0475020475020475,257.216347527865,14.2897970848814,4.75020475020475
2020-07-05,140,9,133,9,7,0,169,13,8301,156,8470,169,0,2,1,11,2,0,"Anderson",76978,63.6545506508353,0.0494893951296151,219.543246122269,11.6916521603575,4.94893951296151
2020-07-06,141,1,134,1,7,0,170,1,8328,27,8498,28,0,2,0,11,2,0,"Anderson",76978,57.1591883395256,0.0522875816993464,36.3740289433345,1.29907246226194,5.22875816993464
2020-07-07,157,16,150,16,7,0,190,20,8561,233,8751,253,0,2,0,11,2,0,"Anderson",76978,71.448985424407,0.0606585788561525,328.665332952272,20.7851593961911,6.06585788561525
2020-07-08,173,16,165,15,8,1,206,16,8701,140,8907,156,0,2,0,11,2,0,"Anderson",76978,89.6359998960742,0.0691983122362869,202.655304112863,20.7851593961911,6.91983122362869
2020-07-09,187,14,179,14,8,0,220,14,8969,268,9189,282,0,2,0,11,2,0,"Anderson",76978,100.02857959417,0.0736497545008183,366.338434357868,18.1870144716672,7.36497545008183
2020-07-10,193,6,185,6,8,0,227,7,8999,30,9226,37,0,2,1,12,2,0,"Anderson",76978,94.832289745122,0.0756901157613535,48.065681103692,7.79443477357167,7.56901157613535
2020-07-11,201,8,193,8,8,0,235,8,9168,169,9403,177,0,2,1,13,2,0,"Anderson",76978,90.9350723583361,0.0716878402903811,229.935825820364,10.3925796980956,7.16878402903811
2020-07-12,212,11,204,11,8,0,248,13,9351,183,9599,196,0,2,0,13,2,0,"Anderson",76978,93.53321728286,0.0699734278122232,254.618202603341,14.2897970848814,6.99734278122232
2020-07-13,218,6,209,5,9,1,255,7,9390,39,9645,46,0,2,2,15,2,0,"Anderson",76978,100.02857959417,0.0741063644289451,59.7573332640495,7.79443477357167,7.41063644289451
2020-07-14,229,11,219,10,10,1,266,11,9530,140,9796,151,0,2,0,15,2,0,"Anderson",76978,93.53321728286,0.0727272727272727,196.159941801554,14.2897970848814,7.27272727272727
2020-07-15,245,16,234,15,11,1,285,19,9632,102,9917,121,0,2,0,15,2,0,"Anderson",76978,93.53321728286,0.0782178217821782,157.187767933695,20.7851593961911,7.82178217821782
2020-07-16,263,18,252,18,11,0,308,23,9921,289,10229,312,0,2,1,16,2,0,"Anderson",76978,98.7295071319078,0.0846153846153846,405.310608225727,23.383304320715,8.46153846153846
2020-07-17,270,7,259,7,11,0,317,9,9992,71,10309,80,0,2,1,17,3,1,"Anderson",76978,100.02857959417,0.0831024930747922,103.925796980956,9.09350723583361,8.31024930747922
2020-07-18,277,7,266,7,11,0,328,11,10206,214,10534,225,0,2,0,17,3,0,"Anderson",76978,98.7295071319078,0.0822281167108753,292.291304008938,9.09350723583361,8.22281167108753
2020-07-19,285,8,274,8,11,0,337,9,10287,81,10624,90,0,2,2,19,3,0,"Anderson",76978,94.832289745122,0.0868292682926829,116.916521603575,10.3925796980956,8.68292682926829
2020-07-20,313,28,302,28,11,0,367,30,10456,169,10823,199,1,3,0,19,3,0,"Anderson",76978,123.411883914885,0.0950764006791171,258.515419990127,36.3740289433345,9.50764006791171
2020-07-21,336,23,324,22,12,1,391,24,10748,292,11139,316,0,3,1,20,3,0,"Anderson",76978,139.000753462028,0.0930752047654505,410.506898074775,29.8786666320247,9.30752047654505
2020-07-22,365,29,353,29,12,0,424,33,10883,135,11307,168,0,3,0,20,3,0,"Anderson",76978,155.888695471433,0.1,218.244173660007,37.6731014055964,10
2020-07-23,388,23,376,23,12,0,455,31,11310,427,11765,458,0,3,2,22,3,0,"Anderson",76978,162.384057782743,0.095703125,594.975187715971,29.8786666320247,9.5703125
2020-07-24,394,6,382,6,12,0,463,8,11422,112,11885,120,0,3,0,22,4,1,"Anderson",76978,161.084985320481,0.0926395939086294,155.888695471433,7.79443477357167,9.26395939086294
2020-07-25,426,32,413,31,13,1,499,36,11679,257,12178,293,1,4,1,23,4,0,"Anderson",76978,193.56179687703,0.104014598540146,380.62823144275,41.5703187923822,10.4014598540146
2020-07-26,465,39,451,38,14,1,541,42,12082,403,12623,445,0,4,2,25,4,0,"Anderson",76978,233.83304320715,0.102051025512756,578.087245706565,50.6638260282159,10.2051025512756
2020-07-27,483,18,468,17,15,1,562,21,12262,180,12824,201,0,4,1,26,4,0,"Anderson",76978,220.842318584531,0.0974512743628186,261.113564914651,23.383304320715,9.74512743628186
2020-07-28,523,40,508,40,15,0,608,46,12642,380,13250,426,0,4,1,27,5,1,"Anderson",76978,242.926550442984,0.10279488394126,553.404868923589,51.9628984904778,10.279488394126
2020-07-29,527,4,512,4,15,0,612,4,12678,36,13290,40,1,5,0,27,5,0,"Anderson",76978,210.449738886435,0.0948058497226425,51.9628984904778,5.19628984904778,9.48058497226425
2020-07-30,564,37,549,37,15,0,666,54,13163,485,13829,539,0,5,0,27,5,0,"Anderson",76978,228.636753358102,0.102228682170543,700.200057159188,48.065681103692,10.2228682170543
2020-07-31,576,12,561,12,15,0,680,14,13345,182,14025,196,0,5,0,27,5,0,"Anderson",76978,236.431188131674,0.101401869158878,254.618202603341,15.5888695471433,10.1401869158878
2020-08-01,599,23,584,23,15,0,705,25,13754,409,14459,434,0,5,1,28,5,0,"Anderson",76978,224.739535971316,0.0903112669881631,563.797448621684,29.8786666320247,9.03112669881631
2020-08-02,606,7,591,7,15,0,712,7,13882,128,14594,135,0,5,1,29,6,1,"Anderson",76978,183.169217178934,0.0867579908675799,175.374782405363,9.09350723583361,8.67579908675799
2020-08-03,631,25,615,24,16,1,743,31,14109,227,14852,258,0,5,0,29,6,0,"Anderson",76978,192.262724414768,0.0892504930966469,335.160695263582,32.4768115565486,8.92504930966469
2020-08-04,638,7,622,7,16,0,751,8,14352,243,15103,251,2,7,0,29,6,0,"Anderson",76978,149.393333160124,0.0771721532649757,326.067188027748,9.09350723583361,7.71721532649757
2020-08-05,653,15,637,15,16,0,770,19,14561,209,15331,228,-1,6,0,29,6,0,"Anderson",76978,163.683130245005,0.0774130328270456,296.188521395723,19.4860869339292,7.74130328270456
2020-08-06,675,22,659,22,16,0,800,30,14882,321,15682,351,0,6,1,30,6,0,"Anderson",76978,144.197043311076,0.0723151645979493,455.974434253943,28.5795941697628,7.23151645979493
2020-08-07,679,4,663,4,16,0,804,4,14963,81,15767,85,0,6,0,30,6,0,"Anderson",76978,133.80446361298,0.0711825487944891,110.421159292265,5.19628984904778,7.11825487944891
2020-08-08,690,11,674,11,16,0,820,16,15283,320,16103,336,0,6,0,30,6,0,"Anderson",76978,118.215594065837,0.0699513381995134,436.488347320014,14.2897970848814,6.99513381995134
2020-08-09,697,7,681,7,16,0,829,9,15420,137,16249,146,0,6,0,30,6,0,"Anderson",76978,118.215594065837,0.0706948640483384,189.664579490244,9.09350723583361,7.06948640483384
2020-08-10,702,5,686,5,16,0,835,6,15559,139,16394,145,0,6,0,30,6,0,"Anderson",76978,92.2341448205981,0.059662775616083,188.365507027982,6.49536231130973,5.9662775616083
2020-08-11,723,21,707,21,16,0,857,22,15762,203,16619,225,0,6,1,31,6,0,"Anderson",76978,110.421159292265,0.0699208443271768,292.291304008938,27.2805217075008,6.99208443271768
2020-08-12,731,8,715,8,16,0,865,8,16001,239,16866,247,0,6,0,31,6,0,"Anderson",76978,101.327652056432,0.0618892508143322,320.8708981787,10.3925796980956,6.18892508143322
2020-08-13,749,18,733,18,16,0,889,24,16229,228,17118,252,1,7,2,33,6,0,"Anderson",76978,96.1313622073839,0.0619777158774373,327.36626049001,23.383304320715,6.19777158774373
2020-08-14,766,17,749,16,17,1,911,22,16558,329,17469,351,0,7,0,33,6,0,"Anderson",76978,113.019304216789,0.0628672150411281,455.974434253943,22.0842318584531,6.28672150411281
2020-08-15,776,10,759,10,17,0,923,12,16781,223,17704,235,-1,6,0,33,6,0,"Anderson",76978,111.720231754527,0.0643347907557776,305.282028631557,12.9907246226195,6.43347907557776
2020-08-16,788,12,771,12,17,0,937,14,16923,142,17860,156,0,6,0,33,7,1,"Anderson",76978,118.215594065837,0.0670391061452514,202.655304112863,15.5888695471433,6.70391061452514
2020-08-17,792,4,775,4,17,0,940,3,16966,43,17906,46,0,6,0,33,7,0,"Anderson",76978,116.916521603575,0.0694444444444444,59.7573332640495,5.19628984904778,6.94444444444444
2020-08-18,806,14,789,14,17,0,957,17,17129,163,18086,180,0,6,0,33,7,0,"Anderson",76978,107.823014367741,0.0681663258350375,233.83304320715,18.1870144716672,6.81663258350375
2020-08-19,820,14,803,14,17,0,971,14,17303,174,18274,188,0,6,0,33,7,0,"Anderson",76978,115.617449141313,0.0752840909090909,244.225622905246,18.1870144716672,7.52840909090909
2020-08-20,835,15,818,15,17,0,987,16,17745,442,18732,458,0,6,0,33,8,1,"Anderson",76978,111.720231754527,0.0607187112763321,594.975187715971,19.4860869339292,6.07187112763321
2020-08-21,838,3,821,3,17,0,990,3,17781,36,18771,39,1,7,0,33,8,0,"Anderson",76978,93.53321728286,0.0606758832565284,50.6638260282159,3.89721738678583,6.06758832565284
2020-08-22,856,18,839,18,17,0,1009,19,18325,544,19334,563,1,8,1,34,8,0,"Anderson",76978,103.925796980956,0.052760736196319,731.377796253475,23.383304320715,5.2760736196319
2020-08-23,857,1,840,1,17,0,1010,1,18409,84,19419,85,0,8,0,34,8,0,"Anderson",76978,89.6359998960742,0.0468248877485568,110.421159292265,1.29907246226194,4.68248877485568
2020-08-24,858,1,840,0,18,1,1010,0,18448,39,19458,39,0,8,0,34,8,0,"Anderson",76978,85.7387825092884,0.0451030927835052,50.6638260282159,1.29907246226194,4.51030927835052
2020-08-25,866,8,848,8,18,0,1018,8,18600,152,19618,160,0,8,1,35,8,0,"Anderson",76978,77.9443477357167,0.0398172323759791,207.851593961911,10.3925796980956,3.98172323759791
2020-08-26,872,6,854,6,18,0,1024,6,18780,180,19804,186,0,8,0,35,8,0,"Anderson",76978,67.5517680376211,0.034640522875817,241.627477980722,7.79443477357167,3.4640522875817
2020-08-27,875,3,857,3,18,0,1027,3,19191,411,20218,414,0,8,0,35,8,0,"Anderson",76978,51.9628984904778,0.0269179004037685,537.815999376445,3.89721738678583,2.69179004037685
2020-08-28,875,0,857,0,18,0,1027,0,19229,38,20256,38,0,8,0,35,8,0,"Anderson",76978,48.065681103692,0.0249158249158249,49.3647535659539,0,2.49158249158249
2020-08-29,884,9,865,8,19,1,1035,8,19491,262,20526,270,0,8,0,35,8,0,"Anderson",76978,36.3740289433345,0.0218120805369128,350.749564810725,11.6916521603575,2.18120805369128
2020-08-30,900,16,881,16,19,0,1051,16,19574,83,20625,99,0,8,0,35,8,0,"Anderson",76978,55.8601158772636,0.0339966832504146,128.608173763933,20.7851593961911,3.39966832504146
2020-08-31,902,2,883,2,19,0,1053,2,19632,58,20685,60,0,8,0,35,8,0,"Anderson",76978,57.1591883395256,0.0350448247758761,77.9443477357167,2.59814492452389,3.50448247758761
2020-09-01,909,7,889,6,20,1,1059,6,19743,111,20802,117,0,8,0,35,8,0,"Anderson",76978,55.8601158772636,0.0346283783783784,151.991478084648,9.09350723583361,3.46283783783784
2020-09-02,917,8,895,6,22,2,1069,10,20059,316,21128,326,0,8,0,35,8,0,"Anderson",76978,58.4582608017875,0.033987915407855,423.497622697394,10.3925796980956,3.3987915407855
2020-09-03,933,16,909,14,24,2,1085,16,20383,324,21468,340,0,8,0,35,9,1,"Anderson",76978,75.3462028111928,0.0464,441.684637169061,20.7851593961911,4.64
2020-09-04,942,9,917,8,25,1,1095,10,20572,189,21667,199,0,8,0,35,9,0,"Anderson",76978,87.0378549715503,0.0481927710843374,258.515419990127,11.6916521603575,4.81927710843374
2020-09-05,961,19,936,19,25,0,1116,21,20841,269,21957,290,0,8,1,36,10,1,"Anderson",76978,100.02857959417,0.0566037735849057,376.731014055964,24.682376782977,5.66037735849057
2020-09-06,963,2,938,2,25,0,1118,2,20897,56,22015,58,0,8,0,36,10,0,"Anderson",76978,81.8415651225025,0.0482014388489209,75.3462028111928,2.59814492452389,4.82014388489209
2020-09-07,966,3,941,3,25,0,1123,5,20985,88,22108,93,0,8,0,36,10,0,"Anderson",76978,83.1406375847645,0.0491918482080112,120.813738990361,3.89721738678583,4.91918482080112
2020-09-08,975,9,944,3,31,6,1127,4,21160,175,22287,179,1,9,0,36,10,0,"Anderson",76978,85.7387825092884,0.0457912457912458,232.533970744888,11.6916521603575,4.57912457912458
2020-09-09,984,9,953,9,31,0,1136,9,21401,241,22537,250,0,9,1,37,11,1,"Anderson",76978,87.0378549715503,0.0475514549325763,324.768115565486,11.6916521603575,4.75514549325763
2020-09-10,1013,29,981,28,32,1,1166,30,21770,369,22936,399,1,10,0,37,11,0,"Anderson",76978,103.925796980956,0.0551771117166213,518.329912442516,37.6731014055964,5.51771117166213
2020-09-11,1014,1,982,1,32,0,1168,2,21903,133,23071,135,0,10,0,37,11,0,"Anderson",76978,93.53321728286,0.051994301994302,175.374782405363,1.29907246226194,5.1994301994302
2020-09-12,1017,3,985,3,32,0,1173,5,22045,142,23218,147,0,10,0,37,11,0,"Anderson",76978,72.7480578866689,0.0452022204599524,190.963651952506,3.89721738678583,4.52022204599524
2020-09-13,1038,21,1005,20,33,1,1194,21,22289,244,23483,265,0,10,1,38,11,0,"Anderson",76978,97.4304346696459,0.0517711171662125,344.254202499415,27.2805217075008,5.17711171662125
2020-09-14,1044,6,1010,5,34,1,1200,6,22395,106,23595,112,0,10,1,39,11,0,"Anderson",76978,101.327652056432,0.0517821116341627,145.496115773338,7.79443477357167,5.17821116341627
2020-09-15,1060,16,1026,16,34,0,1217,17,22635,240,23852,257,1,11,1,40,12,1,"Anderson",76978,110.421159292265,0.0575079872204473,333.86162280132,20.7851593961911,5.75079872204473
2020-09-16,1068,8,1034,8,34,0,1229,12,22771,136,24000,148,0,11,0,40,12,0,"Anderson",76978,109.122086830003,0.063568010936432,192.262724414768,10.3925796980956,6.3568010936432
2020-09-17,1090,22,1054,20,36,2,1249,20,23192,421,24441,441,0,11,1,41,12,0,"Anderson",76978,100.02857959417,0.0551495016611296,572.890955857518,28.5795941697628,5.51495016611296
2020-09-18,1109,19,1073,19,36,0,1267,18,23416,224,24683,242,0,11,0,41,12,0,"Anderson",76978,123.411883914885,0.0614143920595533,314.375535867391,24.682376782977,6.14143920595533
2020-09-19,1124,15,1088,15,36,0,1288,21,23698,282,24986,303,0,11,1,42,12,0,"Anderson",76978,139.000753462028,0.0650452488687783,393.618956065369,19.4860869339292,6.50452488687783
2020-09-20,1131,7,1095,7,36,0,1298,10,23850,152,25148,162,0,11,0,42,13,1,"Anderson",76978,120.813738990361,0.0624624624624625,210.449738886435,9.09350723583361,6.24624624624625
2020-09-21,1133,2,1097,2,36,0,1300,2,23883,33,25183,35,0,11,0,42,13,0,"Anderson",76978,115.617449141313,0.0629722921914358,45.4675361791681,2.59814492452389,6.29722921914358
2020-09-22,1147,14,1111,14,36,0,1317,17,24131,248,25448,265,0,11,1,43,13,0,"Anderson",76978,113.019304216789,0.06265664160401,344.254202499415,18.1870144716672,6.265664160401
2020-09-23,1147,0,1111,0,36,0,1317,0,24172,41,25489,41,0,11,0,43,13,0,"Anderson",76978,102.626724518694,0.0591000671591672,53.2619709527397,0,5.91000671591672
2020-09-24,1160,13,1124,13,36,0,1332,15,24496,324,25828,339,1,12,0,43,13,0,"Anderson",76978,90.9350723583361,0.0598413842826244,440.385564706799,16.8879420094053,5.98413842826244
2020-09-25,1174,14,1137,13,37,1,1345,13,24732,236,26077,249,1,13,0,43,13,0,"Anderson",76978,84.4397100470264,0.0559540889526542,323.469043103224,18.1870144716672,5.59540889526542
2020-09-26,1188,14,1151,14,37,0,1362,17,25031,299,26393,316,0,13,0,43,13,0,"Anderson",76978,83.1406375847645,0.0525941719971571,410.506898074775,18.1870144716672,5.25941719971571
2020-09-27,1207,19,1168,17,39,2,1378,16,25238,207,26616,223,0,13,0,43,13,0,"Anderson",76978,98.7295071319078,0.0544959128065395,289.693159084414,24.682376782977,5.44959128065395
2020-09-28,1210,3,1170,2,40,1,1380,2,25275,37,26655,39,0,13,0,43,13,0,"Anderson",76978,100.02857959417,0.0543478260869565,50.6638260282159,3.89721738678583,5.43478260869565
2020-09-29,1221,11,1180,10,41,1,1390,10,25569,294,26959,304,0,13,0,43,13,0,"Anderson",76978,96.1313622073839,0.0483123759099934,394.918028527631,14.2897970848814,4.83123759099934
2020-09-30,1233,12,1190,10,43,2,1400,10,25635,66,27035,76,0,13,0,43,13,0,"Anderson",76978,111.720231754527,0.0536869340232859,98.7295071319078,15.5888695471433,5.36869340232859
2020-10-01,1249,16,1204,14,45,2,1415,15,25915,280,27330,295,0,13,0,43,13,0,"Anderson",76978,115.617449141313,0.0552596537949401,383.226376367274,20.7851593961911,5.52596537949401
2020-10-02,1256,7,1210,6,46,1,1422,7,25997,82,27419,89,0,13,0,43,13,0,"Anderson",76978,106.523941905479,0.0573770491803279,115.617449141313,9.09350723583361,5.73770491803279
2020-10-03,1272,16,1226,16,46,0,1446,24,26261,264,27707,288,0,13,0,43,13,0,"Anderson",76978,109.122086830003,0.0639269406392694,374.13286913144,20.7851593961911,6.39269406392694
2020-10-04,1288,16,1240,14,48,2,1462,16,26598,337,28060,353,0,13,0,43,13,0,"Anderson",76978,105.224869443218,0.0581717451523546,458.572579178467,20.7851593961911,5.81717451523546
2020-10-05,1314,26,1265,25,49,1,1489,27,26809,211,28298,238,0,13,1,44,13,0,"Anderson",76978,135.103536075242,0.0663420572124163,309.179246018343,33.7758840188106,6.63420572124163
2020-10-06,1342,28,1292,27,50,1,1520,31,27146,337,28666,368,0,13,1,45,13,0,"Anderson",76978,157.187767933695,0.0761570005858231,478.058666112396,36.3740289433345,7.61570005858231
2020-10-07,1348,6,1298,6,50,0,1528,8,27381,235,28909,243,0,13,0,45,13,0,"Anderson",76978,149.393333160124,0.0683030949839915,315.674608329653,7.79443477357167,6.83030949839915
2020-10-08,1358,10,1306,8,52,2,1537,9,27620,239,29157,248,0,13,1,46,13,0,"Anderson",76978,141.598898386552,0.066776135741653,322.169970640962,12.9907246226195,6.6776135741653
2020-10-09,1373,15,1319,13,54,2,1553,16,27793,173,29346,189,0,13,0,46,13,0,"Anderson",76978,151.991478084648,0.0679813181110535,245.524695367508,19.4860869339292,6.79813181110535
2020-10-10,1389,16,1335,16,54,0,1573,20,28005,212,29578,232,0,13,1,47,14,1,"Anderson",76978,151.991478084648,0.0678781400320684,301.384811244771,20.7851593961911,6.78781400320684
2020-10-11,1417,28,1363,28,54,0,1604,31,28294,289,29898,320,0,13,0,47,14,0,"Anderson",76978,167.580347631791,0.0772578890097933,415.703187923822,36.3740289433345,7.72578890097933
2020-10-12,1433,16,1378,15,55,1,1620,16,28373,79,29993,95,0,13,0,47,14,0,"Anderson",76978,154.589623009171,0.0772861356932153,123.411883914885,20.7851593961911,7.72861356932153
2020-10-13,1453,20,1396,18,57,2,1638,18,28494,121,30132,139,0,13,0,47,14,0,"Anderson",76978,144.197043311076,0.0804911323328786,180.57107225441,25.9814492452389,8.04911323328786
2020-10-14,1475,22,1418,22,57,0,1662,24,28794,300,30456,324,0,13,0,47,14,0,"Anderson",76978,164.982202707267,0.0866192630898513,420.89947777287,28.5795941697628,8.66192630898513
2020-10-15,1497,22,1434,16,63,6,1676,14,28945,151,30621,165,0,13,1,48,14,0,"Anderson",76978,180.57107225441,0.0949453551912568,214.346956273221,28.5795941697628,9.49453551912568
2020-10-16,1504,7,1437,3,67,4,1680,4,29044,99,30724,103,0,13,0,48,15,1,"Anderson",76978,170.178492556315,0.0921625544267054,133.80446361298,9.09350723583361,9.21625544267054
2020-10-17,1532,28,1464,27,68,1,1710,30,29292,248,31002,278,0,13,2,50,15,0,"Anderson",76978,185.767362103458,0.0962078651685393,361.142144508821,36.3740289433345,9.62078651685393
2020-10-18,1551,19,1483,19,68,0,1732,22,29531,239,31263,261,0,13,0,50,15,0,"Anderson",76978,174.075709943101,0.0937728937728938,339.057912650368,24.682376782977,9.37728937728938
2020-10-19,1555,4,1487,4,68,0,1737,5,29608,77,31345,82,0,13,1,51,15,0,"Anderson",76978,158.486840395957,0.0865384615384615,106.523941905479,5.19628984904778,8.65384615384615
2020-10-20,1582,27,1514,27,68,0,1772,35,29807,199,31579,234,0,13,0,51,15,0,"Anderson",76978,167.580347631791,0.092605390463027,303.982956169295,35.0749564810725,9.2605390463027
2020-10-21,1599,17,1531,17,68,0,1791,19,30023,216,31814,235,0,13,1,52,15,0,"Anderson",76978,161.084985320481,0.0949926362297496,305.282028631557,22.0842318584531,9.49926362297496
2020-10-22,1620,21,1552,21,68,0,1816,25,30355,332,32171,357,1,14,0,52,15,0,"Anderson",76978,159.785912858219,0.0903225806451613,463.768869027514,27.2805217075008,9.03225806451613
2020-10-23,1635,15,1566,14,69,1,1832,16,30630,275,32462,291,0,14,0,52,15,0,"Anderson",76978,170.178492556315,0.0874568469505178,378.030086518226,19.4860869339292,8.74568469505178
2020-10-24,1666,31,1596,30,70,1,1865,33,31006,376,32871,409,0,14,2,54,17,2,"Anderson",76978,174.075709943101,0.082932049224184,531.320637065136,40.2712463301203,8.29320492241841
2020-10-25,1683,17,1612,16,71,1,1884,19,31202,196,33086,215,0,14,4,58,17,0,"Anderson",76978,171.477565018577,0.0833790455293472,279.300579386318,22.0842318584531,8.33790455293472
2020-10-26,1699,16,1627,15,72,1,1902,18,31336,134,33238,152,-1,13,1,59,17,0,"Anderson",76978,187.06643456572,0.0871632329635499,197.459014263816,20.7851593961911,8.71632329635499
2020-10-27,1728,29,1651,24,77,5,1926,24,31491,155,33417,179,1,14,2,61,17,0,"Anderson",76978,189.664579490244,0.0837867247007617,232.533970744888,37.6731014055964,8.37867247007617
2020-10-28,1784,56,1705,54,79,2,1985,59,31925,434,33910,493,0,14,0,61,17,0,"Anderson",76978,240.32840551846,0.092557251908397,640.442723895139,72.7480578866689,9.25572519083969
2020-10-29,1813,29,1726,21,87,8,2004,19,32131,206,34135,225,0,14,2,63,17,0,"Anderson",76978,250.720985216555,0.0957230142566191,292.291304008938,37.6731014055964,9.57230142566191
2020-10-30,1850,37,1760,34,90,3,2042,38,32282,151,34324,189,2,16,1,64,17,0,"Anderson",76978,279.300579386318,0.112781954887218,245.524695367508,48.065681103692,11.2781954887218
2020-10-31,1850,0,1760,0,90,0,2042,0,32283,1,34325,1,0,16,0,64,19,2,"Anderson",76978,239.029333056198,0.121733149931224,1.29907246226194,0,12.1733149931224
2020-11-01,1855,5,1765,5,90,0,2050,8,32527,244,34577,252,0,16,0,64,19,0,"Anderson",76978,223.440463509055,0.111334674714956,327.36626049001,6.49536231130973,11.1334674714956
2020-11-02,1888,33,1796,31,92,2,2085,35,32794,267,34879,302,0,16,0,64,20,1,"Anderson",76978,245.524695367508,0.111517367458867,392.319883603107,42.8693912546442,11.1517367458867
2020-11-03,1914,26,1821,25,93,1,2110,25,32974,180,35084,205,0,16,0,64,21,1,"Anderson",76978,241.627477980722,0.110377924415117,266.309854763699,33.7758840188106,11.0377924415117
2020-11-04,1932,18,1836,15,96,3,2128,18,33052,78,35180,96,2,18,1,65,21,0,"Anderson",76978,192.262724414768,0.11259842519685,124.710956377147,23.383304320715,11.259842519685
2020-11-05,1956,24,1854,18,102,6,2148,20,33151,99,35299,119,0,18,0,65,22,1,"Anderson",76978,185.767362103458,0.123711340206186,154.589623009171,31.1777390942867,12.3711340206186
2020-11-06,2005,49,1900,46,105,3,2197,49,33518,367,35715,416,0,18,2,67,23,1,"Anderson",76978,201.356231650601,0.111430625449317,540.414144300969,63.6545506508353,11.1430625449317
2020-11-07,2085,80,1977,77,108,3,2274,77,33965,447,36239,524,0,18,0,67,23,0,"Anderson",76978,305.282028631557,0.121212121212121,680.713970225259,103.925796980956,12.1212121212121
2020-11-08,2139,54,2028,51,111,3,2336,62,34575,610,36911,672,0,18,1,68,23,0,"Anderson",76978,368.936579282392,0.122536418166238,872.976694640027,70.149912962145,12.2536418166238
2020-11-09,2147,8,2035,7,112,1,2345,9,34649,74,36994,83,0,18,0,68,23,0,"Anderson",76978,336.459767725844,0.122931442080378,107.823014367741,10.3925796980956,12.2931442080378
2020-11-10,2166,19,2053,18,113,1,2367,22,34820,171,37187,193,0,18,1,69,23,0,"Anderson",76978,327.36626049001,0.122206371849738,250.720985216555,24.682376782977,12.2206371849738
2020-11-11,2205,39,2089,36,116,3,2409,42,35093,273,37502,315,1,19,1,70,23,0,"Anderson",76978,354.646782197511,0.121016365202412,409.207825612513,50.6638260282159,12.1016365202412
2020-11-12,2212,7,2095,6,117,1,2417,8,35291,198,37708,206,0,19,0,70,24,1,"Anderson",76978,332.562550339058,0.111664591116646,267.608927225961,9.09350723583361,11.1664591116646
2020-11-13,2268,56,2148,53,120,3,2476,59,35552,261,38028,320,2,21,2,72,24,0,"Anderson",76978,341.656057574892,0.120622568093385,415.703187923822,72.7480578866689,12.0622568093385
2020-11-14,2309,41,2188,40,121,1,2521,45,35948,396,38469,441,1,22,1,73,25,1,"Anderson",76978,290.992231546676,0.110762331838565,572.890955857518,53.2619709527397,11.0762331838565
2020-11-15,2407,98,2286,98,121,0,2629,108,36530,582,39159,690,1,23,1,74,25,0,"Anderson",76978,348.151419886201,0.130338078291815,896.359998960742,127.309101301671,13.0338078291815
2020-11-16,2456,49,2315,29,141,20,2658,29,36807,277,39465,306,0,23,1,75,25,0,"Anderson",76978,401.413390838941,0.126669364629705,397.516173452155,63.6545506508353,12.6669364629705
2020-11-17,2472,16,2330,15,142,1,2674,16,37012,205,39686,221,2,25,1,76,26,1,"Anderson",76978,397.516173452155,0.122849139655862,287.09501415989,20.7851593961911,12.2849139655862
2020-11-18,2502,30,2356,26,146,4,2700,26,37306,294,40006,320,0,25,0,76,27,1,"Anderson",76978,385.824521291798,0.116214057507987,415.703187923822,38.9721738678584,11.6214057507987
2020-11-19,2560,58,2410,54,150,4,2762,62,37722,416,40484,478,0,25,1,77,27,0,"Anderson",76978,452.077216867157,0.124279538904899,620.95663696121,75.3462028111928,12.4279538904899
2020-11-20,2590,30,2437,27,153,3,2793,31,37835,113,40628,144,0,25,0,77,28,1,"Anderson",76978,418.301332848346,0.121923076923077,187.06643456572,38.9721738678584,12.1923076923077
2020-11-21,2647,57,2486,49,161,8,2841,48,38179,344,41020,392,0,25,1,78,28,0,"Anderson",76978,439.086492244537,0.125441003528028,509.236405206682,74.0471303489309,12.5441003528028
2020-11-22,2703,56,2535,49,168,7,2898,57,38662,483,41560,540,0,25,1,79,31,3,"Anderson",76978,384.525448829536,0.112036651395252,701.49912962145,72.7480578866689,11.2036651395252
2020-11-23,2710,7,2541,6,169,1,2904,6,38684,22,41588,28,0,25,0,79,32,1,"Anderson",76978,329.964405414534,0.115873763542157,36.3740289433345,9.09350723583361,11.5873763542157
2020-11-24,2723,13,2553,12,170,1,2916,12,38841,157,41757,169,2,27,0,79,32,0,"Anderson",76978,326.067188027748,0.116851762433607,219.543246122269,16.8879420094053,11.6851762433607
2020-11-25,2751,28,2574,21,177,7,2937,21,38878,37,41815,58,1,28,0,79,32,0,"Anderson",76978,323.469043103224,0.131011608623549,75.3462028111928,36.3740289433345,13.1011608623549
2020-11-26,2796,45,2616,42,180,3,2982,45,39228,350,42210,395,0,28,1,80,33,1,"Anderson",76978,306.581101093819,0.127462340672074,513.133622593468,58.4582608017875,12.7462340672074
2020-11-27,2895,99,2706,90,189,9,3077,95,39654,426,42731,521,0,28,3,83,35,2,"Anderson",76978,396.217100989893,0.135045173561579,676.816752838473,128.608173763933,13.5045173561579
2020-11-28,2926,31,2731,25,195,6,3107,30,39797,143,42904,173,1,29,2,85,35,0,"Anderson",76978,362.441216971083,0.141188959660297,224.739535971316,40.2712463301203,14.1188959660297
2020-11-29,3017,91,2820,89,197,2,3203,96,40234,437,43437,533,0,29,1,86,35,0,"Anderson",76978,407.908753150251,0.162493340436867,692.405622385617,118.215594065837,16.2493340436867
2020-11-30,3087,70,2886,66,201,4,3276,73,40486,252,43762,325,0,29,0,86,37,2,"Anderson",76978,489.750318272753,0.171113155473781,422.198550235132,90.9350723583361,17.1113155473781
2020-12-01,3163,76,2952,66,211,10,3348,72,40916,430,44264,502,1,30,6,92,38,1,"Anderson",76978,571.591883395256,0.172317510969286,652.134376055496,98.7295071319078,17.2317510969286
2020-12-02,3178,15,2966,14,212,1,3364,16,41024,108,44388,124,0,30,0,92,38,0,"Anderson",76978,554.70394138585,0.165954139137194,161.084985320481,19.4860869339292,16.5954139137194
2020-12-03,3219,41,2995,29,224,12,3397,33,41249,225,44646,258,1,31,1,93,39,1,"Anderson",76978,549.507651536803,0.170361247947455,335.160695263582,53.2619709527397,17.0361247947455
2020-12-04,3286,67,3055,60,231,7,3460,63,41407,158,44867,221,1,32,0,93,39,0,"Anderson",76978,507.93733274442,0.179307116104869,287.09501415989,87.0378549715503,17.9307116104869
2020-12-05,3317,31,3074,19,243,12,3478,18,41474,67,44952,85,0,32,0,93,39,0,"Anderson",76978,507.93733274442,0.18115234375,110.421159292265,40.2712463301203,18.115234375
2020-12-06,3353,36,3103,29,250,7,3506,28,41682,208,45188,236,0,32,2,95,40,1,"Anderson",76978,436.488347320014,0.173043974871502,306.581101093819,46.76660864143,17.3043974871502
2020-12-07,3493,140,3227,124,266,16,3642,136,42275,593,45917,729,2,34,4,99,41,1,"Anderson",76978,527.42341967835,0.169837587006961,947.023824988958,181.870144716672,16.9837587006961
2020-12-08,3564,71,3276,49,288,22,3694,52,42573,298,46267,350,1,35,2,101,43,2,"Anderson",76978,520.92805736704,0.172740888667,454.675361791681,92.2341448205981,17.2740888666999
2020-12-09,3669,105,3367,91,302,14,3798,104,42834,261,46632,365,0,35,3,104,44,1,"Anderson",76978,637.844578970615,0.193404634581105,474.16144872561,136.402608537504,19.3404634581105
2020-12-10,3763,94,3445,78,318,16,3885,87,43365,531,47250,618,3,38,3,107,45,1,"Anderson",76978,706.695419470498,0.187403993855607,802.826781677882,122.112811452623,18.7403993855607
2020-12-11,3836,73,3498,53,338,20,3936,51,43531,166,47467,217,1,39,2,109,45,0,"Anderson",76978,714.48985424407,0.183076923076923,281.898724310842,94.832289745122,18.3076923076923
2020-12-12,3924,88,3559,61,365,27,4001,65,44044,513,48045,578,0,39,2,111,45,0,"Anderson",76978,788.536984593001,0.169091496928548,750.863883187404,114.318376679051,16.9091496928548
2020-12-13,4156,232,3742,183,414,49,4205,204,44916,872,49121,1076,1,40,0,111,47,2,"Anderson",76978,1043.15518719634,0.177726926010679,1397.80196939385,301.384811244771,17.7726926010679
2020-12-14,4271,115,3828,86,443,29,4304,99,45206,290,49510,389,0,40,1,112,48,1,"Anderson",76978,1010.67837563979,0.184247147230726,505.339187819897,149.393333160124,18.4247147230726
2020-12-15,4406,135,3913,85,493,50,4400,96,45733,527,50133,623,1,41,6,118,51,3,"Anderson",76978,1093.81901322456,0.182617692705639,809.322143989192,175.374782405363,18.2617692705639
2020-12-16,4475,69,3943,30,532,39,4436,36,46056,323,50492,359,2,43,4,122,52,1,"Anderson",76978,1047.05240458313,0.165284974093264,466.367013952038,89.6359998960742,16.5284974093264
2020-12-17,4676,201,4117,174,559,27,4630,194,46584,528,51214,722,2,45,2,124,54,2,"Anderson",76978,1186.05315804516,0.187941473259334,937.930317753124,261.113564914651,18.7941473259334
2020-12-18,4774,98,4193,76,581,22,4717,87,46950,366,51667,453,1,46,2,126,54,0,"Anderson",76978,1218.5299696017,0.185952380952381,588.479825404661,127.309101301671,18.5952380952381
2020-12-19,4879,105,4274,81,605,24,4804,87,47208,258,52012,345,0,46,1,127,55,1,"Anderson",76978,1240.61420146016,0.202419964708848,448.179999480371,136.402608537504,20.2419964708848
2020-12-20,5019,140,4396,122,623,18,4941,137,47672,464,52613,601,2,48,3,130,56,1,"Anderson",76978,1121.09953493206,0.210767468499427,780.742549819429,181.870144716672,21.0767468499427
2020-12-21,5066,47,4414,18,652,29,4964,23,47892,220,52856,243,3,51,2,132,59,3,"Anderson",76978,1032.76260749825,0.197250448296473,315.674608329653,61.0564057263114,19.7250448296473
2020-12-22,5136,70,4458,44,678,26,5011,47,47998,106,53009,153,1,52,2,134,64,5,"Anderson",76978,948.32289745122,0.212447844228095,198.758086726078,90.9350723583361,21.2447844228095
2020-12-23,5210,74,4500,42,710,32,5054,43,48314,316,53368,359,2,54,2,136,66,2,"Anderson",76978,954.81825976253,0.214881780250348,466.367013952038,96.1313622073839,21.4881780250348
2020-12-24,5268,58,4524,24,744,34,5081,27,48466,152,53547,179,1,55,1,137,71,5,"Anderson",76978,769.050897659071,0.193313330475782,232.533970744888,75.3462028111928,19.3313330475782
2020-12-25,5361,93,4601,77,760,16,5173,92,48875,409,54048,501,0,55,1,138,72,1,"Anderson",76978,762.555535347762,0.191516169676606,650.835303593234,120.813738990361,19.1516169676606
2020-12-26,5417,56,4630,29,787,27,5201,28,48994,119,54195,147,0,55,3,141,74,2,"Anderson",76978,698.900984696926,0.181859825927623,190.963651952506,72.7480578866689,18.1859825927623
2020-12-27,5477,60,4667,37,810,23,5237,36,49130,136,54367,172,1,56,6,147,75,1,"Anderson",76978,594.975187715971,0.168757126567845,223.440463509055,77.9443477357167,16.8757126567845
2020-12-28,5524,47,4688,21,836,26,5257,20,49199,69,54456,89,2,58,4,151,82,7,"Anderson",76978,594.975187715971,0.183125,115.617449141313,61.0564057263114,18.3125
2020-12-29,5620,96,4740,52,880,44,5305,48,49294,95,54599,143,2,60,5,156,85,3,"Anderson",76978,628.751071734781,0.184905660377358,185.767362103458,124.710956377147,18.4905660377358
2020-12-30,5655,35,4758,18,897,17,5322,17,49422,128,54744,145,6,66,1,157,88,3,"Anderson",76978,578.087245706566,0.194767441860465,188.365507027982,45.4675361791681,19.4767441860465
2020-12-31,5818,163,4858,100,960,63,5424,102,49726,304,55150,406,6,72,1,158,93,5,"Anderson",76978,714.48985424407,0.213973799126638,527.42341967835,211.748811348697,21.3973799126638
2021-01-01,5883,65,4900,42,983,23,5479,55,50002,276,55481,331,0,72,2,160,94,1,"Anderson",76978,678.115825300735,0.213538032100488,429.992985008704,84.4397100470264,21.3538032100488
2021-01-02,5976,93,4941,41,1035,52,5520,41,50287,285,55807,326,0,72,2,162,96,2,"Anderson",76978,726.181506404427,0.197890818858561,423.497622697394,120.813738990361,19.7890818858561
2021-01-03,6001,25,4953,12,1048,13,5536,16,50339,52,55875,68,0,72,1,163,99,3,"Anderson",76978,680.713970225259,0.198275862068966,88.3369274338123,32.4768115565486,19.8275862068966
2021-01-04,6038,37,4977,24,1061,13,5567,31,50446,107,56013,138,1,73,0,163,104,5,"Anderson",76978,667.72324560264,0.199100834938985,179.271999792148,48.065681103692,19.9100834938985
2021-01-05,6110,72,5008,31,1102,41,5598,31,50564,118,56162,149,2,75,2,165,107,3,"Anderson",76978,636.545506508353,0.187460012795905,193.56179687703,93.53321728286,18.7460012795905
2021-01-06,6184,74,5048,40,1136,34,5641,43,50725,161,56366,204,5,80,2,167,109,2,"Anderson",76978,687.209332536569,0.196670776818742,265.010782301437,96.1313622073839,19.6670776818742
2021-01-07,6289,105,5128,80,1161,25,5733,92,50946,221,56679,313,1,81,1,168,112,3,"Anderson",76978,611.863129725376,0.202092871157619,406.609680687989,136.402608537504,20.2092871157619
2021-01-08,6372,83,5179,51,1193,32,5785,52,51145,199,56930,251,5,86,2,170,115,3,"Anderson",76978,635.246434046091,0.211180124223602,326.067188027748,107.823014367741,21.1180124223602
2021-01-09,6481,109,5247,68,1234,41,5860,75,51576,431,57436,506,2,88,0,170,117,2,"Anderson",76978,656.031593442282,0.208717004297115,657.330665904544,141.598898386552,20.8717004297115
2021-01-10,6541,60,5272,25,1269,35,5885,25,51670,94,57555,119,2,90,3,173,118,1,"Anderson",76978,701.49912962145,0.207738095238095,154.589623009171,77.9443477357167,20.7738095238095
2021-01-11,6574,33,5282,10,1292,23,5898,13,51741,71,57639,84,1,91,1,174,120,2,"Anderson",76978,696.302839772403,0.203567035670357,109.122086830003,42.8693912546442,20.3567035670357
2021-01-12,6627,53,5316,34,1311,19,5936,38,51913,172,57849,210,2,93,1,175,120,0,"Anderson",76978,671.620462989426,0.200355660936574,272.805217075008,68.8508404998831,20.0355660936574
2021-01-13,6653,26,5333,17,1320,9,5955,19,52003,90,57958,109,3,96,0,175,121,1,"Anderson",76978,609.264984800852,0.197236180904523,141.598898386552,33.7758840188106,19.7236180904523
2021-01-14,6750,97,5395,62,1355,35,6029,74,52410,407,58439,481,5,101,2,177,123,2,"Anderson",76978,598.872405102757,0.168181818181818,624.853854347995,126.010028839409,16.8181818181818
2021-01-15,6784,34,5415,20,1369,14,6053,24,52565,155,58618,179,0,101,1,178,126,3,"Anderson",76978,535.217854451921,0.158767772511848,232.533970744888,44.1684637169061,15.8767772511848
2021-01-16,6849,65,5446,31,1403,34,6087,34,52808,243,58895,277,1,102,1,179,129,3,"Anderson",76978,478.058666112396,0.155586017820425,359.843072046559,84.4397100470264,15.5586017820425
2021-01-17,6886,37,5466,20,1420,17,6110,23,52912,104,59022,127,0,102,0,179,131,2,"Anderson",76978,448.179999480371,0.153374233128834,164.982202707267,48.065681103692,15.3374233128834
2021-01-18,6905,19,5474,8,1431,11,6120,10,53008,96,59128,106,1,103,0,179,132,1,"Anderson",76978,429.992985008704,0.149093351242445,137.701680999766,24.682376782977,14.9093351242445
2021-01-19,6947,42,5491,17,1456,25,6140,20,53120,112,59260,132,1,104,0,179,134,2,"Anderson",76978,415.703187923822,0.144578313253012,171.477565018577,54.5610434150017,14.4578313253012
2021-01-20,6975,28,5507,16,1468,12,6159,19,53272,152,59431,171,3,107,0,179,137,3,"Anderson",76978,418.301332848346,0.138492871690428,222.141391046793,36.3740289433345,13.8492871690428
2021-01-21,7031,56,5547,40,1484,16,6198,39,53513,241,59711,280,5,112,2,181,138,1,"Anderson",76978,365.039361895607,0.132861635220126,363.740289433345,72.7480578866689,13.2861635220126
2021-01-22,7069,38,5565,18,1504,20,6220,22,53658,145,59878,167,2,114,0,181,141,3,"Anderson",76978,370.235651744654,0.132539682539683,216.945101197745,49.3647535659539,13.2539682539683
2021-01-23,7107,38,5579,14,1528,24,6233,13,53918,260,60151,273,0,114,1,182,141,0,"Anderson",76978,335.160695263582,0.116242038216561,354.646782197511,49.3647535659539,11.6242038216561
2021-01-24,7120,13,5591,12,1529,1,6247,14,53985,67,60232,81,0,114,0,182,143,2,"Anderson",76978,303.982956169295,0.113223140495868,105.224869443218,16.8879420094053,11.3223140495868
2021-01-25,7137,17,5602,11,1535,6,6258,11,54045,60,60303,71,2,116,1,183,145,2,"Anderson",76978,301.384811244771,0.117446808510638,92.2341448205981,22.0842318584531,11.7446808510638
2021-01-26,7164,27,5623,21,1541,6,6283,25,54208,163,60491,188,0,116,1,184,148,3,"Anderson",76978,281.898724310842,0.116165718927701,244.225622905246,35.0749564810725,11.6165718927701
2021-01-27,7181,17,5631,8,1550,9,6292,9,54294,86,60586,95,4,120,0,184,150,2,"Anderson",76978,267.608927225961,0.115151515151515,123.411883914885,22.0842318584531,11.5151515151515
2021-01-28,7268,87,5671,40,1597,47,6339,47,54520,226,60859,273,4,124,0,184,151,1,"Anderson",76978,307.880173556081,0.122822299651568,354.646782197511,113.019304216789,12.2822299651568
2021-01-29,7281,13,5675,4,1606,9,6344,5,54565,45,60909,50,1,125,1,185,151,0,"Anderson",76978,275.403361999532,0.120271580989331,64.9536231130973,16.8879420094053,12.0271580989331
2021-01-30,7321,40,5710,35,1611,5,6380,36,54824,259,61204,295,2,127,2,187,152,1,"Anderson",76978,278.001506924056,0.13960113960114,383.226376367274,51.9628984904778,13.960113960114
2021-01-31,7337,16,5717,7,1620,9,6391,11,54993,169,61384,180,1,128,0,187,154,2,"Anderson",76978,281.898724310842,0.125,233.83304320715,20.7851593961911,12.5
2021-02-01,7357,20,5730,13,1627,7,6404,13,55046,53,61450,66,1,129,1,188,156,2,"Anderson",76978,285.795941697628,0.127288578901482,85.7387825092884,25.9814492452389,12.7288578901482
2021-02-02,7364,7,5736,6,1628,1,6409,5,55114,68,61523,73,5,134,0,188,157,1,"Anderson",76978,259.814492452389,0.122093023255814,94.832289745122,9.09350723583361,12.2093023255814
2021-02-03,7386,22,5742,6,1644,16,6419,10,55306,192,61725,202,4,138,0,188,158,1,"Anderson",76978,266.309854763699,0.111501316944688,262.412637376913,28.5795941697628,11.1501316944688
2021-02-04,7417,31,5757,15,1660,16,6436,17,55630,324,62066,341,2,140,0,188,158,0,"Anderson",76978,193.56179687703,0.0803645401822701,442.983709631323,40.2712463301203,8.03645401822701
2021-02-05,7435,18,5768,11,1667,7,6453,17,55787,157,62240,174,2,142,0,188,159,1,"Anderson",76978,200.05715918834,0.081893313298272,226.038608433578,23.383304320715,8.1893313298272
2021-02-06,7461,26,5784,16,1677,10,6473,20,56009,222,62482,242,1,143,1,189,159,0,"Anderson",76978,181.870144716672,0.0727699530516432,314.375535867391,33.7758840188106,7.27699530516432
2021-02-07,7474,13,5791,7,1683,6,6481,8,56116,107,62597,115,0,143,0,189,159,0,"Anderson",76978,177.972927329886,0.0741962077493817,149.393333160124,16.8879420094053,7.41962077493817
2021-02-08,7499,25,5797,6,1702,19,6486,5,56138,22,62624,27,2,145,0,189,159,0,"Anderson",76978,184.468289641196,0.0698466780238501,35.0749564810725,32.4768115565486,6.98466780238501
2021-02-09,7523,24,5807,10,1716,14,6497,11,56307,169,62804,180,2,147,2,191,159,0,"Anderson",76978,206.552521499649,0.068696330991413,233.83304320715,31.1777390942867,6.8696330991413
2021-02-10,7548,25,5822,15,1726,10,6516,19,56502,195,63018,214,1,148,1,192,159,0,"Anderson",76978,210.449738886435,0.0750193348801237,278.001506924056,32.4768115565486,7.50193348801237
2021-02-11,7561,13,5830,8,1731,5,6527,11,56682,180,63209,191,-1,147,0,192,160,1,"Anderson",76978,187.06643456572,0.0796150481189851,248.122840292031,16.8879420094053,7.96150481189851
2021-02-12,7588,27,5845,15,1743,12,6542,15,56876,194,63418,209,0,147,0,192,160,0,"Anderson",76978,198.758086726078,0.0755517826825127,271.506144612746,35.0749564810725,7.55517826825127
2021-02-13,7615,27,5856,11,1759,16,6552,10,57065,189,63617,199,0,147,0,192,160,0,"Anderson",76978,200.05715918834,0.0696035242290749,258.515419990127,35.0749564810725,6.96035242290749
2021-02-14,7628,13,5865,9,1763,4,6563,11,57126,61,63689,72,2,149,0,192,160,0,"Anderson",76978,200.05715918834,0.0750915750915751,93.53321728286,16.8879420094053,7.50915750915751
2021-02-15,7644,16,5873,8,1771,8,6572,9,57199,73,63771,82,0,149,1,193,161,1,"Anderson",76978,188.365507027982,0.0749782040104621,106.523941905479,20.7851593961911,7.49782040104621
2021-02-16,7673,29,5887,14,1786,15,6589,17,57283,84,63872,101,0,149,0,193,161,0,"Anderson",76978,194.860869339292,0.0861423220973783,131.206318688456,37.6731014055964,8.61423220973783
2021-02-17,7692,19,5899,12,1793,7,6601,12,57391,108,63992,120,0,149,0,193,163,2,"Anderson",76978,187.06643456572,0.0872689938398357,155.888695471433,24.682376782977,8.72689938398357
2021-02-18,7716,24,5921,22,1795,2,6627,26,57547,156,64174,182,0,149,0,193,163,0,"Anderson",76978,201.356231650601,0.103626943005181,236.431188131674,31.1777390942867,10.3626943005181
2021-02-19,7729,13,5932,11,1797,2,6642,15,57593,46,64235,61,0,149,0,193,164,1,"Anderson",76978,183.169217178934,0.122399020807834,79.2434201979787,16.8879420094053,12.2399020807834
2021-02-20,7748,19,5939,7,1809,12,6651,9,57715,122,64366,131,1,150,0,193,165,1,"Anderson",76978,172.776637480839,0.132176234979973,170.178492556315,24.682376782977,13.2176234979973
2021-02-21,7760,12,5946,7,1814,5,6658,7,57779,64,64437,71,2,152,1,194,165,0,"Anderson",76978,171.477565018577,0.127005347593583,92.2341448205981,15.5888695471433,12.7005347593583
2021-02-22,7765,5,5948,2,1817,3,6664,6,57816,37,64480,43,1,153,0,194,166,1,"Anderson",76978,157.187767933695,0.129760225669958,55.8601158772636,6.49536231130973,12.9760225669958
2021-02-23,7789,24,5957,9,1832,15,6672,8,57959,143,64631,151,2,155,0,194,168,2,"Anderson",76978,150.692405622386,0.10935441370224,196.159941801554,31.1777390942867,10.935441370224
2021-02-24,7821,32,5976,19,1845,13,6695,23,58133,174,64828,197,0,155,0,194,168,0,"Anderson",76978,167.580347631791,0.11244019138756,255.917275065603,41.5703187923822,11.244019138756
2021-02-25,7838,17,5984,8,1854,9,6706,11,58260,127,64966,138,1,156,0,194,168,0,"Anderson",76978,158.486840395957,0.0997474747474748,179.271999792148,22.0842318584531,9.97474747474748
2021-02-26,7850,12,5992,8,1858,4,6715,9,58359,99,65074,108,0,156,0,194,168,0,"Anderson",76978,157.187767933695,0.0870083432657926,140.29982592429,15.5888695471433,8.70083432657926
2021-02-27,7859,9,5999,7,1860,2,6721,6,58451,92,65172,98,0,156,0,194,168,0,"Anderson",76978,144.197043311076,0.086848635235732,127.309101301671,11.6916521603575,8.6848635235732
2021-02-28,7873,14,6009,10,1864,4,6732,11,58521,70,65253,81,0,156,0,194,168,0,"Anderson",76978,146.7951882356,0.0906862745098039,105.224869443218,18.1870144716672,9.06862745098039
2021-03-01,7881,8,6014,5,1867,3,6739,7,58556,35,65295,42,0,156,0,194,169,1,"Anderson",76978,150.692405622386,0.0920245398773006,54.5610434150017,10.3925796980956,9.20245398773006
2021-03-02,7904,23,6025,11,1879,12,6749,10,58672,116,65421,126,1,157,1,195,169,0,"Anderson",76978,149.393333160124,0.0974683544303798,163.683130245005,29.8786666320247,9.74683544303798
2021-03-03,7937,33,6046,21,1891,12,6774,25,58788,116,65562,141,1,158,0,195,170,1,"Anderson",76978,150.692405622386,0.107629427792916,183.169217178934,42.8693912546442,10.7629427792916
2021-03-04,7962,25,6059,13,1903,12,6791,17,58951,163,65742,180,0,158,0,195,170,0,"Anderson",76978,161.084985320481,0.109536082474227,233.83304320715,32.4768115565486,10.9536082474227
2021-03-05,7995,33,6076,17,1919,16,6813,22,59085,134,65898,156,0,158,2,197,170,0,"Anderson",76978,188.365507027982,0.118932038834951,202.655304112863,42.8693912546442,11.8932038834951
2021-03-06,8005,10,6081,5,1924,5,6821,8,59174,89,65995,97,0,158,0,197,170,0,"Anderson",76978,189.664579490244,0.121506682867558,126.010028839409,12.9907246226195,12.1506682867558
2021-03-07,8011,6,6084,3,1927,3,6824,3,59213,39,66037,42,0,158,0,197,170,0,"Anderson",76978,179.271999792148,0.11734693877551,54.5610434150017,7.79443477357167,11.734693877551
2021-03-08,8027,16,6091,7,1936,9,6833,9,59290,77,66123,86,1,159,0,197,170,0,"Anderson",76978,189.664579490244,0.113526570048309,111.720231754527,20.7851593961911,11.3526570048309
2021-03-09,8048,21,6099,8,1949,13,6841,8,59355,65,66196,73,0,159,3,200,171,1,"Anderson",76978,187.06643456572,0.118709677419355,94.832289745122,27.2805217075008,11.8709677419355
2021-03-10,8070,22,6112,13,1958,9,6857,16,59512,157,66369,173,0,159,1,201,171,0,"Anderson",76978,172.776637480839,0.102850061957869,224.739535971316,28.5795941697628,10.2850061957869
2021-03-11,8093,23,6122,10,1971,13,6867,10,59609,97,66476,107,0,159,1,202,172,1,"Anderson",76978,170.178492556315,0.103542234332425,139.000753462028,29.8786666320247,10.3542234332425
2021-03-12,8113,20,6139,17,1974,3,6887,20,59715,106,66602,126,0,159,0,202,172,0,"Anderson",76978,153.29055054691,0.105113636363636,163.683130245005,25.9814492452389,10.5113636363636
2021-03-13,8124,11,6143,4,1981,7,6891,4,59791,76,66682,80,0,159,1,203,172,0,"Anderson",76978,154.589623009171,0.101892285298399,103.925796980956,14.2897970848814,10.1892285298399
2021-03-14,8130,6,6147,4,1983,2,6897,6,59827,36,66724,42,0,159,1,204,172,0,"Anderson",76978,154.589623009171,0.106259097525473,54.5610434150017,7.79443477357167,10.6259097525473
2021-03-15,8148,18,6153,6,1995,12,6903,6,59859,32,66762,38,0,159,1,205,172,0,"Anderson",76978,157.187767933695,0.109546165884194,49.3647535659539,23.383304320715,10.9546165884194
2021-03-16,8181,33,6166,13,2015,20,6918,15,59952,93,66870,108,0,159,2,207,172,0,"Anderson",76978,172.776637480839,0.114243323442137,140.29982592429,42.8693912546442,11.4243323442136
2021-03-17,8199,18,6178,12,2021,6,6931,13,60039,87,66970,100,0,159,0,207,173,1,"Anderson",76978,167.580347631791,0.123128119800333,129.907246226195,23.383304320715,12.3128119800333
2021-03-18,8215,16,6190,12,2025,4,6946,15,60120,81,67066,96,1,160,0,207,173,0,"Anderson",76978,158.486840395957,0.133898305084746,124.710956377147,20.7851593961911,13.3898305084746
2021-03-19,8239,24,6204,14,2035,10,6959,13,60239,119,67198,132,0,160,1,208,173,0,"Anderson",76978,163.683130245005,0.120805369127517,171.477565018577,31.1777390942867,12.0805369127517
2021-03-20,8251,12,6210,6,2041,6,6967,8,60278,39,67245,47,0,160,1,209,173,0,"Anderson",76978,164.982202707267,0.134991119005329,61.0564057263114,15.5888695471433,13.4991119005329
2021-03-21,8261,10,6216,6,2045,4,6974,7,60340,62,67314,69,-1,159,0,209,173,0,"Anderson",76978,170.178492556315,0.130508474576271,89.6359998960742,12.9907246226195,13.0508474576271
2021-03-22,8268,7,6217,1,2051,6,6975,1,60406,66,67381,67,0,159,1,210,173,0,"Anderson",76978,155.888695471433,0.116316639741519,87.0378549715503,9.09350723583361,11.6316639741519
2021-03-23,8274,6,6218,1,2056,5,6976,1,60449,43,67425,44,0,159,0,210,174,1,"Anderson",76978,120.813738990361,0.104504504504505,57.1591883395256,7.79443477357167,10.4504504504505
2021-03-24,8282,8,6225,7,2057,1,6983,7,60569,120,67552,127,1,160,0,210,174,0,"Anderson",76978,107.823014367741,0.0893470790378007,164.982202707267,10.3925796980956,8.93470790378007
2021-03-25,8292,10,6230,5,2062,5,6989,6,60670,101,67659,107,0,160,0,210,174,0,"Anderson",76978,100.02857959417,0.0725126475548061,139.000753462028,12.9907246226195,7.25126475548061
2021-03-26,8309,17,6242,12,2067,5,7000,11,60736,66,67736,77,0,160,0,210,175,1,"Anderson",76978,90.9350723583361,0.0762081784386617,100.02857959417,22.0842318584531,7.62081784386617
2021-03-27,8313,4,6246,4,2067,0,7006,6,60800,64,67806,70,1,161,2,212,175,0,"Anderson",76978,80.5424926602406,0.0695187165775401,90.9350723583361,5.19628984904778,6.95187165775401
2021-03-28,8316,3,6246,0,2070,3,7006,0,60829,29,67835,29,1,162,0,212,176,1,"Anderson",76978,71.448985424407,0.0614203454894434,37.6731014055964,3.89721738678583,6.14203454894434
2021-03-29,8331,15,6250,4,2081,11,7010,4,60915,86,67925,90,1,163,0,212,177,1,"Anderson",76978,81.8415651225025,0.0643382352941176,116.916521603575,19.4860869339292,6.43382352941176
2021-03-30,8336,5,6253,3,2083,2,7013,3,60973,58,67986,61,1,164,0,212,177,0,"Anderson",76978,80.5424926602406,0.0659536541889483,79.2434201979787,6.49536231130973,6.59536541889483
2021-03-31,8359,23,6267,14,2092,9,7029,16,61137,164,68166,180,1,165,1,213,177,0,"Anderson",76978,100.02857959417,0.0749185667752443,233.83304320715,29.8786666320247,7.49185667752443
2021-04-01,8369,10,6272,5,2097,5,7033,4,61194,57,68227,61,0,165,0,213,177,0,"Anderson",76978,100.02857959417,0.0774647887323944,79.2434201979787,12.9907246226195,7.74647887323944
2021-04-02,8377,8,6278,6,2099,2,7041,8,61264,70,68305,78,0,165,0,213,177,0,"Anderson",76978,88.3369274338123,0.0720562390158172,101.327652056432,10.3925796980956,7.20562390158172
2021-04-03,8383,6,6283,5,2100,1,7047,6,61314,50,68361,56,0,165,0,213,177,0,"Anderson",76978,90.9350723583361,0.0738738738738739,72.7480578866689,7.79443477357167,7.38738738738739
2021-04-04,8385,2,6285,2,2100,0,7049,2,61352,38,68401,40,0,165,0,213,177,0,"Anderson",76978,89.6359998960742,0.0759717314487632,51.9628984904778,2.59814492452389,7.59717314487632
2021-04-05,8399,14,6288,3,2111,11,7051,2,61410,58,68461,60,0,165,2,215,177,0,"Anderson",76978,88.3369274338123,0.0764925373134328,77.9443477357167,18.1870144716672,7.64925373134328
2021-04-06,8404,5,6292,4,2112,1,7057,6,61452,42,68509,48,0,165,0,215,177,0,"Anderson",76978,88.3369274338123,0.0841300191204589,62.3554781885734,6.49536231130973,8.41300191204589
2021-04-07,8424,20,6305,13,2119,7,7071,14,61610,158,68681,172,0,165,2,217,177,0,"Anderson",76978,84.4397100470264,0.0815533980582524,223.440463509055,25.9814492452389,8.15533980582524
2021-04-08,8427,3,6307,2,2120,1,7074,3,61701,91,68775,94,5,170,1,218,177,0,"Anderson",76978,75.3462028111928,0.0748175182481752,122.112811452623,3.89721738678583,7.48175182481752
2021-04-09,8435,8,6313,6,2122,2,7083,9,61788,87,68871,96,-4,166,0,218,177,0,"Anderson",76978,75.3462028111928,0.0742049469964664,124.710956377147,10.3925796980956,7.42049469964664
2021-04-10,8440,5,6318,5,2122,0,7088,5,61859,71,68947,76,0,166,0,218,177,0,"Anderson",76978,74.0471303489309,0.0699658703071672,98.7295071319078,6.49536231130973,6.99658703071672
2021-04-11,8447,7,6323,5,2124,2,7093,5,61903,44,68996,49,-1,165,0,218,177,0,"Anderson",76978,80.5424926602406,0.0739495798319328,63.6545506508353,9.09350723583361,7.39495798319328
2021-04-12,8450,3,6326,3,2124,0,7096,3,61972,69,69068,72,0,165,0,218,177,0,"Anderson",76978,66.2526955753592,0.0741350906095552,93.53321728286,3.89721738678583,7.41350906095552
2021-04-13,8460,10,6331,5,2129,5,7102,6,62033,61,69135,67,5,170,0,218,177,0,"Anderson",76978,72.7480578866689,0.0718849840255591,87.0378549715503,12.9907246226195,7.18849840255591
2021-04-14,8474,14,6340,9,2134,5,7113,11,62171,138,69284,149,0,170,0,218,177,0,"Anderson",76978,64.9536231130973,0.0696517412935323,193.56179687703,18.1870144716672,6.96517412935323
2021-04-15,8483,9,6345,5,2138,4,7118,5,62252,81,69370,86,0,170,0,218,177,0,"Anderson",76978,72.7480578866689,0.0739495798319328,111.720231754527,11.6916521603575,7.39495798319328
2021-04-16,8496,13,6356,11,2140,2,7131,13,62405,153,69536,166,0,170,0,218,177,0,"Anderson",76978,79.2434201979786,0.0721804511278196,215.646028735483,16.8879420094053,7.21804511278196
2021-04-17,8501,5,6359,3,2142,2,7135,4,62470,65,69605,69,0,170,0,218,177,0,"Anderson",76978,79.2434201979786,0.0714285714285714,89.6359998960742,6.49536231130973,7.14285714285714
2021-04-18,8508,7,6365,6,2143,1,7141,6,62515,45,69656,51,0,170,0,218,177,0,"Anderson",76978,79.2434201979786,0.0727272727272727,66.2526955753592,9.09350723583361,7.27272727272727
2021-04-19,8514,6,6368,3,2146,3,7144,3,62538,23,69682,26,0,170,0,218,178,1,"Anderson",76978,83.1406375847645,0.0781758957654723,33.7758840188106,7.79443477357167,7.81758957654723
2021-04-20,8520,6,6371,3,2149,3,7147,3,62637,99,69784,102,0,170,0,218,178,0,"Anderson",76978,77.9443477357167,0.0693374422187981,132.505391150718,7.79443477357167,6.93374422187981
2021-04-21,8532,12,6377,6,2155,6,7153,6,62791,154,69944,160,1,171,0,218,178,0,"Anderson",76978,75.3462028111928,0.0606060606060606,207.851593961911,15.5888695471433,6.06060606060606
2021-04-22,8550,18,6383,6,2167,12,7160,7,62935,144,70095,151,0,171,0,218,178,0,"Anderson",76978,87.0378549715503,0.0579310344827586,196.159941801554,23.383304320715,5.79310344827586
2021-04-23,8560,10,6388,5,2172,5,7166,6,63100,165,70266,171,0,171,0,218,178,0,"Anderson",76978,83.1406375847645,0.047945205479452,222.141391046793,12.9907246226195,4.7945205479452
2021-04-24,8572,12,6394,6,2178,6,7173,7,63167,67,70340,74,0,171,1,219,178,0,"Anderson",76978,92.2341448205981,0.0517006802721088,96.1313622073839,15.5888695471433,5.17006802721088
2021-04-25,8576,4,6396,2,2180,2,7175,2,63207,40,70382,42,0,171,0,219,178,0,"Anderson",76978,88.3369274338123,0.046831955922865,54.5610434150017,5.19628984904778,4.6831955922865
2021-04-26,8585,9,6400,4,2185,5,7179,4,63282,75,70461,79,0,171,0,219,179,1,"Anderson",76978,92.2341448205981,0.0449293966623877,102.626724518694,11.6916521603575,4.49293966623877
2021-04-27,8595,10,6406,6,2189,4,7185,6,63350,68,70535,74,0,171,0,219,179,0,"Anderson",76978,97.4304346696459,0.0505992010652463,96.1313622073839,12.9907246226195,5.05992010652463
2021-04-28,8612,17,6418,12,2194,5,7198,13,63488,138,70686,151,0,171,1,220,180,1,"Anderson",76978,103.925796980956,0.0606469002695418,196.159941801554,22.0842318584531,6.06469002695418
2021-04-29,8618,6,6420,2,2198,4,7201,3,63637,149,70838,152,0,171,0,220,180,0,"Anderson",76978,88.3369274338123,0.0551816958277254,197.459014263816,7.79443477357167,5.51816958277254
2021-04-30,8625,7,6423,3,2202,4,7205,4,63759,122,70964,126,0,171,0,220,180,0,"Anderson",76978,84.4397100470264,0.0558739255014327,163.683130245005,9.09350723583361,5.58739255014327
2021-05-01,8630,5,6426,3,2204,2,7208,3,63822,63,71030,66,0,171,1,221,180,0,"Anderson",76978,75.3462028111928,0.0507246376811594,85.7387825092884,6.49536231130973,5.07246376811594
2021-05-02,8633,3,6427,1,2206,2,7209,1,63873,51,71082,52,0,171,0,221,180,0,"Anderson",76978,74.0471303489309,0.0485714285714286,67.5517680376211,3.89721738678583,4.85714285714286
2021-05-03,8643,10,6432,5,2211,5,7214,5,63979,106,71193,111,0,171,0,221,180,0,"Anderson",76978,75.3462028111928,0.0478142076502732,144.197043311076,12.9907246226195,4.78142076502732
2021-05-04,8645,2,6432,0,2213,2,7215,1,64055,76,71270,77,0,171,0,221,180,0,"Anderson",76978,64.9536231130973,0.0408163265306122,100.02857959417,2.59814492452389,4.08163265306122
2021-05-05,8653,8,6436,4,2217,4,7218,3,64172,117,71390,120,0,171,0,221,180,0,"Anderson",76978,53.2619709527397,0.0284090909090909,155.888695471433,10.3925796980956,2.84090909090909
2021-05-06,8658,5,6439,3,2219,2,7224,6,64224,52,71448,58,0,171,1,222,180,0,"Anderson",76978,51.9628984904778,0.0377049180327869,75.3462028111928,6.49536231130973,3.77049180327869
2021-05-07,8663,5,6441,2,2222,3,7227,3,64344,120,71571,123,0,171,0,222,180,0,"Anderson",76978,49.3647535659539,0.0362438220757825,159.785912858219,6.49536231130973,3.62438220757825
2021-05-08,8669,6,6444,3,2225,3,7229,2,64413,69,71642,71,0,171,1,223,181,1,"Anderson",76978,50.6638260282159,0.0343137254901961,92.2341448205981,7.79443477357167,3.43137254901961
2021-05-09,8670,1,6444,0,2226,1,7230,1,64441,28,71671,29,0,171,0,223,181,0,"Anderson",76978,48.065681103692,0.0356536502546689,37.6731014055964,1.29907246226194,3.56536502546689
2021-05-10,8675,5,6444,0,2231,5,7230,0,64529,88,71759,88,0,171,0,223,181,0,"Anderson",76978,41.5703187923822,0.0282685512367491,114.318376679051,6.49536231130973,2.82685512367491
2021-05-11,8683,8,6445,1,2238,7,7232,2,64571,42,71803,44,0,171,0,223,182,1,"Anderson",76978,49.3647535659539,0.0318949343339587,57.1591883395256,10.3925796980956,3.18949343339587
2021-05-12,8696,13,6452,7,2244,6,7238,6,64674,103,71912,109,0,171,2,225,182,0,"Anderson",76978,55.8601158772636,0.0383141762452107,141.598898386552,16.8879420094053,3.83141762452107
2021-05-13,8700,4,6454,2,2246,2,7240,2,64777,103,72017,105,0,171,2,227,182,0,"Anderson",76978,54.5610434150017,0.0281195079086116,136.402608537504,5.19628984904778,2.81195079086116
2021-05-14,8708,8,6457,3,2251,5,7245,5,64864,87,72109,92,0,171,0,227,182,0,"Anderson",76978,58.4582608017875,0.033457249070632,119.514666528099,10.3925796980956,3.3457249070632
2021-05-15,8713,5,6459,2,2254,3,7247,2,64929,65,72176,67,0,171,0,227,182,0,"Anderson",76978,57.1591883395256,0.0337078651685393,87.0378549715503,6.49536231130973,3.37078651685393
2021-05-16,8715,2,6460,1,2255,1,7248,1,64965,36,72213,37,0,171,0,227,182,0,"Anderson",76978,58.4582608017875,0.033210332103321,48.065681103692,2.59814492452389,3.3210332103321
2021-05-17,8721,6,6465,5,2256,1,7253,5,65024,59,72277,64,1,172,0,227,182,0,"Anderson",76978,59.7573332640495,0.0444015444015444,83.1406375847645,7.79443477357167,4.44015444015444
2021-05-18,8725,4,6465,0,2260,4,7253,0,65115,91,72368,91,0,172,1,228,182,0,"Anderson",76978,54.5610434150017,0.0371681415929204,118.215594065837,5.19628984904778,3.71681415929204
2021-05-19,8732,7,6470,5,2262,2,7259,6,65233,118,72492,124,0,172,0,228,182,0,"Anderson",76978,46.76660864143,0.0362068965517241,161.084985320481,9.09350723583361,3.62068965517241
2021-05-20,8734,2,6472,2,2262,0,7261,2,65352,119,72613,121,0,172,0,228,182,0,"Anderson",76978,44.1684637169061,0.0352348993288591,157.187767933695,2.59814492452389,3.52348993288591
2021-05-21,8736,2,6472,0,2264,2,7261,0,65422,70,72683,70,0,172,0,228,182,0,"Anderson",76978,36.3740289433345,0.0278745644599303,90.9350723583361,2.59814492452389,2.78745644599303
2021-05-22,8741,5,6474,2,2267,3,7263,2,65462,40,72725,42,0,172,0,228,182,0,"Anderson",76978,36.3740289433345,0.029143897996357,54.5610434150017,6.49536231130973,2.9143897996357
2021-05-23,8741,0,6474,0,2267,0,7263,0,65491,29,72754,29,0,172,0,228,182,0,"Anderson",76978,33.7758840188106,0.0277264325323475,37.6731014055964,0,2.77264325323475
2021-05-24,8749,8,6478,4,2271,4,7266,3,65550,59,72816,62,0,172,0,228,182,0,"Anderson",76978,36.3740289433345,0.0241187384044527,80.5424926602406,10.3925796980956,2.41187384044527
2021-05-25,8751,2,6478,0,2273,2,7267,1,65595,45,72862,46,0,172,0,228,182,0,"Anderson",76978,33.7758840188106,0.0283400809716599,59.7573332640495,2.59814492452389,2.83400809716599
2021-05-26,8758,7,6483,5,2275,2,7273,6,65695,100,72968,106,0,172,0,228,182,0,"Anderson",76978,33.7758840188106,0.0294117647058824,137.701680999766,9.09350723583361,2.94117647058824
2021-05-27,8760,2,6484,1,2276,1,7274,1,65745,50,73019,51,0,172,1,229,182,0,"Anderson",76978,33.7758840188106,0.0320197044334975,66.2526955753592,2.59814492452389,3.20197044334975
2021-05-28,8765,5,6488,4,2277,1,7279,5,65828,83,73107,88,0,172,0,229,182,0,"Anderson",76978,37.6731014055964,0.0424528301886792,114.318376679051,6.49536231130973,4.24528301886792
2021-05-29,8766,1,6488,0,2278,1,7279,0,65865,37,73144,37,0,172,0,229,182,0,"Anderson",76978,32.4768115565486,0.0381861575178998,48.065681103692,1.29907246226194,3.81861575178998
2021-05-30,8769,3,6489,1,2280,2,7280,1,65915,50,73195,51,0,172,0,229,182,0,"Anderson",76978,36.3740289433345,0.0385487528344671,66.2526955753592,3.89721738678583,3.85487528344671
2021-05-31,8773,4,6492,3,2281,1,7283,3,65966,51,73249,54,0,172,0,229,182,0,"Anderson",76978,31.1777390942867,0.0392609699769053,70.149912962145,5.19628984904778,3.92609699769053
2021-06-01,8776,3,6494,2,2282,1,7284,1,66014,48,73298,49,0,172,1,230,182,0,"Anderson",76978,32.4768115565486,0.0389908256880734,63.6545506508353,3.89721738678583,3.89908256880734
2021-06-02,8780,4,6495,1,2285,3,7286,2,66055,41,73341,43,0,172,0,230,182,0,"Anderson",76978,28.5795941697628,0.0348525469168901,55.8601158772636,5.19628984904778,3.48525469168901
2021-06-03,8781,1,6495,0,2286,1,7289,3,66144,89,73433,92,1,173,0,230,183,1,"Anderson",76978,27.2805217075008,0.036231884057971,119.514666528099,1.29907246226194,3.6231884057971
2021-06-04,8782,1,6496,1,2286,0,7291,2,66197,53,73488,55,-1,172,0,230,183,0,"Anderson",76978,22.0842318584531,0.031496062992126,71.448985424407,1.29907246226194,3.1496062992126
2021-06-05,8783,1,6497,1,2286,0,7292,1,66254,57,73546,58,0,172,0,230,183,0,"Anderson",76978,22.0842318584531,0.0323383084577114,75.3462028111928,1.29907246226194,3.23383084577114
2021-06-06,8783,0,6497,0,2286,0,7292,0,66279,25,73571,25,0,172,0,230,183,0,"Anderson",76978,18.1870144716672,0.0319148936170213,32.4768115565486,0,3.19148936170213
2021-06-07,8784,1,6497,0,2287,1,7292,0,66343,64,73635,64,0,172,0,230,183,0,"Anderson",76978,14.2897970848814,0.0233160621761658,83.1406375847645,1.29907246226194,2.33160621761658
2021-06-08,8785,1,6497,0,2288,1,7292,0,66380,37,73672,37,0,172,1,231,184,1,"Anderson",76978,11.6916521603575,0.0213903743315508,48.065681103692,1.29907246226194,2.13903743315508
2021-06-09,8785,0,6497,0,2288,0,7292,0,66461,81,73753,81,0,172,0,231,184,0,"Anderson",76978,6.49536231130972,0.0145631067961165,105.224869443218,0,1.45631067961165
2021-06-10,8789,4,6498,1,2291,3,7293,1,66518,57,73811,58,0,172,0,231,184,0,"Anderson",76978,10.3925796980956,0.0105820105820106,75.3462028111928,5.19628984904778,1.05820105820106
2021-06-11,8790,1,6498,0,2292,1,7294,1,66573,55,73867,56,1,173,0,231,184,0,"Anderson",76978,10.3925796980956,0.0079155672823219,72.7480578866689,1.29907246226194,0.79155672823219
2021-06-12,8791,1,6498,0,2293,1,7295,1,66628,55,73923,56,2,175,0,231,184,0,"Anderson",76978,10.3925796980956,0.00795755968169761,72.7480578866689,1.29907246226194,0.795755968169761
2021-06-13,8792,1,6498,0,2294,1,7296,1,66666,38,73962,39,0,175,0,231,184,0,"Anderson",76978,11.6916521603575,0.010230179028133,50.6638260282159,1.29907246226194,1.0230179028133
2021-06-14,8794,2,6500,2,2294,0,7298,2,66752,86,74050,88,0,175,0,231,184,0,"Anderson",76978,12.9907246226194,0.0144578313253012,114.318376679051,2.59814492452389,1.44578313253012
2021-06-15,8794,0,6500,0,2294,0,7299,1,66783,31,74082,32,0,175,0,231,184,0,"Anderson",76978,11.6916521603575,0.0170731707317073,41.5703187923822,0,1.70731707317073
2021-06-16,8795,1,6501,1,2294,0,7300,1,66826,43,74126,44,0,175,0,231,184,0,"Anderson",76978,12.9907246226194,0.0214477211796247,57.1591883395256,1.29907246226194,2.14477211796247
2021-06-17,8795,0,6501,0,2294,0,7300,0,66912,86,74212,86,0,175,0,231,184,0,"Anderson",76978,7.79443477357167,0.0174563591022444,111.720231754527,0,1.74563591022444
2021-06-18,8797,2,6502,1,2295,1,7304,4,66962,50,74266,54,0,175,0,231,184,0,"Anderson",76978,9.09350723583361,0.025062656641604,70.149912962145,2.59814492452389,2.5062656641604
2021-06-19,8797,0,6502,0,2295,0,7304,0,67010,48,74314,48,0,175,0,231,184,0,"Anderson",76978,7.79443477357167,0.0230179028132992,62.3554781885734,0,2.30179028132992
2021-06-20,8797,0,6502,0,2295,0,7305,1,67033,23,74338,24,0,175,0,231,184,0,"Anderson",76978,6.49536231130972,0.023936170212766,31.1777390942867,0,2.3936170212766
2021-06-21,8798,1,6502,0,2296,1,7305,0,67073,40,74378,40,0,175,0,231,184,0,"Anderson",76978,5.19628984904778,0.0213414634146341,51.9628984904778,1.29907246226194,2.13414634146341
2021-06-22,8802,4,6503,1,2299,3,7305,0,67115,42,74420,42,0,175,1,232,184,0,"Anderson",76978,10.3925796980956,0.0177514792899408,54.5610434150017,5.19628984904778,1.77514792899408
2021-06-23,8803,1,6504,1,2299,0,7306,1,67163,48,74469,49,0,175,0,232,184,0,"Anderson",76978,10.3925796980956,0.0174927113702624,63.6545506508353,1.29907246226194,1.74927113702624
2021-06-24,8803,0,6504,0,2299,0,7307,1,67207,44,74514,45,0,175,0,232,184,0,"Anderson",76978,10.3925796980956,0.0231788079470199,58.4582608017875,0,2.31788079470199
2021-06-25,8804,1,6505,1,2299,0,7308,1,67243,36,74551,37,0,175,0,232,184,0,"Anderson",76978,9.09350723583361,0.0140350877192982,48.065681103692,1.29907246226194,1.40350877192982
2021-06-26,8805,1,6506,1,2299,0,7309,1,67276,33,74585,34,0,175,0,232,184,0,"Anderson",76978,10.3925796980956,0.018450184501845,44.1684637169061,1.29907246226194,1.8450184501845
2021-06-27,8805,0,6506,0,2299,0,7309,0,67308,32,74617,32,0,175,0,232,184,0,"Anderson",76978,10.3925796980956,0.014336917562724,41.5703187923822,0,1.4336917562724
2021-06-28,8806,1,6506,0,2300,1,7310,1,67324,16,74634,17,0,175,0,232,184,0,"Anderson",76978,10.3925796980956,0.01953125,22.0842318584531,1.29907246226194,1.953125
2021-06-29,8809,3,6509,3,2300,0,7313,3,67382,58,74695,61,0,175,0,232,184,0,"Anderson",76978,9.09350723583361,0.0290909090909091,79.2434201979787,3.89721738678583,2.90909090909091
2021-06-30,8809,0,6509,0,2300,0,7313,0,67428,46,74741,46,0,175,0,232,184,0,"Anderson",76978,7.79443477357167,0.0257352941176471,59.7573332640495,0,2.57352941176471
2021-07-01,8810,1,6510,1,2300,0,7314,1,67465,37,74779,38,0,175,0,232,184,0,"Anderson",76978,9.09350723583361,0.0264150943396226,49.3647535659539,1.29907246226194,2.64150943396226
2021-07-02,8810,0,6510,0,2300,0,7314,0,67508,43,74822,43,0,175,0,232,184,0,"Anderson",76978,7.79443477357167,0.022140221402214,55.8601158772636,0,2.2140221402214
2021-07-03,8810,0,6510,0,2300,0,7314,0,67529,21,74843,21,0,175,0,232,184,0,"Anderson",76978,6.49536231130972,0.0193798449612403,27.2805217075008,0,1.93798449612403
2021-07-04,8811,1,6510,0,2301,1,7315,1,67554,25,74869,26,0,175,0,232,184,0,"Anderson",76978,7.79443477357167,0.0238095238095238,33.7758840188106,1.29907246226194,2.38095238095238
2021-07-05,8811,0,6510,0,2301,0,7316,1,67569,15,74885,16,0,175,0,232,184,0,"Anderson",76978,6.49536231130972,0.0239043824701195,20.7851593961911,0,2.39043824701195
2021-07-06,8812,1,6510,0,2302,1,7316,0,67599,30,74915,30,1,176,0,232,184,0,"Anderson",76978,3.89721738678583,0.0136363636363636,38.9721738678584,1.29907246226194,1.36363636363636
2021-07-07,8813,1,6510,0,2303,1,7316,0,67645,46,74961,46,0,176,0,232,184,0,"Anderson",76978,5.19628984904778,0.0136363636363636,59.7573332640495,1.29907246226194,1.36363636363636
2021-07-08,8814,1,6511,1,2303,0,7317,1,67686,41,75003,42,0,176,0,232,184,0,"Anderson",76978,5.19628984904778,0.0133928571428571,54.5610434150017,1.29907246226194,1.33928571428571
2021-07-09,8816,2,6512,1,2304,1,7318,1,67730,44,75048,45,0,176,0,232,184,0,"Anderson",76978,7.79443477357167,0.0176991150442478,58.4582608017875,2.59814492452389,1.76991150442478
2021-07-10,8818,2,6513,1,2305,1,7319,1,67752,22,75071,23,0,176,1,233,184,0,"Anderson",76978,10.3925796980956,0.0219298245614035,29.8786666320247,2.59814492452389,2.19298245614035
2021-07-11,8818,0,6513,0,2305,0,7319,0,67767,15,75086,15,0,176,0,233,184,0,"Anderson",76978,9.09350723583361,0.0184331797235023,19.4860869339292,0,1.84331797235023
2021-07-12,8826,8,6517,4,2309,4,7323,4,67803,36,75126,40,0,176,1,234,184,0,"Anderson",76978,19.4860869339292,0.029045643153527,51.9628984904778,10.3925796980956,2.9045643153527
2021-07-13,8827,1,6517,0,2310,1,7323,0,67824,21,75147,21,0,176,0,234,186,2,"Anderson",76978,19.4860869339292,0.0301724137931034,27.2805217075008,1.29907246226194,3.01724137931034
2021-07-14,8832,5,6522,5,2310,0,7328,5,67877,53,75205,58,0,176,1,235,186,0,"Anderson",76978,24.682376782977,0.0491803278688525,75.3462028111928,6.49536231130973,4.91803278688525
2021-07-15,8835,3,6525,3,2310,0,7330,2,67910,33,75240,35,0,176,0,235,186,0,"Anderson",76978,27.2805217075008,0.0548523206751055,45.4675361791681,3.89721738678583,5.48523206751055
2021-07-16,8845,10,6527,2,2318,8,7331,1,67938,28,75269,29,0,176,0,235,186,0,"Anderson",76978,37.6731014055964,0.0588235294117647,37.6731014055964,12.9907246226195,5.88235294117647
2021-07-17,8850,5,6528,1,2322,4,7332,1,67974,36,75306,37,0,176,0,235,186,0,"Anderson",76978,41.5703187923822,0.0553191489361702,48.065681103692,6.49536231130973,5.53191489361702
2021-07-18,8853,3,6530,2,2323,1,7334,2,67994,20,75328,22,0,176,0,235,186,0,"Anderson",76978,45.4675361791681,0.0619834710743802,28.5795941697628,3.89721738678583,6.19834710743802
2021-07-19,8858,5,6534,4,2324,1,7338,4,68028,34,75366,38,0,176,0,235,186,0,"Anderson",76978,41.5703187923822,0.0625,49.3647535659539,6.49536231130973,6.25
2021-07-20,8873,15,6545,11,2328,4,7349,11,68063,35,75412,46,0,176,1,236,186,0,"Anderson",76978,59.7573332640495,0.0981132075471698,59.7573332640495,19.4860869339292,9.81132075471698
2021-07-21,8880,7,6549,4,2331,3,7354,5,68148,85,75502,90,0,176,0,236,187,1,"Anderson",76978,62.3554781885734,0.0875420875420875,116.916521603575,9.09350723583361,8.75420875420875
2021-07-22,8890,10,6554,5,2336,5,7358,4,68203,55,75561,59,0,176,0,236,187,0,"Anderson",76978,71.448985424407,0.0872274143302181,76.6452752734548,12.9907246226195,8.72274143302181
2021-07-23,8900,10,6558,4,2342,6,7363,5,68274,71,75637,76,0,176,0,236,187,0,"Anderson",76978,71.448985424407,0.0869565217391304,98.7295071319078,12.9907246226195,8.69565217391304
2021-07-24,8908,8,6562,4,2346,4,7367,4,68328,54,75695,58,0,176,0,236,188,1,"Anderson",76978,75.3462028111928,0.089974293059126,75.3462028111928,10.3925796980956,8.9974293059126
2021-07-25,8913,5,6565,3,2348,2,7368,1,68350,22,75718,23,0,176,0,236,188,0,"Anderson",76978,77.9443477357167,0.0871794871794872,29.8786666320247,6.49536231130973,8.71794871794872
2021-07-26,8936,23,6574,9,2362,14,7376,8,68400,50,75776,58,2,178,0,236,188,0,"Anderson",76978,101.327652056432,0.0926829268292683,75.3462028111928,29.8786666320247,9.26829268292683
2021-07-27,8951,15,6579,5,2372,10,7381,5,68453,53,75834,58,0,178,0,236,188,0,"Anderson",76978,101.327652056432,0.0758293838862559,75.3462028111928,19.4860869339292,7.58293838862559
2021-07-28,8971,20,6587,8,2384,12,7393,12,68536,83,75929,95,0,178,0,236,188,0,"Anderson",76978,118.215594065837,0.0913348946135831,123.411883914885,25.9814492452389,9.13348946135831
2021-07-29,8983,12,6597,10,2386,2,7405,12,68585,49,75990,61,0,178,0,236,188,0,"Anderson",76978,120.813738990361,0.10955710955711,79.2434201979787,15.5888695471433,10.955710955711
2021-07-30,9014,31,6618,21,2396,10,7428,23,68633,48,76061,71,0,178,1,237,188,0,"Anderson",76978,148.094260697862,0.153301886792453,92.2341448205981,40.2712463301203,15.3301886792453
2021-07-31,9027,13,6624,6,2403,7,7434,6,68675,42,76109,48,0,178,0,237,188,0,"Anderson",76978,154.589623009171,0.161835748792271,62.3554781885734,16.8879420094053,16.1835748792271
2021-08-01,9046,19,6636,12,2410,7,7449,15,68714,39,76163,54,0,178,0,237,188,0,"Anderson",76978,172.776637480839,0.182022471910112,70.149912962145,24.682376782977,18.2022471910112
2021-08-02,9057,11,6641,5,2416,6,7454,5,68793,79,76247,84,0,178,0,237,188,0,"Anderson",76978,157.187767933695,0.165605095541401,109.122086830003,14.2897970848814,16.5605095541401
2021-08-03,9080,23,6652,11,2428,12,7467,13,68865,72,76332,85,0,178,1,238,188,0,"Anderson",76978,167.580347631791,0.172690763052209,110.421159292265,29.8786666320247,17.2690763052209
2021-08-04,9106,26,6674,22,2432,4,7488,21,68967,102,76455,123,0,178,0,238,188,0,"Anderson",76978,175.374782405363,0.180608365019011,159.785912858219,33.7758840188106,18.0608365019011
2021-08-05,9136,30,6690,16,2446,14,7504,16,69064,97,76568,113,0,178,1,239,188,0,"Anderson",76978,198.758086726078,0.171280276816609,146.7951882356,38.9721738678584,17.1280276816609
2021-08-06,9161,25,6706,16,2455,9,7522,18,69207,143,76729,161,0,178,1,240,188,0,"Anderson",76978,190.963651952506,0.140718562874251,209.150666424173,32.4768115565486,14.0718562874251
2021-08-07,9174,13,6712,6,2462,7,7529,7,69282,75,76811,82,0,178,0,240,188,0,"Anderson",76978,190.963651952506,0.135327635327635,106.523941905479,16.8879420094053,13.5327635327635
2021-08-08,9188,14,6720,8,2468,6,7539,10,69334,52,76873,62,0,178,0,240,188,0,"Anderson",76978,184.468289641196,0.126760563380282,80.5424926602406,18.1870144716672,12.6760563380282
2021-08-09,9224,36,6739,19,2485,17,7558,19,69433,99,76991,118,0,178,0,240,188,0,"Anderson",76978,216.945101197745,0.139784946236559,153.29055054691,46.76660864143,13.9784946236559
2021-08-10,9263,39,6759,20,2504,19,7578,20,69533,100,77111,120,0,178,2,242,188,0,"Anderson",76978,237.730260593936,0.142490372272144,155.888695471433,50.6638260282159,14.2490372272144
2021-08-11,9317,54,6783,24,2534,30,7607,29,69665,132,77272,161,0,178,1,243,188,0,"Anderson",76978,274.10428953727,0.145654834761322,209.150666424173,70.149912962145,14.5654834761322
2021-08-12,9365,48,6819,36,2546,12,7644,37,69832,167,77476,204,0,178,0,243,190,2,"Anderson",76978,297.487593857985,0.154185022026432,265.010782301437,62.3554781885734,15.4185022026432
2021-08-13,9428,63,6854,35,2574,28,7682,38,69946,114,77628,152,2,180,1,244,191,1,"Anderson",76978,346.852347423939,0.17797552836485,197.459014263816,81.8415651225025,17.797552836485
2021-08-14,9478,50,6889,35,2589,15,7714,32,70132,186,77846,218,0,180,0,244,191,0,"Anderson",76978,394.918028527631,0.178743961352657,283.197796773104,64.9536231130973,17.8743961352657
2021-08-15,9501,23,6902,13,2599,10,7729,15,70221,89,77950,104,0,180,0,244,191,0,"Anderson",76978,406.609680687989,0.176415970287837,135.103536075242,29.8786666320247,17.6415970287837
2021-08-16,9539,38,6926,24,2613,14,7753,24,70310,89,78063,113,0,180,0,244,192,1,"Anderson",76978,409.207825612513,0.181902985074627,146.7951882356,49.3647535659539,18.1902985074627
2021-08-17,9582,43,6947,21,2635,22,7777,24,70418,108,78195,132,1,181,0,244,192,0,"Anderson",76978,414.40411546156,0.183579335793358,171.477565018577,55.8601158772636,18.3579335793358
2021-08-18,9634,52,6974,27,2660,25,7808,31,70529,111,78337,142,0,181,0,244,193,1,"Anderson",76978,411.805970537037,0.188732394366197,184.468289641196,67.5517680376211,18.8732394366197
2021-08-19,9708,74,7007,33,2701,41,7843,35,70681,152,78524,187,0,181,0,244,193,0,"Anderson",76978,445.581854555847,0.189885496183206,242.926550442984,96.1313622073839,18.9885496183206
2021-08-20,9768,60,7049,42,2719,18,7887,44,70875,194,78762,238,0,181,2,246,193,0,"Anderson",76978,441.684637169061,0.180776014109347,309.179246018343,77.9443477357167,18.0776014109347
2021-08-21,9850,82,7083,34,2767,48,7921,34,71149,274,79070,308,0,181,1,247,193,0,"Anderson",76978,483.254955961444,0.169117647058824,400.114318376679,106.523941905479,16.9117647058824
2021-08-22,9872,22,7104,21,2768,1,7949,28,71305,156,79254,184,0,181,0,247,193,0,"Anderson",76978,481.955883499182,0.168711656441718,239.029333056198,28.5795941697628,16.8711656441718
2021-08-23,9920,48,7118,14,2802,34,7966,17,71440,135,79406,152,0,181,2,249,194,1,"Anderson",76978,494.946608121801,0.158600148920328,197.459014263816,62.3554781885734,15.8600148920328
2021-08-24,9964,44,7145,27,2819,17,7990,24,71526,86,79516,110,1,182,0,249,195,1,"Anderson",76978,496.245680584063,0.161241483724451,142.897970848814,57.1591883395256,16.1241483724451
2021-08-25,10035,71,7171,26,2864,45,8012,22,71570,44,79582,66,0,182,1,250,195,0,"Anderson",76978,520.92805736704,0.163855421686747,85.7387825092884,92.2341448205981,16.3855421686747
2021-08-26,10103,68,7207,36,2896,32,8056,44,71742,172,79798,216,1,183,2,252,196,1,"Anderson",76978,513.133622593468,0.167189952904239,280.59965184858,88.3369274338123,16.7189952904239
2021-08-27,10178,75,7262,55,2916,20,8117,61,71919,177,80036,238,0,183,0,252,196,0,"Anderson",76978,532.619709527397,0.180533751962323,309.179246018343,97.4304346696459,18.0533751962323
2021-08-28,10235,57,7292,30,2943,27,8156,39,72123,204,80279,243,0,183,0,252,196,0,"Anderson",76978,500.142897970849,0.194375516956162,315.674608329653,74.0471303489309,19.4375516956162
2021-08-29,10298,63,7340,48,2958,15,8208,52,72334,211,80542,263,0,183,1,253,197,1,"Anderson",76978,553.404868923589,0.201086956521739,341.656057574892,81.8415651225025,20.1086956521739
2021-08-30,10369,71,7386,46,2983,25,8256,48,72560,226,80816,274,0,183,3,256,197,0,"Anderson",76978,583.283535555613,0.205673758865248,355.945854659773,92.2341448205981,20.5673758865248
2021-08-31,10502,133,7467,81,3035,52,8342,86,72817,257,81159,343,0,183,0,256,198,1,"Anderson",76978,698.900984696926,0.214242239805234,445.581854555847,172.776637480839,21.4242239805234
2021-09-01,10532,30,7489,22,3043,8,8366,24,72908,91,81274,115,0,183,0,256,199,1,"Anderson",76978,645.639013744187,0.209219858156028,149.393333160124,38.9721738678584,20.9219858156028
2021-09-02,10591,59,7515,26,3076,33,8395,29,73009,101,81404,130,1,184,0,256,199,0,"Anderson",76978,633.947361583829,0.211083437110834,168.879420094053,76.6452752734548,21.1083437110834
2021-09-03,10620,29,7533,18,3087,11,8413,18,73082,73,81495,91,0,184,0,256,199,0,"Anderson",76978,574.19002831978,0.202878684030158,118.215594065837,37.6731014055964,20.2878684030158
2021-09-04,10726,106,7602,69,3124,37,8488,75,73403,321,81891,396,0,184,1,257,199,0,"Anderson",76978,637.844578970615,0.205955334987593,514.43269505573,137.701680999766,20.5955334987593
2021-09-05,10838,112,7676,74,3162,38,8564,76,73707,304,82271,380,0,184,1,258,200,1,"Anderson",76978,701.49912962145,0.205899363794101,493.647535659539,145.496115773338,20.5899363794101
2021-09-06,10953,115,7753,77,3200,38,8651,87,74114,407,82765,494,0,184,3,261,201,1,"Anderson",76978,758.658317960976,0.202668034889687,641.741796357401,149.393333160124,20.2668034889687
2021-09-07,10990,37,7773,20,3217,17,8669,18,74213,99,82882,117,0,184,0,261,201,0,"Anderson",76978,633.947361583829,0.189785258270459,151.991478084648,48.065681103692,18.9785258270458
2021-09-08,11031,41,7804,31,3227,10,8701,32,74320,107,83021,139,0,184,2,263,204,3,"Anderson",76978,648.23715866871,0.191757298225529,180.57107225441,53.2619709527397,19.175729822553
2021-09-09,11089,58,7825,21,3264,37,8719,18,74526,206,83245,224,0,184,1,264,207,3,"Anderson",76978,646.938086206449,0.175991309071157,290.992231546676,75.3462028111928,17.5991309071157
2021-09-10,11241,152,7898,73,3343,79,8800,81,74818,292,83618,373,1,185,2,266,208,1,"Anderson",76978,806.723999064668,0.182289213377296,484.554028423705,197.459014263816,18.2289213377296
2021-09-11,11356,115,7960,62,3396,53,8869,69,75164,346,84033,415,0,185,1,267,208,0,"Anderson",76978,818.415651225025,0.177871148459384,539.115071838707,149.393333160124,17.7871148459384
2021-09-12,11394,38,7992,32,3402,6,8904,35,75307,143,84211,178,0,185,4,271,209,1,"Anderson",76978,722.284289017641,0.175257731958763,231.234898282626,49.3647535659539,17.5257731958763
2021-09-13,11482,88,8026,34,3456,54,8938,34,75437,130,84375,164,4,189,3,274,209,0,"Anderson",76978,687.209332536569,0.178260869565217,213.047883810959,114.318376679051,17.8260869565217
2021-09-14,11542,60,8056,30,3486,30,8973,35,75596,159,84569,194,1,190,1,275,209,0,"Anderson",76978,717.087999168594,0.180201541197392,252.020057678817,77.9443477357167,18.0201541197392
2021-09-15,11581,39,8072,16,3509,23,8987,14,75657,61,84644,75,0,190,1,276,210,1,"Anderson",76978,714.48985424407,0.176216882316697,97.4304346696459,50.6638260282159,17.6216882316697
2021-09-16,11667,86,8127,55,3540,31,9043,56,75879,222,84922,278,0,190,1,277,210,0,"Anderson",76978,750.863883187404,0.193202146690519,361.142144508821,111.720231754527,19.3202146690519
2021-09-17,11739,72,8168,41,3571,31,9080,37,76042,163,85122,200,0,190,1,278,214,4,"Anderson",76978,646.938086206449,0.186170212765957,259.814492452389,93.53321728286,18.6170212765957
2021-09-18,11791,52,8198,30,3593,22,9113,33,76196,154,85309,187,0,190,1,279,215,1,"Anderson",76978,565.096521083946,0.191222570532915,242.926550442984,67.5517680376211,19.1222570532915
2021-09-19,11814,23,8207,9,3607,14,9123,10,76264,68,85387,78,0,190,0,279,215,0,"Anderson",76978,545.610434150017,0.186224489795918,101.327652056432,29.8786666320247,18.6224489795918
2021-09-20,11877,63,8242,35,3635,28,9159,36,76450,186,85609,222,0,190,3,282,215,0,"Anderson",76978,513.133622593468,0.179092382495948,288.394086622152,81.8415651225025,17.9092382495948
2021-09-21,11930,53,8268,26,3662,27,9183,24,76568,118,85751,142,0,190,1,283,216,1,"Anderson",76978,504.040115357635,0.177664974619289,184.468289641196,68.8508404998831,17.7664974619289
2021-09-22,11981,51,8302,34,3679,17,9223,40,76840,272,86063,312,0,190,0,283,219,3,"Anderson",76978,519.628984904778,0.16631430584919,405.310608225727,66.2526955753592,16.631430584919
2021-09-23,12056,75,8350,48,3706,27,9274,51,77048,208,86322,259,2,192,1,284,219,0,"Anderson",76978,505.339187819897,0.165,336.459767725844,97.4304346696459,16.5
2021-09-24,12096,40,8371,21,3725,19,9299,25,77188,140,86487,165,2,194,1,285,222,3,"Anderson",76978,463.768869027514,0.16043956043956,214.346956273221,51.9628984904778,16.043956043956
2021-09-25,12106,10,8375,4,3731,6,9305,6,77283,95,86588,101,0,194,0,285,222,0,"Anderson",76978,409.207825612513,0.150117279124316,131.206318688456,12.9907246226195,15.0117279124316
2021-09-26,12124,18,8390,15,3734,3,9323,18,77420,137,86743,155,1,195,0,285,222,0,"Anderson",76978,402.712463301203,0.147492625368732,201.356231650601,23.383304320715,14.7492625368732
2021-09-27,12174,50,8411,21,3763,29,9345,22,77506,86,86851,108,1,196,1,286,223,1,"Anderson",76978,385.824521291798,0.14975845410628,140.29982592429,64.9536231130973,14.975845410628
2021-09-28,12223,49,8435,24,3788,25,9372,27,77601,95,86973,122,0,196,1,287,223,0,"Anderson",76978,380.62823144275,0.154664484451718,158.486840395957,63.6545506508353,15.4664484451718
2021-09-29,12260,37,8451,16,3809,21,9389,17,77792,191,87181,208,2,198,0,287,225,2,"Anderson",76978,362.441216971083,0.148479427549195,270.207072150485,48.065681103692,14.8479427549195
2021-09-30,12322,62,8489,38,3833,24,9429,40,77964,172,87393,212,0,198,1,288,226,1,"Anderson",76978,345.553274961677,0.144724556489262,275.403361999532,80.5424926602406,14.4724556489262
2021-10-01,12373,51,8516,27,3857,24,9458,29,78115,151,87573,180,0,198,1,289,227,1,"Anderson",76978,359.843072046559,0.146408839779006,233.83304320715,66.2526955753592,14.6408839779006
2021-10-02,12390,17,8523,7,3867,10,9464,6,78195,80,87659,86,1,199,0,289,229,2,"Anderson",76978,368.936579282392,0.148459383753501,111.720231754527,22.0842318584531,14.8459383753501
2021-10-03,12403,13,8532,9,3871,4,9473,9,78293,98,87766,107,4,203,0,289,229,0,"Anderson",76978,362.441216971083,0.146627565982405,139.000753462028,16.8879420094053,14.6627565982405
2021-10-04,12447,44,8555,23,3892,21,9499,26,78413,120,87912,146,1,204,0,289,231,2,"Anderson",76978,354.646782197511,0.145146088595664,189.664579490244,57.1591883395256,14.5146088595664
2021-10-05,12500,53,8584,29,3916,24,9529,30,78541,128,88070,158,2,206,0,289,232,1,"Anderson",76978,359.843072046559,0.143117593436645,205.253449037387,68.8508404998831,14.3117593436645
2021-10-06,12530,30,8607,23,3923,7,9555,26,78706,165,88261,191,1,207,0,289,233,1,"Anderson",76978,350.749564810725,0.153703703703704,248.122840292031,38.9721738678584,15.3703703703704
2021-10-07,12562,32,8629,22,3933,10,9580,25,78845,139,88425,164,0,207,0,289,235,2,"Anderson",76978,311.777390942867,0.146317829457364,213.047883810959,41.5703187923822,14.6317829457364
2021-10-08,12579,17,8634,5,3945,12,9590,10,78975,130,88565,140,1,208,1,290,235,0,"Anderson",76978,267.608927225961,0.133064516129032,181.870144716672,22.0842318584531,13.3064516129032
2021-10-09,12594,15,8637,3,3957,12,9597,7,79037,62,88634,69,0,208,0,290,236,1,"Anderson",76978,265.010782301437,0.136410256410256,89.6359998960742,19.4860869339292,13.6410256410256
2021-10-10,12604,10,8645,8,3959,2,9606,9,79124,87,88730,96,0,208,0,290,236,0,"Anderson",76978,261.113564914651,0.137966804979253,124.710956377147,12.9907246226195,13.7966804979253
2021-10-11,12644,40,8659,14,3985,26,9619,13,79225,101,88844,114,0,208,1,291,236,0,"Anderson",76978,255.917275065603,0.128755364806867,148.094260697862,51.9628984904778,12.8755364806867
2021-10-12,12679,35,8683,24,3996,11,9641,22,79324,99,88965,121,2,210,3,294,236,0,"Anderson",76978,232.533970744888,0.125139664804469,157.187767933695,45.4675361791681,12.5139664804469
2021-10-13,12705,26,8697,14,4008,12,9659,18,79436,112,89095,130,0,210,1,295,239,3,"Anderson",76978,227.33768089584,0.124700239808153,168.879420094053,33.7758840188106,12.4700239808153
2021-10-14,12724,19,8707,10,4017,9,9673,14,79539,103,89212,117,1,211,0,295,239,0,"Anderson",76978,210.449738886435,0.118170266836086,151.991478084648,24.682376782977,11.8170266836086
2021-10-15,12747,23,8719,12,4028,11,9686,13,79660,121,89346,134,0,211,1,296,239,0,"Anderson",76978,218.244173660007,0.12291933418694,174.075709943101,29.8786666320247,12.291933418694
2021-10-16,12755,8,8724,5,4031,3,9693,7,79715,55,89408,62,0,211,1,297,239,0,"Anderson",76978,209.150666424173,0.124031007751938,80.5424926602406,10.3925796980956,12.4031007751938
2021-10-17,12757,2,8725,1,4032,1,9694,1,79766,51,89460,52,0,211,0,297,239,0,"Anderson",76978,198.758086726078,0.120547945205479,67.5517680376211,2.59814492452389,12.0547945205479
2021-10-18,12781,24,8735,10,4046,14,9705,11,79834,68,89539,79,1,212,1,298,239,0,"Anderson",76978,177.972927329886,0.123741007194245,102.626724518694,31.1777390942867,12.3741007194245
2021-10-19,12810,29,8748,13,4062,16,9716,11,79945,111,89661,122,2,214,0,298,239,0,"Anderson",76978,170.178492556315,0.107758620689655,158.486840395957,37.6731014055964,10.7758620689655
2021-10-20,12845,35,8774,26,4071,9,9745,29,80056,111,89801,140,0,214,1,299,240,1,"Anderson",76978,181.870144716672,0.121813031161473,181.870144716672,45.4675361791681,12.1813031161473
2021-10-21,12877,32,8792,18,4085,14,9763,18,80149,93,89912,111,0,214,1,300,241,1,"Anderson",76978,198.758086726078,0.128571428571429,144.197043311076,41.5703187923822,12.8571428571429
2021-10-22,12886,9,8798,6,4088,3,9771,8,80225,76,89996,84,0,214,1,301,241,0,"Anderson",76978,180.57107225441,0.130769230769231,109.122086830003,11.6916521603575,13.0769230769231
2021-10-23,12903,17,8802,4,4101,13,9775,4,80278,53,90053,57,0,214,1,302,241,0,"Anderson",76978,192.262724414768,0.127131782945736,74.0471303489309,22.0842318584531,12.7131782945736
2021-10-24,12909,6,8807,5,4102,1,9782,7,80330,52,90112,59,0,214,0,302,242,1,"Anderson",76978,197.459014263816,0.134969325153374,76.6452752734548,7.79443477357167,13.4969325153374
2021-10-25,12933,24,8820,13,4113,11,9796,14,80401,71,90197,85,1,215,2,304,242,0,"Anderson",76978,197.459014263816,0.138297872340426,110.421159292265,31.1777390942867,13.8297872340426
2021-10-26,12945,12,8826,6,4119,6,9802,6,80465,64,90267,70,0,215,0,304,243,1,"Anderson",76978,175.374782405363,0.141914191419142,90.9350723583361,15.5888695471433,14.1914191419142
2021-10-27,12962,17,8836,10,4126,7,9815,13,80586,121,90401,134,1,216,2,306,245,2,"Anderson",76978,151.991478084648,0.116666666666667,174.075709943101,22.0842318584531,11.6666666666667
2021-10-28,12984,22,8850,14,4134,8,9832,17,80668,82,90500,99,1,217,0,306,246,1,"Anderson",76978,139.000753462028,0.11734693877551,128.608173763933,28.5795941697628,11.734693877551
2021-10-29,13005,21,8861,11,4144,10,9844,12,80782,114,90626,126,0,217,1,307,246,0,"Anderson",76978,154.589623009171,0.115873015873016,163.683130245005,27.2805217075008,11.5873015873016
2021-10-30,13017,12,8865,4,4152,8,9849,5,80869,87,90718,92,0,217,1,308,246,0,"Anderson",76978,148.094260697862,0.111278195488722,119.514666528099,15.5888695471433,11.1278195488722
2021-10-31,13020,3,8867,2,4153,1,9852,3,80908,39,90760,42,0,217,0,308,246,0,"Anderson",76978,144.197043311076,0.108024691358025,54.5610434150017,3.89721738678583,10.8024691358025
2021-11-01,13047,27,8872,5,4175,22,9856,4,80996,88,90852,92,1,218,1,309,247,1,"Anderson",76978,148.094260697862,0.0916030534351145,119.514666528099,35.0749564810725,9.16030534351145
2021-11-02,13067,20,8877,5,4190,15,9861,5,81072,76,90933,81,2,220,1,310,247,0,"Anderson",76978,158.486840395957,0.0885885885885886,105.224869443218,25.9814492452389,8.85885885885886
2021-11-03,13097,30,8895,18,4202,12,9879,18,81272,200,91151,218,1,221,0,310,247,0,"Anderson",76978,175.374782405363,0.0853333333333333,283.197796773104,38.9721738678584,8.53333333333333
2021-11-04,13119,22,8910,15,4209,7,9895,16,81405,133,91300,149,0,221,0,310,247,0,"Anderson",76978,175.374782405363,0.07875,193.56179687703,28.5795941697628,7.875
2021-11-05,13129,10,8913,3,4216,7,9896,1,81527,122,91423,123,0,221,0,310,247,0,"Anderson",76978,161.084985320481,0.0652446675031368,159.785912858219,12.9907246226195,6.52446675031368
2021-11-06,13138,9,8917,4,4221,5,9901,5,81614,87,91515,92,0,221,3,313,248,1,"Anderson",76978,157.187767933695,0.0652446675031368,119.514666528099,11.6916521603575,6.52446675031368
2021-11-07,13144,6,8922,5,4222,1,9907,6,81662,48,91569,54,0,221,0,313,248,0,"Anderson",76978,161.084985320481,0.0679851668726823,70.149912962145,7.79443477357167,6.79851668726823
2021-11-08,13169,25,8933,11,4236,14,9920,13,81750,88,91670,101,1,222,0,313,248,0,"Anderson",76978,158.486840395957,0.078239608801956,131.206318688456,32.4768115565486,7.8239608801956
2021-11-09,13192,23,8940,7,4252,16,9926,6,81908,158,91834,164,1,223,0,313,249,1,"Anderson",76978,162.384057782743,0.072142064372919,213.047883810959,29.8786666320247,7.2142064372919
2021-11-10,13210,18,8952,12,4258,6,9939,13,82024,116,91963,129,0,223,1,314,250,1,"Anderson",76978,146.7951882356,0.0738916256157636,167.580347631791,23.383304320715,7.38916256157635
2021-11-11,13233,23,8970,18,4263,5,9957,18,82214,190,92171,208,0,223,0,314,251,1,"Anderson",76978,148.094260697862,0.0711825487944891,270.207072150485,29.8786666320247,7.11825487944891
2021-11-12,13246,13,8978,8,4268,5,9965,8,82347,133,92312,141,0,223,1,315,251,0,"Anderson",76978,151.991478084648,0.077615298087739,183.169217178934,16.8879420094053,7.7615298087739
2021-11-13,13253,7,8982,4,4271,3,9969,4,82398,51,92367,55,3,226,1,316,252,1,"Anderson",76978,149.393333160124,0.07981220657277,71.448985424407,9.09350723583361,7.981220657277
2021-11-14,13255,2,8984,2,4271,0,9972,3,82477,79,92449,82,0,226,0,316,252,0,"Anderson",76978,144.197043311076,0.0738636363636364,106.523941905479,2.59814492452389,7.38636363636364
2021-11-15,13287,32,8998,14,4289,18,9986,14,82562,85,92548,99,0,226,0,316,253,1,"Anderson",76978,153.29055054691,0.0751708428246014,128.608173763933,41.5703187923822,7.51708428246014
2021-11-16,13312,25,9011,13,4301,12,9999,13,82688,126,92687,139,1,227,0,316,254,1,"Anderson",76978,155.888695471433,0.0855803048065651,180.57107225441,32.4768115565486,8.5580304806565
2021-11-17,13329,17,9020,9,4309,8,10008,9,82802,114,92810,123,0,227,2,318,256,2,"Anderson",76978,154.589623009171,0.0814639905548996,159.785912858219,22.0842318584531,8.14639905548996
2021-11-18,13352,23,9034,14,4318,9,10026,18,82937,135,92963,153,4,231,0,318,258,2,"Anderson",76978,154.589623009171,0.0871212121212121,198.758086726078,29.8786666320247,8.71212121212121
2021-11-19,13366,14,9040,6,4326,8,10033,7,83046,109,93079,116,1,232,0,318,258,0,"Anderson",76978,155.888695471433,0.0886571056062582,150.692405622386,18.1870144716672,8.86571056062582
2021-11-20,13375,9,9045,5,4330,4,10038,5,83139,93,93177,98,0,232,0,318,259,1,"Anderson",76978,158.486840395957,0.0851851851851852,127.309101301671,11.6916521603575,8.51851851851852
2021-11-21,13387,12,9051,6,4336,6,10044,6,83179,40,93223,46,0,232,0,318,259,0,"Anderson",76978,171.477565018577,0.0930232558139535,59.7573332640495,15.5888695471433,9.30232558139535
2021-11-22,13415,28,9068,17,4347,11,10062,18,83301,122,93363,140,1,233,0,318,259,0,"Anderson",76978,166.281275169529,0.0932515337423313,181.870144716672,36.3740289433345,9.32515337423313
2021-11-23,13432,17,9074,6,4358,11,10067,5,83398,97,93465,102,0,233,1,319,261,2,"Anderson",76978,155.888695471433,0.0874035989717224,132.505391150718,22.0842318584531,8.74035989717224
2021-11-24,13457,25,9090,16,4367,9,10079,12,83508,110,93587,122,1,234,1,320,261,0,"Anderson",76978,166.281275169529,0.0913770913770914,158.486840395957,32.4768115565486,9.13770913770914
2021-11-25,13462,5,9092,2,4370,3,10080,1,83553,45,93633,46,0,234,2,322,261,0,"Anderson",76978,142.897970848814,0.0805970149253731,59.7573332640495,6.49536231130973,8.05970149253731
2021-11-26,13469,7,9098,6,4371,1,10089,9,83596,43,93685,52,0,234,0,322,262,1,"Anderson",76978,133.80446361298,0.0924092409240924,67.5517680376211,9.09350723583361,9.24092409240924
2021-11-27,13474,5,9100,2,4374,3,10091,2,83632,36,93723,38,0,234,0,322,262,0,"Anderson",76978,128.608173763933,0.0970695970695971,49.3647535659539,6.49536231130973,9.70695970695971
2021-11-28,13484,10,9101,1,4383,9,10092,1,83670,38,93762,39,0,234,0,322,262,0,"Anderson",76978,126.010028839409,0.0890538033395176,50.6638260282159,12.9907246226195,8.90538033395176
2021-11-29,13511,27,9116,15,4395,12,10108,16,83749,79,93857,95,0,234,0,322,262,0,"Anderson",76978,124.710956377147,0.0931174089068826,123.411883914885,35.0749564810725,9.31174089068826
2021-11-30,13538,27,9130,14,4408,13,10120,12,83851,102,93971,114,0,234,1,323,262,0,"Anderson",76978,137.701680999766,0.104743083003953,148.094260697862,35.0749564810725,10.4743083003953
2021-12-01,13569,31,9148,18,4421,13,10138,18,83958,107,94096,125,0,234,2,325,262,0,"Anderson",76978,145.496115773338,0.115913555992141,162.384057782743,40.2712463301203,11.5913555992141
2021-12-02,13611,42,9172,24,4439,18,10164,26,84096,138,94260,164,0,234,0,325,265,3,"Anderson",76978,193.56179687703,0.133971291866029,213.047883810959,54.5610434150017,13.3971291866029
2021-12-03,13642,31,9190,18,4452,13,10183,19,84283,187,94466,206,1,235,1,326,265,0,"Anderson",76978,224.739535971316,0.120358514724712,267.608927225961,40.2712463301203,12.0358514724712
2021-12-04,13662,20,9203,13,4459,7,10197,14,84352,69,94549,83,0,235,0,326,265,0,"Anderson",76978,244.225622905246,0.128329297820823,107.823014367741,25.9814492452389,12.8329297820823
2021-12-05,13675,13,9205,2,4470,11,10199,2,84394,42,94593,44,0,235,0,326,265,0,"Anderson",76978,248.122840292031,0.128760529482551,57.1591883395256,16.8879420094053,12.8760529482551
2021-12-06,13710,35,9225,20,4485,15,10221,22,84496,102,94717,124,2,237,1,327,265,0,"Anderson",76978,258.515419990127,0.131395348837209,161.084985320481,45.4675361791681,13.1395348837209
2021-12-07,13739,29,9240,15,4499,14,10237,16,84591,95,94828,111,0,237,0,327,265,0,"Anderson",76978,261.113564914651,0.136522753792299,144.197043311076,37.6731014055964,13.6522753792299
2021-12-08,13766,27,9261,21,4505,6,10257,20,84712,121,94969,141,0,237,2,329,265,0,"Anderson",76978,255.917275065603,0.13631156930126,183.169217178934,35.0749564810725,13.631156930126
2021-12-09,13794,28,9277,16,4517,12,10274,17,84922,210,95196,227,0,237,1,330,265,0,"Anderson",76978,237.730260593936,0.117521367521368,294.889448933461,36.3740289433345,11.7521367521368
2021-12-10,13823,29,9294,17,4529,12,10291,17,85075,153,95366,170,0,237,2,332,265,0,"Anderson",76978,235.132115669412,0.12,220.842318584531,37.6731014055964,12
2021-12-11,13832,9,9299,5,4533,4,10297,6,85150,75,95447,81,0,237,0,332,266,1,"Anderson",76978,220.842318584531,0.111358574610245,105.224869443218,11.6916521603575,11.1358574610245
2021-12-12,13852,20,9310,11,4542,9,10309,12,85220,70,95529,82,0,237,0,332,266,0,"Anderson",76978,229.935825820364,0.117521367521368,106.523941905479,25.9814492452389,11.7521367521368
2021-12-13,13881,29,9316,6,4565,23,10316,7,85295,75,95611,82,0,237,0,332,269,3,"Anderson",76978,222.141391046793,0.106263982102908,106.523941905479,37.6731014055964,10.6263982102908
2021-12-14,13895,14,9321,5,4574,9,10322,6,85374,79,95696,85,3,240,1,333,269,0,"Anderson",76978,202.655304112863,0.097926267281106,110.421159292265,18.1870144716672,9.7926267281106
2021-12-15,13921,26,9335,14,4586,12,10337,15,85503,129,95840,144,0,240,0,333,270,1,"Anderson",76978,201.356231650601,0.0918484500574053,187.06643456572,33.7758840188106,9.18484500574053
2021-12-16,13949,28,9345,10,4604,18,10352,15,85598,95,95950,110,0,240,2,335,270,0,"Anderson",76978,201.356231650601,0.103448275862069,142.897970848814,36.3740289433345,10.3448275862069
2021-12-17,13980,31,9368,23,4612,8,10374,22,85753,155,96127,177,1,241,0,335,271,1,"Anderson",76978,203.954376575125,0.109067017082786,229.935825820364,40.2712463301203,10.9067017082786
2021-12-18,13991,11,9377,9,4614,2,10384,10,85835,82,96219,92,0,241,0,335,271,0,"Anderson",76978,206.552521499649,0.112694300518135,119.514666528099,14.2897970848814,11.2694300518135
2021-12-19,14005,14,9385,8,4620,6,10395,11,85915,80,96310,91,0,241,0,335,271,0,"Anderson",76978,198.758086726078,0.1101152368758,118.215594065837,18.1870144716672,11.01152368758
2021-12-20,14029,24,9401,16,4628,8,10409,14,86001,86,96410,100,0,241,0,335,272,1,"Anderson",76978,192.262724414768,0.11639549436796,129.907246226195,31.1777390942867,11.639549436796
2021-12-21,14057,28,9409,8,4648,20,10420,11,86082,81,96502,92,0,241,0,335,272,0,"Anderson",76978,210.449738886435,0.121588089330025,119.514666528099,36.3740289433345,12.1588089330025
2021-12-22,14105,48,9423,14,4682,34,10431,11,86197,115,96628,126,19,260,1,336,273,1,"Anderson",76978,239.029333056198,0.119289340101523,163.683130245005,62.3554781885734,11.9289340101523
2021-12-23,14132,27,9438,15,4694,12,10448,17,86297,100,96745,117,-1,259,1,337,274,1,"Anderson",76978,237.730260593936,0.120754716981132,151.991478084648,35.0749564810725,12.0754716981132
2021-12-24,14158,26,9453,15,4705,11,10465,17,86384,87,96849,104,0,259,1,338,274,0,"Anderson",76978,231.234898282626,0.126038781163435,135.103536075242,33.7758840188106,12.6038781163435
2021-12-25,14172,14,9460,7,4712,7,10475,10,86442,58,96917,68,1,260,0,338,275,1,"Anderson",76978,235.132115669412,0.130372492836676,88.3369274338123,18.1870144716672,13.0372492836676
2021-12-26,14183,11,9464,4,4719,7,10481,6,86486,44,96967,50,1,261,0,338,275,0,"Anderson",76978,231.234898282626,0.13089802130898,64.9536231130973,14.2897970848814,13.089802130898
2021-12-27,14230,47,9483,19,4747,28,10501,20,86590,104,97091,124,1,262,2,340,276,1,"Anderson",76978,261.113564914651,0.135095447870778,161.084985320481,61.0564057263114,13.5095447870778
2021-12-28,14317,87,9519,36,4798,51,10537,36,86699,109,97236,145,0,262,0,340,276,0,"Anderson",76978,337.758840188106,0.159400544959128,188.365507027982,113.019304216789,15.9400544959128
2021-12-29,14398,81,9563,44,4835,37,10584,47,86857,158,97441,205,2,264,0,340,276,0,"Anderson",76978,380.62823144275,0.188191881918819,266.309854763699,105.224869443218,18.8191881918819
2021-12-30,14490,92,9605,42,4885,50,10622,38,86976,119,97598,157,1,265,0,340,276,0,"Anderson",76978,465.067941489776,0.203985932004689,203.954376575125,119.514666528099,20.3985932004689
2021-12-31,14558,68,9646,41,4912,27,10667,45,87093,117,97760,162,0,265,0,340,277,1,"Anderson",76978,519.628984904778,0.221734357848518,210.449738886435,88.3369274338123,22.1734357848518
2022-01-01,14619,61,9680,34,4939,27,10704,37,87192,99,97896,136,0,265,0,340,277,0,"Anderson",76978,580.685390631089,0.23391215526047,176.673854867625,79.2434201979787,23.391215526047
2022-01-02,14651,32,9703,23,4948,9,10737,33,87308,116,98045,149,0,265,0,340,278,1,"Anderson",76978,607.96591233859,0.23747680890538,193.56179687703,41.5703187923822,23.747680890538
2022-01-03,14712,61,9724,21,4988,40,10760,23,87384,76,98144,99,1,266,0,340,278,0,"Anderson",76978,626.152926810257,0.245963912630579,128.608173763933,79.2434201979787,24.5963912630579
2022-01-04,14838,126,9789,65,5049,61,10823,63,87558,174,98381,237,1,267,0,340,279,1,"Anderson",76978,676.816752838473,0.249781659388646,307.880173556081,163.683130245005,24.9781659388646
2022-01-05,15005,167,9875,86,5130,81,10909,86,87704,146,98613,232,1,268,0,340,280,1,"Anderson",76978,788.536984593001,0.277303754266212,301.384811244771,216.945101197745,27.7303754266212
2022-01-06,15147,142,9947,72,5200,70,10980,71,87824,120,98804,191,1,269,1,341,280,0,"Anderson",76978,853.490607706098,0.296849087893864,248.122840292031,184.468289641196,29.6849087893864
2022-01-07,15288,141,10020,73,5268,68,11058,78,87964,140,99022,218,0,269,1,342,280,0,"Anderson",76978,948.32289745122,0.309825673534073,283.197796773104,183.169217178934,30.9825673534073
2022-01-08,15391,103,10062,42,5329,61,11103,45,88039,75,99142,120,0,269,2,344,282,2,"Anderson",76978,1002.88394086622,0.320224719101124,155.888695471433,133.80446361298,32.0224719101124
2022-01-09,15476,85,10118,56,5358,29,11165,62,88182,143,99347,205,0,269,1,345,282,0,"Anderson",76978,1071.7347813661,0.328725038402458,266.309854763699,110.421159292265,32.8725038402458
2022-01-10,15631,155,10192,74,5439,81,11243,78,88295,113,99538,191,1,270,3,348,284,2,"Anderson",76978,1193.84759281873,0.34648493543759,248.122840292031,201.356231650601,34.648493543759
2022-01-11,15806,175,10301,109,5505,66,11345,102,88436,141,99781,243,0,270,0,348,285,1,"Anderson",76978,1257.50214346956,0.372857142857143,315.674608329653,227.33768089584,37.2857142857143
2022-01-12,16062,256,10464,163,5598,93,11509,164,88627,191,100136,355,0,270,1,349,285,0,"Anderson",76978,1373.11959261088,0.393959290873276,461.17072410299,332.562550339058,39.3959290873276
2022-01-13,16293,231,10615,151,5678,80,11664,155,88859,232,100523,387,4,274,0,349,285,0,"Anderson",76978,1488.73704175219,0.397905759162304,502.741042895373,300.085738782509,39.7905759162304
2022-01-14,16547,254,10758,143,5789,111,11813,149,89015,156,100828,305,2,276,1,350,285,0,"Anderson",76978,1635.53222998779,0.418050941306755,396.217100989893,329.964405414534,41.8050941306755
2022-01-15,16644,97,10817,59,5827,38,11875,62,89133,118,101008,180,1,277,2,352,285,0,"Anderson",76978,1627.73779521422,0.413719185423365,233.83304320715,126.010028839409,41.3719185423366
2022-01-16,16796,152,10945,128,5851,24,12008,133,89330,197,101338,330,0,277,1,353,285,0,"Anderson",76978,1714.77565018577,0.42340532395781,428.693912546442,197.459014263816,42.340532395781
2022-01-17,16976,180,11057,112,5919,68,12124,116,89449,119,101573,235,0,277,2,355,285,0,"Anderson",76978,1747.25246174232,0.432923832923833,305.282028631557,233.83304320715,43.2923832923833
2022-01-18,17191,215,11196,139,5995,76,12266,142,89586,137,101852,279,0,277,0,355,287,2,"Anderson",76978,1799.21536023279,0.44471269917914,362.441216971083,279.300579386318,44.471269917914
2022-01-19,17493,302,11407,211,6086,91,12480,214,89806,220,102286,434,3,280,0,355,287,0,"Anderson",76978,1858.97269349684,0.451627906976744,563.797448621684,392.319883603107,45.1627906976744
2022-01-20,17790,297,11649,242,6141,55,12741,261,89963,157,102704,418,1,281,2,357,288,1,"Anderson",76978,1944.71147600613,0.493810178817056,543.012289225493,385.824521291798,49.3810178817056
2022-01-21,18036,246,11864,215,6172,31,12966,225,90182,219,103148,444,2,283,1,358,290,2,"Anderson",76978,1934.31889630804,0.49698275862069,576.788173244304,319.571825716438,49.698275862069
2022-01-22,18164,128,11956,92,6208,36,13070,104,90301,119,103371,223,0,283,0,358,290,0,"Anderson",76978,1974.59014263816,0.505713076597545,289.693159084414,166.281275169529,50.5713076597546
2022-01-23,18292,128,12067,111,6225,17,13184,114,90408,107,103592,221,0,283,0,358,291,1,"Anderson",76978,1943.41240354387,0.521739130434783,287.09501415989,166.281275169529,52.1739130434783
2022-01-24,18559,267,12217,150,6342,117,13345,161,90586,178,103931,339,1,284,1,359,292,1,"Anderson",76978,2056.43170776066,0.517811704834606,440.385564706799,346.852347423939,51.7811704834606
2022-01-25,18743,184,12350,133,6393,51,13490,145,90706,120,104196,265,1,285,0,359,293,1,"Anderson",76978,2016.16046143054,0.522184300341297,344.254202499415,239.029333056198,52.2184300341297
2022-01-26,18948,205,12504,154,6444,51,13656,166,90858,152,104514,318,1,286,1,360,293,0,"Anderson",76978,1890.15043259113,0.527827648114901,413.105042999298,266.309854763699,52.7827648114901
2022-01-27,19170,222,12677,173,6493,49,13835,179,91078,220,104913,399,0,286,0,360,293,0,"Anderson",76978,1792.71999792148,0.495246717971933,518.329912442516,288.394086622152,49.5246717971933
2022-01-28,19360,190,12815,138,6545,52,13979,144,91241,163,105220,307,1,287,1,361,294,1,"Anderson",76978,1719.97194003482,0.488899613899614,398.815245914417,246.82376782977,48.8899613899614
2022-01-29,19503,143,12915,100,6588,43,14084,105,91358,117,105442,222,0,287,0,361,296,2,"Anderson",76978,1739.45802696874,0.489618541767262,288.394086622152,185.767362103458,48.9618541767262
2022-01-30,19569,66,12961,46,6608,20,14134,50,91449,91,105583,141,0,287,1,362,297,1,"Anderson",76978,1658.9155343085,0.477147162230035,183.169217178934,85.7387825092884,47.7147162230035
2022-01-31,19764,195,13081,120,6683,75,14274,140,91599,150,105873,290,4,291,1,363,299,2,"Anderson",76978,1565.38231702564,0.4783728115345,376.731014055964,253.319130141079,47.83728115345
2022-02-01,19927,163,13176,95,6751,68,14381,107,91719,120,106100,227,1,292,1,364,299,0,"Anderson",76978,1538.10179531814,0.46796218487395,294.889448933461,211.748811348697,46.796218487395
2022-02-02,20071,144,13263,87,6808,57,14474,93,91860,141,106334,234,1,293,0,364,300,1,"Anderson",76978,1458.85837512016,0.449450549450549,303.982956169295,187.06643456572,44.945054945055
2022-02-03,20703,632,13354,91,7349,541,14572,98,92068,208,106640,306,2,295,1,365,302,2,"Anderson",76978,1991.47808464756,0.426751592356688,397.516173452155,821.013796149549,42.6751592356688
2022-02-04,20849,146,13464,110,7385,36,14682,110,92192,124,106874,234,0,295,0,365,305,3,"Anderson",76978,1934.31889630804,0.42503022974607,303.982956169295,189.664579490244,42.503022974607
2022-02-05,20898,49,13490,26,7408,23,14712,30,92268,76,106980,106,0,295,0,365,306,1,"Anderson",76978,1812.20608485541,0.408322496749025,137.701680999766,63.6545506508353,40.8322496749025
2022-02-06,20957,59,13534,44,7423,15,14761,49,92342,74,107103,123,0,295,1,366,308,2,"Anderson",76978,1803.11257761958,0.4125,159.785912858219,76.6452752734548,41.25
2022-02-07,21041,84,13585,51,7456,33,14817,56,92444,102,107261,158,3,298,0,366,309,1,"Anderson",76978,1658.9155343085,0.391210374639769,205.253449037387,109.122086830003,39.1210374639769
2022-02-08,21126,85,13632,47,7494,38,14874,57,92541,97,107415,154,0,298,0,366,309,0,"Anderson",76978,1557.58788225207,0.37490494296578,200.05715918834,110.421159292265,37.490494296578
2022-02-09,21225,99,13696,64,7529,35,14948,74,92648,107,107596,181,0,298,0,366,310,1,"Anderson",76978,1499.12962145028,0.375594294770206,235.132115669412,128.608173763933,37.5594294770206
2022-02-10,21313,88,13746,50,7567,38,15002,54,92774,126,107776,180,2,300,0,366,311,1,"Anderson",76978,792.434201979786,0.378521126760563,233.83304320715,114.318376679051,37.8521126760563
2022-02-11,21372,59,13788,42,7584,17,15047,45,92876,102,107923,147,1,301,0,366,311,0,"Anderson",76978,679.414897762997,0.347950428979981,190.963651952506,76.6452752734548,34.7950428979981
2022-02-12,21403,31,13811,23,7592,8,15072,25,92938,62,108010,87,0,301,1,367,311,0,"Anderson",76978,656.031593442282,0.349514563106796,113.019304216789,40.2712463301203,34.9514563106796
2022-02-13,21424,21,13825,14,7599,7,15087,15,92985,47,108072,62,0,301,0,367,312,1,"Anderson",76978,606.666839876328,0.336429308565531,80.5424926602406,27.2805217075008,33.6429308565531
2022-02-14,21475,51,13852,27,7623,24,15123,36,93042,57,108165,93,1,302,0,367,312,0,"Anderson",76978,563.797448621684,0.338495575221239,120.813738990361,66.2526955753592,33.8495575221239
2022-02-15,21531,56,13891,39,7640,17,15168,45,93119,77,108287,122,0,302,0,367,313,1,"Anderson",76978,526.124347216088,0.337155963302752,158.486840395957,72.7480578866689,33.7155963302752
2022-02-16,21593,62,13924,33,7669,29,15199,31,93211,92,108410,123,0,302,0,367,313,0,"Anderson",76978,478.058666112396,0.308353808353808,159.785912858219,80.5424926602406,30.8353808353808
2022-02-17,21641,48,13957,33,7684,15,15234,35,93305,94,108539,129,0,302,0,367,314,1,"Anderson",76978,426.095767621918,0.304062909567497,167.580347631791,62.3554781885734,30.4062909567497
2022-02-18,21689,48,13988,31,7701,17,15271,37,93377,72,108648,109,0,302,0,367,315,1,"Anderson",76978,411.805970537037,0.308965517241379,141.598898386552,62.3554781885734,30.8965517241379
2022-02-19,21715,26,13998,10,7717,16,15282,11,93432,55,108714,66,0,302,0,367,317,2,"Anderson",76978,405.310608225727,0.298295454545455,85.7387825092884,33.7758840188106,29.8295454545455
2022-02-20,21725,10,14001,3,7724,7,15284,2,93469,37,108753,39,0,302,0,367,317,0,"Anderson",76978,391.020811140845,0.28928046989721,50.6638260282159,12.9907246226195,28.928046989721
2022-02-21,21741,16,14010,9,7731,7,15294,10,93498,29,108792,39,0,302,2,369,318,1,"Anderson",76978,345.553274961677,0.272727272727273,50.6638260282159,20.7851593961911,27.2727272727273
2022-02-22,21776,35,14025,15,7751,20,15312,18,93575,77,108887,95,2,304,0,369,318,0,"Anderson",76978,318.272753254177,0.24,123.411883914885,45.4675361791681,24
2022-02-23,21811,35,14042,17,7769,18,15331,19,93641,66,108972,85,4,308,0,369,319,1,"Anderson",76978,283.197796773104,0.234875444839858,110.421159292265,45.4675361791681,23.4875444839858
2022-02-24,21839,28,14056,14,7783,14,15348,17,93719,78,109067,95,1,309,0,369,320,1,"Anderson",76978,257.216347527865,0.215909090909091,123.411883914885,36.3740289433345,21.5909090909091
2022-02-25,21852,13,14062,6,7790,7,15354,6,93786,67,109140,73,-1,308,0,369,320,0,"Anderson",76978,211.748811348697,0.16869918699187,94.832289745122,16.8879420094053,16.869918699187
2022-02-26,21865,13,14067,5,7798,8,15361,7,93831,45,109192,52,0,308,1,370,320,0,"Anderson",76978,194.860869339292,0.165271966527197,67.5517680376211,16.8879420094053,16.5271966527197
2022-02-27,21865,0,14067,0,7798,0,15362,1,93848,17,109210,18,0,308,0,370,320,0,"Anderson",76978,181.870144716672,0.170678336980306,23.383304320715,0,17.0678336980306
2022-02-28,21883,18,14076,9,7807,9,15374,12,93905,57,109279,69,0,308,0,370,320,0,"Anderson",76978,184.468289641196,0.164271047227926,89.6359998960742,23.383304320715,16.4271047227926
2022-03-01,21896,13,14083,7,7813,6,15382,8,93950,45,109332,53,-1,307,0,370,322,2,"Anderson",76978,155.888695471433,0.157303370786517,68.8508404998831,16.8879420094053,15.7303370786517
2022-03-02,21906,10,14089,6,7817,4,15390,8,94003,53,109393,61,2,309,0,370,323,1,"Anderson",76978,123.411883914885,0.140142517814727,79.2434201979787,12.9907246226195,14.0142517814727
2022-03-03,21916,10,14091,2,7825,8,15392,2,94047,44,109439,46,2,311,0,370,323,0,"Anderson",76978,100.02857959417,0.118279569892473,59.7573332640495,12.9907246226195,11.8279569892473
2022-03-04,21925,9,14094,3,7831,6,15397,5,94111,64,109508,69,0,311,0,370,324,1,"Anderson",76978,94.832289745122,0.116847826086957,89.6359998960742,11.6916521603575,11.6847826086957
2022-03-05,21930,5,14095,1,7835,4,15398,1,94152,41,109550,42,0,311,0,370,325,1,"Anderson",76978,84.4397100470264,0.103351955307263,54.5610434150017,6.49536231130973,10.3351955307263
2022-03-06,21932,2,14096,1,7836,1,15399,1,94176,24,109575,25,0,311,1,371,326,1,"Anderson",76978,87.0378549715503,0.101369863013699,32.4768115565486,2.59814492452389,10.1369863013699
2022-03-07,21945,13,14098,2,7847,11,15401,2,94209,33,109610,35,1,312,0,371,326,0,"Anderson",76978,80.5424926602406,0.081570996978852,45.4675361791681,16.8879420094053,8.1570996978852
2022-03-08,21996,51,14100,2,7896,49,15404,3,94239,30,109643,33,0,312,0,371,327,1,"Anderson",76978,129.907246226195,0.0707395498392283,42.8693912546442,66.2526955753592,7.07395498392283
2022-03-09,22003,7,14106,6,7897,1,15409,5,94277,38,109686,43,0,312,0,371,327,0,"Anderson",76978,126.010028839409,0.0648464163822526,55.8601158772636,9.09350723583361,6.48464163822526
2022-03-10,22008,5,14110,4,7898,1,15416,7,94323,46,109739,53,3,315,0,371,327,0,"Anderson",76978,119.514666528099,0.08,68.8508404998831,6.49536231130973,8
2022-03-11,22014,6,14110,0,7904,6,15417,1,94362,39,109779,40,1,316,1,372,327,0,"Anderson",76978,115.617449141313,0.0738007380073801,51.9628984904778,7.79443477357167,7.38007380073801
2022-03-12,22014,0,14110,0,7904,0,15417,0,94384,22,109801,22,0,316,0,372,329,2,"Anderson",76978,109.122086830003,0.0756972111553785,28.5795941697628,0,7.56972111553785
2022-03-13,22017,3,14112,2,7905,1,15418,1,94428,44,109846,45,1,317,0,372,329,0,"Anderson",76978,110.421159292265,0.0701107011070111,58.4582608017875,3.89721738678583,7.01107011070111
2022-03-14,22024,7,14116,4,7908,3,15425,7,94454,26,109879,33,2,319,1,373,329,0,"Anderson",76978,102.626724518694,0.0892193308550186,42.8693912546442,9.09350723583361,8.92193308550186
2022-03-15,22028,4,14117,1,7911,3,15425,0,94476,22,109901,22,0,319,0,373,330,1,"Anderson",76978,41.5703187923822,0.0813953488372093,28.5795941697628,5.19628984904778,8.13953488372093
2022-03-16,22030,2,14119,2,7911,0,15428,3,94500,24,109928,27,1,320,0,373,330,0,"Anderson",76978,35.0749564810725,0.0785123966942149,35.0749564810725,2.59814492452389,7.85123966942149
2022-03-17,22030,0,14119,0,7911,0,15430,2,94529,29,109959,31,0,320,0,373,330,0,"Anderson",76978,28.5795941697628,0.0636363636363636,40.2712463301203,0,6.36363636363636
2022-03-18,22032,2,14121,2,7911,0,15432,2,94573,44,110005,46,0,320,0,373,331,1,"Anderson",76978,23.383304320715,0.0663716814159292,59.7573332640495,2.59814492452389,6.63716814159292
2022-03-19,22032,0,14121,0,7911,0,15432,0,94593,20,110025,20,0,320,0,373,331,0,"Anderson",76978,23.383304320715,0.0669642857142857,25.9814492452389,0,6.69642857142857
2022-03-20,22036,4,14124,3,7912,1,15436,4,94612,19,110048,23,0,320,0,373,332,1,"Anderson",76978,24.682376782977,0.0891089108910891,29.8786666320247,5.19628984904778,8.91089108910891
2022-03-21,22037,1,14124,0,7913,1,15436,0,94625,13,110061,13,2,322,0,373,332,0,"Anderson",76978,16.8879420094053,0.0604395604395604,16.8879420094053,1.29907246226194,6.04395604395604
2022-03-22,22037,0,14124,0,7913,0,15437,1,94631,6,110068,7,0,322,0,373,332,0,"Anderson",76978,11.6916521603575,0.0718562874251497,9.09350723583361,0,7.18562874251497
2022-03-23,22039,2,14126,2,7913,0,15439,2,94656,25,110095,27,0,322,0,373,333,1,"Anderson",76978,11.6916521603575,0.0658682634730539,35.0749564810725,2.59814492452389,6.58682634730539
2022-03-24,22040,1,14126,0,7914,1,15440,1,94672,16,110112,17,0,322,0,373,334,1,"Anderson",76978,12.9907246226194,0.065359477124183,22.0842318584531,1.29907246226194,6.5359477124183
2022-03-25,22041,1,14127,1,7914,0,15442,2,94695,23,110137,25,0,322,0,373,334,0,"Anderson",76978,11.6916521603575,0.0757575757575758,32.4768115565486,1.29907246226194,7.57575757575758
2022-03-26,22042,1,14128,1,7914,0,15443,1,94714,19,110157,20,0,322,0,373,334,0,"Anderson",76978,12.9907246226194,0.0833333333333333,25.9814492452389,1.29907246226194,8.33333333333333
2022-03-27,22042,0,14128,0,7914,0,15443,0,94725,11,110168,11,0,322,0,373,334,0,"Anderson",76978,7.79443477357167,0.0583333333333333,14.2897970848814,0,5.83333333333333
2022-03-28,22046,4,14131,3,7915,1,15446,3,94769,44,110215,47,1,323,0,373,336,2,"Anderson",76978,11.6916521603575,0.0649350649350649,61.0564057263114,5.19628984904778,6.49350649350649
2022-03-29,22046,0,14131,0,7915,0,15446,0,94782,13,110228,13,1,324,0,373,337,1,"Anderson",76978,11.6916521603575,0.05625,16.8879420094053,0,5.625
2022-03-30,22048,2,14131,0,7917,2,15447,1,94805,23,110252,24,1,325,0,373,337,0,"Anderson",76978,11.6916521603575,0.0509554140127389,31.1777390942867,2.59814492452389,5.09554140127389
2022-03-31,22050,2,14132,1,7918,1,15448,1,94825,20,110273,21,0,325,0,373,337,0,"Anderson",76978,12.9907246226194,0.0496894409937888,27.2805217075008,2.59814492452389,4.96894409937888
2022-04-01,22053,3,14133,1,7920,2,15449,1,94862,37,110311,38,3,328,0,373,337,0,"Anderson",76978,15.5888695471433,0.0402298850574713,49.3647535659539,3.89721738678583,4.02298850574713
2022-04-02,22054,1,14134,1,7920,0,15451,2,94882,20,110333,22,0,328,0,373,337,0,"Anderson",76978,15.5888695471433,0.0454545454545455,28.5795941697628,1.29907246226194,4.54545454545455
2022-04-03,22054,0,14134,0,7920,0,15451,0,94894,12,110345,12,0,328,0,373,337,0,"Anderson",76978,15.5888695471433,0.0451977401129944,15.5888695471433,0,4.51977401129944
2022-04-04,22056,2,14135,1,7921,1,15452,1,94913,19,110365,20,0,328,0,373,337,0,"Anderson",76978,12.9907246226194,0.04,25.9814492452389,2.59814492452389,4
2022-04-05,22062,6,14136,1,7926,5,15453,1,94932,19,110385,20,3,331,0,373,338,1,"Anderson",76978,20.7851593961911,0.0445859872611465,25.9814492452389,7.79443477357167,4.45859872611465
2022-04-06,22065,3,14139,3,7926,0,15457,4,94956,24,110413,28,0,331,0,373,338,0,"Anderson",76978,22.0842318584531,0.062111801242236,36.3740289433345,3.89721738678583,6.2111801242236
2022-04-07,22068,3,14139,0,7929,3,15457,0,94979,23,110436,23,1,332,0,373,338,0,"Anderson",76978,23.383304320715,0.0552147239263804,29.8786666320247,3.89721738678583,5.52147239263804
2022-04-08,22069,1,14139,0,7930,1,15457,0,95010,31,110467,31,1,333,0,373,338,0,"Anderson",76978,20.7851593961911,0.0512820512820513,40.2712463301203,1.29907246226194,5.12820512820513
2022-04-09,22069,0,14139,0,7930,0,15457,0,95020,10,110477,10,0,333,0,373,338,0,"Anderson",76978,19.4860869339292,0.0416666666666667,12.9907246226195,0,4.16666666666667
2022-04-10,22069,0,14139,0,7930,0,15457,0,95030,10,110487,10,0,333,0,373,338,0,"Anderson",76978,19.4860869339292,0.0422535211267606,12.9907246226195,0,4.22535211267606
2022-04-11,22072,3,14139,0,7933,3,15457,0,95048,18,110505,18,0,333,0,373,338,0,"Anderson",76978,20.7851593961911,0.0357142857142857,23.383304320715,3.89721738678583,3.57142857142857
2022-04-12,22076,4,14142,3,7934,1,15461,4,95066,18,110527,22,1,334,0,373,339,1,"Anderson",76978,18.1870144716672,0.0563380281690141,28.5795941697628,5.19628984904778,5.63380281690141
2022-04-13,22079,3,14143,1,7936,2,15462,1,95088,22,110550,23,0,334,0,373,339,0,"Anderson",76978,18.1870144716672,0.0364963503649635,29.8786666320247,3.89721738678583,3.64963503649635
2022-04-14,22082,3,14143,0,7939,3,15462,0,95104,16,110566,16,0,334,0,373,339,0,"Anderson",76978,18.1870144716672,0.0384615384615385,20.7851593961911,3.89721738678583,3.84615384615385
2022-04-15,22086,4,14146,3,7940,1,15466,4,95124,20,110590,24,0,334,0,373,339,0,"Anderson",76978,22.0842318584531,0.0731707317073171,31.1777390942867,5.19628984904778,7.31707317073171
2022-04-16,22087,1,14146,0,7941,1,15466,0,95138,14,110604,14,0,334,0,373,339,0,"Anderson",76978,23.383304320715,0.0708661417322835,18.1870144716672,1.29907246226194,7.08661417322835
2022-04-17,22089,2,14146,0,7943,2,15467,1,95153,15,110620,16,0,334,0,373,339,0,"Anderson",76978,25.9814492452389,0.075187969924812,20.7851593961911,2.59814492452389,7.5187969924812
2022-04-18,22096,7,14148,2,7948,5,15469,2,95173,20,110642,22,-1,333,0,373,339,0,"Anderson",76978,31.1777390942867,0.0875912408759124,28.5795941697628,9.09350723583361,8.75912408759124
2022-04-19,22100,4,14149,1,7951,3,15470,1,95186,13,110656,14,0,333,0,373,339,0,"Anderson",76978,31.1777390942867,0.0697674418604651,18.1870144716672,5.19628984904778,6.97674418604651
2022-04-20,22106,6,14151,2,7955,4,15472,2,95219,33,110691,35,1,334,0,373,339,0,"Anderson",76978,35.0749564810725,0.0709219858156028,45.4675361791681,7.79443477357167,7.09219858156028
2022-04-21,22109,3,14152,1,7957,2,15473,1,95245,26,110718,27,0,334,0,373,339,0,"Anderson",76978,35.0749564810725,0.0723684210526316,35.0749564810725,3.89721738678583,7.23684210526316
2022-04-22,22111,2,14153,1,7958,1,15474,1,95277,32,110751,33,0,334,0,373,339,0,"Anderson",76978,32.4768115565486,0.0496894409937888,42.8693912546442,2.59814492452389,4.96894409937888
2022-04-23,22113,2,14155,2,7958,0,15475,1,95302,25,110777,26,0,334,0,373,339,0,"Anderson",76978,33.7758840188106,0.0520231213872832,33.7758840188106,2.59814492452389,5.20231213872832
2022-04-24,22116,3,14155,0,7961,3,15475,0,95319,17,110794,17,0,334,0,373,339,0,"Anderson",76978,35.0749564810725,0.0459770114942529,22.0842318584531,3.89721738678583,4.59770114942529
2022-04-25,22134,18,14157,2,7977,16,15477,2,95330,11,110807,13,0,334,0,373,340,1,"Anderson",76978,49.3647535659539,0.0484848484848485,16.8879420094053,23.383304320715,4.84848484848485
2022-04-26,22148,14,14162,5,7986,9,15483,6,95351,21,110834,27,0,334,0,373,340,0,"Anderson",76978,62.3554781885734,0.0730337078651685,35.0749564810725,18.1870144716672,7.30337078651685
2022-04-27,22162,14,14167,5,7995,9,15488,5,95387,36,110875,41,0,334,0,373,341,1,"Anderson",76978,72.7480578866689,0.0869565217391304,53.2619709527397,18.1870144716672,8.69565217391304
2022-04-28,22167,5,14169,2,7998,3,15490,2,95410,23,110900,25,0,334,0,373,341,0,"Anderson",76978,75.3462028111928,0.0934065934065934,32.4768115565486,6.49536231130973,9.34065934065934
2022-04-29,22173,6,14170,1,8003,5,15491,1,95431,21,110922,22,0,334,0,373,341,0,"Anderson",76978,80.5424926602406,0.0994152046783626,28.5795941697628,7.79443477357167,9.94152046783626
2022-04-30,22175,2,14171,1,8004,1,15491,0,95460,29,110951,29,0,334,0,373,341,0,"Anderson",76978,80.5424926602406,0.0919540229885057,37.6731014055964,2.59814492452389,9.19540229885057
2022-05-01,22177,2,14171,0,8006,2,15491,0,95468,8,110959,8,0,334,0,373,341,0,"Anderson",76978,79.2434201979786,0.096969696969697,10.3925796980956,2.59814492452389,9.6969696969697
2022-05-02,22185,8,14176,5,8009,3,15495,4,95499,31,110994,35,0,334,0,373,341,0,"Anderson",76978,66.2526955753592,0.0962566844919786,45.4675361791681,10.3925796980956,9.62566844919786
2022-05-03,22191,6,14181,5,8010,1,15500,5,95510,11,111010,16,0,334,0,373,341,0,"Anderson",76978,55.8601158772636,0.0965909090909091,20.7851593961911,7.79443477357167,9.65909090909091
2022-05-04,22203,12,14185,4,8018,8,15505,5,95534,24,111039,29,0,334,0,373,341,0,"Anderson",76978,53.2619709527397,0.103658536585366,37.6731014055964,15.5888695471433,10.3658536585366
2022-05-05,22211,8,14191,6,8020,2,15511,6,95552,18,111063,24,0,334,0,373,341,0,"Anderson",76978,57.1591883395256,0.128834355828221,31.1777390942867,10.3925796980956,12.8834355828221
2022-05-06,22212,1,14191,0,8021,1,15511,0,95576,24,111087,24,0,334,0,373,341,0,"Anderson",76978,50.6638260282159,0.121212121212121,31.1777390942867,1.29907246226194,12.1212121212121
2022-05-07,22221,9,14195,4,8026,5,15515,4,95592,16,111107,20,0,334,0,373,342,1,"Anderson",76978,59.7573332640495,0.153846153846154,25.9814492452389,11.6916521603575,15.3846153846154
2022-05-08,22222,1,14195,0,8027,1,15515,0,95606,14,111121,14,0,334,0,373,342,0,"Anderson",76978,58.4582608017875,0.148148148148148,18.1870144716672,1.29907246226194,14.8148148148148
2022-05-09,22228,6,14197,2,8031,4,15516,1,95621,15,111137,16,0,334,0,373,342,0,"Anderson",76978,55.8601158772636,0.146853146853147,20.7851593961911,7.79443477357167,14.6853146853147
2022-05-10,22238,10,14199,2,8039,8,15519,3,95653,32,111172,35,1,335,0,373,342,0,"Anderson",76978,61.0564057263114,0.117283950617284,45.4675361791681,12.9907246226195,11.7283950617284
2022-05-11,22251,13,14209,10,8042,3,15531,12,95671,18,111202,30,0,335,0,373,342,0,"Anderson",76978,62.3554781885734,0.159509202453988,38.9721738678584,16.8879420094053,15.9509202453988
2022-05-12,22257,6,14214,5,8043,1,15536,5,95699,28,111235,33,0,335,0,373,342,0,"Anderson",76978,59.7573332640495,0.145348837209302,42.8693912546442,7.79443477357167,14.5348837209302
2022-05-13,22265,8,14219,5,8046,3,15541,5,95735,36,111276,41,2,337,0,373,343,1,"Anderson",76978,68.8508404998831,0.158730158730159,53.2619709527397,10.3925796980956,15.8730158730159
2022-05-14,22268,3,14221,2,8047,1,15543,2,95744,9,111287,11,0,337,0,373,343,0,"Anderson",76978,61.0564057263114,0.155555555555556,14.2897970848814,3.89721738678583,15.5555555555556
2022-05-15,22272,4,14221,0,8051,4,15543,0,95758,14,111301,14,0,337,0,373,343,0,"Anderson",76978,64.9536231130973,0.155555555555556,18.1870144716672,5.19628984904778,15.5555555555556
2022-05-16,22282,10,14227,6,8055,4,15548,5,95781,23,111329,28,0,337,0,373,343,0,"Anderson",76978,70.149912962145,0.166666666666667,36.3740289433345,12.9907246226195,16.6666666666667
2022-05-17,22295,13,14236,9,8059,4,15558,10,95808,27,111366,37,2,339,0,373,343,0,"Anderson",76978,74.0471303489309,0.201030927835052,48.065681103692,16.8879420094053,20.1030927835052
2022-05-18,22303,8,14243,7,8060,1,15566,8,95835,27,111401,35,0,339,0,373,344,1,"Anderson",76978,67.5517680376211,0.175879396984925,45.4675361791681,10.3925796980956,17.5879396984925
2022-05-19,22313,10,14250,7,8063,3,15574,8,95862,27,111436,35,1,340,0,373,344,0,"Anderson",76978,72.7480578866689,0.189054726368159,45.4675361791681,12.9907246226195,18.9054726368159
2022-05-20,22325,12,14259,9,8066,3,15583,9,95891,29,111474,38,0,340,0,373,344,0,"Anderson",76978,77.9443477357167,0.212121212121212,49.3647535659539,15.5888695471433,21.2121212121212
2022-05-21,22331,6,14265,6,8066,0,15589,6,95917,26,111506,32,0,340,0,373,344,0,"Anderson",76978,81.8415651225025,0.210045662100457,41.5703187923822,7.79443477357167,21.0045662100457
2022-05-22,22340,9,14271,6,8069,3,15595,6,95942,25,111537,31,1,341,0,373,344,0,"Anderson",76978,88.3369274338123,0.220338983050847,40.2712463301203,11.6916521603575,22.0338983050847
2022-05-23,22351,11,14280,9,8071,2,15602,7,95975,33,111577,40,0,341,0,373,344,0,"Anderson",76978,89.6359998960742,0.217741935483871,51.9628984904778,14.2897970848814,21.7741935483871
2022-05-24,22372,21,14287,7,8085,14,15610,8,95996,21,111606,29,0,341,0,373,344,0,"Anderson",76978,100.02857959417,0.216666666666667,37.6731014055964,27.2805217075008,21.6666666666667
2022-05-25,22384,12,14293,6,8091,6,15616,6,96029,33,111645,39,1,342,0,373,344,0,"Anderson",76978,105.224869443218,0.204918032786885,50.6638260282159,15.5888695471433,20.4918032786885
2022-05-26,22401,17,14301,8,8100,9,15626,10,96070,41,111696,51,0,342,0,373,344,0,"Anderson",76978,114.318376679051,0.2,66.2526955753592,22.0842318584531,20
2022-05-27,22416,15,14310,9,8106,6,15635,9,96116,46,111751,55,0,342,0,373,344,0,"Anderson",76978,118.215594065837,0.187725631768953,71.448985424407,19.4860869339292,18.7725631768953
2022-05-28,22425,9,14316,6,8109,3,15641,6,96167,51,111808,57,0,342,0,373,344,0,"Anderson",76978,122.112811452623,0.172185430463576,74.0471303489309,11.6916521603575,17.2185430463576
2022-05-29,22433,8,14318,2,8115,6,15643,2,96189,22,111832,24,0,342,0,373,344,0,"Anderson",76978,120.813738990361,0.16271186440678,31.1777390942867,10.3925796980956,16.271186440678
2022-05-30,22438,5,14319,1,8119,4,15645,2,96204,15,111849,17,0,342,0,373,344,0,"Anderson",76978,113.019304216789,0.158088235294118,22.0842318584531,6.49536231130973,15.8088235294118
2022-05-31,22453,15,14326,7,8127,8,15651,6,96231,27,111882,33,0,342,0,373,344,0,"Anderson",76978,105.224869443218,0.148550724637681,42.8693912546442,19.4860869339292,14.8550724637681
2022-06-01,22477,24,14339,13,8138,11,15668,17,96258,27,111926,44,0,342,0,373,344,0,"Anderson",76978,120.813738990361,0.185053380782918,57.1591883395256,31.1777390942867,18.5053380782918
2022-06-02,22494,17,14348,9,8146,8,15676,8,96282,24,111958,32,0,342,0,373,344,0,"Anderson",76978,120.813738990361,0.190839694656489,41.5703187923822,22.0842318584531,19.0839694656489
2022-06-03,22508,14,14356,8,8152,6,15685,9,96332,50,112017,59,0,342,0,373,344,0,"Anderson",76978,119.514666528099,0.18796992481203,76.6452752734548,18.1870144716672,18.796992481203
2022-06-04,22515,7,14361,5,8154,2,15691,6,96361,29,112052,35,0,342,0,373,344,0,"Anderson",76978,116.916521603575,0.204918032786885,45.4675361791681,9.09350723583361,20.4918032786885
2022-06-05,22525,10,14368,7,8157,3,15699,8,96378,17,112077,25,0,342,0,373,344,0,"Anderson",76978,119.514666528099,0.228571428571429,32.4768115565486,12.9907246226195,22.8571428571429
2022-06-06,22551,26,14381,13,8170,13,15712,13,96401,23,112113,36,0,342,0,373,345,1,"Anderson",76978,146.7951882356,0.253787878787879,46.76660864143,33.7758840188106,25.3787878787879
2022-06-07,22573,22,14389,8,8184,14,15720,8,96421,20,112141,28,0,342,0,373,345,0,"Anderson",76978,155.888695471433,0.266409266409266,36.3740289433345,28.5795941697628,26.6409266409266
2022-06-08,22596,23,14404,15,8192,8,15738,18,96470,49,112208,67,0,342,0,373,345,0,"Anderson",76978,154.589623009171,0.24822695035461,87.0378549715503,29.8786666320247,24.822695035461
2022-06-09,22614,18,14416,12,8198,6,15751,13,96505,35,112256,48,0,342,1,374,346,1,"Anderson",76978,155.888695471433,0.251677852348993,62.3554781885734,23.383304320715,25.1677852348993
2022-06-10,22637,23,14432,16,8205,7,15768,17,96566,61,112334,78,0,342,0,374,346,0,"Anderson",76978,167.580347631791,0.261829652996845,101.327652056432,29.8786666320247,26.1829652996845
2022-06-11,22646,9,14436,4,8210,5,15773,5,96584,18,112357,23,0,342,0,374,346,0,"Anderson",76978,170.178492556315,0.268852459016393,29.8786666320247,11.6916521603575,26.8852459016393
2022-06-12,22654,8,14438,2,8216,6,15775,2,96598,14,112373,16,0,342,0,374,346,0,"Anderson",76978,167.580347631791,0.256756756756757,20.7851593961911,10.3925796980956,25.6756756756757
2022-06-13,22671,17,14444,6,8227,11,15781,6,96622,24,112403,30,0,342,0,374,346,0,"Anderson",76978,155.888695471433,0.237931034482759,38.9721738678584,22.0842318584531,23.7931034482759
2022-06-14,22701,30,14458,14,8243,16,15797,16,96659,37,112456,53,1,343,0,374,347,1,"Anderson",76978,166.281275169529,0.244444444444444,68.8508404998831,38.9721738678584,24.4444444444444
2022-06-15,22718,17,14470,12,8248,5,15811,14,96682,23,112493,37,1,344,0,374,347,0,"Anderson",76978,158.486840395957,0.256140350877193,48.065681103692,22.0842318584531,25.6140350877193
2022-06-16,22743,25,14482,12,8261,13,15822,11,96710,28,112532,39,1,345,0,374,347,0,"Anderson",76978,167.580347631791,0.257246376811594,50.6638260282159,32.4768115565486,25.7246376811594
2022-06-17,22765,22,14494,12,8271,10,15837,15,96733,23,112570,38,0,345,0,374,348,1,"Anderson",76978,166.281275169529,0.292372881355932,49.3647535659539,28.5795941697628,29.2372881355932
2022-06-18,22776,11,14502,8,8274,3,15846,9,96756,23,112602,32,1,346,0,374,348,0,"Anderson",76978,168.879420094053,0.297959183673469,41.5703187923822,14.2897970848814,29.7959183673469
2022-06-19,22791,15,14507,5,8284,10,15851,5,96774,18,112625,23,0,346,0,374,348,0,"Anderson",76978,177.972927329886,0.301587301587302,29.8786666320247,19.4860869339292,30.1587301587302
2022-06-20,22803,12,14511,4,8292,8,15858,7,96790,16,112648,23,0,346,0,374,348,0,"Anderson",76978,171.477565018577,0.314285714285714,29.8786666320247,15.5888695471433,31.4285714285714
2022-06-21,22828,25,14520,9,8308,16,15865,7,96802,12,112667,19,0,346,0,374,348,0,"Anderson",76978,164.982202707267,0.322274881516588,24.682376782977,32.4768115565486,32.2274881516588
2022-06-22,22868,40,14550,30,8318,10,15895,30,96852,50,112747,80,0,346,0,374,348,0,"Anderson",76978,194.860869339292,0.330708661417323,103.925796980956,51.9628984904778,33.0708661417323
2022-06-23,22886,18,14561,11,8325,7,15909,14,96875,23,112784,37,0,346,0,374,349,1,"Anderson",76978,185.767362103458,0.345238095238095,48.065681103692,23.383304320715,34.5238095238095
2022-06-24,22919,33,14572,11,8347,22,15921,12,96908,33,112829,45,0,346,0,374,349,0,"Anderson",76978,200.05715918834,0.324324324324324,58.4582608017875,42.8693912546442,32.4324324324324
2022-06-25,22930,11,14575,3,8355,8,15927,6,96937,29,112864,35,0,346,0,374,349,0,"Anderson",76978,200.05715918834,0.309160305343511,45.4675361791681,14.2897970848814,30.9160305343511
2022-06-26,22940,10,14581,6,8359,4,15932,5,96963,26,112895,31,0,346,0,374,349,0,"Anderson",76978,193.56179687703,0.3,40.2712463301203,12.9907246226195,30
2022-06-27,22961,21,14592,11,8369,10,15943,11,96979,16,112922,27,1,347,0,374,349,0,"Anderson",76978,205.253449037387,0.31021897810219,35.0749564810725,27.2805217075008,31.021897810219
2022-06-28,22991,30,14608,16,8383,14,15959,16,97008,29,112967,45,1,348,0,374,349,0,"Anderson",76978,211.748811348697,0.313333333333333,58.4582608017875,38.9721738678584,31.3333333333333
2022-06-29,23012,21,14617,9,8395,12,15970,11,97050,42,113020,53,1,349,0,374,349,0,"Anderson",76978,187.06643456572,0.274725274725275,68.8508404998831,27.2805217075008,27.4725274725275
2022-06-30,23045,33,14628,11,8417,22,15982,12,97095,45,113077,57,0,349,0,374,349,0,"Anderson",76978,206.552521499649,0.249146757679181,74.0471303489309,42.8693912546442,24.9146757679181
2022-07-01,23066,21,14639,11,8427,10,15994,12,97135,40,113129,52,0,349,0,374,349,0,"Anderson",76978,190.963651952506,0.243333333333333,67.5517680376211,27.2805217075008,24.3333333333333
2022-07-02,23094,28,14653,14,8441,14,16009,15,97155,20,113164,35,0,349,0,374,349,0,"Anderson",76978,213.047883810959,0.273333333333333,45.4675361791681,36.3740289433345,27.3333333333333
2022-07-03,23105,11,14659,6,8446,5,16015,6,97172,17,113187,23,0,349,0,374,349,0,"Anderson",76978,214.346956273221,0.284246575342466,29.8786666320247,14.2897970848814,28.4246575342466
2022-07-04,23121,16,14664,5,8457,11,16020,5,97180,8,113200,13,0,349,0,374,350,1,"Anderson",76978,207.851593961911,0.276978417266187,16.8879420094053,20.7851593961911,27.6978417266187
2022-07-05,23142,21,14674,10,8468,11,16031,11,97205,25,113236,36,0,349,0,374,351,1,"Anderson",76978,196.159941801554,0.267657992565056,46.76660864143,27.2805217075008,26.7657992565056
2022-07-06,23156,14,14680,6,8476,8,16038,7,97234,29,113272,36,0,349,0,374,351,0,"Anderson",76978,187.06643456572,0.26984126984127,46.76660864143,18.1870144716672,26.984126984127
2022-07-07,23188,32,14695,15,8493,17,16053,15,97260,26,113313,41,0,349,0,374,351,0,"Anderson",76978,185.767362103458,0.300847457627119,53.2619709527397,41.5703187923822,30.0847457627119
2022-07-08,23222,34,14706,11,8516,23,16063,10,97287,27,113350,37,0,349,0,374,351,0,"Anderson",76978,202.655304112863,0.312217194570136,48.065681103692,44.1684637169061,31.2217194570136
2022-07-09,23250,28,14711,5,8539,23,16068,5,97301,14,113369,19,0,349,0,374,351,0,"Anderson",76978,202.655304112863,0.28780487804878,24.682376782977,36.3740289433345,28.780487804878
2022-07-10,23269,19,14715,4,8554,15,16071,3,97307,6,113378,9,0,349,0,374,351,0,"Anderson",76978,213.047883810959,0.293193717277487,11.6916521603575,24.682376782977,29.3193717277487
2022-07-11,23292,23,14725,10,8567,13,16084,13,97345,38,113429,51,0,349,0,374,351,0,"Anderson",76978,222.141391046793,0.279475982532751,66.2526955753592,29.8786666320247,27.9475982532751
2022-07-12,23337,45,14743,18,8594,27,16103,19,97380,35,113483,54,0,349,0,374,351,0,"Anderson",76978,253.319130141079,0.291497975708502,70.149912962145,58.4582608017875,29.1497975708502
2022-07-13,23374,37,14761,18,8613,19,16122,19,97427,47,113549,66,0,349,0,374,352,1,"Anderson",76978,283.197796773104,0.303249097472924,85.7387825092884,48.065681103692,30.3249097472924
2022-07-14,23415,41,14771,10,8644,31,16134,12,97449,22,113583,34,0,349,0,374,352,0,"Anderson",76978,294.889448933461,0.3,44.1684637169061,53.2619709527397,30
2022-07-15,23447,32,14785,14,8662,18,16150,16,97476,27,113626,43,0,349,0,374,352,0,"Anderson",76978,292.291304008938,0.315217391304348,55.8601158772636,41.5703187923822,31.5217391304348
2022-07-16,23469,22,14792,7,8677,15,16157,7,97485,9,113642,16,0,349,0,374,352,0,"Anderson",76978,284.496869235366,0.326007326007326,20.7851593961911,28.5795941697628,32.6007326007326
2022-07-17,23479,10,14796,4,8683,6,16160,3,97497,12,113657,15,0,349,0,374,352,0,"Anderson",76978,272.805217075008,0.318996415770609,19.4860869339292,12.9907246226195,31.8996415770609
2022-07-18,23526,47,14816,20,8710,27,16181,21,97547,50,113728,71,0,349,0,374,352,0,"Anderson",76978,303.982956169295,0.324414715719064,92.2341448205981,61.0564057263114,32.4414715719064
2022-07-19,23574,48,14837,21,8737,27,16205,24,97563,16,113768,40,3,352,0,374,352,0,"Anderson",76978,307.880173556081,0.357894736842105,51.9628984904778,62.3554781885734,35.7894736842105
2022-07-20,23610,36,14852,15,8758,21,16221,16,97594,31,113815,47,0,352,0,374,352,0,"Anderson",76978,306.581101093819,0.37218045112782,61.0564057263114,46.76660864143,37.218045112782
2022-07-21,23653,43,14881,29,8772,14,16251,30,97646,52,113897,82,0,352,0,374,352,0,"Anderson",76978,309.179246018343,0.372611464968153,106.523941905479,55.8601158772636,37.2611464968153
2022-07-22,23690,37,14895,14,8795,23,16266,15,97681,35,113947,50,0,352,0,374,352,0,"Anderson",76978,315.674608329653,0.361370716510903,64.9536231130973,48.065681103692,36.1370716510903
2022-07-23,23700,10,14898,3,8802,7,16270,4,97692,11,113962,15,0,352,0,374,352,0,"Anderson",76978,300.085738782509,0.353125,19.4860869339292,12.9907246226195,35.3125
2020-03-12,1,1,1,1,0,0,1,1,11,11,12,12,0,0,0,0,0,0,"East TN",2455501,NA,NA,0.488698640318208,0.040724886693184,NA
2020-03-13,1,0,1,0,0,0,1,0,23,12,24,12,0,0,0,0,0,0,"East TN",2455501,NA,NA,0.488698640318208,0,NA
2020-03-14,3,2,3,2,0,0,3,2,50,27,53,29,0,0,0,0,0,0,"East TN",2455501,NA,NA,1.18102171410234,0.081449773386368,NA
2020-03-15,3,0,3,0,0,0,3,0,53,3,56,3,0,0,0,0,0,0,"East TN",2455501,NA,NA,0.122174660079552,0,NA
2020-03-16,5,2,5,2,0,0,5,2,89,36,94,38,0,0,0,0,0,0,"East TN",2455501,NA,NA,1.54754569434099,0.081449773386368,NA
2020-03-17,6,1,6,1,0,0,5,0,130,41,135,41,0,0,0,0,0,0,"East TN",2455501,NA,NA,1.66972035442054,0.040724886693184,NA
2020-03-18,8,2,8,2,0,0,7,2,171,41,178,43,0,0,0,0,0,0,"East TN",2455501,0.325799093545472,0.0393258426966292,1.75117012780691,0.081449773386368,3.93258426966292
2020-03-19,11,3,11,3,0,0,11,4,238,67,249,71,0,0,0,0,0,0,"East TN",2455501,0.40724886693184,0.0421940928270042,2.89146695521606,0.122174660079552,4.21940928270042
2020-03-20,29,18,29,18,0,0,27,16,382,144,409,160,0,0,2,2,0,0,"East TN",2455501,1.14029682740915,0.0675324675324675,6.51598187090944,0.733047960477312,6.75324675324675
2020-03-21,38,9,38,9,0,0,38,11,610,228,648,239,0,0,1,3,1,1,"East TN",2455501,1.42537103426144,0.0588235294117647,9.73324791967098,0.366523980238656,5.88235294117647
2020-03-22,48,10,47,9,1,1,43,5,713,103,756,108,0,0,4,7,2,1,"East TN",2455501,1.83261990119328,0.0571428571428571,4.39828776286387,0.40724886693184,5.71428571428571
2020-03-23,64,16,63,16,1,0,56,13,846,133,902,146,0,0,4,11,2,0,"East TN",2455501,2.40276831489786,0.0631188118811881,5.94583345720486,0.651598187090944,6.31188118811881
2020-03-24,83,19,82,19,1,0,70,14,987,141,1057,155,0,0,5,16,2,0,"East TN",2455501,3.13581627537517,0.0704989154013015,6.31235743744352,0.773772847170496,7.04989154013015
2020-03-25,116,33,115,33,1,0,99,29,1288,301,1387,330,0,0,12,28,3,1,"East TN",2455501,4.39828776286387,0.076095947063689,13.4392126087507,1.34392126087507,7.6095947063689
2020-03-26,144,28,143,28,1,0,130,31,1774,486,1904,517,0,0,5,33,4,1,"East TN",2455501,5.41640993019347,0.0719033232628399,21.0547664203761,1.14029682740915,7.19033232628399
2020-03-27,166,22,165,22,1,0,147,17,2171,397,2318,414,0,0,6,39,4,0,"East TN",2455501,5.57930947696621,0.0628601361969618,16.8601030909782,0.895947507250048,6.28601361969618
2020-03-28,197,31,196,31,1,0,180,33,2608,437,2788,470,0,0,8,47,4,0,"East TN",2455501,6.47525698421626,0.0663551401869159,19.1406967457965,1.2624714874887,6.63551401869159
2020-03-29,213,16,212,16,1,0,196,16,2795,187,2991,203,0,0,3,50,7,3,"East TN",2455501,6.71960630437536,0.0684563758389262,8.26715199871635,0.651598187090944,6.84563758389262
2020-03-30,246,33,245,33,1,0,226,30,3345,550,3571,580,0,0,8,58,9,2,"East TN",2455501,7.41192937815949,0.0636942675159236,23.6204342820467,1.34392126087507,6.36942675159236
2020-03-31,295,49,294,49,1,0,278,52,3645,300,3923,352,0,0,12,70,10,1,"East TN",2455501,8.63367597895501,0.0725750174459177,14.3351601160008,1.99551944796602,7.25750174459177
2020-04-01,346,51,345,51,1,0,336,58,4243,598,4579,656,0,0,9,79,12,2,"East TN",2455501,9.36672393943232,0.0742481203007519,26.7155256707287,2.07696922135238,7.42481203007519
2020-04-02,391,45,390,45,1,0,383,47,4839,596,5222,643,2,7,5,84,14,2,"East TN",2455501,10.0590470132164,0.0762507534659433,26.1861021437173,1.83261990119328,7.62507534659433
2020-04-03,412,21,411,21,1,0,401,18,5124,285,5525,303,1,8,2,86,17,3,"East TN",2455501,10.0183221265233,0.0792017461802308,12.3396406680348,0.855222620556864,7.92017461802307
2020-04-04,447,35,446,35,1,0,431,30,5716,592,6147,622,3,11,5,91,19,2,"East TN",2455501,10.181221673296,0.0747246204227449,25.3308795231604,1.42537103426144,7.47246204227449
2020-04-05,473,26,472,26,1,0,464,33,6093,377,6557,410,-1,10,2,93,20,1,"East TN",2455501,10.5884705402278,0.0751542344363432,16.6972035442054,1.05884705402278,7.51542344363432
2020-04-06,514,41,513,41,1,0,514,50,6626,533,7140,583,8,18,5,98,20,0,"East TN",2455501,10.9142696337733,0.080694872513309,23.7426089421263,1.66972035442054,8.0694872513309
2020-04-07,570,56,569,56,1,0,592,78,7755,1129,8347,1207,0,18,7,105,21,1,"East TN",2455501,11.1993438406256,0.0709764918625678,49.1549382386731,2.2805936548183,7.09764918625678
2020-04-08,607,37,606,37,1,0,632,40,8162,407,8794,447,1,19,8,113,25,4,"East TN",2455501,10.629195426921,0.0702253855278766,18.2040243518532,1.50682080764781,7.02253855278766
2020-04-09,633,26,632,26,1,0,662,30,8613,451,9275,481,3,22,2,115,25,0,"East TN",2455501,9.85542257975053,0.0688378978534419,19.5886704994215,1.05884705402278,6.88378978534419
2020-04-10,655,22,654,22,1,0,682,20,8941,328,9623,348,0,22,4,119,25,0,"East TN",2455501,9.89614746644371,0.0685700341630063,14.172260569228,0.895947507250048,6.85700341630063
2020-04-11,679,24,678,24,1,0,728,46,10022,1081,10750,1127,2,24,5,124,27,2,"East TN",2455501,9.44817371281869,0.0645231370845101,45.8969473032184,0.977397280636416,6.45231370845101
2020-04-12,709,30,708,30,1,0,761,33,11472,1450,12233,1483,0,24,1,125,28,1,"East TN",2455501,9.61107325959142,0.0523255813953488,60.3950069659919,1.22174660079552,5.23255813953488
2020-04-13,738,29,737,29,1,0,803,42,12435,963,13238,1005,0,24,7,132,32,4,"East TN",2455501,9.12237461927321,0.0473925877336832,40.9285111266499,1.18102171410234,4.73925877336832
2020-04-14,749,11,748,11,1,0,823,20,12720,285,13543,305,4,28,1,133,33,1,"East TN",2455501,7.28975471807994,0.0444572748267898,12.4210904414211,0.447973753625024,4.44572748267898
2020-04-15,773,24,772,24,1,0,850,27,13132,412,13982,439,2,30,4,137,34,1,"East TN",2455501,6.76033119106854,0.0420200462606014,17.8782252583078,0.977397280636416,4.20200462606014
2020-04-16,801,28,800,28,1,0,886,36,13808,676,14694,712,1,31,6,143,34,0,"East TN",2455501,6.84178096445491,0.0413360398597527,28.996119325547,1.14029682740915,4.13360398597527
2020-04-17,823,22,821,21,2,1,916,30,14137,329,15053,359,0,31,4,147,35,1,"East TN",2455501,6.84178096445491,0.0430939226519337,14.6202343228531,0.895947507250048,4.30939226519337
2020-04-18,835,12,833,12,2,0,935,19,14918,781,15853,800,0,31,0,147,35,0,"East TN",2455501,6.3530823241367,0.0405643738977072,32.5799093545472,0.488698640318208,4.05643738977072
2020-04-19,914,79,912,79,2,0,1016,81,15604,686,16620,767,1,32,1,148,35,0,"East TN",2455501,8.34860177210272,0.0581262821974014,31.2359880936721,3.21726604876154,5.81262821974014
2020-04-20,939,25,931,19,8,6,1033,17,16567,963,17600,980,0,32,2,150,35,0,"East TN",2455501,8.18570222532998,0.0527281063732233,39.9103889593203,1.0181221673296,5.27281063732233
2020-04-21,1045,106,1037,106,8,0,1154,121,19273,2706,20427,2827,0,32,6,156,36,1,"East TN",2455501,12.0545664611825,0.0480825101685067,115.129254681631,4.3168379894775,4.80825101685067
2020-04-22,1247,202,1237,200,10,2,1354,200,21825,2552,23179,2752,2,34,2,158,36,0,"East TN",2455501,19.3035962925692,0.0548004784168751,112.074888179642,8.22642711202317,5.48004784168751
2020-04-23,1492,245,1480,243,12,2,1601,247,22932,1107,24533,1354,0,34,3,161,36,0,"East TN",2455501,28.1408967049901,0.0726699867872751,55.1414965825711,9.97759723983008,7.26699867872751
2020-04-24,1540,48,1527,47,13,1,1655,54,25621,2689,27276,2743,0,34,4,165,36,0,"East TN",2455501,29.1997437590129,0.0604597889225231,111.708364199404,1.95479456127283,6.04597889225231
2020-04-25,1563,23,1546,19,17,4,1674,19,26396,775,28070,794,0,34,3,168,37,1,"East TN",2455501,29.647717512638,0.0604894818695261,32.3355600343881,0.936672393943232,6.04894818695261
2020-04-26,1583,20,1565,19,18,1,1700,26,27513,1117,29213,1143,0,34,0,168,37,0,"East TN",2455501,27.2449491977401,0.0543158897800365,46.5485454903093,0.81449773386368,5.43158897800365
2020-04-27,1652,69,1633,68,19,1,1772,72,28428,915,30200,987,0,34,8,176,38,1,"East TN",2455501,29.0368442122402,0.0586507936507936,40.1954631661726,2.8100171818297,5.86507936507936
2020-04-28,1689,37,1667,34,22,3,1812,40,30602,2174,32414,2214,2,36,1,177,39,1,"East TN",2455501,26.2268270304105,0.0548928005339117,90.1648991387094,1.50682080764781,5.48928005339117
2020-04-29,1752,63,1729,62,23,1,1878,66,33345,2743,35223,2809,1,37,6,183,40,1,"East TN",2455501,20.5660677800579,0.0435071404848887,114.396206721154,2.56566786167059,4.35071404848887
2020-04-30,1774,22,1750,21,24,1,1900,22,33894,549,35794,571,0,37,1,184,40,0,"East TN",2455501,11.4844180474779,0.0265518160021312,23.2539103018081,0.895947507250048,2.65518160021312
2020-05-01,1814,40,1786,36,28,4,1929,29,35556,1662,37485,1691,0,37,0,184,40,0,"East TN",2455501,11.1586189539324,0.0268390635713586,68.8657833981741,1.62899546772736,2.68390635713586
2020-05-02,1835,21,1807,21,28,0,1966,37,37433,1877,39399,1914,0,37,3,187,40,0,"East TN",2455501,11.077169180546,0.0257745608615059,77.9474331307542,0.855222620556864,2.57745608615059
2020-05-03,1873,38,1840,33,33,5,2003,37,39553,2120,41556,2157,0,37,3,190,42,2,"East TN",2455501,11.8102171410234,0.0245483269869562,87.8435805971979,1.54754569434099,2.45483269869562
2020-05-04,1920,47,1884,44,36,3,2060,57,41499,1946,43559,2003,0,37,1,191,42,0,"East TN",2455501,10.9142696337733,0.0215584998877161,81.5719480464475,1.91406967457965,2.15584998877161
2020-05-05,1948,28,1911,27,37,1,2092,32,44409,2910,46501,2942,2,39,1,192,42,0,"East TN",2455501,10.5477456535347,0.0198764818627103,119.812616651347,1.14029682740915,1.98764818627103
2020-05-06,1985,37,1948,37,37,0,2135,43,45453,1044,47588,1087,1,40,0,192,42,0,"East TN",2455501,9.48889859951187,0.0207844723008492,44.267951835491,1.50682080764781,2.07844723008492
2020-05-07,2028,43,1989,41,39,2,2183,48,46845,1392,49028,1440,0,40,4,196,46,4,"East TN",2455501,10.3441212200687,0.0213843131328397,58.643836838185,1.75117012780691,2.13843131328397
2020-05-08,2047,19,2008,19,39,0,2219,36,48515,1670,50734,1706,1,41,0,196,47,1,"East TN",2455501,9.48889859951187,0.0218884444108989,69.4766566985719,0.773772847170496,2.18884444108989
2020-05-09,2063,16,2022,14,41,2,2237,18,51333,2818,53570,2836,0,41,1,197,48,1,"East TN",2455501,9.28527416604595,0.0191235622045022,115.49577866187,0.651598187090944,1.91235622045022
2020-05-10,2079,16,2037,15,42,1,2256,19,53897,2564,56153,2583,1,42,3,200,48,0,"East TN",2455501,8.3893266587959,0.0173323285606631,105.192382328494,0.651598187090944,1.73323285606631
2020-05-11,2140,61,2097,60,43,1,2307,51,55468,1571,57775,1622,3,45,5,205,50,2,"East TN",2455501,8.95947507250048,0.0173747889701744,66.0557662163444,2.48421808828422,1.73747889701745
2020-05-12,2193,53,2150,53,43,0,2373,66,59022,3554,61395,3620,3,48,3,208,50,0,"East TN",2455501,9.97759723983008,0.0188666577145159,147.424089829326,2.15841899473875,1.88666577145159
2020-05-13,2247,54,2201,51,46,3,2425,52,60647,1625,63072,1677,0,48,7,215,52,2,"East TN",2455501,10.6699203136142,0.0187290105915784,68.2956349844696,2.19914388143194,1.87290105915784
2020-05-14,2278,31,2232,31,46,0,2470,45,62356,1709,64826,1754,1,49,2,217,53,1,"East TN",2455501,10.181221673296,0.018166856564122,71.4314512598447,1.2624714874887,1.8166856564122
2020-05-15,2306,28,2260,28,46,0,2507,37,64675,2319,67182,2356,1,50,4,221,53,0,"East TN",2455501,10.5477456535347,0.0175097276264591,95.9478330491415,1.14029682740915,1.75097276264591
2020-05-16,2316,10,2270,10,46,0,2525,18,67443,2768,69968,2786,1,51,1,222,53,0,"East TN",2455501,10.3033963333756,0.017563117453348,113.459534327211,0.40724886693184,1.7563117453348
2020-05-17,2396,80,2350,80,46,0,2604,79,69670,2227,72274,2306,0,51,4,226,55,2,"East TN",2455501,12.9097890817393,0.0215867502016004,93.9115887144823,3.25799093545472,2.15867502016004
2020-05-18,2445,49,2398,48,47,1,2665,61,71548,1878,74213,1939,0,51,3,229,55,0,"East TN",2455501,12.4210904414211,0.0217788052074462,78.9655552980838,1.99551944796602,2.17788052074462
2020-05-19,2486,41,2438,40,48,1,2705,40,72672,1124,75377,1164,1,52,3,232,55,0,"East TN",2455501,11.9323918011029,0.0237448147618366,47.4037681108662,1.66972035442054,2.37448147618366
2020-05-20,2528,42,2480,42,48,0,2750,45,74412,1740,77162,1785,0,52,3,235,55,0,"East TN",2455501,11.4436931607847,0.0230660042583392,72.6939227473334,1.71044524111373,2.30660042583392
2020-05-21,2769,241,2720,240,49,1,2988,238,75874,1462,78862,1700,0,52,4,239,56,1,"East TN",2455501,19.9959193663533,0.0369051011684241,69.2323073784128,9.81469769305734,3.69051011684241
2020-05-22,2860,91,2808,88,52,3,3066,78,77398,1524,80464,1602,0,52,7,246,56,0,"East TN",2455501,22.5615872280239,0.0420870350850776,65.2412684824808,3.70596468907974,4.20870350850775
2020-05-23,2926,66,2870,62,56,4,3157,91,79612,2214,82769,2305,2,54,7,253,57,1,"East TN",2455501,24.8421808828422,0.0493711428794625,93.8708638277891,2.68784252175014,4.93711428794625
2020-05-24,2978,52,2922,52,56,0,3227,70,81732,2120,84959,2190,0,54,0,253,58,1,"East TN",2455501,23.7018840554331,0.0491131257390619,89.187501858073,2.11769410804557,4.91131257390619
2020-05-25,3062,84,3005,83,57,1,3321,94,84382,2650,87703,2744,1,55,2,255,58,0,"East TN",2455501,25.1272550896945,0.0486286137879911,111.749089086097,3.42089048222746,4.86286137879911
2020-05-26,3123,61,3057,52,66,9,3377,56,86768,2386,90145,2442,1,56,3,258,58,0,"East TN",2455501,25.9417528235582,0.0455037919826652,99.4501733047553,2.48421808828422,4.55037919826652
2020-05-27,3199,76,3130,73,69,3,3444,67,88635,1867,92079,1934,0,56,9,267,58,0,"East TN",2455501,27.3263989711265,0.0465241000201113,78.7619308646179,3.09509138868198,4.65241000201113
2020-05-28,3273,74,3204,74,69,0,3511,67,90034,1399,93545,1466,0,56,1,268,58,0,"East TN",2455501,20.5253428933647,0.0356194238234693,59.7026838922077,3.01364161529562,3.56194238234693
2020-05-29,3348,75,3278,74,70,1,3594,83,91312,1278,94906,1361,0,56,4,272,58,0,"East TN",2455501,19.8737447062738,0.0365600332363939,55.4265707894234,3.0543665019888,3.65600332363939
2020-05-30,3421,73,3350,72,71,1,3675,81,93557,2245,97232,2326,0,56,5,277,59,1,"East TN",2455501,20.1588189131261,0.0358155292816152,94.726086448346,2.97291672860243,3.58155292816152
2020-05-31,3533,112,3460,110,73,2,3769,94,96340,2783,100109,2877,0,56,1,278,60,1,"East TN",2455501,22.6023121147171,0.0357755775577558,117.16549901629,4.56118730963661,3.57755775577558
2020-06-01,3629,96,3553,93,76,3,3902,133,100171,3831,104073,3964,0,56,5,283,60,0,"East TN",2455501,23.0910107550353,0.0354917532070861,161.433450851781,3.90958912254566,3.54917532070861
2020-06-02,3736,107,3658,105,78,2,4017,115,104230,4059,108247,4174,1,57,3,286,64,4,"East TN",2455501,24.9643555429218,0.0353552093691305,169.98567705735,4.35756287617069,3.53552093691305
2020-06-03,3786,50,3708,50,78,0,4067,50,106161,1931,110228,1981,0,57,4,290,65,1,"East TN",2455501,23.905508488899,0.0343269601630944,80.6760005391975,2.0362443346592,3.43269601630944
2020-06-04,3837,51,3757,49,80,2,4128,61,107708,1547,111836,1608,6,63,5,295,66,1,"East TN",2455501,22.9688360949558,0.0337324367175113,65.4856178026399,2.07696922135238,3.37324367175113
2020-06-05,3936,99,3852,95,84,4,4210,82,109864,2156,114074,2238,1,64,4,299,67,1,"East TN",2455501,23.9462333755922,0.0321368948247078,91.1422964193458,4.03176378262522,3.21368948247079
2020-06-06,3989,53,3902,50,87,3,4285,75,112967,3103,117252,3178,1,65,4,303,67,0,"East TN",2455501,23.1317356417285,0.0304695304695305,129.423689910939,2.15841899473875,3.04695304695305
2020-06-07,4047,58,3958,56,89,2,4366,81,116924,3957,121290,4038,0,65,6,309,68,1,"East TN",2455501,20.9325917602966,0.0281856380718569,164.447092467077,2.36204342820467,2.81856380718569
2020-06-08,4207,160,4114,156,93,4,4523,157,119875,2951,124398,3108,0,65,6,315,68,0,"East TN",2455501,23.5389845086604,0.0305535055350553,126.572947842416,6.51598187090944,3.05535055350553
2020-06-09,4315,108,4221,107,94,1,4641,118,122202,2327,126843,2445,1,66,7,322,69,1,"East TN",2455501,23.5797093953535,0.0335556033555603,99.5723479648349,4.39828776286387,3.35556033555603
2020-06-10,4392,77,4295,74,97,3,4715,74,125038,2836,129753,2910,0,66,6,328,69,0,"East TN",2455501,24.6792813360695,0.0331882202304737,118.509420277165,3.13581627537517,3.31882202304738
2020-06-11,4656,264,4557,262,99,2,4995,280,127329,2291,132324,2571,1,67,8,336,69,0,"East TN",2455501,33.3536822017177,0.0423174541194846,104.703683688176,10.7513700870006,4.23174541194846
2020-06-12,4827,171,4727,170,100,1,5167,172,129955,2626,135122,2798,2,69,3,339,70,1,"East TN",2455501,36.2858740436269,0.0454675028506271,113.948232967529,6.96395562453446,4.54675028506271
2020-06-13,4975,148,4871,144,104,4,5335,168,132146,2191,137481,2359,0,69,4,343,71,1,"East TN",2455501,40.1547382794794,0.0519056799644075,96.0700077092211,6.02728323059123,5.19056799644075
2020-06-14,5091,116,4986,115,105,1,5470,135,136014,3868,141484,4003,0,69,4,347,72,1,"East TN",2455501,42.5167817076841,0.0546697038724374,163.021721432816,4.72408685640934,5.46697038724374
2020-06-15,5273,182,5157,171,116,11,5649,179,139187,3173,144836,3352,0,69,9,356,77,5,"East TN",2455501,43.4127292149341,0.0550934533711713,136.509820195553,7.41192937815949,5.50934533711713
2020-06-16,5427,154,5309,152,118,2,5807,158,140986,1799,146793,1957,3,72,4,360,80,3,"East TN",2455501,45.2860740028206,0.0584461152882206,79.6986032585611,6.27163255075034,5.84461152882206
2020-06-17,5560,133,5439,130,121,3,5929,122,142426,1440,148355,1562,3,75,6,366,82,2,"East TN",2455501,47.5666676576389,0.0652617998064724,63.6122730147534,5.41640993019347,6.52617998064724
2020-06-18,5738,178,5616,177,122,1,6135,206,146017,3591,152152,3797,1,76,12,378,82,0,"East TN",2455501,44.0643274020251,0.0574944522896913,154.63239477402,7.24902983138675,5.74944522896913
2020-06-19,5873,135,5747,131,126,4,6253,118,147480,1463,153733,1581,4,80,13,391,83,1,"East TN",2455501,42.5982314810705,0.058352587179625,64.3860458619239,5.49785970357984,5.8352587179625
2020-06-20,5939,66,5812,65,127,1,6348,95,149655,2175,156003,2270,0,80,7,398,83,0,"East TN",2455501,39.2587907722294,0.0546917179570241,92.4454927935277,2.68784252175014,5.46917179570241
2020-06-21,6027,88,5899,87,128,1,6467,119,153005,3350,159472,3469,1,81,3,401,86,3,"East TN",2455501,38.1184939448202,0.0554258394485212,141.274631938655,3.58379002900019,5.54258394485212
2020-06-22,6223,196,6088,189,135,7,6665,198,156416,3411,163081,3609,1,82,7,408,87,1,"East TN",2455501,38.6886423585248,0.0556864894491642,146.976116075701,7.98207779186406,5.56864894491642
2020-06-23,6413,190,6272,184,141,6,6849,184,158220,1804,165069,1988,4,86,15,423,87,0,"East TN",2455501,40.1547382794794,0.0570146640402714,80.9610747460498,7.73772847170496,5.70146640402714
2020-06-24,6591,178,6448,176,143,2,7032,183,159851,1631,166883,1814,2,88,9,432,87,0,"East TN",2455501,41.9873581806727,0.0595315198618307,73.8749444614358,7.24902983138675,5.95315198618307
2020-06-25,6760,169,6608,160,152,9,7216,184,163024,3173,170240,3357,0,88,8,440,87,0,"East TN",2455501,41.620834200434,0.0597633790358249,136.713444629019,6.8825058511481,5.97633790358249
2020-06-26,6974,214,6812,204,162,10,7388,172,164612,1588,172000,1760,1,89,16,456,87,0,"East TN",2455501,44.8381002491956,0.0621339026660097,71.6758005800038,8.71512575234138,6.21339026660097
2020-06-27,7048,74,6881,69,167,5,7434,46,164821,209,172255,255,-1,88,5,461,89,2,"East TN",2455501,45.1638993427411,0.0668225449175486,10.3848461067619,3.01364161529562,6.68225449175486
2020-06-28,7175,127,7006,125,169,2,7605,171,167908,3087,175513,3258,0,88,5,466,90,1,"East TN",2455501,46.7521699237752,0.0709432080294246,132.681680846393,5.17206061003437,7.09432080294246
2020-06-29,7518,343,7347,341,171,2,7945,340,173175,5267,181120,5607,1,89,22,488,91,1,"East TN",2455501,52.7387282676733,0.0709573701424691,228.344439688683,13.9686361357621,7.09573701424691
2020-06-30,7788,270,7613,266,175,4,8393,448,179461,6286,187854,6734,0,89,22,510,92,1,"East TN",2455501,55.996719203128,0.0677638797454466,274.241386991901,10.9957194071597,6.77638797454466
2020-07-01,8063,275,7885,272,178,3,8727,334,182665,3204,191392,3538,0,89,17,527,95,3,"East TN",2455501,59.9470332123668,0.0691582683912032,144.084649120485,11.1993438406256,6.91582683912032
2020-07-02,8543,480,8360,475,183,5,9333,606,189047,6382,198380,6988,2,91,25,552,98,3,"East TN",2455501,72.6124729739471,0.0752309879175551,284.58550821197,19.5479456127283,7.52309879175551
2020-07-03,8769,226,8580,220,189,6,9561,228,192402,3355,201963,3583,5,96,14,566,99,1,"East TN",2455501,73.1011716142653,0.0725227780929813,145.917269021678,9.20382439265958,7.25227780929813
2020-07-04,8989,220,8798,218,191,2,9841,280,197166,4764,207007,5044,2,98,15,581,105,6,"East TN",2455501,79.0470050714701,0.0692622007366483,205.41632848042,8.95947507250048,6.92622007366483
2020-07-05,9309,320,9117,319,192,1,10209,368,201011,3845,211220,4213,2,100,12,593,108,3,"East TN",2455501,86.9069082032546,0.0729268770829249,171.573947638384,13.0319637418189,7.29268770829249
2020-07-06,9543,234,9340,223,203,11,10419,210,202641,1630,213060,1840,4,104,26,619,108,0,"East TN",2455501,82.4678955536976,0.0774577332498435,74.9337915154586,9.52962348620506,7.74577332498435
2020-07-07,9991,448,9779,439,212,9,10985,566,208917,6276,219902,6842,0,104,32,651,109,1,"East TN",2455501,89.7169253850844,0.0808786819770344,278.639674754765,18.2447492385464,8.08786819770345
2020-07-08,10372,381,10150,371,222,10,11419,434,213085,4168,224504,4602,1,105,20,671,109,0,"East TN",2455501,94.0337633745619,0.0812998308770234,187.415928562033,15.5161818301031,8.12998308770234
2020-07-09,10821,449,10585,435,236,14,11891,472,219034,5949,230925,6421,1,106,24,695,113,4,"East TN",2455501,92.7712918870731,0.0785988631126133,261.494497456934,18.2854741252396,7.85988631126133
2020-07-10,11288,467,11040,455,248,12,12344,453,222318,3284,234662,3737,0,106,29,724,115,2,"East TN",2455501,102.58598958013,0.0851096363803174,152.188901572429,19.0185220857169,8.51096363803175
2020-07-11,11594,306,11339,299,255,7,12766,422,226796,4478,239562,4900,5,111,23,747,120,5,"East TN",2455501,106.088329835744,0.0898479496237137,199.551944796602,12.4618153281143,8.98479496237137
2020-07-12,12064,470,11801,462,263,8,13399,633,232725,5929,246124,6562,1,112,25,772,125,5,"East TN",2455501,112.197062839722,0.0913935365574146,267.236706480673,19.1406967457965,9.13935365574146
2020-07-13,12418,354,12142,341,276,13,13742,343,236158,3433,249900,3776,3,115,20,792,129,4,"East TN",2455501,117.084049242904,0.0902008686210641,153.777172153463,14.4166098893871,9.02008686210641
2020-07-14,12933,515,12652,510,281,5,14326,584,240646,4488,254972,5072,4,119,34,826,133,4,"East TN",2455501,119.812616651347,0.0952666096378671,206.556625307829,20.9733166469898,9.52666096378671
2020-07-15,13313,380,13026,374,287,6,14709,383,243742,3096,258451,3479,6,125,24,850,140,7,"East TN",2455501,119.771891764654,0.0969157804813386,141.681880805587,15.4754569434099,9.69157804813386
2020-07-16,14140,827,13838,812,302,15,15806,1097,253573,9831,269379,10928,6,131,44,894,142,2,"East TN",2455501,135.165898934678,0.101809954751131,445.041561783115,33.6794812952632,10.1809954751131
2020-07-17,14608,468,14292,454,316,14,16317,511,257892,4319,274209,4830,3,134,24,918,147,5,"East TN",2455501,135.206623821371,0.100462740536577,196.701202728079,19.0592469724101,10.0462740536577
2020-07-18,15117,509,14786,494,331,15,16985,668,265980,8088,282965,8756,6,140,27,945,150,3,"East TN",2455501,143.473775820087,0.097205262309057,356.587107885519,20.7289673268307,9.7205262309057
2020-07-19,15598,481,15248,462,350,19,17545,560,270832,4852,288377,5412,0,140,26,971,154,4,"East TN",2455501,143.921749573712,0.098123210186259,220.403086783512,19.5886704994215,9.8123210186259
2020-07-20,16033,435,15668,420,365,15,17956,411,273289,2457,291245,2868,2,142,29,1000,158,4,"East TN",2455501,147.22046539586,0.101922844358447,116.798975036052,17.715325711535,10.1922844358447
2020-07-21,17034,1001,16652,984,382,17,19168,1212,281667,8378,300835,9590,1,143,61,1061,161,3,"East TN",2455501,167.012760328748,0.105575300351046,390.551663387635,40.7656115798772,10.5575300351046
2020-07-22,17618,584,17220,568,398,16,19822,654,284967,3300,304789,3954,4,147,29,1090,166,5,"East TN",2455501,175.320637214157,0.11034140446286,161.02620198485,23.7833338288195,11.034140446286
2020-07-23,18412,794,17992,772,420,22,20821,999,295168,10201,315989,11200,4,151,50,1140,172,6,"East TN",2455501,173.976715953282,0.107594936708861,456.118730963661,32.3355600343881,10.7594936708861
2020-07-24,19015,603,18582,590,433,13,21505,684,300975,5807,322480,6491,2,153,34,1174,179,7,"East TN",2455501,179.474575656862,0.107476538708541,264.345239525457,24.55710667599,10.7476538708541
2020-07-25,19992,977,19547,965,445,12,22706,1201,310582,9607,333288,10808,10,163,29,1203,187,8,"East TN",2455501,198.533822629272,0.113685591081613,440.154575379933,39.7882142992408,11.3685591081613
2020-07-26,20767,775,20307,760,460,15,23603,897,318100,7518,341703,8415,1,164,21,1224,194,7,"East TN",2455501,210.506939317068,0.113603120429059,342.699921523143,31.5617871872176,11.3603120429059
2020-07-27,21412,645,20930,623,482,22,24308,705,322563,4463,346871,5168,6,170,38,1262,198,4,"East TN",2455501,219.059165522637,0.114191205551361,210.466214430375,26.2675519171037,11.4191205551361
2020-07-28,22227,815,21722,792,505,23,25280,972,330777,8214,356057,9186,7,177,50,1312,203,5,"East TN",2455501,211.484336597704,0.110680525877368,374.098809163588,33.190782654945,11.0680525877368
2020-07-29,22570,343,22054,332,516,11,25596,316,332347,1570,357943,1886,5,182,24,1336,212,9,"East TN",2455501,201.669638904647,0.108627760845844,76.807136303345,13.9686361357621,10.8627760845844
2020-07-30,23757,1187,23226,1172,531,15,26976,1380,344877,12530,371853,13910,5,187,46,1382,219,7,"East TN",2455501,217.674519375068,0.110178290133181,566.48317390219,48.3404405048094,11.0178290133181
2020-07-31,24379,622,23832,606,547,16,27630,654,348844,3967,376474,4621,6,193,27,1409,228,9,"East TN",2455501,218.448292222239,0.11343853020706,188.189701409203,25.3308795231604,11.343853020706
2020-08-01,24938,559,24374,542,564,17,28266,636,355819,6975,384085,7611,1,194,16,1425,231,3,"East TN",2455501,201.425289584488,0.109455282792291,309.957112621823,22.7652116614899,10.9455282792291
2020-08-02,25369,431,24794,420,575,11,28749,483,359614,3795,388363,4278,4,198,21,1446,236,5,"East TN",2455501,187.415928562033,0.110287183883412,174.221065273441,17.5524261647623,11.0287183883412
2020-08-03,25995,626,25402,608,593,18,29457,708,363758,4144,393215,4852,3,201,39,1485,244,8,"East TN",2455501,186.642155714862,0.111103918522355,197.597150235329,25.4937790699332,11.1103918522355
2020-08-04,26481,486,25868,466,613,20,29983,526,369128,5370,399111,5896,6,207,34,1519,253,9,"East TN",2455501,173.243667992805,0.109234914293678,240.113931943013,19.7922949328874,10.9234914293678
2020-08-05,26949,468,26328,460,621,8,30504,521,373340,4212,403844,4733,9,216,20,1539,259,6,"East TN",2455501,178.334278829453,0.106925775037581,192.75088871884,19.0592469724101,10.6925775037581
2020-08-06,27679,730,27020,692,659,38,31355,851,380409,7069,411764,7920,7,223,37,1576,265,6,"East TN",2455501,159.723005610668,0.109719125053243,322.541102610017,29.7291672860243,10.9719125053243
2020-08-07,28234,555,27561,541,673,14,31974,619,384377,3968,416351,4587,6,229,34,1610,278,13,"East TN",2455501,156.994438202224,0.108934975048273,186.805055261635,22.6023121147171,10.8934975048273
2020-08-08,28909,675,28224,663,685,12,32774,800,394454,10077,427228,10877,8,237,24,1634,289,11,"East TN",2455501,161.718525058634,0.104489720232714,442.964592561762,27.4892985178992,10.4489720232714
2020-08-09,29437,528,28740,516,697,12,33408,634,398755,4301,432163,4935,2,239,20,1654,296,7,"East TN",2455501,165.668839067873,0.106369863013699,200.977315830863,21.5027401740012,10.6369863013699
2020-08-10,29740,303,29032,292,708,11,33736,328,401044,2289,434780,2617,3,242,26,1680,300,4,"East TN",2455501,152.514700665974,0.102947191146397,106.577028476063,12.3396406680348,10.2947191146397
2020-08-11,30352,612,29627,595,725,17,34421,685,407141,6097,441562,6782,17,259,28,1708,305,5,"East TN",2455501,157.646036389315,0.104544062566253,276.196181553174,24.9236306562286,10.4544062566253
2020-08-12,30797,445,30051,424,746,21,34895,474,410889,3748,445784,4222,6,265,25,1733,310,5,"East TN",2455501,156.709363995372,0.104697186456843,171.940471618623,18.1225745784669,10.4697186456843
2020-08-13,31614,817,30855,804,759,13,36012,1117,419450,8561,455462,9678,6,271,44,1777,318,8,"East TN",2455501,160.252429137679,0.106572383175431,394.135453416635,33.2722324283313,10.6572383175431
2020-08-14,32075,461,31287,432,788,29,36546,534,424106,4656,460652,5190,4,275,18,1795,325,7,"East TN",2455501,156.42428978852,0.103203087966412,211.362161937625,18.7741727655578,10.3203087966412
2020-08-15,32725,650,31925,638,800,12,37423,877,431041,6935,468464,7812,4,279,17,1812,334,9,"East TN",2455501,155.40616762119,0.112741294014938,318.142814847153,26.4711763505696,11.2741294014938
2020-08-16,33199,474,32388,463,811,11,38016,593,436505,5464,474521,6057,2,281,10,1822,343,9,"East TN",2455501,153.207023739758,0.108787005996506,246.670638700615,19.3035962925692,10.8787005996506
2020-08-17,33472,273,32591,203,881,70,38243,227,437974,1469,476217,1696,8,289,12,1834,349,6,"East TN",2455501,151.985277138963,0.108767526606656,69.0694078316401,11.1178940672392,10.8767526606656
2020-08-18,34102,630,33156,565,946,65,39055,812,448566,10592,487621,11404,8,297,22,1856,352,3,"East TN",2455501,152.71832509944,0.100610087062246,464.42660784907,25.6566786167059,10.0610087062246
2020-08-19,34557,455,33590,434,967,21,39552,497,453349,4783,492901,5280,7,304,22,1878,359,7,"East TN",2455501,153.125573966372,0.0988390602118131,215.027401740011,18.5298234453987,9.88390602118131
2020-08-20,35333,776,34345,755,988,21,40424,872,464881,11532,505305,12404,6,310,27,1905,367,8,"East TN",2455501,151.455853611951,0.0885179463515438,505.151494542254,31.6025120739108,8.85179463515438
2020-08-21,35542,209,34542,197,1000,12,40637,213,467332,2451,507969,2664,17,327,17,1922,374,7,"East TN",2455501,141.193182165269,0.0864594120506372,108.491098150642,8.51150131887546,8.64594120506372
2020-08-22,36411,869,35399,857,1012,12,41609,972,480698,13366,522307,14338,2,329,20,1942,381,7,"East TN",2455501,150.111932351076,0.0777445536095686,583.913425406872,35.3899265363769,7.77445536095686
2020-08-23,36664,253,35641,242,1023,11,41863,254,485802,5104,527665,5358,0,329,20,1962,386,5,"East TN",2455501,141.111732391883,0.072388228210146,218.20394290208,10.3033963333756,7.2388228210146
2020-08-24,36856,192,35816,175,1040,17,42061,198,487145,1343,529206,1541,8,337,15,1977,396,10,"East TN",2455501,137.813016569735,0.072052690180981,62.7570503941965,7.81917824509133,7.2052690180981
2020-08-25,37470,614,36405,589,1065,25,42746,685,496872,9727,539618,10412,16,353,23,2000,405,9,"East TN",2455501,137.161418382644,0.0709848645114141,424.027520249432,25.005080429615,7.09848645114141
2020-08-26,37813,343,36723,318,1090,25,43129,383,500834,3962,543963,4345,6,359,11,2011,413,8,"East TN",2455501,132.600231073007,0.0700520935333516,176.949632681884,13.9686361357621,7.00520935333516
2020-08-27,38674,861,37567,844,1107,17,44105,976,511121,10287,555226,11263,8,367,29,2040,420,7,"East TN",2455501,136.061846441928,0.0737365036758078,458.684398825331,35.0641274428314,7.37365036758078
2020-08-28,39008,334,37881,314,1127,20,44443,338,513730,2609,558173,2947,12,379,10,2050,426,6,"East TN",2455501,141.152457278576,0.0758106923751096,120.016241084813,13.6021121555235,7.58106923751096
2020-08-29,39459,451,38316,435,1143,16,44971,528,520249,6519,565220,7047,8,387,16,2066,435,9,"East TN",2455501,124.129454640825,0.0783445575932701,286.988276526868,18.366923898626,7.83445575932701
2020-08-30,39722,263,38568,252,1154,11,45238,267,522130,1881,567368,2148,8,395,14,2080,438,3,"East TN",2455501,124.536703507757,0.0850061708183261,87.4770566169592,10.7106452003074,8.50061708183261
2020-08-31,40129,407,38946,378,1183,29,45688,450,525616,3486,571304,3936,2,397,17,2097,443,5,"East TN",2455501,133.292554146791,0.0861561119293078,160.293154024372,16.5750288841259,8.61561119293078
2020-09-01,40736,607,39511,565,1225,42,46362,674,531279,5663,577641,6337,6,403,28,2125,452,9,"East TN",2455501,133.007479939939,0.0951003340083634,258.073606974707,24.7200062227627,9.51003340083634
2020-09-02,41224,488,39970,459,1254,29,46815,453,536072,4793,582887,5246,7,410,22,2147,459,7,"East TN",2455501,138.912588510451,0.0946973589559141,213.642755592443,19.8737447062738,9.46973589559141
2020-09-03,41779,555,40492,522,1287,33,47462,647,544328,8256,591790,8903,6,416,22,2169,462,3,"East TN",2455501,126.450773182336,0.0918116179849032,362.573666229417,22.6023121147171,9.18116179849032
2020-09-04,42136,357,40835,343,1301,14,47810,348,547660,3332,595470,3680,7,423,11,2180,463,1,"East TN",2455501,127.38744557628,0.0902753572673405,149.867583030917,14.5387845494667,9.02753572673405
2020-09-05,43134,998,41818,983,1316,15,48900,1090,556971,9311,605871,10401,1,424,26,2206,469,6,"East TN",2455501,149.663958597451,0.0966519888809623,423.579546495807,40.6434369197976,9.66519888809623
2020-09-06,43397,263,42065,247,1332,16,49168,268,559595,2624,608763,2892,0,424,9,2215,483,14,"East TN",2455501,149.663958597451,0.0949390022949632,117.776372316688,10.7106452003074,9.49390022949632
2020-09-07,43601,204,42262,197,1339,7,49405,237,560931,1336,610336,1573,3,427,13,2228,487,4,"East TN",2455501,141.396806598735,0.0952295552367288,64.0602467683784,8.30787688540954,9.52295552367288
2020-09-08,43912,311,42551,289,1361,22,49725,320,564356,3425,614081,3745,7,434,24,2252,494,7,"East TN",2455501,129.342240137552,0.0922886937431394,152.514700665974,12.6654397615802,9.22886937431394
2020-09-09,44245,333,42867,316,1378,17,50099,374,569498,5142,619597,5516,6,440,16,2268,501,7,"East TN",2455501,123.029882700109,0.0894579133751022,224.638474999603,13.5613872688303,8.94579133751022
2020-09-10,44920,675,43505,638,1415,37,50806,707,577304,7806,628110,8513,18,458,39,2307,512,11,"East TN",2455501,127.916869103291,0.0920704845814978,346.690960419075,27.4892985178992,9.20704845814978
2020-09-11,45245,325,43807,302,1438,23,51160,354,581459,4155,632619,4509,17,475,26,2333,523,11,"East TN",2455501,126.613672729109,0.0901773937387278,183.628514099567,13.2355881752848,9.01773937387278
2020-09-12,45663,418,44207,400,1456,18,51671,511,588443,6984,640114,7495,10,485,14,2347,534,11,"East TN",2455501,102.993238447062,0.0809216482200742,305.233025765414,17.0230026377509,8.09216482200742
2020-09-13,46102,439,44626,419,1476,20,52171,500,594017,5574,646188,6074,2,487,21,2368,539,5,"East TN",2455501,110.160818505063,0.0802404809619238,247.3629617744,17.8782252583078,8.02404809619238
2020-09-14,46546,444,45055,429,1491,15,52656,485,598990,4973,651646,5458,9,496,25,2393,549,10,"East TN",2455501,119.934791311427,0.0786976519002663,222.276431571398,18.0818496917737,7.86976519002663
2020-09-15,47039,493,45511,456,1528,37,53196,540,607164,8174,660360,8714,7,503,20,2413,552,3,"East TN",2455501,127.346720689586,0.0750016206054582,354.876662644405,20.0773691397397,7.50016206054582
2020-09-16,47392,353,45821,310,1571,43,53590,394,610578,3414,664168,3808,6,509,17,2430,561,9,"East TN",2455501,128.16121842345,0.0783244710686321,155.080368527645,14.375885002694,7.83244710686321
2020-09-17,47943,551,46340,519,1603,32,54167,577,617753,7175,671920,7752,8,517,21,2451,572,11,"East TN",2455501,123.111332473495,0.0767176443734307,315.699321645562,22.4394125679444,7.67176443734307
2020-09-18,48477,534,46826,486,1651,48,54733,566,625866,8113,680599,8679,17,534,30,2481,578,6,"East TN",2455501,131.622833792371,0.074468528553564,353.451291610144,21.7470894941603,7.4468528553564
2020-09-19,48985,508,47311,485,1674,23,55306,573,634218,8352,689524,8925,3,537,30,2511,580,2,"East TN",2455501,135.288073594757,0.0735681036227484,363.469613736667,20.6882424401375,7.35681036227484
2020-09-20,49291,306,47592,281,1699,25,55635,329,639176,4958,694811,5287,1,538,13,2524,591,11,"East TN",2455501,129.871663664564,0.0712420048125373,215.312475946864,12.4618153281143,7.12420048125373
2020-09-21,49454,163,47725,133,1729,30,55787,152,640692,1516,696479,1668,3,541,9,2533,596,5,"East TN",2455501,118.427970503779,0.0698369504605982,67.9291110042309,6.63815653098899,6.98369504605982
2020-09-22,49914,460,48127,402,1787,58,56277,490,646841,6149,703118,6639,6,547,29,2562,603,7,"East TN",2455501,117.084049242904,0.0720566911455166,270.372522756049,18.7334478788646,7.20566911455166
2020-09-23,50208,294,48381,254,1827,40,56559,282,648934,2093,705493,2375,8,555,13,2575,612,9,"East TN",2455501,114.681280928006,0.0718451300665457,96.721605896312,11.9731166877961,7.18451300665457
2020-09-24,50671,463,48823,442,1848,21,57039,480,655824,6890,712863,7370,11,566,28,2603,617,5,"East TN",2455501,111.097490899006,0.0701463009549862,300.142414928766,18.8556225389442,7.01463009549862
2020-09-25,51125,454,49253,430,1872,24,57525,486,662498,6674,720023,7160,11,577,18,2621,624,7,"East TN",2455501,107.839499963551,0.0708198051948052,291.590188723197,18.4890985587055,7.08198051948052
2020-09-26,51683,558,49787,534,1896,24,58163,638,673052,10554,731215,11192,5,582,29,2650,631,7,"East TN",2455501,109.87574429821,0.0685279796598786,455.792931870115,22.7244867747967,6.85279796598786
2020-09-27,52076,393,50152,365,1924,28,58570,407,679069,6017,737639,6424,3,585,30,2680,638,7,"East TN",2455501,113.418809440517,0.0685299336882413,261.616672117014,16.0048804704213,6.85299336882413
2020-09-28,52310,234,50347,195,1963,39,58795,225,680755,1686,739550,1911,4,589,15,2695,645,7,"East TN",2455501,116.310276395733,0.0698381741775208,77.8252584706746,9.52962348620506,6.98381741775208
2020-09-29,52693,383,50687,340,2006,43,59192,397,686563,5808,745755,6205,9,598,33,2728,647,2,"East TN",2455501,113.174460120358,0.0683678495203696,252.697921931207,15.5976316034895,6.83678495203696
2020-09-30,53175,482,51137,450,2038,32,59668,476,690001,3438,749669,3914,6,604,23,2751,651,4,"East TN",2455501,120.830738818677,0.0703775805867439,159.397206517122,19.6293953861147,7.0377580586744
2020-10-01,53563,388,51486,349,2077,39,60047,379,693279,3278,753326,3657,11,615,31,2782,656,5,"East TN",2455501,117.776372316688,0.0743395200553592,148.930910636974,15.8012560369554,7.43395200553592
2020-10-02,54027,464,51922,436,2105,28,60509,462,696900,3621,757409,4083,2,617,17,2799,660,4,"East TN",2455501,118.18362118362,0.079815973893971,166.27971236827,18.8963474256374,7.9815973893971
2020-10-03,54432,405,52310,388,2122,17,60992,483,704358,7458,765350,7941,12,629,22,2821,666,6,"East TN",2455501,111.952713519563,0.082876812655632,323.396325230574,16.4935791107395,8.2876812655632
2020-10-04,54887,455,52735,425,2152,30,61531,539,714480,10122,776011,10661,4,633,27,2848,679,13,"East TN",2455501,114.47765649454,0.0771656416136766,434.168017036035,18.5298234453987,7.71656416136766
2020-10-05,55558,671,53347,612,2211,59,62282,751,721729,7249,784011,8000,5,638,42,2890,688,9,"East TN",2455501,132.274431979462,0.0784282854636648,325.799093545472,27.3263989711265,7.84282854636648
2020-10-06,56308,750,54013,666,2295,84,63021,739,728366,6637,791387,7376,8,646,46,2936,697,9,"East TN",2455501,147.22046539586,0.0839104137447405,300.386764248925,30.543665019888,8.39104137447405
2020-10-07,57045,737,54672,659,2373,78,63729,708,735117,6751,798846,7459,3,649,38,2974,703,6,"East TN",2455501,157.605311502622,0.0825792545295565,303.766929844459,30.0142414928766,8.25792545295565
2020-10-08,57763,718,55329,657,2434,61,64407,678,741575,6458,805982,7136,10,659,32,3006,709,6,"East TN",2455501,171.044524111373,0.082801580066849,290.612791442561,29.2404686457061,8.2801580066849
2020-10-09,58304,541,55828,499,2476,42,64967,560,747054,5479,812021,6039,4,663,20,3026,716,7,"East TN",2455501,174.180340386748,0.0816304108987036,245.937590740138,22.0321637010125,8.16304108987036
2020-10-10,58922,618,56416,588,2506,30,65636,669,755480,8426,821116,9095,12,675,20,3046,730,14,"East TN",2455501,182.854741252396,0.08327654843453,370.392844474508,25.1679799763877,8.327654843453
2020-10-11,59865,943,57328,912,2537,31,66665,1029,765906,10426,832571,11455,1,676,37,3083,737,7,"East TN",2455501,202.72848595867,0.0907708628005658,466.503577070423,38.4035681516725,9.07708628005658
2020-10-12,60221,356,57613,285,2608,71,66982,317,768827,2921,835809,3238,6,682,19,3102,748,11,"East TN",2455501,189.900146650317,0.0907370940962972,131.86718311253,14.4980596627735,9.07370940962972
2020-10-13,60726,505,58066,453,2660,52,67466,484,773208,4381,840674,4865,9,691,24,3126,755,7,"East TN",2455501,179.922549410487,0.0901860531174549,198.12657376234,20.5660677800579,9.01860531174549
2020-10-14,61600,874,58878,812,2722,62,68314,848,779392,6184,847706,7032,1,692,44,3170,762,7,"East TN",2455501,185.501858887453,0.0938395415472779,286.37740322647,35.5935509698428,9.38395415472779
2020-10-15,62109,509,59318,440,2791,69,68779,465,783545,4153,852324,4618,14,706,19,3189,771,9,"East TN",2455501,176.990357568578,0.0943420655129256,188.067526749124,20.7289673268307,9.43420655129256
2020-10-16,62748,639,59914,596,2834,43,69363,584,787634,4089,856997,4673,2,708,22,3211,783,12,"East TN",2455501,180.98139646451,0.097741017431519,190.307395517249,26.0232025969446,9.7741017431519
2020-10-17,63466,718,60595,681,2871,37,70223,860,796417,8783,866640,9643,6,714,37,3248,790,7,"East TN",2455501,185.053885133828,0.100760038660926,392.710082382373,29.2404686457061,10.0760038660926
2020-10-18,64270,804,61353,758,2917,46,71093,870,804525,8108,875618,8978,3,717,39,3287,798,8,"East TN",2455501,179.393125883476,0.102864311101819,365.628032731406,32.7428089013199,10.2864311101819
2020-10-19,65018,748,62038,685,2980,63,71852,759,809423,4898,881275,5657,3,720,67,3354,809,11,"East TN",2455501,195.357281467204,0.107113007522104,230.380684023342,30.4622152465016,10.7113007522104
2020-10-20,65704,686,62647,609,3057,77,72543,691,813037,3614,885580,4305,15,735,32,3386,822,13,"East TN",2455501,202.72848595867,0.113058388634036,175.320637214157,27.9372722715242,11.3058388634036
2020-10-21,66297,593,63199,552,3098,41,73159,616,816780,3743,889939,4359,5,740,27,3413,836,14,"East TN",2455501,191.284792797885,0.114720716027751,177.519781095589,24.1498578090581,11.4720716027751
2020-10-22,67427,1130,64235,1036,3192,94,74260,1101,825344,8564,899604,9665,10,750,43,3456,851,15,"East TN",2455501,216.574947434353,0.115926395939086,393.606029889623,46.0191219632979,11.5926395939086
2020-10-23,68398,971,65139,904,3259,67,75230,970,832460,7116,907690,8086,19,769,39,3495,859,8,"East TN",2455501,230.09560981649,0.115735900420176,329.301433801086,39.5438649790817,11.5735900420176
2020-10-24,69635,1237,66314,1175,3321,62,76557,1327,842981,10521,919538,11848,12,781,50,3545,876,17,"East TN",2455501,251.231826010252,0.119739876743922,482.508457540844,50.3766848394686,11.9739876743922
2020-10-25,70564,929,67186,872,3378,57,77604,1047,850856,7875,928460,8922,9,790,43,3588,887,11,"East TN",2455501,256.3224368469,0.123216380909125,363.347439076588,37.8334197379679,12.3216380909125
2020-10-26,71026,462,67592,406,3434,56,78038,434,853611,2755,931649,3189,6,796,21,3609,900,13,"East TN",2455501,244.675119252649,0.122801445189979,129.871663664564,18.814897652251,12.2801445189979
2020-10-27,71868,842,68304,712,3564,130,78821,783,857995,4384,936816,5167,12,808,54,3663,924,24,"East TN",2455501,251.028201576786,0.122531032867515,210.425489543682,34.2903545956609,12.2531032867515
2020-10-28,72865,997,69215,911,3650,86,79791,970,865211,7216,945002,8186,13,821,41,3704,938,14,"East TN",2455501,267.481055800833,0.120443855220384,333.373922470404,40.6027120331044,12.0443855220384
2020-10-29,73773,908,70008,793,3765,115,80625,834,871713,6502,952338,7336,11,832,40,3744,950,12,"East TN",2455501,258.440130954946,0.120700117571206,298.757768781198,36.9781971174111,12.0700117571206
2020-10-30,74673,900,70815,807,3858,93,81465,840,876569,4856,958034,5696,28,860,39,3783,966,16,"East TN",2455501,255.54866399973,0.123847926267281,231.968954604376,36.6523980238656,12.3847926267281
2020-10-31,74687,14,70829,14,3858,0,81481,16,876590,21,958071,37,5,865,0,3783,977,11,"East TN",2455501,205.742127573966,0.127786572548205,1.50682080764781,0.570148413704576,12.7786572548205
2020-11-01,75194,507,71219,390,3975,117,81951,470,883153,6563,965104,7033,0,865,27,3810,993,16,"East TN",2455501,188.556225389442,0.118627879052505,286.418128113163,20.6475175534443,11.8627879052505
2020-11-02,76004,810,71961,742,4043,68,82726,775,887381,4228,970107,5003,11,876,38,3848,1007,14,"East TN",2455501,202.72848595867,0.121899214727755,203.746608126,32.987158221479,12.1899214727755
2020-11-03,77044,1040,72921,960,4123,80,83802,1076,894243,6862,978045,7938,31,907,29,3877,1020,13,"East TN",2455501,210.79201352392,0.120813019961677,323.274150570495,42.3538821609114,12.0813019961677
2020-11-04,77955,911,73733,812,4222,99,84649,847,899128,4885,983777,5732,6,913,35,3912,1044,24,"East TN",2455501,207.289673268307,0.12528691166989,233.435050525331,37.1003717774906,12.528691166989
2020-11-05,78533,578,74217,484,4316,94,85150,501,901789,2661,986939,3162,17,930,27,3939,1058,14,"East TN",2455501,193.850460659556,0.130776567151238,128.772091723848,23.5389845086603,13.0776567151238
2020-11-06,79499,966,75066,849,4433,117,86077,927,908196,6407,994273,7334,10,940,37,3976,1082,24,"East TN",2455501,196.538303181306,0.127266204917354,298.676319007811,39.3402405456157,12.7266204917354
2020-11-07,80826,1327,76307,1241,4519,86,87496,1419,919116,10920,1006612,12339,21,961,52,4028,1092,10,"East TN",2455501,250.010079409457,0.123915864938918,502.504376907197,54.0419246418552,12.3915864938918
2020-11-08,82383,1557,77746,1439,4637,118,89163,1667,932015,12899,1021178,14566,3,964,52,4080,1109,17,"East TN",2455501,292.7712104373,0.128615757748689,593.198699572918,63.4086485812875,12.8615757748689
2020-11-09,83002,619,78285,539,4717,80,89743,580,935467,3452,1025210,4032,9,973,19,4099,1120,11,"East TN",2455501,284.992757078902,0.127343338838176,164.202743146918,25.2087048630809,12.7343338838176
2020-11-10,83941,939,79135,850,4806,89,90666,923,940468,5001,1031134,5924,27,1000,44,4143,1138,18,"East TN",2455501,280.87954352289,0.12929232044303,241.254228770422,38.2406686048998,12.929232044303
2020-11-11,85245,1304,80235,1100,5010,204,91835,1169,947015,6547,1038850,7716,26,1026,59,4202,1152,14,"East TN",2455501,296.884423993311,0.130481361102537,314.233225724608,53.1052522479119,13.0481361102537
2020-11-12,86082,837,80940,705,5142,132,92599,764,951228,4213,1043827,4977,15,1041,34,4236,1170,18,"East TN",2455501,307.432169646846,0.130941499085923,202.687761071977,34.086730162195,13.0941499085923
2020-11-13,87540,1458,82227,1287,5313,171,93898,1299,957087,5859,1050985,7158,27,1068,47,4283,1186,16,"East TN",2455501,327.468813899893,0.137907321201862,291.508738949811,59.3768847986623,13.7907321201862
2020-11-14,89015,1475,83618,1391,5397,84,95433,1535,965982,8895,1061415,10430,7,1075,52,4335,1215,29,"East TN",2455501,333.496097130484,0.144827837892086,424.760568209909,60.0692078724464,14.4827837892086
2020-11-15,90967,1952,85351,1733,5616,219,97393,1960,977151,11169,1074544,13129,7,1082,56,4391,1232,17,"East TN",2455501,349.582427374291,0.154218041449612,534.677037394813,79.4949788250952,15.4218041449612
2020-11-16,92492,1525,86750,1399,5742,126,98930,1537,984770,7619,1083700,9156,10,1092,41,4432,1251,19,"East TN",2455501,386.479174718316,0.157069584544367,372.877062562793,62.1054522071056,15.7069584544367
2020-11-17,93704,1212,87869,1119,5835,93,100151,1221,989913,5143,1090064,6364,31,1123,46,4478,1278,27,"East TN",2455501,397.597068785555,0.160953673850331,259.173178915423,49.358562672139,16.0953673850331
2020-11-18,94902,1198,88825,956,6077,242,101184,1033,995057,5144,1096241,6177,14,1137,53,4531,1293,15,"East TN",2455501,393.280230796078,0.162900106288442,251.557625103798,48.7884142584344,16.2900106288442
2020-11-19,95982,1080,89706,881,6276,199,102043,859,999718,4661,1101761,5520,45,1182,52,4583,1313,20,"East TN",2455501,403.176378262522,0.163013083854041,224.801374546376,43.9828776286387,16.3013083854041
2020-11-20,97108,1126,90669,963,6439,163,103066,1023,1004617,4899,1107683,5922,28,1210,36,4619,1339,26,"East TN",2455501,389.655715880384,0.161698825355392,241.172778997036,45.8562224165252,16.1698825355392
2020-11-21,98326,1218,91733,1064,6593,154,104165,1099,1011023,6406,1115188,7505,3,1213,47,4666,1363,24,"East TN",2455501,379.189420000236,0.162386327710933,305.640274632346,49.6029119922981,16.2386327710933
2020-11-22,99912,1586,93162,1429,6750,157,105831,1666,1020624,9601,1126455,11267,17,1230,57,4723,1390,27,"East TN",2455501,364.284111470531,0.162547436959411,458.847298372104,64.5896702953898,16.2547436959411
2020-11-23,100803,891,93920,758,6883,133,106533,702,1023740,3116,1130273,3818,18,1248,35,4758,1417,27,"East TN",2455501,338.464533307052,0.163249092822021,155.487617394577,36.2858740436269,16.3249092822021
2020-11-24,101714,911,94655,735,7059,176,107238,705,1026767,3027,1134005,3732,13,1261,57,4815,1445,28,"East TN",2455501,326.206342412404,0.161284449602877,151.985277138963,37.1003717774906,16.1284449602877
2020-11-25,102620,906,95341,686,7279,220,107783,545,1029075,2308,1136858,2853,38,1299,56,4871,1470,25,"East TN",2455501,314.314675497994,0.162468916955954,116.188101735654,36.8967473440247,16.2468916955954
2020-11-26,104085,1465,96728,1387,7357,78,109452,1669,1037440,8365,1146892,10034,18,1317,25,4896,1489,19,"East TN",2455501,329.99375687487,0.164166537413308,408.633513079408,59.6619590055146,16.4166537413308
2020-11-27,105788,1703,98294,1566,7494,137,111201,1749,1044979,7539,1156180,9288,5,1322,50,4946,1517,28,"East TN",2455501,353.492016496837,0.167742334577397,378.252747606293,69.3544820384923,16.7742334577397
2020-11-28,107412,1624,99674,1380,7738,244,112695,1494,1052509,7530,1165204,9024,2,1324,45,4991,1545,28,"East TN",2455501,370.02632049427,0.170545425463852,367.501377519292,66.1372159897308,17.0545425463852
2020-11-29,109699,2287,101794,2120,7905,167,115020,2325,1063204,10695,1178224,13020,4,1328,51,5042,1570,25,"East TN",2455501,398.574466066192,0.177500048291449,530.238024745256,93.1378158673118,17.7500048291449
2020-11-30,111933,2234,103799,2005,8134,229,117240,2220,1072654,9450,1189894,11670,15,1343,53,5095,1601,31,"East TN",2455501,453.267988895138,0.179584374633099,475.259427709457,90.979396872573,17.9584374633099
2020-12-01,114194,2261,105805,2006,8389,255,119378,2138,1081489,8835,1200867,10973,20,1363,63,5158,1629,28,"East TN",2455501,508.246585930936,0.181568005743173,446.874181684308,92.078968813289,18.1568005743172
2020-12-02,115251,1057,106718,913,8533,144,120254,876,1084397,2908,1204651,3784,15,1378,42,5200,1662,33,"East TN",2455501,514.396043821607,0.183957045712684,154.102971247008,43.0462052346955,18.3957045712684
2020-12-03,117059,1808,108287,1569,8772,239,121976,1722,1090388,5991,1212364,7713,33,1411,45,5245,1683,21,"East TN",2455501,528.364679957369,0.191287878787879,314.111051064528,73.6305951412767,19.1287878787879
2020-12-04,118788,1729,109675,1388,9113,341,123434,1458,1095908,5520,1219342,6978,37,1448,36,5281,1718,35,"East TN",2455501,529.423527011392,0.193676577689117,284.178259345038,70.4133290925151,19.3676577689117
2020-12-05,119921,1133,110584,909,9337,224,124363,929,1098972,3064,1223335,3993,5,1453,24,5305,1744,26,"East TN",2455501,509.427607645039,0.200719065558824,162.614472565884,46.1412966233775,20.0719065558824
2020-12-06,121390,1469,111847,1263,9543,206,125604,1241,1103464,4492,1229068,5733,20,1473,40,5345,1780,36,"East TN",2455501,476.114650330014,0.20816615529856,233.475775412024,59.8248585522873,20.816615529856
2020-12-07,124113,2723,114252,2405,9861,318,128175,2571,1113010,9546,1241185,12117,31,1504,51,5396,1802,22,"East TN",2455501,496.029119922981,0.2131952974206,493.46345206131,110.89386646554,21.31952974206
2020-12-08,126877,2764,116615,2363,10262,401,130706,2531,1121369,8359,1252075,10890,45,1549,71,5467,1826,24,"East TN",2455501,516.513737929653,0.221215435088267,443.494016088774,112.563586819961,22.1215435088267
2020-12-09,129521,2644,118998,2383,10523,261,133283,2577,1128467,7098,1261750,9675,21,1570,56,5523,1849,23,"East TN",2455501,581.144133111736,0.228182630168654,394.013278756555,107.676600416778,22.8182630168654
2020-12-10,132596,3075,121680,2682,10916,393,136233,2950,1139936,11469,1276169,14419,30,1600,74,5597,1886,37,"East TN",2455501,632.742564552,0.223446438366899,587.21214122902,125.229026581541,22.3446438366899
2020-12-11,134580,1984,123428,1748,11152,236,138023,1790,1147107,7171,1285130,8961,35,1635,50,5647,1911,25,"East TN",2455501,643.127410658762,0.221757767373989,364.935709657622,80.798175199277,22.1757767373989
2020-12-12,137841,3261,126155,2727,11686,534,140997,2974,1158339,11232,1299336,14206,21,1656,73,5720,1936,25,"East TN",2455501,729.789969541857,0.218865541242878,578.537740363372,132.803855506473,21.8865541242878
2020-12-13,142131,4290,130014,3859,12117,431,145361,4364,1175619,17280,1320980,21644,15,1671,62,5782,1970,34,"East TN",2455501,844.674874903329,0.214955609713639,881.449447587274,174.709763913759,21.4955609713639
2020-12-14,144990,2859,132471,2457,12519,402,148034,2673,1184897,9278,1332931,11951,37,1708,72,5854,2004,34,"East TN",2455501,850.213459493602,0.216456303272077,486.703120870242,116.432451055813,21.6456303272077
2020-12-15,149116,4126,136011,3540,13105,586,151897,3863,1199918,15021,1351815,18884,34,1742,94,5948,2035,31,"East TN",2455501,905.680755169719,0.212462402245839,769.048760314087,168.030882496077,21.2462402245839
2020-12-16,152334,3218,138268,2257,14066,961,154283,2386,1207814,7896,1362097,10282,19,1761,60,6008,2077,42,"East TN",2455501,929.056840131607,0.209273819845137,418.733284979318,131.052685378666,20.9273819845137
2020-12-17,156401,4067,141640,3372,14761,695,157890,3607,1218513,10699,1376403,14306,58,1819,75,6083,2116,39,"East TN",2455501,969.455927731245,0.216064409282279,582.61022903269,165.628114181179,21.6064409282279
2020-12-18,159608,3207,144376,2736,15232,471,160769,2879,1227202,8689,1387971,11568,43,1862,62,6145,2146,30,"East TN",2455501,1019.26246415701,0.221176379070604,471.105489266752,130.604711625041,22.1176379070604
2020-12-19,162248,2640,146618,2242,15630,398,163237,2468,1235565,8363,1398802,10831,27,1889,41,6186,2183,37,"East TN",2455501,993.972309520542,0.223593991916836,441.091247773876,107.513700870006,22.3593991916836
2020-12-20,165878,3630,149583,2965,16295,665,166553,3316,1249508,13943,1416061,17259,16,1905,55,6241,2217,34,"East TN",2455501,967.09388430304,0.222883646575026,702.870819437663,147.831338696258,22.2883646575026
2020-12-21,168191,2313,151325,1742,16866,571,168456,1903,1256420,6912,1424876,8815,14,1919,35,6276,2252,35,"East TN",2455501,944.858096168562,0.222111044646256,358.989876200417,94.1966629213346,22.2111044646256
2020-12-22,170845,2654,153026,1701,17819,953,170255,1799,1261473,5053,1431728,6852,62,1981,60,6336,2297,45,"East TN",2455501,884.911062956195,0.229724825748001,279.046923621697,108.08384928371,22.9724825748001
2020-12-23,173063,2218,154472,1446,18591,772,171795,1540,1267250,5777,1439045,7317,41,2022,35,6371,2337,40,"East TN",2455501,844.186176263011,0.227582263346676,297.983995934027,90.3277986854821,22.7582263346676
2020-12-24,175155,2092,155930,1458,19225,634,173393,1598,1273539,6289,1446932,7887,15,2037,30,6401,2375,38,"East TN",2455501,763.754525043973,0.219810290802365,321.197181349142,85.1964629621409,21.9810290802365
2020-12-25,177521,2366,157909,1979,19612,387,175559,2166,1282086,8547,1457645,10713,3,2040,27,6428,2411,36,"East TN",2455501,729.504895335005,0.212274306053908,436.28571114408,96.3550819160733,21.2274306053908
2020-12-26,179460,1939,159376,1467,20084,472,177171,1612,1287739,5653,1464910,7265,2,2042,43,6471,2449,38,"East TN",2455501,700.956749763083,0.210776305439584,295.866301825982,78.9655552980838,21.0776305439584
2020-12-27,180756,1296,160286,910,20470,386,178161,990,1290532,2793,1468693,3783,27,2069,41,6512,2480,31,"East TN",2455501,605.904864221191,0.220550235598115,154.062246360315,52.7794531543665,22.0550235598115
2020-12-28,182152,1396,161264,978,20888,418,179181,1020,1292351,1819,1471532,2839,25,2094,42,6554,2517,37,"East TN",2455501,568.560143123542,0.229873971193416,115.617953321949,56.8519418236849,22.9873971193416
2020-12-29,185057,2905,162990,1726,22067,1179,180959,1778,1296438,4087,1477397,5865,50,2144,64,6618,2559,42,"East TN",2455501,578.782089683531,0.234382184851869,238.851460455524,118.3057958437,23.4382184851869
2020-12-30,187385,2328,164606,1616,22779,712,182636,1677,1300917,4479,1483553,6156,40,2184,44,6662,2597,38,"East TN",2455501,583.261827219781,0.243574188909859,250.702402483241,94.8075362217323,24.3574188909859
2020-12-31,190830,3445,167286,2680,23544,765,185531,2895,1308040,7123,1493571,10018,52,2236,30,6692,2640,43,"East TN",2455501,638.362598915659,0.26025429361693,407.981914892317,140.297234658019,26.025429361693
2021-01-01,193070,2240,169003,1717,24067,523,187388,1857,1314234,6194,1501622,8051,24,2260,30,6722,2680,40,"East TN",2455501,633.231263192318,0.268981513063647,327.876062766824,91.2237461927322,26.8981513063647
2021-01-02,195795,2725,171115,2112,24680,613,189638,2250,1320788,6554,1510426,8804,4,2264,63,6785,2716,36,"East TN",2455501,665.241024133161,0.273903682221636,358.541902446792,110.975316238926,27.3903682221636
2021-01-03,197110,1315,172020,905,25090,410,190575,937,1324156,3368,1514731,4305,15,2279,26,6811,2760,44,"East TN",2455501,666.014796980331,0.26964681350189,175.320637214157,53.553226001537,26.964681350189
2021-01-04,198667,1557,173146,1126,25521,431,191753,1178,1326520,2364,1518273,3542,46,2325,34,6845,2810,50,"East TN",2455501,672.571503737934,0.268971566718727,144.247548667258,63.4086485812875,26.8971566718727
2021-01-05,201567,2900,174884,1738,26683,1162,193578,1825,1331784,5264,1525362,7089,43,2368,60,6905,2854,44,"East TN",2455501,672.367879304468,0.263087668091317,288.698721767981,118.102171410234,26.3087668091317
2021-01-06,204111,2544,176678,1794,27433,750,195479,1901,1337362,5578,1532841,7479,52,2420,63,6968,2897,43,"East TN",2455501,681.164454830195,0.260570524265541,304.581427578323,103.60411174746,26.0570524265541
2021-01-07,206620,2509,178814,2136,27806,373,197799,2320,1344465,7103,1542264,9423,33,2453,45,7013,2929,32,"East TN",2455501,643.045960885375,0.251945864908714,383.750607309873,102.178740713199,25.1945864908714
2021-01-08,208967,2347,180671,1857,28296,490,199785,1986,1351795,7330,1551580,9316,50,2503,47,7060,2984,55,"East TN",2455501,647.403523761546,0.248148444693543,379.393044433702,95.5813090689028,24.8148444693543
2021-01-09,211539,2572,182671,2000,28868,572,201963,2178,1359981,8186,1561944,10364,27,2530,32,7092,3012,28,"East TN",2455501,641.172616097489,0.239236771613805,422.072725688159,104.744408574869,23.9236771613805
2021-01-10,213205,1666,183804,1133,29401,533,203214,1251,1365780,5799,1568994,7050,36,2566,41,7133,3052,40,"East TN",2455501,655.467051326796,0.232921143320495,287.110451186947,67.8476612308445,23.2921143320495
2021-01-11,214628,1423,184816,1012,29812,411,204311,1097,1369051,3271,1573362,4368,28,2594,40,7173,3092,40,"East TN",2455501,650.00991650991,0.227958394597833,177.886305075828,57.9515137644008,22.7958394597833
2021-01-12,216445,1817,185951,1135,30494,682,205501,1190,1373248,4197,1578749,5387,60,2654,39,7212,3131,39,"East TN",2455501,605.904864221191,0.223331522655328,219.384964616182,73.9971191215153,22.3331522655328
2021-01-13,217972,1527,187027,1076,30945,451,206637,1136,1377977,4729,1584614,5865,49,2703,32,7244,3158,27,"East TN",2455501,564.487654454223,0.215517740907423,238.851460455524,62.186901980492,21.5517740907423
2021-01-14,220223,2251,188809,1782,31414,469,208601,1964,1386499,8522,1595100,10486,38,2741,50,7294,3200,42,"East TN",2455501,553.980633687382,0.204443939738057,427.041161864727,91.6717199463572,20.4443939738057
2021-01-15,221186,963,189479,670,31707,293,209296,695,1389556,3057,1598852,3752,23,2764,30,7324,3241,41,"East TN",2455501,497.617390504015,0.201197326112709,152.799774872826,39.2180658855362,20.1197326112709
2021-01-16,223617,2431,191228,1749,32389,682,211297,2001,1400436,10880,1611733,12881,13,2777,54,7378,3284,43,"East TN",2455501,491.875181480276,0.187471128160839,524.577265494903,99.0021995511303,18.7471128160839
2021-01-17,224474,857,191835,607,32639,250,211968,671,1404054,3618,1616022,4289,13,2790,24,7402,3318,34,"East TN",2455501,458.92874814549,0.186144424598112,174.669039027066,34.9012278960587,18.6144424598112
2021-01-18,225041,567,192157,322,32884,245,212323,355,1406136,2082,1618459,2437,13,2803,21,7423,3349,31,"East TN",2455501,424.068245136125,0.177661485242921,99.2465488712894,23.0910107550353,17.7661485242921
2021-01-19,226723,1682,193132,975,33591,707,213384,1061,1410341,4205,1623725,5266,21,2824,53,7476,3388,39,"East TN",2455501,418.570385432545,0.175271255780861,214.457253326307,68.4992594179355,17.5271255780861
2021-01-20,227707,984,193790,658,33917,326,214080,696,1414330,3989,1628410,4685,32,2856,29,7505,3428,40,"East TN",2455501,396.456771958146,0.169947027125765,190.796094157567,40.073288506093,16.9947027125765
2021-01-21,229269,1562,194928,1138,34341,424,215353,1273,1421258,6928,1636611,8201,65,2921,37,7542,3474,46,"East TN",2455501,368.397325026542,0.162655681626557,333.984795770802,63.6122730147534,16.2655681626557
2021-01-22,230255,986,195632,704,34623,282,216167,814,1426697,5439,1642864,6253,32,2953,31,7573,3506,32,"East TN",2455501,369.333997420486,0.156116513678088,254.65271649248,40.1547382794794,15.6116513678088
2021-01-23,231687,1432,196601,969,35086,463,217267,1100,1434974,8277,1652241,9377,19,2972,41,7614,3531,25,"East TN",2455501,328.649835613995,0.147378295645305,381.877262521986,58.3180377446395,14.7378295645305
2021-01-24,232308,621,197089,488,35219,133,217808,541,1438345,3371,1656153,3912,19,2991,20,7634,3559,28,"East TN",2455501,319.038762354403,0.145523410829533,159.315756743736,25.2901546364673,14.5523410829533
2021-01-25,233047,739,197599,510,35448,229,218357,549,1440101,1756,1658458,2305,44,3035,20,7654,3590,31,"East TN",2455501,326.043442865631,0.150853771344284,93.8708638277891,30.095691266263,15.0853771344284
2021-01-26,234080,1033,198329,730,35751,303,219140,783,1444564,4463,1663704,5246,63,3098,26,7680,3613,23,"East TN",2455501,299.612991401755,0.143975587183271,213.642755592443,42.0688079540591,14.3975587183271
2021-01-27,235034,954,199034,705,36000,249,219895,755,1449080,4516,1668975,5271,55,3153,28,7708,3636,23,"East TN",2455501,298.391244800959,0.143350178725502,214.660877759773,38.8515419052975,14.3350178725502
2021-01-28,236364,1330,199750,716,36614,614,220690,795,1453509,4429,1674199,5224,46,3199,29,7737,3663,27,"East TN",2455501,288.94307108814,0.141986804299244,212.746808085193,54.1640993019347,14.1986804299244
2021-01-29,236959,595,200102,352,36857,243,221087,397,1456173,2664,1677260,3061,17,3216,17,7754,3684,21,"East TN",2455501,273.019640391105,0.143039888359112,124.658878167836,24.2313075824445,14.3039888359112
2021-01-30,238113,1154,201068,966,37045,188,222183,1096,1465221,9048,1687404,10144,44,3260,29,7783,3704,20,"East TN",2455501,261.6981218904,0.139806046128032,413.113250615658,46.9965192439343,13.9806046128032
2021-01-31,238792,679,201508,440,37284,239,222674,491,1469143,3922,1691817,4413,29,3289,30,7813,3723,19,"East TN",2455501,264.060165318605,0.136440107671602,179.718924977021,27.6521980646719,13.6440107671602
2021-02-01,239485,693,201916,408,37569,285,223116,442,1470839,1696,1693955,2138,39,3328,10,7823,3750,27,"East TN",2455501,262.186820530719,0.134067667690227,87.0698077500274,28.2223464783765,13.4067667690227
2021-02-02,240023,538,202264,348,37759,190,223476,360,1471897,1058,1695373,1418,57,3385,13,7836,3766,16,"East TN",2455501,242.028001617593,0.136916227225362,57.7478893309349,21.909989040933,13.6916227225362
2021-02-03,241135,1112,203023,759,38112,353,224302,826,1477900,6003,1702202,6829,46,3431,39,7875,3779,13,"East TN",2455501,248.462533715116,0.132633099587685,278.110251227754,45.2860740028206,13.2633099587685
2021-02-04,242232,1097,203805,782,38427,315,225166,864,1485609,7709,1710775,8573,58,3489,36,7911,3797,18,"East TN",2455501,238.973635115604,0.12237532808399,349.134453620666,44.6752007024228,12.237532808399
2021-02-05,243050,818,204364,559,38686,259,225768,602,1489415,3806,1715183,4408,67,3556,28,7939,3811,14,"East TN",2455501,248.055284848184,0.123434327452997,179.515300543555,33.3129573150245,12.3434327452997
2021-02-06,244278,1228,205181,817,39097,411,226732,964,1498062,8647,1724794,9611,27,3583,22,7961,3840,29,"East TN",2455501,251.068926463479,0.121663546402781,391.406886008191,50.01016085923,12.1663546402781
2021-02-07,244795,517,205534,353,39261,164,227138,406,1501145,3083,1728283,3489,2,3585,10,7971,3857,17,"East TN",2455501,244.471494819184,0.122415400647178,142.089129672519,21.0547664203761,12.2415400647178
2021-02-08,245304,509,205830,296,39474,213,227455,317,1502509,1364,1729964,1681,32,3617,9,7980,3873,16,"East TN",2455501,236.978115667638,0.120497653364437,68.4585345312423,20.7289673268307,12.0497653364437
2021-02-09,246332,1028,206463,633,39869,395,228121,666,1506741,4232,1734862,4898,16,3633,38,8018,3884,11,"East TN",2455501,256.933310147298,0.117627693788144,199.470495023215,41.8651835205931,11.7627693788144
2021-02-10,247179,847,207045,582,40134,265,228756,635,1512725,5984,1741481,6619,39,3672,30,8048,3897,13,"East TN",2455501,246.141215173604,0.113393925507269,269.558025022185,34.4939790291268,11.3393925507269
2021-02-11,248047,868,207629,584,40418,284,229406,650,1518295,5570,1747701,6220,37,3709,31,8079,3915,18,"East TN",2455501,236.815216120865,0.114824243080756,253.308795231604,35.3492016496837,11.4824243080756
2021-02-12,248881,834,208224,595,40657,239,230055,649,1523804,5509,1753859,6158,34,3743,12,8091,3924,9,"East TN",2455501,237.466814307956,0.110843934222774,250.783852256627,33.9645555021155,11.0843934222774
2021-02-13,249473,592,208595,371,40878,221,230489,434,1528228,4424,1758717,4858,12,3755,16,8107,3936,12,"East TN",2455501,211.565786371091,0.110750818029066,197.841499555488,24.1091329223649,11.0750818029066
2021-02-14,250013,540,209009,414,41004,126,230941,452,1531194,2966,1762135,3418,15,3770,15,8122,3949,13,"East TN",2455501,212.502458765034,0.112341959116153,139.197662717303,21.9914388143194,11.2341959116153
2021-02-15,250393,380,209221,212,41172,168,231170,229,1532518,1324,1763688,1553,5,3775,10,8132,3960,11,"East TN",2455501,207.248948381613,0.110158937255367,63.2457490345148,15.4754569434099,11.0158937255367
2021-02-16,251158,765,209648,427,41510,338,231644,474,1535927,3409,1767571,3883,8,3783,26,8158,3970,10,"East TN",2455501,196.538303181306,0.107707358830903,158.134735029633,31.1545383202858,10.7707358830903
2021-02-17,251779,621,210067,419,41712,202,232095,451,1539176,3249,1771271,3700,11,3794,11,8169,3987,17,"East TN",2455501,187.334478788646,0.112084592145015,150.682080764781,25.2901546364673,11.2084592145015
2021-02-18,252572,793,210617,550,41955,243,232700,605,1544893,5717,1777593,6322,42,3836,19,8188,4004,17,"East TN",2455501,184.280112286658,0.110196708149338,257.462733674309,32.2948351476949,11.0196708149338
2021-02-19,253048,476,210918,301,42130,175,233045,345,1547601,2708,1780646,3053,5,3841,11,8199,4013,9,"East TN",2455501,169.700602850498,0.111621308843842,124.333079074291,19.3850460659556,11.1621308843842
2021-02-20,253671,623,211367,449,42304,174,233551,506,1552825,5224,1786376,5730,18,3859,18,8217,4023,10,"East TN",2455501,170.963074337986,0.110705376188582,233.353600751944,25.3716044098536,11.0705376188582
2021-02-21,254020,349,211595,228,42425,121,233814,263,1554959,2134,1788773,2397,7,3866,12,8229,4041,18,"East TN",2455501,163.184620979588,0.107853442450634,97.617553403562,14.2129854559212,10.7853442450634
2021-02-22,254378,358,211791,196,42587,162,234041,227,1556339,1380,1790380,1607,7,3873,22,8251,4057,16,"East TN",2455501,162.288673472338,0.107560317698187,65.4448929159467,14.5795094361599,10.7560317698187
2021-02-23,255018,640,212137,346,42881,294,234406,365,1559286,2947,1793692,3312,26,3899,27,8278,4064,7,"East TN",2455501,157.19806263569,0.105738677692278,134.880824727825,26.0639274836378,10.5738677692278
2021-02-24,255759,741,212687,550,43072,191,235016,610,1565479,6193,1800495,6803,19,3918,23,8301,4071,7,"East TN",2455501,162.085049038872,0.099952094169176,277.051404173731,30.1771410396493,9.9952094169176
2021-02-25,256394,635,213132,445,43262,190,235512,496,1570247,4768,1805759,5264,21,3939,16,8317,4080,9,"East TN",2455501,155.650516941349,0.0998366825250302,214.375803552921,25.8603030501718,9.98366825250302
2021-02-26,256854,460,213454,322,43400,138,235880,368,1573368,3121,1809248,3489,14,3953,11,8328,4085,5,"East TN",2455501,154.998918754258,0.0991189427312775,142.089129672519,18.7334478788646,9.91189427312775
2021-02-27,257294,440,213681,227,43613,213,236155,275,1577460,4092,1813615,4367,7,3960,16,8344,4094,9,"East TN",2455501,147.546264489406,0.0955982231359448,177.845580189135,17.918950145001,9.55982231359448
2021-02-28,257660,366,213955,274,43705,92,236468,313,1580020,2560,1816488,2873,5,3965,11,8355,4103,9,"East TN",2455501,148.23858756319,0.0957604185459138,117.002599469518,14.9053085297053,9.57604185459138
2021-03-01,257904,244,214104,149,43800,95,236624,156,1580799,779,1817423,935,4,3969,11,8366,4112,9,"East TN",2455501,143.595950480167,0.0955145509004179,38.077769058127,9.9368723531369,9.55145509004179
2021-03-02,258524,620,214494,390,44030,230,237071,447,1584255,3456,1821326,3903,7,3976,24,8390,4122,10,"East TN",2455501,142.781452746303,0.0964391691394659,158.949232763497,25.2494297497741,9.64391691394659
2021-03-03,259005,481,214795,301,44210,180,237426,355,1588427,4172,1825853,4527,7,3983,17,8407,4125,3,"East TN",2455501,132.192982206075,0.0950390409338276,184.361562060044,19.5886704994215,9.50390409338276
2021-03-04,259614,609,215210,415,44404,194,237898,472,1593247,4820,1831145,5292,18,4001,21,8428,4130,5,"East TN",2455501,131.134135152052,0.0939888127314268,215.51610038033,24.8014559961491,9.39888127314268
2021-03-05,260084,470,215521,311,44563,159,238252,354,1596926,3679,1835178,4033,15,4016,16,8444,4135,5,"East TN",2455501,131.541384018984,0.0914770536058619,164.243468033611,19.1406967457965,9.14770536058619
2021-03-06,260547,463,215844,323,44703,140,238624,372,1601200,4274,1839824,4646,1,4017,10,8454,4141,6,"East TN",2455501,132.478056412928,0.0942042809721851,189.207823576533,18.8556225389442,9.42042809721851
2021-03-07,260802,255,216008,164,44794,91,238808,184,1602930,1730,1841738,1914,1,4018,4,8458,4145,4,"East TN",2455501,127.957593989984,0.0926732673267327,77.9474331307542,10.3848461067619,9.26732673267327
2021-03-08,261258,456,216301,293,44957,163,239120,312,1604511,1581,1843631,1893,3,4021,9,8467,4153,8,"East TN",2455501,136.591269968939,0.0952380952380952,77.0922105101973,18.5705483320919,9.52380952380952
2021-03-09,261796,538,216582,281,45214,257,239438,318,1607086,2575,1846524,2893,6,4027,21,8488,4165,12,"East TN",2455501,133.251829260098,0.0939360266687832,117.817097203381,21.909989040933,9.39360266687832
2021-03-10,262446,650,217046,464,45400,186,239944,506,1612554,5468,1852498,5974,7,4034,28,8516,4175,10,"East TN",2455501,140.134335111246,0.0945017826984425,243.290473105081,26.4711763505696,9.45017826984425
2021-03-11,262975,529,217383,337,45592,192,240308,364,1615892,3338,1856200,3702,5,4039,9,8525,4183,8,"East TN",2455501,136.876344175791,0.0961883855517861,150.763530538167,21.5434650606943,9.61883855517861
2021-03-12,263435,460,217748,365,45687,95,240724,416,1619237,3345,1859961,3761,5,4044,12,8537,4191,8,"East TN",2455501,136.46909530886,0.0997457934874713,153.166298853065,18.7334478788646,9.97457934874713
2021-03-13,263881,446,217963,215,45918,231,241003,279,1622876,3639,1863879,3918,2,4046,21,8558,4197,6,"East TN",2455501,135.776772235075,0.0988983579297443,159.560106063895,18.1632994651601,9.88983579297443
2021-03-14,264143,262,218139,176,46004,86,241214,211,1624717,1841,1865931,2052,0,4046,10,8568,4203,6,"East TN",2455501,136.061846441928,0.099450254205762,83.5674674944136,10.6699203136142,9.9450254205762
2021-03-15,264499,356,218324,185,46175,171,241429,215,1625912,1195,1867341,1410,4,4050,15,8583,4207,4,"East TN",2455501,131.989357772609,0.0973850695908899,57.4220902373894,14.4980596627735,9.73850695908899
2021-03-16,265198,699,218775,451,46423,248,241925,496,1629177,3265,1871102,3761,4,4054,36,8619,4208,1,"East TN",2455501,138.546064530212,0.101188054357556,153.166298853065,28.4666957985356,10.1188054357556
2021-03-17,265624,426,219108,333,46516,93,242289,364,1632901,3724,1875190,4088,1,4055,16,8635,4217,9,"East TN",2455501,129.423689910939,0.103340384276397,166.483336801736,17.3488017312964,10.3340384276397
2021-03-18,266174,550,219457,349,46717,201,242674,385,1636190,3289,1878864,3674,6,4061,31,8666,4224,7,"East TN",2455501,130.278912531496,0.104394634662902,149.623233710758,22.3986876812512,10.4394634662902
2021-03-19,266966,792,219987,530,46979,262,243235,561,1641229,5039,1884464,5600,15,4076,25,8691,4230,6,"East TN",2455501,143.799574913633,0.102477247683957,228.05936548183,32.2541102610017,10.2477247683957
2021-03-20,267238,272,220152,165,47086,107,243429,194,1643349,2120,1886778,2314,1,4077,15,8706,4232,2,"East TN",2455501,136.713444629019,0.105943490982139,94.2373878080278,11.077169180546,10.5943490982139
2021-03-21,267519,281,220349,197,47170,84,243654,225,1645147,1798,1888801,2023,-16,4061,8,8714,4239,7,"East TN",2455501,137.487217476189,0.106689986882379,82.3864457803112,11.4436931607847,10.6689986882379
2021-03-22,268045,526,220690,341,47355,185,244010,356,1647235,2088,1891245,2444,14,4075,19,8733,4246,7,"East TN",2455501,144.41044821403,0.107973560910308,99.5316230781417,21.4212904006148,10.7973560910308
2021-03-23,268483,438,220939,249,47544,189,244275,265,1649690,2455,1893965,2720,11,4086,17,8750,4252,6,"East TN",2455501,133.781252787109,0.102786161046232,110.77169180546,17.8375003716146,10.2786161046232
2021-03-24,269081,598,221399,460,47682,138,244768,493,1654388,4698,1899156,5191,4,4090,26,8776,4258,6,"East TN",2455501,140.785933298337,0.103438204122507,211.402886824318,24.353482242524,10.3438204122507
2021-03-25,269480,399,221705,306,47775,93,245101,333,1657357,2969,1902458,3302,8,4098,23,8799,4262,4,"East TN",2455501,134.636475407666,0.102865135203865,134.473575860894,16.2492297905804,10.2865135203865
2021-03-26,269890,410,222028,323,47862,87,245446,345,1659988,2631,1905434,2976,7,4105,14,8813,4272,10,"East TN",2455501,119.07956869087,0.105436337625179,121.197262798916,16.6972035442054,10.5436337625179
2021-03-27,270094,204,222209,181,47885,23,245656,210,1662499,2511,1908155,2721,2,4107,13,8826,4283,11,"East TN",2455501,116.310276395733,0.104177386911166,110.812416692154,8.30787688540954,10.4177386911166
2021-03-28,270410,316,222428,219,47982,97,245901,245,1664572,2073,1910473,2318,5,4112,17,8843,4289,6,"East TN",2455501,117.735647429995,0.103682170542636,94.4002873548005,12.8690641950461,10.3682170542636
2021-03-29,270850,440,222666,238,48184,202,246154,253,1666426,1854,1912580,2107,18,4130,18,8861,4294,5,"East TN",2455501,114.233307174381,0.100492149050855,85.8073362625387,17.918950145001,10.0492149050855
2021-03-30,271225,375,222924,258,48301,117,246476,322,1668902,2476,1915378,2798,5,4135,20,8881,4300,6,"East TN",2455501,111.667639312711,0.102788025965535,113.948232967529,15.271832509944,10.2788025965535
2021-03-31,271886,661,223366,442,48520,219,246964,488,1673716,4814,1920680,5302,4,4139,18,8899,4305,5,"East TN",2455501,114.233307174381,0.102025645790745,215.923349247262,26.9191501041946,10.2025645790745
2021-04-01,272336,450,223689,323,48647,127,247314,350,1676543,2827,1923857,3177,1,4140,18,8917,4313,8,"East TN",2455501,116.310276395733,0.103416047478854,129.382965024246,18.3261990119328,10.3416047478854
2021-04-02,272683,347,223921,232,48762,115,247565,251,1679562,3019,1927127,3270,0,4140,12,8929,4318,5,"East TN",2455501,113.744608534063,0.0976812796754714,133.170379486712,14.1315356825348,9.76812796754714
2021-04-03,273025,342,224171,250,48854,92,247839,274,1681914,2352,1929753,2626,0,4140,13,8942,4327,9,"East TN",2455501,119.364642897722,0.101074173534587,106.943552456301,13.9279112490689,10.1074173534587
2021-04-04,273196,171,224294,123,48902,48,247980,141,1683508,1594,1931488,1735,6,4146,8,8950,4331,4,"East TN",2455501,113.459534327211,0.0989293361884368,70.6576784126742,6.96395562453446,9.89293361884368
2021-04-05,273603,407,224529,235,49074,172,248203,223,1684727,1219,1932930,1442,6,4152,40,8990,4337,6,"East TN",2455501,112.115613066336,0.100687960687961,58.7252866115713,16.5750288841259,10.0687960687961
2021-04-06,274034,431,224779,250,49255,181,248480,277,1686811,2084,1935291,2361,3,4155,27,9017,4342,5,"East TN",2455501,114.396206721154,0.100637774318285,96.1514574826074,17.5524261647623,10.0637774318285
2021-04-07,274664,630,225241,462,49423,168,248987,507,1691502,4691,1940489,5198,5,4160,24,9041,4346,4,"East TN",2455501,113.133735233665,0.102125296582362,211.68796103117,25.6566786167059,10.2125296582362
2021-04-08,275069,405,225495,254,49574,151,249276,289,1694513,3011,1943789,3300,-1,4159,21,9062,4351,5,"East TN",2455501,111.301115332472,0.0984346779048766,134.392126087507,16.4935791107395,9.84346779048766
2021-04-09,275587,518,225901,406,49686,112,249725,449,1698388,3875,1948113,4324,4,4163,31,9093,4354,3,"East TN",2455501,118.265070957006,0.102925760030497,176.094410061328,21.0954913070693,10.2925760030497
2021-04-10,275892,305,226117,216,49775,89,249973,248,1701168,2780,1951141,3028,1,4164,15,9108,4359,5,"East TN",2455501,116.758250149359,0.0997755750888349,123.314956906961,12.4210904414211,9.97755750888349
2021-04-11,276129,237,226280,163,49849,74,250147,174,1702879,1711,1953026,1885,2,4166,10,9118,4363,4,"East TN",2455501,119.446092671109,0.100612870275792,76.7664114166518,9.65179814628461,10.0612870275792
2021-04-12,276594,465,226603,323,49991,142,250477,330,1704641,1762,1955118,2092,3,4169,16,9134,4372,9,"East TN",2455501,121.808136099313,0.102487831260141,85.1964629621409,18.9370723123306,10.2487831260141
2021-04-13,276972,378,226843,240,50129,138,250727,250,1706698,2057,1957425,2307,3,4172,16,9150,4376,4,"East TN",2455501,119.649717104575,0.101518026565465,93.9523136011755,15.3940071700236,10.1518026565465
2021-04-14,277651,679,227344,501,50307,178,251284,557,1711518,4820,1962802,5377,0,4172,29,9179,4379,3,"East TN",2455501,121.645236552541,0.102944471832564,218.97771574925,27.6521980646719,10.2944471832564
2021-04-15,278193,542,227712,368,50481,174,251664,380,1714662,3144,1966326,3524,2,4174,24,9203,4384,5,"East TN",2455501,127.224546029507,0.105959089497271,143.51450070678,22.0728885877057,10.5959089497271
2021-04-16,279166,973,228602,890,50564,83,252770,1106,1722146,7484,1974916,8590,3,4177,32,9235,4387,3,"East TN",2455501,145.754369474906,0.113606685818752,349.82677669445,39.625314752468,11.3606685818752
2021-04-17,279368,202,228749,147,50619,55,252943,173,1724377,2231,1977320,2404,0,4177,10,9245,4388,1,"East TN",2455501,141.559706145508,0.113449711600901,97.9026276104143,8.22642711202317,11.3449711600901
2021-04-18,279587,219,228937,188,50650,31,253145,202,1726180,1803,1979325,2005,6,4183,8,9253,4397,9,"East TN",2455501,140.82665818503,0.113996729913685,81.6533978198339,8.9187501858073,11.3996729913685
2021-04-19,279915,328,229132,195,50783,133,253355,210,1727629,1449,1980984,1659,8,4191,15,9268,4404,7,"East TN",2455501,135.247348708064,0.111265754272017,67.5625870239923,13.3577628353644,11.1265754272017
2021-04-20,280268,353,229409,277,50859,76,253634,279,1730077,2448,1983711,2727,4,4195,20,9288,4408,4,"East TN",2455501,134.229226540734,0.110591189226204,111.056766012313,14.375885002694,11.0591189226204
2021-04-21,280781,513,229739,330,51042,183,253971,337,1733858,3781,1987829,4118,4,4199,15,9303,4414,6,"East TN",2455501,127.468895349666,0.107364046829424,167.705083402532,20.8918668736034,10.7364046829424
2021-04-22,281422,641,230137,398,51285,243,254418,447,1738110,4252,1992528,4699,3,4202,26,9329,4418,4,"East TN",2455501,131.500659132291,0.105106480421342,191.366242571272,26.1046523703309,10.5106480421342
2021-04-23,281805,383,230414,277,51391,106,254726,308,1741311,3201,1996037,3509,0,4202,11,9340,4423,5,"East TN",2455501,107.472975983313,0.092609251455897,142.903627406383,15.5976316034895,9.2609251455897
2021-04-24,282065,260,230602,188,51463,72,254935,209,1744306,2995,1999241,3204,0,4202,19,9359,4430,7,"East TN",2455501,109.835019411517,0.0908717667989599,130.482536964962,10.5884705402278,9.08717667989599
2021-04-25,282264,199,230750,148,51514,51,255094,159,1745955,1649,2001049,1808,4,4206,17,9376,4435,5,"East TN",2455501,109.020521677654,0.0897164426440803,73.6305951412767,8.10425245194362,8.97164426440803
2021-04-26,282653,389,230997,247,51656,142,255345,251,1747927,1972,2003272,2223,6,4212,16,9392,4443,8,"East TN",2455501,111.504739765938,0.0892857142857143,90.531423118948,15.8419809236486,8.92857142857143
2021-04-27,283040,387,231199,202,51841,185,255564,219,1750290,2363,2005854,2582,3,4215,25,9417,4449,6,"East TN",2455501,112.889385913506,0.0871607279953032,105.151657441801,15.7605311502622,8.71607279953033
2021-04-28,283526,486,231543,344,51983,142,255945,381,1754417,4127,2010362,4508,6,4221,23,9440,4457,8,"East TN",2455501,111.78981397279,0.0876048462255359,183.587789212873,19.7922949328874,8.76048462255359
2021-04-29,283918,392,231822,279,52096,113,256249,304,1757348,2931,2013597,3235,1,4222,22,9462,4462,5,"East TN",2455501,101.649317186187,0.0869049314158242,131.74500845245,15.9641555837281,8.69049314158242
2021-04-30,284288,370,232050,228,52238,142,256488,239,1760612,3264,2017100,3503,0,4222,18,9480,4467,5,"East TN",2455501,101.119893659176,0.0836538005032521,142.659278086224,15.0682080764781,8.36538005032521
2021-05-01,284523,235,232232,182,52291,53,256676,188,1763102,2490,2019778,2678,-1,4221,15,9495,4468,1,"East TN",2455501,100.101771491846,0.0847738228563081,109.061246564347,9.57034837289824,8.47738228563081
2021-05-02,284698,175,232360,128,52338,47,256809,133,1764579,1477,2021388,1610,1,4222,11,9506,4472,4,"East TN",2455501,99.1243742112099,0.0843207630660308,65.5670675760262,7.1268551713072,8.43207630660308
2021-05-03,284911,213,232475,115,52436,98,256935,126,1766063,1484,2022998,1610,5,4227,17,9523,4476,4,"East TN",2455501,91.9567941532095,0.0806042786170536,65.5670675760262,8.67440086564819,8.06042786170536
2021-05-04,285230,319,232694,219,52536,100,257180,245,1768462,2399,2025642,2644,7,4234,12,9535,4484,8,"East TN",2455501,89.187501858073,0.0816656559531029,107.676600416778,12.9912388551257,8.16656559531029
2021-05-05,285694,464,232987,293,52707,171,257491,311,1772612,4150,2030103,4461,5,4239,22,9557,4489,5,"East TN",2455501,88.2915543508229,0.0783141684818398,181.673719538294,18.8963474256374,7.83141684818398
2021-05-06,285979,285,233183,196,52796,89,257722,231,1775050,2438,2032772,2669,4,4243,10,9567,4495,6,"East TN",2455501,83.9339914746522,0.0768187744458931,108.694722584108,11.6065927075574,7.68187744458931
2021-05-07,286344,365,233431,248,52913,117,257991,269,1778498,3448,2036489,3717,0,4243,15,9582,4500,5,"East TN",2455501,83.7303670411863,0.0775181804115736,151.374403838565,14.8645836430122,7.75181804115736
2021-05-08,286515,171,233534,103,52981,68,258105,114,1780392,1894,2038497,2008,0,4243,7,9589,4507,7,"East TN",2455501,81.1239742928225,0.0763395480527806,81.7755724799135,6.96395562453446,7.63395480527806
2021-05-09,286661,146,233649,115,53012,31,258237,132,1782103,1711,2040340,1843,3,4246,11,9600,4512,5,"East TN",2455501,79.9429525787202,0.0753482482059941,75.0559661755381,5.94583345720486,7.53482482059941
2021-05-10,286896,235,233785,136,53111,99,258382,145,1783619,1516,2042001,1661,7,4253,22,9622,4515,3,"East TN",2455501,80.8389000859702,0.0761458717044677,67.6440367973786,9.57034837289824,7.61458717044677
2021-05-11,287211,315,234013,228,53198,87,258626,244,1786296,2677,2044922,2921,1,4254,19,9641,4519,4,"East TN",2455501,80.6760005391975,0.075,118.95739403079,12.828339308353,7.5
2021-05-12,287515,304,234230,217,53285,87,258877,251,1790360,4064,2049237,4315,3,4257,16,9657,4521,2,"East TN",2455501,74.1600186682881,0.0724365004703669,175.727886081089,12.3803655547279,7.24365004703669
2021-05-13,287725,210,234367,137,53358,73,259022,145,1793093,2733,2052115,2878,1,4258,9,9666,4526,5,"East TN",2455501,71.1056521662993,0.0672077754226335,117.206223902984,8.55222620556864,6.72077754226335
2021-05-14,288026,301,234586,219,53440,82,259270,248,1795778,2685,2055048,2933,1,4259,21,9687,4531,5,"East TN",2455501,68.4992594179355,0.0689153510426208,119.446092671109,12.2581908946484,6.89153510426208
2021-05-15,288134,108,234667,81,53467,27,259372,102,1797766,1988,2057138,2090,0,4259,6,9693,4535,4,"East TN",2455501,65.9335915562649,0.0679684566278633,85.1150131887546,4.39828776286387,6.79684566278633
2021-05-16,288234,100,234741,74,53493,26,259457,85,1799215,1449,2058672,1534,3,4262,4,9697,4539,4,"East TN",2455501,64.0602467683784,0.0665502945668776,62.4719761873443,4.0724886693184,6.65502945668776
2021-05-17,288432,198,234844,103,53588,95,259567,110,1800782,1567,2060349,1677,6,4268,10,9707,4546,7,"East TN",2455501,62.5534259607306,0.0645846958796599,68.2956349844696,8.06352756525043,6.45846958796599
2021-05-18,288644,212,234978,134,53666,78,259712,145,1803019,2237,2062731,2382,8,4276,23,9730,4552,6,"East TN",2455501,58.3587626313327,0.0609804031669381,97.0066801031643,8.63367597895501,6.09804031669381
2021-05-19,288862,218,235143,165,53719,53,259879,167,1806288,3269,2066167,3436,1,4277,21,9751,4555,3,"East TN",2455501,54.8564223757188,0.0591848789131719,139.93071067778,8.87802529911411,5.91848789131719
2021-05-20,289038,176,235276,133,53762,43,260033,154,1820456,14168,2080489,14322,3,4280,7,9758,4560,5,"East TN",2455501,53.4717762281506,0.0356312116726581,583.261827219781,7.16758005800038,3.56312116726581
2021-05-21,289202,164,235384,108,53818,56,260153,120,1822734,2278,2082887,2398,0,4280,10,9768,4563,3,"East TN",2455501,47.8924667511844,0.0317180933223176,97.6582782902552,6.67888141768218,3.17180933223176
2021-05-22,289273,71,235432,48,53841,23,260215,62,1824320,1586,2084535,1648,0,4280,12,9780,4564,1,"East TN",2455501,46.3856459435366,0.030769792313027,67.1146132703672,2.89146695521606,3.0769792313027
2021-05-23,289347,74,235483,51,53864,23,260276,61,1825385,1065,2085661,1126,3,4283,5,9785,4566,2,"East TN",2455501,45.3267988895138,0.0303456963948275,45.8562224165252,3.01364161529562,3.03456963948275
2021-05-24,289507,160,235594,111,53913,49,260402,126,1827309,1924,2087711,2050,0,4283,7,9792,4570,4,"East TN",2455501,43.7792531951728,0.0305167750895402,83.4860177210272,6.51598187090944,3.05167750895402
2021-05-25,289651,144,235690,96,53961,48,260489,87,1829036,1727,2089525,1814,0,4283,9,9801,4576,6,"East TN",2455501,41.0099609000363,0.0289990296335,73.8749444614358,5.8643836838185,2.89990296335
2021-05-26,289837,186,235832,142,54005,44,260654,165,1831919,2883,2092573,3048,7,4290,14,9815,4581,5,"East TN",2455501,39.7067645258544,0.0293493902900856,124.129454640825,7.57482892493222,2.93493902900856
2021-05-27,289960,123,235907,75,54053,48,260792,138,1834891,2972,2095683,3110,4,4294,11,9826,4585,4,"East TN",2455501,37.5483455311156,0.0499539291825721,126.654397615802,5.00916106326163,4.99539291825721
2021-05-28,290077,117,235997,90,54080,27,260890,98,1837003,2112,2097893,2210,0,4294,9,9835,4588,3,"East TN",2455501,35.634275856536,0.0491136878581901,90.0019995919366,4.76481174310253,4.91136878581901
2021-05-29,290128,51,236029,32,54099,19,260927,37,1838079,1076,2099006,1113,0,4294,7,9842,4591,3,"East TN",2455501,34.8197781226723,0.0492018519798217,45.3267988895138,2.07696922135238,4.92018519798217
2021-05-30,290183,55,236069,40,54114,15,260973,46,1839166,1087,2100139,1133,0,4294,7,9849,4596,5,"East TN",2455501,34.0460052755018,0.0481420085647189,46.1412966233775,2.23986876812512,4.81420085647189
2021-05-31,290263,80,236135,66,54128,14,261044,71,1840593,1427,2101637,1498,6,4300,4,9853,4601,5,"East TN",2455501,30.7880143400471,0.046100818612667,61.0058802663896,3.25799093545472,4.6100818612667
2021-06-01,290394,131,236229,94,54165,37,261138,94,1841908,1315,2103046,1409,3,4303,11,9864,4604,3,"East TN",2455501,30.2585908130357,0.0479994083277864,57.3813653506963,5.3349601568071,4.79994083277864
2021-06-02,290513,119,236300,71,54213,48,261211,73,1843887,1979,2105098,2052,1,4304,9,9873,4608,4,"East TN",2455501,27.5300234045924,0.0444710578842315,83.5674674944136,4.8462615164889,4.44710578842315
2021-06-03,290600,87,236355,55,54245,32,261330,119,1847052,3165,2108382,3284,1,4305,7,9880,4613,5,"East TN",2455501,26.0639274836378,0.0423655405937475,133.740527900416,3.54306514230701,4.23655405937475
2021-06-04,290691,91,236414,59,54277,32,261408,78,1849204,2152,2110612,2230,0,4305,7,9887,4613,0,"East TN",2455501,25.005080429615,0.0407264722069345,90.8164973258003,3.70596468907974,4.07264722069345
2021-06-05,290732,41,236440,26,54292,15,261438,30,1850587,1383,2112025,1413,-1,4304,2,9889,4618,5,"East TN",2455501,24.5978315626831,0.0392503264459636,57.544264897469,1.66972035442054,3.92503264459636
2021-06-06,290758,26,236456,16,54302,10,261457,19,1851503,916,2112960,935,-1,4303,2,9891,4621,3,"East TN",2455501,23.4168098485808,0.0377505654785118,38.077769058127,1.05884705402278,3.77505654785118
2021-06-07,290831,73,236491,35,54340,38,261509,52,1852773,1270,2114282,1322,3,4306,10,9901,4623,2,"East TN",2455501,23.1317356417285,0.036773428232503,53.8383002083892,2.97291672860243,3.6773428232503
2021-06-08,290918,87,236558,67,54360,20,261579,70,1854251,1478,2115830,1548,3,4309,4,9905,4626,3,"East TN",2455501,21.3398406272284,0.0344962453066333,63.0421246010488,3.54306514230701,3.44962453066333
2021-06-09,290966,48,236596,38,54370,10,261633,54,1856980,2729,2118613,2783,0,4309,3,9908,4629,3,"East TN",2455501,18.4483736720124,0.0312245652978172,113.337359667131,1.95479456127283,3.12245652978172
2021-06-10,291041,75,236653,57,54388,18,261699,66,1858765,1785,2120464,1851,4,4313,4,9912,4632,3,"East TN",2455501,17.9596750316941,0.0305413011090879,75.3817652690836,3.0543665019888,3.05413011090879
2021-06-11,291111,70,236699,46,54412,24,261754,55,1860250,1485,2122004,1540,2,4315,4,9916,4633,1,"East TN",2455501,17.1044524111373,0.030372191011236,62.7163255075034,2.85074206852288,3.0372191011236
2021-06-12,291140,29,236721,22,54419,7,261785,31,1861443,1193,2123228,1224,3,4318,1,9917,4636,3,"East TN",2455501,16.6157537708191,0.030973846291172,49.8472613124572,1.18102171410234,3.0973846291172
2021-06-13,291158,18,236735,14,54423,4,261806,21,1862286,843,2124092,864,1,4319,1,9918,4637,1,"East TN",2455501,16.2899546772736,0.0313510600071865,35.186302102911,0.733047960477312,3.13510600071865
2021-06-14,291211,53,236768,33,54443,20,261847,41,1863538,1252,2125385,1293,3,4322,3,9921,4639,2,"East TN",2455501,15.4754569434099,0.0304422228226605,52.6572784942869,2.15841899473875,3.04422228226605
2021-06-15,291299,88,236837,69,54462,19,261935,88,1865420,1882,2127355,1970,0,4322,4,9925,4643,4,"East TN",2455501,15.5161818301031,0.0308893709327549,80.2280267855725,3.58379002900019,3.08893709327549
2021-06-16,291367,68,236878,41,54489,27,261973,38,1867325,1905,2129298,1943,2,4324,8,9933,4646,3,"East TN",2455501,16.3306795639668,0.0318203088441741,79.1284548448565,2.76929229513651,3.18203088441741
2021-06-17,291418,51,236916,38,54502,13,262019,46,1869676,2351,2131695,2397,1,4325,1,9934,4650,4,"East TN",2455501,15.3532822833304,0.0284925652212626,97.617553403562,2.07696922135238,2.84925652212626
2021-06-18,291480,62,236967,51,54513,11,262074,55,1871404,1728,2133478,1783,2,4327,4,9938,4652,2,"East TN",2455501,15.0274831897849,0.0278891406658532,72.6124729739471,2.52494297497741,2.78891406658532
2021-06-19,291508,28,236984,17,54524,11,262092,18,1872554,1150,2134646,1168,0,4327,5,9943,4654,2,"East TN",2455501,14.9867583030917,0.0268873708180067,47.5666676576389,1.14029682740915,2.68873708180067
2021-06-20,291533,25,237005,21,54528,4,262109,17,1873308,754,2135417,771,3,4330,2,9945,4657,3,"East TN",2455501,15.271832509944,0.0267549668874172,31.3988876404449,1.0181221673296,2.67549668874172
2021-06-21,291600,67,237045,40,54555,27,262161,52,1874579,1271,2136740,1323,6,4336,2,9947,4659,2,"East TN",2455501,15.8419809236486,0.0276530162923822,53.8790250950824,2.72856740844333,2.76530162923822
2021-06-22,291693,93,237091,46,54602,47,262212,51,1876006,1427,2138218,1478,5,4341,7,9954,4663,4,"East TN",2455501,16.0456053571145,0.0254994016385897,60.1913825325259,3.78741446246611,2.54994016385897
2021-06-23,291762,69,237139,48,54623,21,262267,55,1877795,1789,2140062,1844,2,4343,5,9959,4667,4,"East TN",2455501,16.0863302438077,0.0273132664437012,75.0966910622313,2.8100171818297,2.73132664437012
2021-06-24,291845,83,237191,52,54654,31,262329,62,1879638,1843,2141967,1905,3,4346,6,9965,4668,1,"East TN",2455501,17.3895266179896,0.0301791277258567,77.5809091505155,3.38016559553427,3.01791277258567
2021-06-25,291924,79,237247,56,54677,23,262398,69,1881442,1804,2143840,1873,0,4346,3,9968,4670,2,"East TN",2455501,18.0818496917737,0.0312680949623625,76.2777127763336,3.21726604876154,3.12680949623625
2021-06-26,291959,35,237265,18,54694,17,262419,21,1882626,1184,2145045,1205,0,4346,2,9970,4672,2,"East TN",2455501,18.366923898626,0.031445331281854,49.0734884652867,1.42537103426144,3.1445331281854
2021-06-27,291988,29,237285,20,54703,9,262443,24,1883340,714,2145783,738,2,4348,3,9973,4674,2,"East TN",2455501,18.5298234453987,0.0322207215898129,30.0549663795698,1.18102171410234,3.22207215898129
2021-06-28,292032,44,237309,24,54723,20,262468,25,1883892,552,2146360,577,4,4352,3,9976,4674,0,"East TN",2455501,17.5931510514555,0.0319126819126819,23.4982596219672,1.7918950145001,3.19126819126819
2021-06-29,292162,130,237394,85,54768,45,262563,95,1885904,2012,2148467,2107,0,4352,7,9983,4677,3,"East TN",2455501,19.0999718591033,0.0342472436335252,85.8073362625387,5.29423527011392,3.42472436335252
2021-06-30,292247,85,237457,63,54790,22,262638,75,1887548,1644,2150186,1719,3,4355,4,9987,4677,0,"East TN",2455501,19.7515700461942,0.0366455946266298,70.0060802255833,3.46161536892064,3.66455946266298
2021-07-01,292353,106,237510,53,54843,53,262703,65,1890100,2552,2152803,2617,1,4356,2,9989,4680,3,"East TN",2455501,20.6882424401375,0.0345145810262089,106.577028476063,4.3168379894775,3.45145810262089
2021-07-02,292435,82,237573,63,54862,19,262777,74,1891782,1682,2154559,1756,0,4356,3,9992,4682,2,"East TN",2455501,20.810417100217,0.0353577759119321,71.5129010332311,3.33944070884109,3.53577759119321
2021-07-03,292483,48,237609,36,54874,12,262817,40,1892869,1087,2155686,1127,1,4357,3,9995,4685,3,"East TN",2455501,21.3398406272284,0.0374024997650597,45.8969473032184,1.95479456127283,3.74024997650597
2021-07-04,292510,27,237630,21,54880,6,262842,25,1893569,700,2156411,725,0,4357,1,9996,4686,1,"East TN",2455501,21.258390853842,0.0375423409860745,29.5255428525584,1.09957194071597,3.75423409860745
2021-07-05,292553,43,237654,24,54899,19,262867,25,1894051,482,2156918,507,0,4357,2,9998,4687,1,"East TN",2455501,21.2176659671489,0.0377912483424891,20.6475175534443,1.75117012780691,3.77912483424891
2021-07-06,292715,162,237758,104,54957,58,262978,111,1895376,1325,2158354,1436,5,4362,6,10004,4687,0,"East TN",2455501,22.5208623413308,0.0419743096996055,58.4809372914122,6.59743164429581,4.19743096996055
2021-07-07,292858,143,237840,82,55018,61,263066,88,1896833,1457,2159899,1545,4,4366,6,10010,4689,2,"East TN",2455501,24.8829057695354,0.0440646556161845,62.9199499409693,5.82365879712531,4.40646556161845
2021-07-08,292998,140,237942,102,55056,38,263183,117,1898687,1854,2161870,1971,2,4368,3,10013,4691,2,"East TN",2455501,26.2675519171037,0.0529392301753612,80.2687516722657,5.70148413704576,5.29392301753612
2021-07-09,293162,164,238064,122,55098,42,263314,131,1900431,1744,2163745,1875,0,4368,4,10017,4693,2,"East TN",2455501,29.6069926259448,0.058458523840627,76.35916254972,6.67888141768218,5.8458523840627
2021-07-10,293265,103,238136,72,55129,31,263387,73,1901488,1057,2164875,1130,0,4368,12,10029,4694,1,"East TN",2455501,31.8468613940699,0.0620306888671237,46.0191219632979,4.19466332939795,6.20306888671237
2021-07-11,293313,48,238171,35,55142,13,263430,43,1902244,756,2165674,799,2,4370,7,10036,4694,0,"East TN",2455501,32.7020840146267,0.0634783547446831,32.539184467854,1.95479456127283,6.34783547446832
2021-07-12,293485,172,238287,116,55198,56,263554,124,1903610,1366,2167164,1490,1,4371,14,10050,4695,1,"East TN",2455501,37.9555943980475,0.0670505563146594,60.6800811728442,7.00468051122765,6.70505563146594
2021-07-13,293699,214,238424,137,55275,77,263699,145,1905231,1621,2168930,1766,4,4375,17,10067,4699,4,"East TN",2455501,40.0732885060931,0.0681732223903177,71.9201499001629,8.71512575234138,6.81732223903177
2021-07-14,293872,173,238560,136,55312,37,263841,142,1906792,1561,2170633,1703,0,4375,12,10079,4700,1,"East TN",2455501,41.2950351068886,0.0722004844419601,69.3544820384923,7.04540539792083,7.22004844419601
2021-07-15,294092,220,238710,150,55382,70,264008,167,1908593,1801,2172601,1968,0,4375,15,10094,4700,0,"East TN",2455501,44.5530260423433,0.0768800670953313,80.1465770121861,8.95947507250048,7.68800670953313
2021-07-16,294322,230,238852,142,55470,88,264162,154,1910122,1529,2174284,1683,0,4375,10,10104,4704,4,"East TN",2455501,47.2408685640934,0.0804630420343486,68.5399843046287,9.36672393943232,8.04630420343486
2021-07-17,294466,144,238952,100,55514,44,264272,110,1911340,1218,2175612,1328,0,4375,5,10109,4706,2,"East TN",2455501,48.910588918514,0.0824252584520816,54.0826495285484,5.8643836838185,8.24252584520816
2021-07-18,294610,144,239073,121,55537,23,264404,132,1912464,1124,2176868,1256,0,4375,6,10115,4708,2,"East TN",2455501,52.8201780410596,0.0870108986957299,51.1504576866391,5.8643836838185,8.70108986957299
2021-07-19,294913,303,239284,211,55629,92,264620,216,1914154,1690,2178774,1906,2,4377,14,10129,4709,1,"East TN",2455501,58.1551381978667,0.091817398794143,77.6216340372087,12.3396406680348,9.1817398794143
2021-07-20,295270,357,239522,238,55748,119,264874,254,1915814,1660,2180688,1914,2,4379,22,10151,4711,2,"East TN",2455501,63.9787969949921,0.0999319612178942,77.9474331307542,14.5387845494667,9.99319612178942
2021-07-21,295672,402,239816,294,55856,108,265183,309,1917930,2116,2183113,2425,3,4382,28,10179,4715,4,"East TN",2455501,73.3047960477312,0.107532051282051,98.7578502309712,16.37140445066,10.7532051282051
2021-07-22,296146,474,240149,333,55997,141,265550,367,1920298,2368,2185848,2735,5,4387,21,10200,4718,3,"East TN",2455501,83.6489172677999,0.116403714048464,111.382565105858,19.3035962925692,11.6403714048464
2021-07-23,296607,461,240469,320,56138,141,265883,333,1922201,1903,2188084,2236,1,4388,28,10228,4724,6,"East TN",2455501,93.0563660939254,0.124710144927536,91.0608466459594,18.7741727655578,12.4710144927536
2021-07-24,296964,357,240718,249,56246,108,266148,265,1923952,1751,2190100,2016,0,4388,21,10249,4728,4,"East TN",2455501,101.730766959574,0.129486471562673,82.101371573459,14.5387845494667,12.9486471562673
2021-07-25,297192,228,240908,190,56284,38,266351,203,1925267,1315,2191618,1518,3,4391,17,10266,4733,5,"East TN",2455501,105.151657441801,0.132,61.8203780002533,9.28527416604595,13.2
2021-07-26,297859,667,241371,463,56488,204,266837,486,1926996,1729,2193833,2215,10,4401,36,10302,4737,4,"East TN",2455501,119.97551619812,0.147220931004715,90.2056240254026,27.1634994243537,14.7220931004715
2021-07-27,298585,726,241860,489,56725,237,267352,515,1929317,2321,2196669,2836,2,4403,28,10330,4743,6,"East TN",2455501,135.002999387905,0.155059132720105,115.49577866187,29.5662677392516,15.5059132720105
2021-07-28,299402,817,242408,548,56994,269,267966,614,1932183,2866,2200149,3480,2,4405,37,10367,4746,3,"East TN",2455501,151.903827365576,0.163359943648744,141.72260569228,33.2722324283313,16.3359943648744
2021-07-29,300090,688,242864,456,57226,232,268462,496,1934611,2428,2203073,2924,3,4408,23,10390,4750,4,"East TN",2455501,160.618953117918,0.169056603773585,119.07956869087,28.0187220449106,16.9056603773585
2021-07-30,301088,998,243613,749,57475,249,269265,803,1936414,1803,2205679,2606,4,4412,41,10431,4755,5,"East TN",2455501,182.488217272157,0.192213697073032,106.129054722438,40.6434369197976,19.2213697073032
2021-07-31,301623,535,243978,365,57645,170,269661,396,1938383,1969,2208044,2365,2,4414,32,10463,4765,10,"East TN",2455501,189.737247103544,0.195775746767722,96.3143570293801,21.7878143808534,19.5775746767722
2021-08-01,302153,530,244398,420,57755,110,270122,461,1940521,2138,2210643,2599,3,4417,28,10491,4769,4,"East TN",2455501,202.036162884886,0.198212877792378,105.843980515585,21.5841899473875,19.8212877792378
2021-08-02,303003,850,244936,538,58067,312,270658,536,1942856,2335,2213514,2871,9,4426,33,10524,4778,9,"East TN",2455501,209.488817149738,0.1941466388903,116.921149696131,34.6161536892064,19.41466388903
2021-08-03,304341,1338,245905,969,58436,369,271674,1016,1946630,3774,2218304,4790,4,4430,40,10564,4788,10,"East TN",2455501,234.412447805967,0.199768892997458,195.072207260351,54.4898983954802,19.9768892997458
2021-08-04,305428,1087,246740,835,58688,252,272560,886,1950249,3619,2222809,4505,8,4438,40,10604,4794,6,"East TN",2455501,245.408167213127,0.202736098852604,183.465614552794,44.267951835491,20.2736098852604
2021-08-05,306608,1180,247633,893,58975,287,273513,953,1954213,3964,2227726,4917,10,4448,43,10647,4801,7,"East TN",2455501,265.444811466173,0.204883786963047,200.244267870386,48.0553662979571,20.4883786963047
2021-08-06,307946,1338,248620,987,59326,351,274596,1083,1958841,4628,2233437,5711,3,4451,52,10699,4814,13,"East TN",2455501,279.291272941856,0.192052741551985,232.579827904774,54.4898983954802,19.2052741551985
2021-08-07,308670,724,249145,525,59525,199,275179,583,1961843,3002,2237022,3585,0,4451,28,10727,4823,9,"East TN",2455501,286.988276526868,0.190420318862585,145.998718795065,29.4848179658652,19.0420318862585
2021-08-08,309307,637,249597,452,59710,185,275704,525,1963959,2116,2239663,2641,5,4456,30,10757,4833,10,"East TN",2455501,291.345839403038,0.192350103376981,107.554425756699,25.9417528235582,19.2350103376981
2021-08-09,310676,1369,250558,961,60118,408,276710,1006,1967496,3537,2244206,4543,13,4469,66,10823,4845,12,"East TN",2455501,312.482055596801,0.197184934184804,185.013160247135,55.7523698829689,19.7184934184804
2021-08-10,312002,1326,251409,851,60593,475,277627,917,1970747,3251,2248374,4168,6,4475,49,10872,4859,14,"East TN",2455501,311.993356956483,0.197971400066511,169.741327737191,54.001199755162,19.7971400066511
2021-08-11,313889,1887,252721,1312,61168,575,279011,1384,1976102,5355,2255113,6739,8,4483,63,10935,4879,20,"East TN",2455501,344.57326631103,0.199696631996038,274.445011425367,76.8478611900382,19.9696631996038
2021-08-12,315351,1462,253789,1068,61562,394,280172,1161,1980582,4480,2260754,5641,10,4493,45,10980,4893,14,"East TN",2455501,356.057684358508,0.201616809979411,229.729085836251,59.539784345435,20.1616809979411
2021-08-13,316997,1646,254911,1122,62086,524,281344,1172,1986001,5419,2267345,6591,11,4504,30,11010,4917,24,"East TN",2455501,368.600949460008,0.199009083402147,268.417728194776,67.0331634969809,19.9009083402147
2021-08-14,318527,1530,256000,1089,62527,441,282544,1200,1991473,5472,2274017,6672,1,4505,27,11037,4931,14,"East TN",2455501,401.425208134715,0.199080956886066,271.716444016924,62.3090766405715,19.9080956886066
2021-08-15,319671,1144,256967,967,62704,177,283603,1059,1995280,3807,2278883,4866,11,4516,21,11058,4944,13,"East TN",2455501,422.072725688159,0.201402345741968,198.167298649033,46.5892703770025,20.1402345741968
2021-08-16,321110,1439,257886,919,63224,520,284566,963,1998339,3059,2282905,4022,17,4533,27,11085,4962,18,"East TN",2455501,424.923467756682,0.203002661567482,163.795494279986,58.6031119514918,20.3002661567482
2021-08-17,322847,1737,259102,1216,63745,521,285886,1320,2003198,4859,2289084,6179,10,4543,25,11110,4979,17,"East TN",2455501,441.66139618758,0.202873986735446,251.639074877184,70.7391281860606,20.2873986735446
2021-08-18,324938,2091,260495,1393,64443,698,287363,1477,2008618,5420,2295981,6897,13,4556,32,11142,4994,15,"East TN",2455501,449.96927307299,0.204365273563668,280.87954352289,85.1557380754477,20.4365273563668
2021-08-19,327329,2391,261997,1502,65332,889,288938,1575,2018570,9952,2307508,11527,23,4579,43,11185,5016,22,"East TN",2455501,487.802692810958,0.187491979295889,469.435768912332,97.3732040834029,18.7491979295889
2021-08-20,329784,2455,263977,1980,65807,475,291050,2112,2025461,6891,2316511,9003,4,4583,37,11222,5049,33,"East TN",2455501,520.749126145744,0.197412846275882,366.646154898736,99.9795968317667,19.7412846275882
2021-08-21,332712,2928,265955,1978,66757,950,293169,2119,2034386,8925,2327555,11044,0,4583,57,11279,5073,24,"East TN",2455501,577.682517742815,0.198457170607793,449.765648639524,119.242468237643,19.8457170607793
2021-08-22,334194,1482,267293,1338,66901,144,294685,1516,2039897,5511,2334582,7027,7,4590,17,11296,5092,19,"East TN",2455501,591.447529445111,0.198962279394603,286.173778793004,60.3542820792987,19.8962279394603
2021-08-23,336142,1948,268422,1129,67720,819,295871,1186,2043863,3966,2339734,5152,17,4607,37,11333,5113,21,"East TN",2455501,612.176496771942,0.198930123704447,209.814616243284,79.3320792783224,19.8930123704447
2021-08-24,338125,1983,269813,1391,68312,592,297304,1433,2047642,3779,2344946,5212,15,4622,25,11358,5151,38,"East TN",2455501,622.194818898465,0.204396548637714,212.258109444875,80.7574503125839,20.4396548637714
2021-08-25,340351,2226,271026,1213,69325,1013,298548,1244,2051677,4035,2350225,5279,17,4639,39,11397,5189,38,"East TN",2455501,627.692678602045,0.206197920507337,214.986676853318,90.6535977790276,20.6197920507337
2021-08-26,343006,2655,272862,1836,70144,819,300503,1955,2058521,6844,2359024,8799,24,4663,40,11437,5219,30,"East TN",2455501,638.444048689046,0.224493361285814,358.338278013326,108.124574170404,22.4493361285814
2021-08-27,346016,3010,275142,2280,70874,730,302876,2373,2065593,7072,2368469,9445,19,4682,44,11481,5240,21,"East TN",2455501,661.046360803763,0.227606913276108,384.646554817123,122.581908946484,22.7606913276108
2021-08-28,348160,2144,276683,1541,71477,603,304549,1673,2071459,5866,2376008,7539,1,4683,33,11514,5275,35,"East TN",2455501,629.118049636306,0.234866778114874,307.024920779914,87.3141570701865,23.4866778114874
2021-08-29,350493,2333,278510,1827,71983,506,306569,2020,2078452,6993,2385021,9013,9,4692,45,11559,5306,31,"East TN",2455501,663.774928212206,0.235611332500644,367.053403765667,95.0111606551983,23.5611332500644
2021-08-30,353735,3242,280924,2414,72811,828,309175,2606,2087491,9039,2396666,11645,21,4713,71,11630,5346,40,"East TN",2455501,716.472931593186,0.233682287641397,474.241305542128,132.030082659303,23.3682287641397
2021-08-31,357323,3588,283336,2412,73987,1176,311783,2608,2096077,8586,2407860,11194,7,4720,80,11710,5381,35,"East TN",2455501,781.836374735746,0.230139555583813,455.874381643502,146.120893455144,23.0139555583813
2021-09-01,358758,1435,284291,955,74467,480,312773,990,2098359,2282,2411132,3272,14,4734,32,11742,5423,42,"East TN",2455501,749.622989361438,0.233552793603363,133.251829260098,58.440212404719,23.3552793603363
2021-09-02,361074,2316,285786,1495,75288,821,314289,1516,2102616,4257,2416905,5773,19,4753,44,11786,5453,30,"East TN",2455501,735.817252772448,0.238178331404088,235.104770879751,94.3188375814141,23.8178331404088
2021-09-03,362829,1755,287013,1227,75816,528,315583,1294,2106721,4105,2422304,5399,17,4770,32,11818,5482,29,"East TN",2455501,684.707519972503,0.236036036036036,219.8736632565,71.4721761465379,23.6036036036036
2021-09-04,366088,3259,289356,2343,76732,916,318157,2574,2114766,8045,2432923,10619,3,4773,56,11874,5513,31,"East TN",2455501,730.115768635403,0.239093384872178,432.457571794921,132.722405733087,23.9093384872178
2021-09-05,370542,4454,292610,3254,77932,1200,321643,3486,2127275,12509,2448918,15995,8,4781,58,11932,5568,55,"East TN",2455501,816.493253311646,0.235910919135484,651.394562657478,181.388645331442,23.5910919135484
2021-09-06,375448,4906,296543,3933,78905,973,325931,4288,2142908,15633,2468839,19921,11,4792,102,12034,5605,37,"East TN",2455501,884.259464769104,0.232164382802433,811.280467814918,199.796294116761,23.2164382802433
2021-09-07,377527,2079,298000,1457,79527,622,327449,1518,2147333,4425,2474782,5943,34,4826,64,12098,5637,32,"East TN",2455501,822.80561074909,0.234093422193001,242.028001617593,84.6670394351295,23.4093422193001
2021-09-08,379202,1675,299176,1176,80026,499,328710,1261,2151710,4377,2480420,5638,19,4845,60,12158,5678,41,"East TN",2455501,832.579583555454,0.230010968710311,229.606911176171,68.2141852110832,23.0010968710311
2021-09-09,381111,1909,300181,1005,80930,904,329787,1077,2155375,3665,2485162,4742,8,4853,55,12213,5718,40,"East TN",2455501,816.004554671328,0.227053635524562,193.117412699079,77.7438086972883,22.7053635524562
2021-09-10,386601,5490,304020,3839,82581,1651,333923,4136,2167477,12102,2501400,16238,23,4876,144,12357,5754,36,"East TN",2455501,968.11200647037,0.231870132497219,661.290710123922,223.57962794558,23.1870132497219
2021-09-11,390880,4279,307123,3103,83757,1176,337238,3315,2179296,11819,2516534,15134,8,4884,119,12476,5798,44,"East TN",2455501,1009.65139089742,0.228211598952291,616.330435214647,174.261790160134,22.8211598952291
2021-09-12,392459,1579,308546,1423,83913,156,338792,1554,2184536,5240,2523328,6794,23,4907,50,12526,5842,44,"East TN",2455501,892.567341654514,0.230466335170004,276.684880193492,64.3045960885375,23.0466335170004
2021-09-13,394811,2352,310000,1454,84811,898,340297,1505,2189659,5123,2529956,6628,63,4970,84,12610,5892,50,"East TN",2455501,788.555981040122,0.235057349019095,269.924549002424,95.7849335023688,23.5057349019095
2021-09-14,397622,2811,311955,1955,85667,856,342372,2075,2195879,6220,2538251,8295,43,5013,63,12673,5936,44,"East TN",2455501,818.366598099532,0.23512265830563,337.812935119961,114.47765649454,23.512265830563
2021-09-15,399414,1792,313152,1197,86262,595,343588,1216,2199654,3775,2543242,4991,23,5036,36,12709,5975,39,"East TN",2455501,823.131409842635,0.236827862850594,203.257909485681,72.9789969541857,23.6827862850594
2021-09-16,402058,2644,315006,1854,87052,790,345545,1957,2206311,6657,2551856,8614,23,5059,65,12774,6012,37,"East TN",2455501,853.064201562125,0.236273128017513,350.804173975087,107.676600416778,23.6273128017513
2021-09-17,404737,2679,316882,1876,87855,803,347549,2004,2213513,7202,2561062,9206,23,5082,82,12856,6067,55,"East TN",2455501,738.586545067585,0.228386577721163,374.913306897452,109.10197145104,22.8386577721163
2021-09-18,406186,1449,318058,1176,88128,273,348885,1336,2218985,5472,2567870,6808,3,5085,39,12895,6125,58,"East TN",2455501,623.335115725874,0.226877824528596,277.255028607197,59.0103608184236,22.6877824528596
2021-09-19,406829,643,318504,446,88325,197,349398,513,2221062,2077,2570460,2590,17,5102,24,12919,6168,43,"East TN",2455501,585.216621781054,0.225027582109819,105.477456535347,26.1861021437173,22.5027582109819
2021-09-20,408809,1980,319760,1256,89049,724,350768,1370,2226698,5636,2577466,7006,48,5150,70,12989,6212,44,"East TN",2455501,570.06696393119,0.220395706167123,285.318556172447,80.6352756525043,22.0395706167123
2021-09-21,410681,1872,320863,1103,89818,769,351907,1139,2231002,4304,2582909,5443,31,5181,61,13050,6259,47,"East TN",2455501,531.82629532629,0.213511576873125,221.665558271,76.2369878896404,21.3511576873125
2021-09-22,412273,1592,321980,1117,90293,475,353128,1221,2236358,5356,2589486,6577,14,5195,45,13095,6299,40,"East TN",2455501,523.681317987653,0.206297033128622,267.847579781071,64.8340196155489,20.6297033128622
2021-09-23,414620,2347,323487,1507,91133,840,354790,1662,2242714,6356,2597504,8018,32,5227,59,13154,6337,38,"East TN",2455501,511.586026639777,0.202528040658955,326.532141505949,95.5813090689028,20.2528040658955
2021-09-24,416157,1537,324468,981,91689,556,355888,1098,2247593,4879,2603481,5977,37,5264,40,13194,6386,49,"East TN",2455501,465.078206036161,0.196586435323794,243.412647765161,62.5941508474238,19.6586435323794
2021-09-25,416854,697,324957,489,91897,208,356450,562,2250614,3021,2607064,3583,2,5266,21,13215,6428,42,"East TN",2455501,434.453091242887,0.193014236872991,145.917269021678,28.3852460251492,19.3014236872991
2021-09-26,417715,861,325585,628,92130,233,357173,723,2254589,3975,2611762,4698,6,5272,26,13241,6464,36,"East TN",2455501,443.331116542001,0.188247542491889,191.325517684578,35.0641274428314,18.8247542491889
2021-09-27,419173,1458,326416,831,92757,627,358095,922,2258180,3591,2616275,4513,46,5318,45,13286,6497,33,"East TN",2455501,422.072725688159,0.188796413203123,183.791413646339,59.3768847986623,18.8796413203123
2021-09-28,420466,1293,327205,789,93261,504,358955,860,2261840,3660,2620795,4520,14,5332,34,13320,6533,36,"East TN",2455501,398.493016292805,0.186031779549174,184.076487853192,52.6572784942869,18.6031779549174
2021-09-29,422142,1676,328214,1009,93928,667,360093,1138,2267337,5497,2627430,6635,30,5362,50,13370,6578,45,"East TN",2455501,401.913906775033,0.183559983133038,270.209623209276,68.2549100977764,18.3559983133038
2021-09-30,423351,1209,328975,761,94376,448,360913,820,2272008,4671,2632921,5491,11,5373,40,13410,6613,35,"East TN",2455501,355.56898571819,0.172883078747494,223.620352832273,49.2363880120595,17.2883078747494
2021-10-01,424723,1372,329949,974,94774,398,361988,1075,2276980,4972,2638968,6047,14,5387,48,13458,6642,29,"East TN",2455501,348.849379413814,0.171893932989545,246.263389833684,55.8745445430484,17.1893932989545
2021-10-02,425276,553,330300,351,94976,202,362383,395,2279649,2669,2642032,3064,11,5398,19,13477,6680,38,"East TN",2455501,342.984995729996,0.16966941203386,124.781052827916,22.5208623413308,16.966941203386
2021-10-03,425815,539,330766,466,95049,73,362907,524,2282740,3091,2645647,3615,13,5411,15,13492,6713,33,"East TN",2455501,329.87158221479,0.169219418621809,147.22046539586,21.9507139276262,16.9219418621809
2021-10-04,427162,1347,331623,857,95539,490,363847,940,2286877,4137,2650724,5077,22,5433,29,13521,6736,23,"East TN",2455501,325.351119791847,0.166971465064298,206.760249741295,54.8564223757188,16.6971465064298
2021-10-05,428426,1264,332379,756,96047,508,364662,815,2291339,4462,2656001,5277,17,5450,41,13562,6776,40,"East TN",2455501,324.170098077745,0.162103050616372,214.905227079932,51.4762567801846,16.2103050616372
2021-10-06,429363,937,333087,708,96276,229,365442,780,2295760,4421,2661202,5201,18,5468,26,13588,6811,35,"East TN",2455501,294.074406811482,0.158385644912946,211.81013569125,38.1592188315134,15.8385644912946
2021-10-07,430479,1116,333880,793,96599,323,366300,858,2300541,4781,2666841,5639,24,5492,26,13614,6841,30,"East TN",2455501,290.286992349016,0.158814858490566,229.647636062865,45.4489735495933,15.8814858490566
2021-10-08,431531,1052,334467,587,97064,465,366942,642,2304786,4245,2671728,4887,9,5501,31,13645,6862,21,"East TN",2455501,277.255028607197,0.151221001221001,199.02252126959,42.8425808012296,15.1221001221001
2021-10-09,432072,541,334822,355,97250,186,367359,417,2307595,2809,2674954,3226,4,5505,32,13677,6892,30,"East TN",2455501,276.766329966878,0.151145130915497,131.378484472212,22.0321637010125,15.1145130915497
2021-10-10,432389,317,335087,265,97302,52,367668,309,2309827,2232,2677495,2541,6,5511,16,13693,6916,24,"East TN",2455501,267.725405120992,0.14949133383572,103.481937087381,12.9097890817393,14.949133383572
2021-10-11,433606,1217,335625,538,97981,679,368216,548,2313273,3446,2681489,3994,52,5563,33,13726,6930,14,"East TN",2455501,262.431169850878,0.142012026653665,162.655197452577,49.5621871056049,14.2012026653665
2021-10-12,434540,934,336262,637,98278,297,369221,1005,2316917,3644,2686138,4649,29,5592,32,13758,6964,34,"East TN",2455501,248.991957242127,0.151275840329163,189.329998236612,38.0370441714339,15.1275840329163
2021-10-13,435386,846,336810,548,98576,298,369870,649,2320781,3864,2690651,4513,25,5617,37,13795,6987,23,"East TN",2455501,245.285992553047,0.150361642161024,183.791413646339,34.4532541424337,15.0361642161024
2021-10-14,436335,949,337463,653,98872,296,370591,721,2324784,4003,2695375,4724,31,5648,33,13828,7019,32,"East TN",2455501,238.484936475285,0.150382000420551,192.384364738601,38.6479174718316,15.0382000420551
2021-10-15,437138,803,337975,512,99163,291,371167,576,2328677,3893,2699844,4469,24,5672,30,13858,7044,25,"East TN",2455501,228.344439688683,0.150270308721013,181.999518631839,32.7020840146267,15.0270308721013
2021-10-16,437445,307,338214,239,99231,68,371438,271,2330907,2230,2702345,2501,7,5679,12,13870,7059,15,"East TN",2455501,218.814816202478,0.148917527655069,101.852941619653,12.5025402148075,14.8917527655069
2021-10-17,437697,252,338424,210,99273,42,371686,248,2332570,1663,2704256,1911,7,5686,14,13884,7075,16,"East TN",2455501,216.167698567421,0.150143866073764,77.8252584706746,10.2626714466824,15.0143866073764
2021-10-18,438483,786,338890,466,99593,320,372201,515,2335760,3190,2707961,3705,23,5709,37,13921,7096,21,"East TN",2455501,198.615272402658,0.1505364158356,150.885705198247,32.0097609408426,15.05364158356
2021-10-19,439314,831,339331,441,99983,390,372675,474,2339088,3328,2711763,3802,25,5734,23,13944,7112,16,"East TN",2455501,194.42060907326,0.134790243902439,154.836019207486,33.8423808420359,13.4790243902439
2021-10-20,440078,764,339821,490,100257,274,373216,541,2343109,4021,2716325,4562,15,5749,21,13965,7131,19,"East TN",2455501,191.081168364419,0.130326400249279,185.786933094305,31.1138134335926,13.0326400249279
2021-10-21,440707,629,340244,423,100463,206,373686,470,2346746,3637,2720432,4107,17,5766,21,13986,7149,18,"East TN",2455501,178.0492046226,0.123518378097937,167.257109648907,25.6159537300127,12.3518378097937
2021-10-22,441251,544,340585,341,100666,203,374072,386,2349850,3104,2723922,3490,6,5772,18,14004,7167,18,"East TN",2455501,167.501458969066,0.120649555610931,142.129854559212,22.1543383610921,12.0649555610931
2021-10-23,441608,357,340829,244,100779,113,374345,273,2352234,2384,2726579,2657,0,5772,15,14019,7187,20,"East TN",2455501,169.537703303725,0.119955434513493,108.20602394379,14.5387845494667,11.9955434513493
2021-10-24,441851,243,340991,162,100860,81,374541,196,2354131,1897,2728672,2093,7,5779,14,14033,7199,12,"East TN",2455501,169.171179323486,0.116931520314548,85.2371878488341,9.89614746644371,11.6931520314548
2021-10-25,442273,422,341239,248,101034,174,374812,271,2356562,2431,2731374,2702,28,5807,21,14054,7210,11,"East TN",2455501,154.347320567167,0.111519241447059,110.038643844983,17.1859021845236,11.1519241447059
2021-10-26,442799,526,341568,329,101231,197,375150,338,2359201,2639,2734351,2977,12,5819,28,14082,7221,11,"East TN",2455501,141.926230125746,0.109571453869311,121.237987685609,21.4212904006148,10.9571453869311
2021-10-27,443419,620,341962,394,101457,226,375574,424,2363399,4198,2738973,4622,10,5829,21,14103,7242,21,"East TN",2455501,136.061846441928,0.104115153655952,188.230426295896,25.2494297497741,10.4115153655952
2021-10-28,443834,415,342217,255,101617,160,375865,291,2366196,2797,2742061,3088,16,5845,15,14118,7257,15,"East TN",2455501,127.346720689586,0.100744370983402,125.758450108552,16.9008279776714,10.0744370983402
2021-10-29,444294,460,342522,305,101772,155,376198,333,2369713,3517,2745911,3850,4,5849,10,14128,7274,17,"East TN",2455501,123.925830207359,0.0966847059893583,156.790813768758,18.7334478788646,9.66847059893583
2021-10-30,444557,263,342724,202,101833,61,376427,229,2372287,2574,2748714,2803,0,5849,16,14144,7288,14,"East TN",2455501,120.0976908582,0.0940591822904902,114.151857400995,10.7106452003074,9.40591822904902
2021-10-31,444728,171,342851,127,101877,44,376573,146,2373911,1624,2750484,1770,0,5849,5,14149,7299,11,"East TN",2455501,117.16549901629,0.0931597285897671,72.0830494469357,6.96395562453446,9.31597285897671
2021-11-01,445324,596,343212,361,102112,235,376963,390,2377028,3117,2753991,3507,14,5863,23,14172,7308,9,"East TN",2455501,124.251629300904,0.0951054516514127,142.822177632996,24.2720324691377,9.51054516514126
2021-11-02,445737,413,343433,221,102304,192,377190,227,2379239,2211,2756429,2438,25,5888,16,14188,7331,23,"East TN",2455501,119.649717104575,0.0923996738835039,99.2872737579826,16.819378204285,9.23996738835039
2021-11-03,446309,572,343812,379,102497,193,377583,393,2383817,4578,2761400,4971,6,5894,14,14202,7342,11,"East TN",2455501,117.694922543302,0.0895795246800731,202.443411751818,23.2946351885012,8.95795246800731
2021-11-04,446726,417,344114,302,102612,115,377913,330,2387352,3535,2765265,3865,13,5907,9,14211,7353,11,"East TN",2455501,117.776372316688,0.0882606447164282,157.401687069156,16.9822777510577,8.82606447164282
2021-11-05,447161,435,344399,285,102762,150,378237,324,2390935,3583,2769172,3907,2,5909,13,14224,7359,6,"East TN",2455501,116.758250149359,0.0876574523881175,159.11213231027,17.715325711535,8.76574523881174
2021-11-06,447394,233,344570,171,102824,62,378425,188,2393175,2240,2771600,2428,0,5909,13,14237,7367,8,"East TN",2455501,115.536503548563,0.0873022808704011,98.8800248910507,9.48889859951187,8.73022808704011
2021-11-07,447593,199,344698,128,102895,71,378579,154,2395076,1901,2773655,2055,6,5915,8,14245,7379,12,"East TN",2455501,116.676800375972,0.086573734409391,83.6896421544931,8.10425245194362,8.6573734409391
2021-11-08,448134,541,345044,346,103090,195,378964,385,2398609,3533,2777573,3918,25,5940,25,14270,7391,12,"East TN",2455501,114.436931607847,0.084852853871597,159.560106063895,22.0321637010125,8.4852853871597
2021-11-09,449000,866,345660,616,103340,250,379763,799,2405877,7268,2785640,8067,10,5950,27,14297,7406,15,"East TN",2455501,132.885305279859,0.0880832563075554,328.527660953915,35.2677518762973,8.80832563075554
2021-11-10,449626,626,346098,438,103528,188,380265,502,2411128,5251,2791393,5753,7,5957,28,14325,7417,11,"East TN",2455501,135.084449161291,0.0894208648684693,234.290273145888,25.4937790699332,8.94208648684693
2021-11-11,450130,504,346480,382,103650,122,380670,405,2415416,4288,2796086,4693,5,5962,10,14335,7430,13,"East TN",2455501,138.627514303598,0.0894519970150222,191.121893251113,20.5253428933647,8.94519970150222
2021-11-12,450611,481,346802,322,103809,159,381002,332,2418866,3450,2799868,3782,2,5964,24,14359,7440,10,"East TN",2455501,140.500859091485,0.090076882981496,154.021521473622,19.5886704994215,9.0076882981496
2021-11-13,450848,237,346944,142,103904,95,381151,149,2420864,1998,2802015,2147,4,5968,11,14370,7449,9,"East TN",2455501,140.663758638258,0.0896268288673352,87.436331730266,9.65179814628461,8.96268288673352
2021-11-14,451209,361,347260,316,103949,45,381496,345,2423842,2978,2805338,3323,1,5969,14,14384,7457,8,"East TN",2455501,147.261190282553,0.0920683016128523,135.32879848145,14.7016840962394,9.20683016128523
2021-11-15,451786,577,347550,290,104236,287,381797,301,2426609,2767,2808406,3068,26,5995,20,14404,7467,10,"East TN",2455501,148.727286203508,0.0918820744008043,124.943952374689,23.4982596219672,9.18820744008043
2021-11-16,452458,672,347983,433,104475,239,382257,460,2430216,3607,2812473,4067,24,6019,17,14421,7477,10,"East TN",2455501,140.82665818503,0.0929452539783103,165.628114181179,27.3671238578196,9.29452539783103
2021-11-17,453170,712,348448,465,104722,247,382765,508,2434861,4645,2817626,5153,5,6024,27,14448,7487,10,"East TN",2455501,144.328998440644,0.0952998132123661,209.855341129977,28.996119325547,9.52998132123661
2021-11-18,453794,624,348858,410,104936,214,383243,478,2439723,4862,2822966,5340,12,6036,19,14467,7496,9,"East TN",2455501,149.215984843826,0.0957217261904762,217.470894941603,25.4123292965468,9.57217261904762
2021-11-19,454407,613,349300,442,105107,171,383703,460,2444197,4474,2827900,4934,7,6043,13,14480,7504,8,"East TN",2455501,154.591669887326,0.0963541666666667,200.93659094417,24.9643555429218,9.63541666666667
2021-11-20,454729,322,349547,247,105182,75,383990,287,2446901,2704,2830891,2991,0,6043,14,14494,7512,8,"East TN",2455501,158.053285256247,0.0983169414046267,121.808136099313,13.1134135152052,9.83169414046267
2021-11-21,454993,264,349699,152,105294,112,384154,164,2448384,1483,2832538,1647,9,6052,10,14504,7523,11,"East TN",2455501,154.102971247008,0.0977205882352941,67.073888383674,10.7513700870006,9.77205882352941
2021-11-22,455745,752,350194,495,105551,257,384666,512,2452252,3868,2836918,4380,20,6072,38,14542,7529,6,"East TN",2455501,161.229826418315,0.100624298540965,178.375003716146,30.6251147932744,10.0624298540965
2021-11-23,456421,676,350663,469,105758,207,385155,489,2455553,3301,2840708,3790,21,6093,19,14561,7536,7,"East TN",2455501,161.392725965088,0.102638569151762,154.347320567167,27.5300234045924,10.2638569151762
2021-11-24,457157,736,351195,532,105962,204,385728,573,2459581,4028,2845309,4601,6,6099,21,14582,7546,10,"East TN",2455501,162.370123245725,0.107033197269082,187.37520367534,29.9735166061834,10.7033197269082
2021-11-25,457443,286,351353,158,106090,128,385901,173,2461217,1636,2847118,1809,1,6100,10,14592,7555,9,"East TN",2455501,148.605111543428,0.110052997681351,73.6713200279699,11.6473175942506,11.0052997681351
2021-11-26,457673,230,351555,202,106118,28,386145,244,2462894,1677,2849039,1921,1,6101,15,14607,7559,4,"East TN",2455501,133.007479939939,0.115521074790671,78.2325073376065,9.36672393943232,11.5521074790671
2021-11-27,457957,284,351783,228,106174,56,386399,254,2464488,1594,2850887,1848,0,6101,14,14621,7570,11,"East TN",2455501,131.459934245598,0.120474094818964,75.259590609004,11.5658678208643,12.0474094818964
2021-11-28,458272,315,351995,212,106277,103,386616,217,2465998,1510,2852614,1727,7,6108,20,14641,7580,10,"East TN",2455501,133.53690346695,0.122633990834828,70.3318793191288,12.828339308353,12.2633990834828
2021-11-29,459369,1097,352709,714,106660,383,387354,738,2470545,4547,2857899,5285,19,6127,35,14676,7588,8,"East TN",2455501,147.586989376099,0.128115914398742,215.231026173477,44.6752007024228,12.8115914398742
2021-11-30,460208,839,353219,510,106989,329,387860,506,2473912,3367,2861772,3873,64,6191,26,14702,7600,12,"East TN",2455501,154.225145907088,0.128418154196734,157.727486162702,34.1681799355814,12.8418154196734
2021-12-01,461291,1083,353990,771,107301,312,388668,808,2479082,5170,2867750,5978,48,6239,32,14734,7621,21,"East TN",2455501,168.356681589623,0.13101020453634,243.453372651854,44.1050522887183,13.101020453634
2021-12-02,462194,903,354614,624,107580,279,389334,666,2483743,4661,2873077,5327,39,6278,18,14752,7638,17,"East TN",2455501,193.483936679317,0.13224700489233,216.941471414591,36.7745726839452,13.224700489233
2021-12-03,463212,1018,355349,735,107863,283,390116,782,2488719,4976,2878835,5758,21,6299,25,14777,7650,12,"East TN",2455501,225.575147393546,0.133272922539938,234.493897579353,41.4579346536613,13.3272922539938
2021-12-04,463635,423,355683,334,107952,89,390497,381,2491471,2752,2881968,3133,3,6302,29,14806,7662,12,"East TN",2455501,231.235906643899,0.13184903960619,127.591070009745,17.2266270712168,13.184903960619
2021-12-05,464020,385,355899,216,108121,169,390728,231,2493402,1931,2884130,2162,12,6314,15,14821,7670,8,"East TN",2455501,234.086648712422,0.13047341033126,88.0472050306638,15.6790813768758,13.047341033126
2021-12-06,464971,951,356544,645,108427,306,391418,690,2497586,4184,2889004,4874,69,6383,32,14853,7684,14,"East TN",2455501,228.140815255217,0.130654235653432,198.493097742579,38.729367245218,13.0654235653432
2021-12-07,465813,842,357077,533,108736,309,391959,541,2501062,3476,2893021,4017,8,6391,27,14880,7689,5,"East TN",2455501,228.262989915296,0.13117219751032,163.59186984652,34.2903545956609,13.117219751032
2021-12-08,466859,1046,357714,637,109145,409,392616,657,2505675,4613,2898291,5270,4,6395,29,14909,7706,17,"East TN",2455501,226.756169107649,0.129268851707541,214.62015287308,42.5982314810705,12.9268851707541
2021-12-09,467778,919,358334,620,109444,299,393283,667,2510652,4977,2903935,5644,19,6414,30,14939,7720,14,"East TN",2455501,227.407767294739,0.127973297038045,229.85126049633,37.4261708710361,12.7973297038045
2021-12-10,468573,795,358882,548,109691,247,393884,601,2515161,4509,2909045,5110,5,6419,22,14961,7734,14,"East TN",2455501,218.326117562159,0.124726911618669,208.10417100217,32.3762849210813,12.4726911618669
2021-12-11,468969,396,359168,286,109801,110,394209,325,2518082,2921,2912291,3246,0,6419,19,14980,7743,9,"East TN",2455501,217.226545621443,0.122415328298651,132.192982206075,16.1270551305009,12.2415328298651
2021-12-12,469400,431,359431,263,109969,168,394503,294,2520600,2518,2915103,2812,9,6428,18,14998,7750,7,"East TN",2455501,219.09989040933,0.121880347399348,114.518381381233,17.5524261647623,12.1880347399348
2021-12-13,470281,881,360005,574,110276,307,395106,603,2525202,4602,2920308,5205,23,6451,24,15022,7759,9,"East TN",2455501,216.249148340807,0.117812420138002,211.973035238023,35.8786251766951,11.7812420138002
2021-12-14,471037,756,360461,456,110576,300,395589,483,2529224,4022,2924813,4505,36,6487,22,15044,7767,8,"East TN",2455501,212.746808085193,0.114179667840966,183.465614552794,30.7880143400471,11.4179667840966
2021-12-15,471907,870,361050,589,110857,281,396217,628,2534026,4802,2930243,5430,19,6506,22,15066,7782,15,"East TN",2455501,205.579228027193,0.112700300450676,221.136134743989,35.4306514230701,11.2700300450676
2021-12-16,472701,794,361560,510,111141,284,396762,545,2537846,3820,2934608,4365,19,6525,22,15088,7799,17,"East TN",2455501,200.488617190545,0.113422228018127,177.764130415748,32.3355600343881,11.3422228018127
2021-12-17,473511,810,362096,536,111415,274,397347,585,2542514,4668,2939861,5253,24,6549,33,15121,7813,14,"East TN",2455501,201.099490490943,0.112376687435099,213.927829799296,32.987158221479,11.2376687435099
2021-12-18,474081,570,362476,380,111605,190,397773,426,2545858,3344,2943631,3770,0,6549,28,15149,7826,13,"East TN",2455501,208.185620775557,0.113720485003191,153.532822833304,23.2131854151149,11.3720485003191
2021-12-19,474502,421,362757,281,111745,140,398083,310,2548519,2661,2946602,2971,6,6555,16,15165,7835,9,"East TN",2455501,207.778371908625,0.113654401727039,120.99363836545,17.1451772978305,11.3654401727039
2021-12-20,475436,934,363381,624,112055,310,398721,638,2552479,3960,2951200,4598,40,6595,31,15196,7847,12,"East TN",2455501,209.936790903364,0.117020587854461,187.25302901526,38.0370441714339,11.7020587854461
2021-12-21,476447,1011,364038,657,112409,354,399390,669,2556862,4383,2956252,5052,30,6625,28,15224,7857,10,"East TN",2455501,220.321637010125,0.120900792009924,205.742127573966,41.172860446809,12.0900792009924
2021-12-22,477933,1486,364769,731,113164,755,400137,747,2561199,4337,2961336,5084,853,7478,37,15261,7873,16,"East TN",2455501,245.408167213127,0.126073392725051,207.045323948147,60.5171816260714,12.6073392725051
2021-12-23,479098,1165,365574,805,113524,360,401001,864,2565684,4485,2966685,5349,28,7506,33,15294,7890,17,"East TN",2455501,260.517100176298,0.132150762228388,217.837418921841,47.4444929975594,13.2150762228388
2021-12-24,480035,937,366223,649,113812,288,401708,707,2569520,3836,2971228,4543,0,7506,17,15311,7912,22,"East TN",2455501,265.689160786332,0.139031466190582,185.013160247135,38.1592188315134,13.9031466190582
2021-12-25,480515,480,366506,283,114009,197,402041,333,2571639,2119,2973680,2452,8,7514,19,15330,7920,8,"East TN",2455501,262.023920983946,0.142034676694732,99.8574221716871,19.5479456127283,14.2034676694732
2021-12-26,480858,343,366783,277,114075,66,402361,320,2573514,1875,2975875,2195,62,7576,18,15348,7937,17,"East TN",2455501,258.847379821877,0.146141495576128,89.3911262915389,13.9686361357621,14.6141495576128
2021-12-27,482733,1875,368045,1262,114688,613,403671,1310,2578266,4752,2981937,6062,64,7640,35,15383,7956,19,"East TN",2455501,297.169498200164,0.161043693268699,246.874263134081,76.35916254972,16.1043693268699
2021-12-28,485159,2426,369489,1444,115670,982,405158,1487,2582643,4377,2987801,5864,18,7658,25,15408,7969,13,"East TN",2455501,354.795212871019,0.182826714000444,238.810735568831,98.7985751176644,18.2826714000444
2021-12-29,488045,2886,371417,1928,116628,958,407161,2003,2587932,5289,2995093,7292,37,7695,30,15438,7984,15,"East TN",2455501,411.810054241477,0.20807536214711,296.965873766698,117.532022996529,20.807536214711
2021-12-30,490870,2825,373203,1786,117667,1039,408984,1823,2592394,4462,3001378,6285,14,7709,33,15471,7999,15,"East TN",2455501,479.413366152162,0.23010405557317,255.955912866661,115.047804908245,23.010405557317
2021-12-31,493393,2523,375017,1814,118376,709,410931,1947,2597227,4833,3008158,6780,0,7709,24,15495,8018,19,"East TN",2455501,544.003036447552,0.249742756566477,276.114731779788,102.748889126903,24.9742756566477
2022-01-01,494852,1459,376247,1230,118605,229,412270,1339,2600876,3649,3013146,4988,0,7709,32,15527,8026,8,"East TN",2455501,583.872700520179,0.259185121370293,203.135734825602,59.4176096853555,25.9185121370293
2022-01-02,496316,1464,377211,964,119105,500,413493,1223,2603892,3016,3017385,4239,6,7715,26,15553,8046,20,"East TN",2455501,629.525298503238,0.268176343049867,172.632794692407,59.6212341188214,26.8176343049867
2022-01-03,499210,2894,379395,2184,119815,710,415719,2226,2608062,4170,3023781,6396,33,7748,36,15589,8060,14,"East TN",2455501,671.023958043593,0.287926584456553,260.476375289605,117.857822090074,28.7926584456553
2022-01-04,503381,4171,381852,2457,121529,1714,418110,2391,2613299,5237,3031409,7628,14,7762,42,15631,8078,18,"East TN",2455501,742.088885323199,0.297009722986608,310.649435695608,169.86350239727,29.7009722986608
2022-01-05,508317,4936,385265,3413,123052,1523,421612,3502,2618533,5234,3040145,8736,15,7777,44,15675,8103,25,"East TN",2455501,825.574903044226,0.320762674243097,355.772610151655,201.018040717556,32.0762674243097
2022-01-06,513476,5159,388734,3469,124742,1690,425260,3648,2624144,5611,3049404,9259,11,7788,42,15717,8123,20,"East TN",2455501,920.626788586117,0.338899762628576,377.071725892191,210.099690450136,33.8899762628576
2022-01-07,517847,4371,391961,3227,125886,1144,428537,3277,2628828,4684,3057365,7961,12,7800,37,15754,8145,22,"East TN",2455501,995.886379195121,0.35779462271628,324.210822964438,178.008479735907,35.779462271628
2022-01-08,520993,3146,394387,2426,126606,720,431142,2605,2633590,4762,3064732,7367,1,7801,41,15795,8165,20,"East TN",2455501,1064.58926304652,0.365835691854379,300.020240268687,128.120493536757,36.5835691854379
2022-01-09,524496,3503,397071,2684,127425,819,434041,2899,2638591,5001,3072632,7900,15,7816,42,15837,8183,18,"East TN",2455501,1147.62730701393,0.371929697540138,321.726604876154,142.659278086224,37.1929697540138
2022-01-10,529134,4638,400143,3072,128991,1566,437281,3240,2643369,4778,3080650,8018,29,7845,60,15897,8216,33,"East TN",2455501,1218.65150940684,0.379152086373947,326.532141505949,188.882024482987,37.9152086373947
2022-01-11,534736,5602,404184,4041,130552,1561,441417,4136,2648558,5189,3089975,9325,30,7875,49,15946,8241,25,"East TN",2455501,1276.92882226478,0.397961274459584,379.759568413941,228.140815255217,39.7961274459584
2022-01-12,540424,5688,408167,3983,132257,1705,445584,4167,2653327,4769,3098911,8936,16,7891,31,15977,8263,22,"East TN",2455501,1307.55393705806,0.407922948643774,363.917587490292,231.643155510831,40.7922948643774
2022-01-13,547752,7328,413416,5249,134336,2079,451062,5478,2660253,6926,3111315,12404,65,7956,48,16025,8279,16,"East TN",2455501,1395.88621629557,0.416759541923083,505.151494542254,298.431969687652,41.6759541923083
2022-01-14,554249,6497,418193,4777,136056,1720,455993,4931,2666133,5880,3122126,10811,68,8024,38,16063,8312,33,"East TN",2455501,1482.46732540528,0.42395886413119,440.276750040012,264.589588845616,42.395886413119
2022-01-15,558787,4538,421579,3386,137208,1152,459606,3613,2671220,5087,3130826,8700,9,8033,37,16100,8327,15,"East TN",2455501,1539.1563676822,0.430659363936212,354.306514230701,184.809535813669,43.0659363936212
2022-01-16,562641,3854,424896,3317,137745,537,463097,3491,2675867,4647,3138964,8138,7,8040,38,16138,8345,18,"East TN",2455501,1553.4508029115,0.438038955556896,331.419127909131,156.953713315531,43.8038955556896
2022-01-17,567273,4632,428223,3327,139050,1305,466567,3470,2680602,4735,3147169,8205,15,8055,41,16179,8369,24,"East TN",2455501,1553.20645359134,0.440265187390069,334.147695317575,188.637675162828,44.0265187390069
2022-01-18,573229,5956,431900,3677,141329,2279,470305,3738,2684063,3461,3154368,7199,49,8104,46,16225,8401,32,"East TN",2455501,1567.62306348073,0.448620191635737,293.178459304232,242.557425144604,44.8620191635737
2022-01-19,581537,8308,437907,6007,143630,2301,476483,6178,2689910,5847,3166393,12025,22,8126,50,16275,8433,32,"East TN",2455501,1674.32226661687,0.457885065647136,489.716762485538,338.342358646973,45.7885065647136
2022-01-20,589828,8291,443973,6066,145855,2225,482760,6277,2695627,5717,3178387,11994,44,8170,40,16315,8467,34,"East TN",2455501,1713.54033250241,0.47259661259542,488.454290998049,337.650035573189,47.259661259542
2022-01-21,597126,7298,449582,5609,147544,1689,488641,5881,2701349,5722,3189990,11603,53,8223,31,16346,8498,31,"East TN",2455501,1746.16096674365,0.481079806672168,472.530860301014,297.210223086857,48.1079806672168
2022-01-22,603125,5999,454446,4864,148679,1135,493804,5163,2707435,6086,3201239,11249,0,8223,54,16400,8525,27,"East TN",2455501,1805.66002620239,0.485677360714641,458.114250411627,244.308595272411,48.5677360714641
2022-01-23,606721,3596,457421,2975,149300,621,496949,3145,2710704,3269,3207653,6414,6,8229,31,16431,8557,32,"East TN",2455501,1795.15300543555,0.492830001892588,261.209423250082,146.44669254869,49.2830001892588
2022-01-24,613408,6687,462104,4683,151304,2004,501912,4963,2716084,5380,3217996,10343,37,8266,43,16474,8592,35,"East TN",2455501,1878.84264759004,0.499032854702303,421.217503067602,272.327317317321,49.9032854702303
2022-01-25,619112,5704,466185,4081,152927,1623,506176,4264,2720737,4653,3226913,8917,30,8296,36,16510,8621,29,"East TN",2455501,1868.57997614336,0.494465504169826,363.143814643122,232.294753697922,49.4465504169826
2022-01-26,624917,5805,470610,4425,154307,1380,510854,4678,2725630,4893,3236484,9571,26,8322,37,16547,8655,34,"East TN",2455501,1766.64558475032,0.490376795879642,389.777890540464,236.407967253933,49.0376795879642
2022-01-27,632169,7252,476379,5769,155790,1483,516996,6142,2732783,7153,3249779,13295,29,8351,52,16599,8702,47,"East TN",2455501,1724.3324274761,0.479549529359032,541.437368585881,295.33687829897,47.9549529359032
2022-01-28,637128,4959,480084,3705,157044,1254,520928,3932,2737622,4839,3258550,8771,38,8389,41,16640,8736,34,"East TN",2455501,1629.07691750075,0.47093057176196,357.197981185917,201.954713111499,47.093057176196
2022-01-29,641191,4063,483352,3268,157839,795,524473,3545,2743051,5429,3267524,8974,5,8394,32,16672,8774,38,"East TN",2455501,1550.23353686274,0.462683865127857,365.465133184633,165.465214634407,46.2683865127857
2022-01-30,643258,2067,484862,1510,158396,557,526069,1596,2745527,2476,3271596,4072,17,8411,23,16695,8820,46,"East TN",2455501,1487.96518510886,0.455405595608589,165.831738614645,84.1783407948113,45.5405595608589
2022-01-31,647169,3911,487330,2468,159839,1443,528641,2572,2748459,2932,3277100,5504,68,8479,38,16733,8858,38,"East TN",2455501,1374.91289964858,0.452236735246345,224.149776359285,159.275031857043,45.2236735246345
2022-02-01,652127,4958,490849,3519,161278,1439,532542,3901,2753718,5259,3286260,9160,28,8507,38,16771,8890,32,"East TN",2455501,1344.53213417547,0.444268455018788,373.039962109565,201.913988224806,44.4268455018788
2022-02-02,656839,4712,494363,3514,162476,1198,536296,3754,2758617,4899,3294913,8653,21,8528,46,16817,8932,42,"East TN",2455501,1300.01983301982,0.435434458915949,352.392444556121,191.895666098283,43.5434458915949
2022-02-03,665767,8928,497039,2676,168728,6252,539121,2825,2762970,4353,3302091,7178,26,8554,41,16858,8960,28,"East TN",2455501,1368.2747431176,0.422943110567365,292.323236683675,363.591788396747,42.2943110567365
2022-02-04,669299,3532,499559,2520,169740,1012,541866,2745,2767560,4590,3309426,7335,12,8566,37,16895,8989,29,"East TN",2455501,1310.16032980642,0.411549650129727,298.717043894505,143.840299800326,41.1549650129727
2022-02-05,670976,1677,500743,1184,170233,493,543202,1336,2770182,2622,3313384,3958,3,8569,26,16921,9033,44,"East TN",2455501,1212.99075015649,0.408395115569123,161.189101531622,68.2956349844696,40.8395115569123
2022-02-06,672284,1308,501691,948,170593,360,544289,1087,2772834,2652,3317123,3739,1,8570,34,16955,9065,32,"East TN",2455501,1182.08056115636,0.400202077887847,152.270351345815,53.2681517946847,40.0202077887847
2022-02-07,675093,2809,503524,1833,171569,976,546263,1974,2775719,2885,3321982,4859,50,8620,40,16995,9097,32,"East TN",2455501,1137.20173602047,0.392629561962479,197.882224442181,114.396206721154,39.2629561962479
2022-02-08,677754,2661,505232,1708,172522,953,548153,1890,2778386,2667,3326539,4557,21,8641,43,17038,9134,37,"East TN",2455501,1043.65667128623,0.387571687479828,185.58330866084,108.368923490563,38.7571687479828
2022-02-09,680657,2903,507309,2077,173348,826,550464,2311,2782057,3671,3332521,5982,26,8667,26,17064,9167,33,"East TN",2455501,969.985351258257,0.376728355669007,243.616272198627,118.224346070313,37.6728355669007
2022-02-10,683166,2509,509090,1781,174076,728,552438,1974,2785266,3209,3337704,5183,28,8695,30,17094,9205,38,"East TN",2455501,708.572303574708,0.37393648386825,211.077087730773,102.178740713199,37.393648386825
2022-02-11,685463,2297,510817,1727,174646,570,554336,1898,2788630,3364,3342966,5262,31,8726,40,17134,9236,31,"East TN",2455501,658.277068508626,0.371794871794872,214.294353779534,93.5450647342436,37.1794871794872
2022-02-12,686393,930,511502,685,174891,245,555116,780,2791132,2502,3346248,3282,3,8729,17,17151,9278,42,"East TN",2455501,627.855578148818,0.362524342745862,133.65907812703,37.8741446246611,36.2524342745862
2022-02-13,686969,576,511918,416,175051,160,555600,484,2792533,1401,3348133,1885,35,8764,10,17161,9301,23,"East TN",2455501,598.044961089407,0.36475330538536,76.7664114166518,23.457534735274,36.475330538536
2022-02-14,689209,2240,513347,1429,175862,811,557219,1619,2795540,3007,3352759,4626,146,8910,25,17186,9333,32,"East TN",2455501,574.872500560985,0.355980115020957,188.393325842669,91.2237461927322,35.5980115020957
2022-02-15,691104,1895,514746,1399,176358,496,558754,1535,2798405,2865,3357159,4400,37,8947,29,17215,9363,30,"East TN",2455501,543.677237354006,0.346211626387982,179.18950145001,77.1736602835837,34.6211626387982
2022-02-16,692871,1767,515981,1235,176890,532,560126,1372,2801610,3205,3361736,4577,14,8961,20,17235,9385,22,"East TN",2455501,497.413766070549,0.330720520280678,186.397806394703,71.9608747868561,33.0720520280678
2022-02-17,694660,1789,517252,1271,177408,518,561526,1400,2805132,3522,3366658,4922,13,8974,21,17256,9409,24,"East TN",2455501,468.091847651457,0.313877184499551,200.447892303852,72.8568222941062,31.3877184499551
2022-02-18,695841,1181,517977,725,177864,456,562363,837,2808097,2965,3370460,3802,8,8982,10,17266,9437,28,"East TN",2455501,422.642874101864,0.29195460827817,154.836019207486,48.0960911846503,29.195460827817
2022-02-19,696377,536,518320,343,178057,193,562775,412,2810199,2102,3372974,2514,1,8983,15,17281,9471,34,"East TN",2455501,406.597268744749,0.28657487091222,102.382365146665,21.8285392675466,28.657487091222
2022-02-20,696745,368,518552,232,178193,136,563047,272,2811634,1435,3374681,1707,8,8991,5,17286,9487,16,"East TN",2455501,398.126492312567,0.280510772939581,69.5173815852651,14.9867583030917,28.0510772939581
2022-02-21,697466,721,518961,409,178505,312,563492,445,2813185,1551,3376677,1996,7,8998,13,17299,9507,20,"East TN",2455501,336.26538942562,0.262271092900744,81.2868738395953,29.3626433057857,26.2271092900744
2022-02-22,698641,1175,519613,652,179028,523,564220,728,2815535,2350,3379755,3078,44,9042,22,17321,9526,19,"East TN",2455501,306.943471006528,0.241901221455125,125.35120124162,47.8517418644912,24.1901221455125
2022-02-23,699504,863,520084,471,179420,392,564752,532,2818132,2597,3382884,3129,79,9121,9,17330,9554,28,"East TN",2455501,270.128173435889,0.218744089275582,127.428170462973,35.1455772162178,21.8744089275582
2022-02-24,700360,856,520571,487,179789,369,565318,566,2820634,2502,3385952,3068,50,9171,13,17343,9575,21,"East TN",2455501,232.131854151149,0.196537783766974,124.943952374689,34.8605030093655,19.6537783766974
2022-02-25,701124,764,521024,453,180100,311,565824,506,2823011,2377,3388835,2883,5,9176,23,17366,9591,16,"East TN",2455501,215.149576400091,0.188353741496599,117.409848336449,31.1138134335926,18.8353741496599
2022-02-26,701379,255,521204,180,180175,75,566041,217,2824747,1736,3390788,1953,0,9176,6,17372,9609,18,"East TN",2455501,203.705883239306,0.1833389468957,79.5357037117883,10.3848461067619,18.33389468957
2022-02-27,701402,23,521226,22,180176,1,566071,30,2825102,355,3391173,385,4,9180,2,17374,9630,21,"East TN",2455501,189.655797330158,0.183361629881155,15.6790813768758,0.936672393943232,18.3361629881155
2022-02-28,702268,866,521686,460,180582,406,566585,514,2827789,2687,3394374,3201,27,9207,17,17391,9651,21,"East TN",2455501,195.56090590067,0.174775385658586,130.360362304882,35.2677518762973,17.4775385658586
2022-03-01,703031,763,522048,362,180983,401,566988,403,2830007,2218,3396995,2621,28,9235,16,17407,9666,15,"East TN",2455501,178.782252583078,0.160556844547564,106.739928022835,31.0730885468994,16.0556844547564
2022-03-02,703487,456,522311,263,181176,193,567298,310,2832320,2313,3399618,2623,8,9243,10,17417,9688,22,"East TN",2455501,162.207223698952,0.152145332855265,106.821377796222,18.5705483320919,15.2145332855265
2022-03-03,703842,355,522497,186,181345,169,567519,221,2834276,1956,3401795,2177,15,9258,10,17427,9704,16,"East TN",2455501,141.804055465667,0.138925708514801,88.6580783310616,14.4573347760803,13.8925708514801
2022-03-04,704177,335,522709,212,181468,123,567783,264,2836519,2243,3404302,2507,10,9268,8,17435,9714,10,"East TN",2455501,124.333079074291,0.126656753087218,102.097290939812,13.6428370422166,12.6656753087218
2022-03-05,704318,141,522811,102,181507,39,567899,116,2838231,1712,3406130,1828,0,9268,7,17442,9731,17,"East TN",2455501,119.690441991268,0.1211054621301,74.4450928751403,5.74220902373894,12.11054621301
2022-03-06,704417,99,522870,59,181547,40,567971,72,2839442,1211,3407413,1283,2,9270,4,17446,9741,10,"East TN",2455501,122.78553337995,0.116995073891626,52.2500296273551,4.03176378262522,11.6995073891626
2022-03-07,704681,264,523044,174,181637,90,568182,211,2841146,1704,3409328,1915,13,9283,8,17454,9752,11,"East TN",2455501,98.269151590653,0.106794168784272,77.9881580174473,10.7513700870006,10.6794168784272
2022-03-08,704944,263,523143,99,181801,164,568305,123,2842898,1752,3411203,1875,27,9310,9,17463,9768,16,"East TN",2455501,77.906708244061,0.0926942567567568,76.35916254972,10.7106452003074,9.26942567567568
2022-03-09,705237,293,523269,126,181968,167,568454,149,2844909,2011,3413363,2160,23,9333,7,17470,9778,10,"East TN",2455501,71.268551713072,0.0841033102946526,87.9657552572774,11.9323918011029,8.41033102946526
2022-03-10,705423,186,523368,99,182055,87,568583,129,2847005,2096,3415588,2225,75,9408,2,17472,9787,9,"East TN",2455501,64.3860458619239,0.0771405785543392,90.6128728923344,7.57482892493222,7.71405785543392
2022-03-11,705635,212,523459,91,182176,121,568687,104,2849195,2190,3417882,2294,79,9487,5,17477,9803,16,"East TN",2455501,59.3768847986623,0.0665684830633284,93.4228900741641,8.63367597895501,6.65684830633284
2022-03-12,705704,69,523494,35,182210,34,568728,41,2850480,1285,3419208,1326,0,9487,3,17480,9812,9,"East TN",2455501,56.444692956753,0.0633888973849212,54.001199755162,2.8100171818297,6.33888973849212
2022-03-13,705796,92,523547,53,182249,39,568798,70,2852089,1609,3420887,1679,4,9491,5,17485,9818,6,"East TN",2455501,56.1596187499007,0.0613774677156004,68.3770847578559,3.74668957577293,6.13774677156004
2022-03-14,705953,157,523630,83,182323,74,568904,106,2853174,1085,3422078,1191,69,9560,3,17488,9829,11,"East TN",2455501,51.80205587373,0.0566274509803922,48.5033400515821,6.39380721082989,5.66274509803922
2022-03-15,706139,186,523709,79,182430,107,568995,91,2854607,1433,3423602,1524,4,9564,1,17489,9837,8,"East TN",2455501,48.6662395983549,0.0556496491652553,62.0647273204124,7.57482892493222,5.56496491652553
2022-03-16,706295,156,523802,93,182493,63,569104,109,2856174,1567,3425278,1676,10,9574,5,17494,9843,6,"East TN",2455501,43.0869301213887,0.0545530843474612,68.2549100977764,6.3530823241367,5.45530843474612
2022-03-17,706437,142,523896,94,182541,48,569219,115,2857473,1299,3426692,1414,7,9581,1,17495,9852,9,"East TN",2455501,41.2950351068886,0.0572766570605187,57.5849897841622,5.78293391043213,5.72766570605187
2022-03-18,706580,143,523984,88,182596,55,569313,94,2858964,1491,3428277,1585,2,9583,1,17496,9863,11,"East TN",2455501,38.4850179250589,0.0602212602212602,64.5489454086966,5.82365879712531,6.02212602212602
2022-03-19,706653,73,524042,58,182611,15,569379,66,2860137,1173,3429516,1239,0,9583,1,17497,9868,5,"East TN",2455501,38.6479174718316,0.0631548311990687,50.458134612855,2.97291672860243,6.31548311990687
2022-03-20,706719,66,524091,49,182628,17,569437,58,2860792,655,3430229,713,3,9586,0,17497,9874,6,"East TN",2455501,37.5890704178088,0.0684007707129094,29.0368442122402,2.68784252175014,6.84007707129094
2022-03-21,706817,98,524157,66,182660,32,569515,78,2861681,889,3431196,967,16,9602,1,17498,9880,6,"East TN",2455501,35.186302102911,0.0670103092783505,39.3809654323089,3.99103889593203,6.70103092783505
2022-03-22,706901,84,524212,55,182689,29,569578,63,2862684,1003,3432262,1066,2,9604,5,17503,9887,7,"East TN",2455501,31.0323636602062,0.0673210161662817,43.4127292149341,3.42089048222746,6.73210161662818
2022-03-23,706996,95,524285,73,182711,22,569657,79,2864127,1443,3433784,1522,11,9615,0,17503,9897,10,"East TN",2455501,28.548145571922,0.0650129320479661,61.983277547026,3.86886423585248,6.50129320479661
2022-03-24,707100,104,524319,34,182781,70,569700,43,2865211,1084,3434911,1127,5,9620,0,17503,9905,8,"East TN",2455501,27.000599877581,0.0585229346635844,45.8969473032184,4.23538821609114,5.85229346635844
2022-03-25,707165,65,524365,46,182800,19,569757,57,2866665,1454,3436422,1511,0,9620,2,17505,9909,4,"East TN",2455501,23.8240587155126,0.05451197053407,61.535303793401,2.64711763505696,5.451197053407
2022-03-26,707207,42,524399,34,182808,8,569797,40,2867662,997,3437459,1037,0,9620,1,17506,9918,9,"East TN",2455501,22.5615872280239,0.0526249527886189,42.2317075008318,1.71044524111373,5.26249527886189
2022-03-27,707228,21,524414,15,182814,6,569814,17,2868108,446,3437922,463,2,9622,3,17509,9922,4,"East TN",2455501,20.7289673268307,0.0490055894969453,18.8556225389442,0.855222620556864,4.90055894969453
2022-03-28,707341,113,524463,49,182878,64,569876,62,2869530,1422,3439406,1484,30,9652,2,17511,9928,6,"East TN",2455501,21.3398406272284,0.0439707673568819,60.435731852685,4.60191219632979,4.39707673568819
2022-03-29,707455,114,524518,55,182937,59,569936,60,2870640,1110,3440576,1170,6,9658,0,17511,9939,11,"East TN",2455501,22.5615872280239,0.0430598989656002,47.6481174310253,4.64263708302298,4.30598989656002
2022-03-30,707554,99,524576,58,182978,41,570000,64,2872020,1380,3442020,1444,6,9664,3,17514,9945,6,"East TN",2455501,22.7244867747967,0.0416464303059738,58.8067363849577,4.03176378262522,4.16464303059738
2022-03-31,707639,85,524632,56,183007,29,570068,68,2873203,1183,3443271,1251,8,9672,0,17514,9946,1,"East TN",2455501,21.9507139276262,0.0440191387559809,50.9468332531732,3.46161536892064,4.40191387559809
2022-04-01,707735,96,524685,53,183050,43,570131,63,2874480,1277,3444611,1340,15,9687,0,17514,9949,3,"East TN",2455501,23.2131854151149,0.0456710221028209,54.5713481688666,3.90958912254566,4.56710221028209
2022-04-02,707822,87,524712,27,183110,60,570162,31,2875282,802,3445444,833,0,9687,1,17515,9954,5,"East TN",2455501,25.0458053163082,0.0457107075767063,33.9238306154223,3.54306514230701,4.57107075767063
2022-04-03,707846,24,524724,12,183122,12,570179,17,2875762,480,3445941,497,10,9697,0,17515,9957,3,"East TN",2455501,25.1679799763877,0.0455168973687492,20.2402686865124,0.977397280636416,4.55168973687492
2022-04-04,707937,91,524776,52,183161,39,570238,59,2876770,1008,3447008,1067,51,9748,4,17519,9959,2,"East TN",2455501,24.2720324691377,0.0476190476190476,43.4534541016273,3.70596468907974,4.76190476190476
2022-04-05,708033,96,524816,40,183217,56,570287,49,2877785,1015,3448072,1064,36,9784,1,17520,9963,4,"East TN",2455501,23.5389845086604,0.0468249733191035,43.3312794415478,3.90958912254566,4.68249733191035
2022-04-06,708132,99,524870,54,183262,45,570349,62,2878952,1167,3449301,1229,0,9784,0,17520,9968,5,"East TN",2455501,23.5389845086604,0.0479329762395275,50.0508857459231,4.03176378262522,4.79329762395275
2022-04-07,708315,183,524916,46,183399,137,570403,54,2880065,1113,3450468,1167,53,9837,1,17521,9968,0,"East TN",2455501,27.5300234045924,0.0465471724329582,47.5259427709457,7.45265426485267,4.65471724329582
2022-04-08,708384,69,524967,51,183417,18,570458,55,2881284,1219,3451742,1274,6,9843,0,17521,9970,2,"East TN",2455501,26.4304514638764,0.0458561211611275,51.8835056471164,2.8100171818297,4.58561211611275
2022-04-09,708438,54,524997,30,183441,24,570499,41,2882145,861,3452644,902,0,9843,0,17521,9973,3,"East TN",2455501,25.0865302030013,0.0468055555555556,36.733847797252,2.19914388143194,4.68055555555556
2022-04-10,708504,66,525032,35,183472,31,570541,42,2882778,633,3453319,675,1,9844,1,17522,9974,1,"East TN",2455501,26.7969754441151,0.0490647872052047,27.4892985178992,2.68784252175014,4.90647872052047
2022-04-11,708608,104,525098,66,183510,38,570616,75,2883685,907,3454301,982,5,9849,2,17524,9978,4,"East TN",2455501,27.3263989711265,0.0518305224187577,39.9918387327067,4.23538821609114,5.18305224187577
2022-04-12,708701,93,525156,58,183545,35,570686,70,2884698,1013,3455384,1083,26,9875,2,17526,9982,4,"East TN",2455501,27.2042243110469,0.0545678336980306,44.1050522887183,3.78741446246611,5.45678336980306
2022-04-13,708826,125,525235,79,183591,46,570771,85,2885891,1193,3456662,1278,0,9875,0,17526,9986,4,"East TN",2455501,28.2630713650697,0.057329167232713,52.0464051938891,5.090610836648,5.7329167232713
2022-04-14,708929,103,525282,47,183647,56,570823,52,2886926,1035,3457749,1087,3,9878,0,17526,9989,3,"East TN",2455501,25.005080429615,0.057684384013185,44.267951835491,4.19466332939795,5.7684384013185
2022-04-15,709004,75,525333,51,183671,24,570885,62,2887959,1033,3458844,1095,1,9879,1,17527,9990,1,"East TN",2455501,25.2494297497741,0.0601239087580963,44.5937509290365,3.0543665019888,6.01239087580963
2022-04-16,709063,59,525379,46,183684,13,570938,53,2888703,744,3459641,797,0,9879,1,17528,9991,1,"East TN",2455501,25.45305418324,0.0627411747891954,32.4577346944676,2.40276831489786,6.27411747891954
2022-04-17,709101,38,525406,27,183695,11,570971,33,2889303,600,3460274,633,0,9879,0,17528,9993,2,"East TN",2455501,24.3127573558308,0.0618260244428469,25.7788532767855,1.54754569434099,6.18260244428469
2022-04-18,709333,232,525533,127,183800,105,571109,138,2890186,883,3461295,1021,-1,9878,2,17530,9993,0,"East TN",2455501,29.5255428525584,0.07048899056334,41.5801093137409,9.44817371281869,7.048899056334
2022-04-19,709450,117,525595,62,183855,55,571172,63,2891144,958,3462316,1021,2,9880,1,17531,9996,3,"East TN",2455501,30.5029401331948,0.0701096364685516,41.5801093137409,4.76481174310253,7.01096364685516
2022-04-20,709590,140,525686,91,183904,49,571273,101,2892574,1430,3463847,1531,8,9888,1,17532,9998,2,"East TN",2455501,31.1138134335926,0.0698677800974252,62.3498015272647,5.70148413704576,6.98677800974252
2022-04-21,709708,118,525766,80,183942,38,571361,88,2893716,1142,3465077,1230,5,9893,1,17533,10001,3,"East TN",2455501,31.7246867339903,0.0734170305676856,50.0916106326163,4.80553662979571,7.34170305676856
2022-04-22,709830,122,525849,83,183981,39,571450,89,2894796,1080,3466246,1169,3,9896,0,17533,10004,3,"East TN",2455501,33.63875640857,0.0763307214266414,47.6073925443321,4.96843617656845,7.63307214266414
2022-04-23,709905,75,525896,47,184009,28,571498,48,2895653,857,3467151,905,0,9896,0,17533,10005,1,"East TN",2455501,34.2903545956609,0.0745672436750999,36.8560224573315,3.0543665019888,7.45672436750999
2022-04-24,709976,71,525936,40,184040,31,571544,46,2896320,667,3467864,713,2,9898,1,17534,10010,5,"East TN",2455501,35.634275856536,0.075494071146245,29.0368442122402,2.89146695521606,7.5494071146245
2022-04-25,710166,190,526035,99,184131,91,571642,98,2897055,735,3468697,833,0,9898,5,17539,10013,3,"East TN",2455501,33.9238306154223,0.0720075655228317,33.9238306154223,7.73772847170496,7.20075655228317
2022-04-26,710343,177,526148,113,184195,64,571763,121,2898290,1235,3470053,1356,0,9898,0,17539,10018,5,"East TN",2455501,36.3673238170133,0.0763861962000776,55.2229463559575,7.20830494469357,7.63861962000776
2022-04-27,710534,191,526246,98,184288,93,571864,101,2899485,1195,3471349,1296,0,9898,2,17541,10021,3,"East TN",2455501,38.4442930383657,0.0787789922687283,52.7794531543665,7.77845335839814,7.87789922687283
2022-04-28,710686,152,526335,89,184351,63,571963,99,2900646,1161,3472609,1260,4,9902,1,17542,10026,5,"East TN",2455501,39.828939185934,0.0799256505576208,51.3133572334118,6.19018277736397,7.99256505576208
2022-04-29,710824,138,526421,86,184403,52,572055,92,2901808,1162,3473863,1254,2,9904,0,17542,10028,2,"East TN",2455501,40.4805373730249,0.0794275961664697,51.0690079132527,5.62003436365939,7.94275961664697
2022-04-30,710898,74,526477,56,184421,18,572117,62,2902538,730,3474655,792,0,9904,0,17542,10028,0,"East TN",2455501,40.4398124863317,0.0824893390191898,32.2541102610017,3.01364161529562,8.24893390191898
2022-05-01,710954,56,526510,33,184444,23,572150,33,2903031,493,3475181,526,0,9904,0,17542,10031,3,"East TN",2455501,39.828939185934,0.0828208282082821,21.4212904006148,2.2805936548183,8.28208282082821
2022-05-02,711139,185,526639,129,184500,56,572296,146,2904057,1026,3476353,1172,6,9910,2,17544,10032,1,"East TN",2455501,39.625314752468,0.085423197492163,47.7295672044116,7.53410403823904,8.5423197492163
2022-05-03,711323,184,526747,108,184576,76,572416,120,2905004,947,3477420,1067,2,9912,1,17545,10033,1,"East TN",2455501,39.9103889593203,0.0886385231437491,43.4534541016273,7.49337915154586,8.86385231437492
2022-05-04,711586,263,526915,168,184671,95,572592,176,2906279,1275,3478871,1451,3,9915,2,17547,10033,0,"East TN",2455501,42.8425808012296,0.0967827705397501,59.09181059181,10.7106452003074,9.67827705397501
2022-05-05,711804,218,527058,143,184746,75,572743,151,2907400,1121,3480143,1272,1,9916,2,17549,10035,2,"East TN",2455501,45.5304233229797,0.103530661003451,51.80205587373,8.87802529911411,10.3530661003451
2022-05-06,712026,222,527200,142,184826,80,572896,153,2908618,1218,3481514,1371,1,9917,2,17551,10038,3,"East TN",2455501,48.9513138052072,0.109920271859888,55.8338196563553,9.04092484588685,10.9920271859888
2022-05-07,712144,118,527278,78,184866,40,572988,92,2909490,872,3482478,964,0,9917,2,17553,10039,1,"East TN",2455501,50.7432088197073,0.11133836124249,39.2587907722294,4.80553662979571,11.133836124249
2022-05-08,712254,110,527358,80,184896,30,573073,85,2910141,651,3483214,736,0,9917,1,17554,10040,1,"East TN",2455501,52.9423527011392,0.114901033237894,29.9735166061834,4.47973753625024,11.4901033237894
2022-05-09,712484,230,527488,130,184996,100,573211,138,2911123,982,3484334,1120,13,9930,2,17556,10041,1,"East TN",2455501,54.7749726023325,0.114647287307355,45.6118730963661,9.36672393943232,11.4647287307355
2022-05-10,712778,294,527658,170,185120,124,573393,182,2912635,1512,3486028,1694,9,9939,4,17560,10043,2,"East TN",2455501,59.2547101385827,0.11349907063197,68.9879580582537,11.9731166877961,11.349907063197
2022-05-11,713059,281,527853,195,185206,86,573603,210,2913720,1085,3487323,1295,1,9940,0,17560,10044,1,"East TN",2455501,59.98775809906,0.119616658778987,52.7387282676733,11.4436931607847,11.9616658778987
2022-05-12,713294,235,528016,163,185278,72,573780,177,2914996,1276,3488776,1453,2,9942,2,17562,10045,1,"East TN",2455501,60.6800811728442,0.120120467971736,59.1732603651963,9.57034837289824,12.0120467971736
2022-05-13,713573,279,528211,195,185362,84,573987,207,2916347,1351,3490334,1558,0,9942,0,17562,10047,2,"East TN",2455501,63.0013997143556,0.123696145124717,63.4493734679807,11.3622433873983,12.3696145124717
2022-05-14,713682,109,528290,79,185392,30,574070,83,2917074,727,3491144,810,0,9942,1,17563,10051,4,"East TN",2455501,62.634875734117,0.124855758135241,32.987158221479,4.43901264955706,12.4855758135241
2022-05-15,713866,184,528422,132,185444,52,574214,144,2917926,852,3492140,996,0,9942,3,17566,10054,3,"East TN",2455501,65.6485173494126,0.127828814698633,40.5619871464113,7.49337915154586,12.7828814698633
2022-05-16,714173,307,528614,192,185559,115,574412,198,2919289,1363,3493701,1561,2,9944,3,17569,10058,4,"East TN",2455501,68.7843336247878,0.128216077719654,63.5715481280602,12.5025402148075,12.8216077719654
2022-05-17,714585,412,528836,222,185749,190,574648,236,2920539,1250,3495187,1486,16,9960,0,17569,10061,3,"East TN",2455501,73.5898702545835,0.137023692542854,60.5171816260714,16.7786533175918,13.7023692542854
2022-05-18,714949,364,529058,222,185891,142,574886,238,2921928,1389,3496814,1627,7,9967,3,17572,10062,1,"East TN",2455501,76.9700358501178,0.135180697502897,66.2593906498104,14.823858756319,13.5180697502897
2022-05-19,715369,420,529336,278,186033,142,575176,290,2923354,1426,3498530,1716,31,9998,4,17576,10064,2,"East TN",2455501,84.5041398883568,0.143120770965758,69.8839055655037,17.1044524111373,14.3120770965758
2022-05-20,715807,438,529604,268,186203,170,575457,281,2924754,1400,3500211,1681,0,9998,4,17580,10065,1,"East TN",2455501,90.979396872573,0.148830616583983,68.4585345312423,17.8375003716146,14.8830616583983
2022-05-21,716022,215,529745,141,186277,74,575611,154,2925796,1042,3501407,1196,0,9998,4,17584,10066,1,"East TN",2455501,95.2962348620506,0.150151027964533,48.7069644850481,8.75585063903456,15.0151027964533
2022-05-22,716193,171,529878,133,186315,38,575754,143,2926811,1015,3502565,1158,5,10003,5,17589,10067,1,"East TN",2455501,94.7668113350392,0.147721822541966,47.1594187907071,6.96395562453446,14.7721822541966
2022-05-23,716576,383,530123,245,186453,138,576001,247,2928003,1192,3504004,1439,6,10009,4,17593,10070,3,"East TN",2455501,97.8619027237211,0.154226924196836,58.6031119514918,15.5976316034895,15.4226924196836
2022-05-24,717146,570,530424,301,186722,269,576315,314,2929441,1438,3505756,1752,0,10009,3,17596,10071,1,"East TN",2455501,104.296434821244,0.15772542340808,71.3500014864584,23.2131854151149,15.772542340808
2022-05-25,717622,476,530750,326,186872,150,576668,353,2930927,1486,3507595,1839,18,10027,1,17597,10073,2,"East TN",2455501,108.857622130881,0.165290789351637,74.8930666287654,19.3850460659556,16.5290789351637
2022-05-26,718115,493,531053,303,187062,190,576984,316,2932427,1500,3509411,1816,13,10040,3,17600,10078,5,"East TN",2455501,111.830538859483,0.166161198419263,73.9563942348221,20.0773691397397,16.6161198419263
2022-05-27,718532,417,531323,270,187209,147,577261,277,2934378,1951,3511639,2228,4,10044,5,17605,10079,1,"East TN",2455501,110.975316238926,0.157857892894645,90.735047552414,16.9822777510577,15.7857892894645
2022-05-28,718816,284,531541,218,187275,66,577488,227,2935438,1060,3512926,1287,0,10044,0,17605,10081,2,"East TN",2455501,113.785333420756,0.162948172584426,52.4129291741278,11.5658678208643,16.2948172584426
2022-05-29,719068,252,531690,149,187378,103,577648,160,2936326,888,3513974,1048,0,10044,2,17607,10085,4,"East TN",2455501,117.084049242904,0.166009290910685,42.6796812544568,10.2626714466824,16.6009290910685
2022-05-30,719280,212,531831,141,187449,71,577800,152,2937037,711,3514837,863,0,10044,5,17612,10085,0,"East TN",2455501,110.12009361837,0.16606664820456,35.1455772162178,8.63367597895501,16.606664820456
2022-05-31,719798,518,532128,297,187670,221,578099,299,2937964,927,3516063,1226,2,10046,3,17615,10085,0,"East TN",2455501,108.002399510324,0.173086252061706,49.9287110858436,21.0954913070693,17.3086252061706
2022-06-01,720467,669,532522,394,187945,275,578532,433,2939328,1364,3517860,1797,1,10047,5,17620,10086,1,"East TN",2455501,115.862302642108,0.181587920116902,73.1826213876516,27.2449491977401,18.1587920116902
2022-06-02,721032,565,532910,388,188122,177,578950,418,2940864,1536,3519814,1954,0,10047,3,17623,10087,1,"East TN",2455501,118.794494484018,0.188983946938383,79.5764285984815,23.009560981649,18.8983946938383
2022-06-03,721658,626,533310,400,188348,226,579374,424,2942423,1559,3521797,1983,1,10048,3,17626,10090,3,"East TN",2455501,127.305995802893,0.208013388462296,80.7574503125839,25.4937790699332,20.8013388462296
2022-06-04,721967,309,533555,245,188412,64,579640,266,2943579,1156,3523219,1422,0,10048,0,17626,10092,2,"East TN",2455501,128.324117970223,0.209074128048188,57.9107888777077,12.5839899881939,20.9074128048188
2022-06-05,722301,334,533786,231,188515,103,579884,244,2944573,994,3524457,1238,3,10051,2,17628,10092,0,"East TN",2455501,131.663558679064,0.213297720118287,50.4174097261618,13.6021121555235,21.3297720118287
2022-06-06,722845,544,534093,307,188752,237,580204,320,2945665,1092,3525869,1412,0,10051,4,17632,10094,2,"East TN",2455501,145.184221061201,0.217911530094271,57.5035400107758,22.1543383610921,21.7911530094271
2022-06-07,723487,642,534447,354,189040,288,580565,361,2946718,1053,3527283,1414,3,10054,5,17637,10095,1,"East TN",2455501,150.234107011156,0.219786096256684,57.5849897841622,26.1453772570241,21.9786096256685
2022-06-08,724130,643,534869,422,189261,221,581024,459,2948331,1613,3529355,2072,0,10054,4,17641,10096,1,"East TN",2455501,149.175259957133,0.216789908655937,84.3819652282772,26.1861021437173,21.6789908655937
2022-06-09,724744,614,535270,401,189474,213,581450,426,2949820,1489,3531270,1915,10,10064,3,17644,10100,4,"East TN",2455501,151.170779405099,0.21822625698324,77.9881580174473,25.005080429615,21.822625698324
2022-06-10,725360,616,535632,362,189728,254,581846,396,2951508,1688,3533354,2084,1,10065,2,17646,10101,1,"East TN",2455501,150.763530538167,0.213896339880592,84.8706638685955,25.0865302030013,21.3896339880592
2022-06-11,725729,369,535932,300,189797,69,582186,340,2952602,1094,3534788,1434,0,10065,5,17651,10103,2,"East TN",2455501,153.207023739758,0.220070879073386,58.3994875180259,15.0274831897849,22.0070879073386
2022-06-12,726044,315,536087,155,189957,160,582351,165,2953165,563,3535516,728,2,10067,2,17653,10108,5,"East TN",2455501,152.433250892588,0.223076227507008,29.647717512638,12.828339308353,22.3076227507008
2022-06-13,726627,583,536415,328,190212,255,582686,335,2953937,772,3536623,1107,5,10072,7,17660,10113,5,"East TN",2455501,154.021521473622,0.230797842663195,45.0824495693547,23.7426089421263,23.0797842663195
2022-06-14,727333,706,536802,387,190531,319,583105,419,2955223,1286,3538328,1705,3,10075,4,17664,10115,2,"East TN",2455501,156.627914221986,0.229968311453146,69.4359318118787,28.7517700053879,22.9968311453146
2022-06-15,728040,707,537262,460,190778,247,583594,489,2956665,1442,3540259,1931,11,10086,11,17675,10120,5,"East TN",2455501,159.234306970349,0.23569332355099,78.6397562045383,28.7924948920811,23.569332355099
2022-06-16,728709,669,537694,432,191015,237,584044,450,2957968,1303,3542012,1753,6,10092,3,17678,10122,2,"East TN",2455501,161.474175738475,0.241482033140942,71.3907263731516,27.2449491977401,24.1482033140942
2022-06-17,729292,583,538042,348,191250,235,584422,378,2959205,1237,3543627,1615,7,10099,5,17683,10126,4,"East TN",2455501,160.1302544776,0.250754404750316,65.7706920094922,23.7426089421263,25.0754404750316
2022-06-18,729645,353,538321,279,191324,74,584723,301,2960179,974,3544902,1275,0,10099,4,17687,10127,1,"East TN",2455501,159.478656290509,0.250840419220882,51.9242305338096,14.375885002694,25.0840419220882
2022-06-19,730037,392,538547,226,191490,166,584968,245,2961042,863,3546010,1108,1,10100,1,17688,10128,1,"East TN",2455501,162.614472565884,0.249380598437202,45.1231744560479,15.9641555837281,24.9380598437202
2022-06-20,730683,646,538900,353,191783,293,585336,368,2961868,826,3547204,1194,1,10101,7,17695,10131,3,"East TN",2455501,165.180140427554,0.250448917871657,48.6255147116617,26.3082768037969,25.0448917871657
2022-06-21,731526,843,539355,455,192171,388,585816,480,2962860,992,3548676,1472,1,10102,5,17700,10131,0,"East TN",2455501,170.75944990452,0.261982991882489,59.9470332123668,34.3310794823541,26.1982991882489
2022-06-22,732478,952,540004,649,192474,303,586503,687,2964443,1583,3550946,2270,0,10102,5,17705,10133,2,"East TN",2455501,180.737047144351,0.272199868999719,92.4454927935277,38.7700921319112,27.2199868999719
2022-06-23,733318,840,540539,535,192779,305,587060,557,2965841,1398,3552901,1955,1,10103,5,17710,10138,5,"East TN",2455501,187.701002768885,0.276976765543209,79.6171534851747,34.2089048222746,27.6976765543209
2022-06-24,734050,732,541033,494,193017,238,587591,531,2967481,1640,3555072,2171,0,10103,8,17718,10143,5,"East TN",2455501,193.769010886169,0.276889471384884,88.4137290109025,29.8106170594107,27.6889471384884
2022-06-25,734507,457,541289,256,193218,201,587876,285,2968490,1009,3556366,1294,1,10104,2,17720,10144,1,"East TN",2455501,198.004399102261,0.275034891835311,52.6980033809801,18.6112732187851,27.5034891835311
2022-06-26,734959,452,541565,276,193394,176,588162,286,2969395,905,3557557,1191,1,10105,4,17724,10145,1,"East TN",2455501,200.447892303852,0.27660864293756,48.5033400515821,18.4076487853192,27.660864293756
2022-06-27,735700,741,541980,415,193720,326,588593,431,2970326,931,3558919,1362,8,10113,6,17730,10147,2,"East TN",2455501,204.316756539704,0.27801963294921,55.4672956761166,30.1771410396493,27.801963294921
2022-06-28,736664,964,542561,581,194103,383,589201,608,2971621,1295,3560822,1903,3,10116,5,17735,10150,3,"East TN",2455501,209.244467829579,0.27869257368681,77.4994593771291,39.2587907722294,27.869257368681
2022-06-29,737627,963,543108,547,194519,416,589784,583,2973060,1439,3562844,2022,16,10132,4,17739,10155,5,"East TN",2455501,209.692441583204,0.275760632038998,82.345720893618,39.2180658855362,27.5760632038998
2022-06-30,738504,877,543606,498,194898,379,590320,536,2974476,1416,3564796,1952,2,10134,5,17744,10159,4,"East TN",2455501,211.199262390852,0.274064733081126,79.4949788250952,35.7157256299224,27.4064733081126
2022-07-01,739306,802,544112,506,195194,296,590842,522,2975971,1495,3566813,2017,1,10135,6,17750,10162,3,"East TN",2455501,214.050004459375,0.276892939272634,82.1420964601521,32.6613591279336,27.6892939272634
2022-07-02,739794,488,544410,298,195384,190,591167,325,2976948,977,3568115,1302,0,10135,3,17753,10168,6,"East TN",2455501,215.312475946864,0.280108945442165,53.0238024745256,19.8737447062738,28.0108945442165
2022-07-03,740351,557,544746,336,195605,221,591524,357,2977886,938,3569410,1295,0,10135,2,17755,10170,2,"East TN",2455501,219.588589049648,0.283641272251751,52.7387282676733,22.6837618881035,28.3641272251751
2022-07-04,740772,421,545006,260,195766,161,591795,271,2978532,646,3570327,917,1,10136,4,17759,10173,3,"East TN",2455501,206.556625307829,0.280680224403927,37.3447210976497,17.1451772978305,28.0680224403927
2022-07-05,741654,882,545575,569,196079,313,592367,572,2979364,832,3571731,1404,2,10138,7,17766,10177,4,"East TN",2455501,203.217184598988,0.290219085159043,57.1777409172303,35.9193500633883,29.0219085159043
2022-07-06,742805,1151,546296,721,196509,430,593110,743,2980693,1329,3573803,2072,14,10152,12,17778,10180,3,"East TN",2455501,210.873463297307,0.303494844420111,84.3819652282772,46.8743445838548,30.3494844420111
2022-07-07,743837,1032,546887,591,196950,441,593725,615,2982205,1512,3575930,2127,0,10152,5,17783,10190,10,"East TN",2455501,217.18582073475,0.305820010777798,86.6218339964024,42.0280830673659,30.5820010777798
2022-07-08,744897,1060,547548,661,197349,399,594434,709,2983995,1790,3578429,2499,3,10155,6,17789,10194,4,"East TN",2455501,227.692841501592,0.309228650137741,101.771491846267,43.168379894775,30.9228650137741
2022-07-09,745515,618,547887,339,197628,279,594779,345,2984771,776,3579550,1121,0,10155,2,17791,10196,2,"East TN",2455501,232.987076771706,0.315872321818977,45.6525979830593,25.1679799763877,31.5872321818977
2022-07-10,745915,400,548093,206,197822,194,594989,210,2985385,614,3580374,824,2,10157,4,17795,10200,4,"East TN",2455501,226.593269560876,0.316034294053265,33.5573066351836,16.2899546772736,31.6034294053265
2022-07-11,747084,1169,548744,651,198340,518,595680,691,2986838,1453,3582518,2144,6,10163,8,17803,10202,2,"East TN",2455501,257.055484807377,0.318677713067017,87.3141570701865,47.6073925443321,31.8677713067017
2022-07-12,748240,1156,549398,654,198842,502,596375,695,2988293,1455,3584668,2150,21,10184,2,17805,10204,2,"East TN",2455501,268.21410376131,0.30980907474685,87.5585063903456,47.0779690173207,30.980907474685
2022-07-13,749527,1287,550158,760,199369,527,597184,809,2989902,1609,3587086,2418,1,10185,6,17811,10207,3,"East TN",2455501,273.752688351583,0.306707822028156,98.4727760241189,52.4129291741278,30.6707822028156
2022-07-14,750600,1073,550779,621,199821,452,597844,660,2991275,1373,3589119,2033,1,10186,4,17815,10209,2,"East TN",2455501,275.422408706003,0.312305709303207,82.7936946472431,43.6978034217864,31.2305709303207
2022-07-15,751648,1048,551402,623,200246,425,598499,655,2992866,1591,3591365,2246,0,10186,6,17821,10209,0,"East TN",2455501,274.933710065685,0.314239332096475,91.4680955128913,42.6796812544568,31.4239332096475
2022-07-16,752197,549,551697,295,200500,254,598813,314,2993591,725,3592404,1039,1,10187,2,17823,10213,4,"East TN",2455501,272.123692883855,0.313832270110471,42.3131572742182,22.357962794558,31.3832270110471
2022-07-17,752553,356,551955,258,200598,98,599088,275,2994170,579,3593258,854,1,10188,0,17823,10216,3,"East TN",2455501,270.331797869355,0.31814653834213,34.7790532359791,14.4980596627735,31.814653834213
2022-07-18,754123,1570,552783,828,201340,742,599992,904,2995808,1638,3595800,2542,5,10193,1,17824,10218,2,"East TN",2455501,286.662477433322,0.324649902123174,103.522661974074,63.9380721082989,32.4649902123174
2022-07-19,755501,1378,553570,787,201931,591,600812,820,2997172,1364,3597984,2184,17,10210,5,17829,10221,3,"East TN",2455501,295.703402279209,0.333208170621808,88.9431525379138,56.1188938632076,33.3208170621808
2022-07-20,756747,1246,554302,732,202445,514,601579,767,2998672,1500,3600251,2267,14,10224,1,17830,10222,1,"East TN",2455501,294.033681924788,0.333839726547664,92.3233181334481,50.7432088197073,33.3839726547664
2022-07-21,758109,1362,555139,837,202970,525,602469,890,3000365,1693,3602834,2583,2,10226,0,17830,10222,0,"East TN",2455501,305.803174179119,0.337222019686475,105.192382328494,55.4672956761166,33.7222019686475
2022-07-22,759483,1374,555947,808,203536,566,603320,851,3001906,1541,3605226,2392,0,10226,0,17830,10222,0,"East TN",2455501,319.079487241097,0.347810403289806,97.4139289700961,55.9559943164348,34.7810403289806
2022-07-23,759998,515,556268,321,203730,194,603660,340,3002708,802,3606368,1142,0,10226,0,17830,10222,0,"East TN",2455501,317.694841093528,0.347106846175881,46.5078206036161,20.9733166469898,34.7106846175881
