"DATE","TOTAL_CASES","NEW_CASES","TOTAL_CONFIRMED","NEW_CONFIRMED","TOTAL_PROBABLE","NEW_PROBABLE","POS_TESTS","NEW_POS_TESTS","NEG_TESTS","NEW_NEG_TESTS","TOTAL_TESTS","NEW_TESTS","NEW_DEATHS","TOTAL_DEATHS","ACTIVE_CHANGE","TOTAL_ACTIVE","NEW_INACTIVE_RECOVERED","TOTAL_INACTIVE_RECOVERED","NEW_HOSPITALIZED","TOTAL_HOSPITALIZED","TOTAL_DEATHS_BY_DOD","Region","Population","New_cases_per_100k_per_week","PositivityRate_per_week","Tests_per_100k","New_cases_per_100k","Active_cases_per_100k","PositivityPercentage_per_week"
2022-03-12,126979,10,98252,9,28727,1,106204,9,544708,293,650912,302,0,1318,-11,332,21,125329,0,2688,1320,"Knox County",470313,NA,NA,64.212556318877,2.12624358671778,70.5912870790304,NA
2022-03-11,126969,20,98243,13,28726,7,106195,14,544415,467,650610,481,9,1318,-43,343,54,125308,0,2688,1319,"Knox County",470313,NA,NA,102.272316521125,4.25248717343556,72.9301550244199,NA
2022-03-10,126949,28,98230,18,28719,10,106181,23,543948,459,650129,482,4,1309,-44,386,68,125254,0,2688,1318,"Knox County",470313,NA,NA,102.484940879797,5.95348204280979,82.0730024473064,NA
2022-03-09,126921,64,98212,18,28709,46,106158,23,543489,419,649647,442,1,1305,-22,430,85,125186,2,2688,1317,"Knox County",470313,NA,NA,93.9799665329259,13.6079589549938,91.4284742288646,NA
2022-03-08,126857,36,98194,18,28663,18,106135,19,543070,311,649205,330,1,1304,-39,452,74,125101,1,2686,1317,"Knox County",470313,NA,NA,70.1660383616868,7.65447691218401,96.1062101196437,NA
2022-03-07,126821,27,98176,22,28645,5,106116,25,542759,267,648875,292,4,1303,-63,491,86,125027,2,2685,1316,"Knox County",470313,NA,NA,62.0863127321592,5.74085768413801,104.398560107843,NA
2022-03-06,126794,14,98154,11,28640,3,106091,13,542492,212,648583,225,2,1299,-45,554,57,124941,1,2683,1316,"Knox County",470313,42.3122473756839,0.0493343774471417,47.8404807011501,2.97674102140489,117.793894704165,4.93343774471417
2022-03-05,126780,18,98143,10,28637,8,106078,11,542280,266,648358,277,0,1297,-34,599,52,124884,1,2682,1316,"Knox County",470313,44.0132422450581,0.0506128904705417,58.8969473520825,3.82723845609201,127.361990844395,5.06128904705417
2022-03-04,126762,52,98133,28,28629,24,106067,29,542014,380,648081,409,1,1297,-43,633,94,124832,1,2681,1316,"Knox County",470313,50.817221722555,0.0582010582010582,86.9633626967573,11.0564666509325,134.591219039236,5.82010582010582
2022-03-03,126710,45,98105,29,28605,16,106038,34,541634,326,647672,360,8,1296,-72,676,109,124738,4,2680,1316,"Knox County",470313,54.4318358199752,0.0659528907922912,76.5447691218401,9.56809614023002,143.734066462122,6.59528907922912
2022-03-02,126665,36,98076,28,28589,8,106004,35,541308,338,647312,373,-2,1288,-89,748,127,124629,1,2676,1315,"Knox County",470313,48.4783537771654,0.0732568402471315,79.3088857845732,7.65447691218401,159.04302028649,7.32568402471315
2022-03-01,126629,92,98048,48,28581,44,105969,60,540970,391,646939,451,3,1290,-86,837,175,124502,3,2675,1311,"Knox County",470313,60.385317862785,0.0867197318810222,95.893585760972,19.5614409978036,177.966588208278,8.67197318810222
2022-02-28,126537,134,98000,90,28537,44,105909,97,540579,549,646488,646,10,1287,-104,923,228,124327,4,2672,1310,"Knox County",470313,83.1361242406653,0.101787668734039,137.355335701969,28.4916640620183,196.252283054051,10.1787668734039
2022-02-27,126403,3,97910,3,28493,0,105812,5,540030,75,645842,80,1,1277,-136,1027,138,124099,1,2668,1307,"Knox County",470313,80.7972562952757,0.104391371340524,17.0099486937423,0.637873076015334,218.365216355916,10.4391371340524
2022-02-26,126400,47,97907,33,28493,14,105807,35,539955,275,645762,310,0,1276,-84,1163,131,123961,2,2667,1305,"Knox County",470313,86.9633626967573,0.112209965766451,65.9135511882512,9.99334485757357,247.282129135278,11.2209965766451
2022-02-25,126353,106,97874,66,28479,40,105772,74,539680,406,645452,480,2,1276,-107,1247,211,123830,4,2665,1305,"Knox County",470313,98.4450780650333,0.125925925925926,102.059692162454,22.5381820192085,265.142575263707,12.5925925925926
2022-02-24,126247,143,97808,85,28439,58,105698,94,539274,463,644972,557,1,1274,-119,1354,261,123619,3,2661,1301,"Knox County",470313,119.282265214868,0.138073869520193,118.43176778018,30.4052832900643,287.893381641588,13.8073869520193
2022-02-23,126104,142,97723,96,28381,46,105604,115,538811,413,644415,528,6,1273,-186,1473,322,123358,1,2658,1298,"Knox County",470313,141.820447234076,0.157273918741809,112.265661378699,30.1926589313925,313.195680323529,15.7273918741809
2022-02-22,125962,142,97627,87,28335,55,105489,100,538398,356,643887,456,11,1267,-173,1659,304,123036,5,2657,1294,"Knox County",470313,152.451665167665,0.170101406607785,96.9567075543308,30.1926589313925,352.74381103648,17.0101406607785
2022-02-21,125820,74,97540,46,28280,28,105389,50,538042,290,643431,340,0,1256,-371,1832,445,122732,0,2652,1291,"Knox County",470313,139.694203647358,0.171937477280989,72.2922819484046,15.7342025417116,389.527825086698,17.1937477280989
2022-02-20,125746,72,97494,48,28252,24,105339,57,537752,289,643091,346,0,1256,-188,2203,260,122287,1,2652,1288,"Knox County",470313,154.365284395711,0.174013921113689,73.5680281004352,15.308953824368,468.411462153927,17.4013921113689
2022-02-19,125674,90,97446,54,28228,36,105282,68,537463,322,642745,390,0,1256,-177,2391,267,122027,1,2651,1286,"Knox County",470313,163.508131818597,0.180174362286083,82.9234998819935,19.13619228046,508.384841584222,18.0174362286083
2022-02-18,125584,142,97392,92,28192,50,105214,114,537141,498,642355,612,0,1256,-263,2568,405,121760,3,2650,1282,"Knox County",470313,171.162608730781,0.185196655311242,130.126107507128,30.1926589313925,546.019353069126,18.5196655311242
2022-02-17,125442,294,97300,232,28142,62,105100,275,536643,1208,641743,1483,1,1256,-240,2831,533,121355,2,2647,1279,"Knox County",470313,203.26888689022,0.18748495788207,315.321923910247,62.5115614495028,601.939559399804,18.748495788207
2022-02-16,125148,224,97068,144,28080,80,104825,159,535435,546,640260,705,3,1255,-378,3071,599,120822,2,2645,1278,"Knox County",470313,220.704084301306,0.189981532779317,149.900172863604,47.6278563424783,652.969405481031,18.9981532779317
2022-02-15,124924,273,96924,215,28000,58,104666,240,534889,592,639555,832,5,1252,-466,3449,734,120223,6,2643,1275,"Knox County",470313,248.557875287309,0.204545454545455,176.903466414919,58.0464499173954,733.341413058963,20.4545454545455
2022-02-14,124651,341,96709,205,27942,136,104426,245,534297,602,638723,847,19,1247,-441,3915,763,119489,8,2637,1271,"Knox County",470313,305.328579052673,0.222051773729626,180.092831794996,72.5049063070764,832.424364200011,22.2051773729626
2022-02-13,124310,120,96504,100,27806,20,104181,116,533695,283,637876,399,1,1228,-274,4356,393,118726,1,2629,1271,"Knox County",470313,315.534548268919,0.231017463933181,84.8371191100395,25.5149230406134,926.191706374266,23.1017463933181
2022-02-12,124190,154,96404,110,27786,44,104065,127,533412,414,637477,541,0,1227,-276,4630,430,118333,3,2628,1269,"Knox County",470313,329.142507223913,0.235467798486806,115.029778041432,32.7441512354538,984.450780650333,23.5467798486806
2022-02-11,124036,341,96294,250,27742,91,103938,279,532998,631,636936,910,3,1227,-404,4906,742,117903,9,2625,1264,"Knox County",470313,371.454754599596,0.252055273744971,193.488166391318,72.5049063070764,1043.13510364374,25.2055273744971
2022-02-10,123695,425,96044,274,27651,151,103659,302,532367,555,636026,857,7,1224,-436,5310,854,117161,12,2616,1260,"Knox County",470313,399.308545585599,0.288351993714398,182.219075381714,90.3653524355057,1129.03534454714,28.8351993714398
2022-02-09,123270,438,95770,308,27500,130,103357,367,531812,606,635169,973,8,1217,-706,5746,1136,116307,4,2604,1257,"Knox County",470313,444.81015834136,0.3127449150961,206.88350098764,93.1294690982388,1221.73956492804,31.27449150961
2022-02-08,122832,457,95462,334,27370,123,102990,389,531206,462,634196,851,6,1209,-835,6452,1286,115171,7,2600,1252,"Knox County",470313,483.933040336967,0.33934548159167,180.943329229683,97.1693319130026,1371.85236215031,33.934548159167
2022-02-07,122375,589,95128,410,27247,179,102601,441,530744,625,633345,1066,10,1203,-744,7287,1323,113885,11,2593,1241,"Knox County",470313,536.663881287568,0.361086296230123,226.657566344116,125.235747257677,1549.39370164125,36.1086296230123
2022-02-06,121786,253,94718,185,27068,68,102160,215,530119,435,632279,650,0,1193,-369,8031,622,112562,14,2582,1236,"Knox County",470313,564.942920990915,0.362517099863201,138.205833136656,53.7939627439599,1707.58622449305,36.2517099863201
2022-02-05,121533,271,94533,194,27000,77,101945,220,529684,496,631629,716,0,1193,-380,8400,651,111940,7,2568,1232,"Knox County",470313,589.819970955513,0.367424871326581,152.239040808993,57.6212012000519,1786.04461284294,36.7424871326581
2022-02-04,121262,650,94339,511,26923,139,101725,578,529188,963,630913,1541,3,1193,-498,8780,1145,111289,2,2561,1221,"Knox County",470313,655.520897785092,0.377517282837391,327.65413671321,138.205833136656,1866.84186913821,37.7517282837391
2022-02-03,120612,1643,93828,501,26784,1142,101147,504,528225,741,629372,1245,1,1190,127,9278,1515,110144,12,2559,1221,"Knox County",470313,914.497366647318,0.385401874467481,264.717326546364,349.341821297731,1972.72879975676,38.5401874467481
2022-02-02,118969,719,93327,538,25642,181,100643,600,527484,904,628127,1504,7,1189,-1043,9151,1755,108629,5,2547,1219,"Knox County",470313,974.244811434088,0.389145649016242,319.787035442354,152.876913885008,1945.72550620544,38.9145649016242
2022-02-01,118250,938,92789,740,25461,198,100043,834,526580,1139,626623,1973,5,1182,-962,10194,1895,106874,11,2542,1211,"Knox County",470313,1076.51712795521,0.390109258194365,419.507859659418,199.441648434128,2167.49271230011,39.0109258194365
2022-01-31,117312,711,92049,513,25263,198,99209,518,525441,605,624650,1123,11,1177,-710,11156,1410,104979,12,2531,1204,"Knox County",470313,1102.45729971317,0.396366544789762,238.777154788407,151.175919015634,2372.03734534236,39.6366544789762
2022-01-30,116601,389,91536,319,25065,70,98691,336,524836,570,623527,906,1,1166,-259,11866,647,103569,8,2519,1202,"Knox County",470313,1131.37421249253,0.398534635879218,192.637668956631,82.7108755233217,2523.00063999932,39.8534635879218
2022-01-29,116212,679,91217,590,24995,89,98355,646,524266,912,622621,1558,0,1165,-65,12125,744,102922,5,2511,1196,"Knox County",470313,1218.12495083062,0.407715736040609,331.26875081063,144.371939538137,2578.07034889531,40.7715736040609
2022-01-28,115533,937,90627,775,24906,162,97709,834,523354,1040,621063,1874,3,1165,-418,12190,1352,102178,15,2506,1193,"Knox County",470313,1279.14814176942,0.419522733968379,398.458048150912,199.229024075456,2591.89093220898,41.9522733968379
2022-01-27,114596,1434,89852,1201,24744,233,96875,1276,522314,1472,619189,2748,7,1162,47,12608,1380,100826,13,2491,1187,"Knox County",470313,1234.70965080702,0.431627588567517,584.291737630046,304.90333033533,2680.76791413378,43.1627588567517
2022-01-26,113162,999,88651,807,24511,192,95599,854,520842,965,616441,1819,4,1155,-645,12561,1640,99446,5,2478,1179,"Knox County",470313,1294.24447123511,0.44146321139905,386.763708423964,212.411734313106,2670.77456927621,44.146321139905
2022-01-25,112163,1025,87844,768,24319,257,94745,803,519877,931,614622,1734,7,1151,-439,13206,1457,97806,9,2473,1172,"Knox County",470313,1312.74279043956,0.447797993538514,368.690637936863,217.939967638573,2807.9172806195,44.7797993538514
2022-01-24,111138,1321,87076,1082,24062,239,93942,1158,518946,1550,612888,2708,13,1144,-238,13645,1546,96349,15,2464,1166,"Knox County",470313,1442.44364922934,0.44257136435154,575.786763283175,280.876777805419,2901.25937407641,44.257136435154
2022-01-23,109817,769,85994,680,23823,89,92784,709,517396,818,610180,1527,0,1131,122,13883,647,94803,7,2449,1161,"Knox County",470313,1523.24090552462,0.449599083619702,324.677395691805,163.508131818597,2951.8639714403,44.9599083619702
2022-01-22,109048,903,85314,739,23734,164,92075,770,516578,1056,608653,1826,0,1131,191,13761,712,94156,13,2442,1151,"Knox County",470313,1570.8687618671,0.449845462208486,388.252078934667,191.999795880616,2925.92379968234,44.9845462208486
2022-01-21,108145,1517,84575,1230,23570,287,91305,1292,515522,1348,606827,2640,1,1131,583,13570,933,93444,6,2429,1148,"Knox County",470313,1694.19088989673,0.457405679242768,561.328306893494,322.551152105087,2885.31254717603,45.7405679242768
2022-01-20,106628,1409,83345,1170,23283,239,90013,1217,514174,1152,604187,2369,11,1130,475,12987,923,92511,10,2423,1142,"Knox County",470313,1688.87528092993,0.465226013813855,503.707105693442,299.587721368535,2761.35254607038,46.5226013813855
2022-01-19,105219,1675,82175,1311,23044,364,88796,1344,513022,1331,601818,2675,4,1119,424,12512,1247,91588,6,2413,1140,"Knox County",470313,1832.60934739206,0.471154467342852,568.770159447007,356.145800775228,2660.35597570129,47.1154467342852
2022-01-18,103544,1044,80864,665,22680,379,87452,692,511691,686,599143,1378,6,1115,-215,12088,1253,90341,6,2407,1138,"Knox County",470313,1836.64921020682,0.474905772664154,292.99636624971,221.979830453336,2570.20324762445,47.4905772664154
2022-01-17,102500,1088,80199,856,22301,232,86760,900,511005,1279,597765,2179,7,1109,-47,12303,1128,89088,13,2401,1134,"Knox County",470313,1787.1077346363,0.474441551322461,463.308477545805,231.335302234895,2615.91748473889,47.4441551322461
2022-01-16,101412,773,79343,693,22069,80,85860,718,509726,1073,595586,1791,0,1102,262,12350,511,87960,7,2388,1131,"Knox County",470313,1787.95823207098,0.466617310539777,380.810226381155,164.358629253285,2625.91082959646,46.6617310539777
2022-01-15,100639,751,78650,598,21989,153,85142,627,508653,816,593795,1443,1,1102,444,12088,306,87449,12,2381,1127,"Knox County",470313,1755.63932955287,0.469084628670121,306.816949563376,159.680893362505,2570.20324762445,46.9084628670121
2022-01-14,99888,1314,78052,1059,21836,255,84515,1097,507837,1188,592352,2285,6,1101,859,11644,449,87143,9,2369,1125,"Knox County",470313,1712.4765847425,0.467067988668555,485.846659565013,279.388407294717,2475.79803237418,46.7067988668555
2022-01-13,98574,1406,76993,1059,21581,347,83418,1105,506649,1402,590067,2507,6,1095,672,10785,728,86694,11,2360,1120,"Knox County",470313,1711.83871166649,0.454692102679198,533.049267190148,298.94984829252,2293.15370827513,45.4692102679198
2022-01-12,97168,1167,75934,889,21234,278,82313,935,505247,1058,587560,1993,1,1089,474,10113,692,85966,3,2349,1114,"Knox County",470313,1603.82553746122,0.447407189157336,423.760346832854,248.132626569965,2150.27013924769,44.7407189157336
2022-01-11,96001,1366,75045,1061,20956,305,81378,1096,504189,1283,585567,2379,2,1088,710,9639,654,85274,10,2346,1114,"Knox County",470313,1672.29058095354,0.444398710297043,505.83334928016,290.444873945649,2049.48619323727,44.4398710297043
2022-01-10,94635,1002,73984,685,20651,317,80282,715,502906,812,583188,1527,3,1086,378,8929,621,84620,5,2336,1111,"Knox County",470313,1654.00488610776,0.451921005385996,324.677395691805,213.049607389122,1898.52289858031,45.1921005385996
2022-01-09,93633,740,73299,627,20334,113,79567,663,502094,1205,581661,1868,5,1083,402,8551,333,83999,2,2331,1110,"Knox County",470313,1646.98828227159,0.4455077846022,397.182301998882,157.342025417116,1818.15089100237,44.55077846022
2022-01-08,92893,624,72672,477,20221,147,78904,509,500889,912,579793,1421,0,1078,483,8149,141,83666,10,2329,1108,"Knox County",470313,1619.98498872028,0.437768240343348,302.139213672597,132.67759981119,1732.67589881632,43.7768240343348
2022-01-07,92269,966,72195,748,20074,218,78395,764,499977,1091,578372,1855,0,1078,782,7666,184,83525,7,2319,1104,"Knox County",470313,1545.9917119025,0.427084870848708,394.418185336148,205.395130476938,1629.97833357785,42.7084870848709
2022-01-06,91303,1170,71447,745,19856,425,77631,781,498886,1011,576517,1792,2,1078,943,6884,225,83341,7,2312,1104,"Knox County",470313,1495.81236325596,0.425633034670822,381.022850739826,248.77049964598,1463.70608509652,42.5633034670822
2022-01-05,90133,1215,70702,903,19431,312,76850,942,497875,1255,574725,2197,1,1076,978,5941,236,83116,8,2305,1100,"Knox County",470313,1506.0183324722,0.419510698673211,467.135716001897,258.33859578621,1263.20131486903,41.9510698673211
2022-01-04,88918,924,69799,577,19119,347,75908,567,496620,1040,572528,1607,0,1075,719,4963,205,82880,6,2297,1099,"Knox County",470313,1412.03836593928,0.402787967718269,341.687344385547,196.464907412723,1055.25469208803,40.2787967718269
2022-01-03,87994,716,69222,538,18772,178,75341,505,495580,820,570921,1325,6,1075,539,4244,171,82675,6,2291,1094,"Knox County",470313,1351.22779935915,0.392125984251968,281.727275240106,152.239040808993,902.377778203027,39.2125984251969
2022-01-02,87278,290,68684,207,18594,83,74836,265,494760,651,569596,916,3,1069,173,3705,114,82504,9,2285,1092,"Knox County",470313,1255.54683795685,0.389903716368217,194.763912543349,61.6610640148157,787.773248878938,38.9903716368217
2022-01-01,86988,265,68477,215,18511,50,74571,237,494109,767,568680,1004,0,1066,168,3532,97,82390,15,2276,1088,"Knox County",470313,1179.21469319368,0.379674644727001,213.474856106465,56.3454550480212,750.98923482872,37.9674644727001
2021-12-31,86723,591,68262,429,18461,162,74334,470,493342,1008,567676,1478,0,1066,487,3364,104,82293,5,2261,1088,"Knox County",470313,1099.48055869176,0.365054753367574,314.258802116888,125.660995975021,715.268342571862,36.5054753367574
2021-12-30,86132,582,67833,403,18299,179,73864,404,492334,918,566198,1322,2,1066,471,2877,109,82189,6,2256,1085,"Knox County",470313,974.457435792759,0.344197380444715,281.089402164091,123.747376746975,611.720279898706,34.4197380444715
2021-12-29,85550,633,67430,475,18120,158,73460,503,491416,1195,564876,1698,1,1064,506,2406,126,82080,5,2250,1083,"Knox County",470313,850.710059045784,0.315614973262032,361.036161024679,134.591219039236,511.574206964298,31.5614973262032
2021-12-28,84917,429,66955,262,17962,167,72957,283,490221,979,563178,1262,1,1063,304,1900,124,81954,5,2245,1081,"Knox County",470313,745.461001503254,0.296168795113826,268.331940643784,91.2158498701928,403.986281476379,29.6168795113826
2021-12-27,84488,314,66693,234,17795,80,72674,254,489242,905,561916,1159,2,1062,202,1596,110,81830,1,2240,1081,"Knox County",470313,659.986009317199,0.273334087566467,246.431631700591,66.7640486229383,339.348476440158,27.3334087566467
2021-12-26,84174,61,66459,49,17715,12,72420,60,488337,426,560757,486,7,1060,-35,1394,89,81720,1,2239,1080,"Knox County",470313,611.295031181362,0.262932572244024,103.335438314484,12.9700858789785,296.398355988459,26.2932572244024
2021-12-25,84113,85,66410,63,17703,22,72360,74,487911,489,560271,563,1,1053,6,1429,78,81631,1,2238,1080,"Knox County",470313,573.022646620442,0.257028112449799,119.707513932211,18.0730704871011,303.840208541971,25.7028112449799
2021-12-24,84028,174,66347,122,17681,52,72286,137,487422,848,559708,985,0,1052,94,1423,80,81553,2,2237,1080,"Knox County",470313,484.358289054311,0.22943143812709,209.434993291702,36.9966384088894,302.56446238994,22.943143812709
2021-12-23,83854,218,66225,159,17629,59,72149,166,486574,960,558723,1126,5,1052,113,1329,100,81473,5,2235,1080,"Knox County",470313,406.963022497783,0.202912487979118,239.415027864422,46.3521101904476,282.577772674793,20.2912487979118
2021-12-22,83636,176,66066,102,17570,74,71983,101,485614,814,557597,915,47,1047,14,1216,115,81373,10,2230,1079,"Knox County",470313,309.793690584781,0.16548645320197,194.551288184677,37.421887126233,258.551220144882,16.548645320197
2021-12-21,83460,177,65964,124,17496,53,71882,120,484800,912,556682,1032,3,1000,71,1202,103,81258,6,2220,1077,"Knox County",470313,256.212352199493,0.145547398659432,219.428338149275,37.6345114849047,255.574479123477,14.5547398659432
2021-12-20,83283,114,65840,80,17443,34,71762,84,483888,623,555650,707,1,997,-8,1131,121,81155,3,2214,1075,"Knox County",470313,213.687480465137,0.127622979016168,150.325421580947,24.2391768885827,240.478149657781,12.7622979016168
2021-12-19,83169,70,65760,50,17409,20,71678,58,483265,557,554943,615,3,996,-18,1139,85,81034,6,2211,1074,"Knox County",470313,215.601099693183,0.124516237590443,130.763980583144,14.8837051070245,242.179144527155,12.4516237590443
2021-12-18,83099,88,65710,56,17389,32,71620,65,482708,660,554328,725,0,993,11,1157,77,80949,3,2205,1073,"Knox County",470313,216.238972769198,0.11973791973792,154.152660037039,18.7109435631165,246.006382983247,11.973791973792
2021-12-17,83011,119,65654,77,17357,42,71555,83,482048,1034,553603,1117,2,993,6,1146,111,80872,6,2202,1071,"Knox County",470313,204.544633042251,0.108545775212442,237.501408636376,25.3022986819416,243.667515037858,10.8545775212442
2021-12-16,82892,139,65577,107,17315,32,71472,108,481014,661,552486,769,2,991,33,1140,104,80761,3,2196,1069,"Knox County",470313,187.74730870718,0.105272108843537,163.508131818597,29.5547858553772,242.391768885827,10.5272108843537
2021-12-15,82753,157,65470,113,17283,44,71364,125,480353,841,551717,966,0,989,30,1107,127,80657,5,2193,1067,"Knox County",470313,183.707445892416,0.108413421008262,205.395130476938,33.3820243114692,235.375165049658,10.8413421008262
2021-12-14,82596,97,65357,59,17239,38,71239,63,479512,811,550751,874,3,989,-55,1077,149,80530,3,2188,1064,"Knox County",470313,166.697497198674,0.101507015416594,185.833689479134,20.6245627911625,228.996434289505,10.1507015416594
2021-12-13,82499,111,65298,74,17201,37,71176,79,478701,627,549877,706,4,986,-50,1132,157,80381,3,2185,1061,"Knox County",470313,166.059624122659,0.100658350658351,150.112797222275,23.6013038125674,240.690774016453,10.0658350658351
2021-12-12,82388,54,65224,29,17164,25,71097,40,478074,493,549171,533,6,982,-37,1182,85,80224,5,2182,1061,"Knox County",470313,162.65763438391,0.0989455184534271,113.328783172058,11.481715368276,251.321991950042,9.89455184534271
2021-12-11,82334,65,65195,45,17139,20,71057,51,477581,541,548638,592,0,976,-22,1219,87,80139,1,2177,1060,"Knox County",470313,157.767274134459,0.0987943134784956,125.873620333693,13.8205833136656,259.189093220898,9.87943134784956
2021-12-10,82269,84,65150,48,17119,36,71006,57,477040,856,548046,913,0,976,-13,1241,97,80052,3,2176,1057,"Knox County",470313,150.325421580947,0.0977022230524939,194.126039467333,17.8604461284294,263.866829111677,9.77022230524939
2021-12-09,82185,164,65102,96,17083,68,70949,107,476184,1017,547133,1124,3,976,101,1254,60,79955,2,2173,1055,"Knox County",470313,155.641030547742,0.0914505956552207,238.989779147079,34.8703948221716,266.63094577441,9.14505956552208
2021-12-08,82021,130,65006,67,17015,63,70842,65,475167,751,546009,816,0,973,33,1153,97,79895,7,2171,1054,"Knox County",470313,149.900172863604,0.0831234256926952,173.501476676171,27.6411666273312,245.15588554856,8.31234256926952
2021-12-07,81891,127,64939,70,16952,57,70777,76,474416,631,545193,707,2,973,17,1120,108,79798,2,2164,1053,"Knox County",470313,156.278903623757,0.0881098126507142,150.325421580947,27.0032935513158,238.139281712392,8.81098126507142
2021-12-06,81764,148,64869,106,16895,42,70701,115,473785,759,544486,874,8,971,38,1103,102,79690,4,2162,1053,"Knox County",470313,164.146004894613,0.0919230077352042,185.833689479134,31.4684050834232,234.524667614971,9.19230077352042
2021-12-05,81616,43,64763,28,16853,15,70586,33,473026,342,543612,375,2,963,-20,1065,61,79588,1,2158,1050,"Knox County",470313,161.807136949223,0.093316052582855,79.7341345019168,9.14284742288646,226.444941985444,9.3316052582855
2021-12-04,81573,69,64735,50,16838,19,70553,55,472684,499,543237,554,0,961,14,1085,55,79527,3,2157,1050,"Knox County",470313,162.65763438391,0.0947231027410032,117.793894704165,14.6710807483527,230.697429158879,9.47231027410032
2021-12-03,81504,147,64685,103,16819,44,70498,108,472185,1009,542683,1117,3,961,62,1071,82,79472,2,2154,1048,"Knox County",470313,176.052968980232,0.100413148913239,237.501408636376,31.2557807247514,227.720688137474,10.0413148913239
2021-12-02,81357,133,64582,86,16775,47,70390,85,471176,794,541566,879,0,958,31,1009,102,79390,4,2152,1046,"Knox County",470313,169.461613861407,0.100901916572717,186.896811272493,28.2790397033465,214.537977899824,10.0901916572717
2021-12-01,81224,185,64496,142,16728,43,70305,147,470382,1009,540687,1156,4,958,91,978,90,79288,7,2148,1044,"Knox County",470313,181.155953588355,0.109325326739668,245.793758624576,39.335506354279,207.946622780999,10.9325326739668
2021-11-30,81039,116,64354,66,16685,50,70158,68,469373,693,539531,761,3,954,16,887,97,79198,6,2141,1043,"Knox County",470313,178.817085642965,0.106892932120364,161.807136949223,24.6644256059263,188.597806141867,10.6892932120364
2021-11-29,80923,165,64288,128,16635,37,70090,139,468680,967,538770,1106,2,951,75,871,88,79101,5,2135,1040,"Knox County",470313,182.431699740386,0.106758574310693,235.162540690987,35.0830191808434,185.195816403119,10.6758574310693
2021-11-28,80758,33,64160,22,16598,11,69951,22,467713,270,537664,292,3,949,-24,796,54,79013,5,2130,1039,"Knox County",470313,180.305456153668,0.106393861892583,62.0863127321592,7.01660383616868,169.248989502735,10.6393861892583
2021-11-27,80725,59,64138,31,16587,28,69929,32,467443,266,537372,298,0,946,1,820,58,78959,1,2125,1038,"Knox County",470313,178.17921256695,0.107149224460688,63.3620588841899,12.5448371616349,174.351974110858,10.7149224460688
2021-11-26,80666,20,64107,18,16559,2,69897,20,467177,298,537074,318,0,946,-45,819,65,78901,4,2124,1036,"Knox County",470313,151.175919015634,0.106652806652807,67.6145460576254,4.25248717343556,174.139349752186,10.6652806652807
2021-11-25,80646,52,64089,26,16557,26,69877,29,466879,331,536756,360,0,946,-18,864,70,78836,3,2120,1035,"Knox County",470313,133.95334596322,0.106501980890235,76.5447691218401,11.0564666509325,183.707445892416,10.6501980890235
2021-11-24,80594,105,64063,66,16531,39,69848,73,466548,742,536396,815,0,946,18,882,87,78766,3,2117,1030,"Knox County",470313,116.943397269478,0.0969620253164557,173.288852317499,22.3255576605367,187.534684348508,9.69620253164557
2021-11-23,80489,99,63997,64,16492,35,69775,65,465806,674,535581,739,0,946,37,864,62,78679,2,2114,1026,"Knox County",470313,113.328783172058,0.0967413441955193,157.129401058444,21.049811508506,183.707445892416,9.67413441955193
2021-11-22,80390,107,63933,83,16457,24,69710,82,465132,740,534842,822,0,946,37,827,70,78617,3,2112,1026,"Knox County",470313,100.996570369095,0.0886388583973655,174.777222828202,22.7508063778803,175.840344621561,8.86388583973655
2021-11-21,80283,44,63850,32,16433,12,69628,37,464392,284,534020,321,0,946,-9,790,53,78547,2,2109,1026,"Knox County",470313,103.335438314484,0.0920228695888919,68.2524191336408,9.35547178155824,167.973243350705,9.20228695888919
2021-11-20,80239,54,63818,37,16421,17,69591,44,464108,537,533699,581,0,946,14,799,40,78494,1,2107,1024,"Knox County",470313,102.272316521125,0.0884732052578362,123.534752388303,11.481715368276,169.886862578751,8.84732052578362
2021-11-19,80185,112,63781,83,16404,29,69547,81,463571,825,533118,906,0,946,62,785,50,78454,0,2106,1024,"Knox County",470313,121.833757518929,0.0904489436619718,192.637668956631,23.8139281712392,166.910121557346,9.04489436619718
2021-11-18,80073,80,63698,44,16375,36,69466,49,462746,937,532212,986,3,946,18,723,59,78404,2,2106,1024,"Knox County",470313,127.787239561739,0.0833655705996132,209.647617650373,17.0099486937423,153.727411319696,8.33655705996132
2021-11-17,79993,105,63654,64,16339,41,69417,66,461809,833,531226,899,0,943,44,705,61,78345,1,2104,1024,"Knox County",470313,127.787239561739,0.0807004187285877,191.149298445929,22.3255576605367,149.900172863604,8.07004187285877
2021-11-16,79888,73,63590,51,16298,22,69351,67,460976,777,530327,844,0,943,9,661,64,78284,2,2103,1023,"Knox County",470313,122.259006236272,0.0794924426198918,179.454958718981,15.5215781830398,140.544701082045,7.94924426198918
2021-11-15,79815,84,63539,44,16276,40,69284,34,460199,460,529483,494,3,943,21,652,60,78220,0,2101,1020,"Knox County",470313,117.368645986822,0.075134168157424,105.036433183858,17.8604461284294,138.631081853999,7.5134168157424
2021-11-14,79731,72,63495,62,16236,10,69250,68,459739,624,528989,692,0,940,16,631,56,78160,2,2101,1020,"Knox County",470313,123.322128029631,0.0757126990003702,147.13605620087,15.308953824368,134.165970321892,7.57126990003702
2021-11-13,79659,29,63433,13,16226,16,69182,12,459115,317,528297,329,0,940,-13,615,42,78104,2,2099,1018,"Knox County",470313,118.006519062837,0.0732038834951456,69.953414003015,6.16610640148157,130.763980583144,7.32038834951456
2021-11-12,79630,66,63420,49,16210,17,69170,51,458798,687,527968,738,0,940,17,628,49,78062,4,2097,1018,"Knox County",470313,108.225798563935,0.069650742673625,156.916776699772,14.0332076723374,133.528097245877,6.96507426736251
2021-11-11,79564,67,63371,46,16193,21,69119,54,458111,962,527230,1016,0,940,-3,611,70,78013,0,2093,1016,"Knox County",470313,105.461681901202,0.0702314445331205,216.026348410527,14.2458320310091,129.913483148456,7.02314445331205
2021-11-10,79497,74,63325,50,16172,24,69065,69,457149,855,526214,924,1,940,6,614,67,77943,2,2093,1016,"Knox County",470313,98.8703267823768,0.0704784594004368,196.464907412723,15.7342025417116,130.551356224472,7.04784594004368
2021-11-09,79423,106,63275,76,16148,30,68996,134,456294,1174,525290,1308,1,939,34,608,71,77876,1,2091,1016,"Knox County",470313,105.886930618546,0.0767133248500273,278.112661142686,22.5381820192085,129.275610072441,7.67133248500273
2021-11-08,79317,78,63199,58,16118,20,68862,70,455120,687,523982,757,6,938,-10,574,82,77805,1,2090,1015,"Knox County",470313,104.611184466515,0.0794587092297016,160.956639514536,16.5846999763987,122.046381877601,7.94587092297016
2021-11-07,79239,31,63141,20,16098,11,68792,23,454433,390,523225,413,0,932,-20,584,51,77723,1,2089,1012,"Knox County",470313,95.8935857609719,0.0752962625341841,87.8138601314444,6.59135511882512,124.172625464318,7.52962625341841
2021-11-06,79208,41,63121,27,16087,14,68769,30,454043,453,522812,483,0,932,-2,604,43,77672,2,2088,1009,"Knox County",470313,98.4450780650333,0.0764319914878525,102.697565238469,8.7175987055429,128.425112637754,7.64319914878525
2021-11-05,79167,52,63094,32,16073,20,68739,36,453590,605,522329,641,0,932,-26,606,78,77629,2,2086,1008,"Knox County",470313,95.4683370436284,0.0750631540959942,136.29221390861,11.0564666509325,128.850361355098,7.50631540959942
2021-11-04,79115,68,63062,45,16053,23,68703,49,452985,668,521688,717,0,932,-1,632,69,77551,1,2084,1008,"Knox County",470313,95.6809614023002,0.0783902345985123,152.451665167665,14.4584563896809,134.378594680564,7.83902345985123
2021-11-03,79047,79,63017,59,16030,20,68654,65,452317,969,520971,1034,0,932,-2,633,81,77482,2,2083,1007,"Knox County",470313,96.7440831956591,0.0760321315150383,219.853586866619,16.7973243350705,134.591219039236,7.60321315150383
2021-11-02,78968,41,62958,19,16010,22,68589,22,451348,301,519937,323,4,932,-51,635,88,77401,1,2081,1005,"Knox County",470313,82.9234998819935,0.06753663003663,68.6776678509843,8.7175987055429,135.016467756579,6.753663003663
2021-11-01,78927,95,62939,71,15988,24,68567,83,451047,661,519614,744,1,928,-20,686,114,77313,3,2080,1002,"Knox County",470313,86.5381139794137,0.0707233065442021,158.192522851803,20.1993140738189,145.86031004884,7.07233065442021
2021-10-31,78832,26,62868,20,15964,6,68484,19,450386,278,518870,297,0,927,-43,706,69,77199,1,2077,1001,"Knox County",470313,85.4749921860548,0.0717150271290399,63.1494345255181,5.52823332546623,150.112797222275,7.17150271290399
2021-10-30,78806,56,62848,41,15958,15,68465,43,450108,522,518573,565,0,927,-23,749,79,77130,4,2076,1000,"Knox County",470313,88.6643575661315,0.0733626475352928,120.132762649555,11.9069640856196,159.255644645162,7.33626475352928
2021-10-29,78750,73,62807,59,15943,14,68422,66,449586,846,518008,912,1,927,-37,772,109,77051,1,2072,1000,"Knox County",470313,93.1294690982388,0.0755662020905923,193.913415108662,15.5215781830398,164.146004894613,7.55662020905923
2021-10-28,78677,54,62748,32,15929,22,68356,39,448740,561,517096,600,4,926,-52,809,102,76942,3,2071,999,"Knox County",470313,90.1527280768339,0.0753072625698324,127.574615203067,11.481715368276,172.013106165469,7.53072625698324
2021-10-27,78623,88,62716,57,15907,31,68317,65,448179,759,516496,824,1,922,-29,861,116,76840,3,2068,997,"Knox County",470313,92.0663473048799,0.0790152403282532,175.202471545545,18.7109435631165,183.069572816401,7.90152403282532
2021-10-26,78535,96,62659,58,15876,38,68252,55,447420,554,515672,609,0,921,-18,890,114,76724,5,2065,994,"Knox County",470313,103.760687031828,0.0813008130081301,129.488234431113,20.4119384324907,189.235679217883,8.13008130081301
2021-10-25,78439,71,62601,47,15838,24,68197,54,446866,491,515063,545,6,921,-73,908,138,76610,3,2060,992,"Knox County",470313,98.6577024237051,0.0783547794117647,115.880275476119,15.0963294656962,193.062917673975,7.83547794117647
2021-10-24,78368,38,62554,20,15814,18,68143,23,446375,337,514518,360,1,915,-73,981,110,76472,5,2057,991,"Knox County",470313,101.209194727766,0.0781426953567384,76.5447691218401,8.07972562952757,208.584495857014,7.81426953567384
2021-10-23,78330,59,62534,40,15796,19,68120,42,446038,471,514158,513,0,914,-14,1054,73,76362,1,2052,988,"Knox County",470313,101.847067803782,0.0788448315379326,109.076295998622,12.5448371616349,224.106074040054,7.88448315379326
2021-10-22,78271,90,62494,55,15777,35,68078,55,445567,551,513645,606,0,914,-68,1068,158,76289,2,2051,986,"Knox County",470313,105.461681901202,0.0820803549420754,128.850361355098,19.13619228046,227.082815061459,8.20803549420754
2021-10-21,78181,124,62439,71,15742,53,68023,78,445016,712,513039,790,3,914,-23,1136,144,76131,2,2049,984,"Knox County",470313,120.345387008226,0.0875912408759124,167.973243350705,26.3654204753005,241.54127145114,8.75912408759124
2021-10-20,78057,149,62368,83,15689,66,67945,90,444304,959,512249,1049,3,911,-47,1159,193,75987,3,2047,982,"Knox County",470313,133.315472887205,0.0887745974955277,223.042952246695,31.6810294420949,246.431631700591,8.87745974955277
2021-10-19,77908,131,62285,85,15623,46,67855,92,443345,724,511200,816,4,908,-40,1206,167,75794,4,2044,980,"Knox County",470313,140.757325440717,0.0927548621500321,173.501476676171,27.8537909860029,256.424976558164,9.27548621500321
2021-10-18,77777,121,62200,90,15577,31,67763,106,442621,607,510384,713,9,904,-72,1246,184,75627,8,2040,978,"Knox County",470313,151.388543374306,0.100268207138436,151.601167732978,25.7275473992852,264.929950905036,10.0268207138436
2021-10-17,77656,63,62110,56,15546,7,67657,61,442014,303,509671,364,1,895,-66,1318,128,75443,4,2032,975,"Knox County",470313,156.7041523411,0.108018965161822,77.3952665565272,13.395334596322,280.238904729404,10.8018965161822
2021-10-16,77593,55,62054,41,15539,14,67596,44,441711,372,509307,416,0,894,-84,1384,139,75315,1,2028,973,"Knox County",470313,155.853654906413,0.110643668489693,88.4517332074597,11.6943397269478,294.272112401741,11.0643668489693
2021-10-15,77538,125,62013,89,15525,36,67552,100,441339,794,508891,894,9,894,-69,1468,185,75176,5,2027,969,"Knox County",470313,163.295507459926,0.113248710829036,190.08617665257,26.5780448339723,312.13255853017,11.3248710829036
2021-10-14,77413,192,61924,135,15489,57,67452,143,440545,699,507997,842,0,885,6,1537,186,74991,7,2022,967,"Knox County",470313,177.753963849607,0.124852767962309,179.029710001637,40.8238768649814,326.803639278523,12.4852767962309
2021-10-13,77221,121,61789,88,15432,33,67309,99,439846,764,507155,863,7,885,-78,1531,192,74805,5,2015,962,"Knox County",470313,171.800481806797,0.131418092909535,183.494821533745,25.7275473992852,325.527893126492,13.1418092909535
2021-10-12,77100,136,61701,104,15399,32,67210,109,439082,821,506292,930,4,878,-81,1609,213,74613,3,2010,961,"Knox County",470313,172.863603600156,0.131819992035046,197.740653564754,28.9169127793618,342.112593102891,13.1819992035046
2021-10-11,76964,194,61597,136,15367,58,67101,149,438261,581,505362,730,3,874,-87,1690,278,74400,12,2007,952,"Knox County",470313,188.385181783195,0.139908712046041,155.215781830398,41.249125582325,359.335166155305,13.9908712046041
2021-10-10,76770,54,61461,41,15309,13,66952,51,437680,489,504632,540,0,871,-89,1777,143,74122,4,1995,951,"Knox County",470313,186.471562555149,0.13326941514861,114.81715368276,11.481715368276,377.83348535975,13.326941514861
2021-10-09,76716,66,61420,37,15296,29,66901,48,437191,490,504092,538,0,871,-67,1866,133,73979,7,1991,948,"Knox County",470313,188.810430500539,0.1309724564362,114.391904965417,14.0332076723374,396.757053281538,13.09724564362
2021-10-08,76650,289,61383,114,15267,175,66853,122,436701,936,503554,1058,-1,871,75,1933,215,73846,5,1984,944,"Knox County",470313,223.680825322711,0.131067078712961,224.956571474741,61.4484396561439,411.002885312547,13.1067078712961
2021-10-07,76361,259,61269,170,15092,89,66731,176,435765,1106,502496,1282,6,872,-9,1858,262,73631,9,1979,940,"Knox County",470313,237.92665735372,0.12691466083151,272.58442781722,55.0697088959905,395.056058412164,12.691466083151
2021-10-06,76102,139,61099,103,15003,36,66555,112,434659,835,501214,947,1,866,-119,1867,257,73369,4,1970,939,"Knox County",470313,241.753895809812,0.127302904564315,201.355267662174,29.5547858553772,396.96967764021,12.7302904564315
2021-10-05,75963,210,60996,118,14967,92,66443,138,433824,915,500267,1053,3,865,-73,1986,280,73112,4,1966,934,"Knox County",470313,257.488098351523,0.129472999349382,223.893449681382,44.6511153210734,422.271976322151,12.9472999349382
2021-10-04,75753,316,60878,224,14875,92,66305,245,432909,829,499214,1074,3,862,-14,2059,327,72832,4,1962,930,"Knox County",470313,283.42827010948,0.137399876771411,228.35856121349,67.1892973402819,437.793554505191,13.7399876771411
2021-10-03,75437,102,60654,93,14783,9,66060,107,432080,678,498140,785,1,859,-66,2073,167,72505,6,1958,928,"Knox County",470313,293.634239325726,0.140715451981594,166.910121557346,21.6876845845214,440.770295526596,14.0715451981594
2021-10-02,75335,67,60561,43,14774,24,65953,50,431402,472,497355,522,5,858,-144,2139,206,72338,2,1952,927,"Knox County",470313,293.846863684397,0.141348013688439,110.989915226668,14.2458320310091,454.803503198933,14.1348013688439
2021-10-01,75268,225,60518,152,14750,73,65903,167,430930,965,496833,1132,0,853,-76,2283,301,72132,9,1950,923,"Knox County",470313,280.238904729404,0.146431199411332,240.690774016453,47.8404807011501,485.42141084767,14.6431199411332
2021-09-30,75043,240,60366,166,14677,74,65736,186,429965,1104,495701,1290,1,853,-112,2359,351,71831,8,1941,920,"Knox County",470313,276.19904191464,0.147728943113332,274.285422686594,51.0298460812268,501.580862106725,14.7728943113332
2021-09-29,74803,361,60200,170,14603,191,65550,192,428861,1111,494411,1303,6,852,-95,2471,450,71480,7,1933,918,"Knox County",470313,323.401649539775,0.151557480094985,277.049539349327,76.7573934805119,525.394790277964,15.1557480094985
2021-09-28,74442,348,60030,249,14412,99,65358,270,427750,778,493108,1048,2,846,-75,2566,421,71030,1,1926,915,"Knox County",470313,352.74381103648,0.170114621190942,222.830327888024,73.9932768177788,545.594104351783,17.0114621190942
2021-09-27,74094,239,59781,162,14313,77,65088,186,426972,760,492060,946,7,844,-302,2641,534,70609,12,1925,912,"Knox County",470313,336.371735418753,0.164816396242528,201.142643303502,50.817221722555,561.540931252166,16.4816396242528
2021-09-26,73855,124,59619,99,14236,25,64902,117,426212,703,491114,820,2,837,-144,2943,266,70075,1,1913,906,"Knox County",470313,341.049471309532,0.165415663503753,174.351974110858,26.3654204753005,625.753487571043,16.5415663503753
2021-09-25,73731,110,59520,90,14211,20,64785,102,425509,705,490294,807,0,835,-176,3087,286,69809,3,1912,901,"Knox County",470313,350.192318732419,0.166076776476994,171.587857448125,23.3886794538956,656.371395219779,16.6076776476994
2021-09-24,73621,244,59430,165,14191,79,64683,182,424804,939,489487,1121,13,835,-233,3263,464,69523,5,1909,894,"Knox County",470313,354.232181547182,0.168370824812543,238.351906071063,51.8803435159139,693.793282346012,16.8370824812543
2021-09-23,73377,355,59265,246,14112,109,64501,268,423865,1370,488366,1638,14,822,-221,3496,562,69059,8,1904,891,"Knox County",470313,378.683982794437,0.171417415072237,348.278699504373,75.4816473284812,743.334757916536,17.1417415072237
2021-09-22,73022,251,59019,187,14003,64,64233,202,422495,1261,486728,1463,3,808,-327,3717,575,68497,4,1896,888,"Knox County",470313,355.295303340541,0.169195460920566,311.069436736811,53.3687140266163,790.324741182999,16.9195460920566
2021-09-21,72771,397,58832,216,13939,181,64031,230,421234,996,485265,1226,10,805,-354,4044,741,67922,7,1892,879,"Knox County",470313,365.713896915458,0.160453808752026,260.6774637316,84.4118703926959,859.852906468671,16.0453808752026
2021-09-20,72374,432,58616,310,13758,122,63801,343,420238,1295,484039,1638,5,795,113,4398,314,67181,9,1885,875,"Knox County",470313,406.750398139112,0.165729369907035,348.278699504373,91.8537229462082,935.12192943848,16.5729369907035
2021-09-19,71942,120,58306,88,13636,32,63458,97,418943,432,482401,529,1,790,-176,4285,295,66867,7,1876,868,"Knox County",470313,405.899900704425,0.169080978389931,112.478285737371,25.5149230406134,911.095376908569,16.9080978389931
2021-09-18,71822,226,58218,183,13604,43,63361,197,418511,1075,481872,1272,0,789,-108,4461,334,66572,7,1869,860,"Knox County",470313,430.564326310351,0.170923821312029,270.458184230502,48.0531050598219,948.517264034802,17.0923821312029
2021-09-17,71596,547,58035,422,13561,125,63164,449,417436,1310,480600,1759,5,789,5,4569,537,66238,12,1862,847,"Knox County",470313,494.9895069879,0.18750656167979,374.006246903658,116.305524193463,971.480694771354,18.750656167979
2021-09-16,71049,588,57613,456,13436,132,62715,487,416126,1518,478841,2005,7,784,14,4564,567,65701,16,1850,842,"Knox County",470313,544.530982558424,0.202689041649818,426.311839136915,125.023122899006,970.417572977996,20.2689041649818
2021-09-15,70461,338,57157,249,13304,89,62228,267,414608,807,476836,1074,6,777,-306,4550,638,65134,5,1834,839,"Knox County",470313,563.029301762869,0.217825949700095,228.35856121349,71.867033231061,967.440831956591,21.7825949700095
2021-09-14,70123,555,56908,443,13215,112,61961,476,413801,1406,475762,1882,12,771,-158,4856,701,64496,8,1829,835,"Knox County",470313,596.62395043301,0.227975194408899,400.159043020287,118.006519062837,1032.50388571015,22.7975194408899
2021-09-13,69568,399,56465,299,13103,100,61485,332,412395,1134,473880,1466,20,759,-436,5014,815,63795,15,1821,832,"Knox County",470313,589.607346596841,0.230800040052068,311.707309812827,84.8371191100395,1066.0985343803,23.0800040052068
2021-09-12,69169,387,56166,358,13003,29,61153,376,411261,1460,472414,1836,0,739,79,5450,308,62980,5,1806,823,"Knox County",470313,646.378050362206,0.22879404993802,390.378322521385,82.2856268059781,1158.80275476119,22.879404993802
2021-09-11,68782,865,55808,707,12974,158,60777,763,409801,2621,470578,3384,4,739,500,5371,361,62672,26,1801,815,"Knox County",470313,782.245015553472,0.234969416679099,719.520829745297,183.920070251088,1142.00543042612,23.4969416679099
2021-09-10,67917,1027,55101,750,12816,277,60014,803,407180,2513,467194,3316,1,735,477,4871,549,62311,24,1775,805,"Knox County",470313,884.304707715925,0.234177638174163,705.062373355616,218.365216355916,1035.69325109023,23.4177638174163
2021-09-09,66890,309,54351,166,12539,143,59211,172,404667,685,463878,857,1,734,-366,4394,674,61762,18,1751,798,"Knox County",470313,824.982511646499,0.230836047774159,182.219075381714,65.7009268295794,934.271432003793,23.0836047774159
2021-09-08,66581,290,54185,226,12396,64,59039,250,403982,837,463021,1087,5,733,-406,4760,691,61088,11,1733,793,"Knox County",470313,814.776542430254,0.229389644200174,231.122677876223,61.6610640148157,1012.09194727766,22.9389644200174
2021-09-07,66291,414,53959,300,12332,114,58789,311,403145,979,461934,1290,3,728,-223,5166,634,60397,13,1722,787,"Knox County",470313,784.796507857533,0.22718343910547,274.285422686594,88.0264844901162,1098.41743689841,22.718343910547
2021-09-06,65877,991,53659,791,12218,200,58478,844,402166,3221,460644,4065,1,725,343,5389,647,59763,20,1709,786,"Knox County",470313,910.670128191226,0.222229239027471,864.318018000778,210.710739443732,1145.83266888221,22.2229239027471
2021-09-05,64886,969,52868,800,12018,169,57634,832,398945,2999,456579,3831,2,724,620,5046,347,59116,15,1689,783,"Knox County",470313,1034.4175049382,0.222938867077958,814.563918071582,206.033003552953,1072.90251385779,22.2938867077958
2021-09-04,63917,542,52068,388,11849,154,56802,407,395946,1502,452748,1909,2,722,222,4426,318,58769,10,1674,777,"Knox County",470313,965.739837087216,0.221277896667686,405.899900704425,115.242402400104,941.07541148129,22.1277896667686
2021-09-03,63375,334,51680,238,11695,96,56395,249,394444,909,450839,1158,5,720,-155,4204,484,58451,8,1664,773,"Knox County",470313,818.391156527674,0.215890681129816,246.219007341919,71.0165357963739,893.872803856155,21.5890681129816
2021-09-02,63041,323,51442,181,11599,142,56146,200,393535,681,449681,881,3,715,-159,4359,479,57967,5,1656,768,"Knox County",470313,821.367897549079,0.217495253498348,187.322059989837,68.6776678509843,926.829579450281,21.7495253498348
2021-09-01,62718,276,51261,212,11457,64,55946,226,392854,645,448800,871,3,712,-119,4518,392,57488,2,1651,765,"Knox County",470313,818.391156527674,0.219136022848983,185.195816403119,58.6843229934108,960.636852479094,21.9136022848982
2021-08-31,62442,594,51049,433,11393,161,55720,479,392209,1894,447929,2373,2,709,188,4637,404,57096,8,1649,762,"Knox County",470313,856.663541088594,0.214541357370095,504.55760312813,126.298869051036,985.939151161035,21.4541357370095
2021-08-30,61848,513,50616,403,11232,110,55241,430,390315,1630,445556,2060,9,707,96,4449,408,56692,12,1641,758,"Knox County",470313,755.029097643484,0.215776198119697,438.006178863863,109.076295998622,945.965771730741,21.5776198119697
2021-08-29,61335,483,50213,407,11122,76,54811,439,388685,1485,443496,1924,1,698,255,4353,227,56284,5,1629,752,"Knox County",470313,651.693659329,0.217430207587688,409.089266084501,102.697565238469,925.55383329825,21.7430207587688
2021-08-28,60852,397,49806,301,11046,96,54372,320,387200,1065,441572,1385,0,697,189,4098,208,56057,4,1624,745,"Knox County",470313,620.863127321592,0.219958693203154,294.484736760413,84.4118703926959,871.334621836947,21.9958693203154
2021-08-27,60455,473,49505,374,10950,99,54052,391,386135,1166,440187,1557,5,697,197,3909,271,55849,5,1620,742,"Knox County",470313,650.417913176969,0.224866527916026,331.056126451959,100.571321651751,831.148618047981,22.4866527916026
2021-08-26,59982,450,49131,347,10851,103,53661,368,384969,1426,438630,1794,5,692,155,3712,290,55578,0,1615,741,"Knox County",470313,677.421206728285,0.221748579070545,381.44809945717,95.6809614023002,789.261619389641,22.1748579070545
2021-08-25,59532,351,48784,224,10748,127,53293,238,383543,642,436836,880,2,687,91,3557,258,55288,4,1615,736,"Knox County",470313,693.368033628669,0.222584147665581,187.109435631165,74.6311498937941,756.304843795515,22.2584147665581
2021-08-24,59181,342,48560,222,10621,120,53055,237,382901,677,435956,914,4,685,74,3466,264,55030,5,1611,726,"Knox County",470313,639.78669524338,0.230454631919346,194.338663826005,72.7175306657481,736.956027156383,23.0454631919346
2021-08-23,58839,287,48338,206,10501,81,52818,227,382224,825,435042,1052,1,681,29,3392,257,54766,1,1606,726,"Knox County",470313,591.733590183559,0.233536713654534,223.680825322711,61.0231909388003,721.221824614672,23.3536713654534
2021-08-22,58552,240,48132,217,10420,23,52591,233,381399,889,433990,1122,2,680,70,3363,168,54509,0,1605,722,"Knox County",470313,540.065871026316,0.231387867647059,238.564530429735,51.0298460812268,715.05571821319,23.1387867647059
2021-08-21,58312,496,47915,374,10397,122,52358,411,380510,1904,432868,2315,0,678,381,3293,115,54341,8,1605,720,"Knox County",470313,561.115682534823,0.218496989827694,492.225390325166,105.461681901202,700.172013106166,21.8496989827694
2021-08-20,57816,425,47541,331,10275,94,51947,357,378606,1148,430553,1505,0,678,231,2912,194,54226,6,1597,717,"Knox County",470313,550.909713318577,0.216134418701732,319.999659801026,90.3653524355057,619.162132452218,21.6134418701732
2021-08-19,57391,368,47210,254,10181,114,51590,264,377458,952,429048,1216,1,678,204,2681,163,54032,6,1591,714,"Knox County",470313,533.474515907491,0.218458462905375,258.551220144882,78.2457639912144,570.045905599037,21.8458462905375
2021-08-18,57023,263,46956,191,10067,72,51326,200,376506,914,427832,1114,2,677,97,2477,164,53869,5,1585,714,"Knox County",470313,514.763572344375,0.208811431045681,236.863535560361,55.9202063306777,526.670536429995,20.8811431045681
2021-08-17,56760,263,46765,180,9995,83,51126,197,375592,1042,426718,1239,0,675,100,2380,163,53705,5,1580,714,"Knox County",470313,497.966248009304,0.197532155181428,263.441580394333,55.9202063306777,506.045973638832,19.7532155181428
2021-08-16,56497,186,46585,126,9912,60,50929,132,374550,422,425479,554,2,675,-25,2280,209,53542,5,1575,711,"Knox County",470313,476.491187783455,0.197904026475455,117.793894704165,39.5481307129507,484.783537771654,19.7904026475455
2021-08-15,56311,203,46459,181,9852,22,50797,198,374128,953,424925,1151,3,673,79,2305,121,53333,6,1570,711,"Knox County",470313,468.624086512599,0.193424235759842,244.730636831217,43.162744810371,490.099146738449,19.3424235759842
2021-08-14,56108,219,46278,147,9830,72,50599,154,373175,794,423774,948,0,670,96,2226,123,53212,4,1564,710,"Knox County",470313,409.727139160517,0.194383331176394,201.567892020846,46.5647345491194,473.301822403378,19.4383331176394
2021-08-13,55889,266,46131,206,9758,60,50445,220,372381,1470,422826,1690,1,670,124,2130,141,53089,5,1560,708,"Knox County",470313,375.919866131704,0.172522750252781,359.335166155305,56.558079406693,452.889883970887,17.2522750252781
2021-08-12,55623,222,45925,145,9698,77,50225,153,370911,643,421136,796,2,669,82,2006,138,52948,8,1555,705,"Knox County",470313,344.876709765624,0.167378537106247,169.248989502735,47.2026076251348,426.524463495587,16.7378537106247
2021-08-11,55401,315,45780,237,9621,78,50072,248,370268,989,420340,1237,1,667,182,1924,132,52810,10,1547,703,"Knox County",470313,355.933176416557,0.170978332239002,263.01633167699,66.9766729816101,409.089266084501,17.0978332239002
2021-08-10,55086,173,45543,110,9543,63,49824,121,369279,621,419103,742,1,666,56,1742,116,52678,2,1537,700,"Knox County",470313,336.796984136097,0.172239393087946,157.767274134459,36.7840140502176,370.391632806238,17.2239393087946
2021-08-09,54913,197,45433,159,9480,38,49703,167,368658,753,418361,920,1,665,75,1686,121,52562,4,1535,696,"Knox County",470313,339.135852081486,0.168492784607162,195.614409978036,41.8869986583403,358.484668720618,16.8492784607162
2021-08-08,54716,88,45274,66,9442,22,49536,75,367905,418,417441,493,1,664,22,1611,65,52441,4,1531,695,"Knox County",470313,314.684050834232,0.166715499560504,104.823808825187,18.7109435631165,342.537841820235,16.6715499560504
2021-08-07,54628,105,45208,75,9420,30,49461,80,367487,638,416948,718,0,663,44,1589,61,52376,2,1527,695,"Knox County",470313,290.444873945649,0.161309884778654,152.664289526337,22.3255576605367,337.860105929456,16.1309884778654
2021-08-06,54523,203,45133,147,9390,56,49381,163,366849,879,416230,1042,0,663,139,1545,64,52315,11,1525,695,"Knox County",470313,277.049539349327,0.169300605245461,221.554581735993,43.162744810371,328.504634147897,16.9300605245461
2021-08-05,54320,174,44986,131,9334,43,49218,147,365970,850,415188,997,2,663,102,1406,70,52251,4,1514,694,"Knox County",470313,266.843570133082,0.162790697674419,211.986485595763,36.9966384088894,298.94984829252,16.2790697674419
2021-08-04,54146,144,44855,101,9291,43,49071,104,365120,656,414191,760,1,661,70,1304,73,52181,4,1510,692,"Knox County",470313,230.484804800208,0.151093088857546,161.594512590551,30.6179076487361,277.262163707999,15.1093088857546
2021-08-03,54002,238,44754,177,9248,61,48967,183,364464,814,413431,997,0,660,161,1234,77,52108,5,1506,691,"Knox County",470313,244.305388113873,0.155053146617176,211.986485595763,50.6045973638832,262.378458600974,15.5053146617176
2021-08-02,53764,97,44577,75,9187,22,48784,82,363650,532,412434,614,2,660,-3,1073,98,52031,3,1501,688,"Knox County",470313,223.042952246695,0.148372175769436,130.551356224472,20.6245627911625,228.145936854818,14.8372175769436
2021-08-01,53667,107,44502,91,9165,16,48702,99,363118,526,411820,625,0,658,63,1076,44,51933,2,1498,688,"Knox County",470313,227.082815061459,0.149139579349904,132.890224169861,22.7508063778803,228.783809930833,14.9139579349904
2021-07-31,53560,104,44411,64,9149,40,48603,68,362592,399,411195,467,1,658,46,1013,57,51889,6,1496,686,"Knox County",470313,226.870190702787,0.153762268266085,99.2955754997204,22.1129333018649,215.388475334511,15.3762268266085
2021-07-30,53456,118,44347,83,9109,35,48535,90,362193,339,410728,429,1,657,79,967,38,51832,0,1490,686,"Knox County",470313,208.797120215686,0.158110042953569,91.2158498701928,25.0896743232698,205.607754835609,15.8110042953569
2021-07-29,53338,117,44264,65,9074,52,48445,68,361854,483,410299,551,0,656,82,888,35,51794,1,1490,685,"Knox County",470313,196.677531771395,0.156200765248706,117.15602162815,24.877049964598,188.810430500539,15.6200765248706
2021-07-28,53221,131,44199,90,9022,41,48377,95,361371,536,409748,631,0,656,80,806,51,51759,4,1489,684,"Knox County",470313,193.913415108662,0.15878535002318,134.165970321892,27.8537909860029,171.375233089453,15.878535002318
2021-07-27,53090,117,44109,78,8981,39,48282,84,360835,499,409117,583,0,656,85,726,32,51708,4,1485,684,"Knox County",470313,168.185867709377,0.15025641025641,123.960001105647,24.877049964598,154.365284395711,15.025641025641
2021-07-26,52973,97,44031,73,8942,24,48198,79,360336,371,408534,450,1,656,61,641,35,51676,4,1481,684,"Knox County",470313,168.185867709377,0.156049250535332,95.6809614023002,20.6245627911625,136.29221390861,15.6049250535332
2021-07-25,52876,51,43958,43,8918,8,48119,44,359965,320,408084,364,3,655,22,580,26,51641,5,1477,684,"Knox County",470313,156.278903623757,0.151942446043165,77.3952665565272,10.8438422922607,123.322128029631,15.1942446043165
2021-07-24,52825,64,43915,42,8910,22,48075,44,359645,348,407720,392,0,652,39,558,25,51615,1,1472,683,"Knox County",470313,147.773929276886,0.148235294117647,83.348748599337,13.6079589549938,118.644392138852,14.8235294117647
2021-07-23,52761,56,43873,31,8888,25,48031,32,359297,321,407328,353,1,652,24,519,31,51590,3,1471,681,"Knox County",470313,134.591219039236,0.134175691937425,75.0563986111377,11.9069640856196,110.352042150653,13.4175691937425
2021-07-22,52705,94,43842,69,8863,25,47999,78,358976,474,406975,552,0,651,70,495,24,51559,3,1468,680,"Knox County",470313,129.700858789785,0.137142857142857,117.368645986822,19.9866897151471,105.24905754253,13.7142857142857
2021-07-21,52611,61,43773,47,8838,14,47921,46,358502,411,406423,457,1,651,33,425,27,51535,1,1465,680,"Knox County",470313,114.81715368276,0.129165344335132,97.1693319130026,12.9700858789785,90.3653524355057,12.9165344335132
2021-07-20,52550,78,43726,43,8824,35,47875,45,358091,299,405966,344,0,650,54,392,24,51508,3,1464,680,"Knox County",470313,106.524803694561,0.126373626373626,73.1427793830917,16.5846999763987,83.348748599337,12.6373626373626
2021-07-19,52472,48,43683,36,8789,12,47830,42,357792,348,405622,390,0,650,28,338,20,51484,0,1461,680,"Knox County",470313,96.1062101196437,0.116058906030856,82.9234998819935,10.2059692162454,71.867033231061,11.6058906030856
2021-07-18,52424,36,43647,30,8777,6,47788,31,357444,272,405232,303,0,650,27,310,9,51464,1,1461,680,"Knox County",470313,92.9168447395671,0.113937656753852,64.4251806775488,7.65447691218401,65.9135511882512,11.3937656753852
2021-07-17,52388,27,43617,20,8771,7,47757,21,357172,202,404929,223,0,650,12,283,15,51455,1,1460,679,"Knox County",470313,85.0497434687113,0.112509534706331,47.4152319838065,5.74085768413801,60.1726935041132,11.2509534706331
2021-07-16,52361,37,43597,21,8764,16,47736,22,356970,291,404706,313,0,650,25,271,12,51440,1,1459,679,"Knox County",470313,81.0098806539475,0.110379550735864,66.5514242642666,7.86710127085579,57.6212012000519,11.0379550735864
2021-07-15,52324,55,43576,42,8748,13,47714,44,356679,364,404393,408,-1,650,36,246,20,51428,1,1458,679,"Knox County",470313,72.7175306657481,0.102953240360952,86.7507383380855,11.6943397269478,52.3055922332574,10.2953240360952
2021-07-14,52269,21,43534,17,8735,4,47670,16,356315,269,403985,285,0,651,8,210,13,51408,2,1457,679,"Knox County",470313,64.212556318877,0.0975286849073257,60.5979422214568,4.46511153210734,44.6511153210734,9.75286849073257
2021-07-13,52248,42,43517,26,8731,16,47654,29,356046,355,403700,384,3,651,28,202,11,51395,3,1455,679,"Knox County",470313,56.558079406693,0.0888985255854293,81.6477537299628,8.93022306421468,42.9501204516992,8.88985255854293
2021-07-12,52206,27,43491,21,8715,6,47625,24,355691,270,403316,294,0,648,16,174,11,51384,1,1452,679,"Knox County",470313,52.0929678745856,0.0846153846153846,62.5115614495028,5.74085768413801,36.9966384088894,8.46153846153846
2021-07-11,52179,8,43470,3,8709,5,47601,4,355421,136,403022,140,0,648,1,158,7,51373,0,1451,678,"Knox County",470313,46.1394858317759,0.0781631656082071,29.7674102140489,1.70099486937423,33.5946486701409,7.81631656082071
2021-07-10,52171,20,43467,16,8704,4,47597,16,355285,191,402882,207,0,648,12,157,8,51366,2,1451,678,"Knox County",470313,44.6511153210734,0.0763170851797144,44.0132422450581,4.25248717343556,33.3820243114692,7.63170851797144
2021-07-09,52151,27,43451,21,8700,6,47581,21,355094,338,402675,359,0,648,12,145,15,51358,0,1449,678,"Knox County",470313,42.5248717343556,0.0741454020221473,76.3321447631684,5.74085768413801,30.8305320074078,7.41454020221473
2021-07-08,52124,19,43430,14,8694,5,47560,16,354756,317,402316,333,0,648,6,133,13,51343,0,1449,677,"Knox County",470313,34.8703948221716,0.0629370629370629,70.8039114377021,4.03986281476378,28.2790397033465,6.29370629370629
2021-07-07,52105,18,43416,5,8689,13,47544,5,354439,333,401983,338,1,648,8,127,9,51330,1,1449,675,"Knox County",470313,34.2325217461563,0.0559610705596107,71.867033231061,3.82723845609201,27.0032935513158,5.59610705596107
2021-07-06,52087,24,43411,9,8676,15,47539,14,354106,263,401645,277,0,647,14,119,10,51321,2,1448,675,"Knox County",470313,30.4052832900643,0.0513347022587269,58.8969473520825,5.10298460812268,25.3022986819416,5.13347022587269
2021-07-05,52063,10,43402,7,8661,3,47525,6,353843,105,401368,111,0,647,0,105,10,51311,1,1446,675,"Knox County",470313,26.790669192644,0.0464589235127479,23.6013038125674,2.12624358671778,22.3255576605367,4.64589235127479
2021-07-04,52053,8,43395,7,8658,1,47519,7,353738,143,401257,150,0,647,0,105,8,51301,1,1445,675,"Knox County",470313,26.790669192644,0.047887323943662,31.8936538007667,1.70099486937423,22.3255576605367,4.7887323943662
2021-07-03,52045,9,43388,7,8657,2,47512,7,353595,185,401107,192,0,647,-2,105,11,51293,1,1444,675,"Knox County",470313,24.4518012472545,0.0431818181818182,40.8238768649814,1.913619228046,22.3255576605367,4.31818181818182
2021-07-02,52036,17,43381,13,8655,4,47505,17,353410,342,400915,359,-1,647,11,107,7,51282,0,1443,675,"Knox County",470313,22.3255576605367,0.0409090909090909,76.3321447631684,3.61461409742023,22.7508063778803,4.09090909090909
2021-07-01,52019,18,43368,15,8651,3,47488,17,353068,248,400556,265,-1,648,13,96,6,51275,1,1443,675,"Knox County",470313,22.1129333018649,0.0431442080378251,56.3454550480212,3.82723845609201,20.4119384324907,4.31442080378251
2021-06-30,52001,18,43353,12,8648,6,47471,11,352820,299,400291,310,0,649,9,83,9,51269,0,1442,675,"Knox County",470313,22.1129333018649,0.0474759615384615,65.9135511882512,3.82723845609201,17.6478217697576,4.74759615384615
2021-06-29,51983,21,43341,16,8642,5,47460,19,352521,438,399981,457,0,649,8,74,13,51260,1,1442,675,"Knox County",470313,21.4750602258496,0.0455531453362256,97.1693319130026,4.46511153210734,15.7342025417116,4.55531453362256
2021-06-28,51962,9,43325,2,8637,7,47441,2,352083,113,399524,115,0,649,-4,66,13,51247,0,1441,675,"Knox County",470313,21.2624358671778,0.0432900432900433,24.4518012472545,1.913619228046,14.0332076723374,4.32900432900433
2021-06-27,51953,5,43323,3,8630,2,47439,3,351970,151,399409,154,0,649,0,70,5,51234,0,1441,675,"Knox County",470313,20.6245627911625,0.041036717062635,32.7441512354538,1.06312179335889,14.8837051070245,4.1036717062635
2021-06-26,51948,3,43320,2,8628,1,47436,2,351819,206,399255,208,0,649,0,70,3,51229,0,1441,675,"Knox County",470313,19.3488166391318,0.0380085653104925,44.2258666037299,0.637873076015334,14.8837051070245,3.80085653104925
2021-06-25,51945,13,43318,9,8627,4,47434,11,351613,311,399047,322,0,649,4,70,9,51226,0,1441,675,"Knox County",470313,18.4983192044447,0.0354997269251775,68.4650434923126,2.76411666273312,14.8837051070245,3.54997269251775
2021-06-24,51932,14,43309,9,8623,5,47423,10,351302,364,398725,374,1,649,8,66,5,51217,1,1441,675,"Knox County",470313,17.6478217697576,0.0298969072164948,79.521510143245,2.97674102140489,14.0332076723374,2.98969072164948
2021-06-23,51918,13,43300,6,8618,7,47413,8,350938,282,398351,290,0,648,6,58,7,51212,0,1440,674,"Knox County",470313,16.5846999763987,0.0286458333333333,61.6610640148157,2.76411666273312,12.3322128029631,2.86458333333333
2021-06-22,51905,14,43294,5,8611,9,47405,5,350656,247,398061,252,2,648,10,52,2,51205,1,1440,673,"Knox County",470313,15.0963294656962,0.0239067055393586,53.5813383852881,2.97674102140489,11.0564666509325,2.39067055393586
2021-06-21,51891,9,43289,8,8602,1,47400,9,350409,289,397809,298,0,646,5,42,4,51203,1,1439,672,"Knox County",470313,15.0963294656962,0.0252897787144362,63.3620588841899,1.913619228046,8.93022306421468,2.52897787144363
2021-06-20,51882,3,43281,2,8601,1,47391,3,350120,161,397511,164,1,646,-2,37,4,51199,0,1438,672,"Knox County",470313,14.6710807483527,0.0251572327044025,34.8703948221716,0.637873076015334,7.86710127085579,2.51572327044025
2021-06-19,51879,3,43279,1,8600,2,47388,1,349959,191,397347,192,0,645,-3,39,6,51195,0,1438,672,"Knox County",470313,14.6710807483527,0.0248414376321353,40.8238768649814,0.637873076015334,8.29234998819935,2.48414376321353
2021-06-18,51876,5,43278,3,8598,2,47387,3,349768,283,397155,286,1,645,-7,42,11,51189,0,1438,672,"Knox County",470313,12.9700858789785,0.0210129310344828,60.8105665801286,1.06312179335889,8.93022306421468,2.10129310344828
2021-06-17,51871,12,43275,8,8596,4,47384,9,349485,515,396869,524,0,644,6,49,6,51178,0,1438,672,"Knox County",470313,12.5448371616349,0.0189431704885344,111.415163944012,2.55149230406134,10.4185935749171,1.89431704885344
2021-06-16,51859,7,43267,4,8592,3,47375,4,348970,362,396345,366,1,644,-6,43,12,51172,0,1438,671,"Knox County",470313,11.2690910096042,0.0163304514889529,77.8205152738708,1.48837051070245,9.14284742288646,1.63304514889529
2021-06-15,51852,13,43263,9,8589,4,47371,14,348608,428,395979,442,0,643,-2,49,15,51160,0,1438,671,"Knox County",470313,11.0564666509325,0.0189260563380282,93.9799665329259,2.76411666273312,10.4185935749171,1.89260563380282
2021-06-14,51839,7,43254,2,8585,5,47357,3,348180,260,395537,263,1,643,-5,51,11,51145,0,1438,671,"Knox County",470313,10.6312179335889,0.0165400089405454,55.9202063306777,1.48837051070245,10.8438422922607,1.65400089405454
2021-06-13,51832,3,43252,3,8580,0,47354,4,347920,128,395274,132,0,642,-5,56,8,51134,1,1438,671,"Knox County",470313,10.6312179335889,0.0172335600907029,28.0664153446747,0.637873076015334,11.9069640856196,1.72335600907029
2021-06-12,51829,2,43249,1,8580,1,47350,1,347792,226,395142,227,0,642,-6,61,8,51126,0,1437,671,"Knox County",470313,10.4185935749171,0.0169642857142857,48.2657294184936,0.425248717343556,12.9700858789785,1.69642857142857
2021-06-11,51827,7,43248,3,8579,4,47349,2,347566,318,394915,320,0,642,-2,67,9,51118,0,1437,670,"Knox County",470313,10.8438422922607,0.0162708883025506,68.039794774969,1.48837051070245,14.2458320310091,1.62708883025506
2021-06-10,51820,7,43245,4,8575,3,47347,5,347248,358,394595,363,0,642,-1,69,8,51109,0,1437,669,"Knox County",470313,9.7807204989018,0.0156176053005206,77.1826421978555,1.48837051070245,14.6710807483527,1.56176053005206
2021-06-09,51813,2,43241,1,8572,1,47342,1,346890,367,394232,368,1,642,-17,70,18,51101,0,1437,669,"Knox County",470313,8.7175987055429,0.0141843971631206,78.2457639912144,0.425248717343556,14.8837051070245,1.41843971631206
2021-06-08,51811,5,43240,3,8571,2,47341,4,346523,266,393864,270,1,641,-17,87,21,51083,0,1437,668,"Knox County",470313,7.01660383616868,0.0102933607822954,57.4085768413801,1.06312179335889,18.4983192044447,1.02933607822954
2021-06-07,51806,16,43237,10,8569,6,47337,10,346257,316,393594,326,0,640,-7,104,23,51062,2,1437,667,"Knox County",470313,8.93022306421468,0.0134596211365902,69.3155409269997,3.40198973874845,22.1129333018649,1.34596211365902
2021-06-06,51790,4,43227,2,8563,2,47327,2,345941,178,393268,180,0,640,-5,111,9,51039,0,1435,667,"Knox County",470313,9.14284742288646,0.0121713729308666,38.2723845609201,0.850497434687113,23.6013038125674,1.21713729308666
2021-06-05,51786,5,43225,2,8561,3,47325,3,345763,258,393088,261,0,640,-9,116,14,51030,0,1435,666,"Knox County",470313,9.7807204989018,0.0129310344827586,55.4949576133341,1.06312179335889,24.6644256059263,1.29310344827586
2021-06-04,51781,7,43223,2,8558,5,47322,3,345505,325,392827,328,1,640,-9,125,15,51016,0,1435,666,"Knox County",470313,9.7807204989018,0.0133587786259542,69.7407896443432,1.48837051070245,26.5780448339723,1.33587786259542
2021-06-03,51774,7,43221,4,8553,3,47319,6,345180,458,392499,464,0,639,-12,134,19,51001,0,1435,666,"Knox County",470313,9.7807204989018,0.0131998179335457,98.6577024237051,1.48837051070245,28.4916640620183,1.31998179335457
2021-06-02,51767,20,43217,7,8550,13,47313,6,344722,282,392035,288,0,639,5,146,15,50982,1,1435,666,"Knox County",470313,13.6079589549938,0.0160604629192253,61.2358152974721,4.25248717343556,31.0431563660796,1.60604629192253
2021-06-01,51747,12,43210,9,8537,3,47307,10,344440,291,391747,301,0,639,-10,141,22,50967,1,1434,666,"Knox County",470313,15.0963294656962,0.0186219739292365,63.9999319602052,2.55149230406134,29.9800345727207,1.86219739292365
2021-05-31,51735,17,43201,14,8534,3,47297,12,344149,354,391446,366,0,639,-1,151,18,50945,0,1433,666,"Knox County",470313,15.308953824368,0.0191956124314442,77.8205152738708,3.61461409742023,32.1062781594385,1.91956124314442
2021-05-30,51718,3,43187,1,8531,2,47285,1,343795,203,391080,204,0,639,-9,152,12,50927,0,1433,666,"Knox County",470313,15.0963294656962,0.0185352622061483,43.3753691690427,0.637873076015334,32.3189025181103,1.85352622061483
2021-05-29,51715,14,43186,8,8529,6,47284,6,343592,199,390876,205,0,639,-14,161,28,50915,1,1433,665,"Knox County",470313,17.0099486937423,0.0204081632653061,43.5879935277145,2.97674102140489,34.2325217461563,2.04081632653061
2021-05-28,51701,11,43178,6,8523,5,47278,10,343393,390,390671,400,0,639,-9,175,20,50887,1,1432,663,"Knox County",470313,17.8604461284294,0.0228904847396768,85.0497434687113,2.33886794538956,37.2092627675612,2.28904847396768
2021-05-27,51690,23,43172,8,8518,15,47268,9,343003,341,390271,350,0,639,-5,184,28,50867,1,1431,663,"Knox County",470313,21.2624358671778,0.0255439924314096,74.4185255351224,4.8903602494509,39.1228819956072,2.55439924314096
2021-05-26,51667,16,43164,8,8503,8,47259,11,342662,571,389921,582,0,639,-8,189,24,50839,0,1430,663,"Knox County",470313,20.4119384324907,0.0245016611295681,123.747376746975,3.40198973874845,40.1860037889661,2.45016611295681
2021-05-25,51651,18,43156,8,8495,10,47248,7,342091,311,389339,318,0,639,-10,197,28,50815,1,1430,663,"Knox County",470313,21.6876845845214,0.0230927835051546,67.6145460576254,3.82723845609201,41.8869986583403,2.30927835051546
2021-05-24,51633,25,43148,21,8485,4,47241,24,341780,425,389021,449,0,639,-11,207,36,50787,1,1429,663,"Knox County",470313,23.3886794538956,0.0271132376395534,95.4683370436284,5.31560896679445,44.0132422450581,2.71132376395534
2021-05-23,51608,16,43127,8,8481,8,47217,8,341355,225,388572,233,1,639,-5,218,20,50751,1,1428,662,"Knox County",470313,26.1527961166287,0.0295624753646039,49.5414755705243,3.40198973874845,46.3521101904476,2.95624753646039
2021-05-22,51592,8,43119,4,8473,4,47209,4,341130,269,388339,273,0,638,-6,223,14,50731,0,1427,661,"Knox County",470313,24.877049964598,0.0280230326295585,58.0464499173954,1.70099486937423,47.4152319838065,2.80230326295585
2021-05-21,51584,16,43115,12,8469,4,47205,14,340861,377,388066,391,0,638,-16,229,32,50717,1,1427,661,"Knox County",470313,25.9401717579569,0.0296610169491525,83.1361242406653,3.40198973874845,48.6909781358372,2.96610169491525
2021-05-20,51568,34,43103,26,8465,8,47191,27,340484,594,387675,621,0,638,6,245,28,50685,1,1426,660,"Knox County",470313,28.2790397033465,0.0331356818974538,132.039726735174,7.22922819484046,52.0929678745856,3.31356818974538
2021-05-19,51534,14,43077,6,8457,8,47164,6,339890,544,387054,550,0,638,-29,239,43,50657,1,1425,659,"Knox County",470313,27.8537909860029,0.0317460317460317,116.943397269478,2.97674102140489,50.817221722555,3.17460317460317
2021-05-18,51520,24,43071,14,8449,10,47158,14,339346,444,386504,458,1,638,-21,268,44,50614,0,1424,659,"Knox County",470313,29.1295371380336,0.0326050420168067,97.3819562716744,5.10298460812268,56.9833281240365,3.26050420168067
2021-05-17,51496,15,43057,8,8439,7,47144,8,338902,420,386046,428,0,637,-18,289,33,50570,0,1424,658,"Knox County",470313,27.0032935513158,0.0274204468517265,91.0032255115211,3.18936538007667,61.4484396561439,2.74204468517265
2021-05-16,51481,22,43049,13,8432,9,47136,12,338482,272,385618,284,1,637,-10,307,31,50537,1,1424,658,"Knox County",470313,28.2790397033465,0.0282861896838602,60.385317862785,4.67773589077912,65.2756781122359,2.82861896838602
2021-05-15,51459,23,43036,13,8423,10,47124,17,338210,336,385334,353,0,636,-8,317,31,50506,2,1423,657,"Knox County",470313,31.4684050834232,0.0317666126418152,75.0563986111377,4.8903602494509,67.4019216989537,3.17666126418152
2021-05-14,51436,36,43023,25,8413,11,47107,26,337874,498,384981,524,0,636,4,325,32,50475,4,1421,656,"Knox County",470313,35.7208922568587,0.0341827221876942,111.415163944012,7.65447691218401,69.1029165683279,3.41827221876942
2021-05-13,51400,31,42998,17,8402,14,47081,17,337376,376,384457,393,0,636,-17,321,48,50443,0,1417,656,"Knox County",470313,35.0830191808434,0.0334448160535117,83.5613729580088,6.59135511882512,68.2524191336408,3.34448160535117
2021-05-12,51369,34,42981,28,8388,6,47064,26,337000,506,384064,532,0,636,-15,338,49,50395,0,1417,656,"Knox County",470313,39.335506354279,0.0403768506056528,113.116158813386,7.22922819484046,71.867033231061,4.03768506056528
2021-05-11,51335,36,42953,30,8382,6,47038,31,336494,555,383532,586,0,636,-11,353,47,50346,4,1417,656,"Knox County",470313,41.8869986583403,0.0441935483870968,124.597874181662,7.65447691218401,75.0563986111377,4.41935483870968
2021-05-10,51299,21,42923,14,8376,7,47007,13,335939,277,382946,290,1,636,-26,364,46,50299,1,1413,656,"Knox County",470313,43.162744810371,0.0479405806887238,61.6610640148157,4.46511153210734,77.3952665565272,4.79405806887238
2021-05-09,51278,17,42909,14,8369,3,46994,17,335662,369,382656,386,0,635,-22,390,39,50253,1,1412,655,"Knox County",470313,42.0996230170121,0.047976501305483,82.0730024473064,3.61461409742023,82.9234998819935,4.7976501305483
2021-05-08,51261,20,42895,11,8366,9,46977,14,335293,307,382270,321,0,635,-18,412,38,50214,1,1411,655,"Knox County",470313,41.4617499409967,0.0474934036939314,68.2524191336408,4.25248717343556,87.6012357727726,4.74934036939314
2021-05-07,51241,43,42884,31,8357,12,46963,33,334986,576,381949,609,0,635,3,430,40,50176,0,1410,655,"Knox County",470313,42.9501204516992,0.0484440166827077,129.488234431113,9.14284742288646,91.4284742288646,4.84440166827077
2021-05-06,51198,40,42853,26,8345,14,46930,28,334410,340,381340,368,1,635,-8,427,47,50136,0,1410,655,"Knox County",470313,44.8637396797452,0.0523932729624838,78.2457639912144,8.50497434687113,90.7906011528493,5.23932729624838
2021-05-05,51158,51,42827,32,8331,19,46902,38,334070,585,380972,623,0,634,5,435,46,50089,4,1410,654,"Knox County",470313,48.4783537771654,0.0546654099905749,132.464975452518,10.8438422922607,92.4915960222235,5.46654099905749
2021-05-04,51107,50,42795,32,8312,18,46864,34,333485,536,380349,570,0,634,6,430,44,50043,0,1406,654,"Knox County",470313,51.4550947985703,0.0558888538048626,121.195884442914,10.6312179335889,91.4284742288646,5.58888538048626
2021-05-03,51057,24,42763,9,8294,15,46830,7,332949,309,379779,316,1,634,-37,424,60,49999,1,1406,654,"Knox County",470313,52.0929678745856,0.053554650798622,67.1892973402819,5.10298460812268,90.1527280768339,5.3554650798622
2021-05-02,51033,25,42754,18,8279,7,46823,20,332640,288,379463,308,0,633,-17,461,42,49939,2,1405,653,"Knox County",470313,53.7939627439599,0.0558587479935795,65.4883024709077,5.31560896679445,98.0198293476897,5.58587479935795
2021-05-01,51008,45,42736,35,8272,10,46803,38,332352,450,379155,488,0,633,7,478,38,49897,2,1403,653,"Knox County",470313,59.1095717107543,0.0603290676416819,103.760687031828,9.56809614023002,101.63444344511,6.03290676416819
2021-04-30,50963,58,42701,30,8262,28,46765,29,331902,567,378667,596,0,633,-9,471,67,49859,3,1401,653,"Knox County",470313,62.298937090831,0.0593453655552157,126.72411776838,12.3322128029631,100.146072934408,5.93453655552157
2021-04-29,50905,54,42671,34,8234,20,46736,35,331335,571,378071,606,0,633,-2,480,56,49792,2,1398,652,"Knox County",470313,65.2756781122359,0.0573139435414885,128.850361355098,11.481715368276,102.059692162454,5.73139435414885
2021-04-28,50851,47,42637,28,8214,19,46701,34,330764,543,377465,577,4,633,-38,482,81,49736,1,1396,652,"Knox County",470313,64.4251806775488,0.0569199653279399,122.684254953616,9.99334485757357,102.484940879797,5.69199653279399
2021-04-27,50804,39,42609,17,8195,22,46667,20,330221,392,376888,412,1,629,-33,520,71,49655,2,1395,650,"Knox County",470313,62.0863127321592,0.0554041780199818,87.6012357727726,8.29234998819935,110.564666509325,5.54041780199818
2021-04-26,50765,69,42592,36,8173,33,46647,40,329829,480,376476,520,1,628,2,553,66,49584,0,1393,649,"Knox County",470313,71.6544088723892,0.0615911035072712,110.564666509325,14.6710807483527,117.581270345493,6.15911035072712
2021-04-25,50696,38,42556,25,8140,13,46607,26,329349,341,375956,367,0,627,-4,551,42,49518,3,1393,647,"Knox County",470313,74.4185255351224,0.0622546270330903,78.0331396325426,8.07972562952757,117.15602162815,6.22546270330903
2021-04-24,50658,35,42531,22,8127,13,46581,28,329008,510,375589,538,0,627,-28,555,63,49476,3,1390,647,"Knox County",470313,72.2922819484046,0.0586283185840708,114.391904965417,7.44185255351224,118.006519062837,5.86283185840708
2021-04-23,50623,43,42509,31,8114,12,46553,36,328498,553,375051,589,0,627,-4,583,47,49413,2,1387,646,"Knox County",470313,69.1029165683279,0.0606816292601829,125.235747257677,9.14284742288646,123.960001105647,6.06816292601829
2021-04-22,50580,79,42478,62,8102,17,46517,65,327945,787,374462,852,1,627,15,587,63,49366,1,1385,645,"Knox County",470313,74.4185255351224,0.064591439688716,181.155953588355,16.7973243350705,124.810498540334,6.4591439688716
2021-04-21,50501,62,42416,34,8085,28,46452,35,327158,479,373610,514,1,626,-2,572,63,49303,1,1384,644,"Knox County",470313,77.607890915199,0.0659282700421941,109.288920357294,13.1827102376502,121.621133160257,6.59282700421941
2021-04-20,50439,38,42382,34,8057,4,46417,39,326679,474,373096,513,1,625,-32,574,69,49240,1,1383,643,"Knox County",470313,77.3952665565272,0.0690983817107629,109.076295998622,8.07972562952757,122.046381877601,6.90983817107629
2021-04-19,50401,65,42348,41,8053,24,46378,39,326205,336,372583,375,0,624,-3,606,68,49171,0,1382,642,"Knox County",470313,76.5447691218401,0.0715048025613661,79.7341345019168,13.8205833136656,128.850361355098,7.15048025613661
2021-04-18,50336,38,42307,27,8029,11,46339,32,325869,364,372208,396,0,624,-12,609,50,49103,1,1382,642,"Knox County",470313,76.5447691218401,0.0725443473656341,84.1992460340241,8.07972562952757,129.488234431113,7.25443473656341
2021-04-17,50298,37,42280,18,8018,19,46307,23,325505,335,371812,358,0,624,-23,621,60,49053,1,1381,641,"Knox County",470313,76.9700178391837,0.0747845426744509,76.1195204044966,7.86710127085579,132.039726735174,7.47845426744509
2021-04-16,50261,346,42262,330,7999,16,46284,369,325170,2088,371454,2457,1,624,279,644,66,48993,4,1380,641,"Knox County",470313,141.395198516732,0.110155535224154,522.418049256559,73.5680281004352,136.930086984625,11.0155535224154
2021-04-15,49915,86,41932,54,7983,32,45915,55,323082,577,368997,632,1,623,12,365,73,48927,0,1376,640,"Knox County",470313,142.883569027435,0.112869399428027,134.378594680564,18.2856948457729,77.607890915199,11.2869399428027
2021-04-14,49829,85,41878,60,7951,25,45860,62,322505,684,368365,746,0,622,-1,353,86,48854,3,1376,639,"Knox County",470313,147.773929276886,0.113018075588826,158.617771569146,18.0730704871011,75.0563986111377,11.3018075588826
2021-04-13,49744,68,41818,38,7926,30,45798,43,321821,339,367619,382,-5,622,-8,354,81,48768,1,1373,639,"Knox County",470313,154.152660037039,0.116535727646839,81.2225050126193,14.4584563896809,75.2690229698095,11.6535727646839
2021-04-12,49676,63,41780,43,7896,20,45755,50,321482,360,367237,410,1,627,-24,362,86,48687,0,1372,639,"Knox County",470313,153.727411319696,0.11782196617729,87.175987055429,13.395334596322,76.9700178391837,11.782196617729
2021-04-11,49613,26,41737,14,7876,12,45705,14,321122,296,366827,310,2,626,-26,386,50,48601,0,1372,638,"Knox County",470313,151.175919015634,0.116336166194523,65.9135511882512,5.52823332546623,82.0730024473064,11.6336166194523
2021-04-10,49587,50,41723,33,7864,17,45691,41,320826,571,366517,612,0,624,6,412,44,48551,1,1372,638,"Knox County",470313,153.940035678367,0.114254820688412,130.126107507128,10.6312179335889,87.6012357727726,11.4254820688412
2021-04-09,49537,82,41690,62,7847,20,45650,71,320255,620,365905,691,5,624,11,406,66,48507,2,1371,637,"Knox County",470313,97.8072049890179,0.0888183980967486,146.923431842199,17.4351974110858,86.3254896207419,8.88183980967486
2021-04-08,49455,49,41628,26,7827,23,45579,26,319635,465,365214,491,-6,619,-23,395,78,48441,0,1369,637,"Knox County",470313,89.9401037181622,0.0842943437671609,104.398560107843,10.4185935749171,83.9866216753524,8.42943437671609
2021-04-07,49406,77,41602,54,7804,23,45553,57,319170,768,364723,825,2,625,9,418,66,48363,1,1369,636,"Knox County",470313,88.2391088487879,0.0811609782316582,175.415095904217,16.3720756177269,88.8769819248033,8.11609782316582
2021-04-06,49329,75,41548,41,7781,34,45496,45,318402,421,363898,466,2,623,-4,409,77,48297,0,1368,636,"Knox County",470313,89.7274793594904,0.0798948751642576,99.0829511410486,15.9468269003834,86.9633626967573,7.98948751642576
2021-04-05,49254,44,41507,32,7747,12,45451,35,317981,266,363432,301,0,621,-60,413,104,48220,3,1368,636,"Knox County",470313,85.6876165447266,0.0781926406926407,63.9999319602052,9.35547178155824,87.8138601314444,7.81926406926407
2021-04-04,49210,49,41475,31,7735,18,45416,40,317715,341,363131,381,3,621,-27,473,73,48116,0,1365,634,"Knox County",470313,90.5779767941775,0.0836209185027874,81.0098806539475,10.4185935749171,100.571321651751,8.36209185027874
2021-04-03,49161,81,41444,64,7717,17,45376,71,317374,593,362750,664,0,618,6,500,75,48043,0,1365,633,"Knox County",470313,97.1693319130026,0.0903377847604085,141.182574158061,17.222573052414,106.312179335889,9.03377847604085
2021-04-02,49080,76,41380,45,7700,31,45305,45,316781,529,362086,574,0,618,6,494,70,47968,2,1365,630,"Knox County",470313,95.8935857609719,0.0861696380334954,122.046381877601,16.1594512590551,105.036433183858,8.61696380334954
2021-04-01,49004,75,41335,63,7669,12,45260,67,316252,580,361512,647,1,618,-20,488,94,47898,1,1363,628,"Knox County",470313,101.421819086438,0.0933125972006221,137.56796006064,15.9468269003834,103.760687031828,9.33125972006221
2021-03-31,48929,87,41272,66,7657,21,45193,72,315672,765,360865,837,3,617,-16,508,100,47804,2,1362,628,"Knox County",470313,103.548062673156,0.0968992248062016,177.966588208278,18.4983192044447,108.013174205263,9.68992248062016
2021-03-30,48842,57,41206,33,7636,24,45121,38,314907,460,360028,498,1,614,-25,524,81,47704,2,1360,626,"Knox County",470313,99.7208242170639,0.0943106099436187,105.886930618546,12.1195884442914,111.415163944012,9.43106099436187
2021-03-29,48785,43,41173,21,7612,22,45083,22,314447,399,359530,421,5,613,-58,549,96,47623,0,1358,624,"Knox County",470313,99.5081998583922,0.0882645450024863,89.5148550008186,9.14284742288646,116.730772910806,8.82645450024863
2021-03-28,48742,80,41152,46,7590,34,45061,49,314048,484,359109,533,2,608,13,607,65,47527,5,1358,623,"Knox County",470313,106.099554977217,0.0872065165309056,113.328783172058,17.0099486937423,129.062985713769,8.72065165309056
2021-03-27,48662,42,41106,39,7556,3,45012,42,313564,442,358576,484,0,606,-16,594,58,47462,2,1353,622,"Knox County",470313,97.8072049890179,0.0838758137205809,102.910189597141,8.93022306421468,126.298869051036,8.38758137205809
2021-03-26,48620,79,41067,54,7553,25,44970,60,313122,416,358092,476,0,606,1,610,78,47404,2,1351,620,"Knox County",470313,98.4450780650333,0.0898357289527721,101.209194727766,16.7973243350705,129.700858789785,8.98357289527721
2021-03-25,48541,88,41013,64,7528,24,44910,67,312706,570,357616,637,0,606,6,609,82,47326,4,1349,618,"Knox County",470313,101.209194727766,0.0900669068450849,135.441716473923,18.7109435631165,129.488234431113,9.00669068450849
2021-03-24,48453,123,40949,91,7504,32,44843,95,312136,780,356979,875,1,606,39,603,83,47244,3,1345,617,"Knox County",470313,108.86367163995,0.0950560652395515,186.046313837806,26.1527961166287,128.212488279082,9.50560652395515
2021-03-23,48330,87,40858,57,7472,30,44748,63,311356,530,356104,593,1,605,16,564,70,47161,3,1342,616,"Knox County",470313,115.242402400104,0.0990296093555611,126.086244692364,18.4983192044447,119.920138290883,9.90296093555611
2021-03-22,48243,115,40801,78,7442,37,44685,81,310826,517,355511,598,2,604,31,548,82,47091,1,1339,615,"Knox County",470313,130.551356224472,0.108913250714967,127.149366485723,24.4518012472545,116.518148552134,10.8913250714967
2021-03-21,48128,50,40723,33,7405,17,44604,34,310309,330,354913,364,0,602,4,517,46,47009,1,1338,615,"Knox County",470313,124.172625464318,0.109759125900174,77.3952665565272,10.6312179335889,109.926793433309,10.9759125900174
2021-03-20,48078,59,40690,29,7388,30,44570,33,309979,315,354549,348,0,602,3,513,56,46963,4,1337,614,"Knox County",470313,127.787239561739,0.111282446671807,73.9932768177788,12.5448371616349,109.076295998622,11.1282446671807
2021-03-19,48019,146,40661,102,7358,44,44537,117,309664,955,354201,1072,3,602,51,510,92,46907,3,1333,614,"Knox County",470313,142.033071592748,0.109204368174727,227.933312496146,31.0431563660796,108.438422922607,10.9204368174727
2021-03-18,47873,68,40559,50,7314,18,44420,66,308709,627,353129,693,2,599,-16,459,82,46815,1,1330,613,"Knox County",470313,137.780584419312,0.107638124587277,147.348680559542,14.4584563896809,97.5945806303462,10.7638124587277
2021-03-17,47805,46,40509,36,7296,10,44354,41,308082,498,352436,539,1,597,-40,475,85,46733,3,1329,613,"Knox County",470313,121.408508801585,0.103399096743523,114.604529324088,9.7807204989018,100.996570369095,10.3399096743523
2021-03-16,47759,128,40473,84,7286,44,44313,100,307584,698,351897,798,0,596,47,515,81,46648,3,1326,611,"Knox County",470313,130.126107507128,0.106980961015413,169.674238220079,27.2159179099876,109.501544715966,10.6980961015413
2021-03-15,47631,44,40389,28,7242,16,44213,40,306886,290,351099,330,1,596,-65,468,108,46567,1,1323,610,"Knox County",470313,115.029778041432,0.104005791505792,70.1660383616868,9.35547178155824,99.5081998583922,10.4005791505792
2021-03-14,47587,60,40361,38,7226,22,44173,46,306596,405,350769,451,0,595,-14,533,74,46459,0,1322,609,"Knox County",470313,117.15602162815,0.104703379815646,95.893585760972,12.7574615203067,113.328783172058,10.4703379815646
2021-03-13,47527,71,40323,34,7204,37,44127,41,306191,623,350318,664,1,595,-11,547,81,46385,1,1322,609,"Knox County",470313,119.707513932211,0.0991862766659336,141.182574158061,15.0963294656962,116.305524193463,9.91862766659336
2021-03-12,47456,63,40289,60,7167,3,44086,67,305568,691,349654,758,0,594,-52,558,115,46304,1,1321,607,"Knox County",470313,102.059692162454,0.0947318686510749,161.169263873208,13.395334596322,118.644392138852,9.47318686510749
2021-03-11,47393,83,40229,56,7164,27,44019,66,304877,627,348896,693,2,594,-21,610,102,46189,0,1320,605,"Knox County",470313,105.24905754253,0.0947318686510749,147.348680559542,17.6478217697576,129.700858789785,9.47318686510749
2021-03-10,47310,95,40173,72,7137,23,43953,82,304250,1001,348203,1083,2,592,26,631,67,46087,1,1320,604,"Knox County",470313,115.667651117447,0.0925266903914591,230.272180441536,20.1993140738189,134.165970321892,9.25266903914591
2021-03-09,47215,80,40101,50,7114,30,43871,55,303249,597,347120,652,0,590,-5,605,85,46020,2,1319,604,"Knox County",470313,105.461681901202,0.085726624919024,138.631081853999,17.0099486937423,128.637736996426,8.5726624919024
2021-03-08,47135,85,40051,57,7084,28,43816,63,302652,411,346468,474,1,590,-30,610,114,45935,0,1317,599,"Knox County",470313,114.179280606745,0.0879581151832461,100.783946010423,18.0730704871011,129.700858789785,8.79581151832461
2021-03-07,47050,64,39994,40,7056,24,43753,42,302241,327,345994,369,0,589,-5,640,69,45821,0,1317,597,"Knox County",470313,115.029778041432,0.0886426592797784,78.4583883498861,13.6079589549938,136.079589549938,8.86426592797784
2021-03-06,46986,125,39954,87,7032,38,43711,95,301914,848,345625,943,0,589,40,645,85,45752,1,1317,597,"Knox County",470313,126.511493409708,0.0945293644408689,200.504770227487,26.5780448339723,137.142711343297,9.45293644408689
2021-03-05,46861,70,39867,44,6994,26,43616,49,301066,520,344682,569,2,589,-19,605,87,45667,2,1316,597,"Knox County",470313,127.99986392041,0.0945013589797198,120.983260084242,14.8837051070245,128.637736996426,9.45013589797198
2021-03-04,46791,112,39823,85,6968,27,43567,100,300546,1094,344113,1194,5,587,-1,624,108,45580,1,1314,595,"Knox County",470313,134.165970321892,0.0919757759273278,253.873484254103,23.8139281712392,132.67759981119,9.19757759273278
2021-03-03,46679,74,39738,33,6941,41,43467,40,299452,497,342919,537,1,582,-49,625,122,45472,4,1313,593,"Knox County",470313,129.700858789785,0.0937104263402279,114.179280606745,15.7342025417116,132.890224169861,9.37104263402279
2021-03-02,46605,133,39705,91,6900,42,43427,99,298955,807,342382,906,-1,581,9,674,125,45350,2,1309,592,"Knox County",470313,140.969949799389,0.0977564102564103,192.637668956631,28.2790397033465,143.308817744778,9.77564102564103
2021-03-01,46472,59,39614,33,6858,26,43328,35,298148,165,341476,200,1,582,-58,665,116,45225,1,1307,587,"Knox County",470313,135.441716473923,0.0974989402289105,42.5248717343556,12.5448371616349,141.395198516732,9.74989402289106
2021-02-28,46413,77,39581,53,6832,24,43293,63,297983,563,341276,626,2,581,-18,723,93,45109,2,1306,587,"Knox County",470313,138.205833136656,0.0966834170854271,133.102848528533,16.3720756177269,153.727411319696,9.66834170854271
2021-02-27,46336,82,39528,47,6808,35,43230,58,297420,670,340650,728,1,579,-33,741,114,45016,3,1304,586,"Knox County",470313,129.062985713769,0.0932773109243697,154.790533113054,17.4351974110858,157.554649775788,9.32773109243698
2021-02-26,46254,107,39481,70,6773,37,43172,80,296750,506,339922,586,5,578,-17,774,119,44902,1,1301,585,"Knox County",470313,136.930086984625,0.0994347917102784,124.597874181662,22.7508063778803,164.571253611956,9.94347917102784
2021-02-25,46147,131,39411,92,6736,39,43092,97,296244,1029,339336,1126,2,573,-7,791,136,44783,5,1300,585,"Knox County",470313,140.969949799389,0.100233595243151,239.415027864422,27.8537909860029,168.185867709377,10.0233595243151
2021-02-24,46016,102,39319,72,6697,30,42995,80,295215,969,338210,1049,2,571,-30,798,130,44647,2,1295,584,"Knox County",470313,146.923431842199,0.0980655046925876,223.042952246695,21.6876845845214,169.674238220079,9.80655046925876
2021-02-23,45914,122,39247,68,6667,54,42915,75,294246,758,337161,833,5,569,-32,828,149,44517,6,1293,583,"Knox County",470313,144.584563896809,0.0947940947940948,177.116090773591,25.9401717579569,176.052968980232,9.47940947940948
2021-02-22,45792,62,39179,33,6613,29,42840,38,293488,306,336328,344,3,564,-110,860,169,44368,3,1287,581,"Knox County",470313,145.222436972824,0.0927815570672714,73.1427793830917,13.1827102376502,182.856948457729,9.27815570672714
2021-02-21,45730,82,39146,41,6584,41,42802,45,293182,499,335984,544,2,561,-31,970,111,44199,3,1284,579,"Knox County",470313,146.285558766183,0.0907869481765835,115.667651117447,17.4351974110858,206.245627911625,9.07869481765835
2021-02-20,45648,137,39105,98,6543,39,42757,115,292683,1007,335440,1122,1,559,8,1001,128,44088,2,1281,576,"Knox County",470313,157.979898493131,0.0945753033547466,238.564530429735,29.1295371380336,212.83698303045,9.45753033547466
2021-02-19,45511,95,39007,43,6504,52,42642,48,291676,274,334318,322,1,558,-83,993,177,43960,2,1279,575,"Knox County",470313,155.42840618907,0.0932584269662921,68.4650434923126,20.1993140738189,211.135988161076,9.32584269662921
2021-02-18,45416,155,38964,111,6452,44,42594,119,291402,987,333996,1106,4,557,-37,1076,188,43783,6,1277,573,"Knox County",470313,160.531390797193,0.0977443609022556,235.162540690987,32.9567755941256,228.783809930833,9.77443609022556
2021-02-17,45261,114,38853,68,6408,46,42475,76,290415,892,332890,968,1,553,-50,1113,163,43595,4,1271,567,"Knox County",470313,163.082883101254,0.098492078640962,205.820379194281,24.2391768885827,236.650911201689,9.8492078640962
2021-02-16,45147,146,38785,90,6362,56,42399,101,289523,818,331922,919,2,552,-41,1163,185,43432,4,1267,564,"Knox County",470313,168.185867709377,0.101784037558685,195.401785619364,31.0431563660796,247.282129135278,10.1784037558685
2021-02-15,45001,76,38695,36,6306,40,42298,43,288705,312,331003,355,2,550,-140,1204,214,43247,1,1263,564,"Knox County",470313,171.162608730781,0.102511244377811,75.4816473284812,16.1594512590551,255.999727840821,10.2511244377811
2021-02-14,44925,164,38659,134,6266,30,42255,134,288393,706,330648,840,2,548,19,1344,143,43033,5,1262,563,"Knox County",470313,188.597806141867,0.112926136363636,178.604461284294,34.8703948221716,285.76713805487,11.2926136363636
2021-02-13,44761,135,38525,91,6236,44,42121,106,287687,870,329808,976,4,546,-9,1325,140,42890,7,1257,562,"Knox County",470313,188.172557424524,0.114290922347794,207.521374063655,28.7042884206901,281.727275240106,11.4290922347794
2021-02-12,44626,179,38434,114,6192,65,42015,124,286817,995,328832,1119,3,542,12,1334,164,42750,3,1250,558,"Knox County",470313,206.033003552953,0.111889224892567,237.92665735372,38.0597602022483,283.640894468152,11.1889224892567
2021-02-11,44447,162,38320,112,6127,50,41891,118,285822,1133,327713,1251,5,539,-34,1322,191,42586,5,1247,557,"Knox County",470313,207.521374063655,0.109209707529558,265.993072698394,34.4451461048281,281.089402164091,10.9209707529558
2021-02-10,44285,148,38208,106,6077,42,41773,112,284689,1032,326462,1144,7,534,-48,1356,189,42395,6,1242,555,"Knox County",470313,214.750602258496,0.111750454270139,243.242266320514,31.4684050834232,288.318630358931,11.1750454270139
2021-02-09,44137,209,38102,154,6035,55,41661,165,283657,1022,325318,1187,0,527,12,1404,197,42206,6,1236,553,"Knox County",470313,228.145936854818,0.116705471478463,252.385113743401,44.4384909624016,298.524599575177,11.6705471478463
2021-02-08,43928,107,37948,72,5980,35,41496,76,282635,371,324131,447,4,527,-159,1392,262,42009,2,1230,548,"Knox County",470313,234.737291973643,0.119902354968409,95.0430883262848,22.7508063778803,295.973107271115,11.9902354968409
2021-02-07,43821,108,37876,75,5945,33,41420,83,282264,716,323684,799,1,523,-28,1551,135,41747,2,1228,545,"Knox County",470313,222.830327888024,0.11324570273003,169.886862578751,22.963430736552,329.780380299928,11.324570273003
2021-02-06,43713,304,37801,176,5912,128,41337,197,281548,1396,322885,1593,2,522,136,1579,166,41612,6,1226,544,"Knox County",470313,258.763844503554,0.11604774535809,338.710603364143,64.6378050362206,335.733862342738,11.604774535809
2021-02-05,43409,177,37625,131,5784,46,41140,143,280152,727,321292,870,8,520,-5,1443,174,41446,4,1220,540,"Knox County",470313,258.33859578621,0.122616924975998,184.983192044447,37.6345114849047,306.816949563376,12.2616924975998
2021-02-04,43232,199,37494,148,5738,51,40997,161,279425,1581,320422,1742,2,512,-1,1448,198,41272,7,1216,537,"Knox County",470313,266.205697057066,0.120406065278849,370.391632806238,42.3122473756839,307.880071356735,12.0406065278849
2021-02-03,43033,230,37346,165,5687,65,40836,172,277844,1634,318680,1806,5,510,-9,1449,234,41074,7,1209,529,"Knox County",470313,283.640894468152,0.118072003789673,383.999591761231,48.903602494509,308.092695715407,11.8072003789673
2021-02-02,42803,91,37181,70,5622,21,40664,77,276210,291,316874,368,7,505,-159,1458,243,40840,1,1202,529,"Knox County",470313,258.551220144882,0.119213114754098,78.2457639912144,19.3488166391318,310.006314943453,11.9213114754098
2021-02-01,42712,153,37111,82,5601,71,40587,97,275919,425,316506,522,4,498,-124,1617,273,40597,2,1201,527,"Knox County",470313,268.331940643784,0.120779220779221,110.989915226668,32.5315268767821,343.813587972265,12.0779220779221
2021-01-31,42559,174,37029,120,5530,54,40490,129,275494,939,315984,1068,7,494,13,1741,154,40324,4,1199,524,"Knox County",470313,282.365148316121,0.122474589032501,227.082815061459,36.9966384088894,370.179008447566,12.2474589032501
2021-01-30,42385,277,36909,233,5476,44,40361,250,274555,1518,314916,1768,7,487,92,1728,178,40170,9,1195,522,"Knox County",470313,276.624290631983,0.12635068762279,375.919866131704,58.8969473520825,367.414891784833,12.635068762279
2021-01-29,42108,101,36676,52,5432,49,40111,62,273037,376,313148,438,4,480,-140,1636,237,39992,1,1186,516,"Knox County",470313,260.464839372928,0.122925311203319,93.1294690982388,21.4750602258496,347.853450787029,12.2925311203319
2021-01-28,42007,157,36624,116,5383,41,40049,129,272661,656,312710,785,9,476,-75,1776,223,39755,5,1185,511,"Knox County",470313,251.534616308714,0.13560325684678,166.910121557346,33.3820243114692,377.620861001078,13.560325684678
2021-01-27,41850,168,36508,123,5342,45,39920,125,272005,893,311925,1018,12,467,-73,1851,229,39532,2,1180,507,"Knox County",470313,238.351906071063,0.14563432210491,216.45159712787,35.7208922568587,393.567687901461,14.563432210491
2021-01-26,41682,234,36385,173,5297,61,39795,193,271112,1041,310907,1234,3,455,-26,1924,257,39303,7,1178,503,"Knox County",470313,268.757189361128,0.144153373335285,262.378458600974,49.7540999291961,409.089266084501,14.4153373335285
2021-01-25,41448,157,36212,105,5236,52,39602,115,270071,415,309673,530,9,452,-201,1950,349,39046,1,1171,496,"Knox County",470313,269.607686795815,0.146615991814062,112.690910096042,33.3820243114692,414.617499409967,14.6615991814062
2021-01-24,41291,157,36107,104,5184,53,39487,111,269656,791,309143,902,4,443,-98,2151,251,38697,2,1170,492,"Knox County",470313,265.993072698394,0.147565543071161,191.787171521944,33.3820243114692,457.354995502995,14.7565543071161
2021-01-23,41134,308,36003,221,5131,87,39376,231,268865,1492,308241,1723,7,439,62,2249,239,38446,7,1168,487,"Knox County",470313,272.58442781722,0.145701357466063,366.351769991474,65.4883024709077,478.192182652829,14.5701357466063
2021-01-22,40826,178,35782,143,5044,35,39145,176,267373,1173,306518,1349,3,432,-151,2187,326,38207,8,1161,483,"Knox County",470313,288.956503434947,0.14321707996287,286.830259848229,37.8471358435765,465.009472415179,14.321707996287
2021-01-21,40648,268,35639,195,5009,73,38969,203,266200,1080,305169,1283,11,429,-124,2338,381,37881,6,1153,475,"Knox County",470313,312.557807247514,0.143550192810051,272.797052175891,56.9833281240365,497.115750574617,14.3550192810051
2021-01-20,40380,192,35444,131,4936,61,38766,130,265120,736,303886,866,10,418,-156,2462,338,37500,8,1147,469,"Knox County",470313,317.660791855637,0.146950678331431,184.13269460976,40.8238768649814,523.481171049918,14.6950678331431
2021-01-19,40188,310,35313,195,4875,115,38636,219,264384,957,303020,1176,8,408,-86,2618,388,37162,14,1139,459,"Knox County",470313,333.820243114692,0.151360326989398,250.046245798011,65.9135511882512,556.650571002715,15.1360326989398
2021-01-18,39878,129,35118,80,4760,49,38417,87,263427,472,301844,559,7,400,-364,2704,486,36774,4,1125,456,"Knox County",470313,327.866761071882,0.147238483074574,118.857016497524,27.4285422686594,574.936265848488,14.7238483074574
2021-01-17,39749,181,35038,138,4711,43,38330,151,262955,690,301285,841,3,393,-209,3068,387,36288,8,1121,447,"Knox County",470313,332.969745680005,0.153520584840323,178.817085642965,38.4850089195918,652.331532405015,15.3520584840323
2021-01-16,39568,421,34900,340,4668,81,38179,389,262265,1757,300444,2146,1,390,6,3277,414,35901,7,1113,441,"Knox County",470313,356.996298209916,0.164841849148418,456.291873709636,89.5148550008186,696.770023367417,16.4841849148418
2021-01-15,39147,187,34560,149,4587,38,37790,153,260508,755,298298,908,0,389,-98,3271,285,35487,4,1106,433,"Knox County",470313,358.909917437962,0.171230235248747,193.062917673975,39.7607550716225,695.494277215386,17.1230235248747
2021-01-14,38960,338,34411,267,4549,71,37637,290,259753,1479,297390,1769,6,389,-92,3369,424,35202,8,1102,423,"Knox County",470313,373.793622544986,0.171687840290381,376.132490490376,71.867033231061,716.331464365221,17.1687840290381
2021-01-13,38622,249,34144,201,4478,48,37347,206,258274,946,295621,1152,12,383,-248,3461,485,34778,6,1094,416,"Knox County",470313,385.913210989277,0.174833352824231,244.943261189888,52.9434653092728,735.892905363024,17.4833352824231
2021-01-12,38373,332,33943,261,4430,71,37141,283,257328,1181,294469,1464,10,371,-175,3709,497,34293,6,1088,414,"Knox County",470313,390.590946880056,0.176377418259984,311.282061095483,70.5912870790304,788.623746313625,17.6377418259984
2021-01-11,38041,244,33682,197,4359,47,36858,228,256147,726,293005,954,4,361,-395,3884,635,33796,5,1082,409,"Knox County",470313,415.042748127311,0.184102230885857,202.843638172876,51.8803435159139,825.833009081186,18.4102230885857
2021-01-10,37797,328,33485,205,4312,123,36630,222,255421,1013,292051,1235,5,357,-4,4279,327,33161,17,1077,403,"Knox County",470313,446.298528852062,0.183942667220607,262.591082959646,69.7407896443432,909.819630756539,18.3942667220607
2021-01-09,37469,475,33280,393,4189,82,36408,426,254408,1384,290816,1810,5,352,100,4283,370,32834,12,1060,397,"Knox County",470313,457.780244220338,0.194575979337064,384.850089195918,100.996570369095,910.670128191226,19.4575979337064
2021-01-08,36994,459,32887,371,4107,88,35982,392,253024,1432,289006,1824,7,347,267,4183,185,32464,6,1048,395,"Knox County",470313,515.614069779062,0.200528996865204,387.826830217323,97.5945806303462,889.407692324048,20.0528996865204
2021-01-07,36535,389,32516,346,4019,43,35590,354,251592,1309,287182,1663,10,340,73,3916,306,32279,10,1042,387,"Knox County",470313,526.457912071323,0.208968521084934,353.594308471167,82.7108755233217,832.636988558683,20.8968521084934
2021-01-06,36146,496,32170,362,3976,134,35236,378,250283,1187,285519,1565,9,330,58,3843,429,31973,15,1032,384,"Knox County",470313,578.976128663252,0.217118402282454,332.757121321333,105.461681901202,817.115410375643,21.7118402282454
2021-01-05,35650,520,31808,328,3842,192,34858,345,249096,1193,283954,1538,14,321,32,3785,474,31544,14,1017,375,"Knox County",470313,618.949508093546,0.221456228161299,327.016263637195,110.564666509325,804.78319757268,22.1456228161299
2021-01-04,35130,322,31480,228,3650,94,34513,249,247903,654,282416,903,6,307,-222,3753,538,31070,6,1003,369,"Knox County",470313,635.534208069945,0.224520781932055,191.999795880616,68.4650434923126,797.979218095183,22.4520781932055
2021-01-03,34808,285,31252,182,3556,103,34264,195,247249,608,281513,803,2,301,-15,3975,298,30532,10,997,361,"Knox County",470313,626.391360647058,0.231446665347318,170.737360013438,60.5979422214568,845.181825720318,23.1446665347318
2021-01-02,34523,422,31070,319,3453,103,34069,345,246641,1095,280710,1440,0,299,105,3990,317,30234,22,987,352,"Knox County",470313,615.122269637454,0.231922760887428,306.179076487361,89.7274793594904,848.371191100395,23.1922760887428
2021-01-01,34101,419,30751,349,3350,70,33724,374,245546,1297,279270,1671,2,299,2,3885,415,29917,8,965,348,"Knox County",470313,606.617295290583,0.233747260774288,355.295303340541,89.089606283475,826.045633439858,23.3747260774288
2020-12-31,33682,448,30402,311,3280,137,33350,322,244249,929,277599,1251,12,297,0,3883,436,29502,8,957,342,"Knox County",470313,619.162132452218,0.240758913967942,265.993072698394,95.2557126849566,825.620384722515,24.0758913967942
2020-12-30,33234,363,30091,248,3143,115,33028,271,243320,931,276348,1202,6,285,-147,3883,504,29066,9,949,339,"Knox County",470313,590.883092748871,0.238533151680291,255.574479123477,77.1826421978555,825.620384722515,23.8533151680291
2020-12-29,32871,590,29843,398,3028,192,32757,420,242389,1081,275146,1501,7,279,111,4030,472,28562,14,940,335,"Knox County",470313,605.766797855896,0.248090297571543,319.149162366339,125.448371616349,856.876165447266,24.8090297571543
2020-12-28,32281,252,29445,174,2836,78,32337,185,241308,565,273645,750,4,272,-330,3919,578,28090,4,926,327,"Knox County",470313,590.883092748871,0.245068461359944,159.468269003834,53.5813383852881,833.274861634699,24.5068461359944
2020-12-27,32029,230,29271,156,2758,74,32152,172,240743,489,272895,661,3,268,-74,4249,301,27512,8,922,322,"Knox County",470313,579.188753021924,0.246460594620104,140.544701082045,48.903602494509,903.440899996385,24.6460594620104
2020-12-26,31799,358,29115,288,2684,70,31980,328,240254,1064,272234,1392,0,265,59,4323,299,27211,10,914,315,"Knox County",470313,565.58079406693,0.245847176079734,295.973107271115,76.1195204044966,919.175102538097,24.5847176079734
2020-12-25,31441,353,28827,287,2614,66,31652,308,239190,1070,270842,1378,1,265,-101,4264,453,26912,5,904,309,"Knox County",470313,551.547586394592,0.246588813767671,292.99636624971,75.0563986111377,906.630265376462,24.6588813767671
2020-12-24,31088,351,28540,277,2548,74,31344,311,238120,1273,269464,1584,5,264,-111,4365,457,26459,8,899,302,"Knox County",470313,530.92302360343,0.235592820028342,336.796984136097,74.6311498937941,928.105325602312,23.5592820028342
2020-12-23,30737,472,28263,351,2474,121,31033,371,236847,1411,267880,1782,6,259,-14,4476,480,26002,9,891,295,"Knox County",470313,554.099078698654,0.231542882404951,378.896607153109,100.358697293079,951.706629414879,23.1542882404951
2020-12-22,30265,530,27912,392,2353,138,30662,432,235436,1470,266098,1902,7,253,-26,4490,549,25522,15,882,289,"Knox County",470313,541.341617178347,0.222986559424278,404.411530193722,112.690910096042,954.683370436284,22.2986559424278
2020-12-21,29735,442,27520,361,2215,81,30230,391,233966,1423,264196,1814,2,246,-136,4516,576,24973,5,867,283,"Knox County",470313,581.740245325985,0.22001331684581,385.700586630606,93.9799665329259,960.21160376175,22.001331684581
2020-12-20,29293,514,27159,431,2134,83,29839,478,232543,2245,262382,2723,2,244,235,4652,277,24397,7,862,280,"Knox County",470313,642.12556318877,0.208270377733598,578.976128663252,109.288920357294,989.128516541112,20.8270377733598
2020-12-19,28779,525,26728,441,2051,84,29361,489,230298,1445,259659,1934,6,242,252,4417,267,24120,14,855,274,"Knox County",470313,677.633831086957,0.211938705496684,411.215509671219,111.627788302684,939.161792253244,21.1938705496684
2020-12-18,28254,480,26287,420,1967,60,28872,430,228853,1358,257725,1788,4,236,98,4165,378,23853,11,841,267,"Knox County",470313,704.637124638273,0.214533895172618,380.172353305139,102.059692162454,885.580453867956,21.4533895172618
2020-12-17,27774,733,25867,635,1907,98,28442,663,227495,1898,255937,2561,11,232,288,4067,434,23475,11,830,261,"Knox County",470313,785.859629650892,0.224351902923331,544.530982558424,155.853654906413,864.743266718122,22.4351902923332
2020-12-16,27041,564,25232,453,1809,111,27779,472,225597,1729,253376,2201,8,221,99,3779,457,23041,11,819,257,"Knox County",470313,805.421070648696,0.224820746498693,467.986213436584,119.920138290883,803.50745142065,22.4820746498693
2020-12-15,26477,765,24779,675,1698,90,27307,716,223868,2415,251175,3131,2,213,325,3680,438,22584,15,808,253,"Knox County",470313,855.387794936564,0.225297176820208,665.726867001337,162.65763438391,782.457639912144,22.5297176820208
2020-12-14,25712,472,24104,411,1608,61,26591,461,221453,1624,248044,2085,6,211,-11,3355,477,22146,7,793,245,"Knox County",470313,861.766525696717,0.225841807221579,443.321787830657,100.358697293079,713.354723343816,22.5841807221579
2020-12-13,25240,628,23693,572,1547,56,26130,754,219829,2935,245959,3689,2,205,400,3366,226,21669,10,786,237,"Knox County",470313,886.0057025853,0.229167864742078,784.37125914019,133.528097245877,715.693591289205,22.9167864742078
2020-12-12,24612,464,23121,392,1491,72,25376,454,216894,2171,242270,2625,3,203,182,2966,279,21443,19,776,231,"Knox County",470313,873.035616706321,0.218473451327434,558.138941513418,98.6577024237051,630.643847820494,21.8473451327434
2020-12-11,24148,557,22729,523,1419,34,24922,429,214723,1407,239645,1836,6,200,282,2784,269,21164,10,757,227,"Knox County",470313,889.407692324048,0.217839805825243,390.378322521385,118.43176778018,591.94621454223,21.7839805825243
2020-12-10,23591,473,22206,415,1385,58,24493,538,213316,1910,237809,2448,8,194,325,2502,140,20895,9,747,225,"Knox County",470313,834.125359069386,0.212267554815432,520.504430028513,100.571321651751,531.986145396789,21.2267554815432
2020-12-09,23118,407,21791,337,1327,70,23955,359,211406,924,235361,1283,2,186,78,2177,327,20755,13,738,215,"Knox County",470313,800.743334757917,0.217055623793648,272.797052175891,86.5381139794137,462.883228828461,21.7055623793648
2020-12-08,22711,491,21454,446,1257,45,23596,538,210482,2077,234078,2615,9,184,126,2099,356,20428,10,725,212,"Knox County",470313,742.484260481849,0.213075206561727,556.0126979267,104.398560107843,446.298528852062,21.3075206561727
2020-12-07,22220,323,21008,271,1212,52,23058,317,208405,1135,231463,1452,3,175,-128,1973,448,20072,6,715,210,"Knox County",470313,710.803231039754,0.212503135189365,308.730568791422,68.6776678509843,419.507859659418,21.2503135189365
2020-12-06,21897,332,20737,291,1160,41,22741,187,207270,668,230011,855,6,172,103,2101,223,19624,6,709,207,"Knox County",470313,647.866420872908,0.215189873417722,181.79382666437,70.5912870790304,446.723777569406,21.5189873417722
2020-12-05,21565,289,20446,263,1119,26,22554,213,206602,714,229156,927,2,166,55,1998,232,19401,8,703,203,"Knox County",470313,610.657158105347,0.226086194814296,197.102780488738,61.4484396561439,424.823468626213,22.6086194814296
2020-12-04,21276,354,20183,322,1093,32,22341,297,205888,1091,228229,1388,5,164,16,1943,333,19169,11,695,201,"Knox County",470313,567.494413294976,0.223285922684172,295.122609836428,75.2690229698095,413.129128899265,22.3285922684172
2020-12-03,20922,441,19861,424,1061,17,22044,448,204797,1215,226841,1663,2,159,180,1927,259,18836,10,684,196,"Knox County",470313,560.690433817479,0.231660610821958,353.594308471167,93.7673421742542,409.727139160517,23.1660610821958
2020-12-02,20481,192,19437,170,1044,22,21596,185,203582,575,225178,760,2,157,-144,1747,334,18577,7,674,194,"Knox County",470313,514.976196703047,0.226190476190476,161.594512590551,40.8238768649814,371.454754599596,22.6190476190476
2020-12-01,20289,403,19267,380,1022,23,21411,409,203007,1832,224418,2241,5,155,88,1891,310,18243,7,667,189,"Knox County",470313,496.26525313993,0.221408572043937,476.491187783455,85.6876165447266,402.072662248333,22.1408572043937
2020-11-30,19886,385,18887,371,999,14,21002,436,201175,1815,222177,2251,1,150,25,1803,359,17933,3,660,186,"Knox County",470313,509.44796337758,0.215666831928607,478.617431370173,81.8603780886346,383.361718685216,21.5666831928607
2020-11-29,19501,226,18516,218,985,8,20566,261,199360,1465,219926,1726,0,149,41,1778,185,17574,5,657,183,"Knox County",470313,486.909781358372,0.205275648046732,366.989643067489,48.0531050598219,378.046109718422,20.5275648046732
2020-11-28,19275,271,18298,257,977,14,20305,299,197895,1967,218200,2266,0,149,72,1737,199,17389,8,652,177,"Knox County",470313,483.08254290228,0.189914599430663,481.806796750249,57.6212012000519,369.328511012879,18.9914599430663
2020-11-27,19004,235,18041,215,963,20,20006,249,195928,1247,215934,1496,3,149,-6,1665,238,17190,12,644,173,"Knox County",470313,457.780244220338,0.184390873175845,318.08604057298,49.9667242878679,354.019557188511,18.4390873175845
2020-11-26,18769,344,17826,341,943,3,19757,441,194681,1429,214438,1870,4,146,48,1671,292,16952,5,632,170,"Knox County",470313,437.155681429176,0.18080888183981,397.607550716225,73.1427793830917,355.295303340541,18.080888183981
2020-11-25,18425,219,17485,193,940,26,19316,123,193252,325,212568,448,0,142,-58,1623,277,16660,3,627,164,"Knox County",470313,442.896539113314,0.180354529191738,95.2557126849566,46.5647345491194,345.089334124296,18.0354529191738
2020-11-24,18206,153,17292,130,914,23,19193,116,192927,673,212120,789,2,142,-111,1681,262,16383,6,624,162,"Knox County",470313,389.740449445369,0.177484787018256,167.760618992033,32.5315268767821,357.421546927259,17.7484787018256
2020-11-23,18053,167,17162,147,891,20,19077,100,192254,391,211331,491,3,140,-97,1792,261,16121,7,618,160,"Knox County",470313,343.388339254922,0.174884437596302,104.398560107843,35.508267898187,381.022850739826,17.4884437596302
2020-11-22,17886,220,17015,212,871,8,18977,258,191863,1804,210840,2062,2,137,86,1889,132,15860,5,611,153,"Knox County",470313,342.112593102891,0.168329441732116,438.431427581207,46.7773589077912,401.647413530989,16.8329441732116
2020-11-21,17666,173,16803,169,863,4,18719,198,190059,1465,208778,1663,0,135,2,1803,171,15728,4,606,151,"Knox County",470313,321.275405953057,0.168386438371697,353.594308471167,36.7840140502176,383.361718685216,16.8386438371697
2020-11-20,17493,178,16634,169,859,9,18521,163,188594,791,207115,954,7,135,-17,1801,188,15557,5,602,149,"Knox County",470313,309.155817508765,0.169022592726833,202.843638172876,37.8471358435765,382.936469967872,16.9022592726833
2020-11-19,17315,166,16465,148,850,18,18358,128,187803,663,206161,791,2,128,-28,1818,192,15369,4,597,145,"Knox County",470313,271.308681665189,0.15087524312309,168.185867709377,35.2956435395152,386.551084065293,15.087524312309
2020-11-18,17149,168,16317,163,832,5,18230,179,187140,874,205370,1053,0,126,-9,1846,177,15177,7,593,140,"Knox County",470313,260.464839372928,0.146353966423171,223.893449681382,35.7208922568587,392.504566108102,14.6353966423171
2020-11-17,16981,248,16154,240,827,8,18051,260,186266,1033,204317,1293,9,126,86,1855,153,15000,7,586,138,"Knox County",470313,280.664153446747,0.154809197062718,274.923295762609,52.730840950601,394.418185336148,15.4809197062718
2020-11-16,16733,272,15914,261,819,11,17791,286,185233,1409,203024,1695,2,117,79,1769,191,14847,6,579,137,"Knox County",470313,302.989711107284,0.154768163179476,360.398287948664,57.8338255587237,376.132490490376,15.4768163179476
2020-11-15,16461,274,15653,247,808,27,17505,295,183824,2278,201329,2573,2,115,162,1690,110,14656,3,573,135,"Knox County",470313,314.47142647556,0.150568748752744,547.082474862485,58.2590742760672,359.335166155305,15.0568748752744
2020-11-14,16187,306,15406,293,781,13,17210,321,181546,1699,198756,2020,0,113,188,1528,118,14546,7,570,131,"Knox County",470313,342.750466178906,0.157240581944311,429.501204516992,65.0630537535641,324.890020050477,15.7240581944311
2020-11-13,15881,219,15113,200,768,19,16889,190,179847,965,196736,1155,4,113,73,1340,142,14428,6,563,128,"Knox County",470313,351.468064884449,0.156805293005671,245.581134265904,46.5647345491194,284.916640620183,15.6805293005671
2020-11-12,15662,143,14913,130,749,13,16699,136,178882,955,195581,1091,1,109,-3,1267,145,14286,3,557,127,"Knox County",470313,346.577704634998,0.153216911764706,231.97317531091,30.4052832900643,269.395062437143,15.3216911764706
2020-11-11,15519,191,14783,177,736,14,16563,191,177927,1229,194490,1420,3,108,23,1270,165,14141,7,554,125,"Knox County",470313,351.468064884449,0.149284253578732,301.926589313925,40.6112525063096,270.032935513158,14.9284253578732
2020-11-10,15328,168,14606,163,722,5,16372,186,176698,1131,193070,1317,2,105,24,1247,142,13976,4,547,123,"Knox County",470313,334.458116190707,0.142400851743412,280.026280370732,35.7208922568587,265.142575263707,14.2400851743412
2020-11-09,15160,135,14443,121,717,14,16186,131,175567,490,191753,621,1,103,-15,1223,149,13834,2,543,121,"Knox County",470313,305.328579052673,0.142198685888006,132.039726735174,28.7042884206901,260.039590655585,14.2198685888006
2020-11-08,15025,215,14322,203,703,12,16055,252,175077,2625,191132,2877,1,102,94,1238,120,13685,3,541,119,"Knox County",470313,292.783741891039,0.133987239310542,611.720279898706,45.7142371144323,263.228956035661,13.3987239310542
2020-11-07,14810,169,14119,161,691,8,15803,187,172452,1918,188255,2105,1,101,59,1144,109,13565,5,538,114,"Knox County",470313,263.654204753005,0.120253164556962,447.574275004093,35.9335166155305,243.242266320514,12.0253164556962
2020-11-06,14641,155,13958,138,683,17,15616,160,170534,1236,186150,1396,0,100,24,1085,131,13456,5,533,114,"Knox County",470313,250.046245798011,0.114805578645978,296.823604705802,32.9567755941256,230.697429158879,11.4805578645978
2020-11-05,14486,158,13820,142,666,16,15456,151,169298,613,184754,764,1,100,34,1061,123,13325,6,528,111,"Knox County",470313,253.235611178088,0.119809523809524,162.445010025239,33.5946486701409,225.594444550757,11.9809523809524
2020-11-04,14328,145,13678,133,650,12,15305,148,168685,934,183990,1082,-1,99,20,1027,126,13202,5,522,110,"Knox County",470313,243.454890679186,0.119563078134226,230.059556082864,30.8305320074078,218.365216355916,11.9563078134226
2020-11-03,14183,196,13545,183,638,13,15157,195,167751,836,182908,1031,3,100,44,1007,149,13076,5,517,108,"Knox County",470313,249.408372721996,0.123936816524909,219.215713790603,41.6743742996685,214.112729182481,12.3936816524909
2020-11-02,13987,116,13362,110,625,6,14962,115,166915,807,181877,922,1,97,-36,963,151,12927,2,512,107,"Knox County",470313,245.368509907232,0.118699027218237,196.039658695379,24.6644256059263,204.757257400922,11.8699027218237
2020-11-01,13871,124,13252,116,619,8,14847,131,166108,1273,180955,1404,0,96,15,999,109,12776,3,510,105,"Knox County",470313,226.0196932681,0.124885110294118,298.524599575177,26.3654204753005,212.411734313106,12.4885110294118
2020-10-31,13747,5,13136,5,611,0,14716,7,164835,4,179551,11,0,96,-99,984,104,12667,0,507,103,"Knox County",470313,191.149298445929,0.137216338880484,2.33886794538956,1.06312179335889,209.22236893303,13.7216338880484
2020-10-30,13742,156,13131,146,611,10,14709,148,164831,853,179540,1001,1,96,27,1083,128,12563,4,507,102,"Knox County",470313,191.3619228046,0.144006436041834,212.83698303045,33.1693999527974,230.272180441536,14.4006436041834
2020-10-29,13586,152,12985,138,601,14,14561,136,163978,1569,178539,1705,0,95,49,1056,103,12435,4,503,102,"Knox County",470313,190.08617665257,0.122973728339855,362.524531535382,32.3189025181103,224.531322757398,12.2973728339855
2020-10-28,13434,103,12847,96,587,7,14425,102,162409,1055,176834,1157,3,95,-47,1007,147,12332,8,499,101,"Knox County",470313,181.155953588355,0.115336744571982,246.006382983247,21.9003089431931,214.112729182481,11.5336744571982
2020-10-27,13331,119,12751,113,580,6,14323,127,161354,799,175677,926,1,92,-6,1054,124,12185,3,491,100,"Knox County",470313,164.783877970628,0.107493685096829,196.890156130067,25.3022986819416,224.106074040054,10.7493685096829
2020-10-26,13212,81,12638,74,574,7,14196,73,160555,372,174751,445,2,91,-72,1060,151,12061,2,488,98,"Knox County",470313,157.342025417116,0.108888554669875,94.6178396089413,17.222573052414,225.381820192085,10.8888554669875
2020-10-25,13131,132,12564,121,567,11,14123,151,160183,1365,174306,1516,0,89,53,1132,79,11910,3,486,98,"Knox County",470313,159.04302028649,0.110042893063156,322.338527746416,28.0664153446747,240.690774016453,11.0042893063156
2020-10-24,12999,172,12443,167,556,5,13972,202,158818,1789,172790,1991,0,89,56,1079,116,11831,5,483,97,"Knox County",470313,194.551288184677,0.107424779773481,423.33509811551,36.5713896915458,229.421683006849,10.7424779773481
2020-10-23,12827,159,12276,148,551,11,13770,172,157029,1239,170799,1411,1,89,40,1023,118,11715,5,478,96,"Knox County",470313,195.189161260692,0.105234400611955,300.012970085879,33.8072730288127,217.514718921229,10.5234400611955
2020-10-22,12668,182,12128,168,540,14,13598,169,155790,1607,169388,1776,1,88,59,983,122,11597,5,473,96,"Knox County",470313,201.567892020846,0.108002602472349,377.620861001078,38.6976332782636,209.009744574358,10.8002602472349
2020-10-21,12486,72,11960,68,526,4,13429,74,154183,682,167612,756,0,87,-32,924,104,11475,1,468,96,"Knox County",470313,194.976536902021,0.109738124929146,160.744015155864,15.308953824368,196.464907412723,10.9738124929146
2020-10-20,12414,127,11892,121,522,6,13355,150,153501,739,166856,889,0,87,13,956,114,11371,7,467,95,"Knox County",470313,196.677531771395,0.112818761384335,189.023054859211,27.0032935513158,203.26888689022,11.2818761384335
2020-10-19,12287,112,11771,107,516,5,13205,117,152762,939,165967,1056,1,87,-9,943,120,11257,6,460,94,"Knox County",470313,203.26888689022,0.110164981373071,224.531322757398,23.8139281712392,200.504770227487,11.0164981373071
2020-10-18,12175,140,11664,135,511,5,13088,168,151823,1431,164911,1599,0,86,51,952,89,11137,7,454,94,"Knox County",470313,204.969881759594,0.11099388056552,339.986349516173,29.7674102140489,202.418389455533,11.099388056552
2020-10-17,12035,128,11529,125,506,3,12920,154,150392,1458,163312,1612,1,86,42,901,85,11048,3,447,93,"Knox County",470313,195.614409978036,0.110341795801736,342.750466178906,27.2159179099876,191.574547163272,11.0341795801736
2020-10-16,11907,72,11404,71,503,1,12766,61,148934,390,161700,451,1,85,-26,859,97,10963,3,444,92,"Knox County",470313,177.116090773591,0.109718638653397,95.893585760972,15.308953824368,182.644324099057,10.9718638653397
2020-10-15,11835,74,11333,62,502,12,12705,66,148544,941,161249,1007,1,84,-56,885,129,10866,3,441,90,"Knox County",470313,154.152660037039,0.10719131614654,214.112729182481,15.7342025417116,188.172557424524,10.719131614654
2020-10-14,11761,149,11271,143,490,6,12639,150,147603,1086,160242,1236,0,83,57,941,92,10737,5,438,88,"Knox County",470313,170.524735654766,0.11031847133758,262.803707318318,31.6810294420949,200.079521510143,11.031847133758
2020-10-13,11612,71,11128,68,484,3,12489,63,146517,581,159006,644,1,83,-36,884,106,10645,6,433,88,"Knox County",470313,158.617771569146,0.102432610124918,136.930086984625,15.0963294656962,187.959933065852,10.2432610124918
2020-10-12,11541,79,11060,66,481,13,12426,87,145936,806,158362,893,0,82,-42,920,121,10539,5,427,87,"Knox County",470313,151.601167732978,0.100644987906477,189.873552293898,16.7973243350705,195.614409978036,10.0644987906477
2020-10-11,11462,170,10994,163,468,7,12339,179,145130,1612,157469,1791,0,82,94,962,76,10418,8,422,85,"Knox County",470313,157.979898493131,0.0995546240503013,380.810226381155,36.1461409742023,204.544633042251,9.95546240503013
2020-10-10,11292,130,10831,122,461,8,12160,132,143518,1393,155678,1525,0,82,46,868,84,10342,3,414,85,"Knox County",470313,158.405147210475,0.0977872002120048,324.252146974462,27.6411666273312,184.557943327103,9.77872002120048
2020-10-09,11162,120,10709,118,453,2,12028,134,142125,1336,154153,1470,0,82,34,822,86,10258,3,411,85,"Knox County",470313,168.61111642672,0.0946766285314032,312.557807247514,25.5149230406134,174.777222828202,9.46766285314032
2020-10-08,11042,110,10591,102,451,8,11894,103,140789,943,152683,1046,1,82,32,788,77,10172,4,408,85,"Knox County",470313,176.265593338904,0.0985473561882626,222.40507917068,23.3886794538956,167.547994633361,9.85473561882626
2020-10-07,10932,104,10489,88,443,16,11791,95,139846,1650,151637,1745,0,81,11,756,93,10095,5,404,85,"Knox County",470313,166.697497198674,0.087008997147246,371.029505882253,22.1129333018649,160.744015155864,8.7008997147246
2020-10-06,10828,115,10401,102,427,13,11696,114,138196,1393,149892,1507,0,81,3,745,112,10002,4,399,84,"Knox County",470313,176.052968980232,0.0845945675052621,320.42490851837,24.4518012472545,158.405147210475,8.45945675052621
2020-10-05,10713,118,10299,109,414,9,11582,123,136803,1238,148385,1361,0,81,11,742,107,9890,5,395,84,"Knox County",470313,184.345318968432,0.0842508377213978,289.38175215229,25.0896743232698,157.767274134459,8.42508377213978
2020-10-04,10595,96,10190,89,405,7,11459,99,135565,1827,147024,1926,1,81,31,731,64,9783,2,390,82,"Knox County",470313,168.61111642672,0.0756143667296786,409.514514801845,20.4119384324907,155.42840618907,7.56143667296786
2020-10-03,10499,77,10101,76,398,1,11360,92,133738,1864,145098,1956,0,80,6,700,71,9719,2,388,82,"Knox County",470313,157.342025417116,0.0690218872037054,415.893245561998,16.3720756177269,148.837051070245,6.90218872037054
2020-10-02,10422,82,10025,79,397,3,11268,82,131874,602,143142,684,0,80,-17,694,99,9648,1,386,82,"Knox County",470313,149.262299787588,0.0692420537897311,145.435061331496,17.4351974110858,147.561304918214,6.92420537897311
2020-10-01,10340,71,9946,68,394,3,11186,73,131272,683,142458,756,0,80,2,711,69,9549,1,385,82,"Knox County",470313,140.969949799389,0.0682435832913941,160.744015155864,15.0963294656962,151.175919015634,6.82435832913941
2020-09-30,10269,75,9878,72,391,3,11113,70,130589,675,141702,745,1,80,-31,709,105,9480,2,384,82,"Knox County",470313,134.803843397907,0.0730833799664242,158.405147210475,15.9468269003834,150.750670298291,7.30833799664242
2020-09-29,10194,80,9806,75,388,5,11043,87,129914,1140,140957,1227,-1,79,-17,740,98,9375,2,382,82,"Knox County",470313,127.361990844395,0.0723281340265742,260.890088090272,17.0099486937423,157.342025417116,7.23281340265742
2020-09-28,10114,57,9731,51,383,6,10956,49,128774,431,139730,480,1,80,-70,757,126,9277,3,380,81,"Knox County",470313,114.391904965417,0.0710059171597633,102.059692162454,12.1195884442914,160.956639514536,7.10059171597633
2020-09-27,10057,72,9680,67,377,5,10907,79,128343,978,139250,1057,0,79,-18,827,90,9151,3,377,79,"Knox County",470313,109.288920357294,0.0770456191165822,224.74394711607,15.308953824368,175.840344621561,7.70456191165822
2020-09-26,9985,127,9613,122,372,5,10828,136,127365,2087,138193,2223,4,79,9,845,114,9061,5,374,79,"Knox County",470313,119.920138290883,0.0803123257110987,472.663949327363,27.0032935513158,179.667583077653,8.03123257110987
2020-09-25,9858,102,9491,100,367,2,10692,103,125278,1439,135970,1542,0,75,-3,836,105,8947,1,369,79,"Knox County",470313,124.172625464318,0.074346201743462,327.866761071882,21.6876845845214,177.753963849607,7.4346201743462
2020-09-24,9756,92,9391,89,365,3,10589,105,123839,1717,134428,1822,0,75,-52,839,144,8842,3,368,76,"Knox County",470313,128.637736996426,0.0691512752858399,387.40158149998,19.5614409978036,178.391836925622,6.91512752858399
2020-09-23,9664,53,9302,52,362,1,10484,49,122122,432,132606,481,2,75,-123,891,174,8698,2,365,76,"Knox County",470313,123.960001105647,0.0688405797101449,102.272316521125,11.2690910096042,189.448303576554,6.88405797101449
2020-09-22,9611,82,9250,75,361,7,10435,88,121690,1140,132125,1228,1,73,-53,1014,134,8524,3,363,76,"Knox County",470313,124.38524982299,0.0689459979621873,261.102712448944,17.4351974110858,215.601099693183,6.89459979621873
2020-09-21,9529,34,9175,30,354,4,10347,32,120550,379,130897,411,0,72,-103,1067,137,8390,2,360,76,"Knox County",470313,119.494889573539,0.0675490643541762,87.3886114141008,7.22922819484046,226.870190702787,6.75490643541762
2020-09-20,9495,97,9145,78,350,19,10315,88,120171,707,130486,795,0,72,-17,1170,114,8253,1,358,76,"Knox County",470313,124.810498540334,0.0706892495883322,169.036365144064,20.6245627911625,248.77049964598,7.06892495883322
2020-09-19,9398,132,9067,129,331,3,10227,136,119464,1466,129691,1602,1,72,31,1187,100,8139,5,357,74,"Knox County",470313,125.873620333693,0.0762593579494988,340.624222592189,28.0664153446747,252.385113743401,7.62593579494988
2020-09-18,9266,118,8938,114,328,4,10091,129,117998,1606,128089,1735,3,71,-16,1156,131,8039,3,352,74,"Knox County",470313,129.275610072441,0.0776566757493188,368.903262295535,25.0896743232698,245.793758624576,7.76566757493188
2020-09-17,9148,126,8824,119,324,7,9962,124,116392,1516,126354,1640,0,68,-15,1172,141,7908,6,349,74,"Knox County",470313,136.504838267282,0.0818550430816016,348.703948221716,26.790669192644,249.195748363324,8.18550430816016
2020-09-16,9022,99,8705,77,317,22,9838,117,114876,768,124714,885,1,68,-90,1187,188,7767,3,343,72,"Knox County",470313,146.285558766183,0.0860655737704918,188.172557424524,21.049811508506,252.385113743401,8.60655737704918
2020-09-15,8923,132,8628,126,295,6,9721,136,114108,1338,123829,1474,0,67,-65,1277,197,7579,3,340,71,"Knox County",470313,156.916776699772,0.089206274877078,313.408304682201,28.0664153446747,271.521306023861,8.9206274877078
2020-09-14,8791,127,8502,124,289,3,9585,136,112770,901,122355,1037,0,67,-68,1342,195,7382,5,337,71,"Knox County",470313,176.690842056248,0.0944589877835951,220.491459942634,27.0032935513158,285.341889337526,9.44589877835951
2020-09-13,8664,143,8378,136,286,7,9449,148,111869,1008,121318,1156,0,67,-8,1410,151,7187,0,332,71,"Knox County",470313,186.471562555149,0.0971770385140099,245.793758624576,30.4052832900643,299.800345727207,9.71770385140099
2020-09-12,8521,130,8242,123,279,7,9301,141,110861,1177,120162,1318,1,67,29,1418,100,7036,1,332,71,"Knox County",470313,186.046313837806,0.100703082747431,280.238904729404,27.6411666273312,301.501340596581,10.0703082747431
2020-09-11,8391,104,8119,95,272,9,9160,106,109684,773,118844,879,0,66,-17,1389,121,6936,5,331,69,"Knox County",470313,183.069572816401,0.108236976993682,186.896811272493,22.1129333018649,295.3352341951,10.8236976993682
2020-09-10,8287,192,8024,189,263,3,9054,192,108911,1501,117965,1693,0,66,89,1406,103,6815,5,326,67,"Knox County",470313,197.102780488738,0.115612414119877,359.97303923132,40.8238768649814,298.94984829252,11.5612414119877
2020-09-09,8095,91,7835,82,260,9,8862,93,107410,1710,116272,1803,0,66,-23,1317,114,6712,2,321,67,"Knox County",470313,195.401785619364,0.101709401709402,383.361718685216,19.3488166391318,280.026280370732,10.1709401709402
2020-09-08,8004,126,7753,124,251,2,8769,133,105700,702,114469,835,1,66,30,1340,95,6598,8,319,67,"Knox County",470313,194.126039467333,0.108817796124298,177.541339490935,26.790669192644,284.916640620183,10.8817796124298
2020-09-07,7878,95,7629,92,249,3,8636,98,104998,347,113634,445,1,65,11,1310,83,6503,0,311,67,"Knox County",470313,187.322059989837,0.112067905031369,94.6178396089413,20.1993140738189,278.537909860029,11.2067905031369
2020-09-06,7783,96,7537,92,246,4,8538,94,104651,476,113189,570,0,64,23,1299,73,6420,1,311,67,"Knox County",470313,177.328715132263,0.113615272438022,121.195884442914,20.4119384324907,276.19904191464,11.3615272438022
2020-09-05,7687,284,7445,282,242,2,8444,295,104175,1506,112619,1801,0,64,215,1276,69,6347,4,310,64,"Knox County",470313,210.072866367717,0.125965611761774,382.936469967872,60.385317862785,271.308681665189,12.5965611761774
2020-09-04,7403,93,7163,89,240,4,8149,97,102669,565,110818,662,1,64,16,1061,76,6278,0,306,64,"Knox County",470313,207.733998422327,0.12831348444103,140.757325440717,19.7740653564754,225.594444550757,12.831348444103
2020-09-03,7310,190,7074,184,236,6,8052,198,102104,1798,110156,1996,2,63,107,1045,81,6202,6,306,64,"Knox County",470313,207.308749704984,0.124260355029586,424.398219908869,40.3986281476379,222.192454812008,12.4260355029586
2020-09-02,7120,124,6890,120,230,4,7854,121,100306,1461,108160,1582,2,61,41,938,81,6121,5,300,63,"Knox County",470313,214.325353541152,0.131288810036751,336.371735418753,26.3654204753005,199.441648434128,13.1288810036751
2020-09-01,6996,153,6770,146,226,7,7733,158,98845,660,106578,818,2,59,64,897,87,6040,4,295,62,"Knox County",470313,220.06621122529,0.134747269494539,173.926725393515,32.5315268767821,190.724049728585,13.4747269494539
2020-08-31,6843,99,6624,93,219,6,7575,94,98185,431,105760,525,0,57,18,833,81,5953,3,291,59,"Knox County",470313,220.916708659978,0.132889112396279,111.627788302684,21.049811508506,177.116090773591,13.2889112396279
2020-08-30,6744,72,6531,71,213,1,7481,76,97754,423,105235,499,1,57,5,815,66,5872,1,288,59,"Knox County",470313,215.813724051855,0.131802613218318,106.099554977217,15.308953824368,173.288852317499,13.1802613218318
2020-08-29,6672,118,6460,113,212,5,7405,125,97331,1391,104736,1516,5,56,37,810,76,5806,3,287,57,"Knox County",470313,180.51808051234,0.114372203211371,322.338527746416,25.0896743232698,172.22573052414,11.4372203211371
2020-08-28,6554,89,6347,85,207,4,7280,91,95940,309,103220,400,0,51,-7,773,96,5730,3,284,57,"Knox County",470313,179.667583077653,0.117639040348964,85.0497434687113,18.9235679217883,164.358629253285,11.7639040348964
2020-08-27,6465,116,6262,112,203,4,7189,134,95631,1987,102820,2121,0,51,24,780,92,5634,2,281,57,"Knox County",470313,163.933380535941,0.107090202385739,450.976264742841,24.6644256059263,165.846999763987,10.7090202385739
2020-08-26,6349,77,6150,76,199,1,7055,86,93644,794,100699,880,0,51,-15,756,92,5542,3,279,56,"Knox County",470313,153.940035678367,0.113034472555112,187.109435631165,16.3720756177269,160.744015155864,11.3034472555112
2020-08-25,6272,87,6074,82,198,5,6969,96,92850,896,99819,992,2,51,-6,771,91,5450,3,276,55,"Knox County",470313,139.90682800603,0.101254868022501,210.923363802404,18.4983192044447,163.933380535941,10.1254868022501
2020-08-24,6185,32,5992,28,193,4,6873,29,91954,261,98827,290,0,49,-66,777,98,5359,1,273,55,"Knox County",470313,125.660995975021,0.0951030158256196,61.6610640148157,6.8039794774969,165.209126687972,9.51030158256196
2020-08-23,6153,76,5964,75,189,1,6844,74,91693,566,98537,640,0,49,13,843,63,5261,3,272,55,"Knox County",470313,126.511493409708,0.0928498318467612,136.079589549938,16.1594512590551,179.242334360309,9.28498318467612
2020-08-22,6077,136,5889,135,188,1,6770,153,91127,1892,97897,2045,0,49,69,830,67,5198,4,269,55,"Knox County",470313,130.3387318658,0.0899837133550489,434.816813483786,28.9169127793618,176.478217697576,8.99837133550489
2020-08-21,5941,30,5754,30,187,0,6617,41,89235,262,95852,303,1,49,-62,761,91,5131,1,265,55,"Knox County",470313,117.793894704165,0.0843075230367212,64.4251806775488,6.37873076015334,161.807136949223,8.43075230367212
2020-08-20,5911,119,5724,117,187,2,6576,130,88973,2068,95549,2198,3,48,24,823,92,5040,3,264,55,"Knox County",470313,118.43176778018,0.0828796951551443,467.348340360568,25.3022986819416,174.989847186873,8.28796951551443
2020-08-19,5792,46,5607,41,185,5,6446,48,86905,608,93351,656,2,45,-50,799,94,4948,4,261,55,"Knox County",470313,111.840412661355,0.0801516002245929,139.481579288686,9.7807204989018,169.886862578751,8.01516002245929
2020-08-18,5746,134,5566,132,180,2,6398,152,86297,1164,92695,1316,0,43,3,849,131,4854,4,257,55,"Knox County",470313,121.833757518929,0.0841836734693878,279.81365601206,28.4916640620183,180.51808051234,8.41836734693877
2020-08-17,5612,50,5434,42,178,8,6246,50,85133,289,91379,339,1,43,-70,846,119,4723,0,253,54,"Knox County",470313,125.660995975021,0.0864345738295318,72.0796575897328,10.6312179335889,179.880207436324,8.64345738295318
2020-08-16,5562,83,5392,78,170,5,6196,82,84844,587,91040,669,0,42,11,916,72,4604,1,253,53,"Knox County",470313,127.149366485723,0.0871644964124369,142.24569595142,17.6478217697576,194.763912543349,8.71644964124369
2020-08-15,5479,119,5314,116,165,3,6114,132,84257,1223,90371,1355,1,42,42,905,76,4532,2,252,52,"Knox County",470313,123.534752388303,0.0928905792861322,288.106006000259,25.3022986819416,192.425044597959,9.28905792861323
2020-08-14,5360,91,5198,83,162,8,5982,96,83034,1024,89016,1120,0,41,5,863,86,4456,2,250,52,"Knox County",470313,136.504838267282,0.0901607212857703,238.139281712392,19.3488166391318,183.494821533745,9.01607212857703
2020-08-13,5269,127,5115,126,154,1,5886,229,82010,1778,87896,2007,1,41,13,858,113,4370,4,248,51,"Knox County",470313,138.205833136656,0.105735727686947,426.737087854259,27.0032935513158,182.431699740386,10.5735727686947
2020-08-12,5142,79,4989,72,153,7,5657,88,80232,892,85889,980,0,40,-40,845,119,4257,1,244,50,"Knox County",470313,145.222436972824,0.106473156948369,208.371871498343,16.7973243350705,179.667583077653,10.6473156948369
2020-08-11,5063,111,4917,108,146,3,5569,117,79340,1121,84909,1238,0,40,2,885,109,4138,5,243,50,"Knox County",470313,140.332076723374,0.103009859885833,263.228956035661,23.6013038125674,188.172557424524,10.3009859885833
2020-08-10,4952,37,4809,35,143,2,5452,35,78219,365,83671,400,1,40,-94,883,130,4029,0,238,48,"Knox County",470313,137.56796006064,0.100270305058566,85.0497434687113,7.86710127085579,187.74730870718,10.0270305058566
2020-08-09,4915,85,4774,81,141,4,5417,109,77854,826,83271,935,1,39,25,977,59,3899,4,238,48,"Knox County",470313,137.993208777984,0.10031113876789,198.803775358113,18.0730704871011,207.733998422327,10.031113876789
2020-08-08,4830,157,4693,156,137,1,5308,176,77028,2284,82336,2460,1,38,96,952,60,3840,4,234,47,"Knox County",470313,146.072934407512,0.0929978118161926,523.055922332574,33.3820243114692,202.418389455533,9.29978118161926
2020-08-07,4673,50,4537,46,136,4,5132,44,74744,403,79876,447,0,37,-34,856,84,3780,0,230,45,"Knox County",470313,137.355335701969,0.0942482579426007,95.0430883262848,10.6312179335889,182.006451023042,9.42482579426007
2020-08-06,4623,113,4491,105,132,8,5088,121,74341,1463,79429,1584,-1,37,41,890,73,3696,5,230,43,"Knox County",470313,134.378594680564,0.0857782197911487,336.796984136097,24.0265525299109,189.235679217883,8.57782197911487
2020-08-05,4510,99,4386,99,124,0,4967,100,72878,1107,77845,1207,1,38,-1,849,99,3623,3,225,42,"Knox County",470313,138.631081853999,0.0848748639825898,256.637600916836,21.049811508506,180.51808051234,8.48748639825898
2020-08-04,4411,112,4287,111,124,1,4867,106,71771,1082,76638,1188,1,37,-31,850,142,3524,9,222,41,"Knox County",470313,138.843706212671,0.0840530349105948,252.597738102072,23.8139281712392,180.730704871011,8.40530349105948
2020-08-03,4299,50,4176,50,123,0,4761,81,70689,593,75450,674,2,36,-59,881,107,3382,1,213,41,"Knox County",470313,141.607822875404,0.0867569158328429,143.308817744778,10.6312179335889,187.322059989837,8.67569158328429
2020-08-02,4249,97,4126,91,123,6,4680,95,70096,692,74776,787,3,34,29,940,65,3275,2,212,40,"Knox County",470313,144.159315179466,0.0866179465676291,167.335370274689,20.6245627911625,199.866897151471,8.66179465676291
2020-08-01,4152,118,4035,110,117,8,4585,118,69404,1417,73989,1535,1,31,29,911,88,3210,1,210,40,"Knox County",470313,135.866965191266,0.0895984909727836,326.37839056118,25.0896743232698,193.70079074999,8.95984909727836
2020-07-31,4034,117,3925,114,109,3,4467,116,67987,1060,72454,1176,2,30,9,882,106,3122,1,209,39,"Knox County",470313,150.112797222275,0.0904183535762483,250.046245798011,24.877049964598,187.534684348508,9.04183535762483
2020-07-30,3917,189,3811,186,106,3,4351,227,66927,2420,71278,2647,1,28,78,873,110,3016,7,208,36,"Knox County",470313,166.272248481331,0.0914912090297374,562.816677404197,40.1860037889661,185.621065120462,9.14912090297373
2020-07-29,3728,75,3625,71,103,4,4124,60,64507,438,68631,498,0,27,-40,795,115,2906,3,201,34,"Knox County",470313,161.169263873208,0.0944150499706055,105.886930618546,15.9468269003834,169.036365144064,9.44150499706055
2020-07-28,3653,154,3554,152,99,2,4064,186,64069,1211,68133,1397,1,27,46,835,107,2791,3,198,30,"Knox County",470313,170.099486937423,0.101331191186596,297.036229064474,32.7441512354538,177.541339490935,10.1331191186596
2020-07-27,3499,83,3402,76,97,7,3878,85,62858,677,66736,762,3,26,-36,789,116,2684,2,195,30,"Knox County",470313,177.116090773591,0.100772551692797,162.019761307895,17.6478217697576,167.760618992033,10.0772551692797
2020-07-26,3416,118,3326,113,90,5,3793,132,62181,1473,65974,1605,0,23,49,825,69,2568,2,193,29,"Knox County",470313,181.581202305699,0.0960498960498961,341.262095668204,25.0896743232698,175.415095904217,9.6049896049896
2020-07-25,3298,175,3213,172,85,3,3661,197,60708,1949,64369,2146,2,23,95,776,78,2499,3,191,28,"Knox County",470313,193.70079074999,0.0980353826605415,456.291873709636,37.2092627675612,164.9965023293,9.80353826605415
2020-07-24,3123,106,3041,99,82,7,3464,113,58759,916,62223,1029,0,21,-15,681,121,2421,4,188,25,"Knox County",470313,191.3619228046,0.0991669972233241,218.79046507326,22.5381820192085,144.797188255481,9.91669972233241
2020-07-23,3017,205,2942,197,75,8,3351,254,57843,2389,61194,2643,0,21,89,696,116,2300,4,184,25,"Knox County",470313,194.763912543349,0.101884920634921,561.96617996951,43.5879935277145,147.986553635558,10.1884920634921
2020-07-22,2812,69,2745,61,67,8,3097,63,55454,437,58551,500,3,21,-68,607,134,2184,3,180,24,"Knox County",470313,193.488166391318,0.102162269390994,106.312179335889,14.6710807483527,129.062985713769,10.2162269390994
2020-07-21,2743,232,2684,228,59,4,3034,280,55017,1691,58051,1971,0,18,120,675,112,2050,12,177,24,"Knox County",470313,210.072866367717,0.10548048048048,419.082610942075,49.3288512118525,143.52144210345,10.548048048048
2020-07-20,2511,74,2456,70,55,4,2754,57,53326,364,56080,421,0,18,-59,555,133,1938,4,165,23,"Knox County",470313,208.159247139671,0.106253029568589,89.5148550008186,15.7342025417116,118.006519062837,10.6253029568589
2020-07-19,2437,84,2386,74,51,10,2697,74,52962,577,55659,651,0,18,-16,614,100,1805,0,161,22,"Knox County",470313,200.93001894483,0.110885589146459,138.418457495328,17.8604461284294,130.551356224472,11.0885589146459
2020-07-18,2353,112,2312,109,41,3,2623,146,52385,2258,55008,2404,1,18,36,630,75,1705,8,161,20,"Knox County",470313,187.534684348508,0.102609418858509,511.148958246955,23.8139281712392,133.95334596322,10.2609418858509
2020-07-17,2241,74,2203,74,38,0,2477,80,50127,347,52604,427,0,17,3,594,71,1630,6,153,19,"Knox County",470313,180.730704871011,0.105800155262282,90.7906011528493,15.7342025417116,126.298869051036,10.5800155262282
2020-07-16,2167,187,2129,185,38,2,2397,228,49780,2035,52177,2263,2,17,97,591,88,1559,3,147,17,"Knox County",470313,176.903466414919,0.107444714599977,481.168923674234,39.7607550716225,125.660995975021,10.7444714599977
2020-07-15,1980,78,1944,78,36,0,2169,80,47745,511,49914,591,3,15,-14,494,89,1471,4,144,17,"Knox County",470313,178.817085642965,0.10827222731439,125.660995975021,16.5846999763987,105.036433183858,10.827222731439
2020-07-14,1902,95,1866,95,36,0,2089,127,47234,777,49323,904,2,12,12,508,81,1382,1,140,16,"Knox County",470313,149.687548504932,0.103380759691946,192.212420239287,20.1993140738189,108.013174205263,10.3380759691946
2020-07-13,1807,94,1771,92,36,2,1962,59,46457,655,48419,714,1,10,20,496,73,1301,2,139,15,"Knox County",470313,153.940035678367,0.099823987930601,151.81379209165,19.9866897151471,105.461681901202,9.9823987930601
2020-07-12,1713,69,1679,67,34,2,1903,87,45802,916,47705,1003,0,9,27,476,42,1228,4,137,12,"Knox County",470313,150.750670298291,0.097158680471948,213.262231747793,14.6710807483527,101.209194727766,9.7158680471948
2020-07-11,1644,28,1612,27,32,1,1816,36,44886,883,46702,919,0,9,-16,449,44,1186,2,133,11,"Knox County",470313,132.890224169861,0.10218443043542,195.401785619364,5.95348204280979,95.4683370436284,10.218443043542
2020-07-10,1616,78,1585,74,31,4,1780,68,44003,418,45783,486,0,9,29,465,49,1142,6,131,10,"Knox County",470313,133.740721604548,0.0995639534883721,103.335438314484,16.5846999763987,98.8703267823768,9.95639534883721
2020-07-09,1538,70,1511,66,27,4,1712,88,43585,1652,45297,1740,0,9,23,436,47,1093,8,125,10,"Knox County",470313,108.86367163995,0.0857322636463741,369.966384088894,14.8837051070245,92.7042203808953,8.57322636463741
2020-07-08,1468,70,1445,65,23,5,1624,63,41933,594,43557,657,1,9,15,413,54,1046,5,117,10,"Knox County",470313,107.162676770576,0.0822045773003269,139.694203647358,14.8837051070245,87.8138601314444,8.2204577300327
2020-07-07,1398,79,1380,79,18,0,1561,104,41339,1304,42900,1408,0,8,38,398,41,992,7,112,10,"Knox County",470313,103.760687031828,0.0729031326692652,299.375097009864,16.7973243350705,84.6244947513677,7.29031326692652
2020-07-06,1319,35,1301,35,18,0,1457,34,40035,658,41492,692,1,8,-19,360,53,951,6,105,9,"Knox County",470313,91.2158498701928,0.0695148443157133,147.13605620087,7.44185255351224,76.5447691218401,6.95148443157133
2020-07-05,1284,77,1266,77,18,0,1423,109,39377,1080,40800,1189,2,7,34,379,41,898,6,99,9,"Knox County",470313,92.9168447395671,0.0707939641799464,252.810362460744,16.3720756177269,80.5846319366039,7.07939641799464
2020-07-04,1207,41,1189,40,18,1,1314,50,38297,1141,39611,1191,0,5,4,345,37,857,1,93,8,"Knox County",470313,95.6809614023002,0.0700801303816379,253.235611178088,8.7175987055429,73.3554037417635,7.00801303816379
2020-07-03,1166,62,1149,61,17,1,1264,49,37156,910,38420,959,0,5,27,341,35,820,4,92,6,"Knox County",470313,92.2789716635517,0.0634252169474222,203.906759966235,13.1827102376502,72.5049063070764,6.34252169474222
2020-07-02,1104,68,1088,68,16,0,1215,102,36246,1228,37461,1330,0,5,33,314,35,785,2,88,6,"Knox County",470313,91.8537229462082,0.0688122811742526,282.790397033465,14.4584563896809,66.7640486229383,6.88122811742526
2020-07-01,1036,49,1020,49,16,0,1113,34,35018,737,36131,771,0,5,25,281,24,750,4,86,6,"Knox County",470313,87.3886114141008,0.0639257294429708,163.933380535941,10.4185935749171,59.7474447867697,6.39257294429708
2020-06-30,987,40,971,39,16,1,1079,73,34281,1514,35360,1587,0,5,18,256,22,726,3,82,5,"Knox County",470313,79.0962614259015,0.0584272574167638,337.434857212112,8.50497434687113,54.4318358199752,5.84272574167638
2020-06-29,947,51,932,51,15,0,1006,79,32767,1333,33773,1412,0,5,20,238,31,704,3,79,5,"Knox County",470313,82.4982511646499,0.0587747363431686,300.225594444551,10.8438422922607,50.6045973638832,5.87747363431686
2020-06-28,896,10,881,10,15,0,927,30,31434,684,32361,714,0,5,-5,218,15,673,1,76,5,"Knox County",470313,68.2524191336408,0.0523606228026118,151.81379209165,2.12624358671778,46.3521101904476,5.23606228026117
2020-06-27,886,29,871,29,15,0,897,16,30750,111,31647,127,0,5,18,223,11,658,3,75,5,"Knox County",470313,65.7009268295794,0.0555072463768116,27.0032935513158,6.16610640148157,47.4152319838065,5.55072463768116
2020-06-26,857,37,842,37,15,0,881,14,30639,319,31520,333,0,5,17,205,20,647,8,72,5,"Knox County",470313,60.385317862785,0.0554670066942939,70.8039114377021,7.86710127085579,43.5879935277145,5.54670066942939
2020-06-25,820,32,805,32,15,0,867,52,30320,702,31187,754,0,5,13,188,19,627,1,64,5,"Knox County",470313,52.730840950601,0.0522990522990523,160.318766438521,6.8039794774969,39.9733794302943,5.22990522990523
2020-06-24,788,35,773,34,15,1,815,32,29618,272,30433,304,0,5,22,175,13,608,1,63,5,"Knox County",470313,49.7540999291961,0.0565857388644619,64.6378050362206,7.44185255351224,37.2092627675612,5.65857388644619
2020-06-23,753,27,739,24,14,3,783,25,29346,215,30129,240,0,5,18,153,9,595,4,62,5,"Knox County",470313,46.989983266463,0.0638516992790937,51.0298460812268,5.74085768413801,32.5315268767821,6.38516992790937
2020-06-22,726,36,715,36,11,0,758,31,29131,572,29889,603,0,5,20,135,16,586,0,58,5,"Knox County",470313,43.8006178863863,0.0650406504065041,128.212488279082,7.65447691218401,28.7042884206901,6.50406504065041
2020-06-21,690,31,679,31,11,0,727,37,28559,815,29286,852,0,5,16,115,15,570,1,58,5,"Knox County",470313,48.2657294184936,0.0644257703081232,181.155953588355,6.59135511882512,24.4518012472545,6.44257703081232
2020-06-20,659,17,648,17,11,0,690,9,27744,437,28434,446,0,5,11,99,6,555,2,57,5,"Knox County",470313,45.7142371144323,0.0566251415628539,94.8304639676131,3.61461409742023,21.049811508506,5.66251415628539
2020-06-19,642,30,631,28,11,2,681,10,27307,334,27988,344,0,5,8,88,22,549,1,55,5,"Knox County",470313,44.2258666037299,0.0553203499858877,73.1427793830917,6.37873076015334,18.7109435631165,5.53203499858877
2020-06-18,612,15,603,15,9,0,671,18,26973,804,27644,822,0,5,2,80,13,527,0,54,5,"Knox County",470313,40.6112525063096,0.0448629188590418,174.777222828202,3.18936538007667,17.0099486937423,4.48629188590418
2020-06-17,597,17,588,17,9,0,653,13,26169,282,26822,295,0,5,-3,78,20,514,0,54,5,"Knox County",470313,36.7840140502176,0.0397001665741255,62.7241858081746,3.61461409742023,16.5846999763987,3.97001665741255
2020-06-16,580,9,571,8,9,1,640,9,25887,178,26527,187,0,5,-2,81,11,494,0,54,5,"Knox County",470313,32.9567755941256,0.0357847280924204,39.7607550716225,1.913619228046,17.222573052414,3.57847280924204
2020-06-15,571,8,563,8,8,0,631,9,25709,218,26340,227,0,5,-5,83,13,483,0,54,5,"Knox County",470313,27.0032935513158,0.0330917113142137,48.2657294184936,1.70099486937423,17.6478217697576,3.30917113142137
2020-06-14,563,8,555,8,8,0,622,9,25491,624,26113,633,0,5,4,88,4,470,0,54,5,"Knox County",470313,22.1129333018649,0.0260663507109005,134.591219039236,1.70099486937423,18.7109435631165,2.60663507109005
2020-06-13,555,10,547,8,8,2,613,9,24867,213,25480,222,0,5,0,84,10,466,3,54,5,"Knox County",470313,20.6245627911625,0.0282051282051282,47.2026076251348,2.12624358671778,17.8604461284294,2.82051282051282
2020-06-12,545,19,539,19,6,0,604,19,24654,750,25258,769,0,5,1,84,18,456,0,51,5,"Knox County",470313,18.2856948457729,0.0272583201267829,163.508131818597,4.03986281476378,17.8604461284294,2.72583201267829
2020-06-11,526,7,520,7,6,0,585,10,23904,379,24489,389,0,5,1,83,6,438,2,51,5,"Knox County",470313,16.5846999763987,0.0286554004408523,82.7108755233217,1.48837051070245,17.6478217697576,2.86554004408523
2020-06-10,519,12,513,12,6,0,575,12,23525,706,24100,718,0,5,-6,82,18,432,0,49,5,"Knox County",470313,15.5215781830398,0.024483306836248,152.664289526337,2.55149230406134,17.4351974110858,2.4483306836248
2020-06-09,507,16,501,16,6,0,563,19,22819,508,23382,527,0,5,5,88,11,414,1,49,5,"Knox County",470313,17.0099486937423,0.0249641319942611,112.053037020027,3.40198973874845,18.7109435631165,2.49641319942611
2020-06-08,491,8,485,8,6,0,544,8,22311,336,22855,344,0,5,4,83,4,403,1,48,5,"Knox County",470313,17.0099486937423,0.0238756246529706,73.1427793830917,1.70099486937423,17.6478217697576,2.38756246529706
2020-06-07,483,7,477,7,6,0,536,8,21975,848,22511,856,0,5,0,79,7,399,1,47,5,"Knox County",470313,16.7973243350705,0.0222222222222222,182.006451023042,1.48837051070245,16.7973243350705,2.22222222222222
2020-06-06,476,11,470,11,6,0,528,12,21127,478,21655,490,0,5,5,79,6,392,0,46,5,"Knox County",470313,17.0099486937423,0.021500122159785,104.185935749171,2.33886794538956,16.7973243350705,2.1500122159785
2020-06-05,465,18,459,18,6,0,516,17,20649,518,21165,535,0,5,7,74,11,386,1,46,5,"Knox County",470313,16.7973243350705,0.0222855662088624,113.754031889401,3.82723845609201,15.7342025417116,2.22855662088624
2020-06-04,447,4,441,4,6,0,499,4,20131,338,20630,342,0,5,-1,67,5,375,0,45,5,"Knox County",470313,16.1594512590551,0.0209863588667366,72.7175306657481,0.850497434687113,14.2458320310091,2.09863588667366
2020-06-03,443,4,437,4,6,0,495,4,19793,399,20288,403,0,5,-3,68,7,370,0,45,5,"Knox County",470313,14.4584563896809,0.0205890763511581,85.6876165447266,0.850497434687113,14.4584563896809,2.05890763511581
2020-06-02,439,26,433,25,6,1,491,24,19394,939,19885,963,0,5,21,71,5,363,2,45,5,"Knox County",470313,16.5846999763987,0.0195779303330791,204.757257400922,5.52823332546623,15.0963294656962,1.95779303330791
2020-06-01,413,17,408,17,5,0,467,20,18455,972,18922,992,0,5,4,50,13,358,0,43,5,"Knox County",470313,18.4983192044447,0.0194280724732591,210.923363802404,3.61461409742023,10.6312179335889,1.94280724732591
2020-05-31,396,7,391,7,5,0,447,7,17483,317,17930,324,0,5,3,46,4,345,0,43,5,"Knox County",470313,18.4983192044447,0.0217337614225735,68.8902922096561,1.48837051070245,9.7807204989018,2.17337614225735
2020-05-30,389,6,384,6,5,0,440,6,17166,294,17606,300,0,5,-1,43,7,341,2,43,5,"Knox County",470313,17.4351974110858,0.0212490282456595,63.7873076015334,1.27574615203067,9.14284742288646,2.12490282456595
2020-05-29,383,8,378,8,5,0,434,7,16872,205,17306,212,0,5,0,44,8,334,0,41,5,"Knox County",470313,15.308953824368,0.0203619909502262,45.076364038417,1.70099486937423,9.35547178155824,2.03619909502262
2020-05-28,375,11,370,11,5,0,427,11,16667,336,17094,347,0,5,7,44,4,326,0,41,5,"Knox County",470313,16.7973243350705,0.022310081897769,73.780652459107,2.33886794538956,9.35547178155824,2.2310081897769
2020-05-27,364,5,359,5,5,0,416,6,16331,420,16747,426,0,5,0,37,5,322,1,41,5,"Knox County",470313,17.0099486937423,0.0227272727272727,90.5779767941775,1.06312179335889,7.86710127085579,2.27272727272727
2020-05-26,359,9,354,9,5,0,410,10,15911,1142,16321,1152,0,5,7,37,2,317,0,40,5,"Knox County",470313,13.395334596322,0.0178523847588596,244.943261189888,1.913619228046,7.86710127085579,1.78523847588596
2020-05-25,350,9,345,9,5,0,400,11,14769,381,15169,392,0,5,5,30,4,315,1,40,5,"Knox County",470313,11.6943397269478,0.018395179194418,83.348748599337,1.913619228046,6.37873076015334,1.8395179194418
2020-05-24,341,2,336,2,5,0,389,3,14388,273,14777,276,0,5,1,25,1,311,0,39,5,"Knox County",470313,10.6312179335889,0.0173913043478261,58.6843229934108,0.425248717343556,5.31560896679445,1.73913043478261
2020-05-23,339,7,334,7,5,0,386,10,14115,360,14501,370,0,5,4,24,3,310,2,39,5,"Knox County",470313,10.8438422922607,0.0182677165354331,78.6710127085579,1.48837051070245,5.10298460812268,1.82677165354331
2020-05-22,332,1,327,1,5,0,376,1,13755,253,14131,254,0,5,-14,20,15,307,0,37,5,"Knox County",470313,9.35547178155824,0.0161641280696301,54.0065871026317,0.212624358671778,4.25248717343556,1.61641280696301
2020-05-21,331,0,326,0,5,0,375,0,13502,250,13877,250,0,5,-1,34,1,292,0,37,5,"Knox County",470313,7.01660383616868,0.0131410256410256,53.1560896679445,0,7.22922819484046,1.31410256410256
2020-05-20,331,7,326,7,5,0,375,7,13252,360,13627,367,0,5,4,35,3,291,0,37,5,"Knox County",470313,7.44185255351224,0.0137210062071219,78.0331396325426,1.48837051070245,7.44185255351224,1.37210062071219
2020-05-19,324,7,319,7,5,0,368,7,12892,369,13260,376,0,5,4,31,3,288,2,37,5,"Knox County",470313,7.01660383616868,0.0170678336980306,79.9467588605886,1.48837051070245,6.59135511882512,1.70678336980306
2020-05-18,317,3,312,3,5,0,361,4,12523,478,12884,482,0,5,0,27,3,285,0,35,5,"Knox County",470313,5.74085768413801,0.0134736842105263,102.484940879797,0.637873076015334,5.74085768413801,1.34736842105263
2020-05-17,314,3,309,3,5,0,357,5,12045,216,12402,221,0,5,1,27,2,282,1,35,5,"Knox County",470313,5.95348204280979,0.0146551724137931,46.989983266463,0.637873076015334,5.74085768413801,1.46551724137931
2020-05-16,311,0,306,0,5,0,352,0,11829,349,12181,349,0,5,-4,26,4,280,0,34,5,"Knox County",470313,4.46511153210734,0.0104393214441061,74.2059011764506,0,5.52823332546623,1.04393214441061
2020-05-15,311,1,306,1,5,0,352,4,11480,540,11832,544,0,5,-4,30,5,276,0,34,5,"Knox County",470313,4.46511153210734,0.0104287369640788,115.667651117447,0.212624358671778,6.37873076015334,1.04287369640788
2020-05-14,310,3,305,3,5,0,348,7,10940,458,11288,465,0,5,0,34,3,271,0,34,5,"Knox County",470313,5.10298460812268,0.0121255349500713,98.8703267823768,0.637873076015334,7.22922819484046,1.21255349500713
2020-05-13,307,7,302,7,5,0,341,5,10482,341,10823,346,0,5,1,34,6,268,0,34,5,"Knox County",470313,5.10298460812268,0.011498383039885,73.5680281004352,1.48837051070245,7.22922819484046,1.1498383039885
2020-05-12,300,6,295,6,5,0,336,8,10141,401,10477,409,0,5,3,33,3,262,0,34,5,"Knox County",470313,4.8903602494509,0.01171875,86.9633626967573,1.27574615203067,7.01660383616868,1.171875
2020-05-11,294,16,289,16,5,0,328,12,9740,254,10068,266,0,5,9,30,7,259,1,34,5,"Knox County",470313,7.65447691218401,0.0157692307692308,56.558079406693,3.40198973874845,6.37873076015334,1.57692307692308
2020-05-10,278,5,273,5,5,0,316,5,9486,221,9802,226,0,5,1,21,4,252,1,33,5,"Knox County",470313,8.07972562952757,0.0157389635316699,48.0531050598219,1.06312179335889,4.46511153210734,1.57389635316699
2020-05-09,273,2,268,2,5,0,311,4,9265,352,9576,356,0,5,-1,20,3,248,0,32,5,"Knox County",470313,8.50497434687113,0.0172281776416539,75.694271687153,0.425248717343556,4.25248717343556,1.72281776416539
2020-05-08,271,3,266,3,5,0,307,4,8913,265,9220,269,0,5,-2,21,5,245,0,32,5,"Knox County",470313,8.93022306421468,0.0192554557124519,57.1959524827083,0.637873076015334,4.46511153210734,1.92554557124519
2020-05-07,268,3,263,3,5,0,303,3,8648,220,8951,223,0,5,-2,23,5,240,0,32,5,"Knox County",470313,8.93022306421468,0.0195704057279236,47.4152319838065,0.637873076015334,4.8903602494509,1.95704057279236
2020-05-06,265,1,260,1,5,0,300,1,8428,185,8728,186,0,5,-7,25,8,235,0,32,5,"Knox County",470313,7.65447691218401,0.0191214470284238,39.5481307129507,0.212624358671778,5.31560896679445,1.91214470284238
2020-05-05,264,4,259,4,5,0,299,5,8243,305,8542,310,0,5,-1,32,5,227,0,32,5,"Knox County",470313,7.22922819484046,0.0185185185185185,65.9135511882512,0.850497434687113,6.8039794774969,1.85185185185185
2020-05-04,260,4,255,4,5,0,294,7,7938,259,8232,266,0,5,-3,33,7,222,0,32,5,"Knox County",470313,4.67773589077912,0.0157952069716776,56.558079406693,0.850497434687113,7.01660383616868,1.57952069716776
2020-05-03,256,7,251,5,5,2,287,6,7679,290,7966,296,0,5,6,36,1,215,2,32,5,"Knox County",470313,5.10298460812268,0.0157397691500525,62.9368101668463,1.48837051070245,7.65447691218401,1.57397691500525
2020-05-02,249,3,246,3,3,0,281,5,7389,308,7670,313,0,5,1,30,2,214,1,30,5,"Knox County",470313,5.31560896679445,0.0166398282340311,66.5514242642666,0.637873076015334,6.37873076015334,1.66398282340311
2020-05-01,246,9,243,8,3,1,276,7,7081,354,7357,361,0,5,4,29,5,212,0,29,5,"Knox County",470313,6.59135511882512,0.0173913043478261,76.7573934805119,1.913619228046,6.16610640148157,1.73913043478261
2020-04-30,237,4,235,4,2,0,269,3,6727,119,6996,122,0,5,-1,25,5,207,0,29,5,"Knox County",470313,6.8039794774969,0.0183387270765912,25.9401717579569,0.850497434687113,5.31560896679445,1.83387270765912
2020-04-29,233,8,231,8,2,0,266,10,6608,671,6874,681,0,5,5,26,3,202,0,29,5,"Knox County",470313,8.29234998819935,0.0183056619838229,144.797188255481,1.70099486937423,5.52823332546623,1.83056619838229
2020-04-28,225,8,223,8,2,0,256,10,5937,391,6193,401,1,5,4,21,3,199,0,29,5,"Knox County",470313,9.14284742288646,0.019672131147541,85.262367827383,1.70099486937423,4.46511153210734,1.9672131147541
2020-04-27,217,2,215,2,2,0,246,4,5546,161,5792,165,0,4,1,17,1,196,0,29,5,"Knox County",470313,8.7175987055429,0.0192389910218042,35.0830191808434,0.425248717343556,3.61461409742023,1.92389910218042
2020-04-26,215,1,213,1,2,0,242,1,5385,172,5627,173,0,4,-2,16,3,195,0,29,4,"Knox County",470313,7.44185255351224,0.0180505415162455,36.7840140502176,0.212624358671778,3.40198973874845,1.80505415162455
2020-04-25,214,0,212,0,2,0,241,0,5213,53,5454,53,0,4,-6,18,6,192,0,29,4,"Knox County",470313,6.8039794774969,0.0178936605316973,11.2690910096042,0,3.82723845609201,1.78936605316973
2020-04-24,214,8,212,8,2,0,241,10,5160,836,5401,846,0,4,5,24,3,186,1,29,4,"Knox County",470313,6.59135511882512,0.0155673904137649,179.880207436324,1.70099486937423,5.10298460812268,1.55673904137648
2020-04-23,206,1,204,1,2,0,231,2,4324,137,4555,139,0,4,0,19,1,183,0,28,4,"Knox County",470313,5.95348204280979,0.0150528885272579,29.5547858553772,0.212624358671778,4.03986281476378,1.50528885272579
2020-04-22,205,5,203,3,2,2,229,2,4187,189,4416,191,0,4,1,19,4,182,0,28,4,"Knox County",470313,5.31560896679445,0.0147357723577236,40.6112525063096,1.06312179335889,4.03986281476378,1.47357723577236
2020-04-21,200,4,200,4,0,0,227,5,3998,475,4225,480,0,4,-2,18,6,178,1,28,4,"Knox County",470313,4.46511153210734,0.0117244748412311,102.059692162454,0.850497434687113,3.82723845609201,1.17244748412311
2020-04-20,196,3,196,3,0,0,222,2,3523,175,3745,177,0,4,-1,20,4,172,1,27,4,"Knox County",470313,4.67773589077912,0.0106847984458475,37.6345114849047,0.637873076015334,4.25248717343556,1.06847984458475
2020-04-19,193,0,193,0,0,0,220,0,3348,72,3568,72,0,4,-4,21,4,168,0,26,4,"Knox County",470313,4.46511153210734,0.0107252298263534,15.308953824368,0,4.46511153210734,1.07252298263534
2020-04-18,193,0,193,0,0,0,220,1,3276,135,3496,136,0,4,-5,25,5,164,0,26,4,"Knox County",470313,4.46511153210734,0.0107790298873101,28.9169127793618,0,5.31560896679445,1.07790298873101
2020-04-17,193,2,193,2,0,0,219,3,3141,104,3360,107,0,4,-2,30,4,159,1,26,4,"Knox County",470313,3.18936538007667,0.0115207373271889,22.7508063778803,0.425248717343556,6.37873076015334,1.15207373271889
2020-04-16,191,7,191,7,0,0,216,9,3037,213,3253,222,0,4,2,32,5,155,2,25,4,"Knox County",470313,4.46511153210734,0.015884476534296,47.2026076251348,1.48837051070245,6.8039794774969,1.5884476534296
2020-04-15,184,9,184,9,0,0,207,10,2824,84,3031,94,0,4,3,30,6,150,1,23,4,"Knox County",470313,5.31560896679445,0.0232919254658385,19.9866897151471,1.913619228046,6.37873076015334,2.32919254658385
2020-04-14,175,4,175,4,0,0,197,4,2740,102,2937,106,0,4,1,27,3,144,1,22,4,"Knox County",470313,5.31560896679445,0.0317286652078775,22.5381820192085,0.850497434687113,5.74085768413801,3.17286652078775
2020-04-13,171,4,171,4,0,0,193,9,2638,242,2831,251,0,4,-2,26,6,141,1,21,4,"Knox County",470313,5.52823332546623,0.0364372469635627,53.3687140266163,0.850497434687113,5.52823332546623,3.64372469635628
2020-04-12,167,5,167,5,0,0,184,6,2396,166,2580,172,0,4,1,28,4,135,0,20,4,"Knox County",470313,6.59135511882512,0.0386029411764706,36.5713896915458,1.06312179335889,5.95348204280979,3.86029411764706
2020-04-11,162,5,162,5,0,0,178,8,2230,313,2408,321,1,4,-4,27,8,131,1,20,4,"Knox County",470313,7.65447691218401,0.0384917517674784,68.2524191336408,1.06312179335889,5.74085768413801,3.84917517674784
2020-04-10,157,4,157,4,0,0,170,5,1917,123,2087,128,0,3,0,31,4,123,0,19,4,"Knox County",470313,8.07972562952757,0.0394126738794436,27.2159179099876,0.850497434687113,6.59135511882512,3.94126738794436
2020-04-09,153,1,153,1,0,0,165,1,1794,81,1959,82,0,3,-2,31,3,119,0,19,4,"Knox County",470313,6.8039794774969,0.037261698440208,17.4351974110858,0.212624358671778,6.59135511882512,3.7261698440208
2020-04-08,152,8,152,8,0,0,164,12,1713,111,1877,123,0,3,-3,33,11,116,1,19,4,"Knox County",470313,6.59135511882512,0.0380388841927303,26.1527961166287,1.70099486937423,7.01660383616868,3.80388841927303
2020-04-07,144,20,144,20,0,0,152,25,1602,366,1754,391,0,3,11,36,9,105,2,18,3,"Knox County",470313,9.99334485757357,0.0449591280653951,83.1361242406653,4.25248717343556,7.65447691218401,4.49591280653951
2020-04-06,124,8,124,8,0,0,127,14,1236,54,1363,68,2,3,-2,25,8,96,1,16,3,"Knox County",470313,10.8438422922607,0.0552529182879377,14.4584563896809,1.70099486937423,5.31560896679445,5.52529182879377
2020-04-05,116,4,116,4,0,0,113,10,1182,75,1295,85,0,1,-2,27,6,88,0,15,3,"Knox County",470313,10.6312179335889,0.0626043405676127,18.0730704871011,0.850497434687113,5.74085768413801,6.26043405676127
2020-04-04,112,15,112,15,0,0,103,6,1107,127,1210,133,0,1,4,29,11,82,1,15,2,"Knox County",470313,12.7574615203067,0.0722772277227723,28.2790397033465,3.18936538007667,6.16610640148157,7.22772277227723
2020-04-03,97,4,97,4,0,0,97,3,980,51,1077,54,0,1,-8,25,12,71,1,14,1,"Knox County",470313,12.7574615203067,0.0758547008547008,11.481715368276,0.850497434687113,5.31560896679445,7.58547008547009
2020-04-02,93,7,93,7,0,0,94,7,929,106,1023,113,0,1,NA,33,8,59,0,13,1,"Knox County",470313,14.0332076723374,0.0796277145811789,24.0265525299109,1.48837051070245,7.01660383616868,7.96277145811789
2020-04-01,86,15,86,15,0,0,87,15,823,140,910,155,NA,NA,NA,NA,7,51,1,13,1,"Knox County",470313,15.5215781830398,0.0800800800800801,32.9567755941256,3.18936538007667,NA,8.00800800800801
2020-03-31,71,8,71,8,0,0,72,11,683,58,755,69,NA,NA,NA,NA,12,44,1,12,1,"Knox County",470313,12.9700858789785,0.0974889217134417,14.6710807483527,1.70099486937423,NA,9.74889217134417
2020-03-30,63,13,63,13,0,0,61,15,625,130,686,145,NA,NA,NA,NA,9,32,2,11,1,"Knox County",470313,14.0332076723374,0.0888594164456233,30.8305320074078,2.76411666273312,NA,8.88594164456233
2020-03-29,50,8,50,8,0,0,46,8,495,55,541,63,NA,NA,NA,NA,6,23,1,9,1,"Knox County",470313,14.8837051070245,0.0887978142076503,13.395334596322,1.70099486937423,NA,8.87978142076503
2020-03-28,42,7,42,7,0,0,38,6,440,62,478,68,NA,NA,NA,NA,1,17,1,8,0,"Knox County",470313,13.1827102376502,0.0974512743628186,14.4584563896809,1.48837051070245,NA,9.74512743628186
2020-03-27,35,2,35,2,0,0,32,2,378,54,410,56,NA,NA,NA,NA,5,16,1,7,0,"Knox County",470313,12.7574615203067,0.0956651718983558,11.9069640856196,0.425248717343556,NA,9.56651718983558
2020-03-26,33,7,33,7,0,0,30,7,324,82,354,89,NA,NA,NA,NA,3,11,2,6,0,"Knox County",470313,12.7574615203067,0.0992248062015504,18.9235679217883,1.48837051070245,NA,9.92248062015504
2020-03-25,26,6,26,6,0,0,23,7,242,68,265,75,NA,NA,NA,NA,3,8,1,4,0,"Knox County",470313,10.8438422922607,0.0991150442477876,15.9468269003834,1.27574615203067,NA,9.91150442477876
2020-03-24,20,7,20,7,0,0,16,7,174,43,190,50,NA,NA,NA,NA,2,5,0,3,0,"Knox County",470313,10.6312179335889,0.0952380952380952,10.6312179335889,1.48837051070245,NA,9.52380952380952
2020-03-23,13,4,13,4,0,0,9,4,131,22,140,26,NA,NA,NA,NA,3,3,2,3,0,"Knox County",470313,8.7175987055429,0.0960187353629977,5.52823332546623,0.850497434687113,NA,9.60187353629976
2020-03-22,9,2,9,2,0,0,5,0,109,9,114,9,NA,NA,NA,NA,0,0,1,1,0,"Knox County",470313,7.44185255351224,0.0884718498659517,1.913619228046,0.425248717343556,NA,8.84718498659517
2020-03-21,7,1,7,1,0,0,5,2,100,17,105,19,NA,NA,NA,NA,0,0,0,0,0,"Knox County",470313,6.16610640148157,0.0895061728395062,4.03986281476378,0.212624358671778,NA,8.95061728395062
2020-03-20,6,5,6,5,0,0,3,2,83,38,86,40,NA,NA,NA,NA,0,0,0,0,0,"Knox County",470313,6.8039794774969,0.0941558441558442,8.50497434687113,1.06312179335889,NA,9.41558441558442
2020-03-19,1,0,1,0,0,0,1,0,45,11,46,11,NA,NA,NA,NA,0,0,0,0,0,"Knox County",470313,5.31560896679445,0.0956521739130435,2.33886794538956,0,NA,9.56521739130435
2020-03-18,1,0,1,0,0,0,1,0,34,15,35,15,NA,NA,NA,NA,0,0,0,0,0,"Knox County",470313,4.03986281476378,0.0882352941176471,3.18936538007667,0,NA,8.82352941176471
2020-03-17,1,0,1,0,0,0,1,0,19,5,20,5,NA,NA,NA,NA,0,0,0,0,0,"Knox County",470313,2.55149230406134,0.064,1.06312179335889,0,NA,6.4
2020-03-16,1,1,1,1,0,0,1,1,14,3,15,4,NA,NA,NA,NA,0,0,0,0,0,"Knox County",470313,1.913619228046,0.0485436893203883,0.850497434687113,0.212624358671778,NA,4.85436893203883
2020-03-15,0,0,0,0,0,0,0,0,11,1,11,1,NA,NA,NA,NA,0,0,0,0,0,"Knox County",470313,1.48837051070245,0.0526315789473684,0.212624358671778,0,NA,5.26315789473684
2020-03-14,0,0,0,0,0,0,0,0,10,8,10,8,NA,NA,NA,NA,0,0,0,0,0,"Knox County",470313,1.27574615203067,0.0357142857142857,1.70099486937423,0,NA,3.57142857142857
2020-03-13,0,0,0,0,0,0,0,0,2,0,2,0,NA,NA,NA,NA,0,0,0,0,0,"Knox County",470313,0.212624358671778,0.0227272727272727,0,0,NA,2.27272727272727
2020-03-12,0,0,0,0,0,0,0,0,2,2,2,2,NA,NA,NA,NA,0,0,0,0,0,"Knox County",470313,0.212624358671778,0.0285714285714286,0.425248717343556,0,NA,2.85714285714286
2020-03-12,0,0,0,0,0,0,0,0,0,0,0,0,NA,NA,NA,NA,0,0,0,0,0,"Anderson",76978,NA,NA,0,0,NA,NA
2020-03-13,0,0,0,0,0,0,0,0,1,1,1,1,NA,NA,NA,NA,0,0,0,0,0,"Anderson",76978,NA,NA,1.29907246226194,0,NA,NA
2020-03-14,0,0,0,0,0,0,0,0,1,0,1,0,NA,NA,NA,NA,0,0,0,0,0,"Anderson",76978,NA,NA,0,0,NA,NA
2020-03-15,0,0,0,0,0,0,0,0,1,0,1,0,NA,NA,NA,NA,0,0,0,0,0,"Anderson",76978,NA,NA,0,0,NA,NA
2020-03-16,0,0,0,0,0,0,0,0,2,1,2,1,NA,NA,NA,NA,0,0,0,0,0,"Anderson",76978,NA,NA,1.29907246226194,0,NA,NA
2020-03-17,0,0,0,0,0,0,0,0,4,2,4,2,NA,NA,NA,NA,0,0,0,0,0,"Anderson",76978,NA,NA,2.59814492452389,0,NA,NA
2020-03-18,0,0,0,0,0,0,0,0,4,0,4,0,NA,NA,NA,NA,0,0,0,0,0,"Anderson",76978,0,0,0,0,NA,0
2020-03-19,1,1,1,1,0,0,2,2,5,1,7,3,NA,NA,NA,NA,0,0,0,0,0,"Anderson",76978,1.29907246226194,0.285714285714286,3.89721738678583,1.29907246226194,NA,28.5714285714286
2020-03-20,1,0,1,0,0,0,2,0,7,2,9,2,NA,NA,NA,NA,0,0,0,0,0,"Anderson",76978,1.29907246226194,0.25,2.59814492452389,0,NA,25
2020-03-21,1,0,1,0,0,0,2,0,7,0,9,0,NA,NA,NA,NA,0,0,0,0,0,"Anderson",76978,1.29907246226194,0.25,0,0,NA,25
2020-03-22,1,0,1,0,0,0,2,0,10,3,12,3,NA,NA,NA,NA,0,0,0,0,0,"Anderson",76978,1.29907246226194,0.181818181818182,3.89721738678583,0,NA,18.1818181818182
2020-03-23,1,0,1,0,0,0,2,0,15,5,17,5,NA,NA,NA,NA,0,0,0,0,0,"Anderson",76978,1.29907246226194,0.133333333333333,6.49536231130973,0,NA,13.3333333333333
2020-03-24,1,0,1,0,0,0,2,0,20,5,22,5,NA,NA,NA,NA,0,0,0,0,0,"Anderson",76978,1.29907246226194,0.111111111111111,6.49536231130973,0,NA,11.1111111111111
2020-03-25,2,1,2,1,0,0,4,2,29,9,33,11,NA,NA,NA,NA,1,1,0,0,0,"Anderson",76978,2.59814492452389,0.137931034482759,14.2897970848814,1.29907246226194,NA,13.7931034482759
2020-03-26,3,1,3,1,0,0,5,1,44,15,49,16,NA,NA,NA,NA,0,1,1,1,0,"Anderson",76978,2.59814492452389,0.0714285714285714,20.7851593961911,1.29907246226194,NA,7.14285714285714
2020-03-27,4,1,4,1,0,0,6,1,53,9,59,10,NA,NA,NA,NA,3,4,0,1,0,"Anderson",76978,3.89721738678583,0.08,12.9907246226195,1.29907246226194,NA,8
2020-03-28,7,3,7,3,0,0,9,3,72,19,81,22,NA,NA,NA,NA,0,4,1,2,0,"Anderson",76978,7.79443477357167,0.0972222222222222,28.5795941697628,3.89721738678583,NA,9.72222222222222
2020-03-29,7,0,7,0,0,0,9,0,83,11,92,11,NA,NA,NA,NA,0,4,0,2,0,"Anderson",76978,7.79443477357167,0.0875,14.2897970848814,0,NA,8.75
2020-03-30,8,1,8,1,0,0,10,1,127,44,137,45,NA,NA,NA,NA,1,5,0,2,0,"Anderson",76978,9.09350723583361,0.0666666666666667,58.4582608017875,1.29907246226194,NA,6.66666666666667
2020-03-31,9,1,9,1,0,0,11,1,142,15,153,16,NA,NA,NA,NA,1,6,0,2,0,"Anderson",76978,10.3925796980956,0.0687022900763359,20.7851593961911,1.29907246226194,NA,6.87022900763359
2020-04-01,9,0,9,0,0,0,11,0,163,21,174,21,NA,NA,NA,NA,0,6,0,2,0,"Anderson",76978,9.09350723583361,0.049645390070922,27.2805217075008,0,NA,4.9645390070922
2020-04-02,9,0,9,0,0,0,11,0,179,16,190,16,0,0,NA,3,0,6,0,2,0,"Anderson",76978,7.79443477357167,0.0425531914893617,20.7851593961911,0,3.89721738678583,4.25531914893617
2020-04-03,9,0,9,0,0,0,11,0,192,13,203,13,0,0,-2,1,2,8,0,2,0,"Anderson",76978,6.49536231130972,0.0347222222222222,16.8879420094053,0,1.29907246226194,3.47222222222222
2020-04-04,9,0,9,0,0,0,11,0,219,27,230,27,0,0,0,1,0,8,0,2,0,"Anderson",76978,2.59814492452389,0.0134228187919463,35.0749564810725,0,1.29907246226194,1.34228187919463
2020-04-05,9,0,9,0,0,0,11,0,248,29,259,29,0,0,0,1,0,8,0,2,0,"Anderson",76978,2.59814492452389,0.0119760479041916,37.6731014055964,0,1.29907246226194,1.19760479041916
2020-04-06,9,0,9,0,0,0,11,0,262,14,273,14,0,0,-1,0,1,9,0,2,0,"Anderson",76978,1.29907246226194,0.00735294117647059,18.1870144716672,0,0,0.735294117647059
2020-04-07,10,1,10,1,0,0,12,1,304,42,316,43,0,0,1,1,0,9,0,2,0,"Anderson",76978,1.29907246226194,0.00613496932515337,55.8601158772636,1.29907246226194,1.29907246226194,0.613496932515337
2020-04-08,10,0,10,0,0,0,12,0,322,18,334,18,1,1,-1,0,0,9,0,2,1,"Anderson",76978,1.29907246226194,0.00625,23.383304320715,0,0,0.625
2020-04-09,10,0,10,0,0,0,12,0,350,28,362,28,0,1,0,0,0,9,0,2,1,"Anderson",76978,1.29907246226194,0.00581395348837209,36.3740289433345,0,0,0.581395348837209
2020-04-10,10,0,10,0,0,0,12,0,366,16,378,16,0,1,0,0,0,9,0,2,1,"Anderson",76978,1.29907246226194,0.00571428571428571,20.7851593961911,0,0,0.571428571428571
2020-04-11,10,0,10,0,0,0,12,0,439,73,451,73,0,1,0,0,0,9,0,2,1,"Anderson",76978,1.29907246226194,0.00452488687782805,94.832289745122,0,0,0.452488687782805
2020-04-12,12,2,12,2,0,0,14,2,477,38,491,40,0,1,2,2,0,9,0,2,1,"Anderson",76978,3.89721738678583,0.0129310344827586,51.9628984904778,2.59814492452389,2.59814492452389,1.29310344827586
2020-04-13,13,1,13,1,0,0,15,1,514,37,529,38,0,1,0,2,1,10,0,2,1,"Anderson",76978,5.19628984904778,0.015625,49.3647535659539,1.29907246226194,2.59814492452389,1.5625
2020-04-14,13,0,13,0,0,0,15,0,526,12,541,12,0,1,0,2,0,10,0,2,1,"Anderson",76978,3.89721738678583,0.0133333333333333,15.5888695471433,0,2.59814492452389,1.33333333333333
2020-04-15,13,0,13,0,0,0,15,0,544,18,559,18,0,1,-2,0,2,12,0,2,1,"Anderson",76978,3.89721738678583,0.0133333333333333,23.383304320715,0,0,1.33333333333333
2020-04-16,13,0,13,0,0,0,15,0,566,22,581,22,0,1,0,0,0,12,0,2,1,"Anderson",76978,3.89721738678583,0.0136986301369863,28.5795941697628,0,0,1.36986301369863
2020-04-17,13,0,13,0,0,0,15,0,586,20,601,20,0,1,0,0,0,12,0,2,1,"Anderson",76978,3.89721738678583,0.0134529147982063,25.9814492452389,0,0,1.34529147982063
2020-04-18,13,0,13,0,0,0,15,0,616,30,631,30,0,1,0,0,0,12,0,2,1,"Anderson",76978,3.89721738678583,0.0166666666666667,38.9721738678584,0,0,1.66666666666667
2020-04-19,14,1,14,1,0,0,16,1,628,12,644,13,0,1,0,0,1,13,0,2,1,"Anderson",76978,2.59814492452389,0.0130718954248366,16.8879420094053,1.29907246226194,0,1.30718954248366
2020-04-20,19,5,18,4,1,1,19,3,648,20,667,23,0,1,5,5,0,13,0,2,1,"Anderson",76978,7.79443477357167,0.0289855072463768,29.8786666320247,6.49536231130973,6.49536231130973,2.89855072463768
2020-04-21,20,1,19,1,1,0,22,3,1071,423,1093,426,0,1,1,6,0,13,0,2,1,"Anderson",76978,9.09350723583361,0.0126811594202899,553.404868923589,1.29907246226194,7.79443477357167,1.26811594202899
2020-04-22,21,1,20,1,1,0,24,2,1141,70,1165,72,0,1,0,6,1,14,0,2,1,"Anderson",76978,10.3925796980956,0.0148514851485149,93.53321728286,1.29907246226194,7.79443477357167,1.48514851485149
2020-04-23,21,0,20,0,1,0,24,0,1191,50,1215,50,0,1,-1,5,1,15,0,2,1,"Anderson",76978,10.3925796980956,0.0141955835962145,64.9536231130973,0,6.49536231130973,1.41955835962145
2020-04-24,22,1,21,1,1,0,25,1,1299,108,1324,109,0,1,1,6,0,15,0,2,1,"Anderson",76978,11.6916521603575,0.0138312586445367,141.598898386552,1.29907246226194,7.79443477357167,1.38312586445367
2020-04-25,22,0,21,0,1,0,25,0,1336,37,1361,37,0,1,0,6,0,15,0,2,1,"Anderson",76978,11.6916521603575,0.0136986301369863,48.065681103692,0,7.79443477357167,1.36986301369863
2020-04-26,22,0,21,0,1,0,25,0,1372,36,1397,36,0,1,0,6,0,15,0,2,1,"Anderson",76978,10.3925796980956,0.0119521912350598,46.76660864143,0,7.79443477357167,1.19521912350598
2020-04-27,22,0,21,0,1,0,25,0,1411,39,1436,39,0,1,-1,5,1,16,0,2,1,"Anderson",76978,3.89721738678583,0.00780234070221066,50.6638260282159,0,6.49536231130973,0.780234070221066
2020-04-28,22,0,21,0,1,0,25,0,1690,279,1715,279,0,1,0,5,0,16,0,2,1,"Anderson",76978,2.59814492452389,0.00482315112540193,362.441216971083,0,6.49536231130973,0.482315112540193
2020-04-29,26,4,25,4,1,0,28,3,2070,380,2098,383,0,1,4,9,0,16,0,2,1,"Anderson",76978,6.49536231130972,0.00428724544480171,497.544753046325,5.19628984904778,11.6916521603575,0.428724544480171
2020-04-30,26,0,25,0,1,0,29,1,2102,32,2131,33,0,1,-1,8,1,17,0,2,1,"Anderson",76978,6.49536231130972,0.00545851528384279,42.8693912546442,0,10.3925796980956,0.545851528384279
2020-05-01,26,0,25,0,1,0,29,0,2154,52,2183,52,0,1,-2,6,2,19,0,2,1,"Anderson",76978,5.19628984904778,0.00465657741559953,67.5517680376211,0,7.79443477357167,0.465657741559953
2020-05-02,26,0,25,0,1,0,29,0,2221,67,2250,67,0,1,0,6,0,19,0,2,1,"Anderson",76978,5.19628984904778,0.00449943757030371,87.0378549715503,0,7.79443477357167,0.449943757030371
2020-05-03,27,1,26,1,1,0,30,1,2314,93,2344,94,0,1,1,7,0,19,0,2,1,"Anderson",76978,6.49536231130972,0.00527983104540655,122.112811452623,1.29907246226194,9.09350723583361,0.527983104540655
2020-05-04,27,0,26,0,1,0,30,0,2406,92,2436,92,0,1,-1,6,1,20,0,2,1,"Anderson",76978,6.49536231130972,0.005,119.514666528099,0,7.79443477357167,0.5
2020-05-05,28,1,27,1,1,0,30,0,2475,69,2505,69,0,1,-1,5,2,22,0,2,1,"Anderson",76978,7.79443477357167,0.00632911392405063,89.6359998960742,1.29907246226194,6.49536231130973,0.632911392405063
2020-05-06,30,2,29,2,1,0,31,1,2525,50,2556,51,0,1,2,7,0,22,0,2,1,"Anderson",76978,5.19628984904778,0.00655021834061135,66.2526955753592,2.59814492452389,9.09350723583361,0.655021834061135
2020-05-07,30,0,29,0,1,0,33,2,2597,72,2630,74,0,1,-1,6,1,23,0,2,1,"Anderson",76978,5.19628984904778,0.00801603206412826,96.1313622073839,0,7.79443477357167,0.801603206412826
2020-05-08,30,0,29,0,1,0,33,0,2652,55,2685,55,0,1,0,6,0,23,0,2,1,"Anderson",76978,5.19628984904778,0.00796812749003984,71.448985424407,0,7.79443477357167,0.796812749003984
2020-05-09,30,0,29,0,1,0,33,0,2734,82,2767,82,0,1,0,6,0,23,0,2,1,"Anderson",76978,5.19628984904778,0.00773694390715667,106.523941905479,0,7.79443477357167,0.773694390715667
2020-05-10,30,0,29,0,1,0,33,0,2827,93,2860,93,0,1,-3,3,3,26,0,2,1,"Anderson",76978,3.89721738678583,0.00581395348837209,120.813738990361,0,3.89721738678583,0.581395348837209
2020-05-11,32,2,31,2,1,0,33,0,2909,82,2942,82,0,1,2,5,0,26,0,2,1,"Anderson",76978,6.49536231130972,0.00592885375494071,106.523941905479,2.59814492452389,6.49536231130973,0.592885375494071
2020-05-12,33,1,32,1,1,0,35,2,3042,133,3077,135,0,1,1,6,0,26,0,2,1,"Anderson",76978,6.49536231130972,0.00874125874125874,175.374782405363,1.29907246226194,7.79443477357167,0.874125874125874
2020-05-13,35,2,34,2,1,0,38,3,3220,178,3258,181,0,1,1,7,1,27,1,3,1,"Anderson",76978,6.49536231130972,0.00997150997150997,235.132115669412,2.59814492452389,9.09350723583361,0.997150997150997
2020-05-14,35,0,34,0,1,0,39,1,3346,126,3385,127,0,1,-1,6,1,28,0,3,1,"Anderson",76978,6.49536231130972,0.00794701986754967,164.982202707267,0,7.79443477357167,0.794701986754967
2020-05-15,36,1,35,1,1,0,39,0,3417,71,3456,71,0,1,1,7,0,28,0,3,1,"Anderson",76978,7.79443477357167,0.00778210116731518,92.2341448205981,1.29907246226194,9.09350723583361,0.778210116731518
2020-05-16,36,0,35,0,1,0,41,2,3657,240,3698,242,0,1,-1,6,1,29,0,3,1,"Anderson",76978,7.79443477357167,0.00859291084854995,314.375535867391,0,7.79443477357167,0.859291084854995
2020-05-17,36,0,35,0,1,0,41,0,3727,70,3768,70,0,1,0,6,0,29,0,3,1,"Anderson",76978,7.79443477357167,0.00881057268722467,90.9350723583361,0,7.79443477357167,0.881057268722467
2020-05-18,37,1,36,1,1,0,42,1,3804,77,3846,78,0,1,-2,4,3,32,0,3,1,"Anderson",76978,6.49536231130972,0.00995575221238938,101.327652056432,1.29907246226194,5.19628984904778,0.995575221238938
2020-05-19,37,0,36,0,1,0,42,0,3856,52,3898,52,0,1,0,4,0,32,0,3,1,"Anderson",76978,5.19628984904778,0.00852618757612668,67.5517680376211,0,5.19628984904778,0.852618757612667
2020-05-20,37,0,36,0,1,0,43,1,3921,65,3964,66,0,1,0,4,0,32,0,3,1,"Anderson",76978,2.59814492452389,0.00708215297450425,85.7387825092884,0,5.19628984904778,0.708215297450425
2020-05-21,37,0,36,0,1,0,44,1,4001,80,4045,81,0,1,-1,3,1,33,0,3,1,"Anderson",76978,2.59814492452389,0.00757575757575758,105.224869443218,0,3.89721738678583,0.757575757575758
2020-05-22,38,1,37,1,1,0,45,1,4029,28,4074,29,0,1,-1,2,2,35,1,4,1,"Anderson",76978,2.59814492452389,0.00970873786407767,37.6731014055964,1.29907246226194,2.59814492452389,0.970873786407767
2020-05-23,38,0,37,0,1,0,46,1,4192,163,4238,164,0,1,0,2,0,35,0,4,1,"Anderson",76978,2.59814492452389,0.00925925925925926,213.047883810959,0,2.59814492452389,0.925925925925926
2020-05-24,38,0,37,0,1,0,46,0,4247,55,4293,55,0,1,0,2,0,35,0,4,1,"Anderson",76978,2.59814492452389,0.00952380952380952,71.448985424407,0,2.59814492452389,0.952380952380952
2020-05-25,38,0,37,0,1,0,47,1,4281,34,4328,35,0,1,0,2,0,35,0,4,1,"Anderson",76978,1.29907246226194,0.0103734439834025,45.4675361791681,0,2.59814492452389,1.03734439834025
2020-05-26,38,0,37,0,1,0,47,0,4412,131,4459,131,0,1,-1,1,1,36,0,4,1,"Anderson",76978,1.29907246226194,0.0089126559714795,170.178492556315,0,1.29907246226194,0.89126559714795
2020-05-27,38,0,37,0,1,0,47,0,4515,103,4562,103,0,1,0,1,0,36,0,4,1,"Anderson",76978,1.29907246226194,0.00668896321070234,133.80446361298,0,1.29907246226194,0.668896321070234
2020-05-28,38,0,37,0,1,0,47,0,4563,48,4610,48,0,1,0,1,0,36,0,4,1,"Anderson",76978,1.29907246226194,0.00530973451327434,62.3554781885734,0,1.29907246226194,0.530973451327434
2020-05-29,39,1,38,1,1,0,47,0,4613,50,4660,50,0,1,0,1,1,37,0,4,1,"Anderson",76978,1.29907246226194,0.00341296928327645,64.9536231130973,1.29907246226194,1.29907246226194,0.341296928327645
2020-05-30,39,0,38,0,1,0,48,1,4665,52,4713,53,0,1,0,1,0,37,0,4,1,"Anderson",76978,1.29907246226194,0.00421052631578947,68.8508404998831,0,1.29907246226194,0.421052631578947
2020-05-31,40,1,39,1,1,0,49,1,4731,66,4780,67,0,1,1,2,0,37,0,4,1,"Anderson",76978,2.59814492452389,0.00616016427104723,87.0378549715503,1.29907246226194,2.59814492452389,0.616016427104723
2020-06-01,40,0,39,0,1,0,49,0,4855,124,4904,124,0,1,0,2,0,37,0,4,1,"Anderson",76978,2.59814492452389,0.00347222222222222,161.084985320481,0,2.59814492452389,0.347222222222222
2020-06-02,40,0,39,0,1,0,49,0,4982,127,5031,127,0,1,0,2,0,37,0,4,1,"Anderson",76978,2.59814492452389,0.0034965034965035,164.982202707267,0,2.59814492452389,0.34965034965035
2020-06-03,41,1,40,1,1,0,50,1,5042,60,5092,61,0,1,1,3,0,37,0,4,2,"Anderson",76978,3.89721738678583,0.00566037735849057,79.2434201979787,1.29907246226194,3.89721738678583,0.566037735849057
2020-06-04,41,0,40,0,1,0,50,0,5090,48,5140,48,1,2,-2,1,1,38,0,4,2,"Anderson",76978,3.89721738678583,0.00566037735849057,62.3554781885734,0,1.29907246226194,0.566037735849057
2020-06-05,42,1,41,1,1,0,53,3,5147,57,5200,60,0,2,1,2,0,38,0,4,2,"Anderson",76978,3.89721738678583,0.0111111111111111,77.9443477357167,1.29907246226194,2.59814492452389,1.11111111111111
2020-06-06,43,1,42,1,1,0,54,1,5200,53,5254,54,0,2,1,3,0,38,0,4,2,"Anderson",76978,5.19628984904778,0.011090573012939,70.149912962145,1.29907246226194,3.89721738678583,1.1090573012939
2020-06-07,45,2,43,1,2,1,57,3,5295,95,5352,98,0,2,2,5,0,38,0,4,2,"Anderson",76978,6.49536231130972,0.013986013986014,127.309101301671,2.59814492452389,6.49536231130973,1.3986013986014
2020-06-08,46,1,44,1,2,0,57,0,5336,41,5393,41,0,2,1,6,0,38,0,4,2,"Anderson",76978,7.79443477357167,0.016359918200409,53.2619709527397,1.29907246226194,7.79443477357167,1.6359918200409
2020-06-09,47,1,45,1,2,0,60,3,5517,181,5577,184,0,2,1,7,0,38,0,4,2,"Anderson",76978,9.09350723583361,0.0201465201465201,239.029333056198,1.29907246226194,9.09350723583361,2.01465201465201
2020-06-10,52,5,50,5,2,0,63,3,5725,208,5788,211,0,2,2,9,3,41,0,4,2,"Anderson",76978,14.2897970848814,0.0186781609195402,274.10428953727,6.49536231130973,11.6916521603575,1.86781609195402
2020-06-11,55,3,53,3,2,0,66,3,5870,145,5936,148,0,2,2,11,1,42,1,5,2,"Anderson",76978,18.1870144716672,0.0201005025125628,192.262724414768,3.89721738678583,14.2897970848814,2.01005025125628
2020-06-12,57,2,55,2,2,0,70,4,5952,82,6022,86,0,2,2,13,0,42,0,5,2,"Anderson",76978,19.4860869339292,0.0206812652068127,111.720231754527,2.59814492452389,16.8879420094053,2.06812652068127
2020-06-13,58,1,55,0,3,1,70,0,5995,43,6065,43,0,2,0,13,1,43,0,5,2,"Anderson",76978,19.4860869339292,0.0197287299630086,55.8601158772636,1.29907246226194,16.8879420094053,1.97287299630086
2020-06-14,60,2,57,2,3,0,70,0,6170,175,6240,175,0,2,1,14,1,44,1,6,2,"Anderson",76978,19.4860869339292,0.0146396396396396,227.33768089584,2.59814492452389,18.1870144716672,1.46396396396396
2020-06-15,60,0,57,0,3,0,71,1,6228,58,6299,59,0,2,0,14,0,44,0,6,2,"Anderson",76978,18.1870144716672,0.0154525386313466,76.6452752734548,0,18.1870144716672,1.54525386313466
2020-06-16,64,4,61,4,3,0,75,4,6289,61,6364,65,0,2,3,17,1,45,0,6,2,"Anderson",76978,22.0842318584531,0.0190597204574333,84.4397100470264,5.19628984904778,22.0842318584531,1.90597204574333
2020-06-17,66,2,63,2,3,0,79,4,6326,37,6405,41,0,2,0,17,2,47,0,6,2,"Anderson",76978,18.1870144716672,0.0259319286871961,53.2619709527397,2.59814492452389,22.0842318584531,2.59319286871961
2020-06-18,70,4,67,4,3,0,84,5,6456,130,6540,135,0,2,2,19,2,49,0,6,2,"Anderson",76978,19.4860869339292,0.0298013245033113,175.374782405363,5.19628984904778,24.682376782977,2.98013245033113
2020-06-19,72,2,69,2,3,0,86,2,6521,65,6607,67,0,2,0,19,2,51,0,6,2,"Anderson",76978,19.4860869339292,0.0273504273504274,87.0378549715503,2.59814492452389,24.682376782977,2.73504273504274
2020-06-20,73,1,70,1,3,0,87,1,6559,38,6646,39,0,2,-1,18,2,53,0,6,2,"Anderson",76978,19.4860869339292,0.0292598967297762,50.6638260282159,1.29907246226194,23.383304320715,2.92598967297762
2020-06-21,74,1,71,1,3,0,88,1,6619,60,6707,61,0,2,-1,17,2,55,0,6,2,"Anderson",76978,18.1870144716672,0.0385438972162741,79.2434201979787,1.29907246226194,22.0842318584531,3.85438972162741
2020-06-22,76,2,73,2,3,0,90,2,6711,92,6801,94,0,2,0,17,2,57,1,7,2,"Anderson",76978,20.7851593961911,0.0378486055776892,122.112811452623,2.59814492452389,22.0842318584531,3.78486055776892
2020-06-23,76,0,73,0,3,0,90,0,6800,89,6890,89,0,2,-1,16,1,58,0,7,2,"Anderson",76978,15.5888695471433,0.0285171102661597,115.617449141313,0,20.7851593961911,2.85171102661597
2020-06-24,77,1,74,1,3,0,91,1,6831,31,6922,32,0,2,-2,14,3,61,0,7,2,"Anderson",76978,14.2897970848814,0.02321083172147,41.5703187923822,1.29907246226194,18.1870144716672,2.321083172147
2020-06-25,81,4,78,4,3,0,92,1,6944,113,7036,114,0,2,0,14,4,65,0,7,2,"Anderson",76978,14.2897970848814,0.0161290322580645,148.094260697862,5.19628984904778,18.1870144716672,1.61290322580645
2020-06-26,86,5,83,5,3,0,98,6,6972,28,7070,34,0,2,3,17,2,67,0,7,2,"Anderson",76978,18.1870144716672,0.0259179265658747,44.1684637169061,6.49536231130973,22.0842318584531,2.59179265658747
2020-06-27,87,1,83,0,4,1,98,0,6984,12,7082,12,0,2,-4,13,5,72,0,7,2,"Anderson",76978,18.1870144716672,0.0252293577981651,15.5888695471433,1.29907246226194,16.8879420094053,2.52293577981651
2020-06-28,91,4,87,4,4,0,106,8,7093,109,7199,117,0,2,3,16,1,73,0,7,2,"Anderson",76978,22.0842318584531,0.0365853658536585,151.991478084648,5.19628984904778,20.7851593961911,3.65853658536585
2020-06-29,97,6,92,5,5,1,114,8,7315,222,7429,230,0,2,3,19,3,76,1,8,2,"Anderson",76978,27.2805217075008,0.0382165605095541,298.786666320247,7.79443477357167,24.682376782977,3.82165605095541
2020-06-30,102,5,96,4,6,1,120,6,7479,164,7599,170,0,2,2,21,3,79,0,8,2,"Anderson",76978,33.7758840188106,0.0423131170662905,220.842318584531,6.49536231130973,27.2805217075008,4.23131170662905
2020-07-01,104,2,98,2,6,0,124,4,7600,121,7724,125,0,2,-2,19,4,83,0,8,2,"Anderson",76978,35.0749564810725,0.0411471321695761,162.384057782743,2.59814492452389,24.682376782977,4.11471321695761
2020-07-02,110,6,104,6,6,0,130,6,7839,239,7969,245,0,2,4,23,2,85,0,8,2,"Anderson",76978,37.6731014055964,0.0407288317256163,318.272753254177,7.79443477357167,29.8786666320247,4.07288317256163
2020-07-03,120,10,113,9,7,1,142,12,7963,124,8105,136,0,2,7,30,3,88,0,8,2,"Anderson",76978,44.1684637169061,0.042512077294686,176.673854867625,12.9907246226195,38.9721738678584,4.2512077294686
2020-07-04,131,11,124,11,7,0,156,14,8147,184,8303,198,0,2,8,38,3,91,2,10,2,"Anderson",76978,57.1591883395256,0.0475020475020475,257.216347527865,14.2897970848814,49.3647535659539,4.75020475020475
2020-07-05,140,9,133,9,7,0,169,13,8303,156,8472,169,0,2,8,46,1,92,1,11,2,"Anderson",76978,63.6545506508353,0.0494893951296151,219.543246122269,11.6916521603575,59.7573332640495,4.94893951296151
2020-07-06,141,1,134,1,7,0,170,1,8330,27,8500,28,0,2,-4,42,5,97,0,11,2,"Anderson",76978,57.1591883395256,0.0522875816993464,36.3740289433345,1.29907246226194,54.5610434150017,5.22875816993464
2020-07-07,157,16,150,16,7,0,190,20,8563,233,8753,253,0,2,12,54,4,101,0,11,2,"Anderson",76978,71.448985424407,0.0606585788561525,328.665332952272,20.7851593961911,70.149912962145,6.06585788561525
2020-07-08,173,16,165,15,8,1,206,16,8703,140,8909,156,0,2,10,64,6,107,0,11,2,"Anderson",76978,89.6359998960742,0.0691983122362869,202.655304112863,20.7851593961911,83.1406375847645,6.91983122362869
2020-07-09,187,14,179,14,8,0,220,14,8971,268,9191,282,0,2,11,75,3,110,0,11,2,"Anderson",76978,100.02857959417,0.0736497545008183,366.338434357868,18.1870144716672,97.4304346696459,7.36497545008183
2020-07-10,193,6,185,6,8,0,227,7,9001,30,9228,37,0,2,1,76,5,115,1,12,2,"Anderson",76978,94.832289745122,0.0756901157613535,48.065681103692,7.79443477357167,98.7295071319078,7.56901157613535
2020-07-11,201,8,193,8,8,0,235,8,9170,169,9405,177,0,2,1,77,7,122,1,13,2,"Anderson",76978,90.9350723583361,0.0716878402903811,229.935825820364,10.3925796980956,100.02857959417,7.16878402903811
2020-07-12,212,11,204,11,8,0,248,13,9353,183,9601,196,0,2,6,83,5,127,0,13,2,"Anderson",76978,93.53321728286,0.0699734278122232,254.618202603341,14.2897970848814,107.823014367741,6.99734278122232
2020-07-13,218,6,209,5,9,1,255,7,9392,39,9647,46,0,2,-6,77,12,139,2,15,2,"Anderson",76978,100.02857959417,0.0741063644289451,59.7573332640495,7.79443477357167,100.02857959417,7.41063644289451
2020-07-14,229,11,219,10,10,1,266,11,9532,140,9798,151,0,2,0,77,11,150,0,15,2,"Anderson",76978,93.53321728286,0.0727272727272727,196.159941801554,14.2897970848814,100.02857959417,7.27272727272727
2020-07-15,245,16,234,15,11,1,285,19,9634,102,9919,121,0,2,0,77,16,166,0,15,2,"Anderson",76978,93.53321728286,0.0782178217821782,157.187767933695,20.7851593961911,100.02857959417,7.82178217821782
2020-07-16,263,18,252,18,11,0,308,23,9923,289,10231,312,0,2,4,81,14,180,1,16,2,"Anderson",76978,98.7295071319078,0.0846153846153846,405.310608225727,23.383304320715,105.224869443218,8.46153846153846
2020-07-17,270,7,259,7,11,0,317,9,9994,71,10311,80,0,2,-8,73,15,195,1,17,3,"Anderson",76978,100.02857959417,0.0831024930747922,103.925796980956,9.09350723583361,94.832289745122,8.31024930747922
2020-07-18,277,7,266,7,11,0,328,11,10208,214,10536,225,0,2,-4,69,11,206,0,17,3,"Anderson",76978,98.7295071319078,0.0822281167108753,292.291304008938,9.09350723583361,89.6359998960742,8.22281167108753
2020-07-19,285,8,274,8,11,0,337,9,10289,81,10626,90,0,2,-5,64,13,219,2,19,3,"Anderson",76978,94.832289745122,0.0868292682926829,116.916521603575,10.3925796980956,83.1406375847645,8.68292682926829
2020-07-20,313,28,302,28,11,0,367,30,10458,169,10825,199,1,3,9,73,18,237,0,19,3,"Anderson",76978,123.411883914885,0.0950764006791171,258.515419990127,36.3740289433345,94.832289745122,9.50764006791171
2020-07-21,336,23,324,22,12,1,391,24,10750,292,11141,316,0,3,12,85,11,248,1,20,3,"Anderson",76978,139.000753462028,0.0930752047654505,410.506898074775,29.8786666320247,110.421159292265,9.30752047654505
2020-07-22,365,29,353,29,12,0,424,33,10885,135,11309,168,0,3,13,98,16,264,0,20,3,"Anderson",76978,155.888695471433,0.1,218.244173660007,37.6731014055964,127.309101301671,10
2020-07-23,388,23,376,23,12,0,455,31,11312,427,11767,458,0,3,9,107,14,278,2,22,3,"Anderson",76978,162.384057782743,0.095703125,594.975187715971,29.8786666320247,139.000753462028,9.5703125
2020-07-24,394,6,382,6,12,0,463,8,11424,112,11887,120,0,3,-16,91,22,300,0,22,4,"Anderson",76978,161.084985320481,0.0926395939086294,155.888695471433,7.79443477357167,118.215594065837,9.26395939086294
2020-07-25,426,32,413,31,13,1,499,36,11681,257,12180,293,1,4,26,117,5,305,1,23,4,"Anderson",76978,193.56179687703,0.104014598540146,380.62823144275,41.5703187923822,151.991478084648,10.4014598540146
2020-07-26,465,39,451,38,14,1,541,42,12084,403,12625,445,0,4,31,148,8,313,2,25,4,"Anderson",76978,233.83304320715,0.102051025512756,578.087245706565,50.6638260282159,192.262724414768,10.2051025512756
2020-07-27,483,18,468,17,15,1,562,21,12264,180,12826,201,0,4,-19,129,37,350,1,26,4,"Anderson",76978,220.842318584531,0.0974512743628186,261.113564914651,23.383304320715,167.580347631791,9.74512743628186
2020-07-28,523,40,508,40,15,0,608,46,12644,380,13252,426,0,4,24,153,16,366,1,27,5,"Anderson",76978,242.926550442984,0.10279488394126,553.404868923589,51.9628984904778,198.758086726078,10.279488394126
2020-07-29,527,4,512,4,15,0,612,4,12680,36,13292,40,1,5,-15,138,18,384,0,27,5,"Anderson",76978,210.449738886435,0.0948058497226425,51.9628984904778,5.19628984904778,179.271999792148,9.48058497226425
2020-07-30,564,37,549,37,15,0,665,53,13165,485,13830,538,0,5,20,158,17,401,0,27,5,"Anderson",76978,228.636753358102,0.101793504604944,698.900984696926,48.065681103692,205.253449037387,10.1793504604944
2020-07-31,576,12,561,12,15,0,679,14,13347,182,14026,196,0,5,-8,150,20,421,0,27,5,"Anderson",76978,236.431188131674,0.100981767180926,254.618202603341,15.5888695471433,194.860869339292,10.0981767180926
2020-08-01,599,23,584,23,15,0,704,25,13756,409,14460,434,0,5,17,167,6,427,1,28,5,"Anderson",76978,224.739535971316,0.0899122807017544,563.797448621684,29.8786666320247,216.945101197745,8.99122807017544
2020-08-02,606,7,591,7,15,0,711,7,13884,128,14595,135,0,5,2,169,5,432,1,29,6,"Anderson",76978,183.169217178934,0.0862944162436548,175.374782405363,9.09350723583361,219.543246122269,8.62944162436548
2020-08-03,631,25,615,24,16,1,742,31,14111,227,14853,258,0,5,14,183,11,443,0,29,6,"Anderson",76978,192.262724414768,0.0888011840157869,335.160695263582,32.4768115565486,237.730260593936,8.88011840157869
2020-08-04,638,7,622,7,16,0,750,8,14354,243,15104,251,2,7,-19,164,24,467,0,29,6,"Anderson",76978,149.393333160124,0.0766738660907127,326.067188027748,9.09350723583361,213.047883810959,7.66738660907127
2020-08-05,653,15,637,15,16,0,769,19,14563,209,15332,228,-1,6,-1,163,17,484,0,29,6,"Anderson",76978,163.683130245005,0.0769607843137255,296.188521395723,19.4860869339292,211.748811348697,7.69607843137255
2020-08-06,675,22,659,22,16,0,799,30,14884,321,15683,351,0,6,3,166,19,503,1,30,6,"Anderson",76978,144.197043311076,0.0723151645979493,455.974434253943,28.5795941697628,215.646028735483,7.23151645979493
2020-08-07,679,4,663,4,16,0,803,4,14965,81,15768,85,0,6,-21,145,25,528,0,30,6,"Anderson",76978,133.80446361298,0.0711825487944891,110.421159292265,5.19628984904778,188.365507027982,7.11825487944891
2020-08-08,690,11,674,11,16,0,819,16,15285,320,16104,336,0,6,1,146,10,538,0,30,6,"Anderson",76978,118.215594065837,0.0699513381995134,436.488347320014,14.2897970848814,189.664579490244,6.99513381995134
2020-08-09,697,7,681,7,16,0,828,9,15422,137,16250,146,0,6,-9,137,16,554,0,30,6,"Anderson",76978,118.215594065837,0.0706948640483384,189.664579490244,9.09350723583361,177.972927329886,7.06948640483384
2020-08-10,702,5,686,5,16,0,834,6,15561,139,16395,145,0,6,-11,126,16,570,0,30,6,"Anderson",76978,92.2341448205981,0.059662775616083,188.365507027982,6.49536231130973,163.683130245005,5.9662775616083
2020-08-11,723,21,707,21,16,0,856,22,15764,203,16620,225,0,6,9,135,12,582,1,31,6,"Anderson",76978,110.421159292265,0.0699208443271768,292.291304008938,27.2805217075008,175.374782405363,6.99208443271768
2020-08-12,731,8,715,8,16,0,864,8,16003,239,16867,247,0,6,-8,127,16,598,0,31,6,"Anderson",76978,101.327652056432,0.0618892508143322,320.8708981787,10.3925796980956,164.982202707267,6.18892508143322
2020-08-13,749,18,733,18,16,0,888,24,16231,228,17119,252,1,7,3,130,14,612,2,33,6,"Anderson",76978,96.1313622073839,0.0619777158774373,327.36626049001,23.383304320715,168.879420094053,6.19777158774373
2020-08-14,766,17,749,16,17,1,910,22,16560,329,17470,351,0,7,-9,121,26,638,0,33,6,"Anderson",76978,113.019304216789,0.0628672150411281,455.974434253943,22.0842318584531,157.187767933695,6.28672150411281
2020-08-15,776,10,759,10,17,0,922,12,16783,223,17705,235,-1,6,5,126,6,644,0,33,6,"Anderson",76978,111.720231754527,0.0643347907557776,305.282028631557,12.9907246226195,163.683130245005,6.43347907557776
2020-08-16,788,12,771,12,17,0,936,14,16925,142,17861,156,0,6,7,133,5,649,0,33,7,"Anderson",76978,118.215594065837,0.0670391061452514,202.655304112863,15.5888695471433,172.776637480839,6.70391061452514
2020-08-17,792,4,775,4,17,0,939,3,16968,43,17907,46,0,6,-13,120,17,666,0,33,7,"Anderson",76978,116.916521603575,0.0694444444444444,59.7573332640495,5.19628984904778,155.888695471433,6.94444444444444
2020-08-18,806,14,789,14,17,0,956,17,17132,164,18088,181,0,6,5,125,9,675,0,33,7,"Anderson",76978,107.823014367741,0.0681198910081744,235.132115669412,18.1870144716672,162.384057782743,6.81198910081744
2020-08-19,820,14,803,14,17,0,970,14,17306,174,18276,188,0,6,0,125,14,689,0,33,7,"Anderson",76978,115.617449141313,0.0752306600425834,244.225622905246,18.1870144716672,162.384057782743,7.52306600425834
2020-08-20,835,15,818,15,17,0,986,16,17748,442,18734,458,0,6,5,130,10,699,0,33,8,"Anderson",76978,111.720231754527,0.0606811145510836,594.975187715971,19.4860869339292,168.879420094053,6.06811145510836
2020-08-21,838,3,821,3,17,0,989,3,17784,36,18773,39,1,7,-7,123,9,708,0,33,8,"Anderson",76978,93.53321728286,0.0606293169608596,50.6638260282159,3.89721738678583,159.785912858219,6.06293169608596
2020-08-22,856,18,839,18,17,0,1008,19,18328,544,19336,563,1,8,10,133,7,715,1,34,8,"Anderson",76978,103.925796980956,0.052728387492336,731.377796253475,23.383304320715,172.776637480839,5.2728387492336
2020-08-23,857,1,840,1,17,0,1009,1,18412,84,19421,85,0,8,-5,128,6,721,0,34,8,"Anderson",76978,89.6359998960742,0.0467948717948718,110.421159292265,1.29907246226194,166.281275169529,4.67948717948718
2020-08-24,858,1,840,0,18,1,1009,0,18451,39,19460,39,0,8,-19,109,20,741,0,34,8,"Anderson",76978,85.7387825092884,0.0450740502253702,50.6638260282159,1.29907246226194,141.598898386552,4.50740502253703
2020-08-25,866,8,848,8,18,0,1017,8,18603,152,19620,160,0,8,-2,107,10,751,1,35,8,"Anderson",76978,77.9443477357167,0.0398172323759791,207.851593961911,10.3925796980956,139.000753462028,3.98172323759791
2020-08-26,872,6,854,6,18,0,1023,6,18783,180,19806,186,0,8,-14,93,20,771,0,35,8,"Anderson",76978,67.5517680376211,0.034640522875817,241.627477980722,7.79443477357167,120.813738990361,3.4640522875817
2020-08-27,875,3,857,3,18,0,1026,3,19194,411,20220,414,0,8,-16,77,19,790,0,35,8,"Anderson",76978,51.9628984904778,0.0269179004037685,537.815999376445,3.89721738678583,100.02857959417,2.69179004037685
2020-08-28,875,0,857,0,18,0,1026,0,19232,38,20258,38,0,8,-20,57,20,810,0,35,8,"Anderson",76978,48.065681103692,0.0249158249158249,49.3647535659539,0,74.0471303489309,2.49158249158249
2020-08-29,884,9,865,8,19,1,1034,8,19494,262,20528,270,0,8,3,60,6,816,0,35,8,"Anderson",76978,36.3740289433345,0.0218120805369128,350.749564810725,11.6916521603575,77.9443477357167,2.18120805369128
2020-08-30,900,16,881,16,19,0,1050,16,19577,83,20627,99,0,8,8,68,8,824,0,35,8,"Anderson",76978,55.8601158772636,0.0339966832504146,128.608173763933,20.7851593961911,88.3369274338123,3.39966832504146
2020-08-31,902,2,883,2,19,0,1052,2,19635,58,20687,60,0,8,-15,53,17,841,0,35,8,"Anderson",76978,57.1591883395256,0.0350448247758761,77.9443477357167,2.59814492452389,68.8508404998831,3.50448247758761
2020-09-01,909,7,889,6,20,1,1058,6,19746,111,20804,117,0,8,0,53,7,848,0,35,8,"Anderson",76978,55.8601158772636,0.0346283783783784,151.991478084648,9.09350723583361,68.8508404998831,3.46283783783784
2020-09-02,917,8,895,6,22,2,1068,10,20062,316,21130,326,0,8,5,58,3,851,0,35,8,"Anderson",76978,58.4582608017875,0.033987915407855,423.497622697394,10.3925796980956,75.3462028111928,3.3987915407855
2020-09-03,933,16,909,14,24,2,1084,16,20386,324,21470,340,0,8,10,68,6,857,0,35,9,"Anderson",76978,75.3462028111928,0.0464,441.684637169061,20.7851593961911,88.3369274338123,4.64
2020-09-04,942,9,917,8,25,1,1094,10,20575,189,21669,199,0,8,6,74,3,860,0,35,9,"Anderson",76978,87.0378549715503,0.0481927710843374,258.515419990127,11.6916521603575,96.1313622073839,4.81927710843374
2020-09-05,961,19,936,19,25,0,1115,21,20844,269,21959,290,0,8,16,90,3,863,1,36,10,"Anderson",76978,100.02857959417,0.0566037735849057,376.731014055964,24.682376782977,116.916521603575,5.66037735849057
2020-09-06,963,2,938,2,25,0,1117,2,20900,56,22017,58,0,8,-1,89,3,866,0,36,10,"Anderson",76978,81.8415651225025,0.0482014388489209,75.3462028111928,2.59814492452389,115.617449141313,4.82014388489209
2020-09-07,966,3,941,3,25,0,1122,5,20988,88,22110,93,0,8,-8,81,11,877,0,36,10,"Anderson",76978,83.1406375847645,0.0491918482080112,120.813738990361,3.89721738678583,105.224869443218,4.91918482080112
2020-09-08,975,9,944,3,31,6,1126,4,21163,175,22289,179,1,9,4,85,4,881,0,36,10,"Anderson",76978,85.7387825092884,0.0457912457912458,232.533970744888,11.6916521603575,110.421159292265,4.57912457912458
2020-09-09,984,9,953,9,31,0,1135,9,21404,241,22539,250,0,9,-3,82,12,893,1,37,11,"Anderson",76978,87.0378549715503,0.0475514549325763,324.768115565486,11.6916521603575,106.523941905479,4.75514549325763
2020-09-10,1013,29,981,28,32,1,1165,30,21773,369,22938,399,1,10,25,107,3,896,0,37,11,"Anderson",76978,103.925796980956,0.0551771117166213,518.329912442516,37.6731014055964,139.000753462028,5.51771117166213
2020-09-11,1014,1,982,1,32,0,1167,2,21906,133,23073,135,0,10,-13,94,14,910,0,37,11,"Anderson",76978,93.53321728286,0.051994301994302,175.374782405363,1.29907246226194,122.112811452623,5.1994301994302
2020-09-12,1017,3,985,3,32,0,1172,5,22048,142,23220,147,0,10,-5,89,8,918,0,37,11,"Anderson",76978,72.7480578866689,0.0452022204599524,190.963651952506,3.89721738678583,115.617449141313,4.52022204599524
2020-09-13,1038,21,1005,20,33,1,1193,21,22292,244,23485,265,0,10,16,105,5,923,1,38,11,"Anderson",76978,97.4304346696459,0.0517711171662125,344.254202499415,27.2805217075008,136.402608537504,5.17711171662125
2020-09-14,1044,6,1010,5,34,1,1199,6,22398,106,23597,112,0,10,-7,98,13,936,1,39,11,"Anderson",76978,101.327652056432,0.0517821116341627,145.496115773338,7.79443477357167,127.309101301671,5.17821116341627
2020-09-15,1060,16,1026,16,34,0,1216,17,22638,240,23854,257,1,11,5,103,10,946,1,40,12,"Anderson",76978,110.421159292265,0.0575079872204473,333.86162280132,20.7851593961911,133.80446361298,5.75079872204473
2020-09-16,1068,8,1034,8,34,0,1228,12,22774,136,24002,148,0,11,-5,98,13,959,0,40,12,"Anderson",76978,109.122086830003,0.063568010936432,192.262724414768,10.3925796980956,127.309101301671,6.3568010936432
2020-09-17,1090,22,1054,20,36,2,1248,20,23195,421,24443,441,0,11,15,113,7,966,1,41,12,"Anderson",76978,100.02857959417,0.0551495016611296,572.890955857518,28.5795941697628,146.7951882356,5.51495016611296
2020-09-18,1109,19,1073,19,36,0,1266,18,23419,224,24685,242,0,11,6,119,13,979,0,41,12,"Anderson",76978,123.411883914885,0.0614143920595533,314.375535867391,24.682376782977,154.589623009171,6.14143920595533
2020-09-19,1124,15,1088,15,36,0,1287,21,23701,282,24988,303,0,11,9,128,6,985,1,42,12,"Anderson",76978,139.000753462028,0.0650452488687783,393.618956065369,19.4860869339292,166.281275169529,6.50452488687783
2020-09-20,1131,7,1095,7,36,0,1297,10,23853,152,25150,162,0,11,0,128,7,992,0,42,13,"Anderson",76978,120.813738990361,0.0624624624624625,210.449738886435,9.09350723583361,166.281275169529,6.24624624624625
2020-09-21,1133,2,1097,2,36,0,1299,2,23886,33,25185,35,0,11,-6,122,8,1000,0,42,13,"Anderson",76978,115.617449141313,0.0629722921914358,45.4675361791681,2.59814492452389,158.486840395957,6.29722921914358
2020-09-22,1147,14,1111,14,36,0,1316,17,24134,248,25450,265,0,11,0,122,14,1014,1,43,13,"Anderson",76978,113.019304216789,0.06265664160401,344.254202499415,18.1870144716672,158.486840395957,6.265664160401
2020-09-23,1147,0,1111,0,36,0,1316,0,24175,41,25491,41,0,11,-12,110,12,1026,0,43,13,"Anderson",76978,102.626724518694,0.0591000671591672,53.2619709527397,0,142.897970848814,5.91000671591672
2020-09-24,1160,13,1124,13,36,0,1331,15,24499,324,25830,339,1,12,0,110,12,1038,0,43,13,"Anderson",76978,90.9350723583361,0.0598413842826244,440.385564706799,16.8879420094053,142.897970848814,5.98413842826244
2020-09-25,1174,14,1137,13,37,1,1344,13,24735,236,26079,249,1,13,-2,108,15,1053,0,43,13,"Anderson",76978,84.4397100470264,0.0559540889526542,323.469043103224,18.1870144716672,140.29982592429,5.59540889526542
2020-09-26,1188,14,1151,14,37,0,1361,17,25035,300,26396,317,0,13,8,116,6,1059,0,43,13,"Anderson",76978,83.1406375847645,0.0525568181818182,411.805970537037,18.1870144716672,150.692405622386,5.25568181818182
2020-09-27,1207,19,1168,17,39,2,1377,16,25242,207,26619,223,0,13,12,128,7,1066,0,43,13,"Anderson",76978,98.7295071319078,0.0544588155207624,289.693159084414,24.682376782977,166.281275169529,5.44588155207624
2020-09-28,1210,3,1170,2,40,1,1379,2,25279,37,26658,39,0,13,-9,119,12,1078,0,43,13,"Anderson",76978,100.02857959417,0.0543109300746775,50.6638260282159,3.89721738678583,154.589623009171,5.43109300746775
2020-09-29,1221,11,1180,10,41,1,1389,10,25573,294,26962,304,0,13,-7,112,18,1096,0,43,13,"Anderson",76978,96.1313622073839,0.0482804232804233,394.918028527631,14.2897970848814,145.496115773338,4.82804232804233
2020-09-30,1233,12,1190,10,43,2,1399,10,25639,66,27038,76,0,13,3,115,9,1105,0,43,13,"Anderson",76978,111.720231754527,0.0536522301228184,98.7295071319078,15.5888695471433,149.393333160124,5.36522301228184
2020-10-01,1249,16,1204,14,45,2,1414,15,25919,280,27333,295,0,13,4,119,12,1117,0,43,13,"Anderson",76978,115.617449141313,0.0552228875582169,383.226376367274,20.7851593961911,154.589623009171,5.52228875582169
2020-10-02,1256,7,1210,6,46,1,1421,7,26001,82,27422,89,0,13,1,120,6,1123,0,43,13,"Anderson",76978,106.523941905479,0.0573343261355175,115.617449141313,9.09350723583361,155.888695471433,5.73343261355175
2020-10-03,1272,16,1226,16,46,0,1445,24,26265,264,27710,288,0,13,3,123,13,1136,0,43,13,"Anderson",76978,109.122086830003,0.0639269406392694,374.13286913144,20.7851593961911,159.785912858219,6.39269406392694
2020-10-04,1288,16,1240,14,48,2,1461,16,26602,337,28063,353,0,13,8,131,8,1144,0,43,13,"Anderson",76978,105.224869443218,0.0581717451523546,458.572579178467,20.7851593961911,170.178492556315,5.81717451523546
2020-10-05,1314,26,1265,25,49,1,1488,27,26813,211,28301,238,0,13,11,142,15,1159,1,44,13,"Anderson",76978,135.103536075242,0.0663420572124163,309.179246018343,33.7758840188106,184.468289641196,6.63420572124163
2020-10-06,1342,28,1292,27,50,1,1519,31,27150,337,28669,368,0,13,15,157,13,1172,1,45,13,"Anderson",76978,157.187767933695,0.0761570005858231,478.058666112396,36.3740289433345,203.954376575125,7.61570005858231
2020-10-07,1348,6,1298,6,50,0,1527,8,27385,235,28912,243,0,13,-3,154,9,1181,0,45,13,"Anderson",76978,149.393333160124,0.0683030949839915,315.674608329653,7.79443477357167,200.05715918834,6.83030949839915
2020-10-08,1358,10,1306,8,52,2,1536,9,27624,239,29160,248,0,13,-3,151,13,1194,1,46,13,"Anderson",76978,141.598898386552,0.066776135741653,322.169970640962,12.9907246226195,196.159941801554,6.6776135741653
2020-10-09,1373,15,1319,13,54,2,1552,16,27797,173,29349,189,0,13,-2,149,17,1211,0,46,13,"Anderson",76978,151.991478084648,0.0679813181110535,245.524695367508,19.4860869339292,193.56179687703,6.79813181110535
2020-10-10,1389,16,1335,16,54,0,1572,20,28009,212,29581,232,0,13,3,152,13,1224,1,47,14,"Anderson",76978,151.991478084648,0.0678781400320684,301.384811244771,20.7851593961911,197.459014263816,6.78781400320684
2020-10-11,1417,28,1363,28,54,0,1603,31,28298,289,29901,320,0,13,18,170,10,1234,0,47,14,"Anderson",76978,167.580347631791,0.0772578890097933,415.703187923822,36.3740289433345,220.842318584531,7.72578890097933
2020-10-12,1433,16,1378,15,55,1,1619,16,28377,79,29996,95,0,13,-11,159,27,1261,0,47,14,"Anderson",76978,154.589623009171,0.0772861356932153,123.411883914885,20.7851593961911,206.552521499649,7.72861356932153
2020-10-13,1453,20,1396,18,57,2,1637,18,28498,121,30135,139,0,13,7,166,13,1274,0,47,14,"Anderson",76978,144.197043311076,0.0804911323328786,180.57107225441,25.9814492452389,215.646028735483,8.04911323328786
2020-10-14,1475,22,1418,22,57,0,1661,24,28798,300,30459,324,0,13,12,178,10,1284,0,47,14,"Anderson",76978,164.982202707267,0.0866192630898513,420.89947777287,28.5795941697628,231.234898282626,8.66192630898513
2020-10-15,1497,22,1434,16,63,6,1675,14,28949,151,30624,165,0,13,2,180,20,1304,1,48,14,"Anderson",76978,180.57107225441,0.0949453551912568,214.346956273221,28.5795941697628,233.83304320715,9.49453551912568
2020-10-16,1504,7,1437,3,67,4,1679,4,29048,99,30727,103,0,13,-11,169,18,1322,0,48,15,"Anderson",76978,170.178492556315,0.0921625544267054,133.80446361298,9.09350723583361,219.543246122269,9.21625544267054
2020-10-17,1532,28,1464,27,68,1,1709,30,29296,248,31005,278,0,13,14,183,14,1336,2,50,15,"Anderson",76978,185.767362103458,0.0962078651685393,361.142144508821,36.3740289433345,237.730260593936,9.62078651685393
2020-10-18,1551,19,1483,19,68,0,1731,22,29535,239,31266,261,0,13,4,187,15,1351,0,50,15,"Anderson",76978,174.075709943101,0.0937728937728938,339.057912650368,24.682376782977,242.926550442984,9.37728937728938
2020-10-19,1555,4,1487,4,68,0,1736,5,29612,77,31348,82,0,13,-16,171,20,1371,1,51,15,"Anderson",76978,158.486840395957,0.0865384615384615,106.523941905479,5.19628984904778,222.141391046793,8.65384615384615
2020-10-20,1582,27,1514,27,68,0,1771,35,29811,199,31582,234,0,13,6,177,21,1392,0,51,15,"Anderson",76978,167.580347631791,0.0926053904630269,303.982956169295,35.0749564810725,229.935825820364,9.26053904630269
2020-10-21,1599,17,1531,17,68,0,1790,19,30027,216,31817,235,0,13,8,185,9,1401,1,52,15,"Anderson",76978,161.084985320481,0.0949926362297496,305.282028631557,22.0842318584531,240.32840551846,9.49926362297496
2020-10-22,1620,21,1552,21,68,0,1815,25,30359,332,32174,357,1,14,-4,181,24,1425,0,52,15,"Anderson",76978,159.785912858219,0.0903225806451613,463.768869027514,27.2805217075008,235.132115669412,9.03225806451613
2020-10-23,1635,15,1566,14,69,1,1831,16,30634,275,32465,291,0,14,-7,174,22,1447,0,52,15,"Anderson",76978,170.178492556315,0.0874568469505178,378.030086518226,19.4860869339292,226.038608433578,8.74568469505178
2020-10-24,1666,31,1596,30,70,1,1864,33,31010,376,32874,409,0,14,19,193,12,1459,2,54,17,"Anderson",76978,174.075709943101,0.0829320492241841,531.320637065136,40.2712463301203,250.720985216555,8.29320492241841
2020-10-25,1683,17,1612,16,71,1,1883,19,31206,196,33089,215,0,14,0,193,17,1476,4,58,17,"Anderson",76978,171.477565018577,0.0833790455293472,279.300579386318,22.0842318584531,250.720985216555,8.33790455293472
2020-10-26,1699,16,1627,15,72,1,1901,18,31340,134,33241,152,-1,13,-11,182,28,1504,1,59,17,"Anderson",76978,187.06643456572,0.0871632329635499,197.459014263816,20.7851593961911,236.431188131674,8.71632329635499
2020-10-27,1728,29,1651,24,77,5,1925,24,31495,155,33420,179,1,14,10,192,18,1522,2,61,17,"Anderson",76978,189.664579490244,0.0837867247007617,232.533970744888,37.6731014055964,249.421912754293,8.37867247007617
2020-10-28,1784,56,1705,54,79,2,1984,59,31929,434,33913,493,0,14,34,226,22,1544,0,61,17,"Anderson",76978,240.32840551846,0.0925572519083969,640.442723895139,72.7480578866689,293.5903764712,9.25572519083969
2020-10-29,1813,29,1726,21,87,8,2003,19,32135,206,34138,225,0,14,6,232,23,1567,2,63,17,"Anderson",76978,250.720985216555,0.0957230142566191,292.291304008938,37.6731014055964,301.384811244771,9.57230142566191
2020-10-30,1850,37,1760,34,90,3,2041,38,32286,151,34327,189,2,16,20,252,15,1582,1,64,17,"Anderson",76978,279.300579386318,0.112781954887218,245.524695367508,48.065681103692,327.36626049001,11.2781954887218
2020-10-31,1850,0,1760,0,90,0,2041,0,32287,1,34328,1,0,16,-10,242,10,1592,0,64,19,"Anderson",76978,239.029333056198,0.121733149931224,1.29907246226194,0,314.375535867391,12.1733149931224
2020-11-01,1855,5,1765,5,90,0,2049,8,32531,244,34580,252,0,16,-10,232,15,1607,0,64,19,"Anderson",76978,223.440463509055,0.111334674714956,327.36626049001,6.49536231130973,301.384811244771,11.1334674714956
2020-11-02,1888,33,1796,31,92,2,2084,35,32798,267,34882,302,0,16,8,240,25,1632,0,64,20,"Anderson",76978,245.524695367508,0.111517367458867,392.319883603107,42.8693912546442,311.777390942867,11.1517367458867
2020-11-03,1914,26,1821,25,93,1,2109,25,32978,180,35087,205,0,16,6,246,20,1652,0,64,21,"Anderson",76978,241.627477980722,0.110377924415117,266.309854763699,33.7758840188106,319.571825716438,11.0377924415117
2020-11-04,1932,18,1836,15,96,3,2127,18,33057,79,35184,97,2,18,1,247,15,1667,1,65,21,"Anderson",76978,192.262724414768,0.112509834775767,126.010028839409,23.383304320715,320.8708981787,11.2509834775767
2020-11-05,1956,24,1854,18,102,6,2147,20,33156,99,35303,119,0,18,1,248,23,1690,0,65,22,"Anderson",76978,185.767362103458,0.123605150214592,154.589623009171,31.1777390942867,322.169970640962,12.3605150214592
2020-11-06,2005,49,1900,46,105,3,2196,49,33523,367,35719,416,0,18,24,272,25,1715,2,67,23,"Anderson",76978,201.356231650601,0.111350574712644,540.414144300969,63.6545506508353,353.347709735249,11.1350574712644
2020-11-07,2085,80,1977,77,108,3,2273,77,33970,447,36243,524,0,18,50,322,30,1745,0,67,23,"Anderson",76978,305.282028631557,0.121148825065274,680.713970225259,103.925796980956,418.301332848346,12.1148825065274
2020-11-08,2139,54,2028,51,111,3,2335,62,34580,610,36915,672,0,18,39,361,15,1760,1,68,23,"Anderson",76978,368.936579282392,0.122483940042827,872.976694640027,70.149912962145,468.965158876562,12.2483940042827
2020-11-09,2147,8,2035,7,112,1,2344,9,34654,74,36998,83,0,18,-46,315,54,1814,0,68,23,"Anderson",76978,336.459767725844,0.122873345935728,107.823014367741,10.3925796980956,409.207825612513,12.2873345935728
2020-11-10,2166,19,2053,18,113,1,2366,22,34825,171,37191,193,0,18,-16,299,35,1849,1,69,23,"Anderson",76978,327.36626049001,0.122148288973384,250.720985216555,24.682376782977,388.422666216322,12.2148288973384
2020-11-11,2205,39,2089,36,116,3,2408,42,35098,273,37506,315,1,19,13,312,25,1874,1,70,23,"Anderson",76978,354.646782197511,0.121016365202412,409.207825612513,50.6638260282159,405.310608225727,12.1016365202412
2020-11-12,2212,7,2095,6,117,1,2416,8,35296,198,37712,206,0,19,-13,299,20,1894,0,70,24,"Anderson",76978,332.562550339058,0.111664591116646,267.608927225961,9.09350723583361,388.422666216322,11.1664591116646
2020-11-13,2268,56,2148,53,120,3,2475,59,35558,262,38033,321,2,21,31,330,23,1917,2,72,24,"Anderson",76978,341.656057574892,0.12057044079516,417.002260386084,72.7480578866689,428.693912546442,12.057044079516
2020-11-14,2309,41,2188,40,121,1,2520,45,35954,396,38474,441,1,22,20,350,20,1937,1,73,25,"Anderson",76978,290.992231546676,0.110712684894666,572.890955857518,53.2619709527397,454.675361791681,11.0712684894666
2020-11-15,2407,98,2286,98,121,0,2628,108,36536,582,39164,690,1,23,79,429,18,1955,1,74,25,"Anderson",76978,348.151419886201,0.130280124499778,896.359998960742,127.309101301671,557.302086310374,13.0280124499778
2020-11-16,2456,49,2315,29,141,20,2657,29,36813,277,39470,306,0,23,-6,423,55,2010,1,75,25,"Anderson",76978,401.413390838941,0.126618122977346,397.516173452155,63.6545506508353,549.507651536803,12.6618122977346
2020-11-17,2472,16,2330,15,142,1,2673,16,37019,206,39692,222,2,25,-37,386,51,2061,1,76,26,"Anderson",76978,397.516173452155,0.122750899640144,288.394086622152,20.7851593961911,501.441970433111,12.2750899640144
2020-11-18,2502,30,2356,26,146,4,2699,26,37313,294,40012,320,0,25,-5,381,35,2096,0,76,27,"Anderson",76978,385.824521291798,0.116121308858739,415.703187923822,38.9721738678584,494.946608121801,11.6121308858739
2020-11-19,2560,58,2410,54,150,4,2761,62,37729,416,40490,478,0,25,19,400,39,2135,1,77,27,"Anderson",76978,452.077216867157,0.124190064794816,620.95663696121,75.3462028111928,519.628984904778,12.4190064794816
2020-11-20,2590,30,2437,27,153,3,2792,31,37842,113,40634,144,0,25,-10,390,40,2175,0,77,28,"Anderson",76978,418.301332848346,0.121876201460977,187.06643456572,38.9721738678584,506.638260282159,12.1876201460977
2020-11-21,2647,57,2486,49,161,8,2840,48,38186,344,41026,392,0,25,33,423,24,2199,1,78,28,"Anderson",76978,439.086492244537,0.125391849529781,509.236405206682,74.0471303489309,549.507651536803,12.5391849529781
2020-11-22,2703,56,2535,49,168,7,2897,57,38669,483,41566,540,0,25,42,465,14,2213,1,79,31,"Anderson",76978,384.525448829536,0.111990008326395,701.49912962145,72.7480578866689,604.068694951804,11.1990008326395
2020-11-23,2710,7,2541,6,169,1,2903,6,38691,22,41594,28,0,25,-64,401,71,2284,0,79,32,"Anderson",76978,329.964405414534,0.115819209039548,36.3740289433345,9.09350723583361,520.92805736704,11.5819209039548
2020-11-24,2723,13,2553,12,170,1,2915,12,38848,157,41763,169,2,27,-35,366,46,2330,0,79,32,"Anderson",76978,326.067188027748,0.116851762433607,219.543246122269,16.8879420094053,475.460521187872,11.6851762433607
2020-11-25,2751,28,2574,21,177,7,2936,21,38885,37,41821,58,1,28,-11,355,38,2368,0,79,32,"Anderson",76978,323.469043103224,0.131011608623549,75.3462028111928,36.3740289433345,461.170724102991,13.1011608623549
2020-11-26,2796,45,2616,42,180,3,2981,45,39235,350,42216,395,0,28,-30,325,75,2443,1,80,33,"Anderson",76978,306.581101093819,0.127462340672074,513.133622593468,58.4582608017875,422.198550235132,12.7462340672074
2020-11-27,2895,99,2706,90,189,9,3076,95,39661,426,42737,521,0,28,56,381,43,2486,3,83,35,"Anderson",76978,396.217100989893,0.135045173561579,676.816752838473,128.608173763933,494.946608121801,13.5045173561579
2020-11-28,2926,31,2731,25,195,6,3106,30,39804,143,42910,173,1,29,5,386,25,2511,2,85,35,"Anderson",76978,362.441216971083,0.141188959660297,224.739535971316,40.2712463301203,501.441970433111,14.1188959660297
2020-11-29,3017,91,2820,89,197,2,3202,96,40241,437,43443,533,0,29,65,451,26,2537,1,86,35,"Anderson",76978,407.908753150251,0.162493340436867,692.405622385617,118.215594065837,585.881680480137,16.2493340436867
2020-11-30,3087,70,2886,66,201,4,3275,73,40493,252,43768,325,0,29,1,452,69,2606,0,86,37,"Anderson",76978,489.750318272753,0.171113155473781,422.198550235132,90.9350723583361,587.180752942399,17.1113155473781
2020-12-01,3163,76,2952,66,211,10,3347,72,40924,431,44271,503,1,30,14,466,61,2667,6,92,38,"Anderson",76978,571.591883395256,0.172248803827751,653.433448517758,98.7295071319078,605.367767414066,17.2248803827751
2020-12-02,3178,15,2966,14,212,1,3363,16,41032,108,44395,124,0,30,-40,426,55,2722,0,92,38,"Anderson",76978,554.70394138585,0.165889665889666,161.084985320481,19.4860869339292,553.404868923589,16.5889665889666
2020-12-03,3219,41,2995,29,224,12,3396,33,41256,224,44652,257,1,31,-14,412,54,2776,1,93,39,"Anderson",76978,549.507651536803,0.170361247947455,333.86162280132,53.2619709527397,535.217854451921,17.0361247947455
2020-12-04,3286,67,3055,60,231,7,3459,63,41414,158,44873,221,1,32,-25,387,91,2867,0,93,39,"Anderson",76978,507.93733274442,0.179307116104869,287.09501415989,87.0378549715503,502.741042895373,17.9307116104869
2020-12-05,3317,31,3074,19,243,12,3477,18,41481,67,44958,85,0,32,1,388,30,2897,0,93,39,"Anderson",76978,507.93733274442,0.18115234375,110.421159292265,40.2712463301203,504.040115357635,18.115234375
2020-12-06,3353,36,3103,29,250,7,3505,28,41689,208,45194,236,0,32,12,400,24,2921,2,95,40,"Anderson",76978,436.488347320014,0.173043974871502,306.581101093819,46.76660864143,519.628984904778,17.3043974871502
2020-12-07,3493,140,3227,124,266,16,3641,136,42282,593,45923,729,2,34,28,428,110,3031,4,99,41,"Anderson",76978,527.42341967835,0.169837587006961,947.023824988958,181.870144716672,556.003013848112,16.9837587006961
2020-12-08,3564,71,3276,49,288,22,3693,52,42580,298,46273,350,1,35,-8,420,78,3109,2,101,43,"Anderson",76978,520.92805736704,0.172827172827173,454.675361791681,92.2341448205981,545.610434150017,17.2827172827173
2020-12-09,3669,105,3367,91,302,14,3797,104,42841,261,46638,365,0,35,46,466,59,3168,3,104,44,"Anderson",76978,637.844578970615,0.193490860454748,474.16144872561,136.402608537504,605.367767414066,19.3490860454748
2020-12-10,3763,94,3445,78,318,16,3884,87,43373,532,47257,619,3,38,81,547,10,3178,3,107,45,"Anderson",76978,706.695419470498,0.187332053742802,804.125854140144,122.112811452623,710.592636857284,18.7332053742802
2020-12-11,3836,73,3498,53,338,20,3935,51,43539,166,47474,217,1,39,30,577,42,3220,2,109,45,"Anderson",76978,714.48985424407,0.183006535947712,281.898724310842,94.832289745122,749.564810725142,18.3006535947712
2020-12-12,3924,88,3559,61,365,27,4000,65,44052,513,48052,578,0,39,55,632,33,3253,2,111,45,"Anderson",76978,788.536984593001,0.169036845507434,750.863883187404,114.318376679051,821.013796149549,16.9036845507434
2020-12-13,4156,232,3742,183,414,49,4204,204,44924,872,49128,1076,1,40,188,820,43,3296,0,111,47,"Anderson",76978,1043.15518719634,0.177681748856126,1397.80196939385,301.384811244771,1065.23941905479,17.7681748856126
2020-12-14,4271,115,3828,86,443,29,4303,99,45215,291,49518,390,0,40,-37,783,152,3448,1,112,48,"Anderson",76978,1010.67837563979,0.184144645340751,506.638260282159,149.393333160124,1017.1737379511,18.4144645340751
2020-12-15,4406,135,3913,85,493,50,4399,96,45742,527,50141,623,1,41,42,825,92,3540,6,118,51,"Anderson",76978,1093.81901322456,0.182523267838676,809.322143989192,175.374782405363,1071.7347813661,18.2523267838676
2020-12-16,4475,69,3943,30,532,39,4435,36,46065,323,50500,359,2,43,-17,808,84,3624,4,122,52,"Anderson",76978,1047.05240458313,0.165199378560331,466.367013952038,89.6359998960742,1049.65054950765,16.5199378560331
2020-12-17,4676,201,4117,174,559,27,4629,194,46593,528,51222,722,2,45,114,922,85,3709,2,124,54,"Anderson",76978,1186.05315804516,0.187894073139975,937.930317753124,261.113564914651,1197.74481020551,18.7894073139975
2020-12-18,4774,98,4193,76,581,22,4716,87,46959,366,51675,453,1,46,23,945,74,3783,2,126,54,"Anderson",76978,1218.5299696017,0.185908117114973,588.479825404661,127.309101301671,1227.62347683754,18.5908117114973
2020-12-19,4879,105,4274,81,605,24,4803,87,47217,258,52020,345,0,46,74,1019,31,3814,1,127,55,"Anderson",76978,1240.61420146016,0.202368951612903,448.179999480371,136.402608537504,1323.75483904492,20.2368951612903
2020-12-20,5019,140,4396,122,623,18,4940,137,47681,464,52621,601,2,48,84,1103,54,3868,3,130,56,"Anderson",76978,1121.09953493206,0.2107071285428,780.742549819429,181.870144716672,1432.87692587493,21.07071285428
2020-12-21,5067,48,4414,18,653,30,4963,23,47901,220,52864,243,3,51,-83,1020,128,3996,2,132,59,"Anderson",76978,1034.06167996051,0.197250448296473,315.674608329653,62.3554781885734,1325.05391150718,19.7250448296473
2020-12-22,5137,70,4458,44,679,26,5010,47,48007,106,53017,153,1,52,-31,989,100,4096,2,134,64,"Anderson",76978,949.621969913482,0.212447844228095,198.758086726078,90.9350723583361,1284.78266517706,21.2447844228095
2020-12-23,5211,74,4500,42,711,32,5053,43,48323,316,53376,359,2,54,-8,981,80,4176,2,136,66,"Anderson",76978,956.117332224792,0.214881780250348,466.367013952038,96.1313622073839,1274.39008547897,21.4881780250348
2020-12-24,5269,58,4524,24,745,34,5080,27,48475,152,53555,179,1,55,-47,934,104,4280,1,137,71,"Anderson",76978,770.349970121333,0.193313330475782,232.533970744888,75.3462028111928,1213.33367975266,19.3313330475782
2020-12-25,5362,93,4601,77,761,16,5172,92,48884,409,54056,501,0,55,-16,918,109,4389,1,138,72,"Anderson",76978,763.854607810024,0.191516169676606,650.835303593234,120.813738990361,1192.54852035647,19.1516169676606
2020-12-26,5418,56,4630,29,788,27,5200,28,49003,119,54203,147,0,55,6,924,50,4439,3,141,74,"Anderson",76978,700.200057159188,0.181859825927623,190.963651952506,72.7480578866689,1200.34295513004,18.1859825927623
2020-12-27,5478,60,4667,37,811,23,5236,36,49139,136,54375,172,1,56,30,954,29,4468,6,147,75,"Anderson",76978,596.274260178233,0.168757126567845,223.440463509055,77.9443477357167,1239.3151289979,16.8757126567845
2020-12-28,5525,47,4688,21,837,26,5256,20,49208,69,54464,89,2,58,-85,869,130,4598,4,151,82,"Anderson",76978,594.975187715971,0.183125,115.617449141313,61.0564057263114,1128.89396970563,18.3125
2020-12-29,5621,96,4740,52,881,44,5304,48,49303,95,54607,143,2,60,-34,835,128,4726,5,156,85,"Anderson",76978,628.751071734781,0.184905660377358,185.767362103458,124.710956377147,1084.72550598872,18.4905660377358
2020-12-30,5656,35,4758,18,898,17,5321,17,49431,128,54752,145,6,66,-89,746,118,4844,1,157,88,"Anderson",76978,578.087245706566,0.194767441860465,188.365507027982,45.4675361791681,969.108056847411,19.4767441860465
2020-12-31,5819,163,4858,100,961,63,5423,102,49735,304,55158,406,6,72,63,809,94,4938,1,158,93,"Anderson",76978,714.48985424407,0.213973799126638,527.42341967835,211.748811348697,1050.94962196991,21.3973799126638
2021-01-01,5884,65,4900,42,984,23,5478,55,50011,276,55489,331,0,72,-25,784,90,5028,2,160,94,"Anderson",76978,678.115825300735,0.213538032100488,429.992985008704,84.4397100470264,1018.47281041336,21.3538032100488
2021-01-02,5977,93,4941,41,1036,52,5519,41,50296,285,55815,326,0,72,49,833,44,5072,2,162,96,"Anderson",76978,726.181506404427,0.197890818858561,423.497622697394,120.813738990361,1082.1273610642,19.7890818858561
2021-01-03,6002,25,4953,12,1049,13,5535,16,50348,52,55883,68,0,72,-9,824,34,5106,1,163,99,"Anderson",76978,680.713970225259,0.198275862068966,88.3369274338123,32.4768115565486,1070.43570890384,19.8275862068966
2021-01-04,6039,37,4977,24,1062,13,5566,31,50455,107,56021,138,1,73,-57,767,93,5199,0,163,104,"Anderson",76978,667.72324560264,0.199100834938985,179.271999792148,48.065681103692,996.388578554912,19.9100834938985
2021-01-05,6111,72,5008,31,1103,41,5597,31,50573,118,56170,149,2,75,-47,720,117,5316,2,165,107,"Anderson",76978,636.545506508353,0.187460012795905,193.56179687703,93.53321728286,935.3321728286,18.7460012795905
2021-01-06,6185,74,5048,40,1137,34,5640,43,50734,161,56374,204,5,80,-12,708,81,5397,2,167,109,"Anderson",76978,687.209332536569,0.196670776818742,265.010782301437,96.1313622073839,919.743303281457,19.6670776818742
2021-01-07,6290,105,5128,80,1162,25,5732,92,50955,221,56687,313,1,81,65,773,39,5436,1,168,112,"Anderson",76978,611.863129725376,0.202092871157619,406.609680687989,136.402608537504,1004.18301332848,20.2092871157619
2021-01-08,6372,82,5178,50,1194,32,5784,52,51154,199,56938,251,5,86,61,834,16,5452,2,170,115,"Anderson",76978,633.947361583829,0.211180124223602,326.067188027748,106.523941905479,1083.42643352646,21.1180124223602
2021-01-09,6482,110,5247,69,1235,41,5859,75,51585,431,57444,506,2,88,45,879,63,5515,0,170,117,"Anderson",76978,656.031593442282,0.208717004297115,657.330665904544,142.897970848814,1141.88469432825,20.8717004297115
2021-01-10,6542,60,5272,25,1270,35,5884,25,51679,94,57563,119,2,90,28,907,30,5545,3,173,118,"Anderson",76978,701.49912962145,0.207738095238095,154.589623009171,77.9443477357167,1178.25872327158,20.7738095238095
2021-01-11,6575,33,5282,10,1293,23,5897,13,51750,71,57647,84,1,91,-93,814,125,5670,1,174,120,"Anderson",76978,696.302839772403,0.203567035670357,109.122086830003,42.8693912546442,1057.44498428122,20.3567035670357
2021-01-12,6628,53,5316,34,1312,19,5935,38,51922,172,57857,210,2,93,-100,714,151,5821,1,175,120,"Anderson",76978,671.620462989426,0.200355660936574,272.805217075008,68.8508404998831,927.537738055029,20.0355660936574
2021-01-13,6654,26,5333,17,1321,9,5954,19,52012,90,57966,109,3,96,-44,670,67,5888,0,175,121,"Anderson",76978,609.264984800852,0.197236180904523,141.598898386552,33.7758840188106,870.378549715503,19.7236180904523
2021-01-14,6751,97,5395,62,1356,35,6028,74,52419,407,58447,481,5,101,9,679,83,5971,2,177,123,"Anderson",76978,598.872405102757,0.168181818181818,624.853854347995,126.010028839409,882.070201875861,16.8181818181818
2021-01-15,6785,34,5415,20,1370,14,6052,24,52574,155,58626,179,0,101,-16,663,50,6021,1,178,126,"Anderson",76978,536.516926914183,0.158767772511848,232.533970744888,44.1684637169061,861.285042479669,15.8767772511848
2021-01-16,6849,64,5445,30,1404,34,6085,33,52818,244,58903,277,1,102,2,665,61,6082,1,179,129,"Anderson",76978,476.759593650134,0.154900616860864,359.843072046559,83.1406375847645,863.883187404193,15.4900616860864
2021-01-17,6886,37,5465,20,1421,17,6108,23,52922,104,59030,127,0,102,-7,658,44,6126,0,179,131,"Anderson",76978,446.880927018109,0.152692569870484,164.982202707267,48.065681103692,854.78968016836,15.2692569870484
2021-01-18,6905,19,5473,8,1432,11,6118,10,53018,96,59136,106,1,103,-68,590,86,6212,0,179,132,"Anderson",76978,428.693912546442,0.148421759570181,137.701680999766,24.682376782977,766.452752734548,14.8421759570181
2021-01-19,6947,42,5490,17,1457,25,6138,20,53130,112,59268,132,1,104,-78,512,119,6331,0,179,134,"Anderson",76978,414.40411546156,0.143869596031184,171.477565018577,54.5610434150017,665.125100678116,14.3869596031184
2021-01-20,6975,28,5506,16,1469,12,6157,19,53282,152,59439,171,3,107,-29,483,54,6385,0,179,137,"Anderson",76978,417.002260386084,0.137813985064494,222.141391046793,36.3740289433345,627.451999272519,13.7813985064494
2021-01-21,7031,56,5546,40,1485,16,6196,39,53523,241,59719,280,5,112,-43,440,94,6479,2,181,138,"Anderson",76978,363.740289433345,0.132075471698113,363.740289433345,72.7480578866689,571.591883395256,13.2075471698113
2021-01-22,7069,38,5564,18,1505,20,6218,22,53668,145,59886,167,2,114,-16,424,52,6531,0,181,141,"Anderson",76978,368.936579282392,0.131746031746032,216.945101197745,49.3647535659539,550.806723999065,13.1746031746032
2021-01-23,7107,38,5578,14,1529,24,6231,13,53928,260,60159,273,0,114,8,432,30,6561,1,182,141,"Anderson",76978,335.160695263582,0.116242038216561,354.646782197511,49.3647535659539,561.19930369716,11.6242038216561
2021-01-24,7120,13,5590,12,1530,1,6245,14,53995,67,60240,81,0,114,-21,411,34,6595,0,182,143,"Anderson",76978,303.982956169295,0.113223140495868,105.224869443218,16.8879420094053,533.918781989659,11.3223140495868
2021-01-25,7137,17,5601,11,1536,6,6256,11,54055,60,60311,71,2,116,-47,364,62,6657,1,183,145,"Anderson",76978,301.384811244771,0.117446808510638,92.2341448205981,22.0842318584531,472.862376263348,11.7446808510638
2021-01-26,7164,27,5622,21,1542,6,6281,25,54218,163,60499,188,0,116,-36,328,63,6720,1,184,148,"Anderson",76978,281.898724310842,0.116165718927701,244.225622905246,35.0749564810725,426.095767621918,11.6165718927701
2021-01-27,7181,17,5630,8,1551,9,6290,9,54304,86,60594,95,4,120,-17,311,30,6750,0,184,150,"Anderson",76978,267.608927225961,0.115151515151515,123.411883914885,22.0842318584531,404.011535763465,11.5151515151515
2021-01-28,7268,87,5670,40,1598,47,6337,47,54530,226,60867,273,4,124,24,335,59,6809,0,184,151,"Anderson",76978,307.880173556081,0.122822299651568,354.646782197511,113.019304216789,435.189274857752,12.2822299651568
2021-01-29,7281,13,5674,4,1607,9,6342,5,54575,45,60917,50,1,125,-34,301,46,6855,1,185,151,"Anderson",76978,275.403361999532,0.120271580989331,64.9536231130973,16.8879420094053,391.020811140845,12.0271580989331
2021-01-30,7321,40,5709,35,1612,5,6378,36,54834,259,61212,295,2,127,1,302,37,6892,2,187,152,"Anderson",76978,278.001506924056,0.13960113960114,383.226376367274,51.9628984904778,392.319883603107,13.960113960114
2021-01-31,7337,16,5716,7,1621,9,6389,11,55003,169,61392,180,1,128,-4,298,19,6911,0,187,154,"Anderson",76978,281.898724310842,0.125,233.83304320715,20.7851593961911,387.12359375406,12.5
2021-02-01,7357,20,5728,12,1629,8,6402,13,55056,53,61458,66,1,129,-26,272,45,6956,1,188,156,"Anderson",76978,285.795941697628,0.127288578901482,85.7387825092884,25.9814492452389,353.347709735249,12.7288578901482
2021-02-02,7364,7,5734,6,1630,1,6408,6,55125,69,61533,75,5,134,-45,227,47,7003,0,188,157,"Anderson",76978,259.814492452389,0.122823984526112,97.4304346696459,9.09350723583361,294.889448933461,12.2823984526112
2021-02-03,7386,22,5740,6,1646,16,6418,10,55317,192,61735,202,4,138,1,228,17,7020,0,188,158,"Anderson",76978,266.309854763699,0.112182296231376,262.412637376913,28.5795941697628,296.188521395723,11.2182296231376
2021-02-04,7416,30,5754,14,1662,16,6435,17,55641,324,62076,341,2,140,-5,223,33,7053,0,188,158,"Anderson",76978,192.262724414768,0.0810587262200165,442.983709631323,38.9721738678584,289.693159084414,8.10587262200166
2021-02-05,7434,18,5765,11,1669,7,6452,17,55798,157,62250,174,2,142,-13,210,29,7082,0,188,159,"Anderson",76978,198.758086726078,0.0825206301575394,226.038608433578,23.383304320715,272.805217075008,8.25206301575394
2021-02-06,7460,26,5781,16,1679,10,6472,20,56020,222,62492,242,1,143,8,218,17,7099,1,189,159,"Anderson",76978,180.57107225441,0.0734375,314.375535867391,33.7758840188106,283.197796773104,7.34375
2021-02-07,7473,13,5788,7,1685,6,6480,8,56127,107,62607,115,0,143,-10,208,23,7122,0,189,159,"Anderson",76978,176.673854867625,0.0748971193415638,149.393333160124,16.8879420094053,270.207072150485,7.48971193415638
2021-02-08,7498,25,5794,6,1704,19,6485,5,56149,22,62634,27,2,145,-12,196,35,7157,0,189,159,"Anderson",76978,183.169217178934,0.070578231292517,35.0749564810725,32.4768115565486,254.618202603341,7.0578231292517
2021-02-09,7522,24,5804,10,1718,14,6496,11,56318,169,62814,180,2,147,-24,172,46,7203,2,191,159,"Anderson",76978,205.253449037387,0.068696330991413,233.83304320715,31.1777390942867,223.440463509055,6.8696330991413
2021-02-10,7547,25,5819,15,1728,10,6515,19,56513,195,63028,214,1,148,8,180,16,7219,1,192,159,"Anderson",76978,209.150666424173,0.0750193348801237,278.001506924056,32.4768115565486,233.83304320715,7.50193348801237
2021-02-11,7560,13,5827,8,1733,5,6527,12,56693,180,63220,192,-1,147,-16,164,30,7249,0,192,160,"Anderson",76978,187.06643456572,0.0804195804195804,249.421912754293,16.8879420094053,213.047883810959,8.04195804195804
2021-02-12,7587,27,5842,15,1745,12,6542,15,56887,194,63429,209,0,147,13,177,14,7263,0,192,160,"Anderson",76978,198.758086726078,0.0763358778625954,271.506144612746,35.0749564810725,229.935825820364,7.63358778625954
2021-02-13,7613,26,5852,10,1761,16,6552,10,57076,189,63628,199,0,147,11,188,15,7278,0,192,160,"Anderson",76978,198.758086726078,0.0704225352112676,258.515419990127,33.7758840188106,244.225622905246,7.04225352112676
2021-02-14,7627,14,5862,10,1765,4,6563,11,57137,61,63700,72,2,149,1,189,11,7289,0,192,160,"Anderson",76978,200.05715918834,0.0759377859103385,93.53321728286,18.1870144716672,245.524695367508,7.59377859103385
2021-02-15,7643,16,5870,8,1773,8,6572,9,57210,73,63782,82,0,149,-6,183,22,7311,1,193,161,"Anderson",76978,188.365507027982,0.0757839721254355,106.523941905479,20.7851593961911,237.730260593936,7.57839721254355
2021-02-16,7672,29,5884,14,1788,15,6589,17,57294,84,63883,101,0,149,11,194,18,7329,0,193,161,"Anderson",76978,194.860869339292,0.0869971936389149,131.206318688456,37.6731014055964,252.020057678817,8.69971936389149
2021-02-17,7691,19,5896,12,1795,7,6601,12,57402,108,64003,120,0,149,-8,186,27,7356,0,193,163,"Anderson",76978,187.06643456572,0.0882051282051282,155.888695471433,24.682376782977,241.627477980722,8.82051282051282
2021-02-18,7715,24,5918,22,1797,2,6627,26,57558,156,64185,182,0,149,9,195,15,7371,0,193,163,"Anderson",76978,201.356231650601,0.103626943005181,236.431188131674,31.1777390942867,253.319130141079,10.3626943005181
2021-02-19,7728,13,5929,11,1799,2,6642,15,57604,46,64246,61,0,149,0,195,13,7384,0,193,164,"Anderson",76978,183.169217178934,0.122399020807834,79.2434201979787,16.8879420094053,253.319130141079,12.2399020807834
2021-02-20,7747,19,5936,7,1811,12,6651,9,57726,122,64377,131,1,150,3,198,15,7399,0,193,165,"Anderson",76978,174.075709943101,0.132176234979973,170.178492556315,24.682376782977,257.216347527865,13.2176234979973
2021-02-21,7759,12,5943,7,1816,5,6658,7,57790,64,64448,71,2,152,-1,197,11,7410,1,194,165,"Anderson",76978,171.477565018577,0.127005347593583,92.2341448205981,15.5888695471433,255.917275065603,12.7005347593583
2021-02-22,7764,5,5945,2,1819,3,6664,6,57827,37,64491,43,1,153,-17,180,21,7431,0,194,166,"Anderson",76978,157.187767933695,0.129760225669958,55.8601158772636,6.49536231130973,233.83304320715,12.9760225669958
2021-02-23,7788,24,5954,9,1834,15,6672,8,57970,143,64642,151,2,155,-2,178,24,7455,0,194,168,"Anderson",76978,150.692405622386,0.10935441370224,196.159941801554,31.1777390942867,231.234898282626,10.935441370224
2021-02-24,7820,32,5973,19,1847,13,6695,23,58144,174,64839,197,0,155,15,193,17,7472,0,194,168,"Anderson",76978,167.580347631791,0.11244019138756,255.917275065603,41.5703187923822,250.720985216555,11.244019138756
2021-02-25,7837,17,5981,8,1856,9,6706,11,58271,127,64977,138,1,156,-3,190,19,7491,0,194,168,"Anderson",76978,158.486840395957,0.0997474747474748,179.271999792148,22.0842318584531,246.82376782977,9.97474747474748
2021-02-26,7849,12,5989,8,1860,4,6715,9,58370,99,65085,108,0,156,-17,173,29,7520,0,194,168,"Anderson",76978,157.187767933695,0.0870083432657926,140.29982592429,15.5888695471433,224.739535971316,8.70083432657926
2021-02-27,7858,9,5996,7,1862,2,6721,6,58462,92,65183,98,0,156,-6,167,15,7535,0,194,168,"Anderson",76978,144.197043311076,0.086848635235732,127.309101301671,11.6916521603575,216.945101197745,8.6848635235732
2021-02-28,7872,14,6006,10,1866,4,6732,11,58533,71,65265,82,0,156,0,167,14,7549,0,194,168,"Anderson",76978,146.7951882356,0.0905752753977968,106.523941905479,18.1870144716672,216.945101197745,9.05752753977968
2021-03-01,7880,8,6011,5,1869,3,6739,7,58568,35,65307,42,0,156,-11,156,19,7568,0,194,169,"Anderson",76978,150.692405622386,0.0919117647058824,54.5610434150017,10.3925796980956,202.655304112863,9.19117647058824
2021-03-02,7903,23,6022,11,1881,12,6749,10,58684,116,65433,126,1,157,-2,154,24,7592,1,195,169,"Anderson",76978,149.393333160124,0.0973451327433628,163.683130245005,29.8786666320247,200.05715918834,9.73451327433628
2021-03-03,7936,33,6043,21,1893,12,6774,25,58800,116,65574,141,1,158,13,167,19,7611,0,195,170,"Anderson",76978,150.692405622386,0.107482993197279,183.169217178934,42.8693912546442,216.945101197745,10.7482993197279
2021-03-04,7961,25,6056,13,1905,12,6791,17,58963,163,65754,180,0,158,13,180,12,7623,0,195,170,"Anderson",76978,161.084985320481,0.109395109395109,233.83304320715,32.4768115565486,233.83304320715,10.9395109395109
2021-03-05,7994,33,6073,17,1921,16,6813,22,59097,134,65910,156,0,158,18,198,15,7638,2,197,170,"Anderson",76978,188.365507027982,0.118787878787879,202.655304112863,42.8693912546442,257.216347527865,11.8787878787879
2021-03-06,8004,10,6078,5,1926,5,6821,8,59186,89,66007,97,0,158,-1,197,11,7649,0,197,170,"Anderson",76978,189.664579490244,0.121359223300971,126.010028839409,12.9907246226195,255.917275065603,12.1359223300971
2021-03-07,8010,6,6081,3,1929,3,6824,3,59225,39,66049,42,0,158,-10,187,16,7665,0,197,170,"Anderson",76978,179.271999792148,0.11734693877551,54.5610434150017,7.79443477357167,242.926550442984,11.734693877551
2021-03-08,8026,16,6088,7,1938,9,6833,9,59302,77,66135,86,1,159,-4,183,19,7684,0,197,170,"Anderson",76978,189.664579490244,0.113526570048309,111.720231754527,20.7851593961911,237.730260593936,11.3526570048309
2021-03-09,8047,21,6096,8,1951,13,6841,8,59367,65,66208,73,0,159,3,186,18,7702,3,200,171,"Anderson",76978,187.06643456572,0.118709677419355,94.832289745122,27.2805217075008,241.627477980722,11.8709677419355
2021-03-10,8069,22,6109,13,1960,9,6857,16,59524,157,66381,173,0,159,11,197,11,7713,1,201,171,"Anderson",76978,172.776637480839,0.102850061957869,224.739535971316,28.5795941697628,255.917275065603,10.2850061957869
2021-03-11,8092,23,6119,10,1973,13,6867,10,59621,97,66488,107,0,159,1,198,22,7735,1,202,172,"Anderson",76978,170.178492556315,0.103542234332425,139.000753462028,29.8786666320247,257.216347527865,10.3542234332425
2021-03-12,8112,20,6136,17,1976,3,6887,20,59727,106,66614,126,0,159,8,206,12,7747,0,202,172,"Anderson",76978,153.29055054691,0.105113636363636,163.683130245005,25.9814492452389,267.608927225961,10.5113636363636
2021-03-13,8123,11,6140,4,1983,7,6891,4,59803,76,66694,80,0,159,2,208,9,7756,1,203,172,"Anderson",76978,154.589623009171,0.101892285298399,103.925796980956,14.2897970848814,270.207072150485,10.1892285298399
2021-03-14,8129,6,6144,4,1985,2,6897,6,59839,36,66736,42,0,159,-13,195,19,7775,1,204,172,"Anderson",76978,154.589623009171,0.106259097525473,54.5610434150017,7.79443477357167,253.319130141079,10.6259097525473
2021-03-15,8147,18,6150,6,1997,12,6903,6,59872,33,66775,39,0,159,-9,186,27,7802,1,205,172,"Anderson",76978,157.187767933695,0.109375,50.6638260282159,23.383304320715,241.627477980722,10.9375
2021-03-16,8180,33,6163,13,2017,20,6918,15,59965,93,66883,108,0,159,-2,184,35,7837,2,207,172,"Anderson",76978,172.776637480839,0.114074074074074,140.29982592429,42.8693912546442,239.029333056198,11.4074074074074
2021-03-17,8197,17,6174,11,2023,6,6931,13,60052,87,66983,100,0,159,-5,179,22,7859,0,207,173,"Anderson",76978,166.281275169529,0.122923588039867,129.907246226195,22.0842318584531,232.533970744888,12.2923588039867
2021-03-18,8213,16,6186,12,2027,4,6946,15,60133,81,67079,96,1,160,-1,178,16,7875,0,207,173,"Anderson",76978,157.187767933695,0.133671742808799,124.710956377147,20.7851593961911,231.234898282626,13.3671742808799
2021-03-19,8237,24,6200,14,2037,10,6959,13,60252,119,67211,132,0,160,13,191,11,7886,1,208,173,"Anderson",76978,162.384057782743,0.120603015075377,171.477565018577,31.1777390942867,248.122840292031,12.0603015075377
2021-03-20,8249,12,6206,6,2043,6,6967,8,60291,39,67258,47,0,160,3,194,9,7895,1,209,173,"Anderson",76978,163.683130245005,0.134751773049645,61.0564057263114,15.5888695471433,252.020057678817,13.4751773049645
2021-03-21,8259,10,6212,6,2047,4,6974,7,60353,62,67327,69,-1,159,-5,189,16,7911,0,209,173,"Anderson",76978,168.879420094053,0.130287648054146,89.6359998960742,12.9907246226195,245.524695367508,13.0287648054146
2021-03-22,8265,6,6213,1,2052,5,6975,1,60419,66,67394,67,0,159,-9,180,15,7926,1,210,173,"Anderson",76978,153.29055054691,0.116316639741519,87.0378549715503,7.79443477357167,233.83304320715,11.6316639741519
2021-03-23,8271,6,6214,1,2057,5,6976,1,60462,43,67438,44,0,159,-15,165,21,7947,0,210,174,"Anderson",76978,118.215594065837,0.104504504504505,57.1591883395256,7.79443477357167,214.346956273221,10.4504504504505
2021-03-24,8279,8,6221,7,2058,1,6983,7,60583,121,67566,128,1,160,-11,154,18,7965,0,210,174,"Anderson",76978,106.523941905479,0.0891938250428816,166.281275169529,10.3925796980956,200.05715918834,8.91938250428817
2021-03-25,8289,10,6226,5,2063,5,6989,6,60684,101,67673,107,0,160,-10,144,20,7985,0,210,174,"Anderson",76978,98.7295071319078,0.0723905723905724,139.000753462028,12.9907246226195,187.06643456572,7.23905723905724
2021-03-26,8306,17,6238,12,2068,5,7000,11,60750,66,67750,77,0,160,2,146,15,8000,0,210,175,"Anderson",76978,89.6359998960742,0.0760667903525046,100.02857959417,22.0842318584531,189.664579490244,7.60667903525046
2021-03-27,8310,4,6242,4,2068,0,7006,6,60814,64,67820,70,1,161,-12,134,15,8015,2,212,175,"Anderson",76978,79.2434201979786,0.0693950177935943,90.9350723583361,5.19628984904778,174.075709943101,6.93950177935943
2021-03-28,8313,3,6242,0,2071,3,7006,0,60843,29,67849,29,1,162,-12,122,14,8029,0,212,176,"Anderson",76978,70.149912962145,0.0613026819923372,37.6731014055964,3.89721738678583,158.486840395957,6.13026819923372
2021-03-29,8328,15,6246,4,2082,11,7010,4,60929,86,67939,90,1,163,-16,106,30,8059,0,212,177,"Anderson",76978,81.8415651225025,0.0642201834862385,116.916521603575,19.4860869339292,137.701680999766,6.42201834862385
2021-03-30,8333,5,6249,3,2084,2,7013,3,60987,58,68000,61,1,164,-12,94,16,8075,0,212,177,"Anderson",76978,80.5424926602406,0.0658362989323843,79.2434201979787,6.49536231130973,122.112811452623,6.58362989323843
2021-03-31,8356,23,6263,14,2093,9,7029,16,61151,164,68180,180,1,165,10,104,12,8087,1,213,177,"Anderson",76978,100.02857959417,0.0749185667752443,233.83304320715,29.8786666320247,135.103536075242,7.49185667752443
2021-04-01,8365,9,6267,4,2098,5,7033,4,61208,57,68241,61,0,165,-8,96,17,8104,0,213,177,"Anderson",76978,98.7295071319078,0.0774647887323944,79.2434201979787,11.6916521603575,124.710956377147,7.74647887323944
2021-04-02,8374,9,6274,7,2100,2,7040,7,61278,70,68318,77,0,165,-1,95,10,8114,0,213,177,"Anderson",76978,88.3369274338123,0.0704225352112676,100.02857959417,11.6916521603575,123.411883914885,7.04225352112676
2021-04-03,8380,6,6279,5,2101,1,7046,6,61328,50,68374,56,0,165,-8,87,14,8128,0,213,177,"Anderson",76978,90.9350723583361,0.0722021660649819,72.7480578866689,7.79443477357167,113.019304216789,7.22021660649819
2021-04-04,8382,2,6281,2,2101,0,7048,2,61366,38,68414,40,0,165,-5,82,7,8135,0,213,177,"Anderson",76978,89.6359998960742,0.0743362831858407,51.9628984904778,2.59814492452389,106.523941905479,7.43362831858407
2021-04-05,8396,14,6284,3,2112,11,7050,2,61424,58,68474,60,0,165,4,86,10,8145,2,215,177,"Anderson",76978,88.3369274338123,0.0747663551401869,77.9443477357167,18.1870144716672,111.720231754527,7.47663551401869
2021-04-06,8401,5,6288,4,2113,1,7056,6,61466,42,68522,48,0,165,3,89,2,8147,0,215,177,"Anderson",76978,88.3369274338123,0.0823754789272031,62.3554781885734,6.49536231130973,115.617449141313,8.23754789272031
2021-04-07,8421,20,6301,13,2120,7,7070,14,61625,159,68695,173,0,165,10,99,10,8157,2,217,177,"Anderson",76978,84.4397100470264,0.0796116504854369,224.739535971316,25.9814492452389,128.608173763933,7.96116504854369
2021-04-08,8424,3,6303,2,2121,1,7073,3,61716,91,68789,94,5,170,-17,82,15,8172,1,218,177,"Anderson",76978,76.6452752734548,0.072992700729927,122.112811452623,3.89721738678583,106.523941905479,7.2992700729927
2021-04-09,8432,8,6309,6,2123,2,7082,9,61803,87,68885,96,-4,166,8,90,4,8176,0,218,177,"Anderson",76978,75.3462028111928,0.0740740740740741,124.710956377147,10.3925796980956,116.916521603575,7.40740740740741
2021-04-10,8437,5,6314,5,2123,0,7087,5,61874,71,68961,76,0,166,-6,84,11,8187,0,218,177,"Anderson",76978,74.0471303489309,0.0698466780238501,98.7295071319078,6.49536231130973,109.122086830003,6.98466780238501
2021-04-11,8444,7,6319,5,2125,2,7092,5,61918,44,69010,49,-1,165,0,84,8,8195,0,218,177,"Anderson",76978,80.5424926602406,0.0738255033557047,63.6545506508353,9.09350723583361,109.122086830003,7.38255033557047
2021-04-12,8447,3,6322,3,2125,0,7095,3,61987,69,69082,72,0,165,-7,77,10,8205,0,218,177,"Anderson",76978,66.2526955753592,0.0740131578947368,93.53321728286,3.89721738678583,100.02857959417,7.40131578947368
2021-04-13,8457,10,6327,5,2130,5,7101,6,62048,61,69149,67,5,170,-7,70,12,8217,0,218,177,"Anderson",76978,72.7480578866689,0.0717703349282297,87.0378549715503,12.9907246226195,90.9350723583361,7.17703349282297
2021-04-14,8471,14,6336,9,2135,5,7112,11,62186,138,69298,149,0,170,7,77,7,8224,0,218,177,"Anderson",76978,64.9536231130973,0.0696517412935323,193.56179687703,18.1870144716672,100.02857959417,6.96517412935323
2021-04-15,8480,9,6341,5,2139,4,7117,5,62267,81,69384,86,0,170,6,83,3,8227,0,218,177,"Anderson",76978,72.7480578866689,0.0739495798319328,111.720231754527,11.6916521603575,107.823014367741,7.39495798319328
2021-04-16,8493,13,6352,11,2141,2,7130,13,62420,153,69550,166,0,170,6,89,7,8234,0,218,177,"Anderson",76978,79.2434201979786,0.0721804511278196,215.646028735483,16.8879420094053,115.617449141313,7.21804511278196
2021-04-17,8498,5,6355,3,2143,2,7134,4,62485,65,69619,69,0,170,0,89,5,8239,0,218,177,"Anderson",76978,79.2434201979786,0.0714285714285714,89.6359998960742,6.49536231130973,115.617449141313,7.14285714285714
2021-04-18,8505,7,6361,6,2144,1,7140,6,62530,45,69670,51,0,170,0,89,7,8246,0,218,177,"Anderson",76978,79.2434201979786,0.0727272727272727,66.2526955753592,9.09350723583361,115.617449141313,7.27272727272727
2021-04-19,8511,6,6364,3,2147,3,7143,3,62553,23,69696,26,0,170,-6,83,12,8258,0,218,178,"Anderson",76978,83.1406375847645,0.0781758957654723,33.7758840188106,7.79443477357167,107.823014367741,7.81758957654723
2021-04-20,8517,6,6367,3,2150,3,7146,3,62652,99,69798,102,0,170,-1,82,7,8265,0,218,178,"Anderson",76978,77.9443477357167,0.0693374422187981,132.505391150718,7.79443477357167,106.523941905479,6.93374422187981
2021-04-21,8529,12,6373,6,2156,6,7152,6,62807,155,69959,161,1,171,-2,80,13,8278,0,218,178,"Anderson",76978,75.3462028111928,0.0605143721633888,209.150666424173,15.5888695471433,103.925796980956,6.05143721633888
2021-04-22,8547,18,6379,6,2168,12,7159,7,62951,144,70110,151,0,171,12,92,6,8284,0,218,178,"Anderson",76978,87.0378549715503,0.0578512396694215,196.159941801554,23.383304320715,119.514666528099,5.78512396694215
2021-04-23,8557,10,6384,5,2173,5,7165,6,63117,166,70282,172,0,171,8,100,2,8286,0,218,178,"Anderson",76978,83.1406375847645,0.0478142076502732,223.440463509055,12.9907246226195,129.907246226195,4.78142076502732
2021-04-24,8569,12,6390,6,2179,6,7172,7,63184,67,70356,74,0,171,8,108,4,8290,1,219,178,"Anderson",76978,92.2341448205981,0.0515603799185889,96.1313622073839,15.5888695471433,140.29982592429,5.15603799185889
2021-04-25,8573,4,6392,2,2181,2,7174,2,63224,40,70398,42,0,171,0,108,4,8294,0,219,178,"Anderson",76978,88.3369274338123,0.0467032967032967,54.5610434150017,5.19628984904778,140.29982592429,4.67032967032967
2021-04-26,8582,9,6396,4,2186,5,7178,4,63299,75,70477,79,0,171,2,110,7,8301,0,219,179,"Anderson",76978,92.2341448205981,0.0448143405889885,102.626724518694,11.6916521603575,142.897970848814,4.48143405889885
2021-04-27,8592,10,6402,6,2190,4,7184,6,63367,68,70551,74,0,171,-3,107,13,8314,0,219,179,"Anderson",76978,97.4304346696459,0.050464807436919,96.1313622073839,12.9907246226195,139.000753462028,5.0464807436919
2021-04-28,8609,17,6414,12,2195,5,7197,13,63505,138,70702,151,0,171,1,108,16,8330,1,220,180,"Anderson",76978,103.925796980956,0.0605652759084791,196.159941801554,22.0842318584531,140.29982592429,6.05652759084791
2021-04-29,8615,6,6416,2,2199,4,7200,3,63654,149,70854,152,0,171,-1,107,7,8337,0,220,180,"Anderson",76978,88.3369274338123,0.0551075268817204,197.459014263816,7.79443477357167,139.000753462028,5.51075268817204
2021-04-30,8622,7,6419,3,2203,4,7204,4,63776,122,70980,126,0,171,-2,105,9,8346,0,220,180,"Anderson",76978,84.4397100470264,0.0558739255014327,163.683130245005,9.09350723583361,136.402608537504,5.58739255014327
2021-05-01,8627,5,6422,3,2205,2,7207,3,63839,63,71046,66,0,171,-1,104,6,8352,1,221,180,"Anderson",76978,75.3462028111928,0.0507246376811594,85.7387825092884,6.49536231130973,135.103536075242,5.07246376811594
2021-05-02,8630,3,6423,1,2207,2,7208,1,63890,51,71098,52,0,171,-7,97,10,8362,0,221,180,"Anderson",76978,74.0471303489309,0.0485714285714286,67.5517680376211,3.89721738678583,126.010028839409,4.85714285714286
2021-05-03,8640,10,6428,5,2212,5,7213,5,63996,106,71209,111,0,171,-3,94,13,8375,0,221,180,"Anderson",76978,75.3462028111928,0.0478142076502732,144.197043311076,12.9907246226195,122.112811452623,4.78142076502732
2021-05-04,8642,2,6428,0,2214,2,7214,1,64072,76,71286,77,0,171,-11,83,13,8388,0,221,180,"Anderson",76978,64.9536231130973,0.0408163265306122,100.02857959417,2.59814492452389,107.823014367741,4.08163265306122
2021-05-05,8650,8,6432,4,2218,4,7217,3,64189,117,71406,120,0,171,-3,80,11,8399,0,221,180,"Anderson",76978,53.2619709527397,0.0284090909090909,155.888695471433,10.3925796980956,103.925796980956,2.84090909090909
2021-05-06,8655,5,6435,3,2220,2,7223,6,64241,52,71464,58,0,171,-4,76,9,8408,1,222,180,"Anderson",76978,51.9628984904778,0.0377049180327869,75.3462028111928,6.49536231130973,98.7295071319078,3.77049180327869
2021-05-07,8660,5,6437,2,2223,3,7226,3,64362,121,71588,124,0,171,-4,72,9,8417,0,222,180,"Anderson",76978,49.3647535659539,0.0361842105263158,161.084985320481,6.49536231130973,93.53321728286,3.61842105263158
2021-05-08,8666,6,6440,3,2226,3,7228,2,64431,69,71659,71,0,171,-6,66,12,8429,1,223,181,"Anderson",76978,50.6638260282159,0.034257748776509,92.2341448205981,7.79443477357167,85.7387825092884,3.4257748776509
2021-05-09,8667,1,6440,0,2227,1,7229,1,64459,28,71688,29,0,171,-4,62,5,8434,0,223,181,"Anderson",76978,48.065681103692,0.0355932203389831,37.6731014055964,1.29907246226194,80.5424926602406,3.55932203389831
2021-05-10,8672,5,6440,0,2232,5,7229,0,64547,88,71776,88,0,171,-5,57,10,8444,0,223,181,"Anderson",76978,41.5703187923822,0.0282186948853616,114.318376679051,6.49536231130973,74.0471303489309,2.82186948853616
2021-05-11,8680,8,6441,1,2239,7,7231,2,64589,42,71820,44,0,171,3,60,5,8449,0,223,182,"Anderson",76978,49.3647535659539,0.0318352059925094,57.1591883395256,10.3925796980956,77.9443477357167,3.18352059925094
2021-05-12,8693,13,6448,7,2245,6,7237,6,64693,104,71930,110,0,171,8,68,5,8454,2,225,182,"Anderson",76978,55.8601158772636,0.0381679389312977,142.897970848814,16.8879420094053,88.3369274338123,3.81679389312977
2021-05-13,8697,4,6450,2,2247,2,7239,2,64796,103,72035,105,0,171,-3,65,7,8461,2,227,182,"Anderson",76978,54.5610434150017,0.0280210157618214,136.402608537504,5.19628984904778,84.4397100470264,2.80210157618214
2021-05-14,8705,8,6453,3,2252,5,7244,5,64883,87,72127,92,0,171,2,67,6,8467,0,227,182,"Anderson",76978,58.4582608017875,0.0333951762523191,119.514666528099,10.3925796980956,87.0378549715503,3.33951762523191
2021-05-15,8710,5,6455,2,2255,3,7246,2,64948,65,72194,67,0,171,1,68,4,8471,0,227,182,"Anderson",76978,57.1591883395256,0.0336448598130841,87.0378549715503,6.49536231130973,88.3369274338123,3.36448598130841
2021-05-16,8712,2,6456,1,2256,1,7247,1,64984,36,72231,37,0,171,-5,63,7,8478,0,227,182,"Anderson",76978,58.4582608017875,0.0331491712707182,48.065681103692,2.59814492452389,81.8415651225025,3.31491712707182
2021-05-17,8718,6,6461,5,2257,1,7252,5,65043,59,72295,64,1,172,0,63,5,8483,0,227,182,"Anderson",76978,59.7573332640495,0.0443159922928709,83.1406375847645,7.79443477357167,81.8415651225025,4.43159922928709
2021-05-18,8722,4,6461,0,2261,4,7252,0,65134,91,72386,91,0,172,0,63,4,8487,1,228,182,"Anderson",76978,54.5610434150017,0.0371024734982332,118.215594065837,5.19628984904778,81.8415651225025,3.71024734982332
2021-05-19,8729,7,6466,5,2263,2,7258,6,65253,119,72511,125,0,172,5,68,2,8489,0,228,182,"Anderson",76978,46.76660864143,0.036144578313253,162.384057782743,9.09350723583361,88.3369274338123,3.6144578313253
2021-05-20,8731,2,6468,2,2263,0,7260,2,65372,119,72632,121,0,172,-1,67,3,8492,0,228,182,"Anderson",76978,44.1684637169061,0.0351758793969849,157.187767933695,2.59814492452389,87.0378549715503,3.51758793969849
2021-05-21,8733,2,6468,0,2265,2,7260,0,65442,70,72702,70,0,172,-7,60,9,8501,0,228,182,"Anderson",76978,36.3740289433345,0.0278260869565217,90.9350723583361,2.59814492452389,77.9443477357167,2.78260869565217
2021-05-22,8738,5,6470,2,2268,3,7262,2,65482,40,72744,42,0,172,-3,57,8,8509,0,228,182,"Anderson",76978,36.3740289433345,0.0290909090909091,54.5610434150017,6.49536231130973,74.0471303489309,2.90909090909091
2021-05-23,8738,0,6470,0,2268,0,7262,0,65511,29,72773,29,0,172,-3,54,3,8512,0,228,182,"Anderson",76978,33.7758840188106,0.0276752767527675,37.6731014055964,0,70.149912962145,2.76752767527675
2021-05-24,8746,8,6474,4,2272,4,7265,3,65570,59,72835,62,0,172,1,55,7,8519,0,228,182,"Anderson",76978,36.3740289433345,0.0240740740740741,80.5424926602406,10.3925796980956,71.448985424407,2.40740740740741
2021-05-25,8748,2,6474,0,2274,2,7266,1,65615,45,72881,46,0,172,-10,45,12,8531,0,228,182,"Anderson",76978,33.7758840188106,0.0282828282828283,59.7573332640495,2.59814492452389,58.4582608017875,2.82828282828283
2021-05-26,8755,7,6479,5,2276,2,7272,6,65715,100,72987,106,0,172,0,45,7,8538,0,228,182,"Anderson",76978,33.7758840188106,0.0294117647058824,137.701680999766,9.09350723583361,58.4582608017875,2.94117647058824
2021-05-27,8757,2,6480,1,2277,1,7273,1,65765,50,73038,51,0,172,-1,44,3,8541,1,229,182,"Anderson",76978,33.7758840188106,0.0320197044334975,66.2526955753592,2.59814492452389,57.1591883395256,3.20197044334975
2021-05-28,8762,5,6484,4,2278,1,7278,5,65848,83,73126,88,0,172,0,44,5,8546,0,229,182,"Anderson",76978,37.6731014055964,0.0424528301886792,114.318376679051,6.49536231130973,57.1591883395256,4.24528301886792
2021-05-29,8763,1,6484,0,2279,1,7278,0,65885,37,73163,37,0,172,-5,39,6,8552,0,229,182,"Anderson",76978,32.4768115565486,0.0381861575178998,48.065681103692,1.29907246226194,50.6638260282159,3.81861575178998
2021-05-30,8766,3,6485,1,2281,2,7279,1,65935,50,73214,51,0,172,0,39,3,8555,0,229,182,"Anderson",76978,36.3740289433345,0.0385487528344671,66.2526955753592,3.89721738678583,50.6638260282159,3.85487528344671
2021-05-31,8770,4,6488,3,2282,1,7282,3,65986,51,73268,54,0,172,1,40,3,8558,0,229,182,"Anderson",76978,31.1777390942867,0.0392609699769053,70.149912962145,5.19628984904778,51.9628984904778,3.92609699769053
2021-06-01,8773,3,6490,2,2283,1,7283,1,66034,48,73317,49,0,172,1,41,2,8560,1,230,182,"Anderson",76978,32.4768115565486,0.0389908256880734,63.6545506508353,3.89721738678583,53.2619709527397,3.89908256880734
2021-06-02,8777,4,6491,1,2286,3,7285,2,66075,41,73360,43,0,172,-2,39,6,8566,0,230,182,"Anderson",76978,28.5795941697628,0.0348525469168901,55.8601158772636,5.19628984904778,50.6638260282159,3.48525469168901
2021-06-03,8778,1,6491,0,2287,1,7288,3,66165,90,73453,93,1,173,-3,36,3,8569,0,230,183,"Anderson",76978,27.2805217075008,0.036144578313253,120.813738990361,1.29907246226194,46.76660864143,3.6144578313253
2021-06-04,8779,1,6492,1,2287,0,7290,2,66218,53,73508,55,-1,172,-2,34,4,8573,0,230,183,"Anderson",76978,22.0842318584531,0.031413612565445,71.448985424407,1.29907246226194,44.1684637169061,3.1413612565445
2021-06-05,8780,1,6493,1,2287,0,7291,1,66275,57,73566,58,0,172,-3,31,4,8577,0,230,183,"Anderson",76978,22.0842318584531,0.032258064516129,75.3462028111928,1.29907246226194,40.2712463301203,3.2258064516129
2021-06-06,8780,0,6493,0,2287,0,7291,0,66300,25,73591,25,0,172,-4,27,4,8581,0,230,183,"Anderson",76978,18.1870144716672,0.0318302387267905,32.4768115565486,0,35.0749564810725,3.18302387267904
2021-06-07,8781,1,6493,0,2288,1,7291,0,66364,64,73655,64,0,172,-1,26,2,8583,0,230,183,"Anderson",76978,14.2897970848814,0.0232558139534884,83.1406375847645,1.29907246226194,33.7758840188106,2.32558139534884
2021-06-08,8782,1,6493,0,2289,1,7291,0,66401,37,73692,37,0,172,-1,25,2,8585,1,231,184,"Anderson",76978,11.6916521603575,0.0213333333333333,48.065681103692,1.29907246226194,32.4768115565486,2.13333333333333
2021-06-09,8782,0,6493,0,2289,0,7291,0,66483,82,73774,82,0,172,-4,21,4,8589,0,231,184,"Anderson",76978,6.49536231130972,0.0144927536231884,106.523941905479,0,27.2805217075008,1.44927536231884
2021-06-10,8786,4,6494,1,2292,3,7292,1,66540,57,73832,58,0,172,4,25,0,8589,0,231,184,"Anderson",76978,10.3925796980956,0.0105540897097625,75.3462028111928,5.19628984904778,32.4768115565486,1.05540897097625
2021-06-11,8787,1,6494,0,2293,1,7293,1,66595,55,73888,56,1,173,-3,22,3,8592,0,231,184,"Anderson",76978,10.3925796980956,0.00789473684210526,72.7480578866689,1.29907246226194,28.5795941697628,0.789473684210526
2021-06-12,8788,1,6494,0,2294,1,7294,1,66650,55,73944,56,2,175,-4,18,3,8595,0,231,184,"Anderson",76978,10.3925796980956,0.00793650793650794,72.7480578866689,1.29907246226194,23.383304320715,0.793650793650794
2021-06-13,8789,1,6494,0,2295,1,7295,1,66688,38,73983,39,0,175,-3,15,4,8599,0,231,184,"Anderson",76978,11.6916521603575,0.0102040816326531,50.6638260282159,1.29907246226194,19.4860869339292,1.02040816326531
2021-06-14,8791,2,6496,2,2295,0,7297,2,66774,86,74071,88,0,175,1,16,1,8600,0,231,184,"Anderson",76978,12.9907246226194,0.0144230769230769,114.318376679051,2.59814492452389,20.7851593961911,1.44230769230769
2021-06-15,8791,0,6496,0,2295,0,7298,1,66805,31,74103,32,0,175,-2,14,2,8602,0,231,184,"Anderson",76978,11.6916521603575,0.0170316301703163,41.5703187923822,0,18.1870144716672,1.70316301703163
2021-06-16,8792,1,6497,1,2295,0,7299,1,66849,44,74148,45,0,175,0,14,1,8603,0,231,184,"Anderson",76978,12.9907246226194,0.0213903743315508,58.4582608017875,1.29907246226194,18.1870144716672,2.13903743315508
2021-06-17,8792,0,6497,0,2295,0,7299,0,66935,86,74234,86,0,175,-1,13,1,8604,0,231,184,"Anderson",76978,7.79443477357167,0.0174129353233831,111.720231754527,0,16.8879420094053,1.74129353233831
2021-06-18,8794,2,6498,1,2296,1,7303,4,66985,50,74288,54,0,175,1,14,1,8605,0,231,184,"Anderson",76978,9.09350723583361,0.025,70.149912962145,2.59814492452389,18.1870144716672,2.5
2021-06-19,8794,0,6498,0,2296,0,7303,0,67033,48,74336,48,0,175,-1,13,1,8606,0,231,184,"Anderson",76978,7.79443477357167,0.0229591836734694,62.3554781885734,0,16.8879420094053,2.29591836734694
2021-06-20,8794,0,6498,0,2296,0,7304,1,67056,23,74360,24,0,175,-2,11,2,8608,0,231,184,"Anderson",76978,6.49536231130972,0.0238726790450928,31.1777390942867,0,14.2897970848814,2.38726790450928
2021-06-21,8795,1,6498,0,2297,1,7304,0,67096,40,74400,40,0,175,0,11,1,8609,0,231,184,"Anderson",76978,5.19628984904778,0.0212765957446809,51.9628984904778,1.29907246226194,14.2897970848814,2.12765957446809
2021-06-22,8799,4,6499,1,2300,3,7304,0,67138,42,74442,42,0,175,2,13,2,8611,1,232,184,"Anderson",76978,10.3925796980956,0.0176991150442478,54.5610434150017,5.19628984904778,16.8879420094053,1.76991150442478
2021-06-23,8800,1,6500,1,2300,0,7305,1,67186,48,74491,49,0,175,1,14,0,8611,0,232,184,"Anderson",76978,10.3925796980956,0.0174927113702624,63.6545506508353,1.29907246226194,18.1870144716672,1.74927113702624
2021-06-24,8800,0,6500,0,2300,0,7306,1,67231,45,74537,46,0,175,-3,11,3,8614,0,232,184,"Anderson",76978,10.3925796980956,0.0231023102310231,59.7573332640495,0,14.2897970848814,2.31023102310231
2021-06-25,8801,1,6501,1,2300,0,7307,1,67267,36,74574,37,0,175,1,12,0,8614,0,232,184,"Anderson",76978,9.09350723583361,0.013986013986014,48.065681103692,1.29907246226194,15.5888695471433,1.3986013986014
2021-06-26,8802,1,6502,1,2300,0,7308,1,67300,33,74608,34,0,175,0,12,1,8615,0,232,184,"Anderson",76978,10.3925796980956,0.0183823529411765,44.1684637169061,1.29907246226194,15.5888695471433,1.83823529411765
2021-06-27,8802,0,6502,0,2300,0,7308,0,67332,32,74640,32,0,175,0,12,0,8615,0,232,184,"Anderson",76978,10.3925796980956,0.0142857142857143,41.5703187923822,0,15.5888695471433,1.42857142857143
2021-06-28,8803,1,6502,0,2301,1,7309,1,67348,16,74657,17,0,175,1,13,0,8615,0,232,184,"Anderson",76978,10.3925796980956,0.0194552529182879,22.0842318584531,1.29907246226194,16.8879420094053,1.94552529182879
2021-06-29,8806,3,6505,3,2301,0,7312,3,67407,59,74719,62,0,175,2,15,1,8616,0,232,184,"Anderson",76978,9.09350723583361,0.0288808664259928,80.5424926602406,3.89721738678583,19.4860869339292,2.88808664259928
2021-06-30,8806,0,6505,0,2301,0,7312,0,67453,46,74765,46,0,175,-1,14,1,8617,0,232,184,"Anderson",76978,7.79443477357167,0.0255474452554745,59.7573332640495,0,18.1870144716672,2.55474452554745
2021-07-01,8807,1,6506,1,2301,0,7313,1,67490,37,74803,38,0,175,1,15,0,8617,0,232,184,"Anderson",76978,9.09350723583361,0.0263157894736842,49.3647535659539,1.29907246226194,19.4860869339292,2.63157894736842
2021-07-02,8807,0,6506,0,2301,0,7313,0,67533,43,74846,43,0,175,0,15,0,8617,0,232,184,"Anderson",76978,7.79443477357167,0.0220588235294118,55.8601158772636,0,19.4860869339292,2.20588235294118
2021-07-03,8807,0,6506,0,2301,0,7313,0,67554,21,74867,21,0,175,-1,14,1,8618,0,232,184,"Anderson",76978,6.49536231130972,0.0193050193050193,27.2805217075008,0,18.1870144716672,1.93050193050193
2021-07-04,8808,1,6506,0,2302,1,7314,1,67579,25,74893,26,0,175,0,14,1,8619,0,232,184,"Anderson",76978,7.79443477357167,0.0237154150197628,33.7758840188106,1.29907246226194,18.1870144716672,2.37154150197628
2021-07-05,8808,0,6506,0,2302,0,7315,1,67594,15,74909,16,0,175,-1,13,1,8620,0,232,184,"Anderson",76978,6.49536231130972,0.0238095238095238,20.7851593961911,0,16.8879420094053,2.38095238095238
2021-07-06,8809,1,6506,0,2303,1,7315,0,67624,30,74939,30,1,176,-3,10,3,8623,0,232,184,"Anderson",76978,3.89721738678583,0.0136363636363636,38.9721738678584,1.29907246226194,12.9907246226195,1.36363636363636
2021-07-07,8810,1,6506,0,2304,1,7315,0,67670,46,74985,46,0,176,-2,8,3,8626,0,232,184,"Anderson",76978,5.19628984904778,0.0136363636363636,59.7573332640495,1.29907246226194,10.3925796980956,1.36363636363636
2021-07-08,8811,1,6507,1,2304,0,7316,1,67711,41,75027,42,0,176,-1,7,2,8628,0,232,184,"Anderson",76978,5.19628984904778,0.0133928571428571,54.5610434150017,1.29907246226194,9.09350723583361,1.33928571428571
2021-07-09,8813,2,6508,1,2305,1,7317,1,67755,44,75072,45,0,176,1,8,1,8629,0,232,184,"Anderson",76978,7.79443477357167,0.0176991150442478,58.4582608017875,2.59814492452389,10.3925796980956,1.76991150442478
2021-07-10,8815,2,6509,1,2306,1,7318,1,67777,22,75095,23,0,176,2,10,0,8629,1,233,184,"Anderson",76978,10.3925796980956,0.0219298245614035,29.8786666320247,2.59814492452389,12.9907246226195,2.19298245614035
2021-07-11,8815,0,6509,0,2306,0,7318,0,67792,15,75110,15,0,176,0,10,0,8629,0,233,184,"Anderson",76978,9.09350723583361,0.0184331797235023,19.4860869339292,0,12.9907246226195,1.84331797235023
2021-07-12,8823,8,6513,4,2310,4,7322,4,67828,36,75150,40,0,176,7,17,1,8630,1,234,184,"Anderson",76978,19.4860869339292,0.029045643153527,51.9628984904778,10.3925796980956,22.0842318584531,2.9045643153527
2021-07-13,8824,1,6513,0,2311,1,7322,0,67849,21,75171,21,0,176,0,17,1,8631,0,234,186,"Anderson",76978,19.4860869339292,0.0301724137931034,27.2805217075008,1.29907246226194,22.0842318584531,3.01724137931034
2021-07-14,8829,5,6518,5,2311,0,7327,5,67903,54,75230,59,0,176,5,22,0,8631,1,235,186,"Anderson",76978,24.682376782977,0.0489795918367347,76.6452752734548,6.49536231130973,28.5795941697628,4.89795918367347
2021-07-15,8832,3,6521,3,2311,0,7329,2,67936,33,75265,35,0,176,3,25,0,8631,0,235,186,"Anderson",76978,27.2805217075008,0.0546218487394958,45.4675361791681,3.89721738678583,32.4768115565486,5.46218487394958
2021-07-16,8842,10,6523,2,2319,8,7330,1,67964,28,75294,29,0,176,10,35,0,8631,0,235,186,"Anderson",76978,37.6731014055964,0.0585585585585586,37.6731014055964,12.9907246226195,45.4675361791681,5.85585585585586
2021-07-17,8847,5,6524,1,2323,4,7331,1,68000,36,75331,37,0,176,4,39,1,8632,0,235,186,"Anderson",76978,41.5703187923822,0.0550847457627119,48.065681103692,6.49536231130973,50.6638260282159,5.50847457627119
2021-07-18,8850,3,6526,2,2324,1,7333,2,68020,20,75353,22,0,176,-1,38,4,8636,0,235,186,"Anderson",76978,45.4675361791681,0.0617283950617284,28.5795941697628,3.89721738678583,49.3647535659539,6.17283950617284
2021-07-19,8855,5,6530,4,2325,1,7337,4,68054,34,75391,38,1,177,2,40,2,8638,0,235,186,"Anderson",76978,41.5703187923822,0.0622406639004149,49.3647535659539,6.49536231130973,51.9628984904778,6.22406639004149
2021-07-20,8870,15,6541,11,2329,4,7348,11,68089,35,75437,46,0,177,10,50,5,8643,1,236,186,"Anderson",76978,59.7573332640495,0.0977443609022556,59.7573332640495,19.4860869339292,64.9536231130973,9.77443609022556
2021-07-21,8877,7,6545,4,2332,3,7353,5,68174,85,75527,90,0,177,5,55,2,8645,0,236,187,"Anderson",76978,62.3554781885734,0.0875420875420875,116.916521603575,9.09350723583361,71.448985424407,8.75420875420875
2021-07-22,8887,10,6550,5,2337,5,7357,4,68230,56,75587,60,0,177,9,64,1,8646,0,236,187,"Anderson",76978,71.448985424407,0.0869565217391304,77.9443477357167,12.9907246226195,83.1406375847645,8.69565217391304
2021-07-23,8897,10,6554,4,2343,6,7362,5,68301,71,75663,76,0,177,10,74,0,8646,0,236,187,"Anderson",76978,71.448985424407,0.0867208672086721,98.7295071319078,12.9907246226195,96.1313622073839,8.67208672086721
2021-07-24,8905,8,6558,4,2347,4,7366,4,68355,54,75721,58,0,177,7,81,1,8647,0,236,188,"Anderson",76978,75.3462028111928,0.0897435897435897,75.3462028111928,10.3925796980956,105.224869443218,8.97435897435897
2021-07-25,8910,5,6561,3,2349,2,7367,1,68377,22,75744,23,0,177,2,83,3,8650,0,236,188,"Anderson",76978,77.9443477357167,0.0869565217391304,29.8786666320247,6.49536231130973,107.823014367741,8.69565217391304
2021-07-26,8933,23,6570,9,2363,14,7375,8,68427,50,75802,58,2,179,13,96,8,8658,0,236,188,"Anderson",76978,101.327652056432,0.0924574209245742,75.3462028111928,29.8786666320247,124.710956377147,9.24574209245742
2021-07-27,8948,15,6575,5,2373,10,7380,5,68480,53,75860,58,0,179,12,108,3,8661,0,236,188,"Anderson",76978,101.327652056432,0.0756501182033097,75.3462028111928,19.4860869339292,140.29982592429,7.56501182033097
2021-07-28,8968,20,6583,8,2385,12,7392,12,68563,83,75955,95,0,179,14,122,6,8667,0,236,188,"Anderson",76978,118.215594065837,0.0911214953271028,123.411883914885,25.9814492452389,158.486840395957,9.11214953271028
2021-07-29,8980,12,6593,10,2387,2,7404,12,68612,49,76016,61,0,179,8,130,4,8671,0,236,188,"Anderson",76978,120.813738990361,0.10955710955711,79.2434201979787,15.5888695471433,168.879420094053,10.955710955711
2021-07-30,9011,31,6614,21,2397,10,7427,23,68661,49,76088,72,0,179,19,149,12,8683,1,237,188,"Anderson",76978,148.094260697862,0.152941176470588,93.53321728286,40.2712463301203,193.56179687703,15.2941176470588
2021-07-31,9024,13,6620,6,2404,7,7433,6,68703,42,76136,48,0,179,8,157,5,8688,0,237,188,"Anderson",76978,154.589623009171,0.16144578313253,62.3554781885734,16.8879420094053,203.954376575125,16.144578313253
2021-08-01,9043,19,6631,11,2412,8,7448,15,68742,39,76190,54,0,179,14,171,5,8693,0,237,188,"Anderson",76978,172.776637480839,0.181614349775785,70.149912962145,24.682376782977,222.141391046793,18.1614349775785
2021-08-02,9054,11,6636,5,2418,6,7453,5,68821,79,76274,84,0,179,3,174,8,8701,0,237,188,"Anderson",76978,157.187767933695,0.165254237288136,109.122086830003,14.2897970848814,226.038608433578,16.5254237288136
2021-08-03,9077,23,6647,11,2430,12,7466,13,68893,72,76359,85,0,179,14,188,9,8710,1,238,188,"Anderson",76978,167.580347631791,0.172344689378758,110.421159292265,29.8786666320247,244.225622905246,17.2344689378758
2021-08-04,9103,26,6669,22,2434,4,7487,21,68995,102,76482,123,0,179,24,212,2,8712,0,238,188,"Anderson",76978,175.374782405363,0.180265654648956,159.785912858219,33.7758840188106,275.403361999532,18.0265654648956
2021-08-05,9133,30,6685,16,2448,14,7503,16,69093,98,76596,114,0,179,13,225,17,8729,1,239,188,"Anderson",76978,198.758086726078,0.170689655172414,148.094260697862,38.9721738678584,292.291304008938,17.0689655172414
2021-08-06,9158,25,6701,16,2457,9,7521,18,69236,143,76757,161,0,179,17,242,8,8737,1,240,188,"Anderson",76978,190.963651952506,0.14050822122571,209.150666424173,32.4768115565486,314.375535867391,14.050822122571
2021-08-07,9171,13,6707,6,2464,7,7528,7,69311,75,76839,82,0,179,5,247,8,8745,0,240,188,"Anderson",76978,190.963651952506,0.135135135135135,106.523941905479,16.8879420094053,320.8708981787,13.5135135135135
2021-08-08,9185,14,6715,8,2470,6,7538,10,69363,52,76901,62,0,179,6,253,8,8753,0,240,188,"Anderson",76978,184.468289641196,0.126582278481013,80.5424926602406,18.1870144716672,328.665332952272,12.6582278481013
2021-08-09,9221,36,6734,19,2487,17,7557,19,69462,99,77019,118,0,179,16,269,20,8773,0,240,188,"Anderson",76978,216.945101197745,0.139597315436242,153.29055054691,46.76660864143,349.450492348463,13.9597315436242
2021-08-10,9260,39,6754,20,2506,19,7577,20,69562,100,77139,120,0,179,20,289,19,8792,2,242,188,"Anderson",76978,237.730260593936,0.142307692307692,155.888695471433,50.6638260282159,375.431941593702,14.2307692307692
2021-08-11,9314,54,6778,24,2536,30,7606,29,69694,132,77300,161,0,179,30,319,24,8816,1,243,188,"Anderson",76978,274.10428953727,0.145476772616137,209.150666424173,70.149912962145,414.40411546156,14.5476772616137
2021-08-12,9362,48,6814,36,2548,12,7643,37,69862,168,77505,205,0,179,27,346,21,8837,0,243,190,"Anderson",76978,297.487593857985,0.154015401540154,266.309854763699,62.3554781885734,449.479071942633,15.4015401540154
2021-08-13,9425,63,6849,35,2576,28,7681,38,69976,114,77657,152,2,181,45,391,16,8853,1,244,191,"Anderson",76978,346.852347423939,0.177777777777778,197.459014263816,81.8415651225025,507.93733274442,17.7777777777778
2021-08-14,9475,50,6884,35,2591,15,7713,32,70162,186,77875,218,0,181,29,420,21,8874,0,244,191,"Anderson",76978,394.918028527631,0.178571428571429,283.197796773104,64.9536231130973,545.610434150017,17.8571428571429
2021-08-15,9498,23,6897,13,2601,10,7728,15,70251,89,77979,104,0,181,16,436,7,8881,0,244,191,"Anderson",76978,406.609680687989,0.176252319109462,135.103536075242,29.8786666320247,566.395593546208,17.6252319109462
2021-08-16,9536,38,6921,24,2615,14,7752,24,70340,89,78092,113,0,181,11,447,27,8908,0,244,192,"Anderson",76978,409.207825612513,0.181733457595527,146.7951882356,49.3647535659539,580.685390631089,18.1733457595527
2021-08-17,9579,43,6942,21,2637,22,7776,24,70448,108,78224,132,1,182,14,461,28,8936,0,244,192,"Anderson",76978,414.40411546156,0.183410138248848,171.477565018577,55.8601158772636,598.872405102757,18.3410138248848
2021-08-18,9631,52,6969,27,2662,25,7807,31,70560,112,78367,143,0,182,15,476,37,8973,0,244,193,"Anderson",76978,411.805970537037,0.188378631677601,185.767362103458,67.5517680376211,618.358492036686,18.8378631677601
2021-08-19,9705,74,7002,33,2703,41,7842,35,70712,152,78554,187,0,182,48,524,26,8999,0,244,193,"Anderson",76978,445.581854555847,0.189704480457579,242.926550442984,96.1313622073839,680.713970225259,18.9704480457579
2021-08-20,9765,60,7044,42,2721,18,7886,44,70906,194,78792,238,0,182,26,550,34,9033,2,246,193,"Anderson",76978,441.684637169061,0.180616740088106,309.179246018343,77.9443477357167,714.48985424407,18.0616740088106
2021-08-21,9846,81,7077,33,2769,48,7920,34,71180,274,79100,308,0,182,60,610,21,9054,1,247,193,"Anderson",76978,481.955883499182,0.168979591836735,400.114318376679,105.224869443218,792.434201979786,16.8979591836735
2021-08-22,9869,23,7099,22,2770,1,7948,28,71336,156,79284,184,0,182,-2,608,25,9079,0,247,193,"Anderson",76978,481.955883499182,0.168582375478927,239.029333056198,29.8786666320247,789.836057055263,16.8582375478927
2021-08-23,9917,48,7113,14,2804,34,7965,17,71471,135,79436,152,0,182,-4,604,52,9131,2,249,194,"Anderson",76978,494.946608121801,0.158482142857143,197.459014263816,62.3554781885734,784.639767206215,15.8482142857143
2021-08-24,9961,44,7140,27,2821,17,7989,24,71557,86,79546,110,1,183,-23,581,66,9197,0,249,195,"Anderson",76978,496.245680584063,0.161119515885023,142.897970848814,57.1591883395256,754.76110057419,16.1119515885023
2021-08-25,10032,71,7166,26,2866,45,8011,22,71601,44,79612,66,0,183,15,596,56,9253,1,250,195,"Anderson",76978,520.92805736704,0.163855421686747,85.7387825092884,92.2341448205981,774.247187508119,16.3855421686747
2021-08-26,10100,68,7202,36,2898,32,8055,44,71773,172,79828,216,1,184,15,611,52,9305,2,252,196,"Anderson",76978,513.133622593468,0.167189952904239,280.59965184858,88.3369274338123,793.733274442048,16.7189952904239
2021-08-27,10175,75,7257,55,2918,20,8116,61,71950,177,80066,238,0,184,29,640,46,9351,0,252,196,"Anderson",76978,532.619709527397,0.180533751962323,309.179246018343,97.4304346696459,831.406375847645,18.0533751962323
2021-08-28,10234,59,7289,32,2945,27,8156,40,72154,204,80310,244,0,184,31,671,28,9379,0,252,196,"Anderson",76978,504.040115357635,0.19504132231405,316.973680791915,76.6452752734548,871.677622177765,19.504132231405
2021-08-29,10298,64,7338,49,2960,15,8210,54,72365,211,80575,265,0,184,40,711,24,9403,1,253,197,"Anderson",76978,557.302086310374,0.20294345468629,344.254202499415,83.1406375847645,923.640520668243,20.294345468629
2021-08-30,10369,71,7384,46,2985,25,8258,48,72591,226,80849,274,0,184,3,714,68,9471,3,256,197,"Anderson",76978,587.180752942399,0.207360226468507,355.945854659773,92.2341448205981,927.537738055029,20.7360226468507
2021-08-31,10503,134,7466,82,3037,52,8345,87,72848,257,81193,344,0,184,48,762,86,9557,0,256,198,"Anderson",76978,704.097274545974,0.216150576806314,446.880927018109,174.075709943101,989.893216243602,21.6150576806314
2021-09-01,10534,31,7488,22,3046,9,8369,24,72939,91,81308,115,0,184,-17,745,48,9605,0,256,199,"Anderson",76978,652.134376055496,0.211084905660377,149.393333160124,40.2712463301203,967.808984385149,21.1084905660377
2021-09-02,10593,59,7514,26,3079,33,8398,29,73040,101,81438,130,1,185,-9,736,67,9672,0,256,199,"Anderson",76978,640.442723895139,0.21304347826087,168.879420094053,76.6452752734548,956.117332224792,21.304347826087
2021-09-03,10622,29,7532,18,3090,11,8416,18,73113,73,81529,91,0,185,-38,698,67,9739,0,256,199,"Anderson",76978,580.685390631089,0.205058099794942,118.215594065837,37.6731014055964,906.752578658838,20.5058099794942
2021-09-04,10729,107,7602,70,3127,37,8492,76,73434,321,81926,397,0,185,76,774,31,9770,1,257,199,"Anderson",76978,643.040868819663,0.207920792079208,515.731767517992,139.000753462028,1005.48208579075,20.7920792079208
2021-09-05,10841,112,7676,74,3165,38,8568,76,73738,304,82306,380,0,185,76,850,36,9806,1,258,200,"Anderson",76978,705.396347008236,0.20681686886193,493.647535659539,145.496115773338,1104.21159292265,20.681686886193
2021-09-06,10956,115,7753,77,3203,38,8655,87,74145,407,82800,494,0,185,-4,846,119,9925,3,261,201,"Anderson",76978,762.555535347762,0.203485392106612,641.741796357401,149.393333160124,1099.01530307361,20.3485392106612
2021-09-07,10993,37,7773,20,3220,17,8673,18,74244,99,82917,117,0,185,-73,773,110,10035,0,261,201,"Anderson",76978,636.545506508353,0.190255220417633,151.991478084648,48.065681103692,1004.18301332848,19.0255220417633
2021-09-08,11034,41,7804,31,3230,10,8705,32,74351,107,83056,139,0,185,-56,717,97,10132,2,263,204,"Anderson",76978,649.536231130973,0.192219679633867,180.57107225441,53.2619709527397,931.434955441815,19.2219679633867
2021-09-09,11092,58,7825,21,3267,37,8723,18,74557,206,83280,224,0,185,-42,675,100,10232,1,264,207,"Anderson",76978,648.237158668711,0.176438653637351,290.992231546676,75.3462028111928,876.873912026813,17.6438653637351
2021-09-10,11244,152,7898,73,3346,79,8804,81,74850,293,83654,374,1,186,65,740,86,10318,2,266,208,"Anderson",76978,808.02307152693,0.182588235294118,485.853100885967,197.459014263816,961.313622073839,18.2588235294118
2021-09-11,11359,115,7960,62,3399,53,8873,69,75196,346,84069,415,0,186,82,822,33,10351,1,267,208,"Anderson",76978,818.415651225025,0.177788147456836,539.115071838707,149.393333160124,1067.83756397932,17.7788147456836
2021-09-12,11397,38,7992,32,3405,6,8908,35,75339,143,84247,178,0,186,5,827,33,10384,4,271,209,"Anderson",76978,722.284289017641,0.175167439464194,231.234898282626,49.3647535659539,1074.33292629063,17.5167439464194
2021-09-13,11485,88,8026,34,3459,54,8942,34,75469,130,84411,164,4,190,-48,779,132,10516,3,274,209,"Anderson",76978,687.209332536569,0.178150217256363,213.047883810959,114.318376679051,1011.97744810206,17.8150217256363
2021-09-14,11545,60,8056,30,3489,30,8977,35,75628,159,84605,194,1,191,-47,732,106,10622,1,275,209,"Anderson",76978,717.087999168594,0.180094786729858,252.020057678817,77.9443477357167,950.921042375744,18.0094786729858
2021-09-15,11585,40,8072,16,3513,24,8991,14,75689,61,84680,75,0,191,-42,690,82,10704,1,276,210,"Anderson",76978,715.788926706332,0.176108374384236,97.4304346696459,51.9628984904778,896.359998960742,17.6108374384236
2021-09-16,11671,86,8126,54,3545,32,9047,56,75911,222,84958,278,0,191,26,716,60,10764,1,277,210,"Anderson",76978,752.162955649666,0.193087008343266,361.142144508821,111.720231754527,930.135882979553,19.3087008343266
2021-09-17,11744,73,8168,42,3576,31,9084,37,76074,163,85158,200,0,191,14,730,59,10823,1,278,214,"Anderson",76978,649.536231130973,0.186170212765957,259.814492452389,94.832289745122,948.32289745122,18.6170212765957
2021-09-18,11796,52,8198,30,3598,22,9117,33,76228,154,85345,187,0,191,7,737,45,10868,1,279,215,"Anderson",76978,567.69466600847,0.191222570532915,242.926550442984,67.5517680376211,957.416404687054,19.1222570532915
2021-09-19,11819,23,8207,9,3612,14,9127,10,76296,68,85423,78,0,191,-18,719,41,10909,0,279,215,"Anderson",76978,548.208579074541,0.186224489795918,101.327652056432,29.8786666320247,934.033100366338,18.6224489795918
2021-09-20,11882,63,8242,35,3640,28,9163,36,76482,186,85645,222,0,191,23,742,40,10949,3,282,215,"Anderson",76978,515.731767517992,0.179092382495948,288.394086622152,81.8415651225025,963.911766998363,17.9092382495948
2021-09-21,11936,54,8268,26,3668,28,9187,24,76600,118,85787,142,0,191,-55,687,109,11058,1,283,216,"Anderson",76978,507.93733274442,0.177664974619289,184.468289641196,70.149912962145,892.462781573956,17.7664974619289
2021-09-22,11987,51,8302,34,3685,17,9227,40,76872,272,86099,312,0,191,-39,648,90,11148,0,283,218,"Anderson",76978,522.227129829302,0.16631430584919,405.310608225727,66.2526955753592,841.79895554574,16.631430584919
2021-09-23,12062,75,8350,48,3712,27,9278,51,77080,208,86358,259,2,193,-11,637,84,11232,1,284,218,"Anderson",76978,507.93733274442,0.165,336.459767725844,97.4304346696459,827.509158460859,16.5
2021-09-24,12103,41,8372,22,3731,19,9303,25,77220,140,86523,165,2,195,-18,619,57,11289,1,285,221,"Anderson",76978,466.367013952038,0.16043956043956,214.346956273221,53.2619709527397,804.125854140144,16.043956043956
2021-09-25,12113,10,8376,4,3737,6,9309,6,77315,95,86624,101,0,195,-36,583,46,11335,0,285,221,"Anderson",76978,411.805970537037,0.150117279124316,131.206318688456,12.9907246226195,757.359245498714,15.0117279124316
2021-09-26,12131,18,8391,15,3740,3,9327,18,77452,137,86779,155,1,196,-12,571,29,11364,0,285,221,"Anderson",76978,405.310608225727,0.147492625368732,201.356231650601,23.383304320715,741.770375951571,14.7492625368732
2021-09-27,12181,50,8412,21,3769,29,9349,22,77538,86,86887,108,1,197,-43,528,92,11456,1,286,222,"Anderson",76978,388.422666216322,0.14975845410628,140.29982592429,64.9536231130973,685.910260074307,14.975845410628
2021-09-28,12230,49,8436,24,3794,25,9376,27,77633,95,87009,122,0,197,-29,499,78,11534,1,287,222,"Anderson",76978,381.927303905012,0.154664484451718,158.486840395957,63.6545506508353,648.237158668711,15.4664484451718
2021-09-29,12266,36,8452,16,3814,20,9393,17,77824,191,87217,208,2,199,-37,462,71,11605,0,287,224,"Anderson",76978,362.441216971083,0.148479427549195,270.207072150485,46.76660864143,600.171477565019,14.8479427549195
2021-09-30,12328,62,8490,38,3838,24,9433,40,77996,172,87429,212,0,199,2,464,60,11665,1,288,225,"Anderson",76978,345.553274961677,0.144724556489262,275.403361999532,80.5424926602406,602.769622489542,14.4724556489262
2021-10-01,12379,51,8517,27,3862,24,9462,29,78147,151,87609,180,0,199,-10,454,61,11726,1,289,226,"Anderson",76978,358.543999584297,0.146408839779006,233.83304320715,66.2526955753592,589.778897866923,14.6408839779006
2021-10-02,12396,17,8524,7,3872,10,9468,6,78227,80,87695,86,1,200,-10,444,26,11752,0,289,228,"Anderson",76978,367.63750682013,0.148459383753501,111.720231754527,22.0842318584531,576.788173244304,14.8459383753501
2021-10-03,12409,13,8533,9,3876,4,9477,9,78325,98,87802,107,4,204,-10,434,19,11771,0,289,228,"Anderson",76978,361.142144508821,0.146627565982405,139.000753462028,16.8879420094053,563.797448621684,14.6627565982405
2021-10-04,12453,44,8556,23,3897,21,9503,26,78445,120,87948,146,1,205,-22,412,65,11836,0,289,230,"Anderson",76978,353.347709735249,0.145146088595664,189.664579490244,57.1591883395256,535.217854451921,14.5146088595664
2021-10-05,12506,53,8585,29,3921,24,9533,30,78573,128,88106,158,2,207,-15,397,66,11902,0,289,231,"Anderson",76978,358.543999584297,0.143117593436645,205.253449037387,68.8508404998831,515.731767517992,14.3117593436645
2021-10-06,12536,30,8608,23,3928,7,9559,26,78738,165,88297,191,1,208,-5,392,34,11936,0,289,232,"Anderson",76978,350.749564810725,0.153703703703704,248.122840292031,38.9721738678584,509.236405206682,15.3703703703704
2021-10-07,12568,32,8630,22,3938,10,9584,25,78877,139,88461,164,0,208,-10,382,42,11978,0,289,234,"Anderson",76978,311.777390942867,0.146317829457364,213.047883810959,41.5703187923822,496.245680584063,14.6317829457364
2021-10-08,12585,17,8635,5,3950,12,9594,10,79007,130,88601,140,1,209,-13,369,29,12007,1,290,234,"Anderson",76978,267.608927225961,0.133064516129032,181.870144716672,22.0842318584531,479.357738574658,13.3064516129032
2021-10-09,12600,15,8638,3,3962,12,9601,7,79069,62,88670,69,0,209,-12,357,27,12034,0,290,235,"Anderson",76978,265.010782301437,0.136410256410256,89.6359998960742,19.4860869339292,463.768869027514,13.6410256410256
2021-10-10,12610,10,8646,8,3964,2,9610,9,79156,87,88766,96,0,209,-15,342,25,12059,0,290,235,"Anderson",76978,261.113564914651,0.137966804979253,124.710956377147,12.9907246226195,444.282782093585,13.7966804979253
2021-10-11,12650,40,8660,14,3990,26,9623,13,79257,101,88880,114,0,209,-12,330,52,12111,1,291,235,"Anderson",76978,255.917275065603,0.128755364806867,148.094260697862,51.9628984904778,428.693912546442,12.8755364806867
2021-10-12,12685,35,8684,24,4001,11,9645,22,79356,99,89001,121,2,211,-9,321,42,12153,3,294,235,"Anderson",76978,232.533970744888,0.125139664804469,157.187767933695,45.4675361791681,417.002260386084,12.5139664804469
2021-10-13,12711,26,8698,14,4013,12,9663,18,79468,112,89131,130,0,211,-15,306,41,12194,1,295,238,"Anderson",76978,227.33768089584,0.124700239808153,168.879420094053,33.7758840188106,397.516173452155,12.4700239808153
2021-10-14,12730,19,8708,10,4022,9,9677,14,79571,103,89248,117,1,212,-21,285,39,12233,0,295,238,"Anderson",76978,210.449738886435,0.118170266836086,151.991478084648,24.682376782977,370.235651744654,11.8170266836086
2021-10-15,12753,23,8720,12,4033,11,9690,13,79693,122,89383,135,0,212,-15,270,38,12271,1,296,238,"Anderson",76978,218.244173660007,0.122762148337596,175.374782405363,29.8786666320247,350.749564810725,12.2762148337596
2021-10-16,12761,8,8725,5,4036,3,9697,7,79748,55,89445,62,0,212,-15,255,23,12294,1,297,238,"Anderson",76978,209.150666424173,0.123870967741935,80.5424926602406,10.3925796980956,331.263477876796,12.3870967741935
2021-10-17,12763,2,8726,1,4037,1,9698,1,79799,51,89497,52,0,212,-11,244,13,12307,0,297,238,"Anderson",76978,198.758086726078,0.120383036935705,67.5517680376211,2.59814492452389,316.973680791915,12.0383036935705
2021-10-18,12787,24,8736,10,4051,14,9709,11,79867,68,89576,79,1,213,-26,218,49,12356,1,298,238,"Anderson",76978,177.972927329886,0.123563218390805,102.626724518694,31.1777390942867,283.197796773104,12.3563218390805
2021-10-19,12816,29,8749,13,4067,16,9720,11,79978,111,89698,122,2,215,-17,201,44,12400,0,298,238,"Anderson",76978,170.178492556315,0.107604017216643,158.486840395957,37.6731014055964,261.113564914651,10.7604017216643
2021-10-20,12851,35,8775,26,4076,9,9749,29,80089,111,89838,140,0,215,12,213,23,12423,1,299,239,"Anderson",76978,181.870144716672,0.121640735502122,181.870144716672,45.4675361791681,276.702434461794,12.1640735502122
2021-10-21,12883,32,8793,18,4090,14,9767,18,80182,93,89949,111,0,215,11,224,21,12444,1,300,240,"Anderson",76978,198.758086726078,0.128388017118402,144.197043311076,41.5703187923822,290.992231546676,12.8388017118402
2021-10-22,12892,9,8799,6,4093,3,9775,8,80258,76,90033,84,0,215,-22,202,31,12475,1,301,240,"Anderson",76978,180.57107225441,0.130769230769231,109.122086830003,11.6916521603575,262.412637376913,13.0769230769231
2021-10-23,12909,17,8803,4,4106,13,9779,4,80311,53,90090,57,0,215,3,205,14,12489,1,302,240,"Anderson",76978,192.262724414768,0.127131782945736,74.0471303489309,22.0842318584531,266.309854763699,12.7131782945736
2021-10-24,12915,6,8808,5,4107,1,9786,7,80363,52,90149,59,0,215,-10,195,16,12505,0,302,241,"Anderson",76978,197.459014263816,0.134969325153374,76.6452752734548,7.79443477357167,253.319130141079,13.4969325153374
2021-10-25,12939,24,8821,13,4118,11,9800,14,80434,71,90234,85,1,216,-8,187,31,12536,2,304,241,"Anderson",76978,197.459014263816,0.138297872340426,110.421159292265,31.1777390942867,242.926550442984,13.8297872340426
2021-10-26,12951,12,8827,6,4124,6,9806,6,80498,64,90304,70,0,216,-9,178,21,12557,0,304,242,"Anderson",76978,175.374782405363,0.141914191419142,90.9350723583361,15.5888695471433,231.234898282626,14.1914191419142
2021-10-27,12968,17,8837,10,4131,7,9819,13,80619,121,90438,134,1,217,-5,173,21,12578,2,306,244,"Anderson",76978,151.991478084648,0.116666666666667,174.075709943101,22.0842318584531,224.739535971316,11.6666666666667
2021-10-28,12990,22,8851,14,4139,8,9836,17,80701,82,90537,99,1,218,7,180,14,12592,0,306,245,"Anderson",76978,139.000753462028,0.11734693877551,128.608173763933,28.5795941697628,233.83304320715,11.734693877551
2021-10-29,13011,21,8862,11,4149,10,9848,12,80815,114,90663,126,0,218,7,187,14,12606,1,307,245,"Anderson",76978,154.589623009171,0.115873015873016,163.683130245005,27.2805217075008,242.926550442984,11.5873015873016
2021-10-30,13023,12,8866,4,4157,8,9853,5,80902,87,90755,92,0,218,0,187,12,12618,1,308,245,"Anderson",76978,148.094260697862,0.111278195488722,119.514666528099,15.5888695471433,242.926550442984,11.1278195488722
2021-10-31,13026,3,8868,2,4158,1,9856,3,80941,39,90797,42,0,218,-8,179,11,12629,0,308,245,"Anderson",76978,144.197043311076,0.108024691358025,54.5610434150017,3.89721738678583,232.533970744888,10.8024691358025
2021-11-01,13053,27,8873,5,4180,22,9860,4,81029,88,90889,92,1,219,-15,164,41,12670,1,309,246,"Anderson",76978,148.094260697862,0.0916030534351145,119.514666528099,35.0749564810725,213.047883810959,9.16030534351145
2021-11-02,13073,20,8878,5,4195,15,9865,5,81105,76,90970,81,2,221,-6,158,24,12694,1,310,246,"Anderson",76978,158.486840395957,0.0885885885885886,105.224869443218,25.9814492452389,205.253449037387,8.85885885885886
2021-11-03,13103,30,8896,18,4207,12,9883,18,81305,200,91188,218,1,222,11,169,18,12712,0,310,246,"Anderson",76978,175.374782405363,0.0853333333333333,283.197796773104,38.9721738678584,219.543246122269,8.53333333333333
2021-11-04,13125,22,8911,15,4214,7,9899,16,81438,133,91337,149,0,222,6,175,16,12728,0,310,246,"Anderson",76978,175.374782405363,0.07875,193.56179687703,28.5795941697628,227.33768089584,7.875
2021-11-05,13135,10,8914,3,4221,7,9900,1,81560,122,91460,123,0,222,3,178,7,12735,0,310,246,"Anderson",76978,161.084985320481,0.0652446675031368,159.785912858219,12.9907246226195,231.234898282626,6.52446675031368
2021-11-06,13144,9,8918,4,4226,5,9905,5,81647,87,91552,92,0,222,-4,174,13,12748,3,313,247,"Anderson",76978,157.187767933695,0.0652446675031368,119.514666528099,11.6916521603575,226.038608433578,6.52446675031368
2021-11-07,13150,6,8923,5,4227,1,9911,6,81695,48,91606,54,0,222,-4,170,10,12758,0,313,247,"Anderson",76978,161.084985320481,0.0679851668726823,70.149912962145,7.79443477357167,220.842318584531,6.79851668726823
2021-11-08,13175,25,8934,11,4241,14,9924,13,81783,88,91707,101,1,223,-1,169,25,12783,0,313,247,"Anderson",76978,158.486840395957,0.078239608801956,131.206318688456,32.4768115565486,219.543246122269,7.8239608801956
2021-11-09,13198,23,8941,7,4257,16,9930,6,81941,158,91871,164,1,224,6,175,16,12799,0,313,248,"Anderson",76978,162.384057782743,0.072142064372919,213.047883810959,29.8786666320247,227.33768089584,7.2142064372919
2021-11-10,13216,18,8953,12,4263,6,9943,13,82057,116,92000,129,0,224,4,179,14,12813,1,314,250,"Anderson",76978,146.7951882356,0.0738916256157636,167.580347631791,23.383304320715,232.533970744888,7.38916256157635
2021-11-11,13239,23,8971,18,4268,5,9961,18,82247,190,92208,208,0,224,2,181,21,12834,0,314,251,"Anderson",76978,148.094260697862,0.0711825487944891,270.207072150485,29.8786666320247,235.132115669412,7.11825487944891
2021-11-12,13252,13,8979,8,4273,5,9969,8,82380,133,92349,141,0,224,1,182,12,12846,1,315,251,"Anderson",76978,151.991478084648,0.077615298087739,183.169217178934,16.8879420094053,236.431188131674,7.7615298087739
2021-11-13,13259,7,8983,4,4276,3,9973,4,82431,51,92404,55,3,227,-10,172,14,12860,1,316,252,"Anderson",76978,149.393333160124,0.07981220657277,71.448985424407,9.09350723583361,223.440463509055,7.981220657277
2021-11-14,13261,2,8985,2,4276,0,9976,3,82510,79,92486,82,0,227,-4,168,6,12866,0,316,252,"Anderson",76978,144.197043311076,0.0738636363636364,106.523941905479,2.59814492452389,218.244173660007,7.38636363636364
2021-11-15,13293,32,8999,14,4294,18,9990,14,82595,85,92585,99,0,227,5,173,27,12893,0,316,253,"Anderson",76978,153.29055054691,0.0751708428246014,128.608173763933,41.5703187923822,224.739535971316,7.51708428246014
2021-11-16,13318,25,9012,13,4306,12,10003,13,82721,126,92724,139,1,228,-2,171,26,12919,0,316,254,"Anderson",76978,155.888695471433,0.0855803048065651,180.57107225441,32.4768115565486,222.141391046793,8.55803048065651
2021-11-17,13335,17,9021,9,4314,8,10012,9,82835,114,92847,123,0,228,-3,168,20,12939,2,318,256,"Anderson",76978,154.589623009171,0.0814639905548996,159.785912858219,22.0842318584531,218.244173660007,8.14639905548996
2021-11-18,13358,23,9035,14,4323,9,10030,18,82970,135,93000,153,4,232,4,172,15,12954,0,318,258,"Anderson",76978,154.589623009171,0.0871212121212121,198.758086726078,29.8786666320247,223.440463509055,8.71212121212121
2021-11-19,13372,14,9041,6,4331,8,10037,7,83079,109,93116,116,1,233,2,174,11,12965,0,318,258,"Anderson",76978,155.888695471433,0.0886571056062582,150.692405622386,18.1870144716672,226.038608433578,8.86571056062582
2021-11-20,13381,9,9046,5,4335,4,10042,5,83172,93,93214,98,0,233,-9,165,18,12983,0,318,259,"Anderson",76978,158.486840395957,0.0851851851851852,127.309101301671,11.6916521603575,214.346956273221,8.51851851851852
2021-11-21,13393,12,9052,6,4341,6,10048,6,83212,40,93260,46,0,233,4,169,8,12991,0,318,259,"Anderson",76978,171.477565018577,0.0930232558139535,59.7573332640495,15.5888695471433,219.543246122269,9.30232558139535
2021-11-22,13421,28,9069,17,4352,11,10066,18,83334,122,93400,140,1,234,6,175,21,13012,0,318,259,"Anderson",76978,166.281275169529,0.0932515337423313,181.870144716672,36.3740289433345,227.33768089584,9.32515337423313
2021-11-23,13438,17,9075,6,4363,11,10071,5,83431,97,93502,102,0,234,-4,171,21,13033,1,319,261,"Anderson",76978,155.888695471433,0.0874035989717224,132.505391150718,22.0842318584531,222.141391046793,8.74035989717224
2021-11-24,13463,25,9091,16,4372,9,10083,12,83541,110,93624,122,1,235,6,177,18,13051,1,320,261,"Anderson",76978,166.281275169529,0.0913770913770914,158.486840395957,32.4768115565486,229.935825820364,9.13770913770914
2021-11-25,13468,5,9093,2,4375,3,10084,1,83586,45,93670,46,0,235,-12,165,17,13068,2,322,261,"Anderson",76978,142.897970848814,0.0805970149253731,59.7573332640495,6.49536231130973,214.346956273221,8.05970149253731
2021-11-26,13475,7,9099,6,4376,1,10093,9,83629,43,93722,52,0,235,-7,158,14,13082,0,322,262,"Anderson",76978,133.80446361298,0.0924092409240924,67.5517680376211,9.09350723583361,205.253449037387,9.24092409240924
2021-11-27,13480,5,9101,2,4379,3,10095,2,83665,36,93760,38,0,235,-8,150,13,13095,0,322,262,"Anderson",76978,128.608173763933,0.0970695970695971,49.3647535659539,6.49536231130973,194.860869339292,9.70695970695971
2021-11-28,13490,10,9102,1,4388,9,10096,1,83703,38,93799,39,0,235,-10,140,20,13115,0,322,262,"Anderson",76978,126.010028839409,0.0890538033395176,50.6638260282159,12.9907246226195,181.870144716672,8.90538033395176
2021-11-29,13517,27,9117,15,4400,12,10112,16,83782,79,93894,95,0,235,13,153,14,13129,0,322,262,"Anderson",76978,124.710956377147,0.0931174089068826,123.411883914885,35.0749564810725,198.758086726078,9.31174089068826
2021-11-30,13544,27,9131,14,4413,13,10124,12,83884,102,94008,114,0,235,14,167,13,13142,1,323,262,"Anderson",76978,137.701680999766,0.104743083003953,148.094260697862,35.0749564810725,216.945101197745,10.4743083003953
2021-12-01,13575,31,9149,18,4426,13,10142,18,83991,107,94133,125,0,235,15,182,16,13158,2,325,262,"Anderson",76978,145.496115773338,0.115913555992141,162.384057782743,40.2712463301203,236.431188131674,11.5913555992141
2021-12-02,13617,42,9173,24,4444,18,10168,26,84129,138,94297,164,0,235,23,205,19,13177,0,325,265,"Anderson",76978,193.56179687703,0.133971291866029,213.047883810959,54.5610434150017,266.309854763699,13.3971291866029
2021-12-03,13648,31,9191,18,4457,13,10187,19,84316,187,94503,206,1,236,18,223,12,13189,1,326,265,"Anderson",76978,224.739535971316,0.120358514724712,267.608927225961,40.2712463301203,289.693159084414,12.0358514724712
2021-12-04,13668,20,9204,13,4464,7,10201,14,84385,69,94586,83,0,236,8,231,12,13201,0,326,265,"Anderson",76978,244.225622905246,0.128329297820823,107.823014367741,25.9814492452389,300.085738782509,12.8329297820823
2021-12-05,13681,13,9206,2,4475,11,10203,2,84427,42,94630,44,0,236,0,231,13,13214,0,326,265,"Anderson",76978,248.122840292031,0.128760529482551,57.1591883395256,16.8879420094053,300.085738782509,12.8760529482551
2021-12-06,13716,35,9226,20,4490,15,10225,22,84529,102,94754,124,2,238,7,238,26,13240,1,327,265,"Anderson",76978,258.515419990127,0.131395348837209,161.084985320481,45.4675361791681,309.179246018343,13.1395348837209
2021-12-07,13745,29,9241,15,4504,14,10241,16,84624,95,94865,111,0,238,18,256,11,13251,0,327,265,"Anderson",76978,261.113564914651,0.136522753792299,144.197043311076,37.6731014055964,332.562550339058,13.6522753792299
2021-12-08,13772,27,9262,21,4510,6,10261,20,84745,121,95006,141,0,238,17,273,10,13261,2,329,265,"Anderson",76978,255.917275065603,0.13631156930126,183.169217178934,35.0749564810725,354.646782197511,13.631156930126
2021-12-09,13800,28,9278,16,4522,12,10278,17,84955,210,95233,227,0,238,12,285,16,13277,1,330,265,"Anderson",76978,237.730260593936,0.117521367521368,294.889448933461,36.3740289433345,370.235651744654,11.7521367521368
2021-12-10,13829,29,9295,17,4534,12,10295,17,85108,153,95403,170,0,238,10,295,19,13296,2,332,265,"Anderson",76978,235.132115669412,0.12,220.842318584531,37.6731014055964,383.226376367274,12
2021-12-11,13839,10,9300,5,4539,5,10301,6,85183,75,95484,81,0,238,-2,293,12,13308,0,332,266,"Anderson",76978,222.141391046793,0.111358574610245,105.224869443218,12.9907246226195,380.62823144275,11.1358574610245
2021-12-12,13859,20,9311,11,4548,9,10313,12,85253,70,95566,82,0,238,2,295,18,13326,0,332,266,"Anderson",76978,231.234898282626,0.117521367521368,106.523941905479,25.9814492452389,383.226376367274,11.7521367521368
2021-12-13,13888,29,9317,6,4571,23,10320,7,85328,75,95648,82,0,238,-9,286,38,13364,0,332,269,"Anderson",76978,223.440463509055,0.106263982102908,106.523941905479,37.6731014055964,371.534724206916,10.6263982102908
2021-12-14,13902,14,9322,5,4580,9,10326,6,85407,79,95733,85,3,241,-10,276,21,13385,1,333,269,"Anderson",76978,203.954376575125,0.097926267281106,110.421159292265,18.1870144716672,358.543999584297,9.7926267281106
2021-12-15,13928,26,9336,14,4592,12,10341,15,85536,129,95877,144,0,241,-2,274,28,13413,0,333,270,"Anderson",76978,202.655304112863,0.0918484500574053,187.06643456572,33.7758840188106,355.945854659773,9.18484500574053
2021-12-16,13956,28,9346,10,4610,18,10356,15,85631,95,95987,110,0,241,5,279,23,13436,2,335,270,"Anderson",76978,202.655304112863,0.103448275862069,142.897970848814,36.3740289433345,362.441216971083,10.3448275862069
2021-12-17,13987,31,9369,23,4618,8,10378,22,85786,155,96164,177,1,242,0,279,30,13466,0,335,271,"Anderson",76978,205.253449037387,0.109067017082786,229.935825820364,40.2712463301203,362.441216971083,10.9067017082786
2021-12-18,13999,12,9379,10,4620,2,10388,10,85868,82,96256,92,0,242,2,281,10,13476,0,335,271,"Anderson",76978,207.851593961911,0.112694300518135,119.514666528099,15.5888695471433,365.039361895607,11.2694300518135
2021-12-19,14013,14,9387,8,4626,6,10399,11,85948,80,96347,91,0,242,-9,272,23,13499,0,335,271,"Anderson",76978,200.05715918834,0.1101152368758,118.215594065837,18.1870144716672,353.347709735249,11.01152368758
2021-12-20,14037,24,9403,16,4634,8,10413,14,86034,86,96447,100,0,242,-5,267,29,13528,0,335,272,"Anderson",76978,193.56179687703,0.11639549436796,129.907246226195,31.1777390942867,346.852347423939,11.639549436796
2021-12-21,14065,28,9411,8,4654,20,10424,11,86115,81,96539,92,0,242,2,269,26,13554,0,335,272,"Anderson",76978,211.748811348697,0.121588089330025,119.514666528099,36.3740289433345,349.450492348463,12.1588089330025
2021-12-22,14113,48,9425,14,4688,34,10435,11,86230,115,96665,126,19,261,1,270,28,13582,1,336,273,"Anderson",76978,240.32840551846,0.119289340101523,163.683130245005,62.3554781885734,350.749564810725,11.9289340101523
2021-12-23,14140,27,9440,15,4700,12,10452,17,86330,100,96782,117,-1,260,3,273,25,13607,1,337,274,"Anderson",76978,239.029333056198,0.120754716981132,151.991478084648,35.0749564810725,354.646782197511,12.0754716981132
2021-12-24,14166,26,9455,15,4711,11,10469,17,86417,87,96886,104,0,260,6,279,20,13627,1,338,274,"Anderson",76978,232.533970744888,0.126038781163435,135.103536075242,33.7758840188106,362.441216971083,12.6038781163435
2021-12-25,14180,14,9462,7,4718,7,10479,10,86475,58,96954,68,1,261,-3,276,16,13643,0,338,275,"Anderson",76978,235.132115669412,0.130372492836676,88.3369274338123,18.1870144716672,358.543999584297,13.0372492836676
2021-12-26,14191,11,9466,4,4725,7,10485,6,86519,44,97004,50,1,262,-8,268,18,13661,0,338,275,"Anderson",76978,231.234898282626,0.13089802130898,64.9536231130973,14.2897970848814,348.151419886201,13.089802130898
2021-12-27,14238,47,9485,19,4753,28,10505,20,86623,104,97128,124,1,263,18,286,28,13689,2,340,276,"Anderson",76978,261.113564914651,0.135095447870778,161.084985320481,61.0564057263114,371.534724206916,13.5095447870778
2021-12-28,14325,87,9521,36,4804,51,10541,36,86732,109,97273,145,0,263,67,353,20,13709,0,340,276,"Anderson",76978,337.758840188106,0.159400544959128,188.365507027982,113.019304216789,458.572579178467,15.9400544959128
2021-12-29,14406,81,9565,44,4841,37,10588,47,86890,158,97478,205,2,265,50,403,29,13738,0,340,276,"Anderson",76978,380.62823144275,0.188191881918819,266.309854763699,105.224869443218,523.526202291564,18.8191881918819
2021-12-30,14498,92,9607,42,4891,50,10626,38,87009,119,97635,157,1,266,69,472,22,13760,0,340,276,"Anderson",76978,465.067941489776,0.203985932004689,203.954376575125,119.514666528099,613.162202187638,20.3985932004689
2021-12-31,14564,66,9647,40,4917,26,10670,44,87126,117,97796,161,0,266,47,519,19,13779,0,340,277,"Anderson",76978,517.030839980254,0.220879120879121,209.150666424173,85.7387825092884,674.218607913949,22.0879120879121
2022-01-01,14625,61,9681,34,4944,27,10707,37,87225,99,97932,136,0,266,48,567,13,13792,0,340,277,"Anderson",76978,578.087245706566,0.233128834355828,176.673854867625,79.2434201979787,736.574086102523,23.3128834355828
2022-01-02,14657,32,9704,23,4953,9,10740,33,87341,116,98081,149,0,266,12,579,20,13812,0,340,278,"Anderson",76978,605.367767414066,0.236768802228412,193.56179687703,41.5703187923822,752.162955649666,23.6768802228412
2022-01-03,14718,61,9725,21,4993,40,10763,23,87417,76,98180,99,1,267,33,612,27,13839,0,340,278,"Anderson",76978,623.554781885734,0.245247148288973,128.608173763933,79.2434201979787,795.03234690431,24.5247148288973
2022-01-04,14845,127,9790,65,5055,62,10826,63,87591,174,98417,237,1,268,74,686,52,13891,0,340,279,"Anderson",76978,675.517680376211,0.249125874125874,307.880173556081,164.982202707267,891.163709111694,24.9125874125874
2022-01-05,15012,167,9876,86,5136,81,10912,86,87737,146,98649,232,1,269,136,822,30,13921,0,340,280,"Anderson",76978,787.237912130739,0.27668659265585,301.384811244771,216.945101197745,1067.83756397932,27.668659265585
2022-01-06,15154,142,9948,72,5206,70,10983,71,87857,120,98840,191,1,270,115,937,26,13947,1,341,280,"Anderson",76978,852.191535243836,0.296265560165975,248.122840292031,184.468289641196,1217.23089713944,29.6265560165975
2022-01-07,15294,140,10019,71,5275,69,11060,77,87997,140,99057,217,0,270,118,1055,22,13969,1,342,280,"Anderson",76978,948.32289745122,0.309278350515464,281.898724310842,181.870144716672,1370.52144768635,30.9278350515464
2022-01-08,15397,103,10061,42,5336,61,11105,45,88072,75,99177,120,0,270,82,1137,21,13990,1,343,282,"Anderson",76978,1002.88394086622,0.319678714859438,155.888695471433,133.80446361298,1477.04538959183,31.9678714859438
2022-01-09,15482,85,10116,55,5366,30,11167,62,88215,143,99382,205,0,270,47,1184,38,14028,0,343,282,"Anderson",76978,1071.7347813661,0.328209069946195,266.309854763699,110.421159292265,1538.10179531814,32.8209069946195
2022-01-10,15638,156,10191,75,5447,81,11246,79,88328,113,99574,192,1,271,77,1261,78,14106,3,346,284,"Anderson",76978,1195.14666528099,0.34648493543759,249.421912754293,202.655304112863,1638.13037491231,34.648493543759
2022-01-11,15812,174,10300,109,5512,65,11348,102,88469,141,99817,243,0,271,70,1331,104,14210,0,346,285,"Anderson",76978,1256.2030710073,0.372857142857143,315.674608329653,226.038608433578,1729.06544727065,37.2857142857143
2022-01-12,16066,254,10462,162,5604,92,11511,163,88660,191,100171,354,0,271,182,1513,72,14282,1,347,285,"Anderson",76978,1369.22237522409,0.393561103810775,459.871651640728,329.964405414534,1965.49663540232,39.3561103810775
2022-01-13,16297,231,10614,152,5683,79,11666,155,88892,232,100558,387,4,275,114,1627,113,14395,0,347,285,"Anderson",76978,1484.8398243654,0.39755529685681,502.741042895373,300.085738782509,2113.59089610018,39.755529685681
2022-01-14,16554,257,10758,144,5796,113,11814,148,89048,156,100862,304,2,277,208,1835,47,14442,1,348,285,"Anderson",76978,1636.83130245005,0.417728531855956,394.918028527631,333.86162280132,2383.79796825067,41.7728531855956
2022-01-15,16650,96,10816,58,5834,38,11875,61,89166,118,101041,179,1,278,70,1905,25,14467,1,349,285,"Anderson",76978,1627.73779521422,0.413090128755365,232.533970744888,124.710956377147,2474.73304060901,41.3090128755365
2022-01-16,16802,152,10944,128,5858,24,12008,133,89363,197,101371,330,0,278,101,2006,51,14518,0,349,285,"Anderson",76978,1714.77565018577,0.422825540472599,428.693912546442,197.459014263816,2605.93935929746,42.2825540472599
2022-01-17,16983,181,11056,112,5927,69,12124,116,89482,119,101606,235,0,278,19,2025,162,14680,1,350,285,"Anderson",76978,1747.25246174232,0.432086614173228,305.282028631557,235.132115669412,2630.62173608044,43.2086614173228
2022-01-18,17198,215,11196,140,6002,75,12266,142,89619,137,101885,279,0,278,22,2047,193,14873,0,350,287,"Anderson",76978,1800.51443269506,0.443907156673114,362.441216971083,279.300579386318,2659.2013302502,44.3907156673114
2022-01-19,17499,301,11406,210,6093,91,12480,214,89839,220,102319,434,3,281,115,2162,183,15056,0,350,287,"Anderson",76978,1861.57083842137,0.451117318435754,563.797448621684,391.020811140845,2808.59466341032,45.1117318435754
2022-01-20,17795,296,11647,241,6148,55,12740,260,89996,157,102736,417,1,282,179,2341,116,15172,1,351,288,"Anderson",76978,1946.01054846839,0.493112947658402,541.713216763231,384.525448829536,3041.12863415521,49.3112947658402
2022-01-21,18041,246,11862,215,6179,31,12965,225,90215,219,103180,444,2,284,110,2451,134,15306,0,351,290,"Anderson",76978,1931.72075138351,0.496548748921484,576.788173244304,319.571825716438,3184.02660500403,49.6548748921484
2022-01-22,18169,128,11954,92,6215,36,13069,104,90334,119,103403,223,0,284,34,2485,94,15400,0,351,290,"Anderson",76978,1973.29107017589,0.505503810330229,289.693159084414,166.281275169529,3228.19506872093,50.5503810330229
2022-01-23,18296,127,12064,110,6232,17,13182,113,90441,107,103623,220,0,284,67,2552,60,15460,0,351,291,"Anderson",76978,1940.81425861935,0.521314387211368,285.795941697628,164.982202707267,3315.23292369248,52.1314387211368
2022-01-24,18564,268,12214,150,6350,118,13343,161,90619,178,103962,339,1,285,-10,2542,277,15737,1,352,292,"Anderson",76978,2053.83356283614,0.517402376910017,440.385564706799,348.151419886201,3302.24219906986,51.7402376910017
2022-01-25,18747,183,12347,133,6400,50,13488,145,90739,120,104227,265,1,286,-84,2458,266,16003,0,352,293,"Anderson",76978,2012.26324404375,0.521776259607173,344.254202499415,237.730260593936,3193.12011223986,52.1776259607173
2022-01-26,18952,205,12501,154,6451,51,13654,166,90891,152,104545,318,1,287,-50,2408,254,16257,1,353,293,"Anderson",76978,1887.55228766661,0.527403414195867,413.105042999298,266.309854763699,3128.16648912676,52.7403414195867
2022-01-27,19173,221,12673,172,6500,49,13832,178,91111,220,104943,398,0,287,-69,2339,290,16547,0,353,293,"Anderson",76978,1790.12185299696,0.494789306751246,517.030839980254,287.09501415989,3038.53048923069,49.4789306751246
2022-01-28,19364,191,12811,138,6553,53,13976,144,91274,163,105250,307,1,288,-135,2204,325,16872,1,354,294,"Anderson",76978,1718.67286757255,0.488405797101449,398.815245914417,248.122840292031,2863.15570682533,48.8405797101449
2022-01-29,19507,143,12911,100,6596,43,14081,105,91391,117,105472,222,0,288,-11,2193,154,17026,0,354,296,"Anderson",76978,1738.15895450648,0.489125181246979,288.394086622152,185.767362103458,2848.86590974045,48.9125181246979
2022-01-30,19574,67,12956,45,6618,22,14131,50,91482,91,105613,141,0,288,-24,2169,91,17117,1,355,297,"Anderson",76978,1660.21460677077,0.476884422110553,183.169217178934,87.0378549715503,2817.68817064616,47.6884422110553
2022-01-31,19770,196,13077,121,6693,75,14272,141,91632,150,105904,291,4,292,-92,2077,284,17401,1,356,299,"Anderson",76978,1566.68138948791,0.478372811534501,378.030086518226,254.618202603341,2698.17350411806,47.83728115345
2022-02-01,19933,163,13172,95,6761,68,14379,107,91752,120,106131,227,1,293,-238,1839,400,17801,1,357,299,"Anderson",76978,1540.69994024267,0.46796218487395,294.889448933461,211.748811348697,2388.99425809972,46.796218487395
2022-02-02,20077,144,13259,87,6818,57,14472,93,91893,141,106365,234,1,294,-232,1607,375,18176,0,357,300,"Anderson",76978,1461.45652004469,0.449450549450549,303.982956169295,187.06643456572,2087.60944685495,44.9450549450549
2022-02-03,20709,632,13350,91,7359,541,14570,98,92101,208,106671,306,2,296,345,1952,285,18461,1,358,302,"Anderson",76978,1995.37530203435,0.427083333333333,397.516173452155,821.013796149549,2535.78944633532,42.7083333333333
2022-02-04,20855,146,13460,110,7395,36,14680,110,92225,124,106905,234,0,296,-76,1876,222,18683,0,358,304,"Anderson",76978,1936.91704123256,0.425377643504532,303.982956169295,189.664579490244,2437.05993920341,42.5377643504532
2022-02-05,20904,49,13486,26,7418,23,14710,30,92301,76,107011,106,0,296,-59,1817,108,18791,0,358,304,"Anderson",76978,1814.80422977994,0.408706952566602,137.701680999766,63.6545506508353,2360.41466392995,40.8706952566602
2022-02-06,20962,58,13528,42,7434,16,14758,48,92375,74,107133,122,0,296,-19,1798,77,18868,0,358,306,"Anderson",76978,1803.11257761958,0.4125,158.486840395957,75.3462028111928,2335.73228714698,41.25
2022-02-07,21048,86,13581,53,7467,33,14816,58,92477,102,107293,160,3,299,-263,1535,346,19214,0,358,307,"Anderson",76978,1660.21460677077,0.391648668106551,207.851593961911,111.720231754527,1994.07622957209,39.1648668106551
2022-02-08,21134,86,13628,47,7506,39,14873,57,92574,97,107447,154,0,299,-205,1330,291,19505,0,358,307,"Anderson",76978,1560.1860271766,0.375379939209726,200.05715918834,111.720231754527,1727.76637480839,37.5379939209726
2022-02-09,21233,99,13692,64,7541,35,14947,74,92681,107,107628,181,0,299,-103,1227,202,19707,0,358,308,"Anderson",76978,1501.72776637481,0.376088677751386,235.132115669412,128.608173763933,1593.96191119541,37.6088677751386
2022-02-10,21321,88,13742,50,7579,38,15001,54,92807,126,107808,180,2,301,-99,1128,185,19892,0,358,309,"Anderson",76978,795.03234690431,0.379067722075638,233.83304320715,114.318376679051,1465.35373743147,37.9067722075638
2022-02-11,21380,59,13784,42,7596,17,15046,45,92909,102,107955,147,1,302,-123,1005,181,20073,0,358,309,"Anderson",76978,682.013042687521,0.348571428571429,190.963651952506,76.6452752734548,1305.56782457325,34.8571428571429
2022-02-12,21411,31,13807,23,7604,8,15071,25,92971,62,108042,87,0,302,-42,963,73,20146,1,359,309,"Anderson",76978,658.629738366806,0.350145489815713,113.019304216789,40.2712463301203,1251.00678115825,35.0145489815713
2022-02-13,21432,21,13821,14,7611,7,15086,15,93018,47,108104,62,0,302,-36,927,57,20203,0,359,309,"Anderson",76978,610.564057263114,0.337796086508754,80.5424926602406,27.2805217075008,1204.24017251682,33.7796086508754
2022-02-14,21483,51,13848,27,7635,24,15122,36,93075,57,108197,93,1,303,-141,786,191,20394,0,359,309,"Anderson",76978,565.096521083946,0.338495575221239,120.813738990361,66.2526955753592,1021.07095533789,33.8495575221239
2022-02-15,21539,56,13887,39,7652,17,15167,45,93152,77,108319,122,0,303,-100,686,156,20550,0,359,310,"Anderson",76978,526.124347216088,0.337155963302752,158.486840395957,72.7480578866689,891.163709111694,33.7155963302752
2022-02-16,21601,62,13920,33,7681,29,15198,31,93244,92,108442,123,0,303,-77,609,139,20689,0,359,310,"Anderson",76978,478.058666112396,0.308353808353808,159.785912858219,80.5424926602406,791.135129517524,30.8353808353808
2022-02-17,21649,48,13952,32,7697,16,15233,35,93338,94,108571,129,0,303,-68,541,116,20805,0,359,310,"Anderson",76978,426.095767621918,0.304062909567497,167.580347631791,62.3554781885734,702.798202083712,30.4062909567497
2022-02-18,21698,49,13984,32,7714,17,15270,37,93410,72,108680,109,0,303,-33,508,82,20887,0,359,311,"Anderson",76978,413.105042999299,0.308965517241379,141.598898386552,63.6545506508353,659.928810829068,30.8965517241379
2022-02-19,21726,28,13994,10,7732,18,15281,11,93465,55,108746,66,0,303,-7,501,35,20922,0,359,312,"Anderson",76978,409.207825612513,0.298295454545455,85.7387825092884,36.3740289433345,650.835303593234,29.8295454545455
2022-02-20,21736,10,13996,2,7740,8,15283,2,93502,37,108785,39,0,303,-20,481,30,20952,0,359,312,"Anderson",76978,394.918028527631,0.28928046989721,50.6638260282159,12.9907246226195,624.853854347995,28.928046989721
2022-02-21,21753,17,14006,10,7747,7,15293,10,93531,29,108824,39,0,303,-82,399,99,21051,2,361,313,"Anderson",76978,350.749564810725,0.272727272727273,50.6638260282159,22.0842318584531,518.329912442516,27.2727272727273
2022-02-22,21788,35,14021,15,7767,20,15311,18,93608,77,108919,95,2,305,-70,329,103,21154,0,361,313,"Anderson",76978,323.469043103224,0.24,123.411883914885,45.4675361791681,427.39484008418,24
2022-02-23,21823,35,14038,17,7785,18,15330,19,93674,66,109004,85,4,309,-35,294,66,21220,0,361,313,"Anderson",76978,288.394086622152,0.234875444839858,110.421159292265,45.4675361791681,381.927303905012,23.4875444839858
2022-02-24,21851,28,14052,14,7799,14,15347,17,93752,78,109099,95,1,310,-27,267,54,21274,0,361,314,"Anderson",76978,262.412637376913,0.215909090909091,123.411883914885,36.3740289433345,346.852347423939,21.5909090909091
2022-02-25,21864,13,14058,6,7806,7,15353,6,93819,67,109172,73,-1,309,-36,231,50,21324,0,361,314,"Anderson",76978,215.646028735483,0.16869918699187,94.832289745122,16.8879420094053,300.085738782509,16.869918699187
2022-02-26,21877,13,14063,5,7814,8,15360,7,93864,45,109224,52,0,309,-4,227,17,21341,1,362,314,"Anderson",76978,196.159941801554,0.165271966527197,67.5517680376211,16.8879420094053,294.889448933461,16.5271966527197
2022-02-27,21877,0,14063,0,7814,0,15361,1,93881,17,109242,18,0,309,-14,213,14,21355,0,362,314,"Anderson",76978,183.169217178934,0.170678336980306,23.383304320715,0,276.702434461794,17.0678336980306
2022-02-28,21895,18,14072,9,7823,9,15373,12,93938,57,109311,69,0,309,-26,187,44,21399,0,362,314,"Anderson",76978,184.468289641196,0.164271047227926,89.6359998960742,23.383304320715,242.926550442984,16.4271047227926
2022-03-01,21908,13,14079,7,7829,6,15381,8,93983,45,109364,53,-1,308,-36,151,50,21449,0,362,315,"Anderson",76978,155.888695471433,0.157303370786517,68.8508404998831,16.8879420094053,196.159941801554,15.7303370786517
2022-03-02,21918,10,14085,6,7833,4,15389,8,94036,53,109425,61,2,310,-23,128,31,21480,0,362,316,"Anderson",76978,123.411883914885,0.140142517814727,79.2434201979787,12.9907246226195,166.281275169529,14.0142517814727
2022-03-03,21929,11,14087,2,7842,9,15391,2,94080,44,109471,46,2,312,-28,100,37,21517,0,362,316,"Anderson",76978,101.327652056432,0.118279569892473,59.7573332640495,14.2897970848814,129.907246226195,11.8279569892473
2022-03-04,21938,9,14090,3,7848,6,15396,5,94144,64,109540,69,0,312,-15,85,24,21541,0,362,316,"Anderson",76978,96.1313622073839,0.116847826086957,89.6359998960742,11.6916521603575,110.421159292265,11.6847826086957
2022-03-05,21943,5,14091,1,7852,4,15397,1,94185,41,109582,42,0,312,-3,82,8,21549,0,362,316,"Anderson",76978,85.7387825092884,0.103351955307263,54.5610434150017,6.49536231130973,106.523941905479,10.3351955307263
2022-03-06,21945,2,14092,1,7853,1,15398,1,94209,24,109607,25,0,312,-4,78,6,21555,0,362,317,"Anderson",76978,88.3369274338123,0.101369863013699,32.4768115565486,2.59814492452389,101.327652056432,10.1369863013699
2022-03-07,21958,13,14094,2,7864,11,15400,2,94242,33,109642,35,1,313,-9,69,21,21576,0,362,317,"Anderson",76978,81.8415651225025,0.081570996978852,45.4675361791681,16.8879420094053,89.6359998960742,8.1570996978852
2022-03-08,22009,51,14096,2,7913,49,15403,3,94272,30,109675,33,0,313,36,105,15,21591,0,362,317,"Anderson",76978,131.206318688456,0.0707395498392283,42.8693912546442,66.2526955753592,136.402608537504,7.07395498392283
2022-03-09,22016,7,14102,6,7914,1,15408,5,94310,38,109718,43,0,313,-11,94,18,21609,0,362,317,"Anderson",76978,127.309101301671,0.0648464163822526,55.8601158772636,9.09350723583361,122.112811452623,6.48464163822526
2022-03-10,22021,5,14105,3,7916,2,15415,7,94356,46,109771,53,3,316,-11,83,13,21622,0,362,317,"Anderson",76978,119.514666528099,0.08,68.8508404998831,6.49536231130973,107.823014367741,8
2022-03-11,22027,6,14105,0,7922,6,15416,1,94395,39,109811,40,1,317,-15,68,20,21642,1,363,317,"Anderson",76978,115.617449141313,0.0738007380073801,51.9628984904778,7.79443477357167,88.3369274338123,7.38007380073801
2022-03-12,22027,0,14105,0,7922,0,15416,0,94417,22,109833,22,0,317,-6,62,6,21648,0,363,318,"Anderson",76978,109.122086830003,0.0756972111553785,28.5795941697628,0,80.5424926602406,7.56972111553785
2020-03-12,1,1,1,1,0,0,1,1,11,11,12,12,NA,NA,NA,NA,0,0,0,0,0,"East TN",2455501,NA,NA,0.488698640318208,0.040724886693184,NA,NA
2020-03-13,1,0,1,0,0,0,1,0,23,12,24,12,NA,NA,NA,NA,0,0,0,0,0,"East TN",2455501,NA,NA,0.488698640318208,0,NA,NA
2020-03-14,3,2,3,2,0,0,3,2,50,27,53,29,NA,NA,NA,NA,0,0,0,0,0,"East TN",2455501,NA,NA,1.18102171410234,0.081449773386368,NA,NA
2020-03-15,3,0,3,0,0,0,3,0,53,3,56,3,NA,NA,NA,NA,0,0,0,0,0,"East TN",2455501,NA,NA,0.122174660079552,0,NA,NA
2020-03-16,5,2,5,2,0,0,5,2,89,36,94,38,NA,NA,NA,NA,0,0,0,0,0,"East TN",2455501,NA,NA,1.54754569434099,0.081449773386368,NA,NA
2020-03-17,6,1,6,1,0,0,5,0,130,41,135,41,NA,NA,NA,NA,0,0,0,0,0,"East TN",2455501,NA,NA,1.66972035442054,0.040724886693184,NA,NA
2020-03-18,8,2,8,2,0,0,7,2,171,41,178,43,NA,NA,NA,NA,0,0,0,0,0,"East TN",2455501,0.325799093545472,0.0393258426966292,1.75117012780691,0.081449773386368,NA,3.93258426966292
2020-03-19,11,3,11,3,0,0,11,4,238,67,249,71,NA,NA,NA,NA,0,0,0,0,0,"East TN",2455501,0.40724886693184,0.0421940928270042,2.89146695521606,0.122174660079552,NA,4.21940928270042
2020-03-20,29,18,29,18,0,0,27,16,382,144,409,160,NA,NA,NA,NA,3,3,2,2,0,"East TN",2455501,1.14029682740915,0.0675324675324675,6.51598187090944,0.733047960477312,NA,6.75324675324675
2020-03-21,38,9,38,9,0,0,38,11,610,228,648,239,NA,NA,NA,NA,3,6,1,3,1,"East TN",2455501,1.42537103426144,0.0588235294117647,9.73324791967098,0.366523980238656,NA,5.88235294117647
2020-03-22,48,10,47,9,1,1,43,5,713,103,756,108,NA,NA,NA,NA,2,8,4,7,2,"East TN",2455501,1.83261990119328,0.0571428571428571,4.39828776286387,0.40724886693184,NA,5.71428571428571
2020-03-23,64,16,63,16,1,0,56,13,846,133,902,146,NA,NA,NA,NA,7,15,4,11,2,"East TN",2455501,2.40276831489786,0.0631188118811881,5.94583345720486,0.651598187090944,NA,6.31188118811881
2020-03-24,83,19,82,19,1,0,70,14,987,141,1057,155,NA,NA,NA,NA,7,22,5,16,2,"East TN",2455501,3.13581627537517,0.0704989154013015,6.31235743744352,0.773772847170496,NA,7.04989154013015
2020-03-25,116,33,115,33,1,0,99,29,1288,301,1387,330,NA,NA,NA,NA,15,37,12,28,3,"East TN",2455501,4.39828776286387,0.076095947063689,13.4392126087507,1.34392126087507,NA,7.6095947063689
2020-03-26,144,28,143,28,1,0,130,31,1774,486,1904,517,NA,NA,NA,NA,15,52,5,33,4,"East TN",2455501,5.41640993019347,0.0719033232628399,21.0547664203761,1.14029682740915,NA,7.19033232628399
2020-03-27,166,22,165,22,1,0,147,17,2171,397,2318,414,NA,NA,NA,NA,17,69,6,39,4,"East TN",2455501,5.57930947696621,0.0628601361969618,16.8601030909782,0.895947507250048,NA,6.28601361969618
2020-03-28,197,31,196,31,1,0,180,33,2608,437,2788,470,NA,NA,NA,NA,12,81,8,47,4,"East TN",2455501,6.47525698421626,0.0663551401869159,19.1406967457965,1.2624714874887,NA,6.63551401869159
2020-03-29,213,16,212,16,1,0,196,16,2795,187,2991,203,NA,NA,NA,NA,27,108,3,50,7,"East TN",2455501,6.71960630437536,0.0684563758389262,8.26715199871635,0.651598187090944,NA,6.84563758389262
2020-03-30,246,33,245,33,1,0,226,30,3345,550,3571,580,NA,NA,NA,NA,33,141,8,58,9,"East TN",2455501,7.41192937815949,0.0636942675159236,23.6204342820467,1.34392126087507,NA,6.36942675159236
2020-03-31,295,49,294,49,1,0,278,52,3645,300,3923,352,NA,NA,NA,NA,39,180,12,70,10,"East TN",2455501,8.63367597895501,0.0725750174459177,14.3351601160008,1.99551944796602,NA,7.25750174459177
2020-04-01,346,51,345,51,1,0,336,58,4243,598,4579,656,NA,NA,NA,NA,36,216,9,79,12,"East TN",2455501,9.36672393943232,0.0742481203007519,26.7155256707287,2.07696922135238,NA,7.42481203007519
2020-04-02,391,45,390,45,1,0,383,47,4839,596,5222,643,2,7,NA,134,34,250,5,84,14,"East TN",2455501,10.0590470132164,0.0762507534659433,26.1861021437173,1.83261990119328,5.45713481688666,7.62507534659433
2020-04-03,412,21,411,21,1,0,401,18,5124,285,5525,303,1,8,-13,121,33,283,2,86,17,"East TN",2455501,10.0183221265233,0.0792017461802308,12.3396406680348,0.855222620556864,4.92771128987526,7.92017461802307
2020-04-04,447,35,446,35,1,0,431,30,5716,592,6147,622,3,11,0,121,32,315,5,91,19,"East TN",2455501,10.181221673296,0.0747246204227449,25.3308795231604,1.42537103426144,4.92771128987526,7.47246204227449
2020-04-05,473,26,472,26,1,0,464,33,6093,377,6557,410,-1,10,1,122,26,341,2,93,20,"East TN",2455501,10.5884705402278,0.0751542344363432,16.6972035442054,1.05884705402278,4.96843617656845,7.51542344363432
2020-04-06,514,41,513,41,1,0,514,50,6626,533,7140,583,8,18,0,122,33,374,5,98,20,"East TN",2455501,10.9142696337733,0.080694872513309,23.7426089421263,1.66972035442054,4.96843617656845,8.06948725133091
2020-04-07,570,56,569,56,1,0,592,78,7755,1129,8347,1207,0,18,19,141,37,411,7,105,21,"East TN",2455501,11.1993438406256,0.0709764918625678,49.1549382386731,2.2805936548183,5.74220902373894,7.09764918625678
2020-04-08,607,37,606,37,1,0,632,40,8162,407,8794,447,1,19,4,145,32,443,8,113,25,"East TN",2455501,10.629195426921,0.0702253855278766,18.2040243518532,1.50682080764781,5.90510857051168,7.02253855278766
2020-04-09,633,26,632,26,1,0,662,30,8613,451,9275,481,3,22,3,148,20,463,2,115,25,"East TN",2455501,9.85542257975053,0.0688378978534419,19.5886704994215,1.05884705402278,6.02728323059123,6.88378978534419
2020-04-10,655,22,654,22,1,0,682,20,8941,328,9623,348,0,22,-7,141,29,492,4,119,25,"East TN",2455501,9.89614746644371,0.0685700341630063,14.172260569228,0.895947507250048,5.74220902373894,6.85700341630063
2020-04-11,679,24,678,24,1,0,728,46,10022,1081,10750,1127,2,24,-5,136,27,519,5,124,27,"East TN",2455501,9.44817371281869,0.0645231370845101,45.8969473032184,0.977397280636416,5.53858459027302,6.45231370845101
2020-04-12,709,30,708,30,1,0,761,33,11472,1450,12233,1483,0,24,18,154,12,531,1,125,28,"East TN",2455501,9.61107325959142,0.0523255813953488,60.3950069659919,1.22174660079552,6.27163255075034,5.23255813953488
2020-04-13,738,29,737,29,1,0,803,42,12435,963,13238,1005,0,24,-2,152,31,562,7,132,32,"East TN",2455501,9.12237461927321,0.0473925877336832,40.9285111266499,1.18102171410234,6.19018277736397,4.73925877336832
2020-04-14,749,11,748,11,1,0,823,20,12720,285,13543,305,4,28,-18,134,25,587,1,133,33,"East TN",2455501,7.28975471807994,0.0444572748267898,12.4210904414211,0.447973753625024,5.45713481688666,4.44572748267898
2020-04-15,773,24,772,24,1,0,850,27,13132,412,13982,439,2,30,-6,128,28,615,4,137,34,"East TN",2455501,6.76033119106854,0.0420200462606014,17.8782252583078,0.977397280636416,5.21278549672755,4.20200462606014
2020-04-16,801,28,800,28,1,0,886,36,13809,677,14695,713,1,31,1,129,26,641,6,143,34,"East TN",2455501,6.84178096445491,0.0413284132841328,29.0368442122402,1.14029682740915,5.25351038342074,4.13284132841328
2020-04-17,823,22,821,21,2,1,916,30,14138,329,15054,359,0,31,-1,128,23,664,4,147,35,"East TN",2455501,6.84178096445491,0.0430859878475419,14.6202343228531,0.895947507250048,5.21278549672755,4.30859878475419
2020-04-18,835,12,833,12,2,0,935,19,14919,781,15854,800,0,31,-11,117,23,687,0,147,35,"East TN",2455501,6.3530823241367,0.0405564263322884,32.5799093545472,0.488698640318208,4.76481174310253,4.05564263322884
2020-04-19,914,79,912,79,2,0,1016,81,15605,686,16621,767,1,32,66,183,12,699,1,148,35,"East TN",2455501,8.34860177210272,0.0581130355515041,31.2359880936721,3.21726604876154,7.45265426485267,5.81130355515041
2020-04-20,939,25,931,19,8,6,1033,17,16568,963,17601,980,0,32,10,193,15,714,2,150,35,"East TN",2455501,8.18570222532998,0.0527160210864084,39.9103889593203,1.0181221673296,7.85990313178451,5.27160210864084
2020-04-21,1045,106,1037,106,8,0,1154,121,19274,2706,20428,2827,0,32,83,276,23,737,6,156,36,"East TN",2455501,12.0545664611825,0.0480755265068991,115.129254681631,4.3168379894775,11.2400687273188,4.80755265068991
2020-04-22,1247,202,1237,200,10,2,1354,200,21826,2552,23180,2752,2,34,177,453,23,760,2,158,36,"East TN",2455501,19.3035962925692,0.0547945205479452,112.074888179642,8.22642711202317,18.4483736720124,5.47945205479452
2020-04-23,1492,245,1480,243,12,2,1601,247,22933,1107,24534,1354,0,34,236,689,9,769,3,161,36,"East TN",2455501,28.1408967049901,0.0726699867872751,55.1414965825711,9.97759723983008,28.0594469316038,7.26699867872751
2020-04-24,1540,48,1527,47,13,1,1655,54,25622,2689,27277,2743,0,34,22,711,26,795,4,165,36,"East TN",2455501,29.1997437590129,0.0604597889225231,111.708364199404,1.95479456127283,28.9553944388538,6.04597889225231
2020-04-25,1563,23,1546,19,17,4,1674,19,26397,775,28071,794,0,34,10,721,13,808,3,168,37,"East TN",2455501,29.6477175126379,0.0604894818695261,32.3355600343881,0.936672393943232,29.3626433057857,6.04894818695261
2020-04-26,1583,20,1565,19,18,1,1700,26,27514,1117,29214,1143,0,34,-1,720,21,829,0,168,37,"East TN",2455501,27.2449491977401,0.0543158897800365,46.5485454903093,0.81449773386368,29.3219184190925,5.43158897800365
2020-04-27,1652,69,1633,68,19,1,1772,72,28429,915,30201,987,0,34,50,770,19,848,8,176,38,"East TN",2455501,29.0368442122402,0.0586507936507936,40.1954631661726,2.8100171818297,31.3581627537517,5.86507936507936
2020-04-28,1689,37,1667,34,22,3,1812,40,30603,2174,32415,2214,2,36,19,789,16,864,1,177,39,"East TN",2455501,26.2268270304105,0.0548928005339117,90.1648991387094,1.50682080764781,32.1319356009222,5.48928005339117
2020-04-29,1752,63,1729,62,23,1,1878,66,33350,2747,35228,2813,1,37,39,828,23,887,6,183,40,"East TN",2455501,20.5660677800579,0.0434926958831341,114.559106267927,2.56566786167059,33.7202061819563,4.34926958831341
2020-04-30,1774,22,1750,21,24,1,1900,22,33899,549,35799,571,0,37,-1,827,23,910,1,184,40,"East TN",2455501,11.4844180474779,0.0265423879272082,23.2539103018081,0.895947507250048,33.6794812952632,2.65423879272082
2020-05-01,1814,40,1786,36,28,4,1929,29,35561,1662,37490,1691,0,37,-16,811,56,966,0,184,40,"East TN",2455501,11.1586189539324,0.0268285518456869,68.8657833981741,1.62899546772736,33.0278831081722,2.68285518456869
2020-05-02,1835,21,1807,21,28,0,1966,37,37438,1877,39404,1914,0,37,-107,704,128,1094,3,187,40,"East TN",2455501,11.077169180546,0.0257654636901085,77.9474331307542,0.855222620556864,28.6703202320015,2.57654636901085
2020-05-03,1873,38,1840,33,33,5,2003,37,39558,2120,41561,2157,0,37,-20,684,58,1152,3,190,42,"East TN",2455501,11.8102171410234,0.0245403741799627,87.8435805971979,1.54754569434099,27.8558224981379,2.45403741799627
2020-05-04,1920,47,1884,44,36,3,2060,57,41504,1946,43564,2003,0,37,-312,372,359,1511,1,191,42,"East TN",2455501,10.9142696337733,0.0215520466961012,81.5719480464475,1.91406967457965,15.1496578498644,2.15520466961012
2020-05-05,1948,28,1911,27,37,1,2092,32,44414,2910,46506,2942,2,39,-45,327,71,1582,1,192,42,"East TN",2455501,10.5477456535347,0.0198708395429707,119.812616651347,1.14029682740915,13.3170379486712,1.98708395429707
2020-05-06,1985,37,1948,37,37,0,2135,43,45458,1044,47593,1087,1,40,7,334,29,1611,0,192,42,"East TN",2455501,9.48889859951187,0.0207844723008492,44.267951835491,1.50682080764781,13.6021121555235,2.07844723008492
2020-05-07,2028,43,1989,41,39,2,2183,48,46850,1392,49033,1440,0,40,18,352,25,1636,4,196,46,"East TN",2455501,10.3441212200687,0.0213843131328397,58.643836838185,1.75117012780691,14.3351601160008,2.13843131328397
2020-05-08,2047,19,2008,19,39,0,2219,36,48520,1670,50739,1706,1,41,-15,337,33,1669,0,196,47,"East TN",2455501,9.48889859951187,0.0218884444108989,69.4766566985719,0.773772847170496,13.724286815603,2.18884444108989
2020-05-09,2063,16,2022,14,41,2,2237,18,51338,2818,53575,2836,0,41,-32,305,48,1717,1,197,48,"East TN",2455501,9.28527416604595,0.0191235622045022,115.49577866187,0.651598187090944,12.4210904414211,1.91235622045022
2020-05-10,2079,16,2037,15,42,1,2256,19,53902,2564,56158,2583,1,42,-27,278,42,1759,3,200,48,"East TN",2455501,8.3893266587959,0.0173323285606631,105.192382328494,0.651598187090944,11.3215185007052,1.73323285606631
2020-05-11,2140,61,2097,60,43,1,2307,51,55473,1571,57780,1622,3,45,13,291,45,1804,5,205,50,"East TN",2455501,8.95947507250048,0.0173747889701744,66.0557662163444,2.48421808828422,11.8509420277165,1.73747889701745
2020-05-12,2193,53,2150,53,43,0,2373,66,59028,3555,61401,3621,3,48,30,321,20,1824,3,208,50,"East TN",2455501,9.97759723983008,0.0188653910708291,147.464814716019,2.15841899473875,13.0726886285121,1.88653910708291
2020-05-13,2247,54,2201,51,46,3,2425,52,60653,1625,63078,1677,0,48,18,339,36,1860,7,215,52,"East TN",2455501,10.6699203136142,0.0187278010978366,68.2956349844696,2.19914388143194,13.8057365889894,1.87278010978366
2020-05-14,2278,31,2232,31,46,0,2470,45,62362,1709,64832,1754,1,49,-2,337,32,1892,2,217,53,"East TN",2455501,10.181221673296,0.0181657066902969,71.4314512598447,1.2624714874887,13.724286815603,1.81657066902969
2020-05-15,2306,28,2260,28,46,0,2507,37,64681,2319,67188,2356,1,50,-21,316,48,1940,4,221,53,"East TN",2455501,10.5477456535347,0.0175086631406164,95.9478330491415,1.14029682740915,12.8690641950461,1.75086631406164
2020-05-16,2316,10,2270,10,46,0,2525,18,67450,2769,69975,2787,1,51,-28,288,37,1977,1,222,53,"East TN",2455501,10.3033963333756,0.0175609756097561,113.500259213904,0.40724886693184,11.728767367637,1.75609756097561
2020-05-17,2396,80,2350,80,46,0,2604,79,69677,2227,72281,2306,0,51,59,347,21,1998,4,226,55,"East TN",2455501,12.9097890817393,0.0215840724430937,93.9115887144823,3.25799093545472,14.1315356825348,2.15840724430937
2020-05-18,2445,49,2398,48,47,1,2665,61,71555,1878,74220,1939,0,51,8,355,41,2039,3,229,55,"East TN",2455501,12.4210904414211,0.0217761557177616,78.9655552980838,1.99551944796602,14.4573347760803,2.17761557177616
2020-05-19,2486,41,2438,40,48,1,2705,40,72679,1124,75384,1164,1,52,-6,349,46,2085,3,232,55,"East TN",2455501,11.9323918011029,0.0237431166416363,47.4037681108662,1.66972035442054,14.2129854559212,2.37431166416363
2020-05-20,2528,42,2480,42,48,0,2750,45,74419,1740,77169,1785,0,52,13,362,29,2114,3,235,55,"East TN",2455501,11.4436931607847,0.0230643673266624,72.6939227473334,1.71044524111373,14.7424089829326,2.30643673266624
2020-05-21,2769,241,2720,240,49,1,2988,238,75881,1462,78869,1700,0,52,211,573,30,2144,4,239,56,"East TN",2455501,19.9959193663533,0.0369024720381848,69.2323073784128,9.81469769305734,23.3353600751944,3.69024720381848
2020-05-22,2860,91,2808,88,52,3,3066,78,77405,1524,80471,1602,0,52,40,613,51,2195,7,246,56,"East TN",2455501,22.5615872280239,0.0420838665964014,65.2412684824808,3.70596468907974,24.9643555429218,4.20838665964014
2020-05-23,2926,66,2870,62,56,4,3157,91,79620,2215,82777,2306,2,54,36,649,28,2223,7,253,57,"East TN",2455501,24.8421808828422,0.049367286361506,93.9115887144823,2.68784252175014,26.4304514638764,4.9367286361506
2020-05-24,2978,52,2922,52,56,0,3227,70,81740,2120,84967,2190,0,54,26,675,26,2249,0,253,58,"East TN",2455501,23.7018840554331,0.0491092542960744,89.187501858073,2.11769410804557,27.4892985178992,4.91092542960744
2020-05-25,3062,84,3005,83,57,1,3321,94,84390,2650,87711,2744,1,55,42,717,41,2290,2,255,58,"East TN",2455501,25.1272550896945,0.0486250092654362,111.749089086097,3.42089048222746,29.1997437590129,4.86250092654362
2020-05-26,3123,61,3057,52,66,9,3377,56,86776,2386,90153,2442,1,56,15,732,45,2335,3,258,58,"East TN",2455501,25.9417528235582,0.0455007109486086,99.4501733047553,2.48421808828422,29.8106170594107,4.55007109486086
2020-05-27,3199,76,3130,73,69,3,3444,67,88643,1867,92087,1934,0,56,40,772,36,2371,9,267,58,"East TN",2455501,27.3263989711265,0.0465209813647942,78.7619308646179,3.09509138868198,31.439612527138,4.65209813647942
2020-05-28,3273,74,3204,74,69,0,3511,67,90042,1399,93553,1466,0,56,14,786,60,2431,1,268,58,"East TN",2455501,20.5253428933647,0.0356169980931626,59.7026838922077,3.01364161529562,32.0097609408426,3.56169980931626
2020-05-29,3348,75,3278,74,70,1,3594,83,91320,1278,94914,1361,0,56,10,796,65,2496,4,272,58,"East TN",2455501,19.8737447062738,0.0365575019040366,55.4265707894234,3.0543665019888,32.4170098077745,3.65575019040366
2020-05-30,3421,73,3350,72,71,1,3675,81,93565,2245,97240,2326,0,56,-1,795,74,2570,5,277,59,"East TN",2455501,20.1588189131261,0.0358155292816152,94.726086448346,2.97291672860243,32.3762849210813,3.58155292816152
2020-05-31,3533,112,3460,110,73,2,3769,94,96348,2783,100117,2877,0,56,71,866,41,2611,1,278,60,"East TN",2455501,22.6023121147171,0.0357755775577558,117.16549901629,4.56118730963661,35.2677518762973,3.57755775577558
2020-06-01,3629,96,3553,93,76,3,3903,134,100180,3832,104083,3966,0,56,-169,697,265,2876,5,283,60,"East TN",2455501,23.0910107550353,0.0355484974346445,161.514900625168,3.90958912254566,28.3852460251492,3.55484974346445
2020-06-02,3736,107,3658,105,78,2,4018,115,104239,4059,108257,4174,1,57,16,713,90,2966,3,286,64,"East TN",2455501,24.9643555429218,0.0354065399911622,169.98567705735,4.35756287617069,29.0368442122402,3.54065399911622
2020-06-03,3786,50,3708,50,78,0,4068,50,106170,1931,110238,1981,0,57,-65,648,115,3081,4,290,65,"East TN",2455501,23.905508488899,0.0343782711696325,80.6760005391975,2.0362443346592,26.3897265771832,3.43782711696325
2020-06-04,3837,51,3757,49,80,2,4129,61,107718,1548,111847,1609,6,63,-37,611,82,3163,5,295,66,"East TN",2455501,22.9688360949558,0.0337815677271236,65.526342689333,2.07696922135238,24.8829057695354,3.37815677271236
2020-06-05,3936,99,3852,95,84,4,4211,82,109874,2156,114085,2238,1,64,-43,568,141,3304,4,299,67,"East TN",2455501,23.9462333755922,0.0321840279588963,91.1422964193458,4.03176378262522,23.1317356417285,3.21840279588963
2020-06-06,3989,53,3902,50,87,3,4286,75,112979,3105,117265,3180,1,65,-14,554,66,3370,4,303,67,"East TN",2455501,23.1317356417285,0.0305118601747815,129.505139684325,2.15841899473875,22.5615872280239,3.05118601747815
2020-06-07,4047,58,3958,56,89,2,4367,81,116938,3959,121305,4040,0,65,-8,546,66,3436,6,309,68,"East TN",2455501,20.9325917602966,0.0282235227487257,164.528542240463,2.36204342820467,22.2357881344785,2.82235227487257
2020-06-08,4207,160,4114,156,93,4,4524,157,119889,2951,124413,3108,0,65,75,621,85,3521,6,315,68,"East TN",2455501,23.5389845086604,0.0305459911460895,126.572947842416,6.51598187090944,25.2901546364673,3.05459911460895
2020-06-09,4315,108,4221,107,94,1,4642,118,122216,2327,126858,2445,1,66,-35,586,142,3663,7,322,69,"East TN",2455501,23.5797093953535,0.0335465835170152,99.5723479648349,4.39828776286387,23.8647836022058,3.35465835170152
2020-06-10,4392,77,4295,74,97,3,4716,74,125054,2838,129770,2912,0,66,-63,523,140,3803,6,328,69,"East TN",2455501,24.6792813360695,0.0331763260290805,118.590870050552,3.13581627537517,21.2991157405352,3.31763260290805
2020-06-11,4656,264,4557,262,99,2,4996,280,127345,2291,132341,2571,1,67,149,672,114,3917,8,336,69,"East TN",2455501,33.3536822017177,0.042305064897043,104.703683688176,10.7513700870006,27.3671238578196,4.2305064897043
2020-06-12,4827,171,4727,170,100,1,5168,172,129973,2628,135141,2800,2,69,24,696,145,4062,3,339,70,"East TN",2455501,36.2858740436269,0.0454502279635258,114.029682740915,6.96395562453446,28.3445211384561,4.54502279635258
2020-06-13,4975,148,4871,144,104,4,5336,168,132164,2191,137500,2359,0,69,50,746,98,4160,4,343,71,"East TN",2455501,40.1547382794794,0.0518902891030393,96.0700077092211,6.02728323059123,30.3807654731153,5.18902891030393
2020-06-14,5091,116,4986,115,105,1,5471,135,136034,3870,141505,4005,0,69,30,776,86,4246,4,347,72,"East TN",2455501,42.5167817076841,0.0546534653465347,163.103171206202,4.72408685640934,31.6025120739108,5.46534653465347
2020-06-15,5273,182,5157,171,116,11,5650,179,139208,3174,144858,3353,0,69,58,834,124,4370,9,356,77,"East TN",2455501,43.4127292149341,0.0550745903643923,136.550545082246,7.41192937815949,33.9645555021155,5.50745903643923
2020-06-16,5427,154,5309,152,118,2,5808,158,141008,1800,146816,1958,3,72,64,898,87,4457,4,360,80,"East TN",2455501,45.2860740028206,0.0584226876440525,79.7393281452543,6.27163255075034,36.5709482504792,5.84226876440525
2020-06-17,5560,133,5439,130,121,3,5930,122,142448,1440,148378,1562,3,75,-6,892,136,4593,6,366,82,"East TN",2455501,47.5666676576389,0.0652407566638005,63.6122730147534,5.41640993019347,36.3265989303201,6.52407566638005
2020-06-18,5738,178,5616,177,122,1,6136,206,146039,3591,152175,3797,1,76,42,934,135,4728,12,378,82,"East TN",2455501,44.0643274020251,0.0574770595946355,154.63239477402,7.24902983138675,38.0370441714339,5.74770595946355
2020-06-19,5873,135,5747,131,126,4,6254,118,147503,1464,153757,1582,4,80,22,956,109,4837,13,391,83,"East TN",2455501,42.5982314810705,0.0583369144821659,64.4267707486171,5.49785970357984,38.9329916786839,5.83369144821659
2020-06-20,5939,66,5812,65,127,1,6349,95,149678,2175,156027,2270,0,80,-44,912,110,4947,7,398,83,"East TN",2455501,39.2587907722294,0.0546769579532574,92.4454927935277,2.68784252175014,37.1410966641838,5.46769579532574
2020-06-21,6027,88,5899,87,128,1,6468,119,153028,3350,159496,3469,1,81,0,912,87,5034,3,401,86,"East TN",2455501,38.1184939448202,0.0554165971874826,141.274631938655,3.58379002900019,37.1410966641838,5.54165971874826
2020-06-22,6223,196,6088,189,135,7,6666,198,156439,3411,163105,3609,1,82,43,955,152,5186,7,408,87,"East TN",2455501,38.6886423585248,0.0556803858168466,146.976116075701,7.98207779186406,38.8922667919907,5.56803858168466
2020-06-23,6413,190,6272,184,141,6,6850,184,158243,1804,165093,1988,4,86,57,1012,129,5315,15,423,87,"East TN",2455501,40.1547382794794,0.0570115445642064,80.9610747460498,7.73772847170496,41.2135853335022,5.70115445642064
2020-06-24,6591,178,6448,176,143,2,7033,183,159874,1631,166907,1814,2,88,38,1050,138,5453,9,432,87,"East TN",2455501,41.9873581806727,0.0595283069782503,73.8749444614358,7.24902983138675,42.7611310278432,5.95283069782503
2020-06-25,6760,169,6608,160,152,9,7217,184,163048,3174,170265,3358,0,88,22,1072,147,5600,8,440,87,"East TN",2455501,41.620834200434,0.0597567716970702,136.754169515712,6.8825058511481,43.6570785350932,5.97567716970702
2020-06-26,6974,214,6812,204,162,10,7389,172,164637,1589,172026,1761,1,89,67,1139,146,5746,16,456,87,"East TN",2455501,44.8381002491956,0.0621271005528491,71.716525466697,8.71512575234138,46.3856459435366,6.21271005528491
2020-06-27,7048,74,6881,69,167,5,7435,46,164846,209,172281,255,-1,88,-52,1087,127,5873,5,461,89,"East TN",2455501,45.1638993427411,0.0668143226282761,10.3848461067619,3.01364161529562,44.267951835491,6.68143226282761
2020-06-28,7175,127,7006,125,169,2,7606,171,167933,3087,175539,3258,0,88,30,1117,97,5970,5,466,90,"East TN",2455501,46.7521699237752,0.0709343638970267,132.681680846393,5.17206061003437,45.4896984362865,7.09343638970267
2020-06-29,7518,343,7347,341,171,2,7946,340,173201,5268,181147,5608,1,89,147,1264,195,6165,22,488,91,"East TN",2455501,52.7387282676733,0.0709455714444075,228.385164575376,13.9686361357621,51.4762567801846,7.09455714444075
2020-06-30,7788,270,7613,266,175,4,8394,448,179487,6286,187881,6734,0,89,100,1364,170,6335,22,510,92,"East TN",2455501,55.996719203128,0.0677549587502194,274.241386991901,10.9957194071597,55.548745449503,6.77549587502194
2020-07-01,8063,275,7885,272,178,3,8728,334,182691,3204,191419,3538,0,89,66,1430,209,6544,17,527,95,"East TN",2455501,59.9470332123668,0.0691498041775457,144.084649120485,11.1993438406256,58.2365879712531,6.91498041775457
2020-07-02,8543,480,8360,475,183,5,9334,606,189074,6383,198408,6989,2,91,314,1744,164,6708,25,552,98,"East TN",2455501,72.6124729739471,0.0752229684113279,284.626233098663,19.5479456127283,71.0242023929129,7.52229684113279
2020-07-03,8769,226,8580,220,189,6,9562,228,192429,3355,201991,3583,5,96,24,1768,197,6905,14,566,99,"East TN",2455501,73.1011716142653,0.0725179375938595,145.917269021678,9.20382439265958,72.0015996735493,7.25179375938595
2020-07-04,8989,220,8798,218,191,2,9842,280,197193,4764,207035,5044,2,98,77,1845,141,7046,15,581,105,"East TN",2455501,79.0470050714701,0.0692582148817402,205.41632848042,8.95947507250048,75.1374159489245,6.92582148817402
2020-07-05,9309,320,9117,319,192,1,10210,368,201040,3847,211250,4215,2,100,163,2008,155,7201,12,593,108,"East TN",2455501,86.9069082032546,0.072918708521184,171.655397411771,13.0319637418189,81.7755724799135,7.2918708521184
2020-07-06,9543,234,9340,223,203,11,10420,210,202671,1631,213091,1841,4,104,-51,1957,281,7482,26,619,108,"East TN",2455501,82.4678955536976,0.0774480340596043,74.9745164021517,9.52962348620506,79.6986032585611,7.74480340596043
2020-07-07,9991,448,9779,439,212,9,10986,566,208949,6278,219935,6844,0,104,159,2116,289,7771,32,651,109,"East TN",2455501,89.7169253850844,0.080863542771573,278.721124528151,18.2447492385464,86.1738602427773,8.0863542771573
2020-07-08,10372,381,10150,371,222,10,11420,434,213120,4171,224540,4605,1,105,61,2177,319,8090,20,671,109,"East TN",2455501,94.0337633745619,0.0812777391986957,187.538103222112,15.5161818301031,88.6580783310616,8.12777391986957
2020-07-09,10821,449,10585,435,236,14,11892,472,219069,5949,230961,6421,1,106,149,2326,299,8389,24,695,113,"East TN",2455501,92.7712918870731,0.0785795471999508,261.494497456934,18.2854741252396,94.726086448346,7.85795471999508
2020-07-10,11288,467,11040,455,248,12,12345,453,222353,3284,234698,3737,0,106,141,2467,326,8715,29,724,115,"East TN",2455501,102.58598958013,0.0850888189072676,152.188901572429,19.0185220857169,100.468295472085,8.50888189072676
2020-07-11,11594,306,11339,299,255,7,12767,422,226831,4478,239598,4900,5,111,44,2511,257,8972,23,747,120,"East TN",2455501,106.088329835744,0.0898258759942266,199.551944796602,12.4618153281143,102.260190486585,8.98258759942266
2020-07-12,12064,470,11801,462,263,8,13400,633,232761,5930,246161,6563,1,112,222,2733,247,9219,25,772,125,"East TN",2455501,112.197062839722,0.091375211251468,267.277431367367,19.1406967457965,111.301115332472,9.1375211251468
2020-07-13,12418,354,12142,341,276,13,13743,343,236195,3434,249938,3777,3,115,-119,2614,470,9689,20,792,129,"East TN",2455501,117.084049242904,0.0901837327326512,153.817897040156,14.4166098893871,106.454853815983,9.01837327326512
2020-07-14,12933,515,12652,510,281,5,14327,584,240683,4488,255010,5072,4,119,77,2691,434,10123,34,826,133,"East TN",2455501,119.812616651347,0.0952530292230934,206.556625307829,20.9733166469898,109.590670091358,9.52530292230934
2020-07-15,13313,380,13026,374,287,6,14710,383,243780,3097,258490,3480,6,125,-106,2585,480,10603,24,850,140,"East TN",2455501,119.771891764654,0.0969072164948454,141.72260569228,15.4754569434099,105.273832101881,9.69072164948454
2020-07-16,14140,827,13838,812,302,15,15807,1097,253614,9834,269421,10931,6,131,349,2934,472,11075,44,894,142,"East TN",2455501,135.165898934678,0.101794071762871,445.163736443194,33.6794812952632,119.486817557802,10.1794071762871
2020-07-17,14608,468,14292,454,316,14,16318,511,257933,4319,274251,4830,3,134,95,3029,370,11445,24,918,147,"East TN",2455501,135.206623821371,0.100447500821682,196.701202728079,19.0592469724101,123.355681793654,10.0447500821682
2020-07-18,15117,509,14786,494,331,15,16986,668,266023,8090,283009,8758,6,140,185,3214,318,11763,27,945,150,"East TN",2455501,143.473775820087,0.0971873488286379,356.668557658905,20.7289673268307,130.889785831893,9.71873488286379
2020-07-19,15598,481,15248,462,350,19,17546,560,270877,4854,288423,5414,0,140,76,3290,405,12168,26,971,154,"East TN",2455501,143.921749573712,0.0981023141356301,220.484536556898,19.5886704994215,133.984877220575,9.81023141356301
2020-07-20,16034,436,15669,421,365,15,17957,411,273334,2457,291291,2868,2,142,-270,3020,704,12872,29,1000,158,"East TN",2455501,147.261190282553,0.101903126738084,116.798975036052,17.7560505982282,122.989157813416,10.1903126738084
2020-07-21,17035,1001,16653,984,382,17,19169,1212,281712,8378,300881,9590,1,143,381,3401,619,13491,61,1061,161,"East TN",2455501,167.053485215441,0.105556887794031,390.551663387635,40.7656115798772,138.505339643519,10.5556887794031
2020-07-22,17619,584,17221,568,398,16,19823,654,285012,3300,304835,3954,4,147,-79,3322,659,14150,29,1090,166,"East TN",2455501,175.36136210085,0.110324738375229,161.02620198485,23.7833338288195,135.288073594757,11.0324738375229
2020-07-23,18414,795,17994,773,420,22,20822,999,295215,10203,316037,11202,4,151,242,3564,549,14699,50,1140,172,"East TN",2455501,174.058165726668,0.107581088038442,456.200180737047,32.3762849210813,145.143496174508,10.7581088038442
2020-07-24,19017,603,18584,590,433,13,21506,684,301025,5810,322531,6494,2,153,7,3571,594,15293,34,1174,179,"East TN",2455501,179.556025430248,0.107456503728252,264.467414185537,24.55710667599,145.42857038136,10.7456503728252
2020-07-25,19995,978,19550,966,445,12,22708,1202,310639,9614,333347,10816,10,163,550,4121,418,15711,29,1203,187,"East TN",2455501,198.655997289352,0.1136715801184,440.480374473478,39.8289391859339,167.827258062611,11.36715801184
2020-07-26,20770,775,20310,760,460,15,23605,897,318162,7523,341767,8420,1,164,391,4512,383,16094,21,1224,194,"East TN",2455501,210.629113977148,0.113583533293341,342.903545956609,31.5617871872176,183.750688759646,11.3583533293341
2020-07-27,21416,646,20934,624,482,22,24311,706,322628,4466,346939,5172,6,170,-78,4434,718,16812,38,1262,198,"East TN",2455501,219.181340182716,0.114182001150086,210.629113977148,26.3082768037969,180.574147597578,11.4182001150086
2020-07-28,22231,815,21726,792,505,23,25283,972,330849,8221,356132,9193,7,177,170,4604,638,17450,50,1312,203,"East TN",2455501,211.606511257784,0.110658630613021,374.38388337044,33.190782654945,187.497378335419,11.0658630613021
2020-07-29,22574,343,22058,332,516,11,25599,316,332419,1570,358018,1886,5,182,-337,4267,675,18125,24,1336,212,"East TN",2455501,201.791813564727,0.108606133538913,76.807136303345,13.9686361357621,173.773091519816,10.8606133538913
2020-07-30,23762,1188,23231,1173,531,15,26980,1381,344953,12534,371933,13915,5,187,674,4941,509,18634,46,1382,219,"East TN",2455501,217.796694035148,0.110168885072277,566.686798335655,48.3811653915026,201.221665151022,11.0168885072277
2020-07-31,24384,622,23837,606,547,16,27634,654,348921,3968,376555,4622,6,193,80,5021,536,19170,27,1409,228,"East TN",2455501,218.570466882319,0.113431067673627,188.230426295896,25.3308795231604,204.479656086477,11.3431067673627
2020-08-01,24943,559,24379,542,564,17,28270,636,355896,6975,384166,7611,1,194,152,5173,406,19576,16,1425,231,"East TN",2455501,201.506739357874,0.109447253979811,309.957112621823,22.7652116614899,210.669838863841,10.9447253979811
2020-08-02,25374,431,24799,420,575,11,28754,484,359694,3798,388448,4282,4,198,50,5223,377,19953,21,1446,236,"East TN",2455501,187.497378335419,0.110301835864699,174.383964820214,17.5524261647623,212.7060831985,11.0301835864699
2020-08-03,26000,626,25407,608,593,18,29462,708,363838,4144,393300,4852,3,201,-43,5180,666,20619,39,1485,244,"East TN",2455501,186.682880601555,0.111106317810228,197.597150235329,25.4937790699332,210.954913070693,11.1106317810228
2020-08-04,26486,486,25873,466,613,20,29988,526,369209,5371,399197,5897,6,207,-218,4962,698,21317,34,1519,253,"East TN",2455501,173.284392879498,0.10925345408104,240.154656829706,19.7922949328874,202.076887771579,10.925345408104
2020-08-05,26954,468,26333,460,621,8,30509,521,373422,4213,403931,4734,9,216,-222,4740,681,21998,20,1539,259,"East TN",2455501,178.375003716146,0.106941389149043,192.791613605533,19.0592469724101,193.035962925692,10.6941389149043
2020-08-06,27685,731,27026,693,659,38,31361,852,380491,7069,411852,7921,7,223,202,4942,522,22520,37,1576,265,"East TN",2455501,159.763730497361,0.109747238157268,322.58182749671,29.7698921727175,201.262390037715,10.9747238157268
2020-08-07,28240,555,27567,541,673,14,31980,619,384461,3970,416441,4589,6,229,40,4982,509,23029,34,1610,278,"East TN",2455501,157.035163088917,0.108960537531966,186.886505035021,22.6023121147171,202.891385505443,10.8960537531966
2020-08-08,28915,675,28230,663,685,12,32780,800,394538,10077,427318,10877,8,237,290,5272,377,23406,24,1634,289,"East TN",2455501,161.759249945327,0.104514275120504,442.964592561762,27.4892985178992,214.701602646466,10.4514275120504
2020-08-09,29443,528,28746,516,697,12,33414,634,398839,4301,432253,4935,2,239,115,5387,411,23817,20,1654,296,"East TN",2455501,165.709563954566,0.106380550165506,200.977315830863,21.5027401740012,219.384964616182,10.6380550165506
2020-08-10,29746,303,29038,292,708,11,33742,328,401128,2289,434870,2617,3,242,-477,4910,777,24594,26,1680,300,"East TN",2455501,152.555425552667,0.102958864565793,106.577028476063,12.3396406680348,199.959193663533,10.2958864565793
2020-08-11,30358,612,29633,595,725,17,34427,685,407228,6100,441655,6785,17,259,-7,4903,602,25196,28,1708,305,"East TN",2455501,157.686761276008,0.104550379198267,276.318356213253,24.9236306562286,199.674119456681,10.4550379198267
2020-08-12,30803,445,30057,424,746,21,34901,474,410976,3748,445877,4222,6,265,-251,4652,690,25886,25,1733,310,"East TN",2455501,156.750088882065,0.104706050636533,171.940471618623,18.1225745784669,189.452172896692,10.4706050636533
2020-08-13,31620,817,30861,804,759,13,36018,1117,419539,8563,455557,9680,6,271,202,4854,609,26495,44,1777,318,"East TN",2455501,160.252429137679,0.106555314037295,394.216903190021,33.2722324283313,197.678600008715,10.6555314037295
2020-08-14,32081,461,31293,432,788,29,36552,534,424195,4656,460747,5190,4,275,-142,4712,599,27094,18,1795,325,"East TN",2455501,156.42428978852,0.103191441339773,211.362161937625,18.7741727655578,191.895666098283,10.3191441339773
2020-08-15,32731,650,31931,638,800,12,37429,877,431128,6933,468557,7810,4,279,216,4928,430,27524,17,1812,334,"East TN",2455501,155.40616762119,0.11273309246102,318.061365073767,26.4711763505696,200.692241624011,11.273309246102
2020-08-16,33205,474,32394,463,811,11,38022,593,436593,5465,474615,6058,2,281,110,5038,362,27886,10,1822,343,"East TN",2455501,153.207023739758,0.108776733865257,246.711363587309,19.3035962925692,205.171979160261,10.8776733865257
2020-08-17,33478,273,32597,203,881,70,38249,227,438065,1472,476314,1699,8,289,-397,4641,662,28548,12,1834,349,"East TN",2455501,151.985277138963,0.108749155486922,69.1915824917196,11.1178940672392,189.004199143067,10.8749155486922
2020-08-18,34108,630,33162,565,946,65,39061,812,448662,10597,487723,11409,8,297,52,4693,570,29118,22,1856,352,"East TN",2455501,152.71832509944,0.10059043153599,464.630232282536,25.6566786167059,191.121893251113,10.059043153599
2020-08-19,34563,455,33596,434,967,21,39558,497,453446,4784,493004,5281,7,304,-113,4580,561,29679,22,1878,359,"East TN",2455501,153.125573966372,0.0988180872960299,215.068126626705,18.5298234453987,186.519981054783,9.88180872960299
2020-08-20,35341,778,34353,757,988,21,40432,874,464985,11539,505417,12413,6,310,265,4845,507,30186,27,1905,367,"East TN",2455501,151.537303385338,0.088527878058564,505.518018522493,31.6839618472971,197.312076028476,8.8527878058564
2020-08-21,35550,209,34550,197,1000,12,40645,213,467436,2451,508081,2664,17,327,-321,4524,513,30699,17,1922,374,"East TN",2455501,141.274631938655,0.0864706130899565,108.491098150642,8.51150131887546,184.239387399964,8.64706130899565
2020-08-22,36419,869,35407,857,1012,12,41617,972,480803,13367,522420,14339,2,329,453,4977,414,31113,20,1942,381,"East TN",2455501,150.193382124463,0.077752817332863,583.954150293565,35.3899265363769,202.687761071977,7.7752817332863
2020-08-23,36672,253,35649,242,1023,11,41871,254,485909,5106,527780,5360,0,329,-94,4883,347,31460,20,1962,386,"East TN",2455501,141.193182165269,0.0723972538324085,218.285392675466,10.3033963333756,198.859621722817,7.23972538324085
2020-08-24,36864,192,35824,175,1040,17,42069,198,487252,1343,529321,1541,8,337,-485,4398,669,32129,15,1977,396,"East TN",2455501,137.894466343121,0.0720659535533043,62.7570503941965,7.81917824509133,179.108051676623,7.20659535533043
2020-08-25,37478,614,36413,589,1065,25,42754,685,496986,9734,539740,10419,16,353,120,4518,478,32607,23,2000,405,"East TN",2455501,137.24286815603,0.0709960205317492,424.312594456284,25.005080429615,183.995038079805,7.09960205317492
2020-08-26,37823,345,36733,320,1090,25,43138,384,500948,3962,544086,4346,6,359,-208,4310,547,33154,11,2011,413,"East TN",2455501,132.76313061978,0.0700833953251635,176.990357568578,14.0500859091485,175.524261647623,7.00833953251635
2020-08-27,38684,861,37577,844,1107,17,44114,976,511240,10292,555354,11268,8,367,387,4697,466,33620,29,2040,420,"East TN",2455501,136.143296215314,0.0737329034583575,458.888023258797,35.0641274428314,191.284792797885,7.37329034583575
2020-08-28,39018,334,37891,314,1127,20,44452,338,513849,2609,558301,2947,12,379,-182,4515,504,34124,10,2050,426,"East TN",2455501,141.233907051962,0.0758064516129032,120.016241084813,13.6021121555235,183.872863419726,7.58064516129032
2020-08-29,39469,451,38326,435,1143,16,44980,528,520368,6519,565348,7047,8,387,61,4576,382,34506,16,2066,435,"East TN",2455501,124.210904414211,0.0783404770778979,286.988276526868,18.366923898626,186.35708150801,7.83404770778979
2020-08-30,39732,263,38578,252,1154,11,45247,267,522249,1881,567496,2148,8,395,-55,4521,310,34816,14,2080,438,"East TN",2455501,124.618153281143,0.0850035250276966,87.4770566169592,10.7106452003074,184.117212739885,8.50035250276967
2020-08-31,40139,407,38956,378,1183,29,45697,450,525736,3487,571433,3937,2,397,-133,4388,538,35354,17,2097,443,"East TN",2455501,133.374003920178,0.0861512158054711,160.333878911065,16.5750288841259,178.700802809691,8.61512158054711
2020-09-01,40746,607,39521,565,1225,42,46371,674,531401,5665,577772,6339,6,403,105,4493,496,35850,28,2125,452,"East TN",2455501,133.088929713325,0.0951041228439209,258.155056748093,24.7200062227627,182.976915912476,9.51041228439209
2020-09-02,41234,488,39980,459,1254,29,46824,453,536194,4793,583018,5246,7,410,23,4516,458,36308,22,2147,459,"East TN",2455501,138.912588510451,0.0946778999280797,213.642755592443,19.8737447062738,183.913588306419,9.46778999280797
2020-09-03,41789,555,40502,522,1287,33,47471,647,544450,8256,591921,8903,6,416,-39,4477,588,36896,22,2169,462,"East TN",2455501,126.450773182336,0.0918040856509968,362.573666229417,22.6023121147171,182.325317725385,9.18040856509968
2020-09-04,42146,357,40845,343,1301,14,47819,348,547782,3332,595601,3680,7,423,-40,4437,390,37286,11,2180,463,"East TN",2455501,127.38744557628,0.0902680965147453,149.867583030917,14.5387845494667,180.696322257657,9.02680965147453
2020-09-05,43144,998,41828,983,1316,15,48909,1090,557101,9319,606010,10409,1,424,640,5077,357,37643,26,2206,469,"East TN",2455501,149.663958597451,0.0966258423097733,423.905345589352,40.6434369197976,206.760249741295,9.66258423097733
2020-09-06,43407,263,42075,247,1332,16,49177,268,559728,2627,608905,2895,0,424,-51,5026,314,37957,9,2215,483,"East TN",2455501,149.663958597451,0.0949069042961675,117.898546976768,10.7106452003074,204.683280519943,9.49069042961675
2020-09-07,43611,204,42272,197,1339,7,49414,237,561064,1336,610478,1573,3,427,-342,4684,543,38500,13,2228,487,"East TN",2455501,141.396806598735,0.095197848636189,64.0602467683784,8.30787688540954,190.755369270874,9.5197848636189
2020-09-08,43922,311,42561,289,1361,22,49734,320,564490,3426,614224,3746,7,434,-302,4382,606,39106,24,2252,494,"East TN",2455501,129.342240137552,0.0922583123011083,152.555425552667,12.6654397615802,178.456453489532,9.22583123011083
2020-09-09,44255,333,42877,316,1378,17,50109,375,569636,5146,619745,5521,6,440,-161,4221,488,39594,16,2268,501,"East TN",2455501,123.029882700109,0.0894437334930705,224.842099433069,13.5613872688303,171.89974673193,8.94437334930705
2020-09-10,44930,675,43515,638,1415,37,50816,707,577446,7810,628262,8517,18,458,194,4415,463,40057,39,2307,512,"East TN",2455501,127.916869103291,0.0920447978866845,346.853859965848,27.4892985178992,179.800374750407,9.20447978866845
2020-09-11,45256,326,43818,303,1438,23,51171,355,581606,4160,632777,4515,17,475,-205,4210,514,40571,26,2333,523,"East TN",2455501,126.654397615802,0.0901656982999785,183.872863419726,13.276313061978,171.451772978305,9.01656982999785
2020-09-12,45675,419,44219,401,1456,18,51683,512,588592,6986,640275,7498,10,485,92,4302,317,40888,15,2348,534,"East TN",2455501,103.074688220449,0.0809572450021888,305.355200425494,17.0637275244441,175.198462554078,8.09572450021888
2020-09-13,46115,440,44639,420,1476,20,52185,502,594166,5574,646351,6076,2,487,48,4350,390,41278,21,2369,539,"East TN",2455501,110.282993165142,0.0803290071035625,247.444411547786,17.918950145001,177.15325711535,8.03290071035625
2020-09-14,46559,444,45068,429,1491,15,52670,485,599138,4972,651808,5457,9,496,-151,4199,586,41864,25,2394,549,"East TN",2455501,120.056965971506,0.0787805468182918,222.235706684705,18.0818496917737,171.00379922468,7.87805468182918
2020-09-15,47052,493,45524,456,1528,37,53210,540,607313,8175,660523,8715,7,503,-66,4133,552,42416,20,2414,552,"East TN",2455501,127.468895349666,0.0750772154906153,354.917387531099,20.0773691397397,168.315956702929,7.50772154906153
2020-09-16,47405,353,45834,310,1571,43,53604,394,610727,3414,664331,3808,6,509,-175,3958,522,42938,17,2431,561,"East TN",2455501,128.28339308353,0.0783878347463329,155.080368527645,14.375885002694,161.189101531622,7.83878347463329
2020-09-17,47956,551,46353,519,1603,32,54181,577,617902,7175,672083,7752,8,517,119,4077,424,43362,21,2452,572,"East TN",2455501,123.233507133575,0.0767896670546085,315.699321645562,22.4394125679444,166.035363048111,7.67896670546085
2020-09-18,48490,534,46839,486,1651,48,54747,566,626016,8114,680763,8680,17,534,-29,4048,546,43908,30,2482,578,"East TN",2455501,131.704283565757,0.0745217355061893,353.492016496837,21.7470894941603,164.854341334009,7.45217355061893
2020-09-19,48998,508,47324,485,1674,23,55320,573,634370,8354,689690,8927,3,537,193,4241,312,44220,30,2512,580,"East TN",2455501,135.32879848145,0.0736011332591318,363.551063510054,20.6882424401375,172.714244465793,7.36011332591318
2020-09-20,49304,306,47605,281,1699,25,55649,329,639328,4958,694977,5287,1,538,-19,4222,324,44544,13,2525,591,"East TN",2455501,129.871663664564,0.071237609509316,215.312475946864,12.4618153281143,171.940471618623,7.1237609509316
2020-09-21,49467,163,47738,133,1729,30,55801,152,640845,1517,696646,1669,3,541,-208,4014,368,44912,9,2534,596,"East TN",2455501,118.427970503779,0.0698291627637272,67.9698358909241,6.63815653098899,163.469695186441,6.98291627637272
2020-09-22,49927,460,48140,402,1787,58,56291,490,646994,6149,703285,6639,6,547,-55,3959,509,45421,29,2563,603,"East TN",2455501,117.084049242904,0.072049950890978,270.372522756049,18.7334478788646,161.229826418315,7.2049950890978
2020-09-23,50221,294,48394,254,1827,40,56573,282,649087,2093,705660,2375,8,555,-217,3742,503,45924,13,2576,612,"East TN",2455501,114.681280928006,0.0718381765830289,96.721605896312,11.9731166877961,152.392526005895,7.18381765830289
2020-09-24,50684,463,48836,442,1848,21,57054,481,655980,6893,713034,7374,11,566,-36,3706,488,46412,28,2604,617,"East TN",2455501,111.097490899006,0.0701570169226637,300.305314475539,18.8556225389442,150.92643008494,7.01570169226637
2020-09-25,51138,454,49266,430,1872,24,57540,486,662653,6673,720193,7159,11,577,14,3720,429,46841,18,2622,624,"East TN",2455501,107.839499963551,0.0708343900583312,291.549463836504,18.4890985587055,151.496578498644,7.08343900583312
2020-09-26,51696,558,49800,534,1896,24,58178,638,673209,10556,731387,11194,5,582,194,3914,359,47200,29,2651,631,"East TN",2455501,109.87574429821,0.068542101350217,455.874381643502,22.7244867747967,159.397206517122,6.8542101350217
2020-09-27,52089,393,50165,365,1924,28,58585,407,679227,6018,737812,6425,3,585,91,4005,299,47499,30,2681,638,"East TN",2455501,113.418809440517,0.0685420800747053,261.657397003707,16.0048804704213,163.103171206202,6.85420800747053
2020-09-28,52323,234,50360,195,1963,39,58810,225,680914,1687,739724,1912,4,589,-315,3690,545,48044,15,2696,645,"East TN",2455501,116.310276395733,0.0698500394632991,77.8659833573678,9.52962348620506,150.274831897849,6.98500394632991
2020-09-29,52706,383,50700,340,2006,43,59207,397,686723,5809,745930,6206,9,598,-44,3646,418,48462,33,2729,647,"East TN",2455501,113.174460120358,0.0683784734435456,252.7386468179,15.5976316034895,148.482936883349,6.83784734435456
2020-09-30,53188,482,51150,450,2038,32,59683,476,690161,3438,749844,3914,6,604,80,3726,396,48858,23,2752,651,"East TN",2455501,120.830738818677,0.0703874705775846,159.397206517122,19.6293953861147,151.740927818804,7.03874705775846
2020-10-01,53576,388,51499,349,2077,39,60062,379,693441,3280,753503,3659,11,615,0,3726,377,49235,31,2783,656,"East TN",2455501,117.776372316688,0.0743284983567669,149.01236041036,15.8012560369554,151.740927818804,7.43284983567669
2020-10-02,54041,465,51936,437,2105,28,60525,463,697062,3621,757587,4084,2,617,24,3750,439,49674,17,2800,660,"East TN",2455501,118.224346070313,0.0798256404770819,166.320437254963,18.9370723123306,152.71832509944,7.98256404770819
2020-10-03,54446,405,52324,388,2122,17,61008,483,704522,7460,765530,7943,12,629,83,3833,310,49984,22,2822,666,"East TN",2455501,111.993438406256,0.0828866824825001,323.477775003961,16.4935791107395,156.098490694974,8.28866824825001
2020-10-04,54901,455,52749,425,2152,30,61547,539,714645,10123,776192,10662,4,633,144,3977,307,50291,27,2849,679,"East TN",2455501,114.518381381233,0.0771756122980719,434.208741922728,18.5298234453987,161.962874378793,7.71756122980719
2020-10-05,55572,671,53361,612,2211,59,62298,751,721893,7248,784191,7999,5,638,151,4128,515,50806,42,2891,688,"East TN",2455501,132.315156866155,0.0784401916027616,325.758368658779,27.3263989711265,168.112332269464,7.84401916027616
2020-10-06,56322,750,54027,666,2295,84,63037,739,728533,6640,791570,7379,8,646,302,4430,440,51246,46,2937,697,"East TN",2455501,147.261190282553,0.0839176161262051,300.508938909005,30.543665019888,180.411248050805,8.39176161262051
2020-10-07,57059,737,54686,659,2373,78,63745,708,735286,6753,799031,7461,3,649,293,4723,441,51687,38,2975,703,"East TN",2455501,157.646036389315,0.0825827962673064,303.848379617846,30.0142414928766,192.343639851908,8.25827962673064
2020-10-08,57777,718,55343,657,2434,61,64423,678,741747,6461,806170,7139,10,659,266,4989,442,52129,32,3007,709,"East TN",2455501,171.085248998066,0.0828032733970038,290.734966102641,29.2404686457061,203.176459712295,8.28032733970038
2020-10-09,58318,541,55842,499,2476,42,64983,560,747226,5479,812209,6039,4,663,123,5112,414,52543,20,3027,716,"East TN",2455501,174.180340386748,0.0816154662956318,245.937590740138,22.0321637010125,208.185620775557,8.16154662956318
2020-10-10,58936,618,56430,588,2506,30,65652,669,755652,8426,821304,9095,12,675,252,5364,354,52897,20,3047,730,"East TN",2455501,182.854741252396,0.0832646035787284,370.392844474508,25.1679799763877,218.448292222239,8.32646035787285
2020-10-11,59879,943,57342,912,2537,31,66681,1029,766080,10428,832761,11457,1,676,586,5950,356,53253,37,3084,737,"East TN",2455501,202.72848595867,0.0907564213615231,466.585026843809,38.4035681516725,242.313075824445,9.07564213615231
2020-10-12,60235,356,57627,285,2608,71,66998,317,769001,2921,835999,3238,6,682,-337,5613,687,53940,19,3103,748,"East TN",2455501,189.900146650317,0.0907195799876467,131.86718311253,14.4980596627735,228.588789008842,9.07195799876467
2020-10-13,60740,505,58080,453,2660,52,67482,484,773386,4385,840868,4869,9,691,7,5620,489,54429,24,3127,755,"East TN",2455501,179.922549410487,0.0901659296523186,198.289473309113,20.5660677800579,228.873863215694,9.01659296523185
2020-10-14,61614,874,58892,812,2722,62,68330,848,779570,6184,847900,7032,1,692,328,5948,545,54974,44,3171,762,"East TN",2455501,185.501858887453,0.0938222595101189,286.37740322647,35.5935509698428,242.231626051058,9.38222595101189
2020-10-15,62123,509,59332,440,2791,69,68795,465,783724,4154,852519,4619,14,706,-67,5881,562,55536,19,3190,771,"East TN",2455501,176.990357568578,0.0943278172128849,188.108251635817,20.7289673268307,239.503058642615,9.43278172128849
2020-10-16,62762,639,59928,596,2834,43,69379,584,787813,4089,857192,4673,2,708,-135,5746,772,56308,22,3212,783,"East TN",2455501,180.98139646451,0.0977258075272881,190.307395517249,26.0232025969446,234.005198939035,9.77258075272881
2020-10-17,63480,718,60609,681,2871,37,70239,860,796597,8784,866836,9644,6,714,237,5983,475,56783,37,3249,790,"East TN",2455501,185.053885133828,0.100742335061056,392.750807269066,29.2404686457061,243.65699708532,10.0742335061056
2020-10-18,64285,805,61368,759,2917,46,71110,871,804707,8110,875817,8981,3,717,348,6331,454,57237,39,3288,798,"East TN",2455501,179.433850770169,0.102866034931252,365.750207391485,32.7835337880131,257.829257654548,10.2866034931252
2020-10-19,65033,748,62053,685,2980,63,71869,759,809606,4899,881475,5658,3,720,-19,6312,764,58001,67,3355,809,"East TN",2455501,195.398006353897,0.107111443398716,230.421408910035,30.4622152465016,257.055484807377,10.7111443398716
2020-10-20,65719,686,62662,609,3057,77,72560,691,813221,3615,885781,4306,15,735,34,6346,637,58638,32,3387,822,"East TN",2455501,202.769210845363,0.113063032974863,175.36136210085,27.9372722715242,258.440130954946,11.3063032974863
2020-10-21,66313,594,63215,553,3098,41,73177,617,816965,3744,890142,4361,5,740,-128,6218,717,59355,27,3414,836,"East TN",2455501,191.366242571272,0.114743620093746,177.601230868975,24.1905826957513,253.227345458218,11.4743620093746
2020-10-22,67443,1130,64251,1036,3192,94,74278,1101,825531,8566,899809,9667,10,750,440,6658,680,60035,43,3457,851,"East TN",2455501,216.656397207739,0.115944174244026,393.68747966301,46.0191219632979,271.146295603219,11.5944174244026
2020-10-23,68414,971,65155,904,3259,67,75248,970,832647,7116,907895,8086,19,769,290,6948,662,60697,39,3496,859,"East TN",2455501,230.177059589876,0.115752519574779,329.301433801086,39.5438649790817,282.956512744242,11.5752519574779
2020-10-24,69651,1237,66330,1175,3321,62,76575,1327,843172,10525,919747,11852,12,781,644,7592,581,61278,50,3546,876,"East TN",2455501,251.313275783638,0.119748256506209,482.671357087617,50.3766848394686,309.183339774653,11.9748256506209
2020-10-25,70580,929,67202,872,3378,57,77622,1047,851049,7877,928671,8924,9,790,437,8029,483,61761,43,3589,887,"East TN",2455501,256.363161733593,0.123207325840996,363.428888849974,37.8334197379679,326.980115259574,12.3207325840996
2020-10-26,71042,462,67608,406,3434,56,78056,434,853804,2755,931860,3189,6,796,-449,7580,905,62666,21,3610,900,"East TN",2455501,244.715844139343,0.122794482484867,129.871663664564,18.814897652251,308.694641134335,12.2794482484867
2020-10-27,71884,842,68320,712,3564,130,78839,783,858189,4385,937028,5168,12,808,80,7660,750,63416,54,3664,924,"East TN",2455501,251.068926463479,0.122524245321677,210.466214430375,34.2903545956609,311.952632069789,12.2524245321677
2020-10-28,72881,997,69231,911,3650,86,79809,970,865406,7217,945215,8187,13,821,200,7860,784,64200,41,3705,938,"East TN",2455501,267.481055800833,0.120421985364879,333.414647357097,40.6027120331044,320.097609408426,12.0421985364879
2020-10-29,73789,908,70024,793,3765,115,80643,834,871909,6503,952552,7337,11,832,151,8011,746,64946,40,3745,950,"East TN",2455501,258.440130954946,0.120679521453084,298.798493667891,36.9781971174111,326.247067299097,12.0679521453084
2020-10-30,74689,900,70831,807,3858,93,81483,840,876766,4857,958249,5697,28,860,50,8061,822,65768,39,3784,966,"East TN",2455501,255.54866399973,0.12382333081781,232.009679491069,36.6523980238656,328.283311633756,12.382333081781
2020-10-31,74703,14,70845,14,3858,0,81499,16,876787,21,958286,37,5,865,-603,7458,612,66380,0,3784,977,"East TN",2455501,205.742127573966,0.127766677910688,1.50682080764781,0.570148413704576,303.726204957766,12.7766677910688
2020-11-01,75210,507,71235,390,3975,117,81969,470,883351,6564,965320,7034,0,865,-137,7321,644,67024,27,3811,993,"East TN",2455501,188.556225389442,0.118611694725641,286.458852999856,20.6475175534443,298.1468954808,11.8611694725641
2020-11-02,76022,812,71979,744,4043,68,82746,777,887579,4228,970325,5005,11,876,-228,7093,1029,68053,38,3849,1007,"East TN",2455501,202.809935732056,0.121929026387625,203.828057899386,33.0686079948654,288.861621314754,12.1929026387625
2020-11-03,77062,1040,72939,960,4123,80,83822,1076,894443,6864,978265,7940,31,907,30,7123,979,69032,29,3878,1020,"East TN",2455501,210.873463297307,0.120838082304726,323.355600343881,42.3538821609114,290.08336791555,12.0838082304726
2020-11-04,77973,911,73751,812,4222,99,84669,847,899328,4885,983997,5732,6,913,-5,7118,910,69942,35,3913,1044,"East TN",2455501,207.371123041693,0.125315868186272,233.435050525331,37.1003717774906,289.879743482084,12.5315868186272
2020-11-05,78551,578,74235,484,4316,94,85170,501,901990,2662,987160,3163,17,930,-365,6753,926,70868,27,3940,1058,"East TN",2455501,193.931910432942,0.130807905686546,128.812816610541,23.5389845086603,275.015159839072,13.0807905686546
2020-11-06,79517,966,75084,849,4433,117,86097,927,908400,6410,994497,7337,10,940,43,6796,913,71781,37,3977,1082,"East TN",2455501,196.619752954692,0.127289781505186,298.798493667891,39.3402405456157,276.766329966878,12.7289781505186
2020-11-07,80844,1327,76325,1241,4519,86,87516,1419,919321,10921,1006837,12340,21,961,649,7445,657,72438,52,4029,1092,"East TN",2455501,250.091529182843,0.123931535910692,502.54510179389,54.0419246418552,303.196781430755,12.3931535910692
2020-11-08,82401,1557,77764,1439,4637,118,89183,1667,932222,12901,1021405,14568,3,964,889,8334,665,73103,52,4081,1109,"East TN",2455501,292.852660210686,0.128626192386556,593.280149346304,63.4086485812875,339.401205700995,12.8626192386556
2020-11-09,83020,619,78303,539,4717,80,89763,580,935674,3452,1025437,4032,9,973,-467,7867,1077,74180,19,4100,1120,"East TN",2455501,284.992757078902,0.127322543184787,164.202743146918,25.2087048630809,320.382683615278,12.7322543184787
2020-11-10,83959,939,79153,850,4806,89,90686,923,940676,5002,1031362,5925,27,1000,7,7874,905,75085,44,4144,1138,"East TN",2455501,280.87954352289,0.129272840273462,241.294953657115,38.2406686048998,320.667757822131,12.9272840273462
2020-11-11,85263,1304,80253,1100,5010,204,91855,1169,947223,6547,1039078,7716,26,1026,383,8257,895,75980,59,4203,1152,"East TN",2455501,296.884423993311,0.130462409905412,314.233225724608,53.1052522479119,336.26538942562,13.0462409905412
2020-11-12,86100,837,80958,705,5142,132,92619,764,951439,4216,1044058,4980,15,1041,8,8265,814,76794,34,4237,1170,"East TN",2455501,307.432169646846,0.130918485711273,202.809935732056,34.086730162195,336.591188519166,13.0918485711273
2020-11-13,87559,1459,82246,1288,5313,171,93919,1300,957301,5862,1051220,7162,27,1068,526,8791,906,77700,47,4284,1186,"East TN",2455501,327.509538786586,0.137898207076495,291.671638496584,59.4176096853555,358.012478919781,13.7898207076495
2020-11-14,89034,1475,83637,1391,5397,84,95454,1535,966198,8897,1061652,10432,7,1075,917,9708,551,78251,52,4336,1215,"East TN",2455501,333.536822017177,0.144814375627109,424.842017983295,60.0692078724464,395.35720001743,14.4814375627109
2020-11-15,90986,1952,85370,1733,5616,219,97415,1961,977371,11173,1074786,13134,7,1082,1339,11047,606,78857,56,4392,1232,"East TN",2455501,349.623152260985,0.154212172870497,534.880661828279,79.4949788250952,449.887823299604,15.4212172870497
2020-11-16,92511,1525,86769,1399,5742,126,98952,1537,984991,7620,1083943,9157,10,1092,172,11219,1343,80200,41,4433,1251,"East TN",2455501,386.519899605009,0.157060814275459,372.917787449486,62.1054522071056,456.892503810831,15.7060814275459
2020-11-17,93723,1212,87888,1119,5835,93,100173,1221,990135,5144,1090308,6365,31,1123,89,11308,1092,81292,46,4479,1278,"East TN",2455501,397.637793672249,0.16094391476945,259.213903802116,49.358562672139,460.517018726525,16.094391476945
2020-11-18,94920,1197,88843,955,6077,242,101206,1033,995276,5141,1096482,6174,14,1137,56,11364,1127,82419,53,4532,1293,"East TN",2455501,393.280230796078,0.162898055884607,251.435450443718,48.7476893717412,462.797612381343,16.2898055884607
2020-11-19,96000,1080,89723,880,6277,200,102065,859,999937,4661,1102002,5520,45,1182,-242,11122,1277,83696,52,4584,1313,"East TN",2455501,403.176378262522,0.163019467071655,224.801374546376,43.9828776286387,452.942189801592,16.3019467071655
2020-11-20,97126,1126,90686,963,6440,163,103088,1023,1004837,4900,1107925,5923,28,1210,-126,10996,1224,84920,36,4620,1339,"East TN",2455501,389.614990993691,0.161696499426858,241.213503883729,45.8562224165252,447.810854078251,16.1696499426858
2020-11-21,98344,1218,91750,1064,6594,154,104187,1099,1011244,6407,1115431,7506,3,1213,362,11358,853,85773,47,4667,1363,"East TN",2455501,379.148695113543,0.162386805258558,305.680999519039,49.6029119922981,462.553263061184,16.2386805258558
2020-11-22,99930,1586,93179,1429,6751,157,105853,1666,1020844,9600,1126697,11266,17,1230,803,12161,766,86539,57,4724,1390,"East TN",2455501,364.243386583838,0.162547436959411,458.806573485411,64.5896702953898,495.255347075811,16.2547436959411
2020-11-23,100821,891,93937,758,6884,133,106555,702,1023960,3116,1130515,3818,18,1248,-1158,11003,2031,88570,35,4759,1417,"East TN",2455501,338.423808420359,0.16325259812763,155.487617394577,36.2858740436269,448.095928285104,16.325259812763
2020-11-24,101732,911,94670,733,7062,178,107260,705,1026987,3027,1134247,3732,13,1261,-735,10268,1633,90203,57,4816,1445,"East TN",2455501,326.165617525711,0.161291790891918,151.985277138963,37.1003717774906,418.163136565613,16.1291790891918
2020-11-25,102639,907,95356,686,7283,221,107805,545,1029295,2308,1137100,2853,38,1299,-494,9774,1363,91566,56,4872,1470,"East TN",2455501,314.355400384687,0.162464917031858,116.188101735654,36.9374722307179,398.04504253918,16.2464917031858
2020-11-26,104105,1466,96743,1387,7362,79,109475,1670,1037661,8366,1147136,10036,18,1317,-441,9333,1889,93455,25,4897,1489,"East TN",2455501,330.075206648256,0.164177781716666,408.714962852795,59.7026838922077,380.085367507486,16.4177781716666
2020-11-27,105809,1704,98310,1567,7499,137,111225,1750,1045201,7540,1156426,9290,5,1322,161,9494,1538,94993,50,4947,1517,"East TN",2455501,353.614191156917,0.16776973670646,378.334197379679,69.3952069251855,386.642074265089,16.776973670646
2020-11-28,107435,1626,99692,1382,7743,244,112719,1494,1052734,7533,1165453,9027,2,1324,569,10063,1055,96048,45,4992,1545,"East TN",2455501,370.229944927736,0.170564951421375,367.623552179372,66.2186657631172,409.814534793511,17.0564951421375
2020-11-29,109723,2288,101813,2121,7910,167,115045,2326,1063430,10696,1178475,13022,4,1328,1279,11342,1005,97053,51,5043,1570,"East TN",2455501,398.818815386351,0.177527135076674,530.319474518642,93.178540754005,461.901664874093,17.7527135076674
2020-11-30,111961,2238,103822,2009,8139,229,117266,2221,1072881,9451,1190147,11672,15,1343,-106,11236,2329,99382,53,5096,1601,"East TN",2455501,453.67523776207,0.179618325731151,475.340877482844,91.1422964193458,457.584826884615,17.9618325731151
2020-12-01,114224,2263,105830,2008,8394,255,119404,2138,1081718,8837,1201122,10975,20,1363,422,11658,1821,101203,63,5159,1629,"East TN",2455501,508.735284571255,0.181592523364486,446.955631457694,92.1604185866754,474.770729069139,18.1592523364486
2020-12-02,115281,1057,106743,913,8538,144,120280,876,1084628,2910,1204908,3786,15,1378,-688,10970,1730,102933,42,5201,1662,"East TN",2455501,514.844017575232,0.18397534214252,154.184421020395,43.0462052346955,446.752007024228,18.397534214252
2020-12-03,117090,1809,108313,1570,8777,239,122002,1722,1090618,5990,1212620,7712,33,1411,318,11288,1458,104391,45,5246,1683,"East TN",2455501,528.812653710994,0.191298637835196,314.070326177835,73.6713200279699,459.702520992661,19.1298637835196
2020-12-04,118818,1728,109700,1387,9118,341,123459,1457,1096140,5522,1219599,6979,37,1448,-303,10985,1994,106385,36,5282,1718,"East TN",2455501,529.790050991631,0.193658683298245,284.218984231731,70.3726042058219,447.362880324626,19.3658683298245
2020-12-05,119951,1133,110609,909,9342,224,124388,929,1099202,3062,1223590,3991,5,1453,123,11108,1005,107390,24,5306,1744,"East TN",2455501,509.712681851891,0.200715551198032,162.533022792497,46.1412966233775,452.372041387888,20.0715551198032
2020-12-06,121420,1469,111872,1263,9548,206,125630,1242,1103693,4491,1229323,5733,20,1473,484,11592,965,108355,40,5346,1780,"East TN",2455501,476.358999650173,0.208169446192574,233.475775412024,59.8248585522873,472.082886547389,20.8169446192574
2020-12-07,124143,2723,114277,2405,9866,318,128201,2571,1113239,9546,1241440,12117,31,1504,-211,11381,2903,111258,51,5397,1802,"East TN",2455501,496.110569696367,0.213186984578792,493.46345206131,110.89386646554,463.489935455127,21.3186984578792
2020-12-08,126908,2765,116640,2363,10268,402,130732,2531,1121600,8361,1252332,10892,45,1549,719,12100,2001,113259,71,5468,1826,"East TN",2455501,516.554462816346,0.221206795547745,443.57546586216,112.604311706654,492.771128987526,22.1206795547745
2020-12-09,129554,2646,119025,2385,10529,261,133310,2578,1128698,7098,1262008,9676,21,1570,578,12678,2047,115306,56,5524,1849,"East TN",2455501,581.266307771815,0.228196147110333,394.054003643248,107.758050190165,516.310113496187,22.8196147110333
2020-12-10,132629,3075,121707,2682,10922,393,136260,2950,1140168,11470,1276428,14420,30,1600,2512,15190,533,115839,74,5598,1886,"East TN",2455501,632.824014325386,0.223451604814443,587.252866115713,125.229026581541,618.611028869465,22.3451604814443
2020-12-11,134615,1986,123457,1750,11158,236,138050,1790,1147341,7173,1285391,8963,35,1635,441,15631,1510,117349,50,5648,1911,"East TN",2455501,643.331035092228,0.22177468385214,365.017159431008,80.8796249726634,636.570703901159,22.177468385214
2020-12-12,137876,3261,126184,2727,11692,534,141024,2974,1158573,11232,1299597,14206,21,1656,1878,17509,1362,118711,73,5721,1936,"East TN",2455501,729.993593975323,0.218874577341561,578.537740363372,132.803855506473,713.052041110959,21.8874577341561
2020-12-13,142168,4292,130045,3861,12123,431,145390,4366,1175857,17284,1321247,21650,15,1671,2959,20468,1318,120029,62,5783,1970,"East TN",2455501,844.959949110182,0.214960184500239,881.693796907433,174.791213687146,833.55698083609,21.4960184500239
2020-12-14,145027,2859,132502,2457,12525,402,148063,2673,1185136,9279,1333199,11952,37,1708,-1085,19383,3907,123936,72,5855,2004,"East TN",2455501,850.498533700455,0.216458331062893,486.743845756935,116.432451055813,789.370478773985,21.6458331062893
2020-12-15,149154,4127,136043,3541,13111,586,151926,3863,1200157,15021,1352083,18884,34,1742,1613,20996,2480,126416,94,5949,2035,"East TN",2455501,905.965829376571,0.212469047929344,769.048760314087,168.07160738277,855.059721010091,21.2469047929344
2020-12-16,152372,3218,138300,2257,14072,961,154312,2386,1208052,7895,1362364,10281,19,1761,664,21660,2535,128951,60,6009,2077,"East TN",2455501,929.260464565072,0.2092749810674,418.692560092625,131.052685378666,882.101045774365,20.92749810674
2020-12-17,156440,4068,141673,3373,14767,695,157921,3609,1218752,10700,1376673,14309,58,1819,1450,23110,2560,131511,75,6084,2116,"East TN",2455501,969.700277051404,0.216080602523817,582.73240369277,165.668839067872,941.152131479482,21.6080602523817
2020-12-18,159647,3207,144409,2736,15238,471,160800,2879,1227442,8690,1388242,11569,43,1862,850,23960,2314,133825,62,6146,2146,"East TN",2455501,1019.42536370378,0.221193765738787,471.146214153446,130.604711625041,975.768285168689,22.1193765738787
2020-12-19,162287,2640,146651,2242,15636,398,163268,2468,1235807,8365,1399075,10833,27,1889,1270,25230,1343,135168,41,6187,2183,"East TN",2455501,994.135209067315,0.223607229739239,441.172697547262,107.513700870006,1027.48889126903,22.3607229739239
2020-12-20,165918,3631,149617,2966,16301,665,166586,3318,1249750,13943,1416336,17261,16,1905,2279,27509,1336,136504,55,6242,2217,"East TN",2455501,967.21605896312,0.222906960847206,702.952269211049,147.872063582951,1120.3009080428,22.2906960847206
2020-12-21,168232,2314,151359,1742,16873,572,168489,1903,1256666,6916,1425155,8819,14,1919,-1322,26187,3622,140126,35,6277,2252,"East TN",2455501,945.020995715335,0.222127974248554,359.15277574719,94.2373878080278,1066.46260783441,22.2127974248554
2020-12-22,170887,2655,153061,1702,17826,953,170290,1801,1261719,5053,1432009,6854,62,1981,-292,25895,2885,143011,60,6337,2297,"East TN",2455501,885.073962502968,0.229762530340565,279.128373395083,108.124574170404,1054.57094092,22.9762530340565
2020-12-23,173105,2218,154507,1446,18598,772,171832,1542,1267496,5777,1439328,7319,41,2022,-557,25338,2734,145745,35,6372,2337,"East TN",2455501,844.349075809784,0.227638896107271,298.065445707414,90.3277986854821,1031.8871790319,22.7638896107271
2020-12-24,175196,2091,155964,1457,19232,634,173429,1597,1273786,6290,1447215,7887,15,2037,-584,24754,2660,148405,30,6402,2375,"East TN",2455501,763.835974817359,0.219840662300473,321.197181349142,85.1557380754477,1008.10384520308,21.9840662300473
2020-12-25,177562,2366,157943,1979,19619,387,175595,2166,1282334,8548,1457929,10714,3,2040,-292,24462,2655,151060,27,6429,2411,"East TN",2455501,729.586345108391,0.212306456010447,436.326436030773,96.3550819160733,996.212178288667,21.2306456010447
2020-12-26,179502,1940,159411,1468,20091,472,177208,1613,1287988,5654,1465196,7267,2,2042,417,24879,1521,152581,43,6472,2449,"East TN",2455501,701.078924423163,0.210825607598191,295.947751599368,79.006280184777,1013.19445603972,21.0825607598191
2020-12-27,180797,1295,160320,909,20477,386,178198,990,1290781,2793,1468979,3783,27,2069,-191,24688,1459,154040,41,6513,2480,"East TN",2455501,605.945589107885,0.220580134110898,154.062246360315,52.7387282676733,1005.41600268133,22.0580134110898
2020-12-28,182193,1396,161298,978,20895,418,179218,1020,1292600,1819,1471818,2839,25,2094,-2414,22274,3785,157825,42,6555,2517,"East TN",2455501,568.560143123542,0.229925208409232,115.617953321949,56.8519418236849,907.10612620398,22.9925208409232
2020-12-29,185099,2906,163025,1727,22074,1179,180997,1779,1296689,4089,1477686,5868,50,2144,-109,22165,2965,160790,64,6619,2559,"East TN",2455501,578.782089683531,0.2344068130569,238.973635115604,118.346520730393,902.667113554423,23.44068130569
2020-12-30,187427,2328,164641,1616,22786,712,182678,1681,1301169,4480,1483847,6161,40,2184,-532,21633,2820,163610,44,6663,2597,"East TN",2455501,583.261827219781,0.243626316853478,250.906026916707,94.8075362217323,881.001473833649,24.3626316853478
2020-12-31,190871,3444,167320,2679,23551,765,185573,2895,1308290,7121,1493863,10016,52,2236,594,22227,2798,166408,30,6693,2640,"East TN",2455501,638.362598915659,0.260332704510376,407.900465118931,140.256509771326,905.192056529401,26.0332704510376
2021-01-01,193111,2240,169036,1716,24075,524,187429,1856,1314492,6202,1501921,8058,24,2260,-443,21784,2659,169067,30,6723,2679,"East TN",2455501,633.231263192318,0.269003455173668,328.161136973677,91.2237461927322,887.15093172432,26.9003455173668
2021-01-02,195834,2723,171145,2109,24689,614,189680,2251,1321053,6561,1510733,8812,4,2264,1166,22950,1553,170620,63,6786,2715,"East TN",2455501,665.118849473081,0.273887168676022,358.867701540337,110.89386646554,934.636149608573,27.3887168676022
2021-01-03,197148,1314,172049,904,25099,410,190617,937,1324424,3371,1515041,4308,15,2279,-187,22763,1486,172106,26,6812,2759,"East TN",2455501,665.892622320252,0.269614866918501,175.442811874237,53.5125011148438,927.020595796947,26.9614866918501
2021-01-04,198704,1556,173174,1125,25530,431,191797,1180,1326789,2365,1518586,3545,46,2325,-1566,21197,3076,175182,34,6846,2809,"East TN",2455501,672.408604191161,0.268965959630517,144.369723327337,63.3679236945943,863.245423235421,26.8965959630517
2021-01-05,201607,2903,174913,1739,26694,1164,193626,1829,1332061,5272,1525687,7101,43,2368,-427,20770,3287,178469,60,6906,2853,"East TN",2455501,672.286429531081,0.263098685444053,289.1874204083,118.224346070313,845.855896617432,26.3098685444053
2021-01-06,204152,2545,176706,1793,27446,752,195529,1903,1337645,5584,1533174,7487,52,2420,61,20831,2432,180901,62,6968,2896,"East TN",2455501,681.123729943502,0.260526689237132,304.907226671869,103.644836634153,848.340114705716,26.0526689237132
2021-01-07,206664,2512,178845,2139,27819,373,197851,2322,1344754,7109,1542605,9431,33,2453,975,21806,1504,182405,44,7012,2928,"East TN",2455501,643.168135545455,0.251897747322638,384.076406403418,102.300915373278,888.04687923157,25.1897747322638
2021-01-08,209014,2350,180705,1860,28309,490,199842,1991,1352099,7345,1551941,9336,50,2503,1668,23474,632,183037,47,7059,2983,"East TN",2455501,647.647873081705,0.248160735705718,380.207542167566,95.7034837289824,955.975990235801,24.8160735705718
2021-01-09,211590,2576,182707,2002,28883,574,202021,2179,1360290,8191,1562311,10370,27,2530,753,24227,1796,184833,33,7092,3011,"East TN",2455501,641.661314737807,0.239268680445151,422.317075008318,104.907308121642,986.641829915769,23.9268680445151
2021-01-10,213257,1667,183840,1133,29417,534,203272,1251,1366096,5806,1569368,7057,36,2566,-12,24215,1643,186476,41,7133,3051,"East TN",2455501,656.037199740501,0.232941263092017,287.395525393799,67.8883861175377,986.15313127545,23.2941263092017
2021-01-11,214681,1424,184853,1013,29828,411,204369,1097,1369369,3273,1573738,4370,28,2594,-2168,22047,3564,190040,40,7173,3091,"East TN",2455501,650.661514697001,0.227951842181607,177.967754849214,57.992238651094,897.861576924628,22.7951842181607
2021-01-12,216500,1819,185990,1137,30510,682,205564,1195,1373573,4204,1579137,5399,60,2654,-2136,19911,3895,193935,39,7212,3130,"East TN",2455501,606.515737521589,0.223348924228251,219.8736632565,74.0785688949017,810.873218947987,22.3348924228251
2021-01-13,218029,1529,187068,1078,30961,451,206700,1136,1378311,4738,1585011,5874,49,2703,-1334,18577,2814,196749,33,7245,3157,"East TN",2455501,565.139252641314,0.215502440341841,239.217984435763,62.2683517538783,756.546220099279,21.5502440341841
2021-01-14,220280,2251,188849,1781,31431,470,208666,1966,1386836,8525,1595502,10491,38,2741,-199,18378,2412,199161,50,7295,3199,"East TN",2455501,554.510057214393,0.204453938786699,427.244786298193,91.6717199463572,748.441967647335,20.4453938786699
2021-01-15,221245,965,189521,672,31724,293,209360,694,1389894,3058,1599254,3752,23,2764,-380,17998,1322,200483,30,7325,3240,"East TN",2455501,498.106089144333,0.201170925538436,152.799774872826,39.2995156589226,732.966510703926,20.1170925538436
2021-01-16,223678,2433,191272,1751,32406,682,211363,2003,1400785,10891,1612148,12894,13,2777,355,18353,2065,202548,54,7379,3283,"East TN",2455501,492.282430347208,0.18745109055521,525.106689021914,99.0836493245167,747.423845480006,18.745109055521
2021-01-17,224534,856,191878,606,32656,250,212035,672,1404404,3619,1616439,4291,13,2790,-847,17506,1690,204238,24,7403,3317,"East TN",2455501,459.254547239036,0.186165579656264,174.750488800453,34.8605030093655,712.929866450879,18.6165579656264
2021-01-18,225096,562,192197,319,32899,243,212389,354,1406488,2084,1618877,2438,13,2803,-2465,15041,3014,207252,21,7424,3348,"East TN",2455501,424.149694909511,0.177673408803917,99.2872737579826,22.8873863215694,612.54302075218,17.7673408803917
2021-01-19,226774,1678,193167,970,33607,708,213454,1065,1410696,4208,1624150,5273,21,2824,-1171,13870,2828,210080,52,7476,3387,"East TN",2455501,418.407485885772,0.175282696110013,214.742327533159,68.3363598711627,564.854178434462,17.5282696110013
2021-01-20,227758,984,193825,658,33933,326,214150,696,1414692,3996,1628842,4692,32,2856,-1012,12858,1964,212044,29,7505,3427,"East TN",2455501,396.212422637987,0.169971025073578,191.081168364419,40.073288506093,523.64059310096,16.9971025073578
2021-01-21,229324,1566,194967,1142,34357,424,215431,1281,1421625,6933,1637056,8214,65,2921,-762,12096,2263,214307,37,7542,3473,"East TN",2455501,368.315875253156,0.162800211772633,334.514219297813,63.7751725615261,492.608229440754,16.2800211772633
2021-01-22,230312,988,195674,707,34638,281,216248,817,1427069,5444,1643317,6261,32,2953,-728,11368,1684,215991,31,7573,3505,"East TN",2455501,369.252547647099,0.156321630392847,254.978515586025,40.2361880528658,462.960511928116,15.6321630392847
2021-01-23,231743,1431,196642,968,35101,463,217348,1100,1435351,8282,1652699,9382,19,2972,204,11572,1208,217199,41,7614,3530,"East TN",2455501,328.446211180529,0.147591921284309,382.080886955452,58.2773128579463,471.268388813525,14.7591921284309
2021-01-24,232368,625,197133,491,35235,134,217891,543,1438727,3376,1656618,3919,19,2991,-601,10971,1207,218406,20,7634,3557,"East TN",2455501,319.038762354403,0.145747778690361,159.600830950588,25.45305418324,446.792731910922,14.5747778690361
2021-01-25,233108,740,197644,511,35464,229,218440,549,1440484,1757,1658924,2306,44,3035,-1148,9823,1844,220250,20,7654,3588,"East TN",2455501,326.28779218579,0.151097460483931,93.9115887144823,30.1364161529562,400.040561987146,15.1097460483931
2021-01-26,234139,1031,198372,728,35767,303,219224,784,1444950,4466,1664174,5250,63,3098,-918,8905,1886,222136,25,7679,3611,"East TN",2455501,299.9387904953,0.144163501898861,213.805655139216,41.9873581806727,362.655116002803,14.4163501898861
2021-01-27,235092,953,199076,704,36016,249,219979,755,1449472,4522,1669451,5277,55,3153,-390,8515,1288,223424,27,7706,3634,"East TN",2455501,298.676319007811,0.143539609446182,214.905227079932,38.8108170186043,346.772410192462,14.3539609446182
2021-01-28,236420,1328,199790,714,36630,614,220775,796,1453903,4431,1674678,5227,46,3199,-178,8337,1460,224884,28,7734,3661,"East TN",2455501,288.983795974834,0.14204454840253,212.868982745273,54.0826495285484,339.523380361075,14.204454840253
2021-01-29,237014,594,200141,351,36873,243,221172,397,1456570,2667,1677742,3064,17,3216,-683,7654,1260,226144,17,7751,3682,"East TN",2455501,272.938190617719,0.143035584604212,124.781052827916,24.1905826957513,311.70828274963,14.3035584604212
2021-01-30,238168,1154,201107,966,37061,188,222269,1097,1465620,9050,1687889,10147,44,3260,237,7891,873,227017,29,7780,3702,"East TN",2455501,261.657397003707,0.139840863881785,413.235425275738,46.9965192439343,321.360080895915,13.9840863881785
2021-01-31,238849,681,201549,442,37300,239,222760,491,1469545,3925,1692305,4416,29,3289,-82,7809,734,227751,30,7810,3721,"East TN",2455501,263.937990658526,0.136436237285286,179.841099637101,27.7336478380583,318.020640187074,13.6436237285286
2021-02-01,239542,693,201956,407,37586,286,223201,441,1471241,1696,1694442,2137,39,3328,-542,7267,1196,228947,10,7820,3748,"East TN",2455501,262.023920983946,0.134044709724647,87.0290828633342,28.2223464783765,295.947751599368,13.4044709724647
2021-02-02,240080,538,202305,349,37775,189,223564,363,1472300,1059,1695864,1422,57,3385,-840,6427,1321,230268,12,7832,3764,"East TN",2455501,241.946551844206,0.136951719785421,57.9107888777077,21.909989040933,261.738846777094,13.6951719785421
2021-02-03,241191,1111,203063,758,38128,353,224391,827,1478305,6005,1702696,6832,46,3431,35,6462,1030,231298,39,7871,3777,"East TN",2455501,248.381083941729,0.132711685967815,278.232425887833,45.2453491161274,263.164217811355,13.2711685967815
2021-02-04,242285,1094,203842,779,38443,315,225257,866,1486019,7714,1711276,8580,58,3489,-6,6456,1042,232340,36,7907,3796,"East TN",2455501,238.851460455524,0.122465708508662,349.419527827519,44.5530260423433,262.919868491196,12.2465708508662
2021-02-05,243102,817,204401,559,38701,258,225863,606,1489825,3806,1715688,4412,67,3556,-151,6305,901,233241,28,7935,3810,"East TN",2455501,247.933110188104,0.123623043272018,179.678200090328,33.2722324283313,256.770410600525,12.3623043272018
2021-02-06,244335,1233,205223,822,39112,411,226824,961,1498480,8655,1725304,9616,27,3583,500,6805,706,233947,22,7957,3840,"East TN",2455501,251.150376236866,0.121742616597621,391.610510441657,50.2137852926959,277.132853947117,12.1742616597621
2021-02-07,244852,517,205576,353,39276,164,227230,406,1501564,3084,1728794,3490,2,3585,-129,6676,644,234591,9,7966,3857,"East TN",2455501,244.471494819184,0.122502672038148,142.129854559212,21.0547664203761,271.879343563696,12.2502672038148
2021-02-08,245364,512,205875,299,39489,213,227550,320,1502927,1363,1730477,1683,32,3617,-627,6049,1107,235698,9,7975,3873,"East TN",2455501,237.100290327717,0.120688219786319,68.5399843046287,20.8511419869102,246.34483960707,12.0688219786319
2021-02-09,246392,1028,206507,632,39885,396,228218,668,1507160,4233,1735378,4901,16,3633,-59,5990,1071,236769,38,8013,3884,"East TN",2455501,257.055484807377,0.117781039631523,199.592669683295,41.8651835205931,243.942071292172,11.7781039631523
2021-02-10,247241,849,207090,583,40151,266,228855,637,1513147,5987,1742002,6624,39,3672,-29,5961,839,237608,30,8043,3897,"East TN",2455501,246.385564493763,0.11357044725996,269.761649455651,34.5754288025132,242.76104957807,11.357044725996
2021-02-11,248108,867,207673,583,40435,284,229506,651,1518721,5574,1748227,6225,37,3709,-99,5862,929,238537,31,8074,3915,"East TN",2455501,237.14101521441,0.11499012205353,253.51241966507,35.3084767629905,238.729285795445,11.499012205353
2021-02-12,248940,832,208266,593,40674,239,230155,649,1524232,5511,1754387,6160,34,3743,57,5919,741,239278,11,8085,3924,"East TN",2455501,237.751888514808,0.110907258585493,250.865302030013,33.8831057287291,241.050604336956,11.0907258585493
2021-02-13,249534,594,208639,373,40895,221,230589,434,1528659,4427,1759248,4861,12,3755,-25,5894,607,239885,17,8102,3936,"East TN",2455501,211.728685917864,0.11091798255951,197.963674215567,24.1905826957513,240.032482169626,11.091798255951
2021-02-14,250074,540,209053,414,41021,126,231041,452,1531627,2968,1762668,3420,15,3770,-52,5842,577,240462,15,8117,3949,"East TN",2455501,212.665358311807,0.112505166204168,139.279112490689,21.9914388143194,237.914788061581,11.2505166204168
2021-02-15,250452,378,209262,209,41190,169,231269,228,1532951,1324,1764220,1552,5,3775,-575,5267,948,241410,10,8127,3960,"East TN",2455501,207.20822349492,0.110215452093768,63.2050241478216,15.3940071700236,214.497978213,11.0215452093768
2021-02-16,251218,766,209690,428,41528,338,231741,472,1536360,3409,1768101,3881,8,3783,-39,5228,797,242207,25,8152,3970,"East TN",2455501,196.538303181306,0.107661278000183,158.053285256247,31.1952632069789,212.909707631966,10.7661278000183
2021-02-17,251839,621,210109,419,41730,202,232192,451,1539614,3254,1771806,3705,11,3794,-90,5138,700,242907,11,8163,3987,"East TN",2455501,187.25302901526,0.11196483693464,150.885705198247,25.2901546364673,209.244467829579,11.196483693464
2021-02-18,252633,794,210660,551,41973,243,232798,606,1545334,5720,1778132,6326,42,3836,23,5161,729,243636,20,8183,4004,"East TN",2455501,184.280112286658,0.110081926099314,257.625633221082,32.3355600343881,210.181140223523,11.0081926099315
2021-02-19,253112,479,210964,304,42148,175,233143,345,1548042,2708,1781185,3053,5,3841,-222,4939,696,244332,11,8194,4013,"East TN",2455501,169.904227283964,0.111500858273005,124.333079074291,19.5072207260351,201.140215377636,11.1500858273005
2021-02-20,253734,622,211411,447,42323,175,233648,505,1553269,5227,1786917,5732,18,3859,74,5013,530,244862,18,8212,4023,"East TN",2455501,171.044524111373,0.110556940980881,233.435050525331,25.3308795231604,204.153856992931,11.0556940980881
2021-02-21,254082,348,211638,227,42444,121,233911,263,1555403,2134,1789314,2397,7,3866,-83,4930,424,245286,12,8224,4041,"East TN",2455501,163.225345866281,0.107708474067402,97.617553403562,14.172260569228,200.773691397397,10.7708474067402
2021-02-22,254440,358,211834,196,42606,162,234139,228,1556785,1382,1790924,1610,7,3873,-481,4449,832,246118,22,8246,4057,"East TN",2455501,162.410848132418,0.10747453565009,65.5670675760262,14.5795094361599,181.185020897976,10.747453565009
2021-02-23,255083,643,212183,349,42900,294,234507,368,1559732,2947,1794239,3315,26,3899,-143,4306,760,246878,27,8273,4064,"East TN",2455501,157.401687069156,0.105822939781162,135.002999387905,26.1861021437173,175.36136210085,10.5822939781162
2021-02-24,255824,741,212732,549,43092,192,235117,610,1565934,6202,1801051,6812,19,3918,56,4362,666,247544,23,8296,4071,"East TN",2455501,162.288673472338,0.100017096939648,277.417928153969,30.1771410396493,177.641955755669,10.0017096939648
2021-02-25,256459,635,213177,445,43282,190,235612,495,1570702,4768,1806314,5263,21,3939,-95,4267,709,248253,16,8312,4080,"East TN",2455501,155.813416488122,0.0998509687034277,214.335078666227,25.8603030501718,173.773091519816,9.98509687034277
2021-02-26,256921,462,213501,324,43420,138,235980,368,1573825,3123,1809805,3491,14,3953,-183,4084,631,248884,11,8323,4085,"East TN",2455501,155.121093414338,0.0991264849755416,142.170579445905,18.814897652251,166.320437254963,9.91264849755416
2021-02-27,257360,439,213726,225,43634,214,236254,274,1577920,4095,1814174,4369,7,3960,10,4094,422,249306,16,8339,4094,"East TN",2455501,147.668439149485,0.0956084675496203,177.927029962521,17.8782252583078,166.727686121895,9.56084675496203
2021-02-28,257726,366,214000,274,43726,92,236567,313,1580480,2560,1817047,2873,5,3965,-51,4043,412,249718,11,8350,4103,"East TN",2455501,148.401487109962,0.0957703818555511,117.002599469518,14.9053085297053,164.650716900543,9.57703818555511
2021-03-01,257970,244,214148,148,43822,96,236723,156,1581259,779,1817982,935,4,3969,-410,3633,650,250368,11,8361,4112,"East TN",2455501,143.75885002694,0.0954985586517851,38.077769058127,9.9368723531369,147.953513356337,9.54985586517851
2021-03-02,258590,620,214538,390,44052,230,237170,447,1584715,3456,1821885,3903,7,3976,5,3638,608,250976,24,8385,4122,"East TN",2455501,142.822177632996,0.0963249656369818,158.949232763497,25.2494297497741,148.157137789803,9.63249656369818
2021-03-03,259073,483,214841,303,44232,180,237525,355,1588889,4174,1826414,4529,7,3983,-146,3492,622,251598,17,8402,4125,"East TN",2455501,132.315156866155,0.0949414501439104,184.44301183343,19.6701202728079,142.211304332599,9.49414501439104
2021-03-04,259681,608,215255,414,44426,194,237997,472,1593711,4822,1831708,5294,18,4001,46,3538,544,252142,20,8422,4130,"East TN",2455501,131.215584925439,0.0939198235803733,215.597550153716,24.7607311094559,144.084649120485,9.39198235803733
2021-03-05,260152,471,215566,311,44586,160,238351,354,1597392,3681,1835743,4035,15,4016,-63,3475,519,252661,16,8438,4135,"East TN",2455501,131.582108905678,0.0914102860667746,164.324917806997,19.1814216324897,141.518981258814,9.14102860667746
2021-03-06,260615,463,215889,323,44726,140,238723,372,1601668,4276,1840391,4648,1,4017,50,3525,412,253073,10,8448,4141,"East TN",2455501,132.559506186314,0.0941755349582332,189.289273349919,18.8556225389442,143.555225593474,9.41755349582332
2021-03-07,260870,255,216053,164,44817,91,238907,184,1603398,1730,1842305,1914,1,4018,-110,3415,364,253437,4,8452,4145,"East TN",2455501,128.039043763371,0.0926439147992715,77.9474331307542,10.3848461067619,139.075488057223,9.26439147992715
2021-03-08,261326,456,216345,292,44981,164,239219,312,1604979,1581,1844198,1893,3,4021,-127,3288,580,254017,9,8461,4153,"East TN",2455501,136.672719742325,0.0952090326518157,77.0922105101973,18.5705483320919,133.903427447189,9.52090326518157
2021-03-09,261864,538,216626,281,45238,257,239537,318,1607555,2576,1847092,2894,6,4027,24,3312,508,254525,21,8482,4165,"East TN",2455501,133.333279033484,0.0939024874042925,117.857822090074,21.909989040933,134.880824727825,9.39024874042924
2021-03-10,262513,649,217089,463,45424,186,240044,507,1613027,5472,1853071,5979,7,4034,173,3485,469,254994,29,8511,4175,"East TN",2455501,140.093610224553,0.0944967550737142,243.494097538547,26.4304514638764,141.926230125746,9.44967550737142
2021-03-11,263046,533,217429,340,45617,193,240409,365,1616365,3338,1856774,3703,5,4039,88,3573,440,255434,9,8520,4183,"East TN",2455501,137.039243722564,0.0962259634564749,150.80425542486,21.7063646074671,145.510020154746,9.62259634564749
2021-03-12,263509,463,217797,368,45712,95,240825,416,1619712,3347,1860537,3763,5,4044,5,3578,453,255887,12,8532,4191,"East TN",2455501,136.713444629019,0.0997822053722675,153.247748626451,18.8556225389442,145.713644588212,9.97822053722675
2021-03-13,263956,447,218013,216,45943,231,241105,280,1623351,3639,1864456,3919,2,4046,42,3620,403,256290,20,8552,4197,"East TN",2455501,136.061846441928,0.0989819239559526,159.600830950588,18.2040243518532,147.424089829326,9.89819239559526
2021-03-14,264218,262,218189,176,46029,86,241316,211,1625193,1842,1866509,2053,0,4046,-53,3567,315,256605,10,8562,4203,"East TN",2455501,136.34692064878,0.0995290034705007,83.6081923811067,10.6699203136142,145.265670834587,9.95290034705007
2021-03-15,264574,356,218374,185,46200,171,241533,217,1626389,1196,1867922,1413,4,4050,-167,3400,519,257124,15,8577,4207,"East TN",2455501,132.274431979462,0.0975383577811499,57.544264897469,14.4980596627735,138.464614756826,9.75383577811499
2021-03-16,265273,699,218825,451,46448,248,242029,496,1629656,3267,1871685,3763,4,4054,190,3590,505,257629,36,8613,4208,"East TN",2455501,138.831138737064,0.10132964664742,153.247748626451,28.4666957985356,146.202343228531,10.132964664742
2021-03-17,265698,425,219157,332,46541,93,242393,364,1633380,3724,1875773,4088,1,4055,-31,3559,455,258084,16,8629,4217,"East TN",2455501,129.708764117791,0.103471059818518,166.483336801736,17.3080768446032,144.939871741042,10.3471059818518
2021-03-18,266248,550,219506,349,46742,201,242778,385,1636671,3291,1879449,3676,6,4061,99,3658,445,258529,31,8660,4224,"East TN",2455501,130.401087191575,0.104476295479603,149.704683484144,22.3986876812512,148.971635523667,10.4476295479603
2021-03-19,267040,792,220036,530,47004,262,243341,563,1641716,5045,1885057,5608,15,4076,337,3995,440,258969,25,8685,4230,"East TN",2455501,143.799574913633,0.102610114192496,228.385164575376,32.2541102610017,162.69592233927,10.2610114192496
2021-03-20,267313,273,220202,166,47111,107,243535,194,1643837,2121,1887372,2315,1,4077,-41,3954,313,259282,15,8700,4232,"East TN",2455501,136.713444629019,0.106039448420318,94.278112694721,11.1178940672392,161.02620198485,10.6039448420318
2021-03-21,267594,281,220398,196,47196,85,243760,225,1645636,1799,1889396,2024,-11,4066,-27,3927,319,259601,8,8708,4239,"East TN",2455501,137.487217476189,0.1067855114257,82.4271706670044,11.4436931607847,159.926630044134,10.67855114257
2021-03-22,268119,525,220737,339,47382,186,244116,356,1647725,2089,1891841,2445,14,4080,-15,3912,526,260127,19,8727,4246,"East TN",2455501,144.369723327337,0.107989464442493,99.5723479648349,21.3805655139216,159.315756743736,10.7989464442493
2021-03-23,268556,437,220985,248,47571,189,244383,267,1650180,2455,1894563,2722,11,4091,-78,3834,504,260631,17,8744,4252,"East TN",2455501,133.699803013723,0.102893609581257,110.853141578847,17.7967754849214,156.139215581667,10.2893609581257
2021-03-24,269153,597,221442,457,47711,140,244876,493,1654879,4699,1899755,5192,4,4095,85,3919,508,261139,26,8770,4258,"East TN",2455501,140.704483524951,0.103535985322325,211.443611711011,24.3127573558308,159.600830950588,10.3535985322325
2021-03-25,269553,400,221749,307,47804,93,245209,333,1657847,2968,1903056,3301,8,4103,-66,3853,458,261597,23,8793,4262,"East TN",2455501,134.595750520973,0.102977930274918,134.4328509742,16.2899546772736,156.912988428838,10.2977930274918
2021-03-26,269963,410,222071,322,47892,88,245555,346,1660479,2632,1906034,2978,7,4110,-63,3790,466,262063,14,8807,4272,"East TN",2455501,119.038843804177,0.105544167421462,121.278712572302,16.6972035442054,154.347320567167,10.5544167421462
2021-03-27,270166,203,222251,180,47915,23,245765,210,1662991,2512,1908756,2722,2,4112,-164,3626,365,262428,12,8819,4283,"East TN",2455501,116.188101735654,0.104283576505799,110.853141578847,8.26715199871635,147.668439149485,10.4283576505799
2021-03-28,270482,316,222470,219,48012,97,246010,245,1665063,2072,1911073,2317,5,4117,-67,3559,378,262806,17,8836,4289,"East TN",2455501,117.613472769915,0.103796650828067,94.3595624681073,12.8690641950461,144.939871741042,10.3796650828067
2021-03-29,270921,439,222707,237,48214,202,246265,255,1666918,1855,1913183,2110,18,4135,-91,3468,512,263318,18,8854,4294,"East TN",2455501,114.111132514302,0.100693468278512,85.9295109226182,17.8782252583078,141.233907051962,10.0693468278512
2021-03-30,271296,375,222965,258,48331,117,246587,322,1669395,2477,1915982,2799,5,4140,-143,3325,513,263831,20,8874,4300,"East TN",2455501,111.586189539324,0.102899295018442,113.988957854222,15.271832509944,135.410248254837,10.2899295018442
2021-03-31,271957,661,223407,442,48550,219,247075,488,1674212,4817,1921287,5305,4,4144,168,3493,489,264320,18,8892,4305,"East TN",2455501,114.192582287688,0.102127066691436,216.045523907341,26.9191501041946,142.252029219292,10.2127066691436
2021-04-01,272405,448,223728,321,48677,127,247425,350,1677040,2828,1924465,3178,1,4145,-87,3406,534,264854,18,8910,4313,"East TN",2455501,116.147376848961,0.103507870521743,129.423689910939,18.2447492385464,138.708964076985,10.3507870521743
2021-04-02,272756,351,223963,235,48793,116,247677,252,1680060,3020,1927737,3272,0,4145,-78,3328,429,265283,12,8922,4318,"East TN",2455501,113.744608534063,0.0977745012210293,133.251829260098,14.2944352293076,135.532422914916,9.77745012210293
2021-04-03,273099,343,224214,251,48885,92,247952,275,1682411,2351,1930363,2626,0,4145,-54,3274,397,265680,13,8935,4327,"East TN",2455501,119.446092671109,0.101217198130236,106.943552456301,13.9686361357621,133.333279033484,10.1217198130236
2021-04-04,273270,171,224337,123,48933,48,248093,141,1684006,1595,1932099,1736,6,4151,-179,3095,344,266024,8,8943,4331,"East TN",2455501,113.540984100597,0.0990678207933035,70.6984032993674,6.96395562453446,126.043524315404,9.90678207933035
2021-04-05,273677,407,224572,235,49105,172,248316,223,1685225,1219,1933541,1442,6,4157,-93,3002,494,266518,40,8983,4337,"East TN",2455501,112.237787726415,0.100746635229394,58.7252866115713,16.5750288841259,122.256109852938,10.0746635229394
2021-04-06,274108,431,224822,250,49286,181,248594,278,1687311,2086,1935905,2364,3,4160,-6,2996,434,266952,27,9010,4342,"East TN",2455501,114.518381381233,0.100737840686644,96.273632142687,17.5524261647623,122.011760532779,10.0737840686644
2021-04-07,274740,632,225285,463,49455,169,249101,507,1692004,4693,1941105,5200,5,4165,209,3205,418,267370,24,9034,4346,"East TN",2455501,113.337359667131,0.102230295690786,211.769410804557,25.7381283900923,130.523261851655,10.2230295690786
2021-04-08,275146,406,225540,255,49606,151,249390,289,1695015,3011,1944405,3300,-1,4164,48,3253,359,267729,21,9055,4351,"East TN",2455501,111.626914426017,0.0985456369107322,134.392126087507,16.5343039974327,132.478056412928,9.85456369107322
2021-04-09,275664,518,225946,406,49718,112,249840,450,1698891,3876,1948731,4326,4,4168,109,3362,405,268134,31,9086,4354,"East TN",2455501,118.427970503779,0.103029436981995,176.175859834714,21.0954913070693,136.917069062485,10.3029436981995
2021-04-10,275968,304,226161,215,49807,89,250087,247,1701672,2781,1951759,3028,1,4169,-11,3351,314,268448,15,9101,4359,"East TN",2455501,116.839699922745,0.0997850065432791,123.314956906961,12.3803655547279,136.46909530886,9.97850065432791
2021-04-11,276205,237,226324,163,49881,74,250261,174,1703385,1713,1953646,1887,2,4171,-85,3266,320,268768,10,9111,4363,"East TN",2455501,119.527542444495,0.100617255302362,76.8478611900382,9.65179814628461,133.007479939939,10.0617255302362
2021-04-12,276670,465,226647,323,50023,142,250591,330,1705148,1763,1955739,2093,3,4174,13,3279,449,269217,15,9126,4372,"East TN",2455501,121.8895858727,0.102486710514461,85.2371878488341,18.9370723123306,133.53690346695,10.2486710514461
2021-04-13,277048,378,226887,240,50161,138,250841,250,1707205,2057,1958046,2307,3,4177,-56,3223,431,269648,16,9142,4376,"East TN",2455501,119.731166877961,0.10148593107809,93.9523136011755,15.3940071700236,131.256309812132,10.148593107809
2021-04-14,277728,680,227389,502,50339,178,251398,557,1712026,4821,1963424,5378,0,4177,269,3492,411,270059,29,9171,4379,"East TN",2455501,121.685961439234,0.102916797347551,219.018440635944,27.6929229513651,142.211304332599,10.2916797347551
2021-04-15,278268,540,227755,366,50513,174,251778,380,1715171,3145,1966949,3525,2,4179,115,3607,423,270482,24,9195,4384,"East TN",2455501,127.14309625612,0.105926188786373,143.555225593474,21.9914388143194,146.894666302315,10.5926188786373
2021-04-16,279246,978,228650,895,50596,83,252883,1105,1722656,7485,1975539,8590,3,4182,634,4241,341,270823,32,9227,4387,"East TN",2455501,145.876544134985,0.113510892270964,349.826776694451,39.8289391859339,172.714244465793,11.3510892270964
2021-04-17,279448,202,228797,147,50651,55,253056,173,1724887,2231,1977943,2404,0,4182,-91,4150,293,271116,10,9237,4388,"East TN",2455501,141.72260569228,0.113389856400855,97.9026276104143,8.22642711202317,169.008279776714,11.3389856400855
2021-04-18,279666,218,228984,187,50682,31,253258,202,1726690,1803,1979948,2005,6,4188,-122,4028,334,271450,8,9245,4397,"East TN",2455501,140.94883284511,0.113945707550757,81.6533978198339,8.87802529911411,164.039843600145,11.3945707550757
2021-04-19,279994,328,229179,195,50815,133,253468,210,1728139,1449,1981607,1659,8,4196,-212,3816,532,271982,15,9260,4404,"East TN",2455501,135.369523368144,0.111218493892067,67.5625870239923,13.3577628353644,155.40616762119,11.1218493892067
2021-04-20,280347,353,229456,277,50891,76,253749,281,1730587,2448,1984336,2729,4,4200,-113,3703,462,272444,20,9280,4408,"East TN",2455501,134.351401200814,0.110612400152149,111.138215785699,14.375885002694,150.80425542486,11.0612400152149
2021-04-21,280860,513,229786,330,51074,183,254088,339,1734369,3782,1988457,4121,4,4204,30,3733,479,272923,14,9294,4414,"East TN",2455501,127.550345123052,0.10745815523509,167.827258062611,20.8918668736034,152.026002025656,10.745815523509
2021-04-22,281502,642,230184,398,51318,244,254539,451,1738621,4252,1993160,4703,3,4207,193,3926,446,273369,23,9317,4418,"East TN",2455501,131.704283565757,0.105337453740796,191.529142118044,26.1453772570241,159.88590515744,10.5337453740796
2021-04-23,281886,384,230462,278,51424,106,254847,308,1741824,3203,1996671,3511,0,4207,-9,3917,393,273762,11,9328,4423,"East TN",2455501,107.513700870006,0.0929396176414916,142.985077179769,15.6383564901827,159.519381177202,9.29396176414916
2021-04-24,282146,260,230650,188,51496,72,255056,209,1744822,2998,1999878,3207,0,4207,-132,3785,392,274154,20,9348,4430,"East TN",2455501,109.87574429821,0.0911784818782767,130.604711625041,10.5884705402278,154.143696133701,9.11784818782767
2021-04-25,282346,200,230798,148,51548,52,255215,159,1746473,1651,2001688,1810,4,4211,-113,3672,309,274463,17,9365,4435,"East TN",2455501,109.142696337733,0.0900183992640294,73.712044914663,8.1449773386368,149.541783937372,9.00183992640294
2021-04-26,282732,386,231042,244,51690,142,255467,252,1748445,1972,2003912,2224,6,4217,-143,3529,523,274986,16,9381,4443,"East TN",2455501,111.504739765938,0.0896211611746245,90.5721480056412,15.719806263569,143.718125140246,8.96211611746245
2021-04-27,283122,390,231246,204,51876,186,255685,218,1750809,2364,2006494,2582,3,4220,-48,3481,435,275421,25,9406,4449,"East TN",2455501,113.011560573586,0.0873725065439119,105.151657441801,15.8827058103418,141.763330578973,8.73725065439119
2021-04-28,283610,488,231592,346,52018,142,256066,381,1754937,4128,2011003,4509,6,4226,11,3492,471,275892,24,9430,4457,"East TN",2455501,111.993438406256,0.0877317484254413,183.628514099567,19.8737447062738,142.211304332599,8.77317484254413
2021-04-29,284002,392,231871,279,52131,113,256370,304,1757869,2932,2014239,3236,1,4227,18,3510,373,276265,22,9452,4462,"East TN",2455501,101.81221673296,0.0868637032117273,131.785733339143,15.9641555837281,142.944352293076,8.68637032117273
2021-04-30,284371,369,232098,227,52273,142,256610,240,1761136,3267,2017746,3507,0,4227,-1,3509,370,276635,18,9470,4467,"East TN",2455501,101.201343432562,0.0836536180308422,142.822177632996,15.0274831897849,142.903627406383,8.36536180308422
2021-05-01,284606,235,232280,182,52326,53,256799,189,1763627,2491,2020426,2680,-1,4226,-28,3481,264,276899,15,9485,4468,"East TN",2455501,100.183221265233,0.0848257737979365,109.142696337733,9.57034837289824,141.763330578973,8.48257737979365
2021-05-02,284781,175,232408,128,52373,47,256932,133,1765103,1476,2022035,1609,1,4227,-76,3405,250,277149,11,9496,4472,"East TN",2455501,99.165099097903,0.0843859045559542,65.526342689333,7.1268551713072,138.668239190292,8.43859045559542
2021-05-03,284993,212,232522,114,52471,98,257058,126,1766587,1484,2023645,1610,5,4232,-224,3181,431,277580,17,9513,4476,"East TN",2455501,92.078968813289,0.0806263619317894,65.5670675760262,8.63367597895501,129.545864571018,8.06263619317894
2021-05-04,285314,321,232743,221,52571,100,257303,245,1768987,2400,2026290,2645,7,4239,-80,3101,394,277974,12,9525,4484,"East TN",2455501,89.2689516314593,0.0817336835724389,107.717325303472,13.0726886285121,126.287873635564,8.17336835724389
2021-05-05,285778,464,233036,293,52742,171,257614,311,1773137,4150,2030751,4461,5,4244,127,3228,332,278306,22,9547,4489,"East TN",2455501,88.2915543508229,0.0783876848288434,181.673719538294,18.8963474256374,131.459934245598,7.83876848288434
2021-05-06,286064,286,233233,197,52831,89,257845,231,1775575,2438,2033420,2669,4,4248,-100,3128,382,278688,10,9557,4495,"East TN",2455501,83.9747163613454,0.076899014649914,108.694722584108,11.6473175942506,127.38744557628,7.6899014649914
2021-05-07,286430,366,233482,249,52948,117,258114,269,1779024,3449,2037138,3718,0,4248,16,3144,350,279038,15,9572,4500,"East TN",2455501,83.8525417012658,0.0775577557755776,151.415128725258,14.9053085297053,128.03904376337,7.75577557755776
2021-05-08,286601,171,233585,103,53016,68,258228,114,1780919,1895,2039147,2009,0,4248,-94,3050,265,279303,7,9579,4507,"East TN",2455501,81.2461489529021,0.0763313925538166,81.8162973666066,6.96395562453446,124.210904414211,7.63313925538166
2021-05-09,286747,146,233700,115,53047,31,258360,132,1782630,1711,2040990,1843,4,4252,-161,2889,303,279606,11,9590,4512,"East TN",2455501,80.0651272387997,0.0753363228699552,75.0559661755381,5.94583345720486,117.654197656609,7.53363228699552
2021-05-10,286982,235,233836,136,53146,99,258505,145,1784146,1516,2042651,1661,7,4259,-200,2689,428,280034,22,9612,4515,"East TN",2455501,81.001799632743,0.0761338524676418,67.6440367973786,9.57034837289824,109.509220317972,7.61338524676418
2021-05-11,287297,315,234064,228,53233,87,258749,244,1786824,2678,2045573,2922,1,4260,-57,2632,371,280405,19,9631,4519,"East TN",2455501,80.7574503125839,0.0749883316911269,118.998118917484,12.828339308353,107.18790177646,7.49883316911269
2021-05-12,287601,304,234281,217,53320,87,259000,251,1790890,4066,2049890,4317,3,4263,-53,2579,354,280759,16,9647,4521,"East TN",2455501,74.2414684416744,0.0724175766758974,175.809335854475,12.3803655547279,105.029482781722,7.24175766758974
2021-05-13,287811,210,234417,136,53394,74,259145,145,1793623,2733,2052768,2878,1,4264,-131,2448,340,281099,9,9656,4526,"East TN",2455501,71.1463770529924,0.067190407277238,117.206223902984,8.55222620556864,99.6945226249144,6.7190407277238
2021-05-14,288112,301,234636,219,53476,82,259393,248,1796308,2685,2055701,2933,1,4265,34,2482,266,281365,21,9677,4531,"East TN",2455501,68.4992594179355,0.0689005009966061,119.446092671109,12.2581908946484,101.079168772483,6.89005009966061
2021-05-15,288220,108,234717,81,53503,27,259495,102,1798296,1988,2057791,2090,0,4265,-154,2328,262,281627,6,9683,4535,"East TN",2455501,65.9335915562649,0.0679575198455267,85.1150131887546,4.39828776286387,94.8075362217323,6.79575198455267
2021-05-16,288320,100,234791,74,53529,26,259580,85,1799745,1449,2059325,1534,3,4268,-121,2207,218,281845,4,9687,4539,"East TN",2455501,64.0602467683784,0.0665394055085901,62.4719761873443,4.0724886693184,89.8798249318571,6.65394055085901
2021-05-17,288519,199,234895,104,53624,95,259690,110,1801312,1567,2061002,1677,6,4274,-117,2090,310,282155,10,9697,4546,"East TN",2455501,62.5941508474238,0.0645741376491744,68.2956349844696,8.10425245194362,85.1150131887546,6.45741376491744
2021-05-18,288732,213,235030,135,53702,78,259836,146,1803550,2238,2063386,2384,8,4282,-100,1990,305,282460,22,9719,4552,"East TN",2455501,58.440212404719,0.0610228484814461,97.0881298765507,8.67440086564819,81.0425245194362,6.10228484814461
2021-05-19,288949,217,235194,164,53755,53,260003,167,1806820,3270,2066823,3437,1,4283,-53,1937,269,282729,21,9740,4555,"East TN",2455501,54.897147262412,0.0592334494773519,139.971435564473,8.83730041242093,78.8841055246974,5.92334494773519
2021-05-20,289127,178,235327,133,53800,45,260159,156,1820988,14168,2081147,14324,3,4286,-91,1846,266,282995,7,9747,4560,"East TN",2455501,53.5939508882301,0.0357306459001374,583.343276993168,7.24902983138675,75.1781408356177,3.57306459001374
2021-05-21,289291,164,235435,108,53856,56,260280,121,1823266,2278,2083546,2399,0,4286,-58,1788,222,283217,10,9757,4563,"East TN",2455501,48.0146414112639,0.0318549111151015,97.6990031769484,6.67888141768218,72.816097407413,3.18549111151015
2021-05-22,289362,71,235483,48,53879,23,260342,62,1824852,1586,2085194,1648,0,4286,-105,1683,176,283393,12,9769,4564,"East TN",2455501,46.5078206036161,0.0309090245593548,67.1146132703672,2.89146695521606,68.5399843046287,3.09090245593548
2021-05-23,289436,74,235534,51,53902,23,260403,61,1825917,1065,2086320,1126,3,4289,-128,1555,199,283592,5,9774,4566,"East TN",2455501,45.4489735495933,0.0304871272457863,45.8562224165252,3.01364161529562,63.3271988079011,3.04871272457863
2021-05-24,289596,160,235645,111,53951,49,260529,126,1827841,1924,2088370,2050,0,4289,-90,1465,250,283842,7,9781,4570,"East TN",2455501,43.8607029685592,0.0306562408652441,83.4860177210272,6.51598187090944,59.6619590055146,3.06562408652441
2021-05-25,289740,144,235741,96,53999,48,260617,88,1829568,1727,2090185,1815,0,4289,-72,1393,216,284058,9,9790,4576,"East TN",2455501,41.0506857867295,0.0291428784656144,73.915669348129,5.8643836838185,56.7297671636053,2.91428784656144
2021-05-26,289924,184,235881,140,54043,44,260782,165,1832451,2883,2093233,3048,7,4296,-33,1360,210,284268,14,9804,4581,"East TN",2455501,39.7067645258544,0.0294964028776978,124.129454640825,7.49337915154586,55.3858459027302,2.94964028776978
2021-05-27,290048,124,235957,76,54091,48,260921,139,1835423,2972,2096344,3111,4,4300,-81,1279,201,284469,11,9815,4585,"East TN",2455501,37.5076206444225,0.0501414752911759,126.695122502495,5.04988594995482,52.0871300805823,5.01414752911759
2021-05-28,290165,117,236047,90,54118,27,261019,98,1837535,2112,2098554,2210,0,4300,-59,1220,176,284645,9,9824,4588,"East TN",2455501,35.5935509698428,0.0492404051172708,90.0019995919366,4.76481174310253,49.6843617656845,4.92404051172708
2021-05-29,290216,51,236079,32,54137,19,261056,37,1838611,1076,2099667,1113,0,4300,-88,1132,139,284784,7,9831,4591,"East TN",2455501,34.7790532359791,0.0493332412077662,45.3267988895138,2.07696922135238,46.1005717366843,4.93332412077662
2021-05-30,290271,55,236119,40,54152,15,261102,46,1839698,1087,2100800,1133,0,4300,-66,1066,121,284905,7,9838,4596,"East TN",2455501,34.0052803888086,0.0482734806629834,46.1412966233775,2.23986876812512,43.4127292149341,4.82734806629834
2021-05-31,290351,80,236185,66,54166,14,261173,71,1841125,1427,2102298,1498,6,4306,-95,971,169,285074,4,9842,4601,"East TN",2455501,30.7472894533539,0.0462377943710511,61.0058802663896,3.25799093545472,39.5438649790817,4.62377943710511
2021-06-01,290481,130,236278,93,54203,37,261267,94,1842441,1316,2103708,1410,3,4309,-37,934,164,285238,11,9853,4604,"East TN",2455501,30.1771410396493,0.048066257487244,57.4220902373894,5.29423527011392,38.0370441714339,4.8066257487244
2021-06-02,290600,119,236349,71,54251,48,261340,73,1844420,1979,2105760,2052,1,4310,-19,915,137,285375,9,9862,4608,"East TN",2455501,27.5300234045924,0.0445437854234853,83.5674674944136,4.8462615164889,37.2632713242634,4.45437854234853
2021-06-03,290688,88,236405,56,54283,32,261459,119,1847587,3167,2109046,3286,1,4311,-43,872,130,285505,7,9869,4613,"East TN",2455501,26.0639274836378,0.0423555345614864,133.821977673803,3.58379002900019,35.5121011964564,4.23555345614864
2021-06-04,290779,91,236464,59,54315,32,261537,78,1849739,2152,2111276,2230,1,4312,-32,840,122,285627,7,9876,4613,"East TN",2455501,25.005080429615,0.0407168684169156,90.8164973258003,3.70596468907974,34.2089048222746,4.07168684169156
2021-06-05,290820,41,236490,26,54330,15,261567,30,1851122,1383,2112689,1413,-1,4311,-67,773,109,285736,2,9878,4618,"East TN",2455501,24.5978315626831,0.0392412839809553,57.544264897469,1.66972035442054,31.4803374138312,3.92412839809553
2021-06-06,290846,26,236506,16,54340,10,261586,19,1852038,916,2113624,935,-1,4310,-56,717,83,285819,2,9880,4621,"East TN",2455501,23.4168098485808,0.0377417342482845,38.077769058127,1.05884705402278,29.1997437590129,3.77417342482845
2021-06-07,290919,73,236541,35,54378,38,261638,52,1853308,1270,2114946,1322,3,4313,-68,649,138,285957,10,9890,4623,"East TN",2455501,23.1317356417285,0.0367647058823529,53.8383002083892,2.97291672860243,26.4304514638764,3.67647058823529
2021-06-08,291006,87,236608,67,54398,20,261708,70,1854787,1479,2116495,1549,3,4316,-29,620,113,286070,4,9894,4626,"East TN",2455501,21.3805655139216,0.0344881520294049,63.082849487742,3.54306514230701,25.2494297497741,3.44881520294049
2021-06-09,291054,48,236646,38,54408,10,261762,54,1857517,2730,2119279,2784,0,4316,-63,557,111,286181,3,9897,4629,"East TN",2455501,18.4890985587055,0.0312153265774096,113.378084553824,1.95479456127283,22.6837618881035,3.12153265774096
2021-06-10,291129,75,236703,57,54426,18,261828,66,1859302,1785,2121130,1851,4,4320,-21,536,92,286273,4,9901,4632,"East TN",2455501,17.9596750316941,0.0305362462760675,75.3817652690836,3.0543665019888,21.8285392675466,3.05362462760675
2021-06-11,291199,70,236749,46,54450,24,261884,56,1860787,1485,2122671,1541,2,4322,-4,532,72,286345,4,9905,4633,"East TN",2455501,17.1044524111373,0.0304519526107942,62.7570503941965,2.85074206852288,21.6656397207739,3.04519526107942
2021-06-12,291228,29,236771,22,54457,7,261915,31,1861981,1194,2123896,1225,3,4325,-24,508,50,286395,1,9906,4636,"East TN",2455501,16.6157537708191,0.0310520210582672,49.8879861991504,1.18102171410234,20.6882424401375,3.10520210582672
2021-06-13,291246,18,236785,14,54461,4,261936,21,1862824,843,2124760,864,1,4326,-41,467,58,286453,1,9907,4637,"East TN",2455501,16.2899546772736,0.0314295977011494,35.186302102911,0.733047960477312,19.0185220857169,3.14295977011494
2021-06-14,291299,53,236818,33,54481,20,261977,41,1864077,1253,2126054,1294,3,4329,-9,458,59,286512,3,9910,4639,"East TN",2455501,15.4754569434099,0.0305185451926539,52.6980033809801,2.15841899473875,18.6519981054783,3.05185451926539
2021-06-15,291387,88,236887,69,54500,19,262065,88,1865959,1882,2128024,1970,0,4329,-7,451,95,286607,4,9914,4643,"East TN",2455501,15.5161818301031,0.0309653916211293,80.2280267855725,3.58379002900019,18.366923898626,3.09653916211293
2021-06-16,291454,67,236927,40,54527,27,262103,38,1867865,1906,2129968,1944,2,4331,-14,437,79,286686,7,9921,4646,"East TN",2455501,16.2899546772736,0.0319019552811301,79.1691797315497,2.72856740844333,17.7967754849214,3.19019552811301
2021-06-17,291505,51,236965,38,54540,13,262149,46,1870215,2350,2132364,2396,1,4332,-7,430,57,286743,1,9922,4650,"East TN",2455501,15.3125573966372,0.0285739718711056,97.5768285168689,2.07696922135238,17.5117012780691,2.85739718711056
2021-06-18,291567,62,237016,51,54551,11,262204,55,1871943,1728,2134147,1783,2,4334,-1,429,61,286804,4,9926,4652,"East TN",2455501,14.9867583030917,0.0278842802370164,72.6124729739471,2.52494297497741,17.4709763913759,2.78842802370164
2021-06-19,291595,28,237033,17,54562,11,262222,18,1873094,1151,2135316,1169,0,4334,-16,413,44,286848,5,9931,4654,"East TN",2455501,14.9460334163985,0.0268826619964974,47.6073925443321,1.14029682740915,16.819378204285,2.68826619964974
2021-06-20,291620,25,237054,21,54566,4,262239,17,1873848,754,2136087,771,3,4337,-13,400,35,286883,2,9933,4657,"East TN",2455501,15.2311076232508,0.0267502427827315,31.3988876404449,1.0181221673296,16.2899546772736,2.67502427827315
2021-06-21,291687,67,237094,40,54593,27,262291,52,1875119,1271,2137410,1323,6,4343,3,403,58,286941,2,9935,4659,"East TN",2455501,15.8012560369554,0.0276505811905601,53.8790250950824,2.72856740844333,16.4121293373532,2.76505811905601
2021-06-22,291780,93,237140,46,54640,47,262342,51,1876546,1427,2138888,1478,5,4348,36,439,52,286993,7,9942,4663,"East TN",2455501,16.0048804704213,0.0254970544918999,60.1913825325259,3.78741446246611,17.8782252583078,2.54970544918999
2021-06-23,291849,69,237188,48,54661,21,262397,55,1878335,1789,2140732,1844,2,4350,6,445,61,287054,5,9947,4667,"East TN",2455501,16.0863302438077,0.0273132664437012,75.0966910622313,2.8100171818297,18.1225745784669,2.73132664437012
2021-06-24,291932,83,237240,52,54692,31,262459,62,1880179,1844,2142638,1906,3,4353,27,472,53,287107,6,9953,4668,"East TN",2455501,17.3895266179896,0.0301732528713257,77.6216340372087,3.38016559553427,19.2221465191828,3.01732528713257
2021-06-25,292011,79,237296,56,54715,23,262528,69,1881985,1806,2144513,1875,0,4353,32,504,47,287154,3,9956,4670,"East TN",2455501,18.0818496917737,0.0312560293266448,76.35916254972,3.21726604876154,20.5253428933647,3.12560293266448
2021-06-26,292046,35,237314,18,54732,17,262549,21,1883169,1184,2145718,1205,0,4353,1,505,34,287188,2,9958,4672,"East TN",2455501,18.366923898626,0.0314362622572582,49.0734884652867,1.42537103426144,20.5660677800579,3.14362622572582
2021-06-27,292075,29,237334,20,54741,9,262573,24,1883883,714,2146456,738,2,4355,-9,496,36,287224,3,9961,4674,"East TN",2455501,18.5298234453987,0.0322113993634873,30.0549663795698,1.18102171410234,20.1995437998193,3.22113993634873
2021-06-28,292119,44,237358,24,54761,20,262598,25,1884435,552,2147033,577,4,4359,-15,481,55,287279,3,9964,4674,"East TN",2455501,17.5931510514555,0.0319027330354359,23.4982596219672,1.7918950145001,19.5886704994215,3.19027330354359
2021-06-29,292250,131,237444,86,54806,45,262695,97,1886449,2014,2149144,2111,0,4359,79,560,52,287331,7,9971,4677,"East TN",2455501,19.1406967457965,0.0344188767550702,85.9702358093114,5.3349601568071,22.805936548183,3.44188767550702
2021-06-30,292335,85,237507,63,54828,22,262770,75,1888093,1644,2150863,1719,3,4362,29,589,53,287384,4,9975,4677,"East TN",2455501,19.7922949328874,0.0368176882834863,70.0060802255833,3.46161536892064,23.9869582622854,3.68176882834863
2021-07-01,292441,106,237560,53,54881,53,262835,65,1890645,2552,2153480,2617,1,4363,56,645,49,287433,2,9977,4680,"East TN",2455501,20.7289673268307,0.0346799483490131,106.577028476063,4.3168379894775,26.2675519171037,3.46799483490131
2021-07-02,292523,82,237623,63,54900,19,262909,74,1892327,1682,2155236,1756,0,4363,32,677,50,287483,3,9980,4682,"East TN",2455501,20.8511419869102,0.035531101370885,71.5129010332311,3.33944070884109,27.5707482912856,3.5531101370885
2021-07-03,292571,48,237659,36,54912,12,262949,40,1893416,1089,2156365,1129,1,4364,1,678,46,287529,3,9983,4685,"East TN",2455501,21.3805655139216,0.0375692683384991,45.9783970766047,1.95479456127283,27.6114731779788,3.75692683384991
2021-07-04,292598,27,237680,21,54918,6,262974,25,1894116,700,2157090,725,0,4364,-13,665,40,287569,1,9984,4686,"East TN",2455501,21.2991157405352,0.0377092345307504,29.5255428525584,1.09957194071597,27.0820496509674,3.77092345307504
2021-07-05,292641,43,237704,24,54937,19,262999,25,1894598,482,2157597,507,0,4364,-30,635,73,287642,2,9986,4687,"East TN",2455501,21.258390853842,0.0379591063990913,20.6475175534443,1.75117012780691,25.8603030501718,3.79591063990913
2021-07-06,292803,162,237808,104,54995,58,263112,113,1895923,1325,2159035,1438,5,4369,82,717,75,287717,6,9992,4687,"East TN",2455501,22.5208623413308,0.0421595389748256,58.5623870647986,6.59743164429581,29.1997437590129,4.21595389748256
2021-07-07,292945,142,237888,80,55057,62,263200,88,1897382,1459,2160582,1547,4,4373,81,798,57,287774,6,9998,4689,"East TN",2455501,24.8421808828422,0.04424323490071,63.0013997143556,5.78293391043213,32.4984595811608,4.42432349007099
2021-07-08,293085,140,237990,102,55095,38,263317,117,1899236,1854,2162553,1971,2,4375,76,874,62,287836,3,10001,4691,"East TN",2455501,26.2268270304105,0.0531246555714758,80.2687516722657,5.70148413704576,35.5935509698428,5.31246555714758
2021-07-09,293249,164,238112,122,55137,42,263448,131,1900981,1745,2164429,1876,0,4375,100,974,64,287900,4,10005,4693,"East TN",2455501,29.5662677392516,0.0586315674970086,76.3998874364132,6.67888141768218,39.6660396391612,5.86315674970086
2021-07-10,293353,104,238185,73,55168,31,263522,74,1902037,1056,2165559,1130,0,4375,56,1030,48,287948,13,10018,4694,"East TN",2455501,31.8468613940699,0.0623232542962802,46.0191219632979,4.23538821609114,41.9466332939795,6.23232542962802
2021-07-11,293401,48,238220,35,55181,13,263565,43,1902792,755,2166357,798,2,4377,4,1034,42,287990,7,10025,4694,"East TN",2455501,32.7020840146267,0.0637746843638718,32.4984595811608,1.95479456127283,42.1095328407523,6.37746843638718
2021-07-12,293574,173,238337,117,55237,56,263690,125,1904158,1366,2167848,1491,1,4378,93,1127,79,288069,14,10039,4695,"East TN",2455501,37.9963192847407,0.0674080577504634,60.7208060595373,7.04540539792083,45.8969473032184,6.74080577504634
2021-07-13,293788,214,238474,137,55314,77,263835,145,1905780,1622,2169615,1767,4,4382,149,1276,61,288130,17,10056,4699,"East TN",2455501,40.1140133927862,0.0683364839319471,71.9608747868561,8.71512575234138,51.9649554205028,6.83364839319471
2021-07-14,293961,173,238610,136,55351,37,263977,142,1907342,1562,2171319,1704,0,4382,103,1379,70,288200,12,10068,4700,"East TN",2455501,41.3764848802749,0.0723665828443699,69.3952069251855,7.04540539792083,56.1596187499007,7.23665828443699
2021-07-15,294181,220,238760,150,55421,70,264144,167,1909143,1801,2173287,1968,0,4382,118,1497,102,288302,15,10083,4700,"East TN",2455501,44.6344758157297,0.0770449040432271,80.1465770121861,8.95947507250048,60.9651553796964,7.70449040432271
2021-07-16,294411,230,238902,142,55509,88,264298,154,1910672,1529,2174970,1683,0,4382,164,1661,66,288368,10,10093,4704,"East TN",2455501,47.3223183374798,0.0806375106726117,68.5399843046287,9.36672393943232,67.6440367973786,8.06375106726117
2021-07-17,294555,144,239002,100,55553,44,264408,110,1911890,1218,2176298,1328,0,4382,54,1715,90,288458,5,10098,4706,"East TN",2455501,48.9513138052072,0.0825030263525468,54.0826495285484,5.8643836838185,69.8431806788106,8.25030263525468
2021-07-18,294699,144,239123,121,55576,23,264540,132,1913016,1126,2177556,1258,0,4382,50,1765,94,288552,6,10104,4708,"East TN",2455501,52.8609029277528,0.0870613447629253,51.2319074600255,5.8643836838185,71.8794250134698,8.70613447629253
2021-07-19,295002,303,239334,211,55668,92,264756,216,1914706,1690,2179462,1906,3,4385,165,1930,135,288687,14,10118,4709,"East TN",2455501,58.1551381978667,0.0917857757878423,77.6216340372087,12.3396406680348,78.5990313178451,9.17857757878423
2021-07-20,295358,356,239572,238,55786,118,265010,254,1916366,1660,2181376,1914,2,4387,213,2143,141,288828,22,10140,4711,"East TN",2455501,63.9380721082989,0.0999064705382195,77.9474331307542,14.4980596627735,87.2734321834933,9.99064705382195
2021-07-21,295759,401,239865,293,55894,108,265320,310,1918482,2116,2183802,2426,3,4390,247,2390,151,288979,28,10168,4715,"East TN",2455501,73.2233462743448,0.107586317391653,98.7985751176644,16.3306795639668,97.3324791967098,10.7586317391653
2021-07-22,296233,474,240198,333,56035,141,265687,367,1920851,2369,2186538,2736,5,4395,321,2711,148,289127,21,10189,4718,"East TN",2455501,83.5674674944136,0.116444041959097,111.423289992551,19.3035962925692,110.405167825222,11.6444041959097
2021-07-23,296694,461,240518,320,56176,141,266020,333,1922754,1903,2188774,2236,1,4396,328,3039,132,289259,27,10216,4724,"East TN",2455501,92.9749163205391,0.12474645030426,91.0608466459594,18.7741727655578,123.762930660586,12.474645030426
2021-07-24,297052,358,240767,249,56285,109,266285,265,1924505,1751,2190790,2016,0,4396,226,3265,132,289391,21,10237,4728,"East TN",2455501,101.69004207288,0.129519735026221,82.1013715734589,14.5795094361599,132.966755053246,12.9519735026221
2021-07-25,297280,228,240957,190,56323,38,266488,203,1925820,1315,2192308,1518,3,4399,97,3362,128,289519,17,10254,4733,"East TN",2455501,105.110932555108,0.13204989154013,61.8203780002533,9.28527416604595,136.917069062485,13.204989154013
2021-07-26,297947,667,241418,461,56529,206,266974,486,1927549,1729,2194523,2215,10,4409,448,3810,209,289728,36,10290,4737,"East TN",2455501,119.934791311427,0.147267777704004,90.2056240254026,27.1634994243537,155.161818301031,14.7267777704004
2021-07-27,298674,727,241908,490,56766,237,267489,515,1929870,2321,2197359,2836,2,4411,534,4344,191,289919,28,10318,4743,"East TN",2455501,135.043724274598,0.155102296189702,115.49577866187,29.6069926259448,176.908907795191,15.5102296189702
2021-07-28,299492,818,242455,547,57037,271,268102,613,1932737,2867,2200839,3480,2,4413,558,4902,258,290177,37,10355,4746,"East TN",2455501,152.026002025656,0.163291659329694,141.72260569228,33.3129573150245,199.633394569988,16.3291659329694
2021-07-29,300180,688,242910,455,57270,233,268598,496,1935165,2428,2203763,2924,3,4416,474,5376,211,290388,23,10378,4750,"East TN",2455501,160.741127777997,0.16899854862119,119.07956869087,28.0187220449106,218.936990862557,16.899854862119
2021-07-30,301178,998,243658,748,57520,250,269400,802,1936968,1803,2206368,2605,4,4420,750,6126,244,290632,41,10419,4755,"East TN",2455501,182.610391932237,0.192110946913721,106.088329835744,40.6434369197976,249.480655882445,19.2110946913721
2021-07-31,301713,535,244023,365,57690,170,269796,396,1938938,1970,2208734,2366,2,4422,319,6445,214,290846,32,10451,4765,"East TN",2455501,189.818696876931,0.195664288898796,96.3550819160733,21.7878143808534,262.471894737571,19.5664288898796
2021-08-01,302247,534,244445,422,57802,112,270257,461,1941076,2138,2211333,2599,3,4425,322,6767,209,291055,28,10479,4769,"East TN",2455501,202.280512205045,0.198107752956636,105.843980515585,21.7470894941603,275.585308252776,19.8107752956636
2021-08-02,303097,850,244982,537,58115,313,270793,536,1943411,2335,2214204,2871,9,4434,416,7183,425,291480,32,10511,4778,"East TN",2455501,209.733166469898,0.194045018037701,116.921149696131,34.6161536892064,292.526861117141,19.4045018037701
2021-08-03,304435,1338,245950,968,58485,370,271808,1015,1947186,3775,2218994,4790,4,4438,897,8080,437,291917,40,10551,4788,"East TN",2455501,234.616072239433,0.199630228795933,195.072207260351,54.4898983954802,329.057084480927,19.9630228795933
2021-08-04,305521,1086,246783,833,58738,253,272694,886,1950805,3619,2223499,4505,8,4446,646,8726,432,292349,40,10591,4794,"East TN",2455501,245.530341873206,0.202647837599294,183.465614552794,44.2272269487978,355.365361284724,20.2647837599294
2021-08-05,306699,1178,247672,889,59027,289,273645,951,1954771,3966,2228416,4917,10,4456,665,9391,503,292852,43,10634,4801,"East TN",2455501,265.485536352866,0.204721534904474,200.244267870386,47.9739165245707,382.447410935691,20.4721534904474
2021-08-06,308038,1339,248659,987,59379,352,274728,1083,1959399,4628,2234127,5711,3,4459,908,10299,428,293280,52,10686,4814,"East TN",2455501,279.372722715242,0.191937749918945,232.579827904774,54.5306232821734,419.425608053102,19.1937749918945
2021-08-07,308762,724,249183,524,59579,200,275312,584,1962401,3002,2237713,3586,0,4459,326,10625,398,293678,28,10714,4823,"East TN",2455501,287.069726300254,0.190344732392422,146.039443681758,29.4848179658652,432.70192111508,19.0344732392422
2021-08-08,309398,636,249634,451,59764,185,275838,526,1964516,2115,2240354,2641,5,4464,220,10845,411,294089,29,10743,4833,"East TN",2455501,291.223664742959,0.192309017607939,107.554425756699,25.901027936865,441.66139618758,19.2309017607939
2021-08-09,310767,1369,250594,960,60173,409,276845,1007,1968054,3538,2244899,4545,13,4477,572,11417,784,294873,66,10809,4845,"East TN",2455501,312.359880936721,0.197165662159961,185.094610020521,55.7523698829689,464.956031376082,19.7165662159961
2021-08-10,312094,1327,251443,849,60651,478,277762,917,1971306,3252,2249068,4169,6,4483,550,11967,771,295644,48,10857,4859,"East TN",2455501,311.911907183096,0.197978320143646,169.782052623884,54.0419246418552,487.354719057333,19.7978320143646
2021-08-11,313981,1887,252747,1304,61234,583,279146,1384,1976662,5356,2255808,6740,8,4491,1063,13030,816,296460,63,10920,4879,"East TN",2455501,344.532541424337,0.199696678943948,274.48573631206,76.8478611900382,530.645273612187,19.9696678943948
2021-08-12,315443,1462,253810,1063,61633,399,280308,1162,1981144,4482,2261452,5644,10,4501,586,13616,866,297326,45,10965,4893,"East TN",2455501,356.098409245201,0.201689066472939,229.85126049633,59.539784345435,554.510057214393,20.1689066472939
2021-08-13,317090,1647,254928,1118,62162,529,281482,1174,1986563,5419,2268045,6593,11,4512,794,14410,842,298168,30,10995,4917,"East TN",2455501,368.641674346702,0.199127307034613,268.499177968162,67.073888383674,586.845617248781,19.9127307034613
2021-08-14,318621,1531,256017,1089,62604,442,282682,1200,1992038,5475,2274720,6675,1,4513,912,15322,618,298786,27,11022,4931,"East TN",2455501,401.506657908101,0.199151511876132,271.838618677003,62.3498015272647,623.986713912965,19.9151511876132
2021-08-15,319765,1144,256981,964,62784,180,283739,1057,1995847,3809,2279586,4866,11,4524,425,15747,708,299494,20,11042,4944,"East TN",2455501,422.194900348238,0.201391721044046,198.167298649033,46.5892703770025,641.294790757568,20.1391721044046
2021-08-16,321206,1441,257897,916,63309,525,284701,962,1998907,3060,2283608,4022,17,4541,178,15925,1246,300740,28,11070,4962,"East TN",2455501,425.127092190148,0.202950218295487,163.795494279986,58.6845617248781,648.543820588955,20.2950218295487
2021-08-17,322943,1737,259112,1215,63831,522,286022,1321,2003766,4859,2289788,6180,10,4551,511,16436,1216,301956,25,11095,4979,"East TN",2455501,441.824295734353,0.202848722986248,251.679799763877,70.7391281860606,669.354237689172,20.2848722986248
2021-08-18,325034,2091,260498,1386,64536,705,287501,1479,2009186,5420,2296687,6899,13,4564,930,17366,1148,303104,32,11127,4994,"East TN",2455501,450.132172619763,0.20438366887644,280.960993296276,85.1557380754477,707.228382313833,20.438366887644
2021-08-19,327425,2391,261992,1494,65433,897,289079,1578,2019138,9952,2308217,11530,23,4587,1118,18484,1250,304354,43,11170,5015,"East TN",2455501,487.965592357731,0.18755479525286,469.557943572411,97.3732040834029,752.758805636813,18.755479525286
2021-08-20,329880,2455,263970,1978,65910,477,291189,2110,2026032,6894,2317221,9004,4,4591,1271,19755,1180,305534,37,11207,5048,"East TN",2455501,520.871300805823,0.197393037253945,366.686879785429,99.9795968317667,804.52013662385,19.7393037253945
2021-08-21,332802,2922,265936,1966,66866,956,293306,2117,2034961,8929,2328267,11046,0,4591,2166,21921,756,306290,57,11264,5072,"East TN",2455501,577.519618196042,0.198405139410238,449.84709841291,118.998118917484,892.730241201287,19.8405139410238
2021-08-22,334287,1485,267277,1341,67010,144,294822,1516,2040473,5512,2335295,7028,7,4598,546,22467,932,307222,17,11281,5091,"East TN",2455501,591.406804558418,0.198944515248883,286.214503679697,60.4764567393782,914.966029335765,19.8944515248883
2021-08-23,336236,1949,268405,1128,67831,821,296010,1188,2044441,3968,2340451,5156,18,4616,185,22652,1746,308968,38,11319,5112,"East TN",2455501,612.095046998556,0.19895149798568,209.977515790057,79.3728041650156,922.500133374004,19.895149798568
2021-08-24,338219,1983,269793,1388,68426,595,297448,1438,2048220,3779,2345668,5217,15,4631,143,22795,1825,310793,25,11344,5150,"East TN",2455501,622.113369125079,0.204473872584109,212.461733878341,80.7574503125839,928.323792171129,20.4473872584109
2021-08-25,340446,2227,271004,1211,69442,1016,298695,1247,2052256,4036,2350951,5283,17,4648,613,23408,1597,312390,39,11383,5188,"East TN",2455501,627.651953715352,0.206287778269202,215.149576400091,90.6943226657208,953.288147714051,20.6287778269202
2021-08-26,343104,2658,272839,1835,70265,823,300657,1962,2059100,6844,2359757,8806,24,4672,740,24148,1894,314284,40,11423,5218,"East TN",2455501,638.525498462432,0.224641055490881,358.623352220178,108.246748830483,983.424563867007,22.4641055490881
2021-08-27,346113,3009,275113,2274,71000,735,303027,2370,2066169,7069,2369196,9439,19,4691,1305,25453,1685,315969,44,11467,5239,"East TN",2455501,661.087085690456,0.227763347763348,384.402205496964,122.541184059791,1036.57054100161,22.7763347763348
2021-08-28,348257,2144,276653,1540,71604,604,304699,1672,2072035,5866,2376734,7538,1,4692,919,26372,1224,317193,33,11500,5273,"East TN",2455501,629.403123843159,0.235067159097943,306.984195893221,87.3141570701865,1073.99671187265,23.5067159097943
2021-08-29,350593,2336,278480,1827,72113,509,306719,2020,2079029,6994,2385748,9014,9,4701,1071,27443,1256,318449,45,11545,5304,"East TN",2455501,664.060002419058,0.235803619209958,367.094128652361,95.1333353152778,1117.61306552105,23.5803619209958
2021-08-30,353836,3243,280895,2415,72941,828,309325,2606,2088071,9042,2397396,11648,21,4722,478,27921,2744,321193,70,11615,5344,"East TN",2455501,716.758005800038,0.233822109052595,474.363480202207,132.070807545996,1137.07956136039,23.3822109052595
2021-08-31,357423,3587,283303,2408,74120,1179,311936,2611,2096658,8587,2408594,11198,7,4729,912,28833,2668,323861,79,11694,5379,"East TN",2455501,782.080724055906,0.230238693068048,456.037281190274,146.080168568451,1174.22065802457,23.0238693068048
2021-09-01,358858,1435,284254,951,74604,484,312925,989,2098941,2283,2411866,3272,15,4744,-965,27868,2385,326246,31,11725,5421,"East TN",2455501,749.826613794904,0.233604202577362,133.251829260098,58.440212404719,1134.92114236565,23.3604202577362
2021-09-02,361173,2315,285747,1493,75426,822,314441,1516,2103203,4262,2417644,5778,19,4763,-583,27285,2879,329125,44,11769,5451,"East TN",2455501,735.857977659142,0.23811909409712,235.308395313217,94.278112694721,1111.17853342353,23.811909409712
2021-09-03,362928,1755,286971,1224,75957,531,315735,1294,2107309,4106,2423044,5400,17,4780,-1005,26280,2743,331868,32,11801,5480,"East TN",2455501,684.788969745889,0.235997622938642,219.914388143194,71.4721761465379,1070.25002229688,23.5997622938642
2021-09-04,366190,3262,289316,2345,76874,917,318311,2576,2115357,8048,2433668,10624,3,4783,1514,27794,1745,333613,56,11857,5511,"East TN",2455501,730.319393068869,0.239083851477149,432.661196228387,132.844580393166,1131.90750075036,23.9083851477149
2021-09-05,370647,4457,292570,3254,78077,1203,321797,3486,2127867,12510,2449664,15996,8,4791,2732,30526,1717,335330,58,11915,5565,"East TN",2455501,816.696877745112,0.235903373177295,651.435287544171,181.510819991521,1243.16789119613,23.5903373177295
2021-09-06,375560,4913,296509,3939,79051,974,326087,4290,2143505,15638,2469592,19928,11,4802,963,31489,3939,339269,102,12017,5601,"East TN",2455501,884.707438522729,0.232173527619259,811.565542021771,200.081368323613,1282.38595708167,23.2173527619259
2021-09-07,377642,2082,297967,1458,79675,624,327605,1518,2147931,4426,2475536,5944,34,4836,-1813,29676,3861,343130,64,12081,5633,"East TN",2455501,823.416484049487,0.234068297929551,242.068726504286,84.7892140952091,1208.55173750693,23.4068297929551
2021-09-08,379316,1674,299143,1176,80173,498,328866,1261,2152311,4380,2481177,5641,20,4856,-1782,27894,3436,346566,60,12141,5674,"East TN",2455501,833.149731969158,0.229992353306113,229.729085836251,68.17346032439,1135.97998941967,22.9992353306113
2021-09-09,381226,1910,300149,1006,81077,904,329945,1079,2155977,3666,2485922,4745,7,4863,-1605,26289,3508,350074,55,12196,5714,"East TN",2455501,816.656152858419,0.227071677553531,193.239587359158,77.7845335839814,1070.61654627711,22.7071677553531
2021-09-10,386719,5493,303990,3841,82729,1652,334080,4135,2168083,12106,2502163,16241,23,4886,2261,28550,3209,353283,144,12340,5749,"East TN",2455501,968.88577931754,0.231865923482349,661.412884784001,223.70180260566,1162.6955150904,23.1865923482349
2021-09-11,391002,4283,307101,3111,83901,1172,337398,3318,2179903,11820,2517301,15138,8,4894,2504,31054,1771,355054,119,12459,5793,"East TN",2455501,1010.46588863128,0.228223308980905,616.493334761419,174.424689706907,1264.67063137014,22.8223308980905
2021-09-12,392581,1579,308524,1423,84057,156,338952,1554,2185147,5244,2524099,6798,23,4917,-133,30921,1689,356743,49,12508,5837,"East TN",2455501,893.259664728298,0.23046953718009,276.847779740265,64.3045960885375,1259.25422143994,23.046953718009
2021-09-13,394934,2353,309979,1455,84955,898,340457,1505,2190270,5123,2530727,6628,63,4980,-1938,28983,4228,360971,84,12592,5887,"East TN",2455501,789.003954793747,0.235053569968103,269.924549002424,95.8256583890619,1180.32939102855,23.5053569968103
2021-09-14,397747,2813,311934,1955,85813,858,342532,2075,2196492,6222,2539024,8297,43,5023,-938,28045,3708,364679,63,12655,5930,"East TN",2455501,818.773846966464,0.235115297379032,337.894384893348,114.559106267927,1142.12944731035,23.5115297379032
2021-09-15,399540,1793,313130,1196,86410,597,343747,1215,2200267,3775,2544014,4990,23,5046,-1553,26492,3323,368002,36,12691,5969,"East TN",2455501,823.620108482953,0.236819071566116,203.217184598988,73.0197218408789,1078.88369827583,23.6819071566116
2021-09-16,402186,2646,314982,1852,87204,794,345704,1957,2206926,6659,2552630,8616,23,5069,-554,25938,3177,371179,65,12756,6006,"East TN",2455501,853.593625089137,0.236238532110092,350.885623748473,107.758050190165,1056.32211104781,23.6238532110092
2021-09-17,404869,2683,316858,1876,88011,807,347709,2005,2214130,7204,2561839,9209,23,5092,-54,25884,2714,373893,83,12839,6061,"East TN",2455501,739.15669348129,0.228383269656143,375.035481557531,109.264870997813,1054.12296716637,22.8383269656143
2021-09-18,406323,1454,318037,1179,88286,275,349046,1337,2219602,5472,2568648,6809,3,5095,-283,25601,1734,375627,39,12878,6119,"East TN",2455501,623.945989026272,0.226848696126356,277.29575349389,59.2139852518895,1042.5978242322,22.6848696126356
2021-09-19,406966,643,318483,446,88483,197,349559,513,2221679,2077,2571238,2590,17,5112,-1072,24529,1698,377325,24,12902,6162,"East TN",2455501,585.827495081452,0.225015380046246,105.477456535347,26.1861021437173,998.94074569711,22.5015380046246
2021-09-20,408947,1981,319739,1256,89208,725,350930,1371,2227316,5637,2578246,7008,48,5160,177,24706,1756,379081,70,12972,6206,"East TN",2455501,570.677837231587,0.220396052105474,285.400005945833,80.6760005391975,1006.1490506418,22.0396052105474
2021-09-21,410819,1872,320841,1102,89978,770,352070,1140,2231621,4305,2583691,5445,31,5191,-2038,22668,3879,382960,61,13033,6253,"East TN",2455501,532.355718853301,0.213535719882687,221.747008044387,76.2369878896404,923.151731561095,21.3535719882687
2021-09-22,412410,1591,321957,1116,90453,475,353291,1221,2236979,5358,2590270,6579,14,5205,-1346,21322,2923,385883,45,13078,6291,"East TN",2455501,524.129291741278,0.206329989622968,267.929029554458,64.7932947288557,868.336034072069,20.6329989622968
2021-09-23,414759,2349,323465,1508,91294,841,354954,1663,2243335,6356,2598289,8019,32,5237,-388,20934,2705,388588,59,13137,6329,"East TN",2455501,512.034000393402,0.202588755776517,326.572866392642,95.6627588422892,852.534778035114,20.2588755776517
2021-09-24,416298,1539,324448,983,91850,556,356053,1099,2248217,4882,2604270,5981,37,5274,-913,20021,2415,391003,40,13177,6378,"East TN",2455501,465.4447300164,0.196648676675072,243.575547311933,62.6756006208102,815.352956484237,19.6648676675072
2021-09-25,416995,697,324936,488,92059,209,356615,562,2251239,3022,2607854,3584,2,5276,-912,19109,1607,392610,21,13198,6419,"East TN",2455501,434.61599078966,0.193057185124726,145.957993908371,28.3852460251492,778.211859820053,19.3057185124726
2021-09-26,417856,861,325564,628,92292,233,357338,723,2255216,3977,2612554,4700,6,5282,-431,18678,1286,393896,26,13224,6455,"East TN",2455501,443.494016088774,0.188280569270985,191.406967457965,35.0641274428314,760.659433655291,18.8280569270985
2021-09-27,419316,1460,326396,832,92920,628,358260,922,2258807,3591,2617067,4513,46,5328,-1370,17308,2784,396680,45,13269,6488,"East TN",2455501,422.276350121625,0.188815331907988,183.791413646339,59.4583345720486,704.866338885629,18.8815331907988
2021-09-28,420610,1294,327185,789,93425,505,359123,863,2262469,3662,2621592,4525,14,5342,-1018,16290,2298,398978,34,13303,6524,"East TN",2455501,398.737365612965,0.186090076778977,184.280112286658,52.6980033809801,663.408404231967,18.6090076778977
2021-09-29,422285,1675,328195,1010,94090,665,360261,1138,2267967,5498,2628228,6636,30,5372,-383,15907,2028,401006,50,13353,6568,"East TN",2455501,402.158256095192,0.183624005479741,270.250348095969,68.2141852110832,647.810772628478,18.3624005479741
2021-09-30,423494,1209,328955,760,94539,449,361080,819,2272639,4672,2633719,5491,11,5383,-786,15121,1984,402990,40,13393,6603,"East TN",2455501,355.731885264962,0.172904318374259,223.620352832273,49.2363880120595,615.801011687635,17.2904318374259
2021-10-01,424867,1373,329930,975,94937,398,362155,1075,2277612,4973,2639767,6048,14,5397,-298,14823,1657,404647,48,13441,6632,"East TN",2455501,348.971554073894,0.171901850860636,246.304114720377,55.9152694297416,603.664995453066,17.1901850860636
2021-10-02,425421,554,330282,352,95139,202,362550,395,2280282,2670,2642832,3065,11,5408,-469,14354,1012,405659,19,13460,6670,"East TN",2455501,343.147895276768,0.169678083366688,124.821777714609,22.5615872280239,584.565023593963,16.9678083366688
2021-10-03,425960,539,330747,465,95213,74,363074,524,2283374,3092,2646448,3616,13,5421,-347,14007,873,406532,15,13475,6703,"East TN",2455501,330.034481761563,0.169233492653567,147.261190282553,21.9507139276262,570.433487911428,16.9233492653567
2021-10-04,427310,1350,331605,858,95705,492,364014,940,2287511,4137,2651525,5077,22,5443,-607,13400,1935,408467,29,13504,6726,"East TN",2455501,325.554744225313,0.166985895873237,206.760249741295,54.9785970357984,545.713481688666,16.6985895873237
2021-10-05,428574,1264,332361,756,96213,508,364829,815,2291973,4462,2656802,5277,17,5460,-450,12950,1697,410164,40,13544,6766,"East TN",2455501,324.332997624517,0.162056234024425,214.905227079932,51.4762567801846,527.387282676733,16.2056234024425
2021-10-06,429511,937,333068,707,96443,230,365609,780,2296394,4421,2662003,5201,18,5478,-407,12543,1326,411490,26,13570,6801,"East TN",2455501,294.278031244948,0.158341968911917,211.81013569125,38.1592188315134,510.812253792607,15.8341968911917
2021-10-07,430628,1117,333861,793,96767,324,366467,858,2301177,4783,2667644,5641,24,5502,-381,12162,1474,412964,26,13596,6831,"East TN",2455501,290.531341669175,0.158791451731761,229.729085836251,45.4896984362865,495.296071962504,15.8791451731761
2021-10-08,431682,1054,334448,587,97234,467,367110,643,2305424,4247,2672534,4890,9,5511,-131,12031,1176,414140,31,13627,6852,"East TN",2455501,277.540102814049,0.151219214453566,199.14469592967,42.9240305746159,489.961111805697,15.1219214453566
2021-10-09,432223,541,334803,355,97420,186,367527,417,2308233,2809,2675760,3226,4,5515,-295,11736,832,414972,32,13659,6881,"East TN",2455501,277.010679287038,0.151147959183673,131.378484472212,22.0321637010125,477.947270231207,15.1147959183673
2021-10-10,432543,320,335071,268,97472,52,367837,310,2310465,2232,2678302,2542,6,5521,-525,11211,839,415811,16,13675,6904,"East TN",2455501,268.09192910123,0.149525962202549,103.522661974074,13.0319637418189,456.566704717286,14.9525962202549
2021-10-11,433762,1219,335608,537,98154,682,368385,548,2313911,3446,2682296,3994,52,5573,-276,10935,1443,417254,33,13708,6918,"East TN",2455501,262.756968944423,0.142049332163401,162.655197452577,49.6436368789913,445.326635989967,14.2049332163401
2021-10-12,434697,935,336245,637,98452,298,369390,1005,2317555,3644,2686945,4649,29,5602,-366,10569,1272,418526,32,13740,6952,"East TN",2455501,249.358481222366,0.151312079089673,189.329998236612,38.077769058127,430.421327460262,15.1312079089673
2021-10-13,435544,847,336794,549,98750,298,370040,650,2321420,3865,2691460,4515,25,5627,-402,10167,1224,419750,37,13777,6975,"East TN",2455501,245.693241419979,0.150422649964355,183.872863419726,34.4939790291268,414.049923009602,15.0422649964355
2021-10-14,436493,949,337447,653,99046,296,370761,721,2325423,4003,2696184,4724,31,5658,-170,9997,1088,420838,33,13810,7007,"East TN",2455501,238.851460455524,0.150455501051156,192.384364738601,38.6479174718316,407.12669227176,15.0455501051156
2021-10-15,437295,802,337959,512,99336,290,371337,576,2329317,3894,2700654,4470,24,5682,-300,9697,1078,421916,30,13840,7032,"East TN",2455501,228.588789008842,0.150320056899004,182.040243518532,32.6613591279336,394.909226263805,15.0320056899004
2021-10-16,437602,307,338198,239,99404,68,371608,271,2331547,2230,2703155,2501,7,5689,-375,9322,675,422591,12,13852,7047,"East TN",2455501,219.059165522637,0.148968789925169,101.852941619653,12.5025402148075,379.637393753861,14.8968789925169
2021-10-17,437854,252,338408,210,99446,42,371856,248,2333210,1663,2705066,1911,7,5696,-452,8870,697,423288,14,13866,7063,"East TN",2455501,216.2898732275,0.150164399940218,77.8252584706746,10.2626714466824,361.229744968542,15.0164399940218
2021-10-18,438641,787,338875,467,99766,320,372372,516,2336401,3191,2708773,3707,23,5719,-468,8402,1232,424520,37,13903,7084,"East TN",2455501,198.696722176045,0.150583525323866,150.967154971633,32.0504858275358,342.170497996132,15.0583525323866
2021-10-19,439472,831,339316,441,100156,390,372846,474,2339729,3328,2712575,3802,25,5744,-273,8129,1079,425599,23,13926,7100,"East TN",2455501,194.461333959954,0.134841982052282,154.836019207486,33.8423808420359,331.052603928893,13.4841982052282
2021-10-20,440236,764,339806,490,100430,274,373387,541,2343750,4021,2717137,4562,15,5759,-210,7919,959,426558,21,13947,7119,"East TN",2455501,191.081168364419,0.130350118783347,185.786933094305,31.1138134335926,322.500377723324,13.0350118783347
2021-10-21,440865,629,340229,423,100636,206,373857,470,2347387,3637,2721244,4107,17,5776,-244,7675,856,427414,21,13968,7137,"East TN",2455501,178.0492046226,0.123543495610535,167.257109648907,25.6159537300127,312.563505370187,12.3543495610535
2021-10-22,441410,545,340569,340,100841,205,374243,386,2350491,3104,2724734,3490,6,5782,-318,7357,857,428271,18,13986,7155,"East TN",2455501,167.582908742452,0.120681063122924,142.129854559212,22.1950632477853,299.612991401755,12.0681063122924
2021-10-23,441767,357,340813,244,100954,113,374516,273,2352876,2385,2727392,2658,0,5782,-197,7160,554,428825,15,14001,7175,"East TN",2455501,169.619153077111,0.119981845938029,108.246748830483,14.5387845494667,291.590188723197,11.9981845938029
2021-10-24,442010,243,340975,162,101035,81,374712,196,2354773,1897,2729485,2093,7,5789,-304,6856,540,429365,14,14015,7187,"East TN",2455501,169.252629096873,0.116958106392563,85.2371878488341,9.89614746644371,279.209823168469,11.6958106392563
2021-10-25,442432,422,341223,248,101209,174,374983,271,2357204,2431,2732187,2702,28,5817,-486,6370,880,430245,21,14036,7198,"East TN",2455501,154.388045453861,0.111514478517127,110.038643844983,17.1859021845236,259.417528235582,11.1514478517127
2021-10-26,442958,526,341552,329,101406,197,375321,338,2359844,2640,2735165,2978,12,5829,-231,6139,745,430990,28,14064,7209,"East TN",2455501,141.966955012439,0.109561752988048,121.278712572302,21.4212904006148,250.010079409457,10.9561752988048
2021-10-27,443578,620,341947,395,101631,225,375745,424,2364041,4197,2739786,4621,10,5839,-88,6051,698,431688,21,14085,7230,"East TN",2455501,136.102571328621,0.104110556757473,188.189701409203,25.2494297497741,246.426289380456,10.4110556757473
2021-10-28,443994,416,342202,255,101792,161,376036,291,2366838,2797,2742874,3088,16,5855,-196,5855,596,432284,15,14100,7245,"East TN",2455501,127.428170462973,0.100739713361073,125.758450108552,16.9415528643645,238.444211588592,10.0739713361073
2021-10-29,444454,460,342507,305,101947,155,376369,333,2370356,3518,2746725,3851,4,5859,-154,5701,610,432894,10,14110,7262,"East TN",2455501,123.966555094052,0.0966759128734482,156.831538655452,18.7334478788646,232.172579037842,9.66759128734482
2021-10-30,444717,263,342709,202,102008,61,376598,229,2372930,2574,2749528,2803,0,5859,-149,5552,412,433306,16,14126,7276,"East TN",2455501,120.138415744893,0.0940549331405855,114.151857400995,10.7106452003074,226.104570920558,9.40549331405855
2021-10-31,444888,171,342836,127,102052,44,376744,146,2374555,1625,2751299,1771,0,5859,-224,5328,395,433701,5,14131,7287,"East TN",2455501,117.206223902984,0.0931511873109013,72.1237743336289,6.96395562453446,216.982196301284,9.31511873109013
2021-11-01,445484,596,343197,361,102287,235,377134,390,2377673,3118,2754807,3508,14,5873,-185,5143,767,434468,23,14154,7296,"East TN",2455501,124.292354187598,0.0950928381962865,142.862902519689,24.2720324691377,209.448092263045,9.50928381962865
2021-11-02,445896,412,343417,220,102479,192,377360,226,2379884,2211,2757244,2437,25,5898,-183,4960,570,435038,16,14170,7319,"East TN",2455501,119.649717104575,0.0923501970197926,99.2465488712894,16.7786533175918,201.995437998193,9.23501970197926
2021-11-03,446468,572,343796,379,102672,193,377753,393,2384462,4578,2762215,4971,6,5904,78,5038,488,435526,14,14184,7330,"East TN",2455501,117.694922543302,0.0895269517142984,202.443411751818,23.2946351885012,205.171979160261,8.95269517142984
2021-11-04,446885,417,344098,302,102787,115,378083,330,2387998,3536,2766081,3866,13,5917,-75,4963,479,436005,9,14193,7341,"East TN",2455501,117.735647429995,0.0882061446977205,157.442411955849,16.9822777510577,202.117612658272,8.82061446977205
2021-11-05,447320,435,344383,285,102937,150,378407,324,2391581,3583,2769988,3907,2,5919,22,4985,411,436416,13,14206,7347,"East TN",2455501,116.717525262665,0.0876069294587972,159.11213231027,17.715325711535,203.013560165522,8.76069294587972
2021-11-06,447553,233,344554,171,102999,62,378595,188,2393821,2240,2772416,2428,0,5919,-85,4900,318,436734,13,14219,7355,"East TN",2455501,115.49577866187,0.0872509612023768,98.8800248910507,9.48889859951187,199.551944796602,8.72509612023768
2021-11-07,447752,199,344682,128,103070,71,378749,154,2395722,1901,2774471,2055,6,5925,-131,4769,324,437058,8,14227,7367,"East TN",2455501,116.636075489279,0.0865268427412394,83.6896421544931,8.10425245194362,194.216984639794,8.65268427412394
2021-11-08,448293,541,345027,345,103266,196,379134,385,2399255,3533,2778389,3918,25,5950,-27,4742,543,437601,25,14252,7379,"East TN",2455501,114.396206721154,0.0848104486472733,159.560106063895,22.0321637010125,193.117412699079,8.48104486472733
2021-11-09,449161,868,345644,617,103517,251,379934,800,2406530,7275,2786464,8075,10,5960,425,5167,433,438034,27,14279,7394,"East TN",2455501,132.966755053246,0.0880903490759754,328.853460047461,35.3492016496837,210.425489543682,8.80903490759754
2021-11-10,449787,626,346081,437,103706,189,380436,502,2411781,5251,2792217,5753,7,5967,179,5346,440,438474,28,14307,7406,"East TN",2455501,135.165898934678,0.0894273715085661,234.290273145888,25.4937790699332,217.715244261762,8.94273715085661
2021-11-11,450293,506,346465,384,103828,122,380841,405,2416071,4290,2796912,4695,5,5972,83,5429,418,438892,10,14317,7419,"East TN",2455501,138.790413850371,0.0894554182478674,191.203343024499,20.6067926667511,221.095409857296,8.94554182478674
2021-11-12,450775,482,346787,322,103988,160,381173,332,2419521,3450,2800694,3782,2,5974,116,5545,364,439256,24,14341,7429,"East TN",2455501,140.704483524951,0.0900801146355761,154.021521473622,19.6293953861147,225.819496713705,9.00801146355761
2021-11-13,451012,237,346929,142,104083,95,381322,149,2421520,1999,2802842,2148,4,5978,-101,5444,334,439590,11,14352,7438,"East TN",2455501,140.867383071723,0.0896272924472491,87.4770566169592,9.65179814628461,221.706283157694,8.96272924472491
2021-11-14,451373,361,347245,316,104128,45,381667,345,2424499,2979,2806166,3324,1,5979,60,5504,300,439890,14,14366,7446,"East TN",2455501,147.464814716019,0.0920649944786244,135.369523368144,14.7016840962394,224.149776359285,9.20649944786244
2021-11-15,451950,577,347535,290,104415,287,381968,301,2427267,2768,2809235,3069,26,6005,-27,5477,578,440468,20,14386,7456,"East TN",2455501,148.930910636974,0.0918757699539649,124.984677261382,23.4982596219672,223.050204418569,9.18757699539649
2021-11-16,452622,672,347968,433,104654,239,382428,460,2430874,3607,2813302,4067,24,6029,178,5655,470,440938,17,14403,7466,"East TN",2455501,140.94883284511,0.0929279379983605,165.628114181179,27.3671238578196,230.299234249956,9.29279379983605
2021-11-17,453335,713,348435,467,104900,246,382937,509,2435519,4645,2818456,5154,5,6034,292,5947,416,441354,27,14430,7476,"East TN",2455501,144.491897987417,0.0953161324745608,209.89606601667,29.0368442122402,242.190901164365,9.53161324745608
2021-11-18,453961,626,348845,410,105116,216,383415,478,2440382,4863,2823797,5341,12,6046,184,6131,430,441784,19,14449,7485,"East TN",2455501,149.378884390599,0.0957411195834108,217.511619828296,25.4937790699332,249.684280315911,9.57411195834108
2021-11-19,454574,613,349288,443,105286,170,383875,460,2444856,4474,2828731,4934,7,6053,219,6350,387,442171,13,14462,7493,"East TN",2455501,154.713844547406,0.0963726504262225,200.93659094417,24.9643555429218,258.603030501718,9.63726504262225
2021-11-20,454896,322,349535,247,105361,75,384162,287,2447560,2704,2831722,2991,0,6053,20,6370,302,442473,14,14476,7500,"East TN",2455501,158.175459916327,0.0983379501385042,121.808136099313,13.1134135152052,259.417528235582,9.83379501385042
2021-11-21,455160,264,349687,152,105473,112,384326,164,2449044,1484,2833370,1648,9,6062,-93,6277,348,442821,10,14486,7511,"East TN",2455501,154.225145907088,0.0977429789736803,67.1146132703672,10.7513700870006,255.630113773116,9.77429789736803
2021-11-22,455912,752,350181,494,105731,258,384838,512,2452912,3868,2837750,4380,20,6082,151,6428,581,443402,38,14524,7516,"East TN",2455501,161.352001078395,0.100648781343153,178.375003716146,30.6251147932744,261.779571663787,10.0648781343153
2021-11-23,456588,676,350650,469,105938,207,385328,490,2456213,3301,2841541,3791,21,6103,119,6547,536,443938,19,14543,7523,"East TN",2455501,161.514900625168,0.102694854633663,154.388045453861,27.5300234045924,266.625833180276,10.2694854633663
2021-11-24,457326,738,351183,533,106143,205,385901,573,2460241,4028,2846142,4601,6,6109,254,6801,478,444416,21,14564,7533,"East TN",2455501,162.533022792497,0.107057718702593,187.37520367534,30.0549663795698,276.969954400344,10.7057718702593
2021-11-25,457612,286,351341,158,106271,128,386074,173,2461877,1636,2847951,1809,1,6110,-197,6604,482,444898,10,14574,7542,"East TN",2455501,148.686561316815,0.11008528608098,73.6713200279699,11.6473175942506,268.947151721787,11.008528608098
2021-11-26,457842,230,351543,202,106299,28,386317,243,2463554,1677,2849871,1920,1,6111,-287,6317,516,445414,15,14589,7546,"East TN",2455501,133.088929713325,0.115515610217597,78.1917824509133,9.36672393943232,257.259109240843,11.5515610217597
2021-11-27,458126,284,351771,228,106355,56,386571,254,2465149,1595,2851720,1849,0,6111,-96,6221,380,445794,14,14603,7557,"East TN",2455501,131.541384018984,0.12046204620462,75.3003154956972,11.5658678208643,253.349520118298,12.046204620462
2021-11-28,458440,314,351982,211,106458,103,386788,217,2466659,1510,2853447,1727,7,6118,-108,6113,415,446209,20,14623,7567,"East TN",2455501,133.577628353644,0.122627882651791,70.3318793191288,12.7876144216598,248.951232355434,12.2627882651791
2021-11-29,459538,1098,352696,714,106842,384,387526,738,2471206,4547,2858732,5285,19,6137,424,6537,655,446864,35,14658,7575,"East TN",2455501,147.668439149485,0.128109808407206,215.231026173477,44.715925589116,266.218584313344,12.8109808407206
2021-11-30,460376,838,353204,508,107172,330,388031,505,2474573,3367,2862604,3872,64,6201,186,6723,588,447452,26,14684,7587,"East TN",2455501,154.265870793781,0.128329297820823,157.686761276008,34.1274550488882,273.793413238276,12.8329297820823
2021-12-01,461457,1081,353974,770,107483,311,388838,807,2479744,5171,2868582,5978,48,6249,503,7226,530,447982,32,14716,7608,"East TN",2455501,168.234506929543,0.130882352941176,243.453372651854,44.0236025153319,294.278031244948,13.0882352941176
2021-12-02,462358,901,354597,623,107761,278,389504,666,2484405,4661,2873909,5327,39,6288,278,7504,584,448566,18,14734,7625,"East TN",2455501,193.280312245851,0.132136528237923,216.941471414591,36.6931229105588,305.599549745653,13.2136528237923
2021-12-03,463375,1017,355333,736,108042,281,390286,782,2489383,4978,2879669,5760,21,6309,517,8021,479,449045,25,14759,7637,"East TN",2455501,225.330798073387,0.133196858849587,234.57534735274,41.4172097669681,326.654316166029,13.3196858849587
2021-12-04,463798,423,355666,333,108132,90,390667,381,2492135,2752,2882802,3133,3,6312,17,8038,403,449448,29,14788,7649,"East TN",2455501,230.99155732374,0.131780451708384,127.591070009745,17.2266270712168,327.346639239813,13.1780451708384
2021-12-05,464183,385,355882,216,108301,169,390898,231,2494067,1932,2884965,2163,12,6324,-31,8007,404,449852,15,14803,7657,"East TN",2455501,233.883024278956,0.1304016752332,88.087929917357,15.6790813768758,326.084167752324,13.04016752332
2021-12-06,465134,951,356527,645,108607,306,391589,691,2498251,4184,2889840,4875,69,6393,126,8133,756,450608,32,14835,7671,"East TN",2455501,227.896465935058,0.130609489520381,198.533822629272,38.729367245218,331.215503475665,13.0609489520381
2021-12-07,465976,842,357061,534,108915,308,392130,541,2501728,3477,2893858,4018,8,6401,216,8349,618,451226,25,14860,7676,"East TN",2455501,228.05936548183,0.131151212644781,163.632594733213,34.2903545956609,340.012079001393,13.1151212644781
2021-12-08,467022,1046,357698,637,109324,409,392787,657,2506344,4616,2899131,5273,4,6405,445,8794,597,451823,29,14889,7692,"East TN",2455501,226.633994447569,0.129267733804707,214.742327533159,42.5982314810705,358.13465357986,12.9267733804707
2021-12-09,467940,918,358316,618,109624,300,393453,666,2511321,4977,2904774,5643,19,6424,520,9314,379,452202,30,14919,7706,"East TN",2455501,227.326317521353,0.12794427344889,229.810535609637,37.3854459843429,379.311594660316,12.794427344889
2021-12-10,468735,795,358864,548,109871,247,394054,601,2515831,4510,2909885,5111,5,6429,162,9476,628,452830,22,14941,7720,"East TN",2455501,218.285392675466,0.124702144559174,208.144895888863,32.3762849210813,385.909026304612,12.4702144559174
2021-12-11,469132,397,359150,286,109982,111,394379,325,2518753,2922,2913132,3247,0,6429,-175,9301,572,453402,19,14960,7729,"East TN",2455501,217.226545621443,0.122387075502803,132.233707092768,16.167780017194,378.782171133304,12.2387075502803
2021-12-12,469563,431,359413,263,110150,168,394673,294,2521272,2519,2915945,2813,9,6438,-137,9164,559,453961,18,14978,7736,"East TN",2455501,219.09989040933,0.121852808263396,114.559106267927,17.5524261647623,373.202861656338,12.1852808263396
2021-12-13,470445,882,359987,574,110458,308,395276,603,2525874,4602,2921150,5205,23,6461,-174,8990,1033,454994,24,15002,7745,"East TN",2455501,216.2898732275,0.11775790482274,211.973035238023,35.9193500633883,366.116731371724,11.775790482274
2021-12-14,471201,756,360443,456,110758,300,395759,483,2529897,4023,2925656,4506,36,6497,-132,8858,852,455846,21,15023,7753,"East TN",2455501,212.787532971886,0.114126674633625,183.506339439487,30.7880143400471,360.741046328224,11.4126674633625
2021-12-15,472072,871,361033,590,111039,281,396388,629,2534701,4804,2931089,5433,19,6516,-9,8849,861,456707,22,15045,7768,"East TN",2455501,205.660677800579,0.112679141373052,221.258309404069,35.4713763097633,360.374522347985,11.2679141373052
2021-12-16,472867,795,361544,511,111323,284,396933,545,2538521,3820,2935454,4365,19,6535,14,8863,762,457469,22,15067,7784,"East TN",2455501,200.651516737318,0.113428943937419,177.764130415748,32.3762849210813,360.94467076169,11.3428943937419
2021-12-17,473678,811,362080,536,111598,275,397518,585,2543189,4668,2940707,5253,24,6559,40,8903,747,458216,33,15100,7798,"East TN",2455501,201.303114924409,0.112387255856207,213.927829799296,33.0278831081722,362.573666229417,11.2387255856207
2021-12-18,474250,572,362461,381,111789,191,397944,426,2546534,3345,2944478,3771,0,6559,19,8922,553,458769,28,15128,7811,"East TN",2455501,208.429970095716,0.113730619536783,153.573547719997,23.2946351885012,363.347439076588,11.3730619536783
2021-12-19,474671,421,362742,281,111929,140,398255,311,2549197,2663,2947452,2974,6,6565,-192,8730,607,459376,16,15144,7820,"East TN",2455501,208.022721228784,0.113689021487289,121.115813025529,17.1451772978305,355.528260831496,11.3689021487289
2021-12-20,475604,933,363365,623,112239,310,398893,638,2553159,3962,2952052,4600,40,6605,13,8743,880,460256,31,15175,7831,"East TN",2455501,210.099690450136,0.117047440295127,187.334478788646,37.9963192847407,356.057684358508,11.7047440295127
2021-12-21,476615,1011,364022,657,112593,354,399562,669,2557542,4383,2957104,5052,30,6635,168,8911,813,461069,28,15203,7841,"East TN",2455501,220.484536556898,0.120929788857797,205.742127573966,41.172860446809,362.899465322963,12.0929788857797
2021-12-22,478101,1486,364753,731,113348,755,400310,748,2561882,4340,2962192,5088,855,7490,-132,8779,763,461832,36,15239,7857,"East TN",2455501,245.530341873206,0.126097161045558,207.20822349492,60.5171816260714,357.523780279462,12.6097161045558
2021-12-23,479269,1168,365559,806,113710,362,401174,864,2566368,4486,2967542,5350,28,7518,374,9153,766,462598,32,15271,7874,"East TN",2455501,260.720724609764,0.132167788581401,217.878143808534,47.5666676576389,372.754887902713,13.2167788581401
2021-12-24,480207,938,366207,648,114000,290,401881,707,2570205,3837,2972086,4544,0,7518,250,9403,688,463286,17,15288,7896,"East TN",2455501,265.892785219798,0.13904203448166,185.053885133828,38.1999437182066,382.936109576009,13.904203448166
2021-12-25,480687,480,366490,283,114197,197,402214,333,2572324,2119,2974538,2452,8,7526,-79,9324,551,463837,19,15307,7904,"East TN",2455501,262.146095644025,0.142049234863606,99.8574221716871,19.5479456127283,379.718843527248,14.2049234863606
2021-12-26,481030,343,366766,276,114264,67,402534,320,2574199,1875,2976733,2195,62,7588,-264,9060,545,464382,18,15325,7921,"East TN",2455501,258.969554481957,0.14613571940849,89.3911262915389,13.9686361357621,368.967473440247,14.613571940849
2021-12-27,482906,1876,368026,1260,114880,616,403844,1310,2578953,4754,2982797,6064,64,7652,931,9991,881,465263,35,15360,7938,"East TN",2455501,297.37312263363,0.161034314522687,246.955712907468,76.3998874364132,406.882342951601,16.1034314522687
2021-12-28,485332,2426,369469,1443,115863,983,405331,1487,2583332,4379,2988663,5866,18,7670,1624,11615,784,466047,26,15386,7950,"East TN",2455501,354.998837304485,0.182800468962895,238.892185342217,98.7985751176644,473.019558941332,18.2800468962895
2021-12-29,488222,2890,371395,1926,116827,964,407334,2003,2588621,5289,2995955,7292,37,7707,2087,13702,766,466813,30,15416,7965,"East TN",2455501,412.176578221715,0.208038385214584,296.965873766698,117.694922543302,558.012397470007,20.8038385214584
2021-12-30,491049,2827,373180,1785,117869,1042,409157,1823,2593084,4463,3002241,6286,14,7721,2076,15778,737,467550,33,15449,7980,"East TN",2455501,479.739165245708,0.230064266981757,255.996637753355,115.129254681631,642.557262245057,23.0064266981757
2021-12-31,493568,2519,374991,1811,118577,708,411100,1943,2597917,4833,3009017,6776,0,7721,1765,17543,754,468304,21,15470,7999,"East TN",2455501,544.125211107631,0.249627684059462,275.951832233015,102.58598958013,714.436687258527,24.9627684059462
2022-01-01,495026,1458,376218,1227,118808,231,412439,1339,2601567,3650,3014006,4989,0,7721,855,18398,603,468907,28,15498,8007,"East TN",2455501,583.954150293565,0.259070639505422,203.176459712295,59.3768847986623,749.256465381199,25.9070639505422
2022-01-02,496490,1464,377180,962,119310,502,413662,1223,2604583,3016,3018245,4239,6,7727,762,19160,696,469603,26,15524,8027,"East TN",2455501,629.606748276625,0.268067064945076,172.632794692407,59.6212341188214,780.288829041405,26.8067064945076
2022-01-03,499388,2898,379364,2184,120024,714,415888,2226,2608754,4171,3024642,6397,33,7760,1777,20937,1088,470691,31,15555,8041,"East TN",2455501,671.227582477059,0.287824112797228,260.517100176298,118.020721636847,852.656952695193,28.7824112797228
2022-01-04,503560,4172,381804,2440,121756,1732,418273,2385,2613991,5237,3032264,7622,14,7774,2986,23923,1172,471863,35,15590,8059,"East TN",2455501,742.333234643358,0.296828054402422,310.405086375448,169.904227283964,974.261464361041,29.6828054402422
2022-01-05,508490,4930,385211,3407,123279,1523,421769,3496,2619225,5234,3040994,8730,15,7789,3691,27614,1224,473087,43,15633,8084,"East TN",2455501,825.412003497453,0.32050001110149,355.528260831496,200.773691397397,1124.57702114558,32.050001110149
2022-01-06,513662,5172,388684,3473,124978,1699,425417,3648,2624837,5612,3050254,9260,11,7800,3897,31511,1264,474351,40,15673,8104,"East TN",2455501,920.91186279297,0.338658280049153,377.112450778884,210.629113977148,1283.28190458892,33.8658280049153
2022-01-07,518039,4377,391907,3223,126132,1154,428690,3273,2629521,4684,3058211,7957,12,7812,3480,34991,885,475236,33,15706,8126,"East TN",2455501,996.578702268906,0.357563930560637,324.047923417665,178.252829056066,1425.0045102812,35.7563930560637
2022-01-08,521189,3150,394333,2426,126856,724,431294,2604,2634283,4762,3065577,7366,1,7813,2496,37487,653,475889,35,15741,8145,"East TN",2455501,1065.48521055377,0.365612456613213,299.979515381993,128.28339308353,1526.65382746739,36.5612456613213
2022-01-09,524687,3498,397011,2678,127676,820,434184,2890,2639285,5002,3073469,7892,15,7828,1958,39445,1525,477414,34,15775,8163,"East TN",2455501,1148.31963008771,0.371613791105317,321.400805782608,142.455653652758,1606.39315561264,37.1613791105316
2022-01-10,529334,4647,400081,3070,129253,1577,437427,3243,2644064,4779,3081491,8022,29,7857,1739,41184,2879,480293,53,15828,8196,"East TN",2455501,1219.54745691409,0.378880895002551,326.695041052722,189.248548463226,1677.21373357209,37.8880895002551
2022-01-11,534945,5611,404122,4041,130823,1570,441562,4135,2649253,5189,3090815,9324,30,7887,2335,43519,3246,483539,45,15873,8221,"East TN",2455501,1278.15056886558,0.397755802633601,379.718843527248,228.507339235455,1772.30634400067,39.7755802633601
2022-01-12,540628,5683,408101,3979,132527,1704,445723,4161,2654023,4770,3099746,8931,16,7903,2571,46090,3096,486635,28,15901,8243,"East TN",2455501,1308.81640854555,0.407713779956427,363.713963056826,231.439531077365,1877.01002768885,40.7713779956427
2022-01-13,547958,7330,413348,5247,134610,2083,451200,5477,2660950,6927,3112150,12404,65,7968,3751,49841,3514,490149,43,15944,8259,"East TN",2455501,1396.70071402944,0.41655357373659,505.151494542254,298.513419461039,2029.76907767498,41.655357373659
2022-01-14,554473,6515,418131,4783,136342,1732,456124,4924,2666830,5880,3122954,10804,69,8037,4463,54304,1983,492132,33,15977,8291,"East TN",2455501,1483.77052177947,0.423736929088859,439.99167583316,265.322636806094,2211.52424698666,42.3736929088859
2022-01-15,559025,4552,421527,3396,137498,1156,459735,3611,2671919,5089,3131654,8700,10,8047,3237,57541,1305,493437,31,16008,8305,"East TN",2455501,1540.86681292331,0.430422083327028,354.306514230701,185.379684227374,2343.3507052125,43.0422083327028
2022-01-16,562890,3865,424854,3327,138036,538,463231,3496,2676567,4648,3139798,8144,7,8054,1490,59031,2368,495805,27,16035,8323,"East TN",2455501,1555.81284633971,0.437923080402237,331.66347722929,157.401687069156,2404.03078638534,43.7923080402237
2022-01-17,567519,4629,428182,3328,139337,1301,466697,3466,2681302,4735,3147999,8201,15,8069,-418,58613,5032,500837,36,16071,8345,"East TN",2455501,1555.07979837923,0.440097431887893,333.984795770802,188.515500502749,2387.00778374759,44.0097431887893
2022-01-18,573476,5957,431856,3674,141620,2283,470433,3736,2684763,3461,3155196,7197,49,8118,65,58678,5843,506680,39,16110,8375,"East TN",2455501,1569.17060917507,0.448439757071186,293.097009530845,242.598150031297,2389.65490138265,44.8439757071186
2022-01-19,581783,8307,437862,6006,143921,2301,476606,6173,2690611,5848,3167217,12021,22,8140,2729,61407,5556,512236,40,16150,8407,"East TN",2455501,1676.03271185799,0.457722577107202,489.553862938765,338.301633760279,2500.79311716835,45.7722577107202
2022-01-20,590067,8284,443917,6055,146150,2229,482873,6267,2696328,5717,3179201,11984,44,8184,3726,65133,4514,516750,33,16183,8439,"East TN",2455501,1714.88425376328,0.472371776707283,488.047042131117,337.364961366336,2652.53404498715,47.2371776707283
2022-01-21,597374,7307,449527,5610,147847,1697,488755,5882,2702051,5723,3190806,11605,53,8237,3096,68229,4158,520908,25,16208,8469,"East TN",2455501,1747.13836402429,0.480914342981784,472.6123100744,297.576747067095,2778.61829418925,48.0914342981784
2022-01-22,603383,6009,454396,4869,148987,1140,493917,5162,2708138,6087,3202055,11249,0,8237,2816,71045,3193,524101,43,16251,8496,"East TN",2455501,1806.47452393626,0.485532875953467,458.114250411627,244.715844139343,2893.29957511726,48.5532875953467
2022-01-23,606985,3602,457373,2977,149612,625,497060,3143,2711408,3270,3208468,6413,6,8243,515,71560,3081,527182,23,16274,8528,"East TN",2455501,1795.76387873595,0.492631425658949,261.168698363389,146.691041868849,2914.27289176425,49.2631425658949
2022-01-24,613674,6689,462054,4681,151620,2008,502020,4960,2716788,5380,3218808,10340,37,8280,-609,70951,7261,534443,40,16314,8563,"East TN",2455501,1879.65714532391,0.498849016367976,421.095328407523,272.408767090708,2889.4714357681,49.8849016367976
2022-01-25,619381,5707,466126,4072,153255,1635,506282,4262,2721443,4655,3227725,8917,30,8310,-1503,69448,7180,541623,27,16341,8592,"East TN",2455501,1869.47592365061,0.494271257014436,363.143814643122,232.416928358001,2828.26193106824,49.4271257014436
2022-01-26,625185,5804,470550,4424,154635,1380,510958,4676,2726337,4894,3237295,9570,27,8337,-1742,67706,7519,549142,32,16373,8625,"East TN",2455501,1767.54153225757,0.490196638031907,389.737165653771,236.36724236724,2757.31917844872,49.0196638031907
2022-01-27,632444,7259,476317,5767,156127,1492,517101,6143,2733491,7154,3250592,13297,29,8366,-325,67381,7555,556697,45,16418,8668,"East TN",2455501,1725.79852339706,0.4794441876427,541.518818359268,295.621952505823,2744.08359027343,47.94441876427
2022-01-28,637409,4965,480021,3704,157388,1261,521031,3930,2738330,4839,3259361,8769,38,8404,-2425,64956,7352,564049,36,16454,8703,"East TN",2455501,1630.42083876162,0.470804463569397,357.11653141253,202.199062431659,2645.32574004246,47.0804463569397
2022-01-29,641474,4065,483293,3272,158181,793,524577,3546,2743762,5432,3268339,8978,5,8409,239,65195,3821,567870,29,16483,8739,"East TN",2455501,1551.25165903007,0.462555066079295,365.628032731406,165.546664407793,2655.05898796213,46.2555066079295
2022-01-30,643544,2070,484801,1508,158743,562,526171,1594,2746241,2479,3272412,4073,17,8426,-1112,64083,3165,571035,23,16506,8781,"East TN",2455501,1488.86113261611,0.455257725509821,165.872463501338,84.3005154548909,2609.77291395931,45.5257725509821
2022-01-31,647451,3907,487260,2459,160191,1448,528737,2566,2749174,2933,3277911,5499,68,8494,-3047,61036,6886,577921,35,16541,8817,"East TN",2455501,1375.56449783568,0.452041351538839,223.946151925819,159.11213231027,2485.68418420518,45.2041351538839
2022-02-01,652426,4975,490784,3524,161642,1451,532643,3906,2754433,5259,3287076,9165,28,8522,-5061,55975,10008,587929,35,16576,8848,"East TN",2455501,1345.75388077627,0.444154268672811,373.243586543031,202.60631129859,2279.57553265097,44.4154268672811
2022-02-02,657147,4721,494296,3512,162851,1209,536397,3754,2759334,4901,3295731,8655,21,8543,-5085,50890,9785,597714,40,16616,8887,"East TN",2455501,1301.64882848755,0.435330960366897,352.473894329508,192.262190078522,2072.48948381613,43.5330960366897
2022-02-03,666086,8939,496970,2674,169116,6265,539221,2824,2763687,4353,3302908,7177,26,8569,346,51236,8567,606281,37,16653,8913,"East TN",2455501,1370.0666381321,0.422815199938833,292.282511796982,364.039762150372,2086.58029461198,42.2815199938833
2022-02-04,669626,3540,499491,2521,170135,1019,541966,2745,2768278,4591,3310244,7336,12,8581,-2980,48256,6508,612789,27,16680,8940,"East TN",2455501,1312.03367459431,0.411434074248767,298.757768781198,144.166098893871,1965.22013226629,41.1434074248767
2022-02-05,671304,1678,500677,1186,170627,492,543299,1333,2770903,2625,3314202,3958,3,8584,-1798,46458,3473,616262,24,16704,8979,"East TN",2455501,1214.82337005768,0.408215773063254,161.189101531622,68.3363598711627,1891.99678599194,40.8215773063254
2022-02-06,672609,1305,501621,944,170988,361,544384,1085,2773555,2652,3317939,3737,1,8585,-1963,44495,3267,619529,30,16734,9005,"East TN",2455501,1183.66883173739,0.400048322973181,152.188901572429,53.1459771346051,1812.05383341322,40.0048322973181
2022-02-07,675419,2810,503455,1834,171964,976,546357,1973,2776441,2886,3322798,4859,50,8635,-5658,38837,8418,627947,37,16771,9035,"East TN",2455501,1138.99363103497,0.392541270300978,197.882224442181,114.436931607847,1581.63242450319,39.2541270300978
2022-02-08,678088,2669,505164,1709,172924,960,548245,1888,2779108,2667,3327353,4555,21,8656,-4768,34069,7416,635363,41,16812,9067,"East TN",2455501,1045.08204232049,0.387367480199618,185.501858887453,108.694722584108,1387.45616475009,38.7367480199618
2022-02-09,681001,2913,507248,2084,173753,829,550557,2312,2782779,3671,3333336,5983,26,8682,-3075,30994,5962,641325,22,16834,9096,"East TN",2455501,971.451447179211,0.376545672118069,243.65699708532,118.631594937245,1262.22713816854,37.6545672118069
2022-02-10,683513,2512,509031,1783,174482,729,552528,1971,2785988,3209,3338516,5180,28,8710,-2911,28083,5395,646720,28,16862,9128,"East TN",2455501,709.712600402118,0.373708155470681,210.954913070693,102.300915373278,1143.67699300469,37.3708155470681
2022-02-11,685816,2303,510759,1728,175057,575,554428,1900,2789352,3364,3343780,5264,31,8741,-2000,26083,4272,650992,35,16897,9154,"East TN",2455501,659.335915562649,0.371600667938931,214.375803552921,93.7894140544027,1062.22721961832,37.1600667938931
2022-02-12,686749,933,511444,685,175305,248,555208,780,2791854,2502,3347062,3282,3,8744,-1255,24828,2185,653177,16,16913,9187,"East TN",2455501,628.995874976227,0.362416311625076,133.65907812703,37.9963192847407,1011.11748681837,36.2416311625076
2022-02-13,687324,575,511859,415,175465,160,555691,483,2793256,1402,3348947,1885,35,8779,-1530,23298,2070,655247,8,16921,9206,"East TN",2455501,599.266707690203,0.364647832817337,76.7664114166518,23.4168098485808,948.808410177801,36.4647832817337
2022-02-14,689569,2245,513292,1433,176277,812,557310,1619,2796263,3007,3353573,4626,146,8925,-2784,20514,4883,660130,22,16943,9232,"East TN",2455501,576.257146708554,0.355905767668562,188.393325842669,91.4273706261981,835.430325623977,35.5905767668562
2022-02-15,691465,1896,514692,1400,176773,496,558843,1533,2799128,2865,3357971,4398,37,8962,-2302,18212,4161,664291,27,16970,9260,"East TN",2455501,544.776809294722,0.346136259716507,179.108051676623,77.2143851702769,741.681636456267,34.6136259716507
2022-02-16,693232,1767,515927,1235,177305,532,560216,1373,2802335,3207,3362551,4580,14,8976,-1703,16509,3456,667747,18,16988,9278,"East TN",2455501,498.106089144333,0.330617833304809,186.519981054783,71.9608747868561,672.327154417775,33.0617833304809
2022-02-17,695030,1798,517207,1280,177823,518,561622,1406,2805858,3523,3367480,4929,13,8989,-1380,15129,3165,670912,19,17007,9298,"East TN",2455501,469.0285200454,0.313975970169866,200.732966510704,73.2233462743448,616.126810781181,31.3975970169866
2022-02-18,696211,1181,517932,725,178279,456,562459,837,2808823,2965,3371282,3802,8,8997,-1222,13907,2395,673307,9,17016,9323,"East TN",2455501,423.335197175648,0.292015126172642,154.836019207486,48.0960911846503,566.36099924211,29.2015126172642
2022-02-19,696749,538,518276,344,178473,194,562870,411,2810925,2102,3373795,2513,1,8998,-762,13145,1299,674606,11,17027,9349,"East TN",2455501,407.24886693184,0.286612052519358,102.341640259971,21.909989040933,535.328635581904,28.6612052519358
2022-02-20,697118,369,518509,233,178609,136,563142,272,2812361,1436,3375503,1708,8,9006,-948,12197,1309,675915,5,17032,9360,"East TN",2455501,398.859540273044,0.280576894110559,69.5581064719583,15.0274831897849,496.721442996765,28.0576894110559
2022-02-21,697848,730,518919,410,178929,320,563588,446,2813912,1551,3377500,1997,7,9013,-2026,10171,2749,678664,11,17043,9369,"East TN",2455501,337.16133693287,0.262381410122456,81.3275987262884,29.7291672860243,414.212822556374,26.2381410122456
2022-02-22,699023,1175,519571,652,179452,523,564317,729,2816263,2351,3380580,3080,44,9057,-929,9242,2060,680724,17,17060,9378,"East TN",2455501,307.798693627085,0.242115971515768,125.432651015007,47.8517418644912,376.379402818407,24.2115971515768
2022-02-23,699892,869,520042,471,179850,398,564850,533,2818860,2597,3383710,3130,80,9137,-938,8304,1727,682451,6,17066,9395,"East TN",2455501,271.227745376605,0.219008459757077,127.468895349666,35.3899265363769,338.1794591002,21.9008459757077
2022-02-24,700752,860,520532,490,180220,370,565418,568,2821362,2502,3386780,3070,50,9187,-789,7515,1599,684050,11,17077,9410,"East TN",2455501,233.027801658399,0.196683937823834,125.025402148075,35.0234025561382,306.047523499278,19.6683937823834
2022-02-25,701520,768,520987,455,180533,313,565926,508,2823739,2377,3389665,2885,5,9192,-483,7032,1246,685296,20,17097,9418,"East TN",2455501,216.208423454114,0.188598161344721,117.491298109836,31.2767129803653,286.37740322647,18.8598161344721
2022-02-26,701777,257,521169,182,180608,75,566144,218,2825476,1737,3391620,1955,0,9192,-399,6633,656,685952,5,17102,9425,"East TN",2455501,204.764730293329,0.18367461430575,79.6171534851747,10.4662958801483,270.128173435889,18.367461430575
2022-02-27,701800,23,521191,22,180609,1,566174,30,2825831,355,3392005,385,4,9196,-592,6041,611,686563,2,17104,9434,"East TN",2455501,190.673919497487,0.183735304811538,15.6790813768758,0.936672393943232,246.019040513525,18.3735304811538
2022-02-28,702669,869,521650,459,181019,410,566688,514,2828520,2689,3395208,3203,27,9223,-461,5580,1303,687866,14,17118,9446,"East TN",2455501,196.33467874784,0.175062118816354,130.441812078268,35.3899265363769,227.244867747967,17.5062118816354
2022-03-01,703437,768,522015,365,181422,403,567093,405,2830739,2219,3397832,2624,28,9251,-342,5238,1082,688948,12,17130,9451,"East TN",2455501,179.759649863714,0.16090888012984,106.862102682915,31.2767129803653,213.316956498898,16.090888012984
2022-03-02,703898,461,522282,267,181616,194,567404,311,2833052,2313,3400456,2624,8,9259,-365,4873,818,689766,7,17137,9465,"East TN",2455501,163.143896092895,0.152514033201959,106.862102682915,18.7741727655578,198.452372855886,15.2514033201959
2022-03-03,704262,364,522467,185,181795,179,567625,221,2835008,1956,3402633,2177,15,9274,-492,4381,841,690607,10,17147,9472,"East TN",2455501,142.944352293076,0.139216552072163,88.6580783310616,14.823858756319,178.415728602839,13.9216552072163
2022-03-04,704598,336,522678,211,181920,125,567889,264,2837251,2243,3405140,2507,10,9284,-305,4076,631,691238,5,17152,9476,"East TN",2455501,125.35120124162,0.126849757673667,102.097290939812,13.6835619289098,165.994638161418,12.6849757673667
2022-03-05,704739,141,522779,101,181960,40,568005,116,2838963,1712,3406968,1828,0,9284,-199,3877,340,691578,1,17153,9480,"East TN",2455501,120.627114385211,0.121253583528799,74.4450928751403,5.74220902373894,157.890385709474,12.1253583528799
2022-03-06,704838,99,522836,57,182002,42,568077,72,2840175,1212,3408252,1284,2,9286,-198,3679,295,691873,1,17154,9484,"East TN",2455501,123.722205773893,0.117129316181449,52.2907545140483,4.03176378262522,149.826858144224,11.7129316181449
2022-03-07,705104,266,523010,174,182094,92,568289,212,2841879,1704,3410168,1916,13,9299,-384,3295,637,692510,6,17160,9488,"East TN",2455501,99.165099097903,0.10701871657754,78.0288829041405,10.8328198603869,134.188501654041,10.701871657754
2022-03-08,705367,263,523107,97,182260,166,568412,123,2843631,1752,3412043,1875,27,9326,-280,3015,516,693026,2,17162,9494,"East TN",2455501,78.5990313178451,0.0928154246710295,76.35916254972,10.7106452003074,122.78553337995,9.28154246710295
2022-03-09,705663,296,523233,126,182430,170,568560,148,2845642,2011,3414202,2159,23,9349,-210,2805,483,693509,4,17166,9497,"East TN",2455501,71.8794250134698,0.0840971919103739,87.9250303705843,12.0545664611825,114.233307174381,8.40971919103739
2022-03-10,705850,187,523327,94,182523,93,568689,129,2847738,2096,3416427,2225,75,9424,-321,2484,433,693942,0,17166,9500,"East TN",2455501,64.6711200687762,0.0771349862258953,90.6128728923344,7.61555381162541,101.160618545869,7.71349862258953
2022-03-11,706063,213,523415,88,182648,125,568792,103,2849928,2190,3418720,2293,79,9503,-193,2291,327,694269,1,17167,9502,"East TN",2455501,59.6619590055146,0.0664948453608247,93.3821651874709,8.67440086564819,93.3007154140845,6.64948453608247
2022-03-12,706134,71,523452,37,182682,34,568832,40,2851213,1285,3420045,1325,0,9503,-104,2187,175,694444,0,17167,9504,"East TN",2455501,56.8112169369917,0.0632408044658561,53.9604748684688,2.89146695521606,89.0653271979934,6.32408044658561
