"DATE","TOTAL_CASES","NEW_CASES","TOTAL_CONFIRMED","NEW_CONFIRMED","TOTAL_PROBABLE","NEW_PROBABLE","POS_TESTS","NEW_POS_TESTS","NEG_TESTS","NEW_NEG_TESTS","TOTAL_TESTS","NEW_TESTS","NEW_DEATHS","TOTAL_DEATHS","NEW_HOSPITALIZED","TOTAL_HOSPITALIZED","TOTAL_DEATHS_BY_DOD","NEW_DEATHS_BY_DOD","Region","Population","New_cases_per_100k_per_week","PositivityRate_per_week","Tests_per_100k","New_cases_per_100k","PositivityPercentage_per_week"
2022-09-17,147889,41,111434,16,36455,25,120377,18,586228,115,706605,133,0,1488,0,2787,1488,0,"Knox County",470313,NA,NA,28.2790397033465,8.7175987055429,NA
2022-09-16,147848,91,111418,32,36430,59,120359,39,586113,295,706472,334,0,1488,0,2787,1488,0,"Knox County",470313,NA,NA,71.0165357963739,19.3488166391318,NA
2022-09-15,147757,147,111386,82,36371,65,120320,87,585818,287,706138,374,2,1488,0,2787,1488,0,"Knox County",470313,NA,NA,79.521510143245,31.2557807247514,NA
2022-09-14,147610,127,111304,68,36306,59,120233,74,585531,220,705764,294,4,1486,0,2787,1488,0,"Knox County",470313,NA,NA,62.5115614495028,27.0032935513158,NA
2022-09-13,147483,106,111236,61,36247,45,120159,65,585311,213,705470,278,0,1482,0,2787,1488,0,"Knox County",470313,NA,NA,59.1095717107543,22.5381820192085,NA
2022-09-12,147377,116,111175,49,36202,67,120094,57,585098,137,705192,194,0,1482,0,2787,1488,0,"Knox County",470313,NA,NA,41.249125582325,24.6644256059263,NA
2022-09-11,147261,48,111126,25,36135,23,120037,27,584961,77,704998,104,0,1482,0,2787,1488,0,"Knox County",470313,143.734066462122,0.214494447691409,22.1129333018649,10.2059692162454,21.4494447691409
2022-09-10,147213,72,111101,50,36112,22,120010,54,584884,139,704894,193,0,1482,0,2787,1488,0,"Knox County",470313,150.325421580947,0.22755505364201,41.0365012236532,15.308953824368,22.755505364201
2022-09-09,147141,154,111051,103,36090,51,119956,112,584745,259,704701,371,0,1482,0,2787,1488,0,"Knox County",470313,163.720756177269,0.263274336283186,78.8836370672297,32.7441512354538,26.3274336283186
2022-09-08,146987,178,110948,115,36039,63,119844,122,584486,336,704330,458,0,1482,0,2787,1488,0,"Knox County",470313,170.312111296094,0.270084566596195,97.3819562716744,37.8471358435765,27.0084566596195
2022-09-07,146809,181,110833,96,35976,85,119722,105,584150,263,703872,368,0,1482,0,2787,1488,1,"Knox County",470313,181.79382666437,0.275686673448627,78.2457639912144,38.4850089195918,27.5686673448627
2022-09-06,146628,167,110737,95,35891,72,119617,98,583887,162,703504,260,-1,1482,0,2787,1487,0,"Knox County",470313,194.763912543349,0.29517453798768,55.2823332546623,35.508267898187,29.517453798768
2022-09-05,146461,45,110642,14,35819,31,119519,16,583725,56,703244,72,0,1483,0,2787,1487,2,"Knox County",470313,179.667583077653,0.292442497261774,15.308953824368,9.56809614023002,29.2442497261774
2022-09-04,146416,88,110628,56,35788,32,119503,58,583669,130,703172,188,0,1483,0,2787,1485,0,"Knox County",470313,188.172557424524,0.295811518324607,39.9733794302943,18.7109435631165,29.5811518324607
2022-09-03,146328,90,110572,58,35756,32,119445,68,583539,155,702984,223,0,1483,0,2787,1485,0,"Knox County",470313,191.999795880616,0.298453608247423,47.4152319838065,19.13619228046,29.8453608247423
2022-09-02,146238,227,110514,167,35724,60,119377,178,583384,396,702761,574,1,1483,1,2787,1485,1,"Knox County",470313,207.521374063655,0.300979934671022,122.046381877601,48.2657294184936,30.0979934671022
2022-09-01,146011,168,110347,88,35664,80,119199,95,582988,227,702187,322,3,1482,0,2786,1484,0,"Knox County",470313,205.395130476938,0.307922272047833,68.4650434923126,35.7208922568587,30.7922272047833
2022-08-31,145843,277,110259,168,35584,109,119104,182,582761,301,701865,483,1,1479,0,2786,1484,2,"Knox County",470313,225.807068909428,0.327521206409048,102.697565238469,58.8969473520825,32.7521206409048
2022-08-30,145566,250,110091,148,35475,102,118922,158,582460,216,701382,374,-1,1478,0,2786,1482,0,"Knox County",470313,243.454890679186,0.337656529516995,79.521510143245,53.1560896679445,33.7656529516995
2022-08-29,145316,241,109943,112,35373,129,118764,118,582244,123,701008,241,0,1479,0,2786,1482,0,"Knox County",470313,285.129264978855,0.356340956340956,51.2424704398985,51.2424704398985,35.6340956340956
2022-08-28,145075,105,109831,76,35244,29,118646,82,582121,137,700767,219,1,1479,0,2786,1482,0,"Knox County",470313,288.743879076275,0.361658456486043,46.5647345491194,22.3255576605367,36.1658456486043
2022-08-27,144970,135,109755,73,35215,62,118564,77,581984,211,700548,288,0,1478,0,2786,1482,0,"Knox County",470313,298.311975216505,0.355857656937225,61.2358152974721,28.70428842069,35.5857656937225
2022-08-26,144835,230,109682,154,35153,76,118487,167,581773,352,700260,519,0,1478,0,2786,1482,0,"Knox County",470313,298.94984829252,0.359362224039248,110.352042150653,48.903602494509,35.9362224039248
2022-08-25,144605,255,109528,143,35077,112,118320,155,581421,326,699741,481,3,1478,0,2786,1482,1,"Knox County",470313,317.448167496965,0.360460652591171,102.272316521125,54.2192114613034,36.0460652591171
2022-08-24,144350,281,109385,162,34965,119,118165,169,581095,272,699260,441,2,1475,0,2786,1481,0,"Knox County",470313,318.298664931652,0.361295357003512,93.7673421742542,59.7474447867697,36.1295357003511
2022-08-23,144069,285,109223,173,34846,112,117996,187,580823,292,698819,479,4,1473,0,2786,1481,0,"Knox County",470313,325.740517485164,0.357946026986507,101.847067803782,60.5979422214568,35.7946026986507
2022-08-22,143784,280,109050,149,34734,131,117809,154,580531,276,698340,430,0,1469,0,2786,1481,0,"Knox County",470313,334.032867473363,0.346867343367168,91.4284742288646,59.5348204280979,34.6867343367168
2022-08-21,143504,129,108901,90,34603,39,117655,104,580255,196,697910,300,0,1469,0,2786,1481,0,"Knox County",470313,339.135852081486,0.344792375765827,63.7873076015334,27.4285422686594,34.4792375765827
2022-08-20,143375,75,108811,52,34564,23,117551,60,580059,123,697610,183,0,1469,0,2786,1481,2,"Knox County",470313,326.378390561179,0.351570773032121,38.9102576369354,15.9468269003834,35.1570773032121
2022-08-19,143300,211,108759,146,34541,65,117491,149,579936,248,697427,397,0,1469,0,2786,1479,0,"Knox County",470313,322.338527746416,0.360752489856142,84.4118703926959,44.8637396797452,36.0752489856142
2022-08-18,143089,616,108613,212,34476,404,117342,222,579688,286,697030,508,0,1469,1,2786,1479,3,"Knox County",470313,399.095921226928,0.381665449233017,108.013174205263,130.976604941815,38.1665449233017
2022-08-17,142473,199,108401,135,34072,64,117120,149,579402,266,696522,415,3,1469,0,2785,1476,1,"Knox County",470313,381.660723815842,0.377949852507375,88.2391088487879,42.3122473756839,37.7949852507375
2022-08-16,142274,260,108266,175,34008,85,116971,191,579136,191,696107,382,4,1466,0,2785,1475,1,"Knox County",470313,376.345114849047,0.393499043977055,81.2225050126193,55.2823332546623,39.3499043977055
2022-08-15,142014,236,108091,145,33923,91,116780,147,578945,154,695725,301,1,1462,0,2785,1474,0,"Knox County",470313,366.989643067489,0.411102172164119,63.9999319602052,50.1793486465396,41.1102172164119
2022-08-14,141778,91,107946,69,33832,22,116633,79,578791,122,695424,201,1,1461,0,2785,1474,1,"Knox County",470313,358.909917437962,0.41767909509845,42.7374960930274,19.3488166391318,41.767909509845
2022-08-13,141687,98,107877,67,33810,31,116554,79,578669,154,695223,233,0,1460,0,2785,1473,0,"Knox County",470313,363.800277687412,0.416906032006565,49.5414755705243,20.8371871498343,41.6906032006565
2022-08-12,141589,209,107810,144,33779,65,116475,150,578515,338,694990,488,1,1460,0,2785,1473,1,"Knox County",470313,363.375028970069,0.402294303797468,103.760687031828,44.4384909624016,40.2294303797468
2022-08-11,141380,178,107666,128,33714,50,116325,133,578177,188,694502,321,0,1459,0,2785,1472,2,"Knox County",470313,270.24555987183,0.396411789833405,68.2524191336408,37.8471358435765,39.6411789833405
2022-08-10,141202,222,107538,158,33664,64,116192,168,577989,255,694181,423,1,1459,0,2785,1470,1,"Knox County",470313,275.135920121281,0.403150276713495,89.9401037181622,47.2026076251348,40.3150276713495
2022-08-09,140980,272,107380,192,33600,80,116024,199,577734,349,693758,548,5,1458,0,2785,1469,3,"Knox County",470313,277.687412425342,0.379721669980119,116.518148552134,57.8338255587237,37.9721669980119
2022-08-08,140708,237,107188,150,33520,87,115825,156,577385,327,693210,483,2,1453,0,2785,1466,0,"Knox County",470313,277.900036784014,0.35743418613274,102.697565238469,50.3919730052114,35.743418613274
2022-08-07,140471,84,107038,57,33433,27,115669,61,577058,115,692727,176,1,1451,0,2785,1466,1,"Knox County",470313,276.411666273312,0.354041916167665,37.421887126233,17.8604461284294,35.4041916167665
2022-08-06,140387,96,106981,69,33406,27,115608,74,576943,102,692551,176,0,1450,1,2785,1465,1,"Knox County",470313,275.986417555968,0.359847036328872,37.421887126233,20.4119384324907,35.9847036328872
2022-08-05,140291,205,106912,121,33379,84,115534,120,576841,281,692375,401,2,1450,1,2784,1464,2,"Knox County",470313,275.135920121281,0.360363924050633,85.262367827383,43.5879935277145,36.0363924050633
2022-08-04,140086,190,106791,127,33295,63,115414,135,576560,239,691974,374,5,1448,0,2783,1462,3,"Knox County",470313,277.687412425342,0.353738860906625,79.521510143245,40.3986281476379,35.3738860906625
2022-08-03,139896,205,106664,121,33232,84,115279,126,576321,289,691600,415,-2,1443,0,2783,1459,1,"Knox County",470313,274.072798327922,0.338515351729499,88.2391088487879,43.5879935277145,33.8515351729499
2022-08-02,139691,283,106543,173,33148,110,115153,181,576032,308,691185,489,0,1445,0,2783,1458,0,"Knox County",470313,276.411666273312,0.339299920445505,103.9733113905,60.1726935041132,33.9299920445505
2022-08-01,139408,175,106370,99,33038,76,114972,110,575724,133,690696,243,4,1445,1,2783,1458,1,"Knox County",470313,263.228956035661,0.354881266490765,51.6677191572421,37.2092627675612,35.4881266490765
2022-07-31,139233,99,106271,64,32962,35,114862,73,575591,153,690453,226,0,1441,0,2782,1457,1,"Knox County",470313,266.418321415738,0.352409638554217,48.0531050598219,21.049811508506,35.2409638554217
2022-07-30,139134,116,106207,85,32927,31,114789,95,575438,203,690227,298,0,1441,0,2782,1456,1,"Knox County",470313,270.670808589174,0.343417825020442,63.3620588841899,24.6644256059263,34.3417825020442
2022-07-29,139018,218,106122,150,32896,68,114694,154,575235,298,689929,452,0,1441,0,2782,1455,0,"Knox County",470313,273.434925251907,0.350020024028835,96.1062101196437,46.3521101904476,35.0020024028835
2022-07-28,138800,281,105972,187,32828,94,114540,203,574937,319,689477,522,1,1441,0,2782,1455,1,"Knox County",470313,292.783741891039,0.356143667296786,110.989915226668,59.7474447867697,35.6143667296786
2022-07-27,138519,198,105785,129,32734,69,114337,134,574618,248,688955,382,4,1440,0,2782,1454,0,"Knox County",470313,291.295371380336,0.363705972434916,81.2225050126193,42.0996230170121,36.3705972434916
2022-07-26,138321,300,105656,229,32665,71,114203,237,574370,239,688573,476,1,1436,1,2782,1454,1,"Knox County",470313,294.909985477756,0.387071950750289,101.209194727766,63.7873076015334,38.7071950750289
2022-07-25,138021,289,105427,172,32594,117,113966,181,574131,249,688097,430,1,1435,0,2781,1453,1,"Knox County",470313,319.149162366339,0.386575735821967,91.4284742288646,61.4484396561439,38.6575735821967
2022-07-24,137732,112,105255,68,32477,44,113785,73,573882,178,687667,251,0,1434,0,2781,1452,1,"Knox County",470313,321.913279029072,0.383137673425827,53.3687140266163,23.8139281712392,38.3137673425827
2022-07-23,137620,110,105187,53,32433,57,113712,59,573704,143,687416,202,0,1434,0,2781,1451,0,"Knox County",470313,320.637532877041,0.383425414364641,42.9501204516992,23.3886794538956,38.3425414364641
2022-07-22,137510,262,105134,183,32376,79,113653,190,573561,309,687214,499,0,1434,0,2781,1451,1,"Knox County",470313,329.9930046586,0.389934829833454,106.099554977217,55.7075819720059,38.9934829833454
2022-07-21,137248,286,104951,175,32297,111,113463,179,573252,354,686715,533,0,1434,2,2781,1450,2,"Knox County",470313,331.056126451959,0.379733141002524,113.328783172058,60.8105665801286,37.9733141002524
2022-07-20,136962,222,104776,141,32186,81,113284,152,572898,318,686182,470,5,1434,0,2779,1448,0,"Knox County",470313,336.159111060081,0.374344634743097,99.9334485757357,47.2026076251348,37.4344634743097
2022-07-19,136740,226,104635,144,32105,82,113132,148,572580,234,685712,382,1,1429,1,2779,1448,2,"Knox County",470313,320.42490851837,0.354897000361402,81.2225050126193,48.0531050598219,35.4897000361402
2022-07-18,136514,347,104491,205,32023,142,112984,231,572346,382,685330,613,1,1428,0,2778,1446,1,"Knox County",470313,332.757121321333,0.349830508474576,130.3387318658,73.780652459107,34.9830508474576
2022-07-17,136167,76,104286,62,31881,14,112753,69,571964,87,684717,156,0,1427,0,2778,1445,1,"Knox County",470313,325.102644409149,0.360070052539405,33.1693999527974,16.1594512590551,36.0070052539405
2022-07-16,136091,102,104224,65,31867,37,112684,67,571877,123,684561,190,1,1427,0,2778,1444,2,"Knox County",470313,323.401649539775,0.36440379880408,40.3986281476379,21.6876845845214,36.440379880408
2022-07-15,135989,191,104159,119,31830,72,112617,129,571754,326,684371,455,0,1426,2,2778,1442,2,"Knox County",470313,308.305320074078,0.348338692390139,96.7440831956591,40.6112525063096,34.8338692390139
2022-07-14,135798,205,104040,143,31758,62,112488,145,571428,239,683916,384,1,1426,0,2776,1440,5,"Knox County",470313,291.082747021664,0.355094339622642,81.6477537299628,43.5879935277145,35.5094339622642
2022-07-13,135593,267,103897,171,31696,96,112343,180,571189,320,683532,500,0,1425,0,2776,1435,1,"Knox County",470313,300.650843161894,0.361567164179104,106.312179335889,56.7707037653648,36.1567164179104
2022-07-12,135326,236,103726,162,31600,74,112163,171,570869,293,683032,464,4,1425,0,2776,1434,1,"Knox County",470313,302.777086748612,0.359160028964518,98.6577024237051,50.1793486465396,35.9160028964519
2022-07-11,135090,200,103564,135,31526,65,111992,143,570576,253,682568,396,0,1421,1,2776,1433,0,"Knox County",470313,271.521306023861,0.355206286836935,84.1992460340241,42.5248717343556,35.5206286836935
2022-07-10,134890,83,103429,43,31461,40,111849,42,570323,87,682172,129,0,1421,1,2775,1433,1,"Knox County",470313,273.009676534563,0.348292295472597,27.4285422686594,17.6478217697576,34.8292295472597
2022-07-09,134807,118,103386,78,31421,40,111807,78,570236,104,682043,182,0,1421,0,2774,1432,2,"Knox County",470313,276.411666273312,0.353784860557769,38.6976332782636,25.0896743232698,35.3784860557769
2022-07-08,134689,193,103308,125,31381,68,111729,132,570132,304,681861,436,1,1421,0,2774,1430,0,"Knox County",470313,276.836914990655,0.357687675632276,92.7042203808953,41.0365012236532,35.7687675632276
2022-07-07,134496,181,103183,105,31313,76,111597,109,569828,205,681425,314,0,1420,0,2774,1430,4,"Knox County",470313,271.733930382532,0.353159851301115,66.7640486229383,38.4850089195918,35.3159851301115
2022-07-06,134315,227,103078,156,31237,71,111488,158,569623,228,681111,386,3,1420,1,2774,1426,0,"Knox County",470313,263.228956035661,0.361074989163416,82.0730024473064,48.2657294184936,36.1074989163416
2022-07-05,134088,164,102922,118,31166,46,111330,122,569395,118,680725,240,0,1417,1,2773,1426,1,"Knox County",470313,247.920002211293,0.376380220835334,51.0298460812268,34.8703948221716,37.6380220835334
2022-07-04,133924,79,102804,44,31120,35,111208,47,569277,123,680485,170,1,1417,1,2772,1425,0,"Knox County",470313,222.192454812008,0.370490037695207,36.1461409742023,16.7973243350705,37.0490037695207
2022-07-03,133845,105,102760,65,31085,40,111161,69,569154,159,680315,228,0,1416,0,2771,1425,0,"Knox County",470313,226.870190702787,0.365541922290389,48.4783537771654,22.3255576605367,36.5541922290389
2022-07-02,133740,108,102695,75,31045,33,111092,79,568995,200,680087,279,0,1416,0,2771,1425,2,"Knox County",470313,224.74394711607,0.348757915245981,59.3221960694261,22.963430736552,34.8757915245981
2022-07-01,133632,184,102620,124,31012,60,111013,131,568795,318,679808,449,0,1416,1,2771,1423,1,"Knox County",470313,222.830327888024,0.346079380445305,95.4683370436284,39.1228819956072,34.6079380445305
2022-06-30,133448,195,102496,118,30952,77,110882,124,568477,308,679359,432,1,1416,2,2770,1422,1,"Knox County",470313,225.807068909428,0.334249084249084,91.8537229462082,41.4617499409967,33.4249084249084
2022-06-29,133253,184,102378,120,30875,64,110758,131,568169,244,678927,375,2,1415,0,2768,1421,1,"Knox County",470313,216.664221486542,0.323515876668201,79.7341345019168,39.1228819956072,32.3515876668201
2022-06-28,133069,183,102258,116,30811,67,110627,122,567925,265,678552,387,1,1413,0,2768,1420,0,"Knox County",470313,220.704084301306,0.30301724137931,82.2856268059781,38.9102576369354,30.301724137931
2022-06-27,132886,142,102142,100,30744,42,110505,102,567660,167,678165,269,0,1412,0,2768,1420,0,"Knox County",470313,234.099418897628,0.313352625051674,57.1959524827083,30.1926589313925,31.3352625051674
2022-06-26,132744,89,102042,57,30702,32,110403,62,567493,168,677896,230,0,1412,0,2768,1420,0,"Knox County",470313,230.697429158879,0.310202395704254,48.903602494509,18.9235679217883,31.0202395704254
2022-06-25,132655,104,101985,60,30670,44,110341,71,567325,203,677666,274,0,1412,0,2768,1420,0,"Knox County",470313,229.846931724192,0.307533112582781,58.2590742760672,22.1129333018649,30.7533112582781
2022-06-24,132551,145,101925,119,30626,26,110270,128,567122,386,677392,514,0,1412,1,2768,1420,2,"Knox County",470313,221.554581735993,0.298266827891979,109.288920357294,30.8305320074078,29.8266827891979
2022-06-23,132406,185,101806,128,30600,57,110142,136,566736,304,676878,440,1,1412,1,2767,1418,0,"Knox County",470313,219.428338149275,0.302129369224588,93.5547178155824,39.335506354279,30.2129369224588
2022-06-22,132221,182,101678,127,30543,55,110006,131,566432,332,676438,463,0,1411,0,2766,1418,0,"Knox County",470313,219.003089431931,0.291812184710904,98.4450780650333,38.6976332782636,29.1812184710904
2022-06-21,132039,177,101551,88,30488,89,109875,95,566100,175,675975,270,1,1411,1,2766,1418,0,"Knox County",470313,217.727343279901,0.294715447154472,57.4085768413801,37.6345114849047,29.4715447154472
2022-06-20,131862,120,101463,84,30399,36,109780,91,565925,157,675705,248,0,1410,0,2765,1418,1,"Knox County",470313,213.049607389122,0.292742927429274,52.730840950601,25.5149230406134,29.2742927429274
2022-06-19,131742,90,101379,60,30363,30,109689,65,565768,198,675457,263,0,1410,0,2765,1417,0,"Knox County",470313,213.262231747793,0.29004854368932,55.9202063306777,19.13619228046,29.004854368932
2022-06-18,131652,99,101319,81,30333,18,109624,87,565570,194,675194,281,-1,1410,0,2765,1417,0,"Knox County",470313,212.199109954435,0.295683743444937,59.7474447867697,21.049811508506,29.5683743444937
2022-06-17,131553,133,101238,85,30315,48,109537,89,565376,254,674913,343,3,1411,2,2765,1417,1,"Knox County",470313,209.647617650373,0.300693240901213,72.9301550244199,28.2790397033465,30.0693240901213
2022-06-16,131420,138,101153,104,30267,34,109448,108,565122,301,674570,409,1,1408,0,2763,1416,0,"Knox County",470313,199.6542727928,0.292490118577075,86.9633626967573,29.3421614967054,29.2490118577075
2022-06-15,131282,113,101049,81,30233,32,109340,85,564821,264,674161,349,0,1407,0,2763,1416,1,"Knox County",470313,184.983192044447,0.286638927415626,74.2059011764506,24.0265525299109,28.6638927415626
2022-06-14,131169,170,100968,106,30201,64,109255,114,564557,244,673812,358,2,1407,0,2763,1415,0,"Knox County",470313,183.494821533745,0.283873833851622,76.1195204044966,36.1461409742023,28.3873833851622
2022-06-13,130999,117,100862,71,30137,46,109141,71,564313,150,673454,221,1,1405,0,2763,1415,2,"Knox County",470313,182.856948457729,0.278327338129496,46.989983266463,24.877049964598,27.8327338129496
2022-06-12,130882,79,100791,44,30091,35,109070,48,564163,129,673233,177,1,1404,1,2763,1413,1,"Knox County",470313,180.51808051234,0.281571562207671,37.6345114849047,16.7973243350705,28.1571562207671
2022-06-11,130803,102,100747,82,30056,20,109022,93,564034,227,673056,320,0,1403,0,2762,1412,0,"Knox County",470313,181.155953588355,0.279283417547083,68.039794774969,21.6876845845214,27.9283417547083
2022-06-10,130701,122,100665,77,30036,45,108929,88,563807,368,672736,456,0,1403,1,2762,1412,0,"Knox County",470313,178.817085642965,0.265065502183406,96.9567075543308,25.9401717579569,26.5065502183406
2022-06-09,130579,161,100588,107,29991,54,108841,114,563439,330,672280,444,1,1403,0,2761,1412,0,"Knox County",470313,183.707445892416,0.263655913978495,94.4052152502695,34.2325217461563,26.3655913978495
2022-06-08,130418,150,100481,100,29937,50,108727,116,563109,324,671836,440,0,1402,0,2761,1412,0,"Knox County",470313,191.574547163272,0.266556291390728,93.5547178155824,31.8936538007667,26.6556291390728
2022-06-07,130268,121,100381,70,29887,51,108611,71,562785,169,671396,240,0,1402,0,2761,1412,0,"Knox County",470313,181.155953588355,0.261531766753699,51.0298460812268,25.7275473992852,26.1531766753699
2022-06-06,130147,116,100311,79,29836,37,108540,81,562616,280,671156,361,0,1402,1,2761,1412,0,"Knox County",470313,180.943329229683,0.250615258408532,76.7573934805119,24.6644256059263,25.0615258408532
2022-06-05,130031,75,100232,54,29799,21,108459,57,562336,233,670795,290,3,1402,1,2760,1412,0,"Knox County",470313,180.092831794996,0.243041944335555,61.6610640148157,15.9468269003834,24.3041944335555
2022-06-04,129956,86,100178,72,29778,14,108402,76,562103,300,670505,376,0,1399,0,2759,1412,1,"Knox County",470313,176.690842056248,0.231300345224396,79.9467588605886,18.2856948457729,23.1300345224396
2022-06-03,129870,132,100106,90,29764,42,108326,96,561803,346,670129,442,0,1399,1,2759,1411,3,"Knox County",470313,178.817085642965,0.235634400308523,93.9799665329259,28.0664153446747,23.5634400308523
2022-06-02,129738,114,100016,88,29722,26,108230,96,561457,284,669687,380,0,1399,0,2758,1408,0,"Knox County",470313,168.823740785392,0.234480031633057,80.7972562952757,24.2391768885827,23.4480031633057
2022-06-01,129624,169,99928,90,29696,79,108134,105,561173,303,669307,408,1,1399,1,2758,1408,0,"Knox County",470313,172.863603600156,0.233079695634762,86.7507383380855,35.9335166155305,23.3079695634762
2022-05-31,129455,129,99838,94,29617,35,108029,96,560870,214,668899,310,0,1398,2,2757,1408,0,"Knox County",470313,174.56459846953,0.236462797039346,65.9135511882512,27.4285422686594,23.6462797039346
2022-05-30,129326,57,99744,32,29582,25,107933,36,560656,118,668589,154,0,1398,3,2755,1408,0,"Knox County",470313,162.019761307895,0.238135593220339,32.7441512354538,12.1195884442914,23.8135593220339
2022-05-29,129269,56,99712,43,29557,13,107897,46,560538,200,668435,246,0,1398,0,2752,1408,1,"Knox County",470313,157.979898493131,0.237910189982729,52.3055922332574,11.9069640856196,23.7910189982729
2022-05-28,129213,69,99669,56,29544,13,107851,58,560338,229,668189,287,0,1398,0,2752,1407,0,"Knox County",470313,154.365284395711,0.23933542882802,61.0231909388003,14.6710807483527,23.933542882802
2022-05-27,129144,98,99613,66,29531,32,107793,67,560109,417,667902,484,2,1398,2,2752,1407,0,"Knox County",470313,147.13605620087,0.222124283825474,102.910189597141,20.8371871498343,22.2124283825474
2022-05-26,129046,102,99547,78,29499,24,107726,82,559692,367,667418,449,1,1396,3,2750,1407,1,"Knox County",470313,144.584563896809,0.209580838323353,95.4683370436284,21.6876845845214,20.9580838323353
2022-05-25,128944,108,99469,79,29475,29,107644,86,559325,264,666969,350,2,1395,0,2747,1406,1,"Knox County",470313,131.614478017831,0.206578947368421,74.4185255351224,22.963430736552,20.6578947368421
2022-05-24,128836,106,99390,68,29446,38,107558,73,559061,281,666619,354,0,1393,1,2747,1405,0,"Knox County",470313,126.72411776838,0.192771084337349,75.2690229698095,22.5381820192085,19.2771084337349
2022-05-23,128730,107,99322,71,29408,36,107485,70,558780,337,666265,407,1,1393,2,2746,1405,0,"Knox County",470313,137.355335701969,0.187039192859915,86.5381139794137,22.7508063778803,18.7039192859915
2022-05-22,128623,47,99251,38,29372,9,107415,40,558443,180,665858,220,1,1392,2,2744,1405,0,"Knox County",470313,135.441716473923,0.186593492747942,46.7773589077912,9.99334485757357,18.6593492747942
2022-05-21,128576,55,99213,45,29363,10,107375,49,558263,208,665638,257,0,1391,3,2742,1405,0,"Knox County",470313,132.464975452518,0.185243950813169,54.644460178647,11.6943397269478,18.5243950813169
2022-05-20,128521,87,99168,59,29353,28,107326,63,558055,225,665381,288,0,1391,1,2739,1405,0,"Knox County",470313,130.126107507128,0.199139784946237,61.2358152974721,18.4983192044447,19.9139784946237
2022-05-19,128434,95,99109,67,29325,28,107263,69,557830,254,665093,323,6,1391,1,2738,1405,0,"Knox County",470313,128.637736996426,0.204638472032742,68.6776678509843,20.1993140738189,20.4638472032742
2022-05-18,128339,82,99042,54,29297,28,107194,56,557576,239,664770,295,1,1385,1,2737,1405,0,"Knox County",470313,123.10950367096,0.19589552238806,62.7241858081746,17.4351974110858,19.589552238806
2022-05-17,128257,80,98988,51,29269,29,107138,54,557337,315,664475,369,2,1384,0,2736,1405,0,"Knox County",470313,117.581270345493,0.185734136174155,78.4583883498861,17.0099486937423,18.5734136174155
2022-05-16,128177,64,98937,40,29240,24,107084,39,557022,254,664106,293,0,1382,1,2736,1405,1,"Knox County",470313,108.438422922607,0.180929095354523,62.298937090831,13.6079589549938,18.0929095354523
2022-05-15,128113,39,98897,25,29216,14,107045,27,556768,174,663813,201,0,1382,1,2735,1404,0,"Knox County",470313,106.737428053233,0.176209279368213,42.7374960930274,8.29234998819935,17.6209279368213
2022-05-14,128074,29,98872,21,29202,8,107018,22,556594,145,663612,167,0,1382,1,2734,1404,0,"Knox County",470313,101.209194727766,0.170454545454545,35.508267898187,6.16610640148157,17.0454545454545
2022-05-13,128045,77,98851,55,29194,22,106996,58,556449,251,663445,309,-3,1382,0,2733,1404,1,"Knox County",470313,99.0829511410486,0.166070516096065,65.7009268295794,16.3720756177269,16.6070516096065
2022-05-12,127968,72,98796,45,29172,27,106938,49,556198,301,663136,350,1,1385,0,2733,1403,1,"Knox County",470313,94.1925908915977,0.153729838709677,74.4185255351224,15.308953824368,15.3729838709677
2022-05-11,127896,47,98751,33,29145,14,106889,35,555897,177,662786,212,0,1384,0,2733,1402,0,"Knox County",470313,86.7507383380855,0.149395055234087,45.076364038417,9.99334485757357,14.9395055234087
2022-05-10,127849,78,98718,40,29131,38,106854,43,555720,322,662574,365,1,1384,3,2733,1402,1,"Knox County",470313,86.3254896207419,0.143911439114391,77.607890915199,16.5846999763987,14.3911439114391
2022-05-09,127771,54,98678,31,29093,23,106811,32,555398,181,662209,213,0,1383,1,2730,1401,0,"Knox County",470313,84.1992460340242,0.146395156851954,45.2889883970888,11.481715368276,14.6395156851954
2022-05-08,127717,31,98647,23,29070,8,106779,24,555217,133,661996,157,0,1383,0,2729,1401,0,"Knox County",470313,82.4982511646499,0.148336153412296,33.3820243114692,6.59135511882512,14.8336153412296
2022-05-07,127686,17,98624,10,29062,7,106755,13,555084,174,661839,187,0,1383,0,2729,1401,0,"Knox County",470313,79.9467588605886,0.141662018962632,39.7607550716225,3.61461409742023,14.1662018962632
2022-05-06,127669,51,98614,30,29055,21,106742,34,554910,209,661652,243,0,1383,1,2729,1401,1,"Knox County",470313,74.4185255351224,0.13317892298784,51.6677191572421,10.8438422922607,13.317892298784
2022-05-05,127618,48,98584,31,29034,17,106708,34,554701,185,661409,219,1,1383,0,2728,1400,0,"Knox County",470313,69.3155409269997,0.134711779448622,46.5647345491194,10.2059692162454,13.4711779448622
2022-05-04,127570,54,98553,35,29017,19,106674,38,554516,249,661190,287,1,1382,0,2728,1400,0,"Knox County",470313,70.8039114377021,0.130460801915021,61.0231909388003,11.481715368276,13.0460801915021
2022-05-03,127516,34,98518,21,28998,13,106636,24,554267,145,660903,169,0,1381,0,2728,1400,1,"Knox County",470313,61.4484396561439,0.134915254237288,35.9335166155305,7.22922819484046,13.4915254237288
2022-05-02,127482,37,98497,28,28985,9,106612,32,554122,190,660734,222,3,1381,2,2728,1399,0,"Knox County",470313,57.8338255587237,0.134097035040431,47.2026076251348,7.86710127085579,13.4097035040431
2022-05-01,127445,14,98469,9,28976,5,106580,9,553932,82,660512,91,0,1378,0,2726,1399,0,"Knox County",470313,54.2192114613034,0.129760225669958,19.3488166391318,2.97674102140489,12.9760225669958
2022-04-30,127431,19,98460,14,28971,5,106571,15,553850,141,660421,156,0,1378,0,2726,1399,0,"Knox County",470313,54.644460178647,0.134102379235761,33.1693999527974,4.03986281476378,13.4102379235761
2022-04-29,127412,24,98446,14,28966,10,106556,13,553709,200,660265,213,0,1378,0,2726,1399,1,"Knox County",470313,48.903602494509,0.121591746499632,45.2889883970888,5.10298460812268,12.1591746499632
2022-04-28,127388,32,98432,25,28956,7,106543,26,553509,226,660052,252,1,1378,0,2726,1398,0,"Knox County",470313,45.5016127557605,0.11294964028777,53.5813383852881,6.8039794774969,11.294964028777
2022-04-27,127356,34,98407,24,28949,10,106517,26,553283,181,659800,207,0,1377,0,2726,1398,0,"Knox County",470313,41.249125582325,0.110687022900763,44.0132422450581,7.22922819484046,11.0687022900763
2022-04-26,127322,39,98383,21,28939,18,106491,21,553102,240,659593,261,0,1377,0,2726,1398,0,"Knox County",470313,42.3122473756839,0.101283880171184,55.4949576133341,8.29234998819935,10.1283880171184
2022-04-25,127283,61,98362,16,28921,45,106470,17,552862,101,659332,118,0,1377,2,2726,1398,1,"Knox County",470313,47.4152319838065,0.0978428351309707,25.0896743232698,12.9700858789785,9.78428351309707
2022-04-24,127222,15,98346,11,28876,4,106453,12,552761,148,659214,160,1,1377,0,2724,1397,1,"Knox County",470313,47.6278563424783,0.0950987564008778,34.0198973874845,3.18936538007667,9.50987564008778
2022-04-23,127207,12,98335,5,28872,7,106441,7,552613,197,659054,204,0,1376,0,2724,1396,0,"Knox County",470313,46.1394858317759,0.0862190812720848,43.3753691690427,2.55149230406134,8.62190812720848
2022-04-22,127195,25,98330,18,28865,7,106434,20,552416,210,658850,230,0,1376,0,2724,1396,0,"Knox County",470313,46.3521101904476,0.0900837988826816,48.903602494509,5.31560896679445,9.00837988826816
2022-04-21,127170,32,98312,23,28858,9,106414,23,552206,231,658620,254,0,1376,0,2724,1396,0,"Knox County",470313,46.3521101904476,0.0878661087866109,54.0065871026317,6.8039794774969,8.78661087866109
2022-04-20,127138,55,98289,32,28849,23,106391,34,551975,247,658366,281,1,1376,0,2724,1396,1,"Knox County",470313,50.817221722555,0.0888594164456233,59.7474447867697,11.6943397269478,8.88594164456233
2022-04-19,127083,29,98257,16,28826,13,106357,17,551728,151,658085,168,0,1375,0,2724,1395,0,"Knox County",470313,48.6909781358372,0.0918727915194346,35.7208922568587,6.16610640148157,9.18727915194346
2022-04-18,127054,38,98241,21,28813,17,106340,21,551577,117,657917,138,0,1375,1,2724,1395,0,"Knox County",470313,43.8006178863863,0.0933797909407666,29.3421614967054,8.07972562952757,9.33797909407665
2022-04-17,127016,16,98220,10,28796,6,106319,9,551460,101,657779,110,0,1375,0,2723,1395,1,"Knox County",470313,44.0132422450581,0.0945848375451264,23.3886794538956,3.40198973874845,9.45848375451263
2022-04-16,127000,10,98210,10,28790,0,106310,12,551359,126,657669,138,0,1375,0,2723,1394,0,"Knox County",470313,43.5879935277145,0.103108415466262,29.3421614967054,2.12624358671778,10.3108415466262
2022-04-15,126990,18,98200,13,28790,5,106298,13,551233,198,657531,211,0,1375,0,2723,1394,0,"Knox County",470313,42.0996230170121,0.0992307692307692,44.8637396797452,3.82723845609201,9.92307692307692
2022-04-14,126972,18,98187,5,28785,13,106285,6,551035,158,657320,164,1,1375,0,2723,1394,1,"Knox County",470313,39.1228819956072,0.0925619834710744,34.8703948221716,3.82723845609201,9.25619834710744
2022-04-13,126954,39,98182,26,28772,13,106279,28,550877,209,657156,237,-1,1374,0,2723,1393,1,"Knox County",470313,35.7208922568587,0.0909090909090909,50.3919730052114,8.29234998819935,9.09090909090909
2022-04-12,126915,23,98156,6,28759,17,106251,8,550668,192,656919,200,5,1375,0,2723,1392,0,"Knox County",470313,34.4451461048281,0.0809682804674457,42.5248717343556,4.8903602494509,8.09682804674457
2022-04-11,126892,22,98150,13,28742,9,106243,13,550476,173,656719,186,1,1370,2,2723,1392,1,"Knox County",470313,31.0431563660796,0.0714285714285714,39.5481307129507,4.67773589077912,7.14285714285714
2022-04-10,126870,9,98137,7,28733,2,106230,7,550303,110,656533,117,0,1369,1,2721,1391,0,"Knox County",470313,29.5547858553772,0.0694333599361532,24.877049964598,1.913619228046,6.94333599361532
2022-04-09,126861,7,98130,5,28731,2,106223,5,550193,148,656416,153,0,1369,0,2720,1391,0,"Knox County",470313,28.9169127793618,0.0630914826498423,32.5315268767821,1.48837051070245,6.30914826498423
2022-04-08,126854,18,98125,15,28729,3,106218,16,550045,176,656263,192,1,1369,0,2720,1391,0,"Knox County",470313,28.9169127793618,0.066453162530024,40.8238768649814,3.82723845609201,6.6453162530024
2022-04-07,126836,16,98110,7,28726,9,106202,10,549869,181,656071,191,5,1368,0,2720,1391,0,"Knox County",470313,28.4916640620183,0.0681818181818182,40.6112525063096,3.40198973874845,6.81818181818182
2022-04-06,126820,21,98103,14,28717,7,106192,16,549688,204,655880,220,-1,1363,0,2720,1391,2,"Knox County",470313,24.6644256059263,0.0595710881652105,46.7773589077912,4.46511153210734,5.95710881652105
2022-04-05,126799,15,98089,12,28710,3,106176,13,549484,198,655660,211,4,1364,0,2720,1389,2,"Knox County",470313,22.963430736552,0.062992125984252,44.8637396797452,3.18936538007667,6.2992125984252
2022-04-04,126784,16,98077,5,28707,11,106163,7,549286,158,655449,165,8,1360,2,2720,1387,0,"Knox County",470313,21.6876845845214,0.0592473979183347,35.0830191808434,3.40198973874845,5.92473979183347
2022-04-03,126768,5,98072,4,28696,1,106156,3,549128,75,655284,78,1,1352,0,2718,1387,1,"Knox County",470313,20.8371871498343,0.0578512396694215,16.5846999763987,1.06312179335889,5.78512396694215
2022-04-02,126763,2,98068,2,28695,0,106153,3,549053,116,655206,119,0,1351,0,2718,1386,1,"Knox County",470313,19.7740653564754,0.0578231292517007,25.3022986819416,0.425248717343556,5.78231292517007
2022-04-01,126761,19,98066,8,28695,11,106150,8,548937,231,655087,239,4,1351,0,2718,1385,0,"Knox County",470313,19.9866897151471,0.0490596892886345,50.817221722555,4.03986281476378,4.90596892886345
2022-03-31,126742,17,98058,7,28684,10,106142,8,548706,238,654848,246,3,1347,0,2718,1385,0,"Knox County",470313,20.1993140738189,0.0453834115805947,52.3055922332574,3.61461409742023,4.53834115805947
2022-03-30,126725,22,98051,10,28674,12,106134,9,548468,256,654602,265,0,1344,1,2718,1385,0,"Knox County",470313,20.4119384324907,0.0385487528344671,56.3454550480212,4.67773589077912,3.85487528344671
2022-03-29,126703,20,98041,8,28662,12,106125,9,548212,192,654337,201,2,1344,0,2717,1385,3,"Knox County",470313,21.4750602258496,0.0357958872810358,42.7374960930274,4.25248717343556,3.57958872810358
2022-03-28,126683,19,98033,12,28650,7,106116,16,548020,332,654136,348,3,1342,0,2717,1382,0,"Knox County",470313,22.1129333018649,0.0374331550802139,73.9932768177788,4.03986281476378,3.74331550802139
2022-03-27,126664,4,98021,3,28643,1,106100,3,547688,73,653788,76,0,1339,0,2717,1382,1,"Knox County",470313,21.9003089431931,0.037483266398929,16.1594512590551,0.850497434687113,3.7483266398929
2022-03-26,126660,8,98018,5,28642,3,106097,5,547615,166,653712,171,0,1339,1,2717,1381,1,"Knox County",470313,23.1760550952238,0.03751617076326,36.3587653328741,1.70099486937423,3.751617076326
2022-03-25,126652,14,98013,7,28639,7,106092,8,547449,244,653541,252,0,1339,1,2716,1380,1,"Knox County",470313,22.1129333018649,0.0372033354714561,53.5813383852881,2.97674102140489,3.72033354714561
2022-03-24,126638,56,98006,9,28632,47,106084,10,547205,187,653289,197,1,1339,0,2715,1379,2,"Knox County",470313,30.4052832900643,0.0397350993377483,41.8869986583403,11.9069640856196,3.97350993377483
2022-03-23,126582,11,97997,6,28585,5,106074,6,547018,201,653092,207,0,1338,0,2715,1377,1,"Knox County",470313,28.0664153446747,0.0392561983471074,44.0132422450581,2.33886794538956,3.92561983471074
2022-03-22,126571,16,97991,11,28580,5,106068,11,546817,150,652885,161,0,1338,1,2715,1376,4,"Knox County",470313,27.2159179099876,0.0417847025495751,34.2325217461563,3.40198973874845,4.17847025495751
2022-03-21,126555,12,97980,6,28575,6,106057,6,546667,125,652724,131,7,1338,1,2714,1372,0,"Knox County",470313,25.7275473992852,0.0410041841004184,27.8537909860029,2.55149230406134,4.10041841004184
2022-03-20,126543,11,97974,8,28569,3,106051,10,546542,98,652593,108,1,1331,0,2713,1372,0,"Knox County",470313,27.2159179099876,0.045639771801141,22.963430736552,2.33886794538956,4.5639771801141
2022-03-19,126532,11,97966,10,28566,1,106041,11,546444,175,652485,186,0,1330,0,2713,1372,0,"Knox County",470313,27.8537909860029,0.0499194847020934,39.5481307129507,2.33886794538956,4.99194847020934
2022-03-18,126521,24,97956,15,28565,9,106030,14,546269,219,652299,233,0,1330,1,2713,1372,2,"Knox County",470313,29.9800345727207,0.0556009811937858,49.5414755705243,5.10298460812268,5.56009811937858
2022-03-17,126497,36,97941,25,28556,11,106016,31,546050,209,652066,240,1,1330,0,2712,1370,2,"Knox County",470313,25.7275473992852,0.0703001579778831,51.0298460812268,7.65447691218401,7.03001579778831
2022-03-16,126461,21,97916,8,28545,13,105985,12,545841,236,651826,248,3,1329,2,2712,1368,2,"Knox County",470313,27.8537909860029,0.0726855394032135,52.730840950601,4.46511153210734,7.26855394032135
2022-03-15,126440,55,97908,18,28532,37,105973,19,545605,257,651578,276,1,1326,1,2710,1366,2,"Knox County",470313,36.1461409742023,0.0724331926863572,58.6843229934108,11.6943397269478,7.24331926863572
2022-03-14,126385,21,97890,16,28495,5,105954,22,545348,228,651302,250,10,1325,0,2709,1364,3,"Knox County",470313,38.0597602022483,0.0772225827384815,53.1560896679445,4.46511153210734,7.72225827384815
2022-03-13,126364,5,97874,5,28490,0,105932,10,545120,484,651052,494,2,1315,0,2709,1361,1,"Knox County",470313,36.7840140502176,0.0617540217955371,105.036433183858,1.06312179335889,6.17540217955371
2022-03-12,126359,9,97869,8,28490,1,105922,9,544636,293,650558,302,0,1313,3,2709,1360,2,"Knox County",470313,36.3587653328741,0.0572687224669604,64.212556318877,1.913619228046,5.72687224669604
2022-03-11,126350,20,97861,13,28489,7,105913,15,544343,467,650256,482,9,1313,0,2706,1358,4,"Knox County",470313,35.508267898187,0.0514834205933682,102.484940879797,4.25248717343556,5.14834205933682
2022-03-10,126330,28,97848,20,28482,8,105898,23,543876,459,649774,482,4,1304,1,2706,1354,2,"Knox County",470313,33.8072730288127,0.0434096290449882,102.484940879797,5.95348204280979,4.34096290449882
2022-03-09,126302,64,97828,20,28474,44,105875,23,543417,419,649292,442,1,1300,2,2705,1352,2,"Knox County",470313,42.9501204516992,0.0443548387096774,93.9799665329259,13.6079589549938,4.43548387096774
2022-03-08,126238,35,97808,18,28430,17,105852,19,542998,311,648850,330,1,1299,1,2703,1350,3,"Knox County",470313,38.6976332782636,0.0434938892882818,70.1660383616868,7.44185255351224,4.34938892882818
2022-03-07,126203,26,97790,21,28413,5,105833,25,542687,267,648520,292,4,1298,2,2702,1347,0,"Knox County",470313,39.7607550716225,0.0439093484419263,62.0863127321592,5.52823332546623,4.39093484419263
2022-03-06,126177,14,97769,11,28408,3,105808,13,542420,212,648228,225,2,1294,2,2700,1347,0,"Knox County",470313,41.6743742996685,0.049706457925636,47.8404807011501,2.97674102140489,4.9706457925636
2022-03-05,126163,19,97758,10,28405,9,105795,11,542208,266,648003,277,0,1292,1,2698,1347,2,"Knox County",470313,43.8006178863863,0.0509881422924901,58.8969473520825,4.03986281476378,5.09881422924901
2022-03-04,126144,53,97748,29,28396,24,105784,30,541942,380,647726,410,1,1292,1,2697,1345,2,"Knox County",470313,50.817221722555,0.0585842148087876,87.175987055429,11.2690910096042,5.85842148087876
2022-03-03,126091,45,97719,29,28372,16,105754,34,541562,326,647316,360,8,1291,4,2696,1343,2,"Knox County",470313,54.4318358199752,0.0663527397260274,76.5447691218401,9.56809614023002,6.63527397260274
2022-03-02,126046,37,97690,29,28356,8,105720,36,541236,338,646956,374,-2,1283,1,2692,1341,7,"Knox County",470313,48.6909781358372,0.0740740740740741,79.521510143245,7.86710127085579,7.40740740740741
2022-03-01,126009,91,97661,48,28348,43,105684,60,540898,391,646582,451,3,1285,3,2691,1334,2,"Knox County",470313,60.5979422214568,0.0874843030556718,95.893585760972,19.3488166391318,8.74843030556718
2022-02-28,125918,132,97613,88,28305,44,105624,96,540507,549,646131,645,10,1282,4,2688,1332,5,"Knox County",470313,83.1361242406653,0.102115244347192,137.142711343297,28.0664153446747,10.2115244347192
2022-02-27,125786,3,97525,3,28261,0,105528,5,539958,75,645486,80,1,1272,1,2684,1327,5,"Knox County",470313,80.7972562952757,0.104736234116288,17.0099486937423,0.637873076015334,10.4736234116288
2022-02-26,125783,46,97522,32,28261,14,105523,35,539883,275,645406,310,0,1271,2,2683,1322,0,"Knox County",470313,86.5381139794137,0.11254752851711,65.9135511882512,9.7807204989018,11.254752851711
2022-02-25,125737,105,97490,66,28247,39,105488,74,539608,406,645096,480,2,1271,5,2681,1322,6,"Knox County",470313,97.5945806303462,0.125925925925926,102.059692162454,22.3255576605367,12.5925925925926
2022-02-24,125632,142,97424,84,28208,58,105414,94,539202,463,644616,557,1,1269,4,2676,1316,3,"Knox County",470313,118.219143421509,0.138073869520193,118.43176778018,30.1926589313925,13.8073869520193
2022-02-23,125490,141,97340,96,28150,45,105320,115,538739,413,644059,528,6,1268,1,2672,1313,4,"Knox County",470313,140.332076723374,0.156997705670272,112.265661378699,29.9800345727207,15.6997705670272
2022-02-22,125349,142,97244,87,28105,55,105205,100,538326,356,643531,456,11,1262,7,2671,1309,3,"Knox County",470313,151.175919015634,0.169829842931937,96.9567075543308,30.1926589313925,16.9829842931937
2022-02-21,125207,72,97157,47,28050,25,105105,50,537970,290,643075,340,0,1251,1,2664,1306,5,"Knox County",470313,138.418457495328,0.171937477280989,72.2922819484046,15.308953824368,17.1937477280989
2022-02-20,125135,71,97110,48,28025,23,105055,57,537680,289,642735,346,0,1251,1,2663,1301,2,"Knox County",470313,152.876913885008,0.174013921113689,73.5680281004352,15.0963294656962,17.4013921113689
2022-02-19,125064,89,97062,54,28002,35,104998,68,537391,322,642389,390,0,1251,1,2662,1299,4,"Knox County",470313,162.019761307895,0.180174362286083,82.9234998819935,18.9235679217883,18.0174362286083
2022-02-18,124975,140,97008,92,27967,48,104930,113,537069,498,641999,611,0,1251,3,2661,1295,4,"Knox County",470313,169.461613861407,0.184944237918216,129.913483148456,29.7674102140489,18.4944237918216
2022-02-17,124835,272,96916,210,27919,62,104817,254,536571,1208,641388,1462,1,1251,2,2658,1291,2,"Knox County",470313,197.102780488738,0.183159932252601,310.85681237814,57.8338255587237,18.3159932252601
2022-02-16,124563,224,96706,145,27857,79,104563,160,535363,546,639926,706,3,1250,3,2656,1289,3,"Knox County",470313,214.750602258496,0.186035722570169,150.112797222275,47.6278563424783,18.6035722570169
2022-02-15,124339,271,96561,214,27778,57,104403,241,534817,592,639220,833,5,1247,6,2653,1286,4,"Knox County",470313,242.179144527155,0.201151877133106,177.116090773591,57.6212012000519,20.1151877133106
2022-02-14,124068,341,96347,205,27721,136,104162,246,534225,602,638387,848,19,1242,8,2647,1282,1,"Knox County",470313,299.375097009864,0.219207082371055,180.305456153668,72.5049063070764,21.9207082371055
2022-02-13,123727,119,96142,100,27585,19,103916,116,533623,283,637539,399,1,1223,1,2639,1281,3,"Knox County",470313,309.581066226109,0.228233949323681,84.8371191100395,25.3022986819416,22.8233949323681
2022-02-12,123608,153,96042,109,27566,44,103800,127,533340,414,637140,541,0,1222,3,2638,1278,6,"Knox County",470313,323.189025181103,0.232777777777778,115.029778041432,32.5315268767821,23.2777777777778
2022-02-11,123455,340,95933,251,27522,89,103673,279,532926,631,636599,910,3,1222,10,2635,1272,5,"Knox County",470313,365.713896915458,0.249692928583962,193.488166391318,72.2922819484046,24.9692928583962
2022-02-10,123115,420,95682,272,27433,148,103394,302,532295,555,635689,857,7,1219,12,2625,1267,3,"Knox County",470313,397.182301998882,0.288771103258736,182.219075381714,89.3022306421468,28.8771103258736
2022-02-09,122695,436,95410,305,27285,131,103092,369,531740,606,634832,975,8,1212,4,2613,1264,6,"Knox County",470313,442.258666037299,0.313257505127727,207.308749704984,92.7042203808953,31.3257505127727
2022-02-08,122259,452,95105,331,27154,121,102723,389,531134,462,633857,851,6,1204,8,2609,1258,12,"Knox County",470313,480.74367495689,0.339713807842408,180.943329229683,96.1062101196437,33.9713807842408
2022-02-07,121807,588,94774,409,27033,179,102334,441,530672,624,633006,1065,10,1198,11,2601,1246,5,"Knox County",470313,533.26189154882,0.361379063951411,226.444941985444,125.023122899006,36.1379063951411
2022-02-06,121219,250,94365,184,26854,66,101893,214,530048,435,631941,649,0,1188,13,2590,1241,5,"Knox County",470313,561.115682534823,0.362688098495212,137.993208777984,53.1560896679445,36.2688098495212
2022-02-05,120969,269,94181,192,26788,77,101679,220,529613,496,631292,716,0,1188,7,2577,1236,11,"Knox County",470313,585.780108140749,0.367590901544081,152.239040808993,57.1959524827083,36.7590901544081
2022-02-04,120700,649,93989,510,26711,139,101459,581,529117,963,630576,1544,3,1188,3,2570,1225,0,"Knox County",470313,651.481034970328,0.377948024635722,328.292009789225,137.993208777984,37.7948024635722
2022-02-03,120051,1640,93479,502,26572,1138,100878,505,528154,741,629032,1246,1,1185,13,2567,1225,2,"Knox County",470313,910.882752549898,0.385892705080897,264.929950905036,348.703948221716,38.5892705080897
2022-02-02,118411,715,92977,536,25434,179,100373,602,527413,904,627786,1506,7,1184,6,2554,1223,9,"Knox County",470313,970.204948619324,0.389600105582684,320.212284159698,152.026416450321,38.9600105582684
2022-02-01,117696,931,92441,733,25255,198,99771,829,526509,1139,626280,1968,5,1177,12,2548,1214,7,"Knox County",470313,1072.05201642311,0.390154129284564,418.444737866059,197.953277923425,39.0154129284564
2022-01-31,116765,713,91708,517,25057,196,98942,522,525370,605,624312,1127,11,1172,13,2536,1207,2,"Knox County",470313,1098.63006125708,0.396642302421197,239.627652223094,151.601167732978,39.6642302421197
2022-01-30,116052,387,91191,319,24861,68,98420,336,524765,569,623185,905,1,1161,7,2523,1205,6,"Knox County",470313,1127.75959839511,0.398912561029738,192.425044597959,82.2856268059781,39.8912561029738
2022-01-29,115665,677,90872,588,24793,89,98084,644,524196,912,622280,1556,0,1160,5,2516,1199,3,"Knox County",470313,1214.5103367332,0.407937474624442,330.843502093287,143.946690820794,40.7937474624442
2022-01-28,114988,932,90284,770,24704,162,97440,832,523284,1040,620724,1872,3,1160,15,2511,1196,6,"Knox County",470313,1274.68303023731,0.419449901768173,398.032799433569,198.165902282097,41.9449901768173
2022-01-27,114056,1428,89514,1198,24542,230,96608,1272,522244,1472,618852,2744,7,1157,13,2496,1190,8,"Knox County",470313,1229.60666619889,0.431323856824799,583.441240195359,303.627584183299,43.1323856824799
2022-01-26,112628,992,88316,801,24312,191,95336,850,520772,965,616108,1815,4,1150,4,2483,1182,8,"Knox County",470313,1288.50361355098,0.440894302160674,385.913210989277,210.923363802404,44.0894302160674
2022-01-25,111636,1017,87515,765,24121,252,94486,803,519807,930,614293,1733,7,1146,11,2479,1174,6,"Knox County",470313,1306.78930839675,0.447498298162015,368.478013578192,216.238972769198,44.7498298162015
2022-01-24,110619,1317,86750,1082,23869,235,93683,1161,518877,1550,612560,2711,13,1139,15,2468,1168,5,"Knox County",470313,1435.2144210345,0.442261547690462,576.424636359191,280.026280370732,44.2261547690462
2022-01-23,109302,768,85668,679,23634,89,92522,709,517327,818,609849,1527,0,1126,7,2453,1163,10,"Knox County",470313,1516.22430168845,0.449276400630463,324.677395691805,163.295507459926,44.9276400630463
2022-01-22,108534,900,84989,738,23545,162,91813,770,516509,1056,608322,1826,0,1126,14,2446,1153,3,"Knox County",470313,1563.63953367226,0.44960640989598,388.252078934667,191.3619228046,44.960640989598
2022-01-21,107634,1514,84251,1229,23383,285,91043,1289,515453,1348,606496,2637,1,1126,6,2432,1150,6,"Knox County",470313,1687.38691041923,0.457146668445274,560.690433817479,321.913279029072,45.7146668445274
2022-01-20,106120,1408,83022,1166,23098,242,89754,1215,514105,1152,603859,2367,11,1125,11,2426,1144,2,"Knox County",470313,1683.1344232458,0.465038314176245,503.281856976099,299.375097009864,46.5038314176245
2022-01-19,104712,1665,81856,1305,22856,360,88539,1342,512953,1331,601492,2673,4,1114,7,2415,1142,2,"Knox County",470313,1826.2306166319,0.471048209900478,568.344910729663,354.019557188511,47.1048209900478
2022-01-18,103047,1043,80551,663,22496,380,87197,691,511622,686,598819,1377,6,1110,7,2408,1140,4,"Knox County",470313,1831.75884995737,0.474732107421617,292.783741891039,221.767206094665,47.4732107421617
2022-01-17,102004,1090,79888,859,22116,231,86506,903,510936,1279,597442,2182,7,1104,13,2401,1136,3,"Knox County",470313,1783.49312053888,0.474261429844403,463.94635062182,231.760550952238,47.4261429844403
2022-01-16,100914,769,79029,689,21885,80,85603,716,509657,1073,595260,1789,0,1097,7,2388,1133,4,"Knox County",470313,1783.70574489755,0.466365901286109,380.384977663811,163.508131818597,46.6365901286109
2022-01-15,100145,750,78340,597,21805,153,84887,626,508584,816,593471,1442,1,1097,12,2381,1129,2,"Knox County",470313,1751.81209109678,0.468791041681067,306.604325204704,159.468269003834,46.8791041681067
2022-01-14,99395,1301,77743,1049,21652,252,84261,1094,507768,1188,592029,2282,6,1096,10,2369,1127,6,"Knox County",470313,1706.52310269969,0.466765873015873,485.208786488998,276.624290631983,46.6765873015873
2022-01-13,98094,1399,76694,1053,21400,346,83167,1104,506580,1401,589747,2505,6,1090,11,2359,1121,6,"Knox County",470313,1704.60948347165,0.454456140350877,532.624018472804,297.461477781818,45.4456140350877
2022-01-12,96695,1164,75641,887,21054,277,82063,935,505179,1058,587242,1993,1,1084,4,2348,1115,0,"Knox County",470313,1598.08467977708,0.447236551215917,423.760346832854,247.49475349395,44.7236551215917
2022-01-11,95531,1363,74754,1059,20777,304,81128,1094,504121,1283,585249,2377,2,1083,10,2344,1115,3,"Knox County",470313,1666.12447455205,0.444200411805079,505.408100562817,289.807000869634,44.4200411805079
2022-01-10,94168,1000,73695,685,20473,315,80034,714,502838,812,582872,1526,3,1081,5,2334,1112,1,"Knox County",470313,1646.98828227159,0.451559580278856,324.464771333133,212.624358671778,45.1559580278856
2022-01-09,93168,739,73010,626,20158,113,79320,664,502026,1205,581346,1869,5,1078,2,2329,1111,2,"Knox County",470313,1640.60955151144,0.445262255252251,397.394926357553,157.129401058444,44.5262255252251
2022-01-08,92429,622,72384,476,20045,146,78656,509,500821,912,579477,1421,0,1073,10,2327,1109,4,"Knox County",470313,1613.39363360145,0.437558147856581,302.139213672597,132.252351093846,43.7558147856581
2022-01-07,91807,964,71908,747,19899,217,78147,769,499909,1091,578056,1860,0,1073,7,2317,1105,0,"Knox County",470313,1541.73922472906,0.427200944579736,395.481307129507,204.969881759594,42.7200944579736
2022-01-06,90843,1160,71161,740,19682,420,77378,780,498818,1010,576196,1790,2,1073,7,2310,1105,4,"Knox County",470313,1490.92200300651,0.425755687129947,380.597602022483,246.644256059263,42.5755687129947
2022-01-05,89683,1211,70421,899,19262,312,76598,942,497808,1255,574406,2197,1,1071,8,2303,1101,1,"Knox County",470313,1500.91534786408,0.419631901840491,467.135716001897,257.488098351523,41.9631901840491
2022-01-04,88472,921,69522,576,18950,345,75656,566,496553,1040,572209,1606,0,1070,6,2295,1100,5,"Knox County",470313,1406.93538133116,0.402966826962263,341.474720026876,195.827034336708,40.2966826962263
2022-01-03,87551,714,68946,537,18605,177,75090,504,495513,820,570603,1324,6,1070,7,2289,1095,2,"Knox County",470313,1346.12481475103,0.392309604707052,281.514650881434,151.81379209165,39.2309604707052
2022-01-02,86837,289,68409,207,18428,82,74586,265,494693,651,569279,916,3,1064,9,2282,1093,4,"Knox County",470313,1250.44385334873,0.390048587367284,194.763912543349,61.4484396561439,39.0048587367285
2022-01-01,86548,265,68202,217,18346,48,74321,237,494042,767,568363,1004,0,1061,15,2273,1089,0,"Knox County",470313,1174.5369573029,0.379826119472749,213.474856106465,56.3454550480212,37.9826119472749
2021-12-31,86283,591,67985,429,18298,162,74084,470,493275,1008,567359,1478,0,1061,5,2258,1089,3,"Knox County",470313,1095.22807151833,0.36490547746001,314.258802116888,125.660995975021,36.490547746001
2021-12-30,85692,579,67556,402,18136,177,73614,403,492267,918,565881,1321,2,1061,6,2253,1086,2,"Knox County",470313,971.693319130026,0.343997562461913,280.876777805419,123.10950367096,34.3997562461914
2021-12-29,85113,631,67154,476,17959,155,73211,504,491349,1195,564560,1699,1,1059,5,2247,1084,2,"Knox County",470313,848.371191100395,0.315468549422336,361.248785383351,134.165970321892,31.5468549422336
2021-12-28,84482,427,66678,260,17804,167,72707,281,490154,977,562861,1258,1,1058,5,2242,1082,0,"Knox County",470313,743.334757916536,0.296,267.481443209097,90.7906011528493,29.6
2021-12-27,84055,313,66418,233,17637,80,72426,254,489177,905,561603,1159,2,1057,1,2237,1082,1,"Knox County",470313,658.072390089153,0.273231465761177,246.431631700591,66.5514242642666,27.3231465761177
2021-12-26,83742,61,66185,49,17557,12,72172,60,488272,426,560444,486,7,1055,1,2236,1081,0,"Knox County",470313,609.594036311988,0.262819750148721,103.335438314484,12.9700858789785,26.2819750148721
2021-12-25,83681,85,66136,63,17545,22,72112,74,487846,489,559958,563,1,1048,1,2235,1081,0,"Knox County",470313,571.321651751068,0.256906077348066,119.707513932211,18.0730704871011,25.6906077348066
2021-12-24,83596,175,66073,124,17523,51,72038,138,487357,848,559395,986,0,1047,2,2234,1081,0,"Knox County",470313,482.869918543608,0.229389721627409,209.647617650373,37.2092627675612,22.9389721627409
2021-12-23,83421,218,65949,159,17472,59,71900,166,486509,959,558409,1125,5,1047,5,2232,1081,1,"Knox County",470313,406.112525063096,0.202996151731721,239.20240350575,46.3521101904476,20.2996151731721
2021-12-22,83203,175,65790,102,17413,73,71734,101,485550,812,557284,913,46,1042,10,2227,1080,2,"Knox County",470313,309.155817508765,0.165485362095532,194.126039467333,37.2092627675612,16.5485362095532
2021-12-21,83028,176,65688,123,17340,53,71633,120,484738,912,556371,1032,3,996,6,2217,1078,2,"Knox County",470313,255.787103482149,0.145753512132822,219.428338149275,37.421887126233,14.5753512132822
2021-12-20,82852,113,65565,79,17287,34,71513,84,483826,622,555339,706,1,993,3,2211,1076,1,"Knox County",470313,213.262231747793,0.127860953364309,150.112797222275,24.0265525299109,12.7860953364309
2021-12-19,82739,69,65486,49,17253,20,71429,58,483204,556,554633,614,3,992,6,2208,1075,1,"Knox County",470313,214.963226617168,0.12476847954201,130.551356224472,14.6710807483527,12.476847954201
2021-12-18,82670,88,65437,57,17233,31,71371,65,482648,660,554019,725,0,989,3,2202,1074,2,"Knox County",470313,215.601099693183,0.119980331093263,154.152660037039,18.7109435631165,11.9980331093263
2021-12-17,82582,118,65380,76,17202,42,71306,83,481988,1034,553294,1117,2,989,6,2199,1072,2,"Knox County",470313,203.481511248892,0.108632862644416,237.501408636376,25.0896743232698,10.8632862644416
2021-12-16,82464,138,65304,107,17160,31,71223,108,480954,661,552177,769,2,987,3,2193,1070,2,"Knox County",470313,186.471562555149,0.105343771272975,163.508131818597,29.3421614967054,10.5343771272975
2021-12-15,82326,156,65197,113,17129,43,71115,125,480293,841,551408,966,0,985,5,2190,1068,3,"Knox County",470313,182.431699740386,0.108449991566875,205.395130476938,33.1693999527974,10.8449991566875
2021-12-14,82170,100,65084,61,17086,39,70990,65,479452,811,550442,876,3,985,4,2185,1065,3,"Knox County",470313,166.27224848133,0.101853455742248,186.258938196478,21.2624358671778,10.1853455742248
2021-12-13,82070,110,65023,74,17047,36,70925,78,478641,627,549566,705,4,982,3,2181,1062,0,"Knox County",470313,165.634375405315,0.100831600831601,149.900172863604,23.3886794538956,10.0831600831601
2021-12-12,81960,54,64949,29,17011,25,70847,41,478014,493,548861,534,6,978,5,2178,1062,1,"Knox County",470313,162.445010025239,0.0992621222768798,113.54140753073,11.481715368276,9.92621222768798
2021-12-11,81906,65,64920,45,16986,20,70806,51,477521,541,548327,592,0,972,1,2173,1061,3,"Knox County",470313,157.554649775788,0.0991185465011693,125.873620333693,13.8205833136656,9.91185465011693
2021-12-10,81841,84,64875,48,16966,36,70755,57,476980,855,547735,912,0,972,3,2172,1058,2,"Knox County",470313,150.325421580947,0.0980575270825551,193.913415108662,17.8604461284294,9.80575270825551
2021-12-09,81757,164,64827,96,16930,68,70698,107,476125,1017,546823,1124,3,972,2,2169,1056,1,"Knox County",470313,155.853654906413,0.091784901033456,238.989779147079,34.8703948221716,9.1784901033456
2021-12-08,81593,130,64731,67,16862,63,70591,65,475108,751,545699,816,0,969,7,2167,1055,1,"Knox County",470313,150.325421580947,0.0834682496851952,173.501476676171,27.6411666273312,8.34682496851952
2021-12-07,81463,126,64664,69,16799,57,70526,76,474357,631,544883,707,2,969,2,2160,1054,0,"Knox County",470313,155.853654906413,0.088126159554731,150.325421580947,26.790669192644,8.8126159554731
2021-12-06,81337,148,64595,107,16742,41,70450,115,473726,759,544176,874,8,967,4,2158,1054,3,"Knox County",470313,163.933380535941,0.0921028962043533,185.833689479134,31.4684050834232,9.21028962043533
2021-12-05,81189,43,64488,28,16701,15,70335,33,472967,342,543302,375,2,959,1,2154,1051,0,"Knox County",470313,161.594512590551,0.0933333333333333,79.7341345019168,9.14284742288646,9.33333333333333
2021-12-04,81146,69,64460,50,16686,19,70302,55,472625,499,542927,554,0,957,3,2153,1051,2,"Knox County",470313,162.445010025239,0.0947407683700112,117.793894704165,14.6710807483527,9.47407683700112
2021-12-03,81077,147,64410,103,16667,44,70247,108,472126,1009,542373,1117,3,957,2,2150,1049,2,"Knox County",470313,175.840344621561,0.100413148913239,237.501408636376,31.2557807247514,10.0413148913239
2021-12-02,80930,133,64307,86,16623,47,70139,85,471117,794,541256,879,0,954,4,2148,1047,2,"Knox County",470313,169.248989502735,0.100901916572717,186.896811272493,28.2790397033465,10.0901916572717
2021-12-01,80797,184,64221,141,16576,43,70054,146,470323,1008,540377,1154,4,954,7,2144,1045,1,"Knox County",470313,180.730704871011,0.109187279151943,245.368509907232,39.1228819956072,10.9187279151943
2021-11-30,80613,116,64080,67,16533,49,69908,68,469315,693,539223,761,3,950,6,2137,1044,3,"Knox County",470313,178.604461284294,0.106755337766888,161.807136949223,24.6644256059263,10.6755337766888
2021-11-29,80497,165,64013,128,16484,37,69840,139,468622,967,538462,1106,2,947,5,2131,1041,1,"Knox County",470313,182.219075381714,0.106626303397242,235.162540690987,35.0830191808434,10.6626303397242
2021-11-28,80332,34,63885,22,16447,12,69701,22,467655,270,537356,292,3,945,5,2126,1040,1,"Knox County",470313,180.305456153668,0.106259594064472,62.0863127321592,7.22922819484046,10.6259594064472
2021-11-27,80298,59,63863,31,16435,28,69679,32,467385,266,537064,298,0,942,1,2121,1039,2,"Knox County",470313,178.17921256695,0.107009095773141,63.3620588841899,12.5448371616349,10.7009095773141
2021-11-26,80239,20,63832,18,16407,2,69647,20,467119,298,536766,318,0,942,4,2120,1037,1,"Knox County",470313,151.175919015634,0.10648918469218,67.6145460576254,4.25248717343556,10.648918469218
2021-11-25,80219,51,63814,25,16405,26,69627,29,466821,331,536448,360,0,942,3,2116,1036,5,"Knox County",470313,133.740721604548,0.106318489158312,76.5447691218401,10.8438422922607,10.6318489158312
2021-11-24,80168,105,63789,66,16379,39,69598,73,466490,742,536088,815,0,942,3,2113,1031,4,"Knox County",470313,116.943397269478,0.0969620253164557,173.288852317499,22.3255576605367,9.69620253164557
2021-11-23,80063,99,63723,64,16340,35,69525,64,465748,674,535273,738,0,942,2,2110,1027,0,"Knox County",470313,113.328783172058,0.0965113318054494,156.916776699772,21.049811508506,9.65113318054494
2021-11-22,79964,107,63659,84,16305,23,69461,82,465074,740,534535,822,0,942,3,2108,1027,0,"Knox County",470313,100.996570369095,0.0883886906395828,174.777222828202,22.7508063778803,8.83886906395828
2021-11-21,79857,44,63575,32,16282,12,69379,37,464334,284,533713,321,0,942,2,2105,1027,2,"Knox County",470313,103.122813955812,0.0917755991285403,68.2524191336408,9.35547178155824,9.17755991285403
2021-11-20,79813,54,63543,37,16270,17,69342,44,464050,537,533392,581,0,942,1,2103,1025,1,"Knox County",470313,102.059692162454,0.0882427307206068,123.534752388303,11.481715368276,8.82427307206068
2021-11-19,79759,112,63506,83,16253,29,69298,81,463513,825,532811,906,0,942,0,2102,1024,0,"Knox County",470313,121.621133160257,0.0902487343165309,192.637668956631,23.8139281712392,9.02487343165309
2021-11-18,79647,81,63423,45,16224,36,69217,50,462688,937,531905,987,3,942,2,2102,1024,0,"Knox County",470313,127.99986392041,0.0833655705996132,209.860242009045,17.222573052414,8.33655705996132
2021-11-17,79566,105,63378,65,16188,40,69167,66,461751,833,530918,899,0,939,1,2100,1024,1,"Knox County",470313,127.99986392041,0.0807004187285877,191.149298445929,22.3255576605367,8.07004187285877
2021-11-16,79461,72,63313,50,16148,22,69101,67,460918,777,530019,844,0,939,2,2099,1023,3,"Knox County",470313,122.259006236272,0.0796641791044776,179.454958718981,15.308953824368,7.96641791044776
2021-11-15,79389,84,63263,45,16126,39,69034,34,460141,459,529175,493,3,939,0,2097,1020,0,"Knox County",470313,117.368645986822,0.0753329357980521,104.823808825187,17.8604461284294,7.53329357980521
2021-11-14,79305,72,63218,62,16087,10,69000,68,459682,624,528682,692,0,936,2,2097,1020,2,"Knox County",470313,123.322128029631,0.075897815623843,147.13605620087,15.308953824368,7.5897815623843
2021-11-13,79233,29,63156,13,16077,16,68932,12,459058,317,527990,329,0,936,2,2095,1018,0,"Knox County",470313,118.006519062837,0.0733980582524272,69.953414003015,6.16610640148157,7.33980582524272
2021-11-12,79204,66,63143,49,16061,17,68920,51,458741,687,527661,738,0,936,4,2093,1018,2,"Knox County",470313,108.225798563935,0.06985146527499,156.916776699772,14.0332076723374,6.985146527499
2021-11-11,79138,66,63094,46,16044,20,68869,54,458054,962,526923,1016,0,936,0,2089,1016,0,"Knox County",470313,105.036433183858,0.0702454599880263,216.026348410527,14.0332076723374,7.02454599880263
2021-11-10,79072,72,63048,49,16024,23,68815,68,457092,854,525907,922,1,936,2,2089,1016,0,"Knox County",470313,98.0198293476897,0.0703218116805721,196.039658695379,15.308953824368,7.03218116805721
2021-11-09,79000,103,62999,73,16001,30,68747,130,456238,1173,524985,1303,1,935,1,2087,1016,1,"Knox County",470313,104.611184466515,0.0759148006553796,277.049539349327,21.9003089431931,7.59148006553796
2021-11-08,78897,78,62926,58,15971,20,68617,70,455065,687,523682,757,6,934,1,2086,1015,3,"Knox County",470313,103.335438314484,0.0786868160500261,160.956639514536,16.5846999763987,7.86868160500261
2021-11-07,78819,30,62868,19,15951,11,68547,22,454378,390,522925,412,0,928,1,2085,1012,3,"Knox County",470313,94.4052152502695,0.074310754062443,87.6012357727726,6.37873076015334,7.4310754062443
2021-11-06,78789,41,62849,27,15940,14,68525,30,453988,453,522513,483,0,928,2,2084,1009,1,"Knox County",470313,96.9567075543308,0.0754750488367963,102.697565238469,8.7175987055429,7.54750488367963
2021-11-05,78748,52,62822,32,15926,20,68495,36,453535,605,522030,641,0,928,2,2082,1008,0,"Knox County",470313,93.9799665329259,0.0740874593422479,136.29221390861,11.0564666509325,7.40874593422479
2021-11-04,78696,68,62790,45,15906,23,68459,49,452930,667,521389,716,0,928,1,2080,1008,1,"Knox County",470313,94.4052152502695,0.0773786778754299,152.239040808993,14.4584563896809,7.73786778754299
2021-11-03,78628,80,62745,60,15883,20,68410,66,452263,969,520673,1035,0,928,2,2079,1007,2,"Knox County",470313,96.1062101196437,0.075369365999626,220.06621122529,17.0099486937423,7.5369365999626
2021-11-02,78548,41,62685,19,15863,22,68344,22,451294,301,519638,323,4,928,1,2077,1005,3,"Knox County",470313,82.9234998819935,0.0675520952599038,68.6776678509843,8.7175987055429,6.75520952599038
2021-11-01,78507,95,62666,71,15841,24,68322,83,450993,661,519315,744,1,924,3,2076,1002,1,"Knox County",470313,86.5381139794137,0.0707395498392283,158.192522851803,20.1993140738189,7.07395498392283
2021-10-31,78412,26,62595,20,15817,6,68239,19,450332,278,518571,297,0,923,1,2073,1001,1,"Knox County",470313,85.6876165447266,0.0719509318235433,63.1494345255181,5.52823332546623,7.19509318235433
2021-10-30,78386,56,62575,41,15811,15,68220,43,450054,523,518274,566,0,923,4,2072,1000,0,"Knox County",470313,88.8769819248033,0.0735770476631189,120.345387008226,11.9069640856196,7.35770476631189
2021-10-29,78330,73,62534,59,15796,14,68177,66,449531,846,517708,912,1,923,1,2068,1000,1,"Knox County",470313,93.3420934569106,0.0757674722403658,193.913415108662,15.5215781830398,7.57674722403658
2021-10-28,78257,54,62475,32,15782,22,68111,39,448685,561,516796,600,4,922,3,2067,999,2,"Knox County",470313,90.3653524355057,0.0754969845878937,127.574615203067,11.481715368276,7.54969845878937
2021-10-27,78203,87,62443,57,15760,30,68072,65,448124,759,516196,824,1,918,3,2064,997,3,"Knox County",470313,91.8537229462082,0.0789967182372246,175.202471545545,18.4983192044447,7.89967182372246
2021-10-26,78116,95,62386,57,15730,38,68007,55,447365,554,515372,609,0,917,5,2061,994,2,"Knox County",470313,103.335438314484,0.0812829525483304,129.488234431113,20.1993140738189,8.12829525483304
2021-10-25,78021,70,62329,46,15692,24,67952,53,446811,491,514763,544,6,917,3,2056,992,1,"Knox County",470313,98.0198293476897,0.078125,115.667651117447,14.8837051070245,7.8125
2021-10-24,77951,38,62283,20,15668,18,67899,23,446320,337,514219,360,1,911,5,2053,991,3,"Knox County",470313,100.571321651751,0.077916194790487,76.5447691218401,8.07972562952757,7.7916194790487
2021-10-23,77913,59,62263,40,15650,19,67876,42,445983,471,513859,513,0,910,1,2048,988,2,"Knox County",470313,101.209194727766,0.0786336542870243,109.076295998622,12.5448371616349,7.86336542870243
2021-10-22,77854,89,62223,55,15631,34,67834,54,445512,551,513346,605,0,910,2,2047,986,2,"Knox County",470313,104.611184466515,0.0816276202219482,128.637736996426,18.9235679217883,8.16276202219482
2021-10-21,77765,124,62168,71,15597,53,67780,78,444961,712,512741,790,3,910,2,2045,984,2,"Knox County",470313,119.494889573539,0.0871613663133098,167.973243350705,26.3654204753005,8.71613663133098
2021-10-20,77641,148,62097,83,15544,65,67702,90,444249,959,511951,1049,3,907,3,2043,982,2,"Knox County",470313,132.464975452518,0.0883668903803132,223.042952246695,31.4684050834232,8.83668903803132
2021-10-19,77493,130,62014,85,15479,45,67612,92,443290,724,510902,816,4,904,3,2040,980,2,"Knox County",470313,139.90682800603,0.0923669018601668,173.501476676171,27.6411666273312,9.23669018601668
2021-10-18,77363,120,61929,89,15434,31,67520,105,442566,607,510086,712,9,900,8,2037,978,3,"Knox County",470313,150.538045939619,0.0998968008255934,151.388543374306,25.5149230406134,9.98968008255934
2021-10-17,77243,63,61840,56,15403,7,67415,61,441959,303,509374,364,1,891,4,2029,975,2,"Knox County",470313,155.853654906413,0.107651062074655,77.3952665565272,13.395334596322,10.7651062074655
2021-10-16,77180,54,61784,39,15396,15,67354,42,441656,372,509010,414,0,890,1,2025,973,4,"Knox County",470313,154.790533113054,0.109894736842105,88.0264844901162,11.481715368276,10.9894736842105
2021-10-15,77126,125,61745,90,15381,35,67312,100,441284,794,508596,894,9,890,5,2024,969,2,"Knox County",470313,162.445010025239,0.112720777932129,190.08617665257,26.5780448339723,11.2720777932129
2021-10-14,77001,190,61655,135,15346,55,67212,143,440490,699,507702,842,0,881,7,2019,967,5,"Knox County",470313,176.478217697576,0.124337065409546,179.029710001637,40.3986281476379,12.4337065409546
2021-10-13,76811,119,61520,87,15291,32,67069,99,439791,764,506860,863,7,881,5,2012,962,1,"Knox County",470313,170.312111296094,0.130886850152905,183.494821533745,25.3022986819416,13.0886850152905
2021-10-12,76692,135,61433,103,15259,32,66970,108,439027,821,505997,929,4,874,3,2007,961,9,"Knox County",470313,171.375233089453,0.131127939418095,197.528029206082,28.70428842069,13.1127939418095
2021-10-11,76557,192,61330,135,15227,57,66862,149,438206,581,505068,730,3,870,12,2004,952,1,"Knox County",470313,186.684186913821,0.139396346306593,155.215781830398,40.8238768649814,13.9396346306593
2021-10-10,76365,54,61195,41,15170,13,66713,52,437625,489,504338,541,0,867,4,1992,951,3,"Knox County",470313,184.770567685775,0.132936888547861,115.029778041432,11.481715368276,13.2936888547861
2021-10-09,76311,63,61154,34,15157,29,66661,46,437136,490,503797,536,0,867,7,1988,948,4,"Knox County",470313,186.684186913821,0.130646672914714,113.966656248073,13.395334596322,13.0646672914714
2021-10-08,76248,281,61120,115,15128,166,66615,123,436646,936,503261,1059,-1,867,5,1981,944,4,"Knox County",470313,219.853586866619,0.130909090909091,225.169195833413,59.7474447867697,13.0909090909091
2021-10-07,75967,257,61005,170,14962,87,66492,176,435710,1106,502202,1282,6,868,9,1976,940,1,"Knox County",470313,234.099418897628,0.126767676767677,272.58442781722,54.644460178647,12.6767676767677
2021-10-06,75710,137,60835,101,14875,36,66316,112,434604,835,500920,947,1,862,4,1967,939,5,"Knox County",470313,237.92665735372,0.127158034528552,201.355267662174,29.1295371380336,12.7158034528552
2021-10-05,75573,208,60734,118,14839,90,66204,138,433769,915,499973,1053,3,861,4,1963,934,4,"Knox County",470313,253.44823553676,0.129472999349382,223.893449681382,44.2258666037299,12.9472999349382
2021-10-04,75365,309,60616,221,14749,88,66066,245,432854,829,498920,1074,3,858,4,1959,930,2,"Knox County",470313,278.325285501358,0.137399876771411,228.35856121349,65.7009268295794,13.7399876771411
2021-10-03,75056,101,60395,92,14661,9,65821,106,432025,677,497846,783,1,855,6,1955,928,1,"Knox County",470313,288.318630358931,0.14048114048114,166.484872840002,21.4750602258496,14.048114048114
2021-10-02,74955,67,60303,43,14652,24,65715,50,431348,472,497063,522,5,854,2,1949,927,4,"Knox County",470313,289.169127793618,0.141369047619048,110.989915226668,14.2458320310091,14.1369047619048
2021-10-01,74888,221,60260,150,14628,71,65665,166,430876,965,496541,1131,0,849,8,1947,923,3,"Knox County",470313,276.411666273312,0.146201413427562,240.478149657781,46.989983266463,14.6201413427562
2021-09-30,74667,239,60110,165,14557,74,65499,185,429911,1104,495410,1289,1,849,8,1939,920,2,"Knox County",470313,272.58442781722,0.147374613913811,274.072798327922,50.817221722555,14.7374613913811
2021-09-29,74428,355,59945,165,14483,190,65314,188,428807,1110,494121,1298,6,848,7,1931,918,3,"Knox County",470313,318.936538007667,0.150769230769231,275.986417555968,75.4816473284812,15.0769230769231
2021-09-28,74073,339,59780,241,14293,98,65126,260,427697,777,492823,1037,2,842,1,1924,915,3,"Knox County",470313,346.79032899367,0.16820857863751,220.491459942634,72.0796575897328,16.820857863751
2021-09-27,73734,237,59539,160,14195,77,64866,185,426920,760,491786,945,7,840,12,1923,912,6,"Knox County",470313,331.481375169302,0.162740899357602,200.93001894483,50.3919730052114,16.2740899357602
2021-09-26,73497,123,59379,99,14118,24,64681,117,426160,703,490841,820,2,833,1,1911,906,5,"Knox County",470313,336.159111060081,0.163447884123828,174.351974110858,26.1527961166287,16.3447884123828
2021-09-25,73374,110,59280,90,14094,20,64564,102,425457,705,490021,807,0,831,3,1910,901,7,"Knox County",470313,345.301958482968,0.164187252627269,171.587857448125,23.3886794538956,16.4187252627269
2021-09-24,73264,244,59190,166,14074,78,64462,183,424752,938,489214,1121,13,831,5,1907,894,3,"Knox County",470313,350.192318732419,0.16673500068334,238.351906071063,51.8803435159139,16.673500068334
2021-09-23,73020,350,59024,242,13996,108,64279,267,423814,1370,488093,1637,14,818,8,1902,891,3,"Knox County",470313,373.793622544986,0.16986301369863,348.066075145701,74.4185255351224,16.986301369863
2021-09-22,72670,249,58782,185,13888,64,64012,200,422444,1260,486456,1460,3,804,4,1894,888,9,"Knox County",470313,351.255440525777,0.167880413951706,310.431563660796,52.9434653092728,16.7880413951706
2021-09-21,72421,392,58597,213,13824,179,63812,226,421184,996,484996,1222,10,801,7,1890,879,4,"Knox County",470313,362.524531535382,0.159760359460809,259.826966296913,83.348748599337,15.9760359460809
2021-09-20,72029,426,58384,306,13645,120,63586,340,420188,1295,483774,1635,5,791,9,1883,875,7,"Knox County",470313,402.710535324348,0.164904619627672,347.640826428357,90.5779767941775,16.4904619627672
2021-09-19,71603,120,58078,88,13525,32,63246,97,418893,432,482139,529,1,786,8,1874,868,8,"Knox County",470313,402.072662248333,0.168232077041969,112.478285737371,25.5149230406134,16.8232077041969
2021-09-18,71483,222,57990,179,13493,43,63149,194,418461,1075,481610,1269,0,785,7,1866,860,13,"Knox County",470313,425.886590419572,0.169841090950073,269.820311154486,47.2026076251348,16.9841090950073
2021-09-17,71261,542,57811,417,13450,125,62955,444,417386,1310,480341,1754,5,785,11,1859,847,5,"Knox County",470313,489.248649303762,0.185987797180728,372.943125110299,115.242402400104,18.5987797180728
2021-09-16,70719,578,57394,453,13325,125,62511,483,416076,1518,478587,2001,7,780,16,1848,842,3,"Knox County",470313,537.727003080927,0.201013171225937,425.461341702228,122.896879312288,20.1013171225937
2021-09-15,70141,336,56941,248,13200,88,62028,266,414558,807,476586,1073,6,773,5,1832,839,4,"Knox County",470313,556.225322285372,0.216176315511969,228.145936854818,71.4417845137175,21.6176315511969
2021-09-14,69805,552,56693,441,13112,111,61762,475,413751,1406,475513,1881,12,767,8,1827,835,3,"Knox County",470313,590.245219672856,0.226681127982646,399.946418661615,117.368645986822,22.6681127982646
2021-09-13,69253,394,56252,293,13001,101,61287,328,412345,1134,473632,1462,20,755,15,1819,832,9,"Knox County",470313,583.441240195359,0.229411174641388,310.85681237814,83.7739973166806,22.9411174641388
2021-09-12,68859,383,55959,355,12900,28,60959,373,411211,1460,472170,1833,0,735,5,1804,823,8,"Knox County",470313,639.361446526037,0.227357402643484,389.740449445369,81.435129371291,22.7357402643484
2021-09-11,68476,853,55604,695,12872,158,60586,755,409751,2620,470337,3375,4,735,25,1799,815,10,"Knox County",470313,773.527416847929,0.233500261604006,717.607210517251,181.368577947027,23.3500261604006
2021-09-10,67623,1016,54909,743,12714,273,59831,800,407131,2512,466962,3312,1,731,24,1774,805,7,"Knox County",470313,874.311362858352,0.232978509740912,704.211875920929,216.026348410527,23.2978509740912
2021-09-09,66607,308,54166,166,12441,142,59031,171,404619,685,463650,856,1,730,18,1750,798,5,"Knox County",470313,816.902786016972,0.22969837587007,182.006451023042,65.4883024709077,22.969837587007
2021-09-08,66299,290,54000,225,12299,65,58860,248,403934,837,462794,1085,5,729,11,1732,793,6,"Knox County",470313,807.12206551807,0.228194726166329,230.697429158879,61.6610640148157,22.8194726166329
2021-09-07,66009,407,53775,299,12234,108,58612,310,403097,979,461709,1289,3,724,12,1721,787,1,"Knox County",470313,776.291533510662,0.225930971843778,274.072798327922,86.5381139794137,22.5930971843778
2021-09-06,65602,980,53476,784,12126,196,58302,840,402118,3220,460420,4060,1,721,19,1709,786,3,"Knox County",470313,900.889407692324,0.221189120809614,863.254896207419,208.371871498343,22.1189120809614
2021-09-05,64622,965,52692,799,11930,166,57462,831,398898,2998,456360,3829,2,720,15,1690,783,6,"Knox County",470313,1024.6367844393,0.222116140626755,814.138669354239,205.182506118266,22.2116140626755
2021-09-04,63657,536,51893,383,11764,153,56631,405,395900,1502,452531,1907,2,718,10,1675,777,4,"Knox County",470313,957.234862740345,0.220651242502142,405.474651987081,113.966656248073,22.0651242502142
2021-09-03,63121,332,51510,237,11611,95,56226,249,394398,909,450624,1158,5,716,8,1665,773,5,"Knox County",470313,811.799801408849,0.215313028764805,246.219007341919,70.5912870790304,21.5313028764805
2021-09-02,62789,320,51273,180,11516,140,55977,199,393489,680,449466,879,3,711,5,1657,768,3,"Knox County",470313,814.35129371291,0.216935313577814,186.896811272493,68.039794774969,21.6935313577814
2021-09-01,62469,271,51093,208,11376,63,55778,220,392809,645,448587,865,2,708,2,1652,765,3,"Knox County",470313,810.311430898147,0.218345606634732,183.920070251088,57.6212012000519,21.8345606634732
2021-08-31,62198,590,50885,429,11313,161,55558,476,392164,1894,447722,2370,2,706,9,1650,762,4,"Knox County",470313,849.221688535082,0.213697902840457,503.919730052114,125.448371616349,21.3697902840457
2021-08-30,61608,511,50456,404,11152,107,55082,430,390270,1629,445352,2059,9,704,13,1641,758,6,"Knox County",470313,749.500864318018,0.21504553455269,437.793554505191,108.651047281279,21.504553455269
2021-08-29,61097,479,50052,404,11045,75,54652,439,388641,1484,443293,1923,1,695,5,1628,752,7,"Knox County",470313,646.165426003534,0.216647253830302,408.876641725829,101.847067803782,21.6647253830302
2021-08-28,60618,394,49648,301,10970,93,54213,320,387157,1065,441370,1385,0,694,4,1623,745,3,"Knox County",470313,615.972767072141,0.219287527023216,294.484736760413,83.7739973166806,21.9287527023216
2021-08-27,60224,468,49347,370,10877,98,53893,386,386092,1166,439985,1552,5,694,5,1619,742,1,"Knox County",470313,644.889679851503,0.223873833046316,329.9930046586,99.5081998583922,22.3873833046316
2021-08-26,59756,446,48977,344,10779,102,53507,365,384926,1426,438433,1791,5,689,0,1614,741,5,"Knox County",470313,671.680349044147,0.220678107994977,380.810226381155,94.8304639676131,22.0678107994977
2021-08-25,59310,344,48633,222,10677,122,53142,233,383500,642,436642,875,2,684,4,1614,736,10,"Knox County",470313,687.201927227187,0.221580928481807,186.046313837806,73.1427793830917,22.1580928481807
2021-08-24,58966,335,48411,221,10555,114,52909,233,382858,677,435767,910,4,682,5,1610,726,0,"Knox County",470313,632.982715765884,0.229252024773702,193.488166391318,71.2291601550457,22.9252024773702
2021-08-23,58631,284,48190,206,10441,78,52676,226,382181,825,434857,1051,1,678,1,1605,726,4,"Knox County",470313,584.71698634739,0.232107093917993,223.468200964039,60.385317862785,23.2107093917993
2021-08-22,58347,239,47984,218,10363,21,52450,234,381356,889,433806,1123,2,677,0,1604,722,2,"Knox County",470313,533.687140266163,0.229883734315644,238.777154788407,50.817221722555,22.9883734315644
2021-08-21,58108,498,47766,376,10342,122,52216,410,380467,1903,432683,2313,0,675,8,1604,720,3,"Knox County",470313,555.800073568028,0.217056682267291,491.800141607823,105.886930618546,21.7056682267291
2021-08-20,57610,424,47390,330,10220,94,51806,356,378564,1148,430370,1504,0,675,6,1596,717,3,"Knox County",470313,546.44460178647,0.215009929967597,319.787035442354,90.1527280768339,21.5009929967597
2021-08-19,57186,367,47060,253,10126,114,51450,262,377416,952,428866,1214,1,675,6,1590,714,0,"Knox County",470313,529.647277451399,0.217352614015573,258.125971427539,78.0331396325426,21.7352614015573
2021-08-18,56819,262,46807,192,10012,70,51188,199,376464,914,427652,1113,2,674,5,1584,714,0,"Knox County",470313,512.212080040314,0.208062418725618,236.650911201689,55.7075819720059,20.8062418725618
2021-08-17,56557,260,46615,179,9942,81,50989,197,375550,1042,426539,1239,0,672,5,1579,714,3,"Knox County",470313,496.26525313993,0.197132991524537,263.441580394333,55.2823332546623,19.7132991524537
2021-08-16,56297,182,46436,126,9861,56,50792,131,374508,421,425300,552,2,672,4,1574,711,0,"Knox County",470313,474.577568555409,0.197504967984102,117.368645986822,38.6976332782636,19.7504967984102
2021-08-15,56115,203,46310,180,9805,23,50661,198,374087,953,424748,1151,3,670,6,1570,711,1,"Knox County",470313,466.923091643225,0.192934184459608,244.730636831217,43.162744810371,19.2934184459608
2021-08-14,55912,219,46130,147,9782,72,50463,154,373134,795,423597,949,0,667,4,1564,710,2,"Knox County",470313,407.600895573799,0.193861693861694,201.780516379517,46.5647345491194,19.3861693861694
2021-08-13,55693,265,45983,205,9710,60,50309,219,372339,1470,422648,1689,1,667,5,1560,708,3,"Knox County",470313,373.793622544986,0.171999494119135,359.122541796633,56.3454550480212,17.1999494119135
2021-08-12,55428,220,45778,144,9650,76,50090,150,370869,643,420959,793,2,666,8,1555,705,2,"Knox County",470313,342.537841820235,0.166711194229228,168.61111642672,46.7773589077912,16.6711194229228
2021-08-11,55208,315,45634,236,9574,79,49940,247,370226,989,420166,1236,1,664,10,1547,703,3,"Knox County",470313,353.806932829839,0.170324615586805,262.803707318318,66.9766729816101,17.0324615586805
2021-08-10,54893,173,45398,109,9495,64,49693,121,369237,621,418930,742,1,663,2,1537,700,4,"Knox County",470313,335.308613625394,0.171541057367829,157.767274134459,36.7840140502176,17.1541057367829
2021-08-09,54720,196,45289,159,9431,37,49572,167,368616,752,418188,919,1,662,4,1535,696,1,"Knox County",470313,338.285354646799,0.167936889958551,195.401785619364,41.6743742996685,16.7936889958551
2021-08-08,54524,89,45130,67,9394,22,49405,75,367864,418,417269,493,1,661,5,1531,695,0,"Knox County",470313,314.046177758216,0.166104676733617,104.823808825187,18.9235679217883,16.6104676733617
2021-08-07,54435,103,45063,74,9372,29,49330,78,367446,638,416776,716,0,660,2,1526,695,0,"Knox County",470313,289.38175215229,0.160443230115361,152.239040808993,21.9003089431931,16.0443230115361
2021-08-06,54332,203,44989,147,9343,56,49252,163,366808,879,416060,1042,0,660,11,1524,695,1,"Knox County",470313,276.19904191464,0.168490153172867,221.554581735993,43.162744810371,16.8490153172867
2021-08-05,54129,173,44842,130,9287,43,49089,146,365929,850,415018,996,2,660,4,1513,694,2,"Knox County",470313,266.205697057066,0.162272135416667,211.773861237091,36.7840140502176,16.2272135416667
2021-08-04,53956,144,44712,101,9244,43,48943,104,365079,656,414022,760,1,658,4,1509,692,1,"Knox County",470313,229.846931724192,0.150670430486944,161.594512590551,30.6179076487361,15.0670430486944
2021-08-03,53812,237,44611,176,9201,61,48839,182,364423,812,413262,994,0,657,5,1505,691,3,"Knox County",470313,243.454890679186,0.154560810810811,211.348612519747,50.3919730052114,15.4560810810811
2021-08-02,53575,97,44435,75,9140,22,48657,82,363611,532,412268,614,2,657,3,1500,688,0,"Knox County",470313,222.40507917068,0.147818343722173,130.551356224472,20.6245627911625,14.7818343722173
2021-08-01,53478,105,44360,89,9118,16,48575,99,363079,526,411654,625,0,655,2,1497,688,2,"Knox County",470313,225.807068909428,0.148599269183922,132.890224169861,22.3255576605367,14.8599269183922
2021-07-31,53373,104,44271,64,9102,40,48476,68,362553,399,411029,467,1,655,6,1495,686,0,"Knox County",470313,226.0196932681,0.15351036740633,99.2955754997204,22.1129333018649,15.351036740633
2021-07-30,53269,118,44207,83,9062,35,48408,91,362154,339,410562,430,1,654,0,1489,686,1,"Knox County",470313,207.946622780999,0.158002455996725,91.4284742288646,25.0896743232698,15.8002455996725
2021-07-29,53151,118,44124,66,9027,52,48317,69,361815,483,410132,552,0,653,2,1489,685,1,"Knox County",470313,196.252283054051,0.156461053579469,117.368645986822,25.0896743232698,15.6461053579469
2021-07-28,53033,130,44058,89,8975,41,48248,94,361332,536,409580,630,0,653,4,1487,684,0,"Knox County",470313,193.275542032646,0.158858998144712,133.95334596322,27.6411666273312,15.8858998144712
2021-07-27,52903,117,43969,78,8934,39,48154,84,360796,499,408950,583,0,653,4,1483,684,0,"Knox County",470313,167.760618992033,0.150474237375032,123.960001105647,24.877049964598,15.0474237375032
2021-07-26,52786,97,43891,73,8895,24,48070,78,360297,371,408367,449,1,653,4,1479,684,0,"Knox County",470313,167.760618992033,0.156049250535332,95.4683370436284,20.6245627911625,15.6049250535332
2021-07-25,52689,51,43818,43,8871,8,47992,44,359926,320,407918,364,3,652,5,1475,684,1,"Knox County",470313,156.278903623757,0.151942446043165,77.3952665565272,10.8438422922607,15.1942446043165
2021-07-24,52638,65,43775,44,8863,21,47948,45,359606,348,407554,393,0,649,1,1470,683,2,"Knox County",470313,147.986553635558,0.148485739488386,83.5613729580088,13.8205833136656,14.8485739488386
2021-07-23,52573,55,43731,30,8842,25,47903,32,359258,321,407161,353,1,649,3,1469,681,1,"Knox County",470313,134.591219039236,0.134175691937425,75.0563986111377,11.6943397269478,13.4175691937425
2021-07-22,52518,95,43701,70,8817,25,47871,79,358937,474,406808,553,0,648,3,1466,680,0,"Knox County",470313,129.700858789785,0.137142857142857,117.581270345493,20.1993140738189,13.7142857142857
2021-07-21,52423,61,43631,47,8792,14,47792,46,358463,411,406255,457,1,648,1,1463,680,0,"Knox County",470313,115.029778041432,0.129441624365482,97.1693319130026,12.9700858789785,12.9441624365482
2021-07-20,52362,77,43584,42,8778,35,47746,44,358052,299,405798,343,0,647,3,1462,680,0,"Knox County",470313,106.524803694561,0.126373626373626,72.9301550244199,16.3720756177269,12.6373626373626
2021-07-19,52285,48,43542,36,8743,12,47702,41,357753,348,405455,389,0,647,0,1459,680,0,"Knox County",470313,96.1062101196437,0.116058906030856,82.7108755233217,10.2059692162454,11.6058906030856
2021-07-18,52237,36,43506,30,8731,6,47661,31,357405,271,405066,302,0,647,1,1459,680,1,"Knox County",470313,92.916844739567,0.113978494623656,64.212556318877,7.65447691218401,11.3978494623656
2021-07-17,52201,27,43476,20,8725,7,47630,21,357134,202,404764,223,0,647,1,1458,679,0,"Knox County",470313,84.8371191100395,0.112213740458015,47.4152319838065,5.74085768413801,11.2213740458015
2021-07-16,52174,37,43456,21,8718,16,47609,22,356932,291,404541,313,0,647,1,1457,679,0,"Knox County",470313,81.0098806539475,0.110077519379845,66.5514242642666,7.86710127085579,11.0077519379845
2021-07-15,52137,55,43435,42,8702,13,47587,44,356641,364,404228,408,-1,647,1,1456,679,0,"Knox County",470313,72.5049063070764,0.102258726899384,86.7507383380855,11.6943397269478,10.2258726899384
2021-07-14,52082,21,43393,17,8689,4,47543,16,356277,269,403820,285,0,648,2,1455,679,0,"Knox County",470313,63.9999319602052,0.0967741935483871,60.5979422214568,4.46511153210734,9.67741935483871
2021-07-13,52061,42,43376,26,8685,16,47527,29,356008,355,403535,384,3,648,3,1453,679,0,"Knox County",470313,56.558079406693,0.0885416666666667,81.6477537299628,8.93022306421468,8.85416666666667
2021-07-12,52019,28,43350,22,8669,6,47498,24,355653,270,403151,294,0,645,1,1450,679,1,"Knox County",470313,52.3055922332574,0.0846536894522408,62.5115614495028,5.95348204280979,8.46536894522408
2021-07-11,51991,8,43328,3,8663,5,47474,4,355383,136,402857,140,0,645,0,1449,678,0,"Knox County",470313,46.3521101904476,0.0781631656082071,29.7674102140489,1.70099486937423,7.81631656082071
2021-07-10,51983,19,43325,15,8658,4,47470,15,355247,191,402717,206,0,645,1,1449,678,0,"Knox County",470313,44.6511153210734,0.0758620689655172,43.8006178863863,4.03986281476378,7.58620689655172
2021-07-09,51964,27,43310,21,8654,6,47455,21,355056,338,402511,359,0,645,0,1448,678,1,"Knox County",470313,42.5248717343556,0.0736994219653179,76.3321447631684,5.74085768413801,7.36994219653179
2021-07-08,51937,19,43289,14,8648,5,47434,16,354718,317,402152,333,0,645,0,1448,677,2,"Knox County",470313,34.8703948221716,0.0624687656171914,70.8039114377021,4.03986281476378,6.24687656171914
2021-07-07,51918,18,43275,5,8643,13,47418,5,354401,333,401819,338,1,645,1,1448,675,0,"Knox County",470313,34.2325217461563,0.0555014605647517,71.867033231061,3.82723845609201,5.55014605647517
2021-07-06,51900,24,43270,9,8630,15,47413,13,354068,263,401481,276,0,644,2,1447,675,0,"Knox County",470313,30.4052832900643,0.0503597122302158,58.6843229934108,5.10298460812268,5.03597122302158
2021-07-05,51876,10,43261,7,8615,3,47400,6,353805,105,401205,111,0,644,1,1445,675,0,"Knox County",470313,26.5780448339723,0.0453771979580261,23.6013038125674,2.12624358671778,4.53771979580261
2021-07-04,51866,8,43254,7,8612,1,47394,7,353700,143,401094,150,0,644,1,1444,675,0,"Knox County",470313,26.5780448339723,0.0468133107727016,31.8936538007667,1.70099486937423,4.68133107727016
2021-07-03,51858,9,43247,7,8611,2,47387,7,353557,184,400944,191,0,644,1,1443,675,0,"Knox County",470313,24.4518012472545,0.0426621160409556,40.6112525063096,1.913619228046,4.26621160409556
2021-07-02,51849,17,43240,13,8609,4,47380,17,353373,342,400753,359,-1,644,0,1442,675,0,"Knox County",470313,22.3255576605367,0.040386803185438,76.3321447631684,3.61461409742023,4.0386803185438
2021-07-01,51832,18,43227,15,8605,3,47363,17,353031,248,400394,265,-1,645,1,1442,675,0,"Knox County",470313,22.1129333018649,0.042603550295858,56.3454550480212,3.82723845609201,4.2603550295858
2021-06-30,51814,18,43212,12,8602,6,47346,11,352783,299,400129,310,0,646,0,1441,675,0,"Knox County",470313,22.1129333018649,0.0469314079422383,65.9135511882512,3.82723845609201,4.69314079422383
2021-06-29,51796,21,43200,16,8596,5,47335,19,352484,437,399819,456,0,646,1,1441,675,0,"Knox County",470313,21.4750602258496,0.0456026058631922,96.9567075543308,4.46511153210734,4.56026058631922
2021-06-28,51775,9,43184,2,8591,7,47316,2,352047,113,399363,115,0,646,0,1440,675,0,"Knox County",470313,21.2624358671778,0.0433369447453954,24.4518012472545,1.913619228046,4.33369447453954
2021-06-27,51766,5,43182,3,8584,2,47314,3,351934,151,399248,154,0,646,0,1440,675,0,"Knox County",470313,20.6245627911625,0.0410810810810811,32.7441512354538,1.06312179335889,4.10810810810811
2021-06-26,51761,3,43179,2,8582,1,47311,2,351783,206,399094,208,0,646,0,1440,675,0,"Knox County",470313,19.3488166391318,0.0380289234065345,44.2258666037299,0.637873076015334,3.80289234065345
2021-06-25,51758,13,43177,9,8581,4,47309,11,351577,311,398886,322,0,646,0,1440,675,0,"Knox County",470313,18.4983192044447,0.0355191256830601,68.4650434923126,2.76411666273312,3.55191256830601
2021-06-24,51745,14,43168,9,8577,5,47298,10,351266,364,398564,374,1,646,1,1440,675,1,"Knox County",470313,17.6478217697576,0.0299123259412068,79.521510143245,2.97674102140489,2.99123259412068
2021-06-23,51731,13,43159,6,8572,7,47288,8,350902,282,398190,290,0,645,0,1439,674,1,"Knox County",470313,16.5846999763987,0.0286607608129234,61.6610640148157,2.76411666273312,2.86607608129234
2021-06-22,51718,14,43153,5,8565,9,47280,5,350620,247,397900,252,2,645,1,1439,673,1,"Knox County",470313,15.0963294656962,0.0239067055393586,53.5813383852881,2.97674102140489,2.39067055393586
2021-06-21,51704,9,43148,8,8556,1,47275,9,350373,289,397648,298,0,643,1,1438,672,0,"Knox County",470313,15.0963294656962,0.0252897787144362,63.3620588841899,1.913619228046,2.52897787144363
2021-06-20,51695,3,43140,2,8555,1,47266,3,350084,161,397350,164,1,643,0,1437,672,0,"Knox County",470313,14.6710807483527,0.0251572327044025,34.8703948221716,0.637873076015334,2.51572327044025
2021-06-19,51692,3,43138,1,8554,2,47263,1,349923,191,397186,192,0,642,0,1437,672,0,"Knox County",470313,14.6710807483527,0.0248414376321353,40.8238768649814,0.637873076015334,2.48414376321353
2021-06-18,51689,5,43137,3,8552,2,47262,3,349732,283,396994,286,1,642,0,1437,672,0,"Knox County",470313,12.9700858789785,0.0210129310344828,60.8105665801286,1.06312179335889,2.10129310344828
2021-06-17,51684,12,43134,8,8550,4,47259,9,349449,515,396708,524,0,641,0,1437,672,1,"Knox County",470313,12.5448371616349,0.0189431704885344,111.415163944012,2.55149230406134,1.89431704885344
2021-06-16,51672,7,43126,4,8546,3,47250,4,348934,362,396184,366,1,641,0,1437,671,0,"Knox County",470313,11.2690910096042,0.0163304514889529,77.8205152738708,1.48837051070245,1.63304514889529
2021-06-15,51665,13,43122,9,8543,4,47246,14,348572,428,395818,442,0,640,0,1437,671,0,"Knox County",470313,11.0564666509325,0.0189260563380282,93.9799665329259,2.76411666273312,1.89260563380282
2021-06-14,51652,7,43113,2,8539,5,47232,3,348144,259,395376,262,1,640,0,1437,671,0,"Knox County",470313,10.6312179335889,0.0165474060822898,55.7075819720059,1.48837051070245,1.65474060822898
2021-06-13,51645,3,43111,3,8534,0,47229,4,347885,128,395114,132,0,639,1,1437,671,0,"Knox County",470313,10.6312179335889,0.0172413793103448,28.0664153446747,0.637873076015334,1.72413793103448
2021-06-12,51642,2,43108,1,8534,1,47225,1,347757,226,394982,227,0,639,0,1436,671,1,"Knox County",470313,10.4185935749171,0.0169718624385887,48.2657294184936,0.425248717343556,1.69718624385887
2021-06-11,51640,7,43107,3,8533,4,47224,2,347531,317,394755,319,0,639,0,1436,670,1,"Knox County",470313,10.8438422922607,0.0162852112676056,67.8271704162972,1.48837051070245,1.62852112676056
2021-06-10,51633,7,43104,4,8529,3,47222,5,347214,358,394436,363,0,639,0,1436,669,0,"Knox County",470313,9.7807204989018,0.0156324017053529,77.1826421978555,1.48837051070245,1.56324017053529
2021-06-09,51626,2,43100,1,8526,1,47217,1,346856,367,394073,368,1,639,0,1436,669,1,"Knox County",470313,8.7175987055429,0.0141978230004733,78.2457639912144,0.425248717343556,1.41978230004733
2021-06-08,51624,5,43099,3,8525,2,47216,4,346489,266,393705,270,1,638,0,1436,668,1,"Knox County",470313,7.01660383616868,0.0103039670273055,57.4085768413801,1.06312179335889,1.03039670273055
2021-06-07,51619,16,43096,10,8523,6,47212,10,346223,316,393435,326,0,637,2,1436,667,0,"Knox County",470313,8.93022306421468,0.0134663341645885,69.3155409269997,3.40198973874845,1.34663341645885
2021-06-06,51603,4,43086,2,8517,2,47202,2,345907,178,393109,180,0,637,0,1434,667,1,"Knox County",470313,9.14284742288646,0.0121773015099854,38.2723845609201,0.850497434687113,1.21773015099854
2021-06-05,51599,5,43084,2,8515,3,47200,3,345729,258,392929,261,0,637,0,1434,666,0,"Knox County",470313,9.7807204989018,0.0129372304743651,55.4949576133341,1.06312179335889,1.29372304743651
2021-06-04,51594,7,43082,2,8512,5,47197,3,345471,325,392668,328,1,637,0,1434,666,0,"Knox County",470313,9.7807204989018,0.0133587786259542,69.7407896443432,1.48837051070245,1.33587786259542
2021-06-03,51587,7,43080,4,8507,3,47194,6,345146,458,392340,464,0,636,0,1434,666,0,"Knox County",470313,9.7807204989018,0.0131998179335457,98.6577024237051,1.48837051070245,1.31998179335457
2021-06-02,51580,20,43076,7,8504,13,47188,6,344688,282,391876,288,0,636,1,1434,666,0,"Knox County",470313,13.6079589549938,0.0160604629192253,61.2358152974721,4.25248717343556,1.60604629192253
2021-06-01,51560,12,43069,9,8491,3,47182,10,344406,291,391588,301,0,636,1,1433,666,0,"Knox County",470313,15.0963294656962,0.0186219739292365,63.9999319602052,2.55149230406134,1.86219739292365
2021-05-31,51548,17,43060,14,8488,3,47172,12,344115,353,391287,365,0,636,0,1432,666,0,"Knox County",470313,15.308953824368,0.0192043895747599,77.607890915199,3.61461409742023,1.92043895747599
2021-05-30,51531,3,43046,1,8485,2,47160,1,343762,203,390922,204,0,636,0,1432,666,1,"Knox County",470313,15.0963294656962,0.018543645409317,43.3753691690427,0.637873076015334,1.8543645409317
2021-05-29,51528,14,43045,8,8483,6,47159,6,343559,199,390718,205,0,636,1,1432,665,2,"Knox County",470313,17.0099486937423,0.0204176334106729,43.5879935277145,2.97674102140489,2.04176334106729
2021-05-28,51514,10,43037,6,8477,4,47153,10,343360,390,390513,400,0,636,1,1431,663,0,"Knox County",470313,17.6478217697576,0.0229007633587786,85.0497434687113,2.12624358671778,2.29007633587786
2021-05-27,51504,23,43031,8,8473,15,47143,9,342970,341,390113,350,0,636,1,1430,663,0,"Knox County",470313,21.049811508506,0.0255560814008519,74.4185255351224,4.8903602494509,2.55560814008519
2021-05-26,51481,16,43023,8,8458,8,47134,11,342629,572,389763,583,0,636,0,1429,663,0,"Knox County",470313,20.1993140738189,0.0245016611295681,123.960001105647,3.40198973874845,2.45016611295681
2021-05-25,51465,18,43015,8,8450,10,47123,7,342057,311,389180,318,0,636,1,1429,663,0,"Knox County",470313,21.4750602258496,0.0230927835051546,67.6145460576254,3.82723845609201,2.30927835051546
2021-05-24,51447,25,43007,21,8440,4,47116,24,341746,425,388862,449,0,636,1,1428,663,1,"Knox County",470313,23.1760550952238,0.027102431247509,95.4683370436284,5.31560896679445,2.7102431247509
2021-05-23,51422,16,42986,8,8436,8,47092,8,341321,225,388413,233,1,636,1,1427,662,1,"Knox County",470313,25.9401717579569,0.0295508274231678,49.5414755705243,3.40198973874845,2.95508274231678
2021-05-22,51406,8,42978,4,8428,4,47084,4,341096,269,388180,273,0,635,0,1426,661,0,"Knox County",470313,24.6644256059263,0.0280122793553338,58.0464499173954,1.70099486937423,2.80122793553338
2021-05-21,51398,15,42974,11,8424,4,47080,13,340827,377,387907,390,0,635,1,1426,661,1,"Knox County",470313,25.7275473992852,0.0292758089368259,82.9234998819935,3.18936538007667,2.92758089368259
2021-05-20,51383,34,42963,26,8420,8,47067,27,340450,594,387517,621,0,635,1,1425,660,1,"Knox County",470313,28.0664153446747,0.0327868852459016,132.039726735174,7.22922819484046,3.27868852459016
2021-05-19,51349,14,42937,6,8412,8,47040,6,339856,544,386896,550,0,635,1,1424,659,0,"Knox County",470313,27.6411666273312,0.0314043754410727,116.943397269478,2.97674102140489,3.14043754410727
2021-05-18,51335,24,42931,14,8404,10,47034,14,339312,444,386346,458,1,635,0,1423,659,1,"Knox County",470313,28.9169127793618,0.0322797579018157,97.3819562716744,5.10298460812268,3.22797579018157
2021-05-17,51311,15,42917,8,8394,7,47020,8,338868,420,385888,428,0,634,0,1423,658,0,"Knox County",470313,26.790669192644,0.0270910938029123,91.003225511521,3.18936538007667,2.70910938029123
2021-05-16,51296,22,42909,13,8387,9,47012,12,338448,272,385460,284,1,634,1,1423,658,1,"Knox County",470313,28.0664153446747,0.0279627163781625,60.385317862785,4.67773589077912,2.79627163781625
2021-05-15,51274,23,42896,13,8378,10,47000,17,338176,336,385176,353,0,633,2,1422,657,1,"Knox County",470313,31.2557807247514,0.0314526588845655,75.0563986111377,4.8903602494509,3.14526588845655
2021-05-14,51251,36,42883,25,8368,11,46983,26,337840,498,384823,524,0,633,4,1420,656,0,"Knox County",470313,35.7208922568587,0.0341827221876942,111.415163944012,7.65447691218401,3.41827221876942
2021-05-13,51215,31,42858,17,8357,14,46957,17,337342,376,384299,393,0,633,0,1416,656,0,"Knox County",470313,35.0830191808434,0.0334448160535117,83.5613729580088,6.59135511882512,3.34448160535117
2021-05-12,51184,34,42841,28,8343,6,46940,26,336966,506,383906,532,0,633,0,1416,656,0,"Knox County",470313,39.335506354279,0.0403768506056528,113.116158813386,7.22922819484046,4.03768506056528
2021-05-11,51150,36,42813,30,8337,6,46914,31,336460,555,383374,586,0,633,4,1416,656,0,"Knox County",470313,41.8869986583403,0.0441935483870968,124.597874181662,7.65447691218401,4.41935483870968
2021-05-10,51114,21,42783,14,8331,7,46883,13,335905,277,382788,290,1,633,1,1412,656,1,"Knox County",470313,43.162744810371,0.0479405806887238,61.6610640148157,4.46511153210734,4.79405806887238
2021-05-09,51093,17,42769,14,8324,3,46870,17,335628,369,382498,386,0,632,1,1411,655,0,"Knox County",470313,42.0996230170121,0.047976501305483,82.0730024473064,3.61461409742023,4.7976501305483
2021-05-08,51076,20,42755,11,8321,9,46853,14,335259,307,382112,321,0,632,1,1410,655,0,"Knox County",470313,41.4617499409967,0.0474934036939314,68.2524191336408,4.25248717343556,4.74934036939314
2021-05-07,51056,43,42744,31,8312,12,46839,33,334952,576,381791,609,0,632,0,1409,655,0,"Knox County",470313,42.9501204516992,0.0484440166827077,129.488234431113,9.14284742288646,4.84440166827077
2021-05-06,51013,40,42713,26,8300,14,46806,28,334376,340,381182,368,1,632,0,1409,655,1,"Knox County",470313,44.8637396797452,0.0523932729624838,78.2457639912144,8.50497434687113,5.23932729624838
2021-05-05,50973,51,42687,32,8286,19,46778,38,334036,585,380814,623,0,631,4,1409,654,0,"Knox County",470313,48.4783537771654,0.0546654099905749,132.464975452518,10.8438422922607,5.46654099905749
2021-05-04,50922,50,42655,32,8267,18,46740,34,333451,536,380191,570,0,631,0,1405,654,0,"Knox County",470313,51.4550947985703,0.0558888538048626,121.195884442914,10.6312179335889,5.58888538048626
2021-05-03,50872,24,42623,9,8249,15,46706,7,332915,309,379621,316,1,631,1,1405,654,1,"Knox County",470313,52.0929678745856,0.053554650798622,67.1892973402819,5.10298460812268,5.3554650798622
2021-05-02,50848,25,42614,18,8234,7,46699,20,332606,288,379305,308,0,630,2,1404,653,0,"Knox County",470313,53.7939627439599,0.0558587479935795,65.4883024709077,5.31560896679445,5.58587479935795
2021-05-01,50823,45,42596,35,8227,10,46679,37,332318,450,378997,487,0,630,2,1402,653,0,"Knox County",470313,59.1095717107543,0.060042669917708,103.548062673156,9.56809614023002,6.0042669917708
2021-04-30,50778,57,42561,30,8217,27,46642,29,331868,567,378510,596,0,630,3,1400,653,1,"Knox County",470313,62.0863127321592,0.0590575275397797,126.72411776838,12.1195884442914,5.90575275397797
2021-04-29,50721,54,42531,34,8190,20,46613,35,331301,571,377914,606,0,630,2,1397,652,0,"Knox County",470313,65.0630537535641,0.0570450656018254,128.850361355098,11.481715368276,5.70450656018254
2021-04-28,50667,47,42497,28,8170,19,46578,34,330730,543,377308,577,4,630,1,1395,652,2,"Knox County",470313,64.212556318877,0.0566473988439306,122.684254953616,9.99334485757357,5.66473988439306
2021-04-27,50620,39,42469,17,8151,22,46544,20,330187,392,376731,412,1,626,2,1394,650,1,"Knox County",470313,61.8736883734874,0.0551181102362205,87.6012357727726,8.29234998819935,5.51181102362205
2021-04-26,50581,69,42452,36,8129,33,46524,40,329795,480,376319,520,1,625,0,1392,649,2,"Knox County",470313,71.4417845137175,0.0613234455219624,110.564666509325,14.6710807483527,6.13234455219624
2021-04-25,50512,37,42416,24,8096,13,46484,25,329315,341,375799,366,0,624,3,1392,647,0,"Knox County",470313,73.9932768177788,0.0617283950617284,77.8205152738708,7.86710127085579,6.17283950617284
2021-04-24,50475,35,42392,22,8083,13,46459,28,328974,509,375433,537,0,624,3,1389,647,1,"Knox County",470313,71.867033231061,0.0583840619811843,114.179280606745,7.44185255351224,5.83840619811843
2021-04-23,50440,43,42370,31,8070,12,46431,36,328465,553,374896,589,0,624,2,1386,646,1,"Knox County",470313,68.8902922096561,0.0604380371499861,125.235747257677,9.14284742288646,6.04380371499861
2021-04-22,50397,78,42339,61,8058,17,46395,64,327912,787,374307,851,1,624,1,1384,645,1,"Knox County",470313,73.9932768177788,0.064122533748702,180.943329229683,16.5846999763987,6.4122533748702
2021-04-21,50319,62,42278,34,8041,28,46331,34,327125,479,373456,513,1,623,1,1383,644,1,"Knox County",470313,77.1826421978555,0.0652059134107709,109.076295998622,13.1827102376502,6.52059134107709
2021-04-20,50257,38,42244,34,8013,4,46297,38,326646,474,372943,512,1,622,1,1382,643,1,"Knox County",470313,76.9700178391837,0.0681584362139918,108.86367163995,8.07972562952757,6.81584362139918
2021-04-19,50219,64,42210,40,8009,24,46259,39,326172,336,372431,375,0,621,0,1381,642,0,"Knox County",470313,75.9068960458248,0.070531659096981,79.7341345019168,13.6079589549938,7.0531659096981
2021-04-18,50155,38,42170,27,7985,11,46220,32,325836,364,372056,396,0,621,1,1381,642,1,"Knox County",470313,76.1195204044966,0.0718261330506229,84.1992460340241,8.07972562952757,7.18261330506229
2021-04-17,50117,37,42143,18,7974,19,46188,23,325472,335,371660,358,0,621,1,1380,641,0,"Knox County",470313,76.5447691218401,0.0740122426265999,76.1195204044966,7.86710127085579,7.40122426265999
2021-04-16,50080,345,42125,329,7955,16,46165,369,325137,2088,371302,2457,1,621,4,1379,641,1,"Knox County",470313,140.757325440717,0.10966678872208,522.418049256559,73.3554037417635,10.966678872208
2021-04-15,49735,86,41796,54,7939,32,45796,55,323049,577,368845,632,1,620,0,1375,640,1,"Knox County",470313,142.458320310091,0.112530993705894,134.378594680564,18.2856948457729,11.2530993705894
2021-04-14,49649,84,41742,59,7907,25,45741,61,322472,684,368213,745,0,619,3,1375,639,0,"Knox County",470313,147.13605620087,0.112694063926941,158.405147210475,17.8604461284294,11.2694063926941
2021-04-13,49565,68,41683,38,7882,30,45680,43,321788,339,367468,382,-5,619,1,1372,639,0,"Knox County",470313,153.514786961024,0.116370439663237,81.2225050126193,14.4584563896809,11.6370439663237
2021-04-12,49497,63,41645,43,7852,20,45637,50,321449,360,367086,410,1,624,0,1371,639,1,"Knox County",470313,153.302162602352,0.117657992565056,87.175987055429,13.395334596322,11.7657992565056
2021-04-11,49434,26,41602,15,7832,11,45587,14,321089,296,366676,310,2,623,0,1371,638,0,"Knox County",470313,150.750670298291,0.116169248205516,65.9135511882512,5.52823332546623,11.6169248205516
2021-04-10,49408,50,41587,33,7821,17,45573,41,320793,571,366366,612,0,621,1,1371,638,1,"Knox County",470313,153.514786961024,0.114095169430425,130.126107507128,10.6312179335889,11.4095169430425
2021-04-09,49358,82,41554,62,7804,20,45532,71,320222,620,365754,691,5,621,2,1370,637,0,"Knox County",470313,97.5945806303462,0.0885774722369117,146.923431842199,17.4351974110858,8.85774722369117
2021-04-08,49276,49,41492,26,7784,23,45461,25,319602,465,365063,490,-6,616,0,1368,637,1,"Knox County",470313,89.7274793594904,0.0837912087912088,104.185935749171,10.4185935749171,8.37912087912088
2021-04-07,49227,76,41466,53,7761,23,45436,57,319137,767,364573,824,2,622,1,1368,636,0,"Knox County",470313,88.0264844901162,0.0809357354127454,175.202471545545,16.1594512590551,8.09357354127454
2021-04-06,49151,73,41413,40,7738,33,45379,44,318370,419,363749,463,2,620,0,1367,636,0,"Knox County",470313,89.089606283475,0.0794736842105263,98.4450780650333,15.5215781830398,7.94736842105263
2021-04-05,49078,44,41373,32,7705,12,45335,35,317951,266,363286,301,0,618,3,1367,636,2,"Knox County",470313,85.0497434687113,0.0777567054998645,63.9999319602052,9.35547178155824,7.77567054998645
2021-04-04,49034,49,41341,31,7693,18,45300,40,317685,341,362985,381,3,618,0,1364,634,1,"Knox County",470313,89.9401037181622,0.0832004253056885,81.0098806539475,10.4185935749171,8.32004253056885
2021-04-03,48985,80,41310,63,7675,17,45260,70,317344,593,362604,663,0,615,0,1364,633,3,"Knox County",470313,96.3188344783155,0.0896931549960661,140.969949799389,17.0099486937423,8.96931549960661
2021-04-02,48905,73,41247,43,7658,30,45190,44,316751,529,361941,573,0,615,2,1364,630,2,"Knox County",470313,94.4052152502695,0.0852503382949932,121.833757518929,15.5215781830398,8.52503382949932
2021-04-01,48832,76,41204,64,7628,12,45146,67,316222,580,361368,647,1,615,1,1362,628,0,"Knox County",470313,100.146072934408,0.0926791277258567,137.56796006064,16.1594512590551,9.26791277258567
2021-03-31,48756,86,41140,65,7616,21,45079,71,315642,765,360721,836,3,614,2,1361,628,2,"Knox County",470313,102.272316521125,0.0960144927536232,177.753963849607,18.2856948457729,9.60144927536232
2021-03-30,48670,56,41075,32,7595,24,45008,38,314877,460,359885,498,1,611,2,1359,626,2,"Knox County",470313,98.6577024237051,0.0936137471146448,105.886930618546,11.9069640856196,9.36137471146448
2021-03-29,48614,42,41043,21,7571,21,44970,22,314417,399,359387,421,5,610,0,1357,624,1,"Knox County",470313,98.2324537063615,0.087583976113461,89.5148550008186,8.93022306421468,8.7583976113461
2021-03-28,48572,80,41022,46,7550,34,44948,49,314018,484,358966,533,2,605,5,1357,623,1,"Knox County",470313,104.823808825187,0.086549988012467,113.328783172058,17.0099486937423,8.6549988012467
2021-03-27,48492,43,40976,40,7516,3,44899,42,313534,442,358433,484,0,603,2,1352,622,2,"Knox County",470313,96.9567075543308,0.0834168336673347,102.910189597141,9.14284742288646,8.34168336673347
2021-03-26,48449,79,40936,54,7513,25,44857,60,313092,416,357949,476,0,603,2,1350,620,2,"Knox County",470313,98.2324537063615,0.089602053915276,101.209194727766,16.7973243350705,8.9602053915276
2021-03-25,48370,87,40882,63,7488,24,44797,67,312676,570,357473,637,0,603,4,1348,618,1,"Knox County",470313,100.571321651751,0.0898326898326898,135.441716473923,18.4983192044447,8.98326898326898
2021-03-24,48283,123,40819,93,7464,30,44730,95,312106,780,356836,875,1,603,3,1344,617,1,"Knox County",470313,108.438422922607,0.0950560652395515,186.046313837806,26.1527961166287,9.50560652395515
2021-03-23,48160,88,40726,58,7434,30,44635,63,311326,530,355961,593,1,602,3,1341,616,1,"Knox County",470313,115.242402400104,0.0990296093555611,126.086244692364,18.7109435631165,9.90296093555611
2021-03-22,48072,111,40668,77,7404,34,44572,79,310796,516,355368,595,2,601,1,1338,615,0,"Knox County",470313,129.913483148456,0.108514190317195,126.511493409708,23.6013038125674,10.8514190317195
2021-03-21,47961,50,40591,33,7370,17,44493,34,310280,330,354773,364,-3,599,1,1337,615,1,"Knox County",470313,123.534752388303,0.10934393638171,77.3952665565272,10.6312179335889,10.934393638171
2021-03-20,47911,59,40558,29,7353,30,44459,33,309950,315,354409,348,0,602,4,1336,614,0,"Knox County",470313,126.936742127052,0.110853909465021,73.9932768177788,12.5448371616349,11.0853909465021
2021-03-19,47852,146,40529,102,7323,44,44426,116,309635,955,354061,1071,3,602,3,1332,614,1,"Knox County",470313,141.182574158061,0.108632612090118,227.720688137474,31.0431563660796,10.8632612090118
2021-03-18,47706,68,40427,50,7279,18,44310,66,308680,627,352990,693,2,599,1,1329,613,0,"Knox County",470313,137.142711343297,0.107072042300066,147.348680559542,14.4584563896809,10.7072042300066
2021-03-17,47638,46,40377,36,7261,10,44244,41,308053,498,352297,539,1,597,3,1328,613,2,"Knox County",470313,120.77063572557,0.102783725910064,114.604529324088,9.7807204989018,10.2783725910064
2021-03-16,47592,128,40341,84,7251,44,44203,100,307555,698,351758,798,0,596,3,1325,611,1,"Knox County",470313,129.275610072441,0.106397459165154,169.674238220079,27.2159179099876,10.6397459165154
2021-03-15,47464,43,40257,28,7207,15,44103,39,306857,290,350960,329,1,596,1,1322,610,1,"Knox County",470313,114.81715368276,0.103573153066152,69.953414003015,9.14284742288646,10.3573153066152
2021-03-14,47421,59,40229,37,7192,22,44064,46,306567,405,350631,451,0,595,0,1321,609,0,"Knox County",470313,116.730772910806,0.104279971624498,95.893585760972,12.5448371616349,10.4279971624498
2021-03-13,47362,70,40192,33,7170,37,44018,40,306162,623,350180,663,1,595,1,1321,609,2,"Knox County",470313,119.069640856196,0.0985915492957746,140.969949799389,14.8837051070245,9.85915492957746
2021-03-12,47292,63,40159,60,7133,3,43978,67,305539,691,349517,758,0,594,1,1320,607,2,"Knox County",470313,101.421819086438,0.0943039470574332,161.169263873208,13.395334596322,9.43039470574332
2021-03-11,47229,80,40099,53,7130,27,43911,64,304848,627,348759,691,2,594,0,1319,605,1,"Knox County",470313,103.9733113905,0.0938756207141168,146.923431842199,17.0099486937423,9.38756207141168
2021-03-10,47149,94,40046,71,7103,23,43847,81,304221,1001,348068,1082,2,592,0,1319,604,0,"Knox County",470313,114.179280606745,0.0915758591785415,230.059556082864,19.9866897151471,9.15758591785415
2021-03-09,47055,80,39975,50,7080,30,43766,55,303220,597,346986,652,0,590,2,1319,604,5,"Knox County",470313,103.9733113905,0.0847384349329875,138.631081853999,17.0099486937423,8.47384349329875
2021-03-08,46975,85,39925,57,7050,28,43711,62,302623,411,346334,473,1,590,0,1317,599,2,"Knox County",470313,112.903534454714,0.0870020964360587,100.571321651751,18.0730704871011,8.70020964360587
2021-03-07,46890,62,39868,39,7022,23,43649,41,302212,327,345861,368,0,589,0,1317,597,0,"Knox County",470313,113.54140753073,0.0874759974397269,78.2457639912144,13.1827102376502,8.74759974397269
2021-03-06,46828,122,39829,85,6999,37,43608,94,301885,848,345493,942,0,589,1,1317,597,0,"Knox County",470313,124.597874181662,0.0934353604510673,200.292145868815,25.9401717579569,9.34353604510673
2021-03-05,46706,69,39744,43,6962,26,43514,48,301037,520,344551,568,2,589,2,1316,597,2,"Knox County",470313,125.873620333693,0.0931742043551089,120.77063572557,14.6710807483527,9.31742043551089
2021-03-04,46637,112,39701,85,6936,27,43466,99,300517,1094,343983,1193,5,587,2,1314,595,2,"Knox County",470313,132.67759981119,0.0909435392194013,253.660859895431,23.8139281712392,9.09435392194013
2021-03-03,46525,70,39616,29,6909,41,43367,36,299423,497,342790,533,1,582,4,1312,593,1,"Knox County",470313,127.574615203067,0.0919856206386128,113.328783172058,14.8837051070245,9.19856206386128
2021-03-02,46455,133,39587,91,6868,42,43331,99,298926,807,342257,906,-1,581,2,1308,592,5,"Knox County",470313,138.843706212671,0.096126831226169,192.637668956631,28.2790397033465,9.6126831226169
2021-03-01,46322,56,39496,30,6826,26,43232,33,298119,165,341351,198,1,582,1,1306,587,0,"Knox County",470313,132.67759981119,0.0955819881053526,42.0996230170121,11.9069640856196,9.55819881053526
2021-02-28,46266,77,39466,53,6800,24,43199,63,297954,563,341153,626,2,581,2,1305,587,1,"Knox County",470313,135.866965191266,0.0950463149416029,133.102848528533,16.3720756177269,9.50463149416029
2021-02-27,46189,82,39413,47,6776,35,43136,59,297391,670,340527,729,1,579,3,1303,586,1,"Knox County",470313,127.361990844395,0.09194193141174,155.003157471726,17.4351974110858,9.194193141174
2021-02-26,46107,105,39366,69,6741,36,43077,80,296721,505,339798,585,5,578,1,1300,585,0,"Knox County",470313,135.016467756579,0.0983228511530398,124.38524982299,22.3255576605367,9.83228511530398
2021-02-25,46002,131,39297,92,6705,39,42997,98,296216,1028,339213,1126,2,573,5,1299,585,1,"Knox County",470313,139.056330571343,0.099510950457155,239.415027864422,27.8537909860029,9.9510950457155
2021-02-24,45871,101,39205,71,6666,30,42899,79,295188,969,338087,1048,2,571,2,1294,584,1,"Knox County",470313,145.647685690168,0.0979302414718283,222.830327888024,21.4750602258496,9.79302414718283
2021-02-23,45770,115,39134,61,6636,54,42820,68,294219,758,337039,826,5,569,6,1292,583,2,"Knox County",470313,141.820447234076,0.0934215648112106,175.627720262889,24.4518012472545,9.34215648112106
2021-02-22,45655,60,39073,31,6582,29,42752,37,293461,306,336213,343,3,564,3,1286,581,2,"Knox County",470313,142.670944668763,0.0916146129093318,72.9301550244199,12.7574615203067,9.16146129093318
2021-02-21,45595,82,39042,41,6553,41,42715,45,293155,499,335870,544,2,561,3,1283,579,3,"Knox County",470313,143.734066462122,0.0895981542011152,115.667651117447,17.4351974110858,8.95981542011152
2021-02-20,45513,137,39001,98,6512,39,42670,115,292656,1007,335326,1122,1,559,2,1280,576,1,"Knox County",470313,155.42840618907,0.0933142652842331,238.564530429735,29.1295371380336,9.33142652842331
2021-02-19,45376,93,38903,41,6473,52,42555,46,291649,274,334204,320,1,558,2,1278,575,2,"Knox County",470313,152.876913885008,0.0915744042034153,68.039794774969,19.7740653564754,9.15744042034153
2021-02-18,45283,148,38862,105,6421,43,42509,114,291375,987,333884,1101,4,557,5,1276,573,6,"Knox County",470313,156.491527982429,0.0950226244343891,234.099418897628,31.4684050834232,9.50226244343891
2021-02-17,45135,113,38757,68,6378,45,42395,76,290388,891,332783,967,1,553,4,1271,567,3,"Knox County",470313,159.04302028649,0.0959218839747272,205.607754835609,24.0265525299109,9.59218839747272
2021-02-16,45022,145,38689,90,6333,55,42319,102,289497,818,331816,920,2,552,4,1267,564,0,"Knox County",470313,165.421751046643,0.1006206507429,195.614409978036,30.8305320074078,10.06206507429
2021-02-15,44877,74,38599,35,6278,39,42217,44,288679,312,330896,356,2,550,1,1263,564,1,"Knox County",470313,168.398492068048,0.101688555347092,75.694271687153,15.7342025417116,10.1688555347092
2021-02-14,44803,162,38564,132,6239,30,42173,134,288367,706,330540,840,2,548,5,1262,563,1,"Knox County",470313,185.408440761791,0.11215783860647,178.604461284294,34.4451461048281,11.215783860647
2021-02-13,44641,132,38432,88,6209,44,42039,104,287661,870,329700,974,4,546,6,1257,562,4,"Knox County",470313,184.345318968432,0.113179992698065,207.096125346312,28.0664153446747,11.3179992698065
2021-02-12,44509,174,38344,109,6165,65,41935,119,286791,996,328726,1115,3,542,3,1251,558,1,"Knox County",470313,201.567892020846,0.110473457675753,237.076159919033,36.9966384088894,11.0473457675753
2021-02-11,44335,162,38235,112,6100,50,41816,117,285795,1132,327611,1249,5,539,5,1248,557,2,"Knox County",470313,204.544633042251,0.108394331101075,265.567823981051,34.4451461048281,10.8394331101075
2021-02-10,44173,147,38123,105,6050,42,41699,111,284663,1032,326362,1143,7,534,6,1243,555,2,"Knox County",470313,211.773861237091,0.110807943004396,243.029641961842,31.2557807247514,11.0807943004396
2021-02-09,44026,204,38018,149,6008,55,41588,160,283631,1022,325219,1182,0,527,6,1237,553,5,"Knox County",470313,224.318698398726,0.115031345677212,251.321991950042,43.3753691690427,11.5031345677212
2021-02-08,43822,103,37869,68,5953,35,41428,71,282609,371,324037,442,4,527,2,1231,548,3,"Knox County",470313,230.484804800208,0.117494600431965,93.9799665329259,21.9003089431931,11.7494600431965
2021-02-07,43719,109,37801,76,5918,33,41357,83,282238,716,323595,799,1,523,2,1229,545,1,"Knox County",470313,219.215713790603,0.110805330243337,169.886862578751,23.1760550952238,11.0805330243337
2021-02-06,43610,299,37725,173,5885,126,41274,194,281522,1396,322796,1590,2,522,6,1227,544,4,"Knox County",470313,254.72398168879,0.113696808510638,338.072730288127,63.5746832428617,11.3696808510638
2021-02-05,43311,173,37552,128,5759,45,41080,142,280126,727,321206,869,8,520,4,1221,540,3,"Knox County",470313,254.511357330118,0.120703876821556,184.770567685775,36.7840140502176,12.0703876821556
2021-02-04,43138,198,37424,148,5714,50,40938,158,279399,1581,320337,1739,2,512,7,1217,537,8,"Knox County",470313,262.165834242302,0.118366821226172,369.753759730222,42.0996230170121,11.8366821226172
2021-02-03,42940,228,37276,164,5664,64,40780,170,277818,1634,318598,1804,5,510,7,1210,529,0,"Knox County",470313,279.388407294717,0.116083086053412,383.574343043888,48.4783537771654,11.6083086053412
2021-02-02,42712,89,37112,68,5600,21,40610,76,276184,291,316794,367,7,505,1,1203,529,2,"Knox County",470313,254.936606047462,0.117477003942181,78.0331396325426,18.9235679217883,11.7477003942181
2021-02-01,42623,152,37044,82,5579,70,40534,97,275893,425,316427,522,4,498,2,1202,527,3,"Knox County",470313,265.355199622379,0.11963589076723,110.989915226668,32.3189025181103,11.963589076723
2021-01-31,42471,173,36962,119,5509,54,40437,127,275468,939,315905,1066,7,494,4,1200,524,2,"Knox County",470313,278.963158577373,0.12115118763353,226.657566344116,36.7840140502176,12.115118763353
2021-01-30,42298,275,36843,232,5455,43,40310,250,274529,1518,314839,1768,7,487,9,1196,522,6,"Knox County",470313,273.86017396925,0.125384142593731,375.919866131704,58.471698634739,12.5384142593731
2021-01-29,42023,101,36611,52,5412,49,40060,62,273011,376,313071,438,4,480,1,1187,516,5,"Knox County",470313,258.551220144882,0.122014537902388,93.1294690982388,21.4750602258496,12.2014537902388
2021-01-28,41922,156,36559,116,5363,40,39998,127,272635,656,312633,783,9,476,6,1186,511,4,"Knox County",470313,249.620997080668,0.134706579727327,166.484872840002,33.1693999527974,13.4706579727327
2021-01-27,41766,169,36443,124,5323,45,39871,125,271979,893,311850,1018,12,467,3,1180,507,4,"Knox County",470313,237.076159919033,0.144917812814492,216.45159712787,35.9335166155305,14.4917812814492
2021-01-26,41597,230,36319,169,5278,61,39746,191,271086,1041,310832,1232,3,455,8,1177,503,7,"Knox County",470313,267.056194491753,0.143401201113227,261.953209883631,48.903602494509,14.3401201113227
2021-01-25,41367,157,36150,106,5217,51,39555,115,270045,415,309600,530,9,452,1,1169,496,4,"Knox County",470313,268.119316285112,0.145866861741039,112.690910096042,33.3820243114692,14.5866861741039
2021-01-24,41210,152,36044,101,5166,51,39440,109,269630,790,309070,899,4,443,2,1168,492,5,"Knox County",470313,263.654204753005,0.146820635872825,191.149298445929,32.3189025181103,14.6820635872825
2021-01-23,41058,307,35943,220,5115,87,39331,231,268840,1492,308171,1723,7,439,7,1166,487,4,"Knox County",470313,270.458184230502,0.144949418692435,366.351769991474,65.2756781122359,14.4949418692435
2021-01-22,40751,177,35723,141,5028,36,39100,175,267348,1172,306448,1347,3,432,8,1159,483,8,"Knox County",470313,286.617635489557,0.142458842272969,286.405011130885,37.6345114849047,14.2458842272969
2021-01-21,40574,258,35582,188,4992,70,38925,200,266176,1078,305101,1278,11,429,5,1151,475,6,"Knox County",470313,308.305320074078,0.142768157468544,271.733930382532,54.8570845373188,14.2768157468544
2021-01-20,40316,193,35394,132,4922,61,38725,131,265098,736,303823,867,10,418,8,1146,469,10,"Knox County",470313,313.408304682201,0.146267140680548,184.345318968432,41.0365012236532,14.6267140680549
2021-01-19,40123,310,35262,195,4861,115,38594,218,264362,956,302956,1174,8,408,14,1138,459,3,"Knox County",470313,330.418253375943,0.150805832693784,249.620997080668,65.9135511882512,15.0805832693784
2021-01-18,39813,128,35067,79,4746,49,38376,85,263406,472,301782,557,7,400,4,1124,456,9,"Knox County",470313,324.252146974462,0.146462715105163,118.43176778018,27.2159179099876,14.6462715105163
2021-01-17,39685,180,34988,137,4697,43,38291,150,262934,690,301225,840,3,393,8,1120,447,6,"Knox County",470313,330.205629017271,0.152838427947598,178.604461284294,38.2723845609201,15.2838427947598
2021-01-16,39505,418,34851,338,4654,80,38141,387,262244,1757,300385,2144,1,390,7,1112,441,8,"Knox County",470313,353.806932829839,0.164006336054588,455.866624992292,88.8769819248033,16.4006336054588
2021-01-15,39087,187,34513,149,4574,38,37754,153,260487,755,298241,908,0,389,4,1105,433,10,"Knox County",470313,355.933176416557,0.170442842430484,193.062917673975,39.7607550716225,17.0442842430484
2021-01-14,38900,334,34364,264,4536,70,37601,288,259732,1480,297333,1768,6,389,8,1101,423,7,"Knox County",470313,372.092627675612,0.170985710825866,375.919866131704,71.0165357963739,17.0985710825866
2021-01-13,38566,243,34100,195,4466,48,37313,201,258252,946,295565,1147,12,383,6,1093,416,2,"Knox County",470313,382.723845609201,0.173576950105411,243.88013939653,51.6677191572421,17.3576950105411
2021-01-12,38323,331,33905,260,4418,71,37112,282,257306,1180,294418,1462,10,371,6,1087,414,5,"Knox County",470313,387.188957141308,0.17516428733288,310.85681237814,70.3786627203586,17.516428733288
2021-01-11,37992,243,33645,196,4347,47,36830,228,256126,726,292956,954,4,361,5,1081,409,6,"Knox County",470313,411.640758388563,0.18312913368752,202.843638172876,51.6677191572421,18.312913368752
2021-01-10,37749,324,33449,203,4300,121,36602,220,255400,1013,292002,1233,5,357,17,1076,403,6,"Knox County",470313,442.258666037299,0.182924292845258,262.165834242302,68.8902922096561,18.2924292845258
2021-01-09,37425,469,33246,388,4179,81,36382,422,254387,1383,290769,1805,5,352,11,1059,397,2,"Knox County",470313,453.102508329559,0.193381481082246,383.78696740256,99.720824217064,19.3381481082246
2021-01-08,36956,453,32858,365,4098,88,35960,387,253004,1431,288964,1818,7,347,6,1048,395,8,"Knox County",470313,509.660587736252,0.199077255325415,386.551084065293,96.3188344783155,19.9077255325415
2021-01-07,36503,379,32493,337,4010,42,35573,348,251573,1309,287146,1657,10,340,9,1042,387,3,"Knox County",470313,519.228683876482,0.207225089321159,352.318562319136,80.5846319366039,20.7225089321159
2021-01-06,36124,488,32156,357,3968,131,35225,374,250264,1187,285489,1561,9,330,15,1033,384,9,"Knox County",470313,571.321651751068,0.215538608198284,331.906623886646,103.760687031828,21.5538608198284
2021-01-05,35636,514,31799,323,3837,191,34851,342,249077,1192,283928,1534,14,321,14,1018,375,6,"Knox County",470313,610.231909388003,0.219750047339519,326.165766202508,109.288920357294,21.9750047339519
2021-01-04,35122,321,31476,228,3646,93,34509,249,247885,654,282394,903,6,307,6,1004,369,8,"Knox County",470313,626.816609364402,0.22281419465322,191.999795880616,68.2524191336408,22.281419465322
2021-01-03,34801,283,31248,182,3553,101,34260,195,247231,608,281491,803,2,301,9,998,361,9,"Knox County",470313,618.099010658859,0.229838309691499,170.737360013438,60.1726935041132,22.9838309691499
2021-01-02,34518,420,31066,318,3452,102,34065,343,246623,1095,280688,1438,0,299,23,989,352,4,"Knox County",470313,607.680417083942,0.230389129092032,305.753827770017,89.3022306421468,23.0389129092032
2021-01-01,34098,416,30748,346,3350,70,33722,373,245528,1297,279250,1670,2,299,9,966,348,6,"Knox County",470313,599.813315813086,0.232490068994355,355.08267898187,88.4517332074597,23.2490068994355
2020-12-31,33682,449,30402,312,3280,137,33349,322,244231,929,277580,1251,12,297,8,957,342,3,"Knox County",470313,614.697020920111,0.239956331877729,265.993072698394,95.4683370436284,23.9956331877729
2020-12-30,33233,363,30090,248,3143,115,33027,271,243302,931,276329,1202,6,285,9,949,339,4,"Knox County",470313,588.118976086138,0.238041131689581,255.574479123477,77.1826421978555,23.8041131689581
2020-12-29,32870,590,29842,398,3028,192,32756,420,242371,1081,275127,1501,7,279,14,940,335,8,"Knox County",470313,604.278427345194,0.24783302919708,319.149162366339,125.448371616349,24.783302919708
2020-12-28,32280,252,29444,174,2836,78,32336,185,241290,565,273626,750,4,272,4,926,327,5,"Knox County",470313,589.607346596841,0.244805571677307,159.468269003834,53.5813383852881,24.4805571677307
2020-12-27,32028,230,29270,156,2758,74,32151,172,240725,489,272876,661,3,268,8,922,322,7,"Knox County",470313,578.338255587237,0.24619379204532,140.544701082045,48.903602494509,24.619379204532
2020-12-26,31798,359,29114,289,2684,70,31979,329,240236,1063,272215,1392,0,265,10,914,315,6,"Knox County",470313,565.368169708258,0.245876349827934,295.973107271115,76.3321447631684,24.5876349827934
2020-12-25,31439,353,28825,287,2614,66,31650,308,239173,1070,270823,1378,1,265,5,904,309,7,"Knox County",470313,551.972835111936,0.246711739397664,292.99636624971,75.0563986111377,24.6711739397664
2020-12-24,31086,351,28538,277,2548,74,31342,311,238103,1273,269445,1584,5,264,8,899,302,7,"Knox County",470313,531.135647962102,0.235710911667454,336.796984136097,74.6311498937941,23.5710911667454
2020-12-23,30735,472,28261,351,2474,121,31031,371,236830,1411,267861,1782,6,259,9,891,295,6,"Knox County",470313,554.311703057326,0.231653404067197,378.896607153109,100.358697293079,23.1653404067197
2020-12-22,30263,530,27910,392,2353,138,30660,432,235419,1470,266079,1902,7,253,15,882,289,6,"Knox County",470313,541.554241537019,0.223092390729178,404.411530193722,112.690910096042,22.3092390729178
2020-12-21,29733,442,27518,361,2215,81,30228,391,233949,1422,264177,1813,2,246,5,867,283,3,"Knox County",470313,581.952869684657,0.220129375951294,385.487962271934,93.9799665329259,22.0129375951294
2020-12-20,29291,514,27157,431,2134,83,29837,478,232527,2245,262364,2723,2,244,7,862,280,6,"Knox County",470313,642.338187547442,0.208366470494672,578.976128663252,109.288920357294,20.8366470494672
2020-12-19,28777,525,26726,441,2051,84,29359,489,230282,1445,259641,1934,6,242,14,855,274,7,"Knox County",470313,677.633831086957,0.211954864287893,411.215509671219,111.627788302684,21.1954864287893
2020-12-18,28252,480,26285,420,1967,60,28870,430,228837,1358,257707,1788,4,236,11,841,267,6,"Knox County",470313,704.637124638273,0.214549756025432,380.172353305139,102.059692162454,21.4549756025433
2020-12-17,27772,733,25865,635,1907,98,28440,663,227479,1898,255919,2561,11,232,11,830,261,4,"Knox County",470313,785.859629650892,0.224367372267807,544.530982558424,155.853654906413,22.4367372267807
2020-12-16,27039,564,25230,453,1809,111,27777,472,225581,1729,253358,2201,8,221,11,819,257,4,"Knox County",470313,805.421070648696,0.224835812893714,467.986213436584,119.920138290883,22.4835812893714
2020-12-15,26475,765,24777,675,1698,90,27305,716,223852,2415,251157,3131,2,213,15,808,253,8,"Knox County",470313,855.387794936564,0.225311126246053,665.726867001337,162.65763438391,22.5311126246053
2020-12-14,25710,472,24102,411,1608,61,26589,461,221437,1624,248026,2085,6,211,7,793,245,8,"Knox County",470313,861.766525696717,0.225841807221579,443.321787830657,100.358697293079,22.584180722158
2020-12-13,25238,628,23691,572,1547,56,26128,754,219813,2935,245941,3689,2,205,10,786,237,6,"Knox County",470313,886.0057025853,0.229167864742078,784.37125914019,133.528097245877,22.9167864742078
2020-12-12,24610,464,23119,392,1491,72,25374,454,216878,2171,242252,2625,3,203,19,776,231,4,"Knox County",470313,873.035616706321,0.218473451327434,558.138941513418,98.6577024237051,21.8473451327434
2020-12-11,24146,557,22727,523,1419,34,24920,429,214707,1406,239627,1835,6,200,10,757,227,2,"Knox County",470313,889.407692324048,0.21785182324709,390.165698162713,118.43176778018,21.785182324709
2020-12-10,23589,473,22204,415,1385,58,24491,538,213301,1910,237792,2448,8,194,9,747,225,10,"Knox County",470313,834.125359069386,0.212279338292439,520.504430028513,100.571321651751,21.2279338292439
2020-12-09,23116,407,21789,337,1327,70,23953,359,211391,924,235344,1283,2,186,13,738,215,3,"Knox County",470313,800.743334757917,0.217068320074871,272.797052175891,86.5381139794137,21.7068320074871
2020-12-08,22709,491,21452,446,1257,45,23594,538,210467,2077,234061,2615,9,184,10,725,212,2,"Knox County",470313,742.484260481849,0.213088057901086,556.0126979267,104.398560107843,21.3088057901086
2020-12-07,22218,323,21006,271,1212,52,23056,317,208390,1135,231446,1452,3,175,6,715,210,3,"Knox County",470313,710.803231039754,0.212516460776322,308.730568791422,68.6776678509843,21.2516460776322
2020-12-06,21895,332,20735,291,1160,41,22739,187,207255,668,229994,855,6,172,6,709,207,4,"Knox County",470313,647.866420872908,0.215206283840464,181.79382666437,70.5912870790304,21.5206283840464
2020-12-05,21563,289,20444,263,1119,26,22552,213,206587,714,229139,927,2,166,8,703,203,2,"Knox County",470313,610.657158105347,0.22610600087604,197.102780488738,61.4484396561439,22.610600087604
2020-12-04,21274,354,20181,322,1093,32,22339,297,205873,1091,228212,1388,5,164,11,695,201,5,"Knox County",470313,567.494413294976,0.223285922684172,295.122609836428,75.2690229698095,22.3285922684172
2020-12-03,20920,441,19859,424,1061,17,22042,448,204782,1215,226824,1663,2,159,10,684,196,2,"Knox County",470313,560.690433817479,0.231660610821958,353.594308471167,93.7673421742542,23.1660610821958
2020-12-02,20479,192,19435,170,1044,22,21594,185,203567,575,225161,760,2,157,7,674,194,5,"Knox County",470313,514.976196703047,0.226190476190476,161.594512590551,40.8238768649814,22.6190476190476
2020-12-01,20287,403,19265,380,1022,23,21409,409,202992,1832,224401,2241,5,155,7,667,189,3,"Knox County",470313,496.26525313993,0.221408572043937,476.491187783455,85.6876165447266,22.1408572043937
2020-11-30,19884,385,18885,371,999,14,21000,436,201160,1815,222160,2251,1,150,3,660,186,3,"Knox County",470313,509.44796337758,0.215666831928607,478.617431370173,81.8603780886346,21.5666831928607
2020-11-29,19499,226,18514,218,985,8,20564,260,199345,1464,219909,1724,0,149,5,657,183,6,"Knox County",470313,486.909781358372,0.205221836771955,366.564394350146,48.0531050598219,20.5221836771955
2020-11-28,19273,270,18296,256,977,14,20304,299,197881,1967,218185,2266,0,149,8,652,177,4,"Knox County",470313,482.869918543608,0.189864150329456,481.806796750249,57.4085768413801,18.9864150329456
2020-11-27,19003,235,18040,215,963,20,20005,249,195914,1247,215919,1496,3,149,12,644,173,3,"Knox County",470313,457.567619861667,0.184339972582856,318.08604057298,49.9667242878679,18.4339972582856
2020-11-26,18768,344,17825,341,943,3,19756,441,194667,1429,214423,1870,4,146,5,632,170,6,"Knox County",470313,436.943057070504,0.180758248730964,397.607550716225,73.1427793830917,18.0758248730964
2020-11-25,18424,219,17484,193,940,26,19315,123,193238,325,212553,448,0,142,3,627,164,2,"Knox County",470313,442.683914754642,0.18030253741054,95.2557126849566,46.5647345491194,18.030253741054
2020-11-24,18205,153,17291,130,914,23,19192,116,192913,673,212105,789,2,142,6,624,162,2,"Knox County",470313,389.527825086698,0.177425304315751,167.760618992033,32.5315268767821,17.7425304315751
2020-11-23,18052,167,17161,147,891,20,19076,100,192240,391,211316,491,3,140,7,618,160,7,"Knox County",470313,343.17571489625,0.174812857771907,104.398560107843,35.508267898187,17.4812857771907
2020-11-22,17885,220,17014,212,871,8,18976,258,191849,1804,210825,2062,2,137,5,611,153,2,"Knox County",470313,341.899968744219,0.168329441732116,438.431427581207,46.7773589077912,16.8329441732116
2020-11-21,17665,173,16802,169,863,4,18718,198,190045,1465,208763,1663,0,135,4,606,151,2,"Knox County",470313,321.275405953057,0.168386438371697,353.594308471167,36.7840140502176,16.8386438371697
2020-11-20,17492,178,16633,169,859,9,18520,163,188580,791,207100,954,7,135,5,602,149,4,"Knox County",470313,309.155817508765,0.169022592726833,202.843638172876,37.8471358435765,16.9022592726833
2020-11-19,17314,166,16464,148,850,18,18357,128,187789,663,206146,791,2,128,4,597,145,5,"Knox County",470313,271.308681665189,0.15087524312309,168.185867709377,35.2956435395152,15.087524312309
2020-11-18,17148,168,16316,163,832,5,18229,179,187126,874,205355,1053,0,126,7,593,140,2,"Knox County",470313,260.464839372928,0.146353966423171,223.893449681382,35.7208922568587,14.6353966423171
2020-11-17,16980,248,16153,240,827,8,18050,260,186252,1033,204302,1293,9,126,7,586,138,1,"Knox County",470313,280.664153446747,0.154809197062718,274.923295762609,52.730840950601,15.4809197062718
2020-11-16,16732,272,15913,261,819,11,17790,286,185219,1409,203009,1695,2,117,6,579,137,2,"Knox County",470313,302.989711107284,0.154768163179476,360.398287948664,57.8338255587237,15.4768163179476
2020-11-15,16460,274,15652,247,808,27,17504,295,183810,2278,201314,2573,2,115,3,573,135,4,"Knox County",470313,314.47142647556,0.150568748752744,547.082474862485,58.2590742760672,15.0568748752744
2020-11-14,16186,306,15405,293,781,13,17209,321,181532,1699,198741,2020,0,113,7,570,131,3,"Knox County",470313,342.750466178906,0.157240581944311,429.501204516992,65.0630537535641,15.7240581944311
2020-11-13,15880,219,15112,200,768,19,16888,190,179833,965,196721,1155,4,113,6,563,128,1,"Knox County",470313,351.468064884449,0.156805293005671,245.581134265904,46.5647345491194,15.6805293005671
2020-11-12,15661,143,14912,130,749,13,16698,136,178868,955,195566,1091,1,109,3,557,127,2,"Knox County",470313,346.577704634998,0.153216911764706,231.97317531091,30.4052832900643,15.3216911764706
2020-11-11,15518,191,14782,177,736,14,16562,191,177913,1229,194475,1420,3,108,7,554,125,2,"Knox County",470313,351.468064884449,0.149284253578732,301.926589313925,40.6112525063096,14.9284253578732
2020-11-10,15327,168,14605,163,722,5,16371,186,176684,1131,193055,1317,2,105,4,547,123,2,"Knox County",470313,334.458116190707,0.142400851743412,280.026280370732,35.7208922568587,14.2400851743412
2020-11-09,15159,135,14442,121,717,14,16185,131,175553,490,191738,621,1,103,2,543,121,2,"Knox County",470313,305.328579052673,0.142198685888006,132.039726735174,28.70428842069,14.2198685888006
2020-11-08,15024,215,14321,203,703,12,16054,252,175063,2624,191117,2876,1,102,3,541,119,5,"Knox County",470313,292.783741891039,0.134,611.507655540034,45.7142371144323,13.4
2020-11-07,14809,169,14118,161,691,8,15802,187,172439,1918,188241,2105,1,101,5,538,114,0,"Knox County",470313,263.654204753005,0.120264525271611,447.574275004093,35.9335166155305,12.0264525271611
2020-11-06,14640,155,13957,138,683,17,15615,160,170521,1235,186136,1395,0,100,5,533,114,3,"Knox County",470313,250.046245798011,0.114826789838337,296.61098034713,32.9567755941256,11.4826789838337
2020-11-05,14485,158,13819,142,666,16,15455,151,169286,613,184741,764,1,100,6,528,111,1,"Knox County",470313,253.235611178088,0.119832349018861,162.445010025239,33.594648670141,11.9832349018861
2020-11-04,14327,145,13677,133,650,12,15304,148,168673,934,183977,1082,-1,99,5,522,110,2,"Knox County",470313,243.454890679186,0.119586614173228,230.059556082864,30.8305320074078,11.9586614173228
2020-11-03,14182,196,13544,183,638,13,15156,195,167739,837,182895,1032,3,100,5,517,108,1,"Knox County",470313,249.408372721996,0.123949367088608,219.428338149275,41.6743742996685,12.3949367088608
2020-11-02,13986,116,13361,110,625,6,14961,115,166902,806,181863,921,1,97,2,512,107,2,"Knox County",470313,245.368509907232,0.118722358722359,195.827034336708,24.6644256059263,11.8722358722359
2020-11-01,13870,124,13251,116,619,8,14846,131,166096,1273,180942,1404,0,96,3,510,105,2,"Knox County",470313,226.0196932681,0.124899459956337,298.524599575177,26.3654204753005,12.4899459956337
2020-10-31,13746,5,13135,5,611,0,14715,7,164823,4,179538,11,0,96,0,507,103,1,"Knox County",470313,191.149298445929,0.137237100922984,2.33886794538956,1.06312179335889,13.7237100922984
2020-10-30,13741,156,13130,146,611,10,14708,148,164819,854,179527,1002,1,96,4,507,102,0,"Knox County",470313,191.3619228046,0.143983268983269,213.049607389122,33.1693999527974,14.3983268983269
2020-10-29,13585,152,12984,138,601,14,14560,136,163965,1569,178525,1705,0,95,4,503,102,1,"Knox County",470313,190.08617665257,0.122956546038843,362.524531535382,32.3189025181103,12.2956546038843
2020-10-28,13433,103,12846,96,587,7,14424,102,162396,1055,176820,1157,3,95,8,499,101,1,"Knox County",470313,181.155953588355,0.115320796460177,246.006382983247,21.9003089431931,11.5320796460177
2020-10-27,13330,119,12750,113,580,6,14322,127,161341,799,175663,926,1,92,3,491,100,2,"Knox County",470313,164.783877970628,0.107493685096829,196.890156130067,25.3022986819416,10.7493685096829
2020-10-26,13211,81,12637,74,574,7,14195,73,160542,372,174737,445,2,91,2,488,98,0,"Knox County",470313,157.342025417116,0.108872180451128,94.6178396089413,17.222573052414,10.8872180451128
2020-10-25,13130,132,12563,121,567,11,14122,151,160170,1365,174292,1516,0,89,3,486,98,1,"Knox County",470313,159.04302028649,0.11002661934339,322.338527746416,28.0664153446747,11.002661934339
2020-10-24,12998,172,12442,167,556,5,13971,202,158805,1788,172776,1990,0,89,5,483,97,1,"Knox County",470313,194.551288184677,0.107424779773481,423.122473756839,36.5713896915458,10.7424779773481
2020-10-23,12826,159,12275,148,551,11,13769,172,157017,1239,170786,1411,1,89,5,478,96,0,"Knox County",470313,195.189161260692,0.105245901639344,300.012970085879,33.8072730288127,10.5245901639344
2020-10-22,12667,182,12127,168,540,14,13597,169,155778,1607,169375,1776,1,88,5,473,96,0,"Knox County",470313,201.567892020846,0.108014315150201,377.620861001078,38.6976332782636,10.8014315150201
2020-10-21,12485,72,11959,68,526,4,13428,74,154171,682,167599,756,0,87,1,468,96,1,"Knox County",470313,194.976536902021,0.109750566893424,160.744015155864,15.308953824368,10.9750566893424
2020-10-20,12413,127,11891,121,522,6,13354,150,153489,739,166843,889,0,87,7,467,95,1,"Knox County",470313,196.677531771395,0.112831606512581,189.023054859211,27.0032935513158,11.2831606512581
2020-10-19,12286,112,11770,107,516,5,13204,117,152750,939,165954,1056,1,87,6,460,94,0,"Knox County",470313,203.26888689022,0.110176708537364,224.531322757398,23.8139281712392,11.0176708537364
2020-10-18,12174,140,11663,135,511,5,13087,168,151811,1431,164898,1599,0,86,7,454,94,1,"Knox County",470313,204.969881759594,0.111005592487074,339.986349516173,29.7674102140489,11.1005592487074
2020-10-17,12034,128,11528,125,506,3,12919,154,150380,1458,163299,1612,1,86,3,447,93,1,"Knox County",470313,195.614409978036,0.110341795801736,342.750466178906,27.2159179099876,11.0341795801736
2020-10-16,11906,72,11403,71,503,1,12765,61,148922,390,161687,451,1,85,3,444,92,2,"Knox County",470313,177.116090773591,0.109718638653397,95.893585760972,15.308953824368,10.9718638653397
2020-10-15,11834,74,11332,62,502,12,12704,66,148532,941,161236,1007,1,84,3,441,90,2,"Knox County",470313,154.152660037039,0.10719131614654,214.112729182481,15.7342025417116,10.719131614654
2020-10-14,11760,149,11270,143,490,6,12638,150,147591,1086,160229,1236,0,83,5,438,88,0,"Knox County",470313,170.524735654766,0.11031847133758,262.803707318318,31.6810294420949,11.031847133758
2020-10-13,11611,71,11127,68,484,3,12488,63,146505,581,158993,644,1,83,6,433,88,1,"Knox County",470313,158.617771569146,0.102432610124918,136.930086984625,15.0963294656962,10.2432610124918
2020-10-12,11540,79,11059,66,481,13,12425,87,145924,806,158349,893,0,82,5,427,87,2,"Knox County",470313,151.601167732978,0.100644987906477,189.873552293898,16.7973243350705,10.0644987906477
2020-10-11,11461,170,10993,163,468,7,12338,179,145118,1612,157456,1791,0,82,8,422,85,0,"Knox County",470313,157.979898493131,0.0995546240503013,380.810226381155,36.1461409742023,9.95546240503013
2020-10-10,11291,130,10830,122,461,8,12159,132,143506,1393,155665,1525,0,82,3,414,85,0,"Knox County",470313,158.405147210475,0.0977872002120048,324.252146974462,27.6411666273312,9.77872002120048
2020-10-09,11161,120,10708,118,453,2,12027,134,142113,1336,154140,1470,0,82,3,411,85,0,"Knox County",470313,168.61111642672,0.0946766285314032,312.557807247514,25.5149230406134,9.46766285314032
2020-10-08,11041,110,10590,102,451,8,11893,103,140777,943,152670,1046,1,82,4,408,85,0,"Knox County",470313,176.265593338904,0.0985473561882626,222.40507917068,23.3886794538956,9.85473561882626
2020-10-07,10931,104,10488,88,443,16,11790,95,139834,1649,151624,1744,0,81,5,404,85,1,"Knox County",470313,166.697497198674,0.087018544935806,370.816881523581,22.1129333018649,8.7018544935806
2020-10-06,10827,115,10400,102,427,13,11695,114,138185,1392,149880,1506,0,81,4,399,84,0,"Knox County",470313,176.052968980232,0.0846115288220551,320.212284159698,24.4518012472545,8.46115288220551
2020-10-05,10712,118,10298,109,414,9,11581,123,136793,1238,148374,1361,0,81,5,395,84,2,"Knox County",470313,184.345318968432,0.0842669730920234,289.38175215229,25.0896743232698,8.42669730920234
2020-10-04,10594,96,10189,89,405,7,11458,99,135555,1827,147013,1926,1,81,2,390,82,0,"Knox County",470313,168.61111642672,0.0756286632633768,409.514514801845,20.4119384324907,7.56286632633768
2020-10-03,10498,77,10100,76,398,1,11359,92,133728,1864,145087,1956,0,80,2,388,82,0,"Knox County",470313,157.342025417116,0.0690344263784177,415.893245561998,16.3720756177269,6.90344263784177
2020-10-02,10421,82,10024,79,397,3,11267,82,131864,602,143131,684,0,80,1,386,82,0,"Knox County",470313,149.262299787588,0.0692556001173824,145.435061331496,17.4351974110858,6.92556001173824
2020-10-01,10339,71,9945,68,394,3,11185,73,131262,683,142447,756,0,80,1,385,82,0,"Knox County",470313,140.969949799389,0.0682573240712776,160.744015155864,15.0963294656962,6.82573240712776
2020-09-30,10268,75,9877,72,391,3,11112,70,130579,675,141691,745,1,80,2,384,82,0,"Knox County",470313,134.803843397907,0.0730915603313186,158.405147210475,15.9468269003834,7.30915603313186
2020-09-29,10193,80,9805,75,388,5,11042,87,129904,1140,140946,1227,-1,79,2,382,82,1,"Knox County",470313,127.361990844395,0.0723281340265742,260.890088090272,17.0099486937423,7.23281340265742
2020-09-28,10113,57,9730,51,383,6,10955,49,128764,431,139719,480,1,80,3,380,81,2,"Knox County",470313,114.391904965417,0.0710059171597633,102.059692162454,12.1195884442914,7.10059171597633
2020-09-27,10056,72,9679,67,377,5,10906,79,128333,978,139239,1057,0,79,3,377,79,0,"Knox County",470313,109.288920357294,0.0770456191165822,224.74394711607,15.308953824368,7.70456191165822
2020-09-26,9984,127,9612,122,372,5,10827,136,127355,2087,138182,2223,4,79,5,374,79,0,"Knox County",470313,119.920138290883,0.0803123257110987,472.663949327363,27.0032935513158,8.03123257110987
2020-09-25,9857,102,9490,100,367,2,10691,103,125268,1439,135959,1542,0,75,1,369,79,3,"Knox County",470313,124.172625464318,0.074346201743462,327.866761071882,21.6876845845214,7.4346201743462
2020-09-24,9755,92,9390,89,365,3,10588,105,123829,1715,134417,1820,0,75,3,368,76,0,"Knox County",470313,128.637736996426,0.0691664833956455,386.976332782636,19.5614409978036,6.91664833956455
2020-09-23,9663,53,9301,52,362,1,10483,49,122114,432,132597,481,2,75,2,365,76,0,"Knox County",470313,123.960001105647,0.0688561721404304,102.272316521125,11.2690910096042,6.88561721404304
2020-09-22,9610,82,9249,75,361,7,10434,88,121682,1141,132116,1229,1,73,3,363,76,0,"Knox County",470313,124.38524982299,0.0689538043478261,261.315336807615,17.4351974110858,6.89538043478261
2020-09-21,9528,34,9174,30,354,4,10346,32,120541,379,130887,411,0,72,2,360,76,0,"Knox County",470313,119.494889573539,0.067556772794705,87.3886114141008,7.22922819484046,6.7556772794705
2020-09-20,9494,97,9144,78,350,19,10314,88,120162,707,130476,795,0,72,1,358,76,2,"Knox County",470313,124.810498540334,0.0706975649923538,169.036365144064,20.6245627911625,7.06975649923538
2020-09-19,9397,132,9066,129,331,3,10226,136,119455,1466,129681,1602,1,72,5,357,74,0,"Knox County",470313,125.873620333693,0.0762690355329949,340.624222592189,28.0664153446747,7.62690355329949
2020-09-18,9265,118,8937,114,328,4,10090,129,117989,1606,128079,1735,3,71,3,352,74,0,"Knox County",470313,129.275610072441,0.0776662950575994,368.903262295535,25.0896743232698,7.76662950575994
2020-09-17,9147,126,8823,119,324,7,9961,124,116383,1516,126344,1640,0,68,6,349,74,2,"Knox County",470313,136.504838267282,0.0818446724946155,348.703948221716,26.790669192644,8.18446724946155
2020-09-16,9021,99,8704,77,317,22,9837,117,114867,768,124704,885,1,68,3,343,72,1,"Knox County",470313,146.285558766183,0.0860552006749428,188.172557424524,21.049811508506,8.60552006749428
2020-09-15,8922,132,8627,126,295,6,9720,136,114099,1338,123819,1474,0,67,3,340,71,0,"Knox County",470313,156.916776699772,0.089206274877078,313.408304682201,28.0664153446747,8.9206274877078
2020-09-14,8790,127,8501,124,289,3,9584,136,112761,901,122345,1037,0,67,5,337,71,0,"Knox County",470313,176.690842056248,0.0944589877835951,220.491459942634,27.0032935513158,9.44589877835951
2020-09-13,8663,143,8377,136,286,7,9448,148,111860,1008,121308,1156,0,67,0,332,71,0,"Knox County",470313,186.471562555149,0.0971770385140099,245.793758624576,30.4052832900643,9.71770385140099
2020-09-12,8520,130,8241,123,279,7,9300,141,110852,1178,120152,1319,1,67,1,332,71,2,"Knox County",470313,186.046313837806,0.100692191217824,280.451529088075,27.6411666273312,10.0692191217824
2020-09-11,8390,103,8118,94,272,9,9159,105,109674,773,118833,878,0,66,5,331,69,2,"Knox County",470313,182.856948457729,0.108117773274526,186.684186913821,21.9003089431931,10.8117773274526
2020-09-10,8287,192,8024,189,263,3,9054,192,108901,1501,117955,1693,0,66,5,326,67,0,"Knox County",470313,196.890156130067,0.115493958777541,359.97303923132,40.8238768649814,11.5493958777541
2020-09-09,8095,91,7835,82,260,9,8862,93,107400,1710,116262,1803,0,66,2,321,67,0,"Knox County",470313,195.189161260692,0.101602564102564,383.361718685216,19.3488166391318,10.1602564102564
2020-09-08,8004,126,7753,124,251,2,8769,133,105690,702,114459,835,1,66,8,319,67,0,"Knox County",470313,193.913415108662,0.108703130374957,177.541339490935,26.790669192644,10.8703130374957
2020-09-07,7878,95,7629,92,249,3,8636,98,104988,347,113624,445,1,65,0,311,67,0,"Knox County",470313,187.109435631165,0.111944888670193,94.6178396089413,20.1993140738189,11.1944888670193
2020-09-06,7783,96,7537,92,246,4,8538,94,104641,476,113179,570,0,64,1,311,67,3,"Knox County",470313,177.116090773591,0.113482699191303,121.195884442914,20.4119384324907,11.3482699191303
2020-09-05,7687,284,7445,282,242,2,8444,295,104165,1506,112609,1801,0,64,4,310,64,0,"Knox County",470313,209.860242009045,0.125856697819315,382.936469967872,60.385317862785,12.5856697819315
2020-09-04,7403,93,7163,89,240,4,8149,97,102659,565,110808,662,1,64,0,306,64,0,"Knox County",470313,207.733998422327,0.12831348444103,140.757325440717,19.7740653564754,12.831348444103
2020-09-03,7310,190,7074,184,236,6,8052,198,102094,1798,110146,1996,2,63,6,306,64,1,"Knox County",470313,207.308749704984,0.124260355029586,424.398219908869,40.3986281476379,12.4260355029586
2020-09-02,7120,124,6890,120,230,4,7854,121,100296,1461,108150,1582,2,61,5,300,63,1,"Knox County",470313,214.325353541152,0.131288810036751,336.371735418753,26.3654204753005,13.1288810036751
2020-09-01,6996,153,6770,146,226,7,7733,158,98835,660,106568,818,2,59,4,295,62,3,"Knox County",470313,220.06621122529,0.134747269494539,173.926725393515,32.5315268767821,13.4747269494539
2020-08-31,6843,99,6624,93,219,6,7575,94,98175,431,105750,525,0,57,3,291,59,0,"Knox County",470313,220.916708659978,0.132889112396279,111.627788302684,21.049811508506,13.2889112396279
2020-08-30,6744,72,6531,71,213,1,7481,76,97744,423,105225,499,1,57,1,288,59,2,"Knox County",470313,215.813724051855,0.131802613218318,106.099554977217,15.308953824368,13.1802613218318
2020-08-29,6672,118,6460,113,212,5,7405,125,97321,1391,104726,1516,5,56,3,287,57,0,"Knox County",470313,180.51808051234,0.114372203211371,322.338527746416,25.0896743232698,11.4372203211371
2020-08-28,6554,89,6347,85,207,4,7280,91,95930,309,103210,400,0,51,3,284,57,0,"Knox County",470313,179.667583077653,0.117639040348964,85.0497434687113,18.9235679217883,11.7639040348964
2020-08-27,6465,116,6262,112,203,4,7189,134,95621,1986,102810,2120,0,51,2,281,57,1,"Knox County",470313,163.933380535941,0.107104557640751,450.76364038417,24.6644256059263,10.7104557640751
2020-08-26,6349,77,6150,76,199,1,7055,86,93635,794,100690,880,0,51,3,279,56,1,"Knox County",470313,153.940035678367,0.113051198579461,187.109435631165,16.3720756177269,11.3051198579461
2020-08-25,6272,87,6074,82,198,5,6969,96,92841,896,99810,992,2,51,3,276,55,0,"Knox County",470313,139.90682800603,0.101269474899019,210.923363802404,18.4983192044447,10.1269474899019
2020-08-24,6185,32,5992,28,193,4,6873,29,91945,261,98818,290,0,49,1,273,55,0,"Knox County",470313,125.660995975021,0.095117216664178,61.6610640148157,6.8039794774969,9.5117216664178
2020-08-23,6153,76,5964,75,189,1,6844,74,91684,565,98528,639,0,49,3,272,55,0,"Knox County",470313,126.511493409708,0.092876992833114,135.866965191266,16.1594512590551,9.28769928331139
2020-08-22,6077,136,5889,135,188,1,6770,153,91119,1892,97889,2045,0,49,4,269,55,0,"Knox County",470313,130.3387318658,0.0900081455335325,434.816813483786,28.9169127793618,9.00081455335325
2020-08-21,5941,30,5754,30,187,0,6617,41,89227,262,95844,303,1,49,1,265,55,0,"Knox County",470313,117.793894704165,0.0843307194937405,64.4251806775488,6.37873076015334,8.43307194937405
2020-08-20,5911,119,5724,117,187,2,6576,130,88965,2068,95541,2198,3,48,3,264,55,0,"Knox County",470313,118.43176778018,0.0828909759085341,467.348340360568,25.3022986819416,8.28909759085341
2020-08-19,5792,46,5607,41,185,5,6446,48,86897,608,93343,656,2,45,4,261,55,0,"Knox County",470313,111.840412661355,0.080162852730591,139.481579288686,9.7807204989018,8.0162852730591
2020-08-18,5746,134,5566,132,180,2,6398,152,86289,1163,92687,1315,0,43,4,257,55,1,"Knox County",470313,121.833757518929,0.0842062852538276,279.601031653388,28.4916640620183,8.42062852538276
2020-08-17,5612,50,5434,42,178,8,6246,50,85126,289,91372,339,1,43,0,253,54,1,"Knox County",470313,125.660995975021,0.0864576384256171,72.0796575897328,10.6312179335889,8.64576384256171
2020-08-16,5562,83,5392,78,170,5,6196,82,84837,587,91033,669,0,42,1,253,53,1,"Knox County",470313,127.149366485723,0.0871760797342193,142.24569595142,17.6478217697576,8.71760797342193
2020-08-15,5479,119,5314,116,165,3,6114,132,84250,1223,90364,1355,1,42,2,252,52,0,"Knox County",470313,123.534752388303,0.0929041697147037,288.106006000259,25.3022986819416,9.29041697147037
2020-08-14,5360,91,5198,83,162,8,5982,96,83027,1024,89009,1120,0,41,2,250,52,1,"Knox County",470313,136.504838267282,0.0901725039205436,238.139281712392,19.3488166391318,9.01725039205436
2020-08-13,5269,127,5115,126,154,1,5886,229,82003,1778,87889,2007,1,41,4,248,51,1,"Knox County",470313,138.205833136656,0.105749899477282,426.737087854259,27.0032935513158,10.5749899477282
2020-08-12,5142,79,4989,72,153,7,5657,88,80225,892,85882,980,0,40,1,244,50,0,"Knox County",470313,145.222436972824,0.106486833654464,208.371871498343,16.7973243350705,10.6486833654464
2020-08-11,5063,111,4917,108,146,3,5569,117,79333,1121,84902,1238,0,40,5,243,50,2,"Knox County",470313,140.332076723374,0.103009859885833,263.228956035661,23.6013038125674,10.3009859885833
2020-08-10,4952,37,4809,35,143,2,5452,35,78212,365,83664,400,1,40,0,238,48,0,"Knox County",470313,137.56796006064,0.100270305058566,85.0497434687113,7.86710127085579,10.0270305058566
2020-08-09,4915,85,4774,81,141,4,5417,109,77847,826,83264,935,1,39,4,238,48,1,"Knox County",470313,137.993208777984,0.10031113876789,198.803775358113,18.0730704871011,10.031113876789
2020-08-08,4830,157,4693,156,137,1,5308,176,77021,2284,82329,2460,1,38,4,234,47,2,"Knox County",470313,146.072934407512,0.0929978118161926,523.055922332574,33.3820243114692,9.29978118161926
2020-08-07,4673,50,4537,46,136,4,5132,44,74737,403,79869,447,0,37,0,230,45,2,"Knox County",470313,137.355335701969,0.0942482579426007,95.0430883262848,10.6312179335889,9.42482579426007
2020-08-06,4623,113,4491,105,132,8,5088,121,74334,1463,79422,1584,-1,37,5,230,43,1,"Knox County",470313,134.378594680564,0.0857782197911487,336.796984136097,24.0265525299109,8.57782197911487
2020-08-05,4510,99,4386,99,124,0,4967,100,72871,1107,77838,1207,1,38,3,225,42,1,"Knox County",470313,138.631081853999,0.0848748639825898,256.637600916836,21.049811508506,8.48748639825898
2020-08-04,4411,112,4287,111,124,1,4867,106,71764,1082,76631,1188,1,37,9,222,41,0,"Knox County",470313,138.843706212671,0.0840530349105948,252.597738102072,23.8139281712392,8.40530349105948
2020-08-03,4299,50,4176,50,123,0,4761,81,70682,593,75443,674,2,36,1,213,41,1,"Knox County",470313,141.607822875404,0.0867569158328429,143.308817744778,10.6312179335889,8.67569158328429
2020-08-02,4249,97,4126,91,123,6,4680,95,70089,692,74769,787,3,34,2,212,40,0,"Knox County",470313,144.159315179466,0.0866179465676291,167.335370274689,20.6245627911625,8.66179465676291
2020-08-01,4152,118,4035,110,117,8,4585,118,69397,1417,73982,1535,1,31,1,210,40,1,"Knox County",470313,135.866965191266,0.0895984909727836,326.37839056118,25.0896743232698,8.95984909727836
2020-07-31,4034,117,3925,114,109,3,4467,116,67980,1060,72447,1176,2,30,1,209,39,3,"Knox County",470313,150.112797222275,0.0904183535762483,250.046245798011,24.877049964598,9.04183535762483
2020-07-30,3917,189,3811,186,106,3,4351,227,66920,2420,71271,2647,1,28,7,208,36,2,"Knox County",470313,166.27224848133,0.0914912090297374,562.816677404197,40.1860037889661,9.14912090297373
2020-07-29,3728,75,3625,71,103,4,4124,60,64500,438,68624,498,0,27,3,201,34,4,"Knox County",470313,161.169263873208,0.0944150499706055,105.886930618546,15.9468269003834,9.44150499706055
2020-07-28,3653,154,3554,152,99,2,4064,186,64062,1211,68126,1397,1,27,3,198,30,0,"Knox County",470313,170.099486937423,0.101331191186596,297.036229064474,32.7441512354538,10.1331191186596
2020-07-27,3499,83,3402,76,97,7,3878,85,62851,677,66729,762,3,26,2,195,30,1,"Knox County",470313,177.116090773591,0.100772551692797,162.019761307895,17.6478217697576,10.0772551692797
2020-07-26,3416,118,3326,113,90,5,3793,132,62174,1472,65967,1604,0,23,2,193,29,1,"Knox County",470313,181.581202305699,0.0960598814845618,341.049471309532,25.0896743232698,9.60598814845618
2020-07-25,3298,175,3213,172,85,3,3661,197,60702,1949,64363,2146,2,23,3,191,28,3,"Knox County",470313,193.70079074999,0.0980449657869013,456.291873709636,37.2092627675612,9.80449657869013
2020-07-24,3123,106,3041,99,82,7,3464,113,58753,916,62217,1029,0,21,4,188,25,0,"Knox County",470313,191.3619228046,0.0991768322919766,218.79046507326,22.5381820192085,9.91768322919766
2020-07-23,3017,205,2942,197,75,8,3351,254,57837,2389,61188,2643,0,21,4,184,25,1,"Knox County",470313,194.763912543349,0.101895029268777,561.96617996951,43.5879935277145,10.1895029268777
2020-07-22,2812,69,2745,61,67,8,3097,63,55448,437,58545,500,3,21,3,180,24,0,"Knox County",470313,193.488166391318,0.102172403531396,106.312179335889,14.6710807483527,10.2172403531396
2020-07-21,2743,232,2684,228,59,4,3034,280,55011,1691,58045,1971,0,18,12,177,24,1,"Knox County",470313,210.072866367717,0.105490380103238,419.082610942075,49.3288512118525,10.5490380103238
2020-07-20,2511,74,2456,70,55,4,2754,57,53320,364,56074,421,0,18,4,165,23,1,"Knox County",470313,208.159247139671,0.106263331394221,89.5148550008186,15.7342025417116,10.6263331394221
2020-07-19,2437,84,2386,74,51,10,2697,74,52956,577,55653,651,0,18,0,161,22,2,"Knox County",470313,200.93001894483,0.110885589146459,138.418457495328,17.8604461284294,11.0885589146459
2020-07-18,2353,112,2312,109,41,3,2623,146,52379,2258,55002,2404,1,18,8,161,20,1,"Knox County",470313,187.534684348508,0.102609418858509,511.148958246955,23.8139281712392,10.2609418858509
2020-07-17,2241,74,2203,74,38,0,2477,80,50121,347,52598,427,0,17,6,153,19,2,"Knox County",470313,180.730704871011,0.105800155262282,90.7906011528493,15.7342025417116,10.5800155262282
2020-07-16,2167,187,2129,185,38,2,2397,228,49774,2033,52171,2261,2,17,3,147,17,0,"Knox County",470313,176.903466414919,0.107469600463231,480.74367495689,39.7607550716225,10.7469600463231
2020-07-15,1980,78,1944,78,36,0,2169,80,47741,511,49910,591,3,15,4,144,17,1,"Knox County",470313,178.817085642965,0.108297043318817,125.660995975021,16.5846999763987,10.8297043318817
2020-07-14,1902,95,1866,95,36,0,2089,127,47230,777,49319,904,2,12,1,140,16,1,"Knox County",470313,149.687548504932,0.103407755581669,192.212420239287,20.1993140738189,10.3407755581669
2020-07-13,1807,94,1771,92,36,2,1962,59,46453,655,48415,714,1,10,2,139,15,3,"Knox County",470313,153.940035678367,0.0998490945674044,151.81379209165,19.9866897151471,9.98490945674044
2020-07-12,1713,69,1679,67,34,2,1903,87,45798,916,47701,1003,0,9,4,137,12,1,"Knox County",470313,150.750670298291,0.0971820809248555,213.262231747793,14.6710807483527,9.71820809248555
2020-07-11,1644,28,1612,27,32,1,1816,36,44882,883,46698,919,0,9,2,133,11,1,"Knox County",470313,132.890224169861,0.102214400938554,195.401785619364,5.95348204280979,10.2214400938554
2020-07-10,1616,78,1585,74,31,4,1780,68,43999,418,45779,486,0,9,6,131,10,0,"Knox County",470313,133.740721604548,0.0995929049142193,103.335438314484,16.5846999763987,9.95929049142192
2020-07-09,1538,70,1511,66,27,4,1712,88,43581,1652,45293,1740,0,9,8,125,10,0,"Knox County",470313,108.86367163995,0.0857322636463741,369.966384088894,14.8837051070245,8.57322636463741
2020-07-08,1468,70,1445,65,23,5,1624,63,41929,594,43553,657,1,9,5,117,10,0,"Knox County",470313,107.162676770576,0.082204577300327,139.694203647358,14.8837051070245,8.2204577300327
2020-07-07,1398,79,1380,79,18,0,1561,104,41335,1303,42896,1407,0,8,7,112,10,1,"Knox County",470313,103.760687031828,0.0729136586774473,299.162472651192,16.7973243350705,7.29136586774473
2020-07-06,1319,35,1301,35,18,0,1457,34,40032,658,41489,692,1,8,6,105,9,0,"Knox County",470313,91.2158498701928,0.0695249130938586,147.13605620087,7.44185255351224,6.95249130938586
2020-07-05,1284,77,1266,77,18,0,1423,109,39374,1079,40797,1188,2,7,6,99,9,1,"Knox County",470313,92.916844739567,0.0708139370856256,252.597738102072,16.3720756177269,7.08139370856256
2020-07-04,1207,41,1189,40,18,1,1314,50,38295,1141,39609,1191,0,5,1,93,8,2,"Knox County",470313,95.6809614023002,0.0700991713082462,253.235611178088,8.7175987055429,7.00991713082462
2020-07-03,1166,62,1149,61,17,1,1264,49,37154,910,38418,959,0,5,4,92,6,0,"Knox County",470313,92.2789716635517,0.0634414092417667,203.906759966235,13.1827102376502,6.34414092417667
2020-07-02,1104,68,1088,68,16,0,1215,102,36244,1228,37459,1330,0,5,2,88,6,0,"Knox County",470313,91.8537229462082,0.0688308189655172,282.790397033465,14.4584563896809,6.88308189655172
2020-07-01,1036,49,1020,49,16,0,1113,34,35016,737,36129,771,0,5,4,86,6,1,"Knox County",470313,87.3886114141008,0.0639426903687981,163.933380535941,10.4185935749171,6.39426903687981
2020-06-30,987,40,971,39,16,1,1079,73,34279,1514,35358,1587,0,5,3,82,5,0,"Knox County",470313,79.0962614259015,0.0584348276755636,337.434857212112,8.50497434687113,5.84348276755636
2020-06-29,947,51,932,51,15,0,1006,79,32765,1333,33771,1412,0,5,3,79,5,0,"Knox County",470313,82.4982511646499,0.058781701825077,300.225594444551,10.8438422922607,5.8781701825077
2020-06-28,896,10,881,10,15,0,927,30,31432,684,32359,714,0,5,1,76,5,0,"Knox County",470313,68.2524191336408,0.0523606228026118,151.81379209165,2.12624358671778,5.23606228026117
2020-06-27,886,29,871,29,15,0,897,16,30748,111,31645,127,0,5,3,75,5,0,"Knox County",470313,65.7009268295794,0.0555072463768116,27.0032935513158,6.16610640148157,5.55072463768116
2020-06-26,857,37,842,37,15,0,881,14,30637,319,31518,333,0,5,8,72,5,0,"Knox County",470313,60.385317862785,0.0554670066942939,70.8039114377021,7.86710127085579,5.54670066942939
2020-06-25,820,32,805,32,15,0,867,52,30318,702,31185,754,0,5,1,64,5,0,"Knox County",470313,52.730840950601,0.0522990522990523,160.318766438521,6.8039794774969,5.22990522990523
2020-06-24,788,35,773,34,15,1,815,32,29616,272,30431,304,0,5,1,63,5,0,"Knox County",470313,49.7540999291961,0.0565857388644619,64.6378050362206,7.44185255351224,5.65857388644619
2020-06-23,753,27,739,24,14,3,783,25,29344,215,30127,240,0,5,4,62,5,0,"Knox County",470313,46.989983266463,0.0638516992790937,51.0298460812268,5.74085768413801,6.38516992790937
2020-06-22,726,36,715,36,11,0,758,31,29129,572,29887,603,0,5,0,58,5,0,"Knox County",470313,43.8006178863863,0.0650406504065041,128.212488279082,7.65447691218401,6.50406504065041
2020-06-21,690,31,679,31,11,0,727,37,28557,815,29284,852,0,5,1,58,5,0,"Knox County",470313,48.2657294184936,0.0644257703081232,181.155953588355,6.59135511882512,6.44257703081232
2020-06-20,659,17,648,17,11,0,690,9,27742,437,28432,446,0,5,2,57,5,0,"Knox County",470313,45.7142371144323,0.0566251415628539,94.8304639676131,3.61461409742023,5.66251415628539
2020-06-19,642,30,631,28,11,2,681,10,27305,334,27986,344,0,5,1,55,5,0,"Knox County",470313,44.2258666037299,0.0553203499858877,73.1427793830917,6.37873076015334,5.53203499858877
2020-06-18,612,15,603,15,9,0,671,18,26971,804,27642,822,0,5,0,54,5,0,"Knox County",470313,40.6112525063096,0.0448629188590418,174.777222828202,3.18936538007667,4.48629188590418
2020-06-17,597,17,588,17,9,0,653,13,26167,282,26820,295,0,5,0,54,5,0,"Knox County",470313,36.7840140502176,0.0397001665741255,62.7241858081746,3.61461409742023,3.97001665741255
2020-06-16,580,9,571,8,9,1,640,9,25885,178,26525,187,0,5,0,54,5,0,"Knox County",470313,32.9567755941256,0.0357847280924204,39.7607550716225,1.913619228046,3.57847280924204
2020-06-15,571,8,563,8,8,0,631,9,25707,218,26338,227,0,5,0,54,5,0,"Knox County",470313,27.0032935513158,0.0330917113142137,48.2657294184936,1.70099486937423,3.30917113142137
2020-06-14,563,8,555,8,8,0,622,9,25489,624,26111,633,0,5,0,54,5,0,"Knox County",470313,22.1129333018649,0.0260663507109005,134.591219039236,1.70099486937423,2.60663507109005
2020-06-13,555,10,547,8,8,2,613,9,24865,213,25478,222,0,5,3,54,5,0,"Knox County",470313,20.6245627911625,0.0282051282051282,47.2026076251348,2.12624358671778,2.82051282051282
2020-06-12,545,19,539,19,6,0,604,19,24652,750,25256,769,0,5,0,51,5,0,"Knox County",470313,18.2856948457729,0.0272583201267829,163.508131818597,4.03986281476378,2.72583201267829
2020-06-11,526,7,520,7,6,0,585,10,23902,379,24487,389,0,5,2,51,5,0,"Knox County",470313,16.5846999763987,0.0286554004408523,82.7108755233217,1.48837051070245,2.86554004408523
2020-06-10,519,12,513,12,6,0,575,12,23523,705,24098,717,0,5,0,49,5,0,"Knox County",470313,15.5215781830398,0.0244910941475827,152.451665167665,2.55149230406134,2.44910941475827
2020-06-09,507,16,501,16,6,0,563,19,22818,508,23381,527,0,5,1,49,5,0,"Knox County",470313,17.0099486937423,0.0249712973593571,112.053037020027,3.40198973874845,2.49712973593571
2020-06-08,491,8,485,8,6,0,544,8,22310,336,22854,344,0,5,1,48,5,0,"Knox County",470313,17.0099486937423,0.0238822549291863,73.1427793830917,1.70099486937423,2.38822549291863
2020-06-07,483,7,477,7,6,0,536,8,21974,847,22510,855,0,5,1,47,5,0,"Knox County",470313,16.7973243350705,0.0222338477635365,181.79382666437,1.48837051070245,2.22338477635365
2020-06-06,476,11,470,11,6,0,528,12,21127,478,21655,490,0,5,0,46,5,0,"Knox County",470313,17.0099486937423,0.0215106330970423,104.185935749171,2.33886794538956,2.15106330970423
2020-06-05,465,18,459,18,6,0,516,17,20649,518,21165,535,0,5,1,46,5,0,"Knox County",470313,16.7973243350705,0.0222971221156339,113.754031889401,3.82723845609201,2.22971221156339
2020-06-04,447,4,441,4,6,0,499,4,20131,338,20630,342,0,5,0,45,5,0,"Knox County",470313,16.1594512590551,0.020997375328084,72.7175306657481,0.850497434687113,2.0997375328084
2020-06-03,443,4,437,4,6,0,495,4,19793,399,20288,403,0,5,0,45,5,0,"Knox County",470313,14.4584563896809,0.0205949656750572,85.6876165447266,0.850497434687113,2.05949656750572
2020-06-02,439,26,433,25,6,1,491,24,19394,939,19885,963,0,5,2,45,5,0,"Knox County",470313,16.5846999763987,0.0195829094608342,204.757257400922,5.52823332546623,1.95829094608342
2020-06-01,413,17,408,17,5,0,467,20,18455,972,18922,992,0,5,0,43,5,0,"Knox County",470313,18.4983192044447,0.0194323144104804,210.923363802404,3.61461409742023,1.94323144104803
2020-05-31,396,7,391,7,5,0,447,7,17483,317,17930,324,0,5,0,43,5,0,"Knox County",470313,18.4983192044447,0.0217337614225735,68.8902922096561,1.48837051070245,2.17337614225735
2020-05-30,389,6,384,6,5,0,440,6,17166,294,17606,300,0,5,2,43,5,0,"Knox County",470313,17.4351974110858,0.0212490282456595,63.7873076015334,1.27574615203067,2.12490282456595
2020-05-29,383,8,378,8,5,0,434,7,16872,205,17306,212,0,5,0,41,5,0,"Knox County",470313,15.308953824368,0.0203619909502262,45.076364038417,1.70099486937423,2.03619909502262
2020-05-28,375,11,370,11,5,0,427,11,16667,336,17094,347,0,5,0,41,5,0,"Knox County",470313,16.7973243350705,0.022310081897769,73.780652459107,2.33886794538956,2.2310081897769
2020-05-27,364,5,359,5,5,0,416,6,16331,420,16747,426,0,5,1,41,5,0,"Knox County",470313,17.0099486937423,0.0227272727272727,90.5779767941775,1.06312179335889,2.27272727272727
2020-05-26,359,9,354,9,5,0,410,10,15911,1142,16321,1152,0,5,0,40,5,0,"Knox County",470313,13.395334596322,0.0178523847588596,244.943261189888,1.913619228046,1.78523847588596
2020-05-25,350,9,345,9,5,0,400,11,14769,381,15169,392,0,5,1,40,5,0,"Knox County",470313,11.6943397269478,0.018395179194418,83.348748599337,1.913619228046,1.8395179194418
2020-05-24,341,2,336,2,5,0,389,3,14388,273,14777,276,0,5,0,39,5,0,"Knox County",470313,10.6312179335889,0.0173913043478261,58.6843229934108,0.425248717343556,1.73913043478261
2020-05-23,339,7,334,7,5,0,386,10,14115,360,14501,370,0,5,2,39,5,0,"Knox County",470313,10.8438422922607,0.0182677165354331,78.6710127085579,1.48837051070245,1.82677165354331
2020-05-22,332,1,327,1,5,0,376,1,13755,253,14131,254,0,5,0,37,5,0,"Knox County",470313,9.35547178155824,0.0161641280696301,54.0065871026317,0.212624358671778,1.61641280696301
2020-05-21,331,0,326,0,5,0,375,0,13502,250,13877,250,0,5,0,37,5,0,"Knox County",470313,7.01660383616868,0.0131410256410256,53.1560896679445,0,1.31410256410256
2020-05-20,331,7,326,7,5,0,375,7,13252,360,13627,367,0,5,0,37,5,0,"Knox County",470313,7.44185255351224,0.0137210062071219,78.0331396325426,1.48837051070245,1.37210062071219
2020-05-19,324,7,319,7,5,0,368,7,12892,369,13260,376,0,5,2,37,5,0,"Knox County",470313,7.01660383616868,0.0170678336980306,79.9467588605886,1.48837051070245,1.70678336980306
2020-05-18,317,3,312,3,5,0,361,4,12523,478,12884,482,0,5,0,35,5,0,"Knox County",470313,5.74085768413801,0.0134736842105263,102.484940879797,0.637873076015334,1.34736842105263
2020-05-17,314,3,309,3,5,0,357,5,12045,216,12402,221,0,5,1,35,5,0,"Knox County",470313,5.95348204280979,0.0146551724137931,46.989983266463,0.637873076015334,1.46551724137931
2020-05-16,311,0,306,0,5,0,352,0,11829,349,12181,349,0,5,0,34,5,0,"Knox County",470313,4.46511153210734,0.0104393214441061,74.2059011764506,0,1.04393214441061
2020-05-15,311,1,306,1,5,0,352,4,11480,540,11832,544,0,5,0,34,5,0,"Knox County",470313,4.46511153210734,0.0104287369640788,115.667651117447,0.212624358671778,1.04287369640788
2020-05-14,310,3,305,3,5,0,348,7,10940,458,11288,465,0,5,0,34,5,0,"Knox County",470313,5.10298460812268,0.0121255349500713,98.8703267823768,0.637873076015334,1.21255349500713
2020-05-13,307,7,302,7,5,0,341,5,10482,341,10823,346,0,5,0,34,5,0,"Knox County",470313,5.10298460812268,0.011498383039885,73.5680281004352,1.48837051070245,1.1498383039885
2020-05-12,300,6,295,6,5,0,336,8,10141,401,10477,409,0,5,0,34,5,0,"Knox County",470313,4.8903602494509,0.01171875,86.9633626967573,1.27574615203067,1.171875
2020-05-11,294,16,289,16,5,0,328,12,9740,254,10068,266,0,5,1,34,5,0,"Knox County",470313,7.65447691218401,0.0157692307692308,56.558079406693,3.40198973874845,1.57692307692308
2020-05-10,278,5,273,5,5,0,316,5,9486,221,9802,226,0,5,1,33,5,0,"Knox County",470313,8.07972562952757,0.0157389635316699,48.0531050598219,1.06312179335889,1.57389635316699
2020-05-09,273,2,268,2,5,0,311,4,9265,352,9576,356,0,5,0,32,5,0,"Knox County",470313,8.50497434687113,0.0172281776416539,75.694271687153,0.425248717343556,1.72281776416539
2020-05-08,271,3,266,3,5,0,307,4,8913,265,9220,269,0,5,0,32,5,0,"Knox County",470313,8.93022306421468,0.0192554557124519,57.1959524827083,0.637873076015334,1.92554557124519
2020-05-07,268,3,263,3,5,0,303,3,8648,220,8951,223,0,5,0,32,5,0,"Knox County",470313,8.93022306421468,0.0195704057279236,47.4152319838065,0.637873076015334,1.95704057279236
2020-05-06,265,1,260,1,5,0,300,1,8428,185,8728,186,0,5,0,32,5,0,"Knox County",470313,7.65447691218401,0.0191214470284238,39.5481307129507,0.212624358671778,1.91214470284238
2020-05-05,264,4,259,4,5,0,299,5,8243,305,8542,310,0,5,0,32,5,0,"Knox County",470313,7.22922819484046,0.0185185185185185,65.9135511882512,0.850497434687113,1.85185185185185
2020-05-04,260,4,255,4,5,0,294,7,7938,259,8232,266,0,5,0,32,5,0,"Knox County",470313,4.67773589077912,0.0157952069716776,56.558079406693,0.850497434687113,1.57952069716776
2020-05-03,256,7,251,5,5,2,287,6,7679,290,7966,296,0,5,2,32,5,0,"Knox County",470313,5.10298460812268,0.0157397691500525,62.9368101668463,1.48837051070245,1.57397691500525
2020-05-02,249,3,246,3,3,0,281,5,7389,308,7670,313,0,5,1,30,5,0,"Knox County",470313,5.31560896679445,0.0166398282340311,66.5514242642666,0.637873076015334,1.66398282340311
2020-05-01,246,9,243,8,3,1,276,7,7081,354,7357,361,0,5,0,29,5,0,"Knox County",470313,6.59135511882512,0.0173913043478261,76.7573934805119,1.913619228046,1.73913043478261
2020-04-30,237,4,235,4,2,0,269,3,6727,119,6996,122,0,5,0,29,5,0,"Knox County",470313,6.8039794774969,0.0183387270765912,25.9401717579569,0.850497434687113,1.83387270765912
2020-04-29,233,8,231,8,2,0,266,10,6608,671,6874,681,0,5,0,29,5,0,"Knox County",470313,8.29234998819935,0.0183056619838229,144.797188255481,1.70099486937423,1.83056619838229
2020-04-28,225,8,223,8,2,0,256,10,5937,391,6193,401,1,5,0,29,5,0,"Knox County",470313,9.14284742288646,0.019672131147541,85.262367827383,1.70099486937423,1.9672131147541
2020-04-27,217,2,215,2,2,0,246,4,5546,161,5792,165,0,4,0,29,5,1,"Knox County",470313,8.7175987055429,0.0192389910218042,35.0830191808434,0.425248717343556,1.92389910218042
2020-04-26,215,1,213,1,2,0,242,1,5385,172,5627,173,0,4,0,29,4,0,"Knox County",470313,7.44185255351224,0.0180505415162455,36.7840140502176,0.212624358671778,1.80505415162455
2020-04-25,214,0,212,0,2,0,241,0,5213,53,5454,53,0,4,0,29,4,0,"Knox County",470313,6.8039794774969,0.0178936605316973,11.2690910096042,0,1.78936605316973
2020-04-24,214,8,212,8,2,0,241,10,5160,836,5401,846,0,4,1,29,4,0,"Knox County",470313,6.59135511882512,0.0155673904137649,179.880207436324,1.70099486937423,1.55673904137648
2020-04-23,206,1,204,1,2,0,231,2,4324,137,4555,139,0,4,0,28,4,0,"Knox County",470313,5.95348204280979,0.0150528885272579,29.5547858553772,0.212624358671778,1.50528885272579
2020-04-22,205,5,203,3,2,2,229,2,4187,189,4416,191,0,4,0,28,4,0,"Knox County",470313,5.31560896679445,0.0147357723577236,40.6112525063096,1.06312179335889,1.47357723577236
2020-04-21,200,4,200,4,0,0,227,5,3998,475,4225,480,0,4,1,28,4,0,"Knox County",470313,4.46511153210734,0.0117244748412311,102.059692162454,0.850497434687113,1.17244748412311
2020-04-20,196,3,196,3,0,0,222,2,3523,175,3745,177,0,4,1,27,4,0,"Knox County",470313,4.67773589077912,0.0106847984458475,37.6345114849047,0.637873076015334,1.06847984458475
2020-04-19,193,0,193,0,0,0,220,0,3348,72,3568,72,0,4,0,26,4,0,"Knox County",470313,4.46511153210734,0.0107252298263534,15.308953824368,0,1.07252298263534
2020-04-18,193,0,193,0,0,0,220,1,3276,135,3496,136,0,4,0,26,4,0,"Knox County",470313,4.46511153210734,0.0107790298873101,28.9169127793618,0,1.07790298873101
2020-04-17,193,2,193,2,0,0,219,3,3141,104,3360,107,0,4,1,26,4,0,"Knox County",470313,3.18936538007667,0.0115207373271889,22.7508063778803,0.425248717343556,1.15207373271889
2020-04-16,191,7,191,7,0,0,216,9,3037,213,3253,222,0,4,2,25,4,0,"Knox County",470313,4.46511153210734,0.015884476534296,47.2026076251348,1.48837051070245,1.5884476534296
2020-04-15,184,9,184,9,0,0,207,10,2824,84,3031,94,0,4,1,23,4,0,"Knox County",470313,5.31560896679445,0.0232919254658385,19.9866897151471,1.913619228046,2.32919254658385
2020-04-14,175,4,175,4,0,0,197,4,2740,102,2937,106,0,4,1,22,4,0,"Knox County",470313,5.31560896679445,0.0317286652078775,22.5381820192085,0.850497434687113,3.17286652078775
2020-04-13,171,4,171,4,0,0,193,9,2638,242,2831,251,0,4,1,21,4,0,"Knox County",470313,5.52823332546623,0.0364372469635627,53.3687140266163,0.850497434687113,3.64372469635628
2020-04-12,167,5,167,5,0,0,184,6,2396,166,2580,172,0,4,0,20,4,0,"Knox County",470313,6.59135511882512,0.0386029411764706,36.5713896915458,1.06312179335889,3.86029411764706
2020-04-11,162,5,162,5,0,0,178,8,2230,313,2408,321,1,4,1,20,4,0,"Knox County",470313,7.65447691218401,0.0384917517674784,68.2524191336408,1.06312179335889,3.84917517674784
2020-04-10,157,4,157,4,0,0,170,5,1917,123,2087,128,0,3,0,19,4,0,"Knox County",470313,8.07972562952757,0.0394126738794436,27.2159179099876,0.850497434687113,3.94126738794436
2020-04-09,153,1,153,1,0,0,165,1,1794,81,1959,82,0,3,0,19,4,0,"Knox County",470313,6.8039794774969,0.037261698440208,17.4351974110858,0.212624358671778,3.7261698440208
2020-04-08,152,8,152,8,0,0,164,12,1713,111,1877,123,0,3,1,19,4,1,"Knox County",470313,6.59135511882512,0.0380388841927303,26.1527961166287,1.70099486937423,3.80388841927303
2020-04-07,144,20,144,20,0,0,152,25,1602,366,1754,391,0,3,2,18,3,0,"Knox County",470313,9.99334485757357,0.0449591280653951,83.1361242406653,4.25248717343556,4.49591280653951
2020-04-06,124,8,124,8,0,0,127,14,1236,54,1363,68,2,3,1,16,3,0,"Knox County",470313,10.8438422922607,0.0552529182879377,14.4584563896809,1.70099486937423,5.52529182879377
2020-04-05,116,4,116,4,0,0,113,10,1182,75,1295,85,0,1,0,15,3,1,"Knox County",470313,10.6312179335889,0.0626043405676127,18.0730704871011,0.850497434687113,6.26043405676127
2020-04-04,112,15,112,15,0,0,103,6,1107,127,1210,133,0,1,1,15,2,1,"Knox County",470313,12.7574615203067,0.0722772277227723,28.2790397033465,3.18936538007667,7.22772277227723
2020-04-03,97,4,97,4,0,0,97,3,980,51,1077,54,0,1,1,14,1,0,"Knox County",470313,12.7574615203067,0.0758547008547008,11.481715368276,0.850497434687113,7.58547008547009
2020-04-02,93,7,93,7,0,0,94,7,929,106,1023,113,0,1,0,13,1,0,"Knox County",470313,14.0332076723374,0.0796277145811789,24.0265525299109,1.48837051070245,7.96277145811789
2020-04-01,86,15,86,15,0,0,87,15,823,140,910,155,0,0,1,13,1,0,"Knox County",470313,15.5215781830398,0.0800800800800801,32.9567755941256,3.18936538007667,8.00800800800801
2020-03-31,71,8,71,8,0,0,72,11,683,58,755,69,0,0,1,12,1,0,"Knox County",470313,12.9700858789785,0.0974889217134417,14.6710807483527,1.70099486937423,9.74889217134417
2020-03-30,63,13,63,13,0,0,61,15,625,130,686,145,0,0,2,11,1,0,"Knox County",470313,14.0332076723374,0.0888594164456233,30.8305320074078,2.76411666273312,8.88594164456233
2020-03-29,50,8,50,8,0,0,46,8,495,55,541,63,0,0,1,9,1,1,"Knox County",470313,14.8837051070245,0.0887978142076503,13.395334596322,1.70099486937423,8.87978142076503
2020-03-28,42,7,42,7,0,0,38,6,440,62,478,68,0,0,1,8,0,0,"Knox County",470313,13.1827102376502,0.0974512743628186,14.4584563896809,1.48837051070245,9.74512743628186
2020-03-27,35,2,35,2,0,0,32,2,378,54,410,56,0,0,1,7,0,0,"Knox County",470313,12.7574615203067,0.0956651718983558,11.9069640856196,0.425248717343556,9.56651718983558
2020-03-26,33,7,33,7,0,0,30,7,324,82,354,89,0,0,2,6,0,0,"Knox County",470313,12.7574615203067,0.0992248062015504,18.9235679217883,1.48837051070245,9.92248062015504
2020-03-25,26,6,26,6,0,0,23,7,242,68,265,75,0,0,1,4,0,0,"Knox County",470313,10.8438422922607,0.0991150442477876,15.9468269003834,1.27574615203067,9.91150442477876
2020-03-24,20,7,20,7,0,0,16,7,174,43,190,50,0,0,0,3,0,0,"Knox County",470313,10.6312179335889,0.0952380952380952,10.6312179335889,1.48837051070245,9.52380952380952
2020-03-23,13,4,13,4,0,0,9,4,131,22,140,26,0,0,2,3,0,0,"Knox County",470313,8.7175987055429,0.0960187353629977,5.52823332546623,0.850497434687113,9.60187353629976
2020-03-22,9,2,9,2,0,0,5,0,109,9,114,9,0,0,1,1,0,0,"Knox County",470313,7.44185255351224,0.0884718498659517,1.913619228046,0.425248717343556,8.84718498659517
2020-03-21,7,1,7,1,0,0,5,2,100,17,105,19,0,0,0,0,0,0,"Knox County",470313,6.16610640148157,0.0895061728395062,4.03986281476378,0.212624358671778,8.95061728395062
2020-03-20,6,5,6,5,0,0,3,2,83,38,86,40,0,0,0,0,0,0,"Knox County",470313,6.8039794774969,0.0941558441558442,8.50497434687113,1.06312179335889,9.41558441558442
2020-03-19,1,0,1,0,0,0,1,0,45,11,46,11,0,0,0,0,0,0,"Knox County",470313,5.31560896679445,0.0956521739130435,2.33886794538956,0,9.56521739130435
2020-03-18,1,0,1,0,0,0,1,0,34,15,35,15,0,0,0,0,0,0,"Knox County",470313,4.03986281476378,0.0882352941176471,3.18936538007667,0,8.82352941176471
2020-03-17,1,0,1,0,0,0,1,0,19,5,20,5,0,0,0,0,0,0,"Knox County",470313,2.55149230406134,0.064,1.06312179335889,0,6.4
2020-03-16,1,1,1,1,0,0,1,1,14,3,15,4,0,0,0,0,0,0,"Knox County",470313,1.913619228046,0.0485436893203883,0.850497434687113,0.212624358671778,4.85436893203883
2020-03-15,0,0,0,0,0,0,0,0,11,1,11,1,0,0,0,0,0,0,"Knox County",470313,1.48837051070245,0.0526315789473684,0.212624358671778,0,5.26315789473684
2020-03-14,0,0,0,0,0,0,0,0,10,8,10,8,0,0,0,0,0,0,"Knox County",470313,1.27574615203067,0.0357142857142857,1.70099486937423,0,3.57142857142857
2020-03-13,0,0,0,0,0,0,0,0,2,0,2,0,0,0,0,0,0,0,"Knox County",470313,0.212624358671778,0.0227272727272727,0,0,2.27272727272727
2020-03-12,0,0,0,0,0,0,0,0,2,2,2,2,0,0,0,0,0,0,"Knox County",470313,0.212624358671778,0.0285714285714286,0.425248717343556,0,2.85714285714286
2020-03-12,0,0,0,0,0,0,0,0,0,0,0,0,0,0,0,0,0,0,"Anderson",76978,NA,NA,0,0,NA
2020-03-13,0,0,0,0,0,0,0,0,1,1,1,1,0,0,0,0,0,0,"Anderson",76978,NA,NA,1.29907246226194,0,NA
2020-03-14,0,0,0,0,0,0,0,0,1,0,1,0,0,0,0,0,0,0,"Anderson",76978,NA,NA,0,0,NA
2020-03-15,0,0,0,0,0,0,0,0,1,0,1,0,0,0,0,0,0,0,"Anderson",76978,NA,NA,0,0,NA
2020-03-16,0,0,0,0,0,0,0,0,2,1,2,1,0,0,0,0,0,0,"Anderson",76978,NA,NA,1.29907246226194,0,NA
2020-03-17,0,0,0,0,0,0,0,0,4,2,4,2,0,0,0,0,0,0,"Anderson",76978,NA,NA,2.59814492452389,0,NA
2020-03-18,0,0,0,0,0,0,0,0,4,0,4,0,0,0,0,0,0,0,"Anderson",76978,0,0,0,0,0
2020-03-19,1,1,1,1,0,0,2,2,5,1,7,3,0,0,0,0,0,0,"Anderson",76978,1.29907246226194,0.285714285714286,3.89721738678583,1.29907246226194,28.5714285714286
2020-03-20,1,0,1,0,0,0,2,0,7,2,9,2,0,0,0,0,0,0,"Anderson",76978,1.29907246226194,0.25,2.59814492452389,0,25
2020-03-21,1,0,1,0,0,0,2,0,7,0,9,0,0,0,0,0,0,0,"Anderson",76978,1.29907246226194,0.25,0,0,25
2020-03-22,1,0,1,0,0,0,2,0,10,3,12,3,0,0,0,0,0,0,"Anderson",76978,1.29907246226194,0.181818181818182,3.89721738678583,0,18.1818181818182
2020-03-23,1,0,1,0,0,0,2,0,15,5,17,5,0,0,0,0,0,0,"Anderson",76978,1.29907246226194,0.133333333333333,6.49536231130973,0,13.3333333333333
2020-03-24,1,0,1,0,0,0,2,0,20,5,22,5,0,0,0,0,0,0,"Anderson",76978,1.29907246226194,0.111111111111111,6.49536231130973,0,11.1111111111111
2020-03-25,2,1,2,1,0,0,4,2,29,9,33,11,0,0,0,0,0,0,"Anderson",76978,2.59814492452389,0.137931034482759,14.2897970848814,1.29907246226194,13.7931034482759
2020-03-26,3,1,3,1,0,0,5,1,44,15,49,16,0,0,1,1,0,0,"Anderson",76978,2.59814492452389,0.0714285714285714,20.7851593961911,1.29907246226194,7.14285714285714
2020-03-27,4,1,4,1,0,0,6,1,53,9,59,10,0,0,0,1,0,0,"Anderson",76978,3.89721738678583,0.08,12.9907246226195,1.29907246226194,8
2020-03-28,7,3,7,3,0,0,9,3,72,19,81,22,0,0,1,2,0,0,"Anderson",76978,7.79443477357167,0.0972222222222222,28.5795941697628,3.89721738678583,9.72222222222222
2020-03-29,7,0,7,0,0,0,9,0,83,11,92,11,0,0,0,2,0,0,"Anderson",76978,7.79443477357167,0.0875,14.2897970848814,0,8.75
2020-03-30,8,1,8,1,0,0,10,1,127,44,137,45,0,0,0,2,0,0,"Anderson",76978,9.09350723583361,0.0666666666666667,58.4582608017875,1.29907246226194,6.66666666666667
2020-03-31,9,1,9,1,0,0,11,1,142,15,153,16,0,0,0,2,0,0,"Anderson",76978,10.3925796980956,0.0687022900763359,20.7851593961911,1.29907246226194,6.87022900763359
2020-04-01,9,0,9,0,0,0,11,0,163,21,174,21,0,0,0,2,0,0,"Anderson",76978,9.09350723583361,0.049645390070922,27.2805217075008,0,4.9645390070922
2020-04-02,9,0,9,0,0,0,11,0,179,16,190,16,0,0,0,2,0,0,"Anderson",76978,7.79443477357167,0.0425531914893617,20.7851593961911,0,4.25531914893617
2020-04-03,9,0,9,0,0,0,11,0,192,13,203,13,0,0,0,2,0,0,"Anderson",76978,6.49536231130972,0.0347222222222222,16.8879420094053,0,3.47222222222222
2020-04-04,9,0,9,0,0,0,11,0,219,27,230,27,0,0,0,2,0,0,"Anderson",76978,2.59814492452389,0.0134228187919463,35.0749564810725,0,1.34228187919463
2020-04-05,9,0,9,0,0,0,11,0,248,29,259,29,0,0,0,2,0,0,"Anderson",76978,2.59814492452389,0.0119760479041916,37.6731014055964,0,1.19760479041916
2020-04-06,9,0,9,0,0,0,11,0,262,14,273,14,0,0,0,2,0,0,"Anderson",76978,1.29907246226194,0.00735294117647059,18.1870144716672,0,0.735294117647059
2020-04-07,10,1,10,1,0,0,12,1,304,42,316,43,0,0,0,2,0,0,"Anderson",76978,1.29907246226194,0.00613496932515337,55.8601158772636,1.29907246226194,0.613496932515337
2020-04-08,10,0,10,0,0,0,12,0,322,18,334,18,1,1,0,2,1,1,"Anderson",76978,1.29907246226194,0.00625,23.383304320715,0,0.625
2020-04-09,10,0,10,0,0,0,12,0,350,28,362,28,0,1,0,2,1,0,"Anderson",76978,1.29907246226194,0.00581395348837209,36.3740289433345,0,0.581395348837209
2020-04-10,10,0,10,0,0,0,12,0,366,16,378,16,0,1,0,2,1,0,"Anderson",76978,1.29907246226194,0.00571428571428571,20.7851593961911,0,0.571428571428571
2020-04-11,10,0,10,0,0,0,12,0,439,73,451,73,0,1,0,2,1,0,"Anderson",76978,1.29907246226194,0.00452488687782805,94.832289745122,0,0.452488687782805
2020-04-12,12,2,12,2,0,0,14,2,477,38,491,40,0,1,0,2,1,0,"Anderson",76978,3.89721738678583,0.0129310344827586,51.9628984904778,2.59814492452389,1.29310344827586
2020-04-13,13,1,13,1,0,0,15,1,514,37,529,38,0,1,0,2,1,0,"Anderson",76978,5.19628984904778,0.015625,49.3647535659539,1.29907246226194,1.5625
2020-04-14,13,0,13,0,0,0,15,0,526,12,541,12,0,1,0,2,1,0,"Anderson",76978,3.89721738678583,0.0133333333333333,15.5888695471433,0,1.33333333333333
2020-04-15,13,0,13,0,0,0,15,0,544,18,559,18,0,1,0,2,1,0,"Anderson",76978,3.89721738678583,0.0133333333333333,23.383304320715,0,1.33333333333333
2020-04-16,13,0,13,0,0,0,15,0,566,22,581,22,0,1,0,2,1,0,"Anderson",76978,3.89721738678583,0.0136986301369863,28.5795941697628,0,1.36986301369863
2020-04-17,13,0,13,0,0,0,15,0,586,20,601,20,0,1,0,2,1,0,"Anderson",76978,3.89721738678583,0.0134529147982063,25.9814492452389,0,1.34529147982063
2020-04-18,13,0,13,0,0,0,15,0,616,30,631,30,0,1,0,2,1,0,"Anderson",76978,3.89721738678583,0.0166666666666667,38.9721738678584,0,1.66666666666667
2020-04-19,14,1,14,1,0,0,16,1,628,12,644,13,0,1,0,2,1,0,"Anderson",76978,2.59814492452389,0.0130718954248366,16.8879420094053,1.29907246226194,1.30718954248366
2020-04-20,19,5,18,4,1,1,19,3,648,20,667,23,0,1,0,2,1,0,"Anderson",76978,7.79443477357167,0.0289855072463768,29.8786666320247,6.49536231130973,2.89855072463768
2020-04-21,20,1,19,1,1,0,22,3,1071,423,1093,426,0,1,0,2,1,0,"Anderson",76978,9.09350723583361,0.0126811594202899,553.404868923589,1.29907246226194,1.26811594202899
2020-04-22,21,1,20,1,1,0,24,2,1141,70,1165,72,0,1,0,2,1,0,"Anderson",76978,10.3925796980956,0.0148514851485149,93.53321728286,1.29907246226194,1.48514851485149
2020-04-23,21,0,20,0,1,0,24,0,1191,50,1215,50,0,1,0,2,1,0,"Anderson",76978,10.3925796980956,0.0141955835962145,64.9536231130973,0,1.41955835962145
2020-04-24,22,1,21,1,1,0,25,1,1299,108,1324,109,0,1,0,2,1,0,"Anderson",76978,11.6916521603575,0.0138312586445367,141.598898386552,1.29907246226194,1.38312586445367
2020-04-25,22,0,21,0,1,0,25,0,1336,37,1361,37,0,1,0,2,1,0,"Anderson",76978,11.6916521603575,0.0136986301369863,48.065681103692,0,1.36986301369863
2020-04-26,22,0,21,0,1,0,25,0,1372,36,1397,36,0,1,0,2,1,0,"Anderson",76978,10.3925796980956,0.0119521912350598,46.76660864143,0,1.19521912350598
2020-04-27,22,0,21,0,1,0,25,0,1411,39,1436,39,0,1,0,2,1,0,"Anderson",76978,3.89721738678583,0.00780234070221066,50.6638260282159,0,0.780234070221066
2020-04-28,22,0,21,0,1,0,25,0,1690,279,1715,279,0,1,0,2,1,0,"Anderson",76978,2.59814492452389,0.00482315112540193,362.441216971083,0,0.482315112540193
2020-04-29,26,4,25,4,1,0,28,3,2068,378,2096,381,0,1,0,2,1,0,"Anderson",76978,6.49536231130972,0.00429645542427497,494.946608121801,5.19628984904778,0.429645542427497
2020-04-30,26,0,25,0,1,0,29,1,2100,32,2129,33,0,1,0,2,1,0,"Anderson",76978,6.49536231130972,0.00547045951859956,42.8693912546442,0,0.547045951859956
2020-05-01,26,0,25,0,1,0,29,0,2152,52,2181,52,0,1,0,2,1,0,"Anderson",76978,5.19628984904778,0.00466744457409568,67.5517680376211,0,0.466744457409568
2020-05-02,26,0,25,0,1,0,29,0,2219,67,2248,67,0,1,0,2,1,0,"Anderson",76978,5.19628984904778,0.00450958286358512,87.0378549715503,0,0.450958286358512
2020-05-03,27,1,26,1,1,0,30,1,2312,93,2342,94,0,1,0,2,1,0,"Anderson",76978,6.49536231130972,0.00529100529100529,122.112811452623,1.29907246226194,0.529100529100529
2020-05-04,27,0,26,0,1,0,30,0,2404,92,2434,92,0,1,0,2,1,0,"Anderson",76978,6.49536231130972,0.00501002004008016,119.514666528099,0,0.501002004008016
2020-05-05,28,1,27,1,1,0,30,0,2473,69,2503,69,0,1,0,2,1,0,"Anderson",76978,7.79443477357167,0.00634517766497462,89.6359998960742,1.29907246226194,0.634517766497462
2020-05-06,30,2,29,2,1,0,31,1,2523,50,2554,51,0,1,0,2,1,0,"Anderson",76978,5.19628984904778,0.00655021834061135,66.2526955753592,2.59814492452389,0.655021834061135
2020-05-07,30,0,29,0,1,0,33,2,2595,72,2628,74,0,1,0,2,1,0,"Anderson",76978,5.19628984904778,0.00801603206412826,96.1313622073839,0,0.801603206412826
2020-05-08,30,0,29,0,1,0,33,0,2650,55,2683,55,0,1,0,2,1,0,"Anderson",76978,5.19628984904778,0.00796812749003984,71.448985424407,0,0.796812749003984
2020-05-09,30,0,29,0,1,0,33,0,2732,82,2765,82,0,1,0,2,1,0,"Anderson",76978,5.19628984904778,0.00773694390715667,106.523941905479,0,0.773694390715667
2020-05-10,30,0,29,0,1,0,33,0,2825,93,2858,93,0,1,0,2,1,0,"Anderson",76978,3.89721738678583,0.00581395348837209,120.813738990361,0,0.581395348837209
2020-05-11,32,2,31,2,1,0,33,0,2907,82,2940,82,0,1,0,2,1,0,"Anderson",76978,6.49536231130972,0.00592885375494071,106.523941905479,2.59814492452389,0.592885375494071
2020-05-12,33,1,32,1,1,0,35,2,3040,133,3075,135,0,1,0,2,1,0,"Anderson",76978,6.49536231130972,0.00874125874125874,175.374782405363,1.29907246226194,0.874125874125874
2020-05-13,35,2,34,2,1,0,38,3,3218,178,3256,181,0,1,1,3,1,0,"Anderson",76978,6.49536231130972,0.00997150997150997,235.132115669412,2.59814492452389,0.997150997150997
2020-05-14,35,0,34,0,1,0,39,1,3344,126,3383,127,0,1,0,3,1,0,"Anderson",76978,6.49536231130972,0.00794701986754967,164.982202707267,0,0.794701986754967
2020-05-15,36,1,35,1,1,0,39,0,3415,71,3454,71,0,1,0,3,1,0,"Anderson",76978,7.79443477357167,0.00778210116731518,92.2341448205981,1.29907246226194,0.778210116731518
2020-05-16,36,0,35,0,1,0,41,2,3655,240,3696,242,0,1,0,3,1,0,"Anderson",76978,7.79443477357167,0.00859291084854995,314.375535867391,0,0.859291084854995
2020-05-17,36,0,35,0,1,0,41,0,3725,70,3766,70,0,1,0,3,1,0,"Anderson",76978,7.79443477357167,0.00881057268722467,90.9350723583361,0,0.881057268722467
2020-05-18,37,1,36,1,1,0,42,1,3802,77,3844,78,0,1,0,3,1,0,"Anderson",76978,6.49536231130972,0.00995575221238938,101.327652056432,1.29907246226194,0.995575221238938
2020-05-19,37,0,36,0,1,0,42,0,3854,52,3896,52,0,1,0,3,1,0,"Anderson",76978,5.19628984904778,0.00852618757612668,67.5517680376211,0,0.852618757612667
2020-05-20,37,0,36,0,1,0,43,1,3919,65,3962,66,0,1,0,3,1,0,"Anderson",76978,2.59814492452389,0.00708215297450425,85.7387825092884,0,0.708215297450425
2020-05-21,37,0,36,0,1,0,44,1,3999,80,4043,81,0,1,0,3,1,0,"Anderson",76978,2.59814492452389,0.00757575757575758,105.224869443218,0,0.757575757575758
2020-05-22,38,1,37,1,1,0,45,1,4027,28,4072,29,0,1,1,4,1,0,"Anderson",76978,2.59814492452389,0.00970873786407767,37.6731014055964,1.29907246226194,0.970873786407767
2020-05-23,38,0,37,0,1,0,46,1,4190,163,4236,164,0,1,0,4,1,0,"Anderson",76978,2.59814492452389,0.00925925925925926,213.047883810959,0,0.925925925925926
2020-05-24,38,0,37,0,1,0,46,0,4245,55,4291,55,0,1,0,4,1,0,"Anderson",76978,2.59814492452389,0.00952380952380952,71.448985424407,0,0.952380952380952
2020-05-25,38,0,37,0,1,0,47,1,4279,34,4326,35,0,1,0,4,1,0,"Anderson",76978,1.29907246226194,0.0103734439834025,45.4675361791681,0,1.03734439834025
2020-05-26,38,0,37,0,1,0,47,0,4410,131,4457,131,0,1,0,4,1,0,"Anderson",76978,1.29907246226194,0.0089126559714795,170.178492556315,0,0.89126559714795
2020-05-27,38,0,37,0,1,0,47,0,4513,103,4560,103,0,1,0,4,1,0,"Anderson",76978,1.29907246226194,0.00668896321070234,133.80446361298,0,0.668896321070234
2020-05-28,38,0,37,0,1,0,47,0,4561,48,4608,48,0,1,0,4,1,0,"Anderson",76978,1.29907246226194,0.00530973451327434,62.3554781885734,0,0.530973451327434
2020-05-29,39,1,38,1,1,0,47,0,4611,50,4658,50,0,1,0,4,1,0,"Anderson",76978,1.29907246226194,0.00341296928327645,64.9536231130973,1.29907246226194,0.341296928327645
2020-05-30,39,0,38,0,1,0,48,1,4663,52,4711,53,0,1,0,4,1,0,"Anderson",76978,1.29907246226194,0.00421052631578947,68.8508404998831,0,0.421052631578947
2020-05-31,40,1,39,1,1,0,49,1,4729,66,4778,67,0,1,0,4,1,0,"Anderson",76978,2.59814492452389,0.00616016427104723,87.0378549715503,1.29907246226194,0.616016427104723
2020-06-01,40,0,39,0,1,0,49,0,4853,124,4902,124,0,1,0,4,1,0,"Anderson",76978,2.59814492452389,0.00347222222222222,161.084985320481,0,0.347222222222222
2020-06-02,40,0,39,0,1,0,49,0,4980,127,5029,127,0,1,0,4,1,0,"Anderson",76978,2.59814492452389,0.0034965034965035,164.982202707267,0,0.34965034965035
2020-06-03,41,1,40,1,1,0,50,1,5040,60,5090,61,0,1,0,4,2,1,"Anderson",76978,3.89721738678583,0.00566037735849057,79.2434201979787,1.29907246226194,0.566037735849057
2020-06-04,41,0,40,0,1,0,50,0,5088,48,5138,48,1,2,0,4,2,0,"Anderson",76978,3.89721738678583,0.00566037735849057,62.3554781885734,0,0.566037735849057
2020-06-05,42,1,41,1,1,0,53,3,5145,57,5198,60,0,2,0,4,2,0,"Anderson",76978,3.89721738678583,0.0111111111111111,77.9443477357167,1.29907246226194,1.11111111111111
2020-06-06,43,1,42,1,1,0,54,1,5198,53,5252,54,0,2,0,4,2,0,"Anderson",76978,5.19628984904778,0.011090573012939,70.149912962145,1.29907246226194,1.1090573012939
2020-06-07,45,2,43,1,2,1,57,3,5293,95,5350,98,0,2,0,4,2,0,"Anderson",76978,6.49536231130972,0.013986013986014,127.309101301671,2.59814492452389,1.3986013986014
2020-06-08,46,1,44,1,2,0,57,0,5334,41,5391,41,0,2,0,4,2,0,"Anderson",76978,7.79443477357167,0.016359918200409,53.2619709527397,1.29907246226194,1.6359918200409
2020-06-09,47,1,45,1,2,0,60,3,5515,181,5575,184,0,2,0,4,2,0,"Anderson",76978,9.09350723583361,0.0201465201465201,239.029333056198,1.29907246226194,2.01465201465201
2020-06-10,52,5,50,5,2,0,63,3,5723,208,5786,211,0,2,0,4,2,0,"Anderson",76978,14.2897970848814,0.0186781609195402,274.10428953727,6.49536231130973,1.86781609195402
2020-06-11,55,3,53,3,2,0,66,3,5868,145,5934,148,0,2,1,5,2,0,"Anderson",76978,18.1870144716672,0.0201005025125628,192.262724414768,3.89721738678583,2.01005025125628
2020-06-12,57,2,55,2,2,0,70,4,5950,82,6020,86,0,2,0,5,2,0,"Anderson",76978,19.4860869339292,0.0206812652068127,111.720231754527,2.59814492452389,2.06812652068127
2020-06-13,58,1,55,0,3,1,70,0,5993,43,6063,43,0,2,0,5,2,0,"Anderson",76978,19.4860869339292,0.0197287299630086,55.8601158772636,1.29907246226194,1.97287299630086
2020-06-14,60,2,57,2,3,0,70,0,6168,175,6238,175,0,2,1,6,2,0,"Anderson",76978,19.4860869339292,0.0146396396396396,227.33768089584,2.59814492452389,1.46396396396396
2020-06-15,60,0,57,0,3,0,71,1,6226,58,6297,59,0,2,0,6,2,0,"Anderson",76978,18.1870144716672,0.0154525386313466,76.6452752734548,0,1.54525386313466
2020-06-16,64,4,61,4,3,0,75,4,6287,61,6362,65,0,2,0,6,2,0,"Anderson",76978,22.0842318584531,0.0190597204574333,84.4397100470264,5.19628984904778,1.90597204574333
2020-06-17,66,2,63,2,3,0,79,4,6324,37,6403,41,0,2,0,6,2,0,"Anderson",76978,18.1870144716672,0.0259319286871961,53.2619709527397,2.59814492452389,2.59319286871961
2020-06-18,70,4,67,4,3,0,84,5,6454,130,6538,135,0,2,0,6,2,0,"Anderson",76978,19.4860869339292,0.0298013245033113,175.374782405363,5.19628984904778,2.98013245033113
2020-06-19,72,2,69,2,3,0,86,2,6519,65,6605,67,0,2,0,6,2,0,"Anderson",76978,19.4860869339292,0.0273504273504274,87.0378549715503,2.59814492452389,2.73504273504274
2020-06-20,73,1,70,1,3,0,87,1,6557,38,6644,39,0,2,0,6,2,0,"Anderson",76978,19.4860869339292,0.0292598967297762,50.6638260282159,1.29907246226194,2.92598967297762
2020-06-21,74,1,71,1,3,0,88,1,6617,60,6705,61,0,2,0,6,2,0,"Anderson",76978,18.1870144716672,0.0385438972162741,79.2434201979787,1.29907246226194,3.85438972162741
2020-06-22,76,2,73,2,3,0,90,2,6709,92,6799,94,0,2,1,7,2,0,"Anderson",76978,20.7851593961911,0.0378486055776892,122.112811452623,2.59814492452389,3.78486055776892
2020-06-23,76,0,73,0,3,0,90,0,6798,89,6888,89,0,2,0,7,2,0,"Anderson",76978,15.5888695471433,0.0285171102661597,115.617449141313,0,2.85171102661597
2020-06-24,77,1,74,1,3,0,91,1,6829,31,6920,32,0,2,0,7,2,0,"Anderson",76978,14.2897970848814,0.02321083172147,41.5703187923822,1.29907246226194,2.321083172147
2020-06-25,81,4,78,4,3,0,92,1,6942,113,7034,114,0,2,0,7,2,0,"Anderson",76978,14.2897970848814,0.0161290322580645,148.094260697862,5.19628984904778,1.61290322580645
2020-06-26,86,5,83,5,3,0,98,6,6970,28,7068,34,0,2,0,7,2,0,"Anderson",76978,18.1870144716672,0.0259179265658747,44.1684637169061,6.49536231130973,2.59179265658747
2020-06-27,87,1,83,0,4,1,98,0,6982,12,7080,12,0,2,0,7,2,0,"Anderson",76978,18.1870144716672,0.0252293577981651,15.5888695471433,1.29907246226194,2.52293577981651
2020-06-28,91,4,87,4,4,0,106,8,7091,109,7197,117,0,2,0,7,2,0,"Anderson",76978,22.0842318584531,0.0365853658536585,151.991478084648,5.19628984904778,3.65853658536585
2020-06-29,97,6,92,5,5,1,114,8,7313,222,7427,230,0,2,1,8,2,0,"Anderson",76978,27.2805217075008,0.0382165605095541,298.786666320247,7.79443477357167,3.82165605095541
2020-06-30,102,5,96,4,6,1,120,6,7477,164,7597,170,0,2,0,8,2,0,"Anderson",76978,33.7758840188106,0.0423131170662905,220.842318584531,6.49536231130973,4.23131170662905
2020-07-01,104,2,98,2,6,0,124,4,7598,121,7722,125,0,2,0,8,2,0,"Anderson",76978,35.0749564810725,0.0411471321695761,162.384057782743,2.59814492452389,4.11471321695761
2020-07-02,110,6,104,6,6,0,130,6,7837,239,7967,245,0,2,0,8,2,0,"Anderson",76978,37.6731014055964,0.0407288317256163,318.272753254177,7.79443477357167,4.07288317256163
2020-07-03,120,10,113,9,7,1,142,12,7961,124,8103,136,0,2,0,8,2,0,"Anderson",76978,44.1684637169061,0.042512077294686,176.673854867625,12.9907246226195,4.2512077294686
2020-07-04,131,11,124,11,7,0,156,14,8145,184,8301,198,0,2,2,10,2,0,"Anderson",76978,57.1591883395256,0.0475020475020475,257.216347527865,14.2897970848814,4.75020475020475
2020-07-05,140,9,133,9,7,0,169,13,8301,156,8470,169,0,2,1,11,2,0,"Anderson",76978,63.6545506508353,0.0494893951296151,219.543246122269,11.6916521603575,4.94893951296151
2020-07-06,141,1,134,1,7,0,170,1,8328,27,8498,28,0,2,0,11,2,0,"Anderson",76978,57.1591883395256,0.0522875816993464,36.3740289433345,1.29907246226194,5.22875816993464
2020-07-07,157,16,150,16,7,0,190,20,8561,233,8751,253,0,2,0,11,2,0,"Anderson",76978,71.448985424407,0.0606585788561525,328.665332952272,20.7851593961911,6.06585788561525
2020-07-08,173,16,165,15,8,1,206,16,8701,140,8907,156,0,2,0,11,2,0,"Anderson",76978,89.6359998960742,0.0691983122362869,202.655304112863,20.7851593961911,6.91983122362869
2020-07-09,187,14,179,14,8,0,220,14,8969,268,9189,282,0,2,0,11,2,0,"Anderson",76978,100.02857959417,0.0736497545008183,366.338434357868,18.1870144716672,7.36497545008183
2020-07-10,193,6,185,6,8,0,227,7,8999,30,9226,37,0,2,1,12,2,0,"Anderson",76978,94.832289745122,0.0756901157613535,48.065681103692,7.79443477357167,7.56901157613535
2020-07-11,201,8,193,8,8,0,235,8,9168,169,9403,177,0,2,1,13,2,0,"Anderson",76978,90.9350723583361,0.0716878402903811,229.935825820364,10.3925796980956,7.16878402903811
2020-07-12,212,11,204,11,8,0,248,13,9351,183,9599,196,0,2,0,13,2,0,"Anderson",76978,93.53321728286,0.0699734278122232,254.618202603341,14.2897970848814,6.99734278122232
2020-07-13,218,6,209,5,9,1,255,7,9390,39,9645,46,0,2,2,15,2,0,"Anderson",76978,100.02857959417,0.0741063644289451,59.7573332640495,7.79443477357167,7.41063644289451
2020-07-14,229,11,219,10,10,1,266,11,9530,140,9796,151,0,2,0,15,2,0,"Anderson",76978,93.53321728286,0.0727272727272727,196.159941801554,14.2897970848814,7.27272727272727
2020-07-15,245,16,234,15,11,1,285,19,9632,102,9917,121,0,2,0,15,2,0,"Anderson",76978,93.53321728286,0.0782178217821782,157.187767933695,20.7851593961911,7.82178217821782
2020-07-16,263,18,252,18,11,0,308,23,9921,289,10229,312,0,2,1,16,2,0,"Anderson",76978,98.7295071319078,0.0846153846153846,405.310608225727,23.383304320715,8.46153846153846
2020-07-17,270,7,259,7,11,0,317,9,9992,71,10309,80,0,2,1,17,3,1,"Anderson",76978,100.02857959417,0.0831024930747922,103.925796980956,9.09350723583361,8.31024930747922
2020-07-18,277,7,266,7,11,0,328,11,10206,214,10534,225,0,2,0,17,3,0,"Anderson",76978,98.7295071319078,0.0822281167108753,292.291304008938,9.09350723583361,8.22281167108753
2020-07-19,285,8,274,8,11,0,337,9,10287,81,10624,90,0,2,2,19,3,0,"Anderson",76978,94.832289745122,0.0868292682926829,116.916521603575,10.3925796980956,8.68292682926829
2020-07-20,313,28,302,28,11,0,367,30,10456,169,10823,199,1,3,0,19,3,0,"Anderson",76978,123.411883914885,0.0950764006791171,258.515419990127,36.3740289433345,9.50764006791171
2020-07-21,336,23,324,22,12,1,391,24,10748,292,11139,316,0,3,1,20,3,0,"Anderson",76978,139.000753462028,0.0930752047654505,410.506898074775,29.8786666320247,9.30752047654505
2020-07-22,365,29,353,29,12,0,424,33,10883,135,11307,168,0,3,0,20,3,0,"Anderson",76978,155.888695471433,0.1,218.244173660007,37.6731014055964,10
2020-07-23,388,23,376,23,12,0,455,31,11310,427,11765,458,0,3,2,22,3,0,"Anderson",76978,162.384057782743,0.095703125,594.975187715971,29.8786666320247,9.5703125
2020-07-24,394,6,382,6,12,0,463,8,11422,112,11885,120,0,3,0,22,4,1,"Anderson",76978,161.084985320481,0.0926395939086294,155.888695471433,7.79443477357167,9.26395939086294
2020-07-25,426,32,413,31,13,1,499,36,11679,257,12178,293,1,4,1,23,4,0,"Anderson",76978,193.56179687703,0.104014598540146,380.62823144275,41.5703187923822,10.4014598540146
2020-07-26,465,39,451,38,14,1,541,42,12082,403,12623,445,0,4,2,25,4,0,"Anderson",76978,233.83304320715,0.102051025512756,578.087245706565,50.6638260282159,10.2051025512756
2020-07-27,483,18,468,17,15,1,562,21,12262,180,12824,201,0,4,1,26,4,0,"Anderson",76978,220.842318584531,0.0974512743628186,261.113564914651,23.383304320715,9.74512743628186
2020-07-28,523,40,508,40,15,0,608,46,12642,380,13250,426,0,4,1,27,5,1,"Anderson",76978,242.926550442984,0.10279488394126,553.404868923589,51.9628984904778,10.279488394126
2020-07-29,527,4,512,4,15,0,612,4,12678,36,13290,40,1,5,0,27,5,0,"Anderson",76978,210.449738886435,0.0948058497226425,51.9628984904778,5.19628984904778,9.48058497226425
2020-07-30,564,37,549,37,15,0,666,54,13163,485,13829,539,0,5,0,27,5,0,"Anderson",76978,228.636753358102,0.102228682170543,700.200057159188,48.065681103692,10.2228682170543
2020-07-31,576,12,561,12,15,0,680,14,13345,182,14025,196,0,5,0,27,5,0,"Anderson",76978,236.431188131674,0.101401869158878,254.618202603341,15.5888695471433,10.1401869158878
2020-08-01,599,23,584,23,15,0,705,25,13754,409,14459,434,0,5,1,28,5,0,"Anderson",76978,224.739535971316,0.0903112669881631,563.797448621684,29.8786666320247,9.03112669881631
2020-08-02,606,7,591,7,15,0,712,7,13882,128,14594,135,0,5,1,29,6,1,"Anderson",76978,183.169217178934,0.0867579908675799,175.374782405363,9.09350723583361,8.67579908675799
2020-08-03,631,25,615,24,16,1,743,31,14109,227,14852,258,0,5,0,29,6,0,"Anderson",76978,192.262724414768,0.0892504930966469,335.160695263582,32.4768115565486,8.92504930966469
2020-08-04,638,7,622,7,16,0,751,8,14352,243,15103,251,2,7,0,29,6,0,"Anderson",76978,149.393333160124,0.0771721532649757,326.067188027748,9.09350723583361,7.71721532649757
2020-08-05,653,15,637,15,16,0,770,19,14561,209,15331,228,-1,6,0,29,6,0,"Anderson",76978,163.683130245005,0.0774130328270456,296.188521395723,19.4860869339292,7.74130328270456
2020-08-06,675,22,659,22,16,0,800,30,14882,321,15682,351,0,6,1,30,6,0,"Anderson",76978,144.197043311076,0.0723151645979493,455.974434253943,28.5795941697628,7.23151645979493
2020-08-07,679,4,663,4,16,0,804,4,14963,81,15767,85,0,6,0,30,6,0,"Anderson",76978,133.80446361298,0.0711825487944891,110.421159292265,5.19628984904778,7.11825487944891
2020-08-08,690,11,674,11,16,0,820,16,15283,320,16103,336,0,6,0,30,6,0,"Anderson",76978,118.215594065837,0.0699513381995134,436.488347320014,14.2897970848814,6.99513381995134
2020-08-09,697,7,681,7,16,0,829,9,15420,137,16249,146,0,6,0,30,6,0,"Anderson",76978,118.215594065837,0.0706948640483384,189.664579490244,9.09350723583361,7.06948640483384
2020-08-10,702,5,686,5,16,0,835,6,15559,139,16394,145,0,6,0,30,6,0,"Anderson",76978,92.2341448205981,0.059662775616083,188.365507027982,6.49536231130973,5.9662775616083
2020-08-11,723,21,707,21,16,0,857,22,15762,203,16619,225,0,6,1,31,6,0,"Anderson",76978,110.421159292265,0.0699208443271768,292.291304008938,27.2805217075008,6.99208443271768
2020-08-12,731,8,715,8,16,0,865,8,16001,239,16866,247,0,6,0,31,6,0,"Anderson",76978,101.327652056432,0.0618892508143322,320.8708981787,10.3925796980956,6.18892508143322
2020-08-13,749,18,733,18,16,0,889,24,16229,228,17118,252,1,7,2,33,6,0,"Anderson",76978,96.1313622073839,0.0619777158774373,327.36626049001,23.383304320715,6.19777158774373
2020-08-14,766,17,749,16,17,1,911,22,16558,329,17469,351,0,7,0,33,6,0,"Anderson",76978,113.019304216789,0.0628672150411281,455.974434253943,22.0842318584531,6.28672150411281
2020-08-15,776,10,759,10,17,0,923,12,16781,223,17704,235,-1,6,0,33,6,0,"Anderson",76978,111.720231754527,0.0643347907557776,305.282028631557,12.9907246226195,6.43347907557776
2020-08-16,788,12,771,12,17,0,937,14,16923,142,17860,156,0,6,0,33,7,1,"Anderson",76978,118.215594065837,0.0670391061452514,202.655304112863,15.5888695471433,6.70391061452514
2020-08-17,792,4,775,4,17,0,940,3,16966,43,17906,46,0,6,0,33,7,0,"Anderson",76978,116.916521603575,0.0694444444444444,59.7573332640495,5.19628984904778,6.94444444444444
2020-08-18,806,14,789,14,17,0,957,17,17129,163,18086,180,0,6,0,33,7,0,"Anderson",76978,107.823014367741,0.0681663258350375,233.83304320715,18.1870144716672,6.81663258350375
2020-08-19,820,14,803,14,17,0,971,14,17303,174,18274,188,0,6,0,33,7,0,"Anderson",76978,115.617449141313,0.0752840909090909,244.225622905246,18.1870144716672,7.52840909090909
2020-08-20,835,15,818,15,17,0,987,16,17745,442,18732,458,0,6,0,33,8,1,"Anderson",76978,111.720231754527,0.0607187112763321,594.975187715971,19.4860869339292,6.07187112763321
2020-08-21,838,3,821,3,17,0,990,3,17781,36,18771,39,1,7,0,33,8,0,"Anderson",76978,93.53321728286,0.0606758832565284,50.6638260282159,3.89721738678583,6.06758832565284
2020-08-22,856,18,839,18,17,0,1009,19,18325,544,19334,563,1,8,1,34,8,0,"Anderson",76978,103.925796980956,0.052760736196319,731.377796253475,23.383304320715,5.2760736196319
2020-08-23,857,1,840,1,17,0,1010,1,18409,84,19419,85,0,8,0,34,8,0,"Anderson",76978,89.6359998960742,0.0468248877485568,110.421159292265,1.29907246226194,4.68248877485568
2020-08-24,858,1,840,0,18,1,1010,0,18448,39,19458,39,0,8,0,34,8,0,"Anderson",76978,85.7387825092884,0.0451030927835052,50.6638260282159,1.29907246226194,4.51030927835052
2020-08-25,866,8,848,8,18,0,1018,8,18600,152,19618,160,0,8,1,35,8,0,"Anderson",76978,77.9443477357167,0.0398172323759791,207.851593961911,10.3925796980956,3.98172323759791
2020-08-26,872,6,854,6,18,0,1024,6,18780,180,19804,186,0,8,0,35,8,0,"Anderson",76978,67.5517680376211,0.034640522875817,241.627477980722,7.79443477357167,3.4640522875817
2020-08-27,875,3,857,3,18,0,1027,3,19191,411,20218,414,0,8,0,35,8,0,"Anderson",76978,51.9628984904778,0.0269179004037685,537.815999376445,3.89721738678583,2.69179004037685
2020-08-28,875,0,857,0,18,0,1027,0,19229,38,20256,38,0,8,0,35,8,0,"Anderson",76978,48.065681103692,0.0249158249158249,49.3647535659539,0,2.49158249158249
2020-08-29,884,9,865,8,19,1,1035,8,19491,262,20526,270,0,8,0,35,8,0,"Anderson",76978,36.3740289433345,0.0218120805369128,350.749564810725,11.6916521603575,2.18120805369128
2020-08-30,900,16,881,16,19,0,1051,16,19574,83,20625,99,0,8,0,35,8,0,"Anderson",76978,55.8601158772636,0.0339966832504146,128.608173763933,20.7851593961911,3.39966832504146
2020-08-31,902,2,883,2,19,0,1053,2,19632,58,20685,60,0,8,0,35,8,0,"Anderson",76978,57.1591883395256,0.0350448247758761,77.9443477357167,2.59814492452389,3.50448247758761
2020-09-01,909,7,889,6,20,1,1059,6,19743,111,20802,117,0,8,0,35,8,0,"Anderson",76978,55.8601158772636,0.0346283783783784,151.991478084648,9.09350723583361,3.46283783783784
2020-09-02,917,8,895,6,22,2,1069,10,20059,316,21128,326,0,8,0,35,8,0,"Anderson",76978,58.4582608017875,0.033987915407855,423.497622697394,10.3925796980956,3.3987915407855
2020-09-03,933,16,909,14,24,2,1085,16,20383,324,21468,340,0,8,0,35,9,1,"Anderson",76978,75.3462028111928,0.0464,441.684637169061,20.7851593961911,4.64
2020-09-04,942,9,917,8,25,1,1095,10,20572,189,21667,199,0,8,0,35,9,0,"Anderson",76978,87.0378549715503,0.0481927710843374,258.515419990127,11.6916521603575,4.81927710843374
2020-09-05,961,19,936,19,25,0,1116,21,20841,269,21957,290,0,8,1,36,10,1,"Anderson",76978,100.02857959417,0.0566037735849057,376.731014055964,24.682376782977,5.66037735849057
2020-09-06,963,2,938,2,25,0,1118,2,20897,56,22015,58,0,8,0,36,10,0,"Anderson",76978,81.8415651225025,0.0482014388489209,75.3462028111928,2.59814492452389,4.82014388489209
2020-09-07,966,3,941,3,25,0,1123,5,20985,88,22108,93,0,8,0,36,10,0,"Anderson",76978,83.1406375847645,0.0491918482080112,120.813738990361,3.89721738678583,4.91918482080112
2020-09-08,975,9,944,3,31,6,1127,4,21160,175,22287,179,1,9,0,36,10,0,"Anderson",76978,85.7387825092884,0.0457912457912458,232.533970744888,11.6916521603575,4.57912457912458
2020-09-09,984,9,953,9,31,0,1136,9,21401,241,22537,250,0,9,1,37,11,1,"Anderson",76978,87.0378549715503,0.0475514549325763,324.768115565486,11.6916521603575,4.75514549325763
2020-09-10,1013,29,981,28,32,1,1166,30,21770,369,22936,399,1,10,0,37,11,0,"Anderson",76978,103.925796980956,0.0551771117166213,518.329912442516,37.6731014055964,5.51771117166213
2020-09-11,1014,1,982,1,32,0,1168,2,21903,133,23071,135,0,10,0,37,11,0,"Anderson",76978,93.53321728286,0.051994301994302,175.374782405363,1.29907246226194,5.1994301994302
2020-09-12,1017,3,985,3,32,0,1173,5,22045,142,23218,147,0,10,0,37,11,0,"Anderson",76978,72.7480578866689,0.0452022204599524,190.963651952506,3.89721738678583,4.52022204599524
2020-09-13,1038,21,1005,20,33,1,1194,21,22289,244,23483,265,0,10,1,38,11,0,"Anderson",76978,97.4304346696459,0.0517711171662125,344.254202499415,27.2805217075008,5.17711171662125
2020-09-14,1044,6,1010,5,34,1,1200,6,22395,106,23595,112,0,10,1,39,11,0,"Anderson",76978,101.327652056432,0.0517821116341627,145.496115773338,7.79443477357167,5.17821116341627
2020-09-15,1060,16,1026,16,34,0,1217,17,22635,240,23852,257,1,11,1,40,12,1,"Anderson",76978,110.421159292265,0.0575079872204473,333.86162280132,20.7851593961911,5.75079872204473
2020-09-16,1068,8,1034,8,34,0,1229,12,22771,136,24000,148,0,11,0,40,12,0,"Anderson",76978,109.122086830003,0.063568010936432,192.262724414768,10.3925796980956,6.3568010936432
2020-09-17,1090,22,1054,20,36,2,1249,20,23192,421,24441,441,0,11,1,41,12,0,"Anderson",76978,100.02857959417,0.0551495016611296,572.890955857518,28.5795941697628,5.51495016611296
2020-09-18,1109,19,1073,19,36,0,1267,18,23416,224,24683,242,0,11,0,41,12,0,"Anderson",76978,123.411883914885,0.0614143920595533,314.375535867391,24.682376782977,6.14143920595533
2020-09-19,1124,15,1088,15,36,0,1288,21,23698,282,24986,303,0,11,1,42,12,0,"Anderson",76978,139.000753462028,0.0650452488687783,393.618956065369,19.4860869339292,6.50452488687783
2020-09-20,1131,7,1095,7,36,0,1298,10,23850,152,25148,162,0,11,0,42,13,1,"Anderson",76978,120.813738990361,0.0624624624624625,210.449738886435,9.09350723583361,6.24624624624625
2020-09-21,1133,2,1097,2,36,0,1300,2,23883,33,25183,35,0,11,0,42,13,0,"Anderson",76978,115.617449141313,0.0629722921914358,45.4675361791681,2.59814492452389,6.29722921914358
2020-09-22,1147,14,1111,14,36,0,1317,17,24131,248,25448,265,0,11,1,43,13,0,"Anderson",76978,113.019304216789,0.06265664160401,344.254202499415,18.1870144716672,6.265664160401
2020-09-23,1147,0,1111,0,36,0,1317,0,24172,41,25489,41,0,11,0,43,13,0,"Anderson",76978,102.626724518694,0.0591000671591672,53.2619709527397,0,5.91000671591672
2020-09-24,1160,13,1124,13,36,0,1332,15,24496,324,25828,339,1,12,0,43,13,0,"Anderson",76978,90.9350723583361,0.0598413842826244,440.385564706799,16.8879420094053,5.98413842826244
2020-09-25,1174,14,1137,13,37,1,1345,13,24732,236,26077,249,1,13,0,43,13,0,"Anderson",76978,84.4397100470264,0.0559540889526542,323.469043103224,18.1870144716672,5.59540889526542
2020-09-26,1188,14,1151,14,37,0,1362,17,25031,299,26393,316,0,13,0,43,13,0,"Anderson",76978,83.1406375847645,0.0525941719971571,410.506898074775,18.1870144716672,5.25941719971571
2020-09-27,1207,19,1168,17,39,2,1378,16,25238,207,26616,223,0,13,0,43,13,0,"Anderson",76978,98.7295071319078,0.0544959128065395,289.693159084414,24.682376782977,5.44959128065395
2020-09-28,1210,3,1170,2,40,1,1380,2,25275,37,26655,39,0,13,0,43,13,0,"Anderson",76978,100.02857959417,0.0543478260869565,50.6638260282159,3.89721738678583,5.43478260869565
2020-09-29,1221,11,1180,10,41,1,1390,10,25569,294,26959,304,0,13,0,43,13,0,"Anderson",76978,96.1313622073839,0.0483123759099934,394.918028527631,14.2897970848814,4.83123759099934
2020-09-30,1233,12,1190,10,43,2,1400,10,25635,66,27035,76,0,13,0,43,13,0,"Anderson",76978,111.720231754527,0.0536869340232859,98.7295071319078,15.5888695471433,5.36869340232859
2020-10-01,1249,16,1204,14,45,2,1415,15,25915,280,27330,295,0,13,0,43,13,0,"Anderson",76978,115.617449141313,0.0552596537949401,383.226376367274,20.7851593961911,5.52596537949401
2020-10-02,1256,7,1210,6,46,1,1422,7,25997,82,27419,89,0,13,0,43,13,0,"Anderson",76978,106.523941905479,0.0573770491803279,115.617449141313,9.09350723583361,5.73770491803279
2020-10-03,1272,16,1226,16,46,0,1446,24,26261,264,27707,288,0,13,0,43,13,0,"Anderson",76978,109.122086830003,0.0639269406392694,374.13286913144,20.7851593961911,6.39269406392694
2020-10-04,1288,16,1240,14,48,2,1462,16,26598,337,28060,353,0,13,0,43,13,0,"Anderson",76978,105.224869443218,0.0581717451523546,458.572579178467,20.7851593961911,5.81717451523546
2020-10-05,1314,26,1265,25,49,1,1489,27,26809,211,28298,238,0,13,1,44,13,0,"Anderson",76978,135.103536075242,0.0663420572124163,309.179246018343,33.7758840188106,6.63420572124163
2020-10-06,1342,28,1292,27,50,1,1520,31,27146,337,28666,368,0,13,1,45,13,0,"Anderson",76978,157.187767933695,0.0761570005858231,478.058666112396,36.3740289433345,7.61570005858231
2020-10-07,1348,6,1298,6,50,0,1528,8,27381,235,28909,243,0,13,0,45,13,0,"Anderson",76978,149.393333160124,0.0683030949839915,315.674608329653,7.79443477357167,6.83030949839915
2020-10-08,1358,10,1306,8,52,2,1537,9,27620,239,29157,248,0,13,1,46,13,0,"Anderson",76978,141.598898386552,0.066776135741653,322.169970640962,12.9907246226195,6.6776135741653
2020-10-09,1373,15,1319,13,54,2,1553,16,27793,173,29346,189,0,13,0,46,13,0,"Anderson",76978,151.991478084648,0.0679813181110535,245.524695367508,19.4860869339292,6.79813181110535
2020-10-10,1389,16,1335,16,54,0,1573,20,28005,212,29578,232,0,13,1,47,14,1,"Anderson",76978,151.991478084648,0.0678781400320684,301.384811244771,20.7851593961911,6.78781400320684
2020-10-11,1417,28,1363,28,54,0,1604,31,28294,289,29898,320,0,13,0,47,14,0,"Anderson",76978,167.580347631791,0.0772578890097933,415.703187923822,36.3740289433345,7.72578890097933
2020-10-12,1433,16,1378,15,55,1,1620,16,28373,79,29993,95,0,13,0,47,14,0,"Anderson",76978,154.589623009171,0.0772861356932153,123.411883914885,20.7851593961911,7.72861356932153
2020-10-13,1453,20,1396,18,57,2,1638,18,28494,121,30132,139,0,13,0,47,14,0,"Anderson",76978,144.197043311076,0.0804911323328786,180.57107225441,25.9814492452389,8.04911323328786
2020-10-14,1475,22,1418,22,57,0,1662,24,28794,300,30456,324,0,13,0,47,14,0,"Anderson",76978,164.982202707267,0.0866192630898513,420.89947777287,28.5795941697628,8.66192630898513
2020-10-15,1497,22,1434,16,63,6,1676,14,28945,151,30621,165,0,13,1,48,14,0,"Anderson",76978,180.57107225441,0.0949453551912568,214.346956273221,28.5795941697628,9.49453551912568
2020-10-16,1504,7,1437,3,67,4,1680,4,29044,99,30724,103,0,13,0,48,15,1,"Anderson",76978,170.178492556315,0.0921625544267054,133.80446361298,9.09350723583361,9.21625544267054
2020-10-17,1532,28,1464,27,68,1,1710,30,29292,248,31002,278,0,13,2,50,15,0,"Anderson",76978,185.767362103458,0.0962078651685393,361.142144508821,36.3740289433345,9.62078651685393
2020-10-18,1551,19,1483,19,68,0,1732,22,29531,239,31263,261,0,13,0,50,15,0,"Anderson",76978,174.075709943101,0.0937728937728938,339.057912650368,24.682376782977,9.37728937728938
2020-10-19,1555,4,1487,4,68,0,1737,5,29608,77,31345,82,0,13,1,51,15,0,"Anderson",76978,158.486840395957,0.0865384615384615,106.523941905479,5.19628984904778,8.65384615384615
2020-10-20,1582,27,1514,27,68,0,1772,35,29807,199,31579,234,0,13,0,51,15,0,"Anderson",76978,167.580347631791,0.092605390463027,303.982956169295,35.0749564810725,9.2605390463027
2020-10-21,1599,17,1531,17,68,0,1791,19,30023,216,31814,235,0,13,1,52,15,0,"Anderson",76978,161.084985320481,0.0949926362297496,305.282028631557,22.0842318584531,9.49926362297496
2020-10-22,1620,21,1552,21,68,0,1816,25,30355,332,32171,357,1,14,0,52,15,0,"Anderson",76978,159.785912858219,0.0903225806451613,463.768869027514,27.2805217075008,9.03225806451613
2020-10-23,1635,15,1566,14,69,1,1832,16,30630,275,32462,291,0,14,0,52,15,0,"Anderson",76978,170.178492556315,0.0874568469505178,378.030086518226,19.4860869339292,8.74568469505178
2020-10-24,1666,31,1596,30,70,1,1865,33,31006,376,32871,409,0,14,2,54,17,2,"Anderson",76978,174.075709943101,0.082932049224184,531.320637065136,40.2712463301203,8.29320492241841
2020-10-25,1683,17,1612,16,71,1,1884,19,31202,196,33086,215,0,14,4,58,17,0,"Anderson",76978,171.477565018577,0.0833790455293472,279.300579386318,22.0842318584531,8.33790455293472
2020-10-26,1699,16,1627,15,72,1,1902,18,31336,134,33238,152,-1,13,1,59,17,0,"Anderson",76978,187.06643456572,0.0871632329635499,197.459014263816,20.7851593961911,8.71632329635499
2020-10-27,1728,29,1651,24,77,5,1926,24,31491,155,33417,179,1,14,2,61,17,0,"Anderson",76978,189.664579490244,0.0837867247007617,232.533970744888,37.6731014055964,8.37867247007617
2020-10-28,1784,56,1705,54,79,2,1985,59,31925,434,33910,493,0,14,0,61,17,0,"Anderson",76978,240.32840551846,0.092557251908397,640.442723895139,72.7480578866689,9.25572519083969
2020-10-29,1813,29,1726,21,87,8,2004,19,32131,206,34135,225,0,14,2,63,17,0,"Anderson",76978,250.720985216555,0.0957230142566191,292.291304008938,37.6731014055964,9.57230142566191
2020-10-30,1850,37,1760,34,90,3,2042,38,32282,151,34324,189,2,16,1,64,17,0,"Anderson",76978,279.300579386318,0.112781954887218,245.524695367508,48.065681103692,11.2781954887218
2020-10-31,1850,0,1760,0,90,0,2042,0,32283,1,34325,1,0,16,0,64,19,2,"Anderson",76978,239.029333056198,0.121733149931224,1.29907246226194,0,12.1733149931224
2020-11-01,1855,5,1765,5,90,0,2050,8,32527,244,34577,252,0,16,0,64,19,0,"Anderson",76978,223.440463509055,0.111334674714956,327.36626049001,6.49536231130973,11.1334674714956
2020-11-02,1888,33,1796,31,92,2,2085,35,32794,267,34879,302,0,16,0,64,20,1,"Anderson",76978,245.524695367508,0.111517367458867,392.319883603107,42.8693912546442,11.1517367458867
2020-11-03,1914,26,1821,25,93,1,2110,25,32974,180,35084,205,0,16,0,64,21,1,"Anderson",76978,241.627477980722,0.110377924415117,266.309854763699,33.7758840188106,11.0377924415117
2020-11-04,1932,18,1836,15,96,3,2128,18,33052,78,35180,96,2,18,1,65,21,0,"Anderson",76978,192.262724414768,0.11259842519685,124.710956377147,23.383304320715,11.259842519685
2020-11-05,1956,24,1854,18,102,6,2148,20,33151,99,35299,119,0,18,0,65,22,1,"Anderson",76978,185.767362103458,0.123711340206186,154.589623009171,31.1777390942867,12.3711340206186
2020-11-06,2005,49,1900,46,105,3,2197,49,33518,367,35715,416,0,18,2,67,23,1,"Anderson",76978,201.356231650601,0.111430625449317,540.414144300969,63.6545506508353,11.1430625449317
2020-11-07,2085,80,1977,77,108,3,2274,77,33965,447,36239,524,0,18,0,67,23,0,"Anderson",76978,305.282028631557,0.121212121212121,680.713970225259,103.925796980956,12.1212121212121
2020-11-08,2139,54,2028,51,111,3,2336,62,34575,610,36911,672,0,18,1,68,23,0,"Anderson",76978,368.936579282392,0.122536418166238,872.976694640027,70.149912962145,12.2536418166238
2020-11-09,2147,8,2035,7,112,1,2345,9,34649,74,36994,83,0,18,0,68,23,0,"Anderson",76978,336.459767725844,0.122931442080378,107.823014367741,10.3925796980956,12.2931442080378
2020-11-10,2166,19,2053,18,113,1,2367,22,34820,171,37187,193,0,18,1,69,23,0,"Anderson",76978,327.36626049001,0.122206371849738,250.720985216555,24.682376782977,12.2206371849738
2020-11-11,2205,39,2089,36,116,3,2409,42,35093,273,37502,315,1,19,1,70,23,0,"Anderson",76978,354.646782197511,0.121016365202412,409.207825612513,50.6638260282159,12.1016365202412
2020-11-12,2212,7,2095,6,117,1,2417,8,35291,198,37708,206,0,19,0,70,24,1,"Anderson",76978,332.562550339058,0.111664591116646,267.608927225961,9.09350723583361,11.1664591116646
2020-11-13,2268,56,2148,53,120,3,2476,59,35552,261,38028,320,2,21,2,72,24,0,"Anderson",76978,341.656057574892,0.120622568093385,415.703187923822,72.7480578866689,12.0622568093385
2020-11-14,2309,41,2188,40,121,1,2521,45,35948,396,38469,441,1,22,1,73,25,1,"Anderson",76978,290.992231546676,0.110762331838565,572.890955857518,53.2619709527397,11.0762331838565
2020-11-15,2407,98,2286,98,121,0,2629,108,36530,582,39159,690,1,23,1,74,25,0,"Anderson",76978,348.151419886201,0.130338078291815,896.359998960742,127.309101301671,13.0338078291815
2020-11-16,2456,49,2315,29,141,20,2658,29,36807,277,39465,306,0,23,1,75,25,0,"Anderson",76978,401.413390838941,0.126669364629705,397.516173452155,63.6545506508353,12.6669364629705
2020-11-17,2472,16,2330,15,142,1,2674,16,37012,205,39686,221,2,25,1,76,26,1,"Anderson",76978,397.516173452155,0.122849139655862,287.09501415989,20.7851593961911,12.2849139655862
2020-11-18,2502,30,2356,26,146,4,2700,26,37306,294,40006,320,0,25,0,76,27,1,"Anderson",76978,385.824521291798,0.116214057507987,415.703187923822,38.9721738678584,11.6214057507987
2020-11-19,2560,58,2410,54,150,4,2762,62,37722,416,40484,478,0,25,1,77,27,0,"Anderson",76978,452.077216867157,0.124279538904899,620.95663696121,75.3462028111928,12.4279538904899
2020-11-20,2590,30,2437,27,153,3,2793,31,37835,113,40628,144,0,25,0,77,28,1,"Anderson",76978,418.301332848346,0.121923076923077,187.06643456572,38.9721738678584,12.1923076923077
2020-11-21,2647,57,2486,49,161,8,2841,48,38179,344,41020,392,0,25,1,78,28,0,"Anderson",76978,439.086492244537,0.125441003528028,509.236405206682,74.0471303489309,12.5441003528028
2020-11-22,2703,56,2535,49,168,7,2898,57,38662,483,41560,540,0,25,1,79,31,3,"Anderson",76978,384.525448829536,0.112036651395252,701.49912962145,72.7480578866689,11.2036651395252
2020-11-23,2710,7,2541,6,169,1,2904,6,38684,22,41588,28,0,25,0,79,32,1,"Anderson",76978,329.964405414534,0.115873763542157,36.3740289433345,9.09350723583361,11.5873763542157
2020-11-24,2723,13,2553,12,170,1,2916,12,38841,157,41757,169,2,27,0,79,32,0,"Anderson",76978,326.067188027748,0.116851762433607,219.543246122269,16.8879420094053,11.6851762433607
2020-11-25,2751,28,2574,21,177,7,2937,21,38878,37,41815,58,1,28,0,79,32,0,"Anderson",76978,323.469043103224,0.131011608623549,75.3462028111928,36.3740289433345,13.1011608623549
2020-11-26,2796,45,2616,42,180,3,2982,45,39228,350,42210,395,0,28,1,80,33,1,"Anderson",76978,306.581101093819,0.127462340672074,513.133622593468,58.4582608017875,12.7462340672074
2020-11-27,2895,99,2706,90,189,9,3077,95,39654,426,42731,521,0,28,3,83,35,2,"Anderson",76978,396.217100989893,0.135045173561579,676.816752838473,128.608173763933,13.5045173561579
2020-11-28,2926,31,2731,25,195,6,3107,30,39797,143,42904,173,1,29,2,85,35,0,"Anderson",76978,362.441216971083,0.141188959660297,224.739535971316,40.2712463301203,14.1188959660297
2020-11-29,3017,91,2820,89,197,2,3203,96,40234,437,43437,533,0,29,1,86,35,0,"Anderson",76978,407.908753150251,0.162493340436867,692.405622385617,118.215594065837,16.2493340436867
2020-11-30,3087,70,2886,66,201,4,3276,73,40486,252,43762,325,0,29,0,86,37,2,"Anderson",76978,489.750318272753,0.171113155473781,422.198550235132,90.9350723583361,17.1113155473781
2020-12-01,3163,76,2952,66,211,10,3348,72,40916,430,44264,502,1,30,6,92,38,1,"Anderson",76978,571.591883395256,0.172317510969286,652.134376055496,98.7295071319078,17.2317510969286
2020-12-02,3178,15,2966,14,212,1,3364,16,41024,108,44388,124,0,30,0,92,38,0,"Anderson",76978,554.70394138585,0.165954139137194,161.084985320481,19.4860869339292,16.5954139137194
2020-12-03,3219,41,2995,29,224,12,3397,33,41249,225,44646,258,1,31,1,93,39,1,"Anderson",76978,549.507651536803,0.170361247947455,335.160695263582,53.2619709527397,17.0361247947455
2020-12-04,3286,67,3055,60,231,7,3460,63,41407,158,44867,221,1,32,0,93,39,0,"Anderson",76978,507.93733274442,0.179307116104869,287.09501415989,87.0378549715503,17.9307116104869
2020-12-05,3317,31,3074,19,243,12,3478,18,41474,67,44952,85,0,32,0,93,39,0,"Anderson",76978,507.93733274442,0.18115234375,110.421159292265,40.2712463301203,18.115234375
2020-12-06,3353,36,3103,29,250,7,3506,28,41682,208,45188,236,0,32,2,95,40,1,"Anderson",76978,436.488347320014,0.173043974871502,306.581101093819,46.76660864143,17.3043974871502
2020-12-07,3493,140,3227,124,266,16,3642,136,42275,593,45917,729,2,34,4,99,41,1,"Anderson",76978,527.42341967835,0.169837587006961,947.023824988958,181.870144716672,16.9837587006961
2020-12-08,3564,71,3276,49,288,22,3694,52,42573,298,46267,350,1,35,2,101,43,2,"Anderson",76978,520.92805736704,0.172740888667,454.675361791681,92.2341448205981,17.2740888666999
2020-12-09,3669,105,3367,91,302,14,3798,104,42834,261,46632,365,0,35,3,104,44,1,"Anderson",76978,637.844578970615,0.193404634581105,474.16144872561,136.402608537504,19.3404634581105
2020-12-10,3763,94,3445,78,318,16,3885,87,43365,531,47250,618,3,38,3,107,45,1,"Anderson",76978,706.695419470498,0.187403993855607,802.826781677882,122.112811452623,18.7403993855607
2020-12-11,3836,73,3498,53,338,20,3936,51,43531,166,47467,217,1,39,2,109,45,0,"Anderson",76978,714.48985424407,0.183076923076923,281.898724310842,94.832289745122,18.3076923076923
2020-12-12,3924,88,3559,61,365,27,4001,65,44044,513,48045,578,0,39,2,111,45,0,"Anderson",76978,788.536984593001,0.169091496928548,750.863883187404,114.318376679051,16.9091496928548
2020-12-13,4156,232,3742,183,414,49,4205,204,44916,872,49121,1076,1,40,0,111,47,2,"Anderson",76978,1043.15518719634,0.177726926010679,1397.80196939385,301.384811244771,17.7726926010679
2020-12-14,4271,115,3828,86,443,29,4304,99,45206,290,49510,389,0,40,1,112,48,1,"Anderson",76978,1010.67837563979,0.184247147230726,505.339187819897,149.393333160124,18.4247147230726
2020-12-15,4406,135,3913,85,493,50,4400,96,45733,527,50133,623,1,41,6,118,51,3,"Anderson",76978,1093.81901322456,0.182617692705639,809.322143989192,175.374782405363,18.2617692705639
2020-12-16,4475,69,3943,30,532,39,4436,36,46056,323,50492,359,2,43,4,122,52,1,"Anderson",76978,1047.05240458313,0.165284974093264,466.367013952038,89.6359998960742,16.5284974093264
2020-12-17,4676,201,4117,174,559,27,4630,194,46584,528,51214,722,2,45,2,124,54,2,"Anderson",76978,1186.05315804516,0.187941473259334,937.930317753124,261.113564914651,18.7941473259334
2020-12-18,4774,98,4193,76,581,22,4717,87,46950,366,51667,453,1,46,2,126,54,0,"Anderson",76978,1218.5299696017,0.185952380952381,588.479825404661,127.309101301671,18.5952380952381
2020-12-19,4879,105,4274,81,605,24,4804,87,47208,258,52012,345,0,46,1,127,55,1,"Anderson",76978,1240.61420146016,0.202419964708848,448.179999480371,136.402608537504,20.2419964708848
2020-12-20,5019,140,4396,122,623,18,4941,137,47672,464,52613,601,2,48,3,130,56,1,"Anderson",76978,1121.09953493206,0.210767468499427,780.742549819429,181.870144716672,21.0767468499427
2020-12-21,5066,47,4414,18,652,29,4964,23,47892,220,52856,243,3,51,2,132,59,3,"Anderson",76978,1032.76260749825,0.197250448296473,315.674608329653,61.0564057263114,19.7250448296473
2020-12-22,5136,70,4458,44,678,26,5011,47,47998,106,53009,153,1,52,2,134,64,5,"Anderson",76978,948.32289745122,0.212447844228095,198.758086726078,90.9350723583361,21.2447844228095
2020-12-23,5210,74,4500,42,710,32,5054,43,48314,316,53368,359,2,54,2,136,66,2,"Anderson",76978,954.81825976253,0.214881780250348,466.367013952038,96.1313622073839,21.4881780250348
2020-12-24,5268,58,4524,24,744,34,5081,27,48466,152,53547,179,1,55,1,137,71,5,"Anderson",76978,769.050897659071,0.193313330475782,232.533970744888,75.3462028111928,19.3313330475782
2020-12-25,5361,93,4601,77,760,16,5173,92,48875,409,54048,501,0,55,1,138,72,1,"Anderson",76978,762.555535347762,0.191516169676606,650.835303593234,120.813738990361,19.1516169676606
2020-12-26,5417,56,4630,29,787,27,5201,28,48994,119,54195,147,0,55,3,141,74,2,"Anderson",76978,698.900984696926,0.181859825927623,190.963651952506,72.7480578866689,18.1859825927623
2020-12-27,5477,60,4667,37,810,23,5237,36,49130,136,54367,172,1,56,6,147,75,1,"Anderson",76978,594.975187715971,0.168757126567845,223.440463509055,77.9443477357167,16.8757126567845
2020-12-28,5524,47,4688,21,836,26,5257,20,49199,69,54456,89,2,58,4,151,82,7,"Anderson",76978,594.975187715971,0.183125,115.617449141313,61.0564057263114,18.3125
2020-12-29,5620,96,4740,52,880,44,5305,48,49294,95,54599,143,2,60,5,156,85,3,"Anderson",76978,628.751071734781,0.184905660377358,185.767362103458,124.710956377147,18.4905660377358
2020-12-30,5655,35,4758,18,897,17,5322,17,49422,128,54744,145,6,66,1,157,88,3,"Anderson",76978,578.087245706566,0.194767441860465,188.365507027982,45.4675361791681,19.4767441860465
2020-12-31,5818,163,4858,100,960,63,5424,102,49726,304,55150,406,6,72,1,158,93,5,"Anderson",76978,714.48985424407,0.213973799126638,527.42341967835,211.748811348697,21.3973799126638
2021-01-01,5883,65,4900,42,983,23,5479,55,50002,276,55481,331,0,72,2,160,94,1,"Anderson",76978,678.115825300735,0.213538032100488,429.992985008704,84.4397100470264,21.3538032100488
2021-01-02,5976,93,4941,41,1035,52,5520,41,50287,285,55807,326,0,72,2,162,96,2,"Anderson",76978,726.181506404427,0.197890818858561,423.497622697394,120.813738990361,19.7890818858561
2021-01-03,6001,25,4953,12,1048,13,5536,16,50339,52,55875,68,0,72,1,163,99,3,"Anderson",76978,680.713970225259,0.198275862068966,88.3369274338123,32.4768115565486,19.8275862068966
2021-01-04,6038,37,4977,24,1061,13,5567,31,50446,107,56013,138,1,73,0,163,104,5,"Anderson",76978,667.72324560264,0.199100834938985,179.271999792148,48.065681103692,19.9100834938985
2021-01-05,6110,72,5008,31,1102,41,5598,31,50564,118,56162,149,2,75,2,165,107,3,"Anderson",76978,636.545506508353,0.187460012795905,193.56179687703,93.53321728286,18.7460012795905
2021-01-06,6185,75,5049,41,1136,34,5642,44,50725,161,56367,205,5,80,2,167,109,2,"Anderson",76978,688.508404998831,0.197165742452249,266.309854763699,97.4304346696459,19.7165742452249
2021-01-07,6290,105,5129,80,1161,25,5734,92,50946,221,56680,313,1,81,1,168,112,3,"Anderson",76978,613.162202187638,0.202614379084967,406.609680687989,136.402608537504,20.2614379084967
2021-01-08,6373,83,5180,51,1193,32,5786,52,51145,199,56931,251,5,86,2,170,115,3,"Anderson",76978,636.545506508353,0.211724137931034,326.067188027748,107.823014367741,21.1724137931034
2021-01-09,6483,110,5249,69,1234,41,5862,76,51576,431,57438,507,2,88,0,170,117,2,"Anderson",76978,658.629738366806,0.209687308399755,658.629738366806,142.897970848814,20.9687308399755
2021-01-10,6543,60,5274,25,1269,35,5887,25,51670,94,57557,119,2,90,3,173,118,1,"Anderson",76978,704.097274545974,0.208680142687277,154.589623009171,77.9443477357167,20.8680142687277
2021-01-11,6576,33,5284,10,1292,23,5900,13,51741,71,57641,84,1,91,1,174,120,2,"Anderson",76978,698.900984696926,0.204545454545455,109.122086830003,42.8693912546442,20.4545454545455
2021-01-12,6629,53,5318,34,1311,19,5938,38,51913,172,57851,210,2,93,1,175,120,0,"Anderson",76978,674.218607913949,0.201302545885139,272.805217075008,68.8508404998831,20.1302545885139
2021-01-13,6655,26,5335,17,1320,9,5957,19,52003,90,57960,109,3,96,0,175,121,1,"Anderson",76978,610.564057263114,0.19774011299435,141.598898386552,33.7758840188106,19.774011299435
2021-01-14,6752,97,5397,62,1355,35,6031,74,52410,407,58441,481,5,101,2,177,123,2,"Anderson",76978,600.171477565019,0.168654173764906,624.853854347995,126.010028839409,16.8654173764906
2021-01-15,6786,34,5417,20,1369,14,6055,24,52565,155,58620,179,0,101,1,178,126,3,"Anderson",76978,536.516926914183,0.159265837773831,232.533970744888,44.1684637169061,15.9265837773831
2021-01-16,6851,65,5448,31,1403,34,6089,34,52808,243,58897,277,1,102,1,179,129,3,"Anderson",76978,478.058666112396,0.155586017820425,359.843072046559,84.4397100470264,15.5586017820425
2021-01-17,6888,37,5468,20,1420,17,6112,23,52912,104,59024,127,0,102,0,179,131,2,"Anderson",76978,448.179999480371,0.153374233128834,164.982202707267,48.065681103692,15.3374233128834
2021-01-18,6907,19,5476,8,1431,11,6122,10,53008,96,59130,106,1,103,0,179,132,1,"Anderson",76978,429.992985008704,0.149093351242445,137.701680999766,24.682376782977,14.9093351242445
2021-01-19,6949,42,5493,17,1456,25,6142,20,53120,112,59262,132,1,104,0,179,134,2,"Anderson",76978,415.703187923822,0.144578313253012,171.477565018577,54.5610434150017,14.4578313253012
2021-01-20,6977,28,5509,16,1468,12,6161,19,53272,152,59433,171,3,107,0,179,137,3,"Anderson",76978,418.301332848346,0.138492871690428,222.141391046793,36.3740289433345,13.8492871690428
2021-01-21,7033,56,5549,40,1484,16,6200,39,53513,241,59713,280,5,112,2,181,138,1,"Anderson",76978,365.039361895607,0.132861635220126,363.740289433345,72.7480578866689,13.2861635220126
2021-01-22,7071,38,5567,18,1504,20,6222,22,53658,145,59880,167,2,114,0,181,141,3,"Anderson",76978,370.235651744654,0.132539682539683,216.945101197745,49.3647535659539,13.2539682539683
2021-01-23,7109,38,5581,14,1528,24,6235,13,53918,260,60153,273,0,114,1,182,141,0,"Anderson",76978,335.160695263582,0.116242038216561,354.646782197511,49.3647535659539,11.6242038216561
2021-01-24,7122,13,5593,12,1529,1,6249,14,53985,67,60234,81,0,114,0,182,143,2,"Anderson",76978,303.982956169295,0.113223140495868,105.224869443218,16.8879420094053,11.3223140495868
2021-01-25,7139,17,5604,11,1535,6,6260,11,54045,60,60305,71,2,116,1,183,145,2,"Anderson",76978,301.384811244771,0.117446808510638,92.2341448205981,22.0842318584531,11.7446808510638
2021-01-26,7166,27,5625,21,1541,6,6285,25,54208,163,60493,188,0,116,1,184,148,3,"Anderson",76978,281.898724310842,0.116165718927701,244.225622905246,35.0749564810725,11.6165718927701
2021-01-27,7183,17,5633,8,1550,9,6294,9,54294,86,60588,95,4,120,0,184,150,2,"Anderson",76978,267.608927225961,0.115151515151515,123.411883914885,22.0842318584531,11.5151515151515
2021-01-28,7270,87,5673,40,1597,47,6341,47,54520,226,60861,273,4,124,0,184,151,1,"Anderson",76978,307.880173556081,0.122822299651568,354.646782197511,113.019304216789,12.2822299651568
2021-01-29,7283,13,5677,4,1606,9,6346,5,54565,45,60911,50,1,125,1,185,151,0,"Anderson",76978,275.403361999532,0.120271580989331,64.9536231130973,16.8879420094053,12.0271580989331
2021-01-30,7323,40,5712,35,1611,5,6382,36,54824,259,61206,295,2,127,2,187,152,1,"Anderson",76978,278.001506924056,0.13960113960114,383.226376367274,51.9628984904778,13.960113960114
2021-01-31,7339,16,5719,7,1620,9,6393,11,54993,169,61386,180,1,128,0,187,154,2,"Anderson",76978,281.898724310842,0.125,233.83304320715,20.7851593961911,12.5
2021-02-01,7359,20,5732,13,1627,7,6406,13,55046,53,61452,66,1,129,1,188,156,2,"Anderson",76978,285.795941697628,0.127288578901482,85.7387825092884,25.9814492452389,12.7288578901482
2021-02-02,7366,7,5738,6,1628,1,6411,5,55114,68,61525,73,5,134,0,188,157,1,"Anderson",76978,259.814492452389,0.122093023255814,94.832289745122,9.09350723583361,12.2093023255814
2021-02-03,7388,22,5744,6,1644,16,6421,10,55306,192,61727,202,4,138,0,188,158,1,"Anderson",76978,266.309854763699,0.111501316944688,262.412637376913,28.5795941697628,11.1501316944688
2021-02-04,7419,31,5759,15,1660,16,6438,17,55630,324,62068,341,2,140,0,188,158,0,"Anderson",76978,193.56179687703,0.0803645401822701,442.983709631323,40.2712463301203,8.03645401822701
2021-02-05,7437,18,5770,11,1667,7,6455,17,55787,157,62242,174,2,142,0,188,159,1,"Anderson",76978,200.05715918834,0.081893313298272,226.038608433578,23.383304320715,8.1893313298272
2021-02-06,7464,27,5786,16,1678,11,6475,20,56009,222,62484,242,1,143,1,189,159,0,"Anderson",76978,183.169217178934,0.0727699530516432,314.375535867391,35.0749564810725,7.27699530516432
2021-02-07,7477,13,5793,7,1684,6,6483,8,56116,107,62599,115,0,143,0,189,159,0,"Anderson",76978,179.271999792148,0.0741962077493817,149.393333160124,16.8879420094053,7.41962077493817
2021-02-08,7502,25,5799,6,1703,19,6488,5,56138,22,62626,27,2,145,0,189,159,0,"Anderson",76978,185.767362103458,0.0698466780238501,35.0749564810725,32.4768115565486,6.98466780238501
2021-02-09,7526,24,5809,10,1717,14,6499,11,56307,169,62806,180,2,147,2,191,159,0,"Anderson",76978,207.851593961911,0.068696330991413,233.83304320715,31.1777390942867,6.8696330991413
2021-02-10,7551,25,5824,15,1727,10,6518,19,56502,195,63020,214,1,148,1,192,159,0,"Anderson",76978,211.748811348697,0.0750193348801237,278.001506924056,32.4768115565486,7.50193348801237
2021-02-11,7564,13,5832,8,1732,5,6529,11,56682,180,63211,191,-1,147,0,192,160,1,"Anderson",76978,188.365507027982,0.0796150481189851,248.122840292031,16.8879420094053,7.96150481189851
2021-02-12,7591,27,5847,15,1744,12,6544,15,56876,194,63420,209,0,147,0,192,160,0,"Anderson",76978,200.05715918834,0.0755517826825127,271.506144612746,35.0749564810725,7.55517826825127
2021-02-13,7618,27,5858,11,1760,16,6554,10,57065,189,63619,199,0,147,0,192,160,0,"Anderson",76978,200.05715918834,0.0696035242290749,258.515419990127,35.0749564810725,6.96035242290749
2021-02-14,7631,13,5867,9,1764,4,6565,11,57126,61,63691,72,2,149,0,192,160,0,"Anderson",76978,200.05715918834,0.0750915750915751,93.53321728286,16.8879420094053,7.50915750915751
2021-02-15,7648,17,5875,8,1773,9,6574,9,57199,73,63773,82,0,149,1,193,161,1,"Anderson",76978,189.664579490244,0.0749782040104621,106.523941905479,22.0842318584531,7.49782040104621
2021-02-16,7677,29,5889,14,1788,15,6591,17,57283,84,63874,101,0,149,0,193,161,0,"Anderson",76978,196.159941801554,0.0861423220973783,131.206318688456,37.6731014055964,8.61423220973783
2021-02-17,7696,19,5901,12,1795,7,6603,12,57391,108,63994,120,0,149,0,193,163,2,"Anderson",76978,188.365507027982,0.0872689938398357,155.888695471433,24.682376782977,8.72689938398357
2021-02-18,7720,24,5923,22,1797,2,6629,26,57547,156,64176,182,0,149,0,193,163,0,"Anderson",76978,202.655304112863,0.103626943005181,236.431188131674,31.1777390942867,10.3626943005181
2021-02-19,7733,13,5934,11,1799,2,6644,15,57593,46,64237,61,0,149,0,193,164,1,"Anderson",76978,184.468289641196,0.122399020807834,79.2434201979787,16.8879420094053,12.2399020807834
2021-02-20,7752,19,5941,7,1811,12,6653,9,57715,122,64368,131,1,150,0,193,165,1,"Anderson",76978,174.075709943101,0.132176234979973,170.178492556315,24.682376782977,13.2176234979973
2021-02-21,7764,12,5948,7,1816,5,6660,7,57779,64,64439,71,2,152,1,194,165,0,"Anderson",76978,172.776637480839,0.127005347593583,92.2341448205981,15.5888695471433,12.7005347593583
2021-02-22,7769,5,5950,2,1819,3,6666,6,57816,37,64482,43,1,153,0,194,166,1,"Anderson",76978,157.187767933695,0.129760225669958,55.8601158772636,6.49536231130973,12.9760225669958
2021-02-23,7793,24,5959,9,1834,15,6674,8,57959,143,64633,151,2,155,0,194,168,2,"Anderson",76978,150.692405622386,0.10935441370224,196.159941801554,31.1777390942867,10.935441370224
2021-02-24,7825,32,5978,19,1847,13,6697,23,58133,174,64830,197,0,155,0,194,168,0,"Anderson",76978,167.580347631791,0.11244019138756,255.917275065603,41.5703187923822,11.244019138756
2021-02-25,7842,17,5986,8,1856,9,6708,11,58260,127,64968,138,1,156,0,194,168,0,"Anderson",76978,158.486840395957,0.0997474747474748,179.271999792148,22.0842318584531,9.97474747474748
2021-02-26,7854,12,5994,8,1860,4,6717,9,58359,99,65076,108,0,156,0,194,168,0,"Anderson",76978,157.187767933695,0.0870083432657926,140.29982592429,15.5888695471433,8.70083432657926
2021-02-27,7863,9,6001,7,1862,2,6723,6,58451,92,65174,98,0,156,0,194,168,0,"Anderson",76978,144.197043311076,0.086848635235732,127.309101301671,11.6916521603575,8.6848635235732
2021-02-28,7877,14,6011,10,1866,4,6734,11,58521,70,65255,81,0,156,0,194,168,0,"Anderson",76978,146.7951882356,0.0906862745098039,105.224869443218,18.1870144716672,9.06862745098039
2021-03-01,7885,8,6016,5,1869,3,6741,7,58556,35,65297,42,0,156,0,194,169,1,"Anderson",76978,150.692405622386,0.0920245398773006,54.5610434150017,10.3925796980956,9.20245398773006
2021-03-02,7908,23,6027,11,1881,12,6751,10,58672,116,65423,126,1,157,1,195,169,0,"Anderson",76978,149.393333160124,0.0974683544303798,163.683130245005,29.8786666320247,9.74683544303798
2021-03-03,7941,33,6048,21,1893,12,6776,25,58788,116,65564,141,1,158,0,195,170,1,"Anderson",76978,150.692405622386,0.107629427792916,183.169217178934,42.8693912546442,10.7629427792916
2021-03-04,7966,25,6061,13,1905,12,6793,17,58951,163,65744,180,0,158,0,195,170,0,"Anderson",76978,161.084985320481,0.109536082474227,233.83304320715,32.4768115565486,10.9536082474227
2021-03-05,7999,33,6078,17,1921,16,6815,22,59085,134,65900,156,0,158,2,197,170,0,"Anderson",76978,188.365507027982,0.118932038834951,202.655304112863,42.8693912546442,11.8932038834951
2021-03-06,8010,11,6083,5,1927,6,6823,8,59174,89,65997,97,0,158,0,197,170,0,"Anderson",76978,190.963651952506,0.121506682867558,126.010028839409,14.2897970848814,12.1506682867558
2021-03-07,8016,6,6086,3,1930,3,6826,3,59213,39,66039,42,0,158,0,197,170,0,"Anderson",76978,180.57107225441,0.11734693877551,54.5610434150017,7.79443477357167,11.734693877551
2021-03-08,8032,16,6093,7,1939,9,6835,9,59290,77,66125,86,1,159,0,197,170,0,"Anderson",76978,190.963651952506,0.113526570048309,111.720231754527,20.7851593961911,11.3526570048309
2021-03-09,8053,21,6101,8,1952,13,6843,8,59355,65,66198,73,0,159,3,200,171,1,"Anderson",76978,188.365507027982,0.118709677419355,94.832289745122,27.2805217075008,11.8709677419355
2021-03-10,8075,22,6114,13,1961,9,6859,16,59512,157,66371,173,0,159,1,201,171,0,"Anderson",76978,174.075709943101,0.102850061957869,224.739535971316,28.5795941697628,10.2850061957869
2021-03-11,8098,23,6124,10,1974,13,6869,10,59609,97,66478,107,0,159,1,202,172,1,"Anderson",76978,171.477565018577,0.103542234332425,139.000753462028,29.8786666320247,10.3542234332425
2021-03-12,8118,20,6141,17,1977,3,6889,20,59715,106,66604,126,0,159,0,202,172,0,"Anderson",76978,154.589623009171,0.105113636363636,163.683130245005,25.9814492452389,10.5113636363636
2021-03-13,8129,11,6145,4,1984,7,6893,4,59791,76,66684,80,0,159,1,203,172,0,"Anderson",76978,154.589623009171,0.101892285298399,103.925796980956,14.2897970848814,10.1892285298399
2021-03-14,8135,6,6149,4,1986,2,6899,6,59827,36,66726,42,0,159,1,204,172,0,"Anderson",76978,154.589623009171,0.106259097525473,54.5610434150017,7.79443477357167,10.6259097525473
2021-03-15,8154,19,6155,6,1999,13,6905,6,59859,32,66764,38,0,159,1,205,172,0,"Anderson",76978,158.486840395957,0.109546165884194,49.3647535659539,24.682376782977,10.9546165884194
2021-03-16,8187,33,6168,13,2019,20,6920,15,59952,93,66872,108,0,159,2,207,172,0,"Anderson",76978,174.075709943101,0.114243323442137,140.29982592429,42.8693912546442,11.4243323442136
2021-03-17,8205,18,6180,12,2025,6,6933,13,60039,87,66972,100,0,159,0,207,173,1,"Anderson",76978,168.879420094053,0.123128119800333,129.907246226195,23.383304320715,12.3128119800333
2021-03-18,8221,16,6192,12,2029,4,6948,15,60120,81,67068,96,1,160,0,207,173,0,"Anderson",76978,159.785912858219,0.133898305084746,124.710956377147,20.7851593961911,13.3898305084746
2021-03-19,8245,24,6206,14,2039,10,6961,13,60239,119,67200,132,0,160,1,208,173,0,"Anderson",76978,164.982202707267,0.120805369127517,171.477565018577,31.1777390942867,12.0805369127517
2021-03-20,8257,12,6212,6,2045,6,6969,8,60278,39,67247,47,0,160,1,209,173,0,"Anderson",76978,166.281275169529,0.134991119005329,61.0564057263114,15.5888695471433,13.4991119005329
2021-03-21,8267,10,6218,6,2049,4,6976,7,60340,62,67316,69,-1,159,0,209,173,0,"Anderson",76978,171.477565018577,0.130508474576271,89.6359998960742,12.9907246226195,13.0508474576271
2021-03-22,8275,8,6219,1,2056,7,6977,1,60406,66,67383,67,0,159,1,210,173,0,"Anderson",76978,157.187767933695,0.116316639741519,87.0378549715503,10.3925796980956,11.6316639741519
2021-03-23,8281,6,6220,1,2061,5,6978,1,60449,43,67427,44,0,159,0,210,174,1,"Anderson",76978,122.112811452623,0.104504504504505,57.1591883395256,7.79443477357167,10.4504504504505
2021-03-24,8289,8,6227,7,2062,1,6985,7,60569,120,67554,127,1,160,0,210,174,0,"Anderson",76978,109.122086830003,0.0893470790378007,164.982202707267,10.3925796980956,8.93470790378007
2021-03-25,8299,10,6232,5,2067,5,6991,6,60670,101,67661,107,0,160,0,210,174,0,"Anderson",76978,101.327652056432,0.0725126475548061,139.000753462028,12.9907246226195,7.25126475548061
2021-03-26,8316,17,6244,12,2072,5,7002,11,60736,66,67738,77,0,160,0,210,175,1,"Anderson",76978,92.2341448205981,0.0762081784386617,100.02857959417,22.0842318584531,7.62081784386617
2021-03-27,8320,4,6248,4,2072,0,7008,6,60800,64,67808,70,1,161,2,212,175,0,"Anderson",76978,81.8415651225025,0.0695187165775401,90.9350723583361,5.19628984904778,6.95187165775401
2021-03-28,8323,3,6248,0,2075,3,7008,0,60829,29,67837,29,1,162,0,212,176,1,"Anderson",76978,72.7480578866689,0.0614203454894434,37.6731014055964,3.89721738678583,6.14203454894434
2021-03-29,8339,16,6252,4,2087,12,7012,4,60915,86,67927,90,1,163,0,212,177,1,"Anderson",76978,83.1406375847645,0.0643382352941176,116.916521603575,20.7851593961911,6.43382352941176
2021-03-30,8344,5,6255,3,2089,2,7015,3,60973,58,67988,61,1,164,0,212,177,0,"Anderson",76978,81.8415651225025,0.0659536541889483,79.2434201979787,6.49536231130973,6.59536541889483
2021-03-31,8367,23,6269,14,2098,9,7031,16,61137,164,68168,180,1,165,1,213,177,0,"Anderson",76978,101.327652056432,0.0749185667752443,233.83304320715,29.8786666320247,7.49185667752443
2021-04-01,8377,10,6274,5,2103,5,7035,4,61194,57,68229,61,0,165,0,213,177,0,"Anderson",76978,101.327652056432,0.0774647887323944,79.2434201979787,12.9907246226195,7.74647887323944
2021-04-02,8385,8,6280,6,2105,2,7043,8,61264,70,68307,78,0,165,0,213,177,0,"Anderson",76978,89.6359998960742,0.0720562390158172,101.327652056432,10.3925796980956,7.20562390158172
2021-04-03,8391,6,6285,5,2106,1,7049,6,61314,50,68363,56,0,165,0,213,177,0,"Anderson",76978,92.2341448205981,0.0738738738738739,72.7480578866689,7.79443477357167,7.38738738738739
2021-04-04,8393,2,6287,2,2106,0,7051,2,61352,38,68403,40,0,165,0,213,177,0,"Anderson",76978,90.9350723583361,0.0759717314487632,51.9628984904778,2.59814492452389,7.59717314487632
2021-04-05,8407,14,6290,3,2117,11,7053,2,61410,58,68463,60,0,165,2,215,177,0,"Anderson",76978,88.3369274338123,0.0764925373134328,77.9443477357167,18.1870144716672,7.64925373134328
2021-04-06,8412,5,6294,4,2118,1,7059,6,61452,42,68511,48,0,165,0,215,177,0,"Anderson",76978,88.3369274338123,0.0841300191204589,62.3554781885734,6.49536231130973,8.41300191204589
2021-04-07,8432,20,6307,13,2125,7,7073,14,61610,158,68683,172,0,165,2,217,177,0,"Anderson",76978,84.4397100470264,0.0815533980582524,223.440463509055,25.9814492452389,8.15533980582524
2021-04-08,8435,3,6309,2,2126,1,7076,3,61701,91,68777,94,5,170,1,218,177,0,"Anderson",76978,75.3462028111928,0.0748175182481752,122.112811452623,3.89721738678583,7.48175182481752
2021-04-09,8443,8,6315,6,2128,2,7085,9,61788,87,68873,96,-4,166,0,218,177,0,"Anderson",76978,75.3462028111928,0.0742049469964664,124.710956377147,10.3925796980956,7.42049469964664
2021-04-10,8448,5,6320,5,2128,0,7090,5,61859,71,68949,76,0,166,0,218,177,0,"Anderson",76978,74.0471303489309,0.0699658703071672,98.7295071319078,6.49536231130973,6.99658703071672
2021-04-11,8455,7,6325,5,2130,2,7095,5,61903,44,68998,49,-1,165,0,218,177,0,"Anderson",76978,80.5424926602406,0.0739495798319328,63.6545506508353,9.09350723583361,7.39495798319328
2021-04-12,8458,3,6328,3,2130,0,7098,3,61972,69,69070,72,0,165,0,218,177,0,"Anderson",76978,66.2526955753592,0.0741350906095552,93.53321728286,3.89721738678583,7.41350906095552
2021-04-13,8468,10,6333,5,2135,5,7104,6,62033,61,69137,67,5,170,0,218,177,0,"Anderson",76978,72.7480578866689,0.0718849840255591,87.0378549715503,12.9907246226195,7.18849840255591
2021-04-14,8482,14,6342,9,2140,5,7115,11,62171,138,69286,149,0,170,0,218,177,0,"Anderson",76978,64.9536231130973,0.0696517412935323,193.56179687703,18.1870144716672,6.96517412935323
2021-04-15,8491,9,6347,5,2144,4,7120,5,62252,81,69372,86,0,170,0,218,177,0,"Anderson",76978,72.7480578866689,0.0739495798319328,111.720231754527,11.6916521603575,7.39495798319328
2021-04-16,8504,13,6358,11,2146,2,7133,13,62405,153,69538,166,0,170,0,218,177,0,"Anderson",76978,79.2434201979786,0.0721804511278196,215.646028735483,16.8879420094053,7.21804511278196
2021-04-17,8509,5,6361,3,2148,2,7137,4,62470,65,69607,69,0,170,0,218,177,0,"Anderson",76978,79.2434201979786,0.0714285714285714,89.6359998960742,6.49536231130973,7.14285714285714
2021-04-18,8516,7,6367,6,2149,1,7143,6,62515,45,69658,51,0,170,0,218,177,0,"Anderson",76978,79.2434201979786,0.0727272727272727,66.2526955753592,9.09350723583361,7.27272727272727
2021-04-19,8522,6,6370,3,2152,3,7146,3,62538,23,69684,26,0,170,0,218,178,1,"Anderson",76978,83.1406375847645,0.0781758957654723,33.7758840188106,7.79443477357167,7.81758957654723
2021-04-20,8528,6,6373,3,2155,3,7149,3,62637,99,69786,102,0,170,0,218,178,0,"Anderson",76978,77.9443477357167,0.0693374422187981,132.505391150718,7.79443477357167,6.93374422187981
2021-04-21,8540,12,6379,6,2161,6,7155,6,62791,154,69946,160,1,171,0,218,178,0,"Anderson",76978,75.3462028111928,0.0606060606060606,207.851593961911,15.5888695471433,6.06060606060606
2021-04-22,8558,18,6385,6,2173,12,7162,7,62935,144,70097,151,0,171,0,218,178,0,"Anderson",76978,87.0378549715503,0.0579310344827586,196.159941801554,23.383304320715,5.79310344827586
2021-04-23,8568,10,6390,5,2178,5,7168,6,63100,165,70268,171,0,171,0,218,178,0,"Anderson",76978,83.1406375847645,0.047945205479452,222.141391046793,12.9907246226195,4.7945205479452
2021-04-24,8580,12,6396,6,2184,6,7175,7,63167,67,70342,74,0,171,1,219,178,0,"Anderson",76978,92.2341448205981,0.0517006802721088,96.1313622073839,15.5888695471433,5.17006802721088
2021-04-25,8584,4,6398,2,2186,2,7177,2,63207,40,70384,42,0,171,0,219,178,0,"Anderson",76978,88.3369274338123,0.046831955922865,54.5610434150017,5.19628984904778,4.6831955922865
2021-04-26,8593,9,6402,4,2191,5,7181,4,63282,75,70463,79,0,171,0,219,179,1,"Anderson",76978,92.2341448205981,0.0449293966623877,102.626724518694,11.6916521603575,4.49293966623877
2021-04-27,8603,10,6408,6,2195,4,7187,6,63350,68,70537,74,0,171,0,219,179,0,"Anderson",76978,97.4304346696459,0.0505992010652463,96.1313622073839,12.9907246226195,5.05992010652463
2021-04-28,8620,17,6420,12,2200,5,7200,13,63488,138,70688,151,0,171,1,220,180,1,"Anderson",76978,103.925796980956,0.0606469002695418,196.159941801554,22.0842318584531,6.06469002695418
2021-04-29,8626,6,6422,2,2204,4,7203,3,63637,149,70840,152,0,171,0,220,180,0,"Anderson",76978,88.3369274338123,0.0551816958277254,197.459014263816,7.79443477357167,5.51816958277254
2021-04-30,8634,8,6425,3,2209,5,7207,4,63759,122,70966,126,0,171,0,220,180,0,"Anderson",76978,85.7387825092884,0.0558739255014327,163.683130245005,10.3925796980956,5.58739255014327
2021-05-01,8639,5,6428,3,2211,2,7210,3,63822,63,71032,66,0,171,1,221,180,0,"Anderson",76978,76.6452752734548,0.0507246376811594,85.7387825092884,6.49536231130973,5.07246376811594
2021-05-02,8642,3,6429,1,2213,2,7211,1,63873,51,71084,52,0,171,0,221,180,0,"Anderson",76978,75.3462028111928,0.0485714285714286,67.5517680376211,3.89721738678583,4.85714285714286
2021-05-03,8652,10,6434,5,2218,5,7216,5,63979,106,71195,111,0,171,0,221,180,0,"Anderson",76978,76.6452752734548,0.0478142076502732,144.197043311076,12.9907246226195,4.78142076502732
2021-05-04,8654,2,6434,0,2220,2,7217,1,64055,76,71272,77,0,171,0,221,180,0,"Anderson",76978,66.2526955753592,0.0408163265306122,100.02857959417,2.59814492452389,4.08163265306122
2021-05-05,8662,8,6438,4,2224,4,7220,3,64172,117,71392,120,0,171,0,221,180,0,"Anderson",76978,54.5610434150017,0.0284090909090909,155.888695471433,10.3925796980956,2.84090909090909
2021-05-06,8667,5,6441,3,2226,2,7226,6,64224,52,71450,58,0,171,1,222,180,0,"Anderson",76978,53.2619709527397,0.0377049180327869,75.3462028111928,6.49536231130973,3.77049180327869
2021-05-07,8672,5,6443,2,2229,3,7229,3,64344,120,71573,123,0,171,0,222,180,0,"Anderson",76978,49.3647535659539,0.0362438220757825,159.785912858219,6.49536231130973,3.62438220757825
2021-05-08,8678,6,6446,3,2232,3,7231,2,64413,69,71644,71,0,171,1,223,181,1,"Anderson",76978,50.6638260282159,0.0343137254901961,92.2341448205981,7.79443477357167,3.43137254901961
2021-05-09,8679,1,6446,0,2233,1,7232,1,64441,28,71673,29,0,171,0,223,181,0,"Anderson",76978,48.065681103692,0.0356536502546689,37.6731014055964,1.29907246226194,3.56536502546689
2021-05-10,8684,5,6446,0,2238,5,7232,0,64529,88,71761,88,0,171,0,223,181,0,"Anderson",76978,41.5703187923822,0.0282685512367491,114.318376679051,6.49536231130973,2.82685512367491
2021-05-11,8692,8,6447,1,2245,7,7234,2,64571,42,71805,44,0,171,0,223,182,1,"Anderson",76978,49.3647535659539,0.0318949343339587,57.1591883395256,10.3925796980956,3.18949343339587
2021-05-12,8705,13,6454,7,2251,6,7240,6,64674,103,71914,109,0,171,2,225,182,0,"Anderson",76978,55.8601158772636,0.0383141762452107,141.598898386552,16.8879420094053,3.83141762452107
2021-05-13,8709,4,6456,2,2253,2,7242,2,64777,103,72019,105,0,171,2,227,182,0,"Anderson",76978,54.5610434150017,0.0281195079086116,136.402608537504,5.19628984904778,2.81195079086116
2021-05-14,8717,8,6459,3,2258,5,7247,5,64864,87,72111,92,0,171,0,227,182,0,"Anderson",76978,58.4582608017875,0.033457249070632,119.514666528099,10.3925796980956,3.3457249070632
2021-05-15,8722,5,6461,2,2261,3,7249,2,64929,65,72178,67,0,171,0,227,182,0,"Anderson",76978,57.1591883395256,0.0337078651685393,87.0378549715503,6.49536231130973,3.37078651685393
2021-05-16,8724,2,6462,1,2262,1,7250,1,64965,36,72215,37,0,171,0,227,182,0,"Anderson",76978,58.4582608017875,0.033210332103321,48.065681103692,2.59814492452389,3.3210332103321
2021-05-17,8730,6,6467,5,2263,1,7255,5,65024,59,72279,64,1,172,0,227,182,0,"Anderson",76978,59.7573332640495,0.0444015444015444,83.1406375847645,7.79443477357167,4.44015444015444
2021-05-18,8734,4,6467,0,2267,4,7255,0,65115,91,72370,91,0,172,1,228,182,0,"Anderson",76978,54.5610434150017,0.0371681415929204,118.215594065837,5.19628984904778,3.71681415929204
2021-05-19,8741,7,6472,5,2269,2,7261,6,65233,118,72494,124,0,172,0,228,182,0,"Anderson",76978,46.76660864143,0.0362068965517241,161.084985320481,9.09350723583361,3.62068965517241
2021-05-20,8743,2,6474,2,2269,0,7263,2,65352,119,72615,121,0,172,0,228,182,0,"Anderson",76978,44.1684637169061,0.0352348993288591,157.187767933695,2.59814492452389,3.52348993288591
2021-05-21,8745,2,6474,0,2271,2,7263,0,65422,70,72685,70,0,172,0,228,182,0,"Anderson",76978,36.3740289433345,0.0278745644599303,90.9350723583361,2.59814492452389,2.78745644599303
2021-05-22,8750,5,6476,2,2274,3,7265,2,65462,40,72727,42,0,172,0,228,182,0,"Anderson",76978,36.3740289433345,0.029143897996357,54.5610434150017,6.49536231130973,2.9143897996357
2021-05-23,8750,0,6476,0,2274,0,7265,0,65491,29,72756,29,0,172,0,228,182,0,"Anderson",76978,33.7758840188106,0.0277264325323475,37.6731014055964,0,2.77264325323475
2021-05-24,8758,8,6480,4,2278,4,7268,3,65550,59,72818,62,0,172,0,228,182,0,"Anderson",76978,36.3740289433345,0.0241187384044527,80.5424926602406,10.3925796980956,2.41187384044527
2021-05-25,8760,2,6480,0,2280,2,7269,1,65595,45,72864,46,0,172,0,228,182,0,"Anderson",76978,33.7758840188106,0.0283400809716599,59.7573332640495,2.59814492452389,2.83400809716599
2021-05-26,8767,7,6485,5,2282,2,7275,6,65695,100,72970,106,0,172,0,228,182,0,"Anderson",76978,33.7758840188106,0.0294117647058824,137.701680999766,9.09350723583361,2.94117647058824
2021-05-27,8769,2,6486,1,2283,1,7276,1,65745,50,73021,51,0,172,1,229,182,0,"Anderson",76978,33.7758840188106,0.0320197044334975,66.2526955753592,2.59814492452389,3.20197044334975
2021-05-28,8774,5,6490,4,2284,1,7281,5,65828,83,73109,88,0,172,0,229,182,0,"Anderson",76978,37.6731014055964,0.0424528301886792,114.318376679051,6.49536231130973,4.24528301886792
2021-05-29,8775,1,6490,0,2285,1,7281,0,65865,37,73146,37,0,172,0,229,182,0,"Anderson",76978,32.4768115565486,0.0381861575178998,48.065681103692,1.29907246226194,3.81861575178998
2021-05-30,8778,3,6491,1,2287,2,7282,1,65915,50,73197,51,0,172,0,229,182,0,"Anderson",76978,36.3740289433345,0.0385487528344671,66.2526955753592,3.89721738678583,3.85487528344671
2021-05-31,8782,4,6494,3,2288,1,7285,3,65966,51,73251,54,0,172,0,229,182,0,"Anderson",76978,31.1777390942867,0.0392609699769053,70.149912962145,5.19628984904778,3.92609699769053
2021-06-01,8785,3,6496,2,2289,1,7286,1,66014,48,73300,49,0,172,1,230,182,0,"Anderson",76978,32.4768115565486,0.0389908256880734,63.6545506508353,3.89721738678583,3.89908256880734
2021-06-02,8789,4,6497,1,2292,3,7288,2,66055,41,73343,43,0,172,0,230,182,0,"Anderson",76978,28.5795941697628,0.0348525469168901,55.8601158772636,5.19628984904778,3.48525469168901
2021-06-03,8790,1,6497,0,2293,1,7291,3,66144,89,73435,92,1,173,0,230,183,1,"Anderson",76978,27.2805217075008,0.036231884057971,119.514666528099,1.29907246226194,3.6231884057971
2021-06-04,8791,1,6498,1,2293,0,7293,2,66197,53,73490,55,-1,172,0,230,183,0,"Anderson",76978,22.0842318584531,0.031496062992126,71.448985424407,1.29907246226194,3.1496062992126
2021-06-05,8792,1,6499,1,2293,0,7294,1,66254,57,73548,58,0,172,0,230,183,0,"Anderson",76978,22.0842318584531,0.0323383084577114,75.3462028111928,1.29907246226194,3.23383084577114
2021-06-06,8792,0,6499,0,2293,0,7294,0,66279,25,73573,25,0,172,0,230,183,0,"Anderson",76978,18.1870144716672,0.0319148936170213,32.4768115565486,0,3.19148936170213
2021-06-07,8793,1,6499,0,2294,1,7294,0,66343,64,73637,64,0,172,0,230,183,0,"Anderson",76978,14.2897970848814,0.0233160621761658,83.1406375847645,1.29907246226194,2.33160621761658
2021-06-08,8794,1,6499,0,2295,1,7294,0,66380,37,73674,37,0,172,1,231,184,1,"Anderson",76978,11.6916521603575,0.0213903743315508,48.065681103692,1.29907246226194,2.13903743315508
2021-06-09,8794,0,6499,0,2295,0,7294,0,66461,81,73755,81,0,172,0,231,184,0,"Anderson",76978,6.49536231130972,0.0145631067961165,105.224869443218,0,1.45631067961165
2021-06-10,8798,4,6500,1,2298,3,7295,1,66518,57,73813,58,0,172,0,231,184,0,"Anderson",76978,10.3925796980956,0.0105820105820106,75.3462028111928,5.19628984904778,1.05820105820106
2021-06-11,8799,1,6500,0,2299,1,7296,1,66573,55,73869,56,1,173,0,231,184,0,"Anderson",76978,10.3925796980956,0.0079155672823219,72.7480578866689,1.29907246226194,0.79155672823219
2021-06-12,8800,1,6500,0,2300,1,7297,1,66628,55,73925,56,2,175,0,231,184,0,"Anderson",76978,10.3925796980956,0.00795755968169761,72.7480578866689,1.29907246226194,0.795755968169761
2021-06-13,8801,1,6500,0,2301,1,7298,1,66666,38,73964,39,0,175,0,231,184,0,"Anderson",76978,11.6916521603575,0.010230179028133,50.6638260282159,1.29907246226194,1.0230179028133
2021-06-14,8803,2,6502,2,2301,0,7300,2,66752,86,74052,88,0,175,0,231,184,0,"Anderson",76978,12.9907246226194,0.0144578313253012,114.318376679051,2.59814492452389,1.44578313253012
2021-06-15,8803,0,6502,0,2301,0,7301,1,66783,31,74084,32,0,175,0,231,184,0,"Anderson",76978,11.6916521603575,0.0170731707317073,41.5703187923822,0,1.70731707317073
2021-06-16,8804,1,6503,1,2301,0,7302,1,66826,43,74128,44,0,175,0,231,184,0,"Anderson",76978,12.9907246226194,0.0214477211796247,57.1591883395256,1.29907246226194,2.14477211796247
2021-06-17,8804,0,6503,0,2301,0,7302,0,66912,86,74214,86,0,175,0,231,184,0,"Anderson",76978,7.79443477357167,0.0174563591022444,111.720231754527,0,1.74563591022444
2021-06-18,8806,2,6504,1,2302,1,7306,4,66962,50,74268,54,0,175,0,231,184,0,"Anderson",76978,9.09350723583361,0.025062656641604,70.149912962145,2.59814492452389,2.5062656641604
2021-06-19,8806,0,6504,0,2302,0,7306,0,67010,48,74316,48,0,175,0,231,184,0,"Anderson",76978,7.79443477357167,0.0230179028132992,62.3554781885734,0,2.30179028132992
2021-06-20,8806,0,6504,0,2302,0,7307,1,67033,23,74340,24,0,175,0,231,184,0,"Anderson",76978,6.49536231130972,0.023936170212766,31.1777390942867,0,2.3936170212766
2021-06-21,8807,1,6504,0,2303,1,7307,0,67073,40,74380,40,0,175,0,231,184,0,"Anderson",76978,5.19628984904778,0.0213414634146341,51.9628984904778,1.29907246226194,2.13414634146341
2021-06-22,8811,4,6505,1,2306,3,7307,0,67115,42,74422,42,0,175,1,232,184,0,"Anderson",76978,10.3925796980956,0.0177514792899408,54.5610434150017,5.19628984904778,1.77514792899408
2021-06-23,8812,1,6506,1,2306,0,7308,1,67163,48,74471,49,0,175,0,232,184,0,"Anderson",76978,10.3925796980956,0.0174927113702624,63.6545506508353,1.29907246226194,1.74927113702624
2021-06-24,8812,0,6506,0,2306,0,7309,1,67207,44,74516,45,0,175,0,232,184,0,"Anderson",76978,10.3925796980956,0.0231788079470199,58.4582608017875,0,2.31788079470199
2021-06-25,8813,1,6507,1,2306,0,7310,1,67243,36,74553,37,0,175,0,232,184,0,"Anderson",76978,9.09350723583361,0.0140350877192982,48.065681103692,1.29907246226194,1.40350877192982
2021-06-26,8814,1,6508,1,2306,0,7311,1,67276,33,74587,34,0,175,0,232,184,0,"Anderson",76978,10.3925796980956,0.018450184501845,44.1684637169061,1.29907246226194,1.8450184501845
2021-06-27,8814,0,6508,0,2306,0,7311,0,67308,32,74619,32,0,175,0,232,184,0,"Anderson",76978,10.3925796980956,0.014336917562724,41.5703187923822,0,1.4336917562724
2021-06-28,8815,1,6508,0,2307,1,7312,1,67324,16,74636,17,0,175,0,232,184,0,"Anderson",76978,10.3925796980956,0.01953125,22.0842318584531,1.29907246226194,1.953125
2021-06-29,8818,3,6511,3,2307,0,7315,3,67382,58,74697,61,0,175,0,232,184,0,"Anderson",76978,9.09350723583361,0.0290909090909091,79.2434201979787,3.89721738678583,2.90909090909091
2021-06-30,8818,0,6511,0,2307,0,7315,0,67428,46,74743,46,0,175,0,232,184,0,"Anderson",76978,7.79443477357167,0.0257352941176471,59.7573332640495,0,2.57352941176471
2021-07-01,8819,1,6512,1,2307,0,7316,1,67465,37,74781,38,0,175,0,232,184,0,"Anderson",76978,9.09350723583361,0.0264150943396226,49.3647535659539,1.29907246226194,2.64150943396226
2021-07-02,8819,0,6512,0,2307,0,7316,0,67508,43,74824,43,0,175,0,232,184,0,"Anderson",76978,7.79443477357167,0.022140221402214,55.8601158772636,0,2.2140221402214
2021-07-03,8819,0,6512,0,2307,0,7316,0,67529,21,74845,21,0,175,0,232,184,0,"Anderson",76978,6.49536231130972,0.0193798449612403,27.2805217075008,0,1.93798449612403
2021-07-04,8820,1,6512,0,2308,1,7317,1,67554,25,74871,26,0,175,0,232,184,0,"Anderson",76978,7.79443477357167,0.0238095238095238,33.7758840188106,1.29907246226194,2.38095238095238
2021-07-05,8820,0,6512,0,2308,0,7318,1,67569,15,74887,16,0,175,0,232,184,0,"Anderson",76978,6.49536231130972,0.0239043824701195,20.7851593961911,0,2.39043824701195
2021-07-06,8821,1,6512,0,2309,1,7318,0,67599,30,74917,30,1,176,0,232,184,0,"Anderson",76978,3.89721738678583,0.0136363636363636,38.9721738678584,1.29907246226194,1.36363636363636
2021-07-07,8822,1,6512,0,2310,1,7318,0,67645,46,74963,46,0,176,0,232,184,0,"Anderson",76978,5.19628984904778,0.0136363636363636,59.7573332640495,1.29907246226194,1.36363636363636
2021-07-08,8823,1,6513,1,2310,0,7319,1,67686,41,75005,42,0,176,0,232,184,0,"Anderson",76978,5.19628984904778,0.0133928571428571,54.5610434150017,1.29907246226194,1.33928571428571
2021-07-09,8825,2,6514,1,2311,1,7320,1,67730,44,75050,45,0,176,0,232,184,0,"Anderson",76978,7.79443477357167,0.0176991150442478,58.4582608017875,2.59814492452389,1.76991150442478
2021-07-10,8827,2,6515,1,2312,1,7321,1,67752,22,75073,23,0,176,1,233,184,0,"Anderson",76978,10.3925796980956,0.0219298245614035,29.8786666320247,2.59814492452389,2.19298245614035
2021-07-11,8827,0,6515,0,2312,0,7321,0,67767,15,75088,15,0,176,0,233,184,0,"Anderson",76978,9.09350723583361,0.0184331797235023,19.4860869339292,0,1.84331797235023
2021-07-12,8835,8,6519,4,2316,4,7325,4,67803,36,75128,40,0,176,1,234,184,0,"Anderson",76978,19.4860869339292,0.029045643153527,51.9628984904778,10.3925796980956,2.9045643153527
2021-07-13,8836,1,6519,0,2317,1,7325,0,67824,21,75149,21,0,176,0,234,186,2,"Anderson",76978,19.4860869339292,0.0301724137931034,27.2805217075008,1.29907246226194,3.01724137931034
2021-07-14,8841,5,6524,5,2317,0,7330,5,67877,53,75207,58,0,176,1,235,186,0,"Anderson",76978,24.682376782977,0.0491803278688525,75.3462028111928,6.49536231130973,4.91803278688525
2021-07-15,8844,3,6527,3,2317,0,7332,2,67910,33,75242,35,0,176,0,235,186,0,"Anderson",76978,27.2805217075008,0.0548523206751055,45.4675361791681,3.89721738678583,5.48523206751055
2021-07-16,8854,10,6529,2,2325,8,7333,1,67938,28,75271,29,0,176,0,235,186,0,"Anderson",76978,37.6731014055964,0.0588235294117647,37.6731014055964,12.9907246226195,5.88235294117647
2021-07-17,8859,5,6530,1,2329,4,7334,1,67974,36,75308,37,0,176,0,235,186,0,"Anderson",76978,41.5703187923822,0.0553191489361702,48.065681103692,6.49536231130973,5.53191489361702
2021-07-18,8862,3,6532,2,2330,1,7336,2,67994,20,75330,22,0,176,0,235,186,0,"Anderson",76978,45.4675361791681,0.0619834710743802,28.5795941697628,3.89721738678583,6.19834710743802
2021-07-19,8867,5,6536,4,2331,1,7340,4,68028,34,75368,38,0,176,0,235,186,0,"Anderson",76978,41.5703187923822,0.0625,49.3647535659539,6.49536231130973,6.25
2021-07-20,8882,15,6547,11,2335,4,7351,11,68063,35,75414,46,0,176,1,236,186,0,"Anderson",76978,59.7573332640495,0.0981132075471698,59.7573332640495,19.4860869339292,9.81132075471698
2021-07-21,8889,7,6551,4,2338,3,7356,5,68148,85,75504,90,0,176,0,236,187,1,"Anderson",76978,62.3554781885734,0.0875420875420875,116.916521603575,9.09350723583361,8.75420875420875
2021-07-22,8899,10,6556,5,2343,5,7360,4,68203,55,75563,59,0,176,0,236,187,0,"Anderson",76978,71.448985424407,0.0872274143302181,76.6452752734548,12.9907246226195,8.72274143302181
2021-07-23,8909,10,6560,4,2349,6,7365,5,68274,71,75639,76,0,176,0,236,187,0,"Anderson",76978,71.448985424407,0.0869565217391304,98.7295071319078,12.9907246226195,8.69565217391304
2021-07-24,8917,8,6564,4,2353,4,7369,4,68328,54,75697,58,0,176,0,236,188,1,"Anderson",76978,75.3462028111928,0.089974293059126,75.3462028111928,10.3925796980956,8.9974293059126
2021-07-25,8922,5,6567,3,2355,2,7370,1,68350,22,75720,23,0,176,0,236,188,0,"Anderson",76978,77.9443477357167,0.0871794871794872,29.8786666320247,6.49536231130973,8.71794871794872
2021-07-26,8945,23,6576,9,2369,14,7378,8,68400,50,75778,58,2,178,0,236,188,0,"Anderson",76978,101.327652056432,0.0926829268292683,75.3462028111928,29.8786666320247,9.26829268292683
2021-07-27,8960,15,6581,5,2379,10,7383,5,68453,53,75836,58,0,178,0,236,188,0,"Anderson",76978,101.327652056432,0.0758293838862559,75.3462028111928,19.4860869339292,7.58293838862559
2021-07-28,8981,21,6590,9,2391,12,7396,13,68536,83,75932,96,0,178,0,236,188,0,"Anderson",76978,119.514666528099,0.0934579439252336,124.710956377147,27.2805217075008,9.34579439252336
2021-07-29,8993,12,6600,10,2393,2,7408,12,68585,49,75993,61,0,178,0,236,188,0,"Anderson",76978,122.112811452623,0.111627906976744,79.2434201979787,15.5888695471433,11.1627906976744
2021-07-30,9024,31,6621,21,2403,10,7431,23,68633,48,76064,71,0,178,1,237,188,0,"Anderson",76978,149.393333160124,0.155294117647059,92.2341448205981,40.2712463301203,15.5294117647059
2021-07-31,9037,13,6627,6,2410,7,7437,6,68675,42,76112,48,0,178,0,237,188,0,"Anderson",76978,155.888695471433,0.163855421686747,62.3554781885734,16.8879420094053,16.3855421686747
2021-08-01,9056,19,6639,12,2417,7,7452,15,68714,39,76166,54,0,178,0,237,188,0,"Anderson",76978,174.075709943101,0.183856502242152,70.149912962145,24.682376782977,18.3856502242152
2021-08-02,9068,12,6645,6,2423,6,7458,6,68793,79,76251,85,0,178,0,237,188,0,"Anderson",76978,159.785912858219,0.169133192389006,110.421159292265,15.5888695471433,16.9133192389006
2021-08-03,9091,23,6656,11,2435,12,7471,13,68865,72,76336,85,0,178,1,238,188,0,"Anderson",76978,170.178492556315,0.176,110.421159292265,29.8786666320247,17.6
2021-08-04,9117,26,6678,22,2439,4,7492,21,68967,102,76459,123,0,178,0,238,188,0,"Anderson",76978,176.673854867625,0.182163187855787,159.785912858219,33.7758840188106,18.2163187855787
2021-08-05,9148,31,6695,17,2453,14,7509,17,69064,97,76573,114,0,178,1,239,188,0,"Anderson",76978,201.356231650601,0.174137931034483,148.094260697862,40.2712463301203,17.4137931034483
2021-08-06,9173,25,6711,16,2462,9,7527,18,69207,143,76734,161,0,178,1,240,188,0,"Anderson",76978,193.56179687703,0.143283582089552,209.150666424173,32.4768115565486,14.3283582089552
2021-08-07,9187,14,6718,7,2469,7,7535,8,69282,75,76817,83,0,178,0,240,188,0,"Anderson",76978,194.860869339292,0.139007092198582,107.823014367741,18.1870144716672,13.9007092198582
2021-08-08,9201,14,6726,8,2475,6,7545,10,69334,52,76879,62,0,178,0,240,188,0,"Anderson",76978,188.365507027982,0.130434782608696,80.5424926602406,18.1870144716672,13.0434782608696
2021-08-09,9237,36,6745,19,2492,17,7564,19,69433,99,76997,118,0,178,0,240,188,0,"Anderson",76978,219.543246122269,0.142091152815013,153.29055054691,46.76660864143,14.2091152815013
2021-08-10,9276,39,6765,20,2511,19,7584,20,69533,100,77117,120,0,178,2,242,188,0,"Anderson",76978,240.32840551846,0.144686299615877,155.888695471433,50.6638260282159,14.4686299615877
2021-08-11,9331,55,6790,25,2541,30,7614,30,69665,132,77279,162,0,178,1,243,188,0,"Anderson",76978,278.001506924056,0.148780487804878,210.449738886435,71.448985424407,14.8780487804878
2021-08-12,9380,49,6827,37,2553,12,7652,38,69832,167,77484,205,0,178,0,243,190,2,"Anderson",76978,301.384811244771,0.156970362239297,266.309854763699,63.6545506508353,15.6970362239297
2021-08-13,9443,63,6862,35,2581,28,7690,38,69946,114,77636,152,2,180,1,244,191,1,"Anderson",76978,350.749564810725,0.180709534368071,197.459014263816,81.8415651225025,18.0709534368071
2021-08-14,9493,50,6897,35,2596,15,7722,32,70132,186,77854,218,0,180,0,244,191,0,"Anderson",76978,397.516173452155,0.180327868852459,283.197796773104,64.9536231130973,18.0327868852459
2021-08-15,9516,23,6910,13,2606,10,7737,15,70221,89,77958,104,0,180,0,244,191,0,"Anderson",76978,409.207825612513,0.177942539388323,135.103536075242,29.8786666320247,17.7942539388323
2021-08-16,9554,38,6934,24,2620,14,7761,24,70310,89,78071,113,0,180,0,244,192,1,"Anderson",76978,411.805970537037,0.18342644320298,146.7951882356,49.3647535659539,18.342644320298
2021-08-17,9597,43,6955,21,2642,22,7785,24,70418,108,78203,132,1,181,0,244,192,0,"Anderson",76978,417.002260386084,0.185082872928177,171.477565018577,55.8601158772636,18.5082872928177
2021-08-18,9649,52,6982,27,2667,25,7816,31,70529,111,78345,142,0,181,0,244,193,1,"Anderson",76978,413.105042999299,0.189493433395872,184.468289641196,67.5517680376211,18.9493433395872
2021-08-19,9723,74,7015,33,2708,41,7852,36,70681,152,78533,188,0,181,0,244,193,0,"Anderson",76978,445.581854555847,0.190657769304099,244.225622905246,96.1313622073839,19.0657769304099
2021-08-20,9783,60,7057,42,2726,18,7896,44,70875,194,78771,238,0,181,2,246,193,0,"Anderson",76978,441.684637169061,0.181497797356828,309.179246018343,77.9443477357167,18.1497797356828
2021-08-21,9865,82,7091,34,2774,48,7930,34,71149,274,79079,308,0,181,1,247,193,0,"Anderson",76978,483.254955961444,0.169795918367347,400.114318376679,106.523941905479,16.9795918367347
2021-08-22,9887,22,7112,21,2775,1,7958,28,71305,156,79263,184,0,181,0,247,193,0,"Anderson",76978,481.955883499182,0.169348659003831,239.029333056198,28.5795941697628,16.9348659003831
2021-08-23,9937,50,7127,15,2810,35,7976,18,71440,135,79416,153,0,181,2,249,194,1,"Anderson",76978,497.544753046325,0.159851301115242,198.758086726078,64.9536231130973,15.9851301115242
2021-08-24,9982,45,7155,28,2827,17,8000,24,71526,86,79526,110,1,182,0,249,195,1,"Anderson",76978,500.142897970849,0.162509448223734,142.897970848814,58.4582608017875,16.2509448223734
2021-08-25,10055,73,7182,27,2873,46,8023,23,71570,44,79593,67,0,182,1,250,195,0,"Anderson",76978,527.42341967835,0.165865384615385,87.0378549715503,94.832289745122,16.5865384615385
2021-08-26,10123,68,7218,36,2905,32,8067,44,71742,172,79809,216,1,183,2,252,196,1,"Anderson",76978,519.628984904778,0.168495297805643,280.59965184858,88.3369274338123,16.8495297805643
2021-08-27,10200,77,7275,57,2925,20,8131,64,71919,177,80050,241,0,183,0,252,196,0,"Anderson",76978,541.713216763231,0.183737294761532,313.076463405129,100.02857959417,18.3737294761532
2021-08-28,10258,58,7306,31,2952,27,8171,40,72123,204,80294,244,0,183,0,252,196,0,"Anderson",76978,510.535477668944,0.198353909465021,316.973680791915,75.3462028111928,19.8353909465021
2021-08-29,10322,64,7355,49,2967,15,8224,53,72334,211,80558,264,0,183,1,253,197,1,"Anderson",76978,565.096521083946,0.205405405405405,342.955130037153,83.1406375847645,20.5405405405405
2021-08-30,10393,71,7401,46,2992,25,8272,48,72560,226,80832,274,0,183,3,256,197,0,"Anderson",76978,592.377042791447,0.209039548022599,355.945854659773,92.2341448205981,20.9039548022599
2021-08-31,10527,134,7483,82,3044,52,8359,87,72817,257,81176,344,0,183,0,256,198,1,"Anderson",76978,707.99449193276,0.217575757575758,446.880927018109,174.075709943101,21.7575757575758
2021-09-01,10557,30,7505,22,3052,8,8383,24,72908,91,81291,115,0,183,0,256,199,1,"Anderson",76978,652.134376055496,0.212014134275618,149.393333160124,38.9721738678584,21.2014134275618
2021-09-02,10617,60,7532,27,3085,33,8413,30,73009,101,81422,131,1,184,0,256,199,0,"Anderson",76978,641.741796357401,0.214507129572226,170.178492556315,77.9443477357167,21.4507129572226
2021-09-03,10645,28,7549,17,3096,11,8430,17,73082,73,81512,90,0,184,0,256,199,0,"Anderson",76978,578.087245706566,0.204514363885089,116.916521603575,36.3740289433345,20.4514363885089
2021-09-04,10752,107,7618,69,3134,38,8505,75,73403,321,81908,396,0,184,1,257,199,0,"Anderson",76978,641.741796357401,0.206939281288724,514.43269505573,139.000753462028,20.6939281288724
2021-09-05,10864,112,7692,74,3172,38,8581,76,73707,304,82288,380,0,184,1,258,200,1,"Anderson",76978,704.097274545974,0.20635838150289,493.647535659539,145.496115773338,20.635838150289
2021-09-06,10983,119,7772,80,3211,39,8671,90,74114,407,82785,497,0,184,4,262,201,1,"Anderson",76978,766.452752734548,0.204301075268817,645.639013744187,154.589623009171,20.4301075268817
2021-09-07,11020,37,7792,20,3228,17,8689,18,74213,99,82902,117,0,184,0,262,201,0,"Anderson",76978,640.442723895139,0.191193511008111,151.991478084648,48.065681103692,19.1193511008111
2021-09-08,11062,42,7824,32,3238,10,8723,34,74320,107,83043,141,0,184,2,264,204,3,"Anderson",76978,656.031593442282,0.194063926940639,183.169217178934,54.5610434150017,19.4063926940639
2021-09-09,11121,59,7845,21,3276,38,8741,18,74526,206,83267,224,0,184,1,265,207,3,"Anderson",76978,654.73252098002,0.177777777777778,290.992231546676,76.6452752734548,17.7777777777778
2021-09-10,11275,154,7919,74,3356,80,8822,81,74818,292,83640,373,1,185,2,267,208,1,"Anderson",76978,818.415651225025,0.184210526315789,484.554028423705,200.05715918834,18.4210526315789
2021-09-11,11395,120,7986,67,3409,53,8896,74,75164,346,84060,420,0,185,2,269,208,0,"Anderson",76978,835.303593234431,0.181691449814126,545.610434150017,155.888695471433,18.1691449814126
2021-09-12,11433,38,8018,32,3415,6,8931,35,75307,143,84238,178,0,185,4,273,209,1,"Anderson",76978,739.172231027047,0.17948717948718,231.234898282626,49.3647535659539,17.948717948718
2021-09-13,11520,87,8052,34,3468,53,8965,34,75437,130,84402,164,4,189,3,276,209,0,"Anderson",76978,697.601912234664,0.181818181818182,213.047883810959,113.019304216789,18.1818181818182
2021-09-14,11582,62,8083,31,3499,31,9001,36,75596,159,84597,195,1,190,1,277,209,0,"Anderson",76978,730.078723791213,0.184070796460177,253.319130141079,80.5424926602406,18.4070796460177
2021-09-15,11622,40,8100,17,3522,23,9016,15,75657,61,84673,76,0,190,1,278,210,1,"Anderson",76978,727.480578866689,0.179754601226994,98.7295071319078,51.9628984904778,17.9754601226994
2021-09-16,11711,89,8157,57,3554,32,9075,59,75879,222,84954,281,0,190,1,279,210,0,"Anderson",76978,766.452752734548,0.197984588026082,365.039361895607,115.617449141313,19.7984588026082
2021-09-17,11782,71,8197,40,3585,31,9114,39,76042,163,85156,202,0,190,1,280,214,4,"Anderson",76978,658.629738366806,0.192612137203166,262.412637376913,92.2341448205981,19.2612137203166
2021-09-18,11834,52,8227,30,3607,22,9147,33,76196,154,85343,187,0,190,1,281,215,1,"Anderson",76978,570.292810932994,0.195635229929852,242.926550442984,67.5517680376211,19.5635229929852
2021-09-19,11857,23,8236,9,3621,14,9157,10,76264,68,85421,78,0,190,0,281,215,0,"Anderson",76978,550.806723999065,0.191039729501268,101.327652056432,29.8786666320247,19.1039729501268
2021-09-20,11921,64,8272,36,3649,28,9194,37,76450,186,85644,223,0,190,3,284,215,0,"Anderson",76978,520.92805736704,0.184380032206119,289.693159084414,83.1406375847645,18.4380032206119
2021-09-21,11975,54,8298,26,3677,28,9218,24,76568,118,85786,142,0,190,1,285,216,1,"Anderson",76978,510.535477668944,0.182506307821699,184.468289641196,70.149912962145,18.2506307821699
2021-09-22,12026,51,8332,34,3694,17,9258,40,76840,272,86098,312,0,190,0,285,219,3,"Anderson",76978,524.825274753826,0.169824561403509,405.310608225727,66.2526955753592,16.9824561403509
2021-09-23,12101,75,8380,48,3721,27,9309,51,77048,208,86357,259,2,192,1,286,219,0,"Anderson",76978,506.638260282159,0.166785459729152,336.459767725844,97.4304346696459,16.6785459729152
2021-09-24,12140,39,8400,20,3740,19,9333,24,77188,140,86521,164,2,194,1,287,222,3,"Anderson",76978,465.067941489776,0.16043956043956,213.047883810959,50.6638260282159,16.043956043956
2021-09-25,12150,10,8404,4,3746,6,9339,6,77283,95,86622,101,0,194,0,287,222,0,"Anderson",76978,410.506898074775,0.150117279124316,131.206318688456,12.9907246226195,15.0117279124316
2021-09-26,12168,18,8419,15,3749,3,9357,18,77420,137,86777,155,1,195,0,287,222,0,"Anderson",76978,404.011535763465,0.147492625368732,201.356231650601,23.383304320715,14.7492625368732
2021-09-27,12219,51,8441,22,3778,29,9380,23,77506,86,86886,109,1,196,1,288,223,1,"Anderson",76978,387.12359375406,0.14975845410628,141.598898386552,66.2526955753592,14.975845410628
2021-09-28,12268,49,8465,24,3803,25,9407,27,77601,95,87008,122,0,196,1,289,223,0,"Anderson",76978,380.62823144275,0.154664484451718,158.486840395957,63.6545506508353,15.4664484451718
2021-09-29,12306,38,8481,16,3825,22,9424,17,77792,191,87216,208,2,198,0,289,225,2,"Anderson",76978,363.740289433345,0.148479427549195,270.207072150485,49.3647535659539,14.8479427549195
2021-09-30,12368,62,8519,38,3849,24,9464,40,77964,172,87428,212,0,198,1,290,226,1,"Anderson",76978,346.852347423939,0.144724556489262,275.403361999532,80.5424926602406,14.4724556489262
2021-10-01,12419,51,8546,27,3873,24,9493,29,78115,151,87608,180,0,198,1,291,227,1,"Anderson",76978,362.441216971083,0.147194112235511,233.83304320715,66.2526955753592,14.7194112235511
2021-10-02,12436,17,8553,7,3883,10,9499,6,78195,80,87694,86,1,199,0,291,229,2,"Anderson",76978,371.534724206916,0.149253731343284,111.720231754527,22.0842318584531,14.9253731343284
2021-10-03,12449,13,8562,9,3887,4,9508,9,78293,98,87801,107,4,203,0,291,229,0,"Anderson",76978,365.039361895607,0.1474609375,139.000753462028,16.8879420094053,14.74609375
2021-10-04,12494,45,8585,23,3909,22,9534,26,78413,120,87947,146,1,204,0,291,231,2,"Anderson",76978,357.244927122035,0.145146088595664,189.664579490244,58.4582608017875,14.5146088595664
2021-10-05,12547,53,8614,29,3933,24,9564,30,78541,128,88105,158,2,206,0,291,232,1,"Anderson",76978,362.441216971083,0.143117593436645,205.253449037387,68.8508404998831,14.3117593436645
2021-10-06,12576,29,8636,22,3940,7,9590,26,78706,165,88296,191,1,207,0,291,233,1,"Anderson",76978,350.749564810725,0.153703703703704,248.122840292031,37.6731014055964,15.3703703703704
2021-10-07,12608,32,8657,21,3951,11,9614,24,78845,139,88459,163,0,207,0,291,235,2,"Anderson",76978,311.777390942867,0.1454898157129,211.748811348697,41.5703187923822,14.54898157129
2021-10-08,12627,19,8662,5,3965,14,9623,9,78975,130,88598,139,1,208,1,292,235,0,"Anderson",76978,270.207072150485,0.131313131313131,180.57107225441,24.682376782977,13.1313131313131
2021-10-09,12642,15,8665,3,3977,12,9630,7,79037,62,88667,69,0,208,0,292,236,1,"Anderson",76978,267.608927225961,0.134635149023638,89.6359998960742,19.4860869339292,13.4635149023638
2021-10-10,12652,10,8673,8,3979,2,9639,9,79124,87,88763,96,0,208,0,292,236,0,"Anderson",76978,263.711709839175,0.136174636174636,124.710956377147,12.9907246226195,13.6174636174636
2021-10-11,12692,40,8687,14,4005,26,9652,13,79225,101,88877,114,0,208,1,293,236,0,"Anderson",76978,257.216347527865,0.126881720430108,148.094260697862,51.9628984904778,12.6881720430108
2021-10-12,12728,36,8712,25,4016,11,9675,23,79324,99,88999,122,2,210,3,296,236,0,"Anderson",76978,235.132115669412,0.124161073825503,158.486840395957,46.76660864143,12.4161073825503
2021-10-13,12754,26,8726,14,4028,12,9693,18,79436,112,89129,130,0,210,1,297,239,3,"Anderson",76978,231.234898282626,0.123649459783914,168.879420094053,33.7758840188106,12.3649459783914
2021-10-14,12774,20,8736,10,4038,10,9707,14,79539,103,89246,117,1,211,0,297,239,0,"Anderson",76978,215.646028735483,0.118170266836086,151.991478084648,25.9814492452389,11.8170266836086
2021-10-15,12797,23,8748,12,4049,11,9720,13,79660,121,89380,134,0,211,1,298,239,0,"Anderson",76978,220.842318584531,0.124040920716113,174.075709943101,29.8786666320247,12.4040920716113
2021-10-16,12807,10,8755,7,4052,3,9729,9,79715,55,89444,64,0,211,1,299,239,0,"Anderson",76978,214.346956273221,0.127413127413127,83.1406375847645,12.9907246226195,12.7413127413127
2021-10-17,12809,2,8756,1,4053,1,9730,1,79766,51,89496,52,0,211,0,299,239,0,"Anderson",76978,203.954376575125,0.124147339699864,67.5517680376211,2.59814492452389,12.4147339699864
2021-10-18,12833,24,8766,10,4067,14,9741,11,79834,68,89575,79,1,212,1,300,239,0,"Anderson",76978,183.169217178934,0.127507163323782,102.626724518694,31.1777390942867,12.7507163323782
2021-10-19,12863,30,8779,13,4084,17,9752,11,79945,111,89697,122,2,214,1,301,239,0,"Anderson",76978,175.374782405363,0.110315186246418,158.486840395957,38.9721738678584,11.0315186246418
2021-10-20,12898,35,8805,26,4093,9,9781,29,80056,111,89837,140,0,214,1,302,240,1,"Anderson",76978,187.06643456572,0.124293785310734,181.870144716672,45.4675361791681,12.4293785310734
2021-10-21,12930,32,8823,18,4107,14,9799,18,80149,93,89948,111,0,214,1,303,241,1,"Anderson",76978,202.655304112863,0.131054131054131,144.197043311076,41.5703187923822,13.1054131054131
2021-10-22,12940,10,8830,7,4110,3,9808,9,80225,76,90033,85,0,214,1,304,241,0,"Anderson",76978,185.767362103458,0.134762633996937,110.421159292265,12.9907246226195,13.4762633996937
2021-10-23,12957,17,8834,4,4123,13,9812,4,80278,53,90090,57,0,214,1,305,241,0,"Anderson",76978,194.860869339292,0.128482972136223,74.0471303489309,22.0842318584531,12.8482972136223
2021-10-24,12963,6,8839,5,4124,1,9819,7,80330,52,90149,59,0,214,0,305,242,1,"Anderson",76978,200.05715918834,0.136294027565084,76.6452752734548,7.79443477357167,13.6294027565084
2021-10-25,12988,25,8853,14,4135,11,9834,15,80401,71,90235,86,1,215,2,307,242,0,"Anderson",76978,201.356231650601,0.140909090909091,111.720231754527,32.4768115565486,14.0909090909091
2021-10-26,13000,12,8859,6,4141,6,9840,6,80465,64,90305,70,0,215,0,307,243,1,"Anderson",76978,177.972927329886,0.144736842105263,90.9350723583361,15.5888695471433,14.4736842105263
2021-10-27,13018,18,8869,10,4149,8,9853,13,80586,121,90439,134,1,216,2,309,245,2,"Anderson",76978,155.888695471433,0.119601328903654,174.075709943101,23.383304320715,11.9601328903654
2021-10-28,13040,22,8883,14,4157,8,9870,17,80668,82,90538,99,1,217,0,309,246,1,"Anderson",76978,142.897970848814,0.120338983050847,128.608173763933,28.5795941697628,12.0338983050847
2021-10-29,13061,21,8894,11,4167,10,9882,12,80782,114,90664,126,0,217,1,310,246,0,"Anderson",76978,157.187767933695,0.117274167987322,163.683130245005,27.2805217075008,11.7274167987322
2021-10-30,13073,12,8898,4,4175,8,9887,5,80869,87,90756,92,0,217,1,311,246,0,"Anderson",76978,150.692405622386,0.112612612612613,119.514666528099,15.5888695471433,11.2612612612613
2021-10-31,13076,3,8900,2,4176,1,9890,3,80908,39,90798,42,0,217,0,311,246,0,"Anderson",76978,146.7951882356,0.10939907550077,54.5610434150017,3.89721738678583,10.939907550077
2021-11-01,13103,27,8905,5,4198,22,9894,4,80996,88,90890,92,1,218,1,312,247,1,"Anderson",76978,149.393333160124,0.0916030534351145,119.514666528099,35.0749564810725,9.16030534351145
2021-11-02,13123,20,8910,5,4213,15,9899,5,81072,76,90971,81,2,220,1,313,247,0,"Anderson",76978,159.785912858219,0.0885885885885886,105.224869443218,25.9814492452389,8.85885885885886
2021-11-03,13153,30,8928,18,4225,12,9917,18,81272,200,91189,218,1,221,0,313,247,0,"Anderson",76978,175.374782405363,0.0853333333333333,283.197796773104,38.9721738678584,8.53333333333333
2021-11-04,13175,22,8943,15,4232,7,9933,16,81405,133,91338,149,0,221,0,313,247,0,"Anderson",76978,175.374782405363,0.07875,193.56179687703,28.5795941697628,7.875
2021-11-05,13185,10,8946,3,4239,7,9934,1,81527,122,91461,123,0,221,0,313,247,0,"Anderson",76978,161.084985320481,0.0652446675031368,159.785912858219,12.9907246226195,6.52446675031368
2021-11-06,13194,9,8950,4,4244,5,9939,5,81614,87,91553,92,0,221,3,316,248,1,"Anderson",76978,157.187767933695,0.0652446675031368,119.514666528099,11.6916521603575,6.52446675031368
2021-11-07,13200,6,8955,5,4245,1,9945,6,81662,48,91607,54,0,221,0,316,248,0,"Anderson",76978,161.084985320481,0.0679851668726823,70.149912962145,7.79443477357167,6.79851668726823
2021-11-08,13225,25,8966,11,4259,14,9958,13,81750,88,91708,101,1,222,0,316,248,0,"Anderson",76978,158.486840395957,0.078239608801956,131.206318688456,32.4768115565486,7.8239608801956
2021-11-09,13248,23,8973,7,4275,16,9964,6,81908,158,91872,164,1,223,0,316,249,1,"Anderson",76978,162.384057782743,0.072142064372919,213.047883810959,29.8786666320247,7.2142064372919
2021-11-10,13266,18,8985,12,4281,6,9977,13,82024,116,92001,129,0,223,1,317,250,1,"Anderson",76978,146.7951882356,0.0738916256157636,167.580347631791,23.383304320715,7.38916256157635
2021-11-11,13289,23,9003,18,4286,5,9995,18,82214,190,92209,208,0,223,0,317,251,1,"Anderson",76978,148.094260697862,0.0711825487944891,270.207072150485,29.8786666320247,7.11825487944891
2021-11-12,13302,13,9011,8,4291,5,10003,8,82347,133,92350,141,0,223,1,318,251,0,"Anderson",76978,151.991478084648,0.077615298087739,183.169217178934,16.8879420094053,7.7615298087739
2021-11-13,13309,7,9015,4,4294,3,10007,4,82398,51,92405,55,3,226,1,319,252,1,"Anderson",76978,149.393333160124,0.07981220657277,71.448985424407,9.09350723583361,7.981220657277
2021-11-14,13311,2,9017,2,4294,0,10010,3,82477,79,92487,82,0,226,0,319,252,0,"Anderson",76978,144.197043311076,0.0738636363636364,106.523941905479,2.59814492452389,7.38636363636364
2021-11-15,13343,32,9031,14,4312,18,10024,14,82562,85,92586,99,0,226,0,319,253,1,"Anderson",76978,153.29055054691,0.0751708428246014,128.608173763933,41.5703187923822,7.51708428246014
2021-11-16,13368,25,9044,13,4324,12,10037,13,82688,126,92725,139,1,227,0,319,254,1,"Anderson",76978,155.888695471433,0.0855803048065651,180.57107225441,32.4768115565486,8.5580304806565
2021-11-17,13385,17,9053,9,4332,8,10046,9,82802,114,92848,123,0,227,2,321,256,2,"Anderson",76978,154.589623009171,0.0814639905548996,159.785912858219,22.0842318584531,8.14639905548996
2021-11-18,13407,22,9066,13,4341,9,10063,17,82937,135,93000,152,4,231,0,321,258,2,"Anderson",76978,153.29055054691,0.0859671302149178,197.459014263816,28.5795941697628,8.59671302149178
2021-11-19,13421,14,9072,6,4349,8,10070,7,83046,109,93116,116,1,232,0,321,258,0,"Anderson",76978,154.589623009171,0.087467362924282,150.692405622386,18.1870144716672,8.7467362924282
2021-11-20,13430,9,9077,5,4353,4,10075,5,83139,93,93214,98,0,232,0,321,259,1,"Anderson",76978,157.187767933695,0.0840543881334982,127.309101301671,11.6916521603575,8.40543881334981
2021-11-21,13442,12,9083,6,4359,6,10081,6,83179,40,93260,46,0,232,0,321,259,0,"Anderson",76978,170.178492556315,0.091849935316947,59.7573332640495,15.5888695471433,9.1849935316947
2021-11-22,13470,28,9100,17,4370,11,10099,18,83301,122,93400,140,1,233,0,321,259,0,"Anderson",76978,164.982202707267,0.0921375921375921,181.870144716672,36.3740289433345,9.21375921375921
2021-11-23,13487,17,9106,6,4381,11,10104,5,83398,97,93502,102,0,233,1,322,261,2,"Anderson",76978,154.589623009171,0.0862290862290862,132.505391150718,22.0842318584531,8.62290862290862
2021-11-24,13512,25,9122,16,4390,9,10116,12,83508,110,93624,122,1,234,1,323,261,0,"Anderson",76978,164.982202707267,0.0902061855670103,158.486840395957,32.4768115565486,9.02061855670103
2021-11-25,13517,5,9124,2,4393,3,10117,1,83553,45,93670,46,0,234,2,325,261,0,"Anderson",76978,142.897970848814,0.0805970149253731,59.7573332640495,6.49536231130973,8.05970149253731
2021-11-26,13524,7,9130,6,4394,1,10126,9,83596,43,93722,52,0,234,0,325,262,1,"Anderson",76978,133.80446361298,0.0924092409240924,67.5517680376211,9.09350723583361,9.24092409240924
2021-11-27,13529,5,9132,2,4397,3,10128,2,83632,36,93760,38,0,234,0,325,262,0,"Anderson",76978,128.608173763933,0.0970695970695971,49.3647535659539,6.49536231130973,9.70695970695971
2021-11-28,13539,10,9133,1,4406,9,10129,1,83670,38,93799,39,0,234,0,325,262,0,"Anderson",76978,126.010028839409,0.0890538033395176,50.6638260282159,12.9907246226195,8.90538033395176
2021-11-29,13566,27,9148,15,4418,12,10145,16,83749,79,93894,95,0,234,0,325,262,0,"Anderson",76978,124.710956377147,0.0931174089068826,123.411883914885,35.0749564810725,9.31174089068826
2021-11-30,13592,26,9161,13,4431,13,10157,12,83851,102,94008,114,0,234,1,326,262,0,"Anderson",76978,136.402608537504,0.104743083003953,148.094260697862,33.7758840188106,10.4743083003953
2021-12-01,13624,32,9180,19,4444,13,10176,19,83958,107,94134,126,0,234,2,328,262,0,"Anderson",76978,145.496115773338,0.117647058823529,163.683130245005,41.5703187923822,11.7647058823529
2021-12-02,13666,42,9204,24,4462,18,10202,26,84096,138,94298,164,0,234,0,328,265,3,"Anderson",76978,193.56179687703,0.135350318471338,213.047883810959,54.5610434150017,13.5350318471338
2021-12-03,13697,31,9222,18,4475,13,10221,19,84283,187,94504,206,1,235,1,329,265,0,"Anderson",76978,224.739535971316,0.121483375959079,267.608927225961,40.2712463301203,12.1483375959079
2021-12-04,13717,20,9235,13,4482,7,10235,14,84352,69,94587,83,0,235,0,329,265,0,"Anderson",76978,244.225622905246,0.129383313180169,107.823014367741,25.9814492452389,12.9383313180169
2021-12-05,13730,13,9237,2,4493,11,10237,2,84394,42,94631,44,0,235,0,329,265,0,"Anderson",76978,248.122840292031,0.129807692307692,57.1591883395256,16.8879420094053,12.9807692307692
2021-12-06,13765,35,9257,20,4508,15,10259,22,84496,102,94755,124,2,237,1,330,265,0,"Anderson",76978,258.515419990127,0.132404181184669,161.084985320481,45.4675361791681,13.2404181184669
2021-12-07,13794,29,9272,15,4522,14,10275,16,84591,95,94866,111,0,237,0,330,265,0,"Anderson",76978,262.412637376913,0.137529137529138,144.197043311076,37.6731014055964,13.7529137529138
2021-12-08,13821,27,9293,21,4528,6,10295,20,84712,121,95007,141,0,237,2,332,265,0,"Anderson",76978,255.917275065603,0.13631156930126,183.169217178934,35.0749564810725,13.631156930126
2021-12-09,13849,28,9309,16,4540,12,10312,17,84922,210,95234,227,0,237,1,333,265,0,"Anderson",76978,237.730260593936,0.117521367521368,294.889448933461,36.3740289433345,11.7521367521368
2021-12-10,13878,29,9326,17,4552,12,10329,17,85075,153,95404,170,0,237,2,335,265,0,"Anderson",76978,235.132115669412,0.12,220.842318584531,37.6731014055964,12
2021-12-11,13887,9,9331,5,4556,4,10335,6,85150,75,95485,81,0,237,0,335,266,1,"Anderson",76978,220.842318584531,0.111358574610245,105.224869443218,11.6916521603575,11.1358574610245
2021-12-12,13907,20,9342,11,4565,9,10346,11,85220,70,95566,81,0,237,0,335,266,0,"Anderson",76978,229.935825820364,0.116577540106952,105.224869443218,25.9814492452389,11.6577540106952
2021-12-13,13936,29,9348,6,4588,23,10353,7,85295,75,95648,82,0,237,0,335,269,3,"Anderson",76978,222.141391046793,0.105263157894737,106.523941905479,37.6731014055964,10.5263157894737
2021-12-14,13950,14,9353,5,4597,9,10359,6,85374,79,95733,85,3,240,1,336,269,0,"Anderson",76978,202.655304112863,0.0968858131487889,110.421159292265,18.1870144716672,9.68858131487889
2021-12-15,13976,26,9367,14,4609,12,10374,15,85503,129,95877,144,0,240,0,336,270,1,"Anderson",76978,201.356231650601,0.0908045977011494,187.06643456572,33.7758840188106,9.08045977011494
2021-12-16,14004,28,9377,10,4627,18,10389,15,85598,95,95987,110,0,240,2,338,270,0,"Anderson",76978,201.356231650601,0.102257636122178,142.897970848814,36.3740289433345,10.2257636122178
2021-12-17,14035,31,9400,23,4635,8,10411,22,85753,155,96164,177,1,241,0,338,271,1,"Anderson",76978,203.954376575125,0.107894736842105,229.935825820364,40.2712463301203,10.7894736842105
2021-12-18,14046,11,9409,9,4637,2,10421,10,85835,82,96256,92,0,241,0,338,271,0,"Anderson",76978,206.552521499649,0.111543450064851,119.514666528099,14.2897970848814,11.1543450064851
2021-12-19,14060,14,9417,8,4643,6,10432,11,85915,80,96347,91,0,241,0,338,271,0,"Anderson",76978,198.758086726078,0.1101152368758,118.215594065837,18.1870144716672,11.01152368758
2021-12-20,14084,24,9433,16,4651,8,10446,14,86001,86,96447,100,0,241,0,338,272,1,"Anderson",76978,192.262724414768,0.11639549436796,129.907246226195,31.1777390942867,11.639549436796
2021-12-21,14112,28,9441,8,4671,20,10457,11,86082,81,96539,92,0,241,0,338,272,0,"Anderson",76978,210.449738886435,0.121588089330025,119.514666528099,36.3740289433345,12.1588089330025
2021-12-22,14160,48,9455,14,4705,34,10468,11,86197,115,96665,126,19,260,1,339,273,1,"Anderson",76978,239.029333056198,0.119289340101523,163.683130245005,62.3554781885734,11.9289340101523
2021-12-23,14187,27,9470,15,4717,12,10485,17,86297,100,96782,117,-1,259,1,340,274,1,"Anderson",76978,237.730260593936,0.120754716981132,151.991478084648,35.0749564810725,12.0754716981132
2021-12-24,14213,26,9485,15,4728,11,10502,17,86384,87,96886,104,0,259,1,341,274,0,"Anderson",76978,231.234898282626,0.126038781163435,135.103536075242,33.7758840188106,12.6038781163435
2021-12-25,14227,14,9492,7,4735,7,10512,10,86442,58,96954,68,1,260,0,341,275,1,"Anderson",76978,235.132115669412,0.130372492836676,88.3369274338123,18.1870144716672,13.0372492836676
2021-12-26,14238,11,9496,4,4742,7,10518,6,86486,44,97004,50,1,261,0,341,275,0,"Anderson",76978,231.234898282626,0.13089802130898,64.9536231130973,14.2897970848814,13.089802130898
2021-12-27,14285,47,9515,19,4770,28,10538,20,86590,104,97128,124,1,262,2,343,276,1,"Anderson",76978,261.113564914651,0.135095447870778,161.084985320481,61.0564057263114,13.5095447870778
2021-12-28,14372,87,9551,36,4821,51,10574,36,86699,109,97273,145,0,262,0,343,276,0,"Anderson",76978,337.758840188106,0.159400544959128,188.365507027982,113.019304216789,15.9400544959128
2021-12-29,14453,81,9595,44,4858,37,10621,47,86857,158,97478,205,2,264,0,343,276,0,"Anderson",76978,380.62823144275,0.188191881918819,266.309854763699,105.224869443218,18.8191881918819
2021-12-30,14545,92,9637,42,4908,50,10659,38,86976,119,97635,157,1,265,0,343,276,0,"Anderson",76978,465.067941489776,0.203985932004689,203.954376575125,119.514666528099,20.3985932004689
2021-12-31,14613,68,9678,41,4935,27,10704,45,87093,117,97797,162,0,265,0,343,277,1,"Anderson",76978,519.628984904778,0.221734357848518,210.449738886435,88.3369274338123,22.1734357848518
2022-01-01,14674,61,9712,34,4962,27,10741,37,87192,99,97933,136,0,265,0,343,277,0,"Anderson",76978,580.685390631089,0.23391215526047,176.673854867625,79.2434201979787,23.391215526047
2022-01-02,14706,32,9735,23,4971,9,10774,33,87308,116,98082,149,0,265,0,343,278,1,"Anderson",76978,607.96591233859,0.23747680890538,193.56179687703,41.5703187923822,23.747680890538
2022-01-03,14767,61,9756,21,5011,40,10797,23,87384,76,98181,99,1,266,0,343,278,0,"Anderson",76978,626.152926810257,0.245963912630579,128.608173763933,79.2434201979787,24.5963912630579
2022-01-04,14893,126,9821,65,5072,61,10860,63,87558,174,98418,237,1,267,0,343,279,1,"Anderson",76978,676.816752838473,0.249781659388646,307.880173556081,163.683130245005,24.9781659388646
2022-01-05,15060,167,9907,86,5153,81,10946,86,87704,146,98650,232,1,268,0,343,280,1,"Anderson",76978,788.536984593001,0.277303754266212,301.384811244771,216.945101197745,27.7303754266212
2022-01-06,15202,142,9979,72,5223,70,11017,71,87824,120,98841,191,1,269,1,344,280,0,"Anderson",76978,853.490607706098,0.296849087893864,248.122840292031,184.468289641196,29.6849087893864
2022-01-07,15344,142,10052,73,5292,69,11095,78,87964,140,99059,218,0,269,1,345,280,0,"Anderson",76978,949.621969913482,0.309825673534073,283.197796773104,184.468289641196,30.9825673534073
2022-01-08,15447,103,10094,42,5353,61,11140,45,88039,75,99179,120,0,269,2,347,282,2,"Anderson",76978,1004.18301332848,0.320224719101124,155.888695471433,133.80446361298,32.0224719101124
2022-01-09,15532,85,10150,56,5382,29,11202,62,88182,143,99384,205,0,269,1,348,282,0,"Anderson",76978,1073.03385382837,0.328725038402458,266.309854763699,110.421159292265,32.8725038402458
2022-01-10,15687,155,10224,74,5463,81,11280,78,88295,113,99575,191,1,270,3,351,284,2,"Anderson",76978,1195.14666528099,0.34648493543759,248.122840292031,201.356231650601,34.648493543759
2022-01-11,15862,175,10333,109,5529,66,11382,102,88436,141,99818,243,0,270,0,351,285,1,"Anderson",76978,1258.80121593182,0.372857142857143,315.674608329653,227.33768089584,37.2857142857143
2022-01-12,16120,258,10496,163,5624,95,11546,164,88627,191,100173,355,0,270,1,352,285,0,"Anderson",76978,1377.01680999766,0.393959290873276,461.17072410299,335.160695263582,39.3959290873276
2022-01-13,16351,231,10647,151,5704,80,11701,155,88859,232,100560,387,4,274,0,352,285,0,"Anderson",76978,1492.63425913897,0.397905759162304,502.741042895373,300.085738782509,39.7905759162304
2022-01-14,16605,254,10790,143,5815,111,11850,149,89015,156,100865,305,2,276,1,353,285,0,"Anderson",76978,1638.13037491231,0.418050941306755,396.217100989893,329.964405414534,41.8050941306755
2022-01-15,16702,97,10849,59,5853,38,11912,62,89133,118,101045,180,1,277,2,355,285,0,"Anderson",76978,1630.33594013874,0.413719185423365,233.83304320715,126.010028839409,41.3719185423366
2022-01-16,16854,152,10977,128,5877,24,12045,133,89330,197,101375,330,0,277,1,356,285,0,"Anderson",76978,1717.37379511029,0.42340532395781,428.693912546442,197.459014263816,42.340532395781
2022-01-17,17034,180,11089,112,5945,68,12161,116,89449,119,101610,235,0,277,2,358,285,0,"Anderson",76978,1749.85060666684,0.432923832923833,305.282028631557,233.83304320715,43.2923832923833
2022-01-18,17250,216,11229,140,6021,76,12304,143,89586,137,101890,280,0,277,0,358,287,2,"Anderson",76978,1803.11257761958,0.444980694980695,363.740289433345,280.59965184858,44.4980694980695
2022-01-19,17553,303,11441,212,6112,91,12519,215,89806,220,102325,435,3,280,0,358,287,0,"Anderson",76978,1861.57083842137,0.452137546468401,565.096521083946,393.618956065369,45.2137546468402
2022-01-20,17851,298,11684,243,6167,55,12781,262,89963,157,102744,419,1,281,2,360,288,1,"Anderson",76978,1948.60869339292,0.494505494505495,544.311361687755,387.12359375406,49.4505494505495
2022-01-21,18097,246,11899,215,6198,31,13006,225,90182,219,103188,444,2,283,1,361,290,2,"Anderson",76978,1938.21611369482,0.497632371932845,576.788173244304,319.571825716438,49.7632371932845
2022-01-22,18226,129,11991,92,6235,37,13110,104,90301,119,103411,223,0,283,0,361,290,0,"Anderson",76978,1979.7864324872,0.506339814032122,289.693159084414,167.580347631791,50.6339814032122
2022-01-23,18354,128,12102,111,6252,17,13224,114,90408,107,103632,221,0,283,0,361,291,1,"Anderson",76978,1948.60869339292,0.522374833850244,287.09501415989,166.281275169529,52.2374833850244
2022-01-24,18621,267,12252,150,6369,117,13385,161,90586,178,103971,339,1,284,1,362,292,1,"Anderson",76978,2061.62799760971,0.518424396442186,440.385564706799,346.852347423939,51.8424396442186
2022-01-25,18805,184,12385,133,6420,51,13530,145,90706,120,104236,265,1,285,0,362,293,1,"Anderson",76978,2020.05767881732,0.522591645353794,344.254202499415,239.029333056198,52.2591645353794
2022-01-26,19011,206,12540,155,6471,51,13697,167,90858,152,104555,319,1,286,2,364,293,0,"Anderson",76978,1894.04764997792,0.528251121076233,414.40411546156,267.608927225961,52.8251121076233
2022-01-27,19234,223,12714,174,6520,49,13877,180,91078,220,104955,400,0,286,0,364,293,0,"Anderson",76978,1796.61721530827,0.495703301673451,519.628984904778,289.693159084414,49.5703301673451
2022-01-28,19424,190,12852,138,6572,52,14021,144,91241,163,105262,307,1,287,1,365,294,1,"Anderson",76978,1723.8691574216,0.489392478302797,398.815245914417,246.82376782977,48.9392478302797
2022-01-29,19568,144,12953,101,6615,43,14127,106,91358,117,105485,223,0,287,0,365,296,2,"Anderson",76978,1743.35524435553,0.490356798457088,289.693159084414,187.06643456572,49.0356798457088
2022-01-30,19635,67,12999,46,6636,21,14177,50,91449,91,105626,141,0,287,2,367,297,1,"Anderson",76978,1664.11182415755,0.477933801404213,183.169217178934,87.0378549715503,47.7933801404213
2022-01-31,19830,195,13119,120,6711,75,14317,140,91599,150,105916,290,4,291,1,368,299,2,"Anderson",76978,1570.57860687469,0.479177377892031,376.731014055964,253.319130141079,47.9177377892031
2022-02-01,19993,163,13214,95,6779,68,14424,107,91719,120,106143,227,1,292,1,369,299,0,"Anderson",76978,1543.29808516719,0.468799160985842,294.889448933461,211.748811348697,46.8799160985842
2022-02-02,20137,144,13301,87,6836,57,14517,93,91860,141,106377,234,1,293,0,369,300,1,"Anderson",76978,1462.75559250695,0.450054884742042,303.982956169295,187.06643456572,45.0054884742042
2022-02-03,20771,634,13393,92,7378,542,14616,99,92068,208,106684,307,2,295,1,370,302,2,"Anderson",76978,1996.67437449661,0.427414690572585,398.815245914417,823.611941074073,42.7414690572585
2022-02-04,20917,146,13503,110,7414,36,14726,110,92192,124,106918,234,0,295,0,370,305,3,"Anderson",76978,1939.51518615708,0.425724637681159,303.982956169295,189.664579490244,42.5724637681159
2022-02-05,20966,49,13529,26,7437,23,14756,30,92268,76,107024,106,0,295,0,370,306,1,"Anderson",76978,1816.1033022422,0.408706952566602,137.701680999766,63.6545506508353,40.8706952566602
2022-02-06,21025,59,13573,44,7452,15,14805,49,92342,74,107147,123,0,295,1,371,308,2,"Anderson",76978,1805.7107225441,0.412886259040105,159.785912858219,76.6452752734548,41.2886259040105
2022-02-07,21109,84,13624,51,7485,33,14861,56,92444,102,107305,158,3,298,0,371,309,1,"Anderson",76978,1661.51367923303,0.391648668106551,205.253449037387,109.122086830003,39.1648668106551
2022-02-08,21195,86,13672,48,7523,38,14919,58,92541,97,107460,155,0,298,0,371,309,0,"Anderson",76978,1561.48509963886,0.375854214123007,201.356231650601,111.720231754527,37.5854214123007
2022-02-09,21294,99,13736,64,7558,35,14993,74,92648,107,107641,181,0,298,0,371,310,1,"Anderson",76978,1503.02683883707,0.376582278481013,235.132115669412,128.608173763933,37.6582278481013
2022-02-10,21382,88,13786,50,7596,38,15047,54,92774,126,107821,180,2,300,0,371,311,1,"Anderson",76978,793.733274442048,0.379067722075638,233.83304320715,114.318376679051,37.9067722075638
2022-02-11,21441,59,13828,42,7613,17,15092,45,92876,102,107968,147,1,301,0,371,311,0,"Anderson",76978,680.713970225259,0.348571428571429,190.963651952506,76.6452752734548,34.8571428571429
2022-02-12,21472,31,13851,23,7621,8,15117,25,92938,62,108055,87,0,301,1,372,311,0,"Anderson",76978,657.330665904544,0.350145489815713,113.019304216789,40.2712463301203,35.0145489815713
2022-02-13,21493,21,13865,14,7628,7,15132,15,92985,47,108117,62,0,301,0,372,312,1,"Anderson",76978,607.96591233859,0.337113402061856,80.5424926602406,27.2805217075008,33.7113402061856
2022-02-14,21544,51,13892,27,7652,24,15168,36,93042,57,108210,93,1,302,0,372,312,0,"Anderson",76978,565.096521083946,0.339226519337017,120.813738990361,66.2526955753592,33.9226519337017
2022-02-15,21601,57,13931,39,7670,18,15213,45,93119,77,108332,122,0,302,0,372,313,1,"Anderson",76978,527.42341967835,0.337155963302752,158.486840395957,74.0471303489309,33.7155963302752
2022-02-16,21663,62,13964,33,7699,29,15244,31,93211,92,108455,123,0,302,0,372,313,0,"Anderson",76978,479.357738574658,0.308353808353808,159.785912858219,80.5424926602406,30.8353808353808
2022-02-17,21711,48,13997,33,7714,15,15279,35,93305,94,108584,129,0,302,0,372,314,1,"Anderson",76978,427.39484008418,0.304062909567497,167.580347631791,62.3554781885734,30.4062909567497
2022-02-18,21759,48,14028,31,7731,17,15316,37,93377,72,108693,109,0,302,0,372,315,1,"Anderson",76978,413.105042999299,0.308965517241379,141.598898386552,62.3554781885734,30.8965517241379
2022-02-19,21785,26,14038,10,7747,16,15327,11,93432,55,108759,66,0,302,0,372,317,2,"Anderson",76978,406.609680687989,0.298295454545455,85.7387825092884,33.7758840188106,29.8295454545455
2022-02-20,21795,10,14041,3,7754,7,15329,2,93469,37,108798,39,0,302,0,372,317,0,"Anderson",76978,392.319883603107,0.28928046989721,50.6638260282159,12.9907246226195,28.928046989721
2022-02-21,21811,16,14050,9,7761,7,15339,10,93498,29,108837,39,0,302,2,374,318,1,"Anderson",76978,346.852347423939,0.272727272727273,50.6638260282159,20.7851593961911,27.2727272727273
2022-02-22,21846,35,14065,15,7781,20,15357,18,93575,77,108932,95,2,304,0,374,318,0,"Anderson",76978,318.272753254177,0.24,123.411883914885,45.4675361791681,24
2022-02-23,21881,35,14082,17,7799,18,15376,19,93641,66,109017,85,4,308,0,374,319,1,"Anderson",76978,283.197796773104,0.234875444839858,110.421159292265,45.4675361791681,23.4875444839858
2022-02-24,21909,28,14096,14,7813,14,15393,17,93719,78,109112,95,1,309,0,374,320,1,"Anderson",76978,257.216347527865,0.215909090909091,123.411883914885,36.3740289433345,21.5909090909091
2022-02-25,21922,13,14102,6,7820,7,15399,6,93786,67,109185,73,-1,308,0,374,320,0,"Anderson",76978,211.748811348697,0.16869918699187,94.832289745122,16.8879420094053,16.869918699187
2022-02-26,21935,13,14107,5,7828,8,15406,7,93831,45,109237,52,0,308,1,375,320,0,"Anderson",76978,194.860869339292,0.165271966527197,67.5517680376211,16.8879420094053,16.5271966527197
2022-02-27,21935,0,14107,0,7828,0,15407,1,93848,17,109255,18,0,308,0,375,320,0,"Anderson",76978,181.870144716672,0.170678336980306,23.383304320715,0,17.0678336980306
2022-02-28,21953,18,14116,9,7837,9,15419,12,93905,57,109324,69,0,308,0,375,320,0,"Anderson",76978,184.468289641196,0.164271047227926,89.6359998960742,23.383304320715,16.4271047227926
2022-03-01,21966,13,14123,7,7843,6,15427,8,93950,45,109377,53,-1,307,0,375,322,2,"Anderson",76978,155.888695471433,0.157303370786517,68.8508404998831,16.8879420094053,15.7303370786517
2022-03-02,21976,10,14129,6,7847,4,15435,8,94003,53,109438,61,2,309,0,375,323,1,"Anderson",76978,123.411883914885,0.140142517814727,79.2434201979787,12.9907246226195,14.0142517814727
2022-03-03,21986,10,14131,2,7855,8,15437,2,94047,44,109484,46,2,311,0,375,323,0,"Anderson",76978,100.02857959417,0.118279569892473,59.7573332640495,12.9907246226195,11.8279569892473
2022-03-04,21995,9,14134,3,7861,6,15442,5,94111,64,109553,69,0,311,0,375,324,1,"Anderson",76978,94.832289745122,0.116847826086957,89.6359998960742,11.6916521603575,11.6847826086957
2022-03-05,22000,5,14135,1,7865,4,15443,1,94152,41,109595,42,0,311,0,375,325,1,"Anderson",76978,84.4397100470264,0.103351955307263,54.5610434150017,6.49536231130973,10.3351955307263
2022-03-06,22002,2,14136,1,7866,1,15444,1,94176,24,109620,25,0,311,1,376,326,1,"Anderson",76978,87.0378549715503,0.101369863013699,32.4768115565486,2.59814492452389,10.1369863013699
2022-03-07,22015,13,14138,2,7877,11,15446,2,94209,33,109655,35,1,312,0,376,326,0,"Anderson",76978,80.5424926602406,0.081570996978852,45.4675361791681,16.8879420094053,8.1570996978852
2022-03-08,22066,51,14140,2,7926,49,15449,3,94239,30,109688,33,0,312,0,376,327,1,"Anderson",76978,129.907246226195,0.0707395498392283,42.8693912546442,66.2526955753592,7.07395498392283
2022-03-09,22073,7,14146,6,7927,1,15454,5,94277,38,109731,43,0,312,0,376,327,0,"Anderson",76978,126.010028839409,0.0648464163822526,55.8601158772636,9.09350723583361,6.48464163822526
2022-03-10,22078,5,14150,4,7928,1,15461,7,94323,46,109784,53,3,315,0,376,327,0,"Anderson",76978,119.514666528099,0.08,68.8508404998831,6.49536231130973,8
2022-03-11,22084,6,14150,0,7934,6,15462,1,94362,39,109824,40,1,316,1,377,327,0,"Anderson",76978,115.617449141313,0.0738007380073801,51.9628984904778,7.79443477357167,7.38007380073801
2022-03-12,22084,0,14150,0,7934,0,15462,0,94384,22,109846,22,0,316,0,377,329,2,"Anderson",76978,109.122086830003,0.0756972111553785,28.5795941697628,0,7.56972111553785
2022-03-13,22087,3,14152,2,7935,1,15463,1,94428,44,109891,45,1,317,0,377,329,0,"Anderson",76978,110.421159292265,0.0701107011070111,58.4582608017875,3.89721738678583,7.01107011070111
2022-03-14,22094,7,14156,4,7938,3,15470,7,94454,26,109924,33,2,319,1,378,329,0,"Anderson",76978,102.626724518694,0.0892193308550186,42.8693912546442,9.09350723583361,8.92193308550186
2022-03-15,22098,4,14157,1,7941,3,15470,0,94476,22,109946,22,0,319,0,378,330,1,"Anderson",76978,41.5703187923822,0.0813953488372093,28.5795941697628,5.19628984904778,8.13953488372093
2022-03-16,22100,2,14159,2,7941,0,15473,3,94500,24,109973,27,1,320,0,378,330,0,"Anderson",76978,35.0749564810725,0.0785123966942149,35.0749564810725,2.59814492452389,7.85123966942149
2022-03-17,22100,0,14159,0,7941,0,15475,2,94529,29,110004,31,0,320,0,378,330,0,"Anderson",76978,28.5795941697628,0.0636363636363636,40.2712463301203,0,6.36363636363636
2022-03-18,22102,2,14161,2,7941,0,15477,2,94573,44,110050,46,0,320,0,378,331,1,"Anderson",76978,23.383304320715,0.0663716814159292,59.7573332640495,2.59814492452389,6.63716814159292
2022-03-19,22102,0,14161,0,7941,0,15477,0,94593,20,110070,20,0,320,0,378,331,0,"Anderson",76978,23.383304320715,0.0669642857142857,25.9814492452389,0,6.69642857142857
2022-03-20,22107,5,14165,4,7942,1,15482,5,94612,19,110094,24,0,320,0,378,332,1,"Anderson",76978,25.9814492452389,0.0935960591133005,31.1777390942867,6.49536231130973,9.35960591133005
2022-03-21,22108,1,14165,0,7943,1,15482,0,94625,13,110107,13,2,322,0,378,332,0,"Anderson",76978,18.1870144716672,0.0655737704918033,16.8879420094053,1.29907246226194,6.55737704918033
2022-03-22,22108,0,14165,0,7943,0,15483,1,94631,6,110114,7,0,322,0,378,332,0,"Anderson",76978,12.9907246226194,0.0773809523809524,9.09350723583361,0,7.73809523809524
2022-03-23,22110,2,14167,2,7943,0,15485,2,94656,25,110141,27,0,322,0,378,333,1,"Anderson",76978,12.9907246226194,0.0714285714285714,35.0749564810725,2.59814492452389,7.14285714285714
2022-03-24,22111,1,14167,0,7944,1,15486,1,94672,16,110158,17,0,322,0,378,334,1,"Anderson",76978,14.2897970848814,0.0714285714285714,22.0842318584531,1.29907246226194,7.14285714285714
2022-03-25,22112,1,14168,1,7944,0,15488,2,94695,23,110183,25,0,322,0,378,334,0,"Anderson",76978,12.9907246226194,0.0827067669172932,32.4768115565486,1.29907246226194,8.27067669172932
2022-03-26,22113,1,14169,1,7944,0,15489,1,94714,19,110203,20,0,322,0,378,334,0,"Anderson",76978,14.2897970848814,0.0902255639097744,25.9814492452389,1.29907246226194,9.02255639097744
2022-03-27,22113,0,14169,0,7944,0,15489,0,94725,11,110214,11,0,322,0,378,334,0,"Anderson",76978,7.79443477357167,0.0583333333333333,14.2897970848814,0,5.83333333333333
2022-03-28,22117,4,14172,3,7945,1,15492,3,94769,44,110261,47,1,323,0,378,336,2,"Anderson",76978,11.6916521603575,0.0649350649350649,61.0564057263114,5.19628984904778,6.49350649350649
2022-03-29,22117,0,14172,0,7945,0,15492,0,94782,13,110274,13,1,324,0,378,337,1,"Anderson",76978,11.6916521603575,0.05625,16.8879420094053,0,5.625
2022-03-30,22119,2,14172,0,7947,2,15493,1,94805,23,110298,24,1,325,0,378,337,0,"Anderson",76978,11.6916521603575,0.0509554140127389,31.1777390942867,2.59814492452389,5.09554140127389
2022-03-31,22121,2,14173,1,7948,1,15494,1,94825,20,110319,21,0,325,0,378,337,0,"Anderson",76978,12.9907246226194,0.0496894409937888,27.2805217075008,2.59814492452389,4.96894409937888
2022-04-01,22124,3,14174,1,7950,2,15495,1,94862,37,110357,38,3,328,0,378,337,0,"Anderson",76978,15.5888695471433,0.0402298850574713,49.3647535659539,3.89721738678583,4.02298850574713
2022-04-02,22125,1,14175,1,7950,0,15497,2,94882,20,110379,22,0,328,0,378,337,0,"Anderson",76978,15.5888695471433,0.0454545454545455,28.5795941697628,1.29907246226194,4.54545454545455
2022-04-03,22125,0,14175,0,7950,0,15497,0,94894,12,110391,12,0,328,0,378,337,0,"Anderson",76978,15.5888695471433,0.0451977401129944,15.5888695471433,0,4.51977401129944
2022-04-04,22127,2,14176,1,7951,1,15498,1,94913,19,110411,20,0,328,0,378,337,0,"Anderson",76978,12.9907246226194,0.04,25.9814492452389,2.59814492452389,4
2022-04-05,22133,6,14177,1,7956,5,15499,1,94932,19,110431,20,3,331,0,378,338,1,"Anderson",76978,20.7851593961911,0.0445859872611465,25.9814492452389,7.79443477357167,4.45859872611465
2022-04-06,22136,3,14180,3,7956,0,15503,4,94956,24,110459,28,0,331,0,378,338,0,"Anderson",76978,22.0842318584531,0.062111801242236,36.3740289433345,3.89721738678583,6.2111801242236
2022-04-07,22139,3,14180,0,7959,3,15503,0,94979,23,110482,23,1,332,0,378,338,0,"Anderson",76978,23.383304320715,0.0552147239263804,29.8786666320247,3.89721738678583,5.52147239263804
2022-04-08,22140,1,14180,0,7960,1,15503,0,95010,31,110513,31,1,333,0,378,338,0,"Anderson",76978,20.7851593961911,0.0512820512820513,40.2712463301203,1.29907246226194,5.12820512820513
2022-04-09,22140,0,14180,0,7960,0,15503,0,95020,10,110523,10,0,333,0,378,338,0,"Anderson",76978,19.4860869339292,0.0416666666666667,12.9907246226195,0,4.16666666666667
2022-04-10,22140,0,14180,0,7960,0,15503,0,95030,10,110533,10,0,333,0,378,338,0,"Anderson",76978,19.4860869339292,0.0422535211267606,12.9907246226195,0,4.22535211267606
2022-04-11,22143,3,14180,0,7963,3,15503,0,95048,18,110551,18,0,333,0,378,338,0,"Anderson",76978,20.7851593961911,0.0357142857142857,23.383304320715,3.89721738678583,3.57142857142857
2022-04-12,22147,4,14183,3,7964,1,15507,4,95066,18,110573,22,1,334,0,378,339,1,"Anderson",76978,18.1870144716672,0.0563380281690141,28.5795941697628,5.19628984904778,5.63380281690141
2022-04-13,22150,3,14184,1,7966,2,15508,1,95088,22,110596,23,0,334,0,378,339,0,"Anderson",76978,18.1870144716672,0.0364963503649635,29.8786666320247,3.89721738678583,3.64963503649635
2022-04-14,22153,3,14184,0,7969,3,15508,0,95104,16,110612,16,0,334,0,378,339,0,"Anderson",76978,18.1870144716672,0.0384615384615385,20.7851593961911,3.89721738678583,3.84615384615385
2022-04-15,22157,4,14187,3,7970,1,15512,4,95124,20,110636,24,0,334,0,378,339,0,"Anderson",76978,22.0842318584531,0.0731707317073171,31.1777390942867,5.19628984904778,7.31707317073171
2022-04-16,22158,1,14187,0,7971,1,15512,0,95138,14,110650,14,0,334,0,378,339,0,"Anderson",76978,23.383304320715,0.0708661417322835,18.1870144716672,1.29907246226194,7.08661417322835
2022-04-17,22160,2,14187,0,7973,2,15513,1,95153,15,110666,16,0,334,0,378,339,0,"Anderson",76978,25.9814492452389,0.075187969924812,20.7851593961911,2.59814492452389,7.5187969924812
2022-04-18,22166,6,14189,2,7977,4,15515,2,95173,20,110688,22,-1,333,0,378,339,0,"Anderson",76978,29.8786666320247,0.0875912408759124,28.5795941697628,7.79443477357167,8.75912408759124
2022-04-19,22170,4,14190,1,7980,3,15516,1,95186,13,110702,14,0,333,0,378,339,0,"Anderson",76978,29.8786666320247,0.0697674418604651,18.1870144716672,5.19628984904778,6.97674418604651
2022-04-20,22176,6,14192,2,7984,4,15518,2,95219,33,110737,35,1,334,0,378,339,0,"Anderson",76978,33.7758840188106,0.0709219858156028,45.4675361791681,7.79443477357167,7.09219858156028
2022-04-21,22179,3,14193,1,7986,2,15519,1,95245,26,110764,27,0,334,0,378,339,0,"Anderson",76978,33.7758840188106,0.0723684210526316,35.0749564810725,3.89721738678583,7.23684210526316
2022-04-22,22181,2,14194,1,7987,1,15520,1,95277,32,110797,33,0,334,0,378,339,0,"Anderson",76978,31.1777390942867,0.0496894409937888,42.8693912546442,2.59814492452389,4.96894409937888
2022-04-23,22183,2,14196,2,7987,0,15521,1,95302,25,110823,26,0,334,0,378,339,0,"Anderson",76978,32.4768115565486,0.0520231213872832,33.7758840188106,2.59814492452389,5.20231213872832
2022-04-24,22186,3,14196,0,7990,3,15521,0,95319,17,110840,17,0,334,0,378,339,0,"Anderson",76978,33.7758840188106,0.0459770114942529,22.0842318584531,3.89721738678583,4.59770114942529
2022-04-25,22204,18,14198,2,8006,16,15523,2,95330,11,110853,13,0,334,0,378,340,1,"Anderson",76978,49.3647535659539,0.0484848484848485,16.8879420094053,23.383304320715,4.84848484848485
2022-04-26,22218,14,14203,5,8015,9,15529,6,95351,21,110880,27,0,334,0,378,340,0,"Anderson",76978,62.3554781885734,0.0730337078651685,35.0749564810725,18.1870144716672,7.30337078651685
2022-04-27,22232,14,14208,5,8024,9,15534,5,95387,36,110921,41,0,334,0,378,341,1,"Anderson",76978,72.7480578866689,0.0869565217391304,53.2619709527397,18.1870144716672,8.69565217391304
2022-04-28,22237,5,14210,2,8027,3,15536,2,95410,23,110946,25,0,334,0,378,341,0,"Anderson",76978,75.3462028111928,0.0934065934065934,32.4768115565486,6.49536231130973,9.34065934065934
2022-04-29,22243,6,14211,1,8032,5,15537,1,95431,21,110968,22,0,334,0,378,341,0,"Anderson",76978,80.5424926602406,0.0994152046783626,28.5795941697628,7.79443477357167,9.94152046783626
2022-04-30,22245,2,14212,1,8033,1,15537,0,95460,29,110997,29,0,334,0,378,341,0,"Anderson",76978,80.5424926602406,0.0919540229885057,37.6731014055964,2.59814492452389,9.19540229885057
2022-05-01,22247,2,14212,0,8035,2,15537,0,95468,8,111005,8,0,334,0,378,341,0,"Anderson",76978,79.2434201979786,0.096969696969697,10.3925796980956,2.59814492452389,9.6969696969697
2022-05-02,22255,8,14217,5,8038,3,15541,4,95499,31,111040,35,0,334,0,378,341,0,"Anderson",76978,66.2526955753592,0.0962566844919786,45.4675361791681,10.3925796980956,9.62566844919786
2022-05-03,22261,6,14222,5,8039,1,15546,5,95510,11,111056,16,0,334,0,378,341,0,"Anderson",76978,55.8601158772636,0.0965909090909091,20.7851593961911,7.79443477357167,9.65909090909091
2022-05-04,22273,12,14226,4,8047,8,15551,5,95534,24,111085,29,0,334,0,378,341,0,"Anderson",76978,53.2619709527397,0.103658536585366,37.6731014055964,15.5888695471433,10.3658536585366
2022-05-05,22281,8,14232,6,8049,2,15557,6,95552,18,111109,24,0,334,0,378,341,0,"Anderson",76978,57.1591883395256,0.128834355828221,31.1777390942867,10.3925796980956,12.8834355828221
2022-05-06,22282,1,14232,0,8050,1,15557,0,95576,24,111133,24,0,334,0,378,341,0,"Anderson",76978,50.6638260282159,0.121212121212121,31.1777390942867,1.29907246226194,12.1212121212121
2022-05-07,22291,9,14236,4,8055,5,15561,4,95592,16,111153,20,0,334,0,378,342,1,"Anderson",76978,59.7573332640495,0.153846153846154,25.9814492452389,11.6916521603575,15.3846153846154
2022-05-08,22292,1,14236,0,8056,1,15561,0,95606,14,111167,14,0,334,0,378,342,0,"Anderson",76978,58.4582608017875,0.148148148148148,18.1870144716672,1.29907246226194,14.8148148148148
2022-05-09,22298,6,14238,2,8060,4,15562,1,95621,15,111183,16,0,334,0,378,342,0,"Anderson",76978,55.8601158772636,0.146853146853147,20.7851593961911,7.79443477357167,14.6853146853147
2022-05-10,22308,10,14240,2,8068,8,15565,3,95653,32,111218,35,1,335,0,378,342,0,"Anderson",76978,61.0564057263114,0.117283950617284,45.4675361791681,12.9907246226195,11.7283950617284
2022-05-11,22321,13,14250,10,8071,3,15577,12,95671,18,111248,30,0,335,0,378,342,0,"Anderson",76978,62.3554781885734,0.159509202453988,38.9721738678584,16.8879420094053,15.9509202453988
2022-05-12,22327,6,14255,5,8072,1,15582,5,95699,28,111281,33,0,335,0,378,342,0,"Anderson",76978,59.7573332640495,0.145348837209302,42.8693912546442,7.79443477357167,14.5348837209302
2022-05-13,22335,8,14260,5,8075,3,15587,5,95735,36,111322,41,2,337,0,378,343,1,"Anderson",76978,68.8508404998831,0.158730158730159,53.2619709527397,10.3925796980956,15.8730158730159
2022-05-14,22338,3,14262,2,8076,1,15589,2,95744,9,111333,11,0,337,0,378,343,0,"Anderson",76978,61.0564057263114,0.155555555555556,14.2897970848814,3.89721738678583,15.5555555555556
2022-05-15,22342,4,14262,0,8080,4,15589,0,95758,14,111347,14,0,337,0,378,343,0,"Anderson",76978,64.9536231130973,0.155555555555556,18.1870144716672,5.19628984904778,15.5555555555556
2022-05-16,22352,10,14268,6,8084,4,15594,5,95781,23,111375,28,0,337,0,378,343,0,"Anderson",76978,70.149912962145,0.166666666666667,36.3740289433345,12.9907246226195,16.6666666666667
2022-05-17,22365,13,14277,9,8088,4,15604,10,95808,27,111412,37,2,339,0,378,343,0,"Anderson",76978,74.0471303489309,0.201030927835052,48.065681103692,16.8879420094053,20.1030927835052
2022-05-18,22373,8,14284,7,8089,1,15612,8,95835,27,111447,35,0,339,0,378,344,1,"Anderson",76978,67.5517680376211,0.175879396984925,45.4675361791681,10.3925796980956,17.5879396984925
2022-05-19,22383,10,14291,7,8092,3,15620,8,95862,27,111482,35,1,340,0,378,344,0,"Anderson",76978,72.7480578866689,0.189054726368159,45.4675361791681,12.9907246226195,18.9054726368159
2022-05-20,22395,12,14300,9,8095,3,15629,9,95891,29,111520,38,0,340,0,378,344,0,"Anderson",76978,77.9443477357167,0.212121212121212,49.3647535659539,15.5888695471433,21.2121212121212
2022-05-21,22401,6,14306,6,8095,0,15635,6,95917,26,111552,32,0,340,0,378,344,0,"Anderson",76978,81.8415651225025,0.210045662100457,41.5703187923822,7.79443477357167,21.0045662100457
2022-05-22,22410,9,14312,6,8098,3,15641,6,95942,25,111583,31,1,341,0,378,344,0,"Anderson",76978,88.3369274338123,0.220338983050847,40.2712463301203,11.6916521603575,22.0338983050847
2022-05-23,22421,11,14321,9,8100,2,15648,7,95975,33,111623,40,0,341,0,378,344,0,"Anderson",76978,89.6359998960742,0.217741935483871,51.9628984904778,14.2897970848814,21.7741935483871
2022-05-24,22442,21,14328,7,8114,14,15656,8,95996,21,111652,29,0,341,0,378,344,0,"Anderson",76978,100.02857959417,0.216666666666667,37.6731014055964,27.2805217075008,21.6666666666667
2022-05-25,22454,12,14334,6,8120,6,15662,6,96029,33,111691,39,1,342,0,378,344,0,"Anderson",76978,105.224869443218,0.204918032786885,50.6638260282159,15.5888695471433,20.4918032786885
2022-05-26,22471,17,14342,8,8129,9,15672,10,96070,41,111742,51,0,342,0,378,344,0,"Anderson",76978,114.318376679051,0.2,66.2526955753592,22.0842318584531,20
2022-05-27,22486,15,14351,9,8135,6,15681,9,96116,46,111797,55,0,342,0,378,344,0,"Anderson",76978,118.215594065837,0.187725631768953,71.448985424407,19.4860869339292,18.7725631768953
2022-05-28,22495,9,14357,6,8138,3,15687,6,96167,51,111854,57,0,342,0,378,344,0,"Anderson",76978,122.112811452623,0.172185430463576,74.0471303489309,11.6916521603575,17.2185430463576
2022-05-29,22503,8,14359,2,8144,6,15689,2,96189,22,111878,24,0,342,0,378,344,0,"Anderson",76978,120.813738990361,0.16271186440678,31.1777390942867,10.3925796980956,16.271186440678
2022-05-30,22508,5,14360,1,8148,4,15691,2,96204,15,111895,17,0,342,0,378,344,0,"Anderson",76978,113.019304216789,0.158088235294118,22.0842318584531,6.49536231130973,15.8088235294118
2022-05-31,22523,15,14367,7,8156,8,15697,6,96231,27,111928,33,0,342,0,378,344,0,"Anderson",76978,105.224869443218,0.148550724637681,42.8693912546442,19.4860869339292,14.8550724637681
2022-06-01,22547,24,14380,13,8167,11,15714,17,96258,27,111972,44,0,342,0,378,344,0,"Anderson",76978,120.813738990361,0.185053380782918,57.1591883395256,31.1777390942867,18.5053380782918
2022-06-02,22564,17,14389,9,8175,8,15722,8,96282,24,112004,32,0,342,0,378,344,0,"Anderson",76978,120.813738990361,0.190839694656489,41.5703187923822,22.0842318584531,19.0839694656489
2022-06-03,22578,14,14397,8,8181,6,15731,9,96332,50,112063,59,0,342,0,378,344,0,"Anderson",76978,119.514666528099,0.18796992481203,76.6452752734548,18.1870144716672,18.796992481203
2022-06-04,22585,7,14402,5,8183,2,15737,6,96361,29,112098,35,0,342,0,378,344,0,"Anderson",76978,116.916521603575,0.204918032786885,45.4675361791681,9.09350723583361,20.4918032786885
2022-06-05,22595,10,14409,7,8186,3,15745,8,96378,17,112123,25,0,342,0,378,344,0,"Anderson",76978,119.514666528099,0.228571428571429,32.4768115565486,12.9907246226195,22.8571428571429
2022-06-06,22621,26,14422,13,8199,13,15758,13,96401,23,112159,36,0,342,0,378,345,1,"Anderson",76978,146.7951882356,0.253787878787879,46.76660864143,33.7758840188106,25.3787878787879
2022-06-07,22643,22,14430,8,8213,14,15766,8,96421,20,112187,28,0,342,0,378,345,0,"Anderson",76978,155.888695471433,0.266409266409266,36.3740289433345,28.5795941697628,26.6409266409266
2022-06-08,22666,23,14445,15,8221,8,15784,18,96470,49,112254,67,0,342,0,378,345,0,"Anderson",76978,154.589623009171,0.24822695035461,87.0378549715503,29.8786666320247,24.822695035461
2022-06-09,22684,18,14457,12,8227,6,15797,13,96505,35,112302,48,0,342,1,379,346,1,"Anderson",76978,155.888695471433,0.251677852348993,62.3554781885734,23.383304320715,25.1677852348993
2022-06-10,22707,23,14473,16,8234,7,15814,17,96566,61,112380,78,0,342,0,379,346,0,"Anderson",76978,167.580347631791,0.261829652996845,101.327652056432,29.8786666320247,26.1829652996845
2022-06-11,22716,9,14477,4,8239,5,15819,5,96584,18,112403,23,0,342,0,379,346,0,"Anderson",76978,170.178492556315,0.268852459016393,29.8786666320247,11.6916521603575,26.8852459016393
2022-06-12,22724,8,14479,2,8245,6,15821,2,96598,14,112419,16,0,342,0,379,346,0,"Anderson",76978,167.580347631791,0.256756756756757,20.7851593961911,10.3925796980956,25.6756756756757
2022-06-13,22741,17,14485,6,8256,11,15827,6,96622,24,112449,30,0,342,0,379,346,0,"Anderson",76978,155.888695471433,0.237931034482759,38.9721738678584,22.0842318584531,23.7931034482759
2022-06-14,22771,30,14499,14,8272,16,15843,16,96659,37,112502,53,1,343,0,379,347,1,"Anderson",76978,166.281275169529,0.244444444444444,68.8508404998831,38.9721738678584,24.4444444444444
2022-06-15,22788,17,14511,12,8277,5,15857,14,96682,23,112539,37,1,344,0,379,347,0,"Anderson",76978,158.486840395957,0.256140350877193,48.065681103692,22.0842318584531,25.6140350877193
2022-06-16,22813,25,14523,12,8290,13,15868,11,96710,28,112578,39,1,345,0,379,347,0,"Anderson",76978,167.580347631791,0.257246376811594,50.6638260282159,32.4768115565486,25.7246376811594
2022-06-17,22835,22,14535,12,8300,10,15883,15,96733,23,112616,38,0,345,0,379,348,1,"Anderson",76978,166.281275169529,0.292372881355932,49.3647535659539,28.5795941697628,29.2372881355932
2022-06-18,22846,11,14543,8,8303,3,15892,9,96756,23,112648,32,1,346,0,379,348,0,"Anderson",76978,168.879420094053,0.297959183673469,41.5703187923822,14.2897970848814,29.7959183673469
2022-06-19,22861,15,14548,5,8313,10,15897,5,96774,18,112671,23,0,346,0,379,348,0,"Anderson",76978,177.972927329886,0.301587301587302,29.8786666320247,19.4860869339292,30.1587301587302
2022-06-20,22873,12,14552,4,8321,8,15904,7,96790,16,112694,23,0,346,0,379,348,0,"Anderson",76978,171.477565018577,0.314285714285714,29.8786666320247,15.5888695471433,31.4285714285714
2022-06-21,22898,25,14561,9,8337,16,15911,7,96802,12,112713,19,0,346,0,379,348,0,"Anderson",76978,164.982202707267,0.322274881516588,24.682376782977,32.4768115565486,32.2274881516588
2022-06-22,22938,40,14591,30,8347,10,15941,30,96852,50,112793,80,0,346,0,379,348,0,"Anderson",76978,194.860869339292,0.330708661417323,103.925796980956,51.9628984904778,33.0708661417323
2022-06-23,22956,18,14602,11,8354,7,15955,14,96875,23,112830,37,0,346,0,379,349,1,"Anderson",76978,185.767362103458,0.345238095238095,48.065681103692,23.383304320715,34.5238095238095
2022-06-24,22989,33,14613,11,8376,22,15967,12,96908,33,112875,45,0,346,0,379,349,0,"Anderson",76978,200.05715918834,0.324324324324324,58.4582608017875,42.8693912546442,32.4324324324324
2022-06-25,23000,11,14616,3,8384,8,15973,6,96937,29,112910,35,0,346,0,379,349,0,"Anderson",76978,200.05715918834,0.309160305343511,45.4675361791681,14.2897970848814,30.9160305343511
2022-06-26,23010,10,14622,6,8388,4,15978,5,96963,26,112941,31,0,346,0,379,349,0,"Anderson",76978,193.56179687703,0.3,40.2712463301203,12.9907246226195,30
2022-06-27,23033,23,14634,12,8399,11,15990,12,96979,16,112969,28,1,347,0,379,349,0,"Anderson",76978,207.851593961911,0.312727272727273,36.3740289433345,29.8786666320247,31.2727272727273
2022-06-28,23063,30,14650,16,8413,14,16006,16,97008,29,113014,45,1,348,0,379,349,0,"Anderson",76978,214.346956273221,0.315614617940199,58.4582608017875,38.9721738678584,31.5614617940199
2022-06-29,23085,22,14659,9,8426,13,16017,11,97050,42,113067,53,1,349,0,379,349,0,"Anderson",76978,190.963651952506,0.277372262773723,68.8508404998831,28.5795941697628,27.7372262773723
2022-06-30,23121,36,14671,12,8450,24,16030,13,97095,45,113125,58,0,349,0,379,349,0,"Anderson",76978,214.346956273221,0.254237288135593,75.3462028111928,46.76660864143,25.4237288135593
2022-07-01,23143,22,14683,12,8460,10,16043,13,97135,40,113178,53,0,349,0,379,349,0,"Anderson",76978,200.05715918834,0.250825082508251,68.8508404998831,28.5795941697628,25.0825082508251
2022-07-02,23171,28,14697,14,8474,14,16058,15,97155,20,113213,35,0,349,0,379,349,0,"Anderson",76978,222.141391046793,0.280528052805281,45.4675361791681,36.3740289433345,28.0528052805281
2022-07-03,23182,11,14703,6,8479,5,16064,6,97172,17,113236,23,0,349,0,379,349,0,"Anderson",76978,223.440463509055,0.291525423728814,29.8786666320247,14.2897970848814,29.1525423728814
2022-07-04,23198,16,14708,5,8490,11,16069,5,97180,8,113249,13,0,349,0,379,350,1,"Anderson",76978,214.346956273221,0.282142857142857,16.8879420094053,20.7851593961911,28.2142857142857
2022-07-05,23219,21,14718,10,8501,11,16080,11,97205,25,113285,36,0,349,0,379,351,1,"Anderson",76978,202.655304112863,0.273062730627306,46.76660864143,27.2805217075008,27.3062730627306
2022-07-06,23233,14,14724,6,8509,8,16087,7,97234,29,113321,36,0,349,0,379,351,0,"Anderson",76978,192.262724414768,0.275590551181102,46.76660864143,18.1870144716672,27.5590551181102
2022-07-07,23265,32,14739,15,8526,17,16102,15,97260,26,113362,41,0,349,0,379,351,0,"Anderson",76978,187.06643456572,0.30379746835443,53.2619709527397,41.5703187923822,30.379746835443
2022-07-08,23299,34,14750,11,8549,23,16112,10,97287,27,113399,37,0,349,0,379,351,0,"Anderson",76978,202.655304112863,0.312217194570136,48.065681103692,44.1684637169061,31.2217194570136
2022-07-09,23327,28,14755,5,8572,23,16117,5,97301,14,113418,19,0,349,0,379,351,0,"Anderson",76978,202.655304112863,0.28780487804878,24.682376782977,36.3740289433345,28.780487804878
2022-07-10,23346,19,14759,4,8587,15,16120,3,97307,6,113427,9,0,349,0,379,351,0,"Anderson",76978,213.047883810959,0.293193717277487,11.6916521603575,24.682376782977,29.3193717277487
2022-07-11,23369,23,14769,10,8600,13,16133,13,97345,38,113478,51,0,349,0,379,351,0,"Anderson",76978,222.141391046793,0.279475982532751,66.2526955753592,29.8786666320247,27.9475982532751
2022-07-12,23414,45,14787,18,8627,27,16152,19,97379,34,113531,53,0,349,0,379,351,0,"Anderson",76978,253.319130141079,0.292682926829268,68.8508404998831,58.4582608017875,29.2682926829268
2022-07-13,23451,37,14805,18,8646,19,16171,19,97426,47,113597,66,0,349,0,379,352,1,"Anderson",76978,283.197796773104,0.304347826086957,85.7387825092884,48.065681103692,30.4347826086957
2022-07-14,23492,41,14817,12,8675,29,16183,12,97448,22,113631,34,0,349,1,380,352,0,"Anderson",76978,294.889448933461,0.301115241635688,44.1684637169061,53.2619709527397,30.1115241635688
2022-07-15,23524,32,14833,16,8691,16,16199,16,97474,26,113673,42,0,349,0,380,352,0,"Anderson",76978,292.291304008938,0.317518248175182,54.5610434150017,41.5703187923822,31.7518248175182
2022-07-16,23546,22,14840,7,8706,15,16206,7,97483,9,113689,16,0,349,0,380,352,0,"Anderson",76978,284.496869235366,0.328413284132841,20.7851593961911,28.5795941697628,32.8413284132841
2022-07-17,23556,10,14844,4,8712,6,16209,3,97495,12,113704,15,0,349,0,380,352,0,"Anderson",76978,272.805217075008,0.32129963898917,19.4860869339292,12.9907246226195,32.129963898917
2022-07-18,23602,46,14865,21,8737,25,16230,21,97545,50,113775,71,0,349,0,380,352,0,"Anderson",76978,302.683883707033,0.326599326599327,92.2341448205981,59.7573332640495,32.6599326599327
2022-07-19,23652,50,14888,23,8764,27,16256,26,97561,16,113817,42,3,352,0,380,352,0,"Anderson",76978,309.179246018343,0.363636363636364,54.5610434150017,64.9536231130973,36.3636363636364
2022-07-20,23688,36,14904,16,8784,20,16272,16,97591,30,113863,46,0,352,0,380,352,0,"Anderson",76978,307.880173556081,0.379699248120301,59.7573332640495,46.76660864143,37.9699248120301
2022-07-21,23731,43,14933,29,8798,14,16302,30,97643,52,113945,82,0,352,0,380,353,1,"Anderson",76978,310.478318480605,0.378980891719745,106.523941905479,55.8601158772636,37.8980891719745
2022-07-22,23769,38,14947,14,8822,24,16317,15,97678,35,113995,50,0,352,0,380,354,1,"Anderson",76978,318.272753254177,0.366459627329193,64.9536231130973,49.3647535659539,36.6459627329193
2022-07-23,23779,10,14950,3,8829,7,16321,4,97689,11,114010,15,0,352,0,380,354,0,"Anderson",76978,302.683883707033,0.358255451713396,19.4860869339292,12.9907246226195,35.8255451713396
2022-07-24,23802,23,14959,9,8843,14,16330,9,97703,14,114033,23,0,352,0,380,354,0,"Anderson",76978,319.571825716438,0.367781155015198,29.8786666320247,29.8786666320247,36.7781155015198
2022-07-25,23848,46,14985,26,8863,20,16357,27,97735,32,114092,59,0,352,0,380,354,0,"Anderson",76978,319.571825716438,0.400630914826498,76.6452752734548,59.7573332640495,40.0630914826498
2022-07-26,23895,47,15009,24,8886,23,16381,24,97768,33,114149,57,0,352,0,380,355,1,"Anderson",76978,315.674608329653,0.376506024096386,74.0471303489309,61.0564057263114,37.6506024096386
2022-07-27,23938,43,15027,18,8911,25,16402,21,97810,42,114212,63,0,352,0,380,355,0,"Anderson",76978,324.768115565486,0.372492836676218,81.8415651225025,55.8601158772636,37.2492836676218
2022-07-28,23974,36,15044,17,8930,19,16420,18,97849,39,114269,57,0,352,0,380,355,0,"Anderson",76978,315.674608329653,0.364197530864198,74.0471303489309,46.76660864143,36.4197530864198
2022-07-29,24007,33,15065,21,8942,12,16441,21,97884,35,114325,56,0,352,0,380,355,0,"Anderson",76978,309.179246018343,0.375757575757576,72.7480578866689,42.8693912546442,37.5757575757576
2022-07-30,24031,24,15079,14,8952,10,16455,14,97900,16,114355,30,0,352,0,380,355,0,"Anderson",76978,327.36626049001,0.388405797101449,38.9721738678584,31.1777390942867,38.8405797101449
2022-07-31,24037,6,15082,3,8955,3,16460,5,97916,16,114376,21,0,352,0,380,356,1,"Anderson",76978,305.282028631557,0.379008746355685,27.2805217075008,7.79443477357167,37.9008746355685
2022-08-01,24072,35,15098,16,8974,19,16478,18,97935,19,114413,37,0,352,0,380,356,0,"Anderson",76978,290.992231546676,0.376947040498442,48.065681103692,45.4675361791681,37.6947040498442
2022-08-02,24130,58,15143,45,8987,13,16522,44,97971,36,114493,80,1,353,0,380,356,0,"Anderson",76978,305.282028631557,0.409883720930233,103.925796980956,75.3462028111928,40.9883720930233
2022-08-03,24163,33,15162,19,9001,14,16545,23,98007,36,114552,59,0,353,0,380,357,1,"Anderson",76978,292.291304008938,0.420588235294118,76.6452752734548,42.8693912546442,42.0588235294118
2022-08-04,24204,41,15190,28,9014,13,16578,33,98102,95,114680,128,1,354,0,380,357,0,"Anderson",76978,298.786666320247,0.384428223844282,166.281275169529,53.2619709527397,38.4428223844282
2022-08-05,24236,32,15212,22,9024,10,16599,21,98134,32,114733,53,0,354,0,380,357,0,"Anderson",76978,297.487593857985,0.387254901960784,68.8508404998831,41.5703187923822,38.7254901960784
2022-08-06,24254,18,15220,8,9034,10,16607,8,98149,15,114756,23,0,354,0,380,357,0,"Anderson",76978,289.693159084414,0.379052369077307,29.8786666320247,23.383304320715,37.9052369077307
2022-08-07,24270,16,15230,10,9040,6,16617,10,98165,16,114782,26,0,354,0,380,357,0,"Anderson",76978,302.683883707033,0.386699507389163,33.7758840188106,20.7851593961911,38.6699507389163
2022-08-08,24327,57,15259,29,9068,28,16645,28,98177,12,114822,40,0,354,0,380,358,1,"Anderson",76978,331.263477876796,0.408312958435208,51.9628984904778,74.0471303489309,40.8312958435208
2022-08-09,24358,31,15277,18,9081,13,16664,19,98227,50,114891,69,3,357,0,380,359,1,"Anderson",76978,296.188521395723,0.35678391959799,89.6359998960742,40.2712463301203,35.678391959799
2022-08-10,24396,38,15303,26,9093,12,16693,29,98259,32,114952,61,0,357,0,380,359,0,"Anderson",76978,302.683883707033,0.37,79.2434201979787,49.3647535659539,37
2022-08-11,24430,34,15327,24,9103,10,16718,25,98290,31,115008,56,0,357,0,380,359,0,"Anderson",76978,293.5903764712,0.426829268292683,72.7480578866689,44.1684637169061,42.6829268292683
2022-08-12,24468,38,15348,21,9120,17,16742,24,98329,39,115071,63,0,357,0,380,360,1,"Anderson",76978,301.384811244771,0.423076923076923,81.8415651225025,49.3647535659539,42.3076923076923
2022-08-13,24485,17,15358,10,9127,7,16753,11,98359,30,115112,41,0,357,0,380,361,1,"Anderson",76978,300.085738782509,0.410112359550562,53.2619709527397,22.0842318584531,41.0112359550562
2022-08-14,24497,12,15366,8,9131,4,16761,8,98379,20,115140,28,0,357,0,380,361,0,"Anderson",76978,294.889448933461,0.402234636871508,36.3740289433345,15.5888695471433,40.2234636871508
2022-08-15,24550,53,15392,26,9158,27,16788,27,98401,22,115189,49,0,357,0,380,362,1,"Anderson",76978,289.693159084414,0.389645776566757,63.6545506508353,68.8508404998831,38.9645776566758
2022-08-16,24599,49,15422,30,9177,19,16820,32,98433,32,115253,64,1,358,0,380,362,0,"Anderson",76978,313.076463405129,0.430939226519337,83.1406375847645,63.6545506508353,43.0939226519337
2022-08-17,24645,46,15449,27,9196,19,16846,26,98466,33,115312,59,0,358,0,380,362,0,"Anderson",76978,323.469043103224,0.425,76.6452752734548,59.7573332640495,42.5
2022-08-18,24929,284,15492,43,9437,241,16888,42,98510,44,115398,86,0,358,0,380,362,0,"Anderson",76978,648.23715866871,0.435897435897436,111.720231754527,368.936579282392,43.5897435897436
2022-08-19,24961,32,15507,15,9454,17,16904,16,98547,37,115451,53,0,358,0,380,362,0,"Anderson",76978,640.442723895139,0.426315789473684,68.8508404998831,41.5703187923822,42.6315789473684
2022-08-20,24975,14,15514,7,9461,7,16912,8,98576,29,115488,37,0,358,0,380,362,0,"Anderson",76978,636.545506508353,0.422872340425532,48.065681103692,18.1870144716672,42.2872340425532
2022-08-21,24989,14,15520,6,9469,8,16919,7,98607,31,115526,38,0,358,0,380,362,0,"Anderson",76978,639.143651432877,0.409326424870466,49.3647535659539,18.1870144716672,40.9326424870466
2022-08-22,25053,64,15545,25,9508,39,16944,25,98644,37,115588,62,0,358,0,380,363,1,"Anderson",76978,653.433448517758,0.390977443609023,80.5424926602406,83.1406375847645,39.0977443609023
2022-08-23,25133,80,15577,32,9556,48,16977,33,98676,32,115653,65,3,361,0,380,364,1,"Anderson",76978,693.704694847879,0.3925,84.4397100470264,103.925796980956,39.25
2022-08-24,25198,65,15600,23,9598,42,17003,26,98714,38,115717,64,0,361,0,380,364,0,"Anderson",76978,718.387071630856,0.387654320987654,83.1406375847645,84.4397100470264,38.7654320987654
2022-08-25,25242,44,15623,23,9619,21,17028,25,98753,39,115781,64,1,362,0,380,365,1,"Anderson",76978,406.609680687989,0.365535248041775,83.1406375847645,57.1591883395256,36.5535248041775
2022-08-26,25274,32,15638,15,9636,17,17044,16,98810,57,115854,73,0,362,0,380,365,0,"Anderson",76978,406.609680687989,0.347394540942928,94.832289745122,41.5703187923822,34.7394540942928
2022-08-27,25314,40,15647,9,9667,31,17053,9,98846,36,115899,45,0,362,0,380,365,0,"Anderson",76978,440.385564706799,0.343065693430657,58.4582608017875,51.9628984904778,34.3065693430657
2022-08-28,25323,9,15651,4,9672,5,17057,4,98874,28,115931,32,0,362,0,380,365,0,"Anderson",76978,433.89020239549,0.340740740740741,41.5703187923822,11.6916521603575,34.0740740740741
2022-08-29,25358,35,15665,14,9693,21,17073,16,98885,11,115958,27,0,362,0,380,366,1,"Anderson",76978,396.217100989893,0.348648648648649,35.0749564810725,45.4675361791681,34.8648648648649
2022-08-30,25403,45,15681,16,9722,29,17090,17,98901,16,115991,33,2,364,0,380,366,0,"Anderson",76978,350.749564810725,0.334319526627219,42.8693912546442,58.4582608017875,33.4319526627219
2022-08-31,25450,47,15712,31,9738,16,17123,33,98950,49,116073,82,0,364,0,380,366,0,"Anderson",76978,327.36626049001,0.337078651685393,106.523941905479,61.0564057263114,33.7078651685393
2022-09-01,25480,30,15726,14,9754,16,17138,15,98978,28,116116,43,1,365,0,380,366,0,"Anderson",76978,309.179246018343,0.328358208955224,55.8601158772636,38.9721738678584,32.8358208955224
2022-09-02,25507,27,15740,14,9767,13,17152,14,99022,44,116174,58,0,365,0,380,366,0,"Anderson",76978,302.683883707033,0.3375,75.3462028111928,35.0749564810725,33.75
2022-09-03,25527,20,15751,11,9776,9,17163,11,99042,20,116205,31,0,365,0,380,367,1,"Anderson",76978,276.702434461794,0.359477124183007,40.2712463301203,25.9814492452389,35.9477124183007
2022-09-04,25539,12,15753,2,9786,10,17165,2,99056,14,116221,16,0,365,0,380,367,0,"Anderson",76978,280.59965184858,0.372413793103448,20.7851593961911,15.5888695471433,37.2413793103448
2022-09-05,25548,9,15755,2,9793,7,17167,2,99070,14,116237,16,0,365,0,380,367,0,"Anderson",76978,246.82376782977,0.336917562724014,20.7851593961911,11.6916521603575,33.6917562724014
2022-09-06,25584,36,15767,12,9817,24,17179,12,99087,17,116266,29,0,365,0,380,367,0,"Anderson",76978,235.132115669412,0.323636363636364,37.6731014055964,46.76660864143,32.3636363636364
2022-09-07,25623,39,15782,15,9841,24,17195,16,99121,34,116316,50,0,365,0,380,367,0,"Anderson",76978,224.739535971316,0.296296296296296,64.9536231130973,50.6638260282159,29.6296296296296
2022-09-08,25645,22,15791,9,9854,13,17204,9,99139,18,116343,27,0,365,0,380,368,1,"Anderson",76978,214.346956273221,0.290748898678414,35.0749564810725,28.5795941697628,29.0748898678414
2022-09-09,25659,14,15798,7,9861,7,17211,7,99184,45,116395,52,0,365,0,380,368,0,"Anderson",76978,197.459014263816,0.266968325791855,67.5517680376211,18.1870144716672,26.6968325791855
2022-09-10,25674,15,15805,7,9869,8,17220,9,99204,20,116424,29,0,365,0,380,368,0,"Anderson",76978,190.963651952506,0.26027397260274,37.6731014055964,19.4860869339292,26.027397260274
2022-09-11,25681,7,15807,2,9874,5,17223,3,99218,14,116441,17,0,365,0,380,368,0,"Anderson",76978,184.468289641196,0.263636363636364,22.0842318584531,9.09350723583361,26.3636363636364
2022-09-12,25694,13,15812,5,9882,8,17229,6,99230,12,116459,18,0,365,0,380,368,0,"Anderson",76978,189.664579490244,0.279279279279279,23.383304320715,16.8879420094053,27.9279279279279
2022-09-13,25720,26,15824,12,9896,14,17242,13,99252,22,116494,35,0,365,0,380,368,0,"Anderson",76978,176.673854867625,0.276315789473684,45.4675361791681,33.7758840188106,27.6315789473684
2022-09-14,25737,17,15832,8,9905,9,17250,8,99278,26,116528,34,1,366,0,380,368,0,"Anderson",76978,148.094260697862,0.259433962264151,44.1684637169061,22.0842318584531,25.9433962264151
2022-09-15,25795,58,15849,17,9946,41,17268,18,99320,42,116588,60,2,368,0,380,368,0,"Anderson",76978,194.860869339292,0.261224489795918,77.9443477357167,75.3462028111928,26.1224489795918
2022-09-16,25811,16,15853,4,9958,12,17272,4,99366,46,116638,50,0,368,0,380,368,0,"Anderson",76978,197.459014263816,0.251028806584362,64.9536231130973,20.7851593961911,25.1028806584362
2022-09-17,25821,10,15854,1,9967,9,17275,3,99379,13,116654,16,0,368,0,380,368,0,"Anderson",76978,190.963651952506,0.239130434782609,20.7851593961911,12.9907246226195,23.9130434782609
2020-03-12,1,1,1,1,0,0,1,1,11,11,12,12,0,0,0,0,0,0,"East TN",2455501,NA,NA,0.488698640318208,0.040724886693184,NA
2020-03-13,1,0,1,0,0,0,1,0,23,12,24,12,0,0,0,0,0,0,"East TN",2455501,NA,NA,0.488698640318208,0,NA
2020-03-14,3,2,3,2,0,0,3,2,50,27,53,29,0,0,0,0,0,0,"East TN",2455501,NA,NA,1.18102171410234,0.081449773386368,NA
2020-03-15,3,0,3,0,0,0,3,0,53,3,56,3,0,0,0,0,0,0,"East TN",2455501,NA,NA,0.122174660079552,0,NA
2020-03-16,5,2,5,2,0,0,5,2,89,36,94,38,0,0,0,0,0,0,"East TN",2455501,NA,NA,1.54754569434099,0.081449773386368,NA
2020-03-17,6,1,6,1,0,0,5,0,130,41,135,41,0,0,0,0,0,0,"East TN",2455501,NA,NA,1.66972035442054,0.040724886693184,NA
2020-03-18,8,2,8,2,0,0,7,2,171,41,178,43,0,0,0,0,0,0,"East TN",2455501,0.325799093545472,0.0393258426966292,1.75117012780691,0.081449773386368,3.93258426966292
2020-03-19,11,3,11,3,0,0,11,4,238,67,249,71,0,0,0,0,0,0,"East TN",2455501,0.40724886693184,0.0421940928270042,2.89146695521606,0.122174660079552,4.21940928270042
2020-03-20,29,18,29,18,0,0,27,16,382,144,409,160,0,0,2,2,0,0,"East TN",2455501,1.14029682740915,0.0675324675324675,6.51598187090944,0.733047960477312,6.75324675324675
2020-03-21,38,9,38,9,0,0,38,11,610,228,648,239,0,0,1,3,1,1,"East TN",2455501,1.42537103426144,0.0588235294117647,9.73324791967098,0.366523980238656,5.88235294117647
2020-03-22,48,10,47,9,1,1,43,5,713,103,756,108,0,0,4,7,2,1,"East TN",2455501,1.83261990119328,0.0571428571428571,4.39828776286387,0.40724886693184,5.71428571428571
2020-03-23,64,16,63,16,1,0,56,13,846,133,902,146,0,0,4,11,2,0,"East TN",2455501,2.40276831489786,0.0631188118811881,5.94583345720486,0.651598187090944,6.31188118811881
2020-03-24,83,19,82,19,1,0,70,14,987,141,1057,155,0,0,5,16,2,0,"East TN",2455501,3.13581627537517,0.0704989154013015,6.31235743744352,0.773772847170496,7.04989154013015
2020-03-25,116,33,115,33,1,0,99,29,1288,301,1387,330,0,0,12,28,3,1,"East TN",2455501,4.39828776286387,0.076095947063689,13.4392126087507,1.34392126087507,7.6095947063689
2020-03-26,144,28,143,28,1,0,130,31,1774,486,1904,517,0,0,5,33,4,1,"East TN",2455501,5.41640993019347,0.0719033232628399,21.0547664203761,1.14029682740915,7.19033232628399
2020-03-27,166,22,165,22,1,0,147,17,2171,397,2318,414,0,0,6,39,4,0,"East TN",2455501,5.57930947696621,0.0628601361969618,16.8601030909782,0.895947507250048,6.28601361969618
2020-03-28,197,31,196,31,1,0,180,33,2608,437,2788,470,0,0,8,47,4,0,"East TN",2455501,6.47525698421626,0.0663551401869159,19.1406967457965,1.2624714874887,6.63551401869159
2020-03-29,213,16,212,16,1,0,196,16,2795,187,2991,203,0,0,3,50,7,3,"East TN",2455501,6.71960630437536,0.0684563758389262,8.26715199871635,0.651598187090944,6.84563758389262
2020-03-30,246,33,245,33,1,0,226,30,3345,550,3571,580,0,0,8,58,9,2,"East TN",2455501,7.41192937815949,0.0636942675159236,23.6204342820467,1.34392126087507,6.36942675159236
2020-03-31,295,49,294,49,1,0,278,52,3645,300,3923,352,0,0,12,70,10,1,"East TN",2455501,8.63367597895501,0.0725750174459177,14.3351601160008,1.99551944796602,7.25750174459177
2020-04-01,346,51,345,51,1,0,336,58,4243,598,4579,656,0,0,9,79,12,2,"East TN",2455501,9.36672393943232,0.0742481203007519,26.7155256707287,2.07696922135238,7.42481203007519
2020-04-02,391,45,390,45,1,0,383,47,4839,596,5222,643,2,7,5,84,14,2,"East TN",2455501,10.0590470132164,0.0762507534659433,26.1861021437173,1.83261990119328,7.62507534659433
2020-04-03,412,21,411,21,1,0,401,18,5124,285,5525,303,1,8,2,86,17,3,"East TN",2455501,10.0183221265233,0.0792017461802308,12.3396406680348,0.855222620556864,7.92017461802307
2020-04-04,447,35,446,35,1,0,431,30,5716,592,6147,622,3,11,5,91,19,2,"East TN",2455501,10.181221673296,0.0747246204227449,25.3308795231604,1.42537103426144,7.47246204227449
2020-04-05,473,26,472,26,1,0,464,33,6093,377,6557,410,-1,10,2,93,20,1,"East TN",2455501,10.5884705402278,0.0751542344363432,16.6972035442054,1.05884705402278,7.51542344363432
2020-04-06,514,41,513,41,1,0,514,50,6626,533,7140,583,8,18,5,98,20,0,"East TN",2455501,10.9142696337733,0.080694872513309,23.7426089421263,1.66972035442054,8.0694872513309
2020-04-07,570,56,569,56,1,0,592,78,7755,1129,8347,1207,0,18,7,105,21,1,"East TN",2455501,11.1993438406256,0.0709764918625678,49.1549382386731,2.2805936548183,7.09764918625678
2020-04-08,607,37,606,37,1,0,632,40,8162,407,8794,447,1,19,8,113,25,4,"East TN",2455501,10.629195426921,0.0702253855278766,18.2040243518532,1.50682080764781,7.02253855278766
2020-04-09,633,26,632,26,1,0,662,30,8613,451,9275,481,3,22,2,115,25,0,"East TN",2455501,9.85542257975053,0.0688378978534419,19.5886704994215,1.05884705402278,6.88378978534419
2020-04-10,655,22,654,22,1,0,682,20,8941,328,9623,348,0,22,4,119,25,0,"East TN",2455501,9.89614746644371,0.0685700341630063,14.172260569228,0.895947507250048,6.85700341630063
2020-04-11,679,24,678,24,1,0,728,46,10022,1081,10750,1127,2,24,5,124,27,2,"East TN",2455501,9.44817371281869,0.0645231370845101,45.8969473032184,0.977397280636416,6.45231370845101
2020-04-12,709,30,708,30,1,0,761,33,11472,1450,12233,1483,0,24,1,125,28,1,"East TN",2455501,9.61107325959142,0.0523255813953488,60.3950069659919,1.22174660079552,5.23255813953488
2020-04-13,738,29,737,29,1,0,803,42,12435,963,13238,1005,0,24,7,132,32,4,"East TN",2455501,9.12237461927321,0.0473925877336832,40.9285111266499,1.18102171410234,4.73925877336832
2020-04-14,749,11,748,11,1,0,823,20,12720,285,13543,305,4,28,1,133,33,1,"East TN",2455501,7.28975471807994,0.0444572748267898,12.4210904414211,0.447973753625024,4.44572748267898
2020-04-15,773,24,772,24,1,0,850,27,13132,412,13982,439,2,30,4,137,34,1,"East TN",2455501,6.76033119106854,0.0420200462606014,17.8782252583078,0.977397280636416,4.20200462606014
2020-04-16,801,28,800,28,1,0,886,36,13808,676,14694,712,1,31,6,143,34,0,"East TN",2455501,6.84178096445491,0.0413360398597527,28.996119325547,1.14029682740915,4.13360398597527
2020-04-17,823,22,821,21,2,1,916,30,14137,329,15053,359,0,31,4,147,35,1,"East TN",2455501,6.84178096445491,0.0430939226519337,14.6202343228531,0.895947507250048,4.30939226519337
2020-04-18,835,12,833,12,2,0,935,19,14918,781,15853,800,0,31,0,147,35,0,"East TN",2455501,6.3530823241367,0.0405643738977072,32.5799093545472,0.488698640318208,4.05643738977072
2020-04-19,914,79,912,79,2,0,1016,81,15604,686,16620,767,1,32,1,148,35,0,"East TN",2455501,8.34860177210272,0.0581262821974014,31.2359880936721,3.21726604876154,5.81262821974014
2020-04-20,939,25,931,19,8,6,1033,17,16567,963,17600,980,0,32,2,150,35,0,"East TN",2455501,8.18570222532998,0.0527281063732233,39.9103889593203,1.0181221673296,5.27281063732233
2020-04-21,1045,106,1037,106,8,0,1154,121,19273,2706,20427,2827,0,32,6,156,36,1,"East TN",2455501,12.0545664611825,0.0480825101685067,115.129254681631,4.3168379894775,4.80825101685067
2020-04-22,1247,202,1237,200,10,2,1354,200,21825,2552,23179,2752,2,34,2,158,36,0,"East TN",2455501,19.3035962925692,0.0548004784168751,112.074888179642,8.22642711202317,5.48004784168751
2020-04-23,1492,245,1480,243,12,2,1601,247,22932,1107,24533,1354,0,34,3,161,36,0,"East TN",2455501,28.1408967049901,0.0726699867872751,55.1414965825711,9.97759723983008,7.26699867872751
2020-04-24,1540,48,1527,47,13,1,1655,54,25621,2689,27276,2743,0,34,4,165,36,0,"East TN",2455501,29.1997437590129,0.0604597889225231,111.708364199404,1.95479456127283,6.04597889225231
2020-04-25,1563,23,1546,19,17,4,1674,19,26396,775,28070,794,0,34,3,168,37,1,"East TN",2455501,29.647717512638,0.0604894818695261,32.3355600343881,0.936672393943232,6.04894818695261
2020-04-26,1583,20,1565,19,18,1,1700,26,27513,1117,29213,1143,0,34,0,168,37,0,"East TN",2455501,27.2449491977401,0.0543158897800365,46.5485454903093,0.81449773386368,5.43158897800365
2020-04-27,1652,69,1633,68,19,1,1772,72,28428,915,30200,987,0,34,8,176,38,1,"East TN",2455501,29.0368442122402,0.0586507936507936,40.1954631661726,2.8100171818297,5.86507936507936
2020-04-28,1689,37,1667,34,22,3,1812,40,30602,2174,32414,2214,2,36,1,177,39,1,"East TN",2455501,26.2268270304105,0.0548928005339117,90.1648991387094,1.50682080764781,5.48928005339117
2020-04-29,1752,63,1729,62,23,1,1878,66,33345,2743,35223,2809,1,37,6,183,40,1,"East TN",2455501,20.5660677800579,0.0435071404848887,114.396206721154,2.56566786167059,4.35071404848887
2020-04-30,1774,22,1750,21,24,1,1900,22,33894,549,35794,571,0,37,1,184,40,0,"East TN",2455501,11.4844180474779,0.0265518160021312,23.2539103018081,0.895947507250048,2.65518160021312
2020-05-01,1814,40,1786,36,28,4,1929,29,35556,1662,37485,1691,0,37,0,184,40,0,"East TN",2455501,11.1586189539324,0.0268390635713586,68.8657833981741,1.62899546772736,2.68390635713586
2020-05-02,1835,21,1807,21,28,0,1966,37,37433,1877,39399,1914,0,37,3,187,40,0,"East TN",2455501,11.077169180546,0.0257745608615059,77.9474331307542,0.855222620556864,2.57745608615059
2020-05-03,1873,38,1840,33,33,5,2003,37,39553,2120,41556,2157,0,37,3,190,42,2,"East TN",2455501,11.8102171410234,0.0245483269869562,87.8435805971979,1.54754569434099,2.45483269869562
2020-05-04,1920,47,1884,44,36,3,2060,57,41499,1946,43559,2003,0,37,1,191,42,0,"East TN",2455501,10.9142696337733,0.0215584998877161,81.5719480464475,1.91406967457965,2.15584998877161
2020-05-05,1948,28,1911,27,37,1,2092,32,44409,2910,46501,2942,2,39,1,192,42,0,"East TN",2455501,10.5477456535347,0.0198764818627103,119.812616651347,1.14029682740915,1.98764818627103
2020-05-06,1985,37,1948,37,37,0,2135,43,45453,1044,47588,1087,1,40,0,192,42,0,"East TN",2455501,9.48889859951187,0.0207844723008492,44.267951835491,1.50682080764781,2.07844723008492
2020-05-07,2028,43,1989,41,39,2,2183,48,46845,1392,49028,1440,0,40,4,196,46,4,"East TN",2455501,10.3441212200687,0.0213843131328397,58.643836838185,1.75117012780691,2.13843131328397
2020-05-08,2047,19,2008,19,39,0,2219,36,48515,1670,50734,1706,1,41,0,196,47,1,"East TN",2455501,9.48889859951187,0.0218884444108989,69.4766566985719,0.773772847170496,2.18884444108989
2020-05-09,2063,16,2022,14,41,2,2237,18,51333,2818,53570,2836,0,41,1,197,48,1,"East TN",2455501,9.28527416604595,0.0191235622045022,115.49577866187,0.651598187090944,1.91235622045022
2020-05-10,2079,16,2037,15,42,1,2256,19,53897,2564,56153,2583,1,42,3,200,48,0,"East TN",2455501,8.3893266587959,0.0173323285606631,105.192382328494,0.651598187090944,1.73323285606631
2020-05-11,2140,61,2097,60,43,1,2307,51,55468,1571,57775,1622,3,45,5,205,50,2,"East TN",2455501,8.95947507250048,0.0173747889701744,66.0557662163444,2.48421808828422,1.73747889701745
2020-05-12,2193,53,2150,53,43,0,2373,66,59022,3554,61395,3620,3,48,3,208,50,0,"East TN",2455501,9.97759723983008,0.0188666577145159,147.424089829326,2.15841899473875,1.88666577145159
2020-05-13,2247,54,2201,51,46,3,2425,52,60647,1625,63072,1677,0,48,7,215,52,2,"East TN",2455501,10.6699203136142,0.0187290105915784,68.2956349844696,2.19914388143194,1.87290105915784
2020-05-14,2278,31,2232,31,46,0,2470,45,62356,1709,64826,1754,1,49,2,217,53,1,"East TN",2455501,10.181221673296,0.018166856564122,71.4314512598447,1.2624714874887,1.8166856564122
2020-05-15,2306,28,2260,28,46,0,2507,37,64675,2319,67182,2356,1,50,4,221,53,0,"East TN",2455501,10.5477456535347,0.0175097276264591,95.9478330491415,1.14029682740915,1.75097276264591
2020-05-16,2316,10,2270,10,46,0,2525,18,67443,2768,69968,2786,1,51,1,222,53,0,"East TN",2455501,10.3033963333756,0.017563117453348,113.459534327211,0.40724886693184,1.7563117453348
2020-05-17,2396,80,2350,80,46,0,2604,79,69670,2227,72274,2306,0,51,4,226,55,2,"East TN",2455501,12.9097890817393,0.0215867502016004,93.9115887144823,3.25799093545472,2.15867502016004
2020-05-18,2445,49,2398,48,47,1,2665,61,71548,1878,74213,1939,0,51,3,229,55,0,"East TN",2455501,12.4210904414211,0.0217788052074462,78.9655552980838,1.99551944796602,2.17788052074462
2020-05-19,2486,41,2438,40,48,1,2705,40,72672,1124,75377,1164,1,52,3,232,55,0,"East TN",2455501,11.9323918011029,0.0237448147618366,47.4037681108662,1.66972035442054,2.37448147618366
2020-05-20,2528,42,2480,42,48,0,2750,45,74412,1740,77162,1785,0,52,3,235,55,0,"East TN",2455501,11.4436931607847,0.0230660042583392,72.6939227473334,1.71044524111373,2.30660042583392
2020-05-21,2769,241,2720,240,49,1,2988,238,75874,1462,78862,1700,0,52,4,239,56,1,"East TN",2455501,19.9959193663533,0.0369051011684241,69.2323073784128,9.81469769305734,3.69051011684241
2020-05-22,2860,91,2808,88,52,3,3066,78,77398,1524,80464,1602,0,52,7,246,56,0,"East TN",2455501,22.5615872280239,0.0420870350850776,65.2412684824808,3.70596468907974,4.20870350850775
2020-05-23,2926,66,2870,62,56,4,3157,91,79612,2214,82769,2305,2,54,7,253,57,1,"East TN",2455501,24.8421808828422,0.0493711428794625,93.8708638277891,2.68784252175014,4.93711428794625
2020-05-24,2978,52,2922,52,56,0,3227,70,81732,2120,84959,2190,0,54,0,253,58,1,"East TN",2455501,23.7018840554331,0.0491131257390619,89.187501858073,2.11769410804557,4.91131257390619
2020-05-25,3062,84,3005,83,57,1,3321,94,84382,2650,87703,2744,1,55,2,255,58,0,"East TN",2455501,25.1272550896945,0.0486286137879911,111.749089086097,3.42089048222746,4.86286137879911
2020-05-26,3123,61,3057,52,66,9,3377,56,86768,2386,90145,2442,1,56,3,258,58,0,"East TN",2455501,25.9417528235582,0.0455037919826652,99.4501733047553,2.48421808828422,4.55037919826652
2020-05-27,3199,76,3130,73,69,3,3444,67,88635,1867,92079,1934,0,56,9,267,58,0,"East TN",2455501,27.3263989711265,0.0465241000201113,78.7619308646179,3.09509138868198,4.65241000201113
2020-05-28,3273,74,3204,74,69,0,3511,67,90034,1399,93545,1466,0,56,1,268,58,0,"East TN",2455501,20.5253428933647,0.0356194238234693,59.7026838922077,3.01364161529562,3.56194238234693
2020-05-29,3348,75,3278,74,70,1,3594,83,91312,1278,94906,1361,0,56,4,272,58,0,"East TN",2455501,19.8737447062738,0.0365600332363939,55.4265707894234,3.0543665019888,3.65600332363939
2020-05-30,3421,73,3350,72,71,1,3675,81,93557,2245,97232,2326,0,56,5,277,59,1,"East TN",2455501,20.1588189131261,0.0358155292816152,94.726086448346,2.97291672860243,3.58155292816152
2020-05-31,3533,112,3460,110,73,2,3769,94,96340,2783,100109,2877,0,56,1,278,60,1,"East TN",2455501,22.6023121147171,0.0357755775577558,117.16549901629,4.56118730963661,3.57755775577558
2020-06-01,3629,96,3553,93,76,3,3902,133,100171,3831,104073,3964,0,56,5,283,60,0,"East TN",2455501,23.0910107550353,0.0354917532070861,161.433450851781,3.90958912254566,3.54917532070861
2020-06-02,3736,107,3658,105,78,2,4017,115,104230,4059,108247,4174,1,57,3,286,64,4,"East TN",2455501,24.9643555429218,0.0353552093691305,169.98567705735,4.35756287617069,3.53552093691305
2020-06-03,3786,50,3708,50,78,0,4067,50,106161,1931,110228,1981,0,57,4,290,65,1,"East TN",2455501,23.905508488899,0.0343269601630944,80.6760005391975,2.0362443346592,3.43269601630944
2020-06-04,3837,51,3757,49,80,2,4128,61,107708,1547,111836,1608,6,63,5,295,66,1,"East TN",2455501,22.9688360949558,0.0337324367175113,65.4856178026399,2.07696922135238,3.37324367175113
2020-06-05,3936,99,3852,95,84,4,4210,82,109864,2156,114074,2238,1,64,4,299,67,1,"East TN",2455501,23.9462333755922,0.0321368948247078,91.1422964193458,4.03176378262522,3.21368948247079
2020-06-06,3989,53,3902,50,87,3,4285,75,112967,3103,117252,3178,1,65,4,303,67,0,"East TN",2455501,23.1317356417285,0.0304695304695305,129.423689910939,2.15841899473875,3.04695304695305
2020-06-07,4047,58,3958,56,89,2,4366,81,116924,3957,121290,4038,0,65,6,309,68,1,"East TN",2455501,20.9325917602966,0.0281856380718569,164.447092467077,2.36204342820467,2.81856380718569
2020-06-08,4207,160,4114,156,93,4,4523,157,119875,2951,124398,3108,0,65,6,315,68,0,"East TN",2455501,23.5389845086604,0.0305535055350553,126.572947842416,6.51598187090944,3.05535055350553
2020-06-09,4315,108,4221,107,94,1,4641,118,122202,2327,126843,2445,1,66,7,322,69,1,"East TN",2455501,23.5797093953535,0.0335556033555603,99.5723479648349,4.39828776286387,3.35556033555603
2020-06-10,4392,77,4295,74,97,3,4715,74,125038,2836,129753,2910,0,66,6,328,69,0,"East TN",2455501,24.6792813360695,0.0331882202304737,118.509420277165,3.13581627537517,3.31882202304738
2020-06-11,4656,264,4557,262,99,2,4995,280,127329,2291,132324,2571,1,67,8,336,69,0,"East TN",2455501,33.3536822017177,0.0423174541194846,104.703683688176,10.7513700870006,4.23174541194846
2020-06-12,4827,171,4727,170,100,1,5167,172,129955,2626,135122,2798,2,69,3,339,70,1,"East TN",2455501,36.2858740436269,0.0454675028506271,113.948232967529,6.96395562453446,4.54675028506271
2020-06-13,4975,148,4871,144,104,4,5335,168,132146,2191,137481,2359,0,69,4,343,71,1,"East TN",2455501,40.1547382794794,0.0519056799644075,96.0700077092211,6.02728323059123,5.19056799644075
2020-06-14,5091,116,4986,115,105,1,5470,135,136014,3868,141484,4003,0,69,4,347,72,1,"East TN",2455501,42.5167817076841,0.0546697038724374,163.021721432816,4.72408685640934,5.46697038724374
2020-06-15,5273,182,5157,171,116,11,5649,179,139187,3173,144836,3352,0,69,9,356,77,5,"East TN",2455501,43.4127292149341,0.0550934533711713,136.509820195553,7.41192937815949,5.50934533711713
2020-06-16,5427,154,5309,152,118,2,5807,158,140986,1799,146793,1957,3,72,4,360,80,3,"East TN",2455501,45.2860740028206,0.0584461152882206,79.6986032585611,6.27163255075034,5.84461152882206
2020-06-17,5560,133,5439,130,121,3,5929,122,142426,1440,148355,1562,3,75,6,366,82,2,"East TN",2455501,47.5666676576389,0.0652617998064724,63.6122730147534,5.41640993019347,6.52617998064724
2020-06-18,5738,178,5616,177,122,1,6135,206,146017,3591,152152,3797,1,76,12,378,82,0,"East TN",2455501,44.0643274020251,0.0574944522896913,154.63239477402,7.24902983138675,5.74944522896913
2020-06-19,5873,135,5747,131,126,4,6253,118,147480,1463,153733,1581,4,80,13,391,83,1,"East TN",2455501,42.5982314810705,0.058352587179625,64.3860458619239,5.49785970357984,5.8352587179625
2020-06-20,5939,66,5812,65,127,1,6348,95,149655,2175,156003,2270,0,80,7,398,83,0,"East TN",2455501,39.2587907722294,0.0546917179570241,92.4454927935277,2.68784252175014,5.46917179570241
2020-06-21,6027,88,5899,87,128,1,6467,119,153005,3350,159472,3469,1,81,3,401,86,3,"East TN",2455501,38.1184939448202,0.0554258394485212,141.274631938655,3.58379002900019,5.54258394485212
2020-06-22,6223,196,6088,189,135,7,6665,198,156416,3411,163081,3609,1,82,7,408,87,1,"East TN",2455501,38.6886423585248,0.0556864894491642,146.976116075701,7.98207779186406,5.56864894491642
2020-06-23,6413,190,6272,184,141,6,6849,184,158220,1804,165069,1988,4,86,15,423,87,0,"East TN",2455501,40.1547382794794,0.0570146640402714,80.9610747460498,7.73772847170496,5.70146640402714
2020-06-24,6591,178,6448,176,143,2,7032,183,159851,1631,166883,1814,2,88,9,432,87,0,"East TN",2455501,41.9873581806727,0.0595315198618307,73.8749444614358,7.24902983138675,5.95315198618307
2020-06-25,6760,169,6608,160,152,9,7216,184,163024,3173,170240,3357,0,88,8,440,87,0,"East TN",2455501,41.620834200434,0.0597633790358249,136.713444629019,6.8825058511481,5.97633790358249
2020-06-26,6974,214,6812,204,162,10,7388,172,164612,1588,172000,1760,1,89,16,456,87,0,"East TN",2455501,44.8381002491956,0.0621339026660097,71.6758005800038,8.71512575234138,6.21339026660097
2020-06-27,7048,74,6881,69,167,5,7434,46,164821,209,172255,255,-1,88,5,461,89,2,"East TN",2455501,45.1638993427411,0.0668225449175486,10.3848461067619,3.01364161529562,6.68225449175486
2020-06-28,7175,127,7006,125,169,2,7605,171,167908,3087,175513,3258,0,88,5,466,90,1,"East TN",2455501,46.7521699237752,0.0709432080294246,132.681680846393,5.17206061003437,7.09432080294246
2020-06-29,7518,343,7347,341,171,2,7945,340,173175,5267,181120,5607,1,89,22,488,91,1,"East TN",2455501,52.7387282676733,0.0709573701424691,228.344439688683,13.9686361357621,7.09573701424691
2020-06-30,7788,270,7613,266,175,4,8393,448,179461,6286,187854,6734,0,89,22,510,92,1,"East TN",2455501,55.996719203128,0.0677638797454466,274.241386991901,10.9957194071597,6.77638797454466
2020-07-01,8063,275,7885,272,178,3,8727,334,182665,3204,191392,3538,0,89,17,527,95,3,"East TN",2455501,59.9470332123668,0.0691582683912032,144.084649120485,11.1993438406256,6.91582683912032
2020-07-02,8543,480,8360,475,183,5,9333,606,189047,6382,198380,6988,2,91,25,552,98,3,"East TN",2455501,72.6124729739471,0.0752309879175551,284.58550821197,19.5479456127283,7.52309879175551
2020-07-03,8769,226,8580,220,189,6,9561,228,192402,3355,201963,3583,5,96,14,566,99,1,"East TN",2455501,73.1011716142653,0.0725227780929813,145.917269021678,9.20382439265958,7.25227780929813
2020-07-04,8989,220,8798,218,191,2,9841,280,197166,4764,207007,5044,2,98,15,581,105,6,"East TN",2455501,79.0470050714701,0.0692622007366483,205.41632848042,8.95947507250048,6.92622007366483
2020-07-05,9309,320,9117,319,192,1,10209,368,201011,3845,211220,4213,2,100,12,593,108,3,"East TN",2455501,86.9069082032546,0.0729268770829249,171.573947638384,13.0319637418189,7.29268770829249
2020-07-06,9543,234,9340,223,203,11,10419,210,202641,1630,213060,1840,4,104,26,619,108,0,"East TN",2455501,82.4678955536976,0.0774577332498435,74.9337915154586,9.52962348620506,7.74577332498435
2020-07-07,9991,448,9779,439,212,9,10985,566,208917,6276,219902,6842,0,104,32,651,109,1,"East TN",2455501,89.7169253850844,0.0808786819770344,278.639674754765,18.2447492385464,8.08786819770345
2020-07-08,10372,381,10150,371,222,10,11419,434,213085,4168,224504,4602,1,105,20,671,109,0,"East TN",2455501,94.0337633745619,0.0812998308770234,187.415928562033,15.5161818301031,8.12998308770234
2020-07-09,10821,449,10585,435,236,14,11891,472,219034,5949,230925,6421,1,106,24,695,113,4,"East TN",2455501,92.7712918870731,0.0785988631126133,261.494497456934,18.2854741252396,7.85988631126133
2020-07-10,11288,467,11040,455,248,12,12344,453,222318,3284,234662,3737,0,106,29,724,115,2,"East TN",2455501,102.58598958013,0.0851096363803174,152.188901572429,19.0185220857169,8.51096363803175
2020-07-11,11594,306,11339,299,255,7,12766,422,226796,4478,239562,4900,5,111,23,747,120,5,"East TN",2455501,106.088329835744,0.0898479496237137,199.551944796602,12.4618153281143,8.98479496237137
2020-07-12,12064,470,11801,462,263,8,13399,633,232725,5929,246124,6562,1,112,25,772,125,5,"East TN",2455501,112.197062839722,0.0913935365574146,267.236706480673,19.1406967457965,9.13935365574146
2020-07-13,12418,354,12142,341,276,13,13742,343,236158,3433,249900,3776,3,115,20,792,129,4,"East TN",2455501,117.084049242904,0.0902008686210641,153.777172153463,14.4166098893871,9.02008686210641
2020-07-14,12933,515,12652,510,281,5,14326,584,240646,4488,254972,5072,4,119,34,826,133,4,"East TN",2455501,119.812616651347,0.0952666096378671,206.556625307829,20.9733166469898,9.52666096378671
2020-07-15,13313,380,13026,374,287,6,14709,383,243742,3096,258451,3479,6,125,24,850,140,7,"East TN",2455501,119.771891764654,0.0969157804813386,141.681880805587,15.4754569434099,9.69157804813386
2020-07-16,14140,827,13838,812,302,15,15806,1097,253573,9831,269379,10928,6,131,44,894,142,2,"East TN",2455501,135.165898934678,0.101809954751131,445.041561783115,33.6794812952632,10.1809954751131
2020-07-17,14608,468,14292,454,316,14,16317,511,257892,4319,274209,4830,3,134,24,918,147,5,"East TN",2455501,135.206623821371,0.100462740536577,196.701202728079,19.0592469724101,10.0462740536577
2020-07-18,15117,509,14786,494,331,15,16985,668,265980,8088,282965,8756,6,140,27,945,150,3,"East TN",2455501,143.473775820087,0.097205262309057,356.587107885519,20.7289673268307,9.7205262309057
2020-07-19,15598,481,15248,462,350,19,17545,560,270832,4852,288377,5412,0,140,26,971,154,4,"East TN",2455501,143.921749573712,0.098123210186259,220.403086783512,19.5886704994215,9.8123210186259
2020-07-20,16033,435,15668,420,365,15,17956,411,273289,2457,291245,2868,2,142,29,1000,158,4,"East TN",2455501,147.22046539586,0.101922844358447,116.798975036052,17.715325711535,10.1922844358447
2020-07-21,17034,1001,16652,984,382,17,19168,1212,281667,8378,300835,9590,1,143,61,1061,161,3,"East TN",2455501,167.012760328748,0.105575300351046,390.551663387635,40.7656115798772,10.5575300351046
2020-07-22,17618,584,17220,568,398,16,19822,654,284967,3300,304789,3954,4,147,29,1090,166,5,"East TN",2455501,175.320637214157,0.11034140446286,161.02620198485,23.7833338288195,11.034140446286
2020-07-23,18412,794,17992,772,420,22,20821,999,295168,10201,315989,11200,4,151,50,1140,172,6,"East TN",2455501,173.976715953282,0.107594936708861,456.118730963661,32.3355600343881,10.7594936708861
2020-07-24,19015,603,18582,590,433,13,21505,684,300975,5807,322480,6491,2,153,34,1174,179,7,"East TN",2455501,179.474575656862,0.107476538708541,264.345239525457,24.55710667599,10.7476538708541
2020-07-25,19992,977,19547,965,445,12,22706,1201,310582,9607,333288,10808,10,163,29,1203,187,8,"East TN",2455501,198.533822629272,0.113685591081613,440.154575379933,39.7882142992408,11.3685591081613
2020-07-26,20767,775,20307,760,460,15,23603,897,318100,7518,341703,8415,1,164,21,1224,194,7,"East TN",2455501,210.506939317068,0.113603120429059,342.699921523143,31.5617871872176,11.3603120429059
2020-07-27,21412,645,20930,623,482,22,24308,705,322563,4463,346871,5168,6,170,38,1262,198,4,"East TN",2455501,219.059165522637,0.114191205551361,210.466214430375,26.2675519171037,11.4191205551361
2020-07-28,22227,815,21722,792,505,23,25280,972,330777,8214,356057,9186,7,177,50,1312,203,5,"East TN",2455501,211.484336597704,0.110680525877368,374.098809163588,33.190782654945,11.0680525877368
2020-07-29,22570,343,22054,332,516,11,25596,316,332347,1570,357943,1886,5,182,24,1336,212,9,"East TN",2455501,201.669638904647,0.108627760845844,76.807136303345,13.9686361357621,10.8627760845844
2020-07-30,23757,1187,23226,1172,531,15,26976,1380,344877,12530,371853,13910,5,187,46,1382,219,7,"East TN",2455501,217.674519375068,0.110178290133181,566.48317390219,48.3404405048094,11.0178290133181
2020-07-31,24379,622,23832,606,547,16,27630,654,348844,3967,376474,4621,6,193,27,1409,228,9,"East TN",2455501,218.448292222239,0.11343853020706,188.189701409203,25.3308795231604,11.343853020706
2020-08-01,24938,559,24374,542,564,17,28266,636,355819,6975,384085,7611,1,194,16,1425,231,3,"East TN",2455501,201.425289584488,0.109455282792291,309.957112621823,22.7652116614899,10.9455282792291
2020-08-02,25369,431,24794,420,575,11,28749,483,359614,3795,388363,4278,4,198,21,1446,236,5,"East TN",2455501,187.415928562033,0.110287183883412,174.221065273441,17.5524261647623,11.0287183883412
2020-08-03,25995,626,25402,608,593,18,29457,708,363758,4144,393215,4852,3,201,39,1485,244,8,"East TN",2455501,186.642155714862,0.111103918522355,197.597150235329,25.4937790699332,11.1103918522355
2020-08-04,26481,486,25868,466,613,20,29983,526,369128,5370,399111,5896,6,207,34,1519,253,9,"East TN",2455501,173.243667992805,0.109234914293678,240.113931943013,19.7922949328874,10.9234914293678
2020-08-05,26949,468,26328,460,621,8,30504,521,373340,4212,403844,4733,9,216,20,1539,259,6,"East TN",2455501,178.334278829453,0.106925775037581,192.75088871884,19.0592469724101,10.6925775037581
2020-08-06,27679,730,27020,692,659,38,31355,851,380409,7069,411764,7920,7,223,37,1576,265,6,"East TN",2455501,159.723005610668,0.109719125053243,322.541102610017,29.7291672860243,10.9719125053243
2020-08-07,28234,555,27561,541,673,14,31974,619,384377,3968,416351,4587,6,229,34,1610,278,13,"East TN",2455501,156.994438202224,0.108934975048273,186.805055261635,22.6023121147171,10.8934975048273
2020-08-08,28909,675,28224,663,685,12,32774,800,394454,10077,427228,10877,8,237,24,1634,289,11,"East TN",2455501,161.718525058634,0.104489720232714,442.964592561762,27.4892985178992,10.4489720232714
2020-08-09,29437,528,28740,516,697,12,33408,634,398755,4301,432163,4935,2,239,20,1654,296,7,"East TN",2455501,165.668839067873,0.106369863013699,200.977315830863,21.5027401740012,10.6369863013699
2020-08-10,29740,303,29032,292,708,11,33736,328,401044,2289,434780,2617,3,242,26,1680,300,4,"East TN",2455501,152.514700665974,0.102947191146397,106.577028476063,12.3396406680348,10.2947191146397
2020-08-11,30352,612,29627,595,725,17,34421,685,407141,6097,441562,6782,17,259,28,1708,305,5,"East TN",2455501,157.646036389315,0.104544062566253,276.196181553174,24.9236306562286,10.4544062566253
2020-08-12,30797,445,30051,424,746,21,34895,474,410889,3748,445784,4222,6,265,25,1733,310,5,"East TN",2455501,156.709363995372,0.104697186456843,171.940471618623,18.1225745784669,10.4697186456843
2020-08-13,31614,817,30855,804,759,13,36012,1117,419450,8561,455462,9678,6,271,44,1777,318,8,"East TN",2455501,160.252429137679,0.106572383175431,394.135453416635,33.2722324283313,10.6572383175431
2020-08-14,32075,461,31287,432,788,29,36546,534,424106,4656,460652,5190,4,275,18,1795,325,7,"East TN",2455501,156.42428978852,0.103203087966412,211.362161937625,18.7741727655578,10.3203087966412
2020-08-15,32725,650,31925,638,800,12,37423,877,431041,6935,468464,7812,4,279,17,1812,334,9,"East TN",2455501,155.40616762119,0.112741294014938,318.142814847153,26.4711763505696,11.2741294014938
2020-08-16,33199,474,32388,463,811,11,38016,593,436505,5464,474521,6057,2,281,10,1822,343,9,"East TN",2455501,153.207023739758,0.108787005996506,246.670638700615,19.3035962925692,10.8787005996506
2020-08-17,33472,273,32591,203,881,70,38243,227,437974,1469,476217,1696,8,289,12,1834,349,6,"East TN",2455501,151.985277138963,0.108767526606656,69.0694078316401,11.1178940672392,10.8767526606656
2020-08-18,34102,630,33156,565,946,65,39055,812,448566,10592,487621,11404,8,297,22,1856,352,3,"East TN",2455501,152.71832509944,0.100610087062246,464.42660784907,25.6566786167059,10.0610087062246
2020-08-19,34557,455,33590,434,967,21,39552,497,453349,4783,492901,5280,7,304,22,1878,359,7,"East TN",2455501,153.125573966372,0.0988390602118131,215.027401740011,18.5298234453987,9.88390602118131
2020-08-20,35333,776,34345,755,988,21,40424,872,464881,11532,505305,12404,6,310,27,1905,367,8,"East TN",2455501,151.455853611951,0.0885179463515438,505.151494542254,31.6025120739108,8.85179463515438
2020-08-21,35542,209,34542,197,1000,12,40637,213,467332,2451,507969,2664,17,327,17,1922,374,7,"East TN",2455501,141.193182165269,0.0864594120506372,108.491098150642,8.51150131887546,8.64594120506372
2020-08-22,36411,869,35399,857,1012,12,41609,972,480698,13366,522307,14338,2,329,20,1942,381,7,"East TN",2455501,150.111932351076,0.0777445536095686,583.913425406872,35.3899265363769,7.77445536095686
2020-08-23,36664,253,35641,242,1023,11,41863,254,485802,5104,527665,5358,0,329,20,1962,386,5,"East TN",2455501,141.111732391883,0.072388228210146,218.20394290208,10.3033963333756,7.2388228210146
2020-08-24,36856,192,35816,175,1040,17,42061,198,487145,1343,529206,1541,8,337,15,1977,396,10,"East TN",2455501,137.813016569735,0.072052690180981,62.7570503941965,7.81917824509133,7.2052690180981
2020-08-25,37470,614,36405,589,1065,25,42746,685,496872,9727,539618,10412,16,353,23,2000,405,9,"East TN",2455501,137.161418382644,0.0709848645114141,424.027520249432,25.005080429615,7.09848645114141
2020-08-26,37813,343,36723,318,1090,25,43129,383,500834,3962,543963,4345,6,359,11,2011,413,8,"East TN",2455501,132.600231073007,0.0700520935333516,176.949632681884,13.9686361357621,7.00520935333516
2020-08-27,38674,861,37567,844,1107,17,44105,976,511121,10287,555226,11263,8,367,29,2040,420,7,"East TN",2455501,136.061846441928,0.0737365036758078,458.684398825331,35.0641274428314,7.37365036758078
2020-08-28,39008,334,37881,314,1127,20,44443,338,513730,2609,558173,2947,12,379,10,2050,426,6,"East TN",2455501,141.152457278576,0.0758106923751096,120.016241084813,13.6021121555235,7.58106923751096
2020-08-29,39459,451,38316,435,1143,16,44971,528,520249,6519,565220,7047,8,387,16,2066,435,9,"East TN",2455501,124.129454640825,0.0783445575932701,286.988276526868,18.366923898626,7.83445575932701
2020-08-30,39722,263,38568,252,1154,11,45238,267,522130,1881,567368,2148,8,395,14,2080,438,3,"East TN",2455501,124.536703507757,0.0850061708183261,87.4770566169592,10.7106452003074,8.50061708183261
2020-08-31,40129,407,38946,378,1183,29,45688,450,525616,3486,571304,3936,2,397,17,2097,443,5,"East TN",2455501,133.292554146791,0.0861561119293078,160.293154024372,16.5750288841259,8.61561119293078
2020-09-01,40736,607,39511,565,1225,42,46362,674,531279,5663,577641,6337,6,403,28,2125,452,9,"East TN",2455501,133.007479939939,0.0951003340083634,258.073606974707,24.7200062227627,9.51003340083634
2020-09-02,41224,488,39970,459,1254,29,46815,453,536072,4793,582887,5246,7,410,22,2147,459,7,"East TN",2455501,138.912588510451,0.0946973589559141,213.642755592443,19.8737447062738,9.46973589559141
2020-09-03,41779,555,40492,522,1287,33,47462,647,544328,8256,591790,8903,6,416,22,2169,462,3,"East TN",2455501,126.450773182336,0.0918116179849032,362.573666229417,22.6023121147171,9.18116179849032
2020-09-04,42136,357,40835,343,1301,14,47810,348,547660,3332,595470,3680,7,423,11,2180,463,1,"East TN",2455501,127.38744557628,0.0902753572673405,149.867583030917,14.5387845494667,9.02753572673405
2020-09-05,43134,998,41818,983,1316,15,48900,1090,556971,9311,605871,10401,1,424,26,2206,469,6,"East TN",2455501,149.663958597451,0.0966519888809623,423.579546495807,40.6434369197976,9.66519888809623
2020-09-06,43397,263,42065,247,1332,16,49168,268,559595,2624,608763,2892,0,424,9,2215,483,14,"East TN",2455501,149.663958597451,0.0949390022949632,117.776372316688,10.7106452003074,9.49390022949632
2020-09-07,43601,204,42262,197,1339,7,49405,237,560931,1336,610336,1573,3,427,13,2228,487,4,"East TN",2455501,141.396806598735,0.0952295552367288,64.0602467683784,8.30787688540954,9.52295552367288
2020-09-08,43912,311,42551,289,1361,22,49725,320,564356,3425,614081,3745,7,434,24,2252,494,7,"East TN",2455501,129.342240137552,0.0922886937431394,152.514700665974,12.6654397615802,9.22886937431394
2020-09-09,44245,333,42867,316,1378,17,50099,374,569498,5142,619597,5516,6,440,16,2268,501,7,"East TN",2455501,123.029882700109,0.0894579133751022,224.638474999603,13.5613872688303,8.94579133751022
2020-09-10,44920,675,43505,638,1415,37,50806,707,577304,7806,628110,8513,18,458,39,2307,512,11,"East TN",2455501,127.916869103291,0.0920704845814978,346.690960419075,27.4892985178992,9.20704845814978
2020-09-11,45245,325,43807,302,1438,23,51160,354,581459,4155,632619,4509,17,475,26,2333,523,11,"East TN",2455501,126.613672729109,0.0901773937387278,183.628514099567,13.2355881752848,9.01773937387278
2020-09-12,45663,418,44207,400,1456,18,51671,511,588443,6984,640114,7495,10,485,14,2347,534,11,"East TN",2455501,102.993238447062,0.0809216482200742,305.233025765414,17.0230026377509,8.09216482200742
2020-09-13,46102,439,44626,419,1476,20,52171,500,594017,5574,646188,6074,2,487,21,2368,539,5,"East TN",2455501,110.160818505063,0.0802404809619238,247.3629617744,17.8782252583078,8.02404809619238
2020-09-14,46546,444,45055,429,1491,15,52656,485,598990,4973,651646,5458,9,496,25,2393,549,10,"East TN",2455501,119.934791311427,0.0786976519002663,222.276431571398,18.0818496917737,7.86976519002663
2020-09-15,47039,493,45511,456,1528,37,53196,540,607164,8174,660360,8714,7,503,20,2413,552,3,"East TN",2455501,127.346720689586,0.0750016206054582,354.876662644405,20.0773691397397,7.50016206054582
2020-09-16,47392,353,45821,310,1571,43,53590,394,610578,3414,664168,3808,6,509,17,2430,561,9,"East TN",2455501,128.16121842345,0.0783244710686321,155.080368527645,14.375885002694,7.83244710686321
2020-09-17,47943,551,46340,519,1603,32,54167,577,617753,7175,671920,7752,8,517,21,2451,572,11,"East TN",2455501,123.111332473495,0.0767176443734307,315.699321645562,22.4394125679444,7.67176443734307
2020-09-18,48477,534,46826,486,1651,48,54733,566,625866,8113,680599,8679,17,534,30,2481,578,6,"East TN",2455501,131.622833792371,0.074468528553564,353.451291610144,21.7470894941603,7.4468528553564
2020-09-19,48985,508,47311,485,1674,23,55306,573,634218,8352,689524,8925,3,537,30,2511,580,2,"East TN",2455501,135.288073594757,0.0735681036227484,363.469613736667,20.6882424401375,7.35681036227484
2020-09-20,49291,306,47592,281,1699,25,55635,329,639176,4958,694811,5287,1,538,13,2524,591,11,"East TN",2455501,129.871663664564,0.0712420048125373,215.312475946864,12.4618153281143,7.12420048125373
2020-09-21,49454,163,47725,133,1729,30,55787,152,640692,1516,696479,1668,3,541,9,2533,596,5,"East TN",2455501,118.427970503779,0.0698369504605982,67.9291110042309,6.63815653098899,6.98369504605982
2020-09-22,49914,460,48127,402,1787,58,56277,490,646841,6149,703118,6639,6,547,29,2562,603,7,"East TN",2455501,117.084049242904,0.0720566911455166,270.372522756049,18.7334478788646,7.20566911455166
2020-09-23,50208,294,48381,254,1827,40,56559,282,648934,2093,705493,2375,8,555,13,2575,612,9,"East TN",2455501,114.681280928006,0.0718451300665457,96.721605896312,11.9731166877961,7.18451300665457
2020-09-24,50671,463,48823,442,1848,21,57039,480,655824,6890,712863,7370,11,566,28,2603,617,5,"East TN",2455501,111.097490899006,0.0701463009549862,300.142414928766,18.8556225389442,7.01463009549862
2020-09-25,51125,454,49253,430,1872,24,57525,486,662498,6674,720023,7160,11,577,18,2621,624,7,"East TN",2455501,107.839499963551,0.0708198051948052,291.590188723197,18.4890985587055,7.08198051948052
2020-09-26,51683,558,49787,534,1896,24,58163,638,673052,10554,731215,11192,5,582,29,2650,631,7,"East TN",2455501,109.87574429821,0.0685279796598786,455.792931870115,22.7244867747967,6.85279796598786
2020-09-27,52076,393,50152,365,1924,28,58570,407,679069,6017,737639,6424,3,585,30,2680,638,7,"East TN",2455501,113.418809440517,0.0685299336882413,261.616672117014,16.0048804704213,6.85299336882413
2020-09-28,52310,234,50347,195,1963,39,58795,225,680755,1686,739550,1911,4,589,15,2695,645,7,"East TN",2455501,116.310276395733,0.0698381741775208,77.8252584706746,9.52962348620506,6.98381741775208
2020-09-29,52693,383,50687,340,2006,43,59192,397,686563,5808,745755,6205,9,598,33,2728,647,2,"East TN",2455501,113.174460120358,0.0683678495203696,252.697921931207,15.5976316034895,6.83678495203696
2020-09-30,53175,482,51137,450,2038,32,59668,476,690001,3438,749669,3914,6,604,23,2751,651,4,"East TN",2455501,120.830738818677,0.0703775805867439,159.397206517122,19.6293953861147,7.0377580586744
2020-10-01,53563,388,51486,349,2077,39,60047,379,693279,3278,753326,3657,11,615,31,2782,656,5,"East TN",2455501,117.776372316688,0.0743395200553592,148.930910636974,15.8012560369554,7.43395200553592
2020-10-02,54027,464,51922,436,2105,28,60509,462,696900,3621,757409,4083,2,617,17,2799,660,4,"East TN",2455501,118.18362118362,0.079815973893971,166.27971236827,18.8963474256374,7.9815973893971
2020-10-03,54432,405,52310,388,2122,17,60992,483,704358,7458,765350,7941,12,629,22,2821,666,6,"East TN",2455501,111.952713519563,0.082876812655632,323.396325230574,16.4935791107395,8.2876812655632
2020-10-04,54887,455,52735,425,2152,30,61531,539,714480,10122,776011,10661,4,633,27,2848,679,13,"East TN",2455501,114.47765649454,0.0771656416136766,434.168017036035,18.5298234453987,7.71656416136766
2020-10-05,55558,671,53347,612,2211,59,62282,751,721729,7249,784011,8000,5,638,42,2890,688,9,"East TN",2455501,132.274431979462,0.0784282854636648,325.799093545472,27.3263989711265,7.84282854636648
2020-10-06,56308,750,54013,666,2295,84,63021,739,728366,6637,791387,7376,8,646,46,2936,697,9,"East TN",2455501,147.22046539586,0.0839104137447405,300.386764248925,30.543665019888,8.39104137447405
2020-10-07,57045,737,54672,659,2373,78,63729,708,735117,6751,798846,7459,3,649,38,2974,703,6,"East TN",2455501,157.605311502622,0.0825792545295565,303.766929844459,30.0142414928766,8.25792545295565
2020-10-08,57763,718,55329,657,2434,61,64407,678,741575,6458,805982,7136,10,659,32,3006,709,6,"East TN",2455501,171.044524111373,0.082801580066849,290.612791442561,29.2404686457061,8.2801580066849
2020-10-09,58304,541,55828,499,2476,42,64967,560,747054,5479,812021,6039,4,663,20,3026,716,7,"East TN",2455501,174.180340386748,0.0816304108987036,245.937590740138,22.0321637010125,8.16304108987036
2020-10-10,58922,618,56416,588,2506,30,65636,669,755480,8426,821116,9095,12,675,20,3046,730,14,"East TN",2455501,182.854741252396,0.08327654843453,370.392844474508,25.1679799763877,8.327654843453
2020-10-11,59865,943,57328,912,2537,31,66665,1029,765906,10426,832571,11455,1,676,37,3083,737,7,"East TN",2455501,202.72848595867,0.0907708628005658,466.503577070423,38.4035681516725,9.07708628005658
2020-10-12,60221,356,57613,285,2608,71,66982,317,768827,2921,835809,3238,6,682,19,3102,748,11,"East TN",2455501,189.900146650317,0.0907370940962972,131.86718311253,14.4980596627735,9.07370940962972
2020-10-13,60726,505,58066,453,2660,52,67466,484,773208,4381,840674,4865,9,691,24,3126,755,7,"East TN",2455501,179.922549410487,0.0901860531174549,198.12657376234,20.5660677800579,9.01860531174549
2020-10-14,61600,874,58878,812,2722,62,68314,848,779392,6184,847706,7032,1,692,44,3170,762,7,"East TN",2455501,185.501858887453,0.0938395415472779,286.37740322647,35.5935509698428,9.38395415472779
2020-10-15,62109,509,59318,440,2791,69,68779,465,783545,4153,852324,4618,14,706,19,3189,771,9,"East TN",2455501,176.990357568578,0.0943420655129256,188.067526749124,20.7289673268307,9.43420655129256
2020-10-16,62748,639,59914,596,2834,43,69363,584,787634,4089,856997,4673,2,708,22,3211,783,12,"East TN",2455501,180.98139646451,0.097741017431519,190.307395517249,26.0232025969446,9.7741017431519
2020-10-17,63466,718,60595,681,2871,37,70223,860,796417,8783,866640,9643,6,714,37,3248,790,7,"East TN",2455501,185.053885133828,0.100760038660926,392.710082382373,29.2404686457061,10.0760038660926
2020-10-18,64270,804,61353,758,2917,46,71093,870,804525,8108,875618,8978,3,717,39,3287,798,8,"East TN",2455501,179.393125883476,0.102864311101819,365.628032731406,32.7428089013199,10.2864311101819
2020-10-19,65018,748,62038,685,2980,63,71852,759,809423,4898,881275,5657,3,720,67,3354,809,11,"East TN",2455501,195.357281467204,0.107113007522104,230.380684023342,30.4622152465016,10.7113007522104
2020-10-20,65704,686,62647,609,3057,77,72543,691,813037,3614,885580,4305,15,735,32,3386,822,13,"East TN",2455501,202.72848595867,0.113058388634036,175.320637214157,27.9372722715242,11.3058388634036
2020-10-21,66297,593,63199,552,3098,41,73159,616,816780,3743,889939,4359,5,740,27,3413,836,14,"East TN",2455501,191.284792797885,0.114720716027751,177.519781095589,24.1498578090581,11.4720716027751
2020-10-22,67427,1130,64235,1036,3192,94,74260,1101,825344,8564,899604,9665,10,750,43,3456,851,15,"East TN",2455501,216.574947434353,0.115926395939086,393.606029889623,46.0191219632979,11.5926395939086
2020-10-23,68398,971,65139,904,3259,67,75230,970,832460,7116,907690,8086,19,769,39,3495,859,8,"East TN",2455501,230.09560981649,0.115735900420176,329.301433801086,39.5438649790817,11.5735900420176
2020-10-24,69635,1237,66314,1175,3321,62,76557,1327,842981,10521,919538,11848,12,781,50,3545,876,17,"East TN",2455501,251.231826010252,0.119739876743922,482.508457540844,50.3766848394686,11.9739876743922
2020-10-25,70564,929,67186,872,3378,57,77604,1047,850856,7875,928460,8922,9,790,43,3588,887,11,"East TN",2455501,256.3224368469,0.123216380909125,363.347439076588,37.8334197379679,12.3216380909125
2020-10-26,71026,462,67592,406,3434,56,78038,434,853611,2755,931649,3189,6,796,21,3609,900,13,"East TN",2455501,244.675119252649,0.122801445189979,129.871663664564,18.814897652251,12.2801445189979
2020-10-27,71868,842,68304,712,3564,130,78821,783,857995,4384,936816,5167,12,808,54,3663,924,24,"East TN",2455501,251.028201576786,0.122531032867515,210.425489543682,34.2903545956609,12.2531032867515
2020-10-28,72865,997,69215,911,3650,86,79791,970,865211,7216,945002,8186,13,821,41,3704,938,14,"East TN",2455501,267.481055800833,0.120443855220384,333.373922470404,40.6027120331044,12.0443855220384
2020-10-29,73773,908,70008,793,3765,115,80625,834,871713,6502,952338,7336,11,832,40,3744,950,12,"East TN",2455501,258.440130954946,0.120700117571206,298.757768781198,36.9781971174111,12.0700117571206
2020-10-30,74673,900,70815,807,3858,93,81465,840,876569,4856,958034,5696,28,860,39,3783,966,16,"East TN",2455501,255.54866399973,0.123847926267281,231.968954604376,36.6523980238656,12.3847926267281
2020-10-31,74687,14,70829,14,3858,0,81481,16,876590,21,958071,37,5,865,0,3783,977,11,"East TN",2455501,205.742127573966,0.127786572548205,1.50682080764781,0.570148413704576,12.7786572548205
2020-11-01,75194,507,71219,390,3975,117,81951,470,883153,6563,965104,7033,0,865,27,3810,993,16,"East TN",2455501,188.556225389442,0.118627879052505,286.418128113163,20.6475175534443,11.8627879052505
2020-11-02,76004,810,71961,742,4043,68,82726,775,887381,4228,970107,5003,11,876,38,3848,1007,14,"East TN",2455501,202.72848595867,0.121899214727755,203.746608126,32.987158221479,12.1899214727755
2020-11-03,77044,1040,72921,960,4123,80,83802,1076,894243,6862,978045,7938,31,907,29,3877,1020,13,"East TN",2455501,210.79201352392,0.120813019961677,323.274150570495,42.3538821609114,12.0813019961677
2020-11-04,77955,911,73733,812,4222,99,84649,847,899128,4885,983777,5732,6,913,35,3912,1044,24,"East TN",2455501,207.289673268307,0.12528691166989,233.435050525331,37.1003717774906,12.528691166989
2020-11-05,78533,578,74217,484,4316,94,85150,501,901789,2661,986939,3162,17,930,27,3939,1058,14,"East TN",2455501,193.850460659556,0.130776567151238,128.772091723848,23.5389845086603,13.0776567151238
2020-11-06,79499,966,75066,849,4433,117,86077,927,908196,6407,994273,7334,10,940,37,3976,1082,24,"East TN",2455501,196.538303181306,0.127266204917354,298.676319007811,39.3402405456157,12.7266204917354
2020-11-07,80826,1327,76307,1241,4519,86,87496,1419,919116,10920,1006612,12339,21,961,52,4028,1092,10,"East TN",2455501,250.010079409457,0.123915864938918,502.504376907197,54.0419246418552,12.3915864938918
2020-11-08,82383,1557,77746,1439,4637,118,89163,1667,932015,12899,1021178,14566,3,964,52,4080,1109,17,"East TN",2455501,292.7712104373,0.128615757748689,593.198699572918,63.4086485812875,12.8615757748689
2020-11-09,83002,619,78285,539,4717,80,89743,580,935467,3452,1025210,4032,9,973,19,4099,1120,11,"East TN",2455501,284.992757078902,0.127343338838176,164.202743146918,25.2087048630809,12.7343338838176
2020-11-10,83941,939,79135,850,4806,89,90666,923,940468,5001,1031134,5924,27,1000,44,4143,1138,18,"East TN",2455501,280.87954352289,0.12929232044303,241.254228770422,38.2406686048998,12.929232044303
2020-11-11,85245,1304,80235,1100,5010,204,91835,1169,947015,6547,1038850,7716,26,1026,59,4202,1152,14,"East TN",2455501,296.884423993311,0.130481361102537,314.233225724608,53.1052522479119,13.0481361102537
2020-11-12,86082,837,80940,705,5142,132,92599,764,951228,4213,1043827,4977,15,1041,34,4236,1170,18,"East TN",2455501,307.432169646846,0.130941499085923,202.687761071977,34.086730162195,13.0941499085923
2020-11-13,87540,1458,82227,1287,5313,171,93898,1299,957087,5859,1050985,7158,27,1068,47,4283,1186,16,"East TN",2455501,327.468813899893,0.137907321201862,291.508738949811,59.3768847986623,13.7907321201862
2020-11-14,89015,1475,83618,1391,5397,84,95433,1535,965982,8895,1061415,10430,7,1075,52,4335,1215,29,"East TN",2455501,333.496097130484,0.144827837892086,424.760568209909,60.0692078724464,14.4827837892086
2020-11-15,90967,1952,85351,1733,5616,219,97393,1960,977151,11169,1074544,13129,7,1082,56,4391,1232,17,"East TN",2455501,349.582427374291,0.154218041449612,534.677037394813,79.4949788250952,15.4218041449612
2020-11-16,92492,1525,86750,1399,5742,126,98930,1537,984770,7619,1083700,9156,10,1092,41,4432,1251,19,"East TN",2455501,386.479174718316,0.157069584544367,372.877062562793,62.1054522071056,15.7069584544367
2020-11-17,93704,1212,87869,1119,5835,93,100151,1221,989913,5143,1090064,6364,31,1123,46,4478,1278,27,"East TN",2455501,397.597068785555,0.160953673850331,259.173178915423,49.358562672139,16.0953673850331
2020-11-18,94902,1198,88825,956,6077,242,101184,1033,995057,5144,1096241,6177,14,1137,53,4531,1293,15,"East TN",2455501,393.280230796078,0.162900106288442,251.557625103798,48.7884142584344,16.2900106288442
2020-11-19,95982,1080,89706,881,6276,199,102043,859,999718,4661,1101761,5520,45,1182,52,4583,1313,20,"East TN",2455501,403.176378262522,0.163013083854041,224.801374546376,43.9828776286387,16.3013083854041
2020-11-20,97108,1126,90669,963,6439,163,103066,1023,1004617,4899,1107683,5922,28,1210,36,4619,1339,26,"East TN",2455501,389.655715880384,0.161698825355392,241.172778997036,45.8562224165252,16.1698825355392
2020-11-21,98326,1218,91733,1064,6593,154,104165,1099,1011023,6406,1115188,7505,3,1213,47,4666,1363,24,"East TN",2455501,379.189420000236,0.162386327710933,305.640274632346,49.6029119922981,16.2386327710933
2020-11-22,99912,1586,93162,1429,6750,157,105831,1666,1020624,9601,1126455,11267,17,1230,57,4723,1390,27,"East TN",2455501,364.284111470531,0.162547436959411,458.847298372104,64.5896702953898,16.2547436959411
2020-11-23,100803,891,93920,758,6883,133,106533,702,1023740,3116,1130273,3818,18,1248,35,4758,1417,27,"East TN",2455501,338.464533307052,0.163249092822021,155.487617394577,36.2858740436269,16.3249092822021
2020-11-24,101714,911,94655,735,7059,176,107238,705,1026767,3027,1134005,3732,13,1261,57,4815,1445,28,"East TN",2455501,326.206342412404,0.161284449602877,151.985277138963,37.1003717774906,16.1284449602877
2020-11-25,102620,906,95341,686,7279,220,107783,545,1029075,2308,1136858,2853,38,1299,56,4871,1470,25,"East TN",2455501,314.314675497994,0.162468916955954,116.188101735654,36.8967473440247,16.2468916955954
2020-11-26,104085,1465,96728,1387,7357,78,109452,1669,1037440,8365,1146892,10034,18,1317,25,4896,1489,19,"East TN",2455501,329.99375687487,0.164166537413308,408.633513079408,59.6619590055146,16.4166537413308
2020-11-27,105788,1703,98294,1566,7494,137,111201,1749,1044979,7539,1156180,9288,5,1322,50,4946,1517,28,"East TN",2455501,353.492016496837,0.167742334577397,378.252747606293,69.3544820384923,16.7742334577397
2020-11-28,107412,1624,99674,1380,7738,244,112695,1494,1052509,7530,1165204,9024,2,1324,45,4991,1545,28,"East TN",2455501,370.02632049427,0.170545425463852,367.501377519292,66.1372159897308,17.0545425463852
2020-11-29,109699,2287,101794,2120,7905,167,115020,2325,1063204,10695,1178224,13020,4,1328,51,5042,1570,25,"East TN",2455501,398.574466066192,0.177500048291449,530.238024745256,93.1378158673118,17.7500048291449
2020-11-30,111933,2234,103799,2005,8134,229,117240,2220,1072654,9450,1189894,11670,15,1343,53,5095,1601,31,"East TN",2455501,453.267988895138,0.179584374633099,475.259427709457,90.979396872573,17.9584374633099
2020-12-01,114194,2261,105805,2006,8389,255,119378,2138,1081489,8835,1200867,10973,20,1363,63,5158,1629,28,"East TN",2455501,508.246585930936,0.181568005743173,446.874181684308,92.078968813289,18.1568005743172
2020-12-02,115251,1057,106718,913,8533,144,120254,876,1084397,2908,1204651,3784,15,1378,42,5200,1662,33,"East TN",2455501,514.396043821607,0.183957045712684,154.102971247008,43.0462052346955,18.3957045712684
2020-12-03,117059,1808,108287,1569,8772,239,121976,1722,1090388,5991,1212364,7713,33,1411,45,5245,1683,21,"East TN",2455501,528.364679957369,0.191287878787879,314.111051064528,73.6305951412767,19.1287878787879
2020-12-04,118788,1729,109675,1388,9113,341,123434,1458,1095908,5520,1219342,6978,37,1448,36,5281,1718,35,"East TN",2455501,529.423527011392,0.193676577689117,284.178259345038,70.4133290925151,19.3676577689117
2020-12-05,119921,1133,110584,909,9337,224,124363,929,1098972,3064,1223335,3993,5,1453,24,5305,1744,26,"East TN",2455501,509.427607645039,0.200719065558824,162.614472565884,46.1412966233775,20.0719065558824
2020-12-06,121390,1469,111847,1263,9543,206,125604,1241,1103464,4492,1229068,5733,20,1473,40,5345,1780,36,"East TN",2455501,476.114650330014,0.20816615529856,233.475775412024,59.8248585522873,20.816615529856
2020-12-07,124113,2723,114252,2405,9861,318,128175,2571,1113010,9546,1241185,12117,31,1504,51,5396,1802,22,"East TN",2455501,496.029119922981,0.2131952974206,493.46345206131,110.89386646554,21.31952974206
2020-12-08,126877,2764,116615,2363,10262,401,130706,2531,1121369,8359,1252075,10890,45,1549,71,5467,1826,24,"East TN",2455501,516.513737929653,0.221215435088267,443.494016088774,112.563586819961,22.1215435088267
2020-12-09,129521,2644,118998,2383,10523,261,133283,2577,1128467,7098,1261750,9675,21,1570,56,5523,1849,23,"East TN",2455501,581.144133111736,0.228182630168654,394.013278756555,107.676600416778,22.8182630168654
2020-12-10,132596,3075,121680,2682,10916,393,136233,2950,1139936,11469,1276169,14419,30,1600,74,5597,1886,37,"East TN",2455501,632.742564552,0.223446438366899,587.21214122902,125.229026581541,22.3446438366899
2020-12-11,134580,1984,123428,1748,11152,236,138023,1790,1147107,7171,1285130,8961,35,1635,50,5647,1911,25,"East TN",2455501,643.127410658762,0.221757767373989,364.935709657622,80.798175199277,22.1757767373989
2020-12-12,137841,3261,126155,2727,11686,534,140997,2974,1158339,11232,1299336,14206,21,1656,73,5720,1936,25,"East TN",2455501,729.789969541857,0.218865541242878,578.537740363372,132.803855506473,21.8865541242878
2020-12-13,142131,4290,130014,3859,12117,431,145361,4364,1175619,17280,1320980,21644,15,1671,62,5782,1970,34,"East TN",2455501,844.674874903329,0.214955609713639,881.449447587274,174.709763913759,21.4955609713639
2020-12-14,144990,2859,132471,2457,12519,402,148034,2673,1184897,9278,1332931,11951,37,1708,72,5854,2004,34,"East TN",2455501,850.213459493602,0.216456303272077,486.703120870242,116.432451055813,21.6456303272077
2020-12-15,149116,4126,136011,3540,13105,586,151897,3863,1199918,15021,1351815,18884,34,1742,94,5948,2035,31,"East TN",2455501,905.680755169719,0.212462402245839,769.048760314087,168.030882496077,21.2462402245839
2020-12-16,152334,3218,138268,2257,14066,961,154283,2386,1207814,7896,1362097,10282,19,1761,60,6008,2077,42,"East TN",2455501,929.056840131607,0.209273819845137,418.733284979318,131.052685378666,20.9273819845137
2020-12-17,156401,4067,141640,3372,14761,695,157890,3607,1218513,10699,1376403,14306,58,1819,75,6083,2116,39,"East TN",2455501,969.455927731245,0.216064409282279,582.61022903269,165.628114181179,21.6064409282279
2020-12-18,159608,3207,144376,2736,15232,471,160769,2879,1227202,8689,1387971,11568,43,1862,62,6145,2146,30,"East TN",2455501,1019.26246415701,0.221176379070604,471.105489266752,130.604711625041,22.1176379070604
2020-12-19,162248,2640,146618,2242,15630,398,163237,2468,1235565,8363,1398802,10831,27,1889,41,6186,2183,37,"East TN",2455501,993.972309520542,0.223593991916836,441.091247773876,107.513700870006,22.3593991916836
2020-12-20,165878,3630,149583,2965,16295,665,166553,3316,1249508,13943,1416061,17259,16,1905,55,6241,2217,34,"East TN",2455501,967.09388430304,0.222883646575026,702.870819437663,147.831338696258,22.2883646575026
2020-12-21,168191,2313,151325,1742,16866,571,168456,1903,1256420,6912,1424876,8815,14,1919,35,6276,2252,35,"East TN",2455501,944.858096168562,0.222111044646256,358.989876200417,94.1966629213346,22.2111044646256
2020-12-22,170845,2654,153026,1701,17819,953,170255,1799,1261473,5053,1431728,6852,62,1981,60,6336,2297,45,"East TN",2455501,884.911062956195,0.229724825748001,279.046923621697,108.08384928371,22.9724825748001
2020-12-23,173063,2218,154472,1446,18591,772,171795,1540,1267250,5777,1439045,7317,41,2022,35,6371,2337,40,"East TN",2455501,844.186176263011,0.227582263346676,297.983995934027,90.3277986854821,22.7582263346676
2020-12-24,175155,2092,155930,1458,19225,634,173393,1598,1273539,6289,1446932,7887,15,2037,30,6401,2375,38,"East TN",2455501,763.754525043973,0.219810290802365,321.197181349142,85.1964629621409,21.9810290802365
2020-12-25,177521,2366,157909,1979,19612,387,175559,2166,1282086,8547,1457645,10713,3,2040,27,6428,2411,36,"East TN",2455501,729.504895335005,0.212274306053908,436.28571114408,96.3550819160733,21.2274306053908
2020-12-26,179460,1939,159376,1467,20084,472,177171,1612,1287739,5653,1464910,7265,2,2042,43,6471,2449,38,"East TN",2455501,700.956749763083,0.210776305439584,295.866301825982,78.9655552980838,21.0776305439584
2020-12-27,180756,1296,160286,910,20470,386,178161,990,1290532,2793,1468693,3783,27,2069,41,6512,2480,31,"East TN",2455501,605.904864221191,0.220550235598115,154.062246360315,52.7794531543665,22.0550235598115
2020-12-28,182152,1396,161264,978,20888,418,179181,1020,1292351,1819,1471532,2839,25,2094,42,6554,2517,37,"East TN",2455501,568.560143123542,0.229873971193416,115.617953321949,56.8519418236849,22.9873971193416
2020-12-29,185057,2905,162990,1726,22067,1179,180959,1778,1296438,4087,1477397,5865,50,2144,64,6618,2559,42,"East TN",2455501,578.782089683531,0.234382184851869,238.851460455524,118.3057958437,23.4382184851869
2020-12-30,187385,2328,164606,1616,22779,712,182636,1677,1300917,4479,1483553,6156,40,2184,44,6662,2597,38,"East TN",2455501,583.261827219781,0.243574188909859,250.702402483241,94.8075362217323,24.3574188909859
2020-12-31,190830,3445,167286,2680,23544,765,185531,2895,1308040,7123,1493571,10018,52,2236,30,6692,2640,43,"East TN",2455501,638.362598915659,0.26025429361693,407.981914892317,140.297234658019,26.025429361693
2021-01-01,193067,2237,169000,1714,24067,523,187387,1856,1314234,6194,1501621,8050,24,2260,31,6723,2680,40,"East TN",2455501,633.109088532238,0.268964889939967,327.835337880131,91.1015715326526,26.8964889939967
2021-01-02,195792,2725,171112,2112,24680,613,189636,2249,1320788,6554,1510424,8803,4,2264,64,6787,2716,36,"East TN",2455501,665.118849473081,0.273871775717362,358.501177560099,110.975316238926,27.3871775717362
2021-01-03,197106,1314,172017,905,25089,409,190573,937,1324156,3368,1514729,4305,15,2279,25,6812,2760,44,"East TN",2455501,665.851897433558,0.269615083847424,175.320637214157,53.5125011148438,26.9615083847424
2021-01-04,198662,1556,173143,1126,25519,430,191751,1178,1326520,2364,1518271,3542,46,2325,34,6846,2810,50,"East TN",2455501,672.367879304468,0.26894028541475,144.247548667258,63.3679236945943,26.894028541475
2021-01-05,201558,2896,174877,1734,26681,1162,193573,1822,1331784,5264,1525357,7086,43,2368,60,6906,2854,44,"East TN",2455501,672.001355324229,0.263010842368641,288.576547107902,117.939271863461,26.3010842368641
2021-01-06,204098,2540,176669,1792,27429,748,195473,1900,1337362,5578,1532835,7478,52,2420,63,6969,2897,43,"East TN",2455501,680.635031303184,0.260480499979709,304.54070269163,103.441212200687,26.0480499979709
2021-01-07,206600,2502,178799,2130,27801,372,197789,2316,1344465,7103,1542254,9419,33,2453,44,7013,2929,32,"East TN",2455501,642.231463151512,0.25179220672514,383.5877077631,101.893666506346,25.179220672514
2021-01-08,208944,2344,180653,1854,28291,490,199773,1984,1351794,7329,1551567,9313,50,2503,47,7060,2984,55,"East TN",2455501,646.589026027682,0.247987826853001,379.270869773623,95.4591344088233,24.7987826853001
2021-01-09,211512,2568,182650,1997,28862,571,201947,2174,1359979,8185,1561926,10359,27,2530,32,7092,3012,28,"East TN",2455501,640.195218816853,0.239039260611238,421.869101254693,104.581509028097,23.9039260611238
2021-01-10,213174,1662,183781,1131,29393,531,203196,1249,1365778,5799,1568974,7048,36,2566,41,7133,3052,40,"East TN",2455501,654.36747938608,0.232703474974652,287.029001413561,67.6847616840718,23.2703474974652
2021-01-11,214596,1422,184792,1011,29804,411,204293,1097,1369049,3271,1573342,4368,28,2594,40,7173,3092,40,"East TN",2455501,648.910344569194,0.227742368941911,177.886305075828,57.9107888777077,22.7742368941911
2021-01-12,216412,1816,185926,1134,30486,682,205482,1189,1373246,4197,1578728,5386,60,2654,39,7212,3131,39,"East TN",2455501,604.927466940555,0.223136160086939,219.344239729489,73.9563942348221,22.3136160086939
2021-01-13,217934,1522,186997,1071,30937,451,206613,1131,1377975,4729,1584588,5860,49,2703,32,7244,3158,27,"East TN",2455501,563.469532286894,0.215253222035438,238.647836022058,61.983277547026,21.5253222035438
2021-01-14,220184,2250,188778,1781,31406,469,208576,1963,1386497,8522,1595073,10485,38,2741,50,7294,3200,42,"East TN",2455501,553.206860840211,0.204225752096783,427.000436978034,91.630995059664,20.4225752096783
2021-01-15,221147,963,189448,670,31699,293,209271,695,1389554,3057,1598825,3752,23,2764,30,7324,3241,41,"East TN",2455501,496.965792316924,0.200981844343815,152.799774872826,39.2180658855362,20.0981844343815
2021-01-16,223577,2430,191196,1748,32381,682,211271,2000,1400430,10876,1611701,12876,13,2777,54,7378,3284,43,"East TN",2455501,491.345757953265,0.187322953289804,524.373641061437,98.9614746644371,18.7322953289804
2021-01-17,224433,856,191802,606,32631,250,211941,670,1404048,3618,1615989,4288,13,2790,24,7402,3318,34,"East TN",2455501,458.521499278559,0.186004466659577,174.628314140373,34.8605030093655,18.6004466659577
2021-01-18,225000,567,192124,322,32876,245,212295,354,1406130,2082,1618425,2436,13,2803,21,7423,3349,31,"East TN",2455501,423.701721155886,0.177494842845418,99.2058239845962,23.0910107550353,17.7494842845418
2021-01-19,226680,1680,193097,973,33583,707,213354,1059,1410335,4205,1623689,5264,21,2824,53,7476,3388,39,"East TN",2455501,418.163136565613,0.175085073730567,214.375803552921,68.4178096445491,17.5085073730567
2021-01-20,227664,984,193755,658,33909,326,214050,696,1414325,3990,1628375,4686,32,2856,29,7505,3428,40,"East TN",2455501,396.25314752468,0.169844931143947,190.83681904426,40.073288506093,16.9844931143947
2021-01-21,229217,1553,194887,1132,34330,421,215320,1270,1421251,6926,1636571,8196,65,2921,36,7541,3474,46,"East TN",2455501,367.867901499531,0.16251385608945,333.781171337336,63.2457490345148,16.251385608945
2021-01-22,230203,986,195591,704,34612,282,216134,814,1426690,5439,1642824,6253,32,2953,31,7572,3506,32,"East TN",2455501,368.804573893474,0.155980817745858,254.65271649248,40.1547382794794,15.5980817745858
2021-01-23,231633,1430,196558,967,35075,463,217234,1100,1434967,8277,1652201,9377,19,2972,41,7613,3531,25,"East TN",2455501,328.07968720029,0.147234567901235,381.877262521986,58.2365879712531,14.7234567901235
2021-01-24,232252,619,197045,487,35207,132,217775,541,1438338,3371,1656113,3912,19,2991,20,7633,3559,28,"East TN",2455501,318.427889054006,0.145399262286911,159.315756743736,25.2087048630809,14.5399262286911
2021-01-25,232991,739,197556,511,35435,228,218324,549,1440094,1756,1658418,2305,44,3035,20,7653,3590,31,"East TN",2455501,325.432569565233,0.150751381491761,93.8708638277891,30.095691266263,15.0751381491761
2021-01-26,234020,1029,198282,726,35738,303,219104,780,1444557,4463,1663661,5243,63,3098,26,7679,3613,23,"East TN",2455501,298.920668327971,0.143850695486841,213.520580932364,41.9059084072863,14.3850695486841
2021-01-27,234974,954,198987,705,35987,249,219859,755,1449074,4517,1668933,5272,55,3153,28,7707,3636,23,"East TN",2455501,297.698921727175,0.143226983579072,214.701602646466,38.8515419052975,14.3226983579072
2021-01-28,236302,1328,199702,715,36600,613,220652,793,1453503,4429,1674155,5222,46,3199,29,7736,3663,27,"East TN",2455501,288.535822221209,0.141868880374627,212.665358311807,54.0826495285484,14.1868880374627
2021-01-29,236897,595,200054,352,36843,243,221049,397,1456167,2664,1677216,3061,17,3216,17,7753,3684,21,"East TN",2455501,272.612391524174,0.142911142126076,124.658878167836,24.2313075824445,14.2911142126076
2021-01-30,238051,1154,201020,966,37031,188,222145,1096,1465215,9048,1687360,10144,44,3260,29,7782,3704,20,"East TN",2455501,261.372322796855,0.139679740606957,413.113250615658,46.9965192439343,13.9679740606957
2021-01-31,238728,677,201458,438,37270,239,222634,489,1469137,3922,1691771,4411,29,3289,30,7812,3723,19,"East TN",2455501,263.73436622506,0.136266756408099,179.637475203635,27.5707482912856,13.6266756408099
2021-02-01,239420,692,201866,408,37554,284,223076,442,1470833,1696,1693909,2138,39,3328,10,7822,3750,27,"East TN",2455501,261.82029655048,0.133893099659069,87.0698077500274,28.1816215916833,13.3893099659069
2021-02-02,239957,537,202213,347,37744,190,223435,359,1471891,1058,1695326,1417,57,3385,13,7835,3766,16,"East TN",2455501,241.783652297433,0.136775619769462,57.7071644442417,21.8692641542398,13.6775619769462
2021-02-03,241067,1110,202971,758,38096,352,224259,824,1477894,6003,1702153,6827,46,3431,39,7874,3779,13,"East TN",2455501,248.13673462157,0.132450331125828,278.028801454367,45.2046242294342,13.2450331125828
2021-02-04,242161,1094,203751,780,38410,314,225121,862,1485603,7709,1710724,8571,58,3489,36,7910,3797,18,"East TN",2455501,238.607111135365,0.122207334080779,349.05300384728,44.5530260423433,12.2207334080779
2021-02-05,242975,814,204307,556,38668,258,225722,601,1489409,3806,1715131,4407,67,3556,28,7938,3811,14,"East TN",2455501,247.525861321172,0.12324937359884,179.474575656862,33.1500577682518,12.324937359884
2021-02-06,244199,1224,205121,814,39078,410,226683,961,1498056,8647,1724739,9608,27,3583,22,7960,3840,29,"East TN",2455501,250.376603389695,0.121405067016239,391.284711348112,49.8472613124572,12.1405067016239
2021-02-07,244716,517,205474,353,39242,164,227089,406,1501139,3083,1728228,3489,2,3585,10,7970,3857,17,"East TN",2455501,243.860621518786,0.122198754697315,142.089129672519,21.0547664203761,12.2198754697315
2021-02-08,245224,508,205769,295,39455,213,227404,315,1502503,1364,1729907,1679,32,3617,9,7979,3873,16,"East TN",2455501,236.36724236724,0.120228901605645,68.3770847578559,20.6882424401375,12.0228901605645
2021-02-09,246247,1023,206397,628,39850,395,228066,662,1506735,4232,1734801,4894,16,3633,38,8017,3884,11,"East TN",2455501,256.159537300127,0.117314756174794,199.307595476443,41.6615590871272,11.7314756174794
2021-02-10,247093,846,206978,581,40115,265,228699,633,1512719,5984,1741418,6617,39,3672,30,8047,3897,13,"East TN",2455501,245.408167213127,0.113077804660639,269.476575248798,34.4532541424337,11.3077804660639
2021-02-11,247960,867,207561,583,40399,284,229348,649,1518289,5570,1747637,6219,37,3709,31,8078,3915,18,"East TN",2455501,236.163617933774,0.114512502370439,253.268070344911,35.3084767629905,11.4512502370439
2021-02-12,248789,829,208151,590,40638,239,229993,645,1523798,5509,1753791,6154,34,3743,12,8090,3924,9,"East TN",2455501,236.774491234172,0.110475944128298,250.620952709854,33.7609310686495,11.0475944128298
2021-02-13,249380,591,208521,370,40859,221,230426,433,1528222,4424,1758648,4857,12,3755,16,8106,3936,12,"East TN",2455501,210.995637957386,0.110383673950868,197.800774668795,24.0684080356717,11.0383673950868
2021-02-14,249918,538,208933,412,40985,126,230878,452,1531188,2966,1762066,3418,15,3770,15,8121,3949,13,"East TN",2455501,211.850860577943,0.111974702996631,139.197662717303,21.909989040933,11.1974702996631
2021-02-15,250297,379,209144,211,41153,168,231107,229,1532512,1324,1763619,1553,5,3775,10,8131,3960,11,"East TN",2455501,206.597350194522,0.10984219269103,63.2457490345148,15.4347320567167,10.984219269103
2021-02-16,251062,765,209572,428,41490,337,231581,474,1535921,3409,1767502,3883,8,3783,26,8157,3970,10,"East TN",2455501,196.090329427681,0.107489067612611,158.134735029633,31.1545383202858,10.7489067612611
2021-02-17,251682,620,209991,419,41691,201,232031,450,1539170,3249,1771201,3699,11,3794,11,8168,3987,17,"East TN",2455501,186.886505035021,0.111875902360407,150.641355878088,25.2494297497741,11.1875902360407
2021-02-18,252469,787,210536,545,41933,242,232631,600,1544887,5717,1777518,6317,42,3836,19,8187,4004,17,"East TN",2455501,183.628514099567,0.109869147618888,257.259109240843,32.0504858275358,10.9869147618888
2021-02-19,252944,475,210836,300,42108,175,232974,343,1547595,2708,1780569,3051,5,3841,11,8198,4013,9,"East TN",2455501,169.21190421018,0.111322727612219,124.251629300904,19.3443211792624,11.1322727612219
2021-02-20,253567,623,211285,449,42282,174,233480,506,1552819,5224,1786299,5730,18,3859,18,8216,4023,10,"East TN",2455501,170.515100584361,0.110448085060215,233.353600751944,25.3716044098536,11.0448085060215
2021-02-21,253916,349,211513,228,42403,121,233743,263,1554953,2134,1788696,2397,7,3866,12,8228,4041,18,"East TN",2455501,162.81809699935,0.107585429966204,97.617553403562,14.2129854559212,10.7585429966204
2021-02-22,254272,356,211707,194,42565,162,233969,226,1556333,1380,1790302,1606,7,3873,22,8250,4057,16,"East TN",2455501,161.881424605406,0.107259303676498,65.4041680292535,14.4980596627735,10.7259303676498
2021-02-23,254908,636,212049,342,42859,294,234330,361,1559280,2947,1793610,3308,26,3899,27,8277,4064,7,"East TN",2455501,156.627914221986,0.105293396660028,134.717925181053,25.901027936865,10.5293396660028
2021-02-24,255648,740,212598,549,43050,191,234939,609,1565473,6193,1800412,6802,19,3918,23,8300,4071,7,"East TN",2455501,161.514900625168,0.0995515388038753,277.010679287038,30.1364161529562,9.95515388038753
2021-02-25,256283,635,213043,445,43240,190,235435,496,1570239,4766,1805674,5262,21,3939,16,8316,4080,9,"East TN",2455501,155.324717847804,0.0995880096604631,214.294353779534,25.8603030501718,9.95880096604631
2021-02-26,256743,460,213365,322,43378,138,235803,368,1573360,3121,1809163,3489,14,3953,11,8327,4085,5,"East TN",2455501,154.713844547406,0.0989368398964818,142.089129672519,18.7334478788646,9.89368398964818
2021-02-27,257183,440,213592,227,43591,213,236078,275,1577452,4092,1813530,4367,7,3960,16,8343,4094,9,"East TN",2455501,147.261190282553,0.0954059711358378,177.845580189135,17.918950145001,9.54059711358378
2021-02-28,257549,366,213866,274,43683,92,236391,313,1580012,2560,1816403,2873,5,3965,11,8354,4103,9,"East TN",2455501,147.953513356337,0.0955715162233371,117.002599469518,14.9053085297053,9.55715162233371
2021-03-01,257790,241,214012,146,43778,95,236545,154,1580791,779,1817336,933,4,3969,11,8365,4112,9,"East TN",2455501,143.270151386621,0.0952874158467115,37.9963192847407,9.81469769305734,9.52874158467115
2021-03-02,258410,620,214402,390,44008,230,236992,447,1584247,3456,1821239,3903,7,3976,24,8389,4122,10,"East TN",2455501,142.61855319953,0.0963480401027905,158.949232763497,25.2494297497741,9.63480401027905
2021-03-03,258888,478,214700,298,44188,180,237344,352,1588419,4172,1825763,4524,7,3983,17,8406,4125,3,"East TN",2455501,131.948632885916,0.094868052542306,184.239387399964,19.466495839342,9.4868052542306
2021-03-04,259496,608,215114,414,44382,194,237816,472,1593239,4820,1831055,5292,18,4001,21,8427,4130,5,"East TN",2455501,130.8490609452,0.0938103305622316,215.51610038033,24.7607311094559,9.38103305622316
2021-03-05,259965,469,215424,310,44541,159,238169,353,1596918,3679,1835087,4032,15,4016,16,8443,4135,5,"East TN",2455501,131.215584925439,0.0912667798179293,164.202743146918,19.0999718591033,9.12667798179293
2021-03-06,260426,461,215745,321,44681,140,238540,371,1601192,4274,1839732,4645,1,4017,10,8453,4141,6,"East TN",2455501,132.070807545996,0.0939622929547363,189.16709868984,18.7741727655578,9.39622929547363
2021-03-07,260679,253,215908,163,44771,90,238723,183,1602922,1730,1841645,1913,1,4018,4,8457,4145,4,"East TN",2455501,127.468895349666,0.0923857063624118,77.906708244061,10.3033963333756,9.23857063624119
2021-03-08,261135,456,216201,293,44934,163,239035,312,1604503,1581,1843538,1893,3,4021,9,8466,4153,8,"East TN",2455501,136.2247459887,0.0950309136707122,77.0922105101973,18.5705483320919,9.50309136707122
2021-03-09,261673,538,216482,281,45191,257,239353,318,1607078,2575,1846431,2893,6,4027,21,8487,4165,12,"East TN",2455501,132.885305279859,0.093720228644014,117.817097203381,21.909989040933,9.3720228644014
2021-03-10,262323,650,216946,464,45377,186,239859,506,1612547,5469,1852406,5975,7,4034,28,8515,4175,10,"East TN",2455501,139.889985791087,0.0943962766955673,243.331197991774,26.4711763505696,9.43962766955673
2021-03-11,262851,528,217282,336,45569,192,240222,363,1615885,3338,1856107,3701,5,4039,9,8524,4183,8,"East TN",2455501,136.631994855632,0.0960402363084784,150.722805651474,21.5027401740012,9.60402363084784
2021-03-12,263311,460,217647,365,45664,95,240638,416,1619230,3345,1859868,3761,5,4044,12,8536,4191,8,"East TN",2455501,136.265470875394,0.0996327831806626,153.166298853065,18.7334478788646,9.96327831806626
2021-03-13,263756,445,217861,214,45895,231,240916,278,1622869,3639,1863785,3917,2,4046,21,8557,4197,6,"East TN",2455501,135.613872688303,0.0987818567330478,159.519381177202,18.1225745784669,9.87818567330478
2021-03-14,264017,261,218036,175,45981,86,241127,211,1624710,1841,1865837,2052,0,4046,10,8567,4203,6,"East TN",2455501,135.939671781848,0.0993716931216931,83.5674674944136,10.629195426921,9.93716931216931
2021-03-15,264373,356,218221,185,46152,171,241342,215,1625905,1195,1867247,1410,4,4050,15,8582,4207,4,"East TN",2455501,131.86718311253,0.0973048209540681,57.4220902373894,14.4980596627735,9.73048209540681
2021-03-16,265072,699,218672,451,46400,248,241838,496,1629170,3265,1871008,3761,4,4054,36,8618,4208,1,"East TN",2455501,138.423889870132,0.1011107946454,153.166298853065,28.4666957985356,10.11107946454
2021-03-17,265498,426,219005,333,46493,93,242202,364,1632894,3724,1875096,4088,1,4055,16,8634,4217,9,"East TN",2455501,129.301515250859,0.103261348611723,166.483336801736,17.3488017312964,10.3261348611723
2021-03-18,266048,550,219354,349,46694,201,242587,385,1636182,3288,1878769,3673,6,4061,31,8665,4224,7,"East TN",2455501,130.197462758109,0.104359721119054,149.582508824065,22.3986876812512,10.4359721119054
2021-03-19,266840,792,219884,530,46956,262,243147,560,1641221,5039,1884368,5599,15,4076,25,8690,4230,6,"East TN",2455501,143.718125140246,0.102408163265306,228.018640595137,32.2541102610017,10.2408163265306
2021-03-20,267112,272,220049,165,47063,107,243341,194,1643341,2120,1886682,2314,1,4077,15,8705,4232,2,"East TN",2455501,136.672719742325,0.105909071057344,94.2373878080278,11.077169180546,10.5909071057344
2021-03-21,267393,281,220246,197,47147,84,243566,225,1645139,1798,1888705,2023,-17,4060,8,8713,4239,7,"East TN",2455501,137.487217476189,0.106655588595417,82.3864457803112,11.4436931607847,10.6655588595417
2021-03-22,267919,526,220587,341,47332,185,243922,356,1647226,2087,1891148,2443,14,4074,19,8732,4246,7,"East TN",2455501,144.41044821403,0.107945274256307,99.4908981914485,21.4212904006148,10.7945274256307
2021-03-23,268356,437,220835,248,47521,189,244187,265,1649681,2455,1893868,2720,11,4085,17,8749,4252,6,"East TN",2455501,133.740527900416,0.102755905511811,110.77169180546,17.7967754849214,10.2755905511811
2021-03-24,268954,598,221295,460,47659,138,244680,493,1654378,4697,1899058,5190,4,4089,26,8775,4258,6,"East TN",2455501,140.745208411644,0.103413738419164,211.362161937625,24.353482242524,10.3413738419164
2021-03-25,269353,399,221601,306,47752,93,245013,333,1657347,2969,1902360,3302,8,4097,23,8798,4262,4,"East TN",2455501,134.595750520973,0.102835827222246,134.473575860894,16.2492297905804,10.2835827222246
2021-03-26,269763,410,221924,323,47839,87,245358,345,1659978,2631,1905336,2976,7,4104,14,8812,4272,10,"East TN",2455501,119.038843804177,0.105446394505914,121.197262798916,16.6972035442054,10.5446394505914
2021-03-27,269967,204,222105,181,47862,23,245568,210,1662489,2511,1908057,2721,2,4106,13,8825,4283,11,"East TN",2455501,116.26955150904,0.104187134502924,110.812416692154,8.30787688540954,10.4187134502924
2021-03-28,270283,316,222324,219,47959,97,245813,245,1664563,2074,1910376,2319,5,4111,17,8842,4289,6,"East TN",2455501,117.694922543302,0.103686954916709,94.4410122414937,12.8690641950461,10.3686954916709
2021-03-29,270721,438,222560,236,48161,202,246066,253,1666417,1854,1912483,2107,18,4129,18,8860,4294,5,"East TN",2455501,114.111132514302,0.100492149050855,85.8073362625387,17.8375003716146,10.0492149050855
2021-03-30,271096,375,222818,258,48278,117,246388,322,1668893,2476,1915281,2798,5,4134,20,8880,4300,6,"East TN",2455501,111.586189539324,0.102788025965535,113.948232967529,15.271832509944,10.2788025965535
2021-03-31,271756,660,223259,441,48497,219,246875,487,1673707,4814,1920582,5301,4,4138,18,8898,4305,5,"East TN",2455501,114.111132514302,0.101979186024902,215.882624360568,26.8784252175014,10.1979186024902
2021-04-01,272206,450,223582,323,48624,127,247225,350,1676534,2827,1923759,3177,1,4139,18,8916,4313,8,"East TN",2455501,116.188101735654,0.103369316323193,129.382965024246,18.3261990119328,10.3369316323193
2021-04-02,272552,346,223813,231,48739,115,247475,250,1679553,3019,1927028,3269,0,4139,12,8928,4318,5,"East TN",2455501,113.58170898729,0.0975935828877005,133.129654600019,14.0908107958417,9.75935828877005
2021-04-03,272894,342,224063,250,48831,92,247749,274,1681905,2352,1929654,2626,0,4139,13,8941,4327,9,"East TN",2455501,119.20174335095,0.100986248090012,106.943552456301,13.9279112490689,10.0986248090012
2021-04-04,273065,171,224186,123,48879,48,247890,141,1683499,1594,1931389,1735,6,4145,8,8949,4331,4,"East TN",2455501,113.296634780438,0.0988435730262219,70.6576784126742,6.96395562453446,9.88435730262219
2021-04-05,273472,407,224421,235,49051,172,248113,223,1684718,1219,1932831,1442,6,4151,40,8989,4337,6,"East TN",2455501,112.034163292949,0.100599567525064,58.7252866115713,16.5750288841259,10.0599567525064
2021-04-06,273900,428,224670,249,49230,179,248389,276,1686802,2084,1935191,2360,3,4154,27,9016,4342,5,"East TN",2455501,114.192582287688,0.100502260170768,96.1107325959142,17.4302515046828,10.0502260170768
2021-04-07,274529,629,225131,461,49398,168,248896,507,1691493,4691,1940389,5198,5,4159,24,9040,4346,4,"East TN",2455501,112.930110800199,0.102034634220225,211.68796103117,25.6159537300127,10.2034634220225
2021-04-08,274934,405,225385,254,49549,151,249184,288,1694504,3011,1943688,3299,-1,4158,21,9061,4351,5,"East TN",2455501,111.097490899006,0.0982989613126599,134.351401200814,16.4935791107395,9.829896131266
2021-04-09,275452,518,225791,406,49661,112,249633,449,1698379,3875,1948012,4324,4,4162,31,9092,4354,3,"East TN",2455501,118.102171410234,0.102840259245139,176.094410061328,21.0954913070693,10.2840259245139
2021-04-10,275757,305,226007,216,49750,89,249881,248,1701159,2780,1951040,3028,1,4163,15,9107,4359,5,"East TN",2455501,116.595350602586,0.0996913868886187,123.314956906961,12.4210904414211,9.96913868886187
2021-04-11,275994,237,226171,164,49823,73,250055,174,1702870,1711,1952925,1885,2,4165,10,9117,4363,4,"East TN",2455501,119.283193124336,0.100529346210996,76.7664114166518,9.65179814628461,10.0529346210996
2021-04-12,276459,465,226494,323,49965,142,250385,330,1704632,1762,1955017,2092,3,4168,16,9133,4372,9,"East TN",2455501,121.645236552541,0.102406923284954,85.1964629621409,18.9370723123306,10.2406923284954
2021-04-13,276837,378,226734,240,50103,138,250635,250,1706689,2057,1957324,2307,3,4171,16,9149,4376,4,"East TN",2455501,119.608992217881,0.101477431889034,93.9523136011755,15.3940071700236,10.1477431889034
2021-04-14,277515,678,227234,500,50281,178,251191,556,1711509,4820,1962700,5376,0,4171,29,9178,4379,3,"East TN",2455501,121.604511665847,0.102864058087939,218.936990862557,27.6114731779788,10.2864058087939
2021-04-15,278057,542,227602,368,50455,174,251571,380,1714653,3144,1966224,3524,2,4173,24,9202,4384,5,"East TN",2455501,127.183821142814,0.105919417820376,143.51450070678,22.0728885877057,10.5919417820376
2021-04-16,279030,973,228492,890,50538,83,252678,1107,1722137,7484,1974815,8591,3,4176,32,9234,4387,3,"East TN",2455501,145.713644588212,0.113606685818752,349.867501581144,39.625314752468,11.3606685818752
2021-04-17,279232,202,228639,147,50593,55,252851,173,1724368,2231,1977219,2404,0,4176,10,9244,4388,1,"East TN",2455501,141.518981258814,0.113449711600901,97.9026276104143,8.22642711202317,11.3449711600901
2021-04-18,279451,219,228827,188,50624,31,253053,202,1726171,1803,1979224,2005,6,4182,8,9252,4397,9,"East TN",2455501,140.785933298337,0.113996729913685,81.6533978198339,8.9187501858073,11.3996729913685
2021-04-19,279778,327,229021,194,50757,133,253263,210,1727620,1449,1980883,1659,8,4190,15,9267,4404,7,"East TN",2455501,135.165898934678,0.111265754272017,67.5625870239923,13.3170379486712,11.1265754272017
2021-04-20,280131,353,229298,277,50833,76,253542,279,1730068,2448,1983610,2727,4,4194,20,9287,4408,4,"East TN",2455501,134.147776767348,0.110591189226204,111.056766012313,14.375885002694,11.0591189226204
2021-04-21,280644,513,229628,330,51016,183,253878,336,1733849,3781,1987727,4117,4,4198,15,9302,4414,6,"East TN",2455501,127.428170462973,0.107364046829424,167.664358515839,20.8918668736034,10.7364046829424
2021-04-22,281284,640,230025,397,51259,243,254324,446,1738101,4252,1992425,4698,3,4201,26,9328,4418,4,"East TN",2455501,131.419209358905,0.10507232548376,191.325517684578,26.0639274836378,10.507232548376
2021-04-23,281667,383,230302,277,51365,106,254632,308,1741302,3201,1995934,3509,0,4201,11,9339,4423,5,"East TN",2455501,107.391526209926,0.0925233202329656,142.903627406383,15.5976316034895,9.25233202329656
2021-04-24,281927,260,230490,188,51437,72,254841,209,1744297,2995,1999138,3204,0,4201,19,9358,4430,7,"East TN",2455501,109.753569638131,0.0907888133582736,130.482536964962,10.5884705402278,9.07888133582737
2021-04-25,282125,198,230637,147,51488,51,254999,158,1745946,1649,2000945,1807,4,4205,17,9375,4435,5,"East TN",2455501,108.898347017574,0.0895907186593619,73.5898702545835,8.06352756525043,8.95907186593619
2021-04-26,282514,389,230884,247,51630,142,255250,251,1747918,1972,2003168,2223,6,4211,16,9391,4443,8,"East TN",2455501,111.423289992551,0.0891631142023783,90.531423118948,15.8419809236486,8.91631142023783
2021-04-27,282901,387,231086,202,51815,185,255469,219,1750281,2363,2005750,2582,3,4214,25,9416,4449,6,"East TN",2455501,112.80793614012,0.087037037037037,105.151657441801,15.7605311502622,8.7037037037037
2021-04-28,283387,486,231430,344,51957,142,255850,381,1754408,4127,2010258,4508,6,4220,23,9439,4457,8,"East TN",2455501,111.708364199404,0.0875238560205938,183.587789212873,19.7922949328874,8.75238560205938
2021-04-29,283779,392,231709,279,52070,113,256154,304,1757339,2931,2013493,3235,1,4221,22,9461,4462,5,"East TN",2455501,101.608592299494,0.0868615910385419,131.74500845245,15.9641555837281,8.68615910385419
2021-04-30,284149,370,231937,228,52212,142,256393,239,1760603,3264,2016996,3503,0,4221,18,9479,4467,5,"East TN",2455501,101.079168772483,0.0836102934194284,142.659278086224,15.0682080764781,8.36102934194284
2021-05-01,284384,235,232119,182,52265,53,256581,188,1763093,2490,2019674,2678,-1,4220,15,9494,4468,1,"East TN",2455501,100.061046605153,0.0847292559407869,109.061246564347,9.57034837289824,8.47292559407869
2021-05-02,284559,175,232247,128,52312,47,256714,133,1764570,1477,2021284,1610,1,4221,11,9505,4472,4,"East TN",2455501,99.1243742112099,0.0843207630660308,65.5670675760262,7.1268551713072,8.43207630660308
2021-05-03,284772,213,232362,115,52410,98,256840,126,1766054,1484,2022894,1610,5,4226,17,9522,4476,4,"East TN",2455501,91.9567941532095,0.0806042786170536,65.5670675760262,8.67440086564819,8.06042786170536
2021-05-04,285091,319,232581,219,52510,100,257085,245,1768453,2399,2025538,2644,7,4233,12,9534,4484,8,"East TN",2455501,89.187501858073,0.0816656559531029,107.676600416778,12.9912388551257,8.16656559531029
2021-05-05,285555,464,232874,293,52681,171,257396,311,1772603,4150,2029999,4461,5,4238,22,9556,4489,5,"East TN",2455501,88.2915543508229,0.0783141684818398,181.673719538294,18.8963474256374,7.83141684818398
2021-05-06,285840,285,233070,196,52770,89,257627,231,1775039,2436,2032666,2667,4,4242,10,9566,4495,6,"East TN",2455501,83.9339914746522,0.0768267876701612,108.613272810722,11.6065927075574,7.68267876701612
2021-05-07,286205,365,233318,248,52887,117,257896,269,1778487,3448,2036383,3717,0,4242,15,9581,4500,5,"East TN",2455501,83.7303670411863,0.0775261773353278,151.374403838565,14.8645836430122,7.75261773353278
2021-05-08,286376,171,233421,103,52955,68,258010,114,1780381,1894,2038391,2008,0,4242,7,9588,4507,7,"East TN",2455501,81.1239742928225,0.0763477052946519,81.7755724799135,6.96395562453446,7.63477052946519
2021-05-09,286522,146,233536,115,52986,31,258142,132,1782092,1711,2040234,1843,3,4245,11,9599,4512,5,"East TN",2455501,79.9429525787202,0.0753562005277045,75.0559661755381,5.94583345720486,7.53562005277045
2021-05-10,286757,235,233672,136,53085,99,258287,145,1783608,1516,2041895,1661,7,4252,22,9621,4515,3,"East TN",2455501,80.8389000859702,0.0761538866375454,67.6440367973786,9.57034837289824,7.61538866375454
2021-05-11,287072,315,233900,228,53172,87,258531,244,1786285,2677,2044816,2921,1,4253,19,9640,4519,4,"East TN",2455501,80.6760005391975,0.0750077808901338,118.95739403079,12.828339308353,7.50077808901338
2021-05-12,287376,304,234117,217,53259,87,258782,251,1790349,4064,2049131,4315,3,4256,16,9656,4521,2,"East TN",2455501,74.1600186682881,0.0724440727576835,175.727886081089,12.3803655547279,7.24440727576835
2021-05-13,287586,210,234254,137,53332,73,258927,145,1793082,2733,2052009,2878,1,4257,9,9665,4526,5,"East TN",2455501,71.1056521662993,0.0672077754226335,117.206223902984,8.55222620556864,6.72077754226335
2021-05-14,287887,301,234473,219,53414,82,259175,248,1795767,2685,2054942,2933,1,4258,21,9686,4531,5,"East TN",2455501,68.4992594179355,0.0689153510426208,119.446092671109,12.2581908946484,6.89153510426208
2021-05-15,287995,108,234554,81,53441,27,259277,102,1797755,1988,2057032,2090,0,4258,6,9692,4535,4,"East TN",2455501,65.9335915562649,0.0679684566278633,85.1150131887546,4.39828776286387,6.79684566278633
2021-05-16,288095,100,234628,74,53467,26,259362,85,1799204,1449,2058566,1534,3,4261,4,9696,4539,4,"East TN",2455501,64.0602467683784,0.0665502945668776,62.4719761873443,4.0724886693184,6.65502945668776
2021-05-17,288293,198,234731,103,53562,95,259472,110,1800771,1567,2060243,1677,6,4267,10,9706,4546,7,"East TN",2455501,62.5534259607306,0.0645846958796599,68.2956349844696,8.06352756525043,6.45846958796599
2021-05-18,288504,211,234864,133,53640,78,259616,144,1803008,2237,2062624,2381,8,4275,23,9729,4552,6,"East TN",2455501,58.3180377446395,0.0609276729559748,96.9659552164711,8.59295109226182,6.09276729559748
2021-05-19,288722,218,235029,165,53693,53,259783,167,1806277,3269,2066060,3436,1,4276,21,9750,4555,3,"East TN",2455501,54.8156974890257,0.0591293047433398,139.93071067778,8.87802529911411,5.91293047433398
2021-05-20,288898,176,235162,133,53736,43,259937,154,1820445,14168,2080382,14322,3,4279,7,9757,4560,5,"East TN",2455501,53.4310513414574,0.035597222711733,583.261827219781,7.16758005800038,3.5597222711733
2021-05-21,289061,163,235269,107,53792,56,260057,120,1822723,2278,2082780,2398,0,4279,10,9767,4563,3,"East TN",2455501,47.811016977798,0.0316833105826568,97.6582782902552,6.63815653098899,3.16833105826568
2021-05-22,289131,70,235316,47,53815,23,260118,61,1824309,1586,2084427,1647,0,4279,12,9779,4564,1,"East TN",2455501,46.263471283457,0.0306990326701953,67.073888383674,2.85074206852288,3.06990326701953
2021-05-23,289205,74,235367,51,53838,23,260179,61,1825374,1065,2085553,1126,3,4282,5,9784,4566,2,"East TN",2455501,45.2046242294342,0.0302738355504502,45.8562224165252,3.01364161529562,3.02738355504502
2021-05-24,289365,160,235478,111,53887,49,260305,126,1827298,1924,2087603,2050,0,4282,7,9791,4570,4,"East TN",2455501,43.6570785350932,0.0304459064327485,83.4860177210272,6.51598187090944,3.04459064327485
2021-05-25,289509,144,235574,96,53935,48,260392,87,1829025,1727,2089417,1814,0,4282,9,9800,4576,6,"East TN",2455501,40.9285111266499,0.0289627887881163,73.8749444614358,5.8643836838185,2.89627887881163
2021-05-26,289695,186,235716,142,53979,44,260557,165,1831908,2883,2092465,3048,7,4289,14,9814,4581,5,"East TN",2455501,39.625314752468,0.0293126301836773,124.129454640825,7.57482892493222,2.93126301836773
2021-05-27,289818,123,235791,75,54027,48,260695,138,1834880,2972,2095575,3110,4,4293,11,9825,4585,4,"East TN",2455501,37.4668957577293,0.0498913973540446,126.654397615802,5.00916106326163,4.98913973540446
2021-05-28,289934,116,235881,90,54053,26,260793,98,1836992,2112,2097785,2210,0,4293,9,9834,4588,3,"East TN",2455501,35.5528260831496,0.0490503165611463,90.0019995919366,4.72408685640934,4.90503165611463
2021-05-29,289985,51,235913,32,54072,19,260830,37,1838068,1076,2098898,1113,0,4293,7,9841,4591,3,"East TN",2455501,34.7790532359791,0.0492018519798217,45.3267988895138,2.07696922135238,4.92018519798217
2021-05-30,290040,55,235953,40,54087,15,260876,46,1839155,1087,2100031,1133,0,4293,7,9848,4596,5,"East TN",2455501,34.0052803888086,0.0481420085647189,46.1412966233775,2.23986876812512,4.81420085647189
2021-05-31,290120,80,236019,66,54101,14,260947,71,1840582,1427,2101529,1498,6,4299,4,9852,4601,5,"East TN",2455501,30.7472894533539,0.046100818612667,61.0058802663896,3.25799093545472,4.6100818612667
2021-06-01,290251,131,236113,94,54138,37,261041,94,1841897,1315,2102938,1409,3,4302,11,9863,4604,3,"East TN",2455501,30.2178659263425,0.0479994083277864,57.3813653506963,5.3349601568071,4.79994083277864
2021-06-02,290370,119,236184,71,54186,48,261114,73,1843876,1979,2104990,2052,1,4303,9,9872,4608,4,"East TN",2455501,27.4892985178992,0.0444710578842315,83.5674674944136,4.8462615164889,4.44710578842315
2021-06-03,290457,87,236239,55,54218,32,261233,119,1847041,3165,2108274,3284,1,4304,7,9879,4613,5,"East TN",2455501,26.0232025969446,0.0423655405937475,133.740527900416,3.54306514230701,4.23655405937475
2021-06-04,290548,91,236298,59,54250,32,261311,78,1849193,2152,2110504,2230,0,4304,7,9886,4613,0,"East TN",2455501,25.005080429615,0.0407264722069345,90.8164973258003,3.70596468907974,4.07264722069345
2021-06-05,290589,41,236324,26,54265,15,261341,30,1850576,1383,2111917,1413,-1,4303,2,9888,4618,5,"East TN",2455501,24.5978315626831,0.0392503264459636,57.544264897469,1.66972035442054,3.92503264459636
2021-06-06,290615,26,236340,16,54275,10,261360,19,1851492,916,2112852,935,-1,4302,2,9890,4621,3,"East TN",2455501,23.4168098485808,0.0377505654785118,38.077769058127,1.05884705402278,3.77505654785118
2021-06-07,290688,73,236375,35,54313,38,261412,52,1852762,1270,2114174,1322,3,4305,10,9900,4623,2,"East TN",2455501,23.1317356417285,0.036773428232503,53.8383002083892,2.97291672860243,3.6773428232503
2021-06-08,290775,87,236442,67,54333,20,261482,70,1854240,1478,2115722,1548,3,4308,4,9904,4626,3,"East TN",2455501,21.3398406272284,0.0344962453066333,63.0421246010488,3.54306514230701,3.44962453066333
2021-06-09,290823,48,236480,38,54343,10,261536,54,1856969,2729,2118505,2783,0,4308,3,9907,4629,3,"East TN",2455501,18.4483736720124,0.0312245652978172,113.337359667131,1.95479456127283,3.12245652978172
2021-06-10,290898,75,236537,57,54361,18,261602,66,1858754,1785,2120356,1851,4,4312,4,9911,4632,3,"East TN",2455501,17.9596750316941,0.0305413011090879,75.3817652690836,3.0543665019888,3.05413011090879
2021-06-11,290968,70,236583,46,54385,24,261657,55,1860239,1485,2121896,1540,2,4314,4,9915,4633,1,"East TN",2455501,17.1044524111373,0.030372191011236,62.7163255075034,2.85074206852288,3.0372191011236
2021-06-12,290997,29,236605,22,54392,7,261688,31,1861432,1193,2123120,1224,3,4317,1,9916,4636,3,"East TN",2455501,16.6157537708191,0.030973846291172,49.8472613124572,1.18102171410234,3.0973846291172
2021-06-13,291016,19,236619,14,54397,5,261709,21,1862275,843,2123984,864,1,4318,1,9917,4637,1,"East TN",2455501,16.3306795639668,0.0313510600071865,35.186302102911,0.773772847170496,3.13510600071865
2021-06-14,291069,53,236652,33,54417,20,261750,41,1863527,1252,2125277,1293,3,4321,3,9920,4639,2,"East TN",2455501,15.5161818301031,0.0304422228226605,52.6572784942869,2.15841899473875,3.04422228226605
2021-06-15,291157,88,236721,69,54436,19,261838,88,1865409,1882,2127247,1970,0,4321,4,9924,4643,4,"East TN",2455501,15.5569067167963,0.0308893709327549,80.2280267855725,3.58379002900019,3.08893709327549
2021-06-16,291225,68,236762,41,54463,27,261876,38,1867314,1905,2129190,1943,2,4323,8,9932,4646,3,"East TN",2455501,16.37140445066,0.0318203088441741,79.1284548448565,2.76929229513651,3.18203088441741
2021-06-17,291276,51,236800,38,54476,13,261922,46,1869665,2351,2131587,2397,1,4324,1,9933,4650,4,"East TN",2455501,15.3940071700236,0.0284925652212626,97.617553403562,2.07696922135238,2.84925652212626
2021-06-18,291338,62,236851,51,54487,11,261977,55,1871393,1728,2133370,1783,2,4326,4,9937,4652,2,"East TN",2455501,15.0682080764781,0.0278891406658532,72.6124729739471,2.52494297497741,2.78891406658532
2021-06-19,291366,28,236868,17,54498,11,261995,18,1872543,1150,2134538,1168,0,4326,5,9942,4654,2,"East TN",2455501,15.0274831897849,0.0268873708180067,47.5666676576389,1.14029682740915,2.68873708180067
2021-06-20,291391,25,236889,21,54502,4,262012,17,1873296,753,2135308,770,3,4329,2,9944,4657,3,"East TN",2455501,15.271832509944,0.0267573295655246,31.3581627537517,1.0181221673296,2.67573295655246
2021-06-21,291458,67,236929,40,54529,27,262064,52,1874567,1271,2136631,1323,6,4335,2,9946,4659,2,"East TN",2455501,15.8419809236486,0.027655451823146,53.8790250950824,2.72856740844333,2.7655451823146
2021-06-22,291551,93,236975,46,54576,47,262115,51,1875994,1427,2138109,1478,5,4340,7,9953,4663,4,"East TN",2455501,16.0456053571145,0.0255017492174553,60.1913825325259,3.78741446246611,2.55017492174554
2021-06-23,291620,69,237023,48,54597,21,262170,55,1877783,1789,2139953,1844,2,4342,5,9958,4667,4,"East TN",2455501,16.0863302438077,0.0273158041438261,75.0966910622313,2.8100171818297,2.73158041438261
2021-06-24,291703,83,237075,52,54628,31,262232,62,1879626,1843,2141858,1905,3,4345,6,9964,4668,1,"East TN",2455501,17.3895266179896,0.0301820660110992,77.5809091505155,3.38016559553427,3.01820660110992
2021-06-25,291782,79,237131,56,54651,23,262301,69,1881430,1804,2143731,1873,0,4345,3,9967,4670,2,"East TN",2455501,18.0818496917737,0.0312711128269472,76.2777127763336,3.21726604876154,3.12711128269472
2021-06-26,291817,35,237149,18,54668,17,262322,21,1882614,1184,2144936,1205,0,4345,2,9969,4672,2,"East TN",2455501,18.366923898626,0.0314483554529717,49.0734884652867,1.42537103426144,3.14483554529717
2021-06-27,291846,29,237169,20,54677,9,262346,24,1883328,714,2145674,738,2,4347,3,9972,4674,2,"East TN",2455501,18.5298234453987,0.0322207215898129,30.0549663795698,1.18102171410234,3.22207215898129
2021-06-28,291890,44,237193,24,54697,20,262371,25,1883880,552,2146251,577,4,4351,3,9975,4674,0,"East TN",2455501,17.5931510514555,0.0319126819126819,23.4982596219672,1.7918950145001,3.19126819126819
2021-06-29,292020,130,237278,85,54742,45,262466,95,1885892,2012,2148358,2107,0,4351,7,9982,4677,3,"East TN",2455501,19.0999718591033,0.0342472436335252,85.8073362625387,5.29423527011392,3.42472436335252
2021-06-30,292105,85,237341,63,54764,22,262541,75,1887536,1644,2150077,1719,3,4354,4,9986,4677,0,"East TN",2455501,19.7515700461942,0.0366455946266298,70.0060802255833,3.46161536892064,3.66455946266298
2021-07-01,292211,106,237394,53,54817,53,262606,65,1890088,2552,2152694,2617,1,4355,2,9988,4680,3,"East TN",2455501,20.6882424401375,0.0345145810262089,106.577028476063,4.3168379894775,3.45145810262089
2021-07-02,292293,82,237457,63,54836,19,262680,74,1891770,1682,2154450,1756,0,4355,3,9991,4682,2,"East TN",2455501,20.810417100217,0.0353577759119321,71.5129010332311,3.33944070884109,3.53577759119321
2021-07-03,292341,48,237493,36,54848,12,262720,40,1892856,1086,2155576,1126,1,4356,3,9994,4685,3,"East TN",2455501,21.3398406272284,0.037406015037594,45.8562224165252,1.95479456127283,3.7406015037594
2021-07-04,292368,27,237514,21,54854,6,262745,25,1893556,700,2156301,725,0,4356,1,9995,4686,1,"East TN",2455501,21.258390853842,0.0375458737178884,29.5255428525584,1.09957194071597,3.75458737178884
2021-07-05,292411,43,237538,24,54873,19,262770,25,1894038,482,2156808,507,0,4356,2,9997,4687,1,"East TN",2455501,21.2176659671489,0.037794828076158,20.6475175534443,1.75117012780691,3.7794828076158
2021-07-06,292573,162,237642,104,54931,58,262881,111,1895363,1325,2158244,1436,5,4361,6,10003,4687,0,"East TN",2455501,22.5208623413308,0.0419785555330771,58.4809372914122,6.59743164429581,4.19785555330771
2021-07-07,292716,143,237724,82,54992,61,262969,88,1896820,1457,2159789,1545,4,4365,6,10009,4689,2,"East TN",2455501,24.8829057695354,0.0440691927512356,62.9199499409693,5.82365879712531,4.40691927512356
2021-07-08,292856,140,237826,102,55030,38,263086,117,1898674,1854,2161760,1971,2,4367,3,10012,4691,2,"East TN",2455501,26.2675519171037,0.0529450694904037,80.2687516722657,5.70148413704576,5.29450694904037
2021-07-09,293020,164,237948,122,55072,42,263217,131,1900418,1744,2163635,1875,0,4367,4,10016,4693,2,"East TN",2455501,29.6069926259448,0.0584648884050082,76.35916254972,6.67888141768218,5.84648884050082
2021-07-10,293123,103,238020,72,55103,31,263290,73,1901475,1057,2164765,1130,0,4367,12,10028,4694,1,"East TN",2455501,31.8468613940699,0.0620306888671237,46.0191219632979,4.19466332939795,6.20306888671237
2021-07-11,293171,48,238055,35,55116,13,263333,43,1902231,756,2165564,799,2,4369,7,10035,4694,0,"East TN",2455501,32.7020840146267,0.0634783547446831,32.539184467854,1.95479456127283,6.34783547446832
2021-07-12,293344,173,238172,117,55172,56,263458,125,1903597,1366,2167055,1491,1,4370,14,10049,4695,1,"East TN",2455501,37.9963192847407,0.0671416024202205,60.7208060595373,7.04540539792083,6.71416024202205
2021-07-13,293558,214,238309,137,55249,77,263603,145,1905218,1621,2168821,1766,4,4374,17,10066,4699,4,"East TN",2455501,40.1140133927862,0.0682613217358419,71.9201499001629,8.71512575234138,6.82613217358419
2021-07-14,293731,173,238445,136,55286,37,263745,142,1906779,1561,2170524,1703,0,4374,12,10078,4700,1,"East TN",2455501,41.3357599935818,0.072286911970191,69.3544820384923,7.04540539792083,7.2286911970191
2021-07-15,293951,220,238595,150,55356,70,263912,167,1908580,1801,2172492,1968,0,4374,15,10093,4700,0,"East TN",2455501,44.5937509290365,0.0769660827431979,80.1465770121861,8.95947507250048,7.69660827431979
2021-07-16,294181,230,238737,142,55444,88,264066,154,1910109,1529,2174175,1683,0,4374,10,10103,4704,4,"East TN",2455501,47.2815934507866,0.080550284629981,68.5399843046287,9.36672393943232,8.0550284629981
2021-07-17,294325,144,238837,100,55488,44,264176,110,1911327,1218,2175503,1328,0,4374,5,10108,4706,2,"East TN",2455501,48.9513138052072,0.0825107096293537,54.0826495285484,5.8643836838185,8.25107096293537
2021-07-18,294469,144,238958,121,55511,23,264308,132,1912451,1124,2176759,1256,0,4374,6,10114,4708,2,"East TN",2455501,52.8609029277528,0.0870924519874944,51.1504576866391,5.8643836838185,8.70924519874944
2021-07-19,294772,303,239169,211,55603,92,264523,215,1914141,1690,2178664,1905,2,4376,14,10128,4709,1,"East TN",2455501,58.1551381978667,0.0917391678869842,77.5809091505155,12.3396406680348,9.17391678869842
2021-07-20,295128,356,239406,237,55722,119,264776,253,1915801,1660,2180577,1913,2,4378,22,10150,4711,2,"East TN",2455501,63.9380721082989,0.0997788363388908,77.906708244061,14.4980596627735,9.97788363388908
2021-07-21,295530,402,239700,294,55830,108,265085,309,1917917,2116,2183002,2425,3,4381,28,10178,4715,4,"East TN",2455501,73.264071161038,0.107389004648181,98.7578502309712,16.37140445066,10.7389004648181
2021-07-22,296005,475,240034,334,55971,141,265453,368,1920285,2368,2185738,2736,5,4386,21,10199,4718,3,"East TN",2455501,83.6489172677999,0.11633700739846,111.423289992551,19.3443211792624,11.633700739846
2021-07-23,296465,460,240353,319,56112,141,265786,333,1922188,1903,2187974,2236,1,4387,28,10227,4724,6,"East TN",2455501,93.0156412072322,0.124646713529966,91.0608466459594,18.7334478788646,12.4646713529966
2021-07-24,296823,358,240603,250,56220,108,266052,266,1923939,1751,2189991,2017,0,4387,21,10248,4728,4,"East TN",2455501,101.730766959574,0.129486471562673,82.1420964601521,14.5795094361599,12.9486471562673
2021-07-25,297051,228,240793,190,56258,38,266255,203,1925254,1315,2191509,1518,3,4390,17,10265,4733,5,"East TN",2455501,105.151657441801,0.132,61.8203780002533,9.28527416604595,13.2
2021-07-26,297718,667,241256,463,56462,204,266740,485,1926983,1729,2193723,2214,10,4400,36,10301,4737,4,"East TN",2455501,119.97551619812,0.147220931004715,90.1648991387094,27.1634994243537,14.7220931004715
2021-07-27,298444,726,241745,489,56699,237,267255,515,1929304,2321,2196559,2836,2,4402,28,10329,4743,6,"East TN",2455501,135.043724274598,0.155112001001126,115.49577866187,29.5662677392516,15.5112001001126
2021-07-28,299261,817,242293,548,56968,269,267869,614,1932170,2866,2200039,3480,2,4404,37,10366,4746,3,"East TN",2455501,151.94455225227,0.163409050889241,141.72260569228,33.2722324283313,16.3409050889241
2021-07-29,299950,689,242751,458,57199,231,268366,497,1934598,2428,2202964,2925,3,4407,24,10390,4750,4,"East TN",2455501,160.659678004611,0.169104841518635,119.120293577563,28.0594469316038,16.9104841518635
2021-07-30,300947,997,243499,748,57448,249,269169,803,1936401,1803,2205570,2606,4,4411,41,10431,4755,5,"East TN",2455501,182.528942158851,0.192259604455558,106.129054722438,40.6027120331044,19.2259604455558
2021-07-31,301482,535,243864,365,57618,170,269565,396,1938370,1969,2207935,2365,2,4413,32,10463,4765,10,"East TN",2455501,189.737247103544,0.195775746767722,96.3143570293801,21.7878143808534,19.5775746767722
2021-08-01,302012,530,244284,420,57728,110,270026,461,1940508,2138,2210534,2599,3,4416,28,10491,4769,4,"East TN",2455501,202.036162884886,0.198212877792378,105.843980515585,21.5841899473875,19.8212877792378
2021-08-02,302863,851,244823,539,58040,312,270563,537,1942843,2335,2213406,2872,9,4425,33,10524,4778,9,"East TN",2455501,209.529542036432,0.194228522074887,116.961874582824,34.6568785758996,19.4228522074887
2021-08-03,304201,1338,245792,969,58409,369,271579,1016,1946617,3774,2218196,4790,4,4429,40,10564,4788,10,"East TN",2455501,234.45317269266,0.19984286176457,195.072207260351,54.4898983954802,19.984286176457
2021-08-04,305288,1087,246627,835,58661,252,272465,886,1950236,3619,2222701,4505,8,4437,40,10604,4794,6,"East TN",2455501,245.44889209982,0.202806460153561,183.465614552794,44.267951835491,20.2806460153561
2021-08-05,306468,1180,247520,893,58948,287,273418,953,1954200,3964,2227618,4917,10,4447,43,10647,4801,7,"East TN",2455501,265.444811466173,0.204916037965442,200.244267870386,48.0553662979571,20.4916037965442
2021-08-06,307806,1338,248507,987,59299,351,274501,1083,1958828,4628,2233329,5711,3,4450,52,10699,4814,13,"East TN",2455501,279.331997828549,0.192081847328794,232.579827904774,54.4898983954802,19.2081847328794
2021-08-07,308530,724,249032,525,59498,199,275084,583,1961830,3002,2236914,3585,0,4450,28,10727,4823,9,"East TN",2455501,287.029001413561,0.19044825563339,145.998718795065,29.4848179658652,19.044825563339
2021-08-08,309167,637,249484,452,59683,185,275609,525,1963946,2116,2239555,2641,5,4455,30,10757,4833,10,"East TN",2455501,291.386564289731,0.192377933220771,107.554425756699,25.9417528235582,19.2377933220771
2021-08-09,310536,1369,250445,961,60091,408,276615,1006,1967483,3537,2244098,4543,13,4468,66,10823,4845,12,"East TN",2455501,312.482055596801,0.197184934184804,185.013160247135,55.7523698829689,19.7184934184804
2021-08-10,311862,1326,251295,850,60567,476,277532,917,1970734,3251,2248266,4168,6,4474,49,10872,4859,14,"East TN",2455501,311.993356956483,0.197971400066511,169.741327737191,54.001199755162,19.7971400066511
2021-08-11,313750,1888,252608,1313,61142,575,278916,1384,1976089,5355,2255005,6739,8,4482,63,10935,4879,20,"East TN",2455501,344.613991197723,0.199696631996038,274.445011425367,76.8885860767314,19.9696631996038
2021-08-12,315211,1461,253675,1067,61536,394,280076,1160,1980569,4480,2260645,5640,10,4492,45,10980,4893,14,"East TN",2455501,356.057684358508,0.201592636327853,229.688360949558,59.4990594587418,20.1592636327853
2021-08-13,316856,1645,254797,1122,62059,523,281249,1173,1985988,5419,2267237,6592,11,4503,30,11010,4917,24,"East TN",2455501,368.560224573315,0.199009083402147,268.458453081469,66.9924386102877,19.9009083402147
2021-08-14,318386,1530,255886,1089,62500,441,282449,1200,1991459,5471,2273908,6671,1,4504,27,11037,4931,14,"East TN",2455501,401.384483248021,0.199086338325134,271.67571913023,62.3090766405715,19.9086338325134
2021-08-15,319530,1144,256853,967,62677,177,283508,1059,1995266,3807,2278774,4866,11,4515,21,11058,4944,13,"East TN",2455501,422.032000801466,0.20140748106785,198.167298649033,46.5892703770025,20.140748106785
2021-08-16,320966,1436,257772,919,63194,517,284470,962,1998325,3059,2282795,4021,17,4532,27,11085,4962,18,"East TN",2455501,424.760568209909,0.202987311677908,163.754769393293,58.4809372914122,20.2987311677908
2021-08-17,322701,1735,258986,1214,63715,521,285790,1320,2003184,4859,2288974,6179,10,4542,25,11110,4979,17,"East TN",2455501,441.417046867421,0.202859388817923,251.639074877184,70.6576784126742,20.2859388817923
2021-08-18,324791,2090,260378,1392,64413,698,287268,1478,2008604,5420,2295872,6898,13,4555,32,11142,4994,15,"East TN",2455501,449.643473979445,0.204370274304451,280.920268409583,85.1150131887546,20.4370274304451
2021-08-19,327181,2390,261879,1501,65302,889,288842,1574,2018556,9952,2307398,11526,23,4578,43,11185,5016,22,"East TN",2455501,487.476893717412,0.187495989562167,469.395044025639,97.3324791967098,18.7495989562167
2021-08-20,329635,2454,263858,1979,65777,475,290953,2111,2025447,6891,2316400,9002,4,4582,37,11222,5049,33,"East TN",2455501,520.423327052198,0.197384211703924,366.605430012042,99.9388719450735,19.7384211703924
2021-08-21,332563,2928,265836,1978,66727,950,293071,2118,2034372,8925,2327443,11043,0,4582,57,11279,5073,24,"East TN",2455501,577.35671864927,0.198412253665826,449.724923752831,119.242468237643,19.8412253665826
2021-08-22,334044,1481,267175,1339,66869,142,294588,1517,2039883,5511,2334471,7028,7,4589,17,11296,5092,19,"East TN",2455501,591.081005464873,0.198933515270122,286.214503679697,60.3135571926055,19.8933515270122
2021-08-23,335991,1947,268304,1129,67687,818,295774,1186,2043849,3966,2339623,5152,17,4606,37,11333,5113,21,"East TN",2455501,611.89142256509,0.198916027310481,209.814616243284,79.2913543916292,19.8916027310481
2021-08-24,337968,1977,269694,1390,68274,587,297207,1433,2047628,3779,2344835,5212,15,4621,25,11358,5151,38,"East TN",2455501,621.74684514484,0.204382306081166,212.258109444875,80.5131009924248,20.4382306081166
2021-08-25,340189,2221,270905,1211,69284,1010,298449,1242,2051663,4035,2350112,5277,17,4638,39,11397,5189,38,"East TN",2455501,627.081805301647,0.206139380530973,214.905227079932,90.4499733455617,20.6139380530973
2021-08-26,342842,2653,272740,1835,70102,818,300404,1955,2058508,6845,2358912,8800,24,4662,40,11437,5219,30,"East TN",2455501,637.792450501955,0.224443840509376,358.379002900019,108.043124397017,22.4443840509376
2021-08-27,345849,3007,275019,2279,70830,728,302777,2373,2065580,7072,2368357,9445,19,4681,44,11481,5240,21,"East TN",2455501,660.313312843285,0.227572800585099,384.646554817123,122.459734286404,22.7572800585099
2021-08-28,347991,2142,276559,1540,71432,602,304450,1673,2071446,5866,2375896,7539,1,4682,33,11514,5275,35,"East TN",2455501,628.303551902443,0.234846139557922,307.024920779914,87.2327072968001,23.4846139557922
2021-08-29,350323,2332,278385,1826,71938,506,306472,2022,2078439,6993,2384911,9015,9,4691,45,11559,5306,31,"East TN",2455501,662.960430478342,0.235606661379857,367.134853539054,94.9704357685051,23.5606661379857
2021-08-30,353563,3240,280800,2415,72763,825,309078,2606,2087479,9040,2396557,11646,21,4712,71,11630,5346,40,"East TN",2455501,715.617708972629,0.23367407875786,474.282030428821,131.948632885916,23.367407875786
2021-08-31,357147,3584,283208,2408,73939,1176,311684,2606,2096064,8585,2407748,11191,7,4719,80,11710,5381,35,"East TN",2455501,781.062601888576,0.23011142371211,455.752206983422,145.957993908371,23.011142371211
2021-09-01,358577,1430,284159,951,74418,479,312669,985,2098346,2282,2411015,3267,14,4733,32,11742,5423,42,"East TN",2455501,748.849216514267,0.233486035170681,133.048204826632,58.2365879712531,23.3486035170681
2021-09-02,360891,2314,285654,1495,75237,819,314185,1516,2102603,4257,2416788,5773,19,4752,44,11786,5453,30,"East TN",2455501,735.043479925278,0.238112516414403,235.104770879751,94.2373878080278,23.8112516414403
2021-09-03,362644,1753,286879,1225,75765,528,315478,1293,2106708,4105,2422186,5398,17,4769,32,11818,5482,29,"East TN",2455501,683.974472012025,0.235950881495105,219.832938369807,71.3907263731516,23.5950881495105
2021-09-04,365900,3256,289219,2340,76681,916,318051,2573,2114753,8045,2432804,10618,3,4772,56,11874,5513,31,"East TN",2455501,729.341995788232,0.238999789133338,432.416846908228,132.600231073007,23.8999789133338
2021-09-05,370351,4451,292473,3254,77878,1197,321537,3486,2127262,12509,2448799,15995,8,4780,58,11932,5568,55,"East TN",2455501,815.638030691089,0.235803280741297,651.394562657478,181.266470671362,23.5803280741297
2021-09-06,375257,4906,296408,3935,78849,971,325825,4288,2142895,15633,2468720,19921,11,4791,102,12034,5605,37,"East TN",2455501,883.485691921934,0.23207183736818,811.280467814918,199.796294116761,23.207183736818
2021-09-07,377334,2077,297866,1458,79468,619,327343,1518,2147320,4425,2474663,5943,34,4825,64,12098,5637,32,"East TN",2455501,822.113287675305,0.234013300455802,242.028001617593,84.5855896617432,23.4013300455802
2021-09-08,379011,1677,299042,1176,79969,501,328605,1262,2151697,4377,2480302,5639,19,4844,60,12158,5678,41,"East TN",2455501,832.172334688522,0.229999855672781,229.647636062865,68.2956349844696,22.9999855672781
2021-09-09,380920,1909,300048,1006,80872,903,329682,1077,2155362,3665,2485044,4742,8,4852,55,12213,5718,40,"East TN",2455501,815.678755577782,0.22704231129864,193.117412699079,77.7438086972883,22.704231129864
2021-09-10,386403,5483,303883,3835,82520,1648,333816,4134,2167464,12102,2501280,16236,23,4875,144,12357,5754,36,"East TN",2455501,967.582582943359,0.231850709282626,661.209260350535,223.294553738728,23.1850709282626
2021-09-11,390678,4275,306984,3101,83694,1174,337130,3314,2179282,11818,2516412,15132,8,4883,119,12476,5798,44,"East TN",2455501,1009.08124248371,0.228195866424266,616.24898544126,174.098890613362,22.8195866424266
2021-09-12,392254,1576,308405,1421,83849,155,338683,1553,2184522,5240,2523205,6793,23,4906,50,12526,5842,44,"East TN",2455501,891.997193240809,0.230438405504932,276.644155306799,64.182421428458,23.0438405504932
2021-09-13,394601,2347,309853,1448,84748,899,340184,1501,2189645,5123,2529829,6624,63,4969,84,12610,5892,50,"East TN",2455501,787.782208192951,0.234973571814299,269.761649455651,95.5813090689028,23.4973571814299
2021-09-14,397411,2810,311807,1954,85604,856,342259,2075,2195865,6220,2538124,8295,43,5012,63,12673,5936,44,"East TN",2455501,817.633550139055,0.235041994295709,337.812935119961,114.436931607847,23.5041994295709
2021-09-15,399203,1792,313004,1197,86199,595,343475,1216,2199640,3775,2543115,4991,23,5035,36,12709,5975,39,"East TN",2455501,822.316912108771,0.236734433954755,203.257909485681,72.9789969541857,23.6734433954755
2021-09-16,401842,2639,314856,1852,86986,787,345432,1957,2206297,6657,2551729,8614,23,5058,65,12774,6012,37,"East TN",2455501,852.046079394796,0.236185049111494,350.804173975087,107.472975983313,23.6185049111494
2021-09-17,404516,2674,316727,1871,87789,803,347434,2002,2213499,7202,2560933,9204,23,5081,82,12856,6067,55,"East TN",2455501,737.649872673642,0.228286926055689,374.831857124065,108.898347017574,22.8286926055689
2021-09-18,405963,1447,317900,1173,88063,274,348768,1334,2218971,5472,2567739,6806,3,5084,39,12895,6125,58,"East TN",2455501,622.479893105317,0.226742260408752,277.17357883381,58.9289110450372,22.6742260408752
2021-09-19,406606,643,318346,446,88260,197,349281,513,2221048,2077,2570329,2590,17,5101,25,12920,6168,43,"East TN",2455501,584.483573820577,0.224896019013666,105.477456535347,26.1861021437173,22.4896019013666
2021-09-20,408584,1978,319600,1254,88984,724,350651,1370,2226684,5636,2577335,7006,48,5149,70,12990,6212,44,"East TN",2455501,569.456090630792,0.220330063570917,285.318556172447,80.553825879118,22.0330063570917
2021-09-21,410451,1867,320700,1100,89751,767,351786,1135,2230988,4304,2582774,5439,31,5180,61,13051,6259,47,"East TN",2455501,531.052522479119,0.213370660694289,221.502658724228,76.0333634561745,21.3370660694289
2021-09-22,412042,1591,321816,1116,90226,475,353006,1220,2236344,5356,2589350,6576,14,5194,45,13096,6299,40,"East TN",2455501,522.866820253789,0.206142532713312,267.806854894378,64.7932947288557,20.6142532713312
2021-09-23,414387,2345,323321,1505,91066,840,354669,1663,2242700,6356,2597369,8019,32,5226,59,13155,6337,38,"East TN",2455501,510.893703565993,0.202388255915863,326.572866392642,95.4998592955165,20.2388255915863
2021-09-24,415923,1536,324302,981,91621,555,355767,1098,2247579,4879,2603346,5977,37,5263,40,13195,6386,49,"East TN",2455501,464.54878250915,0.196472779572301,243.412647765161,62.5534259607306,19.6472779572301
2021-09-25,416620,697,324791,489,91829,208,356329,562,2250600,3021,2606929,3583,2,5265,21,13216,6428,42,"East TN",2455501,434.005117489262,0.192931870375096,145.917269021678,28.3852460251492,19.2931870375096
2021-09-26,417480,860,325419,628,92061,232,357052,723,2254575,3975,2611627,4698,6,5271,26,13242,6464,36,"East TN",2455501,442.842417901683,0.188168918591699,191.325517684578,35.0234025561382,18.8168918591699
2021-09-27,418937,1457,326249,830,92688,627,357974,922,2258166,3591,2616140,4513,46,5317,45,13287,6497,33,"East TN",2455501,421.624751934534,0.188712794742945,183.791413646339,59.3361599119691,18.8712794742945
2021-09-28,420223,1286,327032,783,93191,503,358826,852,2261826,3660,2620652,4512,14,5331,34,13321,6533,36,"East TN",2455501,397.963592765794,0.18585986588521,183.750688759646,52.3722042874346,18.585986588521
2021-09-29,421895,1672,328037,1005,93858,667,359961,1135,2267323,5497,2627284,6632,30,5361,50,13371,6578,45,"East TN",2455501,401.262308587942,0.183344756682659,270.087448549196,68.0920105510037,18.3344756682659
2021-09-30,423104,1209,328798,761,94306,448,360781,820,2271994,4671,2632775,5491,11,5372,40,13411,6613,35,"East TN",2455501,354.998837304485,0.172626108569169,223.620352832273,49.2363880120595,17.2626108569169
2021-10-01,424472,1368,329770,972,94702,396,361855,1074,2276967,4973,2638822,6047,14,5386,47,13458,6642,29,"East TN",2455501,348.15705634003,0.171608975081745,246.263389833684,55.7116449962757,17.1608975081745
2021-10-02,425025,553,330121,351,94904,202,362250,395,2279636,2669,2641886,3064,11,5397,19,13477,6680,38,"East TN",2455501,342.292672656211,0.169379523414481,124.781052827916,22.5208623413308,16.9379523414481
2021-10-03,425564,539,330587,466,94977,73,362774,524,2282727,3091,2645501,3615,13,5410,15,13492,6713,33,"East TN",2455501,329.219984027699,0.168920115722973,147.22046539586,21.9507139276262,16.8920115722973
2021-10-04,426907,1343,331442,855,95465,488,363714,940,2286864,4137,2650578,5077,22,5432,29,13521,6736,23,"East TN",2455501,324.577346944676,0.166676345896974,206.760249741295,54.6935228289461,16.6676345896974
2021-10-05,428170,1263,332198,756,95972,507,364529,815,2291326,4462,2655855,5277,17,5449,41,13562,6776,40,"East TN",2455501,323.640674550733,0.162003238360367,214.905227079932,51.4355318934914,16.2003238360367
2021-10-06,429104,934,332903,705,96201,229,365309,780,2295747,4421,2661056,5201,18,5467,26,13588,6811,35,"East TN",2455501,293.585708171163,0.158356034584863,211.81013569125,38.0370441714339,15.8356034584863
2021-10-07,430218,1114,333695,792,96523,322,366166,857,2300528,4781,2666694,5638,24,5491,26,13614,6841,30,"East TN",2455501,289.716843935311,0.158760576667944,229.606911176171,45.367523776207,15.8760576667944
2021-10-08,431265,1047,334283,588,96982,459,366808,642,2304773,4245,2671581,4887,9,5500,31,13645,6862,21,"East TN",2455501,276.644155306799,0.151195091425257,199.02252126959,42.6389563677636,15.1195091425257
2021-10-09,431804,539,334636,353,97168,186,367224,416,2307582,2809,2674806,3225,4,5504,32,13677,6892,30,"East TN",2455501,276.074006893094,0.151093560145808,131.337759585518,21.9507139276262,15.1093560145808
2021-10-10,432121,317,334901,265,97220,52,367534,310,2309814,2232,2677348,2542,6,5510,16,13693,6916,24,"East TN",2455501,267.033082047207,0.149464627751437,103.522661974074,12.9097890817393,14.9464627751437
2021-10-11,433337,1216,335438,537,97899,679,368082,548,2313260,3446,2681342,3994,52,5562,33,13726,6930,14,"East TN",2455501,261.861021437173,0.141984137303342,162.655197452577,49.5214622189117,14.1984137303342
2021-10-12,434271,934,336075,637,98196,297,369087,1005,2316904,3644,2685991,4649,29,5591,32,13758,6964,34,"East TN",2455501,248.462533715116,0.151247677196708,189.329998236612,38.0370441714339,15.1247677196708
2021-10-13,435116,845,336623,548,98493,297,369736,649,2320768,3864,2690504,4513,25,5616,37,13795,6987,23,"East TN",2455501,244.838018799422,0.150332790002717,183.791413646339,34.4125292557405,15.0332790002717
2021-10-14,436063,947,337276,653,98787,294,370457,721,2324771,4003,2695228,4724,31,5647,33,13828,7019,32,"East TN",2455501,238.03696272166,0.150382000420551,192.384364738601,38.5664676984452,15.0382000420551
2021-10-15,436866,803,337789,513,99077,290,371033,576,2328664,3893,2699697,4469,24,5671,30,13858,7044,25,"East TN",2455501,228.100090368524,0.150270308721013,181.999518631839,32.7020840146267,15.0270308721013
2021-10-16,437174,308,338028,239,99146,69,371304,271,2330894,2230,2702198,2501,7,5678,12,13870,7059,15,"East TN",2455501,218.692641542398,0.148948598130841,101.852941619653,12.5432651015007,14.8948598130841
2021-10-17,437426,252,338238,210,99188,42,371552,248,2332557,1663,2704109,1911,7,5685,14,13884,7075,16,"East TN",2455501,216.045523907341,0.150143866073764,77.8252584706746,10.2626714466824,15.0143866073764
2021-10-18,438212,786,338704,466,99508,320,372067,515,2335747,3190,2707814,3705,23,5708,37,13921,7096,21,"East TN",2455501,198.533822629272,0.1505364158356,150.885705198247,32.0097609408426,15.05364158356
2021-10-19,439043,831,339145,441,99898,390,372541,474,2339075,3328,2711616,3802,25,5733,23,13944,7112,16,"East TN",2455501,194.339159299874,0.134790243902439,154.836019207486,33.8423808420359,13.4790243902439
2021-10-20,439806,763,339635,490,100171,273,373082,541,2343096,4021,2716178,4562,15,5748,21,13965,7131,19,"East TN",2455501,190.999718591033,0.130326400249279,185.786933094305,31.0730885468994,13.0326400249279
2021-10-21,440435,629,340058,423,100377,206,373552,470,2346733,3637,2720285,4107,17,5765,21,13986,7149,18,"East TN",2455501,178.0492046226,0.123518378097937,167.257109648907,25.6159537300127,12.3518378097937
2021-10-22,440978,543,340400,342,100578,201,373938,386,2349837,3104,2723775,3490,6,5771,18,14004,7167,18,"East TN",2455501,167.460734082373,0.120649555610931,142.129854559212,22.1136134743989,12.0649555610931
2021-10-23,441334,356,340644,244,100690,112,374211,273,2352221,2384,2726432,2657,0,5771,15,14019,7187,20,"East TN",2455501,169.415528643645,0.119955434513493,108.20602394379,14.4980596627735,11.9955434513493
2021-10-24,441577,243,340806,162,100771,81,374407,196,2354118,1897,2728525,2093,7,5778,14,14033,7199,12,"East TN",2455501,169.049004663407,0.116931520314548,85.2371878488341,9.89614746644371,11.6931520314548
2021-10-25,441999,422,341054,248,100945,174,374678,271,2356549,2431,2731227,2702,28,5806,21,14054,7210,11,"East TN",2455501,154.225145907088,0.111519241447059,110.038643844983,17.1859021845236,11.1519241447059
2021-10-26,442524,525,341382,328,101142,197,375016,338,2359188,2639,2734204,2977,12,5818,28,14082,7221,11,"East TN",2455501,141.763330578973,0.109571453869311,121.237987685609,21.3805655139216,10.9571453869311
2021-10-27,443144,620,341776,394,101368,226,375440,424,2363386,4198,2738826,4622,10,5828,21,14103,7242,21,"East TN",2455501,135.939671781848,0.104115153655952,188.230426295896,25.2494297497741,10.4115153655952
2021-10-28,443559,415,342032,256,101527,159,375731,291,2366183,2797,2741914,3088,16,5844,15,14118,7257,15,"East TN",2455501,127.224546029507,0.100744370983402,125.758450108552,16.9008279776714,10.0744370983402
2021-10-29,444018,459,342336,304,101682,155,376063,332,2369700,3517,2745763,3849,4,5848,10,14128,7274,17,"East TN",2455501,123.803655547279,0.0966436237947972,156.750088882065,18.6927229921715,9.66436237947972
2021-10-30,444281,263,342538,202,101743,61,376292,229,2372274,2574,2748566,2803,0,5848,16,14144,7288,14,"East TN",2455501,120.016241084813,0.0940182524622752,114.151857400995,10.7106452003074,9.40182524622752
2021-10-31,444452,171,342665,127,101787,44,376438,146,2373898,1624,2750336,1770,0,5848,5,14149,7299,11,"East TN",2455501,117.084049242904,0.0931181513914997,72.0830494469357,6.96395562453446,9.31181513914997
2021-11-01,445048,596,343026,361,102022,235,376828,390,2377015,3117,2753843,3507,14,5862,23,14172,7308,9,"East TN",2455501,124.170179527518,0.0950654403961797,142.822177632996,24.2720324691377,9.50654403961797
2021-11-02,445461,413,343247,221,102214,192,377055,227,2379226,2211,2756281,2438,25,5887,16,14188,7331,23,"East TN",2455501,119.608992217881,0.0923585632105812,99.2872737579826,16.819378204285,9.23585632105812
2021-11-03,446034,573,343627,380,102407,193,377449,394,2383804,4578,2761253,4972,6,5893,14,14202,7342,11,"East TN",2455501,117.694922543302,0.0895795246800731,202.484136638511,23.3353600751944,8.95795246800731
2021-11-04,446451,417,343929,302,102522,115,377779,330,2387339,3535,2765118,3865,13,5906,9,14211,7353,11,"East TN",2455501,117.776372316688,0.0882606447164282,157.401687069156,16.9822777510577,8.82606447164282
2021-11-05,446886,435,344214,285,102672,150,378103,324,2390922,3583,2769025,3907,2,5908,13,14224,7359,6,"East TN",2455501,116.798975036052,0.0876966726850658,159.11213231027,17.715325711535,8.76966726850658
2021-11-06,447119,233,344385,171,102734,62,378291,188,2393162,2240,2771453,2428,0,5908,13,14237,7367,8,"East TN",2455501,115.577228435256,0.0873421593044086,98.8800248910507,9.48889859951187,8.73421593044086
2021-11-07,447318,199,344513,128,102805,71,378445,154,2395063,1901,2773508,2055,6,5914,8,14245,7379,12,"East TN",2455501,116.717525262665,0.086613153806318,83.6896421544931,8.10425245194362,8.6613153806318
2021-11-08,447859,541,344859,346,103000,195,378830,385,2398595,3532,2777425,3917,25,5939,25,14270,7391,12,"East TN",2455501,114.47765649454,0.0848952590959206,159.519381177202,22.0321637010125,8.48952590959206
2021-11-09,448721,862,345471,612,103250,250,379625,795,2405862,7267,2785487,8062,10,5949,27,14297,7406,15,"East TN",2455501,132.76313061978,0.087995617338903,328.324036520449,35.1048523295246,8.7995617338903
2021-11-10,449346,625,345908,437,103438,188,380126,501,2411113,5251,2791239,5752,7,5956,28,14325,7417,11,"East TN",2455501,134.880824727825,0.0892749949976656,234.249548259194,25.45305418324,8.92749949976656
2021-11-11,449849,503,346290,382,103559,121,380531,405,2415401,4288,2795932,4693,5,5961,10,14335,7430,13,"East TN",2455501,138.383164983439,0.0893100538716168,191.121893251113,20.4846180066715,8.93100538716168
2021-11-12,450330,481,346612,322,103718,159,380863,332,2418851,3450,2799714,3782,2,5963,24,14359,7440,10,"East TN",2455501,140.256509771326,0.089934504219753,154.021521473622,19.5886704994215,8.9934504219753
2021-11-13,450567,237,346754,142,103813,95,381012,149,2420849,1998,2801861,2147,4,5967,11,14370,7449,9,"East TN",2455501,140.419409318098,0.0894830307813733,87.436331730266,9.65179814628461,8.94830307813733
2021-11-14,450928,361,347070,316,103858,45,381357,345,2423827,2978,2805184,3323,1,5968,14,14384,7457,8,"East TN",2455501,147.016840962394,0.0919307993433514,135.32879848145,14.7016840962394,9.19307993433514
2021-11-15,451505,577,347361,291,104144,286,381658,301,2426594,2767,2808252,3068,26,5994,20,14404,7467,10,"East TN",2455501,148.482936883349,0.0917377623511857,124.943952374689,23.4982596219672,9.17377623511856
2021-11-16,452176,671,347793,432,104383,239,382118,460,2430201,3607,2812319,4067,24,6018,17,14421,7477,10,"East TN",2455501,140.704483524951,0.0929114490161002,165.628114181179,27.3263989711265,9.29114490161002
2021-11-17,452888,712,348259,466,104629,246,382626,508,2434846,4645,2817472,5153,5,6023,27,14448,7487,10,"East TN",2455501,144.247548667258,0.0952998132123661,209.855341129977,28.996119325547,9.52998132123661
2021-11-18,453512,624,348669,410,104843,214,383104,478,2439708,4862,2822812,5340,12,6035,19,14467,7496,9,"East TN",2455501,149.175259957133,0.0957217261904762,217.470894941603,25.4123292965468,9.57217261904762
2021-11-19,454125,613,349111,442,105014,171,383564,460,2444182,4474,2827746,4934,7,6042,13,14480,7504,8,"East TN",2455501,154.550945000633,0.0963541666666667,200.93659094417,24.9643555429218,9.63541666666667
2021-11-20,454447,322,349358,247,105089,75,383851,287,2446886,2704,2830737,2991,0,6042,14,14494,7512,8,"East TN",2455501,158.012560369554,0.0983169414046267,121.808136099313,13.1134135152052,9.83169414046267
2021-11-21,454711,264,349510,152,105201,112,384015,164,2448369,1483,2832384,1647,9,6051,11,14505,7523,11,"East TN",2455501,154.062246360315,0.0977205882352941,67.073888383674,10.7513700870006,9.77205882352941
2021-11-22,455463,752,350005,495,105458,257,384527,512,2452237,3868,2836764,4380,20,6071,38,14543,7529,6,"East TN",2455501,161.189101531622,0.100624298540965,178.375003716146,30.6251147932744,10.0624298540965
2021-11-23,456139,676,350474,469,105665,207,385015,488,2455538,3301,2840553,3789,21,6092,20,14563,7536,7,"East TN",2455501,161.392725965088,0.102606786144365,154.306595680474,27.5300234045924,10.2606786144365
2021-11-24,456875,736,351006,532,105869,204,385588,573,2459566,4028,2845154,4601,6,6098,21,14584,7546,10,"East TN",2455501,162.370123245725,0.107000939238494,187.37520367534,29.9735166061834,10.7000939238494
2021-11-25,457160,285,351163,157,105997,128,385761,173,2461202,1636,2846963,1809,1,6099,11,14595,7555,9,"East TN",2455501,148.564386656735,0.110016148399652,73.6713200279699,11.6065927075574,11.0016148399652
2021-11-26,457390,230,351365,202,106025,28,386005,244,2462879,1677,2848884,1921,1,6100,15,14610,7559,4,"East TN",2455501,132.966755053246,0.115479231715394,78.2325073376065,9.36672393943232,11.5479231715394
2021-11-27,457674,284,351593,228,106081,56,386259,254,2464473,1594,2850732,1848,0,6100,14,14624,7570,11,"East TN",2455501,131.419209358905,0.120430107526882,75.259590609004,11.5658678208643,12.0430107526882
2021-11-28,457990,316,351805,212,106185,104,386476,217,2465983,1510,2852459,1727,7,6107,20,14644,7580,10,"East TN",2455501,133.53690346695,0.122590286425903,70.3318793191288,12.8690641950461,12.2590286425903
2021-11-29,459087,1097,352520,715,106567,382,387214,738,2470530,4547,2857744,5285,19,6126,36,14680,7588,8,"East TN",2455501,147.586989376099,0.128074356530029,215.231026173477,44.6752007024228,12.8074356530029
2021-11-30,459925,838,353029,509,106896,329,387721,507,2473897,3367,2861618,3874,64,6190,26,14706,7600,12,"East TN",2455501,154.184421020395,0.12845953002611,157.768211049395,34.1274550488882,12.845953002611
2021-12-01,461008,1083,353800,771,107208,312,388529,808,2479067,5170,2867596,5978,48,6238,33,14739,7621,21,"East TN",2455501,168.315956702929,0.131048926120667,243.453372651854,44.1050522887183,13.1048926120667
2021-12-02,461911,903,354424,624,107487,279,389195,666,2483728,4661,2872923,5327,39,6277,18,14757,7638,17,"East TN",2455501,193.483936679317,0.132280431432974,216.941471414591,36.7745726839452,13.2280431432974
2021-12-03,462929,1018,355159,735,107770,283,389977,782,2488704,4976,2878681,5758,21,6298,26,14783,7650,12,"East TN",2455501,225.575147393546,0.13330201026949,234.493897579353,41.4579346536613,13.330201026949
2021-12-04,463352,423,355493,334,107859,89,390358,381,2491456,2752,2881814,3133,3,6301,29,14812,7662,12,"East TN",2455501,231.235906643899,0.131876970593913,127.591070009745,17.2266270712168,13.1876970593913
2021-12-05,463737,385,355709,216,108028,169,390589,231,2493387,1931,2883976,2162,12,6313,15,14827,7670,8,"East TN",2455501,234.045923825728,0.130500999460609,88.0472050306638,15.6790813768758,13.0500999460609
2021-12-06,464688,951,356354,645,108334,306,391279,690,2497571,4184,2888850,4874,69,6382,32,14859,7684,14,"East TN",2455501,228.100090368524,0.130682183501575,198.493097742579,38.729367245218,13.0682183501575
2021-12-07,465529,841,356886,532,108643,309,391820,541,2501047,3476,2892867,4017,8,6390,28,14887,7689,5,"East TN",2455501,228.222265028603,0.13117219751032,163.59186984652,34.2496297089677,13.117219751032
2021-12-08,466575,1046,357523,637,109052,409,392477,657,2505660,4613,2898137,5270,4,6394,29,14916,7706,17,"East TN",2455501,226.715444220955,0.129268851707541,214.62015287308,42.5982314810705,12.9268851707541
2021-12-09,467494,919,358143,620,109351,299,393144,667,2510637,4977,2903781,5644,19,6413,34,14950,7720,14,"East TN",2455501,227.367042408046,0.127973297038045,229.85126049633,37.4261708710361,12.7973297038045
2021-12-10,468289,795,358691,548,109598,247,393745,601,2515146,4509,2908891,5110,5,6418,22,14972,7734,14,"East TN",2455501,218.285392675466,0.124726911618669,208.10417100217,32.3762849210813,12.4726911618669
2021-12-11,468685,396,358977,286,109708,110,394070,325,2518067,2921,2912137,3246,0,6418,19,14991,7743,9,"East TN",2455501,217.18582073475,0.122415328298651,132.192982206075,16.1270551305009,12.2415328298651
2021-12-12,469116,431,359240,263,109876,168,394364,294,2520585,2518,2914949,2812,9,6427,18,15009,7750,7,"East TN",2455501,219.059165522637,0.121880347399348,114.518381381233,17.5524261647623,12.1880347399348
2021-12-13,469997,881,359815,575,110182,306,394967,603,2525187,4602,2920154,5205,23,6450,24,15033,7759,9,"East TN",2455501,216.208423454114,0.117812420138002,211.973035238023,35.8786251766951,11.7812420138002
2021-12-14,470756,759,360273,458,110483,301,395452,485,2529209,4022,2924661,4507,36,6486,23,15056,7767,8,"East TN",2455501,212.868982745273,0.114235390325219,183.54706432618,30.9101890001267,11.4235390325219
2021-12-15,471624,868,360862,589,110762,279,396080,628,2534011,4802,2930091,5430,19,6505,23,15079,7782,15,"East TN",2455501,205.619952913886,0.11275583651499,221.136134743989,35.3492016496837,11.275583651499
2021-12-16,472418,794,361373,511,111045,283,396625,545,2537831,3820,2934456,4365,19,6524,22,15101,7799,17,"East TN",2455501,200.529342077238,0.113480032599837,177.764130415748,32.3355600343881,11.3480032599837
2021-12-17,473227,809,361908,535,111319,274,397210,585,2542499,4668,2939709,5253,24,6548,34,15135,7813,14,"East TN",2455501,201.099490490943,0.112434291647738,213.927829799296,32.9464333347859,11.2434291647738
2021-12-18,473797,570,362289,381,111508,189,397636,426,2545843,3344,2943479,3770,0,6548,29,15164,7826,13,"East TN",2455501,208.185620775557,0.113777040393083,153.532822833304,23.2131854151149,11.3777040393083
2021-12-19,474217,420,362569,280,111648,140,397946,310,2548504,2661,2946450,2971,6,6554,16,15180,7835,9,"East TN",2455501,207.737647021932,0.11371067585156,120.99363836545,17.1044524111373,11.371067585156
2021-12-20,475150,933,363192,623,111958,310,398584,638,2552464,3960,2951048,4598,40,6594,31,15211,7847,12,"East TN",2455501,209.855341129977,0.117077749724866,187.25302901526,37.9963192847407,11.7077749724866
2021-12-21,476160,1010,363848,656,112312,354,399253,669,2556847,4383,2956100,5052,30,6624,29,15240,7857,10,"East TN",2455501,220.077287689966,0.120900792009924,205.742127573966,41.1321355601158,12.0900792009924
2021-12-22,477645,1485,364579,731,113066,754,400001,748,2561184,4337,2961185,5085,852,7476,40,15280,7873,16,"East TN",2455501,245.204542779661,0.126101498681418,207.086048834841,60.4764567393782,12.6101498681418
2021-12-23,478810,1165,365384,805,113426,360,400865,864,2565669,4485,2966534,5349,28,7504,35,15315,7890,17,"East TN",2455501,260.313475742832,0.132177816572106,217.837418921841,47.4444929975594,13.2177816572106
2021-12-24,479748,938,366034,650,113714,288,401573,708,2569504,3835,2971077,4543,0,7504,18,15333,7912,22,"East TN",2455501,265.566986126253,0.139090793165009,185.013160247135,38.1999437182066,13.9090793165009
2021-12-25,480228,480,366317,283,113911,197,401906,333,2571623,2119,2973529,2452,8,7512,19,15352,7920,8,"East TN",2455501,261.901746323866,0.142096505823627,99.8574221716871,19.5479456127283,14.2096505823627
2021-12-26,480571,343,366594,277,113977,66,402226,320,2573498,1875,2975724,2195,62,7574,19,15371,7937,17,"East TN",2455501,258.765930048491,0.146204823392772,89.3911262915389,13.9686361357621,14.6204823392772
2021-12-27,482445,1874,367855,1261,114590,613,403536,1310,2578250,4752,2981786,6062,64,7638,36,15407,7956,19,"East TN",2455501,297.088048426777,0.161103520072874,246.874263134081,76.3184376630268,16.1103520072874
2021-12-28,484868,2423,369297,1442,115571,981,405021,1485,2582627,4377,2987648,5862,18,7656,27,15434,7969,13,"East TN",2455501,354.632313324246,0.182832509192342,238.729285795445,98.6764004575848,18.2832509192342
2021-12-29,487753,2885,371225,1928,116528,957,407025,2004,2587916,5289,2994941,7293,37,7693,30,15464,7984,15,"East TN",2455501,411.647154694704,0.208081526247186,297.006598653391,117.491298109836,20.8081526247186
2021-12-30,490576,2823,373010,1785,117566,1038,408847,1822,2592378,4462,3001225,6284,14,7707,34,15498,7999,15,"East TN",2455501,479.169016832003,0.230088495575221,255.915187979968,114.966355134858,23.0088495575221
2021-12-31,493099,2523,374824,1814,118275,709,410794,1947,2597211,4833,3008005,6780,0,7707,25,15523,8018,19,"East TN",2455501,543.7179622407,0.24970212305026,276.114731779788,102.748889126903,24.970212305026
2022-01-01,494558,1459,376055,1231,118503,228,412133,1339,2600860,3649,3012993,4988,0,7707,34,15557,8026,8,"East TN",2455501,583.587626313327,0.259147577539023,203.135734825602,59.4176096853555,25.9147577539023
2022-01-02,496021,1463,377018,963,119003,500,413356,1223,2603876,3016,3017232,4239,6,7713,27,15584,8046,20,"East TN",2455501,629.199499409693,0.268141081237352,172.632794692407,59.5805092321282,26.8141081237352
2022-01-03,498914,2893,379202,2184,119712,709,415582,2226,2608046,4170,3023628,6396,33,7746,38,15622,8060,14,"East TN",2455501,670.698158950047,0.287892548157354,260.476375289605,117.817097203381,28.7892548157354
2022-01-04,503083,4169,381658,2456,121425,1713,417972,2390,2613283,5237,3031255,7627,14,7760,43,15665,8078,18,"East TN",2455501,741.803811116347,0.296993601944642,310.608710808914,169.782052623884,29.6993601944642
2022-01-05,508013,4930,385066,3408,122947,1522,421472,3500,2618517,5234,3039989,8734,15,7775,44,15709,8103,25,"East TN",2455501,825.086204403908,0.320702361925058,355.691160378269,200.773691397397,32.0702361925058
2022-01-06,513166,5153,388533,3467,124633,1686,425119,3647,2624128,5611,3049247,9258,11,7786,43,15752,8123,20,"East TN",2455501,919.975190399026,0.338844696180917,377.031001005497,209.855341129977,33.8844696180917
2022-01-07,517534,4368,391757,3224,125777,1144,428398,3279,2628812,4684,3057210,7963,12,7798,40,15792,8145,22,"East TN",2455501,995.112606347951,0.357768519459405,324.292272737824,177.886305075828,35.7768519459405
2022-01-08,520677,3143,394180,2423,126497,720,431002,2604,2633574,4762,3064576,7366,1,7799,43,15835,8165,20,"East TN",2455501,1063.69331553927,0.365798809685361,299.979515381993,127.998318876677,36.5798809685361
2022-01-09,524178,3501,396862,2682,127316,819,433901,2899,2638575,5001,3072476,7900,15,7814,42,15877,8183,18,"East TN",2455501,1146.69063461998,0.371895590471363,321.726604876154,142.577828312837,37.1895590471363
2022-01-10,528816,4638,399934,3072,128882,1566,437141,3240,2643353,4778,3080494,8018,29,7843,63,15940,8216,33,"East TN",2455501,1217.75556189959,0.379119333169205,326.532141505949,188.882024482987,37.9119333169205
2022-01-11,534415,5599,403973,4039,130442,1560,441276,4135,2648542,5189,3089818,9324,30,7873,50,15990,8241,25,"East TN",2455501,1275.99214987084,0.397930433891706,379.718843527248,228.018640595137,39.7930433891706
2022-01-12,540101,5686,407954,3981,132147,1705,445443,4167,2653311,4769,3098754,8936,16,7889,33,16023,8263,22,"East TN",2455501,1306.78016421089,0.407912873308942,363.917587490292,231.561705737444,40.7912873308942
2022-01-13,547425,7324,413200,5246,134225,2078,450920,5477,2660237,6926,3111157,12403,65,7954,50,16073,8279,16,"East TN",2455501,1395.19389322179,0.416750121143596,505.110769655561,298.26907014088,41.6750121143596
2022-01-14,553919,6494,417976,4776,135943,1718,455849,4929,2666116,5879,3121965,10808,68,8022,39,16112,8312,33,"East TN",2455501,1481.7750023315,0.423920932746506,440.154575379933,264.467414185537,42.3920932746506
2022-01-15,558457,4538,421361,3385,137096,1153,459462,3613,2671203,5087,3130665,8700,9,8031,38,16150,8327,15,"East TN",2455501,1538.58621926849,0.430631421265263,354.306514230701,184.809535813669,43.0631421265264
2022-01-16,562309,3852,424676,3315,137633,537,462952,3490,2675850,4647,3138802,8137,7,8038,40,16190,8345,18,"East TN",2455501,1552.8806544978,0.438003196333263,331.378403022438,156.872263542145,43.8003196333263
2022-01-17,566941,4632,428003,3327,138938,1305,466422,3470,2680585,4735,3147007,8205,15,8053,43,16233,8369,24,"East TN",2455501,1552.63630517764,0.440229729526559,334.147695317575,188.637675162828,44.0229729526559
2022-01-18,572896,5955,431679,3676,141217,2279,470160,3738,2684046,3461,3154206,7199,49,8102,48,16281,8401,32,"East TN",2455501,1567.13436484041,0.448592905510344,293.178459304232,242.516700257911,44.8592905510344
2022-01-19,581197,8301,437682,6003,143515,2298,476336,6176,2689893,5847,3166229,12023,22,8124,53,16334,8433,32,"East TN",2455501,1673.62994354309,0.457843645794739,489.635312712151,338.05728444012,45.7843645794739
2022-01-20,589487,8290,443746,6064,145741,2226,482612,6276,2695610,5717,3178222,11993,44,8168,43,16377,8467,34,"East TN",2455501,1712.97018408871,0.472556475061507,488.413566111356,337.609310686495,47.2556475061508
2022-01-21,596785,7298,449356,5610,147429,1688,488493,5881,2701332,5722,3189825,11603,53,8221,31,16408,8498,31,"East TN",2455501,1745.71299299003,0.481049218980253,472.530860301014,297.210223086857,48.1049218980253
2022-01-22,602784,5999,454220,4864,148564,1135,493656,5163,2707418,6086,3201074,11249,0,8221,57,16465,8525,27,"East TN",2455501,1805.21205244877,0.48564814157281,458.114250411627,244.308595272411,48.564814157281
2022-01-23,606379,3595,457194,2974,149185,621,496801,3145,2710687,3269,3207488,6414,6,8227,31,16496,8557,32,"East TN",2455501,1794.74575656862,0.492807850216929,261.209423250082,146.405967661996,49.2807850216929
2022-01-24,613062,6683,461874,4680,151188,2003,501764,4963,2716067,5380,3217831,10343,37,8264,45,16541,8592,35,"East TN",2455501,1878.27249917634,0.49901163447419,421.217503067602,272.164417770549,49.901163447419
2022-01-25,618760,5698,465951,4077,152809,1621,506027,4263,2720720,4653,3226747,8916,30,8294,36,16577,8621,29,"East TN",2455501,1867.80620329619,0.494437628375677,363.103089756429,232.050404377762,49.4437628375677
2022-01-26,624561,5801,470374,4423,154187,1378,510704,4677,2725613,4893,3236317,9570,26,8320,37,16614,8655,34,"East TN",2455501,1765.99398656323,0.490354982307956,389.737165653771,236.24506770716,49.0354982307956
2022-01-27,631811,7250,476142,5768,155669,1482,516845,6141,2732766,7153,3249611,13294,29,8349,52,16666,8702,47,"East TN",2455501,1723.64010440232,0.479527658322711,541.396643699188,295.255428525584,47.9527658322711
2022-01-28,636765,4954,479842,3700,156923,1254,520773,3928,2737605,4839,3258378,8767,38,8387,42,16708,8736,34,"East TN",2455501,1628.1809699935,0.470876548072294,357.035081639144,201.751088678034,47.0876548072294
2022-01-29,640827,4062,483109,3267,157718,795,524317,3544,2743034,5429,3267351,8973,5,8392,32,16740,8774,38,"East TN",2455501,1549.2968644688,0.462619008102358,365.42440829794,165.424489747713,46.2619008102358
2022-01-30,642893,2066,484618,1509,158275,557,525913,1596,2745510,2476,3271423,4072,17,8409,24,16764,8820,46,"East TN",2455501,1487.02851271492,0.455337452099789,165.831738614645,84.1376159081181,45.5337452099789
2022-01-31,646803,3910,487085,2467,159718,1443,528485,2572,2748442,2932,3276927,5504,68,8477,38,16802,8858,38,"East TN",2455501,1374.09840191472,0.452162582915933,224.149776359285,159.234306970349,45.2162582915933
2022-02-01,651757,4954,490601,3516,161156,1438,532385,3900,2753701,5259,3286086,9159,28,8505,40,16842,8890,32,"East TN",2455501,1343.79908621499,0.444193532078397,372.999237222872,201.751088678034,44.4193532078397
2022-02-02,656465,4708,494110,3509,162355,1199,536138,3753,2758600,4899,3294738,8652,21,8526,47,16889,8932,42,"East TN",2455501,1299.28678505934,0.435357148970404,352.351719669428,191.73276655151,43.5357148970404
2022-02-03,665394,8929,496788,2678,168606,6251,538965,2827,2762953,4353,3301918,7180,26,8552,41,16930,8960,28,"East TN",2455501,1367.6638698172,0.422887949987573,292.404686457061,363.63251328344,42.2887949987573
2022-02-04,668925,3531,499309,2521,169616,1010,541711,2746,2767543,4590,3309254,7336,12,8564,38,16968,8989,29,"East TN",2455501,1309.7123560528,0.411549650129727,298.757768781198,143.799574913633,41.1549650129727
2022-02-05,670601,1676,500492,1183,170109,493,543047,1336,2770165,2622,3313212,3958,3,8567,26,16994,9033,44,"East TN",2455501,1212.54277640286,0.408408015525174,161.189101531622,68.2549100977764,40.8408015525174
2022-02-06,671906,1305,501438,946,170468,359,544133,1086,2772817,2652,3316950,3738,1,8568,36,17030,9065,32,"East TN",2455501,1181.55113762935,0.400202077887847,152.229626459122,53.1459771346051,40.0202077887847
2022-02-07,674713,2807,503270,1832,171443,975,546107,1974,2775702,2885,3321809,4859,50,8618,46,17076,9097,32,"East TN",2455501,1136.63158760677,0.392629561962479,197.882224442181,114.314756947767,39.2629561962479
2022-02-08,677372,2659,504976,1706,172396,953,547996,1889,2778369,2667,3326365,4556,21,8639,43,17119,9134,37,"East TN",2455501,1043.16797264591,0.387571687479828,185.542583774146,108.287473717176,38.7571687479828
2022-02-09,680274,2902,507052,2076,173222,826,550307,2311,2782040,3671,3332347,5982,26,8665,28,17147,9167,33,"East TN",2455501,969.618827278018,0.376744928075727,243.616272198627,118.18362118362,37.6744928075727
2022-02-10,682778,2504,508830,1778,173948,726,552279,1972,2785249,3209,3337528,5181,28,8693,30,17177,9205,38,"East TN",2455501,707.961430274311,0.373883740522325,210.995637957386,101.975116279733,37.3883740522325
2022-02-11,685072,2294,510555,1725,174517,569,554176,1897,2788613,3364,3342789,5261,31,8724,41,17218,9236,31,"East TN",2455501,657.584745434842,0.371701207693455,214.253628892841,93.4228900741641,37.1701207693455
2022-02-12,686002,930,511240,685,174762,245,554956,780,2791115,2502,3346071,3282,3,8727,17,17235,9278,42,"East TN",2455501,627.203979961727,0.362427341063331,133.65907812703,37.8741446246611,36.2427341063331
2022-02-13,686578,576,511656,416,174922,160,555440,484,2792515,1400,3347955,1884,35,8762,11,17246,9301,23,"East TN",2455501,597.515537562396,0.364683115626512,76.7256865299587,23.457534735274,36.4683115626512
2022-02-14,688817,2239,513084,1428,175733,811,557059,1619,2795522,3007,3352581,4626,146,8908,26,17272,9333,32,"East TN",2455501,574.383801920667,0.355907968282855,188.393325842669,91.183021306039,35.5907968282855
2022-02-15,690708,1891,514480,1396,176228,495,558594,1535,2798387,2865,3356981,4400,37,8945,30,17302,9363,30,"East TN",2455501,543.107088940302,0.346158871178469,179.18950145001,77.0107607368109,34.6158871178469
2022-02-16,692473,1765,515714,1234,176759,531,559965,1371,2801592,3205,3361557,4576,14,8959,20,17322,9385,22,"East TN",2455501,496.802892770152,0.330640191715166,186.35708150801,71.8794250134698,33.0640191715166
2022-02-17,694245,1772,516967,1253,177278,519,561349,1384,2805114,3522,3366463,4906,13,8972,23,17345,9409,24,"East TN",2455501,466.992275710741,0.313461206151719,199.796294116761,72.164499220322,31.3461206151719
2022-02-18,695423,1178,517692,725,177731,453,562186,837,2808079,2965,3370265,3802,8,8980,10,17355,9437,28,"East TN",2455501,421.543302161148,0.291527150968118,154.836019207486,47.9739165245707,29.1527150968118
2022-02-19,695958,535,518035,343,177923,192,562598,412,2810181,2102,3372779,2514,1,8981,15,17370,9471,34,"East TN",2455501,405.45697191734,0.28613149618092,102.382365146665,21.7878143808534,28.613149618092
2022-02-20,696325,367,518267,232,178058,135,562870,272,2811616,1435,3374486,1707,8,8989,5,17375,9487,16,"East TN",2455501,396.945470598464,0.280049753118993,69.5173815852651,14.9460334163985,28.0049753118993
2022-02-21,697045,720,518675,408,178370,312,563315,445,2813167,1551,3376482,1996,7,8996,13,17388,9507,20,"East TN",2455501,335.084367711518,0.261746370444751,81.2868738395953,29.3219184190925,26.1746370444751
2022-02-22,698220,1175,519327,652,178893,523,564043,728,2815517,2350,3379560,3078,44,9040,23,17411,9526,19,"East TN",2455501,305.925348839198,0.241330439789185,125.35120124162,47.8517418644912,24.1330439789185
2022-02-23,699081,861,519798,471,179283,390,564575,532,2818114,2597,3382689,3129,79,9119,9,17420,9554,28,"East TN",2455501,269.11005126856,0.218152564830589,127.428170462973,35.0641274428314,21.8152564830589
2022-02-24,699937,856,520285,487,179652,369,565141,566,2820616,2502,3385757,3068,50,9169,13,17433,9575,21,"East TN",2455501,231.806055057603,0.196537783766974,124.943952374689,34.8605030093655,19.6537783766974
2022-02-25,700700,763,520738,453,179962,310,565647,506,2822993,2377,3388640,2883,5,9174,24,17457,9591,16,"East TN",2455501,214.905227079932,0.188353741496599,117.409848336449,31.0730885468994,18.8353741496599
2022-02-26,700955,255,520918,180,180037,75,565864,217,2824729,1736,3390593,1953,0,9174,6,17463,9609,18,"East TN",2455501,203.50225880584,0.1833389468957,79.5357037117883,10.3848461067619,18.33389468957
2022-02-27,700978,23,520940,22,180038,1,565894,30,2825084,355,3390978,385,4,9178,2,17465,9630,21,"East TN",2455501,189.492897783385,0.183361629881155,15.6790813768758,0.936672393943232,18.3361629881155
2022-02-28,701842,864,521398,458,180444,406,566407,513,2827771,2687,3394178,3200,27,9205,19,17484,9651,21,"East TN",2455501,195.357281467204,0.174728752260398,130.319637418189,35.186302102911,17.4728752260398
2022-03-01,702604,762,521760,362,180844,400,566810,403,2829989,2218,3396799,2621,28,9233,17,17501,9667,16,"East TN",2455501,178.537903262919,0.160508150124717,106.739928022835,31.0323636602062,16.0508150124717
2022-03-02,703060,456,522023,263,181037,193,567120,310,2832302,2313,3399422,2623,8,9241,11,17512,9690,23,"East TN",2455501,162.044324152179,0.152094663240304,106.821377796222,18.5705483320919,15.2094663240304
2022-03-03,703415,355,522209,186,181206,169,567341,221,2834258,1956,3401599,2177,15,9256,11,17523,9706,16,"East TN",2455501,141.641155918894,0.138871354626941,88.6580783310616,14.4573347760803,13.8871354626941
2022-03-04,703751,336,522422,213,181329,123,567606,265,2836501,2243,3404107,2508,10,9266,10,17533,9716,10,"East TN",2455501,124.251629300904,0.126656753087218,102.138015826505,13.6835619289098,12.6656753087218
2022-03-05,703893,142,522524,102,181369,40,567722,116,2838213,1712,3405935,1828,0,9266,7,17540,9733,17,"East TN",2455501,119.649717104575,0.1211054621301,74.4450928751403,5.78293391043213,12.11054621301
2022-03-06,703992,99,522583,59,181409,40,567794,72,2839424,1211,3407218,1283,2,9268,4,17544,9743,10,"East TN",2455501,122.744808493257,0.116995073891626,52.2500296273551,4.03176378262522,11.6995073891626
2022-03-07,704254,262,522755,172,181499,90,568005,211,2841128,1704,3409133,1915,13,9281,9,17553,9754,11,"East TN",2455501,98.2284267039598,0.106853895018389,77.9881580174473,10.6699203136142,10.6853895018389
2022-03-08,704516,262,522854,99,181662,163,568128,123,2842880,1752,3411008,1875,27,9308,9,17562,9770,16,"East TN",2455501,77.8659833573678,0.0927581110563727,76.35916254972,10.6699203136142,9.27581110563727
2022-03-09,704809,293,522981,127,181828,166,568277,149,2844891,2011,3413168,2160,23,9331,7,17569,9780,10,"East TN",2455501,71.2278268263788,0.0841699403462826,87.9657552572774,11.9323918011029,8.41699403462826
2022-03-10,704995,186,523080,99,181915,87,568406,129,2846987,2096,3415393,2225,75,9406,3,17572,9789,9,"East TN",2455501,64.3453209752307,0.0772074815137016,90.6128728923344,7.57482892493222,7.72074815137016
2022-03-11,705206,211,523171,91,182035,120,568510,104,2849177,2190,3417687,2294,79,9485,5,17577,9805,16,"East TN",2455501,59.2547101385827,0.0665684830633284,93.4228900741641,8.59295109226182,6.65684830633284
2022-03-12,705275,69,523206,35,182069,34,568551,41,2850462,1285,3419013,1326,0,9485,3,17580,9814,9,"East TN",2455501,56.2817934099803,0.0633888973849212,54.001199755162,2.8100171818297,6.33888973849212
2022-03-13,705366,91,523259,53,182107,38,568621,70,2852071,1609,3420692,1679,4,9489,5,17585,9820,6,"East TN",2455501,55.9559943164348,0.0613774677156004,68.3770847578559,3.70596468907974,6.13774677156004
2022-03-14,705523,157,523342,83,182181,74,568727,106,2853156,1085,3421883,1191,69,9558,3,17588,9831,11,"East TN",2455501,51.6798812136505,0.0566274509803922,48.5033400515821,6.39380721082989,5.66274509803922
2022-03-15,705709,186,523421,79,182288,107,568818,91,2854589,1433,3423407,1524,4,9562,1,17589,9839,8,"East TN",2455501,48.5847898249685,0.0556496491652553,62.0647273204124,7.57482892493222,5.56496491652553
2022-03-16,705864,155,523513,92,182351,63,568927,109,2856156,1567,3425083,1676,10,9572,5,17594,9845,6,"East TN",2455501,42.9647554613091,0.0545530843474612,68.2549100977764,6.31235743744352,5.45530843474612
2022-03-17,706005,141,523607,94,182398,47,569042,115,2857455,1299,3426497,1414,7,9579,1,17595,9854,9,"East TN",2455501,41.1321355601158,0.0572766570605187,57.5849897841622,5.74220902373894,5.72766570605187
2022-03-18,706148,143,523695,88,182453,55,569136,94,2858946,1491,3428082,1585,2,9581,1,17596,9865,11,"East TN",2455501,38.3628432649793,0.0602212602212602,64.5489454086966,5.82365879712531,6.02212602212602
2022-03-19,706221,73,523753,58,182468,15,569202,66,2860119,1173,3429321,1239,0,9581,1,17597,9870,5,"East TN",2455501,38.5257428117521,0.0631548311990687,50.458134612855,2.97291672860243,6.31548311990687
2022-03-20,706287,66,523802,49,182485,17,569260,58,2860774,655,3430034,713,3,9584,0,17597,9876,6,"East TN",2455501,37.5076206444225,0.0684007707129094,29.0368442122402,2.68784252175014,6.84007707129094
2022-03-21,706384,97,523868,66,182516,31,569338,78,2861663,889,3431001,967,16,9600,1,17598,9882,6,"East TN",2455501,35.0641274428314,0.0670103092783505,39.3809654323089,3.95031400923885,6.70103092783505
2022-03-22,706468,84,523923,55,182545,29,569401,63,2862666,1003,3432067,1066,2,9602,5,17603,9889,7,"East TN",2455501,30.9101890001267,0.0673210161662817,43.4127292149341,3.42089048222746,6.73210161662818
2022-03-23,706563,95,523996,73,182567,22,569480,79,2864109,1443,3433589,1522,11,9613,0,17603,9899,10,"East TN",2455501,28.4666957985356,0.0650129320479661,61.983277547026,3.86886423585248,6.50129320479661
2022-03-24,706666,103,524030,34,182636,69,569523,43,2865193,1084,3434716,1127,5,9618,0,17603,9907,8,"East TN",2455501,26.9191501041946,0.0585229346635844,45.8969473032184,4.19466332939795,5.85229346635844
2022-03-25,706730,64,524076,46,182654,18,569580,57,2866647,1454,3436227,1511,0,9618,2,17605,9911,4,"East TN",2455501,23.7018840554331,0.05451197053407,61.535303793401,2.60639274836378,5.451197053407
2022-03-26,706771,41,524109,33,182662,8,569619,39,2867644,997,3437263,1036,0,9618,1,17606,9920,9,"East TN",2455501,22.3986876812512,0.0525056660790733,42.1909826141386,1.66972035442054,5.25056660790733
2022-03-27,706792,21,524124,15,182668,6,569636,17,2868090,446,3437726,463,2,9620,3,17609,9924,4,"East TN",2455501,20.5660677800579,0.0488819552782111,18.8556225389442,0.855222620556864,4.88819552782111
2022-03-28,706905,113,524173,49,182732,64,569698,62,2869512,1422,3439210,1484,30,9650,2,17611,9930,6,"East TN",2455501,21.2176659671489,0.0438543062492386,60.435731852685,4.60191219632979,4.38543062492386
2022-03-29,707019,114,524228,55,182791,59,569758,60,2870622,1110,3440380,1170,6,9656,0,17611,9941,11,"East TN",2455501,22.4394125679444,0.0429447852760736,47.6481174310253,4.64263708302298,4.29447852760736
2022-03-30,707118,99,524286,58,182832,41,569822,64,2872002,1380,3441824,1444,6,9662,4,17615,9947,6,"East TN",2455501,22.6023121147171,0.0415300546448087,58.8067363849577,4.03176378262522,4.15300546448087
2022-03-31,707202,84,524341,55,182861,29,569889,67,2873185,1183,3443074,1250,8,9670,0,17615,9948,1,"East TN",2455501,21.8285392675466,0.0437903804737976,50.90610836648,3.42089048222746,4.37903804737976
2022-04-01,707298,96,524394,53,182904,43,569952,63,2874462,1277,3444414,1340,15,9685,0,17615,9951,3,"East TN",2455501,23.1317356417285,0.0454378893367534,54.5713481688666,3.90958912254566,4.54378893367534
2022-04-02,707384,86,524420,26,182964,60,569983,31,2875264,802,3445247,833,0,9685,1,17616,9956,5,"East TN",2455501,24.9643555429218,0.0455911823647295,33.9238306154223,3.50234025561382,4.55911823647295
2022-04-03,707408,24,524432,12,182976,12,570000,17,2875744,480,3445744,497,10,9695,0,17616,9959,3,"East TN",2455501,25.0865302030013,0.0453978548266401,20.2402686865124,0.977397280636416,4.53978548266401
2022-04-04,707498,90,524483,51,183015,39,570059,59,2876752,1008,3446811,1067,51,9746,4,17620,9961,2,"East TN",2455501,24.1498578090581,0.0474937508222602,43.4534541016273,3.66523980238656,4.74937508222602
2022-04-05,707594,96,524523,40,183071,56,570108,49,2877767,1015,3447875,1064,36,9782,1,17621,9965,4,"East TN",2455501,23.4168098485808,0.0466977985323549,43.3312794415478,3.90958912254566,4.66977985323549
2022-04-06,707693,99,524577,54,183116,45,570170,62,2878934,1167,3449104,1229,0,9782,0,17621,9970,5,"East TN",2455501,23.4168098485808,0.0478021978021978,50.0508857459231,4.03176378262522,4.78021978021978
2022-04-07,707876,183,524623,46,183253,137,570224,54,2880047,1113,3450271,1167,53,9835,1,17622,9970,0,"East TN",2455501,27.448573631206,0.0465471724329582,47.5259427709457,7.45265426485267,4.65471724329582
2022-04-08,707945,69,524674,51,183271,18,570279,55,2881266,1219,3451545,1274,6,9841,0,17622,9972,2,"East TN",2455501,26.34900169049,0.0458561211611275,51.8835056471164,2.8100171818297,4.58561211611275
2022-04-09,707999,54,524704,30,183295,24,570320,41,2882127,861,3452447,902,0,9841,0,17622,9975,3,"East TN",2455501,25.0458053163082,0.0468055555555556,36.733847797252,2.19914388143194,4.68055555555556
2022-04-10,708065,66,524739,35,183326,31,570362,42,2882760,633,3453122,675,1,9842,1,17623,9976,1,"East TN",2455501,26.7562505574219,0.0490647872052047,27.4892985178992,2.68784252175014,4.90647872052047
2022-04-11,708169,104,524805,66,183364,38,570437,75,2883667,907,3454104,982,5,9847,2,17625,9980,4,"East TN",2455501,27.3263989711265,0.0518305224187577,39.9918387327067,4.23538821609114,5.18305224187577
2022-04-12,708260,91,524861,56,183399,35,570506,69,2884680,1013,3455186,1082,26,9873,2,17627,9984,4,"East TN",2455501,27.1227745376605,0.0544385173026946,44.0643274020251,3.70596468907974,5.44385173026946
2022-04-13,708384,124,524940,79,183444,45,570591,85,2885873,1193,3456464,1278,0,9873,1,17628,9988,4,"East TN",2455501,28.1408967049901,0.0572010869565217,52.0464051938891,5.04988594995482,5.72010869565217
2022-04-14,708487,103,524987,47,183500,56,570643,52,2886908,1035,3457551,1087,3,9876,0,17628,9991,3,"East TN",2455501,24.8829057695354,0.057554945054945,44.267951835491,4.19466332939795,5.7554945054945
2022-04-15,708562,75,525038,51,183524,24,570705,62,2887941,1033,3458646,1095,1,9877,1,17629,9992,1,"East TN",2455501,25.1272550896945,0.0599915504858471,44.5937509290365,3.0543665019888,5.99915504858471
2022-04-16,708621,59,525084,46,183537,13,570758,53,2888685,744,3459443,797,0,9877,1,17630,9993,1,"East TN",2455501,25.3308795231604,0.0626072041166381,32.4577346944676,2.40276831489786,6.26072041166381
2022-04-17,708659,38,525111,27,183548,11,570791,33,2889285,600,3460076,633,0,9877,0,17630,9995,2,"East TN",2455501,24.1905826957513,0.0616911130284728,25.7788532767855,1.54754569434099,6.16911130284728
2022-04-18,708890,231,525239,128,183651,103,570929,138,2890168,883,3461097,1021,-1,9876,2,17632,9995,0,"East TN",2455501,29.3626433057857,0.0703560703560704,41.5801093137409,9.4074488261255,7.03560703560704
2022-04-19,709006,116,525301,62,183705,54,570992,63,2891126,958,3462118,1021,2,9878,2,17634,9998,3,"East TN",2455501,30.3807654731153,0.0701096364685516,41.5801093137409,4.72408685640934,7.01096364685516
2022-04-20,709146,140,525392,91,183754,49,571093,101,2892556,1430,3463649,1531,8,9886,1,17635,10000,2,"East TN",2455501,31.0323636602062,0.0698677800974252,62.3498015272647,5.70148413704576,6.98677800974252
2022-04-21,709264,118,525472,80,183792,38,571181,88,2893698,1142,3464879,1230,5,9891,1,17636,10003,3,"East TN",2455501,31.643236960604,0.0734170305676856,50.0916106326163,4.80553662979571,7.34170305676856
2022-04-22,709386,122,525555,83,183831,39,571270,89,2894778,1080,3466048,1169,3,9894,0,17636,10006,3,"East TN",2455501,33.5573066351836,0.0763307214266414,47.6073925443321,4.96843617656845,7.63307214266414
2022-04-23,709461,75,525602,47,183859,28,571318,48,2895635,857,3466953,905,0,9894,0,17636,10007,1,"East TN",2455501,34.2089048222746,0.0745672436750999,36.8560224573315,3.0543665019888,7.45672436750999
2022-04-24,709532,71,525642,40,183890,31,571364,46,2896302,667,3467666,713,2,9896,1,17637,10012,5,"East TN",2455501,35.5528260831496,0.075494071146245,29.0368442122402,2.89146695521606,7.5494071146245
2022-04-25,709722,190,525741,99,183981,91,571462,98,2897037,735,3468499,833,0,9896,5,17642,10015,3,"East TN",2455501,33.8831057287291,0.0720075655228317,33.9238306154223,7.73772847170496,7.20075655228317
2022-04-26,709897,175,525854,113,184043,62,571583,121,2898272,1235,3469855,1356,0,9896,0,17642,10020,5,"East TN",2455501,36.2858740436269,0.0763861962000776,55.2229463559575,7.1268551713072,7.63861962000776
2022-04-27,710088,191,525952,98,184136,93,571684,101,2899467,1195,3471151,1296,0,9896,2,17644,10023,3,"East TN",2455501,38.3628432649793,0.0787789922687283,52.7794531543665,7.77845335839814,7.87789922687283
2022-04-28,710240,152,526041,89,184199,63,571783,99,2900628,1161,3472411,1260,4,9900,1,17645,10028,5,"East TN",2455501,39.7474894125476,0.0799256505576208,51.3133572334118,6.19018277736397,7.99256505576208
2022-04-29,710378,138,526127,86,184251,52,571875,92,2901790,1162,3473665,1254,2,9902,0,17645,10030,2,"East TN",2455501,40.3990875996385,0.0794275961664697,51.0690079132527,5.62003436365939,7.94275961664697
2022-04-30,710453,75,526183,56,184270,19,571937,62,2902520,730,3474457,792,0,9902,0,17645,10030,0,"East TN",2455501,40.3990875996385,0.0824893390191898,32.2541102610017,3.0543665019888,8.24893390191898
2022-05-01,710509,56,526216,33,184293,23,571970,33,2903013,493,3474983,526,0,9902,0,17645,10033,3,"East TN",2455501,39.7882142992408,0.0828208282082821,21.4212904006148,2.2805936548183,8.28208282082821
2022-05-02,710694,185,526345,129,184349,56,572116,146,2904039,1026,3476155,1172,6,9908,2,17647,10034,1,"East TN",2455501,39.5845898657748,0.085423197492163,47.7295672044116,7.53410403823904,8.5423197492163
2022-05-03,710878,184,526453,108,184425,76,572236,120,2904986,947,3477222,1067,2,9910,1,17648,10035,1,"East TN",2455501,39.9511138460135,0.0886385231437491,43.4534541016273,7.49337915154586,8.86385231437492
2022-05-04,711141,263,526621,168,184520,95,572412,176,2906261,1275,3478673,1451,3,9913,2,17650,10035,0,"East TN",2455501,42.8833056879227,0.0967827705397501,59.09181059181,10.7106452003074,9.67827705397501
2022-05-05,711359,218,526764,143,184595,75,572563,151,2907382,1121,3479945,1272,1,9914,2,17652,10037,2,"East TN",2455501,45.5711482096729,0.103530661003451,51.80205587373,8.87802529911411,10.3530661003451
2022-05-06,711581,222,526906,142,184675,80,572716,153,2908600,1218,3481316,1371,1,9915,2,17654,10040,3,"East TN",2455501,48.9920386919003,0.109920271859888,55.8338196563553,9.04092484588685,10.9920271859888
2022-05-07,711699,118,526984,78,184715,40,572808,92,2909472,872,3482280,964,0,9915,2,17656,10041,1,"East TN",2455501,50.7432088197073,0.11133836124249,39.2587907722294,4.80553662979571,11.133836124249
2022-05-08,711809,110,527064,80,184745,30,572893,85,2910123,651,3483016,736,0,9915,1,17657,10042,1,"East TN",2455501,52.9423527011392,0.114901033237894,29.9735166061834,4.47973753625024,11.4901033237894
2022-05-09,712039,230,527194,130,184845,100,573031,138,2911105,982,3484136,1120,13,9928,2,17659,10043,1,"East TN",2455501,54.7749726023325,0.114647287307355,45.6118730963661,9.36672393943232,11.4647287307355
2022-05-10,712333,294,527364,170,184969,124,573213,182,2912617,1512,3485830,1694,9,9937,4,17663,10045,2,"East TN",2455501,59.2547101385827,0.11349907063197,68.9879580582537,11.9731166877961,11.349907063197
2022-05-11,712614,281,527560,196,185054,85,573423,210,2913702,1085,3487125,1295,1,9938,0,17663,10046,1,"East TN",2455501,59.98775809906,0.119616658778987,52.7387282676733,11.4436931607847,11.9616658778987
2022-05-12,712849,235,527724,164,185125,71,573600,177,2914978,1276,3488578,1453,2,9940,2,17665,10047,1,"East TN",2455501,60.6800811728442,0.120120467971736,59.1732603651963,9.57034837289824,12.0120467971736
2022-05-13,713128,279,527919,195,185209,84,573807,207,2916329,1351,3490136,1558,0,9940,0,17665,10049,2,"East TN",2455501,63.0013997143556,0.123696145124717,63.4493734679807,11.3622433873983,12.3696145124717
2022-05-14,713237,109,527998,79,185239,30,573890,83,2917056,727,3490946,810,0,9940,1,17666,10053,4,"East TN",2455501,62.634875734117,0.124855758135241,32.987158221479,4.43901264955706,12.4855758135241
2022-05-15,713421,184,528130,132,185291,52,574034,144,2917908,852,3491942,996,0,9940,3,17669,10056,3,"East TN",2455501,65.6485173494126,0.127828814698633,40.5619871464113,7.49337915154586,12.7828814698633
2022-05-16,713728,307,528324,194,185404,113,574232,198,2919271,1363,3493503,1561,2,9942,3,17672,10060,4,"East TN",2455501,68.7843336247878,0.128216077719654,63.5715481280602,12.5025402148075,12.8216077719654
2022-05-17,714140,412,528546,222,185594,190,574468,236,2920521,1250,3494989,1486,16,9958,0,17672,10063,3,"East TN",2455501,73.5898702545835,0.137023692542854,60.5171816260714,16.7786533175918,13.7023692542854
2022-05-18,714504,364,528768,222,185736,142,574706,238,2921910,1389,3496616,1627,7,9965,3,17675,10064,1,"East TN",2455501,76.9700358501178,0.135180697502897,66.2593906498104,14.823858756319,13.5180697502897
2022-05-19,714924,420,529046,278,185878,142,574996,290,2923336,1426,3498332,1716,31,9996,4,17679,10066,2,"East TN",2455501,84.5041398883568,0.143120770965758,69.8839055655037,17.1044524111373,14.3120770965758
2022-05-20,715361,437,529315,269,186046,168,575277,281,2924736,1400,3500013,1681,0,9996,5,17684,10067,1,"East TN",2455501,90.9386719858799,0.148830616583983,68.4585345312423,17.7967754849214,14.8830616583983
2022-05-21,715576,215,529456,141,186120,74,575431,154,2925778,1042,3501209,1196,0,9996,4,17688,10068,1,"East TN",2455501,95.2555099753574,0.150151027964533,48.7069644850481,8.75585063903456,15.0151027964533
2022-05-22,715747,171,529589,133,186158,38,575574,143,2926793,1015,3502367,1158,5,10001,5,17693,10069,1,"East TN",2455501,94.726086448346,0.147721822541966,47.1594187907071,6.96395562453446,14.7721822541966
2022-05-23,716130,383,529834,245,186296,138,575821,247,2927985,1192,3503806,1439,6,10007,4,17697,10072,3,"East TN",2455501,97.821177837028,0.154226924196836,58.6031119514918,15.5976316034895,15.4226924196836
2022-05-24,716700,570,530135,301,186565,269,576135,314,2929423,1438,3505558,1752,0,10007,3,17700,10073,1,"East TN",2455501,104.255709934551,0.15772542340808,71.3500014864584,23.2131854151149,15.772542340808
2022-05-25,717176,476,530461,326,186715,150,576488,353,2930909,1486,3507397,1839,18,10025,2,17702,10075,2,"East TN",2455501,108.816897244188,0.165290789351637,74.8930666287654,19.3850460659556,16.5290789351637
2022-05-26,717668,492,530764,303,186904,189,576804,316,2932409,1500,3509213,1816,12,10037,3,17705,10081,6,"East TN",2455501,111.749089086097,0.166161198419263,73.9563942348221,20.0366442530465,16.6161198419263
2022-05-27,718085,417,531034,270,187051,147,577081,277,2934360,1951,3511441,2228,4,10041,5,17710,10082,1,"East TN",2455501,110.934591352233,0.157857892894645,90.735047552414,16.9822777510577,15.7857892894645
2022-05-28,718369,284,531252,218,187117,66,577308,227,2935420,1060,3512728,1287,0,10041,0,17710,10084,2,"East TN",2455501,113.744608534063,0.162948172584426,52.4129291741278,11.5658678208643,16.2948172584426
2022-05-29,718621,252,531401,149,187220,103,577468,160,2936308,888,3513776,1048,0,10041,2,17712,10088,4,"East TN",2455501,117.043324356211,0.166009290910685,42.6796812544568,10.2626714466824,16.6009290910685
2022-05-30,718833,212,531543,142,187290,70,577620,152,2937019,711,3514639,863,0,10041,5,17717,10088,0,"East TN",2455501,110.079368731676,0.16606664820456,35.1455772162178,8.63367597895501,16.606664820456
2022-05-31,719351,518,531840,297,187511,221,577919,299,2937946,927,3515865,1226,2,10043,4,17721,10088,0,"East TN",2455501,107.961674623631,0.173086252061706,49.9287110858436,21.0954913070693,17.3086252061706
2022-06-01,720020,669,532235,395,187785,274,578352,433,2939310,1364,3517662,1797,1,10044,5,17726,10089,1,"East TN",2455501,115.821577755415,0.181587920116902,73.1826213876516,27.2449491977401,18.1587920116902
2022-06-02,720585,565,532623,388,187962,177,578770,418,2940846,1536,3519616,1954,0,10044,3,17729,10090,1,"East TN",2455501,118.794494484018,0.188983946938383,79.5764285984815,23.009560981649,18.8983946938383
2022-06-03,721212,627,533024,401,188188,226,579195,425,2942405,1559,3521600,1984,1,10045,4,17733,10093,3,"East TN",2455501,127.346720689586,0.20809134757358,80.798175199277,25.5345039566264,20.809134757358
2022-06-04,721521,309,533269,245,188252,64,579461,266,2943561,1156,3523022,1422,0,10045,1,17734,10095,2,"East TN",2455501,128.364842856916,0.209150961725277,57.9107888777077,12.5839899881939,20.9150961725277
2022-06-05,721855,334,533500,231,188355,103,579705,244,2944555,994,3524260,1238,3,10048,3,17737,10095,0,"East TN",2455501,131.704283565757,0.213372758489126,50.4174097261618,13.6021121555235,21.3372758489126
2022-06-06,722399,544,533807,307,188592,237,580025,320,2945647,1092,3525672,1412,0,10048,4,17741,10097,2,"East TN",2455501,145.224945947894,0.217982416387202,57.5035400107758,22.1543383610921,21.7982416387202
2022-06-07,723041,642,534161,354,188880,288,580386,361,2946700,1053,3527086,1414,3,10051,6,17747,10098,1,"East TN",2455501,150.274831897849,0.219855627840656,57.5849897841622,26.1453772570241,21.9855627840656
2022-06-08,723684,643,534584,423,189100,220,580845,459,2948313,1613,3529158,2072,0,10051,4,17751,10099,1,"East TN",2455501,149.215984843826,0.216858037578288,84.3819652282772,26.1861021437173,21.6858037578288
2022-06-09,724298,614,534985,401,189313,213,581271,426,2949802,1489,3531073,1915,10,10061,3,17754,10103,4,"East TN",2455501,151.211504291792,0.218294492450031,77.9881580174473,25.005080429615,21.8294492450031
2022-06-10,724914,616,535349,364,189565,252,581667,396,2951490,1688,3533157,2084,1,10062,2,17756,10104,1,"East TN",2455501,150.763530538167,0.213896339880592,84.8706638685955,25.0865302030013,21.3896339880592
2022-06-11,725283,369,535650,301,189633,68,582007,340,2952584,1094,3534591,1434,0,10062,6,17762,10106,2,"East TN",2455501,153.207023739758,0.220070879073386,58.3994875180259,15.0274831897849,22.0070879073386
2022-06-12,725598,315,535805,155,189793,160,582172,165,2953147,563,3535319,728,2,10064,3,17765,10111,5,"East TN",2455501,152.433250892588,0.223076227507008,29.647717512638,12.828339308353,22.3076227507008
2022-06-13,726181,583,536133,328,190048,255,582507,335,2953919,772,3536426,1107,5,10069,7,17772,10116,5,"East TN",2455501,154.021521473622,0.230797842663195,45.0824495693547,23.7426089421263,23.0797842663195
2022-06-14,726887,706,536520,387,190367,319,582926,419,2955205,1286,3538131,1705,3,10072,5,17777,10118,2,"East TN",2455501,156.627914221986,0.229968311453146,69.4359318118787,28.7517700053879,22.9968311453146
2022-06-15,727594,707,536981,461,190613,246,583415,489,2956647,1442,3540062,1931,11,10083,11,17788,10123,5,"East TN",2455501,159.234306970349,0.23569332355099,78.6397562045383,28.7924948920811,23.569332355099
2022-06-16,728263,669,537414,433,190849,236,583865,450,2957950,1303,3541815,1753,6,10089,4,17792,10125,2,"East TN",2455501,161.474175738475,0.241482033140942,71.3907263731516,27.2449491977401,24.1482033140942
2022-06-17,728846,583,537763,349,191083,234,584243,378,2959187,1237,3543430,1615,7,10096,5,17797,10130,5,"East TN",2455501,160.1302544776,0.250754404750316,65.7706920094922,23.7426089421263,25.0754404750316
2022-06-18,729199,353,538042,279,191157,74,584544,301,2960161,974,3544705,1275,0,10096,6,17803,10131,1,"East TN",2455501,159.478656290509,0.250840419220882,51.9242305338096,14.375885002694,25.0840419220882
2022-06-19,729591,392,538269,227,191322,165,584789,245,2961024,863,3545813,1108,1,10097,2,17805,10132,1,"East TN",2455501,162.614472565884,0.249380598437202,45.1231744560479,15.9641555837281,24.9380598437202
2022-06-20,730237,646,538623,354,191614,292,585157,368,2961850,826,3547007,1194,1,10098,7,17812,10135,3,"East TN",2455501,165.180140427554,0.250448917871657,48.6255147116617,26.3082768037969,25.0448917871657
2022-06-21,731080,843,539079,456,192001,387,585637,480,2962842,992,3548479,1472,1,10099,5,17817,10135,0,"East TN",2455501,170.75944990452,0.261982991882489,59.9470332123668,34.3310794823541,26.1982991882489
2022-06-22,732030,950,539728,649,192302,301,586323,686,2964425,1583,3550748,2269,0,10099,5,17822,10137,2,"East TN",2455501,180.655597370964,0.272131761182856,92.4047679068345,38.6886423585248,27.2131761182856
2022-06-23,732870,840,540265,537,192605,303,586880,557,2965823,1398,3552703,1955,1,10100,5,17827,10142,5,"East TN",2455501,187.619552995499,0.27691036002939,79.6171534851747,34.2089048222746,27.691036002939
2022-06-24,733601,731,540759,494,192842,237,587410,530,2967463,1640,3554873,2170,0,10100,9,17836,10147,5,"East TN",2455501,193.64683622609,0.276763086603164,88.3730041242093,29.7698921727175,27.6763086603164
2022-06-25,734058,457,541016,257,193042,200,587695,285,2968472,1009,3556167,1294,1,10101,2,17838,10148,1,"East TN",2455501,197.882224442181,0.274908392950619,52.6980033809801,18.6112732187851,27.4908392950619
2022-06-26,734510,452,541292,276,193218,176,587981,286,2969377,905,3557358,1191,1,10102,4,17842,10149,1,"East TN",2455501,200.325717643772,0.276483326115201,48.5033400515821,18.4076487853192,27.6483326115201
2022-06-27,735263,753,541715,423,193548,330,588418,437,2970319,942,3558737,1379,8,10110,7,17849,10151,2,"East TN",2455501,204.683280519943,0.278005115089514,56.1596187499007,30.6658396799676,27.8005115089514
2022-06-28,736241,978,542304,589,193937,389,589032,614,2971629,1310,3560661,1924,3,10113,6,17855,10154,3,"East TN",2455501,210.181140223523,0.278689870300443,78.354681997686,39.828939185934,27.8689870300443
2022-06-29,737220,979,542853,549,194367,430,589616,584,2973072,1443,3562688,2027,16,10129,5,17860,10159,5,"East TN",2455501,211.362161937625,0.275795644891122,82.549345327084,39.8696640726271,27.5795644891122
2022-06-30,738118,898,543358,505,194760,393,590159,543,2974498,1426,3564657,1969,2,10131,5,17865,10163,4,"East TN",2455501,213.72420536583,0.274301489041325,80.1873018988793,36.5709482504792,27.4301489041325
2022-07-01,738936,818,543871,513,195065,305,590687,528,2975992,1494,3566679,2022,1,10132,7,17872,10166,3,"East TN",2455501,217.267270508137,0.277570726749111,82.345720893618,33.3129573150245,27.7570726749111
2022-07-02,739424,488,544169,298,195255,190,591012,325,2976970,978,3567982,1303,0,10132,3,17875,10172,6,"East TN",2455501,218.529741995625,0.280744815911976,53.0645273612188,19.8737447062738,28.0744815911976
2022-07-03,739979,555,544504,335,195475,220,591367,355,2977908,938,3569275,1293,0,10132,3,17878,10175,3,"East TN",2455501,222.724405325023,0.284131912394059,52.6572784942869,22.6023121147171,28.4131912394059
2022-07-04,740400,421,544764,260,195636,161,591638,271,2978554,646,3570192,917,1,10133,4,17882,10179,4,"East TN",2455501,209.203742942886,0.281099956350938,37.3447210976497,17.1451772978305,28.1099956350938
2022-07-05,741291,891,545336,572,195955,319,592212,574,2979391,837,3571603,1411,2,10135,7,17889,10183,4,"East TN",2455501,205.660677800579,0.290623286419302,57.4628151240826,36.2858740436269,29.0623286419302
2022-07-06,742446,1155,546059,723,196387,432,592955,743,2980729,1338,3573684,2081,14,10149,15,17904,10187,4,"East TN",2455501,212.82825785858,0.303655874863587,84.7484892085159,47.0372441306275,30.3655874863587
2022-07-07,743502,1056,546656,597,196846,459,593574,619,2982249,1520,3575823,2139,0,10149,8,17912,10197,10,"East TN",2455501,219.262789956103,0.305839154576393,87.1105326367206,43.0054803480023,30.5839154576393
2022-07-08,744572,1070,547325,669,197247,401,594287,713,2984043,1794,3578330,2507,3,10152,7,17919,10201,4,"East TN",2455501,229.525461402785,0.308986353102738,102.097290939812,43.5756287617069,30.8986353102738
2022-07-09,745192,620,547666,341,197526,279,594633,346,2984815,772,3579448,1118,0,10152,3,17922,10204,3,"East TN",2455501,234.901146446285,0.315803244374673,45.5304233229797,25.2494297497741,31.5803244374673
2022-07-10,745592,400,547874,208,197718,192,594843,210,2985426,611,3580269,821,2,10154,5,17927,10211,7,"East TN",2455501,228.588789008842,0.316172457704202,33.4351319751041,16.2899546772736,31.6172457704202
2022-07-11,746778,1186,548535,661,198243,525,595539,696,2986856,1430,3582395,2126,6,10160,12,17939,10212,1,"East TN",2455501,259.743327329128,0.319675489633697,86.5811091097092,48.2997156181162,31.9675489633697
2022-07-12,747955,1177,549201,666,198754,511,596243,704,2988301,1445,3584544,2149,21,10181,6,17945,10217,5,"East TN",2455501,271.390644923378,0.311490611235608,87.5177815036524,47.9331916378776,31.1490611235608
2022-07-13,749254,1299,549982,781,199272,518,597060,817,2989880,1579,3586940,2396,1,10182,7,17952,10223,6,"East TN",2455501,277.255028607197,0.309671092335546,97.5768285168689,52.901627814446,30.9671092335546
2022-07-14,750354,1100,550625,643,199729,457,597731,671,2991231,1351,3588962,2022,1,10183,8,17960,10229,6,"East TN",2455501,279.046923621697,0.316386330770987,82.345720893618,44.7973753625024,31.6386330770987
2022-07-15,751410,1056,551266,641,200144,415,598392,661,2992794,1563,3591186,2224,0,10183,15,17975,10235,6,"East TN",2455501,278.476775207992,0.319306160547604,90.5721480056412,43.0054803480023,31.9306160547604
2022-07-16,751959,549,551568,302,200391,247,598706,314,2993513,719,3592219,1033,1,10184,6,17981,10245,10,"East TN",2455501,275.585308252776,0.318925691018714,42.0688079540591,22.357962794558,31.8925691018714
2022-07-17,752315,356,551827,259,200488,97,598981,275,2994088,575,3593069,850,1,10185,4,17985,10252,7,"East TN",2455501,273.793413238276,0.32328125,34.6161536892064,14.4980596627735,32.328125
2022-07-18,753905,1590,552679,852,201226,738,599902,921,2995701,1613,3595603,2534,5,10190,9,17994,10256,4,"East TN",2455501,290.246267462322,0.330330102967898,103.196862880528,64.7525698421626,33.0330102967898
2022-07-19,755291,1386,553487,808,201804,578,600729,827,2997055,1354,3597784,2181,17,10207,17,18011,10264,8,"East TN",2455501,298.757768781198,0.338821752265861,88.8209778778343,56.444692956753,33.8821752265861
2022-07-20,756535,1244,554229,742,202306,502,601497,768,2998542,1487,3600039,2255,14,10221,14,18025,10267,3,"East TN",2455501,296.517900013073,0.338728147186808,91.8346194931299,50.6617590463209,33.8728147186808
2022-07-21,757890,1355,555072,843,202818,512,602390,893,3000211,1669,3602601,2562,2,10223,11,18036,10276,9,"East TN",2455501,306.902746119835,0.341593958501356,104.337159707937,55.1822214692643,34.1593958501356
2022-07-22,759263,1373,555892,820,203371,553,603241,851,3001721,1510,3604962,2361,0,10223,5,18041,10282,6,"East TN",2455501,319.812535201574,0.351988966318235,96.1514574826074,55.9152694297416,35.1988966318235
2022-07-23,759777,514,556216,324,203561,190,603585,344,3002518,797,3606103,1141,0,10223,6,18047,10284,2,"East TN",2455501,318.387164167313,0.351411696917315,46.4670957169229,20.9325917602966,35.1411696917315
2022-07-24,760374,597,556643,427,203731,170,604029,444,3003398,880,3607427,1324,0,10223,8,18055,10289,5,"East TN",2455501,328.20186186037,0.351581000139295,53.9197499817756,24.3127573558308,35.1581000139295
2022-07-25,761771,1397,557414,771,204357,626,604849,820,3004636,1238,3609485,2058,3,10226,9,18064,10292,3,"East TN",2455501,320.341958728585,0.356360754934447,83.8118168145727,56.892666710378,35.6360754934447
2022-07-26,763305,1534,558433,1019,204872,515,605903,1054,3006074,1438,3611977,2492,9,10235,13,18077,10301,9,"East TN",2455501,326.369241959177,0.364545902909885,101.486417639415,62.4719761873443,36.4545902909885
2022-07-27,764467,1162,559143,710,205324,452,606650,747,3007362,1288,3614012,2035,10,10245,4,18081,10302,1,"East TN",2455501,323.029801250335,0.368782652257926,82.8751444206294,47.3223183374798,36.8782652257926
2022-07-28,765861,1394,560062,919,205799,475,607617,967,3008992,1630,3616609,2597,10,10255,6,18087,10306,4,"East TN",2455501,324.61807183137,0.373143917761279,105.762530742199,56.7704920502985,37.3143917761279
2022-07-29,767025,1164,560871,809,206154,355,608460,843,3010433,1441,3618893,2284,0,10255,14,18101,10311,5,"East TN",2455501,316.106570512494,0.374632115426028,93.0156412072322,47.4037681108662,37.4632115426028
2022-07-30,767584,559,561278,407,206306,152,608902,442,3011418,985,3620320,1427,0,10255,4,18105,10314,3,"East TN",2455501,317.939190413687,0.373988886544278,58.1144133111736,22.7652116614899,37.3988886544278
2022-07-31,768164,580,561670,392,206494,188,609330,428,3012196,778,3621526,1206,0,10255,7,18112,10320,6,"East TN",2455501,317.246867339903,0.375984112348394,49.1142133519799,23.6204342820467,37.5984112348394
2022-08-01,769174,1010,562223,553,206951,457,609924,594,3012974,778,3622898,1372,9,10264,8,18120,10323,3,"East TN",2455501,301.486336189641,0.37836427346604,55.8745445430484,41.1321355601158,37.836427346604
2022-08-02,770685,1511,563183,960,207502,551,610923,999,3014602,1628,3625525,2627,12,10276,12,18132,10325,2,"East TN",2455501,300.549663795698,0.370534396220844,106.984277342994,61.535303793401,37.0534396220844
2022-08-03,771844,1159,563949,766,207895,393,611726,803,3016146,1544,3627872,2347,1,10277,6,18138,10335,10,"East TN",2455501,300.427489135618,0.366233766233766,95.5813090689028,47.2001436774003,36.6233766233766
2022-08-04,773088,1244,564776,827,208312,417,612594,868,3017577,1431,3630171,2299,8,10285,10,18148,10345,10,"East TN",2455501,294.318756131641,0.366981271198938,93.62651450763,50.6617590463209,36.6981271198938
2022-08-05,774265,1177,565534,758,208731,419,613381,787,3019074,1497,3632455,2284,6,10291,4,18152,10352,7,"East TN",2455501,294.848179658652,0.362852086712874,93.0156412072322,47.9331916378776,36.2852086712874
2022-08-06,774747,482,565866,332,208881,150,613737,356,3019718,644,3633455,1000,0,10291,3,18155,10357,5,"East TN",2455501,291.712363383277,0.368100494861058,40.724886693184,19.6293953861147,36.8100494861058
2022-08-07,775108,361,566125,259,208983,102,614007,270,3020326,608,3634333,878,3,10294,4,18159,10364,7,"East TN",2455501,282.79361319747,0.365190911220426,35.7564505166156,14.7016840962394,36.5190911220426
2022-08-08,776391,1283,566890,765,209501,518,614804,797,3021473,1147,3636277,1944,5,10299,9,18168,10370,6,"East TN",2455501,293.911507264709,0.364750728754017,79.1691797315497,52.2500296273551,36.4750728754018
2022-08-09,777911,1520,567919,1029,209992,491,615883,1079,3023163,1690,3639046,2769,19,10318,8,18176,10378,8,"East TN",2455501,294.278031244948,0.366836772428075,112.767211253426,61.9018277736397,36.6836772428075
2022-08-10,779178,1267,568763,844,210415,423,616765,882,3024681,1518,3641446,2400,14,10332,10,18186,10381,3,"East TN",2455501,298.676319007811,0.371224399587447,97.7397280636416,51.5984314402641,37.1224399587447
2022-08-11,780250,1072,569495,732,210755,340,617524,759,3025805,1124,3643329,1883,2,10334,4,18190,10387,6,"East TN",2455501,291.671638496584,0.374677002583979,76.6849616432655,43.6570785350932,37.4677002583979
2022-08-12,781557,1307,570352,857,211205,450,618414,890,3027603,1798,3646017,2688,1,10335,12,18202,10391,4,"East TN",2455501,296.965873766698,0.371110455685002,109.468495431279,53.2274269079915,37.1110455685002
2022-08-13,782118,561,570769,417,211349,144,618873,459,3028540,937,3647413,1396,0,10335,3,18205,10401,10,"East TN",2455501,300.183139815459,0.367961025934948,56.8519418236849,22.8466614348762,36.7961025934948
2022-08-14,782626,508,571161,392,211465,116,619288,415,3029279,739,3648567,1154,1,10336,4,18209,10406,5,"East TN",2455501,306.169698159357,0.371013067303639,46.9965192439343,20.6882424401375,37.1013067303639
2022-08-15,784231,1605,572114,953,212117,652,620265,977,3030398,1119,3650663,2096,8,10344,9,18218,10418,12,"East TN",2455501,319.283111674563,0.379605171694703,85.3593625089137,65.3634431425603,37.9605171694703
2022-08-16,785765,1534,573122,1008,212643,526,621319,1054,3031991,1593,3653310,2647,19,10363,11,18229,10421,3,"East TN",2455501,319.853260088267,0.381099270891755,107.798775076858,62.4719761873443,38.1099270891755
2022-08-17,787092,1327,573993,871,213099,456,622235,916,3033679,1688,3655914,2604,16,10379,12,18241,10429,8,"East TN",2455501,322.296753289858,0.378075753386785,106.047604949051,54.0419246418552,37.8075753386785
2022-08-18,791892,4800,575000,1007,216892,3793,623272,1037,3035539,1860,3658811,2897,0,10379,10,18251,10434,5,"East TN",2455501,474.119130882048,0.371269861774964,117.979996750154,195.479456127283,37.1269861774964
2022-08-19,793248,1356,575825,825,217423,531,624120,848,3037282,1743,3661402,2591,2,10381,7,18258,10438,4,"East TN",2455501,476.114650330014,0.3708807279818,105.51818142204,55.2229463559575,37.08807279818
2022-08-20,793684,436,576163,338,217521,98,624479,359,3038119,837,3662598,1196,0,10381,4,18262,10446,8,"East TN",2455501,471.024039493366,0.369180111952585,48.7069644850481,17.7560505982282,36.9180111952585
2022-08-21,794348,664,576662,499,217686,165,625021,542,3039283,1164,3664304,1706,1,10382,4,18266,10452,6,"East TN",2455501,477.377121817503,0.364300692635191,69.4766566985719,27.0413247642742,36.4300692635191
2022-08-22,795917,1569,577486,824,218431,745,625865,844,3040734,1451,3666599,2295,1,10383,4,18270,10455,3,"East TN",2455501,475.911025896548,0.35140562248996,93.4636149608573,63.8973472216057,35.140562248996
2022-08-23,797796,1879,578582,1096,219214,783,627036,1171,3042997,2263,3670033,3434,20,10403,12,18282,10457,2,"East TN",2455501,489.961111805697,0.341864497996771,139.849260904394,76.5220620964927,34.1864497996771
2022-08-24,799570,1774,579545,963,220025,811,628022,986,3045060,2063,3673082,3049,6,10409,11,18293,10462,5,"East TN",2455501,508.16513615755,0.337080615097856,124.170179527518,72.2459489937084,33.7080615097857
2022-08-25,801001,1431,580361,816,220640,615,628880,858,3047032,1972,3675912,2830,15,10424,7,18300,10466,4,"East TN",2455501,370.962992888213,0.327934038945091,115.251429341711,58.2773128579463,32.7934038945091
2022-08-26,802227,1226,581104,743,221123,483,629664,784,3048949,1917,3678613,2701,5,10429,4,18304,10468,2,"East TN",2455501,365.668757618099,0.322119574690605,109.99791895829,49.9287110858436,32.2119574690605
2022-08-27,802939,712,581483,379,221456,333,630065,401,3050108,1159,3680173,1560,0,10429,4,18308,10469,1,"East TN",2455501,376.908826345418,0.317837837837838,63.530823241367,28.996119325547,31.7837837837838
2022-08-28,803437,498,581796,313,221641,185,630406,341,3050917,809,3681323,1150,3,10432,7,18315,10474,5,"East TN",2455501,370.148495154349,0.31641106998061,46.8336196971616,20.2809935732056,31.641106998061
2022-08-29,804514,1077,582322,526,222192,551,630959,553,3051948,1031,3682907,1584,3,10435,7,18322,10479,5,"East TN",2455501,350.111850901303,0.312362030905077,64.5082205220035,43.8607029685592,31.2362030905077
2022-08-30,805782,1268,583043,721,222739,547,631715,756,3053389,1441,3685104,2197,19,10454,4,18326,10482,3,"East TN",2455501,325.228945131767,0.310463804657952,89.4725760649252,51.6391563269573,31.0463804657952
2022-08-31,807083,1301,583831,788,223252,513,632544,829,3055246,1857,3687790,2686,3,10457,3,18329,10485,3,"East TN",2455501,305.966073725891,0.307451726951319,109.387045657892,52.9830775878324,30.7451726951319
2022-09-01,808124,1041,584414,583,223710,458,633169,625,3056688,1442,3689857,2067,11,10468,6,18335,10489,4,"East TN",2455501,290.08336791555,0.307565435640014,84.1783407948113,42.3946070476045,30.7565435640014
2022-09-02,809100,976,585047,633,224053,343,633827,658,3058428,1740,3692255,2398,2,10470,7,18342,10492,3,"East TN",2455501,279.902146242254,0.305160533646093,97.6582782902552,39.7474894125476,30.5160533646093
2022-09-03,809581,481,585306,259,224275,222,634107,280,3059356,928,3693463,1208,0,10470,1,18343,10495,3,"East TN",2455501,270.494697416128,0.304138449962378,49.1956631253663,19.5886704994215,30.4138449962378
2022-09-04,809992,411,585515,209,224477,202,634322,215,3060074,718,3694396,933,0,10470,3,18346,10498,3,"East TN",2455501,266.951632273821,0.299548688135853,37.9963192847407,16.7379284308986,29.9548688135853
2022-09-05,810288,296,585651,136,224637,160,634472,150,3060603,529,3695075,679,2,10472,6,18352,10501,3,"East TN",2455501,235.145495766444,0.28870808678501,27.6521980646719,12.0545664611825,28.870808678501
2022-09-06,811211,923,586142,491,225069,432,634975,503,3061606,1003,3696581,1506,2,10474,10,18362,10503,2,"East TN",2455501,221.095409857296,0.284046353576719,61.3316793599351,37.5890704178088,28.4046353576719
2022-09-07,812148,937,586636,494,225512,443,635506,531,3062926,1320,3698432,1851,2,10476,13,18375,10510,7,"East TN",2455501,206.271551100977,0.278331140763014,75.3817652690836,38.1592188315134,27.8331140763014
2022-09-08,813080,932,587145,509,225935,423,636039,533,3064425,1499,3700464,2032,2,10478,11,18386,10511,1,"East TN",2455501,201.83253845142,0.27057603469407,82.7529697605499,37.9555943980475,27.057603469407
2022-09-09,813751,671,587512,367,226239,304,636437,398,3065831,1406,3702268,1804,0,10478,4,18390,10512,1,"East TN",2455501,189.411448009999,0.260661140517327,73.4676955945039,27.3263989711265,26.0661140517327
2022-09-10,814072,321,587712,200,226360,121,636653,216,3066673,842,3703326,1058,0,10478,1,18391,10514,2,"East TN",2455501,182.895466139089,0.258136469633986,43.0869301213887,13.0726886285121,25.8136469633986
2022-09-11,814338,266,587842,130,226496,136,636793,140,3067247,574,3704040,714,0,10478,5,18396,10515,1,"East TN",2455501,176.990357568578,0.256221484861054,29.0775690989334,10.8328198603869,25.6221484861053
2022-09-12,814961,623,588144,302,226817,321,637123,330,3068104,857,3705227,1187,6,10484,4,18400,10517,2,"East TN",2455501,190.307395517249,0.261130811662727,48.3404405048094,25.3716044098536,26.1130811662727
2022-09-13,815630,669,588527,383,227103,286,637528,405,3069292,1188,3706820,1593,2,10486,8,18408,10517,0,"East TN",2455501,179.96327429718,0.249340755933197,64.8747445022421,27.2449491977401,24.9340755933197
2022-09-14,816240,610,588860,333,227380,277,637876,348,3070536,1244,3708412,1592,15,10501,5,18413,10519,2,"East TN",2455501,166.646236348509,0.2374749498998,64.8340196155489,24.8421808828422,23.74749498998
2022-09-15,816915,675,589251,391,227664,284,638290,414,3071870,1334,3710160,1748,20,10521,2,18415,10521,2,"East TN",2455501,156.179940468361,0.232157590759076,71.1871019396856,27.4892985178992,23.2157590759076
2022-09-16,817434,519,589468,217,227966,302,638528,238,3073246,1376,3711774,1614,3,10524,1,18416,10521,0,"East TN",2455501,149.989757690997,0.219966337050284,65.729967122799,21.1362161937625,21.9966337050284
2022-09-17,817635,201,589574,106,228061,95,638644,116,3073901,655,3712545,771,0,10524,0,18416,10521,0,"East TN",2455501,145.102771287815,0.215967024623061,31.3988876404449,8.18570222532998,21.5967024623061
