"DATE","TOTAL_CASES","NEW_CASES","TOTAL_CONFIRMED","NEW_CONFIRMED","TOTAL_PROBABLE","NEW_PROBABLE","POS_TESTS","NEW_POS_TESTS","NEG_TESTS","NEW_NEG_TESTS","TOTAL_TESTS","NEW_TESTS","NEW_DEATHS","TOTAL_DEATHS","NEW_ACTIVE","TOTAL_ACTIVE","NEW_INACTIVE_RECOVERED","TOTAL_INACTIVE_RECOVERED","NEW_HOSPITALIZED","TOTAL_HOSPITALIZED","TOTAL_DEATHS_BY_DOD","Region","Population","New_cases_per_100k_per_week","PositivityRate_per_week","Tests_per_100k","New_cases_per_100k","Active_cases_per_100k","PositivityPercentage_per_week"
2021-11-09,79439,108,63140,76,16299,32,69008,134,456332,1174,525340,1308,1,939,33,624,74,77876,1,2053,939,"Knox County",470313,NA,NA,278.112661142686,22.963430736552,132.67759981119,NA
2021-11-08,79331,79,63064,59,16267,20,68874,72,455158,687,524032,759,6,938,-6,591,79,77802,1,2052,938,"Knox County",470313,NA,NA,161.38188823188,16.7973243350705,125.660995975021,NA
2021-11-07,79252,31,63005,20,16247,11,68802,23,454471,390,523273,413,0,932,-19,597,50,77723,1,2051,937,"Knox County",470313,NA,NA,87.8138601314444,6.59135511882512,126.936742127052,NA
2021-11-06,79221,41,62985,27,16236,14,68779,30,454081,453,522860,483,0,932,-2,616,43,77673,2,2050,935,"Knox County",470313,NA,NA,102.697565238469,8.7175987055429,130.976604941815,NA
2021-11-05,79180,52,62958,30,16222,22,68749,36,453628,605,522377,641,0,932,-25,618,77,77630,2,2048,934,"Knox County",470313,NA,NA,136.29221390861,11.0564666509325,131.401853659159,NA
2021-11-04,79128,68,62928,45,16200,23,68713,49,453023,668,521736,717,0,932,0,643,68,77553,1,2046,934,"Knox County",470313,NA,NA,152.451665167665,14.4584563896809,136.717462625953,NA
2021-11-03,79060,80,62883,61,16177,19,68664,66,452355,969,521019,1035,0,932,-1,643,81,77485,2,2045,933,"Knox County",470313,97.5945806303462,0.0765496639283047,220.06621122529,17.0099486937423,136.717462625953,7.65496639283047
2021-11-02,78980,41,62822,19,16158,22,68598,21,451386,301,519984,322,4,932,-51,644,88,77404,1,2043,933,"Knox County",470313,83.348748599337,0.0679633867276888,68.4650434923126,8.7175987055429,136.930086984625,6.79633867276888
2021-11-01,78939,96,62803,70,16136,26,68577,82,451085,661,519662,743,1,928,-20,695,115,77316,3,2042,932,"Knox County",470313,86.9633626967573,0.0705098759761139,157.979898493131,20.4119384324907,147.773929276886,7.05098759761139
2021-10-31,78843,26,62733,19,16110,7,68495,19,450424,278,518919,297,0,927,-43,715,69,77201,1,2039,931,"Knox County",470313,85.9002409033984,0.0714959886739028,63.1494345255181,5.52823332546623,152.026416450321,7.14959886739028
2021-10-30,78817,55,62714,39,16103,16,68476,43,450146,522,518622,565,0,927,-24,758,79,77132,4,2038,931,"Knox County",470313,88.8769819248033,0.0731481481481481,120.132762649555,11.6943397269478,161.169263873208,7.31481481481481
2021-10-29,78762,73,62675,59,16087,14,68433,66,449624,846,518057,912,1,927,-34,782,106,77053,1,2034,931,"Knox County",470313,93.3420934569106,0.0753648442605097,193.913415108662,15.5215781830398,166.272248481331,7.53648442605097
2021-10-28,78689,53,62616,31,16073,22,68367,39,448778,561,517145,600,4,926,-52,816,101,76947,3,2033,930,"Knox County",470313,90.1527280768339,0.0751005811354493,127.574615203067,11.2690910096042,173.501476676171,7.51005811354493
2021-10-27,78636,88,62585,56,16051,32,68328,64,448217,759,516545,823,1,922,-29,868,116,76846,3,2030,929,"Knox County",470313,91.8537229462082,0.0783669638667292,174.989847186873,18.7109435631165,184.557943327103,7.83669638667292
2021-10-26,78548,97,62529,57,16019,40,68264,55,447458,554,515722,609,0,921,-16,897,113,76730,4,2027,926,"Knox County",470313,103.760687031828,0.0808969004176742,129.488234431113,20.6245627911625,190.724049728585,8.08969004176742
2021-10-25,78451,71,62472,47,15979,24,68209,54,446904,491,515113,545,6,921,-69,913,134,76617,3,2023,925,"Knox County",470313,98.4450780650333,0.0781429556423811,115.880275476119,15.0963294656962,194.126039467333,7.81429556423811
2021-10-24,78380,37,62425,19,15955,18,68155,22,446413,337,514568,359,1,915,-71,982,107,76483,4,2020,924,"Knox County",470313,100.783946010423,0.0777249036936325,76.3321447631684,7.86710127085579,208.797120215686,7.77249036936325
2021-10-23,78343,59,62406,40,15937,19,68133,42,446076,471,514209,513,0,914,-17,1053,76,76376,1,2016,922,"Knox County",470313,101.63444344511,0.0784223801880303,109.076295998622,12.5448371616349,223.893449681382,7.84223801880303
2021-10-22,78284,91,62366,53,15918,38,68091,55,445605,551,513696,606,0,914,-69,1070,160,76300,2,2015,920,"Knox County",470313,105.461681901202,0.0816276202219482,128.850361355098,19.3488166391318,227.508063778803,8.16276202219482
2021-10-21,78193,124,62313,68,15880,56,68036,78,445054,712,513090,790,3,914,-23,1139,144,76140,2,2013,918,"Knox County",470313,120.558011366898,0.0871613663133098,167.973243350705,26.3654204753005,242.179144527155,8.71613663133098
2021-10-20,78069,150,62245,81,15824,69,67958,90,444342,959,512300,1049,3,911,-45,1162,192,75996,3,2011,917,"Knox County",470313,133.740721604548,0.088570789532543,223.042952246695,31.8936538007667,247.069504776606,8.85707895325431
2021-10-19,77919,131,62164,85,15755,46,67868,92,443383,724,511251,816,4,908,-41,1207,168,75804,4,2008,916,"Knox County",470313,140.969949799389,0.0925609234715691,173.501476676171,27.8537909860029,256.637600916836,9.2560923471569
2021-10-18,77788,121,62079,90,15709,31,67776,106,442659,607,510435,713,9,904,-73,1248,185,75636,8,2004,914,"Knox County",470313,151.601167732978,0.10008254230293,151.601167732978,25.7275473992852,265.355199622379,10.008254230293
2021-10-17,77667,61,61989,54,15678,7,67670,61,442052,303,509722,364,1,895,-67,1321,127,75451,4,1996,912,"Knox County",470313,156.7041523411,0.108018965161822,77.3952665565272,12.9700858789785,280.876777805419,10.8018965161822
2021-10-16,77606,54,61935,40,15671,14,67609,44,441749,372,509358,416,0,894,-92,1388,146,75324,1,1992,911,"Knox County",470313,155.641030547742,0.110643668489693,88.4517332074597,11.481715368276,295.122609836428,11.0643668489693
2021-10-15,77552,125,61895,87,15657,38,67565,100,441377,794,508942,894,9,894,-91,1480,207,75178,5,1991,907,"Knox County",470313,162.870258742582,0.113248710829036,190.08617665257,26.5780448339723,314.684050834232,11.3248710829036
2021-10-14,77427,193,61808,134,15619,59,67465,144,440583,699,508048,843,0,885,10,1571,183,74971,7,1986,905,"Knox County",470313,177.541339490935,0.125024533856722,179.242334360309,41.0365012236532,334.032867473363,12.5024533856722
2021-10-13,77234,120,61674,85,15560,35,67321,98,439884,764,507205,862,7,885,-77,1561,190,74788,5,1979,901,"Knox County",470313,171.162608730781,0.131418092909535,183.282197175073,25.5149230406134,331.906623886646,13.1418092909535
2021-10-12,77114,137,61589,104,15525,33,67223,109,439120,821,506343,930,4,878,-74,1638,207,74598,3,1974,900,"Knox County",470313,172.438354882812,0.131819992035046,197.740653564754,29.1295371380336,348.278699504373,13.1819992035046
2021-10-11,76977,192,61485,135,15492,57,67114,149,438299,581,505413,730,3,874,-80,1712,269,74391,11,1971,894,"Knox County",470313,187.534684348508,0.139908712046041,155.215781830398,40.8238768649814,364.012902046084,13.9908712046041
2021-10-10,76785,54,61350,41,15435,13,66965,51,437718,489,504683,540,0,871,-86,1792,140,74122,4,1960,893,"Knox County",470313,186.046313837806,0.13326941514861,114.81715368276,11.481715368276,381.022850739826,13.326941514861
2021-10-09,76731,65,61309,34,15422,31,66914,48,437229,490,504143,538,0,871,-64,1878,129,73982,7,1956,891,"Knox County",470313,188.385181783195,0.1309724564362,114.391904965417,13.8205833136656,399.308545585599,13.09724564362
2021-10-08,76666,290,61275,112,15391,178,66866,122,436739,936,503605,1058,-1,871,80,1942,211,73853,5,1949,889,"Knox County",470313,223.468200964039,0.131067078712961,224.956571474741,61.6610640148157,412.916504540593,13.1067078712961
2021-10-07,76376,259,61163,169,15213,90,66744,176,435803,1106,502547,1282,6,872,-9,1862,262,73642,9,1944,886,"Knox County",470313,237.501408636376,0.126767676767677,272.58442781722,55.0697088959905,395.906555846851,12.6767676767677
2021-10-06,76117,139,60994,103,15123,36,66568,112,434697,835,501265,947,1,866,-120,1871,258,73380,4,1935,885,"Knox County",470313,241.54127145114,0.127302904564315,201.355267662174,29.5547858553772,397.820175074897,12.7302904564315
2021-10-05,75978,210,60891,116,15087,94,66456,138,433862,915,500318,1053,3,865,-73,1991,280,73122,4,1931,880,"Knox County",470313,257.06284963418,0.129472999349382,223.893449681382,44.6511153210734,423.33509811551,12.9472999349382
2021-10-04,75768,317,60775,225,14993,92,66318,246,432947,829,499265,1075,3,862,-15,2064,329,72842,4,1927,877,"Knox County",470313,283.640894468152,0.137532727552749,228.571185572162,67.4019216989537,438.85667629855,13.7532727552749
2021-10-03,75451,101,60550,92,14901,9,66072,107,432118,678,498190,785,1,859,-66,2079,166,72513,6,1923,876,"Knox County",470313,293.634239325726,0.140842980112793,166.910121557346,21.4750602258496,442.046041678627,14.0842980112793
2021-10-02,75350,68,60458,43,14892,25,65965,50,431440,472,497405,522,5,858,-141,2145,204,72347,2,1917,875,"Knox County",470313,294.272112401741,0.141475751264505,110.989915226668,14.4584563896809,456.079249350964,14.1475751264505
2021-10-01,75282,224,60415,149,14867,75,65915,167,430968,965,496883,1132,0,853,-83,2286,307,72143,7,1915,873,"Knox County",470313,280.238904729404,0.146556798116539,240.690774016453,47.6278563424783,486.059283923685,14.6556798116539
2021-09-30,75058,240,60266,166,14792,74,65748,186,430003,1104,495751,1290,1,853,-128,2369,367,71836,8,1908,871,"Knox County",470313,276.19904191464,0.147854203409759,274.285422686594,51.0298460812268,503.707105693442,14.7854203409759
2021-09-29,74818,362,60100,170,14718,192,65562,192,428899,1111,494461,1303,6,852,-96,2497,452,71469,7,1900,869,"Knox County",470313,323.614273898446,0.151675977653631,277.049539349327,76.9700178391837,530.92302360343,15.1675977653631
2021-09-28,74456,349,59930,247,14526,102,65370,270,427788,778,493158,1048,2,846,-66,2593,413,71017,1,1893,866,"Knox County",470313,353.169059753823,0.170230607966457,222.830327888024,74.2059011764506,551.334962035921,17.0230607966457
2021-09-27,74107,240,59683,162,14424,78,65100,186,427010,760,492110,946,7,844,-295,2659,528,70604,12,1892,864,"Knox County",470313,336.796984136097,0.164816396242528,201.142643303502,51.0298460812268,565.368169708258,16.4816396242528
2021-09-26,73867,124,59521,99,14346,25,64914,117,426250,703,491164,820,2,837,-157,2954,279,70076,0,1880,858,"Knox County",470313,341.687344385547,0.165415663503753,174.351974110858,26.3654204753005,628.092355516433,16.5415663503753
2021-09-25,73743,111,59422,89,14321,22,64797,102,425547,705,490344,807,0,835,-183,3111,294,69797,3,1880,854,"Knox County",470313,350.830191808434,0.166076776476994,171.587857448125,23.6013038125674,661.474379827902,16.6076776476994
2021-09-24,73632,242,59333,163,14299,79,64695,182,424842,939,489537,1121,13,835,-282,3294,511,69503,5,1877,849,"Knox County",470313,354.657430264526,0.168370824812543,238.351906071063,51.4550947985703,700.384637464837,16.8370824812543
2021-09-23,73390,355,59170,244,14220,111,64513,269,423903,1371,488416,1640,14,822,-243,3576,584,68992,8,1872,846,"Knox County",470313,379.10923151178,0.171502927781392,348.703948221716,75.4816473284812,760.344706610279,17.1502927781392
2021-09-22,73035,252,58926,187,14109,65,64244,202,422532,1261,486776,1463,3,808,-357,3819,606,68408,4,1864,843,"Knox County",470313,355.720552057885,0.169279796048438,311.069436736811,53.5813383852881,812.012425767521,16.9279796048438
2021-09-21,72783,397,58739,216,14044,181,64042,230,421271,996,485313,1226,10,805,-392,4176,779,67802,7,1860,835,"Knox County",470313,365.92652127413,0.160538451950642,260.6774637316,84.4118703926959,887.919321813346,16.0538451950642
2021-09-20,72386,435,58523,312,13863,123,63812,345,420275,1295,484087,1640,5,795,119,4568,311,67023,8,1853,831,"Knox County",470313,407.388271215127,0.165997476195939,348.703948221716,92.4915960222235,971.268070412683,16.5997476195939
2021-09-19,71951,120,58211,86,13740,34,63467,97,418980,432,482447,529,1,790,-194,4449,313,66712,7,1845,824,"Knox County",470313,406.53777378044,0.169356752907667,112.478285737371,25.5149230406134,945.965771730741,16.9356752907667
2021-09-18,71831,225,58125,183,13706,42,63370,197,418548,1075,481918,1272,0,789,-94,4643,319,66399,7,1838,816,"Knox County",470313,430.776950669023,0.171184343718367,270.458184230502,47.8404807011501,987.214897313066,17.1184343718367
2021-09-17,71606,547,57942,422,13664,125,63173,451,417473,1310,480646,1761,5,789,18,4737,524,66080,12,1831,804,"Knox County",470313,495.627380063915,0.187913125590179,374.431495621001,116.305524193463,1007.20158702821,18.7913125590179
2021-09-16,71059,589,57520,455,13539,134,62722,487,416163,1518,478885,2005,7,784,4,4719,578,65556,16,1819,799,"Knox County",470313,545.381479993111,0.203011317704123,426.311839136915,125.235747257677,1003.37434857212,20.3011317704123
2021-09-15,70470,338,57065,249,13405,89,62235,267,414645,808,476880,1075,6,777,-329,4715,661,64978,5,1803,797,"Knox County",470313,563.667174838884,0.218132099284813,228.571185572162,71.867033231061,1002.52385113743,21.8132099284813
2021-09-14,70132,555,56816,441,13316,114,61968,476,413837,1406,475805,1882,12,771,-157,5044,700,64317,8,1798,793,"Knox County",470313,597.261823509025,0.228256591892956,400.159043020287,118.006519062837,1072.47726514045,22.8256591892956
2021-09-13,69577,400,56375,300,13202,100,61492,333,412431,1134,473923,1467,20,759,-389,5201,769,63617,15,1790,790,"Knox County",470313,589.819970955513,0.231007907116405,311.919934171499,85.0497434687113,1105.85928945192,23.1007907116405
2021-09-12,69177,387,56075,358,13102,29,61159,377,411297,1460,472456,1837,0,739,111,5590,276,62848,4,1775,782,"Knox County",470313,646.590674720877,0.229046818302505,390.590946880056,82.2856268059781,1188.57016497524,22.9046818302505
2021-09-11,68790,866,55717,706,13073,160,60782,763,409837,2621,470619,3384,4,739,530,5479,332,62572,23,1771,774,"Knox County",470313,782.882888629487,0.235180076056968,719.520829745297,184.13269460976,1164.96886116267,23.5180076056968
2021-09-10,67924,1026,55011,748,12913,278,60019,802,407216,2513,467235,3315,1,735,483,4949,542,62240,20,1748,764,"Knox County",470313,884.729956433269,0.234213164049449,704.849748996945,218.152591997244,1052.27795106663,23.4213164049449
2021-09-09,66898,309,54263,165,12635,144,59217,172,404703,685,463920,857,1,734,-379,4466,687,61698,16,1728,757,"Knox County",470313,825.195136005171,0.230875009046826,182.219075381714,65.7009268295794,949.580385828161,23.0875009046826
2021-09-08,66589,289,54098,225,12491,64,59045,251,404018,837,463063,1088,5,733,-432,4845,716,61011,10,1712,753,"Knox County",470313,814.776542430254,0.229501084598698,231.335302234895,61.4484396561439,1030.16501776477,22.9501084598698
2021-09-07,66300,416,53873,299,12427,117,58794,311,403181,979,461975,1290,3,728,-203,5277,616,60295,12,1702,750,"Knox County",470313,785.221756574877,0.227300196404291,274.285422686594,88.4517332074597,1122.01874071097,22.7300196404291
2021-09-06,65884,992,53574,790,12310,202,58483,841,402202,3221,460685,4062,1,725,368,5480,623,59679,17,1690,749,"Knox County",470313,911.095376908569,0.222130992231415,863.680144924763,210.923363802404,1165.18148552134,22.2130992231415
2021-09-05,64892,968,52784,798,12108,170,57642,833,398981,2999,456623,3832,2,724,634,5112,332,59056,14,1673,746,"Knox County",470313,1034.63012929687,0.22285169396455,814.776542430254,205.820379194281,1086.93572153013,22.285169396455
2021-09-04,63924,543,51986,385,11938,158,56809,408,395982,1502,452791,1910,2,722,235,4478,306,58724,8,1659,742,"Knox County",470313,965.952461445888,0.221230280053809,406.112525063096,115.455026758776,952.131878132223,22.1230280053809
2021-09-03,63381,335,51601,233,11780,102,56401,249,394480,909,450881,1158,5,720,-138,4243,468,58418,8,1651,738,"Knox County",470313,819.029029603689,0.215890681129816,246.219007341919,71.2291601550457,902.165153844355,21.5890681129816
2021-09-02,63046,323,51368,177,11678,146,56152,200,393571,681,449723,881,3,715,-154,4381,474,57950,5,1643,734,"Knox County",470313,822.005770625094,0.217495253498348,187.322059989837,68.6776678509843,931.50731534106,21.7495253498348
2021-09-01,62723,276,51191,211,11532,65,55952,226,392890,645,448842,871,3,712,-122,4535,395,57476,2,1638,731,"Knox County",470313,819.241653962361,0.219080262782062,185.195816403119,58.6843229934108,964.251466576514,21.9080262782062
2021-08-31,62447,596,50980,430,11467,166,55726,479,392245,1894,447971,2373,2,709,190,4657,404,57081,8,1636,729,"Knox County",470313,857.514038523281,0.214489295419898,504.55760312813,126.72411776838,990.191638334471,21.4489295419898
2021-08-30,61851,513,50550,401,11301,112,55247,430,390351,1630,445598,2060,9,707,102,4467,402,56677,11,1628,726,"Knox County",470313,755.6669707195,0.215896064195644,438.006178863863,109.076295998622,949.793010186833,21.5896064195644
2021-08-29,61338,483,50149,405,11189,78,54817,439,388721,1485,443538,1924,1,698,257,4365,225,56275,5,1617,720,"Knox County",470313,652.544156763687,0.217500223673615,409.089266084501,102.697565238469,928.105325602312,21.7500223673615
2021-08-28,60855,398,49744,301,11111,97,54378,320,387236,1065,441614,1385,0,697,192,4108,206,56050,4,1612,714,"Knox County",470313,621.713624756279,0.219958693203154,294.484736760413,84.6244947513677,873.460865423665,21.9958693203154
2021-08-27,60457,473,49443,368,11014,105,54058,389,386171,1166,440229,1555,5,697,196,3916,272,55844,4,1608,711,"Knox County",470313,651.055786252985,0.224726219567382,330.630877734615,100.571321651751,832.636988558683,22.4726219567382
2021-08-26,59984,449,49075,347,10909,102,53669,367,385005,1426,438674,1793,5,692,155,3720,289,55572,0,1604,710,"Knox County",470313,677.846455445629,0.221553381824262,381.235475098498,95.4683370436284,790.962614259015,22.1553381824262
2021-08-25,59535,351,48728,222,10807,129,53302,237,383579,642,436881,879,2,687,90,3565,259,55283,4,1604,706,"Knox County",470313,693.793282346012,0.222324337872838,186.896811272493,74.6311498937941,758.005838664889,22.2324337872838
2021-08-24,59184,342,48506,221,10678,121,53065,236,382937,677,436002,913,4,685,78,3475,260,55024,5,1600,697,"Knox County",470313,639.78669524338,0.230088495575221,194.126039467333,72.7175306657481,738.869646384429,23.0088495575221
2021-08-23,58842,287,48285,205,10557,82,52829,227,382260,825,435089,1052,1,681,28,3397,258,54764,1,1595,697,"Knox County",470313,591.733590183559,0.233133354383749,223.680825322711,61.0231909388003,722.28494640803,23.3133354383749
2021-08-22,58555,240,48080,217,10475,23,52602,233,381435,889,434037,1122,2,680,69,3369,169,54506,0,1594,694,"Knox County",470313,540.065871026316,0.230946085756984,238.564530429735,51.0298460812268,716.331464365221,23.0946085756984
2021-08-21,58315,496,47863,370,10452,126,52369,410,380546,1905,432915,2315,0,678,381,3300,115,54337,8,1594,692,"Knox County",470313,560.903058176151,0.217987329940804,492.225390325166,105.461681901202,701.660383616868,21.7987329940804
2021-08-20,57819,424,47493,329,10326,95,51959,357,378641,1148,430600,1505,0,678,231,2919,193,54222,6,1586,690,"Knox County",470313,550.484464601234,0.215784528656436,319.999659801026,90.1527280768339,620.65050296292,21.5784528656436
2021-08-19,57395,368,47164,251,10231,117,51602,264,377493,952,429095,1216,1,678,203,2688,164,54029,6,1580,687,"Knox County",470313,533.26189154882,0.218173739169074,258.551220144882,78.2457639912144,571.53427610974,21.8173739169074
2021-08-18,57027,263,46913,185,10114,78,51338,200,376541,914,427879,1114,2,677,97,2485,164,53865,5,1574,687,"Knox County",470313,514.550947985703,0.208617516509689,236.863535560361,55.9202063306777,528.371531299369,20.8617516509689
2021-08-17,56764,263,46728,179,10036,84,51138,196,375627,1042,426765,1238,0,675,102,2388,161,53701,5,1569,687,"Knox County",470313,497.753623650633,0.197343651955658,263.228956035661,55.9202063306777,507.746968508206,19.7343651955658
2021-08-16,56501,185,46549,125,9952,60,50942,132,374585,422,425527,554,2,675,-25,2286,208,53540,5,1564,684,"Knox County",470313,476.065939066111,0.197705207413945,117.793894704165,39.335506354279,486.059283923685,19.7705207413945
2021-08-15,56316,204,46424,181,9892,23,50810,199,374163,953,424973,1152,3,673,80,2311,121,53332,6,1559,684,"Knox County",470313,468.411462153927,0.19331427314713,244.943261189888,43.3753691690427,491.374892890479,19.331427314713
2021-08-14,56112,219,46243,144,9869,75,50611,154,373210,794,423821,948,0,670,96,2231,123,53211,4,1553,683,"Knox County",470313,409.514514801845,0.194383331176394,201.567892020846,46.5647345491194,474.364944196737,19.4383331176394
2021-08-13,55893,265,46099,204,9794,61,50457,218,372416,1470,422873,1688,1,670,123,2135,141,53088,5,1549,681,"Knox County",470313,375.707241773032,0.172313527180784,358.909917437962,56.3454550480212,453.953005764246,17.2313527180784
2021-08-12,55628,222,45895,143,9733,79,50239,152,370946,643,421185,795,2,669,82,2012,138,52947,7,1544,678,"Knox County",470313,344.664085406952,0.167044999332354,169.036365144064,47.2026076251348,427.800209647618,16.7044999332354
2021-08-11,55406,316,45752,238,9654,78,50087,248,370303,989,420390,1237,1,667,183,1930,132,52809,9,1537,676,"Knox County",470313,355.933176416557,0.170651602732528,263.01633167699,67.1892973402819,410.365012236532,17.0651602732528
2021-08-10,55090,173,45514,108,9576,65,49839,122,369314,621,419153,743,1,666,56,1747,116,52677,2,1528,674,"Knox County",470313,336.796984136097,0.172123085569763,157.979898493131,36.7840140502176,371.454754599596,17.2123085569763
2021-08-09,54917,197,45406,157,9511,40,49717,167,368693,753,418410,920,1,665,75,1691,121,52561,4,1526,670,"Knox County",470313,339.348476440158,0.168381665107577,195.614409978036,41.8869986583403,359.547790513977,16.8381665107577
2021-08-08,54720,88,45249,66,9471,22,49550,75,367940,418,417490,493,1,664,22,1616,65,52440,4,1522,669,"Knox County",470313,314.684050834232,0.166471277842907,104.823808825187,18.7109435631165,343.600963613593,16.6471277842907
2021-08-07,54632,105,45183,74,9449,31,49475,80,367522,638,416997,718,0,663,44,1594,61,52375,2,1518,669,"Knox County",470313,290.444873945649,0.16105550500455,152.664289526337,22.3255576605367,338.923227722814,16.105550500455
2021-08-06,54527,203,45109,146,9418,57,49395,163,366884,879,416279,1042,0,663,139,1550,64,52314,10,1516,669,"Knox County",470313,277.262163707999,0.169300605245461,221.554581735993,43.162744810371,329.567755941256,16.9300605245461
2021-08-05,54324,174,44963,129,9361,45,49232,147,366005,850,415237,997,2,663,102,1411,70,52250,4,1506,668,"Knox County",470313,267.056194491753,0.162926829268293,211.986485595763,36.9966384088894,300.012970085879,16.2926829268293
2021-08-04,54150,144,44834,99,9316,45,49085,105,365155,656,414240,761,1,661,70,1309,73,52180,4,1502,666,"Knox County",470313,230.484804800208,0.151392315826577,161.807136949223,30.6179076487361,278.325285501358,15.1392315826577
2021-08-03,54006,238,44735,175,9271,63,48980,183,364499,814,413479,997,0,660,161,1239,77,52107,5,1498,665,"Knox County",470313,244.305388113873,0.155195681511471,211.986485595763,50.6045973638832,263.441580394333,15.5195681511471
2021-08-02,53768,97,44560,75,9208,22,48797,83,363685,532,412482,615,2,660,-4,1078,99,52030,3,1493,663,"Knox County",470313,223.042952246695,0.14867508447448,130.763980583144,20.6245627911625,229.209058648177,14.867508447448
2021-08-01,53671,107,44485,91,9186,16,48714,99,363153,526,411867,625,0,658,63,1082,44,51931,2,1490,663,"Knox County",470313,227.082815061459,0.149435273675065,132.890224169861,22.7508063778803,230.059556082864,14.9435273675065
2021-07-31,53564,104,44394,64,9170,40,48615,68,362627,399,411242,467,1,658,46,1019,57,51887,6,1488,661,"Knox County",470313,226.870190702787,0.15406976744186,99.2955754997204,22.1129333018649,216.664221486542,15.406976744186
2021-07-30,53460,118,44330,82,9130,36,48547,89,362228,339,410775,428,1,657,79,973,38,51830,0,1482,661,"Knox County",470313,208.797120215686,0.158282208588957,91.0032255115211,25.0896743232698,206.88350098764,15.8282208588957
2021-07-29,53342,117,44248,64,9094,53,48458,68,361889,483,410347,551,0,656,82,894,35,51792,1,1482,660,"Knox County",470313,196.677531771395,0.156390639063906,117.15602162815,24.877049964598,190.08617665257,15.6390639063906
2021-07-28,53225,131,44184,89,9041,42,48390,95,361406,536,409796,631,0,656,80,812,51,51757,4,1481,659,"Knox County",470313,193.913415108662,0.15878535002318,134.165970321892,27.8537909860029,172.650979241484,15.878535002318
2021-07-27,53094,117,44095,78,8999,39,48295,84,360870,499,409165,583,0,656,85,732,32,51706,4,1477,659,"Knox County",470313,168.185867709377,0.15025641025641,123.960001105647,24.877049964598,155.641030547742,15.025641025641
2021-07-26,52977,97,44017,73,8960,24,48211,79,360371,371,408582,450,1,656,61,647,35,51674,4,1473,659,"Knox County",470313,168.185867709377,0.155823293172691,95.6809614023002,20.6245627911625,137.56796006064,15.5823293172691
2021-07-25,52880,51,43944,43,8936,8,48132,44,360000,320,408132,364,3,655,22,586,26,51639,5,1469,659,"Knox County",470313,156.278903623757,0.151698330454807,77.3952665565272,10.8438422922607,124.597874181662,15.1698330454807
2021-07-24,52829,64,43901,42,8928,22,48088,44,359680,348,407768,392,0,652,39,564,25,51613,1,1464,658,"Knox County",470313,147.773929276886,0.14798470138276,83.348748599337,13.6079589549938,119.920138290883,14.798470138276
2021-07-23,52765,56,43859,31,8906,25,48044,32,359332,321,407376,353,1,652,24,525,31,51588,3,1463,656,"Knox County",470313,134.591219039236,0.134175691937425,75.0563986111377,11.9069640856196,111.627788302684,13.4175691937425
2021-07-22,52709,94,43828,69,8881,25,48012,78,359011,474,407023,552,0,651,70,501,24,51557,3,1460,655,"Knox County",470313,129.700858789785,0.137142857142857,117.368645986822,19.9866897151471,106.524803694561,13.7142857142857
2021-07-21,52615,61,43759,47,8856,14,47934,46,358537,411,406471,457,1,651,33,431,27,51533,1,1457,655,"Knox County",470313,114.81715368276,0.129165344335132,97.1693319130026,12.9700858789785,91.6410985875364,12.9165344335132
2021-07-20,52554,78,43712,42,8842,36,47888,45,358126,299,406014,344,0,650,54,398,24,51506,3,1456,655,"Knox County",470313,106.524803694561,0.126373626373626,73.1427793830917,16.5846999763987,84.6244947513677,12.6373626373626
2021-07-19,52476,48,43670,36,8806,12,47843,42,357827,348,405670,390,0,650,28,344,20,51482,0,1453,655,"Knox County",470313,96.1062101196437,0.116058906030856,82.9234998819935,10.2059692162454,73.1427793830917,11.6058906030856
2021-07-18,52428,36,43634,30,8794,6,47801,31,357479,272,405280,303,0,650,27,316,9,51462,1,1453,655,"Knox County",470313,92.9168447395671,0.113937656753852,64.4251806775488,7.65447691218401,67.1892973402819,11.3937656753852
2021-07-17,52392,27,43604,20,8788,7,47770,21,357207,202,404977,223,0,650,12,289,15,51453,1,1452,654,"Knox County",470313,85.0497434687113,0.112509534706331,47.4152319838065,5.74085768413801,61.4484396561439,11.2509534706331
2021-07-16,52365,37,43584,21,8781,16,47749,22,357005,291,404754,313,0,650,25,277,12,51438,1,1451,654,"Knox County",470313,81.0098806539475,0.110379550735864,66.5514242642666,7.86710127085579,58.8969473520825,11.0379550735864
2021-07-15,52328,55,43563,42,8765,13,47727,44,356714,364,404441,408,-1,650,37,252,19,51426,1,1450,654,"Knox County",470313,72.7175306657481,0.102953240360952,86.7507383380855,11.6943397269478,53.5813383852881,10.2953240360952
2021-07-14,52273,21,43521,16,8752,5,47683,16,356350,269,404033,285,0,651,8,215,13,51407,2,1449,654,"Knox County",470313,64.212556318877,0.0975286849073257,60.5979422214568,4.46511153210734,45.7142371144323,9.75286849073257
2021-07-13,52252,42,43505,26,8747,16,47667,29,356081,355,403748,384,3,651,28,207,11,51394,3,1447,654,"Knox County",470313,56.558079406693,0.0888985255854293,81.6477537299628,8.93022306421468,44.0132422450581,8.88985255854293
2021-07-12,52210,27,43479,21,8731,6,47638,24,355726,270,403364,294,0,648,16,179,11,51383,1,1444,654,"Knox County",470313,52.0929678745856,0.0846153846153846,62.5115614495028,5.74085768413801,38.0597602022483,8.46153846153846
2021-07-11,52183,8,43458,3,8725,5,47614,4,355456,136,403070,140,0,648,1,163,7,51372,0,1443,653,"Knox County",470313,46.1394858317759,0.0781631656082071,29.7674102140489,1.70099486937423,34.6577704634998,7.81631656082071
2021-07-10,52175,20,43455,16,8720,4,47610,16,355320,191,402930,207,0,648,12,162,8,51365,2,1443,653,"Knox County",470313,44.6511153210734,0.0763170851797144,44.0132422450581,4.25248717343556,34.4451461048281,7.63170851797144
2021-07-09,52155,27,43439,21,8716,6,47594,21,355129,338,402723,359,0,648,12,150,15,51357,0,1441,653,"Knox County",470313,42.5248717343556,0.0741454020221473,76.3321447631684,5.74085768413801,31.8936538007667,7.41454020221473
2021-07-08,52128,19,43418,14,8710,5,47573,16,354791,317,402364,333,0,648,6,138,13,51342,0,1441,652,"Knox County",470313,34.8703948221716,0.0629370629370629,70.8039114377021,4.03986281476378,29.3421614967054,6.29370629370629
2021-07-07,52109,18,43404,4,8705,14,47557,5,354474,333,402031,338,1,648,8,132,9,51329,1,1441,650,"Knox County",470313,34.2325217461563,0.0559610705596107,71.867033231061,3.82723845609201,28.0664153446747,5.59610705596107
2021-07-06,52091,24,43400,9,8691,15,47552,14,354141,263,401693,277,0,647,14,124,10,51320,2,1440,650,"Knox County",470313,30.4052832900643,0.0513347022587269,58.8969473520825,5.10298460812268,26.3654204753005,5.13347022587269
2021-07-05,52067,10,43391,6,8676,4,47538,6,353878,105,401416,111,0,647,0,110,10,51310,1,1438,650,"Knox County",470313,26.790669192644,0.0464589235127479,23.6013038125674,2.12624358671778,23.3886794538956,4.64589235127479
2021-07-04,52057,8,43385,7,8672,1,47532,7,353773,143,401305,150,0,647,0,110,8,51300,1,1437,650,"Knox County",470313,26.790669192644,0.047887323943662,31.8936538007667,1.70099486937423,23.3886794538956,4.7887323943662
2021-07-03,52049,9,43378,7,8671,2,47525,7,353630,185,401155,192,0,647,-2,110,11,51292,1,1436,650,"Knox County",470313,24.4518012472545,0.0431818181818182,40.8238768649814,1.913619228046,23.3886794538956,4.31818181818182
2021-07-02,52040,17,43371,13,8669,4,47518,17,353445,342,400963,359,-1,647,10,112,8,51281,0,1435,650,"Knox County",470313,22.3255576605367,0.0409090909090909,76.3321447631684,3.61461409742023,23.8139281712392,4.09090909090909
2021-07-01,52023,18,43358,15,8665,3,47501,17,353103,248,400604,265,-1,648,13,102,6,51273,1,1435,650,"Knox County",470313,22.1129333018649,0.0431442080378251,56.3454550480212,3.82723845609201,21.6876845845214,4.31442080378251
2021-06-30,52005,18,43343,12,8662,6,47484,11,352855,299,400339,310,0,649,9,89,9,51267,0,1434,650,"Knox County",470313,22.1129333018649,0.0474759615384615,65.9135511882512,3.82723845609201,18.9235679217883,4.74759615384615
2021-06-29,51987,21,43331,16,8656,5,47473,19,352556,438,400029,457,0,649,8,80,13,51258,1,1434,650,"Knox County",470313,21.4750602258496,0.0455531453362256,97.1693319130026,4.46511153210734,17.0099486937423,4.55531453362256
2021-06-28,51966,9,43315,2,8651,7,47454,2,352118,113,399572,115,0,649,-4,72,13,51245,0,1433,650,"Knox County",470313,21.2624358671778,0.0432900432900433,24.4518012472545,1.913619228046,15.308953824368,4.32900432900433
2021-06-27,51957,5,43313,3,8644,2,47452,3,352005,151,399457,154,0,649,0,76,5,51232,0,1433,650,"Knox County",470313,20.6245627911625,0.041036717062635,32.7441512354538,1.06312179335889,16.1594512590551,4.1036717062635
2021-06-26,51952,3,43310,2,8642,1,47449,2,351854,206,399303,208,0,649,0,76,3,51227,0,1433,650,"Knox County",470313,19.3488166391318,0.0380085653104925,44.2258666037299,0.637873076015334,16.1594512590551,3.80085653104925
2021-06-25,51949,13,43308,9,8641,4,47447,11,351648,311,399095,322,0,649,4,76,9,51224,0,1433,650,"Knox County",470313,18.4983192044447,0.0354997269251775,68.4650434923126,2.76411666273312,16.1594512590551,3.54997269251775
2021-06-24,51936,14,43299,9,8637,5,47436,10,351337,364,398773,374,1,649,8,72,5,51215,1,1433,650,"Knox County",470313,17.6478217697576,0.0298969072164948,79.521510143245,2.97674102140489,15.308953824368,2.98969072164948
2021-06-23,51922,13,43290,6,8632,7,47426,8,350973,282,398399,290,0,648,6,64,7,51210,0,1432,649,"Knox County",470313,16.5846999763987,0.0286458333333333,61.6610640148157,2.76411666273312,13.6079589549938,2.86458333333333
2021-06-22,51909,14,43284,5,8625,9,47418,5,350691,247,398109,252,2,648,10,58,2,51203,1,1432,648,"Knox County",470313,15.0963294656962,0.0239067055393586,53.5813383852881,2.97674102140489,12.3322128029631,2.39067055393586
2021-06-21,51895,9,43279,8,8616,1,47413,9,350444,289,397857,298,0,646,5,48,4,51201,1,1431,647,"Knox County",470313,15.0963294656962,0.0252897787144362,63.3620588841899,1.913619228046,10.2059692162454,2.52897787144363
2021-06-20,51886,3,43271,2,8615,1,47404,3,350155,161,397559,164,1,646,-2,43,4,51197,0,1430,647,"Knox County",470313,14.6710807483527,0.0251572327044025,34.8703948221716,0.637873076015334,9.14284742288646,2.51572327044025
2021-06-19,51883,3,43269,1,8614,2,47401,1,349994,191,397395,192,0,645,-3,45,6,51193,0,1430,647,"Knox County",470313,14.6710807483527,0.0248414376321353,40.8238768649814,0.637873076015334,9.56809614023002,2.48414376321353
2021-06-18,51880,6,43268,4,8612,2,47400,3,349803,283,397203,286,1,645,-5,48,10,51187,0,1430,647,"Knox County",470313,13.1827102376502,0.0210129310344828,60.8105665801286,1.27574615203067,10.2059692162454,2.10129310344828
2021-06-17,51874,12,43264,8,8610,4,47397,9,349520,515,396917,524,0,644,6,53,6,51177,0,1430,647,"Knox County",470313,12.7574615203067,0.0189431704885344,111.415163944012,2.55149230406134,11.2690910096042,1.89431704885344
2021-06-16,51862,7,43256,4,8606,3,47388,4,349005,362,396393,366,1,644,-6,47,12,51171,0,1430,646,"Knox County",470313,11.481715368276,0.0163304514889529,77.8205152738708,1.48837051070245,9.99334485757357,1.63304514889529
2021-06-15,51855,13,43252,9,8603,4,47384,14,348643,428,396027,442,0,643,-2,53,15,51159,0,1430,646,"Knox County",470313,11.2690910096042,0.0189260563380282,93.9799665329259,2.76411666273312,11.2690910096042,1.89260563380282
2021-06-14,51842,7,43243,2,8599,5,47370,3,348215,260,395585,263,1,643,-5,55,11,51144,0,1430,646,"Knox County",470313,10.8438422922607,0.0165400089405454,55.9202063306777,1.48837051070245,11.6943397269478,1.65400089405454
2021-06-13,51835,3,43241,3,8594,0,47367,4,347955,128,395322,132,0,642,-5,60,8,51133,1,1430,646,"Knox County",470313,10.8438422922607,0.0172335600907029,28.0664153446747,0.637873076015334,12.7574615203067,1.72335600907029
2021-06-12,51832,2,43238,1,8594,1,47363,1,347827,226,395190,227,0,642,-6,65,8,51125,0,1429,646,"Knox County",470313,10.6312179335889,0.0169642857142857,48.2657294184936,0.425248717343556,13.8205833136656,1.69642857142857
2021-06-11,51830,7,43237,3,8593,4,47362,2,347601,318,394963,320,0,642,-2,71,9,51117,0,1429,645,"Knox County",470313,10.8438422922607,0.0162708883025506,68.039794774969,1.48837051070245,15.0963294656962,1.62708883025506
2021-06-10,51823,7,43234,4,8589,3,47360,5,347283,358,394643,363,0,642,-1,73,8,51108,0,1429,644,"Knox County",470313,9.7807204989018,0.0156176053005206,77.1826421978555,1.48837051070245,15.5215781830398,1.56176053005206
2021-06-09,51816,2,43230,1,8586,1,47355,1,346925,367,394280,368,1,642,-17,74,18,51100,0,1429,644,"Knox County",470313,8.7175987055429,0.0141843971631206,78.2457639912144,0.425248717343556,15.7342025417116,1.41843971631206
2021-06-08,51814,5,43229,3,8585,2,47354,4,346558,266,393912,270,1,641,-17,91,21,51082,0,1429,643,"Knox County",470313,7.01660383616868,0.0102933607822954,57.4085768413801,1.06312179335889,19.3488166391318,1.02933607822954
2021-06-07,51809,15,43226,9,8583,6,47350,10,346292,316,393642,326,0,640,-8,108,23,51061,2,1429,642,"Knox County",470313,8.7175987055429,0.0134596211365902,69.3155409269997,3.18936538007667,22.963430736552,1.34596211365902
2021-06-06,51794,4,43217,2,8577,2,47340,2,345976,178,393316,180,0,640,-5,116,9,51038,0,1427,642,"Knox County",470313,8.93022306421468,0.0121713729308666,38.2723845609201,0.850497434687113,24.6644256059263,1.21713729308666
2021-06-05,51790,5,43215,2,8575,3,47338,3,345798,258,393136,261,0,640,-9,121,14,51029,0,1427,642,"Knox County",470313,9.56809614023002,0.0129310344827586,55.4949576133341,1.06312179335889,25.7275473992852,1.29310344827586
2021-06-04,51785,7,43213,2,8572,5,47335,3,345540,325,392875,328,1,640,-9,130,15,51015,0,1427,642,"Knox County",470313,9.56809614023002,0.0133587786259542,69.7407896443432,1.48837051070245,27.6411666273312,1.33587786259542
2021-06-03,51778,7,43211,4,8567,3,47332,6,345215,458,392547,464,0,639,-12,139,19,51000,0,1427,642,"Knox County",470313,9.56809614023002,0.0131998179335457,98.6577024237051,1.48837051070245,29.5547858553772,1.31998179335457
2021-06-02,51771,20,43207,7,8564,13,47326,6,344757,282,392083,288,0,639,5,151,15,50981,1,1427,642,"Knox County",470313,13.395334596322,0.0160604629192253,61.2358152974721,4.25248717343556,32.1062781594385,1.60604629192253
2021-06-01,51751,12,43200,9,8551,3,47320,10,344475,291,391795,301,0,639,-10,146,22,50966,1,1426,642,"Knox County",470313,14.8837051070245,0.0186219739292365,63.9999319602052,2.55149230406134,31.0431563660796,1.86219739292365
2021-05-31,51739,17,43191,14,8548,3,47310,12,344184,354,391494,366,0,639,-1,156,18,50944,0,1425,642,"Knox County",470313,15.308953824368,0.0191956124314442,77.8205152738708,3.61461409742023,33.1693999527974,1.91956124314442
2021-05-30,51722,3,43177,1,8545,2,47298,1,343830,203,391128,204,0,639,-9,157,12,50926,0,1425,642,"Knox County",470313,15.0963294656962,0.0185352622061483,43.3753691690427,0.637873076015334,33.3820243114692,1.85352622061483
2021-05-29,51719,14,43176,7,8543,7,47297,6,343627,199,390924,205,0,639,-14,166,28,50914,1,1425,642,"Knox County",470313,17.0099486937423,0.0204081632653061,43.5879935277145,2.97674102140489,35.2956435395152,2.04081632653061
2021-05-28,51705,11,43169,6,8536,5,47291,10,343428,390,390719,400,0,639,-10,180,21,50886,1,1424,641,"Knox County",470313,17.8604461284294,0.0228904847396768,85.0497434687113,2.33886794538956,38.2723845609201,2.28904847396768
2021-05-27,51694,23,43163,8,8531,15,47281,9,343038,341,390319,350,0,639,-5,190,28,50865,1,1423,641,"Knox County",470313,21.2624358671778,0.0255439924314096,74.4185255351224,4.8903602494509,40.3986281476379,2.55439924314096
2021-05-26,51671,17,43155,8,8516,9,47272,11,342697,571,389969,582,0,639,-6,195,23,50837,0,1422,641,"Knox County",470313,20.6245627911625,0.0245016611295681,123.747376746975,3.61461409742023,41.4617499409967,2.45016611295681
2021-05-25,51654,17,43147,8,8507,9,47261,7,342126,311,389387,318,0,639,-11,201,28,50814,1,1422,641,"Knox County",470313,21.6876845845214,0.0230927835051546,67.6145460576254,3.61461409742023,42.7374960930274,2.30927835051546
2021-05-24,51637,25,43139,21,8498,4,47254,24,341815,425,389069,449,0,639,-11,212,36,50786,1,1421,641,"Knox County",470313,23.3886794538956,0.0271132376395534,95.4683370436284,5.31560896679445,45.076364038417,2.71132376395534
2021-05-23,51612,16,43118,8,8494,8,47230,8,341390,225,388620,233,1,639,-5,223,20,50750,1,1420,641,"Knox County",470313,26.1527961166287,0.0295624753646039,49.5414755705243,3.40198973874845,47.4152319838065,2.95624753646039
2021-05-22,51596,8,43110,4,8486,4,47222,4,341165,269,388387,273,0,638,-6,228,14,50730,0,1419,640,"Knox County",470313,24.877049964598,0.0280230326295585,58.0464499173954,1.70099486937423,48.4783537771654,2.80230326295585
2021-05-21,51588,16,43106,12,8482,4,47218,14,340896,377,388114,391,0,638,-17,234,33,50716,1,1419,640,"Knox County",470313,25.9401717579569,0.0296610169491525,83.1361242406653,3.40198973874845,49.7540999291961,2.96610169491525
2021-05-20,51572,34,43094,26,8478,8,47204,27,340519,594,387723,621,0,638,6,251,28,50683,1,1418,639,"Knox County",470313,28.2790397033465,0.0331356818974538,132.039726735174,7.22922819484046,53.3687140266163,3.31356818974538
2021-05-19,51538,14,43068,6,8470,8,47177,6,339925,544,387102,550,0,638,-29,245,43,50655,1,1417,639,"Knox County",470313,27.6411666273312,0.0317460317460317,116.943397269478,2.97674102140489,52.0929678745856,3.17460317460317
2021-05-18,51524,24,43062,14,8462,10,47171,14,339381,444,386552,458,1,638,-21,274,44,50612,0,1416,639,"Knox County",470313,29.1295371380336,0.0326050420168067,97.3819562716744,5.10298460812268,58.2590742760672,3.26050420168067
2021-05-17,51500,15,43048,7,8452,8,47157,8,338937,420,386094,428,0,637,-18,295,33,50568,0,1416,638,"Knox County",470313,27.0032935513158,0.0274204468517265,91.0032255115211,3.18936538007667,62.7241858081746,2.74204468517265
2021-05-16,51485,22,43041,13,8444,9,47149,12,338517,272,385666,284,1,637,-10,313,31,50535,1,1416,638,"Knox County",470313,28.2790397033465,0.0282861896838602,60.385317862785,4.67773589077912,66.5514242642666,2.82861896838602
2021-05-15,51463,23,43028,13,8435,10,47137,17,338245,336,385382,353,0,636,-8,323,31,50504,1,1415,638,"Knox County",470313,31.4684050834232,0.0317666126418152,75.0563986111377,4.8903602494509,68.6776678509843,3.17666126418152
2021-05-14,51440,36,43015,25,8425,11,47120,26,337909,498,385029,524,0,636,4,331,32,50473,4,1414,637,"Knox County",470313,35.7208922568587,0.0341827221876942,111.415163944012,7.65447691218401,70.3786627203586,3.41827221876942
2021-05-13,51404,31,42990,17,8414,14,47094,17,337411,376,384505,393,0,636,-17,327,48,50441,0,1410,637,"Knox County",470313,35.0830191808434,0.0334448160535117,83.5613729580088,6.59135511882512,69.5281652856715,3.34448160535117
2021-05-12,51373,34,42973,28,8400,6,47077,26,337035,506,384112,532,0,636,-15,344,49,50393,0,1410,637,"Knox County",470313,39.335506354279,0.0403768506056528,113.116158813386,7.22922819484046,73.1427793830917,4.03768506056528
2021-05-11,51339,36,42945,30,8394,6,47051,31,336529,555,383580,586,0,636,-11,359,47,50344,4,1410,637,"Knox County",470313,41.8869986583403,0.0441935483870968,124.597874181662,7.65447691218401,76.3321447631684,4.41935483870968
2021-05-10,51303,21,42915,14,8388,7,47020,13,335974,277,382994,290,1,636,-26,370,46,50297,1,1406,637,"Knox County",470313,43.162744810371,0.0479405806887238,61.6610640148157,4.46511153210734,78.6710127085579,4.79405806887238
2021-05-09,51282,17,42901,14,8381,3,47007,17,335697,369,382704,386,0,635,-22,396,39,50251,1,1405,636,"Knox County",470313,42.0996230170121,0.047976501305483,82.0730024473064,3.61461409742023,84.1992460340241,4.7976501305483
2021-05-08,51265,20,42887,11,8378,9,46990,14,335328,307,382318,321,0,635,-18,418,38,50212,1,1404,636,"Knox County",470313,41.4617499409967,0.0474934036939314,68.2524191336408,4.25248717343556,88.8769819248033,4.74934036939314
2021-05-07,51245,43,42876,31,8369,12,46976,33,335021,576,381997,609,0,635,3,436,40,50174,0,1403,636,"Knox County",470313,42.9501204516992,0.0484440166827077,129.488234431113,9.14284742288646,92.7042203808953,4.84440166827077
2021-05-06,51202,40,42845,26,8357,14,46943,28,334445,340,381388,368,1,635,-8,433,47,50134,0,1403,636,"Knox County",470313,44.8637396797452,0.0523932729624838,78.2457639912144,8.50497434687113,92.0663473048799,5.23932729624838
2021-05-05,51162,51,42819,32,8343,19,46915,38,334105,585,381020,623,0,634,5,441,46,50087,4,1403,635,"Knox County",470313,48.4783537771654,0.0546654099905749,132.464975452518,10.8438422922607,93.7673421742542,5.46654099905749
2021-05-04,51111,50,42787,32,8324,18,46877,34,333520,536,380397,570,0,634,6,436,44,50041,0,1399,635,"Knox County",470313,51.4550947985703,0.0558888538048626,121.195884442914,10.6312179335889,92.7042203808953,5.58888538048626
2021-05-03,51061,24,42755,9,8306,15,46843,7,332984,309,379827,316,1,634,-37,430,60,49997,1,1399,635,"Knox County",470313,52.0929678745856,0.053554650798622,67.1892973402819,5.10298460812268,91.4284742288646,5.3554650798622
2021-05-02,51037,25,42746,18,8291,7,46836,20,332675,288,379511,308,0,633,-17,467,42,49937,2,1398,635,"Knox County",470313,53.7939627439599,0.0558587479935795,65.4883024709077,5.31560896679445,99.2955754997204,5.58587479935795
2021-05-01,51012,45,42728,35,8284,10,46816,38,332387,450,379203,488,0,633,7,484,38,49895,2,1396,635,"Knox County",470313,59.1095717107543,0.0603290676416819,103.760687031828,9.56809614023002,102.910189597141,6.03290676416819
2021-04-30,50967,58,42693,30,8274,28,46778,29,331937,567,378715,596,0,633,-10,477,68,49857,3,1394,635,"Knox County",470313,62.298937090831,0.0593453655552157,126.72411776838,12.3322128029631,101.421819086438,5.93453655552157
2021-04-29,50909,54,42663,34,8246,20,46749,35,331370,571,378119,606,0,633,-2,487,56,49789,2,1391,634,"Knox County",470313,65.2756781122359,0.0573139435414885,128.850361355098,11.481715368276,103.548062673156,5.73139435414885
2021-04-28,50855,47,42629,28,8226,19,46714,34,330799,543,377513,577,4,633,-38,489,81,49733,1,1389,634,"Knox County",470313,64.4251806775488,0.0569199653279399,122.684254953616,9.99334485757357,103.9733113905,5.69199653279399
2021-04-27,50808,39,42601,17,8207,22,46680,20,330256,392,376936,412,1,629,-33,527,71,49652,2,1388,632,"Knox County",470313,62.0863127321592,0.0554041780199818,87.6012357727726,8.29234998819935,112.053037020027,5.54041780199818
2021-04-26,50769,69,42584,36,8185,33,46660,40,329864,480,376524,520,1,628,2,560,66,49581,0,1386,631,"Knox County",470313,71.6544088723892,0.0615911035072712,110.564666509325,14.6710807483527,119.069640856196,6.15911035072712
2021-04-25,50700,38,42548,25,8152,13,46620,26,329384,341,376004,367,0,627,-4,558,42,49515,3,1386,630,"Knox County",470313,74.4185255351224,0.0622546270330903,78.0331396325426,8.07972562952757,118.644392138852,6.22546270330903
2021-04-24,50662,35,42523,22,8139,13,46594,28,329043,510,375637,538,0,627,-28,562,63,49473,3,1383,630,"Knox County",470313,72.2922819484046,0.0586283185840708,114.391904965417,7.44185255351224,119.494889573539,5.86283185840708
2021-04-23,50627,43,42501,31,8126,12,46566,36,328533,553,375099,589,0,627,-4,590,47,49410,2,1380,630,"Knox County",470313,69.1029165683279,0.0606816292601829,125.235747257677,9.14284742288646,125.448371616349,6.06816292601829
2021-04-22,50584,79,42470,62,8114,17,46530,65,327980,787,374510,852,1,627,15,594,63,49363,1,1378,630,"Knox County",470313,74.4185255351224,0.064591439688716,181.155953588355,16.7973243350705,126.298869051036,6.4591439688716
2021-04-21,50505,62,42408,34,8097,28,46465,35,327193,479,373658,514,1,626,-2,579,63,49300,1,1377,629,"Knox County",470313,77.607890915199,0.0659282700421941,109.288920357294,13.1827102376502,123.10950367096,6.59282700421941
2021-04-20,50443,38,42374,34,8069,4,46430,39,326714,474,373144,513,1,625,-32,581,69,49237,1,1376,628,"Knox County",470313,77.3952665565272,0.0690983817107629,109.076295998622,8.07972562952757,123.534752388303,6.90983817107629
2021-04-19,50405,65,42340,41,8065,24,46391,39,326240,336,372631,375,0,624,-3,613,68,49168,0,1375,627,"Knox County",470313,76.5447691218401,0.0715048025613661,79.7341345019168,13.8205833136656,130.3387318658,7.15048025613661
2021-04-18,50340,38,42299,27,8041,11,46352,32,325904,364,372256,396,0,624,-12,616,50,49100,1,1375,627,"Knox County",470313,76.5447691218401,0.0725443473656341,84.1992460340241,8.07972562952757,130.976604941815,7.25443473656341
2021-04-17,50302,37,42272,18,8030,19,46320,23,325540,335,371860,358,0,624,-23,628,60,49050,1,1374,626,"Knox County",470313,76.9700178391837,0.0747845426744509,76.1195204044966,7.86710127085579,133.528097245877,7.47845426744509
2021-04-16,50265,346,42254,330,8011,16,46297,369,325205,2088,371502,2457,1,624,279,651,66,48990,4,1373,626,"Knox County",470313,141.395198516732,0.110155535224154,522.418049256559,73.5680281004352,138.418457495328,11.0155535224154
2021-04-15,49919,86,41924,54,7995,32,45928,55,323117,577,369045,632,1,623,12,372,73,48924,0,1369,625,"Knox County",470313,142.883569027435,0.112869399428027,134.378594680564,18.2856948457729,79.0962614259015,11.2869399428027
2021-04-14,49833,85,41870,60,7963,25,45873,62,322540,684,368413,746,0,622,-1,360,86,48851,3,1369,624,"Knox County",470313,147.773929276886,0.113018075588826,158.617771569146,18.0730704871011,76.5447691218401,11.3018075588826
2021-04-13,49748,68,41810,38,7938,30,45811,43,321856,340,367667,383,-5,622,-8,361,81,48765,1,1366,624,"Knox County",470313,154.152660037039,0.116513933046568,81.435129371291,14.4584563896809,76.7573934805119,11.6513933046568
2021-04-12,49680,63,41772,43,7908,20,45768,50,321516,360,367284,410,1,627,-24,369,86,48684,0,1365,624,"Knox County",470313,153.727411319696,0.117800074321813,87.175987055429,13.395334596322,78.4583883498861,11.7800074321813
2021-04-11,49617,26,41729,14,7888,12,45718,14,321156,296,366874,310,2,626,-26,393,50,48598,0,1365,623,"Knox County",470313,151.175919015634,0.11631419939577,65.9135511882512,5.52823332546623,83.5613729580088,11.631419939577
2021-04-10,49591,50,41715,33,7876,17,45704,41,320860,571,366564,612,0,624,6,419,44,48548,1,1365,623,"Knox County",470313,153.940035678367,0.114234234234234,130.126107507128,10.6312179335889,89.089606283475,11.4234234234234
2021-04-09,49541,82,41682,62,7859,20,45663,71,320289,620,365952,691,5,624,11,413,66,48504,2,1364,622,"Knox County",470313,97.8072049890179,0.0887949260042283,146.923431842199,17.4351974110858,87.8138601314444,8.87949260042283
2021-04-08,49459,49,41620,26,7839,23,45592,26,319669,466,365261,492,-6,619,-23,402,78,48438,0,1362,622,"Knox County",470313,89.9401037181622,0.0842480790340285,104.611184466515,10.4185935749171,85.4749921860548,8.42480790340285
2021-04-07,49410,77,41594,54,7816,23,45566,57,319203,768,364769,825,2,625,9,425,66,48360,1,1362,622,"Knox County",470313,88.2391088487879,0.0811173784582326,175.415095904217,16.3720756177269,90.3653524355057,8.11173784582326
2021-04-06,49333,75,41540,41,7793,34,45509,45,318435,422,363944,467,2,623,-3,416,76,48294,0,1361,622,"Knox County",470313,89.7274793594904,0.079852902547938,99.2955754997204,15.9468269003834,88.4517332074597,7.9852902547938
2021-04-05,49258,44,41499,32,7759,12,45464,35,318013,266,363477,301,0,621,-59,419,103,48218,3,1361,622,"Knox County",470313,85.6876165447266,0.0781503515413737,63.9999319602052,9.35547178155824,89.089606283475,7.81503515413737
2021-04-04,49214,49,41467,31,7747,18,45429,40,317747,341,363176,381,3,621,-27,478,73,48115,0,1358,621,"Knox County",470313,90.5779767941775,0.0835765455027859,81.0098806539475,10.4185935749171,101.63444344511,8.35765455027859
2021-04-03,49165,81,41436,64,7729,17,45389,71,317406,593,362795,664,0,618,6,505,75,48042,0,1358,620,"Knox County",470313,97.1693319130026,0.0902904998691442,141.182574158061,17.222573052414,107.375301129248,9.02904998691442
2021-04-02,49084,76,41372,45,7712,31,45318,45,316813,530,362131,575,0,618,5,499,71,47967,2,1358,617,"Knox County",470313,95.8935857609719,0.0860998650472335,122.259006236272,16.1594512590551,106.099554977217,8.60998650472335
2021-04-01,49008,75,41327,63,7681,12,45273,67,316283,580,361556,647,1,618,-20,494,94,47896,1,1356,616,"Knox County",470313,101.421819086438,0.0932642487046632,137.56796006064,15.9468269003834,105.036433183858,9.32642487046632
2021-03-31,48933,87,41264,66,7669,21,45206,72,315703,765,360909,837,3,617,-16,514,100,47802,2,1355,616,"Knox County",470313,103.548062673156,0.096849173553719,177.966588208278,18.4983192044447,109.288920357294,9.6849173553719
2021-03-30,48846,57,41198,33,7648,24,45134,38,314938,460,360072,498,1,614,-24,530,80,47702,2,1353,614,"Knox County",470313,99.7208242170639,0.094286446323341,105.886930618546,12.1195884442914,112.690910096042,9.4286446323341
2021-03-29,48789,43,41165,21,7624,22,45096,22,314478,400,359574,422,5,613,-58,554,96,47622,0,1351,613,"Knox County",470313,99.5081998583922,0.088220675944334,89.7274793594904,9.14284742288646,117.793894704165,8.8220675944334
2021-03-28,48746,80,41144,46,7602,34,45074,49,314078,484,359152,533,2,608,13,612,65,47526,5,1351,612,"Knox County",470313,106.099554977217,0.0871647509578544,113.328783172058,17.0099486937423,130.126107507128,8.71647509578544
2021-03-27,48666,42,41098,39,7568,3,45025,42,313594,442,358619,484,0,606,-16,599,58,47461,2,1346,611,"Knox County",470313,97.8072049890179,0.0838338338338338,102.910189597141,8.93022306421468,127.361990844395,8.38338338338338
2021-03-26,48624,79,41059,54,7565,25,44983,60,313152,417,358135,477,0,606,1,615,78,47403,2,1344,610,"Knox County",470313,98.4450780650333,0.0897896357106208,101.421819086438,16.7973243350705,130.763980583144,8.97896357106208
2021-03-25,48545,88,41005,64,7540,24,44923,67,312735,570,357658,637,0,606,7,614,81,47325,4,1342,608,"Knox County",470313,101.209194727766,0.0900205761316872,135.441716473923,18.7109435631165,130.551356224472,9.00205761316873
2021-03-24,48457,123,40941,90,7516,33,44856,95,312165,780,357021,875,1,606,38,607,84,47244,3,1338,607,"Knox County",470313,108.86367163995,0.0950076413652573,186.046313837806,26.1527961166287,129.062985713769,9.50076413652573
2021-03-23,48334,87,40851,57,7483,30,44761,63,311385,531,356146,594,1,605,17,569,69,47160,3,1335,606,"Knox County",470313,115.242402400104,0.0989557434112382,126.298869051036,18.4983192044447,120.983260084242,9.89557434112382
2021-03-22,48247,115,40794,78,7453,37,44698,81,310854,517,355552,598,2,604,32,552,81,47091,1,1332,605,"Knox County",470313,130.551356224472,0.108861362553597,127.149366485723,24.4518012472545,117.368645986822,10.8861362553597
2021-03-21,48132,50,40716,33,7416,17,44617,34,310337,330,354954,364,0,602,4,520,46,47010,1,1331,605,"Knox County",470313,124.172625464318,0.109704641350211,77.3952665565272,10.6312179335889,110.564666509325,10.9704641350211
2021-03-20,48082,59,40683,29,7399,30,44583,33,310007,315,354590,348,0,602,3,516,56,46964,4,1330,604,"Knox County",470313,127.787239561739,0.111225276136656,73.9932768177788,12.5448371616349,109.714169074638,11.1225276136656
2021-03-19,48023,146,40654,102,7369,44,44550,117,309692,956,354242,1073,3,602,51,513,92,46908,3,1326,604,"Knox County",470313,142.033071592748,0.109155713967476,228.145936854818,31.0431563660796,109.076295998622,10.9155713967476
2021-03-18,47877,68,40552,50,7325,18,44433,66,308736,627,353169,693,2,599,-16,462,82,46816,1,1323,603,"Knox County",470313,137.780584419312,0.107590759075908,147.348680559542,14.4584563896809,98.2324537063615,10.7590759075908
2021-03-17,47809,46,40502,36,7307,10,44367,41,308109,497,352476,538,1,597,-40,478,85,46734,3,1322,603,"Knox County",470313,121.408508801585,0.103374524714829,114.391904965417,9.7807204989018,101.63444344511,10.3374524714829
2021-03-16,47763,128,40466,84,7297,44,44326,100,307612,699,351938,799,0,596,48,518,80,46649,3,1319,601,"Knox County",470313,130.126107507128,0.106956718785407,169.886862578751,27.2159179099876,110.139417791981,10.6956718785407
2021-03-15,47635,44,40382,28,7253,16,44226,40,306913,290,351139,330,1,596,-65,470,108,46569,1,1316,600,"Knox County",470313,115.029778041432,0.103980699638118,70.1660383616868,9.35547178155824,99.9334485757357,10.3980699638118
2021-03-14,47591,60,40354,38,7237,22,44186,46,306623,405,350809,451,0,595,-12,535,72,46461,0,1315,599,"Knox County",470313,117.15602162815,0.104678638941399,95.893585760972,12.7574615203067,113.754031889401,10.4678638941399
2021-03-13,47531,71,40316,34,7215,37,44140,41,306218,623,350358,664,1,595,-10,547,80,46389,1,1315,599,"Knox County",470313,119.707513932211,0.0991644678979771,141.182574158061,15.0963294656962,116.305524193463,9.91644678979771
2021-03-12,47460,63,40282,60,7178,3,44099,67,305595,692,349694,759,0,594,-52,557,115,46309,1,1314,597,"Knox County",470313,102.059692162454,0.0947094945677846,161.38188823188,13.395334596322,118.43176778018,9.47094945677846
2021-03-11,47397,83,40222,56,7175,27,44032,66,304903,627,348935,693,2,594,-22,609,103,46194,0,1313,595,"Knox County",470313,105.24905754253,0.0947094945677846,147.348680559542,17.6478217697576,129.488234431113,9.47094945677846
2021-03-10,47314,95,40166,72,7148,23,43966,82,304276,1001,348242,1083,2,592,26,631,67,46091,1,1313,594,"Knox County",470313,115.667651117447,0.0924879681941829,230.272180441536,20.1993140738189,134.165970321892,9.24879681941829
2021-03-09,47219,80,40094,50,7125,30,43884,55,303275,597,347159,652,0,590,-6,605,86,46024,2,1312,594,"Knox County",470313,105.461681901202,0.0857081174438687,138.631081853999,17.0099486937423,128.637736996426,8.57081174438687
2021-03-08,47139,85,40044,57,7095,28,43829,63,302678,412,346507,475,1,590,-30,611,114,45938,0,1310,590,"Knox County",470313,114.179280606745,0.0879212895122462,100.996570369095,18.0730704871011,129.913483148456,8.79212895122462
2021-03-07,47054,64,39987,40,7067,24,43766,42,302266,327,346032,369,0,589,-5,641,69,45824,0,1310,588,"Knox County",470313,115.029778041432,0.088604898828541,78.4583883498861,13.6079589549938,136.29221390861,8.8604898828541
2021-03-06,46990,125,39947,87,7043,38,43724,95,301939,848,345663,943,0,589,40,646,85,45755,1,1310,588,"Knox County",470313,126.511493409708,0.0944913550462405,200.504770227487,26.5780448339723,137.355335701969,9.44913550462405
2021-03-05,46865,70,39860,44,7005,26,43629,49,301091,521,344720,570,2,589,-19,606,87,45670,2,1309,588,"Knox County",470313,127.99986392041,0.0944618599791014,121.195884442914,14.8837051070245,128.850361355098,9.44618599791014
2021-03-04,46795,112,39816,85,6979,27,43580,100,300570,1094,344150,1194,5,587,-1,625,108,45583,1,1307,586,"Knox County",470313,134.165970321892,0.0919409761634506,253.873484254103,23.8139281712392,132.890224169861,9.19409761634506
2021-03-03,46683,74,39731,33,6952,41,43480,40,299476,497,342956,537,1,582,-49,626,122,45475,4,1306,584,"Knox County",470313,129.700858789785,0.0936708860759494,114.179280606745,15.7342025417116,133.102848528533,9.36708860759494
2021-03-02,46609,133,39698,91,6911,42,43440,99,298979,808,342419,907,-1,581,9,675,125,45353,2,1302,583,"Knox County",470313,140.969949799389,0.0976976976976977,192.850293315303,28.2790397033465,143.52144210345,9.76976976976977
2021-03-01,46476,59,39607,33,6869,26,43341,35,298171,165,341512,200,1,582,-58,666,116,45228,1,1300,580,"Knox County",470313,135.441716473923,0.0974576271186441,42.5248717343556,12.5448371616349,141.607822875404,9.74576271186441
2021-02-28,46417,77,39574,53,6843,24,43306,63,298006,563,341312,626,2,581,-19,724,94,45112,2,1299,580,"Knox County",470313,138.205833136656,0.0966445649989954,133.102848528533,16.3720756177269,153.940035678367,9.66445649989954
2021-02-27,46340,82,39521,47,6819,35,43243,58,297443,671,340686,729,1,579,-33,743,114,45018,3,1297,579,"Knox County",470313,129.062985713769,0.0932185597312618,155.003157471726,17.4351974110858,157.979898493131,9.32185597312618
2021-02-26,46258,107,39474,70,6784,37,43185,80,296772,506,339957,586,5,578,-17,776,119,44904,1,1294,578,"Knox County",470313,136.930086984625,0.0993931784892237,124.597874181662,22.7508063778803,164.9965023293,9.93931784892237
2021-02-25,46151,131,39404,92,6747,39,43105,97,296266,1029,339371,1126,2,573,-7,793,136,44785,5,1293,578,"Knox County",470313,140.969949799389,0.100191042241562,239.415027864422,27.8537909860029,168.61111642672,10.0191042241562
2021-02-24,46020,102,39312,72,6708,30,43008,80,295237,969,338245,1049,2,571,-30,800,130,44649,2,1288,577,"Knox County",470313,146.923431842199,0.0980279532835535,223.042952246695,21.6876845845214,170.099486937423,9.80279532835535
2021-02-23,45918,122,39240,68,6678,54,42928,75,294268,758,337196,833,5,569,-32,830,149,44519,6,1286,576,"Knox County",470313,144.584563896809,0.0947756845989512,177.116090773591,25.9401717579569,176.478217697576,9.47756845989512
2021-02-22,45796,62,39172,33,6624,29,42853,38,293510,307,336363,345,3,564,-110,862,169,44370,3,1280,574,"Knox County",470313,145.222436972824,0.0927465054778995,73.3554037417635,13.1827102376502,183.282197175073,9.27465054778995
2021-02-21,45734,82,39139,41,6595,41,42815,45,293203,499,336018,544,2,561,-31,972,111,44201,3,1277,572,"Knox County",470313,146.285558766183,0.090752110514198,115.667651117447,17.4351974110858,206.670876628968,9.0752110514198
2021-02-20,45652,137,39098,98,6554,39,42770,115,292704,1007,335474,1122,1,559,8,1003,128,44090,2,1274,569,"Knox County",470313,157.979898493131,0.0945584299732382,238.564530429735,29.1295371380336,213.262231747793,9.45584299732382
2021-02-19,45515,95,39000,43,6515,52,42655,48,291697,274,334352,322,1,558,-83,995,177,43962,2,1272,568,"Knox County",470313,155.42840618907,0.0932409661112151,68.4650434923126,20.1993140738189,211.561236878419,9.32409661112151
2021-02-18,45420,155,38957,111,6463,44,42607,119,291423,988,334030,1107,4,557,-38,1078,189,43785,6,1270,566,"Knox County",470313,160.531390797193,0.0977076287110109,235.375165049658,32.9567755941256,229.209058648177,9.77076287110109
2021-02-17,45265,114,38846,68,6419,46,42488,76,290435,892,332923,968,1,553,-49,1116,162,43596,4,1264,560,"Knox County",470313,163.082883101254,0.0984544934172868,205.820379194281,24.2391768885827,237.288784277704,9.84544934172868
2021-02-16,45151,146,38778,90,6373,56,42412,101,289543,818,331955,919,2,552,-41,1165,185,43434,4,1260,557,"Knox County",470313,168.185867709377,0.101745823165008,195.401785619364,31.0431563660796,247.707377852622,10.1745823165008
2021-02-15,45005,76,38688,36,6317,40,42311,43,288725,312,331036,355,2,550,-140,1206,214,43249,1,1256,557,"Knox County",470313,171.162608730781,0.102492036724752,75.4816473284812,16.1594512590551,256.424976558164,10.2492036724752
2021-02-14,44929,165,38652,135,6277,30,42268,135,288413,706,330681,841,2,548,20,1346,143,43035,5,1255,557,"Knox County",470313,188.810430500539,0.113063542776003,178.817085642965,35.0830191808434,286.192386772213,11.3063542776003
2021-02-13,44764,135,38517,91,6247,44,42133,106,287707,871,329840,977,4,546,-9,1326,140,42892,7,1250,556,"Knox County",470313,188.385181783195,0.11441063946074,207.733998422327,28.7042884206901,281.939899598778,11.441063946074
2021-02-12,44629,179,38426,114,6203,65,42027,124,286836,996,328863,1120,3,542,13,1335,163,42752,3,1243,552,"Knox County",470313,206.245627911625,0.111977095594083,238.139281712392,38.0597602022483,283.853518826824,11.1977095594083
2021-02-11,44450,162,38312,112,6138,50,41903,118,285840,1133,327743,1251,5,539,-34,1322,191,42589,5,1240,551,"Knox County",470313,207.733998422327,0.109314259057689,265.993072698394,34.4451461048281,281.089402164091,10.9314259057689
2021-02-10,44288,148,38200,106,6088,42,41785,112,284707,1032,326492,1144,7,534,-47,1356,188,42398,6,1235,549,"Knox County",470313,214.963226617168,0.111851067050098,243.242266320514,31.4684050834232,288.318630358931,11.1851067050098
2021-02-09,44140,209,38094,154,6046,55,41673,165,283675,1023,325348,1188,0,527,12,1403,197,42210,6,1229,547,"Knox County",470313,228.35856121349,0.116783013379872,252.597738102072,44.4384909624016,298.311975216505,11.6783013379872
2021-02-08,43931,107,37940,72,5991,35,41508,76,282652,371,324160,447,4,527,-159,1391,262,42013,2,1223,542,"Knox County",470313,234.949916332315,0.119977037887486,95.0430883262848,22.7508063778803,295.760482912443,11.9977037887486
2021-02-07,43824,108,37868,75,5956,33,41432,83,282281,716,323713,799,1,523,-28,1550,135,41751,2,1221,539,"Knox County",470313,222.830327888024,0.113196650303205,169.886862578751,22.963430736552,329.567755941256,11.3196650303205
2021-02-06,43716,304,37793,176,5923,128,41349,197,281565,1396,322914,1593,2,522,136,1578,166,41616,6,1219,538,"Knox County",470313,258.763844503554,0.116016971625564,338.710603364143,64.6378050362206,335.521237984066,11.6016971625564
2021-02-05,43412,177,37617,131,5795,46,41152,143,280169,727,321321,870,8,520,-4,1442,173,41450,4,1213,534,"Knox County",470313,258.33859578621,0.12260010970927,184.983192044447,37.6345114849047,306.604325204704,12.260010970927
2021-02-04,43235,199,37486,148,5749,51,41009,161,279442,1582,320451,1743,2,512,0,1446,197,41277,7,1209,531,"Knox County",470313,266.205697057066,0.120375128468654,370.604257164909,42.3122473756839,307.454822639391,12.0375128468654
2021-02-03,43036,230,37338,164,5698,66,40848,172,277860,1634,318708,1806,5,510,-8,1446,233,41080,7,1202,523,"Knox County",470313,283.640894468152,0.118044044518115,383.999591761231,48.903602494509,307.454822639391,11.8044044518115
2021-02-02,42806,91,37174,70,5632,21,40676,77,276226,291,316902,368,7,505,-160,1454,244,40847,1,1195,523,"Knox County",470313,258.551220144882,0.119197482297404,78.2457639912144,19.3488166391318,309.155817508765,11.9197482297404
2021-02-01,42715,153,37104,82,5611,71,40599,97,275935,425,316534,522,4,498,-125,1614,274,40603,2,1194,521,"Knox County",470313,268.331940643784,0.120763537202961,110.989915226668,32.5315268767821,343.17571489625,12.0763537202961
2021-01-31,42562,174,37022,120,5540,54,40502,129,275510,939,316012,1068,7,494,12,1739,155,40329,4,1192,518,"Knox County",470313,282.365148316121,0.122459222082811,227.082815061459,36.9966384088894,369.753759730222,12.2459222082811
2021-01-30,42388,277,36902,232,5486,45,40373,250,274571,1518,314944,1768,7,487,92,1727,178,40174,9,1188,516,"Knox County",470313,276.624290631983,0.126335174953959,375.919866131704,58.8969473520825,367.202267426161,12.6335174953959
2021-01-29,42111,101,36670,52,5441,49,40123,62,273053,376,313176,438,4,480,-140,1635,237,39996,1,1179,510,"Knox County",470313,260.464839372928,0.12290937378452,93.1294690982388,21.4750602258496,347.640826428357,12.290937378452
2021-01-28,42010,157,36618,116,5392,41,40061,129,272677,657,312738,786,9,476,-75,1775,223,39759,5,1178,505,"Knox County",470313,251.534616308714,0.135583185316755,167.122745916018,33.3820243114692,377.408236642406,13.5583185316755
2021-01-27,41853,168,36502,123,5351,45,39932,125,272020,894,311952,1019,12,467,-73,1850,229,39536,2,1173,501,"Knox County",470313,238.351906071063,0.145585525213604,216.664221486542,35.7208922568587,393.35506354279,14.5585525213604
2021-01-26,41685,234,36379,173,5306,61,39807,193,271126,1041,310933,1234,3,455,-26,1923,257,39307,7,1171,497,"Knox County",470313,268.757189361128,0.144111192392099,262.378458600974,49.7540999291961,408.876641725829,14.4111192392099
2021-01-25,41451,158,36206,106,5245,52,39614,115,270085,415,309699,530,9,452,-198,1949,347,39050,1,1164,490,"Knox County",470313,269.820311154486,0.146573140435482,112.690910096042,33.5946486701409,414.404875051296,14.6573140435481
2021-01-24,41293,157,36100,104,5193,53,39499,111,269670,791,309169,902,4,443,-98,2147,251,38703,2,1163,486,"Knox County",470313,266.205697057066,0.147521341920024,191.787171521944,33.3820243114692,456.504498068308,14.7521341920024
2021-01-23,41136,309,35996,222,5140,87,39388,232,268879,1492,308267,1724,7,439,63,2245,239,38452,7,1161,481,"Knox County",470313,273.009676534563,0.145786220413086,366.564394350146,65.7009268295794,477.341685218142,14.5786220413086
2021-01-22,40827,178,35774,143,5053,35,39156,176,267387,1173,306543,1349,3,432,-150,2182,325,38213,7,1154,478,"Knox County",470313,289.38175215229,0.143292682926829,286.830259848229,37.8471358435765,463.94635062182,14.3292682926829
2021-01-21,40649,268,35631,195,5018,73,38980,203,266214,1081,305194,1284,11,429,-125,2332,382,37888,6,1147,470,"Knox County",470313,312.983055964857,0.143620989803531,273.009676534563,56.9833281240365,495.840004422587,14.3620989803531
2021-01-20,40381,192,35436,131,4945,61,38777,131,265133,736,303910,867,10,418,-154,2457,336,37506,8,1141,465,"Knox County",470313,318.08604057298,0.147148288973384,184.345318968432,40.8238768649814,522.418049256559,14.7148288973384
2021-01-19,40189,310,35305,195,4884,115,38646,219,264397,957,303043,1176,8,408,-85,2611,387,37170,14,1133,455,"Knox County",470313,334.245491832035,0.15155771195097,250.046245798011,65.9135511882512,555.162200492013,15.155771195097
2021-01-18,39879,129,35110,80,4769,49,38427,87,263440,472,301867,559,7,400,-364,2696,486,36783,4,1119,452,"Knox County",470313,328.079385430554,0.147436712886401,118.857016497524,27.4285422686594,573.235270979114,14.7436712886401
2021-01-17,39750,181,35030,138,4720,43,38340,151,262968,690,301308,841,3,393,-205,3060,383,36297,8,1115,443,"Knox County",470313,333.182370038676,0.153717948717949,178.817085642965,38.4850089195918,650.630537535641,15.3717948717949
2021-01-16,39569,421,34892,340,4677,81,38189,389,262278,1757,300467,2146,1,390,9,3265,411,35914,7,1107,437,"Knox County",470313,356.996298209916,0.164923376307468,456.291873709636,89.5148550008186,694.218531063356,16.4923376307468
2021-01-15,39148,187,34552,149,4596,38,37800,153,260521,755,298321,908,0,389,-95,3256,282,35503,4,1100,429,"Knox County",470313,358.909917437962,0.171314741035857,193.062917673975,39.7607550716225,692.30491183531,17.1314741035857
2021-01-14,38961,338,34403,267,4558,71,37647,290,259766,1479,297413,1769,6,389,-91,3351,423,35221,7,1096,419,"Knox County",470313,373.793622544986,0.171788047423179,376.132490490376,71.867033231061,712.504225909129,17.1788047423179
2021-01-13,38623,249,34136,201,4487,48,37357,206,258287,946,295644,1152,12,383,-249,3442,486,34798,6,1089,412,"Knox County",470313,385.913210989277,0.174833352824231,244.943261189888,52.9434653092728,731.85304254826,17.4833352824231
2021-01-12,38374,332,33935,261,4439,71,37151,283,257341,1181,294492,1464,10,371,-176,3691,498,34312,6,1083,410,"Knox County",470313,390.590946880056,0.176377418259984,311.282061095483,70.5912870790304,784.796507857533,17.6377418259984
2021-01-11,38042,244,33674,197,4368,47,36868,228,256160,726,293028,954,4,361,-396,3867,636,33814,5,1077,405,"Knox County",470313,415.042748127311,0.184102230885857,202.843638172876,51.8803435159139,822.218394983766,18.4102230885857
2021-01-10,37798,328,33477,205,4321,123,36640,222,255434,1013,292074,1235,5,357,-6,4263,329,33178,17,1072,399,"Knox County",470313,446.298528852062,0.183942667220607,262.591082959646,69.7407896443432,906.41764101779,18.3942667220607
2021-01-09,37470,475,33272,393,4198,82,36418,426,254421,1384,290839,1810,5,352,101,4269,369,32849,12,1055,393,"Knox County",470313,457.780244220338,0.194575979337064,384.850089195918,100.996570369095,907.693387169821,19.4575979337064
2021-01-08,36995,459,32879,371,4116,88,35992,392,253037,1432,289029,1824,7,347,267,4168,185,32480,6,1043,391,"Knox County",470313,515.614069779062,0.200528996865204,387.826830217323,97.5945806303462,886.218326943971,20.0528996865204
2021-01-07,36536,389,32508,346,4028,43,35600,354,251605,1309,287205,1663,10,340,73,3901,306,32295,10,1037,383,"Knox County",470313,526.457912071323,0.208968521084934,353.594308471167,82.7108755233217,829.447623178607,20.8968521084934
2021-01-06,36147,497,32162,363,3985,134,35246,378,250296,1187,285542,1565,9,330,59,3828,429,31989,15,1027,380,"Knox County",470313,579.188753021924,0.217118402282454,332.757121321333,105.674306259874,813.926044995567,21.7118402282454
2021-01-05,35650,520,31799,327,3851,193,34868,345,249109,1193,283977,1538,14,321,32,3769,474,31560,14,1012,371,"Knox County",470313,619.162132452218,0.221456228161299,327.016263637195,110.564666509325,801.381207833932,22.1456228161299
2021-01-04,35130,322,31472,228,3658,94,34523,249,247916,654,282439,903,6,307,-222,3737,538,31086,6,998,365,"Knox County",470313,635.746832428617,0.224520781932055,191.999795880616,68.4650434923126,794.577228356435,22.4520781932055
2021-01-03,34808,285,31244,182,3564,103,34274,195,247262,608,281536,803,2,301,-15,3959,298,30548,10,992,357,"Knox County",470313,626.60398500573,0.231446665347318,170.737360013438,60.5979422214568,841.77983598157,23.1446665347318
2021-01-02,34523,422,31062,319,3461,103,34079,345,246654,1095,280733,1440,0,299,105,3974,317,30250,22,982,348,"Knox County",470313,615.334893996126,0.231922760887428,306.179076487361,89.7274793594904,844.969201361646,23.1922760887428
2021-01-01,34101,419,30743,349,3358,70,33734,374,245559,1297,279293,1671,2,299,2,3869,415,29933,7,960,344,"Knox County",470313,606.829919649255,0.233747260774288,355.295303340541,89.089606283475,822.64364370111,23.3747260774288
2020-12-31,33682,448,30394,311,3288,137,33360,322,244262,929,277622,1251,12,297,0,3867,436,29518,8,953,338,"Knox County",470313,619.37475681089,0.240758913967942,265.993072698394,95.2557126849566,822.218394983766,24.0758913967942
2020-12-30,33234,363,30083,248,3151,115,33038,271,243333,931,276371,1202,6,285,-146,3867,503,29082,9,945,335,"Knox County",470313,590.883092748871,0.238533151680291,255.574479123477,77.1826421978555,822.218394983766,23.8533151680291
2020-12-29,32871,590,29835,398,3036,192,32767,420,242402,1081,275169,1501,7,279,110,4013,473,28579,14,936,331,"Knox County",470313,605.766797855896,0.248090297571543,319.149162366339,125.448371616349,853.261551349846,24.8090297571543
2020-12-28,32281,252,29437,174,2844,78,32347,185,241321,565,273668,750,4,272,-331,3903,579,28106,4,922,323,"Knox County",470313,590.883092748871,0.245068461359944,159.468269003834,53.5813383852881,829.87287189595,24.5068461359944
2020-12-27,32029,230,29263,156,2766,74,32162,172,240756,489,272918,661,3,268,-74,4234,301,27527,8,918,318,"Knox County",470313,579.188753021924,0.246460594620104,140.544701082045,48.903602494509,900.251534616309,24.6460594620104
2020-12-26,31799,358,29107,288,2692,70,31990,328,240267,1064,272257,1392,0,265,59,4308,299,27226,10,910,311,"Knox County",470313,565.58079406693,0.245847176079734,295.973107271115,76.1195204044966,915.98573715802,24.5847176079734
2020-12-25,31441,353,28819,287,2622,66,31662,308,239203,1070,270865,1378,1,265,-101,4249,453,26927,5,900,306,"Knox County",470313,551.547586394592,0.246588813767671,292.99636624971,75.0563986111377,903.440899996385,24.6588813767671
2020-12-24,31088,351,28532,277,2556,74,31354,311,238133,1273,269487,1584,5,264,-111,4350,457,26474,8,895,299,"Knox County",470313,530.92302360343,0.235592820028342,336.796984136097,74.6311498937941,924.915960222235,23.5592820028342
2020-12-23,30737,472,28255,351,2482,121,31043,371,236860,1411,267903,1782,6,259,-14,4461,480,26017,9,887,292,"Knox County",470313,554.099078698654,0.231542882404951,378.896607153109,100.358697293079,948.517264034802,23.1542882404951
2020-12-22,30265,530,27904,392,2361,138,30672,432,235449,1470,266121,1902,7,253,-26,4475,549,25537,15,878,285,"Knox County",470313,541.341617178347,0.222986559424278,404.411530193722,112.690910096042,951.494005056207,22.2986559424278
2020-12-21,29735,442,27512,361,2223,81,30240,391,233979,1423,264219,1814,2,246,-137,4501,577,24988,5,863,279,"Knox County",470313,581.740245325985,0.22001331684581,385.700586630606,93.9799665329259,957.022238381674,22.001331684581
2020-12-20,29293,514,27151,431,2142,83,29849,478,232556,2245,262405,2723,2,244,234,4638,278,24411,7,858,276,"Knox County",470313,642.12556318877,0.208270377733598,578.976128663252,109.288920357294,986.151775519707,20.8270377733598
2020-12-19,28779,525,26720,441,2059,84,29371,489,230311,1445,259682,1934,6,242,253,4404,266,24133,13,851,270,"Knox County",470313,677.633831086957,0.211938705496684,411.215509671219,111.627788302684,936.397675590511,21.1938705496684
2020-12-18,28254,480,26279,420,1975,60,28882,430,228866,1358,257748,1788,4,236,98,4151,378,23867,11,838,263,"Knox County",470313,704.637124638273,0.214533895172618,380.172353305139,102.059692162454,882.603712846551,21.4533895172618
2020-12-17,27774,733,25859,634,1915,99,28452,663,227508,1898,255960,2561,11,232,288,4053,434,23489,11,827,257,"Knox County",470313,785.859629650892,0.224351902923331,544.530982558424,155.853654906413,861.766525696717,22.4351902923332
2020-12-16,27041,564,25225,452,1816,112,27789,472,225610,1729,253399,2201,8,221,99,3765,457,23055,11,816,253,"Knox County",470313,805.421070648696,0.224820746498693,467.986213436584,119.920138290883,800.530710399245,22.4820746498693
2020-12-15,26477,765,24773,675,1704,90,27317,716,223881,2415,251198,3131,2,213,324,3666,439,22598,15,805,249,"Knox County",470313,855.387794936564,0.225297176820208,665.726867001337,162.65763438391,779.480898890739,22.5297176820208
2020-12-14,25712,472,24098,411,1614,61,26601,462,221466,1624,248067,2086,6,211,-12,3342,478,22159,7,790,241,"Knox County",470313,861.766525696717,0.225888943010229,443.534412189329,100.358697293079,710.590606681083,22.5888943010229
2020-12-13,25240,628,23687,572,1553,56,26139,757,219842,2935,245981,3692,2,205,399,3354,227,21681,10,783,234,"Knox County",470313,886.0057025853,0.229345138848962,785.009132216205,133.528097245877,713.142098985144,22.9345138848962
2020-12-12,24612,464,23115,392,1497,72,25382,454,216907,2172,242289,2626,3,203,183,2955,278,21454,19,773,228,"Knox County",470313,873.035616706321,0.21863422726016,558.351565872089,98.6577024237051,628.304979875104,21.863422726016
2020-12-11,24148,557,22723,523,1425,34,24928,430,214735,1407,239663,1837,6,200,281,2772,270,21176,10,754,224,"Knox County",470313,889.407692324048,0.218043454284769,390.590946880056,118.43176778018,589.394722238169,21.8043454284769
2020-12-10,23591,473,22200,414,1391,59,24498,540,213328,1910,237826,2450,8,194,325,2491,140,20906,9,744,222,"Knox County",470313,834.125359069386,0.212561726682572,520.929678745856,100.571321651751,529.647277451399,21.2561726682572
2020-12-09,23118,407,21786,337,1332,70,23958,359,211418,924,235376,1283,2,186,77,2166,328,20766,13,735,212,"Knox County",470313,800.743334757917,0.217363344051447,272.797052175891,86.5381139794137,460.544360883071,21.7363344051447
2020-12-08,22711,491,21449,446,1262,45,23599,539,210494,2077,234093,2616,9,184,126,2089,356,20438,9,722,209,"Knox County",470313,742.484260481849,0.213441832429174,556.225322285372,104.398560107843,444.172285265345,21.3441832429174
2020-12-07,22220,323,21003,271,1217,52,23060,317,208417,1135,231477,1452,3,175,-128,1963,448,20082,6,713,207,"Knox County",470313,710.803231039754,0.212835297066934,308.730568791422,68.6776678509843,417.3816160727,21.2835297066934
2020-12-06,21897,332,20732,291,1165,41,22743,187,207282,668,230025,855,6,172,103,2091,223,19634,6,707,204,"Knox County",470313,647.866420872908,0.215412760118912,181.79382666437,70.5912870790304,444.597533982688,21.5412760118911
2020-12-05,21565,289,20441,263,1124,26,22556,213,206614,714,229170,927,2,166,55,1988,232,19411,8,701,200,"Knox County",470313,610.657158105347,0.226357267950963,197.102780488738,61.4484396561439,422.697225039495,22.6357267950963
2020-12-04,21276,354,20178,322,1098,32,22343,297,205900,1091,228243,1388,5,164,17,1933,332,19179,11,693,198,"Knox County",470313,567.494413294976,0.223498313736214,295.122609836428,75.2690229698095,411.002885312547,22.3498313736214
2020-12-03,20922,441,19856,424,1066,17,22046,448,204809,1215,226855,1663,2,159,180,1916,259,18847,10,682,193,"Knox County",470313,560.690433817479,0.231736056559309,353.594308471167,93.7673421742542,407.388271215127,23.1736056559309
2020-12-02,20481,192,19432,170,1049,22,21598,185,203594,575,225192,760,2,157,-146,1736,336,18588,7,672,191,"Knox County",470313,514.976196703047,0.226270572404513,161.594512590551,40.8238768649814,369.115886654207,22.6270572404513
2020-12-01,20289,403,19262,380,1027,23,21413,409,203019,1832,224432,2241,5,155,87,1882,311,18252,7,665,186,"Knox County",470313,496.26525313993,0.221408572043937,476.491187783455,85.6876165447266,400.159043020287,22.1408572043937
2020-11-30,19886,385,18882,371,1004,14,21004,436,201187,1815,222191,2251,1,150,24,1795,360,17941,3,658,183,"Knox County",470313,509.44796337758,0.215666831928607,478.617431370173,81.8603780886346,381.660723815842,21.5666831928607
2020-11-29,19501,226,18511,218,990,8,20568,261,199372,1465,219940,1726,0,149,40,1771,186,17581,5,655,180,"Knox County",470313,486.909781358372,0.205275648046732,366.989643067489,48.0531050598219,376.557739207719,20.5275648046732
2020-11-28,19275,271,18293,257,982,14,20307,299,197907,1967,218214,2266,0,149,73,1731,198,17395,8,650,174,"Knox County",470313,483.08254290228,0.189914599430663,481.806796750249,57.6212012000519,368.052764860848,18.9914599430663
2020-11-27,19004,235,18036,215,968,20,20008,249,195940,1247,215948,1496,3,149,-6,1658,238,17197,12,642,170,"Knox County",470313,457.780244220338,0.184390873175845,318.08604057298,49.9667242878679,352.531186677808,18.4390873175845
2020-11-26,18769,344,17821,341,948,3,19759,441,194693,1429,214452,1870,4,146,48,1664,292,16959,5,630,168,"Knox County",470313,437.155681429176,0.18080888183981,397.607550716225,73.1427793830917,353.806932829839,18.080888183981
2020-11-25,18425,219,17480,193,945,26,19318,123,193264,325,212582,448,0,142,-58,1616,277,16667,3,625,162,"Knox County",470313,442.896539113314,0.180354529191738,95.2557126849566,46.5647345491194,343.600963613593,18.0354529191738
2020-11-24,18206,153,17287,130,919,23,19195,116,192939,673,212134,789,2,142,-111,1674,262,16390,6,622,160,"Knox County",470313,389.740449445369,0.177484787018256,167.760618992033,32.5315268767821,355.933176416557,17.7484787018256
2020-11-23,18053,167,17157,146,896,21,19079,100,192266,392,211345,492,3,140,-98,1785,262,16128,7,616,158,"Knox County",470313,343.388339254922,0.174865192032574,104.611184466515,35.508267898187,379.534480229124,17.4865192032574
2020-11-22,17886,220,17011,212,875,8,18979,258,191874,1808,210853,2066,2,137,86,1883,132,15866,5,609,151,"Knox County",470313,342.112593102891,0.168240161238994,439.281925015894,46.7773589077912,400.371667378958,16.8240161238994
2020-11-21,17666,173,16799,169,867,4,18721,198,190066,1465,208787,1663,0,135,2,1797,171,15734,4,604,149,"Knox County",470313,321.275405953057,0.168291024478694,353.594308471167,36.7840140502176,382.085972533185,16.8291024478694
2020-11-20,17493,178,16630,169,863,9,18523,163,188601,791,207124,954,7,135,-17,1795,188,15563,5,600,147,"Knox County",470313,309.155817508765,0.168920550591645,202.843638172876,37.8471358435765,381.660723815842,16.8920550591645
2020-11-19,17315,166,16461,148,854,18,18360,128,187810,663,206170,791,2,128,-28,1812,192,15375,4,595,143,"Knox County",470313,271.308681665189,0.150770512286547,168.185867709377,35.2956435395152,385.275337913262,15.0770512286547
2020-11-18,17149,168,16313,163,836,5,18232,179,187147,875,205379,1054,0,126,-9,1840,177,15183,7,591,138,"Knox County",470313,260.464839372928,0.146241516199257,224.106074040054,35.7208922568587,391.228819956072,14.6241516199257
2020-11-17,16981,248,16150,240,831,8,18053,260,186272,1033,204325,1293,9,126,86,1849,153,15006,6,584,137,"Knox County",470313,280.664153446747,0.154697461806809,274.923295762609,52.730840950601,393.142439184118,15.4697461806809
2020-11-16,16733,272,15910,261,823,11,17793,286,185239,1409,203032,1695,2,117,79,1763,191,14853,6,578,136,"Knox County",470313,302.989711107284,0.154686843211433,360.398287948664,57.8338255587237,374.856744338345,15.4686843211433
2020-11-15,16461,274,15649,247,812,27,17507,295,183830,2278,201337,2573,2,115,162,1684,110,14662,3,572,134,"Knox County",470313,314.47142647556,0.150553726429213,547.082474862485,58.2590742760672,358.059420003274,15.0553726429213
2020-11-14,16187,306,15402,293,785,13,17212,321,181552,1699,198764,2020,0,113,188,1522,118,14552,7,569,130,"Knox County",470313,342.750466178906,0.157225433526012,429.501204516992,65.0630537535641,323.614273898446,15.7225433526012
2020-11-13,15881,219,15109,200,772,19,16891,190,179853,965,196744,1155,4,113,73,1334,142,14434,6,562,127,"Knox County",470313,351.468064884449,0.156790473490218,245.581134265904,46.5647345491194,283.640894468152,15.6790473490218
2020-11-12,15662,143,14909,130,753,13,16701,136,178888,955,195589,1091,1,109,-3,1261,145,14292,3,556,126,"Knox County",470313,346.577704634998,0.153202830622185,231.97317531091,30.4052832900643,268.119316285112,15.3202830622185
2020-11-11,15519,191,14779,177,740,14,16565,191,177933,1229,194498,1420,3,108,23,1264,165,14147,7,553,124,"Knox County",470313,351.468064884449,0.149284253578732,301.926589313925,40.6112525063096,268.757189361128,14.9284253578732
2020-11-10,15328,168,14602,163,726,5,16374,186,176704,1131,193078,1317,2,105,24,1241,142,13982,4,546,123,"Knox County",470313,334.458116190707,0.142400851743412,280.026280370732,35.7208922568587,263.866829111677,14.2400851743412
2020-11-09,15160,135,14439,121,721,14,16188,131,175573,490,191761,621,1,103,-16,1217,150,13840,2,542,121,"Knox County",470313,305.328579052673,0.142198685888006,132.039726735174,28.7042884206901,258.763844503554,14.2198685888006
2020-11-08,15025,215,14318,203,707,12,16057,252,175083,2625,191140,2877,1,102,94,1233,120,13690,3,540,119,"Knox County",470313,292.783741891039,0.133987239310542,611.720279898706,45.7142371144323,262.165834242302,13.3987239310542
2020-11-07,14810,169,14115,161,695,8,15805,187,172458,1918,188263,2105,1,101,59,1139,109,13570,5,537,114,"Knox County",470313,263.654204753005,0.120253164556962,447.574275004093,35.9335166155305,242.179144527155,12.0253164556962
2020-11-06,14641,155,13954,138,687,17,15618,160,170540,1236,186158,1396,0,100,24,1080,131,13461,5,532,114,"Knox County",470313,250.046245798011,0.114805578645978,296.823604705802,32.9567755941256,229.63430736552,11.4805578645978
2020-11-05,14486,158,13816,142,670,16,15458,151,169304,613,184762,764,1,100,33,1056,124,13330,6,527,111,"Knox County",470313,253.235611178088,0.119809523809524,162.445010025239,33.5946486701409,224.531322757398,11.9809523809524
2020-11-04,14328,145,13674,132,654,13,15307,148,168691,934,183998,1082,-1,99,20,1023,126,13206,5,521,110,"Knox County",470313,243.454890679186,0.119563078134226,230.059556082864,30.8305320074078,217.514718921229,11.9563078134226
2020-11-03,14183,196,13542,183,641,13,15159,195,167757,836,182916,1031,3,100,44,1003,149,13080,5,516,108,"Knox County",470313,249.408372721996,0.123936816524909,219.215713790603,41.6743742996685,213.262231747793,12.3936816524909
2020-11-02,13987,116,13359,110,628,6,14964,115,166921,807,181885,922,1,97,-36,959,151,12931,2,511,107,"Knox County",470313,245.368509907232,0.118699027218237,196.039658695379,24.6644256059263,203.906759966235,11.8699027218237
2020-11-01,13871,124,13249,116,622,8,14849,131,166114,1273,180963,1404,0,96,14,995,110,12780,3,509,105,"Knox County",470313,226.0196932681,0.124885110294118,298.524599575177,26.3654204753005,211.561236878419,12.4885110294118
2020-10-31,13747,5,13133,5,614,0,14718,7,164841,4,179559,11,0,96,-99,981,104,12670,0,506,103,"Knox County",470313,191.149298445929,0.137216338880484,2.33886794538956,1.06312179335889,208.584495857014,13.7216338880484
2020-10-30,13742,156,13128,146,614,10,14711,148,164837,853,179548,1001,1,96,27,1080,128,12566,4,506,102,"Knox County",470313,191.3619228046,0.144006436041834,212.83698303045,33.1693999527974,229.63430736552,14.4006436041834
2020-10-29,13586,152,12982,138,604,14,14563,136,163984,1569,178547,1705,0,95,49,1053,103,12438,4,502,102,"Knox County",470313,190.08617665257,0.122973728339855,362.524531535382,32.3189025181103,223.893449681382,12.2973728339855
2020-10-28,13434,103,12844,96,590,7,14427,102,162415,1055,176842,1157,3,95,-47,1004,147,12335,8,498,101,"Knox County",470313,181.155953588355,0.115336744571982,246.006382983247,21.9003089431931,213.474856106465,11.5336744571982
2020-10-27,13331,119,12748,113,583,6,14325,127,161360,799,175685,926,1,92,-6,1051,124,12188,3,490,100,"Knox County",470313,164.783877970628,0.107493685096829,196.890156130067,25.3022986819416,223.468200964039,10.7493685096829
2020-10-26,13212,81,12635,74,577,7,14198,73,160561,372,174759,445,2,91,-72,1057,151,12064,1,487,98,"Knox County",470313,157.342025417116,0.108888554669875,94.6178396089413,17.222573052414,224.74394711607,10.8888554669875
2020-10-25,13131,132,12561,121,570,11,14125,151,160189,1365,174314,1516,0,89,53,1129,79,11913,3,486,98,"Knox County",470313,159.04302028649,0.110042893063156,322.338527746416,28.0664153446747,240.052900940438,11.0042893063156
2020-10-24,12999,172,12440,167,559,5,13974,202,158824,1789,172798,1991,0,89,56,1076,116,11834,5,483,97,"Knox County",470313,194.551288184677,0.107424779773481,423.33509811551,36.5713896915458,228.783809930833,10.7424779773481
2020-10-23,12827,159,12273,148,554,11,13772,172,157035,1239,170807,1411,1,89,39,1020,119,11718,5,478,96,"Knox County",470313,195.189161260692,0.105234400611955,300.012970085879,33.8072730288127,216.876845845214,10.5234400611955
2020-10-22,12668,182,12125,168,543,14,13600,169,155796,1607,169396,1776,1,88,59,981,122,11599,5,473,96,"Knox County",470313,201.567892020846,0.108002602472349,377.620861001078,38.6976332782636,208.584495857014,10.8002602472349
2020-10-21,12486,72,11957,68,529,4,13431,74,154189,682,167620,756,0,87,-32,922,104,11477,1,468,96,"Knox County",470313,194.976536902021,0.109738124929146,160.744015155864,15.308953824368,196.039658695379,10.9738124929146
2020-10-20,12414,127,11889,121,525,6,13357,150,153507,739,166864,889,0,87,13,954,114,11373,7,467,95,"Knox County",470313,196.677531771395,0.112818761384335,189.023054859211,27.0032935513158,202.843638172876,11.2818761384335
2020-10-19,12287,112,11768,107,519,5,13207,117,152768,939,165975,1056,1,87,-9,941,120,11259,6,460,94,"Knox County",470313,203.26888689022,0.110164981373071,224.531322757398,23.8139281712392,200.079521510143,11.0164981373071
2020-10-18,12175,140,11661,135,514,5,13090,168,151829,1431,164919,1599,0,86,51,950,89,11139,7,454,94,"Knox County",470313,204.969881759594,0.11099388056552,339.986349516173,29.7674102140489,201.993140738189,11.099388056552
2020-10-17,12035,128,11526,125,509,3,12922,154,150398,1458,163320,1612,1,86,42,899,85,11050,3,447,93,"Knox County",470313,195.614409978036,0.110341795801736,342.750466178906,27.2159179099876,191.149298445929,11.0341795801736
2020-10-16,11907,72,11401,71,506,1,12768,61,148940,390,161708,451,1,85,-26,857,97,10965,3,444,92,"Knox County",470313,177.116090773591,0.109718638653397,95.893585760972,15.308953824368,182.219075381714,10.9718638653397
2020-10-15,11835,74,11330,62,505,12,12707,66,148550,941,161257,1007,1,84,-56,883,129,10868,3,441,90,"Knox County",470313,154.152660037039,0.10719131614654,214.112729182481,15.7342025417116,187.74730870718,10.719131614654
2020-10-14,11761,149,11268,143,493,6,12641,150,147609,1086,160250,1236,0,83,58,939,91,10739,5,438,88,"Knox County",470313,170.524735654766,0.11031847133758,262.803707318318,31.6810294420949,199.6542727928,11.031847133758
2020-10-13,11612,71,11125,68,487,3,12491,63,146523,581,159014,644,1,83,-36,881,106,10648,6,433,88,"Knox County",470313,158.617771569146,0.102432610124918,136.930086984625,15.0963294656962,187.322059989837,10.2432610124918
2020-10-12,11541,79,11057,66,484,13,12428,87,145942,806,158370,893,0,82,-42,917,121,10542,5,427,87,"Knox County",470313,151.601167732978,0.100644987906477,189.873552293898,16.7973243350705,194.976536902021,10.0644987906477
2020-10-11,11462,170,10991,163,471,7,12341,179,145136,1612,157477,1791,0,82,94,959,76,10421,8,422,85,"Knox County",470313,157.979898493131,0.0995546240503013,380.810226381155,36.1461409742023,203.906759966235,9.95546240503013
2020-10-10,11292,130,10828,122,464,8,12162,132,143524,1393,155686,1525,0,82,46,865,84,10345,3,414,85,"Knox County",470313,158.405147210475,0.0977872002120048,324.252146974462,27.6411666273312,183.920070251088,9.77872002120048
2020-10-09,11162,120,10706,118,456,2,12030,134,142131,1336,154161,1470,0,82,34,819,86,10261,3,411,85,"Knox County",470313,168.61111642672,0.0946766285314032,312.557807247514,25.5149230406134,174.139349752186,9.46766285314032
2020-10-08,11042,110,10588,102,454,8,11896,103,140795,943,152691,1046,1,82,32,785,77,10175,4,408,85,"Knox County",470313,176.265593338904,0.0985473561882626,222.40507917068,23.3886794538956,166.910121557346,9.85473561882626
2020-10-07,10932,104,10486,88,446,16,11793,95,139852,1650,151645,1745,0,81,11,753,93,10098,5,404,85,"Knox County",470313,166.697497198674,0.087008997147246,371.029505882253,22.1129333018649,160.106142079849,8.7008997147246
2020-10-06,10828,115,10398,102,430,13,11698,114,138202,1393,149900,1507,0,81,3,742,112,10005,4,399,84,"Knox County",470313,176.052968980232,0.0845945675052621,320.42490851837,24.4518012472545,157.767274134459,8.45945675052621
2020-10-05,10713,118,10296,109,417,9,11584,123,136809,1238,148393,1361,0,81,11,739,107,9893,5,395,84,"Knox County",470313,184.345318968432,0.0842508377213978,289.38175215229,25.0896743232698,157.129401058444,8.42508377213978
2020-10-04,10595,96,10187,89,408,7,11461,99,135571,1827,147032,1926,1,81,31,728,64,9786,2,390,82,"Knox County",470313,168.61111642672,0.0756143667296786,409.514514801845,20.4119384324907,154.790533113054,7.56143667296786
2020-10-03,10499,77,10098,76,401,1,11362,92,133744,1864,145106,1956,0,80,6,697,71,9722,2,388,82,"Knox County",470313,157.342025417116,0.0690218872037054,415.893245561998,16.3720756177269,148.199177994229,6.90218872037054
2020-10-02,10422,82,10022,79,400,3,11270,82,131880,602,143150,684,0,80,-17,691,99,9651,1,386,82,"Knox County",470313,149.262299787588,0.0692420537897311,145.435061331496,17.4351974110858,146.923431842199,6.92420537897311
2020-10-01,10340,71,9943,68,397,3,11188,73,131278,683,142466,756,0,80,2,708,69,9552,1,385,82,"Knox County",470313,140.969949799389,0.0682435832913941,160.744015155864,15.0963294656962,150.538045939619,6.82435832913941
2020-09-30,10269,75,9875,72,394,3,11115,70,130595,675,141710,745,1,80,-32,706,106,9483,2,384,82,"Knox County",470313,134.803843397907,0.0730833799664242,158.405147210475,15.9468269003834,150.112797222275,7.30833799664242
2020-09-29,10194,80,9803,75,391,5,11045,87,129920,1140,140965,1227,-1,79,-16,738,97,9377,2,382,82,"Knox County",470313,127.361990844395,0.0723281340265742,260.890088090272,17.0099486937423,156.916776699772,7.23281340265742
2020-09-28,10114,57,9728,51,386,6,10958,49,128780,431,139738,480,1,80,-70,754,126,9280,3,380,81,"Knox County",470313,114.391904965417,0.0710059171597633,102.059692162454,12.1195884442914,160.318766438521,7.10059171597633
2020-09-27,10057,72,9677,67,380,5,10909,79,128349,978,139258,1057,0,79,-18,824,90,9154,3,377,79,"Knox County",470313,109.288920357294,0.0770456191165822,224.74394711607,15.308953824368,175.202471545545,7.70456191165822
2020-09-26,9985,126,9610,121,375,5,10830,136,127371,2087,138201,2223,4,79,8,842,114,9064,5,374,79,"Knox County",470313,119.707513932211,0.0803123257110987,472.663949327363,26.790669192644,179.029710001637,8.03123257110987
2020-09-25,9859,102,9489,100,370,2,10694,103,125284,1439,135978,1542,0,75,-3,834,105,8950,1,369,79,"Knox County",470313,123.960001105647,0.074346201743462,327.866761071882,21.6876845845214,177.328715132263,7.4346201743462
2020-09-24,9757,92,9389,89,368,3,10591,105,123845,1717,134436,1822,0,75,-52,837,144,8845,3,368,76,"Knox County",470313,128.425112637754,0.0691512752858399,387.40158149998,19.5614409978036,177.966588208278,6.91512752858399
2020-09-23,9665,53,9300,52,365,1,10486,49,122128,432,132614,481,2,75,-123,889,174,8701,2,365,76,"Knox County",470313,123.747376746975,0.0688405797101449,102.272316521125,11.2690910096042,189.023054859211,6.88405797101449
2020-09-22,9612,82,9248,75,364,7,10437,88,121696,1140,132133,1228,1,73,-53,1012,134,8527,3,363,76,"Knox County",470313,124.172625464318,0.0689459979621873,261.102712448944,17.4351974110858,215.175850975839,6.89459979621873
2020-09-21,9530,34,9173,30,357,4,10349,32,120556,379,130905,411,0,72,-103,1065,137,8393,2,360,76,"Knox County",470313,119.282265214868,0.0675490643541762,87.3886114141008,7.22922819484046,226.444941985444,6.75490643541762
2020-09-20,9496,97,9143,78,353,19,10317,88,120177,707,130494,795,0,72,-17,1168,114,8256,1,358,76,"Knox County",470313,124.597874181662,0.0706892495883322,169.036365144064,20.6245627911625,248.345250928637,7.06892495883322
2020-09-19,9399,132,9065,129,334,3,10229,136,119470,1466,129699,1602,1,72,31,1185,100,8142,5,357,74,"Knox County",470313,125.873620333693,0.0762593579494988,340.624222592189,28.0664153446747,251.959865026057,7.62593579494988
2020-09-18,9267,118,8936,114,331,4,10093,129,118004,1606,128097,1735,3,71,-16,1154,131,8042,3,352,74,"Knox County",470313,129.275610072441,0.0776566757493188,368.903262295535,25.0896743232698,245.368509907232,7.76566757493188
2020-09-17,9149,126,8822,119,327,7,9964,124,116398,1516,126362,1640,0,68,-15,1170,141,7911,6,349,74,"Knox County",470313,136.504838267282,0.0818550430816016,348.703948221716,26.790669192644,248.77049964598,8.18550430816016
2020-09-16,9023,99,8703,77,320,22,9840,117,114882,768,124722,885,1,68,-90,1185,188,7770,3,343,72,"Knox County",470313,146.285558766183,0.0860655737704918,188.172557424524,21.049811508506,251.959865026057,8.60655737704918
2020-09-15,8924,132,8626,126,298,6,9723,136,114114,1338,123837,1474,0,67,-65,1275,197,7582,3,340,71,"Knox County",470313,156.916776699772,0.089206274877078,313.408304682201,28.0664153446747,271.096057306517,8.9206274877078
2020-09-14,8792,127,8500,124,292,3,9587,136,112776,902,122363,1038,0,67,-68,1340,195,7385,5,337,71,"Knox County",470313,176.690842056248,0.0944486857890719,220.704084301306,27.0032935513158,284.916640620183,9.44486857890719
2020-09-13,8665,143,8376,136,289,7,9451,148,111874,1008,121325,1156,0,67,-8,1408,151,7190,0,332,71,"Knox County",470313,186.471562555149,0.0971668415529906,245.793758624576,30.4052832900643,299.375097009864,9.71668415529906
2020-09-12,8522,130,8240,123,282,7,9303,141,110866,1177,120169,1318,1,67,29,1416,100,7039,1,332,71,"Knox County",470313,186.046313837806,0.100692191217824,280.238904729404,27.6411666273312,301.076091879238,10.0692191217824
2020-09-11,8392,104,8117,95,275,9,9162,106,109689,773,118851,879,0,66,-17,1387,121,6939,5,331,69,"Knox County",470313,183.069572816401,0.108224076281287,186.896811272493,22.1129333018649,294.909985477756,10.8224076281287
2020-09-10,8288,192,8022,189,266,3,9056,192,108916,1501,117972,1693,0,66,89,1404,103,6818,5,326,67,"Knox County",470313,197.102780488738,0.115598720833827,359.97303923132,40.8238768649814,298.524599575177,11.5598720833827
2020-09-09,8096,91,7833,82,263,9,8864,93,107415,1710,116279,1803,0,66,-23,1315,114,6715,2,321,67,"Knox County",470313,195.401785619364,0.101698536481145,383.361718685216,19.3488166391318,279.601031653388,10.1698536481145
2020-09-08,8005,126,7751,124,254,2,8771,133,105705,702,114476,835,1,66,30,1338,95,6601,8,319,67,"Knox County",470313,194.126039467333,0.108805319880761,177.541339490935,26.790669192644,284.491391902839,10.8805319880761
2020-09-07,7879,95,7627,92,252,3,8638,98,105003,347,113641,445,1,65,11,1308,83,6506,0,311,67,"Knox County",470313,187.322059989837,0.112067905031369,94.6178396089413,20.1993140738189,278.112661142686,11.2067905031369
2020-09-06,7784,96,7535,92,249,4,8540,94,104656,476,113196,570,0,64,23,1297,73,6423,1,311,67,"Knox County",470313,177.328715132263,0.113615272438022,121.195884442914,20.4119384324907,275.773793197296,11.3615272438022
2020-09-05,7688,284,7443,282,245,2,8446,295,104180,1506,112626,1801,0,64,215,1274,69,6350,4,310,64,"Knox County",470313,210.072866367717,0.125965611761774,382.936469967872,60.385317862785,270.883432947845,12.5965611761774
2020-09-04,7404,93,7161,89,243,4,8151,97,102674,565,110825,662,1,64,16,1059,76,6281,0,306,64,"Knox County",470313,207.733998422327,0.12831348444103,140.757325440717,19.7740653564754,225.169195833413,12.831348444103
2020-09-03,7311,190,7072,184,239,6,8054,198,102109,1798,110163,1996,2,63,107,1043,81,6205,6,306,64,"Knox County",470313,207.308749704984,0.124260355029586,424.398219908869,40.3986281476379,221.767206094665,12.4260355029586
2020-09-02,7121,124,6888,120,233,4,7856,121,100311,1461,108167,1582,2,61,40,936,82,6124,5,300,63,"Knox County",470313,214.325353541152,0.131288810036751,336.371735418753,26.3654204753005,199.016399716784,13.1288810036751
2020-09-01,6997,153,6768,146,229,7,7735,158,98850,660,106585,818,2,59,64,896,87,6042,4,295,62,"Knox County",470313,220.06621122529,0.134747269494539,173.926725393515,32.5315268767821,190.511425369913,13.4747269494539
2020-08-31,6844,99,6622,93,222,6,7577,94,98190,431,105767,525,0,57,18,832,81,5955,3,291,59,"Knox County",470313,220.916708659978,0.132889112396279,111.627788302684,21.049811508506,176.903466414919,13.2889112396279
2020-08-30,6745,72,6529,71,216,1,7483,76,97759,423,105242,499,1,57,5,814,66,5874,1,288,59,"Knox County",470313,215.813724051855,0.131802613218318,106.099554977217,15.308953824368,173.076227958827,13.1802613218318
2020-08-29,6673,118,6458,113,215,5,7407,125,97336,1391,104743,1516,5,56,37,809,76,5808,3,287,57,"Knox County",470313,180.51808051234,0.114372203211371,322.338527746416,25.0896743232698,172.013106165469,11.4372203211371
2020-08-28,6555,89,6345,85,210,4,7282,91,95945,309,103227,400,0,51,-7,772,96,5732,3,284,57,"Knox County",470313,179.667583077653,0.117639040348964,85.0497434687113,18.9235679217883,164.146004894613,11.7639040348964
2020-08-27,6466,116,6260,112,206,4,7191,134,95636,1987,102827,2121,0,51,24,779,92,5636,2,281,57,"Knox County",470313,163.933380535941,0.107090202385739,450.976264742841,24.6644256059263,165.634375405315,10.7090202385739
2020-08-26,6350,77,6148,76,202,1,7057,86,93649,794,100706,880,0,51,-15,755,92,5544,3,279,56,"Knox County",470313,153.940035678367,0.113034472555112,187.109435631165,16.3720756177269,160.531390797193,11.3034472555112
2020-08-25,6273,87,6072,82,201,5,6971,96,92855,896,99826,992,2,51,-6,770,91,5452,3,276,55,"Knox County",470313,139.90682800603,0.101254868022501,210.923363802404,18.4983192044447,163.720756177269,10.1254868022501
2020-08-24,6186,32,5990,28,196,4,6875,29,91959,261,98834,290,0,49,-66,776,98,5361,1,273,55,"Knox County",470313,125.660995975021,0.0951030158256196,61.6610640148157,6.8039794774969,164.9965023293,9.51030158256196
2020-08-23,6154,76,5962,75,192,1,6846,74,91698,566,98544,640,0,49,13,842,63,5263,3,272,55,"Knox County",470313,126.511493409708,0.0928498318467612,136.079589549938,16.1594512590551,179.029710001637,9.28498318467612
2020-08-22,6078,137,5887,136,191,1,6772,154,91132,1892,97904,2046,0,49,70,829,67,5200,4,269,55,"Knox County",470313,130.551356224472,0.0901072058623965,435.029437842458,29.1295371380336,176.265593338904,9.01072058623965
2020-08-21,5941,30,5751,30,190,0,6618,41,89240,262,95858,303,1,49,-62,759,91,5133,1,265,55,"Knox County",470313,118.006519062837,0.0844334433443344,64.4251806775488,6.37873076015334,161.38188823188,8.44334433443344
2020-08-20,5911,119,5721,117,190,2,6577,130,88978,2068,95555,2198,3,48,24,821,92,5042,3,264,55,"Knox County",470313,118.644392138852,0.0830044904068581,467.348340360568,25.3022986819416,174.56459846953,8.30044904068581
2020-08-19,5792,46,5604,41,188,5,6447,48,86910,608,93357,656,2,45,-50,797,94,4950,4,261,55,"Knox County",470313,112.053037020027,0.080280701754386,139.481579288686,9.7807204989018,169.461613861407,8.0280701754386
2020-08-18,5746,134,5563,132,183,2,6399,152,86302,1164,92701,1316,0,43,3,847,131,4856,4,257,55,"Knox County",470313,122.046381877601,0.0843066183380319,279.81365601206,28.4916640620183,180.092831794996,8.43066183380319
2020-08-17,5612,50,5431,42,181,8,6247,50,85138,289,91385,339,1,43,-70,844,119,4725,0,253,54,"Knox County",470313,125.873620333693,0.0865564150440117,72.0796575897328,10.6312179335889,179.454958718981,8.65564150440117
2020-08-16,5562,83,5389,78,173,5,6197,82,84849,587,91046,669,0,42,11,914,72,4606,1,253,53,"Knox County",470313,127.361990844395,0.0872857712235951,142.24569595142,17.6478217697576,194.338663826005,8.72857712235951
2020-08-15,5479,119,5311,116,168,3,6115,132,84262,1223,90377,1355,1,42,42,903,76,4534,2,252,52,"Knox County",470313,123.534752388303,0.0928905792861322,288.106006000259,25.3022986819416,191.999795880616,9.28905792861323
2020-08-14,5360,91,5195,83,165,8,5983,96,83039,1024,89022,1120,0,41,5,861,86,4458,2,250,52,"Knox County",470313,136.504838267282,0.0901607212857703,238.139281712392,19.3488166391318,183.069572816401,9.01607212857703
2020-08-13,5269,127,5112,126,157,1,5887,229,82015,1778,87902,2007,1,41,13,856,113,4372,4,248,51,"Knox County",470313,138.205833136656,0.105735727686947,426.737087854259,27.0032935513158,182.006451023042,10.5735727686947
2020-08-12,5142,79,4986,72,156,7,5658,88,80237,892,85895,980,0,40,-40,843,119,4259,1,244,50,"Knox County",470313,145.222436972824,0.106473156948369,208.371871498343,16.7973243350705,179.242334360309,10.6473156948369
2020-08-11,5063,111,4914,108,149,3,5570,117,79345,1121,84915,1238,0,40,2,883,109,4140,5,243,50,"Knox County",470313,140.332076723374,0.103009859885833,263.228956035661,23.6013038125674,187.74730870718,10.3009859885833
2020-08-10,4952,37,4806,35,146,2,5453,35,78224,365,83677,400,1,40,-94,881,130,4031,0,238,48,"Knox County",470313,137.56796006064,0.100270305058566,85.0497434687113,7.86710127085579,187.322059989837,10.0270305058566
2020-08-09,4915,85,4771,81,144,4,5418,109,77859,826,83277,935,1,39,25,975,59,3901,4,238,48,"Knox County",470313,137.993208777984,0.10031113876789,198.803775358113,18.0730704871011,207.308749704984,10.031113876789
2020-08-08,4830,157,4690,156,140,1,5309,176,77033,2284,82342,2460,1,38,96,950,60,3842,4,234,47,"Knox County",470313,146.072934407512,0.0929978118161926,523.055922332574,33.3820243114692,201.993140738189,9.29978118161926
2020-08-07,4673,50,4534,46,139,4,5133,44,74749,403,79882,447,0,37,-35,854,85,3782,0,230,45,"Knox County",470313,137.355335701969,0.0942482579426007,95.0430883262848,10.6312179335889,181.581202305699,9.42482579426007
2020-08-06,4623,113,4488,105,135,8,5089,121,74346,1463,79435,1584,-1,37,41,889,73,3697,5,230,43,"Knox County",470313,134.378594680564,0.0857782197911487,336.796984136097,24.0265525299109,189.023054859211,8.57782197911487
2020-08-05,4510,99,4383,99,127,0,4968,100,72883,1107,77851,1207,1,38,-1,848,99,3624,3,225,42,"Knox County",470313,138.631081853999,0.0848748639825898,256.637600916836,21.049811508506,180.305456153668,8.48748639825898
2020-08-04,4411,112,4284,111,127,1,4868,106,71776,1082,76644,1188,1,37,-31,849,142,3525,9,222,41,"Knox County",470313,138.843706212671,0.0840530349105948,252.597738102072,23.8139281712392,180.51808051234,8.40530349105948
2020-08-03,4299,50,4173,50,126,0,4762,81,70694,593,75456,674,2,36,-59,880,107,3383,1,213,41,"Knox County",470313,141.607822875404,0.0867569158328429,143.308817744778,10.6312179335889,187.109435631165,8.67569158328429
2020-08-02,4249,97,4123,91,126,6,4681,95,70101,692,74782,787,3,34,28,939,66,3276,2,212,40,"Knox County",470313,144.159315179466,0.0866179465676291,167.335370274689,20.6245627911625,199.6542727928,8.66179465676291
2020-08-01,4152,118,4032,110,120,8,4586,118,69409,1417,73995,1535,1,31,29,911,88,3210,1,210,40,"Knox County",470313,135.866965191266,0.0895984909727836,326.37839056118,25.0896743232698,193.70079074999,8.95984909727836
2020-07-31,4034,117,3922,114,112,3,4468,116,67992,1060,72460,1176,2,30,9,882,106,3122,1,209,39,"Knox County",470313,150.112797222275,0.0904183535762483,250.046245798011,24.877049964598,187.534684348508,9.04183535762483
2020-07-30,3917,189,3808,186,109,3,4352,227,66932,2420,71284,2647,1,28,78,873,110,3016,7,208,36,"Knox County",470313,166.272248481331,0.0914912090297374,562.816677404197,40.1860037889661,185.621065120462,9.14912090297373
2020-07-29,3728,75,3622,70,106,5,4125,60,64512,438,68637,498,0,27,-40,795,115,2906,3,201,34,"Knox County",470313,161.169263873208,0.0944150499706055,105.886930618546,15.9468269003834,169.036365144064,9.44150499706055
2020-07-28,3653,154,3552,152,101,2,4065,187,64074,1211,68139,1398,1,27,46,835,107,2791,3,198,30,"Knox County",470313,170.099486937423,0.101434308663224,297.248853423146,32.7441512354538,177.541339490935,10.1434308663224
2020-07-27,3499,83,3400,76,99,7,3878,85,62863,677,66741,762,3,26,-36,789,116,2684,2,195,30,"Knox County",470313,177.116090773591,0.100874701806202,162.019761307895,17.6478217697576,167.760618992033,10.0874701806202
2020-07-26,3416,118,3324,113,92,5,3793,132,62186,1473,65979,1605,0,23,49,825,69,2568,2,193,29,"Knox County",470313,181.581202305699,0.0961438519904376,341.262095668204,25.0896743232698,175.415095904217,9.61438519904376
2020-07-25,3298,175,3211,171,87,4,3661,197,60713,1949,64374,2146,2,23,95,776,78,2499,3,191,28,"Knox County",470313,193.70079074999,0.098123534010946,456.291873709636,37.2092627675612,164.9965023293,9.8123534010946
2020-07-24,3123,106,3040,99,83,7,3464,113,58764,916,62228,1029,0,21,-15,681,121,2421,4,188,25,"Knox County",470313,191.3619228046,0.0992563212692117,218.79046507326,22.5381820192085,144.797188255481,9.92563212692117
2020-07-23,3017,205,2941,197,76,8,3351,254,57848,2389,61199,2643,0,21,89,696,116,2300,4,184,25,"Knox County",470313,194.763912543349,0.10197401051483,561.96617996951,43.5879935277145,147.986553635558,10.197401051483
2020-07-22,2812,69,2744,61,68,8,3097,63,55459,437,58556,500,3,21,-68,607,134,2184,3,180,24,"Knox County",470313,193.488166391318,0.102251314093028,106.312179335889,14.6710807483527,129.062985713769,10.2251314093028
2020-07-21,2743,232,2683,228,60,4,3034,280,55022,1691,58056,1971,0,18,120,675,112,2050,12,177,24,"Knox County",470313,210.072866367717,0.10548048048048,419.082610942075,49.3288512118525,143.52144210345,10.548048048048
2020-07-20,2511,74,2455,70,56,4,2754,57,53331,364,56085,421,0,18,-59,555,133,1938,4,165,23,"Knox County",470313,208.159247139671,0.106253029568589,89.5148550008186,15.7342025417116,118.006519062837,10.6253029568589
2020-07-19,2437,84,2385,74,52,10,2697,74,52967,577,55664,651,0,18,-16,614,100,1805,0,161,22,"Knox County",470313,200.93001894483,0.110885589146459,138.418457495328,17.8604461284294,130.551356224472,11.0885589146459
2020-07-18,2353,112,2311,109,42,3,2623,146,52390,2258,55013,2404,1,18,36,630,75,1705,8,161,20,"Knox County",470313,187.534684348508,0.102609418858509,511.148958246955,23.8139281712392,133.95334596322,10.2609418858509
2020-07-17,2241,74,2202,73,39,1,2477,80,50132,347,52609,427,0,17,3,594,71,1630,6,153,19,"Knox County",470313,180.730704871011,0.105800155262282,90.7906011528493,15.7342025417116,126.298869051036,10.5800155262282
2020-07-16,2167,187,2129,185,38,2,2397,228,49785,2035,52182,2263,2,17,97,591,88,1559,3,147,17,"Knox County",470313,176.903466414919,0.107444714599977,481.168923674234,39.7607550716225,125.660995975021,10.7444714599977
2020-07-15,1980,78,1944,78,36,0,2169,80,47750,511,49919,591,3,15,-14,494,89,1471,4,144,17,"Knox County",470313,178.817085642965,0.10827222731439,125.660995975021,16.5846999763987,105.036433183858,10.827222731439
2020-07-14,1902,95,1866,95,36,0,2089,127,47239,777,49328,904,2,12,12,508,81,1382,1,140,16,"Knox County",470313,149.687548504932,0.103380759691946,192.212420239287,20.1993140738189,108.013174205263,10.3380759691946
2020-07-13,1807,94,1771,92,36,2,1962,59,46462,655,48424,714,1,10,20,496,73,1301,2,139,15,"Knox County",470313,153.940035678367,0.099823987930601,151.81379209165,19.9866897151471,105.461681901202,9.9823987930601
2020-07-12,1713,69,1679,67,34,2,1903,87,45807,916,47710,1003,0,9,27,476,42,1228,4,137,12,"Knox County",470313,150.750670298291,0.097158680471948,213.262231747793,14.6710807483527,101.209194727766,9.7158680471948
2020-07-11,1644,28,1612,27,32,1,1816,36,44891,883,46707,919,0,9,-16,449,44,1186,2,133,11,"Knox County",470313,132.890224169861,0.10218443043542,195.401785619364,5.95348204280979,95.4683370436284,10.218443043542
2020-07-10,1616,78,1585,74,31,4,1780,68,44008,418,45788,486,0,9,29,465,49,1142,6,131,10,"Knox County",470313,133.740721604548,0.0995639534883721,103.335438314484,16.5846999763987,98.8703267823768,9.95639534883721
2020-07-09,1538,70,1511,66,27,4,1712,88,43590,1652,45302,1740,0,9,23,436,47,1093,8,125,10,"Knox County",470313,108.86367163995,0.0857322636463741,369.966384088894,14.8837051070245,92.7042203808953,8.57322636463741
2020-07-08,1468,70,1445,65,23,5,1624,63,41938,594,43562,657,1,9,15,413,54,1046,5,117,10,"Knox County",470313,107.162676770576,0.0822045773003269,139.694203647358,14.8837051070245,87.8138601314444,8.2204577300327
2020-07-07,1398,79,1380,79,18,0,1561,104,41344,1305,42905,1409,0,8,38,398,41,992,7,112,10,"Knox County",470313,103.760687031828,0.0728926096997691,299.587721368535,16.7973243350705,84.6244947513677,7.28926096997691
2020-07-06,1319,35,1301,35,18,0,1457,34,40039,658,41496,692,1,8,-19,360,53,951,6,105,9,"Knox County",470313,91.2158498701928,0.0695047784535187,147.13605620087,7.44185255351224,76.5447691218401,6.95047784535187
2020-07-05,1284,77,1266,77,18,0,1423,109,39381,1081,40804,1190,2,7,34,379,41,898,6,99,9,"Knox County",470313,92.9168447395671,0.0707740025377132,253.022986819416,16.3720756177269,80.5846319366039,7.07740025377132
2020-07-04,1207,41,1189,40,18,1,1314,50,38300,1141,39614,1191,0,5,4,345,37,857,1,93,8,"Knox County",470313,95.6809614023002,0.070061099796334,253.235611178088,8.7175987055429,73.3554037417635,7.0061099796334
2020-07-03,1166,62,1149,61,17,1,1264,49,37159,910,38423,959,0,5,27,341,35,820,4,92,6,"Knox County",470313,92.2789716635517,0.0634090329165603,203.906759966235,13.1827102376502,72.5049063070764,6.34090329165603
2020-07-02,1104,68,1088,68,16,0,1215,102,36249,1228,37464,1330,0,5,33,314,35,785,2,88,6,"Knox County",470313,91.8537229462082,0.0687937533656435,282.790397033465,14.4584563896809,66.7640486229383,6.87937533656435
2020-07-01,1036,49,1020,49,16,0,1113,34,35021,737,36134,771,0,5,25,281,24,750,4,86,6,"Knox County",470313,87.3886114141008,0.0639087775125961,163.933380535941,10.4185935749171,59.7474447867697,6.39087775125961
2020-06-30,987,40,971,39,16,1,1079,73,34284,1514,35363,1587,0,5,18,256,22,726,3,82,5,"Knox County",470313,79.0962614259015,0.058419689119171,337.434857212112,8.50497434687113,54.4318358199752,5.8419689119171
2020-06-29,947,51,932,51,15,0,1006,79,32770,1333,33776,1412,0,5,20,238,31,704,3,79,5,"Knox County",470313,82.4982511646499,0.0587677725118483,300.225594444551,10.8438422922607,50.6045973638832,5.87677725118483
2020-06-28,896,10,881,10,15,0,927,30,31437,684,32364,714,0,5,-5,218,15,673,1,76,5,"Knox County",470313,68.2524191336408,0.0523606228026118,151.81379209165,2.12624358671778,46.3521101904476,5.23606228026117
2020-06-27,886,29,871,29,15,0,897,16,30753,111,31650,127,0,5,18,223,11,658,3,75,5,"Knox County",470313,65.7009268295794,0.0555072463768116,27.0032935513158,6.16610640148157,47.4152319838065,5.55072463768116
2020-06-26,857,37,842,37,15,0,881,14,30642,319,31523,333,0,5,17,205,20,647,8,72,5,"Knox County",470313,60.385317862785,0.0554670066942939,70.8039114377021,7.86710127085579,43.5879935277145,5.54670066942939
2020-06-25,820,32,805,32,15,0,867,52,30323,702,31190,754,0,5,13,188,19,627,1,64,5,"Knox County",470313,52.730840950601,0.0522990522990523,160.318766438521,6.8039794774969,39.9733794302943,5.22990522990523
2020-06-24,788,35,773,34,15,1,815,32,29621,272,30436,304,0,5,22,175,13,608,1,63,5,"Knox County",470313,49.7540999291961,0.0565857388644619,64.6378050362206,7.44185255351224,37.2092627675612,5.65857388644619
2020-06-23,753,27,739,24,14,3,783,25,29349,216,30132,241,0,5,18,153,9,595,4,62,5,"Knox County",470313,46.989983266463,0.0638352638352638,51.2424704398985,5.74085768413801,32.5315268767821,6.38352638352638
2020-06-22,726,36,715,36,11,0,758,31,29133,572,29891,603,0,5,20,135,16,586,0,58,5,"Knox County",470313,43.8006178863863,0.0650195058517555,128.212488279082,7.65447691218401,28.7042884206901,6.50195058517555
2020-06-21,690,31,679,31,11,0,727,37,28561,815,29288,852,0,5,16,115,15,570,1,58,5,"Knox County",470313,48.2657294184936,0.0644057249533292,181.155953588355,6.59135511882512,24.4518012472545,6.44057249533292
2020-06-20,659,17,648,17,11,0,690,9,27746,437,28436,446,0,5,11,99,6,555,2,57,5,"Knox County",470313,45.7142371144323,0.0566091140673648,94.8304639676131,3.61461409742023,21.049811508506,5.66091140673648
2020-06-19,642,30,631,28,11,2,681,10,27309,334,27990,344,0,5,8,88,22,549,1,55,5,"Knox County",470313,44.2258666037299,0.0553047404063205,73.1427793830917,6.37873076015334,18.7109435631165,5.53047404063205
2020-06-18,612,15,603,15,9,0,671,18,26975,804,27646,822,0,5,2,80,13,527,0,54,5,"Knox County",470313,40.6112525063096,0.0448504983388704,174.777222828202,3.18936538007667,17.0099486937423,4.48504983388704
2020-06-17,597,17,588,17,9,0,653,13,26171,282,26824,295,0,5,-3,78,20,514,0,54,5,"Knox County",470313,36.7840140502176,0.0396891479322787,62.7241858081746,3.61461409742023,16.5846999763987,3.96891479322787
2020-06-16,580,9,571,8,9,1,640,9,25889,178,26529,187,0,5,-2,81,11,494,0,54,5,"Knox County",470313,32.9567755941256,0.0357847280924204,39.7607550716225,1.913619228046,17.222573052414,3.57847280924204
2020-06-15,571,8,563,8,8,0,631,9,25711,218,26342,227,0,5,-5,83,13,483,0,54,5,"Knox County",470313,27.0032935513158,0.0330917113142137,48.2657294184936,1.70099486937423,17.6478217697576,3.30917113142137
2020-06-14,563,8,555,8,8,0,622,9,25493,624,26115,633,0,5,4,88,4,470,0,54,5,"Knox County",470313,22.1129333018649,0.0260663507109005,134.591219039236,1.70099486937423,18.7109435631165,2.60663507109005
2020-06-13,555,10,547,8,8,2,613,9,24869,213,25482,222,0,5,0,84,10,466,3,54,5,"Knox County",470313,20.6245627911625,0.0282051282051282,47.2026076251348,2.12624358671778,17.8604461284294,2.82051282051282
2020-06-12,545,19,539,19,6,0,604,19,24656,750,25260,769,0,5,1,84,18,456,0,51,5,"Knox County",470313,18.2856948457729,0.0272583201267829,163.508131818597,4.03986281476378,17.8604461284294,2.72583201267829
2020-06-11,526,7,520,7,6,0,585,10,23906,379,24491,389,0,5,1,83,6,438,2,51,5,"Knox County",470313,16.5846999763987,0.0286554004408523,82.7108755233217,1.48837051070245,17.6478217697576,2.86554004408523
2020-06-10,519,12,513,12,6,0,575,12,23527,706,24102,718,0,5,-6,82,18,432,0,49,5,"Knox County",470313,15.5215781830398,0.024483306836248,152.664289526337,2.55149230406134,17.4351974110858,2.4483306836248
2020-06-09,507,16,501,16,6,0,563,19,22821,508,23384,527,0,5,5,88,11,414,1,49,5,"Knox County",470313,17.0099486937423,0.0249641319942611,112.053037020027,3.40198973874845,18.7109435631165,2.49641319942611
2020-06-08,491,8,485,8,6,0,544,8,22313,336,22857,344,0,5,4,83,4,403,1,48,5,"Knox County",470313,17.0099486937423,0.0238756246529706,73.1427793830917,1.70099486937423,17.6478217697576,2.38756246529706
2020-06-07,483,7,477,7,6,0,536,8,21977,850,22513,858,0,5,0,79,7,399,1,47,5,"Knox County",470313,16.7973243350705,0.0222106088319833,182.431699740386,1.48837051070245,16.7973243350705,2.22106088319833
2020-06-06,476,11,470,11,6,0,528,12,21127,478,21655,490,0,5,5,79,6,392,0,46,5,"Knox County",470313,17.0099486937423,0.0214896214896215,104.185935749171,2.33886794538956,16.7973243350705,2.14896214896215
2020-06-05,465,18,459,18,6,0,516,17,20649,518,21165,535,0,5,7,74,11,386,1,46,5,"Knox County",470313,16.7973243350705,0.0222740222740223,113.754031889401,3.82723845609201,15.7342025417116,2.22740222740223
2020-06-04,447,4,441,4,6,0,499,4,20131,338,20630,342,0,5,-1,67,5,375,0,45,5,"Knox County",470313,16.1594512590551,0.0209753539590981,72.7175306657481,0.850497434687113,14.2458320310091,2.09753539590981
2020-06-03,443,4,437,4,6,0,495,4,19793,399,20288,403,0,5,-3,68,7,370,0,45,5,"Knox County",470313,14.4584563896809,0.0205773078022292,85.6876165447266,0.850497434687113,14.4584563896809,2.05773078022292
2020-06-02,439,26,433,25,6,1,491,24,19394,939,19885,963,0,5,21,71,5,363,2,45,5,"Knox County",470313,16.5846999763987,0.0195679796696315,204.757257400922,5.52823332546623,15.0963294656962,1.95679796696315
2020-06-01,413,17,408,17,5,0,467,20,18455,972,18922,992,0,5,4,50,13,358,0,43,5,"Knox County",470313,18.4983192044447,0.019419594152302,210.923363802404,3.61461409742023,10.6312179335889,1.9419594152302
2020-05-31,396,7,391,7,5,0,447,7,17483,317,17930,324,0,5,3,46,4,345,0,43,5,"Knox County",470313,18.4983192044447,0.0217337614225735,68.8902922096561,1.48837051070245,9.7807204989018,2.17337614225735
2020-05-30,389,6,384,6,5,0,440,6,17166,294,17606,300,0,5,-1,43,7,341,2,43,5,"Knox County",470313,17.4351974110858,0.0212490282456595,63.7873076015334,1.27574615203067,9.14284742288646,2.12490282456595
2020-05-29,383,8,378,8,5,0,434,7,16872,205,17306,212,0,5,0,44,8,334,0,41,5,"Knox County",470313,15.308953824368,0.0203619909502262,45.076364038417,1.70099486937423,9.35547178155824,2.03619909502262
2020-05-28,375,11,370,11,5,0,427,11,16667,336,17094,347,0,5,7,44,4,326,0,41,5,"Knox County",470313,16.7973243350705,0.022310081897769,73.780652459107,2.33886794538956,9.35547178155824,2.2310081897769
2020-05-27,364,5,359,5,5,0,416,6,16331,420,16747,426,0,5,0,37,5,322,1,41,5,"Knox County",470313,17.0099486937423,0.0227272727272727,90.5779767941775,1.06312179335889,7.86710127085579,2.27272727272727
2020-05-26,359,9,354,9,5,0,410,10,15911,1142,16321,1152,0,5,7,37,2,317,0,40,5,"Knox County",470313,13.395334596322,0.0178523847588596,244.943261189888,1.913619228046,7.86710127085579,1.78523847588596
2020-05-25,350,9,345,9,5,0,400,11,14769,381,15169,392,0,5,5,30,4,315,1,40,5,"Knox County",470313,11.6943397269478,0.018395179194418,83.348748599337,1.913619228046,6.37873076015334,1.8395179194418
2020-05-24,341,2,336,2,5,0,389,3,14388,273,14777,276,0,5,1,25,1,311,0,39,5,"Knox County",470313,10.6312179335889,0.0173913043478261,58.6843229934108,0.425248717343556,5.31560896679445,1.73913043478261
2020-05-23,339,7,334,7,5,0,386,10,14115,360,14501,370,0,5,4,24,3,310,2,39,5,"Knox County",470313,10.8438422922607,0.0182677165354331,78.6710127085579,1.48837051070245,5.10298460812268,1.82677165354331
2020-05-22,332,1,327,1,5,0,376,1,13755,253,14131,254,0,5,-14,20,15,307,0,37,5,"Knox County",470313,9.35547178155824,0.0161641280696301,54.0065871026317,0.212624358671778,4.25248717343556,1.61641280696301
2020-05-21,331,0,326,0,5,0,375,0,13502,250,13877,250,0,5,-1,34,1,292,0,37,5,"Knox County",470313,7.01660383616868,0.0131410256410256,53.1560896679445,0,7.22922819484046,1.31410256410256
2020-05-20,331,7,326,7,5,0,375,7,13252,360,13627,367,0,5,4,35,3,291,0,37,5,"Knox County",470313,7.44185255351224,0.0137210062071219,78.0331396325426,1.48837051070245,7.44185255351224,1.37210062071219
2020-05-19,324,7,319,7,5,0,368,7,12892,369,13260,376,0,5,4,31,3,288,2,37,5,"Knox County",470313,7.01660383616868,0.0170678336980306,79.9467588605886,1.48837051070245,6.59135511882512,1.70678336980306
2020-05-18,317,3,312,3,5,0,361,4,12523,478,12884,482,0,5,0,27,3,285,0,35,5,"Knox County",470313,5.74085768413801,0.0134736842105263,102.484940879797,0.637873076015334,5.74085768413801,1.34736842105263
2020-05-17,314,3,309,3,5,0,357,5,12045,216,12402,221,0,5,1,27,2,282,1,35,5,"Knox County",470313,5.95348204280979,0.0146551724137931,46.989983266463,0.637873076015334,5.74085768413801,1.46551724137931
2020-05-16,311,0,306,0,5,0,352,0,11829,349,12181,349,0,5,-4,26,4,280,0,34,5,"Knox County",470313,4.46511153210734,0.0104393214441061,74.2059011764506,0,5.52823332546623,1.04393214441061
2020-05-15,311,1,306,1,5,0,352,4,11480,541,11832,545,0,5,-4,30,5,276,0,34,5,"Knox County",470313,4.46511153210734,0.0104247104247104,115.880275476119,0.212624358671778,6.37873076015334,1.04247104247104
2020-05-14,310,3,305,3,5,0,348,7,10939,458,11287,465,0,5,0,34,3,271,0,34,5,"Knox County",470313,5.10298460812268,0.0121212121212121,98.8703267823768,0.637873076015334,7.22922819484046,1.21212121212121
2020-05-13,307,7,302,7,5,0,341,5,10481,341,10822,346,0,5,1,34,6,268,0,34,5,"Knox County",470313,5.10298460812268,0.0114942528735632,73.5680281004352,1.48837051070245,7.22922819484046,1.14942528735632
2020-05-12,300,6,295,6,5,0,336,8,10140,401,10476,409,0,5,3,33,3,262,0,34,5,"Knox County",470313,4.8903602494509,0.0117145899893504,86.9633626967573,1.27574615203067,7.01660383616868,1.17145899893504
2020-05-11,294,16,289,16,5,0,328,12,9739,254,10067,266,0,5,9,30,7,259,1,34,5,"Knox County",470313,7.65447691218401,0.015763168012303,56.558079406693,3.40198973874845,6.37873076015334,1.5763168012303
2020-05-10,278,5,273,5,5,0,316,5,9485,221,9801,226,0,5,1,21,4,252,1,33,5,"Knox County",470313,8.07972562952757,0.0157329240214889,48.0531050598219,1.06312179335889,4.46511153210734,1.57329240214889
2020-05-09,273,2,268,2,5,0,311,4,9264,352,9575,356,0,5,-1,20,3,248,0,32,5,"Knox County",470313,8.50497434687113,0.0172215843857635,75.694271687153,0.425248717343556,4.25248717343556,1.72215843857635
2020-05-08,271,3,266,3,5,0,307,4,8912,265,9219,269,0,5,-2,21,5,245,0,32,5,"Knox County",470313,8.93022306421468,0.0192554557124519,57.1959524827083,0.637873076015334,4.46511153210734,1.92554557124519
2020-05-07,268,3,263,3,5,0,303,3,8647,220,8950,223,0,5,-2,23,5,240,0,32,5,"Knox County",470313,8.93022306421468,0.0195704057279236,47.4152319838065,0.637873076015334,4.8903602494509,1.95704057279236
2020-05-06,265,1,260,1,5,0,300,1,8427,185,8727,186,0,5,-7,25,8,235,0,32,5,"Knox County",470313,7.65447691218401,0.0191214470284238,39.5481307129507,0.212624358671778,5.31560896679445,1.91214470284238
2020-05-05,264,4,259,4,5,0,299,5,8242,305,8541,310,0,5,-1,32,5,227,0,32,5,"Knox County",470313,7.22922819484046,0.0185185185185185,65.9135511882512,0.850497434687113,6.8039794774969,1.85185185185185
2020-05-04,260,4,255,4,5,0,294,7,7937,259,8231,266,0,5,-3,33,7,222,0,32,5,"Knox County",470313,4.67773589077912,0.0157952069716776,56.558079406693,0.850497434687113,7.01660383616868,1.57952069716776
2020-05-03,256,7,251,5,5,2,287,6,7678,290,7965,296,0,5,6,36,1,215,2,32,5,"Knox County",470313,5.10298460812268,0.0157397691500525,62.9368101668463,1.48837051070245,7.65447691218401,1.57397691500525
2020-05-02,249,3,246,3,3,0,281,5,7388,308,7669,313,0,5,1,30,2,214,1,30,5,"Knox County",470313,5.31560896679445,0.0166398282340311,66.5514242642666,0.637873076015334,6.37873076015334,1.66398282340311
2020-05-01,246,9,243,8,3,1,276,7,7080,354,7356,361,0,5,4,29,5,212,0,29,5,"Knox County",470313,6.59135511882512,0.0173913043478261,76.7573934805119,1.913619228046,6.16610640148157,1.73913043478261
2020-04-30,237,4,235,4,2,0,269,3,6726,119,6995,122,0,5,-1,25,5,207,0,29,5,"Knox County",470313,6.8039794774969,0.0183387270765912,25.9401717579569,0.850497434687113,5.31560896679445,1.83387270765912
2020-04-29,233,8,231,8,2,0,266,10,6607,671,6873,681,0,5,5,26,3,202,0,29,5,"Knox County",470313,8.29234998819935,0.0183056619838229,144.797188255481,1.70099486937423,5.52823332546623,1.83056619838229
2020-04-28,225,8,223,8,2,0,256,10,5936,391,6192,401,1,5,4,21,3,199,0,29,5,"Knox County",470313,9.14284742288646,0.019672131147541,85.262367827383,1.70099486937423,4.46511153210734,1.9672131147541
2020-04-27,217,2,215,2,2,0,246,4,5545,161,5791,165,0,4,1,17,1,196,0,29,5,"Knox County",470313,8.7175987055429,0.0192389910218042,35.0830191808434,0.425248717343556,3.61461409742023,1.92389910218042
2020-04-26,215,1,213,1,2,0,242,1,5384,172,5626,173,0,4,-2,16,3,195,0,29,4,"Knox County",470313,7.44185255351224,0.0180505415162455,36.7840140502176,0.212624358671778,3.40198973874845,1.80505415162455
2020-04-25,214,0,212,0,2,0,241,0,5212,53,5453,53,0,4,-6,18,6,192,0,29,4,"Knox County",470313,6.8039794774969,0.0178936605316973,11.2690910096042,0,3.82723845609201,1.78936605316973
2020-04-24,214,8,212,8,2,0,241,10,5159,836,5400,846,0,4,5,24,3,186,1,29,4,"Knox County",470313,6.59135511882512,0.0155673904137649,179.880207436324,1.70099486937423,5.10298460812268,1.55673904137648
2020-04-23,206,1,204,1,2,0,231,2,4323,137,4554,139,0,4,0,19,1,183,0,28,4,"Knox County",470313,5.95348204280979,0.0150528885272579,29.5547858553772,0.212624358671778,4.03986281476378,1.50528885272579
2020-04-22,205,5,203,3,2,2,229,2,4186,189,4415,191,0,4,1,19,4,182,0,28,4,"Knox County",470313,5.31560896679445,0.0147357723577236,40.6112525063096,1.06312179335889,4.03986281476378,1.47357723577236
2020-04-21,200,4,200,4,0,0,227,5,3997,475,4224,480,0,4,-2,18,6,178,1,28,4,"Knox County",470313,4.46511153210734,0.0117244748412311,102.059692162454,0.850497434687113,3.82723845609201,1.17244748412311
2020-04-20,196,3,196,3,0,0,222,2,3522,175,3744,177,0,4,-1,20,4,172,1,27,4,"Knox County",470313,4.67773589077912,0.0106847984458475,37.6345114849047,0.637873076015334,4.25248717343556,1.06847984458475
2020-04-19,193,0,193,0,0,0,220,0,3347,72,3567,72,0,4,-4,21,4,168,0,26,4,"Knox County",470313,4.46511153210734,0.0107252298263534,15.308953824368,0,4.46511153210734,1.07252298263534
2020-04-18,193,0,193,0,0,0,220,1,3275,135,3495,136,0,4,-5,25,5,164,0,26,4,"Knox County",470313,4.46511153210734,0.0107790298873101,28.9169127793618,0,5.31560896679445,1.07790298873101
2020-04-17,193,2,193,2,0,0,219,3,3140,104,3359,107,0,4,-2,30,4,159,1,26,4,"Knox County",470313,3.18936538007667,0.0115207373271889,22.7508063778803,0.425248717343556,6.37873076015334,1.15207373271889
2020-04-16,191,7,191,7,0,0,216,9,3036,213,3252,222,0,4,2,32,5,155,2,25,4,"Knox County",470313,4.46511153210734,0.015884476534296,47.2026076251348,1.48837051070245,6.8039794774969,1.5884476534296
2020-04-15,184,9,184,9,0,0,207,10,2823,84,3030,94,0,4,3,30,6,150,1,23,4,"Knox County",470313,5.31560896679445,0.0232919254658385,19.9866897151471,1.913619228046,6.37873076015334,2.32919254658385
2020-04-14,175,4,175,4,0,0,197,4,2739,102,2936,106,0,4,1,27,3,144,1,22,4,"Knox County",470313,5.31560896679445,0.0317286652078775,22.5381820192085,0.850497434687113,5.74085768413801,3.17286652078775
2020-04-13,171,4,171,4,0,0,193,9,2637,242,2830,251,0,4,-2,26,6,141,1,21,4,"Knox County",470313,5.52823332546623,0.0364372469635627,53.3687140266163,0.850497434687113,5.52823332546623,3.64372469635628
2020-04-12,167,5,167,5,0,0,184,6,2395,166,2579,172,0,4,1,28,4,135,0,20,4,"Knox County",470313,6.59135511882512,0.0386029411764706,36.5713896915458,1.06312179335889,5.95348204280979,3.86029411764706
2020-04-11,162,5,162,5,0,0,178,8,2229,313,2407,321,1,4,-4,27,8,131,1,20,4,"Knox County",470313,7.65447691218401,0.0384917517674784,68.2524191336408,1.06312179335889,5.74085768413801,3.84917517674784
2020-04-10,157,4,157,4,0,0,170,5,1916,123,2086,128,0,3,0,31,4,123,0,19,4,"Knox County",470313,8.07972562952757,0.0394126738794436,27.2159179099876,0.850497434687113,6.59135511882512,3.94126738794436
2020-04-09,153,1,153,1,0,0,165,1,1793,81,1958,82,0,3,-2,31,3,119,0,19,4,"Knox County",470313,6.8039794774969,0.037261698440208,17.4351974110858,0.212624358671778,6.59135511882512,3.7261698440208
2020-04-08,152,8,152,8,0,0,164,12,1712,111,1876,123,0,3,-3,33,11,116,1,19,4,"Knox County",470313,6.59135511882512,0.0380388841927303,26.1527961166287,1.70099486937423,7.01660383616868,3.80388841927303
2020-04-07,144,20,144,20,0,0,152,25,1601,366,1753,391,0,3,11,36,9,105,2,18,3,"Knox County",470313,9.99334485757357,0.0449591280653951,83.1361242406653,4.25248717343556,7.65447691218401,4.49591280653951
2020-04-06,124,8,124,8,0,0,127,14,1235,54,1362,68,2,3,-2,25,8,96,1,16,3,"Knox County",470313,10.8438422922607,0.0552529182879377,14.4584563896809,1.70099486937423,5.31560896679445,5.52529182879377
2020-04-05,116,4,116,4,0,0,113,10,1181,75,1294,85,0,1,-2,27,6,88,0,15,3,"Knox County",470313,10.6312179335889,0.0626043405676127,18.0730704871011,0.850497434687113,5.74085768413801,6.26043405676127
2020-04-04,112,15,112,15,0,0,103,6,1106,127,1209,133,0,1,4,29,11,82,1,15,2,"Knox County",470313,12.7574615203067,0.0722772277227723,28.2790397033465,3.18936538007667,6.16610640148157,7.22772277227723
2020-04-03,97,4,97,4,0,0,97,3,979,51,1076,54,0,1,-8,25,12,71,1,14,1,"Knox County",470313,12.7574615203067,0.0758547008547008,11.481715368276,0.850497434687113,5.31560896679445,7.58547008547009
2020-04-02,93,7,93,7,0,0,94,7,928,106,1022,113,0,1,NA,33,8,59,0,13,1,"Knox County",470313,14.0332076723374,0.0796277145811789,24.0265525299109,1.48837051070245,7.01660383616868,7.96277145811789
2020-04-01,86,15,86,15,0,0,87,15,822,140,909,155,NA,NA,NA,NA,7,51,1,13,1,"Knox County",470313,15.5215781830398,0.0800800800800801,32.9567755941256,3.18936538007667,NA,8.00800800800801
2020-03-31,71,8,71,8,0,0,72,11,682,58,754,69,NA,NA,NA,NA,12,44,1,12,1,"Knox County",470313,12.9700858789785,0.0974889217134417,14.6710807483527,1.70099486937423,NA,9.74889217134417
2020-03-30,63,13,63,13,0,0,61,15,624,130,685,145,NA,NA,NA,NA,9,32,2,11,1,"Knox County",470313,14.0332076723374,0.0888594164456233,30.8305320074078,2.76411666273312,NA,8.88594164456233
2020-03-29,50,8,50,8,0,0,46,8,494,55,540,63,NA,NA,NA,NA,6,23,1,9,1,"Knox County",470313,14.8837051070245,0.0887978142076503,13.395334596322,1.70099486937423,NA,8.87978142076503
2020-03-28,42,7,42,7,0,0,38,6,439,62,477,68,NA,NA,NA,NA,1,17,1,8,0,"Knox County",470313,13.1827102376502,0.0974512743628186,14.4584563896809,1.48837051070245,NA,9.74512743628186
2020-03-27,35,2,35,2,0,0,32,2,377,54,409,56,NA,NA,NA,NA,5,16,1,7,0,"Knox County",470313,12.7574615203067,0.0956651718983558,11.9069640856196,0.425248717343556,NA,9.56651718983558
2020-03-26,33,7,33,7,0,0,30,7,323,82,353,89,NA,NA,NA,NA,3,11,2,6,0,"Knox County",470313,12.7574615203067,0.0992248062015504,18.9235679217883,1.48837051070245,NA,9.92248062015504
2020-03-25,26,6,26,6,0,0,23,7,241,68,264,75,NA,NA,NA,NA,3,8,1,4,0,"Knox County",470313,10.8438422922607,0.0991150442477876,15.9468269003834,1.27574615203067,NA,9.91150442477876
2020-03-24,20,7,20,7,0,0,16,7,173,43,189,50,NA,NA,NA,NA,2,5,0,3,0,"Knox County",470313,10.6312179335889,0.0952380952380952,10.6312179335889,1.48837051070245,NA,9.52380952380952
2020-03-23,13,4,13,4,0,0,9,4,130,22,139,26,NA,NA,NA,NA,3,3,2,3,0,"Knox County",470313,8.7175987055429,0.0960187353629977,5.52823332546623,0.850497434687113,NA,9.60187353629976
2020-03-22,9,2,9,2,0,0,5,0,108,9,113,9,NA,NA,NA,NA,0,0,1,1,0,"Knox County",470313,7.44185255351224,0.0884718498659517,1.913619228046,0.425248717343556,NA,8.84718498659517
2020-03-21,7,1,7,1,0,0,5,2,99,17,104,19,NA,NA,NA,NA,0,0,0,0,0,"Knox County",470313,6.16610640148157,0.0895061728395062,4.03986281476378,0.212624358671778,NA,8.95061728395062
2020-03-20,6,5,6,5,0,0,3,2,82,38,85,40,NA,NA,NA,NA,0,0,0,0,0,"Knox County",470313,6.8039794774969,0.0941558441558442,8.50497434687113,1.06312179335889,NA,9.41558441558442
2020-03-19,1,0,1,0,0,0,1,0,44,11,45,11,NA,NA,NA,NA,0,0,0,0,0,"Knox County",470313,5.31560896679445,0.0956521739130435,2.33886794538956,0,NA,9.56521739130435
2020-03-18,1,0,1,0,0,0,1,0,33,14,34,14,NA,NA,NA,NA,0,0,0,0,0,"Knox County",470313,4.03986281476378,0.0887573964497041,2.97674102140489,0,NA,8.87573964497041
2020-03-17,1,0,1,0,0,0,1,0,19,5,20,5,NA,NA,NA,NA,0,0,0,0,0,"Knox County",470313,2.55149230406134,0.0645161290322581,1.06312179335889,0,NA,6.45161290322581
2020-03-16,1,1,1,1,0,0,1,1,14,3,15,4,NA,NA,NA,NA,0,0,0,0,0,"Knox County",470313,1.913619228046,0.0490196078431373,0.850497434687113,0.212624358671778,NA,4.90196078431373
2020-03-15,0,0,0,0,0,0,0,0,11,1,11,1,NA,NA,NA,NA,0,0,0,0,0,"Knox County",470313,1.48837051070245,0.0531914893617021,0.212624358671778,0,NA,5.31914893617021
2020-03-14,0,0,0,0,0,0,0,0,10,8,10,8,NA,NA,NA,NA,0,0,0,0,0,"Knox County",470313,1.27574615203067,0.036144578313253,1.70099486937423,0,NA,3.6144578313253
2020-03-13,0,0,0,0,0,0,0,0,2,0,2,0,NA,NA,NA,NA,0,0,0,0,0,"Knox County",470313,0.212624358671778,0.0232558139534884,0,0,NA,2.32558139534884
2020-03-12,0,0,0,0,0,0,0,0,2,2,2,2,NA,NA,NA,NA,0,0,0,0,0,"Knox County",470313,0.212624358671778,0.0294117647058824,0.425248717343556,0,NA,2.94117647058824
2020-03-12,0,0,0,0,0,0,0,0,0,0,0,0,NA,NA,NA,NA,0,0,0,0,0,"Anderson",76978,NA,NA,0,0,NA,NA
2020-03-13,0,0,0,0,0,0,0,0,1,1,1,1,NA,NA,NA,NA,0,0,0,0,0,"Anderson",76978,NA,NA,1.29907246226194,0,NA,NA
2020-03-14,0,0,0,0,0,0,0,0,1,0,1,0,NA,NA,NA,NA,0,0,0,0,0,"Anderson",76978,NA,NA,0,0,NA,NA
2020-03-15,0,0,0,0,0,0,0,0,1,0,1,0,NA,NA,NA,NA,0,0,0,0,0,"Anderson",76978,NA,NA,0,0,NA,NA
2020-03-16,0,0,0,0,0,0,0,0,2,1,2,1,NA,NA,NA,NA,0,0,0,0,0,"Anderson",76978,NA,NA,1.29907246226194,0,NA,NA
2020-03-17,0,0,0,0,0,0,0,0,4,2,4,2,NA,NA,NA,NA,0,0,0,0,0,"Anderson",76978,NA,NA,2.59814492452389,0,NA,NA
2020-03-18,0,0,0,0,0,0,0,0,4,0,4,0,NA,NA,NA,NA,0,0,0,0,0,"Anderson",76978,0,0,0,0,NA,0
2020-03-19,1,1,1,1,0,0,2,2,5,1,7,3,NA,NA,NA,NA,0,0,0,0,0,"Anderson",76978,1.29907246226194,0.285714285714286,3.89721738678583,1.29907246226194,NA,28.5714285714286
2020-03-20,1,0,1,0,0,0,2,0,7,2,9,2,NA,NA,NA,NA,0,0,0,0,0,"Anderson",76978,1.29907246226194,0.25,2.59814492452389,0,NA,25
2020-03-21,1,0,1,0,0,0,2,0,7,0,9,0,NA,NA,NA,NA,0,0,0,0,0,"Anderson",76978,1.29907246226194,0.25,0,0,NA,25
2020-03-22,1,0,1,0,0,0,2,0,10,3,12,3,NA,NA,NA,NA,0,0,0,0,0,"Anderson",76978,1.29907246226194,0.181818181818182,3.89721738678583,0,NA,18.1818181818182
2020-03-23,1,0,1,0,0,0,2,0,15,5,17,5,NA,NA,NA,NA,0,0,0,0,0,"Anderson",76978,1.29907246226194,0.133333333333333,6.49536231130973,0,NA,13.3333333333333
2020-03-24,1,0,1,0,0,0,2,0,20,5,22,5,NA,NA,NA,NA,0,0,0,0,0,"Anderson",76978,1.29907246226194,0.111111111111111,6.49536231130973,0,NA,11.1111111111111
2020-03-25,2,1,2,1,0,0,4,2,29,9,33,11,NA,NA,NA,NA,1,1,0,0,0,"Anderson",76978,2.59814492452389,0.137931034482759,14.2897970848814,1.29907246226194,NA,13.7931034482759
2020-03-26,3,1,3,1,0,0,5,1,44,15,49,16,NA,NA,NA,NA,0,1,1,1,0,"Anderson",76978,2.59814492452389,0.0714285714285714,20.7851593961911,1.29907246226194,NA,7.14285714285714
2020-03-27,4,1,4,1,0,0,6,1,53,9,59,10,NA,NA,NA,NA,3,4,0,1,0,"Anderson",76978,3.89721738678583,0.08,12.9907246226195,1.29907246226194,NA,8
2020-03-28,7,3,7,3,0,0,9,3,72,19,81,22,NA,NA,NA,NA,0,4,1,2,0,"Anderson",76978,7.79443477357167,0.0972222222222222,28.5795941697628,3.89721738678583,NA,9.72222222222222
2020-03-29,7,0,7,0,0,0,9,0,83,11,92,11,NA,NA,NA,NA,0,4,0,2,0,"Anderson",76978,7.79443477357167,0.0875,14.2897970848814,0,NA,8.75
2020-03-30,8,1,8,1,0,0,10,1,127,44,137,45,NA,NA,NA,NA,1,5,0,2,0,"Anderson",76978,9.09350723583361,0.0666666666666667,58.4582608017875,1.29907246226194,NA,6.66666666666667
2020-03-31,9,1,9,1,0,0,11,1,142,15,153,16,NA,NA,NA,NA,1,6,0,2,0,"Anderson",76978,10.3925796980956,0.0687022900763359,20.7851593961911,1.29907246226194,NA,6.87022900763359
2020-04-01,9,0,9,0,0,0,11,0,163,21,174,21,NA,NA,NA,NA,0,6,0,2,0,"Anderson",76978,9.09350723583361,0.049645390070922,27.2805217075008,0,NA,4.9645390070922
2020-04-02,9,0,9,0,0,0,11,0,179,16,190,16,0,0,NA,3,0,6,0,2,0,"Anderson",76978,7.79443477357167,0.0425531914893617,20.7851593961911,0,3.89721738678583,4.25531914893617
2020-04-03,9,0,9,0,0,0,11,0,192,13,203,13,0,0,-2,1,2,8,0,2,0,"Anderson",76978,6.49536231130972,0.0347222222222222,16.8879420094053,0,1.29907246226194,3.47222222222222
2020-04-04,9,0,9,0,0,0,11,0,219,27,230,27,0,0,0,1,0,8,0,2,0,"Anderson",76978,2.59814492452389,0.0134228187919463,35.0749564810725,0,1.29907246226194,1.34228187919463
2020-04-05,9,0,9,0,0,0,11,0,248,29,259,29,0,0,0,1,0,8,0,2,0,"Anderson",76978,2.59814492452389,0.0119760479041916,37.6731014055964,0,1.29907246226194,1.19760479041916
2020-04-06,9,0,9,0,0,0,11,0,262,14,273,14,0,0,-1,0,1,9,0,2,0,"Anderson",76978,1.29907246226194,0.00735294117647059,18.1870144716672,0,0,0.735294117647059
2020-04-07,10,1,10,1,0,0,12,1,304,42,316,43,0,0,1,1,0,9,0,2,0,"Anderson",76978,1.29907246226194,0.00613496932515337,55.8601158772636,1.29907246226194,1.29907246226194,0.613496932515337
2020-04-08,10,0,10,0,0,0,12,0,322,18,334,18,1,1,-1,0,0,9,0,2,1,"Anderson",76978,1.29907246226194,0.00625,23.383304320715,0,0,0.625
2020-04-09,10,0,10,0,0,0,12,0,350,28,362,28,0,1,0,0,0,9,0,2,1,"Anderson",76978,1.29907246226194,0.00581395348837209,36.3740289433345,0,0,0.581395348837209
2020-04-10,10,0,10,0,0,0,12,0,366,16,378,16,0,1,0,0,0,9,0,2,1,"Anderson",76978,1.29907246226194,0.00571428571428571,20.7851593961911,0,0,0.571428571428571
2020-04-11,10,0,10,0,0,0,12,0,439,73,451,73,0,1,0,0,0,9,0,2,1,"Anderson",76978,1.29907246226194,0.00452488687782805,94.832289745122,0,0,0.452488687782805
2020-04-12,12,2,12,2,0,0,14,2,477,38,491,40,0,1,2,2,0,9,0,2,1,"Anderson",76978,3.89721738678583,0.0129310344827586,51.9628984904778,2.59814492452389,2.59814492452389,1.29310344827586
2020-04-13,13,1,13,1,0,0,15,1,514,37,529,38,0,1,0,2,1,10,0,2,1,"Anderson",76978,5.19628984904778,0.015625,49.3647535659539,1.29907246226194,2.59814492452389,1.5625
2020-04-14,13,0,13,0,0,0,15,0,526,12,541,12,0,1,0,2,0,10,0,2,1,"Anderson",76978,3.89721738678583,0.0133333333333333,15.5888695471433,0,2.59814492452389,1.33333333333333
2020-04-15,13,0,13,0,0,0,15,0,544,18,559,18,0,1,-2,0,2,12,0,2,1,"Anderson",76978,3.89721738678583,0.0133333333333333,23.383304320715,0,0,1.33333333333333
2020-04-16,13,0,13,0,0,0,15,0,566,22,581,22,0,1,0,0,0,12,0,2,1,"Anderson",76978,3.89721738678583,0.0136986301369863,28.5795941697628,0,0,1.36986301369863
2020-04-17,13,0,13,0,0,0,15,0,586,20,601,20,0,1,0,0,0,12,0,2,1,"Anderson",76978,3.89721738678583,0.0134529147982063,25.9814492452389,0,0,1.34529147982063
2020-04-18,13,0,13,0,0,0,15,0,616,30,631,30,0,1,0,0,0,12,0,2,1,"Anderson",76978,3.89721738678583,0.0166666666666667,38.9721738678584,0,0,1.66666666666667
2020-04-19,14,1,14,1,0,0,16,1,628,12,644,13,0,1,0,0,1,13,0,2,1,"Anderson",76978,2.59814492452389,0.0130718954248366,16.8879420094053,1.29907246226194,0,1.30718954248366
2020-04-20,19,5,18,4,1,1,19,3,648,20,667,23,0,1,5,5,0,13,0,2,1,"Anderson",76978,7.79443477357167,0.0289855072463768,29.8786666320247,6.49536231130973,6.49536231130973,2.89855072463768
2020-04-21,20,1,19,1,1,0,22,3,1071,423,1093,426,0,1,1,6,0,13,0,2,1,"Anderson",76978,9.09350723583361,0.0126811594202899,553.404868923589,1.29907246226194,7.79443477357167,1.26811594202899
2020-04-22,21,1,20,1,1,0,24,2,1141,70,1165,72,0,1,0,6,1,14,0,2,1,"Anderson",76978,10.3925796980956,0.0148514851485149,93.53321728286,1.29907246226194,7.79443477357167,1.48514851485149
2020-04-23,21,0,20,0,1,0,24,0,1191,50,1215,50,0,1,-1,5,1,15,0,2,1,"Anderson",76978,10.3925796980956,0.0141955835962145,64.9536231130973,0,6.49536231130973,1.41955835962145
2020-04-24,22,1,21,1,1,0,25,1,1299,108,1324,109,0,1,1,6,0,15,0,2,1,"Anderson",76978,11.6916521603575,0.0138312586445367,141.598898386552,1.29907246226194,7.79443477357167,1.38312586445367
2020-04-25,22,0,21,0,1,0,25,0,1336,37,1361,37,0,1,0,6,0,15,0,2,1,"Anderson",76978,11.6916521603575,0.0136986301369863,48.065681103692,0,7.79443477357167,1.36986301369863
2020-04-26,22,0,21,0,1,0,25,0,1372,36,1397,36,0,1,0,6,0,15,0,2,1,"Anderson",76978,10.3925796980956,0.0119521912350598,46.76660864143,0,7.79443477357167,1.19521912350598
2020-04-27,22,0,21,0,1,0,25,0,1411,39,1436,39,0,1,-1,5,1,16,0,2,1,"Anderson",76978,3.89721738678583,0.00780234070221066,50.6638260282159,0,6.49536231130973,0.780234070221066
2020-04-28,22,0,21,0,1,0,25,0,1690,279,1715,279,0,1,0,5,0,16,0,2,1,"Anderson",76978,2.59814492452389,0.00482315112540193,362.441216971083,0,6.49536231130973,0.482315112540193
2020-04-29,26,4,25,4,1,0,28,3,2070,380,2098,383,0,1,4,9,0,16,0,2,1,"Anderson",76978,6.49536231130972,0.00428724544480171,497.544753046325,5.19628984904778,11.6916521603575,0.428724544480171
2020-04-30,26,0,25,0,1,0,29,1,2102,32,2131,33,0,1,-1,8,1,17,0,2,1,"Anderson",76978,6.49536231130972,0.00545851528384279,42.8693912546442,0,10.3925796980956,0.545851528384279
2020-05-01,26,0,25,0,1,0,29,0,2154,52,2183,52,0,1,-2,6,2,19,0,2,1,"Anderson",76978,5.19628984904778,0.00465657741559953,67.5517680376211,0,7.79443477357167,0.465657741559953
2020-05-02,26,0,25,0,1,0,29,0,2221,67,2250,67,0,1,0,6,0,19,0,2,1,"Anderson",76978,5.19628984904778,0.00449943757030371,87.0378549715503,0,7.79443477357167,0.449943757030371
2020-05-03,27,1,26,1,1,0,30,1,2314,93,2344,94,0,1,1,7,0,19,0,2,1,"Anderson",76978,6.49536231130972,0.00527983104540655,122.112811452623,1.29907246226194,9.09350723583361,0.527983104540655
2020-05-04,27,0,26,0,1,0,30,0,2406,92,2436,92,0,1,-1,6,1,20,0,2,1,"Anderson",76978,6.49536231130972,0.005,119.514666528099,0,7.79443477357167,0.5
2020-05-05,28,1,27,1,1,0,30,0,2475,69,2505,69,0,1,-1,5,2,22,0,2,1,"Anderson",76978,7.79443477357167,0.00632911392405063,89.6359998960742,1.29907246226194,6.49536231130973,0.632911392405063
2020-05-06,30,2,29,2,1,0,31,1,2525,50,2556,51,0,1,2,7,0,22,0,2,1,"Anderson",76978,5.19628984904778,0.00655021834061135,66.2526955753592,2.59814492452389,9.09350723583361,0.655021834061135
2020-05-07,30,0,29,0,1,0,33,2,2597,72,2630,74,0,1,-1,6,1,23,0,2,1,"Anderson",76978,5.19628984904778,0.00801603206412826,96.1313622073839,0,7.79443477357167,0.801603206412826
2020-05-08,30,0,29,0,1,0,33,0,2652,55,2685,55,0,1,0,6,0,23,0,2,1,"Anderson",76978,5.19628984904778,0.00796812749003984,71.448985424407,0,7.79443477357167,0.796812749003984
2020-05-09,30,0,29,0,1,0,33,0,2734,82,2767,82,0,1,0,6,0,23,0,2,1,"Anderson",76978,5.19628984904778,0.00773694390715667,106.523941905479,0,7.79443477357167,0.773694390715667
2020-05-10,30,0,29,0,1,0,33,0,2827,93,2860,93,0,1,-3,3,3,26,0,2,1,"Anderson",76978,3.89721738678583,0.00581395348837209,120.813738990361,0,3.89721738678583,0.581395348837209
2020-05-11,32,2,31,2,1,0,33,0,2909,82,2942,82,0,1,2,5,0,26,0,2,1,"Anderson",76978,6.49536231130972,0.00592885375494071,106.523941905479,2.59814492452389,6.49536231130973,0.592885375494071
2020-05-12,33,1,32,1,1,0,35,2,3042,133,3077,135,0,1,1,6,0,26,0,2,1,"Anderson",76978,6.49536231130972,0.00874125874125874,175.374782405363,1.29907246226194,7.79443477357167,0.874125874125874
2020-05-13,35,2,34,2,1,0,38,3,3220,178,3258,181,0,1,1,7,1,27,1,3,1,"Anderson",76978,6.49536231130972,0.00997150997150997,235.132115669412,2.59814492452389,9.09350723583361,0.997150997150997
2020-05-14,35,0,34,0,1,0,39,1,3346,126,3385,127,0,1,-1,6,1,28,0,3,1,"Anderson",76978,6.49536231130972,0.00794701986754967,164.982202707267,0,7.79443477357167,0.794701986754967
2020-05-15,36,1,35,1,1,0,39,0,3417,71,3456,71,0,1,1,7,0,28,0,3,1,"Anderson",76978,7.79443477357167,0.00778210116731518,92.2341448205981,1.29907246226194,9.09350723583361,0.778210116731518
2020-05-16,36,0,35,0,1,0,41,2,3657,240,3698,242,0,1,-1,6,1,29,0,3,1,"Anderson",76978,7.79443477357167,0.00859291084854995,314.375535867391,0,7.79443477357167,0.859291084854995
2020-05-17,36,0,35,0,1,0,41,0,3727,70,3768,70,0,1,0,6,0,29,0,3,1,"Anderson",76978,7.79443477357167,0.00881057268722467,90.9350723583361,0,7.79443477357167,0.881057268722467
2020-05-18,37,1,36,1,1,0,42,1,3804,77,3846,78,0,1,-2,4,3,32,0,3,1,"Anderson",76978,6.49536231130972,0.00995575221238938,101.327652056432,1.29907246226194,5.19628984904778,0.995575221238938
2020-05-19,37,0,36,0,1,0,42,0,3856,52,3898,52,0,1,0,4,0,32,0,3,1,"Anderson",76978,5.19628984904778,0.00852618757612668,67.5517680376211,0,5.19628984904778,0.852618757612667
2020-05-20,37,0,36,0,1,0,43,1,3921,65,3964,66,0,1,0,4,0,32,0,3,1,"Anderson",76978,2.59814492452389,0.00708215297450425,85.7387825092884,0,5.19628984904778,0.708215297450425
2020-05-21,37,0,36,0,1,0,44,1,4001,80,4045,81,0,1,-1,3,1,33,0,3,1,"Anderson",76978,2.59814492452389,0.00757575757575758,105.224869443218,0,3.89721738678583,0.757575757575758
2020-05-22,38,1,37,1,1,0,45,1,4029,28,4074,29,0,1,-1,2,2,35,1,4,1,"Anderson",76978,2.59814492452389,0.00970873786407767,37.6731014055964,1.29907246226194,2.59814492452389,0.970873786407767
2020-05-23,38,0,37,0,1,0,46,1,4192,163,4238,164,0,1,0,2,0,35,0,4,1,"Anderson",76978,2.59814492452389,0.00925925925925926,213.047883810959,0,2.59814492452389,0.925925925925926
2020-05-24,38,0,37,0,1,0,46,0,4247,55,4293,55,0,1,0,2,0,35,0,4,1,"Anderson",76978,2.59814492452389,0.00952380952380952,71.448985424407,0,2.59814492452389,0.952380952380952
2020-05-25,38,0,37,0,1,0,47,1,4281,34,4328,35,0,1,0,2,0,35,0,4,1,"Anderson",76978,1.29907246226194,0.0103734439834025,45.4675361791681,0,2.59814492452389,1.03734439834025
2020-05-26,38,0,37,0,1,0,47,0,4412,131,4459,131,0,1,-1,1,1,36,0,4,1,"Anderson",76978,1.29907246226194,0.0089126559714795,170.178492556315,0,1.29907246226194,0.89126559714795
2020-05-27,38,0,37,0,1,0,47,0,4515,103,4562,103,0,1,0,1,0,36,0,4,1,"Anderson",76978,1.29907246226194,0.00668896321070234,133.80446361298,0,1.29907246226194,0.668896321070234
2020-05-28,38,0,37,0,1,0,47,0,4563,48,4610,48,0,1,0,1,0,36,0,4,1,"Anderson",76978,1.29907246226194,0.00530973451327434,62.3554781885734,0,1.29907246226194,0.530973451327434
2020-05-29,39,1,38,1,1,0,47,0,4613,50,4660,50,0,1,0,1,1,37,0,4,1,"Anderson",76978,1.29907246226194,0.00341296928327645,64.9536231130973,1.29907246226194,1.29907246226194,0.341296928327645
2020-05-30,39,0,38,0,1,0,48,1,4665,52,4713,53,0,1,0,1,0,37,0,4,1,"Anderson",76978,1.29907246226194,0.00421052631578947,68.8508404998831,0,1.29907246226194,0.421052631578947
2020-05-31,40,1,39,1,1,0,49,1,4731,66,4780,67,0,1,1,2,0,37,0,4,1,"Anderson",76978,2.59814492452389,0.00616016427104723,87.0378549715503,1.29907246226194,2.59814492452389,0.616016427104723
2020-06-01,40,0,39,0,1,0,49,0,4855,124,4904,124,0,1,0,2,0,37,0,4,1,"Anderson",76978,2.59814492452389,0.00347222222222222,161.084985320481,0,2.59814492452389,0.347222222222222
2020-06-02,40,0,39,0,1,0,49,0,4982,127,5031,127,0,1,0,2,0,37,0,4,1,"Anderson",76978,2.59814492452389,0.0034965034965035,164.982202707267,0,2.59814492452389,0.34965034965035
2020-06-03,41,1,40,1,1,0,50,1,5042,60,5092,61,0,1,1,3,0,37,0,4,2,"Anderson",76978,3.89721738678583,0.00566037735849057,79.2434201979787,1.29907246226194,3.89721738678583,0.566037735849057
2020-06-04,41,0,40,0,1,0,50,0,5090,48,5140,48,1,2,-2,1,1,38,0,4,2,"Anderson",76978,3.89721738678583,0.00566037735849057,62.3554781885734,0,1.29907246226194,0.566037735849057
2020-06-05,42,1,41,1,1,0,53,3,5147,57,5200,60,0,2,1,2,0,38,0,4,2,"Anderson",76978,3.89721738678583,0.0111111111111111,77.9443477357167,1.29907246226194,2.59814492452389,1.11111111111111
2020-06-06,43,1,42,1,1,0,54,1,5200,53,5254,54,0,2,1,3,0,38,0,4,2,"Anderson",76978,5.19628984904778,0.011090573012939,70.149912962145,1.29907246226194,3.89721738678583,1.1090573012939
2020-06-07,45,2,43,1,2,1,57,3,5295,95,5352,98,0,2,2,5,0,38,0,4,2,"Anderson",76978,6.49536231130972,0.013986013986014,127.309101301671,2.59814492452389,6.49536231130973,1.3986013986014
2020-06-08,46,1,44,1,2,0,57,0,5336,41,5393,41,0,2,1,6,0,38,0,4,2,"Anderson",76978,7.79443477357167,0.016359918200409,53.2619709527397,1.29907246226194,7.79443477357167,1.6359918200409
2020-06-09,47,1,45,1,2,0,60,3,5517,181,5577,184,0,2,1,7,0,38,0,4,2,"Anderson",76978,9.09350723583361,0.0201465201465201,239.029333056198,1.29907246226194,9.09350723583361,2.01465201465201
2020-06-10,52,5,50,5,2,0,63,3,5725,208,5788,211,0,2,2,9,3,41,0,4,2,"Anderson",76978,14.2897970848814,0.0186781609195402,274.10428953727,6.49536231130973,11.6916521603575,1.86781609195402
2020-06-11,55,3,53,3,2,0,66,3,5870,145,5936,148,0,2,2,11,1,42,1,5,2,"Anderson",76978,18.1870144716672,0.0201005025125628,192.262724414768,3.89721738678583,14.2897970848814,2.01005025125628
2020-06-12,57,2,55,2,2,0,70,4,5952,82,6022,86,0,2,2,13,0,42,0,5,2,"Anderson",76978,19.4860869339292,0.0206812652068127,111.720231754527,2.59814492452389,16.8879420094053,2.06812652068127
2020-06-13,58,1,55,0,3,1,70,0,5995,43,6065,43,0,2,0,13,1,43,0,5,2,"Anderson",76978,19.4860869339292,0.0197287299630086,55.8601158772636,1.29907246226194,16.8879420094053,1.97287299630086
2020-06-14,60,2,57,2,3,0,70,0,6170,175,6240,175,0,2,1,14,1,44,1,6,2,"Anderson",76978,19.4860869339292,0.0146396396396396,227.33768089584,2.59814492452389,18.1870144716672,1.46396396396396
2020-06-15,60,0,57,0,3,0,71,1,6228,58,6299,59,0,2,0,14,0,44,0,6,2,"Anderson",76978,18.1870144716672,0.0154525386313466,76.6452752734548,0,18.1870144716672,1.54525386313466
2020-06-16,64,4,61,4,3,0,75,4,6289,61,6364,65,0,2,3,17,1,45,0,6,2,"Anderson",76978,22.0842318584531,0.0190597204574333,84.4397100470264,5.19628984904778,22.0842318584531,1.90597204574333
2020-06-17,66,2,63,2,3,0,79,4,6326,37,6405,41,0,2,0,17,2,47,0,6,2,"Anderson",76978,18.1870144716672,0.0259319286871961,53.2619709527397,2.59814492452389,22.0842318584531,2.59319286871961
2020-06-18,70,4,67,4,3,0,84,5,6456,130,6540,135,0,2,2,19,2,49,0,6,2,"Anderson",76978,19.4860869339292,0.0298013245033113,175.374782405363,5.19628984904778,24.682376782977,2.98013245033113
2020-06-19,72,2,69,2,3,0,86,2,6521,65,6607,67,0,2,0,19,2,51,0,6,2,"Anderson",76978,19.4860869339292,0.0273504273504274,87.0378549715503,2.59814492452389,24.682376782977,2.73504273504274
2020-06-20,73,1,70,1,3,0,87,1,6559,38,6646,39,0,2,-1,18,2,53,0,6,2,"Anderson",76978,19.4860869339292,0.0292598967297762,50.6638260282159,1.29907246226194,23.383304320715,2.92598967297762
2020-06-21,74,1,71,1,3,0,88,1,6619,60,6707,61,0,2,-1,17,2,55,0,6,2,"Anderson",76978,18.1870144716672,0.0385438972162741,79.2434201979787,1.29907246226194,22.0842318584531,3.85438972162741
2020-06-22,76,2,73,2,3,0,90,2,6711,92,6801,94,0,2,0,17,2,57,1,7,2,"Anderson",76978,20.7851593961911,0.0378486055776892,122.112811452623,2.59814492452389,22.0842318584531,3.78486055776892
2020-06-23,76,0,73,0,3,0,90,0,6800,89,6890,89,0,2,-1,16,1,58,0,7,2,"Anderson",76978,15.5888695471433,0.0285171102661597,115.617449141313,0,20.7851593961911,2.85171102661597
2020-06-24,77,1,74,1,3,0,91,1,6831,31,6922,32,0,2,-2,14,3,61,0,7,2,"Anderson",76978,14.2897970848814,0.02321083172147,41.5703187923822,1.29907246226194,18.1870144716672,2.321083172147
2020-06-25,81,4,78,4,3,0,92,1,6944,113,7036,114,0,2,0,14,4,65,0,7,2,"Anderson",76978,14.2897970848814,0.0161290322580645,148.094260697862,5.19628984904778,18.1870144716672,1.61290322580645
2020-06-26,86,5,83,5,3,0,98,6,6972,28,7070,34,0,2,3,17,2,67,0,7,2,"Anderson",76978,18.1870144716672,0.0259179265658747,44.1684637169061,6.49536231130973,22.0842318584531,2.59179265658747
2020-06-27,87,1,83,0,4,1,98,0,6984,12,7082,12,0,2,-4,13,5,72,0,7,2,"Anderson",76978,18.1870144716672,0.0252293577981651,15.5888695471433,1.29907246226194,16.8879420094053,2.52293577981651
2020-06-28,91,4,87,4,4,0,106,8,7093,109,7199,117,0,2,3,16,1,73,0,7,2,"Anderson",76978,22.0842318584531,0.0365853658536585,151.991478084648,5.19628984904778,20.7851593961911,3.65853658536585
2020-06-29,97,6,92,5,5,1,114,8,7315,222,7429,230,0,2,3,19,3,76,1,8,2,"Anderson",76978,27.2805217075008,0.0382165605095541,298.786666320247,7.79443477357167,24.682376782977,3.82165605095541
2020-06-30,102,5,96,4,6,1,120,6,7479,164,7599,170,0,2,2,21,3,79,0,8,2,"Anderson",76978,33.7758840188106,0.0423131170662905,220.842318584531,6.49536231130973,27.2805217075008,4.23131170662905
2020-07-01,104,2,98,2,6,0,124,4,7600,121,7724,125,0,2,-2,19,4,83,0,8,2,"Anderson",76978,35.0749564810725,0.0411471321695761,162.384057782743,2.59814492452389,24.682376782977,4.11471321695761
2020-07-02,110,6,104,6,6,0,130,6,7839,239,7969,245,0,2,4,23,2,85,0,8,2,"Anderson",76978,37.6731014055964,0.0407288317256163,318.272753254177,7.79443477357167,29.8786666320247,4.07288317256163
2020-07-03,120,10,113,9,7,1,142,12,7964,125,8106,137,0,2,7,30,3,88,0,8,2,"Anderson",76978,44.1684637169061,0.0424710424710425,177.972927329886,12.9907246226195,38.9721738678584,4.24710424710425
2020-07-04,131,11,124,11,7,0,156,14,8148,184,8304,198,0,2,8,38,3,91,2,10,2,"Anderson",76978,57.1591883395256,0.0474631751227496,257.216347527865,14.2897970848814,49.3647535659539,4.74631751227496
2020-07-05,140,9,133,9,7,0,169,13,8304,156,8473,169,0,2,8,46,1,92,1,11,2,"Anderson",76978,63.6545506508353,0.0494505494505494,219.543246122269,11.6916521603575,59.7573332640495,4.94505494505495
2020-07-06,141,1,134,1,7,0,170,1,8331,27,8501,28,0,2,-4,42,5,97,0,11,2,"Anderson",76978,57.1591883395256,0.0522388059701493,36.3740289433345,1.29907246226194,54.5610434150017,5.22388059701492
2020-07-07,157,16,150,16,7,0,190,20,8564,233,8754,253,0,2,12,54,4,101,0,11,2,"Anderson",76978,71.448985424407,0.0606060606060606,328.665332952272,20.7851593961911,70.149912962145,6.06060606060606
2020-07-08,173,16,165,15,8,1,206,16,8704,140,8910,156,0,2,10,64,6,107,0,11,2,"Anderson",76978,89.6359998960742,0.0691399662731872,202.655304112863,20.7851593961911,83.1406375847645,6.91399662731872
2020-07-09,187,14,179,14,8,0,220,14,8972,268,9192,282,0,2,11,75,3,110,0,11,2,"Anderson",76978,100.02857959417,0.0735895339329518,366.338434357868,18.1870144716672,97.4304346696459,7.35895339329518
2020-07-10,193,6,185,6,8,0,227,7,9002,30,9229,37,0,2,1,76,5,115,1,12,2,"Anderson",76978,94.832289745122,0.0756901157613535,48.065681103692,7.79443477357167,98.7295071319078,7.56901157613535
2020-07-11,201,8,193,8,8,0,235,8,9171,169,9406,177,0,2,1,77,7,122,1,13,2,"Anderson",76978,90.9350723583361,0.0716878402903811,229.935825820364,10.3925796980956,100.02857959417,7.16878402903811
2020-07-12,212,11,204,11,8,0,248,13,9354,183,9602,196,0,2,6,83,5,127,0,13,2,"Anderson",76978,93.53321728286,0.0699734278122232,254.618202603341,14.2897970848814,107.823014367741,6.99734278122232
2020-07-13,218,6,209,5,9,1,255,7,9393,39,9648,46,0,2,-6,77,12,139,2,15,2,"Anderson",76978,100.02857959417,0.0741063644289451,59.7573332640495,7.79443477357167,100.02857959417,7.41063644289451
2020-07-14,229,11,219,10,10,1,266,11,9533,140,9799,151,0,2,0,77,11,150,0,15,2,"Anderson",76978,93.53321728286,0.0727272727272727,196.159941801554,14.2897970848814,100.02857959417,7.27272727272727
2020-07-15,245,16,234,15,11,1,285,19,9635,102,9920,121,0,2,0,77,16,166,0,15,2,"Anderson",76978,93.53321728286,0.0782178217821782,157.187767933695,20.7851593961911,100.02857959417,7.82178217821782
2020-07-16,263,18,252,18,11,0,308,23,9924,289,10232,312,0,2,4,81,14,180,1,16,2,"Anderson",76978,98.7295071319078,0.0846153846153846,405.310608225727,23.383304320715,105.224869443218,8.46153846153846
2020-07-17,270,7,259,7,11,0,317,9,9995,71,10312,80,0,2,-8,73,15,195,1,17,3,"Anderson",76978,100.02857959417,0.0831024930747922,103.925796980956,9.09350723583361,94.832289745122,8.31024930747922
2020-07-18,277,7,266,7,11,0,328,11,10209,214,10537,225,0,2,-4,69,11,206,0,17,3,"Anderson",76978,98.7295071319078,0.0822281167108753,292.291304008938,9.09350723583361,89.6359998960742,8.22281167108753
2020-07-19,285,8,274,8,11,0,337,9,10290,81,10627,90,0,2,-5,64,13,219,2,19,3,"Anderson",76978,94.832289745122,0.0868292682926829,116.916521603575,10.3925796980956,83.1406375847645,8.68292682926829
2020-07-20,313,28,302,28,11,0,367,30,10459,169,10826,199,1,3,9,73,18,237,0,19,3,"Anderson",76978,123.411883914885,0.0950764006791171,258.515419990127,36.3740289433345,94.832289745122,9.50764006791171
2020-07-21,336,23,324,22,12,1,391,24,10751,292,11142,316,0,3,12,85,11,248,1,20,3,"Anderson",76978,139.000753462028,0.0930752047654505,410.506898074775,29.8786666320247,110.421159292265,9.30752047654505
2020-07-22,365,29,352,28,13,1,424,33,10886,135,11310,168,0,3,13,98,16,264,0,20,3,"Anderson",76978,155.888695471433,0.1,218.244173660007,37.6731014055964,127.309101301671,10
2020-07-23,388,23,375,23,13,0,455,31,11313,427,11768,458,0,3,9,107,14,278,2,22,3,"Anderson",76978,162.384057782743,0.095703125,594.975187715971,29.8786666320247,139.000753462028,9.5703125
2020-07-24,394,6,381,6,13,0,463,8,11425,112,11888,120,0,3,-16,91,22,300,0,22,4,"Anderson",76978,161.084985320481,0.0926395939086294,155.888695471433,7.79443477357167,118.215594065837,9.26395939086294
2020-07-25,426,32,412,31,14,1,499,36,11682,257,12181,293,1,4,26,117,5,305,1,23,4,"Anderson",76978,193.56179687703,0.104014598540146,380.62823144275,41.5703187923822,151.991478084648,10.4014598540146
2020-07-26,465,39,450,38,15,1,541,42,12085,403,12626,445,0,4,31,148,8,313,2,25,4,"Anderson",76978,233.83304320715,0.102051025512756,578.087245706565,50.6638260282159,192.262724414768,10.2051025512756
2020-07-27,483,18,467,17,16,1,562,21,12265,180,12827,201,0,4,-19,129,37,350,1,26,4,"Anderson",76978,220.842318584531,0.0974512743628186,261.113564914651,23.383304320715,167.580347631791,9.74512743628186
2020-07-28,523,40,507,40,16,0,608,46,12645,380,13253,426,0,4,24,153,16,366,1,27,5,"Anderson",76978,242.926550442984,0.10279488394126,553.404868923589,51.9628984904778,198.758086726078,10.279488394126
2020-07-29,527,4,511,4,16,0,612,4,12681,36,13293,40,1,5,-15,138,18,384,0,27,5,"Anderson",76978,210.449738886435,0.0948058497226425,51.9628984904778,5.19628984904778,179.271999792148,9.48058497226425
2020-07-30,564,37,548,37,16,0,665,53,13166,485,13831,538,0,5,20,158,17,401,0,27,5,"Anderson",76978,228.636753358102,0.101793504604944,698.900984696926,48.065681103692,205.253449037387,10.1793504604944
2020-07-31,576,12,560,12,16,0,679,14,13348,182,14027,196,0,5,-8,150,20,421,0,27,5,"Anderson",76978,236.431188131674,0.100981767180926,254.618202603341,15.5888695471433,194.860869339292,10.0981767180926
2020-08-01,599,23,583,23,16,0,704,25,13757,409,14461,434,0,5,17,167,6,427,1,28,5,"Anderson",76978,224.739535971316,0.0899122807017544,563.797448621684,29.8786666320247,216.945101197745,8.99122807017544
2020-08-02,606,7,590,7,16,0,711,7,13885,128,14596,135,0,5,2,169,5,432,1,29,6,"Anderson",76978,183.169217178934,0.0862944162436548,175.374782405363,9.09350723583361,219.543246122269,8.62944162436548
2020-08-03,631,25,614,24,17,1,742,31,14112,227,14854,258,0,5,14,183,11,443,0,29,6,"Anderson",76978,192.262724414768,0.0888011840157869,335.160695263582,32.4768115565486,237.730260593936,8.88011840157869
2020-08-04,638,7,621,7,17,0,750,8,14355,243,15105,251,2,7,-19,164,24,467,0,29,6,"Anderson",76978,149.393333160124,0.0766738660907127,326.067188027748,9.09350723583361,213.047883810959,7.66738660907127
2020-08-05,653,15,636,15,17,0,769,19,14564,209,15333,228,-1,6,-1,163,17,484,0,29,6,"Anderson",76978,163.683130245005,0.0769607843137255,296.188521395723,19.4860869339292,211.748811348697,7.69607843137255
2020-08-06,675,22,658,22,17,0,799,30,14885,321,15684,351,0,6,3,166,19,503,1,30,6,"Anderson",76978,144.197043311076,0.0723151645979493,455.974434253943,28.5795941697628,215.646028735483,7.23151645979493
2020-08-07,679,4,662,4,17,0,803,4,14966,81,15769,85,0,6,-21,145,25,528,0,30,6,"Anderson",76978,133.80446361298,0.0711825487944891,110.421159292265,5.19628984904778,188.365507027982,7.11825487944891
2020-08-08,690,11,673,11,17,0,819,16,15286,320,16105,336,0,6,1,146,10,538,0,30,6,"Anderson",76978,118.215594065837,0.0699513381995134,436.488347320014,14.2897970848814,189.664579490244,6.99513381995134
2020-08-09,697,7,680,7,17,0,828,9,15423,137,16251,146,0,6,-9,137,16,554,0,30,6,"Anderson",76978,118.215594065837,0.0706948640483384,189.664579490244,9.09350723583361,177.972927329886,7.06948640483384
2020-08-10,702,5,685,5,17,0,834,6,15562,139,16396,145,0,6,-11,126,16,570,0,30,6,"Anderson",76978,92.2341448205981,0.059662775616083,188.365507027982,6.49536231130973,163.683130245005,5.9662775616083
2020-08-11,723,21,706,21,17,0,856,22,15765,203,16621,225,0,6,9,135,12,582,1,31,6,"Anderson",76978,110.421159292265,0.0699208443271768,292.291304008938,27.2805217075008,175.374782405363,6.99208443271768
2020-08-12,731,8,714,8,17,0,864,8,16005,240,16869,248,0,6,-8,127,16,598,0,31,6,"Anderson",76978,101.327652056432,0.0618489583333333,322.169970640962,10.3925796980956,164.982202707267,6.18489583333333
2020-08-13,749,18,732,18,17,0,888,24,16233,228,17121,252,1,7,3,130,14,612,2,33,6,"Anderson",76978,96.1313622073839,0.0619345859429367,327.36626049001,23.383304320715,168.879420094053,6.19345859429367
2020-08-14,766,17,748,16,18,1,910,22,16562,329,17472,351,0,7,-9,121,26,638,0,33,6,"Anderson",76978,113.019304216789,0.0628302994715208,455.974434253943,22.0842318584531,157.187767933695,6.28302994715208
2020-08-15,776,10,758,10,18,0,922,12,16785,223,17707,235,-1,6,5,126,6,644,0,33,6,"Anderson",76978,111.720231754527,0.0642946317103621,305.282028631557,12.9907246226195,163.683130245005,6.4294631710362
2020-08-16,788,12,770,12,18,0,936,14,16927,142,17863,156,0,6,7,133,5,649,0,33,7,"Anderson",76978,118.215594065837,0.0669975186104218,202.655304112863,15.5888695471433,172.776637480839,6.69975186104218
2020-08-17,792,4,774,4,18,0,939,3,16970,43,17909,46,0,6,-13,120,17,666,0,33,7,"Anderson",76978,116.916521603575,0.069398545935228,59.7573332640495,5.19628984904778,155.888695471433,6.9398545935228
2020-08-18,806,14,788,14,18,0,956,17,17134,164,18090,181,0,6,5,125,9,675,0,33,7,"Anderson",76978,107.823014367741,0.068073519400953,235.132115669412,18.1870144716672,162.384057782743,6.8073519400953
2020-08-19,820,14,802,14,18,0,970,14,17308,174,18278,188,0,6,0,125,14,689,0,33,7,"Anderson",76978,115.617449141313,0.0752306600425834,244.225622905246,18.1870144716672,162.384057782743,7.52306600425834
2020-08-20,835,15,817,15,18,0,986,16,17750,442,18736,458,0,6,5,130,10,699,0,33,8,"Anderson",76978,111.720231754527,0.0606811145510836,594.975187715971,19.4860869339292,168.879420094053,6.06811145510836
2020-08-21,838,3,820,3,18,0,989,3,17786,36,18775,39,1,7,-7,123,9,708,0,33,8,"Anderson",76978,93.53321728286,0.0606293169608596,50.6638260282159,3.89721738678583,159.785912858219,6.06293169608596
2020-08-22,856,18,838,18,18,0,1008,19,18330,544,19338,563,1,8,10,133,7,715,1,34,8,"Anderson",76978,103.925796980956,0.052728387492336,731.377796253475,23.383304320715,172.776637480839,5.2728387492336
2020-08-23,857,1,839,1,18,0,1009,1,18414,84,19423,85,0,8,-5,128,6,721,0,34,8,"Anderson",76978,89.6359998960742,0.0467948717948718,110.421159292265,1.29907246226194,166.281275169529,4.67948717948718
2020-08-24,858,1,839,0,19,1,1009,0,18453,39,19462,39,0,8,-19,109,20,741,0,34,8,"Anderson",76978,85.7387825092884,0.0450740502253702,50.6638260282159,1.29907246226194,141.598898386552,4.50740502253703
2020-08-25,866,8,847,8,19,0,1017,8,18605,152,19622,160,0,8,-2,107,10,751,1,35,8,"Anderson",76978,77.9443477357167,0.0398172323759791,207.851593961911,10.3925796980956,139.000753462028,3.98172323759791
2020-08-26,872,6,853,6,19,0,1023,6,18785,180,19808,186,0,8,-14,93,20,771,0,35,8,"Anderson",76978,67.5517680376211,0.034640522875817,241.627477980722,7.79443477357167,120.813738990361,3.4640522875817
2020-08-27,875,3,856,3,19,0,1026,3,19196,411,20222,414,0,8,-16,77,19,790,0,35,8,"Anderson",76978,51.9628984904778,0.0269179004037685,537.815999376445,3.89721738678583,100.02857959417,2.69179004037685
2020-08-28,875,0,856,0,19,0,1026,0,19234,38,20260,38,0,8,-20,57,20,810,0,35,8,"Anderson",76978,48.065681103692,0.0249158249158249,49.3647535659539,0,74.0471303489309,2.49158249158249
2020-08-29,884,9,864,8,20,1,1034,8,19496,262,20530,270,0,8,3,60,6,816,0,35,8,"Anderson",76978,36.3740289433345,0.0218120805369128,350.749564810725,11.6916521603575,77.9443477357167,2.18120805369128
2020-08-30,900,16,880,16,20,0,1050,16,19579,83,20629,99,0,8,8,68,8,824,0,35,8,"Anderson",76978,55.8601158772636,0.0339966832504146,128.608173763933,20.7851593961911,88.3369274338123,3.39966832504146
2020-08-31,902,2,882,2,20,0,1052,2,19637,58,20689,60,0,8,-15,53,17,841,0,35,8,"Anderson",76978,57.1591883395256,0.0350448247758761,77.9443477357167,2.59814492452389,68.8508404998831,3.50448247758761
2020-09-01,909,7,888,6,21,1,1058,6,19748,111,20806,117,0,8,0,53,7,848,0,35,8,"Anderson",76978,55.8601158772636,0.0346283783783784,151.991478084648,9.09350723583361,68.8508404998831,3.46283783783784
2020-09-02,917,8,894,6,23,2,1068,10,20064,316,21132,326,0,8,5,58,3,851,0,35,8,"Anderson",76978,58.4582608017875,0.033987915407855,423.497622697394,10.3925796980956,75.3462028111928,3.3987915407855
2020-09-03,933,16,908,14,25,2,1084,16,20388,324,21472,340,0,8,10,68,6,857,0,35,9,"Anderson",76978,75.3462028111928,0.0464,441.684637169061,20.7851593961911,88.3369274338123,4.64
2020-09-04,942,9,916,8,26,1,1094,10,20577,189,21671,199,0,8,6,74,3,860,0,35,9,"Anderson",76978,87.0378549715503,0.0481927710843374,258.515419990127,11.6916521603575,96.1313622073839,4.81927710843374
2020-09-05,961,19,935,19,26,0,1115,21,20846,269,21961,290,0,8,16,90,3,863,1,36,10,"Anderson",76978,100.02857959417,0.0566037735849057,376.731014055964,24.682376782977,116.916521603575,5.66037735849057
2020-09-06,963,2,937,2,26,0,1117,2,20902,56,22019,58,0,8,-1,89,3,866,0,36,10,"Anderson",76978,81.8415651225025,0.0482014388489209,75.3462028111928,2.59814492452389,115.617449141313,4.82014388489209
2020-09-07,966,3,940,3,26,0,1122,5,20990,88,22112,93,0,8,-8,81,11,877,0,36,10,"Anderson",76978,83.1406375847645,0.0491918482080112,120.813738990361,3.89721738678583,105.224869443218,4.91918482080112
2020-09-08,975,9,943,3,32,6,1126,4,21165,175,22291,179,1,9,4,85,4,881,0,36,10,"Anderson",76978,85.7387825092884,0.0457912457912458,232.533970744888,11.6916521603575,110.421159292265,4.57912457912458
2020-09-09,984,9,952,9,32,0,1135,9,21406,241,22541,250,0,9,-3,82,12,893,1,37,11,"Anderson",76978,87.0378549715503,0.0475514549325763,324.768115565486,11.6916521603575,106.523941905479,4.75514549325763
2020-09-10,1013,29,980,28,33,1,1165,30,21775,369,22940,399,1,10,25,107,3,896,0,37,11,"Anderson",76978,103.925796980956,0.0551771117166213,518.329912442516,37.6731014055964,139.000753462028,5.51771117166213
2020-09-11,1014,1,981,1,33,0,1167,2,21908,133,23075,135,0,10,-13,94,14,910,0,37,11,"Anderson",76978,93.53321728286,0.051994301994302,175.374782405363,1.29907246226194,122.112811452623,5.1994301994302
2020-09-12,1017,3,984,3,33,0,1172,5,22050,142,23222,147,0,10,-5,89,8,918,0,37,11,"Anderson",76978,72.7480578866689,0.0452022204599524,190.963651952506,3.89721738678583,115.617449141313,4.52022204599524
2020-09-13,1038,21,1004,20,34,1,1193,21,22294,244,23487,265,0,10,16,105,5,923,1,38,11,"Anderson",76978,97.4304346696459,0.0517711171662125,344.254202499415,27.2805217075008,136.402608537504,5.17711171662125
2020-09-14,1044,6,1009,5,35,1,1199,6,22400,106,23599,112,0,10,-7,98,13,936,1,39,11,"Anderson",76978,101.327652056432,0.0517821116341627,145.496115773338,7.79443477357167,127.309101301671,5.17821116341627
2020-09-15,1060,16,1025,16,35,0,1216,17,22640,240,23856,257,1,11,5,103,10,946,1,40,12,"Anderson",76978,110.421159292265,0.0575079872204473,333.86162280132,20.7851593961911,133.80446361298,5.75079872204473
2020-09-16,1068,8,1033,8,35,0,1228,12,22776,136,24004,148,0,11,-5,98,13,959,0,40,12,"Anderson",76978,109.122086830003,0.063568010936432,192.262724414768,10.3925796980956,127.309101301671,6.3568010936432
2020-09-17,1090,22,1053,20,37,2,1248,20,23197,421,24445,441,0,11,15,113,7,966,1,41,12,"Anderson",76978,100.02857959417,0.0551495016611296,572.890955857518,28.5795941697628,146.7951882356,5.51495016611296
2020-09-18,1109,19,1072,19,37,0,1266,18,23421,224,24687,242,0,11,6,119,13,979,0,41,12,"Anderson",76978,123.411883914885,0.0614143920595533,314.375535867391,24.682376782977,154.589623009171,6.14143920595533
2020-09-19,1124,15,1087,15,37,0,1287,21,23703,282,24990,303,0,11,9,128,6,985,1,42,12,"Anderson",76978,139.000753462028,0.0650452488687783,393.618956065369,19.4860869339292,166.281275169529,6.50452488687783
2020-09-20,1131,7,1094,7,37,0,1297,10,23855,152,25152,162,0,11,0,128,7,992,0,42,13,"Anderson",76978,120.813738990361,0.0624624624624625,210.449738886435,9.09350723583361,166.281275169529,6.24624624624625
2020-09-21,1133,2,1096,2,37,0,1299,2,23888,33,25187,35,0,11,-6,122,8,1000,0,42,13,"Anderson",76978,115.617449141313,0.0629722921914358,45.4675361791681,2.59814492452389,158.486840395957,6.29722921914358
2020-09-22,1147,14,1110,14,37,0,1316,17,24136,248,25452,265,0,11,0,122,14,1014,1,43,13,"Anderson",76978,113.019304216789,0.06265664160401,344.254202499415,18.1870144716672,158.486840395957,6.265664160401
2020-09-23,1147,0,1110,0,37,0,1316,0,24177,41,25493,41,0,11,-12,110,12,1026,0,43,13,"Anderson",76978,102.626724518694,0.0591000671591672,53.2619709527397,0,142.897970848814,5.91000671591672
2020-09-24,1160,13,1123,13,37,0,1331,15,24501,324,25832,339,1,12,0,110,12,1038,0,43,13,"Anderson",76978,90.9350723583361,0.0598413842826244,440.385564706799,16.8879420094053,142.897970848814,5.98413842826244
2020-09-25,1174,14,1136,13,38,1,1344,13,24737,236,26081,249,1,13,-2,108,15,1053,0,43,13,"Anderson",76978,84.4397100470264,0.0559540889526542,323.469043103224,18.1870144716672,140.29982592429,5.59540889526542
2020-09-26,1188,14,1150,14,38,0,1361,17,25037,300,26398,317,0,13,8,116,6,1059,0,43,13,"Anderson",76978,83.1406375847645,0.0525568181818182,411.805970537037,18.1870144716672,150.692405622386,5.25568181818182
2020-09-27,1207,19,1167,17,40,2,1377,16,25244,207,26621,223,0,13,12,128,7,1066,0,43,13,"Anderson",76978,98.7295071319078,0.0544588155207624,289.693159084414,24.682376782977,166.281275169529,5.44588155207624
2020-09-28,1210,3,1169,2,41,1,1379,2,25281,37,26660,39,0,13,-9,119,12,1078,0,43,13,"Anderson",76978,100.02857959417,0.0543109300746775,50.6638260282159,3.89721738678583,154.589623009171,5.43109300746775
2020-09-29,1221,11,1179,10,42,1,1389,10,25575,294,26964,304,0,13,-7,112,18,1096,0,43,13,"Anderson",76978,96.1313622073839,0.0482804232804233,394.918028527631,14.2897970848814,145.496115773338,4.82804232804233
2020-09-30,1233,12,1189,10,44,2,1399,10,25641,66,27040,76,0,13,3,115,9,1105,0,43,13,"Anderson",76978,111.720231754527,0.0536522301228184,98.7295071319078,15.5888695471433,149.393333160124,5.36522301228184
2020-10-01,1249,16,1203,14,46,2,1414,15,25921,280,27335,295,0,13,4,119,12,1117,0,43,13,"Anderson",76978,115.617449141313,0.0552228875582169,383.226376367274,20.7851593961911,154.589623009171,5.52228875582169
2020-10-02,1256,7,1209,6,47,1,1421,7,26003,82,27424,89,0,13,1,120,6,1123,0,43,13,"Anderson",76978,106.523941905479,0.0573343261355175,115.617449141313,9.09350723583361,155.888695471433,5.73343261355175
2020-10-03,1272,16,1225,16,47,0,1445,24,26267,264,27712,288,0,13,3,123,13,1136,0,43,13,"Anderson",76978,109.122086830003,0.0639269406392694,374.13286913144,20.7851593961911,159.785912858219,6.39269406392694
2020-10-04,1288,16,1239,14,49,2,1461,16,26604,337,28065,353,0,13,8,131,8,1144,0,43,13,"Anderson",76978,105.224869443218,0.0581717451523546,458.572579178467,20.7851593961911,170.178492556315,5.81717451523546
2020-10-05,1314,26,1264,25,50,1,1488,27,26815,211,28303,238,0,13,11,142,15,1159,1,44,13,"Anderson",76978,135.103536075242,0.0663420572124163,309.179246018343,33.7758840188106,184.468289641196,6.63420572124163
2020-10-06,1342,28,1291,27,51,1,1520,32,27152,337,28672,369,0,13,15,157,13,1172,1,45,13,"Anderson",76978,157.187767933695,0.0766978922716628,479.357738574658,36.3740289433345,203.954376575125,7.66978922716628
2020-10-07,1348,6,1297,6,51,0,1528,8,27387,235,28915,243,0,13,-3,154,9,1181,0,45,13,"Anderson",76978,149.393333160124,0.0688,315.674608329653,7.79443477357167,200.05715918834,6.88
2020-10-08,1358,10,1305,8,53,2,1537,9,27626,239,29163,248,0,13,-3,151,13,1194,1,46,13,"Anderson",76978,141.598898386552,0.0672866520787746,322.169970640962,12.9907246226195,196.159941801554,6.72866520787746
2020-10-09,1373,15,1318,13,55,2,1553,16,27799,173,29352,189,0,13,-2,149,17,1211,0,46,13,"Anderson",76978,151.991478084648,0.0684647302904564,245.524695367508,19.4860869339292,193.56179687703,6.84647302904564
2020-10-10,1389,16,1334,16,55,0,1573,20,28011,212,29584,232,0,13,3,152,13,1224,1,47,14,"Anderson",76978,151.991478084648,0.0683760683760684,301.384811244771,20.7851593961911,197.459014263816,6.83760683760684
2020-10-11,1417,28,1362,28,55,0,1604,31,28300,289,29904,320,0,13,18,170,10,1234,0,47,14,"Anderson",76978,167.580347631791,0.0777596519847743,415.703187923822,36.3740289433345,220.842318584531,7.77596519847743
2020-10-12,1433,16,1377,15,56,1,1620,16,28379,79,29999,95,0,13,-11,159,27,1261,0,47,14,"Anderson",76978,154.589623009171,0.0778301886792453,123.411883914885,20.7851593961911,206.552521499649,7.78301886792453
2020-10-13,1453,20,1395,18,58,2,1638,18,28500,121,30138,139,0,13,7,166,13,1274,0,47,14,"Anderson",76978,144.197043311076,0.0804911323328786,180.57107225441,25.9814492452389,215.646028735483,8.04911323328786
2020-10-14,1475,22,1417,22,58,0,1662,24,28800,300,30462,324,0,13,12,178,10,1284,0,47,14,"Anderson",76978,164.982202707267,0.0866192630898513,420.89947777287,28.5795941697628,231.234898282626,8.66192630898513
2020-10-15,1497,22,1433,16,64,6,1676,14,28951,151,30627,165,0,13,2,180,20,1304,1,48,14,"Anderson",76978,180.57107225441,0.0949453551912568,214.346956273221,28.5795941697628,233.83304320715,9.49453551912568
2020-10-16,1504,7,1436,3,68,4,1680,4,29050,99,30730,103,0,13,-11,169,18,1322,0,48,15,"Anderson",76978,170.178492556315,0.0921625544267054,133.80446361298,9.09350723583361,219.543246122269,9.21625544267054
2020-10-17,1532,28,1463,27,69,1,1710,30,29298,248,31008,278,0,13,14,183,14,1336,2,50,15,"Anderson",76978,185.767362103458,0.0962078651685393,361.142144508821,36.3740289433345,237.730260593936,9.62078651685393
2020-10-18,1552,20,1483,20,69,0,1733,23,29537,239,31270,262,0,13,5,188,15,1351,0,50,15,"Anderson",76978,175.374782405363,0.0944363103953148,340.35698511263,25.9814492452389,244.225622905246,9.44363103953148
2020-10-19,1556,4,1487,4,69,0,1738,5,29614,77,31352,82,0,13,-16,172,20,1371,1,51,15,"Anderson",76978,159.785912858219,0.0872135994087214,106.523941905479,5.19628984904778,223.440463509055,8.72135994087214
2020-10-20,1583,27,1514,27,69,0,1773,35,29813,199,31586,234,0,13,6,178,21,1392,0,51,15,"Anderson",76978,168.879420094053,0.093232044198895,303.982956169295,35.0749564810725,231.234898282626,9.3232044198895
2020-10-21,1600,17,1531,17,69,0,1792,19,30029,216,31821,235,0,13,8,186,9,1401,1,52,15,"Anderson",76978,162.384057782743,0.0956585724797645,305.282028631557,22.0842318584531,241.627477980722,9.56585724797645
2020-10-22,1621,21,1552,21,69,0,1817,25,30361,332,32178,357,1,14,-4,182,24,1425,0,52,15,"Anderson",76978,161.084985320481,0.0909090909090909,463.768869027514,27.2805217075008,236.431188131674,9.09090909090909
2020-10-23,1636,15,1566,14,70,1,1833,16,30636,275,32469,291,0,14,-7,175,22,1447,0,52,15,"Anderson",76978,171.477565018577,0.0879815986198965,378.030086518226,19.4860869339292,227.33768089584,8.79815986198965
2020-10-24,1667,31,1596,30,71,1,1866,33,31012,376,32878,409,0,14,19,194,12,1459,2,54,17,"Anderson",76978,175.374782405363,0.0834224598930481,531.320637065136,40.2712463301203,252.020057678817,8.34224598930481
2020-10-25,1684,17,1612,16,72,1,1885,19,31208,196,33093,215,0,14,0,194,17,1476,4,58,17,"Anderson",76978,171.477565018577,0.0833790455293472,279.300579386318,22.0842318584531,252.020057678817,8.33790455293472
2020-10-26,1700,16,1627,15,73,1,1903,18,31342,134,33245,152,-1,13,-11,183,28,1504,1,59,17,"Anderson",76978,187.06643456572,0.0871632329635499,197.459014263816,20.7851593961911,237.730260593936,8.71632329635499
2020-10-27,1729,29,1651,24,78,5,1927,24,31497,155,33424,179,1,14,10,193,18,1522,2,61,17,"Anderson",76978,189.664579490244,0.0837867247007617,232.533970744888,37.6731014055964,250.720985216555,8.37867247007617
2020-10-28,1785,56,1705,54,80,2,1986,59,31931,434,33917,493,0,14,33,226,23,1545,0,61,17,"Anderson",76978,240.32840551846,0.0925572519083969,640.442723895139,72.7480578866689,293.5903764712,9.25572519083969
2020-10-29,1814,29,1726,21,88,8,2005,19,32137,206,34142,225,0,14,6,232,23,1568,2,63,17,"Anderson",76978,250.720985216555,0.0957230142566191,292.291304008938,37.6731014055964,301.384811244771,9.57230142566191
2020-10-30,1851,37,1760,34,91,3,2043,38,32288,151,34331,189,2,16,20,252,15,1583,1,64,17,"Anderson",76978,279.300579386318,0.112781954887218,245.524695367508,48.065681103692,327.36626049001,11.2781954887218
2020-10-31,1851,0,1760,0,91,0,2043,0,32289,1,34332,1,0,16,-10,242,10,1593,0,64,19,"Anderson",76978,239.029333056198,0.121733149931224,1.29907246226194,0,314.375535867391,12.1733149931224
2020-11-01,1856,5,1765,5,91,0,2051,8,32533,244,34584,252,0,16,-10,232,15,1608,0,64,19,"Anderson",76978,223.440463509055,0.111334674714956,327.36626049001,6.49536231130973,301.384811244771,11.1334674714956
2020-11-02,1889,33,1796,31,93,2,2086,35,32800,267,34886,302,0,16,8,240,25,1633,0,64,20,"Anderson",76978,245.524695367508,0.111517367458867,392.319883603107,42.8693912546442,311.777390942867,11.1517367458867
2020-11-03,1915,26,1821,25,94,1,2111,25,32980,180,35091,205,0,16,6,246,20,1653,0,64,21,"Anderson",76978,241.627477980722,0.110377924415117,266.309854763699,33.7758840188106,319.571825716438,11.0377924415117
2020-11-04,1933,18,1836,15,97,3,2129,18,33059,79,35188,97,2,18,1,247,15,1668,1,65,21,"Anderson",76978,192.262724414768,0.112509834775767,126.010028839409,23.383304320715,320.8708981787,11.2509834775767
2020-11-05,1957,24,1854,18,103,6,2149,20,33158,99,35307,119,0,18,1,248,23,1691,0,65,22,"Anderson",76978,185.767362103458,0.123605150214592,154.589623009171,31.1777390942867,322.169970640962,12.3605150214592
2020-11-06,2006,49,1900,46,106,3,2198,49,33525,367,35723,416,0,18,24,272,25,1716,2,67,23,"Anderson",76978,201.356231650601,0.111350574712644,540.414144300969,63.6545506508353,353.347709735249,11.1350574712644
2020-11-07,2086,80,1977,77,109,3,2275,77,33972,447,36247,524,0,18,50,322,30,1746,0,67,23,"Anderson",76978,305.282028631557,0.121148825065274,680.713970225259,103.925796980956,418.301332848346,12.1148825065274
2020-11-08,2140,54,2028,51,112,3,2337,62,34582,610,36919,672,0,18,39,361,15,1761,1,68,23,"Anderson",76978,368.936579282392,0.122483940042827,872.976694640027,70.149912962145,468.965158876562,12.2483940042827
2020-11-09,2148,8,2035,7,113,1,2346,9,34656,74,37002,83,0,18,-46,315,54,1815,0,68,23,"Anderson",76978,336.459767725844,0.122873345935728,107.823014367741,10.3925796980956,409.207825612513,12.2873345935728
2020-11-10,2167,19,2053,18,114,1,2368,22,34827,171,37195,193,0,18,-16,299,35,1850,1,69,23,"Anderson",76978,327.36626049001,0.122148288973384,250.720985216555,24.682376782977,388.422666216322,12.2148288973384
2020-11-11,2206,39,2089,36,117,3,2410,42,35100,273,37510,315,1,19,13,312,25,1875,1,70,23,"Anderson",76978,354.646782197511,0.121016365202412,409.207825612513,50.6638260282159,405.310608225727,12.1016365202412
2020-11-12,2213,7,2095,6,118,1,2418,8,35298,198,37716,206,0,19,-13,299,20,1895,0,70,24,"Anderson",76978,332.562550339058,0.111664591116646,267.608927225961,9.09350723583361,388.422666216322,11.1664591116646
2020-11-13,2269,56,2148,53,121,3,2477,59,35560,262,38037,321,2,21,31,330,23,1918,2,72,24,"Anderson",76978,341.656057574892,0.12057044079516,417.002260386084,72.7480578866689,428.693912546442,12.057044079516
2020-11-14,2310,41,2188,40,122,1,2522,45,35956,396,38478,441,1,22,20,350,20,1938,1,73,25,"Anderson",76978,290.992231546676,0.110712684894666,572.890955857518,53.2619709527397,454.675361791681,11.0712684894666
2020-11-15,2408,98,2286,98,122,0,2630,108,36538,582,39168,690,1,23,79,429,18,1956,1,74,25,"Anderson",76978,348.151419886201,0.130280124499778,896.359998960742,127.309101301671,557.302086310374,13.0280124499778
2020-11-16,2457,49,2315,29,142,20,2659,29,36815,277,39474,306,0,23,-6,423,55,2011,1,75,25,"Anderson",76978,401.413390838941,0.126618122977346,397.516173452155,63.6545506508353,549.507651536803,12.6618122977346
2020-11-17,2473,16,2330,15,143,1,2675,16,37021,206,39696,222,2,25,-37,386,51,2062,1,76,26,"Anderson",76978,397.516173452155,0.122750899640144,288.394086622152,20.7851593961911,501.441970433111,12.2750899640144
2020-11-18,2503,30,2356,26,147,4,2701,26,37315,294,40016,320,0,25,-5,381,35,2097,0,76,27,"Anderson",76978,385.824521291798,0.116121308858739,415.703187923822,38.9721738678584,494.946608121801,11.6121308858739
2020-11-19,2561,58,2410,54,151,4,2763,62,37731,416,40494,478,0,25,19,400,39,2136,1,77,27,"Anderson",76978,452.077216867157,0.124190064794816,620.95663696121,75.3462028111928,519.628984904778,12.4190064794816
2020-11-20,2591,30,2437,27,154,3,2794,31,37845,114,40639,145,0,25,-10,390,40,2176,0,77,28,"Anderson",76978,418.301332848346,0.121829362029208,188.365507027982,38.9721738678584,506.638260282159,12.1829362029208
2020-11-21,2648,57,2486,49,162,8,2842,48,38189,344,41031,392,0,25,33,423,24,2200,1,78,28,"Anderson",76978,439.086492244537,0.125342734038386,509.236405206682,74.0471303489309,549.507651536803,12.5342734038386
2020-11-22,2704,56,2535,49,169,7,2899,57,38672,483,41571,540,0,25,42,465,14,2214,1,79,31,"Anderson",76978,384.525448829536,0.111943404078236,701.49912962145,72.7480578866689,604.068694951804,11.1943404078236
2020-11-23,2711,7,2541,6,170,1,2905,6,38694,22,41599,28,0,25,-64,401,71,2285,0,79,32,"Anderson",76978,329.964405414534,0.115764705882353,36.3740289433345,9.09350723583361,520.92805736704,11.5764705882353
2020-11-24,2724,13,2553,12,171,1,2917,12,38851,157,41768,169,2,27,-35,366,46,2331,0,79,32,"Anderson",76978,326.067188027748,0.116795366795367,219.543246122269,16.8879420094053,475.460521187872,11.6795366795367
2020-11-25,2752,28,2574,21,178,7,2938,21,38888,37,41826,58,1,28,-11,355,38,2369,0,79,32,"Anderson",76978,323.469043103224,0.130939226519337,75.3462028111928,36.3740289433345,461.170724102991,13.0939226519337
2020-11-26,2797,45,2616,42,181,3,2983,45,39238,350,42221,395,0,28,-30,325,75,2444,1,80,33,"Anderson",76978,306.581101093819,0.127388535031847,513.133622593468,58.4582608017875,422.198550235132,12.7388535031847
2020-11-27,2896,99,2706,90,190,9,3078,95,39664,426,42742,521,0,28,56,381,43,2487,3,83,35,"Anderson",76978,396.217100989893,0.135045173561579,676.816752838473,128.608173763933,494.946608121801,13.5045173561579
2020-11-28,2927,31,2731,25,196,6,3108,30,39807,143,42915,173,1,29,5,386,25,2512,2,85,35,"Anderson",76978,362.441216971083,0.141188959660297,224.739535971316,40.2712463301203,501.441970433111,14.1188959660297
2020-11-29,3018,91,2820,89,198,2,3204,96,40244,437,43448,533,0,29,65,451,26,2538,1,86,35,"Anderson",76978,407.908753150251,0.162493340436867,692.405622385617,118.215594065837,585.881680480137,16.2493340436867
2020-11-30,3088,70,2886,66,202,4,3277,73,40496,252,43773,325,0,29,1,452,69,2607,0,86,37,"Anderson",76978,489.750318272753,0.171113155473781,422.198550235132,90.9350723583361,587.180752942399,17.1113155473781
2020-12-01,3164,76,2952,66,212,10,3349,72,40927,431,44276,503,1,30,14,466,61,2668,6,92,38,"Anderson",76978,571.591883395256,0.172248803827751,653.433448517758,98.7295071319078,605.367767414066,17.2248803827751
2020-12-02,3179,15,2966,14,213,1,3365,16,41035,108,44400,124,0,30,-40,426,55,2723,0,92,38,"Anderson",76978,554.70394138585,0.165889665889666,161.084985320481,19.4860869339292,553.404868923589,16.5889665889666
2020-12-03,3220,41,2995,29,225,12,3398,33,41259,224,44657,257,1,31,-14,412,54,2777,1,93,39,"Anderson",76978,549.507651536803,0.170361247947455,333.86162280132,53.2619709527397,535.217854451921,17.0361247947455
2020-12-04,3287,67,3055,60,232,7,3461,63,41417,158,44878,221,1,32,-25,387,91,2868,0,93,39,"Anderson",76978,507.93733274442,0.179307116104869,287.09501415989,87.0378549715503,502.741042895373,17.9307116104869
2020-12-05,3318,31,3074,19,244,12,3479,18,41484,67,44963,85,0,32,1,388,30,2898,0,93,39,"Anderson",76978,507.93733274442,0.18115234375,110.421159292265,40.2712463301203,504.040115357635,18.115234375
2020-12-06,3354,36,3103,29,251,7,3507,28,41692,208,45199,236,0,32,12,400,24,2922,2,95,40,"Anderson",76978,436.488347320014,0.173043974871502,306.581101093819,46.76660864143,519.628984904778,17.3043974871502
2020-12-07,3494,140,3227,124,267,16,3643,136,42285,593,45928,729,2,34,28,428,110,3032,4,99,41,"Anderson",76978,527.42341967835,0.169837587006961,947.023824988958,181.870144716672,556.003013848112,16.9837587006961
2020-12-08,3565,71,3276,49,289,22,3695,52,42583,298,46278,350,1,35,-8,420,78,3110,2,101,43,"Anderson",76978,520.92805736704,0.172827172827173,454.675361791681,92.2341448205981,545.610434150017,17.2827172827173
2020-12-09,3670,105,3367,91,303,14,3799,104,42844,261,46643,365,0,35,46,466,59,3169,3,104,44,"Anderson",76978,637.844578970615,0.193490860454748,474.16144872561,136.402608537504,605.367767414066,19.3490860454748
2020-12-10,3764,94,3445,78,319,16,3886,87,43376,532,47262,619,3,38,81,547,10,3179,3,107,45,"Anderson",76978,706.695419470498,0.187332053742802,804.125854140144,122.112811452623,710.592636857284,18.7332053742802
2020-12-11,3837,73,3498,53,339,20,3937,51,43542,166,47479,217,1,39,30,577,42,3221,2,109,45,"Anderson",76978,714.48985424407,0.183006535947712,281.898724310842,94.832289745122,749.564810725142,18.3006535947712
2020-12-12,3925,88,3559,61,366,27,4002,65,44055,513,48057,578,0,39,55,632,33,3254,2,111,45,"Anderson",76978,788.536984593001,0.169036845507434,750.863883187404,114.318376679051,821.013796149549,16.9036845507434
2020-12-13,4157,232,3742,183,415,49,4206,204,44927,872,49133,1076,1,40,188,820,43,3297,0,111,47,"Anderson",76978,1043.15518719634,0.177681748856126,1397.80196939385,301.384811244771,1065.23941905479,17.7681748856126
2020-12-14,4272,115,3827,85,445,30,4305,99,45218,291,49523,390,0,40,-37,783,152,3449,1,112,48,"Anderson",76978,1010.67837563979,0.184144645340751,506.638260282159,149.393333160124,1017.1737379511,18.4144645340751
2020-12-15,4407,135,3912,85,495,50,4401,96,45745,527,50146,623,1,41,42,825,92,3541,6,118,51,"Anderson",76978,1093.81901322456,0.182523267838676,809.322143989192,175.374782405363,1071.7347813661,18.2523267838676
2020-12-16,4476,69,3942,30,534,39,4437,36,46068,323,50505,359,2,43,-17,808,84,3625,4,122,52,"Anderson",76978,1047.05240458313,0.165199378560331,466.367013952038,89.6359998960742,1049.65054950765,16.5199378560331
2020-12-17,4677,201,4116,174,561,27,4631,194,46596,528,51227,722,2,45,114,922,85,3710,2,124,54,"Anderson",76978,1186.05315804516,0.187894073139975,937.930317753124,261.113564914651,1197.74481020551,18.7894073139975
2020-12-18,4775,98,4192,76,583,22,4718,87,46962,366,51680,453,1,46,23,945,74,3784,2,126,54,"Anderson",76978,1218.5299696017,0.185908117114973,588.479825404661,127.309101301671,1227.62347683754,18.5908117114973
2020-12-19,4880,105,4273,81,607,24,4805,87,47220,258,52025,345,0,46,74,1019,31,3815,1,127,55,"Anderson",76978,1240.61420146016,0.202368951612903,448.179999480371,136.402608537504,1323.75483904492,20.2368951612903
2020-12-20,5020,140,4395,122,625,18,4942,137,47684,464,52626,601,2,48,84,1103,54,3869,3,130,56,"Anderson",76978,1121.09953493206,0.2107071285428,780.742549819429,181.870144716672,1432.87692587493,21.07071285428
2020-12-21,5068,48,4413,18,655,30,4965,23,47904,220,52869,243,3,51,-83,1020,128,3997,2,132,59,"Anderson",76978,1034.06167996051,0.197250448296473,315.674608329653,62.3554781885734,1325.05391150718,19.7250448296473
2020-12-22,5138,70,4457,44,681,26,5012,47,48010,106,53022,153,1,52,-31,989,100,4097,2,134,64,"Anderson",76978,949.621969913482,0.212447844228095,198.758086726078,90.9350723583361,1284.78266517706,21.2447844228095
2020-12-23,5212,74,4499,42,713,32,5055,43,48326,316,53381,359,2,54,-8,981,80,4177,2,136,66,"Anderson",76978,956.117332224792,0.214881780250348,466.367013952038,96.1313622073839,1274.39008547897,21.4881780250348
2020-12-24,5270,58,4523,24,747,34,5082,27,48478,152,53560,179,1,55,-47,934,104,4281,1,137,71,"Anderson",76978,770.349970121333,0.193313330475782,232.533970744888,75.3462028111928,1213.33367975266,19.3313330475782
2020-12-25,5364,94,4601,78,763,16,5175,93,48887,409,54062,502,0,55,-16,918,110,4391,1,138,72,"Anderson",76978,765.153680272286,0.191855583543241,652.134376055496,122.112811452623,1192.54852035647,19.1855583543241
2020-12-26,5420,56,4630,29,790,27,5203,28,49006,119,54209,147,0,55,6,924,50,4441,3,141,74,"Anderson",76978,701.49912962145,0.182234432234432,190.963651952506,72.7480578866689,1200.34295513004,18.2234432234432
2020-12-27,5480,60,4667,37,813,23,5239,36,49142,136,54381,172,1,56,29,953,30,4471,6,147,75,"Anderson",76978,597.573332640495,0.169230769230769,223.440463509055,77.9443477357167,1238.01605653563,16.9230769230769
2020-12-28,5527,47,4688,21,839,26,5259,20,49211,69,54470,89,2,58,-85,868,130,4601,4,151,82,"Anderson",76978,596.274260178233,0.183635227982511,115.617449141313,61.0564057263114,1127.59489724337,18.3635227982511
2020-12-29,5623,96,4740,52,883,44,5307,48,49306,95,54613,143,2,60,-34,834,128,4729,5,156,85,"Anderson",76978,630.050144197043,0.185417976115651,185.767362103458,124.710956377147,1083.42643352646,18.5417976115651
2020-12-30,5658,35,4758,18,900,17,5324,17,49434,128,54758,145,6,66,-89,745,118,4847,1,157,88,"Anderson",76978,579.386318168827,0.195352214960058,188.365507027982,45.4675361791681,967.808984385149,19.5352214960058
2020-12-31,5821,163,4858,100,963,63,5426,102,49738,304,55164,406,6,72,63,808,94,4941,1,158,93,"Anderson",76978,715.788926706332,0.214463840399002,527.42341967835,211.748811348697,1049.65054950765,21.4463840399002
2021-01-01,5886,65,4900,42,986,23,5481,55,50014,276,55495,331,0,72,-25,783,90,5031,2,160,94,"Anderson",76978,678.115825300735,0.213538032100488,429.992985008704,84.4397100470264,1017.1737379511,21.3538032100488
2021-01-02,5979,93,4941,41,1038,52,5522,41,50299,285,55821,326,0,72,48,831,45,5076,2,162,96,"Anderson",76978,726.181506404427,0.197890818858561,423.497622697394,120.813738990361,1079.52921613968,19.7890818858561
2021-01-03,6004,25,4953,12,1051,13,5538,16,50351,52,55889,68,0,72,-9,822,34,5110,1,163,98,"Anderson",76978,680.713970225259,0.198275862068966,88.3369274338123,32.4768115565486,1067.83756397932,19.8275862068966
2021-01-04,6041,37,4977,24,1064,13,5569,31,50458,107,56027,138,1,73,-57,765,93,5203,0,163,103,"Anderson",76978,667.72324560264,0.199100834938985,179.271999792148,48.065681103692,993.790433630388,19.9100834938985
2021-01-05,6113,72,5008,31,1105,41,5600,31,50576,118,56176,149,2,75,-48,717,118,5321,2,165,106,"Anderson",76978,636.545506508353,0.187460012795905,193.56179687703,93.53321728286,931.434955441815,18.7460012795905
2021-01-06,6187,74,5048,40,1139,34,5643,43,50737,161,56380,204,5,80,-12,705,81,5402,2,167,108,"Anderson",76978,687.209332536569,0.196670776818742,265.010782301437,96.1313622073839,915.846085894671,19.6670776818742
2021-01-07,6292,105,5128,80,1164,25,5735,92,50958,221,56693,313,1,81,65,770,39,5441,1,168,111,"Anderson",76978,611.863129725376,0.202092871157619,406.609680687989,136.402608537504,1000.2857959417,20.2092871157619
2021-01-08,6374,82,5178,50,1196,32,5787,52,51157,199,56944,251,5,86,61,831,16,5457,2,170,114,"Anderson",76978,633.947361583829,0.211180124223602,326.067188027748,106.523941905479,1079.52921613968,21.1180124223602
2021-01-09,6484,110,5247,69,1237,41,5862,75,51588,431,57450,506,2,88,43,874,65,5522,0,170,116,"Anderson",76978,656.031593442282,0.208717004297115,657.330665904544,142.897970848814,1135.38933201694,20.8717004297115
2021-01-10,6544,60,5272,25,1272,35,5887,25,51682,94,57569,119,2,90,28,902,30,5552,3,173,117,"Anderson",76978,701.49912962145,0.207738095238095,154.589623009171,77.9443477357167,1171.76336096027,20.7738095238095
2021-01-11,6577,33,5282,10,1295,23,5900,13,51753,71,57653,84,1,91,-93,809,125,5677,1,174,119,"Anderson",76978,696.302839772403,0.203567035670357,109.122086830003,42.8693912546442,1050.94962196991,20.3567035670357
2021-01-12,6630,53,5316,34,1314,19,5938,38,51925,172,57863,210,2,93,-100,709,151,5828,1,175,119,"Anderson",76978,671.620462989426,0.200355660936574,272.805217075008,68.8508404998831,921.042375743719,20.0355660936574
2021-01-13,6656,26,5333,17,1323,9,5957,19,52015,90,57972,109,3,96,-44,665,67,5895,0,175,120,"Anderson",76978,609.264984800852,0.197236180904523,141.598898386552,33.7758840188106,863.883187404193,19.7236180904523
2021-01-14,6753,97,5395,62,1358,35,6031,74,52422,407,58453,481,5,101,8,673,84,5979,2,177,122,"Anderson",76978,598.872405102757,0.168181818181818,624.853854347995,126.010028839409,874.275767102289,16.8181818181818
2021-01-15,6787,34,5415,20,1372,14,6055,24,52577,155,58632,179,0,101,-16,657,50,6029,1,178,125,"Anderson",76978,536.516926914183,0.158767772511848,232.533970744888,44.1684637169061,853.490607706098,15.8767772511848
2021-01-16,6851,64,5445,30,1406,34,6088,33,52821,244,58909,277,1,102,2,659,61,6090,1,179,128,"Anderson",76978,476.759593650134,0.154900616860864,359.843072046559,83.1406375847645,856.088752630622,15.4900616860864
2021-01-17,6888,37,5465,20,1423,17,6111,23,52925,104,59036,127,0,102,-6,653,43,6133,0,179,130,"Anderson",76978,446.880927018109,0.152692569870484,164.982202707267,48.065681103692,848.29431785705,15.2692569870484
2021-01-18,6907,19,5473,8,1434,11,6121,10,53021,96,59142,106,1,103,-68,585,86,6219,0,179,131,"Anderson",76978,428.693912546442,0.148421759570181,137.701680999766,24.682376782977,759.957390423238,14.8421759570181
2021-01-19,6949,42,5490,17,1459,25,6141,20,53133,112,59274,132,1,104,-78,507,119,6338,0,179,133,"Anderson",76978,414.40411546156,0.143869596031184,171.477565018577,54.5610434150017,658.629738366806,14.3869596031184
2021-01-20,6977,28,5506,16,1471,12,6160,19,53285,152,59445,171,3,107,-29,478,54,6392,0,179,135,"Anderson",76978,417.002260386084,0.137813985064494,222.141391046793,36.3740289433345,620.95663696121,13.7813985064494
2021-01-21,7033,56,5546,40,1487,16,6199,39,53526,241,59725,280,5,112,-42,436,93,6485,2,181,136,"Anderson",76978,363.740289433345,0.132075471698113,363.740289433345,72.7480578866689,566.395593546208,13.2075471698113
2021-01-22,7071,38,5564,18,1507,20,6221,22,53671,145,59892,167,2,114,-16,420,52,6537,0,181,139,"Anderson",76978,368.936579282392,0.131746031746032,216.945101197745,49.3647535659539,545.610434150017,13.1746031746032
2021-01-23,7109,38,5578,14,1531,24,6234,13,53931,260,60165,273,0,114,8,428,30,6567,1,182,139,"Anderson",76978,335.160695263582,0.116242038216561,354.646782197511,49.3647535659539,556.003013848112,11.6242038216561
2021-01-24,7122,13,5590,12,1532,1,6248,14,53998,67,60246,81,0,114,-21,407,34,6601,0,182,141,"Anderson",76978,303.982956169295,0.113223140495868,105.224869443218,16.8879420094053,528.722492140612,11.3223140495868
2021-01-25,7139,17,5601,11,1538,6,6259,11,54058,60,60317,71,2,116,-47,360,62,6663,1,183,143,"Anderson",76978,301.384811244771,0.117446808510638,92.2341448205981,22.0842318584531,467.6660864143,11.7446808510638
2021-01-26,7166,27,5622,21,1544,6,6284,25,54222,164,60506,189,0,116,-36,324,63,6726,1,184,146,"Anderson",76978,281.898724310842,0.116071428571429,245.524695367508,35.0749564810725,420.89947777287,11.6071428571429
2021-01-27,7183,17,5630,8,1553,9,6293,9,54308,86,60601,95,4,120,-18,306,31,6757,0,184,148,"Anderson",76978,267.608927225961,0.115051903114187,123.411883914885,22.0842318584531,397.516173452155,11.5051903114187
2021-01-28,7270,87,5670,40,1600,47,6340,47,54534,226,60874,273,4,124,24,330,59,6816,0,184,149,"Anderson",76978,307.880173556081,0.122715404699739,354.646782197511,113.019304216789,428.693912546442,12.2715404699739
2021-01-29,7283,13,5674,4,1609,9,6345,5,54579,45,60924,50,1,125,-34,296,46,6862,1,185,149,"Anderson",76978,275.403361999532,0.12015503875969,64.9536231130973,16.8879420094053,384.525448829536,12.015503875969
2021-01-30,7323,40,5709,35,1614,5,6381,36,54838,259,61219,295,2,127,1,297,37,6899,2,187,150,"Anderson",76978,278.001506924056,0.139468690702087,383.226376367274,51.9628984904778,385.824521291798,13.9468690702087
2021-01-31,7339,16,5716,7,1623,9,6392,11,55007,169,61399,180,1,128,-4,293,19,6918,0,187,152,"Anderson",76978,281.898724310842,0.12489158716392,233.83304320715,20.7851593961911,380.62823144275,12.489158716392
2021-02-01,7359,20,5728,12,1631,8,6405,13,55060,53,61465,66,1,129,-26,267,45,6963,1,188,153,"Anderson",76978,285.795941697628,0.127177700348432,85.7387825092884,25.9814492452389,346.852347423939,12.7177700348432
2021-02-02,7366,7,5734,6,1632,1,6411,6,55129,69,61540,75,5,134,-45,222,47,7010,0,188,154,"Anderson",76978,259.814492452389,0.122823984526112,97.4304346696459,9.09350723583361,288.394086622152,12.2823984526112
2021-02-03,7388,22,5740,6,1648,16,6421,10,55321,192,61742,202,4,138,1,223,17,7027,0,188,155,"Anderson",76978,266.309854763699,0.112182296231376,262.412637376913,28.5795941697628,289.693159084414,11.2182296231376
2021-02-04,7418,30,5754,14,1664,16,6438,17,55645,324,62083,341,2,140,-5,218,33,7060,0,188,155,"Anderson",76978,192.262724414768,0.0810587262200165,442.983709631323,38.9721738678584,283.197796773104,8.10587262200166
2021-02-05,7436,18,5765,11,1671,7,6455,17,55802,157,62257,174,2,142,-13,205,29,7089,0,188,156,"Anderson",76978,198.758086726078,0.0825206301575394,226.038608433578,23.383304320715,266.309854763699,8.25206301575394
2021-02-06,7462,26,5781,16,1681,10,6475,20,56024,222,62499,242,1,143,8,213,17,7106,1,189,156,"Anderson",76978,180.57107225441,0.0734375,314.375535867391,33.7758840188106,276.702434461794,7.34375
2021-02-07,7475,13,5788,7,1687,6,6483,8,56131,107,62614,115,0,143,-10,203,23,7129,0,189,156,"Anderson",76978,176.673854867625,0.0748971193415638,149.393333160124,16.8879420094053,263.711709839175,7.48971193415638
2021-02-08,7500,25,5794,6,1706,19,6488,5,56153,22,62641,27,2,145,-13,190,36,7165,0,189,156,"Anderson",76978,183.169217178934,0.070578231292517,35.0749564810725,32.4768115565486,246.82376782977,7.0578231292517
2021-02-09,7524,24,5804,10,1720,14,6499,11,56322,169,62821,180,2,147,-24,166,46,7211,2,191,156,"Anderson",76978,205.253449037387,0.068696330991413,233.83304320715,31.1777390942867,215.646028735483,6.8696330991413
2021-02-10,7549,25,5819,15,1730,10,6518,19,56517,195,63035,214,1,148,8,174,16,7227,1,192,156,"Anderson",76978,209.150666424173,0.0750193348801237,278.001506924056,32.4768115565486,226.038608433578,7.50193348801237
2021-02-11,7562,13,5827,8,1735,5,6530,12,56697,180,63227,192,-1,147,-16,158,30,7257,0,192,157,"Anderson",76978,187.06643456572,0.0804195804195804,249.421912754293,16.8879420094053,205.253449037387,8.04195804195804
2021-02-12,7589,27,5842,15,1747,12,6545,15,56891,194,63436,209,0,147,13,171,14,7271,0,192,157,"Anderson",76978,198.758086726078,0.0763358778625954,271.506144612746,35.0749564810725,222.141391046793,7.63358778625954
2021-02-13,7615,26,5852,10,1763,16,6555,10,57080,189,63635,199,0,147,11,182,15,7286,0,192,157,"Anderson",76978,198.758086726078,0.0704225352112676,258.515419990127,33.7758840188106,236.431188131674,7.04225352112676
2021-02-14,7629,14,5862,10,1767,4,6566,11,57141,61,63707,72,2,149,1,183,11,7297,0,192,157,"Anderson",76978,200.05715918834,0.0759377859103385,93.53321728286,18.1870144716672,237.730260593936,7.59377859103385
2021-02-15,7645,16,5870,8,1775,8,6575,9,57214,73,63789,82,0,149,-6,177,22,7319,1,193,158,"Anderson",76978,188.365507027982,0.0757839721254355,106.523941905479,20.7851593961911,229.935825820364,7.57839721254355
2021-02-16,7674,29,5884,14,1790,15,6592,17,57298,84,63890,101,0,149,11,188,18,7337,0,193,158,"Anderson",76978,194.860869339292,0.0869971936389149,131.206318688456,37.6731014055964,244.225622905246,8.69971936389149
2021-02-17,7693,19,5896,12,1797,7,6604,12,57406,108,64010,120,0,149,-8,180,27,7364,0,193,160,"Anderson",76978,187.06643456572,0.0882051282051282,155.888695471433,24.682376782977,233.83304320715,8.82051282051282
2021-02-18,7717,24,5918,22,1799,2,6630,26,57562,156,64192,182,0,149,9,189,15,7379,0,193,160,"Anderson",76978,201.356231650601,0.103626943005181,236.431188131674,31.1777390942867,245.524695367508,10.3626943005181
2021-02-19,7730,13,5929,11,1801,2,6645,15,57608,46,64253,61,0,149,0,189,13,7392,0,193,161,"Anderson",76978,183.169217178934,0.122399020807834,79.2434201979787,16.8879420094053,245.524695367508,12.2399020807834
2021-02-20,7749,19,5936,7,1813,12,6654,9,57730,122,64384,131,1,150,3,192,15,7407,0,193,162,"Anderson",76978,174.075709943101,0.132176234979973,170.178492556315,24.682376782977,249.421912754293,13.2176234979973
2021-02-21,7761,12,5943,7,1818,5,6661,7,57794,64,64455,71,2,152,-1,191,11,7418,1,194,162,"Anderson",76978,171.477565018577,0.127005347593583,92.2341448205981,15.5888695471433,248.122840292031,12.7005347593583
2021-02-22,7766,5,5945,2,1821,3,6667,6,57831,37,64498,43,1,153,-17,174,21,7439,0,194,163,"Anderson",76978,157.187767933695,0.129760225669958,55.8601158772636,6.49536231130973,226.038608433578,12.9760225669958
2021-02-23,7790,24,5954,9,1836,15,6675,8,57974,143,64649,151,2,155,-2,172,24,7463,0,194,165,"Anderson",76978,150.692405622386,0.10935441370224,196.159941801554,31.1777390942867,223.440463509055,10.935441370224
2021-02-24,7822,32,5973,19,1849,13,6698,23,58148,174,64846,197,0,155,15,187,17,7480,0,194,165,"Anderson",76978,167.580347631791,0.11244019138756,255.917275065603,41.5703187923822,242.926550442984,11.244019138756
2021-02-25,7839,17,5981,8,1858,9,6709,11,58275,127,64984,138,1,156,-3,184,19,7499,0,194,165,"Anderson",76978,158.486840395957,0.0997474747474748,179.271999792148,22.0842318584531,239.029333056198,9.97474747474748
2021-02-26,7851,12,5989,8,1862,4,6718,9,58374,99,65092,108,0,156,-17,167,29,7528,0,194,165,"Anderson",76978,157.187767933695,0.0870083432657926,140.29982592429,15.5888695471433,216.945101197745,8.70083432657926
2021-02-27,7860,9,5996,7,1864,2,6724,6,58466,92,65190,98,0,156,-6,161,15,7543,0,194,165,"Anderson",76978,144.197043311076,0.086848635235732,127.309101301671,11.6916521603575,209.150666424173,8.6848635235732
2021-02-28,7874,14,6006,10,1868,4,6735,11,58537,71,65272,82,0,156,0,161,14,7557,0,194,165,"Anderson",76978,146.7951882356,0.0905752753977968,106.523941905479,18.1870144716672,209.150666424173,9.05752753977968
2021-03-01,7882,8,6011,5,1871,3,6742,7,58572,35,65314,42,0,156,-11,150,19,7576,0,194,165,"Anderson",76978,150.692405622386,0.0919117647058824,54.5610434150017,10.3925796980956,194.860869339292,9.19117647058824
2021-03-02,7905,23,6022,11,1883,12,6752,10,58688,116,65440,126,1,157,-2,148,24,7600,1,195,165,"Anderson",76978,149.393333160124,0.0973451327433628,163.683130245005,29.8786666320247,192.262724414768,9.73451327433628
2021-03-03,7938,33,6043,21,1895,12,6777,25,58804,116,65581,141,1,158,13,161,19,7619,0,195,166,"Anderson",76978,150.692405622386,0.107482993197279,183.169217178934,42.8693912546442,209.150666424173,10.7482993197279
2021-03-04,7963,25,6056,13,1907,12,6794,17,58967,163,65761,180,0,158,13,174,12,7631,0,195,166,"Anderson",76978,161.084985320481,0.109395109395109,233.83304320715,32.4768115565486,226.038608433578,10.9395109395109
2021-03-05,7996,33,6073,17,1923,16,6816,22,59101,134,65917,156,0,158,18,192,15,7646,2,197,166,"Anderson",76978,188.365507027982,0.118787878787879,202.655304112863,42.8693912546442,249.421912754293,11.8787878787879
2021-03-06,8006,10,6078,5,1928,5,6824,8,59190,89,66014,97,0,158,-1,191,11,7657,0,197,166,"Anderson",76978,189.664579490244,0.121359223300971,126.010028839409,12.9907246226195,248.122840292031,12.1359223300971
2021-03-07,8012,6,6081,3,1931,3,6827,3,59229,39,66056,42,0,158,-10,181,16,7673,0,197,166,"Anderson",76978,179.271999792148,0.11734693877551,54.5610434150017,7.79443477357167,235.132115669412,11.734693877551
2021-03-08,8028,16,6087,6,1941,10,6836,9,59306,77,66142,86,1,159,-4,177,19,7692,0,197,166,"Anderson",76978,189.664579490244,0.113526570048309,111.720231754527,20.7851593961911,229.935825820364,11.3526570048309
2021-03-09,8049,21,6095,8,1954,13,6844,8,59371,65,66215,73,0,159,3,180,18,7710,3,200,167,"Anderson",76978,187.06643456572,0.118709677419355,94.832289745122,27.2805217075008,233.83304320715,11.8709677419355
2021-03-10,8071,22,6108,13,1963,9,6860,16,59528,157,66388,173,0,159,11,191,11,7721,1,201,167,"Anderson",76978,172.776637480839,0.102850061957869,224.739535971316,28.5795941697628,248.122840292031,10.2850061957869
2021-03-11,8094,23,6118,10,1976,13,6870,10,59625,97,66495,107,0,159,1,192,22,7743,1,202,168,"Anderson",76978,170.178492556315,0.103542234332425,139.000753462028,29.8786666320247,249.421912754293,10.3542234332425
2021-03-12,8114,20,6135,17,1979,3,6890,20,59731,106,66621,126,0,159,8,200,12,7755,0,202,168,"Anderson",76978,153.29055054691,0.105113636363636,163.683130245005,25.9814492452389,259.814492452389,10.5113636363636
2021-03-13,8125,11,6139,4,1986,7,6894,4,59807,76,66701,80,0,159,2,202,9,7764,1,203,168,"Anderson",76978,154.589623009171,0.101892285298399,103.925796980956,14.2897970848814,262.412637376913,10.1892285298399
2021-03-14,8131,6,6143,4,1988,2,6900,6,59843,36,66743,42,0,159,-13,189,19,7783,1,204,168,"Anderson",76978,154.589623009171,0.106259097525473,54.5610434150017,7.79443477357167,245.524695367508,10.6259097525473
2021-03-15,8149,18,6148,5,2001,13,6906,6,59876,33,66782,39,0,159,-9,180,27,7810,1,205,168,"Anderson",76978,157.187767933695,0.109375,50.6638260282159,23.383304320715,233.83304320715,10.9375
2021-03-16,8182,33,6161,13,2021,20,6921,15,59969,93,66890,108,0,159,-2,178,35,7845,2,207,168,"Anderson",76978,172.776637480839,0.114074074074074,140.29982592429,42.8693912546442,231.234898282626,11.4074074074074
2021-03-17,8199,17,6172,11,2027,6,6934,13,60056,87,66990,100,0,159,-5,173,22,7867,0,207,169,"Anderson",76978,166.281275169529,0.122923588039867,129.907246226195,22.0842318584531,224.739535971316,12.2923588039867
2021-03-18,8215,16,6184,12,2031,4,6949,15,60137,81,67086,96,1,160,-1,172,16,7883,0,207,169,"Anderson",76978,157.187767933695,0.133671742808799,124.710956377147,20.7851593961911,223.440463509055,13.3671742808799
2021-03-19,8240,25,6199,15,2041,10,6962,13,60256,119,67218,132,0,160,13,185,12,7895,1,208,169,"Anderson",76978,163.683130245005,0.120603015075377,171.477565018577,32.4768115565486,240.32840551846,12.0603015075377
2021-03-20,8252,12,6205,6,2047,6,6970,8,60295,39,67265,47,0,160,3,188,9,7904,1,209,169,"Anderson",76978,164.982202707267,0.134751773049645,61.0564057263114,15.5888695471433,244.225622905246,13.4751773049645
2021-03-21,8262,10,6211,6,2051,4,6977,7,60357,62,67334,69,-1,159,-5,183,16,7920,0,209,169,"Anderson",76978,170.178492556315,0.130287648054146,89.6359998960742,12.9907246226195,237.730260593936,13.0287648054146
2021-03-22,8268,6,6212,1,2056,5,6978,1,60423,66,67401,67,0,159,-8,175,14,7934,1,210,169,"Anderson",76978,154.589623009171,0.116316639741519,87.0378549715503,7.79443477357167,227.33768089584,11.6316639741519
2021-03-23,8274,6,6213,1,2061,5,6979,1,60466,43,67445,44,0,159,-15,160,21,7955,0,210,170,"Anderson",76978,119.514666528099,0.104504504504505,57.1591883395256,7.79443477357167,207.851593961911,10.4504504504505
2021-03-24,8282,8,6220,7,2062,1,6986,7,60587,121,67573,128,1,160,-11,149,18,7973,0,210,170,"Anderson",76978,107.823014367741,0.0891938250428816,166.281275169529,10.3925796980956,193.56179687703,8.91938250428817
2021-03-25,8292,10,6225,5,2067,5,6992,6,60688,101,67680,107,0,160,-10,139,20,7993,0,210,170,"Anderson",76978,100.02857959417,0.0723905723905724,139.000753462028,12.9907246226195,180.57107225441,7.23905723905724
2021-03-26,8309,17,6237,12,2072,5,7003,11,60754,66,67757,77,0,160,3,142,14,8007,0,210,171,"Anderson",76978,89.6359998960742,0.0760667903525046,100.02857959417,22.0842318584531,184.468289641196,7.60667903525046
2021-03-27,8313,4,6241,4,2072,0,7009,6,60818,64,67827,70,1,161,-12,130,15,8022,2,212,171,"Anderson",76978,79.2434201979786,0.0693950177935943,90.9350723583361,5.19628984904778,168.879420094053,6.93950177935943
2021-03-28,8316,3,6241,0,2075,3,7009,0,60847,29,67856,29,1,162,-12,118,14,8036,0,212,172,"Anderson",76978,70.149912962145,0.0613026819923372,37.6731014055964,3.89721738678583,153.29055054691,6.13026819923372
2021-03-29,8331,15,6245,4,2086,11,7013,4,60933,86,67946,90,1,163,-16,102,30,8066,0,212,173,"Anderson",76978,81.8415651225025,0.0642201834862385,116.916521603575,19.4860869339292,132.505391150718,6.42201834862385
2021-03-30,8336,5,6248,3,2088,2,7016,3,60991,58,68007,61,1,164,-12,90,16,8082,0,212,173,"Anderson",76978,80.5424926602406,0.0658362989323843,79.2434201979787,6.49536231130973,116.916521603575,6.58362989323843
2021-03-31,8359,23,6262,14,2097,9,7032,16,61155,164,68187,180,1,165,10,100,12,8094,1,213,173,"Anderson",76978,100.02857959417,0.0749185667752443,233.83304320715,29.8786666320247,129.907246226195,7.49185667752443
2021-04-01,8368,9,6265,3,2103,6,7036,4,61212,57,68248,61,0,165,-8,92,17,8111,0,213,173,"Anderson",76978,98.7295071319078,0.0774647887323944,79.2434201979787,11.6916521603575,119.514666528099,7.74647887323944
2021-04-02,8377,9,6272,7,2105,2,7043,7,61282,70,68325,77,0,165,-1,91,10,8121,0,213,173,"Anderson",76978,88.3369274338123,0.0704225352112676,100.02857959417,11.6916521603575,118.215594065837,7.04225352112676
2021-04-03,8383,6,6277,5,2106,1,7049,6,61332,50,68381,56,0,165,-8,83,14,8135,0,213,173,"Anderson",76978,90.9350723583361,0.0722021660649819,72.7480578866689,7.79443477357167,107.823014367741,7.22021660649819
2021-04-04,8385,2,6279,2,2106,0,7051,2,61370,38,68421,40,0,165,-5,78,7,8142,0,213,173,"Anderson",76978,89.6359998960742,0.0743362831858407,51.9628984904778,2.59814492452389,101.327652056432,7.43362831858407
2021-04-05,8399,14,6282,3,2117,11,7053,2,61428,58,68481,60,0,165,4,82,10,8152,2,215,173,"Anderson",76978,88.3369274338123,0.0747663551401869,77.9443477357167,18.1870144716672,106.523941905479,7.47663551401869
2021-04-06,8404,5,6286,4,2118,1,7059,6,61470,42,68529,48,0,165,3,85,2,8154,0,215,173,"Anderson",76978,88.3369274338123,0.0823754789272031,62.3554781885734,6.49536231130973,110.421159292265,8.23754789272031
2021-04-07,8424,20,6299,13,2125,7,7073,14,61629,159,68702,173,0,165,10,95,10,8164,2,217,173,"Anderson",76978,84.4397100470264,0.0796116504854369,224.739535971316,25.9814492452389,123.411883914885,7.96116504854369
2021-04-08,8427,3,6301,2,2126,1,7076,3,61720,91,68796,94,5,170,-17,78,15,8179,1,218,173,"Anderson",76978,76.6452752734548,0.072992700729927,122.112811452623,3.89721738678583,101.327652056432,7.2992700729927
2021-04-09,8435,8,6307,6,2128,2,7085,9,61807,87,68892,96,-4,166,8,86,4,8183,0,218,173,"Anderson",76978,75.3462028111928,0.0740740740740741,124.710956377147,10.3925796980956,111.720231754527,7.40740740740741
2021-04-10,8440,5,6312,5,2128,0,7090,5,61878,71,68968,76,0,166,-6,80,11,8194,0,218,173,"Anderson",76978,74.0471303489309,0.0698466780238501,98.7295071319078,6.49536231130973,103.925796980956,6.98466780238501
2021-04-11,8447,7,6317,5,2130,2,7095,5,61922,44,69017,49,-1,165,0,80,8,8202,0,218,173,"Anderson",76978,80.5424926602406,0.0738255033557047,63.6545506508353,9.09350723583361,103.925796980956,7.38255033557047
2021-04-12,8450,3,6320,3,2130,0,7098,3,61991,69,69089,72,0,165,-7,73,10,8212,0,218,173,"Anderson",76978,66.2526955753592,0.0740131578947368,93.53321728286,3.89721738678583,94.832289745122,7.40131578947368
2021-04-13,8460,10,6325,5,2135,5,7104,6,62052,61,69156,67,5,170,-8,65,13,8225,0,218,173,"Anderson",76978,72.7480578866689,0.0717703349282297,87.0378549715503,12.9907246226195,84.4397100470264,7.17703349282297
2021-04-14,8474,14,6334,9,2140,5,7115,11,62190,138,69305,149,0,170,7,72,7,8232,0,218,173,"Anderson",76978,64.9536231130973,0.0696517412935323,193.56179687703,18.1870144716672,93.53321728286,6.96517412935323
2021-04-15,8483,9,6339,5,2144,4,7120,5,62271,81,69391,86,0,170,6,78,3,8235,0,218,173,"Anderson",76978,72.7480578866689,0.0739495798319328,111.720231754527,11.6916521603575,101.327652056432,7.39495798319328
2021-04-16,8496,13,6350,11,2146,2,7133,13,62424,153,69557,166,0,170,6,84,7,8242,0,218,173,"Anderson",76978,79.2434201979786,0.0721804511278196,215.646028735483,16.8879420094053,109.122086830003,7.21804511278196
2021-04-17,8501,5,6353,3,2148,2,7137,4,62489,65,69626,69,0,170,0,84,5,8247,0,218,173,"Anderson",76978,79.2434201979786,0.0714285714285714,89.6359998960742,6.49536231130973,109.122086830003,7.14285714285714
2021-04-18,8508,7,6359,6,2149,1,7143,6,62534,45,69677,51,0,170,0,84,7,8254,0,218,173,"Anderson",76978,79.2434201979786,0.0727272727272727,66.2526955753592,9.09350723583361,109.122086830003,7.27272727272727
2021-04-19,8514,6,6362,3,2152,3,7146,3,62557,23,69703,26,0,170,-6,78,12,8266,0,218,174,"Anderson",76978,83.1406375847645,0.0781758957654723,33.7758840188106,7.79443477357167,101.327652056432,7.81758957654723
2021-04-20,8520,6,6365,3,2155,3,7149,3,62656,99,69805,102,0,170,-1,77,7,8273,0,218,174,"Anderson",76978,77.9443477357167,0.0693374422187981,132.505391150718,7.79443477357167,100.02857959417,6.93374422187981
2021-04-21,8531,11,6370,5,2161,6,7155,6,62811,155,69966,161,1,171,-3,74,13,8286,0,218,174,"Anderson",76978,74.0471303489309,0.0605143721633888,209.150666424173,14.2897970848814,96.1313622073839,6.05143721633888
2021-04-22,8549,18,6376,6,2173,12,7162,7,62955,144,70117,151,0,171,12,86,6,8292,0,218,174,"Anderson",76978,85.7387825092884,0.0578512396694215,196.159941801554,23.383304320715,111.720231754527,5.78512396694215
2021-04-23,8559,10,6381,5,2178,5,7168,6,63121,166,70289,172,0,171,8,94,2,8294,0,218,174,"Anderson",76978,81.8415651225025,0.0478142076502732,223.440463509055,12.9907246226195,122.112811452623,4.78142076502732
2021-04-24,8572,13,6388,7,2184,6,7175,7,63188,67,70363,74,0,171,9,103,4,8298,1,219,174,"Anderson",76978,92.2341448205981,0.0515603799185889,96.1313622073839,16.8879420094053,133.80446361298,5.15603799185889
2021-04-25,8576,4,6390,2,2186,2,7177,2,63228,40,70405,42,0,171,0,103,4,8302,0,219,174,"Anderson",76978,88.3369274338123,0.0467032967032967,54.5610434150017,5.19628984904778,133.80446361298,4.67032967032967
2021-04-26,8585,9,6394,4,2191,5,7181,4,63303,75,70484,79,0,171,2,105,7,8309,0,219,175,"Anderson",76978,92.2341448205981,0.0448143405889885,102.626724518694,11.6916521603575,136.402608537504,4.48143405889885
2021-04-27,8595,10,6400,6,2195,4,7187,6,63371,68,70558,74,0,171,-3,102,13,8322,0,219,175,"Anderson",76978,97.4304346696459,0.050464807436919,96.1313622073839,12.9907246226195,132.505391150718,5.0464807436919
2021-04-28,8612,17,6412,12,2200,5,7200,13,63509,138,70709,151,0,171,1,103,16,8338,1,220,175,"Anderson",76978,105.224869443218,0.0605652759084791,196.159941801554,22.0842318584531,133.80446361298,6.05652759084791
2021-04-29,8618,6,6414,2,2204,4,7203,3,63658,149,70861,152,0,171,-1,102,7,8345,0,220,175,"Anderson",76978,89.6359998960742,0.0551075268817204,197.459014263816,7.79443477357167,132.505391150718,5.51075268817204
2021-04-30,8625,7,6417,3,2208,4,7207,4,63780,122,70987,126,0,171,-2,100,9,8354,0,220,175,"Anderson",76978,85.7387825092884,0.0558739255014327,163.683130245005,9.09350723583361,129.907246226195,5.58739255014327
2021-05-01,8630,5,6420,3,2210,2,7210,3,63843,63,71053,66,0,171,-1,99,6,8360,1,221,175,"Anderson",76978,75.3462028111928,0.0507246376811594,85.7387825092884,6.49536231130973,128.608173763933,5.07246376811594
2021-05-02,8633,3,6421,1,2212,2,7211,1,63894,51,71105,52,0,171,-7,92,10,8370,0,221,175,"Anderson",76978,74.0471303489309,0.0485714285714286,67.5517680376211,3.89721738678583,119.514666528099,4.85714285714286
2021-05-03,8643,10,6426,5,2217,5,7216,5,64000,106,71216,111,0,171,-3,89,13,8383,0,221,175,"Anderson",76978,75.3462028111928,0.0478142076502732,144.197043311076,12.9907246226195,115.617449141313,4.78142076502732
2021-05-04,8645,2,6426,0,2219,2,7217,1,64076,76,71293,77,0,171,-10,79,12,8395,0,221,175,"Anderson",76978,64.9536231130973,0.0408163265306122,100.02857959417,2.59814492452389,102.626724518694,4.08163265306122
2021-05-05,8653,8,6430,4,2223,4,7220,3,64193,117,71413,120,0,171,-3,76,11,8406,0,221,175,"Anderson",76978,53.2619709527397,0.0284090909090909,155.888695471433,10.3925796980956,98.7295071319078,2.84090909090909
2021-05-06,8658,5,6433,3,2225,2,7226,6,64245,52,71471,58,0,171,-5,71,10,8416,1,222,175,"Anderson",76978,51.9628984904778,0.0377049180327869,75.3462028111928,6.49536231130973,92.2341448205981,3.77049180327869
2021-05-07,8663,5,6435,2,2228,3,7229,3,64366,121,71595,124,0,171,-4,67,9,8425,0,222,175,"Anderson",76978,49.3647535659539,0.0361842105263158,161.084985320481,6.49536231130973,87.0378549715503,3.61842105263158
2021-05-08,8669,6,6438,3,2231,3,7231,2,64435,69,71666,71,0,171,-6,61,12,8437,1,223,175,"Anderson",76978,50.6638260282159,0.034257748776509,92.2341448205981,7.79443477357167,79.2434201979787,3.4257748776509
2021-05-09,8670,1,6438,0,2232,1,7232,1,64463,28,71695,29,0,171,-4,57,5,8442,0,223,175,"Anderson",76978,48.065681103692,0.0355932203389831,37.6731014055964,1.29907246226194,74.0471303489309,3.55932203389831
2021-05-10,8675,5,6438,0,2237,5,7232,0,64551,88,71783,88,0,171,-5,52,10,8452,0,223,175,"Anderson",76978,41.5703187923822,0.0282186948853616,114.318376679051,6.49536231130973,67.5517680376211,2.82186948853616
2021-05-11,8683,8,6439,1,2244,7,7234,2,64593,42,71827,44,0,171,3,55,5,8457,0,223,175,"Anderson",76978,49.3647535659539,0.0318352059925094,57.1591883395256,10.3925796980956,71.448985424407,3.18352059925094
2021-05-12,8696,13,6446,7,2250,6,7240,6,64697,104,71937,110,0,171,8,63,5,8462,2,225,175,"Anderson",76978,55.8601158772636,0.0381679389312977,142.897970848814,16.8879420094053,81.8415651225025,3.81679389312977
2021-05-13,8700,4,6448,2,2252,2,7242,2,64800,103,72042,105,0,171,-3,60,7,8469,2,227,175,"Anderson",76978,54.5610434150017,0.0280210157618214,136.402608537504,5.19628984904778,77.9443477357167,2.80210157618214
2021-05-14,8708,8,6451,3,2257,5,7247,5,64887,87,72134,92,0,171,2,62,6,8475,0,227,175,"Anderson",76978,58.4582608017875,0.0333951762523191,119.514666528099,10.3925796980956,80.5424926602406,3.33951762523191
2021-05-15,8713,5,6453,2,2260,3,7249,2,64952,65,72201,67,0,171,1,63,4,8479,0,227,175,"Anderson",76978,57.1591883395256,0.0336448598130841,87.0378549715503,6.49536231130973,81.8415651225025,3.36448598130841
2021-05-16,8715,2,6454,1,2261,1,7250,1,64988,36,72238,37,0,171,-5,58,7,8486,0,227,175,"Anderson",76978,58.4582608017875,0.0331491712707182,48.065681103692,2.59814492452389,75.3462028111928,3.31491712707182
2021-05-17,8721,6,6459,5,2262,1,7255,5,65047,59,72302,64,1,172,0,58,5,8491,0,227,175,"Anderson",76978,59.7573332640495,0.0443159922928709,83.1406375847645,7.79443477357167,75.3462028111928,4.43159922928709
2021-05-18,8725,4,6459,0,2266,4,7255,0,65138,91,72393,91,0,172,0,58,4,8495,1,228,175,"Anderson",76978,54.5610434150017,0.0371024734982332,118.215594065837,5.19628984904778,75.3462028111928,3.71024734982332
2021-05-19,8732,7,6464,5,2268,2,7261,6,65257,119,72518,125,0,172,4,62,3,8498,0,228,175,"Anderson",76978,46.76660864143,0.036144578313253,162.384057782743,9.09350723583361,80.5424926602406,3.6144578313253
2021-05-20,8734,2,6466,2,2268,0,7263,2,65376,119,72639,121,0,172,-1,61,3,8501,0,228,175,"Anderson",76978,44.1684637169061,0.0351758793969849,157.187767933695,2.59814492452389,79.2434201979787,3.51758793969849
2021-05-21,8736,2,6466,0,2270,2,7263,0,65446,70,72709,70,0,172,-7,54,9,8510,0,228,175,"Anderson",76978,36.3740289433345,0.0278260869565217,90.9350723583361,2.59814492452389,70.149912962145,2.78260869565217
2021-05-22,8741,5,6468,2,2273,3,7265,2,65486,40,72751,42,0,172,-3,51,8,8518,0,228,175,"Anderson",76978,36.3740289433345,0.0290909090909091,54.5610434150017,6.49536231130973,66.2526955753592,2.90909090909091
2021-05-23,8741,0,6468,0,2273,0,7265,0,65515,29,72780,29,0,172,-3,48,3,8521,0,228,175,"Anderson",76978,33.7758840188106,0.0276752767527675,37.6731014055964,0,62.3554781885734,2.76752767527675
2021-05-24,8749,8,6472,4,2277,4,7268,3,65574,59,72842,62,0,172,1,49,7,8528,0,228,175,"Anderson",76978,36.3740289433345,0.0240740740740741,80.5424926602406,10.3925796980956,63.6545506508353,2.40740740740741
2021-05-25,8751,2,6472,0,2279,2,7269,1,65619,45,72888,46,0,172,-10,39,12,8540,0,228,175,"Anderson",76978,33.7758840188106,0.0282828282828283,59.7573332640495,2.59814492452389,50.6638260282159,2.82828282828283
2021-05-26,8758,7,6477,5,2281,2,7275,6,65719,100,72994,106,0,172,0,39,7,8547,0,228,175,"Anderson",76978,33.7758840188106,0.0294117647058824,137.701680999766,9.09350723583361,50.6638260282159,2.94117647058824
2021-05-27,8760,2,6478,1,2282,1,7276,1,65769,50,73045,51,0,172,-1,38,3,8550,1,229,175,"Anderson",76978,33.7758840188106,0.0320197044334975,66.2526955753592,2.59814492452389,49.3647535659539,3.20197044334975
2021-05-28,8765,5,6482,4,2283,1,7281,5,65852,83,73133,88,0,172,0,38,5,8555,0,229,175,"Anderson",76978,37.6731014055964,0.0424528301886792,114.318376679051,6.49536231130973,49.3647535659539,4.24528301886792
2021-05-29,8766,1,6482,0,2284,1,7281,0,65889,37,73170,37,0,172,-5,33,6,8561,0,229,175,"Anderson",76978,32.4768115565486,0.0381861575178998,48.065681103692,1.29907246226194,42.8693912546442,3.81861575178998
2021-05-30,8769,3,6483,1,2286,2,7282,1,65939,50,73221,51,0,172,0,33,3,8564,0,229,175,"Anderson",76978,36.3740289433345,0.0385487528344671,66.2526955753592,3.89721738678583,42.8693912546442,3.85487528344671
2021-05-31,8773,4,6486,3,2287,1,7285,3,65990,51,73275,54,0,172,1,34,3,8567,0,229,175,"Anderson",76978,31.1777390942867,0.0392609699769053,70.149912962145,5.19628984904778,44.1684637169061,3.92609699769053
2021-06-01,8776,3,6488,2,2288,1,7286,1,66038,48,73324,49,0,172,1,35,2,8569,1,230,175,"Anderson",76978,32.4768115565486,0.0389908256880734,63.6545506508353,3.89721738678583,45.4675361791681,3.89908256880734
2021-06-02,8780,4,6489,1,2291,3,7288,2,66079,41,73367,43,0,172,-2,33,6,8575,0,230,175,"Anderson",76978,28.5795941697628,0.0348525469168901,55.8601158772636,5.19628984904778,42.8693912546442,3.48525469168901
2021-06-03,8781,1,6489,0,2292,1,7291,3,66169,90,73460,93,1,173,-3,30,3,8578,0,230,175,"Anderson",76978,27.2805217075008,0.036144578313253,120.813738990361,1.29907246226194,38.9721738678584,3.6144578313253
2021-06-04,8782,1,6490,1,2292,0,7293,2,66222,53,73515,55,-1,172,-2,28,4,8582,0,230,175,"Anderson",76978,22.0842318584531,0.031413612565445,71.448985424407,1.29907246226194,36.3740289433345,3.1413612565445
2021-06-05,8783,1,6491,1,2292,0,7294,1,66279,57,73573,58,0,172,-3,25,4,8586,0,230,175,"Anderson",76978,22.0842318584531,0.032258064516129,75.3462028111928,1.29907246226194,32.4768115565486,3.2258064516129
2021-06-06,8783,0,6491,0,2292,0,7294,0,66304,25,73598,25,0,172,-4,21,4,8590,0,230,175,"Anderson",76978,18.1870144716672,0.0318302387267905,32.4768115565486,0,27.2805217075008,3.18302387267904
2021-06-07,8784,1,6491,0,2293,1,7294,0,66368,64,73662,64,0,172,-1,20,2,8592,0,230,175,"Anderson",76978,14.2897970848814,0.0232558139534884,83.1406375847645,1.29907246226194,25.9814492452389,2.32558139534884
2021-06-08,8785,1,6491,0,2294,1,7294,0,66405,37,73699,37,0,172,-1,19,2,8594,1,231,176,"Anderson",76978,11.6916521603575,0.0213333333333333,48.065681103692,1.29907246226194,24.682376782977,2.13333333333333
2021-06-09,8785,0,6491,0,2294,0,7294,0,66487,82,73781,82,0,172,-4,15,4,8598,0,231,176,"Anderson",76978,6.49536231130972,0.0144927536231884,106.523941905479,0,19.4860869339292,1.44927536231884
2021-06-10,8789,4,6492,1,2297,3,7295,1,66544,57,73839,58,0,172,4,19,0,8598,0,231,176,"Anderson",76978,10.3925796980956,0.0105540897097625,75.3462028111928,5.19628984904778,24.682376782977,1.05540897097625
2021-06-11,8790,1,6492,0,2298,1,7296,1,66599,55,73895,56,1,173,-3,16,3,8601,0,231,176,"Anderson",76978,10.3925796980956,0.00789473684210526,72.7480578866689,1.29907246226194,20.7851593961911,0.789473684210526
2021-06-12,8791,1,6492,0,2299,1,7297,1,66654,55,73951,56,2,175,-4,12,3,8604,0,231,176,"Anderson",76978,10.3925796980956,0.00793650793650794,72.7480578866689,1.29907246226194,15.5888695471433,0.793650793650794
2021-06-13,8792,1,6492,0,2300,1,7298,1,66692,38,73990,39,0,175,-3,9,4,8608,0,231,176,"Anderson",76978,11.6916521603575,0.0102040816326531,50.6638260282159,1.29907246226194,11.6916521603575,1.02040816326531
2021-06-14,8794,2,6494,2,2300,0,7300,2,66778,86,74078,88,0,175,1,10,1,8609,0,231,176,"Anderson",76978,12.9907246226194,0.0144230769230769,114.318376679051,2.59814492452389,12.9907246226195,1.44230769230769
2021-06-15,8794,0,6494,0,2300,0,7301,1,66809,31,74110,32,0,175,-1,9,1,8610,0,231,176,"Anderson",76978,11.6916521603575,0.0170316301703163,41.5703187923822,0,11.6916521603575,1.70316301703163
2021-06-16,8795,1,6495,1,2300,0,7302,1,66853,44,74155,45,0,175,0,9,1,8611,0,231,176,"Anderson",76978,12.9907246226194,0.0213903743315508,58.4582608017875,1.29907246226194,11.6916521603575,2.13903743315508
2021-06-17,8795,0,6495,0,2300,0,7302,0,66939,86,74241,86,0,175,-1,8,1,8612,0,231,176,"Anderson",76978,7.79443477357167,0.0174129353233831,111.720231754527,0,10.3925796980956,1.74129353233831
2021-06-18,8797,2,6496,1,2301,1,7306,4,66989,50,74295,54,0,175,1,9,1,8613,0,231,176,"Anderson",76978,9.09350723583361,0.025,70.149912962145,2.59814492452389,11.6916521603575,2.5
2021-06-19,8797,0,6496,0,2301,0,7306,0,67037,48,74343,48,0,175,-1,8,1,8614,0,231,176,"Anderson",76978,7.79443477357167,0.0229591836734694,62.3554781885734,0,10.3925796980956,2.29591836734694
2021-06-20,8797,0,6496,0,2301,0,7307,1,67060,23,74367,24,0,175,-2,6,2,8616,0,231,176,"Anderson",76978,6.49536231130972,0.0238726790450928,31.1777390942867,0,7.79443477357167,2.38726790450928
2021-06-21,8798,1,6496,0,2302,1,7307,0,67100,40,74407,40,0,175,0,6,1,8617,0,231,176,"Anderson",76978,5.19628984904778,0.0212765957446809,51.9628984904778,1.29907246226194,7.79443477357167,2.12765957446809
2021-06-22,8802,4,6497,1,2305,3,7307,0,67142,42,74449,42,0,175,2,8,2,8619,1,232,176,"Anderson",76978,10.3925796980956,0.0176991150442478,54.5610434150017,5.19628984904778,10.3925796980956,1.76991150442478
2021-06-23,8803,1,6498,1,2305,0,7308,1,67190,48,74498,49,0,175,1,9,0,8619,0,232,176,"Anderson",76978,10.3925796980956,0.0174927113702624,63.6545506508353,1.29907246226194,11.6916521603575,1.74927113702624
2021-06-24,8803,0,6498,0,2305,0,7309,1,67235,45,74544,46,0,175,-3,6,3,8622,0,232,176,"Anderson",76978,10.3925796980956,0.0231023102310231,59.7573332640495,0,7.79443477357167,2.31023102310231
2021-06-25,8804,1,6499,1,2305,0,7310,1,67271,36,74581,37,0,175,1,7,0,8622,0,232,176,"Anderson",76978,9.09350723583361,0.013986013986014,48.065681103692,1.29907246226194,9.09350723583361,1.3986013986014
2021-06-26,8805,1,6500,1,2305,0,7311,1,67304,33,74615,34,0,175,0,7,1,8623,0,232,176,"Anderson",76978,10.3925796980956,0.0183823529411765,44.1684637169061,1.29907246226194,9.09350723583361,1.83823529411765
2021-06-27,8805,0,6500,0,2305,0,7311,0,67336,32,74647,32,0,175,0,7,0,8623,0,232,176,"Anderson",76978,10.3925796980956,0.0142857142857143,41.5703187923822,0,9.09350723583361,1.42857142857143
2021-06-28,8806,1,6500,0,2306,1,7312,1,67352,16,74664,17,0,175,1,8,0,8623,0,232,176,"Anderson",76978,10.3925796980956,0.0194552529182879,22.0842318584531,1.29907246226194,10.3925796980956,1.94552529182879
2021-06-29,8809,3,6503,3,2306,0,7315,3,67411,59,74726,62,0,175,2,10,1,8624,0,232,176,"Anderson",76978,9.09350723583361,0.0288808664259928,80.5424926602406,3.89721738678583,12.9907246226195,2.88808664259928
2021-06-30,8809,0,6503,0,2306,0,7315,0,67457,46,74772,46,0,175,-1,9,1,8625,0,232,176,"Anderson",76978,7.79443477357167,0.0255474452554745,59.7573332640495,0,11.6916521603575,2.55474452554745
2021-07-01,8810,1,6504,1,2306,0,7316,1,67494,37,74810,38,0,175,1,10,0,8625,0,232,176,"Anderson",76978,9.09350723583361,0.0263157894736842,49.3647535659539,1.29907246226194,12.9907246226195,2.63157894736842
2021-07-02,8810,0,6504,0,2306,0,7316,0,67537,43,74853,43,0,175,0,10,0,8625,0,232,176,"Anderson",76978,7.79443477357167,0.0220588235294118,55.8601158772636,0,12.9907246226195,2.20588235294118
2021-07-03,8810,0,6504,0,2306,0,7316,0,67558,21,74874,21,0,175,-1,9,1,8626,0,232,176,"Anderson",76978,6.49536231130972,0.0193050193050193,27.2805217075008,0,11.6916521603575,1.93050193050193
2021-07-04,8811,1,6504,0,2307,1,7317,1,67583,25,74900,26,0,175,0,9,1,8627,0,232,176,"Anderson",76978,7.79443477357167,0.0237154150197628,33.7758840188106,1.29907246226194,11.6916521603575,2.37154150197628
2021-07-05,8811,0,6504,0,2307,0,7318,1,67598,15,74916,16,0,175,-1,8,1,8628,0,232,176,"Anderson",76978,6.49536231130972,0.0238095238095238,20.7851593961911,0,10.3925796980956,2.38095238095238
2021-07-06,8812,1,6504,0,2308,1,7318,0,67628,30,74946,30,1,176,-3,5,3,8631,0,232,176,"Anderson",76978,3.89721738678583,0.0136363636363636,38.9721738678584,1.29907246226194,6.49536231130973,1.36363636363636
2021-07-07,8813,1,6504,0,2309,1,7318,0,67674,46,74992,46,0,176,-2,3,3,8634,0,232,176,"Anderson",76978,5.19628984904778,0.0136363636363636,59.7573332640495,1.29907246226194,3.89721738678583,1.36363636363636
2021-07-08,8814,1,6505,1,2309,0,7319,1,67715,41,75034,42,0,176,-1,2,2,8636,0,232,176,"Anderson",76978,5.19628984904778,0.0133928571428571,54.5610434150017,1.29907246226194,2.59814492452389,1.33928571428571
2021-07-09,8816,2,6506,1,2310,1,7320,1,67759,44,75079,45,0,176,1,3,1,8637,0,232,176,"Anderson",76978,7.79443477357167,0.0176991150442478,58.4582608017875,2.59814492452389,3.89721738678583,1.76991150442478
2021-07-10,8818,2,6507,1,2311,1,7321,1,67781,22,75102,23,0,176,2,5,0,8637,1,233,176,"Anderson",76978,10.3925796980956,0.0219298245614035,29.8786666320247,2.59814492452389,6.49536231130973,2.19298245614035
2021-07-11,8818,0,6507,0,2311,0,7321,0,67796,15,75117,15,0,176,0,5,0,8637,0,233,176,"Anderson",76978,9.09350723583361,0.0184331797235023,19.4860869339292,0,6.49536231130973,1.84331797235023
2021-07-12,8826,8,6511,4,2315,4,7325,4,67832,36,75157,40,0,176,7,12,1,8638,1,234,176,"Anderson",76978,19.4860869339292,0.029045643153527,51.9628984904778,10.3925796980956,15.5888695471433,2.9045643153527
2021-07-13,8827,1,6511,0,2316,1,7325,0,67853,21,75178,21,0,176,0,12,1,8639,0,234,177,"Anderson",76978,19.4860869339292,0.0301724137931034,27.2805217075008,1.29907246226194,15.5888695471433,3.01724137931034
2021-07-14,8832,5,6515,4,2317,1,7330,5,67907,54,75237,59,0,176,5,17,0,8639,1,235,177,"Anderson",76978,24.682376782977,0.0489795918367347,76.6452752734548,6.49536231130973,22.0842318584531,4.89795918367347
2021-07-15,8835,3,6518,3,2317,0,7332,2,67940,33,75272,35,0,176,3,20,0,8639,0,235,177,"Anderson",76978,27.2805217075008,0.0546218487394958,45.4675361791681,3.89721738678583,25.9814492452389,5.46218487394958
2021-07-16,8845,10,6520,2,2325,8,7333,1,67968,28,75301,29,0,176,10,30,0,8639,0,235,177,"Anderson",76978,37.6731014055964,0.0585585585585586,37.6731014055964,12.9907246226195,38.9721738678584,5.85585585585586
2021-07-17,8850,5,6521,1,2329,4,7334,1,68004,36,75338,37,0,176,4,34,1,8640,0,235,177,"Anderson",76978,41.5703187923822,0.0550847457627119,48.065681103692,6.49536231130973,44.1684637169061,5.50847457627119
2021-07-18,8853,3,6523,2,2330,1,7336,2,68024,20,75360,22,0,176,-1,33,4,8644,0,235,177,"Anderson",76978,45.4675361791681,0.0617283950617284,28.5795941697628,3.89721738678583,42.8693912546442,6.17283950617284
2021-07-19,8858,5,6527,4,2331,1,7340,4,68058,34,75398,38,1,177,2,35,2,8646,0,235,177,"Anderson",76978,41.5703187923822,0.0622406639004149,49.3647535659539,6.49536231130973,45.4675361791681,6.22406639004149
2021-07-20,8873,15,6538,11,2335,4,7351,11,68093,35,75444,46,0,177,10,45,5,8651,1,236,177,"Anderson",76978,59.7573332640495,0.0977443609022556,59.7573332640495,19.4860869339292,58.4582608017875,9.77443609022556
2021-07-21,8880,7,6542,4,2338,3,7356,5,68178,85,75534,90,0,177,6,51,1,8652,0,236,178,"Anderson",76978,62.3554781885734,0.0875420875420875,116.916521603575,9.09350723583361,66.2526955753592,8.75420875420875
2021-07-22,8890,10,6547,5,2343,5,7360,4,68234,56,75594,60,0,177,9,60,1,8653,0,236,178,"Anderson",76978,71.448985424407,0.0869565217391304,77.9443477357167,12.9907246226195,77.9443477357167,8.69565217391304
2021-07-23,8900,10,6551,4,2349,6,7365,5,68305,71,75670,76,0,177,10,70,0,8653,0,236,178,"Anderson",76978,71.448985424407,0.0867208672086721,98.7295071319078,12.9907246226195,90.9350723583361,8.67208672086721
2021-07-24,8908,8,6555,4,2353,4,7369,4,68359,54,75728,58,0,177,7,77,1,8654,0,236,179,"Anderson",76978,75.3462028111928,0.0897435897435897,75.3462028111928,10.3925796980956,100.02857959417,8.97435897435897
2021-07-25,8913,5,6558,3,2355,2,7370,1,68381,22,75751,23,0,177,2,79,3,8657,0,236,179,"Anderson",76978,77.9443477357167,0.0869565217391304,29.8786666320247,6.49536231130973,102.626724518694,8.69565217391304
2021-07-26,8936,23,6567,9,2369,14,7378,8,68431,50,75809,58,2,179,13,92,8,8665,0,236,179,"Anderson",76978,101.327652056432,0.0924574209245742,75.3462028111928,29.8786666320247,119.514666528099,9.24574209245742
2021-07-27,8951,15,6572,5,2379,10,7383,5,68484,53,75867,58,0,179,12,104,3,8668,0,236,179,"Anderson",76978,101.327652056432,0.0756501182033097,75.3462028111928,19.4860869339292,135.103536075242,7.56501182033097
2021-07-28,8971,20,6580,8,2391,12,7395,12,68567,83,75962,95,0,179,14,118,6,8674,0,236,179,"Anderson",76978,118.215594065837,0.0911214953271028,123.411883914885,25.9814492452389,153.29055054691,9.11214953271028
2021-07-29,8983,12,6590,10,2393,2,7407,12,68616,49,76023,61,0,179,9,127,3,8677,0,236,179,"Anderson",76978,120.813738990361,0.10955710955711,79.2434201979787,15.5888695471433,164.982202707267,10.955710955711
2021-07-30,9014,31,6610,20,2404,11,7430,23,68665,49,76095,72,0,179,19,146,12,8689,1,237,179,"Anderson",76978,148.094260697862,0.152941176470588,93.53321728286,40.2712463301203,189.664579490244,15.2941176470588
2021-07-31,9027,13,6616,6,2411,7,7436,6,68707,42,76143,48,0,179,8,154,5,8694,0,237,179,"Anderson",76978,154.589623009171,0.16144578313253,62.3554781885734,16.8879420094053,200.05715918834,16.144578313253
2021-08-01,9046,19,6627,11,2419,8,7451,15,68746,39,76197,54,0,179,14,168,5,8699,0,237,179,"Anderson",76978,172.776637480839,0.181614349775785,70.149912962145,24.682376782977,218.244173660007,18.1614349775785
2021-08-02,9057,11,6632,5,2425,6,7456,5,68825,79,76281,84,0,179,3,171,8,8707,0,237,179,"Anderson",76978,157.187767933695,0.165254237288136,109.122086830003,14.2897970848814,222.141391046793,16.5254237288136
2021-08-03,9080,23,6643,11,2437,12,7469,13,68897,72,76366,85,0,179,13,184,10,8717,1,238,179,"Anderson",76978,167.580347631791,0.172344689378758,110.421159292265,29.8786666320247,239.029333056198,17.2344689378758
2021-08-04,9106,26,6665,22,2441,4,7490,21,68999,102,76489,123,0,179,24,208,2,8719,0,238,179,"Anderson",76978,175.374782405363,0.180265654648956,159.785912858219,33.7758840188106,270.207072150485,18.0265654648956
2021-08-05,9136,30,6681,16,2455,14,7506,16,69097,98,76603,114,0,179,13,221,17,8736,1,239,179,"Anderson",76978,198.758086726078,0.170689655172414,148.094260697862,38.9721738678584,287.09501415989,17.0689655172414
2021-08-06,9161,25,6697,16,2464,9,7524,18,69240,143,76764,161,0,179,17,238,8,8744,1,240,179,"Anderson",76978,190.963651952506,0.14050822122571,209.150666424173,32.4768115565486,309.179246018343,14.050822122571
2021-08-07,9174,13,6703,6,2471,7,7531,7,69315,75,76846,82,0,179,5,243,8,8752,0,240,179,"Anderson",76978,190.963651952506,0.135135135135135,106.523941905479,16.8879420094053,315.674608329653,13.5135135135135
2021-08-08,9188,14,6711,8,2477,6,7541,10,69367,52,76908,62,0,179,6,249,8,8760,0,240,179,"Anderson",76978,184.468289641196,0.126582278481013,80.5424926602406,18.1870144716672,323.469043103224,12.6582278481013
2021-08-09,9224,36,6731,20,2493,16,7560,19,69466,99,77026,118,0,179,16,265,20,8780,0,240,179,"Anderson",76978,216.945101197745,0.139597315436242,153.29055054691,46.76660864143,344.254202499415,13.9597315436242
2021-08-10,9263,39,6751,20,2512,19,7580,20,69566,100,77146,120,0,179,20,285,19,8799,2,242,179,"Anderson",76978,237.730260593936,0.142307692307692,155.888695471433,50.6638260282159,370.235651744654,14.2307692307692
2021-08-11,9317,54,6775,24,2542,30,7609,29,69698,132,77307,161,0,179,30,315,24,8823,1,243,179,"Anderson",76978,274.10428953727,0.145476772616137,209.150666424173,70.149912962145,409.207825612513,14.5476772616137
2021-08-12,9365,48,6809,34,2556,14,7646,37,69866,168,77512,205,0,179,27,342,21,8844,0,243,181,"Anderson",76978,297.487593857985,0.154015401540154,266.309854763699,62.3554781885734,444.282782093585,15.4015401540154
2021-08-13,9429,64,6843,34,2586,30,7684,38,69980,114,77664,152,2,181,45,387,17,8861,1,244,181,"Anderson",76978,348.151419886201,0.177777777777778,197.459014263816,83.1406375847645,502.741042895373,17.7777777777778
2021-08-14,9479,50,6878,35,2601,15,7716,32,70166,186,77882,218,0,181,29,416,21,8882,0,244,181,"Anderson",76978,396.217100989893,0.178571428571429,283.197796773104,64.9536231130973,540.414144300969,17.8571428571429
2021-08-15,9502,23,6890,12,2612,11,7731,15,70255,89,77986,104,0,181,16,432,7,8889,0,244,181,"Anderson",76978,407.908753150251,0.176252319109462,135.103536075242,29.8786666320247,561.19930369716,17.6252319109462
2021-08-16,9540,38,6914,24,2626,14,7755,24,70344,89,78099,113,0,181,11,443,27,8916,0,244,182,"Anderson",76978,410.506898074775,0.181733457595527,146.7951882356,49.3647535659539,575.489100782042,18.1733457595527
2021-08-17,9583,43,6935,21,2648,22,7780,25,70452,108,78232,133,1,182,14,457,28,8944,0,244,182,"Anderson",76978,415.703187923822,0.184162062615101,172.776637480839,55.8601158772636,593.676115253709,18.4162062615101
2021-08-18,9635,52,6962,27,2673,25,7811,31,70564,112,78375,143,0,182,16,473,36,8980,0,244,182,"Anderson",76978,413.105042999299,0.189138576779026,185.767362103458,67.5517680376211,614.4612746499,18.9138576779026
2021-08-19,9709,74,6992,30,2717,44,7846,35,70716,152,78562,187,0,182,49,522,25,9005,0,244,182,"Anderson",76978,446.880927018109,0.19047619047619,242.926550442984,96.1313622073839,678.115825300735,19.047619047619
2021-08-20,9768,59,7031,39,2737,20,7889,43,70910,194,78799,237,0,182,26,548,33,9038,2,246,182,"Anderson",76978,440.385564706799,0.180616740088106,307.880173556081,76.6452752734548,711.891709319546,18.0616740088106
2021-08-21,9850,82,7064,33,2786,49,7923,34,71184,274,79107,308,0,182,62,610,20,9058,1,247,182,"Anderson",76978,481.955883499182,0.168979591836735,400.114318376679,106.523941905479,792.434201979786,16.8979591836735
2021-08-22,9873,23,7085,21,2788,2,7951,28,71340,156,79291,184,0,182,-2,608,25,9083,0,247,182,"Anderson",76978,481.955883499182,0.168582375478927,239.029333056198,29.8786666320247,789.836057055263,16.8582375478927
2021-08-23,9921,48,7099,14,2822,34,7968,17,71475,135,79443,152,0,182,-4,604,52,9135,2,249,183,"Anderson",76978,494.946608121801,0.158482142857143,197.459014263816,62.3554781885734,784.639767206215,15.8482142857143
2021-08-24,9965,44,7125,26,2840,18,7992,24,71561,86,79553,110,1,183,-23,581,66,9201,0,249,184,"Anderson",76978,496.245680584063,0.160484481453444,142.897970848814,57.1591883395256,754.76110057419,16.0484481453444
2021-08-25,10036,71,7150,25,2886,46,8014,22,71605,44,79619,66,0,183,15,596,56,9257,1,250,184,"Anderson",76978,520.92805736704,0.163183279742765,85.7387825092884,92.2341448205981,774.247187508119,16.3183279742765
2021-08-26,10104,68,7185,35,2919,33,8058,44,71777,172,79835,216,1,184,15,611,52,9309,1,251,184,"Anderson",76978,513.133622593468,0.166535742340927,280.59965184858,88.3369274338123,793.733274442048,16.6535742340927
2021-08-27,10179,75,7239,54,2940,21,8118,60,71954,177,80072,237,0,184,29,640,46,9355,0,251,184,"Anderson",76978,533.918781989659,0.179890023566379,307.880173556081,97.4304346696459,831.406375847645,17.9890023566379
2021-08-28,10238,59,7271,32,2967,27,8160,42,72158,204,80318,246,0,184,32,672,27,9382,0,251,184,"Anderson",76978,504.040115357635,0.19570602807597,319.571825716438,76.6452752734548,872.976694640027,19.570602807597
2021-08-29,10302,64,7320,49,2982,15,8214,54,72369,211,80583,265,0,184,38,710,26,9408,1,252,185,"Anderson",76978,557.302086310374,0.203560371517028,344.254202499415,83.1406375847645,922.341448205981,20.3560371517028
2021-08-30,10373,71,7366,46,3007,25,8262,48,72595,226,80857,274,0,184,5,715,66,9474,3,255,185,"Anderson",76978,587.180752942399,0.207920792079208,355.945854659773,92.2341448205981,928.836810517291,20.7920792079208
2021-08-31,10508,135,7448,82,3060,53,8349,87,72852,257,81201,344,0,184,49,764,86,9560,0,255,185,"Anderson",76978,705.396347008236,0.216626213592233,446.880927018109,175.374782405363,992.491361168126,21.6626213592233
2021-09-01,10539,31,7470,22,3069,9,8373,24,72943,91,81316,115,0,184,-16,748,47,9607,0,255,186,"Anderson",76978,653.433448517758,0.211549793753683,149.393333160124,40.2712463301203,971.706201771935,21.1549793753683
2021-09-02,10598,59,7495,25,3103,34,8402,29,73043,100,81445,129,1,185,-10,738,68,9675,0,255,186,"Anderson",76978,641.741796357401,0.213664596273292,167.580347631791,76.6452752734548,958.715477149315,21.3664596273292
2021-09-03,10627,29,7512,17,3115,12,8420,18,73116,73,81536,91,0,185,-34,704,63,9738,0,255,186,"Anderson",76978,581.984463093351,0.206284153005464,118.215594065837,37.6731014055964,914.547013432409,20.6284153005465
2021-09-04,10734,107,7582,70,3152,37,8497,77,73437,321,81934,398,0,185,81,785,26,9764,1,256,186,"Anderson",76978,644.339941281925,0.208539603960396,517.030839980254,139.000753462028,1019.77188287563,20.8539603960396
2021-09-05,10846,112,7656,74,3190,38,8572,75,73741,304,82313,379,0,185,80,865,32,9796,1,257,187,"Anderson",76978,706.695419470498,0.206936416184971,492.348463197277,145.496115773338,1123.69767985658,20.6936416184971
2021-09-06,10961,115,7733,77,3228,38,8659,87,74148,407,82807,494,0,185,5,870,110,9906,2,259,188,"Anderson",76978,763.854607810024,0.203589743589744,641.741796357401,149.393333160124,1130.19304216789,20.3589743589744
2021-09-07,10998,37,7752,19,3246,18,8677,18,74247,99,82924,117,0,185,-76,794,113,10019,0,259,188,"Anderson",76978,636.545506508353,0.190365641323273,151.991478084648,48.065681103692,1031.46353503598,19.0365641323273
2021-09-08,11039,41,7783,31,3256,10,8709,32,74354,107,83063,139,0,185,-60,734,101,10120,1,260,191,"Anderson",76978,649.536231130973,0.192329708070979,180.57107225441,53.2619709527397,953.519187300268,19.2329708070979
2021-09-09,11097,58,7804,21,3293,37,8727,18,74560,206,83287,224,0,185,-43,691,101,10221,1,261,193,"Anderson",76978,648.237158668711,0.176438653637351,290.992231546676,75.3462028111928,897.659071423004,17.6438653637351
2021-09-10,11249,152,7877,73,3372,79,8808,81,74853,293,83661,374,1,186,67,758,84,10305,1,262,194,"Anderson",76978,808.02307152693,0.182588235294118,485.853100885967,197.459014263816,984.696926394554,18.2588235294118
2021-09-11,11361,112,7940,63,3421,49,8877,69,75199,346,84076,415,0,186,82,840,30,10335,1,263,194,"Anderson",76978,814.51843383824,0.177404295051354,539.115071838707,145.496115773338,1091.22086830003,17.7404295051354
2021-09-12,11399,38,7972,32,3427,6,8912,35,75342,143,84254,178,0,186,8,848,30,10365,4,267,194,"Anderson",76978,718.387071630856,0.175167439464194,231.234898282626,49.3647535659539,1101.61344799813,17.5167439464194
2021-09-13,11486,87,8005,33,3481,54,8946,34,75472,130,84418,164,4,190,-41,807,124,10489,3,270,194,"Anderson",76978,682.013042687521,0.178150217256363,213.047883810959,113.019304216789,1048.35147704539,17.8150217256363
2021-09-14,11546,60,8035,30,3511,30,8981,35,75631,159,84612,194,1,191,-57,750,116,10605,1,271,194,"Anderson",76978,711.891709319546,0.180094786729858,252.020057678817,77.9443477357167,974.304346696459,18.0094786729858
2021-09-15,11587,41,8051,16,3536,25,8995,14,75692,61,84687,75,0,191,-38,712,79,10684,1,272,195,"Anderson",76978,711.891709319546,0.176108374384236,97.4304346696459,53.2619709527397,924.939593130505,17.6108374384236
2021-09-16,11673,86,8103,52,3570,34,9052,57,75914,222,84966,279,0,191,23,735,63,10747,1,273,195,"Anderson",76978,748.26573826288,0.193567599761763,362.441216971083,111.720231754527,954.81825976253,19.3567599761763
2021-09-17,11746,73,8144,41,3602,32,9089,37,76077,163,85166,200,0,191,16,751,57,10804,1,274,199,"Anderson",76978,645.639013744187,0.18671096345515,259.814492452389,94.832289745122,975.603419158721,18.671096345515
2021-09-18,11798,52,8174,30,3624,22,9122,33,76231,154,85353,187,0,191,8,759,44,10848,0,274,200,"Anderson",76978,567.69466600847,0.19185591229444,242.926550442984,67.5517680376211,985.995998856816,19.185591229444
2021-09-19,11821,23,8183,9,3638,14,9132,10,76299,68,85431,78,0,191,-10,749,33,10881,0,274,200,"Anderson",76978,548.208579074541,0.186915887850467,101.327652056432,29.8786666320247,973.005274234197,18.6915887850467
2021-09-20,11884,63,8217,34,3667,29,9168,36,76485,186,85653,222,0,191,30,779,33,10914,2,276,200,"Anderson",76978,517.030839980254,0.179757085020243,288.394086622152,81.8415651225025,1011.97744810206,17.9757085020243
2021-09-21,11938,54,8243,26,3695,28,9192,24,76603,118,85795,142,0,191,-68,711,122,11036,1,277,201,"Anderson",76978,509.236405206682,0.178360101437025,184.468289641196,70.149912962145,923.640520668243,17.8360101437025
2021-09-22,11989,51,8276,33,3713,18,9232,40,76875,272,86107,312,0,191,-40,671,91,11127,0,277,202,"Anderson",76978,522.227129829302,0.166901408450704,405.310608225727,66.2526955753592,871.677622177765,16.6901408450704
2021-09-23,12064,75,8324,48,3740,27,9283,51,77083,208,86366,259,2,193,-13,658,86,11213,1,278,202,"Anderson",76978,507.93733274442,0.165,336.459767725844,97.4304346696459,854.78968016836,16.5
2021-09-24,12105,41,8345,21,3760,20,9308,25,77223,140,86531,165,2,195,-17,641,56,11269,1,279,204,"Anderson",76978,466.367013952038,0.16043956043956,214.346956273221,53.2619709527397,832.705448309907,16.043956043956
2021-09-25,12115,10,8349,4,3766,6,9314,6,77318,95,86632,101,0,195,-38,603,48,11317,0,279,204,"Anderson",76978,411.805970537037,0.150117279124316,131.206318688456,12.9907246226195,783.340694743953,15.0117279124316
2021-09-26,12133,18,8364,15,3769,3,9332,18,77455,137,86787,155,1,196,-12,591,29,11346,0,279,204,"Anderson",76978,405.310608225727,0.147492625368732,201.356231650601,23.383304320715,767.751825196809,14.7492625368732
2021-09-27,12183,50,8385,21,3798,29,9354,22,77541,86,86895,108,1,197,-44,547,93,11439,1,280,205,"Anderson",76978,388.422666216322,0.14975845410628,140.29982592429,64.9536231130973,710.592636857284,14.975845410628
2021-09-28,12232,49,8409,24,3823,25,9381,27,77636,95,87017,122,0,197,-25,522,74,11513,1,281,205,"Anderson",76978,381.927303905012,0.154664484451718,158.486840395957,63.6545506508353,678.115825300735,15.4664484451718
2021-09-29,12269,37,8424,15,3845,22,9398,17,77827,191,87225,208,2,199,-35,487,70,11583,0,281,207,"Anderson",76978,363.740289433345,0.148479427549195,270.207072150485,48.065681103692,632.648289121567,14.8479427549195
2021-09-30,12331,62,8462,38,3869,24,9438,40,77999,172,87437,212,0,199,0,487,62,11645,1,282,208,"Anderson",76978,346.852347423939,0.144724556489262,275.403361999532,80.5424926602406,632.648289121567,14.4724556489262
2021-10-01,12382,51,8489,27,3893,24,9467,29,78150,151,87617,180,0,199,-12,475,63,11708,0,282,209,"Anderson",76978,359.843072046559,0.146408839779006,233.83304320715,66.2526955753592,617.059419574424,14.6408839779006
2021-10-02,12400,18,8496,7,3904,11,9473,6,78230,80,87703,86,1,200,-9,466,26,11734,0,282,209,"Anderson",76978,370.235651744654,0.148459383753501,111.720231754527,23.383304320715,605.367767414066,14.8459383753501
2021-10-03,12413,13,8505,9,3908,4,9482,9,78328,98,87810,107,4,204,-9,457,18,11752,0,282,209,"Anderson",76978,363.740289433345,0.146627565982405,139.000753462028,16.8879420094053,593.676115253709,14.6627565982405
2021-10-04,12458,45,8527,22,3931,23,9508,26,78448,120,87956,146,1,205,-21,436,65,11817,0,282,211,"Anderson",76978,357.244927122035,0.145146088595664,189.664579490244,58.4582608017875,566.395593546208,14.5146088595664
2021-10-05,12509,51,8554,27,3955,24,9538,30,78576,128,88114,158,2,207,-17,419,66,11883,0,282,212,"Anderson",76978,359.843072046559,0.143117593436645,205.253449037387,66.2526955753592,544.311361687755,14.3117593436645
2021-10-06,12539,30,8577,23,3962,7,9564,26,78741,165,88305,191,1,208,-6,413,35,11918,0,282,213,"Anderson",76978,350.749564810725,0.153703703703704,248.122840292031,38.9721738678584,536.516926914183,15.3703703703704
2021-10-07,12571,32,8599,22,3972,10,9589,25,78881,140,88470,165,0,208,-9,404,41,11959,0,282,215,"Anderson",76978,311.777390942867,0.146176185866409,214.346956273221,41.5703187923822,524.825274753826,14.6176185866409
2021-10-08,12587,16,8603,4,3984,12,9599,10,79011,130,88610,140,1,209,-13,391,28,11987,1,283,215,"Anderson",76978,266.309854763699,0.132930513595166,181.870144716672,20.7851593961911,507.93733274442,13.2930513595166
2021-10-09,12602,15,8606,3,3996,12,9606,7,79073,62,88679,69,0,209,-10,381,25,12012,0,283,216,"Anderson",76978,262.412637376913,0.136270491803279,89.6359998960742,19.4860869339292,494.946608121801,13.6270491803279
2021-10-10,12612,10,8614,8,3998,2,9615,9,79160,87,88775,96,0,209,-15,366,25,12037,0,283,216,"Anderson",76978,258.515419990127,0.137823834196891,124.710956377147,12.9907246226195,475.460521187872,13.7823834196891
2021-10-11,12653,41,8627,13,4026,28,9628,13,79261,101,88889,114,0,209,-9,357,50,12087,1,284,216,"Anderson",76978,253.319130141079,0.128617363344051,148.094260697862,53.2619709527397,463.768869027514,12.8617363344051
2021-10-12,12688,35,8651,24,4037,11,9650,22,79360,99,89010,121,2,211,-8,349,41,12128,1,285,216,"Anderson",76978,232.533970744888,0.125,157.187767933695,45.4675361791681,453.376289329419,12.5
2021-10-13,12715,27,8665,14,4050,13,9668,18,79472,112,89140,130,0,211,-9,340,36,12164,0,285,218,"Anderson",76978,228.636753358102,0.124550898203593,168.879420094053,35.0749564810725,441.684637169061,12.4550898203593
2021-10-14,12734,19,8675,10,4059,9,9682,14,79575,103,89257,117,1,212,-19,321,37,12201,0,285,218,"Anderson",76978,211.748811348697,0.118170266836086,151.991478084648,24.682376782977,417.002260386084,11.8170266836086
2021-10-15,12757,23,8687,12,4070,11,9695,13,79697,122,89392,135,0,212,-15,306,38,12239,0,285,218,"Anderson",76978,220.842318584531,0.122762148337596,175.374782405363,29.8786666320247,397.516173452155,12.2762148337596
2021-10-16,12765,8,8692,5,4073,3,9702,7,79752,55,89454,62,0,212,-16,290,24,12263,0,285,218,"Anderson",76978,211.748811348697,0.123870967741935,80.5424926602406,10.3925796980956,376.731014055964,12.3870967741935
2021-10-17,12767,2,8693,1,4074,1,9703,1,79803,51,89506,52,0,212,-14,276,16,12279,0,285,218,"Anderson",76978,201.356231650601,0.120383036935705,67.5517680376211,2.59814492452389,358.543999584297,12.0383036935705
2021-10-18,12790,23,8702,9,4088,14,9713,10,79871,68,89584,78,1,213,-27,249,49,12328,0,285,218,"Anderson",76978,177.972927329886,0.122302158273381,101.327652056432,29.8786666320247,323.469043103224,12.2302158273381
2021-10-19,12819,29,8715,13,4104,16,9724,11,79982,111,89706,122,2,215,-16,233,43,12371,0,285,218,"Anderson",76978,170.178492556315,0.10632183908046,158.486840395957,37.6731014055964,302.683883707033,10.632183908046
2021-10-20,12853,34,8740,25,4113,9,9752,28,80093,111,89845,139,0,215,9,242,25,12396,1,286,218,"Anderson",76978,179.271999792148,0.119148936170213,180.57107225441,44.1684637169061,314.375535867391,11.9148936170213
2021-10-21,12885,32,8758,18,4127,14,9770,18,80186,93,89956,111,0,215,10,252,22,12418,0,286,219,"Anderson",76978,196.159941801554,0.125894134477825,144.197043311076,41.5703187923822,327.36626049001,12.5894134477825
2021-10-22,12894,9,8764,6,4130,3,9778,8,80262,76,90040,84,0,215,-22,230,31,12449,0,286,219,"Anderson",76978,177.972927329886,0.128086419753086,109.122086830003,11.6916521603575,298.786666320247,12.8086419753086
2021-10-23,12911,17,8768,4,4143,13,9782,4,80315,53,90097,57,0,215,5,235,12,12461,0,286,219,"Anderson",76978,189.664579490244,0.124416796267496,74.0471303489309,22.0842318584531,305.282028631557,12.4416796267496
2021-10-24,12917,6,8773,5,4144,1,9789,7,80367,52,90156,59,0,215,-11,224,17,12478,0,286,219,"Anderson",76978,194.860869339292,0.132307692307692,76.6452752734548,7.79443477357167,290.992231546676,13.2307692307692
2021-10-25,12940,23,8785,12,4155,11,9803,14,80438,71,90241,85,1,216,-12,212,34,12512,1,287,220,"Anderson",76978,194.860869339292,0.136986301369863,110.421159292265,29.8786666320247,275.403361999532,13.6986301369863
2021-10-26,12952,12,8791,6,4161,6,9809,6,80502,64,90311,70,0,216,-5,207,17,12529,0,287,220,"Anderson",76978,172.776637480839,0.140495867768595,90.9350723583361,15.5888695471433,268.907999688223,14.0495867768595
2021-10-27,12970,18,8801,10,4169,8,9822,13,80623,121,90445,134,1,217,-6,201,23,12552,1,288,221,"Anderson",76978,151.991478084648,0.116666666666667,174.075709943101,23.383304320715,261.113564914651,11.6666666666667
2021-10-28,12992,22,8815,14,4177,8,9839,17,80705,82,90544,99,1,218,5,206,16,12568,0,288,222,"Anderson",76978,139.000753462028,0.11734693877551,128.608173763933,28.5795941697628,267.608927225961,11.734693877551
2021-10-29,13013,21,8825,10,4188,11,9851,12,80819,114,90670,126,0,218,6,212,15,12583,0,288,222,"Anderson",76978,154.589623009171,0.115873015873016,163.683130245005,27.2805217075008,275.403361999532,11.5873015873016
2021-10-30,13025,12,8827,2,4198,10,9856,5,80906,87,90762,92,0,218,2,214,10,12593,0,288,222,"Anderson",76978,148.094260697862,0.111278195488722,119.514666528099,15.5888695471433,278.001506924056,11.1278195488722
2021-10-31,13028,3,8829,2,4199,1,9859,3,80945,39,90804,42,0,218,-9,205,12,12605,0,288,222,"Anderson",76978,144.197043311076,0.108024691358025,54.5610434150017,3.89721738678583,266.309854763699,10.8024691358025
2021-11-01,13054,26,8833,4,4221,22,9863,4,81033,88,90896,92,1,219,-15,190,40,12645,1,289,223,"Anderson",76978,148.094260697862,0.0916030534351145,119.514666528099,33.7758840188106,246.82376782977,9.16030534351145
2021-11-02,13074,20,8838,5,4236,15,9868,5,81109,76,90977,81,2,221,-2,188,20,12665,0,289,223,"Anderson",76978,158.486840395957,0.0885885885885886,105.224869443218,25.9814492452389,244.225622905246,8.85885885885886
2021-11-03,13103,29,8855,17,4248,12,9885,17,81309,200,91194,217,1,222,5,193,23,12688,0,289,223,"Anderson",76978,172.776637480839,0.0841121495327103,281.898724310842,37.6731014055964,250.720985216555,8.41121495327103
2021-11-04,13125,22,8870,15,4255,7,9901,16,81442,133,91343,149,0,222,4,197,18,12706,0,289,223,"Anderson",76978,172.776637480839,0.0775969962453066,193.56179687703,28.5795941697628,255.917275065603,7.75969962453066
2021-11-05,13135,10,8871,1,4264,9,9902,1,81564,122,91466,123,0,222,1,198,9,12715,0,289,223,"Anderson",76978,158.486840395957,0.064070351758794,159.785912858219,12.9907246226195,257.216347527865,6.4070351758794
2021-11-06,13144,9,8875,4,4269,5,9907,5,81651,87,91558,92,0,222,0,198,9,12724,1,290,224,"Anderson",76978,154.589623009171,0.064070351758794,119.514666528099,11.6916521603575,257.216347527865,6.4070351758794
2021-11-07,13150,6,8880,5,4270,1,9913,6,81699,48,91612,54,0,222,0,198,6,12730,0,290,224,"Anderson",76978,158.486840395957,0.0668316831683168,70.149912962145,7.79443477357167,257.216347527865,6.68316831683168
2021-11-08,13175,25,8891,11,4284,14,9926,13,81787,88,91713,101,1,223,0,198,24,12754,0,290,224,"Anderson",76978,157.187767933695,0.0771113831089351,131.206318688456,32.4768115565486,257.216347527865,7.71113831089351
2021-11-09,13198,23,8896,5,4302,18,9931,5,81945,158,91876,163,1,224,1,199,21,12775,0,290,224,"Anderson",76978,161.084985320481,0.0700778642936596,211.748811348697,29.8786666320247,258.515419990127,7.00778642936596
2020-03-12,1,1,1,1,0,0,1,1,11,11,12,12,NA,NA,NA,NA,0,0,0,0,0,"East TN",2455501,NA,NA,0.488698640318208,0.040724886693184,NA,NA
2020-03-13,1,0,1,0,0,0,1,0,23,12,24,12,NA,NA,NA,NA,0,0,0,0,0,"East TN",2455501,NA,NA,0.488698640318208,0,NA,NA
2020-03-14,3,2,3,2,0,0,3,2,51,28,54,30,NA,NA,NA,NA,0,0,0,0,0,"East TN",2455501,NA,NA,1.22174660079552,0.081449773386368,NA,NA
2020-03-15,3,0,3,0,0,0,3,0,54,3,57,3,NA,NA,NA,NA,0,0,0,0,0,"East TN",2455501,NA,NA,0.122174660079552,0,NA,NA
2020-03-16,5,2,5,2,0,0,5,2,90,36,95,38,NA,NA,NA,NA,0,0,0,0,0,"East TN",2455501,NA,NA,1.54754569434099,0.081449773386368,NA,NA
2020-03-17,6,1,6,1,0,0,5,0,131,41,136,41,NA,NA,NA,NA,0,0,0,0,0,"East TN",2455501,NA,NA,1.66972035442054,0.040724886693184,NA,NA
2020-03-18,8,2,8,2,0,0,7,2,171,40,178,42,NA,NA,NA,NA,0,0,0,0,0,"East TN",2455501,0.325799093545472,0.0393258426966292,1.71044524111373,0.081449773386368,NA,3.93258426966292
2020-03-19,11,3,11,3,0,0,11,4,238,67,249,71,NA,NA,NA,NA,0,0,0,0,0,"East TN",2455501,0.40724886693184,0.0421940928270042,2.89146695521606,0.122174660079552,NA,4.21940928270042
2020-03-20,29,18,29,18,0,0,27,16,382,144,409,160,NA,NA,NA,NA,3,3,2,2,0,"East TN",2455501,1.14029682740915,0.0675324675324675,6.51598187090944,0.733047960477312,NA,6.75324675324675
2020-03-21,38,9,38,9,0,0,38,11,610,228,648,239,NA,NA,NA,NA,3,6,1,3,1,"East TN",2455501,1.42537103426144,0.0589225589225589,9.73324791967098,0.366523980238656,NA,5.89225589225589
2020-03-22,48,10,47,9,1,1,43,5,713,103,756,108,NA,NA,NA,NA,2,8,4,7,2,"East TN",2455501,1.83261990119328,0.0572246065808298,4.39828776286387,0.40724886693184,NA,5.72246065808298
2020-03-23,64,16,63,16,1,0,56,13,846,133,902,146,NA,NA,NA,NA,7,15,4,11,2,"East TN",2455501,2.40276831489786,0.0631970260223048,5.94583345720486,0.651598187090944,NA,6.31970260223048
2020-03-24,83,19,82,19,1,0,70,14,987,141,1057,155,NA,NA,NA,NA,7,22,5,16,2,"East TN",2455501,3.13581627537517,0.0705754614549403,6.31235743744352,0.773772847170496,NA,7.05754614549403
2020-03-25,116,33,115,33,1,0,99,29,1288,301,1387,330,NA,NA,NA,NA,15,37,12,28,3,"East TN",2455501,4.39828776286387,0.076095947063689,13.4392126087507,1.34392126087507,NA,7.6095947063689
2020-03-26,144,28,143,28,1,0,130,31,1774,486,1904,517,NA,NA,NA,NA,15,52,5,33,4,"East TN",2455501,5.41640993019347,0.0719033232628399,21.0547664203761,1.14029682740915,NA,7.19033232628399
2020-03-27,166,22,165,22,1,0,147,17,2171,397,2318,414,NA,NA,NA,NA,17,69,6,39,4,"East TN",2455501,5.57930947696621,0.0628601361969618,16.8601030909782,0.895947507250048,NA,6.28601361969618
2020-03-28,197,31,196,31,1,0,180,33,2608,437,2788,470,NA,NA,NA,NA,12,81,8,47,4,"East TN",2455501,6.47525698421626,0.0663551401869159,19.1406967457965,1.2624714874887,NA,6.63551401869159
2020-03-29,213,16,212,16,1,0,196,16,2795,187,2991,203,NA,NA,NA,NA,27,108,3,50,7,"East TN",2455501,6.71960630437536,0.0684563758389262,8.26715199871635,0.651598187090944,NA,6.84563758389262
2020-03-30,246,33,245,33,1,0,226,30,3345,550,3571,580,NA,NA,NA,NA,33,141,8,58,9,"East TN",2455501,7.41192937815949,0.0636942675159236,23.6204342820467,1.34392126087507,NA,6.36942675159236
2020-03-31,295,49,294,49,1,0,278,52,3645,300,3923,352,NA,NA,NA,NA,39,180,12,70,10,"East TN",2455501,8.63367597895501,0.0725750174459177,14.3351601160008,1.99551944796602,NA,7.25750174459177
2020-04-01,346,51,345,51,1,0,336,58,4243,598,4579,656,NA,NA,NA,NA,36,216,9,79,12,"East TN",2455501,9.36672393943232,0.0742481203007519,26.7155256707287,2.07696922135238,NA,7.42481203007519
2020-04-02,391,45,390,45,1,0,383,47,4839,596,5222,643,2,7,NA,134,34,250,5,84,14,"East TN",2455501,10.0590470132164,0.0762507534659433,26.1861021437173,1.83261990119328,5.45713481688666,7.62507534659433
2020-04-03,412,21,411,21,1,0,401,18,5124,285,5525,303,1,8,-13,121,33,283,2,86,17,"East TN",2455501,10.0183221265233,0.0792017461802308,12.3396406680348,0.855222620556864,4.92771128987526,7.92017461802307
2020-04-04,447,35,446,35,1,0,431,30,5716,592,6147,622,3,11,0,121,32,315,5,91,19,"East TN",2455501,10.181221673296,0.0747246204227449,25.3308795231604,1.42537103426144,4.92771128987526,7.47246204227449
2020-04-05,473,26,472,26,1,0,464,33,6093,377,6557,410,-1,10,1,122,26,341,2,93,20,"East TN",2455501,10.5884705402278,0.0751542344363432,16.6972035442054,1.05884705402278,4.96843617656845,7.51542344363432
2020-04-06,514,41,513,41,1,0,514,50,6626,533,7140,583,8,18,0,122,33,374,5,98,20,"East TN",2455501,10.9142696337733,0.080694872513309,23.7426089421263,1.66972035442054,4.96843617656845,8.06948725133091
2020-04-07,570,56,569,56,1,0,592,78,7755,1129,8347,1207,0,18,19,141,37,411,7,105,21,"East TN",2455501,11.1993438406256,0.0709764918625678,49.1549382386731,2.2805936548183,5.74220902373894,7.09764918625678
2020-04-08,607,37,606,37,1,0,632,40,8162,407,8794,447,1,19,4,145,32,443,8,113,25,"East TN",2455501,10.629195426921,0.0702253855278766,18.2040243518532,1.50682080764781,5.90510857051168,7.02253855278766
2020-04-09,633,26,632,26,1,0,662,30,8613,451,9275,481,3,22,3,148,20,463,2,115,25,"East TN",2455501,9.85542257975053,0.0688378978534419,19.5886704994215,1.05884705402278,6.02728323059123,6.88378978534419
2020-04-10,655,22,654,22,1,0,682,20,8941,328,9623,348,0,22,-7,141,29,492,4,119,25,"East TN",2455501,9.89614746644371,0.0685700341630063,14.172260569228,0.895947507250048,5.74220902373894,6.85700341630063
2020-04-11,679,24,678,24,1,0,728,46,10022,1081,10750,1127,2,24,-5,136,27,519,5,124,27,"East TN",2455501,9.44817371281869,0.0645231370845101,45.8969473032184,0.977397280636416,5.53858459027302,6.45231370845101
2020-04-12,709,30,708,30,1,0,761,33,11472,1450,12233,1483,0,24,18,154,12,531,1,125,28,"East TN",2455501,9.61107325959142,0.0523255813953488,60.3950069659919,1.22174660079552,6.27163255075034,5.23255813953488
2020-04-13,738,29,737,29,1,0,803,42,12435,963,13238,1005,0,24,-2,152,31,562,7,132,32,"East TN",2455501,9.12237461927321,0.0473925877336832,40.9285111266499,1.18102171410234,6.19018277736397,4.73925877336832
2020-04-14,749,11,748,11,1,0,823,20,12720,285,13543,305,4,28,-17,135,24,586,1,133,33,"East TN",2455501,7.28975471807994,0.0444572748267898,12.4210904414211,0.447973753625024,5.49785970357984,4.44572748267898
2020-04-15,773,24,772,24,1,0,850,27,13132,412,13982,439,2,30,-6,129,28,614,4,137,34,"East TN",2455501,6.76033119106854,0.0420200462606014,17.8782252583078,0.977397280636416,5.25351038342074,4.20200462606014
2020-04-16,801,28,800,28,1,0,886,36,13809,677,14695,713,1,31,1,130,26,640,6,143,34,"East TN",2455501,6.84178096445491,0.0413284132841328,29.0368442122402,1.14029682740915,5.29423527011392,4.13284132841328
2020-04-17,823,22,821,21,2,1,916,30,14138,329,15054,359,0,31,-1,129,23,663,3,146,35,"East TN",2455501,6.84178096445491,0.0430859878475419,14.6202343228531,0.895947507250048,5.25351038342074,4.30859878475419
2020-04-18,835,12,833,12,2,0,935,19,14919,781,15854,800,0,31,-11,118,23,686,0,146,35,"East TN",2455501,6.3530823241367,0.0405564263322884,32.5799093545472,0.488698640318208,4.80553662979571,4.05564263322884
2020-04-19,914,79,912,79,2,0,1016,81,15606,687,16622,768,1,32,66,184,12,698,1,147,35,"East TN",2455501,8.34860177210272,0.0580997949419002,31.2767129803653,3.21726604876154,7.49337915154586,5.80997949419002
2020-04-20,939,25,931,19,8,6,1033,17,16569,963,17602,980,0,32,10,194,15,713,2,149,35,"East TN",2455501,8.18570222532998,0.0527039413382218,39.9103889593203,1.0181221673296,7.9006280184777,5.27039413382218
2020-04-21,1045,106,1037,106,8,0,1154,121,19275,2706,20429,2827,0,32,83,277,23,736,6,155,36,"East TN",2455501,12.0545664611825,0.0480685448736567,115.129254681631,4.3168379894775,11.280793614012,4.80685448736567
2020-04-22,1247,202,1237,200,10,2,1354,200,21827,2552,23181,2752,2,34,177,454,23,759,2,157,36,"East TN",2455501,19.3035962925692,0.054788563974345,112.074888179642,8.22642711202317,18.4890985587055,5.4788563974345
2020-04-23,1492,245,1480,243,12,2,1601,247,22934,1107,24535,1354,0,34,236,690,9,768,3,160,36,"East TN",2455501,28.1408967049901,0.0726626016260163,55.1414965825711,9.97759723983008,28.100171818297,7.26626016260163
2020-04-24,1540,48,1527,47,13,1,1655,54,25623,2689,27278,2743,0,34,22,712,26,794,4,164,36,"East TN",2455501,29.1997437590129,0.0604548429319372,111.708364199404,1.95479456127283,28.996119325547,6.04548429319372
2020-04-25,1563,23,1546,19,17,4,1674,19,26398,775,28072,794,0,34,10,722,13,807,3,167,37,"East TN",2455501,29.6477175126379,0.0604845310198068,32.3355600343881,0.936672393943232,29.4033681924788,6.04845310198068
2020-04-26,1583,20,1565,19,18,1,1700,26,27516,1118,29216,1144,0,34,-1,721,21,828,0,167,38,"East TN",2455501,27.2449491977401,0.0543115769414007,46.5892703770025,0.81449773386368,29.3626433057857,5.43115769414007
2020-04-27,1652,69,1633,68,19,1,1772,72,28431,915,30203,987,0,34,50,771,19,847,8,175,39,"East TN",2455501,29.0368442122402,0.058646139195302,40.1954631661726,2.8100171818297,31.3988876404449,5.8646139195302
2020-04-28,1689,37,1667,34,22,3,1812,40,30605,2174,32417,2214,2,36,19,790,16,863,1,176,40,"East TN",2455501,26.2268270304105,0.0548882215548882,90.1648991387094,1.50682080764781,32.1726604876154,5.48882215548882
2020-04-29,1752,63,1729,62,23,1,1878,66,33354,2749,35232,2815,1,37,39,829,23,886,6,182,41,"East TN",2455501,20.5660677800579,0.0434818687245872,114.640556041313,2.56566786167059,33.7609310686495,4.34818687245872
2020-04-30,1774,22,1750,21,24,1,1900,22,33903,549,35803,571,0,37,-1,828,23,909,1,183,41,"East TN",2455501,11.4844180474779,0.0265353212637558,23.2539103018081,0.895947507250048,33.7202061819563,2.65353212637558
2020-05-01,1814,40,1786,36,28,4,1929,29,35565,1662,37494,1691,0,37,-16,812,56,965,0,183,41,"East TN",2455501,11.1586189539324,0.0268206734534064,68.8657833981741,1.62899546772736,33.0686079948654,2.68206734534064
2020-05-02,1835,21,1807,21,28,0,1966,37,37442,1877,39408,1914,0,37,-107,705,128,1093,2,185,41,"East TN",2455501,11.077169180546,0.0257586450247001,77.9474331307542,0.855222620556864,28.7110451186947,2.57586450247001
2020-05-03,1873,38,1840,33,33,5,2003,37,39562,2120,41565,2157,0,37,-20,685,58,1151,3,188,43,"East TN",2455501,11.8102171410234,0.0245363997084784,87.8435805971979,1.54754569434099,27.896547384831,2.45363997084784
2020-05-04,1920,47,1884,44,36,3,2060,57,41508,1946,43568,2003,0,37,-312,373,359,1510,1,189,43,"East TN",2455501,10.9142696337733,0.0215488215488215,81.5719480464475,1.91406967457965,15.1903827365576,2.15488215488215
2020-05-05,1948,28,1911,27,37,1,2092,32,44418,2910,46510,2942,2,39,-45,328,71,1581,1,190,43,"East TN",2455501,10.5477456535347,0.0198680195841907,119.812616651347,1.14029682740915,13.3577628353644,1.98680195841907
2020-05-06,1985,37,1948,37,37,0,2135,43,45462,1044,47597,1087,1,40,7,335,29,1610,0,190,43,"East TN",2455501,9.48889859951187,0.0207844723008492,44.267951835491,1.50682080764781,13.6428370422166,2.07844723008492
2020-05-07,2028,43,1989,41,39,2,2183,48,46853,1391,49036,1439,0,40,19,354,24,1634,4,194,47,"East TN",2455501,10.3441212200687,0.0213859291166024,58.6031119514918,1.75117012780691,14.4166098893871,2.13859291166024
2020-05-08,2047,19,2008,19,39,0,2219,36,48523,1670,50742,1706,1,41,-15,339,33,1667,0,194,48,"East TN",2455501,9.48889859951187,0.0218900966183575,69.4766566985719,0.773772847170496,13.8057365889894,2.18900966183575
2020-05-09,2063,16,2022,14,41,2,2237,18,51342,2819,53579,2837,0,41,-33,306,49,1716,1,195,49,"East TN",2455501,9.28527416604595,0.0191235622045022,115.536503548563,0.651598187090944,12.4618153281143,1.91235622045022
2020-05-10,2079,16,2037,15,42,1,2256,19,53906,2564,56162,2583,1,42,-27,279,42,1758,3,198,49,"East TN",2455501,8.3893266587959,0.0173323285606631,105.192382328494,0.651598187090944,11.3622433873983,1.73323285606631
2020-05-11,2140,61,2097,60,43,1,2307,51,55477,1571,57784,1622,3,45,13,292,45,1803,4,202,51,"East TN",2455501,8.95947507250048,0.0173747889701744,66.0557662163444,2.48421808828422,11.8916669144097,1.73747889701745
2020-05-12,2193,53,2150,53,43,0,2373,66,59032,3555,61405,3621,3,48,30,322,20,1823,3,205,51,"East TN",2455501,9.97759723983008,0.0188653910708291,147.464814716019,2.15841899473875,13.1134135152052,1.88653910708291
2020-05-13,2247,54,2201,51,46,3,2425,52,60657,1625,63082,1677,0,48,18,340,36,1859,7,212,53,"East TN",2455501,10.6699203136142,0.0187278010978366,68.2956349844696,2.19914388143194,13.8464614756826,1.87278010978366
2020-05-14,2278,31,2232,31,46,0,2470,45,62365,1708,64835,1753,1,49,-1,339,31,1890,2,214,54,"East TN",2455501,10.181221673296,0.0181657066902969,71.3907263731516,1.2624714874887,13.8057365889894,1.81657066902969
2020-05-15,2306,28,2260,28,46,0,2507,37,64685,2320,67192,2357,1,50,-21,318,48,1938,4,218,54,"East TN",2455501,10.5477456535347,0.0175075987841945,95.9885579358347,1.14029682740915,12.9505139684325,1.75075987841945
2020-05-16,2316,10,2270,10,46,0,2525,18,67455,2770,69980,2788,1,51,-28,290,37,1975,1,219,54,"East TN",2455501,10.3033963333756,0.0175599048838485,113.540984100597,0.40724886693184,11.8102171410234,1.75599048838485
2020-05-17,2396,80,2350,80,46,0,2604,79,69682,2227,72286,2306,0,51,59,349,21,1996,4,223,56,"East TN",2455501,12.9097890817393,0.0215827338129496,93.9115887144823,3.25799093545472,14.2129854559212,2.15827338129496
2020-05-18,2445,49,2398,48,47,1,2665,61,71560,1878,74225,1939,0,51,8,357,41,2037,3,226,56,"East TN",2455501,12.4210904414211,0.0217748312146463,78.9655552980838,1.99551944796602,14.5387845494667,2.17748312146463
2020-05-19,2486,41,2438,40,48,1,2705,40,72684,1124,75389,1164,1,52,-6,351,46,2083,3,229,56,"East TN",2455501,11.9323918011029,0.0237414187643021,47.4037681108662,1.66972035442054,14.2944352293076,2.37414187643021
2020-05-20,2528,42,2480,42,48,0,2750,45,74424,1740,77174,1785,0,52,13,364,29,2112,3,232,56,"East TN",2455501,11.4436931607847,0.0230627306273063,72.6939227473334,1.71044524111373,14.823858756319,2.30627306273063
2020-05-21,2769,241,2720,240,49,1,2988,238,75886,1462,78874,1700,0,52,211,575,30,2142,4,236,57,"East TN",2455501,19.9959193663533,0.0368972149013463,69.2323073784128,9.81469769305734,23.4168098485808,3.68972149013463
2020-05-22,2860,91,2808,88,52,3,3066,78,77411,1525,80477,1603,0,52,40,615,51,2193,6,242,57,"East TN",2455501,22.5615872280239,0.0420775310500565,65.2819933691739,3.70596468907974,25.0458053163082,4.20775310500565
2020-05-23,2926,66,2870,62,56,4,3157,91,79626,2215,82783,2306,2,54,36,651,28,2221,6,248,58,"East TN",2455501,24.8421808828422,0.0493634304459892,93.9115887144823,2.68784252175014,26.5119012372628,4.93634304459892
2020-05-24,2978,52,2922,52,56,0,3227,70,81746,2120,84973,2190,0,54,26,677,26,2247,0,248,59,"East TN",2455501,23.7018840554331,0.0491053834633877,89.187501858073,2.11769410804557,27.5707482912856,4.91053834633877
2020-05-25,3062,84,3005,83,57,1,3321,94,84396,2650,87717,2744,1,55,42,719,41,2288,2,250,59,"East TN",2455501,25.1272550896945,0.0486214052772013,111.749089086097,3.42089048222746,29.2811935323993,4.86214052772013
2020-05-26,3123,61,3057,52,66,9,3377,56,86782,2386,90159,2442,1,56,15,734,45,2333,3,253,59,"East TN",2455501,25.9417528235582,0.0454976303317536,99.4501733047553,2.48421808828422,29.8920668327971,4.54976303317536
2020-05-27,3199,76,3130,73,69,3,3444,67,88649,1867,92093,1934,0,56,40,774,36,2369,8,261,59,"East TN",2455501,27.3263989711265,0.0465178631275555,78.7619308646179,3.09509138868198,31.5210623005244,4.65178631275555
2020-05-28,3273,74,3204,74,69,0,3511,67,90048,1399,93559,1466,0,56,14,788,60,2429,1,262,59,"East TN",2455501,20.5253428933647,0.0356145726932244,59.7026838922077,3.01364161529562,32.091210714229,3.56145726932244
2020-05-29,3348,75,3278,74,70,1,3594,83,91326,1278,94920,1361,0,56,10,798,65,2494,4,266,59,"East TN",2455501,19.8737447062738,0.0365575019040366,55.4265707894234,3.0543665019888,32.4984595811608,3.65575019040366
2020-05-30,3421,73,3350,72,71,1,3675,81,93571,2245,97246,2326,0,56,-1,797,74,2568,4,270,60,"East TN",2455501,20.1588189131261,0.0358155292816152,94.726086448346,2.97291672860243,32.4577346944676,3.58155292816152
2020-05-31,3533,112,3460,110,73,2,3769,94,96354,2783,100123,2877,0,56,71,868,41,2609,1,271,61,"East TN",2455501,22.6023121147171,0.0357755775577558,117.16549901629,4.56118730963661,35.3492016496837,3.57755775577558
2020-06-01,3629,96,3553,93,76,3,3903,134,100186,3832,104089,3966,0,56,-169,699,265,2874,5,276,61,"East TN",2455501,23.0910107550353,0.0355484974346445,161.514900625168,3.90958912254566,28.4666957985356,3.55484974346445
2020-06-02,3736,107,3658,105,78,2,4018,115,104246,4060,108264,4175,1,57,16,715,90,2964,3,279,65,"East TN",2455501,24.9643555429218,0.0354045843689589,170.026401944043,4.35756287617069,29.1182939856266,3.54045843689589
2020-06-03,3786,50,3708,50,78,0,4068,50,106176,1930,110244,1980,0,57,-65,650,115,3079,4,283,66,"East TN",2455501,23.905508488899,0.0343782711696325,80.6352756525043,2.0362443346592,26.4711763505696,3.43782711696325
2020-06-04,3837,51,3757,49,80,2,4129,61,107724,1548,111853,1609,6,63,-37,613,82,3161,5,288,67,"East TN",2455501,22.9688360949558,0.0337815677271236,65.526342689333,2.07696922135238,24.9643555429218,3.37815677271236
2020-06-05,3936,99,3852,95,84,4,4211,82,109880,2156,114091,2238,1,64,-43,570,141,3302,4,292,68,"East TN",2455501,23.9462333755922,0.0321840279588963,91.1422964193458,4.03176378262522,23.2131854151149,3.21840279588963
2020-06-06,3989,53,3902,50,87,3,4286,75,112985,3105,117271,3180,1,65,-14,556,66,3368,4,296,68,"East TN",2455501,23.1317356417285,0.0305118601747815,129.505139684325,2.15841899473875,22.6430370014103,3.05118601747815
2020-06-07,4047,58,3958,56,89,2,4367,81,116949,3964,121316,4045,0,65,-8,548,66,3434,6,302,69,"East TN",2455501,20.9325917602966,0.0282168640588874,164.732166673929,2.36204342820467,22.3172379078648,2.82168640588874
2020-06-08,4207,160,4114,156,93,4,4524,157,119900,2951,124424,3108,0,65,75,623,85,3519,6,308,69,"East TN",2455501,23.5389845086604,0.0305384804524219,126.572947842416,6.51598187090944,25.3716044098536,3.05384804524219
2020-06-09,4315,108,4221,107,94,1,4642,118,122227,2327,126869,2445,1,66,-35,588,142,3661,7,315,70,"East TN",2455501,23.5797093953535,0.0335393711367912,99.5723479648349,4.39828776286387,23.9462333755922,3.35393711367912
2020-06-10,4392,77,4295,74,97,3,4716,74,125065,2838,129781,2912,0,66,-63,525,140,3801,6,321,70,"East TN",2455501,24.6792813360695,0.0331678353892614,118.590870050552,3.13581627537517,21.3805655139216,3.31678353892614
2020-06-11,4656,264,4557,262,99,2,4996,280,127356,2291,132352,2571,1,67,149,674,114,3915,8,329,70,"East TN",2455501,33.3536822017177,0.0422947460851749,104.703683688176,10.7513700870006,27.448573631206,4.22947460851749
2020-06-12,4827,171,4727,170,100,1,5168,172,129983,2627,135151,2799,2,69,24,698,145,4060,3,332,71,"East TN",2455501,36.2858740436269,0.0454415954415954,113.988957854222,6.96395562453446,28.4259709118424,4.54415954415954
2020-06-13,4975,148,4871,144,104,4,5336,168,132174,2191,137510,2359,0,69,50,748,98,4158,4,336,72,"East TN",2455501,40.1547382794794,0.051880033598498,96.0700077092211,6.02728323059123,30.4622152465016,5.1880033598498
2020-06-14,5091,116,4986,115,105,1,5471,135,136044,3870,141515,4005,0,69,30,778,86,4244,4,340,73,"East TN",2455501,42.5167817076841,0.0546561710975791,163.103171206202,4.72408685640934,31.6839618472971,5.46561710975791
2020-06-15,5274,183,5158,172,116,11,5650,179,139218,3174,144868,3353,0,69,58,836,125,4369,9,349,78,"East TN",2455501,43.4534541016273,0.0550772842887889,136.550545082246,7.45265426485267,34.0460052755018,5.50772842887889
2020-06-16,5428,154,5310,152,118,2,5808,158,141018,1800,146826,1958,3,72,64,900,87,4456,4,353,81,"East TN",2455501,45.3267988895138,0.0584256150724057,79.7393281452543,6.27163255075034,36.6523980238656,5.84256150724057
2020-06-17,5561,133,5440,130,121,3,5930,122,142458,1440,148388,1562,3,75,-6,894,136,4592,6,359,83,"East TN",2455501,47.6073925443321,0.0652442629118074,63.6122730147534,5.41640993019347,36.4080487037065,6.52442629118074
2020-06-18,5739,178,5617,177,122,1,6136,206,146049,3591,152185,3797,1,76,42,936,135,4727,10,369,83,"East TN",2455501,44.1050522887183,0.057479957646347,154.63239477402,7.24902983138675,38.1184939448202,5.7479957646347
2020-06-19,5874,135,5748,131,126,4,6254,118,147513,1464,153767,1582,4,80,22,958,109,4836,12,381,84,"East TN",2455501,42.6389563677636,0.0583369144821659,64.4267707486171,5.49785970357984,39.0144414520703,5.83369144821659
2020-06-20,5940,66,5813,65,127,1,6349,95,149688,2175,156037,2270,0,80,-44,914,110,4946,6,387,84,"East TN",2455501,39.2995156589226,0.0546769579532574,92.4454927935277,2.68784252175014,37.2225464375702,5.46769579532574
2020-06-21,6028,88,5900,87,128,1,6468,119,153038,3350,159506,3469,1,81,0,914,87,5033,3,390,87,"East TN",2455501,38.1592188315134,0.0554165971874826,141.274631938655,3.58379002900019,37.2225464375702,5.54165971874826
2020-06-22,6224,196,6089,189,135,7,6666,198,156448,3410,163114,3608,1,82,43,957,152,5185,7,397,88,"East TN",2455501,38.6886423585248,0.0556834374657459,146.935391189008,7.98207779186406,38.9737165653771,5.56834374657459
2020-06-23,6414,190,6273,184,141,6,6850,184,158253,1805,165103,1989,4,86,57,1014,129,5314,15,412,88,"East TN",2455501,40.1547382794794,0.0570115445642064,81.001799632743,7.73772847170496,41.2950351068886,5.70115445642064
2020-06-24,6592,178,6449,176,143,2,7033,183,159884,1631,166917,1814,2,88,37,1051,139,5453,9,421,88,"East TN",2455501,41.9873581806727,0.0595283069782503,73.8749444614358,7.24902983138675,42.8018559145364,5.95283069782503
2020-06-25,6761,169,6609,160,152,9,7217,184,163058,3174,170275,3358,0,88,22,1073,147,5600,8,429,88,"East TN",2455501,41.620834200434,0.0597567716970702,136.754169515712,6.8825058511481,43.6978034217864,5.97567716970702
2020-06-26,6975,214,6813,204,162,10,7389,172,164647,1589,172036,1761,1,89,67,1140,146,5746,16,445,88,"East TN",2455501,44.8381002491956,0.0621271005528491,71.716525466697,8.71512575234138,46.4263708302298,6.21271005528491
2020-06-27,7049,74,6882,69,167,5,7435,46,164856,209,172291,255,-1,88,-52,1088,127,5873,5,450,90,"East TN",2455501,45.1638993427411,0.0668143226282761,10.3848461067619,3.01364161529562,44.3086767221842,6.68143226282761
2020-06-28,7176,127,7007,125,169,2,7606,171,167945,3089,175551,3260,0,88,30,1118,97,5970,5,455,91,"East TN",2455501,46.7521699237752,0.0709255219694609,132.76313061978,5.17206061003437,45.5304233229797,7.09255219694609
2020-06-29,7519,343,7348,341,171,2,7946,340,173213,5268,181159,5608,1,89,147,1265,195,6165,22,477,92,"East TN",2455501,52.7387282676733,0.0709337766694375,228.385164575376,13.9686361357621,51.5169816668778,7.09337766694375
2020-06-30,7789,270,7614,266,175,4,8394,448,179500,6287,187894,6735,0,89,100,1365,170,6335,22,499,93,"East TN",2455501,55.996719203128,0.0677460401035496,274.282111878594,10.9957194071597,55.5894703361962,6.77460401035496
2020-07-01,8064,275,7886,272,178,3,8728,334,182704,3204,191432,3538,0,89,66,1431,209,6544,17,516,96,"East TN",2455501,59.9470332123668,0.0691413420354885,144.084649120485,11.1993438406256,58.2773128579463,6.91413420354885
2020-07-02,8544,480,8361,475,183,5,9334,606,189087,6383,198421,6989,2,91,314,1745,164,6708,24,540,99,"East TN",2455501,72.6124729739471,0.0752149506146522,284.626233098663,19.5479456127283,71.0649272796061,7.52149506146522
2020-07-03,8770,226,8581,220,189,6,9562,228,192443,3356,202005,3584,5,96,24,1769,197,6905,14,554,100,"East TN",2455501,73.1011716142653,0.0725082585338183,145.957993908371,9.20382439265958,72.0423245602425,7.25082585338183
2020-07-04,8990,220,8799,218,191,2,9842,280,197207,4764,207049,5044,2,98,77,1846,141,7046,14,568,106,"East TN",2455501,79.0470050714701,0.0692502445480177,205.41632848042,8.95947507250048,75.1781408356177,6.92502445480177
2020-07-05,9310,320,9118,319,192,1,10210,368,201055,3848,211265,4216,2,100,163,2009,155,7201,11,579,109,"East TN",2455501,86.9069082032546,0.0729125833006664,171.696122298464,13.0319637418189,81.8162973666066,7.29125833006664
2020-07-06,9544,234,9341,223,203,11,10420,210,202686,1631,213106,1841,4,104,-51,1958,281,7482,26,605,109,"East TN",2455501,82.4678955536976,0.0774407612608383,74.9745164021517,9.52962348620506,79.7393281452543,7.74407612608383
2020-07-07,9992,448,9780,439,212,9,10986,566,208964,6278,219950,6844,0,104,159,2117,289,7771,31,636,110,"East TN",2455501,89.7169253850844,0.080858497629149,278.721124528151,18.2447492385464,86.2145851294705,8.0858497629149
2020-07-08,10373,381,10151,371,222,10,11420,434,213136,4172,224556,4606,1,105,61,2178,319,8090,20,656,110,"East TN",2455501,94.0337633745619,0.0812703779736747,187.578828108805,15.5161818301031,88.6988032177547,8.12703779736747
2020-07-09,10822,449,10586,435,236,14,11892,472,219086,5950,230978,6422,1,106,149,2327,299,8389,24,680,113,"East TN",2455501,92.7712918870731,0.078569892803391,261.535222343628,18.2854741252396,94.7668113350392,7.8569892803391
2020-07-10,11289,467,11041,455,248,12,12345,453,222370,3284,234715,3737,0,106,141,2468,326,8715,27,707,115,"East TN",2455501,102.58598958013,0.0850810149801284,152.188901572429,19.0185220857169,100.509020358778,8.50810149801284
2020-07-11,11595,306,11340,299,255,7,12767,422,226848,4478,239615,4900,5,111,44,2512,257,8972,22,729,120,"East TN",2455501,106.088329835744,0.0898176011791439,199.551944796602,12.4618153281143,102.300915373278,8.98176011791439
2020-07-12,12065,470,11802,462,263,8,13400,633,232778,5930,246178,6563,1,112,222,2734,247,9219,24,753,125,"East TN",2455501,112.197062839722,0.091369976799473,267.277431367367,19.1406967457965,111.341840219165,9.1369976799473
2020-07-13,12419,354,12143,341,276,13,13743,343,236212,3434,249955,3777,3,115,-119,2615,470,9689,18,771,129,"East TN",2455501,117.084049242904,0.0901788379603246,153.817897040156,14.4166098893871,106.495578702676,9.01788379603246
2020-07-14,12934,515,12653,510,281,5,14327,584,240700,4488,255027,5072,4,119,77,2692,434,10123,34,805,133,"East TN",2455501,119.812616651347,0.0952475981412321,206.556625307829,20.9733166469898,109.631394978051,9.52475981412321
2020-07-15,13314,380,13027,374,287,6,14710,383,243797,3097,258507,3480,6,125,-105,2587,479,10602,24,829,140,"East TN",2455501,119.771891764654,0.0969043621690083,141.72260569228,15.4754569434099,105.355281875267,9.69043621690083
2020-07-16,14141,827,13839,812,302,15,15807,1097,253631,9834,269438,10931,6,131,349,2936,472,11074,43,872,142,"East TN",2455501,135.165898934678,0.101794071762871,445.163736443194,33.6794812952632,119.568267331188,10.1794071762871
2020-07-17,14609,468,14292,453,317,15,16318,511,257951,4320,274269,4831,3,134,95,3031,370,11444,24,896,147,"East TN",2455501,135.206623821371,0.100444961318704,196.741927614772,19.0592469724101,123.437131567041,10.0444961318704
2020-07-18,15118,509,14786,494,332,15,16986,668,266042,8091,283028,8759,6,140,185,3216,318,11762,27,923,150,"East TN",2455501,143.473775820087,0.0971828714901067,356.709282545599,20.7289673268307,130.97123560528,9.71828714901067
2020-07-19,15599,481,15248,462,351,19,17546,560,270895,4853,288441,5413,0,140,76,3292,405,12167,25,948,154,"East TN",2455501,143.921749573712,0.0980999929015924,220.443811670205,19.5886704994215,134.066326993962,9.80999929015924
2020-07-20,16035,436,15669,421,366,15,17957,411,273352,2457,291309,2868,2,142,-270,3022,704,12871,29,977,158,"East TN",2455501,147.261190282553,0.10190066257194,116.798975036052,17.7560505982282,123.070607586802,10.190066257194
2020-07-21,17036,1001,16653,984,383,17,19169,1212,281729,8377,300898,9589,1,143,381,3403,619,13490,61,1038,161,"East TN",2455501,167.053485215441,0.105556887794031,390.510938500941,40.7656115798772,138.586789416905,10.5556887794031
2020-07-22,17620,584,17220,567,400,17,19823,654,285029,3300,304852,3954,4,147,-80,3323,660,14150,29,1067,166,"East TN",2455501,175.36136210085,0.110324738375229,161.02620198485,23.7833338288195,135.32879848145,11.0324738375229
2020-07-23,18415,795,17993,773,422,22,20822,999,295233,10204,316055,11203,4,151,242,3565,549,14699,50,1117,171,"East TN",2455501,174.058165726668,0.107578780273291,456.24090562374,32.3762849210813,145.184221061201,10.7578780273291
2020-07-24,19018,603,18583,590,435,13,21506,684,301042,5809,322548,6493,2,153,6,3571,595,15294,34,1151,177,"East TN",2455501,179.556025430248,0.107458729468299,264.426689298844,24.55710667599,145.42857038136,10.7458729468299
2020-07-25,19996,978,19548,965,448,13,22708,1202,310657,9615,333365,10817,10,163,550,4121,418,15712,28,1179,185,"East TN",2455501,198.655997289352,0.113673838329658,440.521099360171,39.8289391859339,167.827258062611,11.3673838329658
2020-07-26,20771,775,20308,760,463,15,23605,897,318180,7523,341785,8420,1,164,391,4512,383,16095,21,1200,192,"East TN",2455501,210.629113977148,0.113583533293341,342.903545956609,31.5617871872176,183.750688759646,11.3583533293341
2020-07-27,21417,646,20932,624,485,22,24311,706,322646,4466,346957,5172,6,170,-78,4434,718,16813,38,1238,196,"East TN",2455501,219.181340182716,0.114182001150086,210.629113977148,26.3082768037969,180.574147597578,11.4182001150086
2020-07-28,22232,815,21724,792,508,23,25284,973,330867,8221,356151,9194,7,177,170,4604,638,17451,50,1288,201,"East TN",2455501,211.606511257784,0.110672723653014,374.424608257134,33.190782654945,187.497378335419,11.0672723653014
2020-07-29,22575,343,22055,331,520,12,25600,316,332439,1572,358039,1888,5,182,-337,4267,675,18126,24,1312,210,"East TN",2455501,201.791813564727,0.108616767255156,76.8885860767314,13.9686361357621,173.773091519816,10.8616767255156
2020-07-30,23763,1188,23228,1173,535,15,26981,1381,344973,12534,371954,13915,5,187,673,4940,510,18636,42,1354,216,"East TN",2455501,217.796694035148,0.110180861911662,566.686798335655,48.3811653915026,201.180940264329,11.0180861911662
2020-07-31,24385,622,23834,606,551,16,27635,654,348941,3968,376576,4622,6,193,80,5020,536,19172,25,1379,225,"East TN",2455501,218.570466882319,0.113441178648108,188.230426295896,25.3308795231604,204.438931199784,11.3441178648108
2020-08-01,24944,559,24376,542,568,17,28271,636,355915,6974,384186,7610,1,194,152,5172,406,19578,16,1395,228,"East TN",2455501,201.506739357874,0.109462623718542,309.91638773513,22.7652116614899,210.629113977148,10.9462623718542
2020-08-02,25375,431,24796,420,579,11,28755,484,359713,3798,388468,4282,4,198,49,5221,378,19956,19,1414,233,"East TN",2455501,187.497378335419,0.110318531371163,174.383964820214,17.5524261647623,212.624633425114,11.0318531371163
2020-08-03,26001,626,25404,608,597,18,29463,708,363857,4144,393320,4852,3,201,-43,5178,666,20622,33,1447,241,"East TN",2455501,186.682880601555,0.111123093846386,197.597150235329,25.4937790699332,210.873463297307,11.1123093846386
2020-08-04,26487,486,25870,466,617,20,29989,526,369228,5371,399217,5897,6,207,-219,4959,699,21321,33,1480,250,"East TN",2455501,173.284392879498,0.109250917196861,240.154656829706,19.7922949328874,201.954713111499,10.9250917196861
2020-08-05,26955,468,26330,460,625,8,30510,521,373441,4213,403951,4734,9,216,-223,4736,682,22003,19,1499,256,"East TN",2455501,178.375003716146,0.106943718417843,192.791613605533,19.0592469724101,192.873063378919,10.6943718417843
2020-08-06,27686,731,27023,693,663,38,31362,852,380511,7070,411873,7922,7,223,201,4937,523,22526,36,1535,262,"East TN",2455501,159.763730497361,0.109747238157268,322.622552383404,29.7698921727175,201.058765604249,10.9747238157268
2020-08-07,28241,555,27564,541,677,14,31981,619,384481,3970,416462,4589,6,229,38,4975,511,23037,34,1569,275,"East TN",2455501,157.035163088917,0.108960537531966,186.886505035021,22.6023121147171,202.60631129859,10.8960537531966
2020-08-08,28916,675,28227,663,689,12,32781,800,394557,10076,427338,10876,8,237,289,5264,378,23415,19,1588,285,"East TN",2455501,161.759249945327,0.104514275120504,442.923867675069,27.4892985178992,214.375803552921,10.4514275120504
2020-08-09,29444,528,28743,516,701,12,33415,634,398858,4301,432273,4935,2,239,115,5379,411,23826,19,1607,292,"East TN",2455501,165.709563954566,0.106380550165506,200.977315830863,21.5027401740012,219.059165522637,10.6380550165506
2020-08-10,29747,303,29035,292,712,11,33743,328,401147,2289,434890,2617,3,242,-478,4901,778,24604,26,1633,296,"East TN",2455501,152.555425552667,0.102958864565793,106.577028476063,12.3396406680348,199.592669683295,10.2958864565793
2020-08-11,30359,612,29630,595,729,17,34428,685,407247,6100,441675,6785,17,259,-7,4894,602,25206,28,1661,301,"East TN",2455501,157.686761276008,0.104550379198267,276.318356213253,24.9236306562286,199.307595476443,10.4550379198267
2020-08-12,30804,445,30054,424,750,21,34902,474,410996,3749,445898,4223,6,265,-251,4643,690,25896,25,1686,306,"East TN",2455501,156.750088882065,0.104703554485422,171.981196505316,18.1225745784669,189.085648916453,10.4703554485422
2020-08-13,31621,817,30858,804,763,13,36019,1117,419558,8562,455577,9679,6,271,202,4845,609,26505,44,1730,313,"East TN",2455501,160.252429137679,0.106557752150833,394.176178303328,33.2722324283313,197.312076028476,10.6557752150833
2020-08-14,32082,461,31290,432,792,29,36553,534,424214,4656,460767,5190,4,275,-142,4703,599,27104,18,1748,320,"East TN",2455501,156.42428978852,0.103193770454802,211.362161937625,18.7741727655578,191.529142118044,10.3193770454802
2020-08-15,32732,650,31928,638,804,12,37430,877,431147,6933,468577,7810,4,279,216,4919,430,27534,17,1765,329,"East TN",2455501,155.40616762119,0.11273309246102,318.061365073767,26.4711763505696,200.325717643772,11.273309246102
2020-08-16,33206,474,32391,463,815,11,38023,593,436613,5466,474636,6059,2,281,110,5029,362,27896,10,1775,338,"East TN",2455501,153.207023739758,0.108774166135543,246.752088474002,19.3035962925692,204.805455180022,10.8774166135543
2020-08-17,33479,273,32594,203,885,70,38250,227,438085,1472,476335,1699,8,289,-397,4632,662,28558,12,1787,344,"East TN",2455501,151.985277138963,0.108746531547834,69.1915824917196,11.1178940672392,188.637675162828,10.8746531547834
2020-08-18,34109,630,33159,565,950,65,39062,812,448682,10597,487744,11409,8,297,52,4684,570,29128,22,1809,347,"East TN",2455501,152.71832509944,0.100588248062689,464.630232282536,25.6566786167059,190.755369270874,10.0588248062689
2020-08-19,34564,455,33593,434,971,21,39559,497,453466,4784,493025,5281,7,304,-113,4571,561,29689,22,1831,354,"East TN",2455501,153.125573966372,0.0988180872960299,215.068126626705,18.5298234453987,186.153457074544,9.88180872960299
2020-08-20,35342,778,34350,757,992,21,40433,874,465004,11538,505437,12412,6,310,264,4835,508,30197,26,1857,362,"East TN",2455501,151.537303385338,0.088527878058564,505.4772936358,31.6839618472971,196.904827161545,8.8527878058564
2020-08-21,35551,209,34547,197,1004,12,40646,213,467455,2451,508101,2664,17,327,-321,4514,513,30710,17,1874,369,"East TN",2455501,141.274631938655,0.0864706130899565,108.491098150642,8.51150131887546,183.832138533033,8.64706130899565
2020-08-22,36421,870,35405,858,1016,12,41619,973,480822,13367,522441,14340,2,329,454,4968,414,31124,20,1894,376,"East TN",2455501,150.234107011156,0.0777699391058963,583.994875180259,35.4306514230701,202.321237091738,7.77699391058963
2020-08-23,36674,253,35647,242,1027,11,41873,254,485929,5107,527802,5361,0,329,-94,4874,347,31471,20,1914,381,"East TN",2455501,141.233907051962,0.072414701124779,218.326117562159,10.3033963333756,198.493097742579,7.2414701124779
2020-08-24,36866,192,35822,175,1044,17,42071,198,487272,1343,529343,1541,8,337,-486,4388,670,32141,15,1929,391,"East TN",2455501,137.935191229814,0.0720834591005131,62.7570503941965,7.81917824509133,178.700802809691,7.20834591005131
2020-08-25,37480,614,36411,589,1069,25,42756,685,497008,9736,539764,10421,16,353,119,4507,479,32620,22,1951,399,"East TN",2455501,137.283593042723,0.0710111495578624,424.39404422967,25.005080429615,183.54706432618,7.10111495578624
2020-08-26,37826,346,36731,320,1095,26,43141,385,500970,3962,544111,4347,6,359,-207,4300,547,33167,11,1962,407,"East TN",2455501,132.844580393166,0.070117057510864,177.031082455271,14.0908107958417,175.117012780691,7.0117057510864
2020-08-27,38687,861,37575,844,1112,17,44117,976,511260,10290,555377,11266,8,367,387,4687,466,33633,29,1991,413,"East TN",2455501,136.2247459887,0.073768522226672,458.806573485411,35.0641274428314,190.877543930953,7.3768522226672
2020-08-28,39021,334,37889,314,1132,20,44455,338,513868,2608,558323,2946,12,379,-182,4505,504,34137,10,2001,419,"East TN",2455501,141.315356825348,0.0758432559436104,119.97551619812,13.6021121555235,183.465614552794,7.58432559436104
2020-08-29,39472,451,38324,435,1148,16,44983,528,520387,6519,565370,7047,8,387,61,4566,382,34519,16,2017,428,"East TN",2455501,124.251629300904,0.0783619464697524,286.988276526868,18.366923898626,185.949832641078,7.83619464697524
2020-08-30,39735,263,38576,252,1159,11,45250,267,522268,1881,567518,2148,8,395,-55,4511,310,34829,14,2031,431,"East TN",2455501,124.658878167836,0.0850287037969584,87.4770566169592,10.7106452003074,183.709963872953,8.50287037969584
2020-08-31,40142,407,38954,378,1188,29,45700,450,525754,3486,571454,3936,2,397,-133,4378,538,35367,16,2047,436,"East TN",2455501,133.414728806871,0.0861770083826079,160.293154024372,16.5750288841259,178.29355394276,8.61770083826079
2020-09-01,40749,607,39519,565,1230,42,46374,674,531419,5665,577793,6339,6,403,105,4483,496,35863,28,2075,445,"East TN",2455501,133.129654600018,0.0951379210602435,258.155056748093,24.7200062227627,182.569667045544,9.51379210602435
2020-09-02,41237,488,39978,459,1259,29,46827,453,536212,4793,583039,5246,7,410,22,4505,459,36322,22,2097,452,"East TN",2455501,138.912588510451,0.0946876284422524,213.642755592443,19.8737447062738,183.465614552794,9.46876284422524
2020-09-03,41792,555,40500,522,1292,33,47474,647,544469,8257,591943,8904,6,416,-39,4466,588,36910,22,2119,455,"East TN",2455501,126.450773182336,0.091806596291637,362.61439111611,22.6023121147171,181.87734397176,9.1806596291637
2020-09-04,42149,357,40843,343,1306,14,47822,348,547801,3332,595623,3680,7,423,-40,4426,390,37300,11,2130,456,"East TN",2455501,127.38744557628,0.0902680965147453,149.867583030917,14.5387845494667,180.248348504032,9.02680965147453
2020-09-05,43147,998,41826,983,1321,15,48912,1090,557119,9318,606031,10408,1,424,640,5066,357,37657,26,2156,462,"East TN",2455501,149.663958597451,0.0966282186862104,423.864620702659,40.6434369197976,206.31227598767,9.66282186862104
2020-09-06,43410,263,42073,247,1337,16,49180,268,559747,2628,608927,2896,0,424,-50,5016,313,37970,9,2165,476,"East TN",2455501,149.663958597451,0.0949069042961675,117.939271863461,10.7106452003074,204.276031653011,9.49069042961675
2020-09-07,43614,204,42270,197,1344,7,49417,237,561083,1336,610500,1573,3,427,-342,4674,543,38513,13,2178,480,"East TN",2455501,141.396806598735,0.0951954105414127,64.0602467683784,8.30787688540954,190.348120403942,9.51954105414127
2020-09-08,43925,311,42559,289,1366,22,49737,320,564509,3426,614246,3746,7,434,-303,4371,607,39120,24,2202,487,"East TN",2455501,129.342240137552,0.0922557814171673,152.555425552667,12.6654397615802,178.008479735907,9.22557814171673
2020-09-09,44258,333,42875,316,1383,17,50112,375,569655,5146,619767,5521,6,440,-161,4210,488,39608,16,2218,494,"East TN",2455501,123.029882700109,0.089441298192115,224.842099433069,13.5613872688303,171.451772978305,8.9441298192115
2020-09-10,44933,675,43513,638,1420,37,50819,707,577466,7811,628285,8518,18,458,194,4404,463,40071,39,2257,505,"East TN",2455501,127.916869103291,0.0920422651477629,346.894584852541,27.4892985178992,179.352400996782,9.20422651477629
2020-09-11,45259,326,43816,303,1443,23,51174,355,581625,4159,632799,4514,17,475,-206,4198,515,40586,26,2283,516,"East TN",2455501,126.654397615802,0.0901656982999785,183.832138533033,13.276313061978,170.963074337986,9.01656982999785
2020-09-12,45678,419,44217,401,1461,18,51686,512,588611,6986,640297,7498,10,485,92,4290,317,40903,14,2297,527,"East TN",2455501,103.074688220449,0.080954882390708,305.355200425494,17.0637275244441,174.709763913759,8.0954882390708
2020-09-13,46119,441,44638,421,1481,20,52189,503,594184,5573,646373,6076,2,487,51,4341,388,41291,21,2318,532,"East TN",2455501,110.323718051835,0.0803557122256049,247.444411547786,17.9596750316941,176.786733135112,8.03557122256049
2020-09-14,46563,444,45067,429,1496,15,52674,485,599157,4973,651831,5458,9,496,-150,4191,585,41876,23,2341,542,"East TN",2455501,120.0976908582,0.0788028356439476,222.276431571398,18.0818496917737,170.678000131134,7.88028356439477
2020-09-15,47056,493,45523,456,1533,37,53214,540,607333,8176,660547,8716,7,503,-66,4125,552,42428,19,2360,545,"East TN",2455501,127.509620236359,0.0750955702900585,354.958112417792,20.0773691397397,167.990157609384,7.50955702900585
2020-09-16,47409,353,45833,310,1576,43,53608,394,610746,3413,664354,3807,6,509,-175,3950,522,42950,17,2377,554,"East TN",2455501,128.324117970223,0.0784085047211071,155.039643640951,14.375885002694,160.863302438077,7.84085047211071
2020-09-17,47960,551,46352,519,1608,32,54185,577,617922,7176,672107,7753,8,517,119,4069,424,43374,21,2398,565,"East TN",2455501,123.274232020268,0.0768107343343526,315.740046532256,22.4394125679444,165.709563954566,7.68107343343526
2020-09-18,48494,534,46838,486,1656,48,54752,567,626037,8115,680789,8682,17,534,-29,4040,546,43920,29,2427,571,"East TN",2455501,131.74500845245,0.0745571994165451,353.573466270223,21.7470894941603,164.528542240463,7.45571994165451
2020-09-19,49002,508,47323,485,1679,23,55325,573,634391,8354,689716,8927,3,537,193,4233,312,44232,29,2456,573,"East TN",2455501,135.369523368144,0.073635646208948,363.551063510054,20.6882424401375,172.388445372248,7.3635646208948
2020-09-20,49308,306,47604,281,1704,25,55654,329,639349,4958,695003,5287,1,538,-19,4214,324,44556,13,2469,584,"East TN",2455501,129.871663664564,0.0712523133867983,215.312475946864,12.4618153281143,171.614672525077,7.12523133867983
2020-09-21,49471,163,47737,133,1734,30,55806,152,640866,1517,696672,1669,3,541,-210,4004,370,44926,9,2478,589,"East TN",2455501,118.427970503779,0.0698467919983943,67.9698358909241,6.63815653098899,163.062446319509,6.98467919983943
2020-09-22,49931,460,48139,402,1792,58,56296,490,647016,6150,703312,6640,6,547,-55,3949,509,45435,28,2506,596,"East TN",2455501,117.084049242904,0.0720682801356249,270.413247642742,18.7334478788646,160.822577551384,7.20682801356249
2020-09-23,50225,294,48393,254,1832,40,56578,282,649109,2093,705687,2375,8,555,-217,3732,503,45938,11,2517,605,"East TN",2455501,114.681280928006,0.0718554181888564,96.721605896312,11.9731166877961,151.985277138963,7.18554181888564
2020-09-24,50688,463,48835,442,1853,21,57059,481,656003,6894,713062,7375,11,566,-36,3696,488,46426,27,2544,610,"East TN",2455501,111.097490899006,0.070174581858137,300.346039362232,18.8556225389442,150.519181218008,7.0174581858137
2020-09-25,51142,454,49265,430,1877,24,57545,486,662675,6672,720220,7158,11,577,14,3710,429,46855,18,2562,616,"East TN",2455501,107.839499963551,0.0708325936445943,291.508738949811,18.4890985587055,151.089329631713,7.08325936445944
2020-09-26,51699,557,49798,533,1901,24,58183,638,673231,10556,731414,11194,5,582,193,3903,359,47214,28,2590,623,"East TN",2455501,109.835019411517,0.0685404575759029,455.874381643502,22.6837618881035,158.949232763497,6.85404575759029
2020-09-27,52092,393,50163,365,1929,28,58589,406,679250,6019,737839,6425,3,585,91,3994,299,47513,30,2620,630,"East TN",2455501,113.378084553824,0.0685171351199925,261.657397003707,16.0048804704213,162.655197452577,6.85171351199925
2020-09-28,52326,234,50358,195,1968,39,58814,225,680937,1687,739751,1912,4,589,-315,3679,545,48058,14,2634,637,"East TN",2455501,116.26955150904,0.0698252048561944,77.8659833573678,9.52962348620506,149.826858144224,6.98252048561944
2020-09-29,52709,383,50698,340,2011,43,59211,397,686748,5811,745959,6208,9,598,-43,3636,417,48475,30,2664,639,"East TN",2455501,113.133735233665,0.0683518184163013,252.820096591286,15.5976316034895,148.075688016417,6.83518184163013
2020-09-30,53191,482,51148,450,2043,32,59687,476,690186,3438,749873,3914,6,604,79,3715,397,48872,21,2685,643,"East TN",2455501,120.790013931984,0.0703616530122663,159.397206517122,19.6293953861147,151.292954065179,7.03616530122663
2020-10-01,53579,388,51497,349,2082,39,60066,379,693466,3280,753532,3659,11,615,0,3715,377,49249,30,2715,648,"East TN",2455501,117.735647429995,0.0743019520632567,149.01236041036,15.8012560369554,151.292954065179,7.43019520632567
2020-10-02,54044,465,51934,437,2110,28,60529,463,697087,3621,757616,4084,2,617,24,3739,439,49688,17,2732,652,"East TN",2455501,118.18362118362,0.0797946304417585,166.320437254963,18.9370723123306,152.270351345815,7.97946304417585
2020-10-03,54449,405,52322,388,2127,17,61012,483,704546,7459,765558,7942,12,629,83,3822,310,49998,21,2753,658,"East TN",2455501,111.993438406256,0.0828549671977507,323.437050117267,16.4935791107395,155.650516941349,8.28549671977507
2020-10-04,54904,455,52747,425,2157,30,61551,539,714669,10123,776220,10662,4,633,145,3967,306,50304,26,2779,670,"East TN",2455501,114.518381381233,0.0771736015215862,434.208741922728,18.5298234453987,161.555625511861,7.71736015215862
2020-10-05,55576,672,53360,613,2216,59,62303,752,721917,7248,784220,8000,5,638,153,4120,514,50818,38,2817,679,"East TN",2455501,132.355881752848,0.0784591513188963,325.799093545472,27.3671238578196,167.786533175918,7.84591513188963
2020-10-06,56326,750,54026,666,2300,84,63043,740,728557,6640,791600,7380,8,646,302,4422,440,51258,42,2859,688,"East TN",2455501,147.301915169247,0.0839595977301111,300.549663795698,30.543665019888,180.08544895726,8.39595977301111
2020-10-07,57063,737,54685,659,2378,78,63751,708,735310,6753,799061,7461,3,649,293,4715,441,51699,36,2895,694,"East TN",2455501,157.686761276008,0.0826217776693502,303.848379617846,30.0142414928766,192.017840758363,8.26217776693503
2020-10-08,57781,718,55342,657,2439,61,64429,678,741771,6461,806200,7139,10,659,265,4980,443,52142,31,2926,699,"East TN",2455501,171.125973884759,0.0828396749449381,290.734966102641,29.2404686457061,202.809935732056,8.28396749449381
2020-10-09,58322,541,55841,499,2481,42,64989,560,747250,5479,812239,6039,4,663,123,5103,414,52556,20,2946,706,"East TN",2455501,174.221065273441,0.0816505867491716,245.937590740138,22.0321637010125,207.819096795318,8.16505867491716
2020-10-10,58940,618,56428,587,2512,31,65658,669,755675,8425,821333,9094,12,675,252,5355,354,52910,19,2965,720,"East TN",2455501,182.895466139089,0.083298969072165,370.352119587815,25.1679799763877,218.081768242,8.3298969072165
2020-10-11,59883,943,57340,912,2543,31,66687,1029,766103,10428,832790,11457,1,676,587,5942,355,53265,36,3001,727,"East TN",2455501,202.769210845363,0.0907901714689765,466.585026843809,38.4035681516725,241.987276730899,9.07901714689765
2020-10-12,60239,356,57626,286,2613,70,67004,317,769024,2921,836028,3238,6,682,-337,5605,687,53952,18,3019,738,"East TN",2455501,189.900146650317,0.0907388820259419,131.86718311253,14.4980596627735,228.262989915296,9.07388820259419
2020-10-13,60744,505,58079,453,2665,52,67488,484,773409,4385,840897,4869,9,691,7,5612,489,54441,22,3041,745,"East TN",2455501,179.922549410487,0.0901677586871412,198.289473309113,20.5660677800579,228.548064122149,9.01677586871412
2020-10-14,61619,875,58891,812,2728,63,68336,848,779595,6186,847931,7034,1,692,329,5941,545,54986,40,3081,752,"East TN",2455501,185.542583774146,0.0938203396766933,286.458852999856,35.634275856536,241.946551844206,9.38203396766933
2020-10-15,62128,509,59331,440,2797,69,68801,465,783749,4154,852550,4619,14,706,-67,5874,562,55548,19,3100,761,"East TN",2455501,177.031082455271,0.0943257820927724,188.108251635817,20.7289673268307,239.217984435763,9.43257820927724
2020-10-16,62767,639,59927,596,2840,43,69385,584,787838,4089,857223,4673,2,708,-135,5739,772,56320,21,3121,773,"East TN",2455501,181.022121351203,0.0977236350702472,190.307395517249,26.0232025969446,233.720124732183,9.77236350702472
2020-10-17,63485,718,60608,681,2877,37,70244,859,796622,8784,866866,9643,6,714,236,5975,476,56796,36,3157,780,"East TN",2455501,185.094610020521,0.100718160455055,392.710082382373,29.2404686457061,243.331197991774,10.0718160455055
2020-10-18,64290,805,61366,758,2924,47,71116,872,804732,8110,875848,8982,3,717,348,6323,454,57250,34,3191,788,"East TN",2455501,179.474575656862,0.102861256909285,365.790932278179,32.7835337880131,257.503458561002,10.2861256909285
2020-10-19,65038,748,62051,685,2987,63,71875,759,809631,4899,881506,5658,3,720,-19,6304,764,58014,65,3256,799,"East TN",2455501,195.43873124059,0.10710673292581,230.421408910035,30.4622152465016,256.729685713832,10.710673292581
2020-10-20,65724,686,62660,609,3064,77,72566,691,813247,3616,885813,4307,15,735,35,6339,636,58650,27,3283,812,"East TN",2455501,202.809935732056,0.113055481342951,175.402086987543,27.9372722715242,258.155056748093,11.3055481342951
2020-10-21,66318,594,63213,553,3105,41,73183,617,816991,3744,890174,4361,5,740,-128,6211,717,59367,24,3307,826,"East TN",2455501,191.366242571272,0.114740903818384,177.601230868975,24.1905826957513,252.942271251366,11.4740903818384
2020-10-22,67448,1130,64248,1035,3200,95,74283,1100,825557,8566,899840,9666,10,750,440,6651,680,60047,42,3349,841,"East TN",2455501,216.656397207739,0.115923028124339,393.646754776317,46.0191219632979,270.861221396367,11.5923028124339
2020-10-23,68419,971,65152,904,3267,67,75253,970,832673,7116,907926,8086,19,769,289,6940,663,60710,36,3385,849,"East TN",2455501,230.177059589876,0.115732796875924,329.301433801086,39.5438649790817,282.630713650697,11.5732796875924
2020-10-24,69656,1237,66327,1175,3329,62,76580,1327,843199,10526,919779,11853,12,781,643,7583,582,61292,48,3433,866,"East TN",2455501,251.313275783638,0.119743730274224,482.71208197431,50.3766848394686,308.816815794414,11.9743730274224
2020-10-25,70586,930,67200,873,3386,57,77627,1047,851077,7878,928704,8925,9,790,437,8020,484,61776,40,3473,877,"East TN",2455501,256.403886620286,0.123183744513395,363.469613736667,37.8741446246611,326.613591279336,12.3183744513395
2020-10-26,71048,462,67606,406,3442,56,78061,434,853832,2755,931893,3189,6,796,-449,7571,905,62681,20,3493,891,"East TN",2455501,244.756569026036,0.122769762041797,129.871663664564,18.814897652251,308.328117154096,12.2769762041797
2020-10-27,71889,841,68317,711,3572,130,78844,783,858217,4385,937061,5168,12,808,78,7649,751,63432,52,3545,915,"East TN",2455501,251.068926463479,0.122502341554792,210.466214430375,34.2496297089677,311.504658316164,12.2502341554792
2020-10-28,72886,997,69227,910,3659,87,79814,970,865435,7218,945249,8188,13,821,199,7848,785,64217,39,3584,929,"East TN",2455501,267.481055800833,0.120399455288243,333.455372243791,40.6027120331044,319.608910768108,12.0399455288243
2020-10-29,73793,907,70019,792,3774,115,80648,834,871938,6503,952586,7337,11,832,149,7997,747,64964,40,3624,941,"East TN",2455501,258.399406068252,0.120672657642286,298.798493667891,36.9374722307179,325.676918885392,12.0672657642286
2020-10-30,74693,900,70826,807,3867,93,81488,840,876796,4858,958284,5698,28,860,50,8047,822,65786,38,3662,957,"East TN",2455501,255.507939113036,0.123813495373128,232.050404377762,36.6523980238656,327.713163220052,12.3813495373128
2020-10-31,74707,14,70840,14,3867,0,81504,16,876817,21,958321,37,5,865,-603,7444,612,66398,0,3662,967,"East TN",2455501,205.701402687272,0.127756732914742,1.50682080764781,0.570148413704576,303.156056544062,12.7756732914742
2020-11-01,75214,507,71230,390,3984,117,81974,470,883385,6568,965359,7038,0,865,-139,7305,646,67044,26,3688,983,"East TN",2455501,188.474775616056,0.118592279361615,286.621752546629,20.6475175534443,297.495297293709,11.8592279361615
2020-11-02,76026,812,71974,744,4052,68,82751,777,887613,4228,970364,5005,11,876,-226,7079,1027,68071,37,3725,997,"East TN",2455501,202.72848595867,0.121910010137506,203.828057899386,33.0686079948654,288.29147290105,12.1910010137506
2020-11-03,77066,1040,72934,960,4132,80,83827,1076,894476,6863,978303,7939,31,907,31,7110,978,69049,26,3751,1010,"East TN",2455501,210.832738410614,0.120823432423258,323.314875457188,42.3538821609114,289.553944388538,12.0823432423258
2020-11-04,77977,911,73745,811,4232,100,84674,847,899361,4885,984035,5732,6,913,-5,7105,910,69959,34,3785,1034,"East TN",2455501,207.330398155,0.125302944361367,233.435050525331,37.1003717774906,289.350319955072,12.5302944361367
2020-11-05,78555,578,74229,484,4326,94,85175,501,902024,2663,987199,3164,17,930,-369,6736,930,70889,27,3812,1048,"East TN",2455501,193.931910432942,0.130789009909572,128.853541497234,23.5389845086603,274.322836765287,13.0789009909572
2020-11-06,79521,966,75077,848,4444,118,86102,927,908434,6410,994536,7337,10,940,42,6778,914,71803,36,3848,1072,"East TN",2455501,196.619752954692,0.127275736511089,298.798493667891,39.3402405456157,276.033282006401,12.7275736511089
2020-11-07,80848,1327,76318,1241,4530,86,87521,1419,919356,10922,1006877,12341,21,961,649,7427,657,72460,48,3896,1082,"East TN",2455501,250.091529182843,0.123918774198863,502.585826680584,54.0419246418552,302.463733470278,12.3918774198863
2020-11-08,82404,1556,77756,1438,4648,118,89186,1665,932257,12901,1021443,14566,3,964,888,8315,665,73125,50,3946,1099,"East TN",2455501,292.811935323993,0.128592825048142,593.198699572918,63.3679236945943,338.627432853825,12.8592825048142
2020-11-09,83025,621,78295,539,4730,82,89767,581,935709,3452,1025476,4033,9,973,-466,7849,1078,74203,18,3964,1109,"East TN",2455501,285.033481965595,0.127304398316156,164.243468033611,25.2901546364673,319.649635654801,12.7304398316156
2020-11-10,83964,939,79144,849,4820,90,90690,923,940711,5002,1031401,5925,27,1000,4,7853,908,75111,42,4006,1126,"East TN",2455501,280.920268409583,0.129251572563938,241.294953657115,38.2406686048998,319.812535201574,12.9251572563938
2020-11-11,85267,1303,80242,1098,5025,205,91859,1169,947257,6546,1039116,7715,26,1026,382,8235,895,76006,51,4057,1139,"East TN",2455501,296.884423993311,0.130444254824713,314.192500837915,53.0645273612188,335.36944191837,13.0444254824713
2020-11-12,86104,837,80947,705,5157,132,92623,764,951473,4216,1044096,4980,15,1041,8,8243,814,76820,34,4091,1156,"East TN",2455501,307.432169646846,0.13090321106561,202.809935732056,34.086730162195,335.695241011916,13.090321106561
2020-11-13,87564,1460,82235,1288,5329,172,93923,1300,957335,5862,1051258,7162,27,1068,527,8770,906,77726,46,4137,1172,"East TN",2455501,327.550263673279,0.137883008356546,291.671638496584,59.4583345720486,357.157256299224,13.7883008356546
2020-11-14,89041,1477,83627,1392,5414,85,95457,1534,966232,8897,1061689,10431,7,1075,919,9689,551,78277,50,4187,1201,"East TN",2455501,333.658996677256,0.144785813325549,424.801293096602,60.1506576458328,394.58342717026,14.4785813325549
2020-11-15,90993,1952,85360,1733,5633,219,97416,1959,977406,11174,1074822,13133,7,1082,1338,11027,607,78884,54,4241,1218,"East TN",2455501,349.786051807757,0.154180482961464,534.839936941585,79.4949788250952,449.07332556574,15.4180482961464
2020-11-16,92518,1525,86758,1398,5760,127,98952,1536,985028,7622,1083980,9158,10,1092,171,11198,1344,80228,37,4278,1237,"East TN",2455501,386.601349378396,0.156997812115411,372.958512336179,62.1054522071056,456.037281190274,15.6997812115411
2020-11-17,93731,1213,87877,1119,5854,94,100173,1221,990173,5145,1090346,6366,31,1123,90,11288,1092,81320,42,4320,1264,"East TN",2455501,397.759968332328,0.160878785308338,259.254628688809,49.3992875588322,459.702520992661,16.0878785308338
2020-11-18,94930,1199,88832,955,6098,244,101207,1034,995315,5142,1096522,6176,14,1137,57,11345,1128,82448,52,4372,1278,"East TN",2455501,393.524580116237,0.162840121241682,251.516900217104,48.8291391451276,462.023839534172,16.2840121241682
2020-11-19,96009,1079,89709,877,6300,202,102064,857,999976,4661,1102040,5518,45,1182,-245,11100,1279,83727,50,4422,1297,"East TN",2455501,403.380002695988,0.162933176860417,224.719924772989,43.9421527419455,452.046242294342,16.2933176860417
2020-11-20,97135,1126,90672,963,6463,163,103087,1023,1004877,4901,1107964,5924,28,1210,-127,10973,1225,84952,33,4455,1322,"East TN",2455501,389.777890540464,0.161605473847565,241.254228770422,45.8562224165252,446.874181684308,16.1605473847565
2020-11-21,98353,1218,91734,1062,6619,156,104186,1099,1011283,6406,1115469,7505,3,1213,360,11333,855,85807,45,4500,1345,"East TN",2455501,379.230144886929,0.16230940870212,305.640274632346,49.6029119922981,461.535140893854,16.230940870212
2020-11-22,99939,1586,93162,1428,6777,158,105852,1666,1020888,9605,1126740,11271,17,1230,804,12137,765,86572,56,4556,1372,"East TN",2455501,364.324836357224,0.162486998728765,459.010197918877,64.5896702953898,494.277949795174,16.2486998728765
2020-11-23,100830,891,93919,757,6911,134,106555,703,1024005,3117,1130560,3820,18,1248,-1160,10977,2033,88605,35,4591,1399,"East TN",2455501,338.505258193745,0.163224559896951,155.569067167963,36.2858740436269,447.037081231081,16.3224559896951
2020-11-24,101741,911,94652,733,7089,178,107261,706,1027032,3027,1134293,3733,13,1261,-738,10239,1636,90241,53,4644,1427,"East TN",2455501,326.206342412404,0.161285184426696,152.026002025656,37.1003717774906,416.982114851511,16.1285184426696
2020-11-25,102649,908,95338,686,7311,222,107806,545,1029340,2308,1137146,2853,38,1299,-494,9745,1364,91605,54,4698,1452,"East TN",2455501,314.355400384687,0.162440921622686,116.188101735654,36.9781971174111,396.864020825078,16.2440921622686
2020-11-26,104115,1466,96725,1387,7390,79,109477,1671,1037707,8367,1147184,10038,18,1317,-441,9304,1889,93494,22,4720,1471,"East TN",2455501,330.115931534949,0.164207868155237,408.796412626181,59.7026838922077,378.904345793384,16.4207868155237
2020-11-27,105819,1704,98291,1566,7528,138,111227,1750,1045247,7540,1156474,9290,5,1322,161,9465,1538,95032,48,4768,1498,"East TN",2455501,353.65491604361,0.167800453514739,378.334197379679,69.3952069251855,385.461052550987,16.7800453514739
2020-11-28,107443,1624,99669,1378,7774,246,112721,1494,1052779,7532,1165500,9026,2,1324,568,10033,1054,96086,43,4811,1524,"East TN",2455501,370.189220041043,0.170594231576423,367.582827292679,66.1372159897308,408.592788192715,17.0594231576423
2020-11-29,109732,2289,101791,2122,7941,167,115048,2327,1063477,10698,1178525,13025,4,1328,1278,11311,1007,97093,50,4861,1548,"East TN",2455501,398.818815386351,0.17758038041904,530.441649178722,93.2192656406982,460.639193386604,17.758038041904
2020-11-30,111970,2238,103800,2009,8170,229,117269,2221,1072928,9451,1190197,11672,15,1343,-111,11200,2334,99427,53,4914,1578,"East TN",2455501,453.67523776207,0.179653570769824,475.340877482844,91.1422964193458,456.118730963661,17.9653570769824
2020-12-01,114233,2263,105808,2008,8425,255,119407,2138,1081765,8837,1201172,10975,20,1363,422,11622,1821,101248,62,4976,1606,"East TN",2455501,508.735284571255,0.1816115671586,446.955631457694,92.1604185866754,473.304633148184,18.16115671586
2020-12-02,115290,1057,106721,913,8569,144,120283,876,1084675,2910,1204958,3786,15,1378,-692,10930,1734,102982,41,5017,1639,"East TN",2455501,514.803292688539,0.183993983365776,154.184421020395,43.0462052346955,445.123011556501,18.3993983365776
2020-12-03,117100,1810,108292,1571,8808,239,122005,1722,1090665,5990,1212670,7712,33,1411,318,11248,1459,104441,45,5062,1660,"East TN",2455501,528.812653710994,0.191308065846135,314.070326177835,73.712044914663,458.073525524934,19.1308065846135
2020-12-04,118826,1726,109677,1385,9149,341,123462,1457,1096187,5522,1219649,6979,37,1448,-300,10948,1989,106430,35,5097,1694,"East TN",2455501,529.708601218244,0.193668381480016,284.218984231731,70.2911544324356,445.856059516978,19.3668381480016
2020-12-05,119959,1133,110585,908,9374,225,124391,929,1099249,3062,1223640,3991,5,1453,123,11071,1005,107435,23,5120,1719,"East TN",2455501,509.712681851891,0.200722394220846,162.533022792497,46.1412966233775,450.86522058024,20.0722394220846
2020-12-06,121427,1468,111847,1262,9580,206,125632,1241,1103740,4491,1229372,5732,20,1473,484,11555,964,108399,37,5157,1755,"East TN",2455501,476.277549876787,0.20815387338486,233.435050525331,59.7841336655941,470.576065739741,20.815387338486
2020-12-07,124150,2723,114252,2405,9898,318,128203,2571,1113288,9548,1241491,12119,31,1504,-205,11350,2897,111296,50,5207,1777,"East TN",2455501,496.029119922981,0.213163332943424,493.544901834697,110.89386646554,462.227463967638,21.3163332943424
2020-12-08,126915,2765,116612,2360,10303,405,130735,2532,1121648,8360,1252383,10892,45,1549,728,12078,1992,113288,70,5277,1801,"East TN",2455501,516.473013042959,0.22120247603054,443.57546586216,112.604311706654,491.875181480276,22.120247603054
2020-12-09,129560,2645,118993,2381,10567,264,133312,2577,1128746,7098,1262058,9675,21,1570,579,12657,2045,115333,56,5333,1824,"East TN",2455501,581.144133111736,0.228178633975482,394.013278756555,107.717325303472,515.45489087563,22.8178633975482
2020-12-10,132635,3075,121673,2680,10962,395,136262,2950,1140219,11473,1276481,14423,30,1600,2531,15188,514,115847,70,5403,1860,"East TN",2455501,632.661114778613,0.223425428217705,587.375040775793,125.229026581541,618.529579096079,22.3425428217705
2020-12-11,134621,1986,123423,1750,11198,236,138054,1792,1147394,7175,1285448,8967,35,1635,450,15638,1501,117348,50,5453,1884,"East TN",2455501,643.249585318841,0.221766288241463,365.180058977781,80.8796249726634,636.855778108011,22.1766288241463
2020-12-12,137882,3261,126149,2726,11733,535,141028,2974,1158629,11235,1299657,14209,21,1656,1904,17542,1336,118684,73,5526,1909,"East TN",2455501,729.912144201937,0.218858939447755,578.659915023451,132.803855506473,714.395962371834,21.8858939447755
2020-12-13,142174,4292,130008,3859,12166,433,145397,4369,1175915,17286,1321312,21655,15,1671,2977,20519,1300,119984,62,5588,1943,"East TN",2455501,844.919224223488,0.21497715901675,881.8974213409,174.791213687146,835.633950057442,21.497715901675
2020-12-14,145032,2858,132462,2454,12570,404,148071,2674,1185193,9278,1333264,11952,37,1708,-1139,19380,3960,123944,64,5652,1975,"East TN",2455501,850.417083927068,0.216490688982598,486.743845756935,116.39172616912,789.248304113906,21.6490688982598
2020-12-15,149160,4128,136004,3542,13156,586,151936,3865,1200214,15021,1352150,18886,34,1742,1607,20987,2487,126431,89,5741,2006,"East TN",2455501,905.925104489878,0.212505136969138,769.130210087473,168.112332269464,854.693197029853,21.2505136969138
2020-12-16,152378,3218,138260,2256,14118,962,154322,2386,1208109,7895,1362431,10281,19,1761,652,21639,2547,128978,57,5798,2048,"East TN",2455501,929.260464565072,0.209319239237644,418.692560092625,131.052685378666,881.245823153809,20.9319239237644
2020-12-17,156447,4069,141630,3370,14817,699,157931,3609,1218809,10700,1376740,14309,58,1819,1449,23088,2562,131540,72,5870,2087,"East TN",2455501,969.741001938097,0.216130222723147,582.73240369277,165.709563954566,940.256183972232,21.6130222723147
2020-12-18,159655,3208,144366,2736,15289,472,160810,2879,1227499,8690,1388309,11569,43,1862,837,23925,2328,133868,57,5927,2115,"East TN",2455501,1019.50681347717,0.221230592741661,471.146214153446,130.645436511734,974.342914134427,22.1230592741661
2020-12-19,162295,2640,146608,2242,15687,398,163277,2467,1235863,8364,1399140,10831,27,1889,1286,25211,1327,135195,39,5966,2152,"East TN",2455501,994.216658840701,0.223646251118282,441.091247773876,107.513700870006,1026.71511842186,22.3646251118282
2020-12-20,165928,3633,149576,2968,16352,665,166595,3318,1249808,13945,1416403,17263,16,1905,2297,27508,1320,136515,52,6018,2186,"East TN",2455501,967.378958509893,0.222923305044641,703.033718984435,147.953513356337,1120.26018315611,22.2923305044641
2020-12-21,168242,2314,151318,1742,16924,572,168498,1903,1256724,6916,1425222,8819,14,1919,-1341,26167,3641,140156,35,6053,2221,"East TN",2455501,945.224620148801,0.222134017703734,359.15277574719,94.2373878080278,1065.64811010055,22.2134017703734
2020-12-22,170896,2654,153018,1700,17878,954,170299,1801,1261779,5055,1432078,6856,62,1981,-300,25867,2892,143048,57,6110,2265,"East TN",2455501,885.196137163047,0.229744269842859,279.209823168469,108.08384928371,1053.43064409259,22.9744269842859
2020-12-23,173115,2219,154463,1445,18652,774,171842,1543,1267557,5778,1439399,7321,41,2022,-557,25310,2735,145783,34,6144,2306,"East TN",2455501,844.511975356557,0.227627065793577,298.1468954808,90.3685235721753,1030.74688220449,22.7627065793577
2020-12-24,175206,2091,155920,1457,19286,634,173440,1598,1273848,6291,1447288,7889,15,2037,-586,24724,2662,148445,30,6174,2346,"East TN",2455501,763.958149477439,0.219836139933095,321.278631122529,85.1557380754477,1006.88209860228,21.9836139933095
2020-12-25,177574,2368,157900,1980,19674,388,175606,2166,1282396,8548,1458002,10714,3,2040,-305,24419,2670,151115,26,6200,2381,"East TN",2455501,729.749244655164,0.212302526796091,436.326436030773,96.4365316894597,994.46100816086,21.2302526796091
2020-12-26,179513,1939,159367,1467,20146,472,177219,1613,1288049,5653,1465268,7266,2,2042,424,24843,1513,152628,42,6242,2416,"East TN",2455501,701.201099083242,0.210833534962497,295.907026712675,78.9655552980838,1011.72836011877,21.0833534962497
2020-12-27,180809,1296,160277,910,20532,386,178209,990,1290842,2793,1469051,3783,27,2069,-183,24660,1452,154080,41,6283,2447,"East TN",2455501,606.027038881271,0.220597173681811,154.062246360315,52.7794531543665,1004.27570585392,22.0597173681811
2020-12-28,182205,1396,161254,977,20951,419,179228,1019,1292662,1820,1471890,2839,25,2094,-2429,22231,3800,157880,41,6324,2483,"East TN",2455501,568.641592896928,0.229922002228508,115.617953321949,56.8519418236849,905.354956076173,22.9922002228508
2020-12-29,185111,2906,162981,1727,22130,1179,181008,1780,1296751,4089,1477759,5869,50,2144,-112,22119,2968,160848,64,6388,2525,"East TN",2455501,578.904264343611,0.234430069394278,239.014360002297,118.346520730393,900.793768766537,23.4430069394278
2020-12-30,187438,2327,164597,1616,22841,711,182689,1681,1301231,4480,1483920,6161,40,2184,-550,21569,2837,163685,44,6432,2563,"East TN",2455501,583.302552106474,0.243637833831226,250.906026916707,94.7668113350392,878.395081085286,24.3637833831226
2020-12-31,190881,3443,167275,2678,23606,765,185584,2895,1308352,7121,1493936,10016,52,2236,595,22164,2796,166481,29,6461,2606,"East TN",2455501,638.362598915659,0.260332704510376,407.900465118931,140.215784884633,902.62638866773,26.0332704510376
2021-01-01,193121,2240,168991,1716,24130,524,187440,1856,1314553,6201,1501993,8057,24,2260,-447,21717,2663,169144,29,6490,2644,"East TN",2455501,633.149813418932,0.269009570139347,328.120412086983,91.2237461927322,884.422364315877,26.9009570139347
2021-01-02,195844,2723,171100,2109,24744,614,189691,2251,1321114,6561,1510805,8812,4,2264,1167,22884,1552,170696,62,6552,2679,"East TN",2455501,665.078124586388,0.273887168676022,358.867701540337,110.89386646554,931.948307086823,27.3887168676022
2021-01-03,197158,1314,172004,904,25154,410,190628,937,1324485,3371,1515113,4308,15,2279,-182,22702,1481,172177,23,6575,2721,"East TN",2455501,665.811172546865,0.269614866918501,175.442811874237,53.5125011148438,924.536377708663,26.9614866918501
2021-01-04,198715,1557,173129,1125,25586,432,191808,1180,1326850,2365,1518658,3545,46,2325,-1579,21123,3090,175267,33,6608,2768,"East TN",2455501,672.367879304468,0.268987341772152,144.369723327337,63.4086485812875,860.231781620126,26.8987341772152
2021-01-05,201618,2903,174867,1738,26751,1165,193637,1829,1332123,5273,1525760,7102,43,2368,-441,20682,3301,178568,58,6666,2811,"East TN",2455501,672.245704644388,0.263098685444053,289.228145294993,118.224346070313,842.272106588431,26.3098685444053
2021-01-06,204164,2546,176661,1794,27503,752,195540,1903,1337707,5584,1533247,7487,52,2420,65,20747,2429,180997,61,6727,2854,"East TN",2455501,681.164454830195,0.260526689237132,304.907226671869,103.685561520846,844.919224223488,26.0526689237132
2021-01-07,206676,2512,178800,2139,27876,373,197862,2322,1344816,7109,1542678,9431,33,2453,979,21726,1500,182497,44,6771,2886,"East TN",2455501,643.249585318841,0.251897747322638,384.076406403418,102.300915373278,884.788888296116,25.1897747322638
2021-01-08,209026,2350,180660,1860,28366,490,199853,1991,1352162,7346,1552015,9337,50,2503,1674,23400,626,183123,47,6818,2940,"East TN",2455501,647.729322855091,0.248150813641998,380.248267054259,95.7034837289824,952.962348620506,24.8150813641998
2021-01-09,211602,2576,182663,2003,28939,573,202032,2179,1360353,8191,1562385,10370,27,2530,755,24155,1794,184917,32,6850,2968,"East TN",2455501,641.742764511193,0.239259402869329,422.317075008318,104.907308121642,983.70963807386,23.9259402869329
2021-01-10,213270,1668,183797,1134,29473,534,203284,1252,1366158,5805,1569442,7057,36,2566,2,24157,1630,186547,41,6891,3007,"East TN",2455501,656.159374400581,0.232951094259051,287.395525393799,67.9291110042309,983.791087847246,23.2951094259051
2021-01-11,214695,1425,184811,1014,29884,411,204382,1098,1369431,3273,1573813,4371,28,2594,-2185,21972,3582,190129,40,6931,3046,"East TN",2455501,650.78368935708,0.227975704831838,178.008479735907,58.0329635377872,894.807210422639,22.7975704831838
2021-01-12,216514,1819,185948,1137,30566,682,205577,1195,1373635,4204,1579212,5399,60,2654,-2158,19814,3917,194046,39,6970,3083,"East TN",2455501,606.637912181669,0.223377983985632,219.8736632565,74.0785688949017,806.922904938748,22.3377983985632
2021-01-13,218043,1529,187026,1078,31017,451,206713,1136,1378373,4738,1585086,5874,49,2703,-1344,18470,2824,196870,32,7002,3108,"East TN",2455501,565.220702414701,0.215532707035244,239.217984435763,62.2683517538783,752.188657223109,21.5532707035244
2021-01-14,220294,2251,188807,1781,31487,470,208679,1966,1386898,8525,1595577,10491,38,2741,-199,18271,2412,199282,49,7051,3149,"East TN",2455501,554.59150698778,0.204484016711091,427.244786298193,91.6717199463572,744.084404771165,20.4484016711091
2021-01-15,221259,965,189478,671,31781,294,209373,694,1389956,3058,1599329,3752,23,2764,-366,17905,1308,200590,29,7080,3189,"East TN",2455501,498.18753891772,0.201208944498457,152.799774872826,39.2995156589226,729.179096241459,20.1208944498457
2021-01-16,223693,2434,191229,1751,32464,683,211376,2003,1400847,10891,1612223,12894,13,2777,358,18263,2063,202653,54,7134,3230,"East TN",2455501,492.404605007288,0.187487459368353,525.106689021914,99.1243742112099,743.758605677619,18.7487459368353
2021-01-17,224549,856,191835,606,32714,250,212048,672,1404466,3619,1616514,4291,13,2790,-830,17433,1673,204326,24,7158,3262,"East TN",2455501,459.335997012422,0.186182868796737,174.750488800453,34.8605030093655,709.956949722277,18.6182868796737
2021-01-18,225111,562,192154,319,32957,243,212402,354,1406550,2084,1618952,2438,13,2803,-2442,14991,2991,207317,21,7179,3293,"East TN",2455501,424.190419796205,0.177673408803917,99.2872737579826,22.8873863215694,610.506776417521,17.7673408803917
2021-01-19,226789,1678,193125,971,33664,707,213467,1065,1410758,4208,1624225,5273,21,2824,-1175,13816,2832,210149,51,7230,3331,"East TN",2455501,418.448210772466,0.175282696110013,214.742327533159,68.3363598711627,562.65503455303,17.5282696110013
2021-01-20,227773,984,193783,658,33990,326,214164,697,1414754,3996,1628918,4693,32,2856,-1005,12811,1957,212106,29,7259,3370,"East TN",2455501,396.25314752468,0.169989961671838,191.121893251113,40.073288506093,521.72652342638,16.9989961671838
2021-01-21,229339,1566,194925,1142,34414,424,215448,1284,1421688,6934,1637136,8218,65,2921,-770,12041,2271,214377,37,7296,3415,"East TN",2455501,368.356600139849,0.162876873842008,334.677118844586,63.7751725615261,490.368360672629,16.2876873842008
2021-01-22,230326,987,195632,707,34694,280,216267,819,1427133,5445,1643400,6264,32,2953,-734,11307,1689,216066,28,7324,3446,"East TN",2455501,369.252547647099,0.156429398016836,255.100690246105,40.1954631661726,460.476293839831,15.6429398016836
2021-01-23,231759,1433,196601,969,35158,464,217368,1101,1435415,8282,1652783,9383,19,2972,206,11513,1208,217274,40,7364,3469,"East TN",2455501,328.486936067222,0.147731755424063,382.121611842145,58.3587626313327,468.865620498627,14.7731755424063
2021-01-24,232384,625,197092,491,35292,134,217911,543,1438791,3376,1656702,3919,19,2991,-589,10924,1195,218469,19,7383,3495,"East TN",2455501,319.079487241097,0.145889320195083,159.600830950588,25.45305418324,444.878662236342,14.5889320195083
2021-01-25,233125,741,197604,512,35521,229,218460,549,1440548,1757,1659008,2306,44,3035,-1156,9768,1853,220322,20,7403,3525,"East TN",2455501,326.369241959177,0.151238266427002,93.9115887144823,30.1771410396493,397.800693219021,15.1238266427002
2021-01-26,234157,1032,198332,728,35825,304,219244,784,1445014,4466,1664258,5250,63,3098,-918,8850,1887,222209,25,7428,3547,"East TN",2455501,300.06096515538,0.144305947593236,213.805655139216,42.0280830673659,360.415247234678,14.4305947593236
2021-01-27,235110,953,199036,704,36074,249,219999,755,1449536,4522,1669535,5277,55,3153,-384,8466,1282,223491,27,7455,3569,"East TN",2455501,298.798493667891,0.143659059014698,214.905227079932,38.8108170186043,344.776890744496,14.3659059014698
2021-01-28,236436,1326,199750,714,36686,612,220795,796,1453968,4432,1674763,5228,46,3199,-182,8284,1462,224953,28,7483,3596,"East TN",2455501,289.024520861527,0.142105403035055,212.909707631966,54.001199755162,337.364961366336,14.2105403035055
2021-01-29,237028,592,200101,351,36927,241,221192,397,1456635,2667,1677827,3064,17,3216,-681,7603,1256,226209,16,7499,3615,"East TN",2455501,272.938190617719,0.143056322072792,124.781052827916,24.1091329223649,309.631313528278,14.3056322072792
2021-01-30,238182,1154,201066,965,37116,189,222291,1099,1465686,9051,1687977,10150,44,3260,239,7842,871,227080,27,7526,3634,"East TN",2455501,261.575947230321,0.139881798033756,413.357599935818,46.9965192439343,319.364561447949,13.9881798033756
2021-01-31,238863,681,201508,442,37355,239,222782,491,1469613,3927,1692395,4418,29,3289,-85,7757,737,227817,30,7556,3655,"East TN",2455501,263.856540885139,0.136469335724092,179.922549410487,27.7336478380583,315.902946079028,13.6469335724092
2021-02-01,239555,692,201914,406,37641,286,223223,441,1471309,1696,1694532,2137,39,3328,-546,7211,1199,229016,11,7567,3681,"East TN",2455501,261.861021437173,0.134078369552978,87.0290828633342,28.1816215916833,293.66715794455,13.4078369552978
2021-02-02,240091,536,202263,349,37828,187,223586,363,1472368,1059,1695954,1422,57,3385,-839,6372,1318,230334,11,7578,3696,"East TN",2455501,241.661477637354,0.136988894497728,57.9107888777077,21.8285392675466,259.498978008968,13.6988894497728
2021-02-03,241202,1111,203021,758,38181,353,224414,828,1478372,6004,1702786,6832,46,3431,37,6409,1028,231362,39,7617,3708,"East TN",2455501,248.096009734877,0.132777961565066,278.232425887833,45.2453491161274,261.005798816616,13.2777961565066
2021-02-04,242296,1094,203798,777,38498,317,225280,866,1486087,7715,1711367,8581,58,3489,-3,6406,1039,232401,35,7652,3727,"East TN",2455501,238.647836022058,0.122527592612829,349.460252714212,44.5530260423433,260.883624156537,12.2527592612829
2021-02-05,243113,817,204357,559,38756,258,225886,606,1489893,3806,1715779,4412,67,3556,-153,6253,903,233304,28,7680,3740,"East TN",2455501,247.810935528025,0.123682546374368,179.678200090328,33.2722324283313,254.65271649248,12.3682546374368
2021-02-06,244346,1233,205179,822,39167,411,226847,961,1498548,8655,1725395,9616,27,3583,502,6755,704,234008,22,7702,3770,"East TN",2455501,251.028201576786,0.121759580950345,391.610510441657,50.2137852926959,275.096609612458,12.1759580950345
2021-02-07,244863,517,205532,353,39331,164,227253,406,1501632,3084,1728885,3490,2,3585,-118,6637,633,234641,9,7711,3784,"East TN",2455501,244.349320159104,0.122526719649219,142.129854559212,21.0547664203761,270.291072982662,12.2526719649219
2021-02-08,245374,511,205831,299,39543,212,227573,320,1502995,1363,1730568,1683,32,3617,-629,6008,1108,235749,9,7720,3799,"East TN",2455501,236.978115667638,0.120712620712621,68.5399843046287,20.810417100217,244.675119252649,12.0712620712621
2021-02-09,246402,1028,206462,631,39940,397,228241,668,1507229,4234,1735470,4902,16,3633,-55,5953,1067,236816,37,7757,3810,"East TN",2455501,257.014759920684,0.117800384654317,199.633394569988,41.8651835205931,242.435250484524,11.7800384654317
2021-02-10,247250,848,207045,583,40205,265,228878,637,1513216,5987,1742094,6624,39,3672,-30,5923,839,237655,28,7785,3823,"East TN",2455501,246.304114720377,0.113564668769716,269.761649455651,34.53470391582,241.213503883729,11.3564668769716
2021-02-11,248118,868,207627,582,40491,286,229529,651,1518790,5574,1748319,6225,37,3709,-99,5824,930,238585,31,7816,3841,"East TN",2455501,237.100290327717,0.114987010175363,253.51241966507,35.3492016496837,237.181740101104,11.4987010175363
2021-02-12,248950,832,208220,593,40730,239,230178,649,1524303,5513,1754481,6162,34,3743,57,5881,741,239326,11,7827,3850,"East TN",2455501,237.711163628115,0.110898661567878,250.9467518034,33.8831057287291,239.503058642615,11.0898661567878
2021-02-13,249544,594,208593,373,40951,221,230612,434,1528731,4428,1759343,4862,12,3755,-22,5859,604,239930,17,7844,3862,"East TN",2455501,211.68796103117,0.11090491339696,198.004399102261,24.1905826957513,238.607111135365,11.090491339696
2021-02-14,250085,541,209008,415,41077,126,231065,453,1531699,2968,1762764,3421,15,3770,-48,5811,574,240504,14,7858,3875,"East TN",2455501,212.665358311807,0.112518079046017,139.319837377382,22.0321637010125,236.652316574092,11.2518079046017
2021-02-15,250460,375,209217,209,41243,166,231293,228,1533023,1324,1764316,1552,5,3775,-575,5236,945,241449,9,7867,3885,"East TN",2455501,207.126773721534,0.110228754296551,63.2050241478216,15.271832509944,213.235506725511,11.0228754296551
2021-02-16,251226,766,209645,428,41581,338,231765,472,1536432,3409,1768197,3881,8,3783,-43,5193,801,242250,21,7888,3895,"East TN",2455501,196.45685340792,0.10767867510007,158.053285256247,31.1952632069789,211.484336597704,10.767867510007
2021-02-17,251847,621,210063,418,41784,203,232216,451,1539686,3254,1771902,3705,11,3794,-94,5099,704,242954,11,7899,3911,"East TN",2455501,187.212304128567,0.111983360171766,150.885705198247,25.2901546364673,207.656197248545,11.1983360171766
2021-02-18,252641,794,210615,552,42026,242,232822,606,1545406,5720,1778228,6326,42,3836,25,5124,727,243681,20,7919,3927,"East TN",2455501,184.198662513271,0.110100638603765,257.625633221082,32.3355600343881,208.674319415875,11.0100638603765
2021-02-19,253120,479,210919,304,42201,175,233167,345,1548114,2708,1781281,3053,5,3841,-222,4902,696,244377,11,7930,3936,"East TN",2455501,169.822777510577,0.111529850746269,124.333079074291,19.5072207260351,199.633394569988,11.1529850746269
2021-02-20,253742,622,211366,447,42376,175,233672,505,1553341,5227,1787013,5732,18,3859,73,4975,531,244908,18,7948,3946,"East TN",2455501,170.963074337986,0.110589085652331,233.435050525331,25.3308795231604,202.60631129859,11.0589085652331
2021-02-21,254090,348,211593,227,42497,121,233935,263,1555475,2134,1789410,2397,7,3866,-82,4893,423,245331,11,7959,3962,"East TN",2455501,163.103171206202,0.107708474067402,97.617553403562,14.172260569228,199.266870589749,10.7708474067402
2021-02-22,254448,358,211789,196,42659,162,234163,228,1556858,1383,1791021,1611,7,3873,-483,4410,834,246165,22,7981,3977,"East TN",2455501,162.410848132418,0.107470511140236,65.6077924627194,14.5795094361599,179.596750316941,10.7470511140236
2021-02-23,255091,643,212136,347,42955,296,234531,368,1559804,2946,1794335,3314,26,3899,-144,4266,761,246926,27,8008,3982,"East TN",2455501,157.401687069156,0.105822939781162,134.962274501212,26.1861021437173,173.732366633123,10.5822939781162
2021-02-24,255832,741,212685,549,43147,192,235141,610,1566006,6202,1801147,6812,19,3918,55,4321,667,247593,20,8028,3988,"East TN",2455501,162.288673472338,0.100017096939648,277.417928153969,30.1771410396493,175.972235401248,10.0017096939648
2021-02-25,256467,635,213130,445,43337,190,235636,495,1570774,4768,1806410,5263,21,3939,-96,4225,710,248303,16,8044,3997,"East TN",2455501,155.813416488122,0.0998509687034277,214.335078666227,25.8603030501718,172.062646278702,9.98509687034277
2021-02-26,256929,462,213454,324,43475,138,236004,368,1573896,3122,1809900,3490,14,3953,-184,4041,632,248935,11,8055,4001,"East TN",2455501,155.121093414338,0.0991299486355219,142.129854559212,18.814897652251,164.569267127157,9.91299486355219
2021-02-27,257368,439,213679,225,43689,214,236278,274,1577992,4096,1814270,4370,7,3960,12,4053,420,249355,15,8070,4007,"East TN",2455501,147.668439149485,0.0956084675496203,177.967754849214,17.8782252583078,165.057965767475,9.56084675496203
2021-02-28,257734,366,213953,274,43781,92,236591,313,1580552,2560,1817143,2873,5,3965,-54,3999,415,249770,10,8080,4013,"East TN",2455501,148.401487109962,0.0957703818555511,117.002599469518,14.9053085297053,162.858821886043,9.57703818555511
2021-03-01,257978,244,214101,148,43877,96,236747,156,1581331,779,1818078,935,4,3969,-412,3587,652,250422,11,8091,4017,"East TN",2455501,143.75885002694,0.0955020881842037,38.077769058127,9.9368723531369,146.080168568451,9.55020881842037
2021-03-02,258598,620,214491,390,44107,230,237194,447,1584788,3457,1821982,3904,7,3976,3,3590,610,251032,23,8114,4022,"East TN",2455501,142.822177632996,0.0963214815350671,158.98995765019,25.2494297497741,146.202343228531,9.63214815350671
2021-03-03,259081,483,214794,303,44287,180,237549,355,1588960,4172,1826509,4527,7,3983,-146,3444,622,251654,16,8130,4025,"East TN",2455501,132.315156866155,0.0949451935967195,184.361562060044,19.6701202728079,140.256509771326,9.49451935967195
2021-03-04,259692,611,215207,413,44485,198,238021,472,1593782,4822,1831803,5294,18,4001,51,3495,542,252196,16,8146,4030,"East TN",2455501,131.337759585518,0.093923522230536,215.597550153716,24.8829057695354,142.333478992678,9.3923522230536
2021-03-05,260163,471,215518,311,44645,160,238375,354,1597465,3683,1835840,4037,15,4016,-63,3432,519,252715,15,8161,4034,"East TN",2455501,131.704283565757,0.0914032382420971,164.406367580384,19.1814216324897,139.767811131007,9.14032382420971
2021-03-06,260626,463,215841,323,44785,140,238747,372,1601741,4276,1840488,4648,1,4017,49,3481,413,253128,8,8169,4039,"East TN",2455501,132.681680846393,0.0941719429399649,189.289273349919,18.8556225389442,141.763330578973,9.41719429399649
2021-03-07,260881,255,216005,164,44876,91,238931,184,1603472,1731,1842403,1915,1,4018,-111,3370,365,253493,4,8173,4043,"East TN",2455501,128.16121842345,0.0926365795724466,77.9881580174473,10.3848461067619,137.24286815603,9.26365795724466
2021-03-08,261338,457,216296,291,45042,166,239243,312,1605054,1582,1844297,1894,3,4021,-127,3243,581,254074,9,8182,4051,"East TN",2455501,136.835619289098,0.0951981387543385,77.1329353968905,18.6112732187851,132.070807545996,9.51981387543385
2021-03-09,261877,539,216578,282,45299,257,239562,319,1607630,2576,1847192,2895,6,4027,25,3268,508,254582,17,8199,4062,"East TN",2455501,133.53690346695,0.0939309797699326,117.898546976768,21.9507139276262,133.088929713325,9.39309797699326
2021-03-10,262526,649,217041,463,45485,186,240069,507,1613101,5471,1853170,5978,7,4034,174,3442,468,255050,24,8223,4070,"East TN",2455501,140.297234658019,0.0945200855181726,243.453372651854,26.4304514638764,140.175059997939,9.45200855181726
2021-03-11,263060,534,217381,340,45679,194,240434,365,1616440,3339,1856874,3704,5,4039,88,3530,441,255491,8,8231,4077,"East TN",2455501,137.161418382644,0.0962466594870568,150.844980311554,21.7470894941603,143.75885002694,9.62466594870568
2021-03-12,263523,463,217749,368,45774,95,240850,416,1619789,3349,1860639,3765,5,4044,3,3533,455,255946,10,8241,4085,"East TN",2455501,136.835619289098,0.099802411387556,153.329198399838,18.8556225389442,143.881024687019,9.98024113875559
2021-03-13,263970,447,217965,216,46005,231,241130,280,1623429,3640,1864559,3920,2,4046,42,3575,403,256349,20,8261,4091,"East TN",2455501,136.184021102007,0.0989987952307756,159.641555837281,18.2040243518532,145.591469928133,9.89987952307756
2021-03-14,264232,262,218141,176,46091,86,241341,211,1625271,1842,1866612,2053,0,4046,-50,3525,312,256661,10,8271,4096,"East TN",2455501,136.46909530886,0.0995497542236358,83.6081923811067,10.6699203136142,143.555225593474,9.95497542236358
2021-03-15,264589,357,218325,184,46264,173,241558,217,1626467,1196,1868025,1413,4,4050,-166,3359,519,257180,15,8286,4100,"East TN",2455501,132.396606639541,0.0975640593391773,57.544264897469,14.5387845494667,136.794894402405,9.75640593391774
2021-03-16,265289,700,218776,451,46513,249,242054,496,1629735,3268,1871789,3764,4,4054,192,3551,504,257684,35,8321,4101,"East TN",2455501,138.953313397144,0.101313168272554,153.288473513145,28.5074206852288,144.614072647496,10.1313168272554
2021-03-17,265715,426,219107,331,46608,95,242418,364,1633457,3722,1875875,4086,1,4055,-30,3521,455,258139,15,8336,4109,"East TN",2455501,129.871663664564,0.103457388240476,166.40188702835,17.3488017312964,143.392326046701,10.3457388240476
2021-03-18,266265,550,219456,349,46809,201,242803,385,1636748,3291,1879551,3676,6,4061,97,3618,447,258586,31,8367,4115,"East TN",2455501,130.523261851655,0.104467081183578,149.704683484144,22.3986876812512,147.34264005594,10.4467081183578
2021-03-19,267058,793,219987,531,47071,262,243366,563,1641794,5046,1885160,5609,15,4076,336,3954,442,259028,25,8392,4119,"East TN",2455501,143.962474460405,0.102605929611354,228.425889462069,32.2948351476949,161.02620198485,10.2605929611354
2021-03-20,267331,273,220153,166,47178,107,243560,194,1643915,2121,1887475,2315,1,4077,-42,3912,314,259342,15,8407,4120,"East TN",2455501,136.876344175791,0.106039448420318,94.278112694721,11.1178940672392,159.315756743736,10.6039448420318
2021-03-21,267612,281,220349,196,47263,85,243785,225,1645715,1800,1889500,2025,-6,4071,-33,3879,320,259662,8,8415,4126,"East TN",2455501,137.650117022962,0.106780845858092,82.4678955536976,11.4436931607847,157.971835482861,10.6780845858092
2021-03-22,268137,525,220688,339,47449,186,244141,356,1647804,2089,1891945,2445,14,4085,-10,3869,521,260183,19,8434,4132,"East TN",2455501,144.491897987417,0.107984949832776,99.5723479648349,21.3805655139216,157.564586615929,10.7984949832776
2021-03-23,268574,437,220936,248,47638,189,244408,267,1650260,2456,1894668,2723,11,4096,-73,3796,499,260682,16,8450,4137,"East TN",2455501,133.781252787109,0.102889112286376,110.89386646554,17.7967754849214,154.591669887326,10.2889112286376
2021-03-24,269171,597,221392,456,47779,141,244901,493,1654958,4698,1899859,5191,4,4100,83,3879,510,261192,24,8474,4141,"East TN",2455501,140.745208411644,0.103527351567712,211.402886824318,24.3127573558308,157.971835482861,10.3527351567712
2021-03-25,269571,400,221699,307,47872,93,245234,333,1657926,2968,1903160,3301,8,4108,-66,3813,458,261650,23,8497,4143,"East TN",2455501,134.636475407666,0.102969206658478,134.4328509742,16.2899546772736,155.283992961111,10.2969206658478
2021-03-26,269981,410,222021,322,47960,88,245580,346,1660559,2633,1906139,2979,7,4115,-64,3749,467,262117,12,8509,4148,"East TN",2455501,119.038843804177,0.105534105534106,121.319437458995,16.6972035442054,152.677600212747,10.5534105534106
2021-03-27,270184,203,222201,180,47983,23,245790,210,1663071,2512,1908861,2722,2,4117,-165,3584,366,262483,11,8520,4153,"East TN",2455501,116.188101735654,0.104273823997007,110.853141578847,8.26715199871635,145.957993908371,10.4273823997007
2021-03-28,270500,316,222420,219,48080,97,246035,245,1665143,2072,1911178,2317,5,4122,-67,3517,378,262861,17,8537,4159,"East TN",2455501,117.613472769915,0.103791862717963,94.3595624681073,12.8690641950461,143.229426499928,10.3791862717963
2021-03-29,270939,439,222657,237,48282,202,246290,255,1666999,1856,1913289,2111,18,4140,-96,3421,517,263378,17,8554,4162,"East TN",2455501,114.111132514302,0.100684032983508,85.9702358093114,17.8782252583078,139.319837377382,10.0684032983508
2021-03-30,271314,375,222915,258,48399,117,246612,322,1669475,2476,1916087,2798,5,4145,-144,3277,514,263892,19,8573,4166,"East TN",2455501,111.586189539324,0.102899295018442,113.948232967529,15.271832509944,133.455453693564,10.2899295018442
2021-03-31,271975,661,223357,442,48618,219,247100,488,1674291,4816,1921391,5304,4,4149,167,3444,490,264382,17,8590,4169,"East TN",2455501,114.192582287688,0.102127066691436,216.004799020648,26.9191501041946,140.256509771326,10.2127066691436
2021-04-01,272422,447,223675,318,48747,129,247450,350,1677119,2828,1924569,3178,1,4150,-89,3355,535,264917,13,8603,4170,"East TN",2455501,116.106651962268,0.103507870521743,129.423689910939,18.2040243518532,136.631994855632,10.3507870521743
2021-04-02,272773,351,223910,235,48863,116,247702,252,1680142,3023,1927844,3275,0,4150,-81,3274,432,265349,9,8612,4174,"East TN",2455501,113.70388364737,0.0977654918221608,133.374003920178,14.2944352293076,133.333279033484,9.77654918221608
2021-04-03,273117,344,224161,251,48956,93,247977,275,1682493,2351,1930470,2626,0,4150,-53,3221,397,265746,12,8624,4180,"East TN",2455501,119.446092671109,0.101207830070804,106.943552456301,14.0093610224553,131.174860038746,10.1207830070804
2021-04-04,273288,171,224284,123,49004,48,248118,141,1684088,1595,1932206,1736,6,4156,-179,3042,344,266090,6,8630,4183,"East TN",2455501,113.540984100597,0.0990583983260415,70.6984032993674,6.96395562453446,123.885105320666,9.90583983260415
2021-04-05,273696,408,224520,236,49176,172,248341,223,1685307,1219,1933648,1442,6,4162,-92,2950,494,266584,37,8667,4186,"East TN",2455501,112.278512613108,0.100741686723316,58.7252866115713,16.6157537708191,120.138415744893,10.0741686723316
2021-04-06,274127,431,224769,249,49358,182,248619,278,1687395,2088,1936014,2366,3,4165,-7,2943,435,267019,22,8689,4187,"East TN",2455501,114.559106267927,0.100717619310483,96.3550819160733,17.5524261647623,119.853341538041,10.0717619310483
2021-04-07,274759,632,225231,462,49528,170,249127,508,1692087,4692,1941214,5200,5,4170,207,3150,420,267439,21,8710,4187,"East TN",2455501,113.378084553824,0.10225495636382,211.769410804557,25.7381283900923,128.28339308353,10.225495636382
2021-04-08,275164,405,225486,255,49678,150,249416,289,1695100,3013,1944516,3302,-1,4169,42,3192,364,267803,16,8726,4190,"East TN",2455501,111.667639312711,0.0985611871459367,134.473575860894,16.4935791107395,129.993838324643,9.85611871459367
2021-04-09,275682,518,225892,406,49790,112,249866,450,1698976,3876,1948842,4326,4,4173,109,3301,405,268208,27,8753,4191,"East TN",2455501,118.468695390472,0.103057434041337,176.175859834714,21.0954913070693,134.4328509742,10.3057434041337
2021-04-10,275986,304,226107,215,49879,89,250113,247,1701757,2781,1951870,3028,1,4174,-15,3286,318,268526,14,8767,4195,"East TN",2455501,116.839699922745,0.0998130841121495,123.314956906961,12.3803655547279,133.821977673803,9.98130841121495
2021-04-11,276223,237,226270,163,49953,74,250287,174,1703470,1713,1953757,1887,2,4176,-87,3199,322,268848,9,8776,4198,"East TN",2455501,119.527542444495,0.100644981671384,76.8478611900382,9.65179814628461,130.278912531496,10.0644981671384
2021-04-12,276686,463,226590,320,50096,143,250617,330,1705233,1763,1955850,2093,3,4179,12,3211,448,269296,15,8791,4205,"East TN",2455501,121.76741121262,0.102513287091253,85.2371878488341,18.8556225389442,130.767611171814,10.2513287091253
2021-04-13,277065,379,226830,240,50235,139,250867,250,1707291,2058,1958158,2308,3,4182,-58,3153,434,269730,14,8805,4207,"East TN",2455501,119.649717104575,0.101517341040462,93.9930384878687,15.4347320567167,128.405567743609,10.1517341040462
2021-04-14,277747,682,227334,504,50413,178,251424,557,1712112,4821,1963536,5378,0,4182,270,3423,412,270142,25,8830,4208,"East TN",2455501,121.685961439234,0.102902965684078,219.018440635944,27.7743727247515,139.401287150769,10.2902965684078
2021-04-15,278286,539,227700,366,50586,173,251804,380,1715257,3145,1967061,3525,2,4184,112,3535,425,270567,23,8853,4212,"East TN",2455501,127.14309625612,0.105921490352628,143.555225593474,21.9507139276262,143.962474460405,10.5921490352628
2021-04-16,279264,978,228595,895,50669,83,252909,1105,1722741,7484,1975650,8589,3,4187,633,4168,342,270909,32,8885,4213,"East TN",2455501,145.876544134985,0.113510892270964,349.786051807757,39.8289391859339,169.741327737191,11.3510892270964
2021-04-17,279466,202,228742,147,50724,55,253082,173,1724972,2231,1978054,2404,0,4187,-90,4078,292,271201,10,8895,4214,"East TN",2455501,141.72260569228,0.113389856400855,97.9026276104143,8.22642711202317,166.076087934804,11.3389856400855
2021-04-18,279684,218,228929,187,50755,31,253285,203,1726775,1803,1980060,2006,6,4193,-122,3956,334,271535,7,8902,4219,"East TN",2455501,140.94883284511,0.113979393985477,81.6941227065271,8.87802529911411,161.107651758236,11.3979393985477
2021-04-19,280012,328,229124,195,50888,133,253495,210,1728224,1449,1981719,1659,8,4201,-216,3740,536,272071,14,8916,4221,"East TN",2455501,135.45097314153,0.111252850902625,67.5625870239923,13.3577628353644,152.311076232508,11.1252850902625
2021-04-20,280365,353,229401,277,50964,76,253776,281,1730672,2448,1984448,2729,4,4205,-112,3628,461,272532,20,8936,4224,"East TN",2455501,134.392126087507,0.11065043742868,111.138215785699,14.375885002694,147.749888922872,11.065043742868
2021-04-21,280875,510,229728,327,51147,183,254114,338,1734453,3781,1988567,4119,4,4209,25,3653,481,273013,12,8948,4229,"East TN",2455501,127.38744557628,0.107466741240861,167.745808289225,20.7696922135238,148.768011090201,10.7466741240861
2021-04-22,281519,644,230128,400,51391,244,254565,451,1738705,4252,1993270,4703,3,4212,193,3846,448,273461,21,8969,4231,"East TN",2455501,131.663558679064,0.105345492006563,191.529142118044,26.2268270304105,156.627914221986,10.5345492006563
2021-04-23,281905,386,230405,277,51500,109,254873,308,1741908,3203,1996781,3511,0,4212,-8,3838,394,273855,10,8979,4232,"East TN",2455501,107.554425756699,0.0929440159008092,142.985077179769,15.719806263569,156.30211512844,9.29440159008092
2021-04-24,282166,261,230594,189,51572,72,255082,209,1744906,2998,1999988,3207,0,4212,-130,3708,391,274246,19,8998,4236,"East TN",2455501,109.957194071597,0.0911826388255676,130.604711625041,10.629195426921,151.007879858326,9.11826388255676
2021-04-25,282366,200,230742,148,51624,52,255241,159,1746557,1651,2001798,1810,4,4216,-114,3594,310,274556,17,9015,4239,"East TN",2455501,109.224146111119,0.0899806789953078,73.712044914663,8.1449773386368,146.365242775303,8.99806789953078
2021-04-26,282754,388,230985,243,51769,145,255493,252,1748529,1972,2004022,2224,6,4222,-141,3453,523,275079,16,9031,4243,"East TN",2455501,111.667639312711,0.0895843608483164,90.5721480056412,15.8012560369554,140.623033751564,8.95843608483164
2021-04-27,283143,389,231188,203,51955,186,255711,218,1750893,2364,2006604,2582,3,4225,-54,3399,440,275519,23,9054,4246,"East TN",2455501,113.133735233665,0.0873352590720347,105.151657441801,15.8419809236486,138.423889870132,8.73352590720347
2021-04-28,283631,488,231534,346,52097,142,256092,381,1755020,4127,2011112,4508,6,4231,9,3408,473,275992,22,9076,4251,"East TN",2455501,112.237787726415,0.0877356398314482,183.587789212873,19.8737447062738,138.790413850371,8.77356398314482
2021-04-29,284023,392,231813,279,52210,113,256395,303,1757952,2932,2014347,3235,1,4232,18,3426,373,276365,20,9096,4253,"East TN",2455501,101.975116279733,0.0868245006405086,131.74500845245,15.9641555837281,139.523461810848,8.68245006405086
2021-04-30,284392,369,232040,227,52352,142,256635,240,1761219,3267,2017854,3507,0,4232,-4,3422,373,276738,15,9111,4256,"East TN",2455501,101.282793205949,0.083614103355004,142.822177632996,15.0274831897849,139.360562264076,8.3614103355004
2021-05-01,284627,235,232222,182,52405,53,256824,189,1763710,2491,2020534,2680,-1,4231,-31,3391,267,277005,15,9126,4256,"East TN",2455501,100.223946151926,0.0847853596807164,109.142696337733,9.57034837289824,138.098090776587,8.47853596807165
2021-05-02,284802,175,232350,128,52452,47,256957,133,1765186,1476,2022143,1609,1,4232,-77,3314,251,277256,11,9137,4260,"East TN",2455501,99.2058239845962,0.0843450479233227,65.526342689333,7.1268551713072,134.962274501212,8.43450479233227
2021-05-03,285013,211,232463,113,52550,98,257083,126,1766670,1484,2023753,1610,5,4237,-225,3089,431,277687,16,9153,4262,"East TN",2455501,91.9975190399027,0.0805838528204348,65.5670675760262,8.59295109226182,125.799174995245,8.05838528204348
2021-05-04,285333,320,232683,220,52650,100,257328,245,1769070,2400,2026398,2645,7,4244,-81,3008,394,278081,12,9165,4268,"East TN",2455501,89.1875018580729,0.0816914216429221,107.717325303472,13.0319637418189,122.500459173097,8.16914216429221
2021-05-05,285799,466,232976,293,52823,173,257639,311,1773219,4149,2030858,4460,5,4249,128,3136,333,278414,22,9187,4273,"East TN",2455501,88.2915543508229,0.0783449812620278,181.632994651601,18.9777971990237,127.713244669825,7.83449812620278
2021-05-06,286086,287,233172,196,52914,91,257870,231,1775657,2438,2033527,2669,4,4253,-100,3036,383,278797,10,9197,4278,"East TN",2455501,84.0154412480386,0.076903023983316,108.694722584108,11.6880424809438,123.640756000507,7.6903023983316
2021-05-07,286452,366,233419,247,53033,119,258139,269,1779106,3449,2037245,3718,0,4253,18,3054,348,279145,15,9212,4279,"East TN",2455501,83.893266587959,0.0775617554535609,151.415128725258,14.9053085297053,124.373803960984,7.75617554535609
2021-05-08,286623,171,233522,103,53101,68,258253,114,1781001,1895,2039254,2009,0,4253,-97,2957,268,279413,7,9219,4281,"East TN",2455501,81.2868738395953,0.0763354700854701,81.8162973666066,6.96395562453446,120.423489951745,7.63354700854701
2021-05-09,286769,146,233637,115,53132,31,258385,132,1782712,1711,2041097,1843,4,4257,-161,2796,303,279716,11,9230,4283,"East TN",2455501,80.1058521254929,0.0753402975625198,75.0559661755381,5.94583345720486,113.866783194142,7.53402975625198
2021-05-10,287005,236,233773,136,53232,100,258530,145,1784228,1516,2042758,1661,7,4264,-200,2596,429,280145,19,9249,4284,"East TN",2455501,81.1239742928225,0.0761378584583004,67.6440367973786,9.61107325959142,105.721805855506,7.61378584583004
2021-05-11,287321,316,234001,228,53320,88,258774,244,1786907,2679,2045681,2923,1,4265,-56,2540,371,280516,19,9268,4286,"East TN",2455501,80.9610747460498,0.0749883316911269,119.038843804177,12.8690641950461,103.441212200687,7.49883316911269
2021-05-12,287625,304,234218,217,53407,87,259025,251,1790972,4065,2049997,4316,3,4268,-55,2485,356,280872,15,9283,4288,"East TN",2455501,74.363643101754,0.0724175766758974,175.768610967782,12.3803655547279,101.201343432562,7.24175766758974
2021-05-13,287835,210,234354,136,53481,74,259170,145,1793705,2733,2052875,2878,1,4269,-134,2351,343,281215,9,9292,4290,"East TN",2455501,71.2278268263788,0.067190407277238,117.206223902984,8.55222620556864,95.7442086156756,6.7190407277238
2021-05-14,288138,303,234573,219,53565,84,259418,248,1796391,2686,2055809,2934,1,4270,34,2385,268,281483,19,9311,4293,"East TN",2455501,68.6621589647082,0.0688967894850248,119.486817557802,12.3396406680348,97.1288547632438,6.88967894850248
2021-05-15,288246,108,234654,81,53592,27,259520,102,1798379,1988,2057899,2090,0,4270,-157,2228,265,281748,5,9316,4296,"East TN",2455501,66.0964911030376,0.0679538750335211,85.1150131887546,4.39828776286387,90.7350475524139,6.79538750335211
2021-05-16,288346,100,234728,74,53618,26,259605,85,1799828,1449,2059433,1534,3,4273,-122,2106,219,281967,4,9320,4299,"East TN",2455501,64.2231463151512,0.0665357766143106,62.4719761873443,4.0724886693184,85.7666113758455,6.65357766143106
2021-05-17,288548,202,234830,102,53718,100,259715,110,1801397,1569,2061112,1679,6,4279,-114,1992,310,282277,11,9331,4303,"East TN",2455501,62.8385001675829,0.064563582870219,68.3770847578559,8.22642711202317,81.1239742928225,6.4563582870219
2021-05-18,288761,213,234965,135,53796,78,259861,146,1803635,2238,2063496,2384,8,4287,-103,1889,308,282585,20,9351,4306,"East TN",2455501,58.643836838185,0.0610159977547011,97.0881298765507,8.67440086564819,76.9293109634246,6.10159977547011
2021-05-19,288978,217,235129,164,53849,53,260028,167,1806905,3270,2066933,3437,1,4288,-54,1835,270,282855,19,9370,4308,"East TN",2455501,55.100771695878,0.0592229570146434,139.971435564473,8.83730041242093,74.7301670819926,5.92229570146434
2021-05-20,289157,179,235261,132,53896,47,260184,156,1821074,14169,2081258,14325,3,4291,-90,1745,266,283121,7,9377,4310,"East TN",2455501,53.8383002083892,0.0357256104005919,583.384001879861,7.28975471807994,71.0649272796061,3.57256104005919
2021-05-21,289320,163,235368,107,53952,56,260305,121,1823352,2278,2083657,2399,0,4291,-60,1685,223,283344,9,9386,4312,"East TN",2455501,48.1368160713435,0.0318514794599253,97.6990031769484,6.63815653098899,68.621434078015,3.18514794599253
2021-05-22,289391,71,235416,48,53975,23,260367,62,1824939,1587,2085306,1649,0,4291,-107,1578,178,283522,10,9396,4312,"East TN",2455501,46.6299952636957,0.0309045134454701,67.1553381570604,2.89146695521606,64.2638712018444,3.09045134454701
2021-05-23,289465,74,235467,51,53998,23,260428,61,1826004,1065,2086432,1126,3,4294,-128,1450,199,283721,5,9401,4314,"East TN",2455501,45.5711482096729,0.0304826104670543,45.8562224165252,3.01364161529562,59.0510857051168,3.04826104670543
2021-05-24,289625,160,235578,111,54047,49,260554,126,1827929,1925,2088483,2051,0,4294,-94,1356,254,283975,7,9408,4315,"East TN",2455501,43.8607029685592,0.0306528807862336,83.5267426077204,6.51598187090944,55.2229463559575,3.06528807862336
2021-05-25,289768,143,235674,96,54094,47,260642,88,1829656,1727,2090298,1815,0,4294,-73,1283,216,284191,8,9416,4319,"East TN",2455501,41.0099609000363,0.0291396164465338,73.915669348129,5.82365879712531,52.2500296273551,2.91396164465338
2021-05-26,289953,185,235814,140,54139,45,260807,165,1832540,2884,2093347,3049,7,4301,-31,1252,209,284400,13,9429,4321,"East TN",2455501,39.7067645258544,0.0294919360944953,124.170179527518,7.53410403823904,50.9875581398664,2.94919360944953
2021-05-27,290077,124,235890,76,54187,48,260946,139,1835512,2972,2096458,3111,4,4305,-82,1170,202,284602,9,9438,4325,"East TN",2455501,37.4668957577293,0.0501315789473684,126.695122502495,5.04988594995482,47.6481174310253,5.01315789473684
2021-05-28,290194,117,235980,90,54214,27,261044,98,1837624,2112,2098668,2210,0,4305,-61,1109,178,284780,5,9443,4326,"East TN",2455501,35.5935509698428,0.0492305642528812,90.0019995919366,4.76481174310253,45.1638993427411,4.92305642528812
2021-05-29,290246,52,236012,32,54234,20,261081,37,1838701,1077,2099782,1114,0,4305,-88,1021,140,284920,7,9450,4328,"East TN",2455501,34.8197781226723,0.0493230174081238,45.367523776207,2.11769410804557,41.5801093137409,4.93230174081238
2021-05-30,290301,55,236052,40,54249,15,261127,46,1839787,1086,2100914,1132,0,4305,-67,954,122,285042,7,9457,4330,"East TN",2455501,34.0460052755018,0.0482668139759702,46.1005717366843,2.23986876812512,38.8515419052975,4.82668139759702
2021-05-31,290381,80,236118,66,54263,14,261198,71,1841214,1427,2102412,1498,6,4311,-97,857,171,285213,4,9461,4331,"East TN",2455501,30.7880143400471,0.0462344748366717,61.0058802663896,3.25799093545472,34.9012278960587,4.62344748366717
2021-06-01,290511,130,236211,93,54300,37,261292,94,1842529,1315,2103821,1409,3,4314,-37,820,164,285377,11,9472,4331,"East TN",2455501,30.2585908130357,0.048066257487244,57.3813653506963,5.29423527011392,33.3944070884109,4.8066257487244
2021-06-02,290630,119,236282,71,54348,48,261365,73,1844509,1980,2105874,2053,1,4315,-20,800,138,285515,9,9481,4335,"East TN",2455501,27.5707482912856,0.0445437854234853,83.6081923811067,4.8462615164889,32.5799093545472,4.45437854234853
2021-06-03,290718,88,236338,56,54380,32,261484,119,1847675,3166,2109159,3285,1,4316,-42,758,129,285644,6,9487,4338,"East TN",2455501,26.1046523703309,0.0423588693803637,133.781252787109,3.58379002900019,30.8694641134335,4.23588693803637
2021-06-04,290809,91,236397,59,54412,32,261562,78,1849826,2151,2111388,2229,1,4317,-32,726,122,285766,7,9494,4338,"East TN",2455501,25.0458053163082,0.0407232704402516,90.7757724391071,3.70596468907974,29.5662677392516,4.07232704402516
2021-06-05,290850,41,236423,26,54427,15,261592,30,1851209,1383,2112801,1413,-1,4316,-69,657,111,285877,2,9496,4340,"East TN",2455501,24.5978315626831,0.0392503264459636,57.544264897469,1.66972035442054,26.7562505574219,3.92503264459636
2021-06-06,290876,26,236439,16,54437,10,261611,19,1852125,916,2113736,935,-1,4315,-57,600,84,285961,2,9498,4340,"East TN",2455501,23.4168098485808,0.037747621275932,38.077769058127,1.05884705402278,24.4349320159104,3.7747621275932
2021-06-07,290949,73,236473,34,54476,39,261663,52,1853395,1270,2115058,1322,3,4318,-70,530,140,286101,10,9508,4341,"East TN",2455501,23.1317356417285,0.0367705203226317,53.8383002083892,2.97291672860243,21.5841899473875,3.67705203226317
2021-06-08,291035,86,236538,65,54497,21,261733,70,1854874,1479,2116607,1549,3,4321,-28,502,111,286212,4,9512,4344,"East TN",2455501,21.3398406272284,0.0344908493664946,63.082849487742,3.50234025561382,20.4438931199784,3.44908493664946
2021-06-09,291083,48,236575,37,54508,11,261787,54,1857605,2731,2119392,2785,0,4321,-64,438,112,286324,3,9515,4345,"East TN",2455501,18.4483736720124,0.0312176357449327,113.418809440517,1.95479456127283,17.8375003716146,3.12176357449327
2021-06-10,291158,75,236632,57,54526,18,261853,66,1859390,1785,2121243,1851,4,4325,-23,415,94,286418,4,9519,4348,"East TN",2455501,17.918950145001,0.0305362462760675,75.3817652690836,3.0543665019888,16.9008279776714,3.05362462760675
2021-06-11,291228,70,236678,46,54550,24,261909,56,1860874,1484,2122783,1540,2,4327,-5,410,73,286491,4,9523,4349,"East TN",2455501,17.0637275244441,0.0304519526107942,62.7163255075034,2.85074206852288,16.6972035442054,3.04519526107942
2021-06-12,291257,29,236700,22,54557,7,261940,31,1862068,1194,2124008,1225,3,4330,-24,386,50,286541,1,9524,4352,"East TN",2455501,16.5750288841259,0.0310520210582672,49.8879861991504,1.18102171410234,15.719806263569,3.10520210582672
2021-06-13,291275,18,236714,14,54561,4,261961,21,1862912,844,2124873,865,1,4331,-41,345,58,286599,1,9525,4352,"East TN",2455501,16.2492297905804,0.0314267756128221,35.2270269896042,0.733047960477312,14.0500859091485,3.14267756128221
2021-06-14,291328,53,236747,33,54581,20,262002,41,1864165,1253,2126167,1294,3,4334,-9,336,59,286658,3,9528,4352,"East TN",2455501,15.4347320567167,0.0305157980016203,52.6980033809801,2.15841899473875,13.6835619289098,3.05157980016203
2021-06-15,291416,88,236815,68,54601,20,262090,88,1866047,1882,2128137,1970,0,4334,-7,329,95,286753,4,9532,4353,"East TN",2455501,15.5161818301031,0.0309627059843885,80.2280267855725,3.58379002900019,13.3984877220575,3.09627059843885
2021-06-16,291483,67,236855,40,54628,27,262128,38,1867953,1906,2130081,1944,2,4336,-14,315,79,286832,7,9539,4355,"East TN",2455501,16.2899546772736,0.0319019552811301,79.1691797315497,2.72856740844333,12.828339308353,3.19019552811301
2021-06-17,291535,52,236894,39,54641,13,262174,46,1870303,2350,2132477,2396,1,4337,-6,309,57,286889,1,9540,4359,"East TN",2455501,15.3532822833304,0.0285739718711056,97.5768285168689,2.11769410804557,12.5839899881939,2.85739718711056
2021-06-18,291598,63,236946,52,54652,11,262229,55,1872031,1728,2134260,1783,2,4339,1,310,60,286949,4,9544,4361,"East TN",2455501,15.0682080764781,0.0278818506578374,72.6124729739471,2.56566786167059,12.624714874887,2.78818506578374
2021-06-19,291626,28,236963,17,54663,11,262247,18,1873183,1152,2135430,1170,0,4339,-16,294,44,286993,4,9548,4362,"East TN",2455501,15.0274831897849,0.0268779548240238,47.6481174310253,1.14029682740915,11.9731166877961,2.68779548240238
2021-06-20,291651,25,236984,21,54667,4,262264,17,1873937,754,2136201,771,3,4342,-13,281,35,287028,2,9550,4365,"East TN",2455501,15.3125573966372,0.0267478813559322,31.3988876404449,1.0181221673296,11.4436931607847,2.67478813559322
2021-06-21,291718,67,237024,40,54694,27,262316,52,1875209,1272,2137525,1324,6,4348,2,283,59,287087,2,9552,4366,"East TN",2455501,15.8827058103418,0.0276457122732876,53.9197499817756,2.72856740844333,11.5251429341711,2.76457122732876
2021-06-22,291811,93,237070,46,54741,47,262367,51,1876636,1427,2139003,1478,5,4353,36,319,52,287139,7,9559,4370,"East TN",2455501,16.0863302438077,0.0254923614945702,60.1913825325259,3.78741446246611,12.9912388551257,2.54923614945702
2021-06-23,291880,69,237117,47,54763,22,262422,55,1878423,1787,2140845,1842,2,4355,6,325,61,287200,5,9564,4374,"East TN",2455501,16.167780017194,0.0273132664437012,75.0152412888449,2.8100171818297,13.2355881752848,2.73132664437012
2021-06-24,291963,83,237167,50,54796,33,262484,62,1880267,1844,2142751,1906,3,4358,27,352,53,287253,5,9569,4375,"East TN",2455501,17.4302515046828,0.0301732528713257,77.6216340372087,3.38016559553427,14.3351601160008,3.01732528713257
2021-06-25,292042,79,237223,56,54819,23,262553,69,1882075,1808,2144628,1877,0,4358,32,384,47,287300,2,9571,4377,"East TN",2455501,18.0818496917737,0.03125,76.4406123231064,3.21726604876154,15.6383564901827,3.125
2021-06-26,292077,35,237241,18,54836,17,262574,21,1883259,1184,2145833,1205,0,4358,1,385,34,287334,2,9573,4379,"East TN",2455501,18.366923898626,0.0314332404114198,49.0734884652867,1.42537103426144,15.6790813768758,3.14332404114198
2021-06-27,292106,29,237261,20,54845,9,262598,24,1883973,714,2146571,738,2,4360,-9,376,36,287370,3,9576,4381,"East TN",2455501,18.5298234453987,0.0322082931533269,30.0549663795698,1.18102171410234,15.3125573966372,3.22082931533269
2021-06-28,292150,44,237285,24,54865,20,262623,25,1884525,552,2147148,577,4,4364,-16,360,56,287426,3,9579,4381,"East TN",2455501,17.5931510514555,0.0319027330354359,23.4982596219672,1.7918950145001,14.6609592095462,3.19027330354359
2021-06-29,292281,131,237370,85,54911,46,262720,97,1886540,2015,2149260,2112,0,4364,79,439,52,287478,6,9585,4384,"East TN",2455501,19.1406967457965,0.0344155211075363,86.0109606960046,5.3349601568071,17.8782252583078,3.44155211075363
2021-06-30,292366,85,237433,63,54933,22,262795,75,1888184,1644,2150979,1719,3,4367,29,468,53,287531,3,9588,4384,"East TN",2455501,19.7922949328874,0.0368067890270377,70.0060802255833,3.46161536892064,19.0592469724101,3.68067890270377
2021-07-01,292472,106,237486,53,54986,53,262860,65,1890736,2552,2153596,2617,1,4368,57,525,48,287579,2,9590,4387,"East TN",2455501,20.7289673268307,0.0346703550023052,106.577028476063,4.3168379894775,21.3805655139216,3.46703550023052
2021-07-02,292554,82,237549,63,55005,19,262934,74,1892418,1682,2155352,1756,0,4368,30,555,52,287631,2,9592,4389,"East TN",2455501,20.8511419869102,0.0355277881387542,71.5129010332311,3.33944070884109,22.6023121147171,3.55277881387542
2021-07-03,292601,47,237584,35,55017,12,262974,40,1893506,1088,2156480,1128,1,4369,0,555,46,287677,3,9595,4392,"East TN",2455501,21.3398406272284,0.0375692683384991,45.9376721899116,1.91406967457965,22.6023121147171,3.75692683384991
2021-07-04,292628,27,237605,21,55023,6,262999,25,1894206,700,2157205,725,0,4369,-13,542,40,287717,1,9596,4393,"East TN",2455501,21.258390853842,0.0377092345307504,29.5255428525584,1.09957194071597,22.0728885877057,3.77092345307504
2021-07-05,292671,43,237628,23,55043,20,263024,25,1894688,482,2157712,507,0,4369,-30,512,73,287790,2,9598,4393,"East TN",2455501,21.2176659671489,0.0379591063990913,20.6475175534443,1.75117012780691,20.8511419869102,3.79591063990913
2021-07-06,292833,162,237730,102,55103,60,263137,113,1896013,1325,2159150,1438,5,4374,82,594,75,287865,6,9604,4393,"East TN",2455501,22.4801374546376,0.0421638018200202,58.5623870647986,6.59743164429581,24.1905826957513,4.21638018200202
2021-07-07,292975,142,237808,78,55167,64,263225,88,1897472,1459,2160697,1547,5,4379,80,674,57,287922,6,9610,4395,"East TN",2455501,24.8014559961491,0.0442477876106195,63.0013997143556,5.78293391043213,27.448573631206,4.42477876106195
2021-07-08,293115,140,237910,102,55205,38,263342,117,1899327,1855,2162669,1972,2,4381,77,751,61,287983,3,9613,4397,"East TN",2455501,26.1861021437173,0.0531246555714758,80.3094765589588,5.70148413704576,30.5843899065812,5.31246555714758
2021-07-09,293279,164,238032,122,55247,42,263473,131,1901072,1745,2164545,1876,0,4381,100,851,64,288047,4,9617,4399,"East TN",2455501,29.5255428525584,0.0586315674970086,76.3998874364132,6.67888141768218,34.6568785758996,5.86315674970086
2021-07-10,293383,104,238104,72,55279,32,263547,74,1902128,1056,2165675,1130,0,4381,56,907,48,288095,12,9629,4400,"East TN",2455501,31.8468613940699,0.0623164763458401,46.0191219632979,4.23538821609114,36.9374722307179,6.23164763458401
2021-07-11,293431,48,238138,34,55293,14,263590,43,1902883,755,2166473,798,2,4383,4,911,42,288137,7,9636,4400,"East TN",2455501,32.7020840146267,0.0637678031937851,32.4984595811608,1.95479456127283,37.1003717774906,6.37678031937851
2021-07-12,293603,172,238253,115,55350,57,263714,124,1904249,1366,2167963,1490,1,4384,91,1002,80,288217,13,9649,4401,"East TN",2455501,37.9555943980475,0.0673105062920691,60.6800811728442,7.00468051122765,40.8063364665704,6.73105062920691
2021-07-13,293817,214,238388,135,55429,79,263859,145,1905870,1621,2169729,1766,4,4388,149,1151,61,288278,14,9663,4404,"East TN",2455501,40.0732885060931,0.0682484166745439,71.9201499001629,8.71512575234138,46.8743445838548,6.82484166745439
2021-07-14,293990,173,238520,132,55470,41,264001,142,1907433,1563,2171434,1705,0,4388,104,1255,69,288347,11,9674,4405,"East TN",2455501,41.3357599935818,0.0722734469591133,69.4359318118787,7.04540539792083,51.1097327999459,7.22734469591134
2021-07-15,294210,220,238668,148,55542,72,264168,167,1909234,1801,2173402,1968,0,4388,119,1374,101,288448,14,9688,4405,"East TN",2455501,44.5937509290365,0.0769589117674462,80.1465770121861,8.95947507250048,55.9559943164348,7.69589117674462
2021-07-16,294441,231,238809,141,55632,90,264323,155,1910763,1529,2175086,1684,0,4388,165,1539,66,288514,9,9697,4409,"East TN",2455501,47.3223183374798,0.0806375106726117,68.5807091913219,9.4074488261255,62.6756006208102,8.06375106726117
2021-07-17,294585,144,238909,100,55676,44,264433,110,1911981,1218,2176414,1328,0,4388,54,1593,90,288604,5,9702,4411,"East TN",2455501,48.9513138052072,0.0825030263525468,54.0826495285484,5.8643836838185,64.8747445022421,8.25030263525468
2021-07-18,294729,144,239030,121,55699,23,264565,132,1913107,1126,2177672,1258,0,4388,49,1642,95,288699,6,9708,4413,"East TN",2455501,52.8609029277528,0.0870613447629253,51.2319074600255,5.8643836838185,66.8702639502081,8.70613447629253
2021-07-19,295033,304,239240,210,55793,94,264782,217,1914797,1690,2179579,1907,3,4391,166,1808,135,288834,12,9720,4414,"East TN",2455501,58.2365879712531,0.0919421487603306,77.6623589239019,12.3803655547279,73.6305951412767,9.19421487603306
2021-07-20,295389,356,239475,235,55914,121,265036,254,1916458,1661,2181494,1915,2,4393,215,2023,139,288973,22,9742,4415,"East TN",2455501,64.0195218816853,0.100042498937527,77.9881580174473,14.4980596627735,82.3864457803112,10.0042498937527
2021-07-21,295790,401,239767,292,56023,109,265346,310,1918574,2116,2183920,2426,3,4396,248,2271,150,289123,23,9765,4419,"East TN",2455501,73.3047960477312,0.10772064712478,98.7985751176644,16.3306795639668,92.4862176802209,10.772064712478
2021-07-22,296264,474,240099,332,56165,142,265713,367,1920943,2369,2186656,2736,5,4401,321,2592,148,289271,19,9784,4421,"East TN",2455501,83.6489172677999,0.116568583069262,111.423289992551,19.3035962925692,105.558906308733,11.6568583069262
2021-07-23,296728,464,240416,317,56312,147,266046,333,1922846,1903,2188892,2236,1,4402,332,2924,131,289402,21,9805,4426,"East TN",2455501,93.1378158673118,0.124800811241489,91.0608466459594,18.8963474256374,119.07956869087,12.4800811241489
2021-07-24,297085,357,240660,244,56425,113,266311,265,1924597,1751,2190908,2016,0,4402,224,3148,133,289535,19,9824,4430,"East TN",2455501,101.81221673296,0.129570856906306,82.1013715734589,14.5387845494667,128.201943310143,12.9570856906306
2021-07-25,297313,228,240848,188,56465,40,266514,203,1925912,1315,2192426,1518,3,4405,98,3246,127,289662,13,9837,4435,"East TN",2455501,105.233107215187,0.132099769554019,61.8203780002533,9.28527416604595,132.192982206075,13.2099769554019
2021-07-26,297981,668,241307,459,56674,209,267000,486,1927641,1729,2194641,2215,10,4415,449,3695,209,289871,30,9867,4439,"East TN",2455501,120.056965971506,0.147258000265569,90.2056240254026,27.2042243110469,150.478456331315,14.7258000265569
2021-07-27,298709,728,241794,487,56915,241,267515,515,1929962,2321,2197477,2836,2,4417,535,4230,191,290062,25,9892,4445,"East TN",2455501,135.206623821371,0.155102296189702,115.49577866187,29.6477175126379,172.266270712168,15.5102296189702
2021-07-28,299528,819,242337,543,57191,276,268128,613,1932830,2868,2200958,3481,2,4419,559,4789,258,290320,31,9923,4448,"East TN",2455501,152.229626459122,0.163282075360958,141.763330578973,33.3536822017177,195.031482373658,16.3282075360958
2021-07-29,300216,688,242788,451,57428,237,268624,496,1935258,2428,2203882,2924,3,4422,475,5264,210,290530,17,9940,4452,"East TN",2455501,160.944752211463,0.168988737954255,119.07956869087,28.0187220449106,214.375803552921,16.8988737954255
2021-07-30,301215,999,243527,739,57688,260,269416,792,1937061,1803,2206477,2595,4,4426,752,6016,243,290773,38,9978,4455,"East TN",2455501,182.732566592317,0.191640602786466,105.681080968812,40.6841618064908,245.000918346195,19.1640602786466
2021-07-31,301750,535,243889,362,57861,173,269811,395,1939031,1970,2208842,2365,2,4428,319,6335,214,290987,32,10010,4464,"East TN",2455501,189.981596423703,0.195160031225605,96.3143570293801,21.7878143808534,257.992157201321,19.5160031225605
2021-08-01,302284,534,244311,422,57973,112,270272,461,1941169,2138,2211441,2599,3,4431,320,6655,211,291198,26,10036,4467,"East TN",2455501,202.443411751818,0.197633447278464,105.843980515585,21.7470894941603,271.02412094314,19.7633447278464
2021-08-02,303134,850,244841,530,58293,320,270808,536,1943504,2335,2214312,2871,9,4440,415,7070,426,291624,32,10068,4475,"East TN",2455501,209.855341129977,0.193584464440039,116.921149696131,34.6161536892064,287.924948920811,19.3584464440039
2021-08-03,304472,1338,245800,959,58672,379,271822,1014,1947279,3775,2219101,4789,4,4444,894,7964,440,292064,33,10101,4484,"East TN",2455501,234.697522012819,0.19917684054754,195.031482373658,54.4898983954802,324.332997624517,19.917684054754
2021-08-04,305559,1087,246624,824,58935,263,272710,888,1950899,3620,2223609,4508,8,4452,646,8610,433,292497,34,10135,4490,"East TN",2455501,245.611791646593,0.202286874751667,183.587789212873,44.267951835491,350.641274428314,20.2286874751667
2021-08-05,306739,1180,247504,880,59235,300,273661,951,1954864,3965,2228525,4916,10,4462,663,9273,507,293004,36,10171,4497,"East TN",2455501,265.648435899639,0.204398815079333,200.203542983693,48.0553662979571,377.641874305895,20.4398815079333
2021-08-06,308079,1340,248482,978,59597,362,274743,1082,1959492,4628,2234235,5710,3,4465,908,10181,429,293433,45,10216,4510,"East TN",2455501,279.535622262015,0.191908638950933,232.539103018081,54.5713481688666,414.620071423306,19.1908638950933
2021-08-07,308803,724,249003,521,59800,203,275323,580,1962496,3004,2237819,3584,0,4465,327,10508,397,293830,26,10242,4519,"East TN",2455501,287.232625847027,0.190219829519964,145.957993908371,29.4848179658652,427.937109371977,19.0219829519964
2021-08-08,309439,636,249452,449,59987,187,275849,526,1964611,2115,2240460,2641,5,4470,220,10728,411,294241,27,10269,4528,"East TN",2455501,291.386564289731,0.192184430890106,107.554425756699,25.901027936865,436.896584444478,19.2184430890106
2021-08-09,310806,1367,250398,946,60408,421,276854,1005,1968150,3539,2245004,4544,14,4484,567,11295,786,295027,58,10327,4539,"East TN",2455501,312.441330710108,0.196989443503193,185.053885133828,55.6709201095825,459.987595199513,19.6989443503193
2021-08-10,312132,1326,251235,837,60897,489,277771,917,1971402,3252,2249173,4169,6,4490,547,11842,773,295800,42,10369,4553,"East TN",2455501,311.952632069789,0.197825219473264,169.782052623884,54.001199755162,482.264108220685,19.7825219473264
2021-08-11,314019,1887,252531,1296,61488,591,279151,1380,1976758,5356,2255909,6736,8,4498,1059,12901,820,296620,58,10427,4568,"East TN",2455501,344.532541424337,0.199411764705882,274.322836765287,76.8478611900382,525.391763228767,19.9411764705882
2021-08-12,315481,1462,253585,1054,61896,408,280312,1161,1981240,4482,2261552,5643,10,4508,582,13483,870,297490,38,10465,4582,"East TN",2455501,356.016959471815,0.201380688527568,229.810535609637,59.539784345435,549.0936472842,20.1380688527568
2021-08-13,317127,1646,254693,1108,62434,538,281481,1169,1986659,5419,2268140,6588,11,4519,793,14276,842,298332,26,10491,4601,"East TN",2455501,368.478774799929,0.19873175047928,268.295553534696,67.0331634969809,581.388482431895,19.873175047928
2021-08-14,318657,1530,255774,1081,62883,449,282681,1200,1992135,5476,2274816,6676,1,4520,912,15188,617,298949,26,10517,4614,"East TN",2455501,401.303033474635,0.198880990350569,271.879343563696,62.3090766405715,618.529579096079,19.8880990350569
2021-08-15,319802,1145,256734,960,63068,185,283736,1055,1995945,3810,2279681,4865,11,4531,422,15610,712,299661,19,10536,4626,"East TN",2455501,422.032000801466,0.201091252135336,198.12657376234,46.6299952636957,635.715481280602,20.1091252135336
2021-08-16,321244,1442,257646,912,63598,530,284698,962,1999005,3060,2283703,4022,17,4548,167,15777,1258,300919,27,10563,4643,"East TN",2455501,425.086367303455,0.202692576035556,163.795494279986,58.7252866115713,642.516537358364,20.2692576035556
2021-08-17,322981,1737,258852,1206,64129,531,286019,1321,2003865,4860,2289884,6181,10,4558,516,16293,1211,302130,25,10588,4657,"East TN",2455501,441.824295734353,0.202598806219449,251.72052465057,70.7391281860606,663.530578892047,20.2598806219449
2021-08-18,325077,2096,260221,1369,64856,727,287498,1479,2009285,5420,2296783,6899,13,4571,939,17232,1144,303274,31,10619,4668,"East TN",2455501,450.335797053229,0.20421294710574,280.960993296276,85.3593625089137,701.771247496947,20.421294710574
2021-08-19,327469,2392,261687,1466,65782,926,289076,1578,2019236,9951,2308312,11529,23,4594,1122,18354,1247,304521,40,10659,4685,"East TN",2455501,488.20994167789,0.187425149700599,469.517218685718,97.4139289700961,747.464570366699,18.7425149700599
2021-08-20,329918,2449,263643,1956,66275,493,291177,2101,2026130,6894,2317307,8995,4,4598,1266,19620,1179,305700,33,10692,4712,"East TN",2455501,520.912025692517,0.197205442674965,366.32035580519,99.7352475116076,799.02227692027,19.7205442674965
2021-08-21,332841,2923,265586,1943,67255,980,293289,2112,2035060,8930,2328349,11042,0,4598,2166,21786,757,306457,53,10745,4723,"East TN",2455501,577.641792856122,0.198158145442998,449.684198866138,119.038843804177,887.232381497707,19.8158145442998
2021-08-22,334325,1484,266923,1337,67402,147,294806,1517,2040572,5512,2335378,7029,7,4605,540,22326,937,307394,17,10762,4733,"East TN",2455501,591.447529445111,0.198753972386304,286.25522856639,60.4357318526851,909.223820312026,19.8753972386304
2021-08-23,336274,1949,268031,1108,68243,841,295992,1186,2044539,3967,2340531,5153,18,4623,179,22505,1752,309146,34,10796,4740,"East TN",2455501,612.095046998556,0.198740057718026,209.855341129977,79.3728041650156,916.513575030106,19.8740057718026
2021-08-24,338262,1988,269411,1380,68851,608,297430,1438,2048318,3779,2345748,5217,15,4638,151,22656,1822,310968,25,10821,4756,"East TN",2455501,622.316993558545,0.204263926679078,212.461733878341,80.9610747460498,922.663032920777,20.4263926679078
2021-08-25,340494,2232,270600,1189,69894,1043,298675,1245,2052354,4036,2351029,5281,17,4655,612,23268,1603,312571,39,10860,4780,"East TN",2455501,627.855578148818,0.206042841868525,215.068126626705,90.8979470991867,947.586663577005,20.6042841868525
2021-08-26,343152,2658,272414,1814,70738,844,300632,1957,2059199,6845,2359831,8802,24,4679,736,24004,1898,314469,34,10894,4795,"East TN",2455501,638.688398009205,0.224305595993711,358.460452673406,108.246748830483,977.560180183189,22.4305595993711
2021-08-27,346167,3015,274674,2260,71493,755,302989,2357,2066268,7069,2369257,9426,19,4698,1315,25319,1681,316150,38,10932,4808,"East TN",2455501,661.738683877547,0.227372473532243,383.872781969952,122.78553337995,1031.11340618473,22.7372473532243
2021-08-28,348308,2141,276203,1529,72105,612,304657,1668,2072135,5867,2376792,7535,1,4699,918,26237,1222,317372,28,10960,4828,"East TN",2455501,629.891822483477,0.234667547426873,306.862021233141,87.1919824101069,1068.49885216907,23.4667547426873
2021-08-29,350648,2340,278026,1823,72622,517,306677,2020,2079128,6993,2385805,9013,9,4708,1081,27318,1250,318622,39,10999,4844,"East TN",2455501,664.752325492842,0.235409601998929,367.053403765667,95.2962348620506,1112.5224546844,23.5409601998929
2021-08-30,353894,3246,280429,2403,73465,843,309281,2604,2088170,9042,2397451,11646,21,4729,484,27802,2741,321363,59,11058,4863,"East TN",2455501,717.572503533902,0.233468025298665,474.282030428821,132.192982206075,1132.2332998439,23.3468025298665
2021-08-31,357488,3594,282822,2393,74666,1201,311891,2610,2096757,8587,2408648,11197,7,4736,914,28716,2673,324036,72,11130,4879,"East TN",2455501,782.976671563155,0.229904610492846,455.996556303581,146.365242775303,1169.45584628147,22.9904610492846
2021-09-01,358923,1435,283761,939,75162,496,312880,989,2099040,2283,2411920,3272,15,4751,-956,27760,2376,326412,28,11158,4905,"East TN",2455501,750.518936868688,0.233285707247376,133.251829260098,58.440212404719,1130.52285460279,23.3285707247376
2021-09-02,361239,2316,285230,1469,76009,847,314398,1518,2103302,4262,2417700,5780,19,4770,-565,27195,2862,329274,37,11195,4923,"East TN",2455501,736.591025619619,0.237882113048437,235.389845086604,94.3188375814141,1107.51329362114,23.7882113048437
2021-09-03,362995,1756,286436,1206,76559,550,315693,1295,2107408,4106,2423101,5401,17,4787,-937,26258,2676,331950,28,11223,4930,"East TN",2455501,685.3183932729,0.235940866206077,219.955113029887,71.5129010332311,1069.35407478963,23.5940866206077
2021-09-04,366257,3262,288757,2321,77500,941,318268,2575,2115456,8048,2433724,10623,3,4790,1589,27847,1670,333620,37,11260,4945,"East TN",2455501,730.97099125596,0.239074685589826,432.620471341694,132.844580393166,1134.06591974509,23.9074685589826
2021-09-05,370713,4456,292003,3246,78710,1210,321751,3483,2127967,12511,2449718,15994,8,4798,2834,30681,1614,335234,45,11305,4970,"East TN",2455501,817.144851498737,0.235851861123715,651.353837770785,181.470095104828,1249.48024863358,23.5851861123715
2021-09-06,375624,4911,295932,3929,79692,982,326035,4284,2143607,15640,2469642,19924,11,4809,1062,31743,3838,339072,74,11379,4991,"East TN",2455501,884.951787842888,0.232078790985026,811.402642474998,199.999918550227,1292.73007830174,23.2078790985026
2021-09-07,377707,2083,297381,1449,80326,634,327550,1515,2148033,4426,2475583,5941,34,4843,-1785,29958,3834,342906,53,11432,5006,"East TN",2455501,823.416484049487,0.233943377903937,241.946551844206,84.8299389819023,1220.03615555441,23.3943377903937
2021-09-08,379383,1676,298557,1176,80826,500,328811,1261,2152413,4380,2481224,5641,20,4863,-1846,28112,3502,346408,50,11482,5026,"East TN",2455501,833.231181742545,0.229871291700335,229.729085836251,68.2549100977764,1144.85801471879,22.9871291700335
2021-09-09,381289,1906,299550,993,81739,913,329886,1075,2156079,3666,2485965,4741,7,4870,-1709,26403,3608,350016,44,11526,5047,"East TN",2455501,816.533978198339,0.226880539075661,193.076687812385,77.6216340372087,1075.25918336014,22.6880539075661
2021-09-10,386779,5490,303373,3823,83406,1667,334018,4132,2168185,12106,2502203,16238,23,4893,2208,28611,3259,353275,116,11642,5068,"East TN",2455501,968.600705110688,0.231662916234735,661.290710123922,223.57962794558,1165.17973317869,23.1662916234735
2021-09-11,391068,4289,306474,3101,84594,1188,337337,3319,2180007,11822,2517344,15141,8,4901,2638,31249,1643,354918,95,11737,5097,"East TN",2455501,1010.42516374459,0.22804353025592,616.615509421499,174.669039027066,1272.61198427531,22.804353025592
2021-09-12,392648,1580,307896,1422,84752,158,338890,1553,2185251,5244,2524141,6797,23,4924,3,31252,1554,356472,38,11775,5122,"East TN",2455501,893.300389614991,0.230291710895825,276.807054853572,64.3453209752307,1272.73415893539,23.0291710895825
2021-09-13,394999,2351,309339,1443,85660,908,340394,1504,2190374,5123,2530768,6627,63,4987,-1885,29367,4173,360645,71,11846,5153,"East TN",2455501,789.04467968044,0.23490822236037,269.88382411573,95.7442086156756,1195.96774751873,23.490822236037
2021-09-14,397815,2816,311283,1944,86532,872,342467,2073,2196596,6222,2539063,8295,43,5030,-993,28374,3766,364411,59,11905,5181,"East TN",2455501,818.896021626544,0.234987397605545,337.812935119961,114.681280928006,1155.5279350324,23.4987397605545
2021-09-15,399611,1796,312468,1185,87143,611,343681,1214,2200371,3775,2544052,4989,23,5053,-1566,26808,3339,367750,32,11937,5201,"East TN",2455501,823.783008029726,0.236677914305724,203.176459712295,73.1418965009585,1091.75276247088,23.6677914305724
2021-09-16,402267,2656,314311,1843,87956,813,345638,1957,2207030,6659,2552668,8616,23,5076,-597,26211,3230,370980,61,11998,5224,"East TN",2455501,854.326673049614,0.236151297542839,350.885623748473,108.165299057097,1067.44000511505,23.6151297542839
2021-09-17,404952,2685,316181,1870,88771,815,347646,2008,2214234,7204,2561880,9212,23,5099,-70,26141,2732,373712,74,12072,5256,"East TN",2455501,740.093365875233,0.228362685791846,375.157656217611,109.346320771199,1064.58926304652,22.8362685791846
2021-09-18,406408,1456,317354,1173,89054,283,348983,1337,2219706,5472,2568689,6809,3,5102,-237,25904,1690,375402,34,12106,5294,"East TN",2455501,624.719761873443,0.226818580192813,277.29575349389,59.2954350252759,1054.93746490024,22.6818580192813
2021-09-19,407052,644,317798,444,89254,200,349496,513,2221783,2077,2571279,2590,17,5119,-1003,24901,1630,377032,23,12129,5323,"East TN",2455501,586.601267928622,0.224998939284654,105.477456535347,26.2268270304105,1014.09040354697,22.4998939284654
2021-09-20,409039,1987,319040,1242,89999,745,350870,1374,2227420,5637,2578290,7011,48,5167,231,25132,1708,378740,62,12191,5349,"East TN",2455501,571.777409172303,0.220445267455073,285.522180605913,80.9203498593566,1023.4978523731,22.0445267455073
2021-09-21,410910,1871,320118,1078,90792,793,352010,1140,2231726,4306,2583736,5446,31,5198,-2275,22857,4115,382855,57,12248,5376,"East TN",2455501,533.292391247244,0.213618964475186,221.78773293108,76.1962630029473,930.848735146107,21.3618964475186
2021-09-22,412500,1590,321223,1105,91277,485,353229,1219,2237085,5359,2590314,6578,14,5212,-1514,21343,3090,385945,43,12291,5398,"East TN",2455501,524.903064588449,0.206389693484934,267.888304667764,64.7525698421626,869.191256692626,20.6389693484934
2021-09-23,414854,2354,322719,1496,92135,858,354891,1662,2243442,6357,2598333,8019,32,5244,-486,20857,2808,388753,50,12341,5414,"East TN",2455501,512.604148807107,0.202627833132596,326.572866392642,95.8663832757551,849.398961759739,20.2627833132596
2021-09-24,416395,1541,323698,979,92697,562,355989,1098,2248325,4883,2604314,5981,38,5282,-1077,19780,2580,391333,36,12377,5441,"East TN",2455501,466.014878430104,0.19661120799359,243.575547311933,62.7570503941965,805.53825879118,19.661120799359
2021-09-25,417096,701,324180,482,92916,219,356551,562,2251347,3022,2607898,3584,2,5284,-940,18840,1639,392972,20,12397,5467,"East TN",2455501,435.267588976751,0.19301690938305,145.957993908371,28.548145571922,767.256865299586,19.301690938305
2021-09-26,417953,857,324800,620,93153,237,357270,719,2255324,3977,2612594,4696,6,5290,-464,18376,1315,394287,24,12421,5483,"East TN",2455501,443.941989842399,0.188164105046593,191.244067911192,34.9012278960587,748.360517873949,18.8164105046593
2021-09-27,419413,1460,325624,824,93789,636,358192,922,2258915,3591,2617107,4513,47,5337,-1454,16922,2867,397154,42,12463,5500,"East TN",2455501,422.479974555091,0.188628693613623,183.791413646339,59.4583345720486,689.14653262206,18.8628693613623
2021-09-28,420709,1296,326407,783,94302,513,359055,863,2262577,3662,2621632,4525,14,5351,-1034,15888,2316,399470,29,12492,5513,"East TN",2455501,399.06316470651,0.185903525438041,184.280112286658,52.7794531543665,647.036999781307,18.5903525438041
2021-09-29,422393,1684,327414,1007,94979,677,360192,1137,2268075,5498,2628267,6635,30,5381,-365,15523,2019,401489,45,12537,5538,"East TN",2455501,402.891304055669,0.183463757805707,270.209623209276,68.5807091913219,632.172416138295,18.3463757805707
2021-09-30,423603,1210,328161,747,95442,463,361012,820,2272747,4672,2633759,5492,11,5392,-849,14674,2048,403537,34,12571,5554,"East TN",2455501,356.302033678667,0.172782701970304,223.661077718967,49.2771128987526,597.596987335782,17.2782701970304
2021-10-01,424977,1374,329126,965,95851,409,362087,1075,2277719,4972,2639806,6047,14,5406,-358,14316,1718,405255,38,12609,5573,"East TN",2455501,349.500977600905,0.171813366392426,246.263389833684,55.9559943164348,583.017477899622,17.1813366392426
2021-10-02,425532,555,329475,349,96057,206,362480,393,2280389,2670,2642869,3063,11,5417,-457,13859,1001,406256,17,12626,5594,"East TN",2455501,343.5551441437,0.169540476394727,124.740327941223,22.6023121147171,564.406204680837,16.9540476394727
2021-10-03,426069,537,329937,462,96132,75,363004,524,2283481,3092,2646485,3616,13,5430,-355,13504,879,407135,13,12639,5612,"East TN",2455501,330.523180401881,0.169189460328701,147.261190282553,21.8692641542398,549.948869904757,16.9189460328701
2021-10-04,427420,1351,330785,848,96635,503,363945,941,2287619,4138,2651564,5079,22,5452,-627,12877,1956,409091,25,12664,5622,"East TN",2455501,326.084167752324,0.166961720405143,206.841699514682,55.0193219224916,524.41436594813,16.6961720405143
2021-10-05,428683,1263,331531,746,97152,517,364756,811,2292081,4462,2656837,5273,17,5469,-456,12421,1702,410793,38,12702,5645,"East TN",2455501,324.740246491449,0.161937224826019,214.742327533159,51.4355318934914,505.843817616038,16.1937224826019
2021-10-06,429619,936,332234,703,97385,233,365535,779,2296502,4421,2662037,5200,18,5487,-421,12000,1339,412132,22,12724,5666,"East TN",2455501,294.278031244948,0.158217352679893,211.769410804557,38.1184939448202,488.698640318208,15.8217352679893
2021-10-07,430733,1114,333021,787,97712,327,366391,856,2301286,4784,2667677,5640,24,5511,-391,11609,1481,413613,22,12746,5686,"East TN",2455501,290.368442122402,0.158588360162745,229.688360949558,45.367523776207,472.775209621173,15.8588360162745
2021-10-08,431791,1058,333601,580,98190,478,367033,642,2305533,4247,2672566,4889,8,5519,-100,11509,1150,414763,21,12767,5701,"East TN",2455501,277.499377927356,0.150976800976801,199.103971042977,43.0869301213887,468.702720951855,15.0976800976801
2021-10-09,432332,541,333952,351,98380,190,367449,416,2308342,2809,2675791,3225,4,5523,-278,11231,815,415578,25,12792,5721,"East TN",2455501,276.929229513651,0.150932507138084,131.337759585518,22.0321637010125,457.381202451149,15.0932507138084
2021-10-10,432652,320,334220,268,98432,52,367758,309,2310575,2233,2678333,2542,6,5529,-498,10733,812,416390,15,12807,5732,"East TN",2455501,268.09192910123,0.149271539814117,103.522661974074,13.0319637418189,437.100208877944,14.9271539814117
2021-10-11,433872,1220,334745,525,99127,695,368305,547,2314021,3446,2682326,3993,52,5581,-246,10487,1414,417804,28,12835,5738,"East TN",2455501,262.756968944423,0.141733307327222,162.614472565884,49.6843617656845,427.081886751421,14.1733307327222
2021-10-12,434813,941,335385,640,99428,301,369310,1005,2317665,3644,2686975,4649,29,5610,-311,10176,1223,419027,25,12860,5759,"East TN",2455501,249.643555429218,0.151104917380052,189.329998236612,38.3221183782861,414.41644698984,15.1104917380052
2021-10-13,435664,851,335925,540,99739,311,369958,648,2321531,3866,2691489,4514,25,5635,-370,9806,1196,420223,33,12893,5771,"East TN",2455501,246.181940060297,0.150176558468016,183.832138533033,34.6568785758996,399.348238913362,15.0176558468016
2021-10-14,436615,951,336572,647,100043,304,370680,722,2325534,4003,2696214,4725,31,5666,-165,9641,1085,421308,24,12917,5786,"East TN",2455501,239.543783529308,0.150296106808704,192.425089625294,38.729367245218,392.628632608987,15.0296106808704
2021-10-15,437416,801,337070,498,100346,303,371254,574,2329428,3894,2700682,4468,24,5690,-365,9276,1142,422450,21,12938,5796,"East TN",2455501,229.07748764916,0.150128040973111,181.958793745146,32.6206342412404,377.764048965975,15.0128040973111
2021-10-16,437721,305,337305,235,100416,70,371525,271,2331658,2230,2703183,2501,7,5697,-387,8889,685,423135,7,12945,5804,"East TN",2455501,219.466414389569,0.148802570093458,101.852941619653,12.4210904414211,362.003517815713,14.8802570093458
2021-10-17,437969,248,337511,206,100458,42,371772,247,2333321,1663,2705093,1910,7,5704,-443,8446,684,423819,13,12958,5809,"East TN",2455501,216.534222547659,0.15,77.7845335839814,10.0997718999096,343.962393010632,15
2021-10-18,438759,790,337973,462,100786,328,372288,516,2336512,3191,2708800,3707,23,5727,-474,7972,1241,425060,30,12988,5821,"East TN",2455501,199.02252126959,0.150449497620307,150.967154971633,32.1726604876154,324.658796718063,15.0449497620307
2021-10-19,439592,833,338410,437,101182,396,372762,474,2339840,3328,2712602,3802,25,5752,-308,7664,1116,426176,18,13006,5828,"East TN",2455501,194.624233506726,0.134701681819956,154.836019207486,33.9238306154223,312.115531616562,13.4701681819956
2021-10-20,440354,762,338894,484,101460,278,373301,539,2343861,4021,2717162,4560,15,5767,-215,7449,962,427138,15,13021,5837,"East TN",2455501,190.999718591033,0.13021462236591,185.705483320919,31.0323636602062,303.359680977528,13.021462236591
2021-10-21,440979,625,339308,414,101671,211,373768,467,2347499,3638,2721267,4105,17,5784,-301,7148,909,428047,15,13036,5844,"East TN",2455501,177.723405529055,0.123258691573863,167.17565987552,25.45305418324,291.101490082879,12.3258691573863
2021-10-22,441525,546,339639,331,101886,215,374152,384,2350604,3105,2724756,3489,6,5790,-332,6816,872,428919,13,13049,5851,"East TN",2455501,167.338559422293,0.120378831934867,142.089129672519,22.2357881344785,277.580827700742,12.0378831934867
2021-10-23,441882,357,339878,239,102004,118,374424,272,2352989,2385,2727413,2657,0,5790,-139,6677,496,429415,8,13057,5862,"East TN",2455501,169.456253530339,0.1196450680974,108.20602394379,14.5387845494667,271.92006845039,11.96450680974
2021-10-24,442125,243,340040,162,102085,81,374619,195,2354886,1897,2729505,2092,7,5797,-259,6418,495,429910,13,13070,5867,"East TN",2455501,169.252629096873,0.116622972308701,85.1964629621409,9.89614746644371,261.372322796855,11.6622972308701
2021-10-25,442549,424,340285,245,102264,179,374889,270,2357318,2432,2732207,2702,28,5825,-510,5908,906,430816,17,13087,5874,"East TN",2455501,154.347320567167,0.111120604947238,110.038643844983,17.26735195791,240.602630583331,11.1120604947238
2021-10-26,443076,527,340610,325,102466,202,375227,338,2359958,2640,2735185,2978,12,5837,-217,5691,732,431548,20,13107,5879,"East TN",2455501,141.885505239053,0.109152902625869,121.278712572302,21.462015287308,231.76533017091,10.9152902625869
2021-10-27,443697,621,340996,386,102701,235,375648,421,2364154,4196,2739802,4617,10,5847,-109,5582,720,432268,11,13118,5892,"East TN",2455501,136.143296215314,0.103666077738516,188.026801862431,25.2901546364673,227.326317521353,10.3666077738516
2021-10-28,444109,412,341243,247,102866,165,375939,291,2366951,2797,2742890,3088,16,5863,-234,5348,630,432898,13,13131,5902,"East TN",2455501,127.468895349666,0.100402349350229,125.758450108552,16.7786533175918,217.796694035148,10.0402349350229
2021-10-29,444569,460,341545,302,103024,158,376272,333,2370469,3518,2746741,3851,4,5867,-172,5176,628,433526,5,13136,5909,"East TN",2455501,123.966555094052,0.0964293836706846,156.831538655452,18.7334478788646,210.79201352392,9.64293836706846
2021-10-30,444831,262,341742,197,103089,65,376500,228,2373043,2574,2749543,2802,0,5867,-145,5031,407,433933,12,13148,5915,"East TN",2455501,120.0976908582,0.0938093086308179,114.111132514302,10.6699203136142,204.886904953409,9.38093086308179
2021-10-31,445002,171,341866,124,103136,47,376646,146,2374668,1625,2751314,1771,0,5867,-213,4818,384,434317,3,13151,5921,"East TN",2455501,117.16549901629,0.092943280297125,72.1237743336289,6.96395562453446,196.21250408776,9.2943280297125
2021-11-01,445596,594,342219,353,103377,241,377036,390,2377786,3118,2754822,3508,14,5881,-208,4610,788,435105,15,13166,5927,"East TN",2455501,124.088729754132,0.094936988724298,142.862902519689,24.1905826957513,187.741727655578,9.4936988724298
2021-11-02,446007,411,342433,214,103574,197,377259,223,2379997,2211,2757256,2434,25,5906,-199,4411,585,435690,10,13176,5939,"East TN",2455501,119.364642897722,0.092066512618368,99.1243742112099,16.7379284308986,179.637475203635,9.2066512618368
2021-11-03,446580,573,342803,370,103777,203,377651,392,2384575,4578,2762226,4970,6,5912,82,4493,485,436175,7,13183,5944,"East TN",2455501,117.409848336449,0.0893239386371745,202.402686865124,23.3353600751944,182.976915912476,8.93239386371745
2021-11-04,447002,422,343100,297,103902,125,377979,328,2388111,3536,2766090,3864,13,5925,-80,4413,489,436664,3,13186,5948,"East TN",2455501,117.817097203381,0.0879310344827586,157.360962182463,17.1859021845236,179.718924977021,8.79310344827586
2021-11-05,447435,433,343375,275,104060,158,378302,323,2391693,3582,2769995,3905,2,5927,3,4416,428,437092,10,13196,5950,"East TN",2455501,116.717525262665,0.0872968091511138,159.030682536884,17.6338759381487,179.841099637101,8.72968091511138
2021-11-06,447660,225,343533,158,104127,67,378483,181,2393933,2240,2772416,2421,0,5927,-64,4352,289,437381,7,13203,5954,"East TN",2455501,115.210704455018,0.0866961045774494,98.5949506841985,9.1630995059664,177.234706888737,8.66961045774494
2021-11-07,447857,197,343656,123,104201,74,378637,154,2395835,1902,2774472,2056,6,5933,-126,4226,317,437698,4,13207,5960,"East TN",2455501,116.26955150904,0.0859746092063218,83.7303670411863,8.02280267855725,172.103371165396,8.59746092063218
2021-11-08,448401,544,343992,336,104409,208,379022,385,2399368,3533,2778390,3918,25,5958,-41,4185,560,438258,6,13213,5964,"East TN",2455501,114.233307174381,0.0842668024439919,159.560106063895,22.1543383610921,170.433650810975,8.42668024439919
2021-11-09,449283,882,344636,644,104647,238,379792,770,2406647,7279,2786439,8049,11,5969,424,4609,447,438705,6,13219,5967,"East TN",2455501,133.414728806871,0.0867971079052873,327.794612993438,35.9193500633883,187.701002768885,8.67971079052873
