"DATE","TOTAL_CASES","NEW_CASES","TOTAL_CONFIRMED","NEW_CONFIRMED","TOTAL_PROBABLE","NEW_PROBABLE","POS_TESTS","NEW_POS_TESTS","NEG_TESTS","NEW_NEG_TESTS","TOTAL_TESTS","NEW_TESTS","NEW_DEATHS","TOTAL_DEATHS","NEW_ACTIVE","TOTAL_ACTIVE","NEW_INACTIVE_RECOVERED","TOTAL_INACTIVE_RECOVERED","NEW_HOSPITALIZED","TOTAL_HOSPITALIZED","TOTAL_DEATHS_BY_DOD","Region","Population","New_cases_per_100k_per_week","PositivityRate_per_week","Tests_per_100k","New_cases_per_100k","Active_cases_per_100k","PositivityPercentage_per_week"
2022-01-02,87277,277,68581,194,18696,83,74726,210,494769,651,569495,861,3,1070,186,3806,88,82401,0,2234,1070,"Knox County",470313,NA,NA,183.069572816401,58.8969473520825,809.248309104788,NA
2022-01-01,87000,265,68387,214,18613,51,74516,230,494118,767,568634,997,0,1067,184,3620,81,82313,0,2234,1070,"Knox County",470313,NA,NA,211.986485595763,56.3454550480212,769.700178391837,NA
2021-12-31,86735,592,68173,420,18562,172,74286,448,493351,1008,567637,1456,0,1067,492,3436,100,82232,0,2234,1070,"Knox County",470313,NA,NA,309.581066226109,125.873620333693,730.57729639623,NA
2021-12-30,86143,581,67753,394,18390,187,73838,394,492343,918,566181,1312,2,1067,475,2944,104,82132,1,2234,1069,"Knox County",470313,NA,NA,278.963158577373,123.534752388303,625.966111929715,NA
2021-12-29,85562,634,67359,464,18203,170,73444,484,491425,1195,564869,1679,1,1065,509,2469,124,82028,4,2233,1068,"Knox County",470313,NA,NA,356.996298209916,134.803843397907,524.96954156062,NA
2021-12-28,84928,429,66895,258,18033,171,72960,278,490230,979,563190,1257,1,1064,306,1960,122,81904,4,2229,1067,"Knox County",470313,NA,NA,267.268818850425,91.2158498701928,416.743742996685,NA
2021-12-27,84499,315,66637,234,17862,81,72682,254,489251,905,561933,1159,2,1063,203,1654,110,81782,1,2225,1067,"Knox County",470313,657.64714137181,0.263501891984864,246.431631700591,66.9766729816101,351.680689243121,26.3501891984864
2021-12-26,84184,61,66403,49,17781,12,72428,61,488346,426,560774,487,7,1061,-34,1451,88,81672,1,2224,1067,"Knox County",470313,611.720279898706,0.257457769258416,103.548062673156,12.9700858789785,308.51794443275,25.7457769258416
2021-12-25,84123,85,66354,62,17769,23,72367,74,487920,489,560287,563,1,1054,5,1485,79,81584,1,2223,1067,"Knox County",470313,573.447895337786,0.251864021230886,119.707513932211,18.0730704871011,315.747172627591,25.1864021230886
2021-12-24,84038,174,66292,119,17746,55,72293,137,487431,848,559724,985,0,1053,94,1480,80,81505,2,2222,1067,"Knox County",470313,484.570913412982,0.226014512227896,209.434993291702,36.9966384088894,314.684050834232,22.6014512227896
2021-12-23,83864,218,66173,155,17691,63,72156,166,486583,960,558739,1126,5,1053,114,1386,99,81425,5,2220,1067,"Knox County",470313,407.388271215127,0.200385887541345,239.415027864422,46.3521101904476,294.697361119085,20.0385887541345
2021-12-22,83646,178,66018,100,17628,78,71990,100,485623,814,557613,914,48,1048,15,1272,115,81326,5,2215,1066,"Knox County",470313,310.431563660796,0.164843629641041,194.338663826005,37.8471358435765,270.458184230502,16.4843629641041
2021-12-21,83468,175,65918,120,17550,55,71890,119,484809,912,556699,1031,3,1000,70,1257,102,81211,5,2210,1066,"Knox County",470313,256.424976558164,0.145411013567438,219.215713790603,37.2092627675612,267.268818850425,14.5411013567438
2021-12-20,83293,114,65798,80,17495,34,71771,84,483897,623,555668,707,1,997,-6,1187,119,81109,3,2205,1064,"Knox County",470313,213.687480465137,0.127472905556511,150.325421580947,24.2391768885827,252.385113743401,12.7472905556511
2021-12-19,83179,69,65718,49,17461,20,71687,58,483274,557,554961,615,3,996,-19,1193,85,80990,5,2202,1063,"Knox County",470313,215.388475334511,0.124221511530045,130.763980583144,14.6710807483527,253.660859895431,12.4221511530045
2021-12-18,83110,88,65669,56,17441,32,71629,65,482717,660,554346,725,0,993,13,1212,75,80905,3,2197,1062,"Knox County",470313,216.026348410527,0.119449451089628,154.152660037039,18.7109435631165,257.700722710195,11.9449451089628
2021-12-17,83022,119,65613,76,17409,43,71564,83,482057,1034,553621,1117,2,993,9,1199,108,80830,5,2194,1061,"Knox County",470313,204.332008683579,0.108259823576584,237.501408636376,25.3022986819416,254.936606047462,10.8259823576584
2021-12-16,82903,139,65537,106,17366,33,71481,108,481023,661,552504,769,2,991,35,1190,102,80722,3,2189,1059,"Knox County",470313,187.534684348508,0.104967676080299,163.508131818597,29.5547858553772,253.022986819416,10.4967676080299
2021-12-15,82764,158,65431,113,17333,45,71373,125,480362,841,551735,966,0,989,33,1155,125,80620,5,2186,1057,"Knox County",470313,183.282197175073,0.108263069139966,205.395130476938,33.5946486701409,245.581134265904,10.8263069139966
2021-12-14,82606,97,65318,57,17288,40,71248,63,479521,811,550769,874,3,989,-55,1122,149,80495,2,2181,1054,"Knox County",470313,166.697497198674,0.101507015416594,185.833689479134,20.6245627911625,238.564530429735,10.1507015416594
2021-12-13,82509,111,65261,72,17248,39,71185,79,478710,627,549895,706,4,986,-49,1177,156,80346,3,2179,1051,"Knox County",470313,166.059624122659,0.100658350658351,150.112797222275,23.6013038125674,250.258870156683,10.0658350658351
2021-12-12,82398,54,65189,30,17209,24,71106,40,478083,493,549189,533,6,982,-38,1226,86,80190,5,2176,1051,"Knox County",470313,162.870258742582,0.0989455184534271,113.328783172058,11.481715368276,260.6774637316,9.89455184534271
2021-12-11,82344,65,65159,45,17185,20,71066,51,477590,541,548656,592,0,976,-21,1264,86,80104,1,2171,1050,"Knox County",470313,157.979898493131,0.0987943134784956,125.873620333693,13.8205833136656,268.757189361128,9.87943134784956
2021-12-10,82279,84,65114,46,17165,38,71015,57,477049,856,548064,913,0,976,-14,1285,98,80018,3,2170,1047,"Knox County",470313,150.538045939619,0.0977022230524939,194.126039467333,17.8604461284294,273.222300893235,9.77022230524939
2021-12-09,82195,165,65068,95,17127,70,70958,107,476193,1017,547151,1124,3,976,102,1299,60,79920,2,2167,1046,"Knox County",470313,156.066279265085,0.0914505956552207,238.989779147079,35.0830191808434,276.19904191464,9.14505956552208
2021-12-08,82030,130,64973,63,17057,67,70851,65,475176,751,546027,816,0,973,33,1197,97,79860,7,2165,1045,"Knox County",470313,150.112797222275,0.0831234256926952,173.501476676171,27.6411666273312,254.511357330118,8.31234256926952
2021-12-07,81900,127,64910,69,16990,58,70786,76,474425,631,545211,707,2,973,18,1164,107,79763,2,2158,1044,"Knox County",470313,156.491527982429,0.0881098126507142,150.325421580947,27.0032935513158,247.49475349395,8.81098126507142
2021-12-06,81773,148,64841,106,16932,42,70710,115,473794,759,544504,874,8,971,38,1146,102,79656,4,2156,1044,"Knox County",470313,164.358629253285,0.0919230077352042,185.833689479134,31.4684050834232,243.667515037858,9.19230077352042
2021-12-05,81625,43,64735,28,16890,15,70595,33,473035,342,543630,375,2,963,-21,1108,62,79554,1,2152,1041,"Knox County",470313,162.019761307895,0.093316052582855,79.7341345019168,9.14284742288646,235.58778940833,9.3316052582855
2021-12-04,81582,69,64707,49,16875,20,70562,55,472693,499,543255,554,0,961,15,1129,54,79492,3,2151,1041,"Knox County",470313,162.870258742582,0.0947231027410032,117.793894704165,14.6710807483527,240.052900940438,9.47231027410032
2021-12-03,81513,147,64658,103,16855,44,70507,108,472194,1009,542701,1117,3,961,62,1114,82,79438,2,2148,1039,"Knox County",470313,176.265593338904,0.100413148913239,237.501408636376,31.2557807247514,236.863535560361,10.0413148913239
2021-12-02,81366,133,64555,85,16811,48,70399,85,471185,794,541584,879,0,958,31,1052,102,79356,4,2146,1037,"Knox County",470313,169.461613861407,0.100901916572717,186.896811272493,28.2790397033465,223.680825322711,10.0901916572717
2021-12-01,81233,186,64470,141,16763,45,70314,147,470391,1009,540705,1156,4,958,92,1021,90,79254,7,2142,1035,"Knox County",470313,181.368577947027,0.109325326739668,245.793758624576,39.5481307129507,217.089470203885,10.9325326739668
2021-11-30,81047,116,64329,65,16718,51,70167,68,469382,693,539549,761,3,954,17,929,96,79164,6,2135,1034,"Knox County",470313,179.029710001637,0.106892932120364,161.807136949223,24.6644256059263,197.528029206082,10.6892932120364
2021-11-29,80931,165,64264,128,16667,37,70099,139,468689,967,538788,1106,2,951,75,912,88,79068,5,2129,1032,"Knox County",470313,182.644324099057,0.106758574310693,235.162540690987,35.0830191808434,193.913415108662,10.6758574310693
2021-11-28,80766,33,64136,22,16630,11,69960,22,467722,270,537682,292,3,949,-21,837,51,78980,5,2124,1031,"Knox County",470313,180.51808051234,0.106393861892583,62.0863127321592,7.01660383616868,177.966588208278,10.6393861892583
2021-11-27,80733,59,64114,30,16619,29,69938,32,467452,266,537390,298,0,946,-1,858,60,78929,1,2119,1030,"Knox County",470313,178.391836925622,0.107149224460688,63.3620588841899,12.5448371616349,182.431699740386,10.7149224460688
2021-11-26,80674,20,64084,18,16590,2,69906,20,467186,298,537092,318,0,946,-46,859,66,78869,4,2118,1028,"Knox County",470313,151.388543374306,0.106652806652807,67.6145460576254,4.25248717343556,182.644324099057,10.6652806652807
2021-11-25,80654,52,64066,26,16588,26,69886,29,466888,331,536774,360,0,946,-16,905,68,78803,3,2114,1028,"Knox County",470313,134.165970321892,0.106501980890235,76.5447691218401,11.0564666509325,192.425044597959,10.6501980890235
2021-11-24,80602,105,64040,66,16562,39,69857,73,466557,742,536414,815,0,946,19,921,86,78735,3,2111,1024,"Knox County",470313,116.943397269478,0.0969620253164557,173.288852317499,22.3255576605367,195.827034336708,9.69620253164557
2021-11-23,80497,99,63974,63,16523,36,69784,65,465815,674,535599,739,0,946,37,902,62,78649,2,2108,1020,"Knox County",470313,113.328783172058,0.0967413441955193,157.129401058444,21.049811508506,191.787171521944,9.67413441955193
2021-11-22,80398,107,63911,82,16487,25,69719,82,465141,740,534860,822,0,946,38,865,69,78587,3,2106,1020,"Knox County",470313,100.996570369095,0.0886388583973655,174.777222828202,22.7508063778803,183.920070251088,8.86388583973655
2021-11-21,80291,44,63829,32,16462,12,69637,37,464401,284,534038,321,0,946,-9,827,53,78518,2,2103,1020,"Knox County",470313,103.335438314484,0.0920228695888919,68.2524191336408,9.35547178155824,175.840344621561,9.20228695888919
2021-11-20,80247,54,63797,37,16450,17,69600,44,464117,537,533717,581,0,946,14,836,40,78465,1,2101,1018,"Knox County",470313,102.272316521125,0.0884732052578362,123.534752388303,11.481715368276,177.753963849607,8.84732052578362
2021-11-19,80193,112,63760,83,16433,29,69556,81,463580,825,533136,906,0,946,62,822,50,78425,0,2100,1018,"Knox County",470313,121.833757518929,0.0904489436619718,192.637668956631,23.8139281712392,174.777222828202,9.04489436619718
2021-11-18,80081,80,63677,43,16404,37,69475,49,462755,937,532230,986,3,946,18,760,59,78375,2,2100,1018,"Knox County",470313,127.787239561739,0.0833655705996132,209.647617650373,17.0099486937423,161.594512590551,8.33655705996132
2021-11-17,80001,105,63634,64,16367,41,69426,66,461818,834,531244,900,0,943,45,742,60,78316,1,2098,1018,"Knox County",470313,127.787239561739,0.0806850618458611,191.3619228046,22.3255576605367,157.767274134459,8.06850618458611
2021-11-16,79896,73,63570,50,16326,23,69360,67,460984,777,530344,844,0,943,8,697,65,78256,2,2097,1018,"Knox County",470313,122.259006236272,0.0794776119402985,179.454958718981,15.5215781830398,148.199177994229,7.94776119402985
2021-11-15,79823,84,63520,43,16303,41,69293,34,460207,460,529500,494,3,943,21,689,60,78191,0,2095,1016,"Knox County",470313,117.368645986822,0.0751192368839428,105.036433183858,17.8604461284294,146.498183124855,7.51192368839428
2021-11-14,79739,72,63477,62,16262,10,69259,68,459747,624,529006,692,0,940,16,668,56,78131,2,2095,1016,"Knox County",470313,123.322128029631,0.0756986859152323,147.13605620087,15.308953824368,142.033071592748,7.56986859152323
2021-11-13,79667,29,63415,12,16252,17,69191,12,459123,317,528314,329,0,940,-14,652,43,78075,2,2093,1014,"Knox County",470313,118.006519062837,0.0731896719083673,69.953414003015,6.16610640148157,138.631081853999,7.31896719083673
2021-11-12,79638,66,63403,49,16235,17,69179,51,458806,687,527985,738,0,940,17,666,49,78032,4,2091,1014,"Knox County",470313,108.225798563935,0.0696367650010034,156.916776699772,14.0332076723374,141.607822875404,6.96367650010034
2021-11-11,79572,68,63354,46,16218,22,69128,54,458119,962,527247,1016,0,940,-2,649,70,77983,0,2087,1012,"Knox County",470313,105.674306259874,0.0702174346698584,216.026348410527,14.4584563896809,137.993208777984,7.02174346698584
2021-11-10,79504,74,63308,50,16196,24,69074,69,457157,855,526231,924,1,940,6,651,67,77913,2,2087,1012,"Knox County",470313,99.0829511410486,0.0704784594004368,196.464907412723,15.7342025417116,138.418457495328,7.04784594004368
2021-11-09,79430,106,63258,76,16172,30,69005,134,456302,1174,525307,1308,1,939,34,645,71,77846,1,2085,1012,"Knox County",470313,106.099554977217,0.0767133248500273,278.112661142686,22.5381820192085,137.142711343297,7.67133248500273
2021-11-08,79324,78,63182,58,16142,20,68871,70,455128,687,523999,757,6,938,-10,611,82,77775,1,2084,1011,"Knox County",470313,104.823808825187,0.0794587092297016,160.956639514536,16.5846999763987,129.913483148456,7.94587092297016
2021-11-07,79246,31,63124,20,16122,11,68801,23,454441,390,523242,413,0,932,-20,621,51,77693,1,2083,1008,"Knox County",470313,96.1062101196437,0.0752962625341841,87.8138601314444,6.59135511882512,132.039726735174,7.52962625341841
2021-11-06,79215,41,63104,27,16111,14,68778,30,454051,453,522829,483,0,932,-2,641,43,77642,2,2082,1005,"Knox County",470313,98.6577024237051,0.0764319914878525,102.697565238469,8.7175987055429,136.29221390861,7.64319914878525
2021-11-05,79174,52,63077,32,16097,20,68748,36,453598,605,522346,641,0,932,-27,643,79,77599,2,2080,1004,"Knox County",470313,95.6809614023002,0.0750631540959942,136.29221390861,11.0564666509325,136.717462625953,7.50631540959942
2021-11-04,79122,68,63045,45,16077,23,68712,49,452993,668,521705,717,0,932,-1,670,69,77520,1,2078,1004,"Knox County",470313,95.6809614023002,0.0783902345985123,152.451665167665,14.4584563896809,142.458320310091,7.83902345985123
2021-11-03,79054,80,63000,60,16054,20,68663,66,452325,969,520988,1035,0,932,-1,671,81,77451,2,2077,1003,"Knox County",470313,96.9567075543308,0.0762047067613,220.06621122529,17.0099486937423,142.670944668763,7.62047067613
2021-11-02,78974,41,62940,19,16034,22,68597,22,451356,301,519953,323,4,932,-52,672,89,77370,1,2075,1001,"Knox County",470313,83.1361242406653,0.0677500572213321,68.6776678509843,8.7175987055429,142.883569027435,6.77500572213321
2021-11-01,78933,95,62921,71,16012,24,68575,83,451055,661,519630,744,1,928,-19,724,113,77281,3,2074,998,"Knox County",470313,86.7507383380855,0.0709366391184573,158.192522851803,20.1993140738189,153.940035678367,7.09366391184573
2021-10-31,78838,26,62850,19,15988,7,68492,19,450394,278,518886,297,0,927,-43,743,69,77168,1,2071,997,"Knox County",470313,85.6876165447266,0.0719339622641509,63.1494345255181,5.52823332546623,157.979898493131,7.19339622641509
2021-10-30,78812,56,62831,40,15981,16,68473,43,450116,522,518589,565,0,927,-23,786,79,77099,4,2070,996,"Knox County",470313,88.8769819248033,0.0735770476631189,120.132762649555,11.9069640856196,167.122745916018,7.35770476631189
2021-10-29,78756,73,62791,59,15965,14,68430,66,449594,846,518024,912,1,927,-37,809,109,77020,1,2066,996,"Knox County",470313,93.3420934569106,0.0757674722403658,193.913415108662,15.5215781830398,172.013106165469,7.57674722403658
2021-10-28,78683,54,62732,32,15951,22,68364,39,448748,561,517112,600,4,926,-52,846,102,76911,3,2065,995,"Knox County",470313,90.3653524355057,0.0755138516532618,127.574615203067,11.481715368276,179.880207436324,7.55138516532618
2021-10-27,78629,88,62700,56,15929,32,68325,65,448187,759,516512,824,1,922,-31,898,118,76809,3,2062,993,"Knox County",470313,92.0663473048799,0.0790152403282532,175.202471545545,18.7109435631165,190.936674087257,7.90152403282532
2021-10-26,78541,97,62644,57,15897,40,68260,55,447428,554,515688,609,0,921,-17,929,114,76691,5,2059,990,"Knox County",470313,103.9733113905,0.0813008130081301,129.488234431113,20.6245627911625,197.528029206082,8.13008130081301
2021-10-25,78444,71,62587,47,15857,24,68205,54,446874,491,515079,545,6,921,-73,946,138,76577,3,2054,988,"Knox County",470313,98.8703267823768,0.0783547794117647,115.880275476119,15.0963294656962,201.142643303502,7.83547794117647
2021-10-24,78373,38,62540,20,15833,18,68151,23,446383,337,514534,360,1,915,-72,1019,109,76439,5,2051,987,"Knox County",470313,101.421819086438,0.0781426953567384,76.5447691218401,8.07972562952757,216.664221486542,7.81426953567384
2021-10-23,78335,59,62520,40,15815,19,68128,42,446046,471,514174,513,0,914,-15,1091,74,76330,1,2046,984,"Knox County",470313,102.059692162454,0.0788448315379326,109.076295998622,12.5448371616349,231.97317531091,7.88448315379326
2021-10-22,78276,90,62480,53,15796,37,68086,55,445575,551,513661,606,0,914,-69,1106,159,76256,2,2045,982,"Knox County",470313,105.674306259874,0.0820803549420754,128.850361355098,19.13619228046,235.162540690987,8.20803549420754
2021-10-21,78186,124,62427,71,15759,53,68031,78,445024,712,513055,790,3,914,-22,1175,143,76097,2,2043,980,"Knox County",470313,120.558011366898,0.0875912408759124,167.973243350705,26.3654204753005,249.833621439339,8.75912408759124
2021-10-20,78062,149,62356,83,15706,66,67953,90,444312,959,512265,1049,3,911,-47,1197,193,75954,3,2041,978,"Knox County",470313,133.528097245877,0.0887745974955277,223.042952246695,31.6810294420949,254.511357330118,8.87745974955277
2021-10-19,77913,131,62273,85,15640,46,67863,92,443353,724,511216,816,4,908,-40,1244,167,75761,4,2038,976,"Knox County",470313,140.757325440717,0.0927548621500321,173.501476676171,27.8537909860029,264.504702187692,9.27548621500321
2021-10-18,77782,121,62188,90,15594,31,67771,106,442629,607,510400,713,9,904,-74,1284,186,75594,8,2034,974,"Knox County",470313,151.388543374306,0.100268207138436,151.601167732978,25.7275473992852,273.009676534563,10.0268207138436
2021-10-17,77661,63,62098,56,15563,7,67665,61,442022,303,509687,364,1,895,-65,1358,127,75408,4,2026,971,"Knox County",470313,156.7041523411,0.108018965161822,77.3952665565272,13.395334596322,288.743879076275,10.8018965161822
2021-10-16,77598,55,62042,41,15556,14,67604,44,441719,372,509323,416,0,894,-83,1423,138,75281,1,2022,969,"Knox County",470313,155.853654906413,0.110643668489693,88.4517332074597,11.6943397269478,302.56446238994,11.0643668489693
2021-10-15,77543,125,62001,88,15542,37,67560,100,441347,794,508907,894,9,894,-68,1506,184,75143,5,2021,965,"Knox County",470313,163.295507459926,0.113248710829036,190.08617665257,26.5780448339723,320.212284159698,11.3248710829036
2021-10-14,77418,192,61913,135,15505,57,67460,143,440553,699,508013,842,0,885,9,1574,183,74959,7,2016,963,"Knox County",470313,177.753963849607,0.124852767962309,179.029710001637,40.8238768649814,334.670740549379,12.4852767962309
2021-10-13,77226,121,61778,87,15448,34,67317,99,439854,764,507171,863,7,885,-78,1565,192,74776,5,2009,958,"Knox County",470313,171.800481806797,0.131418092909535,183.494821533745,25.7275473992852,332.757121321333,13.1418092909535
2021-10-12,77105,136,61691,104,15414,32,67218,109,439090,821,506308,930,4,878,-81,1643,213,74584,3,2004,957,"Knox County",470313,172.863603600156,0.131819992035046,197.740653564754,28.9169127793618,349.341821297731,13.1819992035046
2021-10-11,76969,194,61587,136,15382,58,67109,149,438269,581,505378,730,3,874,-86,1724,277,74371,12,2001,950,"Knox County",470313,188.385181783195,0.139908712046041,155.215781830398,41.249125582325,366.564394350146,13.9908712046041
2021-10-10,76775,54,61451,41,15324,13,66960,51,437688,489,504648,540,0,871,-89,1810,143,74094,4,1989,949,"Knox County",470313,186.471562555149,0.13326941514861,114.81715368276,11.481715368276,384.850089195918,13.326941514861
2021-10-09,76721,66,61410,37,15311,29,66909,48,437199,490,504108,538,0,871,-66,1899,132,73951,7,1985,947,"Knox County",470313,188.810430500539,0.1309724564362,114.391904965417,14.0332076723374,403.773657117707,13.09724564362
2021-10-08,76655,289,61373,114,15282,175,66861,123,436709,936,503570,1059,-1,871,77,1965,213,73819,5,1978,943,"Knox County",470313,223.680825322711,0.131225009087605,225.169195833413,61.4484396561439,417.806864790044,13.1225009087605
2021-10-07,76366,259,61259,170,15107,89,66738,176,435773,1106,502511,1282,6,872,-9,1888,262,73606,9,1973,939,"Knox County",470313,237.92665735372,0.127061595422417,272.58442781722,55.0697088959905,401.434789172317,12.7061595422417
2021-10-06,76107,139,61089,103,15018,36,66562,112,434667,835,501229,947,1,866,-120,1897,258,73344,4,1964,938,"Knox County",470313,241.753895809812,0.12744772651842,201.355267662174,29.5547858553772,403.348408400363,12.744772651842
2021-10-05,75968,210,60986,118,14982,92,66450,138,433832,915,500282,1053,3,865,-71,2017,278,73086,4,1960,933,"Knox County",470313,257.488098351523,0.129614571475037,223.893449681382,44.6511153210734,428.863331440977,12.9614571475037
2021-10-04,75758,317,60868,225,14890,92,66312,246,432917,829,499229,1075,3,862,-13,2088,327,72808,4,1956,929,"Knox County",470313,283.640894468152,0.137665537419156,228.571185572162,67.4019216989537,443.959660906673,13.7665537419156
2021-10-03,75441,102,60643,93,14798,9,66066,107,432088,678,498154,785,1,859,-67,2101,168,72481,6,1952,928,"Knox County",470313,293.846863684397,0.140970470396201,166.910121557346,21.6876845845214,446.723777569406,14.0970470396201
2021-10-02,75339,67,60550,43,14789,24,65959,50,431410,472,497369,522,5,858,-144,2168,206,72313,2,1946,927,"Knox County",470313,294.059488043069,0.141603450840399,110.989915226668,14.2458320310091,460.969609600415,14.1603450840399
2021-10-01,75272,225,60507,151,14765,74,65909,167,430938,965,496847,1132,0,853,-76,2312,301,72107,9,1944,923,"Knox County",470313,280.451529088075,0.146556798116539,240.690774016453,47.8404807011501,491.587517249151,14.6556798116539
2021-09-30,75047,240,60356,166,14691,74,65742,186,429973,1104,495715,1290,1,853,-112,2388,351,71806,8,1935,920,"Knox County",470313,276.411666273312,0.147854203409759,274.285422686594,51.0298460812268,507.746968508206,14.7854203409759
2021-09-29,74807,361,60190,170,14617,191,65556,192,428869,1111,494425,1303,6,852,-96,2500,451,71455,7,1927,918,"Knox County",470313,323.614273898446,0.151675977653631,277.049539349327,76.7573934805119,531.560896679445,15.1675977653631
2021-09-28,74446,348,60020,248,14426,100,65364,270,427758,778,493122,1048,2,846,-75,2596,421,71004,1,1920,915,"Knox County",470313,352.956435395152,0.170230607966457,222.830327888024,73.9932768177788,551.972835111936,17.0230607966457
2021-09-27,74098,239,59772,162,14326,77,65094,186,426980,760,492074,946,7,844,-303,2671,535,70583,12,1919,913,"Knox County",470313,336.371735418753,0.164816396242528,201.142643303502,50.817221722555,567.919662012319,16.4816396242528
2021-09-26,73859,124,59610,99,14249,25,64908,117,426220,703,491128,820,2,837,-143,2974,265,70048,1,1907,907,"Knox County",470313,341.049471309532,0.165415663503753,174.351974110858,26.3654204753005,632.344842689868,16.5415663503753
2021-09-25,73735,110,59511,90,14224,20,64791,102,425517,705,490308,807,0,835,-178,3117,288,69783,3,1906,902,"Knox County",470313,350.192318732419,0.166076776476994,171.587857448125,23.3886794538956,662.750125979932,16.6076776476994
2021-09-24,73625,244,59421,165,14204,79,64689,182,424812,939,489501,1121,13,835,-234,3295,465,69495,5,1903,895,"Knox County",470313,354.232181547182,0.168370824812543,238.351906071063,51.8803435159139,700.597261823509,16.8370824812543
2021-09-23,73381,355,59256,245,14125,110,64507,268,423873,1371,488380,1639,14,822,-220,3529,561,69030,8,1898,892,"Knox County",470313,378.683982794437,0.171395106715252,348.491323863044,75.4816473284812,750.351361752705,17.1395106715252
2021-09-22,73026,251,59011,187,14015,64,64239,202,422502,1261,486741,1463,3,808,-329,3749,577,68469,4,1890,889,"Knox County",470313,355.295303340541,0.169173890872004,311.069436736811,53.3687140266163,797.128720660496,16.9173890872004
2021-09-21,72775,397,58824,216,13951,181,64037,230,421241,996,485278,1226,10,805,-352,4078,739,67892,7,1886,880,"Knox County",470313,365.713896915458,0.160433807030666,260.6774637316,84.4118703926959,867.082134663511,16.0433807030666
2021-09-20,72378,432,58608,310,13770,122,63807,343,420245,1295,484052,1638,5,795,114,4430,313,67153,9,1879,876,"Knox County",470313,406.750398139112,0.165710351159054,348.278699504373,91.8537229462082,941.925908915977,16.5710351159054
2021-09-19,71946,120,58298,87,13648,33,63464,97,418950,432,482414,529,1,790,-176,4316,295,66840,7,1870,869,"Knox County",470313,405.899900704425,0.169060904665796,112.478285737371,25.5149230406134,917.686732027394,16.9060904665796
2021-09-18,71826,226,58211,183,13615,43,63367,197,418518,1075,481885,1272,0,789,-107,4492,333,66545,7,1863,861,"Knox County",470313,430.564326310351,0.170904590459046,270.458184230502,48.0531050598219,955.108619153628,17.0904590459046
2021-09-17,71600,547,58028,422,13572,125,63170,449,417443,1310,480613,1759,5,789,5,4599,537,66212,12,1856,847,"Knox County",470313,494.9895069879,0.187486878018056,374.006246903658,116.305524193463,977.859425531508,18.7486878018056
2021-09-16,71053,588,57606,456,13447,132,62721,487,416133,1518,478854,2005,7,784,10,4594,571,65675,16,1844,842,"Knox County",470313,544.530982558424,0.202689041649818,426.311839136915,125.023122899006,976.796303738149,20.2689041649818
2021-09-15,70465,338,57150,249,13315,89,62234,267,414615,808,476849,1075,6,777,-309,4584,641,65104,5,1828,839,"Knox County",470313,563.029301762869,0.21780303030303,228.571185572162,71.867033231061,974.670060151431,21.780303030303
2021-09-14,70127,556,56901,443,13226,113,61967,476,413807,1406,475774,1882,12,771,-158,4893,702,64463,8,1823,835,"Knox County",470313,596.836574791681,0.227952755905512,400.159043020287,118.219143421509,1040.37098698101,22.7952755905512
2021-09-13,69571,399,56458,299,13113,100,61491,333,412401,1134,473892,1467,20,759,-436,5051,815,63761,15,1815,832,"Knox County",470313,589.819970955513,0.230853939333267,311.919934171499,84.8371191100395,1073.96563565115,23.0853939333267
2021-09-12,69172,387,56159,358,13013,29,61158,376,411267,1460,472425,1836,0,739,80,5487,307,62946,5,1800,823,"Knox County",470313,646.590674720877,0.228842067988669,390.378322521385,82.2856268059781,1166.66985603205,22.8842067988669
2021-09-11,68785,866,55801,707,12984,159,60782,763,409807,2621,470589,3384,4,739,500,5407,362,62639,26,1795,815,"Knox County",470313,782.670264270815,0.235008949880668,719.520829745297,184.13269460976,1149.6599073383,23.5008949880668
2021-09-10,67919,1023,55094,745,12825,278,60019,800,407186,2513,467205,3313,1,735,478,4907,544,62277,24,1769,805,"Knox County",470313,883.879458998582,0.234059617698169,704.424500279601,217.514718921229,1043.34772800242,23.4059617698169
2021-09-09,66896,310,54349,167,12547,143,59219,173,404673,685,463892,858,1,734,-370,4429,679,61733,18,1745,798,"Knox County",470313,824.769887287827,0.230763662685487,182.431699740386,65.9135511882512,941.713284557305,23.0763662685487
2021-09-08,66586,290,54182,226,12404,64,59046,250,403988,837,463034,1087,5,733,-406,4799,691,61054,11,1727,793,"Knox County",470313,814.563918071582,0.229333911911478,231.122677876223,61.6610640148157,1020.38429726586,22.9333911911478
2021-09-07,66296,415,53956,299,12340,116,58796,311,403151,979,461947,1290,3,728,-220,5205,632,60363,13,1716,787,"Knox County",470313,784.583883498861,0.227125047223272,274.285422686594,88.2391088487879,1106.70978688661,22.7125047223272
2021-09-06,65881,991,53657,791,12224,200,58485,844,402172,3221,460657,4065,1,725,341,5425,649,59731,20,1703,786,"Knox County",470313,910.457503832554,0.222130992231415,864.318018000778,210.710739443732,1153.4871457944,22.2130992231415
2021-09-05,64890,969,52866,799,12024,170,57641,834,398951,2999,456592,3833,2,724,623,5084,344,59082,15,1683,783,"Knox County",470313,1034.20488057953,0.222938867077958,814.989166788926,206.033003552953,1080.98223948732,22.2938867077958
2021-09-04,63921,543,52067,389,11854,154,56807,408,395952,1502,452759,1910,2,722,224,4461,317,58738,10,1668,778,"Knox County",470313,965.527212728545,0.221325507459036,406.112525063096,115.455026758776,948.517264034802,22.1325507459036
2021-09-03,63378,334,51678,238,11700,96,56399,249,394450,909,450849,1158,5,720,-155,4237,484,58421,8,1658,774,"Knox County",470313,819.029029603689,0.216111541440744,246.219007341919,71.0165357963739,900.889407692324,21.6111541440744
2021-09-02,63044,323,51440,180,11604,143,56150,200,393541,681,449691,881,3,715,-158,4392,478,57937,5,1650,769,"Knox County",470313,821.793146266423,0.217660292463442,187.322059989837,68.6776678509843,933.84618328645,21.7660292463442
2021-09-01,62721,276,51260,211,11461,65,55950,226,392860,645,448810,871,3,712,-119,4550,392,57459,2,1645,766,"Knox County",470313,818.816405245018,0.219303255282696,185.195816403119,58.6843229934108,967.440831956591,21.9303255282696
2021-08-31,62445,594,51049,433,11396,161,55724,479,392215,1894,447939,2373,2,709,190,4669,402,57067,8,1643,764,"Knox County",470313,856.876165447266,0.214697501822278,504.55760312813,126.298869051036,992.743130638532,21.4697501822278
2021-08-30,61851,513,50616,403,11235,110,55245,430,390321,1630,445566,2060,9,707,95,4479,409,56665,12,1635,760,"Knox County",470313,755.241722002156,0.21595598349381,438.006178863863,109.076295998622,952.344502490894,21.595598349381
2021-08-29,61338,483,50213,407,11125,76,54815,439,388691,1485,443506,1924,1,698,255,4384,227,56256,5,1623,754,"Knox County",470313,651.906283687672,0.217500223673615,409.089266084501,102.697565238469,932.145188417075,21.7500223673615
2021-08-28,60855,397,49806,301,11049,96,54376,320,387206,1065,441582,1385,0,697,191,4129,206,56029,4,1618,747,"Knox County",470313,620.863127321592,0.219958693203154,294.484736760413,84.4118703926959,877.925976955772,21.9958693203154
2021-08-27,60458,472,49505,373,10953,99,54056,390,386141,1166,440197,1556,5,697,195,3938,272,55823,5,1614,744,"Knox County",470313,650.205288818298,0.224796380090498,330.843502093287,100.358697293079,837.314724449462,22.4796380090498
2021-08-26,59986,449,49132,347,10854,102,53666,368,384975,1426,438641,1794,5,692,154,3743,290,55551,0,1609,743,"Knox County",470313,676.995958010942,0.221683524199615,381.44809945717,95.4683370436284,795.852974508466,22.1683524199615
2021-08-25,59537,351,48785,224,10752,127,53298,238,383549,642,436847,880,2,687,91,3589,258,55261,4,1609,738,"Knox County",470313,692.942784911325,0.222519211493485,187.109435631165,74.6311498937941,763.108823273012,22.2519211493485
2021-08-24,59186,342,48561,222,10625,120,53060,237,382907,677,435967,914,4,685,76,3498,262,55003,5,1605,728,"Knox County",470313,639.361446526037,0.230381432512128,194.338663826005,72.7175306657481,743.76000663388,23.0381432512128
2021-08-23,58844,287,48339,206,10505,81,52823,227,382230,825,435053,1052,1,681,30,3422,256,54741,1,1600,728,"Knox County",470313,591.308341466215,0.233456075749605,223.680825322711,61.0231909388003,727.600555374825,23.3456075749605
2021-08-22,58557,240,48133,217,10424,23,52596,233,381405,889,434001,1122,2,680,70,3392,168,54485,0,1599,724,"Knox County",470313,539.640622308973,0.231299551878663,238.564530429735,51.0298460812268,721.221824614672,23.1299551878663
2021-08-21,58317,496,47916,373,10401,123,52363,411,380516,1904,432879,2315,0,678,381,3322,115,54317,8,1599,722,"Knox County",470313,560.690433817479,0.218415862140558,492.225390325166,105.461681901202,706.338119507647,21.8415862140558
2021-08-20,57821,425,47543,331,10278,94,51952,357,378612,1148,430564,1505,0,678,232,2941,193,54202,6,1591,719,"Knox County",470313,550.697088959905,0.216134418701732,319.999659801026,90.3653524355057,625.3282388537,21.6134418701732
2021-08-19,57396,368,47212,254,10184,114,51595,264,377464,952,429059,1216,1,678,204,2709,163,54009,6,1585,716,"Knox County",470313,533.474515907491,0.218458462905375,258.551220144882,78.2457639912144,575.999387641847,21.8458462905375
2021-08-18,57028,263,46958,191,10070,72,51331,200,376512,914,427843,1114,2,677,98,2505,163,53846,5,1579,716,"Knox County",470313,514.763572344375,0.208811431045681,236.863535560361,55.9202063306777,532.624018472804,20.8811431045681
2021-08-17,56765,263,46767,180,9998,83,51131,197,375598,1042,426729,1239,0,675,102,2407,161,53683,5,1574,716,"Knox County",470313,497.966248009304,0.197532155181428,263.441580394333,55.9202063306777,511.78683132297,19.7532155181428
2021-08-16,56502,185,46587,126,9915,59,50934,132,374556,422,425490,554,2,675,-26,2305,209,53522,5,1569,713,"Knox County",470313,476.278563424783,0.197904026475455,117.793894704165,39.335506354279,490.099146738449,19.7904026475455
2021-08-15,56317,204,46461,181,9856,23,50802,198,374134,953,424936,1151,3,673,80,2331,121,53313,6,1564,713,"Knox County",470313,468.624086512599,0.193424235759842,244.730636831217,43.3753691690427,495.627380063915,19.3424235759842
2021-08-14,56113,219,46280,147,9833,72,50604,154,373181,794,423785,948,0,670,96,2251,123,53192,4,1558,712,"Knox County",470313,409.727139160517,0.194383331176394,201.567892020846,46.5647345491194,478.617431370173,19.4383331176394
2021-08-13,55894,266,46133,205,9761,61,50450,220,372387,1470,422837,1690,1,670,124,2155,141,53069,5,1554,710,"Knox County",470313,375.919866131704,0.172522750252781,359.335166155305,56.558079406693,458.205492937682,17.2522750252781
2021-08-12,55628,222,45928,145,9700,77,50230,153,370917,643,421147,796,2,669,82,2031,138,52928,8,1549,707,"Knox County",470313,344.876709765624,0.167378537106247,169.248989502735,47.2026076251348,431.840072462381,16.7378537106247
2021-08-11,55406,316,45783,238,9623,78,50077,248,370274,989,420351,1237,1,667,183,1949,132,52790,10,1541,705,"Knox County",470313,356.145800775228,0.170978332239002,263.01633167699,67.1892973402819,414.404875051296,17.0978332239002
2021-08-10,55090,173,45545,109,9545,64,49829,121,369285,621,419114,742,1,666,56,1766,116,52658,2,1531,702,"Knox County",470313,337.009608494768,0.172239393087946,157.767274134459,36.7840140502176,375.49461741436,17.2239393087946
2021-08-09,54917,197,45436,159,9481,38,49708,167,368664,753,418372,920,1,665,75,1710,121,52542,4,1529,698,"Knox County",470313,339.56110079883,0.168492784607162,195.614409978036,41.8869986583403,363.587653328741,16.8492784607162
2021-08-08,54720,88,45277,66,9443,22,49541,75,367911,418,417452,493,1,664,22,1635,65,52421,4,1525,697,"Knox County",470313,314.896675192903,0.166715499560504,104.823808825187,18.7109435631165,347.640826428357,16.6715499560504
2021-08-07,54632,105,45211,75,9421,30,49466,80,367493,638,416959,718,0,663,44,1613,61,52356,2,1521,697,"Knox County",470313,290.657498304321,0.161309884778654,152.664289526337,22.3255576605367,342.963090537578,16.1309884778654
2021-08-06,54527,203,45136,147,9391,56,49386,163,366855,879,416241,1042,0,663,139,1569,64,52295,11,1519,697,"Knox County",470313,277.262163707999,0.169300605245461,221.554581735993,43.162744810371,333.60761875602,16.9300605245461
2021-08-05,54324,174,44989,131,9335,43,49223,147,365976,850,415199,997,2,663,102,1430,70,52231,4,1508,696,"Knox County",470313,267.056194491753,0.162790697674419,211.986485595763,36.9966384088894,304.052832900643,16.2790697674419
2021-08-04,54150,144,44858,101,9292,43,49076,105,365126,656,414202,761,1,661,70,1328,73,52161,4,1504,694,"Knox County",470313,230.484804800208,0.151242728714966,161.807136949223,30.6179076487361,282.365148316121,15.1242728714966
2021-08-03,54006,238,44757,177,9249,61,48971,183,364470,814,413441,997,0,660,161,1258,77,52088,5,1500,693,"Knox County",470313,244.305388113873,0.155195681511471,211.986485595763,50.6045973638832,267.481443209097,15.5195681511471
2021-08-02,53768,97,44580,75,9188,22,48788,82,363656,532,412444,614,2,660,-3,1097,98,52011,3,1495,690,"Knox County",470313,223.042952246695,0.148523657061544,130.551356224472,20.6245627911625,233.248921462941,14.8523657061544
2021-08-01,53671,107,44505,91,9166,16,48706,99,363124,526,411830,625,0,658,63,1100,44,51913,2,1492,690,"Knox County",470313,227.082815061459,0.14928745220716,132.890224169861,22.7508063778803,233.886794538956,14.928745220716
2021-07-31,53564,104,44414,64,9150,40,48607,68,362598,399,411205,467,1,658,46,1037,57,51869,6,1490,688,"Knox County",470313,226.870190702787,0.153916045793204,99.2955754997204,22.1129333018649,220.491459942634,15.3916045793204
2021-07-30,53460,118,44350,83,9110,35,48539,90,362199,339,410738,429,1,657,79,991,38,51812,0,1484,688,"Knox County",470313,208.797120215686,0.158282208588957,91.2158498701928,25.0896743232698,210.710739443732,15.8282208588957
2021-07-29,53342,117,44267,65,9075,52,48449,68,361860,483,410309,551,0,656,82,912,35,51774,1,1484,687,"Knox County",470313,196.677531771395,0.156390639063906,117.15602162815,24.877049964598,193.913415108662,15.6390639063906
2021-07-28,53225,131,44202,90,9023,41,48381,95,361377,536,409758,631,0,656,80,830,51,51739,4,1483,686,"Knox County",470313,193.913415108662,0.15878535002318,134.165970321892,27.8537909860029,176.478217697576,15.878535002318
2021-07-27,53094,117,44112,78,8982,39,48286,84,360841,499,409127,583,0,656,85,750,32,51688,4,1479,686,"Knox County",470313,168.185867709377,0.15025641025641,123.960001105647,24.877049964598,159.468269003834,15.025641025641
2021-07-26,52977,97,44034,73,8943,24,48202,79,360342,371,408544,450,1,656,61,665,35,51656,4,1475,686,"Knox County",470313,168.185867709377,0.156049250535332,95.6809614023002,20.6245627911625,141.395198516732,15.6049250535332
2021-07-25,52880,51,43961,43,8919,8,48123,44,359971,320,408094,364,3,655,22,604,26,51621,5,1471,686,"Knox County",470313,156.278903623757,0.151942446043165,77.3952665565272,10.8438422922607,128.425112637754,15.1942446043165
2021-07-24,52829,64,43918,42,8911,22,48079,44,359651,348,407730,392,0,652,39,582,25,51595,1,1466,685,"Knox County",470313,147.773929276886,0.148235294117647,83.348748599337,13.6079589549938,123.747376746975,14.8235294117647
2021-07-23,52765,56,43876,31,8889,25,48035,32,359303,321,407338,353,1,652,24,543,31,51570,3,1465,683,"Knox County",470313,134.591219039236,0.134175691937425,75.0563986111377,11.9069640856196,115.455026758776,13.4175691937425
2021-07-22,52709,94,43845,69,8864,25,48003,78,358982,474,406985,552,0,651,70,519,24,51539,3,1462,682,"Knox County",470313,129.700858789785,0.137142857142857,117.368645986822,19.9866897151471,110.352042150653,13.7142857142857
2021-07-21,52615,61,43776,47,8839,14,47925,46,358508,411,406433,457,1,651,33,449,27,51515,1,1459,682,"Knox County",470313,114.81715368276,0.129165344335132,97.1693319130026,12.9700858789785,95.4683370436284,12.9165344335132
2021-07-20,52554,78,43729,43,8825,35,47879,45,358097,299,405976,344,0,650,54,416,24,51488,3,1458,682,"Knox County",470313,106.524803694561,0.126373626373626,73.1427793830917,16.5846999763987,88.4517332074597,12.6373626373626
2021-07-19,52476,48,43686,36,8790,12,47834,42,357798,348,405632,390,0,650,28,362,20,51464,0,1455,682,"Knox County",470313,96.1062101196437,0.116058906030856,82.9234998819935,10.2059692162454,76.9700178391837,11.6058906030856
2021-07-18,52428,36,43650,30,8778,6,47792,31,357450,272,405242,303,0,650,27,334,9,51444,1,1455,682,"Knox County",470313,92.9168447395671,0.113937656753852,64.4251806775488,7.65447691218401,71.0165357963739,11.3937656753852
2021-07-17,52392,27,43620,20,8772,7,47761,21,357178,202,404939,223,0,650,12,307,15,51435,1,1454,681,"Knox County",470313,85.0497434687113,0.112509534706331,47.4152319838065,5.74085768413801,65.2756781122359,11.2509534706331
2021-07-16,52365,37,43600,21,8765,16,47740,22,356976,291,404716,313,0,650,25,295,12,51420,1,1453,681,"Knox County",470313,81.0098806539475,0.110379550735864,66.5514242642666,7.86710127085579,62.7241858081746,11.0379550735864
2021-07-15,52328,55,43579,42,8749,13,47718,44,356685,364,404403,408,-1,650,36,270,20,51408,1,1452,681,"Knox County",470313,72.7175306657481,0.102953240360952,86.7507383380855,11.6943397269478,57.4085768413801,10.2953240360952
2021-07-14,52273,21,43537,17,8736,4,47674,16,356321,269,403995,285,0,651,8,234,13,51388,2,1451,681,"Knox County",470313,64.212556318877,0.0975286849073257,60.5979422214568,4.46511153210734,49.7540999291961,9.75286849073257
2021-07-13,52252,42,43520,26,8732,16,47658,29,356052,355,403710,384,3,651,28,226,11,51375,3,1449,681,"Knox County",470313,56.558079406693,0.0888985255854293,81.6477537299628,8.93022306421468,48.0531050598219,8.88985255854293
2021-07-12,52210,27,43494,21,8716,6,47629,24,355697,270,403326,294,0,648,16,198,11,51364,1,1446,681,"Knox County",470313,52.0929678745856,0.0846153846153846,62.5115614495028,5.74085768413801,42.0996230170121,8.46153846153846
2021-07-11,52183,8,43473,3,8710,5,47605,4,355427,136,403032,140,0,648,1,182,7,51353,0,1445,680,"Knox County",470313,46.1394858317759,0.0781631656082071,29.7674102140489,1.70099486937423,38.6976332782636,7.81631656082071
2021-07-10,52175,20,43470,16,8705,4,47601,16,355291,191,402892,207,0,648,12,181,8,51346,2,1445,680,"Knox County",470313,44.6511153210734,0.0763170851797144,44.0132422450581,4.25248717343556,38.4850089195918,7.63170851797144
2021-07-09,52155,27,43454,21,8701,6,47585,21,355100,338,402685,359,0,648,12,169,15,51338,0,1443,680,"Knox County",470313,42.5248717343556,0.0741454020221473,76.3321447631684,5.74085768413801,35.9335166155305,7.41454020221473
2021-07-08,52128,19,43433,14,8695,5,47564,16,354762,317,402326,333,0,648,6,157,13,51323,0,1443,679,"Knox County",470313,34.8703948221716,0.0629370629370629,70.8039114377021,4.03986281476378,33.3820243114692,6.29370629370629
2021-07-07,52109,18,43419,5,8690,13,47548,5,354445,333,401993,338,1,648,8,151,9,51310,1,1443,677,"Knox County",470313,34.2325217461563,0.0559610705596107,71.867033231061,3.82723845609201,32.1062781594385,5.59610705596107
2021-07-06,52091,24,43414,9,8677,15,47543,14,354112,263,401655,277,0,647,14,143,10,51301,2,1442,677,"Knox County",470313,30.4052832900643,0.0513347022587269,58.8969473520825,5.10298460812268,30.4052832900643,5.13347022587269
2021-07-05,52067,10,43405,7,8662,3,47529,6,353849,105,401378,111,0,647,0,129,10,51291,1,1440,677,"Knox County",470313,26.790669192644,0.0464589235127479,23.6013038125674,2.12624358671778,27.4285422686594,4.64589235127479
2021-07-04,52057,8,43398,7,8659,1,47523,7,353744,143,401267,150,0,647,0,129,8,51281,1,1439,677,"Knox County",470313,26.790669192644,0.047887323943662,31.8936538007667,1.70099486937423,27.4285422686594,4.7887323943662
2021-07-03,52049,9,43391,7,8658,2,47516,7,353601,185,401117,192,0,647,-2,129,11,51273,1,1438,677,"Knox County",470313,24.4518012472545,0.0431818181818182,40.8238768649814,1.913619228046,27.4285422686594,4.31818181818182
2021-07-02,52040,17,43384,13,8656,4,47509,17,353416,342,400925,359,-1,647,11,131,7,51262,0,1437,677,"Knox County",470313,22.3255576605367,0.0409090909090909,76.3321447631684,3.61461409742023,27.8537909860029,4.09090909090909
2021-07-01,52023,18,43371,15,8652,3,47492,17,353074,248,400566,265,-1,648,13,120,6,51255,1,1437,677,"Knox County",470313,22.1129333018649,0.0431442080378251,56.3454550480212,3.82723845609201,25.5149230406134,4.31442080378251
2021-06-30,52005,18,43356,12,8649,6,47475,11,352826,299,400301,310,0,649,9,107,9,51249,0,1436,677,"Knox County",470313,22.1129333018649,0.0474759615384615,65.9135511882512,3.82723845609201,22.7508063778803,4.74759615384615
2021-06-29,51987,21,43344,16,8643,5,47464,19,352527,438,399991,457,0,649,8,98,13,51240,1,1436,677,"Knox County",470313,21.4750602258496,0.0455531453362256,97.1693319130026,4.46511153210734,20.8371871498343,4.55531453362256
2021-06-28,51966,9,43328,2,8638,7,47445,2,352089,113,399534,115,0,649,-4,90,13,51227,0,1435,677,"Knox County",470313,21.2624358671778,0.0432900432900433,24.4518012472545,1.913619228046,19.13619228046,4.32900432900433
2021-06-27,51957,5,43326,3,8631,2,47443,3,351976,151,399419,154,0,649,0,94,5,51214,0,1435,677,"Knox County",470313,20.6245627911625,0.041036717062635,32.7441512354538,1.06312179335889,19.9866897151471,4.1036717062635
2021-06-26,51952,3,43323,2,8629,1,47440,2,351825,206,399265,208,0,649,0,94,3,51209,0,1435,677,"Knox County",470313,19.3488166391318,0.0380085653104925,44.2258666037299,0.637873076015334,19.9866897151471,3.80085653104925
2021-06-25,51949,13,43321,9,8628,4,47438,11,351619,311,399057,322,0,649,4,94,9,51206,0,1435,677,"Knox County",470313,18.4983192044447,0.0354997269251775,68.4650434923126,2.76411666273312,19.9866897151471,3.54997269251775
2021-06-24,51936,14,43312,9,8624,5,47427,10,351308,364,398735,374,1,649,8,90,5,51197,1,1435,677,"Knox County",470313,17.6478217697576,0.0298969072164948,79.521510143245,2.97674102140489,19.13619228046,2.98969072164948
2021-06-23,51922,13,43303,6,8619,7,47417,8,350944,282,398361,290,0,648,6,82,7,51192,0,1434,676,"Knox County",470313,16.5846999763987,0.0286458333333333,61.6610640148157,2.76411666273312,17.4351974110858,2.86458333333333
2021-06-22,51909,14,43297,5,8612,9,47409,5,350662,247,398071,252,2,648,10,76,2,51185,1,1434,675,"Knox County",470313,15.0963294656962,0.0239067055393586,53.5813383852881,2.97674102140489,16.1594512590551,2.39067055393586
2021-06-21,51895,9,43292,8,8603,1,47404,9,350415,289,397819,298,0,646,5,66,4,51183,1,1433,674,"Knox County",470313,15.0963294656962,0.0252897787144362,63.3620588841899,1.913619228046,14.0332076723374,2.52897787144363
2021-06-20,51886,3,43284,2,8602,1,47395,3,350126,161,397521,164,1,646,-2,61,4,51179,0,1432,674,"Knox County",470313,14.6710807483527,0.0251572327044025,34.8703948221716,0.637873076015334,12.9700858789785,2.51572327044025
2021-06-19,51883,3,43282,1,8601,2,47392,1,349965,191,397357,192,0,645,-3,63,6,51175,0,1432,674,"Knox County",470313,14.6710807483527,0.0248414376321353,40.8238768649814,0.637873076015334,13.395334596322,2.48414376321353
2021-06-18,51880,5,43281,3,8599,2,47391,3,349774,283,397165,286,1,645,-7,66,11,51169,0,1432,674,"Knox County",470313,12.9700858789785,0.0210129310344828,60.8105665801286,1.06312179335889,14.0332076723374,2.10129310344828
2021-06-17,51875,12,43278,8,8597,4,47388,9,349491,515,396879,524,0,644,6,73,6,51158,0,1432,674,"Knox County",470313,12.5448371616349,0.0189431704885344,111.415163944012,2.55149230406134,15.5215781830398,1.89431704885344
2021-06-16,51863,7,43270,4,8593,3,47379,4,348976,362,396355,366,1,644,-6,67,12,51152,0,1432,673,"Knox County",470313,11.2690910096042,0.0163304514889529,77.8205152738708,1.48837051070245,14.2458320310091,1.63304514889529
2021-06-15,51856,13,43266,9,8590,4,47375,14,348614,428,395989,442,0,643,-2,73,15,51140,0,1432,673,"Knox County",470313,11.0564666509325,0.0189260563380282,93.9799665329259,2.76411666273312,15.5215781830398,1.89260563380282
2021-06-14,51843,7,43257,2,8586,5,47361,3,348186,260,395547,263,1,643,-5,75,11,51125,0,1432,673,"Knox County",470313,10.6312179335889,0.0165400089405454,55.9202063306777,1.48837051070245,15.9468269003834,1.65400089405454
2021-06-13,51836,3,43255,3,8581,0,47358,4,347926,128,395284,132,0,642,-5,80,8,51114,1,1432,673,"Knox County",470313,10.6312179335889,0.0172335600907029,28.0664153446747,0.637873076015334,17.0099486937423,1.72335600907029
2021-06-12,51833,2,43252,1,8581,1,47354,1,347798,226,395152,227,0,642,-6,85,8,51106,0,1431,673,"Knox County",470313,10.4185935749171,0.0169642857142857,48.2657294184936,0.425248717343556,18.0730704871011,1.69642857142857
2021-06-11,51831,7,43251,3,8580,4,47353,2,347572,318,394925,320,0,642,-2,91,9,51098,0,1431,672,"Knox County",470313,10.8438422922607,0.0162708883025506,68.039794774969,1.48837051070245,19.3488166391318,1.62708883025506
2021-06-10,51824,7,43248,4,8576,3,47351,5,347254,358,394605,363,0,642,-1,93,8,51089,0,1431,671,"Knox County",470313,9.7807204989018,0.0156176053005206,77.1826421978555,1.48837051070245,19.7740653564754,1.56176053005206
2021-06-09,51817,2,43244,1,8573,1,47346,1,346896,367,394242,368,1,642,-17,94,18,51081,0,1431,671,"Knox County",470313,8.7175987055429,0.0141843971631206,78.2457639912144,0.425248717343556,19.9866897151471,1.41843971631206
2021-06-08,51815,5,43243,3,8572,2,47345,4,346529,266,393874,270,1,641,-17,111,21,51063,0,1431,670,"Knox County",470313,7.01660383616868,0.0102933607822954,57.4085768413801,1.06312179335889,23.6013038125674,1.02933607822954
2021-06-07,51810,16,43240,10,8570,6,47341,10,346263,316,393604,326,0,640,-7,128,23,51042,2,1431,669,"Knox County",470313,8.93022306421468,0.0134596211365902,69.3155409269997,3.40198973874845,27.2159179099876,1.34596211365902
2021-06-06,51794,4,43230,2,8564,2,47331,2,345947,178,393278,180,0,640,-5,135,9,51019,0,1429,669,"Knox County",470313,9.14284742288646,0.0121713729308666,38.2723845609201,0.850497434687113,28.7042884206901,1.21713729308666
2021-06-05,51790,5,43228,2,8562,3,47329,3,345769,258,393098,261,0,640,-9,140,14,51010,0,1429,668,"Knox County",470313,9.7807204989018,0.0129310344827586,55.4949576133341,1.06312179335889,29.7674102140489,1.29310344827586
2021-06-04,51785,7,43226,2,8559,5,47326,3,345511,325,392837,328,1,640,-9,149,15,50996,0,1429,668,"Knox County",470313,9.7807204989018,0.0133587786259542,69.7407896443432,1.48837051070245,31.6810294420949,1.33587786259542
2021-06-03,51778,7,43224,4,8554,3,47323,6,345186,458,392509,464,0,639,-12,158,19,50981,0,1429,668,"Knox County",470313,9.7807204989018,0.0131998179335457,98.6577024237051,1.48837051070245,33.5946486701409,1.31998179335457
2021-06-02,51771,20,43220,7,8551,13,47317,6,344728,282,392045,288,0,639,5,170,15,50962,1,1429,668,"Knox County",470313,13.6079589549938,0.0160604629192253,61.2358152974721,4.25248717343556,36.1461409742023,1.60604629192253
2021-06-01,51751,12,43213,9,8538,3,47311,10,344446,291,391757,301,0,639,-10,165,22,50947,1,1428,668,"Knox County",470313,15.0963294656962,0.0186219739292365,63.9999319602052,2.55149230406134,35.0830191808434,1.86219739292365
2021-05-31,51739,17,43204,14,8535,3,47301,12,344155,354,391456,366,0,639,-1,175,18,50925,0,1427,668,"Knox County",470313,15.308953824368,0.0191956124314442,77.8205152738708,3.61461409742023,37.2092627675612,1.91956124314442
2021-05-30,51722,3,43190,1,8532,2,47289,1,343801,203,391090,204,0,639,-9,176,12,50907,0,1427,668,"Knox County",470313,15.0963294656962,0.0185352622061483,43.3753691690427,0.637873076015334,37.421887126233,1.85352622061483
2021-05-29,51719,14,43189,8,8530,6,47288,6,343598,199,390886,205,0,639,-14,185,28,50895,1,1427,667,"Knox County",470313,17.0099486937423,0.0204081632653061,43.5879935277145,2.97674102140489,39.335506354279,2.04081632653061
2021-05-28,51705,11,43181,6,8524,5,47282,10,343399,390,390681,400,0,639,-9,199,20,50867,1,1426,665,"Knox County",470313,17.8604461284294,0.0228904847396768,85.0497434687113,2.33886794538956,42.3122473756839,2.28904847396768
2021-05-27,51694,23,43175,8,8519,15,47272,9,343009,341,390281,350,0,639,-5,208,28,50847,1,1425,665,"Knox County",470313,21.2624358671778,0.0255439924314096,74.4185255351224,4.8903602494509,44.2258666037299,2.55439924314096
2021-05-26,51671,16,43167,8,8504,8,47263,11,342668,571,389931,582,0,639,-8,213,24,50819,0,1424,665,"Knox County",470313,20.4119384324907,0.0245016611295681,123.747376746975,3.40198973874845,45.2889883970888,2.45016611295681
2021-05-25,51655,18,43159,8,8496,10,47252,7,342097,311,389349,318,0,639,-10,221,28,50795,1,1424,665,"Knox County",470313,21.6876845845214,0.0230927835051546,67.6145460576254,3.82723845609201,46.989983266463,2.30927835051546
2021-05-24,51637,25,43151,21,8486,4,47245,24,341786,425,389031,449,0,639,-11,231,36,50767,1,1423,665,"Knox County",470313,23.3886794538956,0.0271132376395534,95.4683370436284,5.31560896679445,49.1162268531808,2.71132376395534
2021-05-23,51612,16,43130,8,8482,8,47221,8,341361,225,388582,233,1,639,-5,242,20,50731,1,1422,664,"Knox County",470313,26.1527961166287,0.0295624753646039,49.5414755705243,3.40198973874845,51.4550947985703,2.95624753646039
2021-05-22,51596,8,43122,4,8474,4,47213,4,341136,269,388349,273,0,638,-6,247,14,50711,0,1421,663,"Knox County",470313,24.877049964598,0.0280230326295585,58.0464499173954,1.70099486937423,52.5182165919292,2.80230326295585
2021-05-21,51588,16,43118,12,8470,4,47209,14,340867,377,388076,391,0,638,-16,253,32,50697,1,1421,663,"Knox County",470313,25.9401717579569,0.0296610169491525,83.1361242406653,3.40198973874845,53.7939627439599,2.96610169491525
2021-05-20,51572,34,43106,26,8466,8,47195,27,340490,594,387685,621,0,638,6,269,28,50665,1,1420,662,"Knox County",470313,28.2790397033465,0.0331356818974538,132.039726735174,7.22922819484046,57.1959524827083,3.31356818974538
2021-05-19,51538,14,43080,6,8458,8,47168,6,339896,544,387064,550,0,638,-29,263,43,50637,1,1419,661,"Knox County",470313,27.8537909860029,0.0317460317460317,116.943397269478,2.97674102140489,55.9202063306777,3.17460317460317
2021-05-18,51524,24,43074,14,8450,10,47162,14,339352,444,386514,458,1,638,-21,292,44,50594,0,1418,661,"Knox County",470313,29.1295371380336,0.0326050420168067,97.3819562716744,5.10298460812268,62.0863127321592,3.26050420168067
2021-05-17,51500,15,43060,8,8440,7,47148,8,338908,420,386056,428,0,637,-18,313,33,50550,0,1418,660,"Knox County",470313,27.0032935513158,0.0274204468517265,91.0032255115211,3.18936538007667,66.5514242642666,2.74204468517265
2021-05-16,51485,22,43052,13,8433,9,47140,12,338488,272,385628,284,1,637,-10,331,31,50517,1,1418,660,"Knox County",470313,28.2790397033465,0.0282861896838602,60.385317862785,4.67773589077912,70.3786627203586,2.82861896838602
2021-05-15,51463,23,43039,13,8424,10,47128,17,338216,336,385344,353,0,636,-8,341,31,50486,1,1417,659,"Knox County",470313,31.4684050834232,0.0317666126418152,75.0563986111377,4.8903602494509,72.5049063070764,3.17666126418152
2021-05-14,51440,36,43026,25,8414,11,47111,26,337880,498,384991,524,0,636,4,349,32,50455,4,1416,658,"Knox County",470313,35.7208922568587,0.0341827221876942,111.415163944012,7.65447691218401,74.2059011764506,3.41827221876942
2021-05-13,51404,31,43001,17,8403,14,47085,17,337382,376,384467,393,0,636,-17,345,48,50423,0,1412,658,"Knox County",470313,35.0830191808434,0.0334448160535117,83.5613729580088,6.59135511882512,73.3554037417635,3.34448160535117
2021-05-12,51373,34,42984,28,8389,6,47068,26,337006,506,384074,532,0,636,-15,362,49,50375,0,1412,658,"Knox County",470313,39.335506354279,0.0403768506056528,113.116158813386,7.22922819484046,76.9700178391837,4.03768506056528
2021-05-11,51339,36,42956,30,8383,6,47042,31,336500,555,383542,586,0,636,-11,377,47,50326,4,1412,658,"Knox County",470313,41.8869986583403,0.0441935483870968,124.597874181662,7.65447691218401,80.1593832192604,4.41935483870968
2021-05-10,51303,21,42926,14,8377,7,47011,13,335945,277,382956,290,1,636,-26,388,46,50279,1,1408,658,"Knox County",470313,43.162744810371,0.0479405806887238,61.6610640148157,4.46511153210734,82.4982511646499,4.79405806887238
2021-05-09,51282,17,42912,14,8370,3,46998,17,335668,369,382666,386,0,635,-22,414,39,50233,1,1407,657,"Knox County",470313,42.0996230170121,0.047976501305483,82.0730024473064,3.61461409742023,88.0264844901162,4.7976501305483
2021-05-08,51265,20,42898,11,8367,9,46981,14,335299,307,382280,321,0,635,-18,436,38,50194,1,1406,657,"Knox County",470313,41.4617499409967,0.0474934036939314,68.2524191336408,4.25248717343556,92.7042203808953,4.74934036939314
2021-05-07,51245,43,42887,31,8358,12,46967,33,334992,576,381959,609,0,635,3,454,40,50156,0,1405,657,"Knox County",470313,42.9501204516992,0.0484440166827077,129.488234431113,9.14284742288646,96.5314588369873,4.84440166827077
2021-05-06,51202,40,42856,26,8346,14,46934,28,334416,340,381350,368,1,635,-8,451,47,50116,0,1405,657,"Knox County",470313,44.8637396797452,0.0523932729624838,78.2457639912144,8.50497434687113,95.893585760972,5.23932729624838
2021-05-05,51162,51,42830,32,8332,19,46906,38,334076,585,380982,623,0,634,5,459,46,50069,4,1405,656,"Knox County",470313,48.4783537771654,0.0546654099905749,132.464975452518,10.8438422922607,97.5945806303462,5.46654099905749
2021-05-04,51111,50,42798,32,8313,18,46868,34,333491,536,380359,570,0,634,6,454,44,50023,0,1401,656,"Knox County",470313,51.4550947985703,0.0558888538048626,121.195884442914,10.6312179335889,96.5314588369873,5.58888538048626
2021-05-03,51061,24,42766,9,8295,15,46834,7,332955,309,379789,316,1,634,-37,448,60,49979,1,1401,656,"Knox County",470313,52.0929678745856,0.053554650798622,67.1892973402819,5.10298460812268,95.2557126849566,5.3554650798622
2021-05-02,51037,25,42757,18,8280,7,46827,20,332646,288,379473,308,0,633,-17,485,42,49919,2,1400,655,"Knox County",470313,53.7939627439599,0.0558587479935795,65.4883024709077,5.31560896679445,103.122813955812,5.58587479935795
2021-05-01,51012,45,42739,35,8273,10,46807,38,332358,450,379165,488,0,633,7,502,38,49877,2,1398,655,"Knox County",470313,59.1095717107543,0.0603290676416819,103.760687031828,9.56809614023002,106.737428053233,6.03290676416819
2021-04-30,50967,58,42704,30,8263,28,46769,29,331908,567,378677,596,0,633,-9,495,67,49839,3,1396,655,"Knox County",470313,62.298937090831,0.0593453655552157,126.72411776838,12.3322128029631,105.24905754253,5.93453655552157
2021-04-29,50909,54,42674,34,8235,20,46740,35,331341,571,378081,606,0,633,-2,504,56,49772,2,1393,654,"Knox County",470313,65.2756781122359,0.0573139435414885,128.850361355098,11.481715368276,107.162676770576,5.73139435414885
2021-04-28,50855,47,42640,28,8215,19,46705,34,330770,543,377475,577,4,633,-38,506,81,49716,1,1391,654,"Knox County",470313,64.4251806775488,0.0569199653279399,122.684254953616,9.99334485757357,107.58792548792,5.69199653279399
2021-04-27,50808,39,42612,17,8196,22,46671,20,330227,392,376898,412,1,629,-33,544,71,49635,2,1390,652,"Knox County",470313,62.0863127321592,0.0554041780199818,87.6012357727726,8.29234998819935,115.667651117447,5.54041780199818
2021-04-26,50769,69,42595,36,8174,33,46651,40,329835,480,376486,520,1,628,2,577,66,49564,0,1388,651,"Knox County",470313,71.6544088723892,0.0615911035072712,110.564666509325,14.6710807483527,122.684254953616,6.15911035072712
2021-04-25,50700,38,42559,25,8141,13,46611,26,329355,341,375966,367,0,627,-4,575,42,49498,3,1388,649,"Knox County",470313,74.4185255351224,0.0622546270330903,78.0331396325426,8.07972562952757,122.259006236272,6.22546270330903
2021-04-24,50662,35,42534,22,8128,13,46585,28,329014,510,375599,538,0,627,-28,579,63,49456,3,1385,649,"Knox County",470313,72.2922819484046,0.0586283185840708,114.391904965417,7.44185255351224,123.10950367096,5.86283185840708
2021-04-23,50627,43,42512,31,8115,12,46557,36,328504,553,375061,589,0,627,-4,607,47,49393,2,1382,648,"Knox County",470313,69.1029165683279,0.0606816292601829,125.235747257677,9.14284742288646,129.062985713769,6.06816292601829
2021-04-22,50584,79,42481,62,8103,17,46521,65,327951,787,374472,852,1,627,15,611,63,49346,1,1380,647,"Knox County",470313,74.4185255351224,0.064591439688716,181.155953588355,16.7973243350705,129.913483148456,6.4591439688716
2021-04-21,50505,62,42419,34,8086,28,46456,35,327164,479,373620,514,1,626,-2,596,63,49283,1,1379,646,"Knox County",470313,77.607890915199,0.0659282700421941,109.288920357294,13.1827102376502,126.72411776838,6.59282700421941
2021-04-20,50443,38,42385,34,8058,4,46421,39,326685,474,373106,513,1,625,-32,598,69,49220,1,1378,645,"Knox County",470313,77.3952665565272,0.0690983817107629,109.076295998622,8.07972562952757,127.149366485723,6.90983817107629
2021-04-19,50405,65,42351,41,8054,24,46382,39,326211,336,372593,375,0,624,-3,630,68,49151,0,1377,644,"Knox County",470313,76.5447691218401,0.0715048025613661,79.7341345019168,13.8205833136656,133.95334596322,7.15048025613661
2021-04-18,50340,38,42310,27,8030,11,46343,32,325875,364,372218,396,0,624,-12,633,50,49083,1,1377,644,"Knox County",470313,76.5447691218401,0.0725443473656341,84.1992460340241,8.07972562952757,134.591219039236,7.25443473656341
2021-04-17,50302,37,42283,18,8019,19,46311,23,325511,335,371822,358,0,624,-23,645,60,49033,1,1376,643,"Knox County",470313,76.9700178391837,0.0747845426744509,76.1195204044966,7.86710127085579,137.142711343297,7.47845426744509
2021-04-16,50265,346,42265,330,8000,16,46288,369,325176,2088,371464,2457,1,624,279,668,66,48973,4,1375,643,"Knox County",470313,141.395198516732,0.110155535224154,522.418049256559,73.5680281004352,142.033071592748,11.0155535224154
2021-04-15,49919,86,41935,54,7984,32,45919,55,323088,577,369007,632,1,623,12,389,73,48907,0,1371,642,"Knox County",470313,142.883569027435,0.112869399428027,134.378594680564,18.2856948457729,82.7108755233217,11.2869399428027
2021-04-14,49833,85,41881,60,7952,25,45864,62,322511,684,368375,746,0,622,-1,377,86,48834,3,1371,641,"Knox County",470313,147.773929276886,0.113018075588826,158.617771569146,18.0730704871011,80.1593832192604,11.3018075588826
2021-04-13,49748,68,41821,38,7927,30,45802,43,321827,339,367629,382,-5,622,-8,378,81,48748,1,1368,641,"Knox County",470313,154.152660037039,0.116535727646839,81.2225050126193,14.4584563896809,80.3720075779322,11.6535727646839
2021-04-12,49680,63,41783,43,7897,20,45759,50,321488,360,367247,410,1,627,-24,386,86,48667,0,1367,641,"Knox County",470313,153.727411319696,0.11782196617729,87.175987055429,13.395334596322,82.0730024473064,11.782196617729
2021-04-11,49617,26,41740,14,7877,12,45709,14,321128,296,366837,310,2,626,-26,410,50,48581,0,1367,640,"Knox County",470313,151.175919015634,0.116336166194523,65.9135511882512,5.52823332546623,87.175987055429,11.6336166194523
2021-04-10,49591,50,41726,33,7865,17,45695,41,320832,571,366527,612,0,624,6,436,44,48531,1,1367,640,"Knox County",470313,153.940035678367,0.114254820688412,130.126107507128,10.6312179335889,92.7042203808953,11.4254820688412
2021-04-09,49541,82,41693,62,7848,20,45654,71,320261,620,365915,691,5,624,11,430,66,48487,2,1366,639,"Knox County",470313,97.8072049890179,0.0888183980967486,146.923431842199,17.4351974110858,91.4284742288646,8.88183980967486
2021-04-08,49459,49,41631,26,7828,23,45583,26,319641,465,365224,491,-6,619,-23,419,78,48421,0,1364,639,"Knox County",470313,89.9401037181622,0.0842943437671609,104.398560107843,10.4185935749171,89.089606283475,8.42943437671609
2021-04-07,49410,77,41605,54,7805,23,45557,57,319176,768,364733,825,2,625,9,442,66,48343,1,1364,638,"Knox County",470313,88.2391088487879,0.0811609782316582,175.415095904217,16.3720756177269,93.9799665329259,8.11609782316582
2021-04-06,49333,75,41551,41,7782,34,45500,45,318408,421,363908,466,2,623,-4,433,77,48277,0,1363,638,"Knox County",470313,89.7274793594904,0.0798948751642576,99.0829511410486,15.9468269003834,92.0663473048799,7.98948751642576
2021-04-05,49258,44,41510,32,7748,12,45455,35,317987,266,363442,301,0,621,-60,437,104,48200,3,1363,638,"Knox County",470313,85.6876165447266,0.0781926406926407,63.9999319602052,9.35547178155824,92.9168447395671,7.81926406926407
2021-04-04,49214,49,41478,31,7736,18,45420,40,317721,341,363141,381,3,621,-27,497,73,48096,0,1360,636,"Knox County",470313,90.5779767941775,0.0836209185027874,81.0098806539475,10.4185935749171,105.674306259874,8.36209185027874
2021-04-03,49165,81,41447,64,7718,17,45380,71,317380,593,362760,664,0,618,6,524,75,48023,0,1360,635,"Knox County",470313,97.1693319130026,0.0903377847604085,141.182574158061,17.222573052414,111.415163944012,9.03377847604085
2021-04-02,49084,76,41383,45,7701,31,45309,45,316787,529,362096,574,0,618,6,518,70,47948,2,1360,632,"Knox County",470313,95.8935857609719,0.0861696380334954,122.046381877601,16.1594512590551,110.139417791981,8.61696380334954
2021-04-01,49008,75,41338,63,7670,12,45264,67,316258,580,361522,647,1,618,-20,512,94,47878,1,1358,630,"Knox County",470313,101.421819086438,0.0933125972006221,137.56796006064,15.9468269003834,108.86367163995,9.33125972006221
2021-03-31,48933,87,41275,66,7658,21,45197,72,315678,765,360875,837,3,617,-16,532,100,47784,2,1357,630,"Knox County",470313,103.548062673156,0.0968992248062016,177.966588208278,18.4983192044447,113.116158813386,9.68992248062016
2021-03-30,48846,57,41209,33,7637,24,45125,38,314913,460,360038,498,1,614,-25,548,81,47684,2,1355,628,"Knox County",470313,99.7208242170639,0.0943106099436187,105.886930618546,12.1195884442914,116.518148552134,9.43106099436187
2021-03-29,48789,43,41176,21,7613,22,45087,22,314453,399,359540,421,5,613,-58,573,96,47603,0,1353,626,"Knox County",470313,99.5081998583922,0.0882645450024863,89.5148550008186,9.14284742288646,121.833757518929,8.82645450024863
2021-03-28,48746,80,41155,46,7591,34,45065,49,314054,484,359119,533,2,608,13,631,65,47507,5,1353,625,"Knox County",470313,106.099554977217,0.0872065165309056,113.328783172058,17.0099486937423,134.165970321892,8.72065165309056
2021-03-27,48666,42,41109,39,7557,3,45016,42,313570,442,358586,484,0,606,-16,618,58,47442,2,1348,624,"Knox County",470313,97.8072049890179,0.0838758137205809,102.910189597141,8.93022306421468,131.401853659159,8.38758137205809
2021-03-26,48624,79,41070,54,7554,25,44974,60,313128,416,358102,476,0,606,1,634,78,47384,2,1346,622,"Knox County",470313,98.4450780650333,0.0898357289527721,101.209194727766,16.7973243350705,134.803843397907,8.98357289527721
2021-03-25,48545,88,41016,64,7529,24,44914,67,312712,570,357626,637,0,606,6,633,82,47306,4,1344,620,"Knox County",470313,101.209194727766,0.0900669068450849,135.441716473923,18.7109435631165,134.591219039236,9.00669068450849
2021-03-24,48457,123,40952,91,7505,32,44847,95,312142,780,356989,875,1,606,38,627,84,47224,3,1340,619,"Knox County",470313,108.86367163995,0.0950560652395515,186.046313837806,26.1527961166287,133.315472887205,9.50560652395515
2021-03-23,48334,87,40861,57,7473,30,44752,63,311362,530,356114,593,1,605,16,589,70,47140,3,1337,618,"Knox County",470313,115.242402400104,0.0990296093555611,126.086244692364,18.4983192044447,125.235747257677,9.90296093555611
2021-03-22,48247,115,40804,78,7443,37,44689,81,310832,517,355521,598,2,604,31,573,82,47070,1,1334,617,"Knox County",470313,130.551356224472,0.108913250714967,127.149366485723,24.4518012472545,121.833757518929,10.8913250714967
2021-03-21,48132,50,40726,33,7406,17,44608,34,310315,330,354923,364,0,602,4,542,46,46988,1,1333,617,"Knox County",470313,124.172625464318,0.109759125900174,77.3952665565272,10.6312179335889,115.242402400104,10.9759125900174
2021-03-20,48082,59,40693,29,7389,30,44574,33,309985,315,354559,348,0,602,3,538,56,46942,4,1332,616,"Knox County",470313,127.787239561739,0.111282446671807,73.9932768177788,12.5448371616349,114.391904965417,11.1282446671807
2021-03-19,48023,146,40664,102,7359,44,44541,117,309670,955,354211,1072,3,602,51,535,92,46886,3,1328,616,"Knox County",470313,142.033071592748,0.109204368174727,227.933312496146,31.0431563660796,113.754031889401,10.9204368174727
2021-03-18,47877,68,40562,50,7315,18,44424,66,308715,627,353139,693,2,599,-16,484,82,46794,1,1325,615,"Knox County",470313,137.780584419312,0.107638124587277,147.348680559542,14.4584563896809,102.910189597141,10.7638124587277
2021-03-17,47809,46,40512,36,7297,10,44358,41,308088,498,352446,539,1,597,-40,500,85,46712,3,1324,615,"Knox County",470313,121.408508801585,0.103399096743523,114.604529324088,9.7807204989018,106.312179335889,10.3399096743523
2021-03-16,47763,128,40476,84,7287,44,44317,100,307590,698,351907,798,0,596,47,540,81,46627,3,1321,613,"Knox County",470313,130.126107507128,0.106980961015413,169.674238220079,27.2159179099876,114.81715368276,10.6980961015413
2021-03-15,47635,44,40392,28,7243,16,44217,40,306892,290,351109,330,1,596,-65,493,108,46546,1,1318,612,"Knox County",470313,115.029778041432,0.104005791505792,70.1660383616868,9.35547178155824,104.823808825187,10.4005791505792
2021-03-14,47591,60,40364,38,7227,22,44177,46,306602,405,350779,451,0,595,-12,558,72,46438,0,1317,611,"Knox County",470313,117.15602162815,0.104703379815646,95.893585760972,12.7574615203067,118.644392138852,10.4703379815646
2021-03-13,47531,71,40326,34,7205,37,44131,41,306197,623,350328,664,1,595,-10,570,80,46366,1,1317,611,"Knox County",470313,119.707513932211,0.0991862766659336,141.182574158061,15.0963294656962,121.195884442914,9.91862766659336
2021-03-12,47460,63,40292,60,7168,3,44090,67,305574,691,349664,758,0,594,-52,580,115,46286,1,1316,609,"Knox County",470313,102.059692162454,0.0947318686510749,161.169263873208,13.395334596322,123.322128029631,9.47318686510749
2021-03-11,47397,83,40232,56,7165,27,44023,66,304883,627,348906,693,2,594,-22,632,103,46171,0,1315,607,"Knox County",470313,105.24905754253,0.0947318686510749,147.348680559542,17.6478217697576,134.378594680564,9.47318686510749
2021-03-10,47314,95,40176,72,7138,23,43957,82,304256,1001,348213,1083,2,592,26,654,67,46068,1,1315,606,"Knox County",470313,115.667651117447,0.0925266903914591,230.272180441536,20.1993140738189,139.056330571343,9.25266903914591
2021-03-09,47219,80,40104,50,7115,30,43875,55,303255,597,347130,652,0,590,-5,628,85,46001,2,1314,606,"Knox County",470313,105.461681901202,0.085726624919024,138.631081853999,17.0099486937423,133.528097245877,8.5726624919024
2021-03-08,47139,85,40054,57,7085,28,43820,63,302658,411,346478,474,1,590,-30,633,114,45916,0,1312,601,"Knox County",470313,114.179280606745,0.0879581151832461,100.783946010423,18.0730704871011,134.591219039236,8.79581151832461
2021-03-07,47054,64,39997,40,7057,24,43757,42,302247,327,346004,369,0,589,-5,663,69,45802,0,1312,599,"Knox County",470313,115.029778041432,0.0886426592797784,78.4583883498861,13.6079589549938,140.969949799389,8.86426592797784
2021-03-06,46990,125,39957,87,7033,38,43715,95,301920,848,345635,943,0,589,40,668,85,45733,1,1312,599,"Knox County",470313,126.511493409708,0.0945293644408689,200.504770227487,26.5780448339723,142.033071592748,9.45293644408689
2021-03-05,46865,70,39870,44,6995,26,43620,49,301072,520,344692,569,2,589,-19,628,87,45648,2,1311,599,"Knox County",470313,127.99986392041,0.0945013589797198,120.983260084242,14.8837051070245,133.528097245877,9.45013589797198
2021-03-04,46795,112,39826,85,6969,27,43571,100,300552,1094,344123,1194,5,587,-1,647,108,45561,1,1309,597,"Knox County",470313,134.165970321892,0.0919757759273278,253.873484254103,23.8139281712392,137.56796006064,9.19757759273278
2021-03-03,46683,74,39741,33,6942,41,43471,40,299458,497,342929,537,1,582,-49,648,122,45453,4,1308,595,"Knox County",470313,129.700858789785,0.0937104263402279,114.179280606745,15.7342025417116,137.780584419312,9.37104263402279
2021-03-02,46609,133,39708,91,6901,42,43431,99,298961,807,342392,906,-1,581,9,697,125,45331,2,1304,594,"Knox County",470313,140.969949799389,0.0977564102564103,192.637668956631,28.2790397033465,148.199177994229,9.77564102564103
2021-03-01,46476,59,39617,33,6859,26,43332,35,298154,165,341486,200,1,582,-58,688,116,45206,1,1302,589,"Knox County",470313,135.441716473923,0.0974989402289105,42.5248717343556,12.5448371616349,146.285558766183,9.74989402289106
2021-02-28,46417,77,39584,53,6833,24,43297,63,297989,563,341286,626,2,581,-19,746,94,45090,2,1301,589,"Knox County",470313,138.205833136656,0.0966834170854271,133.102848528533,16.3720756177269,158.617771569146,9.66834170854271
2021-02-27,46340,82,39531,47,6809,35,43234,58,297426,670,340660,728,1,579,-33,765,114,44996,3,1299,588,"Knox County",470313,129.062985713769,0.0932773109243697,154.790533113054,17.4351974110858,162.65763438391,9.32773109243698
2021-02-26,46258,107,39484,70,6774,37,43176,80,296756,506,339932,586,5,578,-17,798,119,44882,1,1296,587,"Knox County",470313,136.930086984625,0.0994347917102784,124.597874181662,22.7508063778803,169.674238220079,9.94347917102784
2021-02-25,46151,131,39414,92,6737,39,43096,97,296250,1029,339346,1126,2,573,-7,815,136,44763,5,1295,587,"Knox County",470313,140.969949799389,0.100233595243151,239.415027864422,27.8537909860029,173.288852317499,10.0233595243151
2021-02-24,46020,102,39322,72,6698,30,42999,80,295221,969,338220,1049,2,571,-30,822,130,44627,2,1290,586,"Knox County",470313,146.923431842199,0.0980655046925876,223.042952246695,21.6876845845214,174.777222828202,9.80655046925876
2021-02-23,45918,122,39250,68,6668,54,42919,75,294252,758,337171,833,5,569,-32,852,149,44497,6,1288,585,"Knox County",470313,144.584563896809,0.0947940947940948,177.116090773591,25.9401717579569,181.155953588355,9.47940947940948
2021-02-22,45796,62,39182,33,6614,29,42844,38,293494,306,336338,344,3,564,-110,884,169,44348,3,1282,583,"Knox County",470313,145.222436972824,0.0927815570672714,73.1427793830917,13.1827102376502,187.959933065852,9.27815570672714
2021-02-21,45734,82,39149,41,6585,41,42806,45,293188,499,335994,544,2,561,-31,994,111,44179,3,1279,581,"Knox County",470313,146.285558766183,0.0907869481765835,115.667651117447,17.4351974110858,211.348612519747,9.07869481765835
2021-02-20,45652,137,39108,98,6544,39,42761,115,292689,1007,335450,1122,1,559,8,1025,128,44068,2,1276,578,"Knox County",470313,157.979898493131,0.0945753033547466,238.564530429735,29.1295371380336,217.939967638573,9.45753033547466
2021-02-19,45515,95,39010,43,6505,52,42646,48,291682,274,334328,322,1,558,-83,1017,177,43940,2,1274,577,"Knox County",470313,155.42840618907,0.0932584269662921,68.4650434923126,20.1993140738189,216.238972769198,9.32584269662921
2021-02-18,45420,155,38967,111,6453,44,42598,119,291408,987,334006,1106,4,557,-37,1100,188,43763,6,1272,575,"Knox County",470313,160.531390797193,0.0977443609022556,235.162540690987,32.9567755941256,233.886794538956,9.77443609022556
2021-02-17,45265,114,38856,68,6409,46,42479,76,290421,892,332900,968,1,553,-49,1137,162,43575,4,1266,569,"Knox County",470313,163.082883101254,0.098492078640962,205.820379194281,24.2391768885827,241.753895809812,9.8492078640962
2021-02-16,45151,146,38788,90,6363,56,42403,101,289529,818,331932,919,2,552,-41,1186,185,43413,4,1262,566,"Knox County",470313,168.185867709377,0.101784037558685,195.401785619364,31.0431563660796,252.172489384729,10.1784037558685
2021-02-15,45005,76,38698,36,6307,40,42302,43,288711,312,331013,355,2,550,-140,1227,214,43228,1,1258,566,"Knox County",470313,171.162608730781,0.102511244377811,75.4816473284812,16.1594512590551,260.890088090272,10.2511244377811
2021-02-14,44929,165,38662,135,6267,30,42259,135,288399,706,330658,841,2,548,20,1367,143,43014,5,1257,565,"Knox County",470313,188.810430500539,0.113083614415054,178.817085642965,35.0830191808434,290.657498304321,11.3083614415054
2021-02-13,44764,135,38527,91,6237,44,42124,106,287693,870,329817,976,4,546,-9,1347,140,42871,7,1252,564,"Knox County",470313,188.385181783195,0.114452341899034,207.521374063655,28.7042884206901,286.405011130885,11.4452341899034
2021-02-12,44629,179,38436,114,6193,65,42018,124,286823,995,328841,1119,3,542,13,1356,163,42731,3,1245,560,"Knox County",470313,206.245627911625,0.112030553787397,237.92665735372,38.0597602022483,288.318630358931,11.2030553787397
2021-02-11,44450,162,38322,112,6128,50,41894,118,285828,1133,327722,1251,5,539,-34,1343,191,42568,5,1242,559,"Knox County",470313,207.733998422327,0.109348265671177,265.993072698394,34.4451461048281,285.554513696198,10.9348265671177
2021-02-10,44288,148,38210,106,6078,42,41776,112,284695,1032,326471,1144,7,534,-47,1377,188,42377,6,1237,557,"Knox County",470313,214.963226617168,0.111884935654807,243.242266320514,31.4684050834232,292.783741891039,11.1884935654807
2021-02-09,44140,209,38104,154,6036,55,41664,165,283663,1022,325327,1187,0,527,12,1424,197,42189,6,1231,555,"Knox County",470313,228.35856121349,0.116833988069257,252.385113743401,44.4384909624016,302.777086748612,11.6833988069257
2021-02-08,43931,107,37950,72,5981,35,41499,76,282641,371,324140,447,4,527,-159,1412,262,41992,2,1225,550,"Knox County",470313,234.949916332315,0.120028715003589,95.0430883262848,22.7508063778803,300.225594444551,12.0028715003589
2021-02-07,43824,108,37878,75,5946,33,41423,83,282270,716,323693,799,1,523,-28,1571,135,41730,2,1223,547,"Knox County",470313,222.830327888024,0.11324570273003,169.886862578751,22.963430736552,334.032867473363,11.324570273003
2021-02-06,43716,304,37803,176,5913,128,41340,197,281554,1396,322894,1593,2,522,136,1599,166,41595,6,1221,546,"Knox County",470313,258.763844503554,0.11604774535809,338.710603364143,64.6378050362206,339.986349516173,11.604774535809
2021-02-05,43412,177,37627,131,5785,46,41143,143,280158,727,321301,870,8,520,-4,1463,173,41429,4,1215,542,"Knox County",470313,258.33859578621,0.122616924975998,184.983192044447,37.6345114849047,311.069436736811,12.2616924975998
2021-02-04,43235,199,37496,148,5739,51,41000,161,279431,1581,320431,1742,2,512,0,1467,197,41256,7,1211,539,"Knox County",470313,266.205697057066,0.120406065278849,370.391632806238,42.3122473756839,311.919934171499,12.0406065278849
2021-02-03,43036,230,37348,165,5688,65,40839,172,277850,1634,318689,1806,5,510,-8,1467,233,41059,7,1204,531,"Knox County",470313,283.640894468152,0.118072003789673,383.999591761231,48.903602494509,311.919934171499,11.8072003789673
2021-02-02,42806,91,37183,70,5623,21,40667,77,276216,291,316883,368,7,505,-159,1475,243,40826,1,1197,531,"Knox County",470313,258.551220144882,0.119213114754098,78.2457639912144,19.3488166391318,313.620929040873,11.9213114754098
2021-02-01,42715,153,37113,82,5602,71,40590,97,275925,425,316515,522,4,498,-124,1634,273,40583,2,1196,529,"Knox County",470313,268.331940643784,0.120779220779221,110.989915226668,32.5315268767821,347.428202069686,12.0779220779221
2021-01-31,42562,174,37031,120,5531,54,40493,129,275500,939,315993,1068,7,494,13,1758,154,40310,4,1194,526,"Knox County",470313,282.365148316121,0.122474589032501,227.082815061459,36.9966384088894,373.793622544986,12.2474589032501
2021-01-30,42388,277,36911,233,5477,44,40364,250,274561,1518,314925,1768,7,487,92,1745,178,40156,9,1190,524,"Knox County",470313,276.624290631983,0.12635068762279,375.919866131704,58.8969473520825,371.029505882253,12.635068762279
2021-01-29,42111,101,36678,52,5433,49,40114,62,273043,376,313157,438,4,480,-140,1653,237,39978,1,1181,518,"Knox County",470313,260.464839372928,0.122925311203319,93.1294690982388,21.4750602258496,351.468064884449,12.2925311203319
2021-01-28,42010,157,36626,116,5384,41,40052,129,272667,656,312719,785,9,476,-74,1793,222,39741,5,1180,513,"Knox County",470313,251.534616308714,0.13560325684678,166.910121557346,33.3820243114692,381.235475098498,13.560325684678
2021-01-27,41853,168,36510,123,5343,45,39923,125,272011,894,311934,1019,12,467,-73,1867,229,39519,2,1175,509,"Knox County",470313,238.351906071063,0.145609919571046,216.664221486542,35.7208922568587,396.96967764021,14.5609919571046
2021-01-26,41685,234,36387,173,5298,61,39798,193,271117,1041,310915,1234,3,455,-26,1940,257,39290,7,1173,505,"Knox County",470313,268.757189361128,0.144132279777583,262.378458600974,49.7540999291961,412.49125582325,14.4132279777583
2021-01-25,41451,157,36214,105,5237,52,39605,115,270076,415,309681,530,9,452,-199,1966,347,39033,1,1166,498,"Knox County",470313,269.607686795815,0.146594562993277,112.690910096042,33.3820243114692,418.019489148716,14.6594562993277
2021-01-24,41294,157,36109,104,5185,53,39490,111,269661,791,309151,902,4,443,-98,2165,251,38686,2,1165,494,"Knox County",470313,265.993072698394,0.147543439185141,191.787171521944,33.3820243114692,460.3317365244,14.7543439185141
2021-01-23,41137,309,36005,222,5132,87,39379,232,268870,1492,308249,1724,7,439,63,2263,239,38435,7,1163,488,"Knox County",470313,272.797052175891,0.1458082026538,366.564394350146,65.7009268295794,481.168923674234,14.58082026538
2021-01-22,40828,178,35783,143,5045,35,39147,176,267378,1173,306525,1349,3,432,-150,2200,325,38196,7,1156,484,"Knox County",470313,289.169127793618,0.143311679703036,286.830259848229,37.8471358435765,467.773589077912,14.3311679703036
2021-01-21,40650,268,35640,195,5010,73,38971,203,266205,1080,305176,1283,11,429,-124,2350,381,37871,6,1149,476,"Knox County",470313,312.770431606186,0.143638850889193,272.797052175891,56.9833281240365,499.667242878679,14.3638850889193
2021-01-20,40382,192,35445,131,4937,61,38768,131,265125,736,303893,867,10,418,-154,2474,336,37490,8,1143,470,"Knox County",470313,317.873416214308,0.147166941310686,184.345318968432,40.8238768649814,526.032663353979,14.7166941310686
2021-01-19,40190,310,35314,195,4876,115,38637,219,264389,957,303026,1176,8,408,-84,2628,386,37154,14,1135,460,"Knox County",470313,334.032867473363,0.151577065508875,250.046245798011,65.9135511882512,558.776814589433,15.1577065508875
2021-01-18,39880,129,35119,80,4761,49,38418,87,263432,472,301850,559,7,400,-364,2712,486,36768,4,1121,457,"Knox County",470313,328.079385430554,0.147455470737913,118.857016497524,27.4285422686594,576.637260717862,14.7455470737913
2021-01-17,39751,181,35039,138,4712,43,38331,151,262960,690,301291,841,3,393,-205,3076,383,36282,8,1117,448,"Knox County",470313,333.182370038676,0.153737658674189,178.817085642965,38.4850089195918,654.03252727439,15.3737658674189
2021-01-16,39570,421,34901,340,4669,81,38180,389,262270,1757,300450,2146,1,390,9,3281,411,35899,7,1109,442,"Knox County",470313,356.996298209916,0.164943437538012,456.291873709636,89.5148550008186,697.620520802104,16.4943437538012
2021-01-15,39149,187,34561,149,4588,38,37791,153,260513,755,298304,908,0,389,-94,3272,281,35488,4,1102,434,"Knox County",470313,358.909917437962,0.17133676092545,193.062917673975,39.7607550716225,695.706901574058,17.133676092545
2021-01-14,38962,338,34412,267,4550,71,37638,290,259758,1479,297396,1769,6,389,-91,3366,423,35207,7,1098,424,"Knox County",470313,373.793622544986,0.171788047423179,376.132490490376,71.867033231061,715.693591289205,17.1788047423179
2021-01-13,38624,249,34145,201,4479,48,37348,206,258279,946,295627,1152,12,383,-249,3457,486,34784,6,1091,417,"Knox County",470313,385.913210989277,0.174833352824231,244.943261189888,52.9434653092728,735.042407928337,17.4833352824231
2021-01-12,38375,332,33944,261,4431,71,37142,283,257333,1181,294475,1464,10,371,-176,3706,498,34298,6,1085,415,"Knox County",470313,390.590946880056,0.176377418259984,311.282061095483,70.5912870790304,787.98587323761,17.6377418259984
2021-01-11,38043,244,33683,197,4360,47,36859,228,256152,726,293011,954,4,361,-396,3882,636,33800,5,1079,410,"Knox County",470313,415.042748127311,0.184102230885857,202.843638172876,51.8803435159139,825.407760363843,18.4102230885857
2021-01-10,37799,328,33486,205,4313,123,36631,222,255426,1013,292057,1235,5,357,-5,4278,328,33164,17,1074,404,"Knox County",470313,446.298528852062,0.183942667220607,262.591082959646,69.7407896443432,909.607006397867,18.3942667220607
2021-01-09,37471,475,33281,393,4190,82,36409,426,254413,1384,290822,1810,5,352,101,4283,369,32836,12,1057,398,"Knox County",470313,457.780244220338,0.194575979337064,384.850089195918,100.996570369095,910.670128191226,19.4575979337064
2021-01-08,36996,459,32888,371,4108,88,35983,392,253029,1432,289012,1824,7,347,267,4182,185,32467,6,1045,396,"Knox County",470313,515.614069779062,0.200528996865204,387.826830217323,97.5945806303462,889.195067965376,20.0528996865204
2021-01-07,36537,389,32517,346,4020,43,35591,354,251597,1309,287188,1663,10,340,73,3915,306,32282,10,1039,388,"Knox County",470313,526.457912071323,0.208968521084934,353.594308471167,82.7108755233217,832.424364200011,20.8968521084934
2021-01-06,36148,497,32171,363,3977,134,35237,378,250288,1187,285525,1565,9,330,59,3842,429,31976,15,1029,385,"Knox County",470313,579.188753021924,0.217118402282454,332.757121321333,105.674306259874,816.902786016972,21.7118402282454
2021-01-05,35651,520,31808,328,3843,192,34859,345,249101,1193,283960,1538,14,321,32,3783,474,31547,14,1014,376,"Knox County",470313,619.162132452218,0.221456228161299,327.016263637195,110.564666509325,804.357948855337,22.1456228161299
2021-01-04,35131,322,31480,228,3651,94,34514,249,247908,654,282422,903,6,307,-222,3751,538,31073,6,1000,370,"Knox County",470313,635.746832428617,0.224520781932055,191.999795880616,68.4650434923126,797.55396937784,22.4520781932055
2021-01-03,34809,285,31252,182,3557,103,34265,195,247254,608,281519,803,2,301,-15,3973,298,30535,10,994,362,"Knox County",470313,626.60398500573,0.231446665347318,170.737360013438,60.5979422214568,844.756577002974,23.1446665347318
2021-01-02,34524,422,31070,319,3454,103,34070,345,246646,1095,280716,1440,0,299,105,3988,317,30237,22,984,353,"Knox County",470313,615.334893996126,0.231922760887428,306.179076487361,89.7274793594904,847.945942383051,23.1922760887428
2021-01-01,34102,419,30751,349,3351,70,33725,374,245551,1297,279276,1671,2,299,2,3883,415,29920,7,962,349,"Knox County",470313,606.829919649255,0.233747260774288,355.295303340541,89.089606283475,825.620384722515,23.3747260774288
2020-12-31,33683,448,30402,311,3281,137,33351,322,244254,929,277605,1251,12,297,0,3881,436,29505,8,955,343,"Knox County",470313,619.37475681089,0.240758913967942,265.993072698394,95.2557126849566,825.195136005171,24.0758913967942
2020-12-30,33235,363,30091,248,3144,115,33029,271,243325,931,276354,1202,6,285,-146,3881,503,29069,9,947,340,"Knox County",470313,590.883092748871,0.238533151680291,255.574479123477,77.1826421978555,825.195136005171,23.8533151680291
2020-12-29,32872,590,29843,398,3029,192,32758,420,242394,1081,275152,1501,7,279,111,4027,472,28566,14,938,336,"Knox County",470313,605.766797855896,0.248090297571543,319.149162366339,125.448371616349,856.238292371251,24.8090297571543
2020-12-28,32282,252,29445,174,2837,78,32338,185,241313,565,273651,750,4,272,-331,3916,579,28094,4,924,328,"Knox County",470313,590.883092748871,0.245068461359944,159.468269003834,53.5813383852881,832.636988558683,24.5068461359944
2020-12-27,32030,230,29271,156,2759,74,32153,172,240748,489,272901,661,3,268,-74,4247,301,27515,8,920,323,"Knox County",470313,579.188753021924,0.246460594620104,140.544701082045,48.903602494509,903.015651279042,24.6460594620104
2020-12-26,31800,358,29115,288,2685,70,31981,328,240259,1064,272240,1392,0,265,59,4321,299,27214,10,912,316,"Knox County",470313,565.58079406693,0.245847176079734,295.973107271115,76.1195204044966,918.749853820754,24.5847176079734
2020-12-25,31442,353,28827,287,2615,66,31653,308,239195,1070,270848,1378,1,265,-101,4262,453,26915,5,902,310,"Knox County",470313,551.547586394592,0.246588813767671,292.99636624971,75.0563986111377,906.205016659119,24.6588813767671
2020-12-24,31089,351,28540,277,2549,74,31345,311,238125,1273,269470,1584,5,264,-111,4363,457,26462,8,897,303,"Knox County",470313,530.92302360343,0.235592820028342,336.796984136097,74.6311498937941,927.680076884968,23.5592820028342
2020-12-23,30738,472,28263,351,2475,121,31034,371,236852,1411,267886,1782,6,259,-14,4474,480,26005,9,889,296,"Knox County",470313,554.099078698654,0.231542882404951,378.896607153109,100.358697293079,951.281380697535,23.1542882404951
2020-12-22,30266,530,27912,392,2354,138,30663,432,235441,1470,266104,1902,7,253,-26,4488,549,25525,15,880,289,"Knox County",470313,541.341617178347,0.222986559424278,404.411530193722,112.690910096042,954.25812171894,22.2986559424278
2020-12-21,29736,442,27520,361,2216,81,30231,391,233971,1423,264202,1814,2,246,-136,4514,576,24976,5,865,283,"Knox County",470313,581.740245325985,0.22001331684581,385.700586630606,93.9799665329259,959.786355044406,22.001331684581
2020-12-20,29294,514,27159,431,2135,83,29840,478,232548,2245,262388,2723,2,244,235,4650,277,24400,7,860,280,"Knox County",470313,642.12556318877,0.208270377733598,578.976128663252,109.288920357294,988.703267823768,20.8270377733598
2020-12-19,28780,525,26728,441,2052,84,29362,489,230303,1445,259665,1934,6,242,252,4415,267,24123,14,853,274,"Knox County",470313,677.633831086957,0.211938705496684,411.215509671219,111.627788302684,938.736543535901,21.1938705496684
2020-12-18,28255,480,26287,420,1968,60,28873,430,228858,1358,257731,1788,4,236,98,4163,378,23856,11,839,267,"Knox County",470313,704.637124638273,0.214533895172618,380.172353305139,102.059692162454,885.155205150612,21.4533895172618
2020-12-17,27775,733,25867,635,1908,98,28443,663,227500,1898,255943,2561,11,232,288,4065,434,23478,11,828,261,"Knox County",470313,785.859629650892,0.224351902923331,544.530982558424,155.853654906413,864.318018000778,22.4351902923332
2020-12-16,27042,564,25232,452,1810,112,27780,472,225602,1729,253382,2201,8,221,99,3777,457,23044,11,817,257,"Knox County",470313,805.421070648696,0.224820746498693,467.986213436584,119.920138290883,803.082202703306,22.4820746498693
2020-12-15,26478,765,24780,675,1698,90,27308,716,223873,2415,251181,3131,2,213,324,3678,439,22587,15,806,253,"Knox County",470313,855.387794936564,0.225297176820208,665.726867001337,162.65763438391,782.0323911948,22.5297176820208
2020-12-14,25713,472,24105,411,1608,61,26592,461,221458,1624,248050,2085,6,211,-11,3354,477,22148,7,791,245,"Knox County",470313,861.766525696717,0.225841807221579,443.321787830657,100.358697293079,713.142098985144,22.5841807221579
2020-12-13,25241,628,23694,572,1547,56,26131,754,219834,2935,245965,3689,2,205,400,3365,226,21671,10,784,237,"Knox County",470313,886.0057025853,0.229167864742078,784.37125914019,133.528097245877,715.480966930533,22.9167864742078
2020-12-12,24613,464,23122,392,1491,72,25377,454,216899,2171,242276,2625,3,203,182,2965,279,21445,19,774,231,"Knox County",470313,873.035616706321,0.218473451327434,558.138941513418,98.6577024237051,630.431223461822,21.8473451327434
2020-12-11,24149,557,22730,523,1419,34,24923,429,214728,1407,239651,1836,6,200,281,2783,270,21166,10,755,227,"Knox County",470313,889.407692324048,0.217839805825243,390.378322521385,118.43176778018,591.733590183559,21.7839805825243
2020-12-10,23592,473,22207,415,1385,58,24494,538,213321,1910,237815,2448,8,194,325,2502,140,20896,9,745,225,"Knox County",470313,834.125359069386,0.212267554815432,520.504430028513,100.571321651751,531.986145396789,21.2267554815432
2020-12-09,23119,407,21792,337,1327,70,23956,359,211411,924,235367,1283,2,186,77,2177,328,20756,13,736,215,"Knox County",470313,800.743334757917,0.217055623793648,272.797052175891,86.5381139794137,462.883228828461,21.7055623793648
2020-12-08,22712,491,21455,446,1257,45,23597,538,210487,2077,234084,2615,9,184,126,2100,356,20428,9,723,212,"Knox County",470313,742.484260481849,0.213075206561727,556.0126979267,104.398560107843,446.511153210734,21.3075206561727
2020-12-07,22221,323,21009,271,1212,52,23059,317,208410,1135,231469,1452,3,175,-128,1974,448,20072,6,714,210,"Knox County",470313,710.803231039754,0.212503135189365,308.730568791422,68.6776678509843,419.72048401809,21.2503135189365
2020-12-06,21898,332,20738,291,1160,41,22742,187,207275,668,230017,855,6,172,103,2102,223,19624,6,708,207,"Knox County",470313,647.866420872908,0.215189873417722,181.79382666437,70.5912870790304,446.936401928078,21.5189873417722
2020-12-05,21566,289,20447,263,1119,26,22555,213,206607,714,229162,927,2,166,55,1999,232,19401,8,702,203,"Knox County",470313,610.657158105347,0.226086194814296,197.102780488738,61.4484396561439,425.036092984885,22.6086194814296
2020-12-04,21277,354,20184,322,1093,32,22342,297,205893,1091,228235,1388,5,164,17,1944,332,19169,11,694,201,"Knox County",470313,567.494413294976,0.223285922684172,295.122609836428,75.2690229698095,413.341753257937,22.3285922684172
2020-12-03,20923,441,19862,424,1061,17,22045,448,204802,1215,226847,1663,2,159,180,1927,259,18837,10,683,196,"Knox County",470313,560.690433817479,0.231660610821958,353.594308471167,93.7673421742542,409.727139160517,23.1660610821958
2020-12-02,20482,192,19438,170,1044,22,21597,185,203587,575,225184,760,2,157,-144,1747,334,18578,7,673,194,"Knox County",470313,514.976196703047,0.226190476190476,161.594512590551,40.8238768649814,371.454754599596,22.6190476190476
2020-12-01,20290,403,19268,380,1022,23,21412,409,203012,1832,224424,2241,5,155,89,1891,309,18244,7,666,189,"Knox County",470313,496.26525313993,0.221408572043937,476.491187783455,85.6876165447266,402.072662248333,22.1408572043937
2020-11-30,19887,385,18888,371,999,14,21003,436,201180,1815,222183,2251,1,150,24,1802,360,17935,3,659,186,"Knox County",470313,509.44796337758,0.215666831928607,478.617431370173,81.8603780886346,383.149094326544,21.5666831928607
2020-11-29,19502,226,18517,218,985,8,20567,261,199365,1465,219932,1726,0,149,41,1778,185,17575,5,656,183,"Knox County",470313,486.909781358372,0.205275648046732,366.989643067489,48.0531050598219,378.046109718422,20.5275648046732
2020-11-28,19276,271,18299,257,977,14,20306,299,197900,1967,218206,2266,0,149,72,1737,199,17390,8,651,177,"Knox County",470313,483.08254290228,0.189914599430663,481.806796750249,57.6212012000519,369.328511012879,18.9914599430663
2020-11-27,19005,235,18042,215,963,20,20007,249,195933,1247,215940,1496,3,149,-6,1665,238,17191,12,643,173,"Knox County",470313,457.780244220338,0.184390873175845,318.08604057298,49.9667242878679,354.019557188511,18.4390873175845
2020-11-26,18770,344,17827,341,943,3,19758,441,194686,1429,214444,1870,4,146,48,1671,292,16953,5,631,170,"Knox County",470313,437.155681429176,0.18080888183981,397.607550716225,73.1427793830917,355.295303340541,18.080888183981
2020-11-25,18426,219,17486,193,940,26,19317,123,193257,325,212574,448,0,142,-58,1623,277,16661,3,626,164,"Knox County",470313,442.896539113314,0.180354529191738,95.2557126849566,46.5647345491194,345.089334124296,18.0354529191738
2020-11-24,18207,153,17293,130,914,23,19194,116,192932,673,212126,789,2,142,-111,1681,262,16384,6,623,162,"Knox County",470313,389.740449445369,0.177484787018256,167.760618992033,32.5315268767821,357.421546927259,17.7484787018256
2020-11-23,18054,167,17163,147,891,20,19078,100,192259,391,211337,491,3,140,-97,1792,261,16122,7,617,160,"Knox County",470313,343.388339254922,0.174884437596302,104.398560107843,35.508267898187,381.022850739826,17.4884437596302
2020-11-22,17887,220,17016,212,871,8,18978,258,191868,1804,210846,2062,2,137,86,1889,132,15861,5,610,153,"Knox County",470313,342.112593102891,0.168329441732116,438.431427581207,46.7773589077912,401.647413530989,16.8329441732116
2020-11-21,17667,173,16804,169,863,4,18720,198,190064,1465,208784,1663,0,135,2,1803,171,15729,4,605,151,"Knox County",470313,321.275405953057,0.168386438371697,353.594308471167,36.7840140502176,383.361718685216,16.8386438371697
2020-11-20,17494,178,16635,169,859,9,18522,163,188599,791,207121,954,7,135,-17,1801,188,15558,5,601,149,"Knox County",470313,309.155817508765,0.169022592726833,202.843638172876,37.8471358435765,382.936469967872,16.9022592726833
2020-11-19,17316,166,16466,148,850,18,18359,128,187808,663,206167,791,2,128,-28,1818,192,15370,4,596,145,"Knox County",470313,271.308681665189,0.15087524312309,168.185867709377,35.2956435395152,386.551084065293,15.087524312309
2020-11-18,17150,168,16318,163,832,5,18231,179,187145,874,205376,1053,0,126,-9,1846,177,15178,7,592,140,"Knox County",470313,260.464839372928,0.146353966423171,223.893449681382,35.7208922568587,392.504566108102,14.6353966423171
2020-11-17,16982,248,16155,240,827,8,18052,260,186271,1033,204323,1293,9,126,86,1855,153,15001,7,585,138,"Knox County",470313,280.664153446747,0.154809197062718,274.923295762609,52.730840950601,394.418185336148,15.4809197062718
2020-11-16,16734,272,15915,261,819,11,17792,286,185238,1409,203030,1695,2,117,79,1769,191,14848,6,578,137,"Knox County",470313,302.989711107284,0.154768163179476,360.398287948664,57.8338255587237,376.132490490376,15.4768163179476
2020-11-15,16462,274,15654,247,808,27,17506,295,183829,2278,201335,2573,2,115,162,1690,110,14657,3,572,135,"Knox County",470313,314.47142647556,0.150568748752744,547.082474862485,58.2590742760672,359.335166155305,15.0568748752744
2020-11-14,16188,306,15407,293,781,13,17211,321,181551,1699,198762,2020,0,113,188,1528,118,14547,7,569,131,"Knox County",470313,342.750466178906,0.157240581944311,429.501204516992,65.0630537535641,324.890020050477,15.7240581944311
2020-11-13,15882,219,15114,200,768,19,16890,190,179852,965,196742,1155,4,113,73,1340,142,14429,6,562,128,"Knox County",470313,351.468064884449,0.156805293005671,245.581134265904,46.5647345491194,284.916640620183,15.6805293005671
2020-11-12,15663,143,14914,130,749,13,16700,136,178887,955,195587,1091,1,109,-3,1267,145,14287,3,556,127,"Knox County",470313,346.577704634998,0.153216911764706,231.97317531091,30.4052832900643,269.395062437143,15.3216911764706
2020-11-11,15520,191,14784,177,736,14,16564,191,177932,1229,194496,1420,3,108,23,1270,165,14142,7,553,125,"Knox County",470313,351.468064884449,0.149284253578732,301.926589313925,40.6112525063096,270.032935513158,14.9284253578732
2020-11-10,15329,168,14607,163,722,5,16373,186,176703,1131,193076,1317,2,105,24,1247,142,13977,4,546,123,"Knox County",470313,334.458116190707,0.142400851743412,280.026280370732,35.7208922568587,265.142575263707,14.2400851743412
2020-11-09,15161,135,14444,121,717,14,16187,131,175572,490,191759,621,1,103,-15,1223,149,13835,2,542,121,"Knox County",470313,305.328579052673,0.142198685888006,132.039726735174,28.7042884206901,260.039590655585,14.2198685888006
2020-11-08,15026,215,14323,203,703,12,16056,252,175082,2625,191138,2877,1,102,94,1238,120,13686,3,540,119,"Knox County",470313,292.783741891039,0.133987239310542,611.720279898706,45.7142371144323,263.228956035661,13.3987239310542
2020-11-07,14811,169,14120,161,691,8,15804,187,172457,1918,188261,2105,1,101,59,1144,109,13566,5,537,114,"Knox County",470313,263.654204753005,0.120253164556962,447.574275004093,35.9335166155305,243.242266320514,12.0253164556962
2020-11-06,14642,155,13959,138,683,17,15617,160,170539,1236,186156,1396,0,100,24,1085,131,13457,5,532,114,"Knox County",470313,250.046245798011,0.114805578645978,296.823604705802,32.9567755941256,230.697429158879,11.4805578645978
2020-11-05,14487,158,13821,142,666,16,15457,151,169303,613,184760,764,1,100,34,1061,123,13326,6,527,111,"Knox County",470313,253.235611178088,0.119809523809524,162.445010025239,33.5946486701409,225.594444550757,11.9809523809524
2020-11-04,14329,145,13679,133,650,12,15306,148,168690,934,183996,1082,-1,99,20,1027,126,13203,5,521,110,"Knox County",470313,243.454890679186,0.119563078134226,230.059556082864,30.8305320074078,218.365216355916,11.9563078134226
2020-11-03,14184,196,13546,183,638,13,15158,195,167756,836,182914,1031,3,100,44,1007,149,13077,5,516,108,"Knox County",470313,249.408372721996,0.123936816524909,219.215713790603,41.6743742996685,214.112729182481,12.3936816524909
2020-11-02,13988,116,13363,110,625,6,14963,115,166920,807,181883,922,1,97,-36,963,151,12928,2,511,107,"Knox County",470313,245.368509907232,0.118699027218237,196.039658695379,24.6644256059263,204.757257400922,11.8699027218237
2020-11-01,13872,124,13253,116,619,8,14848,131,166113,1273,180961,1404,0,96,15,999,109,12777,3,509,105,"Knox County",470313,226.0196932681,0.124885110294118,298.524599575177,26.3654204753005,212.411734313106,12.4885110294118
2020-10-31,13748,5,13137,5,611,0,14717,7,164840,4,179557,11,0,96,-99,984,104,12668,0,506,103,"Knox County",470313,191.149298445929,0.137216338880484,2.33886794538956,1.06312179335889,209.22236893303,13.7216338880484
2020-10-30,13743,156,13132,146,611,10,14710,148,164836,853,179546,1001,1,96,27,1083,128,12564,4,506,102,"Knox County",470313,191.3619228046,0.144006436041834,212.83698303045,33.1693999527974,230.272180441536,14.4006436041834
2020-10-29,13587,152,12986,138,601,14,14562,136,163983,1569,178545,1705,0,95,49,1056,103,12436,4,502,102,"Knox County",470313,190.08617665257,0.122973728339855,362.524531535382,32.3189025181103,224.531322757398,12.2973728339855
2020-10-28,13435,103,12848,96,587,7,14426,102,162414,1055,176840,1157,3,95,-47,1007,147,12333,8,498,101,"Knox County",470313,181.155953588355,0.115336744571982,246.006382983247,21.9003089431931,214.112729182481,11.5336744571982
2020-10-27,13332,119,12752,113,580,6,14324,127,161359,799,175683,926,1,92,-6,1054,124,12186,3,490,100,"Knox County",470313,164.783877970628,0.107493685096829,196.890156130067,25.3022986819416,224.106074040054,10.7493685096829
2020-10-26,13213,81,12639,74,574,7,14197,73,160560,372,174757,445,2,91,-72,1060,151,12062,1,487,98,"Knox County",470313,157.342025417116,0.108888554669875,94.6178396089413,17.222573052414,225.381820192085,10.8888554669875
2020-10-25,13132,132,12565,121,567,11,14124,151,160188,1365,174312,1516,0,89,53,1132,79,11911,3,486,98,"Knox County",470313,159.04302028649,0.110042893063156,322.338527746416,28.0664153446747,240.690774016453,11.0042893063156
2020-10-24,13000,172,12444,167,556,5,13973,202,158823,1789,172796,1991,0,89,56,1079,116,11832,5,483,97,"Knox County",470313,194.551288184677,0.107424779773481,423.33509811551,36.5713896915458,229.421683006849,10.7424779773481
2020-10-23,12828,159,12277,148,551,11,13771,172,157034,1239,170805,1411,1,89,40,1023,118,11716,5,478,96,"Knox County",470313,195.189161260692,0.105234400611955,300.012970085879,33.8072730288127,217.514718921229,10.5234400611955
2020-10-22,12669,182,12129,168,540,14,13599,169,155795,1607,169394,1776,1,88,59,983,122,11598,5,473,96,"Knox County",470313,201.567892020846,0.108002602472349,377.620861001078,38.6976332782636,209.009744574358,10.8002602472349
2020-10-21,12487,72,11961,68,526,4,13430,74,154188,682,167618,756,0,87,-32,924,104,11476,1,468,96,"Knox County",470313,194.976536902021,0.109738124929146,160.744015155864,15.308953824368,196.464907412723,10.9738124929146
2020-10-20,12415,127,11893,121,522,6,13356,150,153506,739,166862,889,0,87,13,956,114,11372,7,467,95,"Knox County",470313,196.677531771395,0.112818761384335,189.023054859211,27.0032935513158,203.26888689022,11.2818761384335
2020-10-19,12288,112,11772,107,516,5,13206,117,152767,939,165973,1056,1,87,-9,943,120,11258,6,460,94,"Knox County",470313,203.26888689022,0.110164981373071,224.531322757398,23.8139281712392,200.504770227487,11.0164981373071
2020-10-18,12176,140,11665,135,511,5,13089,168,151828,1431,164917,1599,0,86,51,952,89,11138,7,454,94,"Knox County",470313,204.969881759594,0.11099388056552,339.986349516173,29.7674102140489,202.418389455533,11.099388056552
2020-10-17,12036,128,11530,125,506,3,12921,154,150397,1458,163318,1612,1,86,42,901,85,11049,3,447,93,"Knox County",470313,195.614409978036,0.110341795801736,342.750466178906,27.2159179099876,191.574547163272,11.0341795801736
2020-10-16,11908,72,11405,71,503,1,12767,61,148939,390,161706,451,1,85,-26,859,97,10964,3,444,92,"Knox County",470313,177.116090773591,0.109718638653397,95.893585760972,15.308953824368,182.644324099057,10.9718638653397
2020-10-15,11836,74,11334,62,502,12,12706,66,148549,941,161255,1007,1,84,-56,885,129,10867,3,441,90,"Knox County",470313,154.152660037039,0.10719131614654,214.112729182481,15.7342025417116,188.172557424524,10.719131614654
2020-10-14,11762,149,11272,143,490,6,12640,150,147608,1086,160248,1236,0,83,58,941,91,10738,5,438,88,"Knox County",470313,170.524735654766,0.11031847133758,262.803707318318,31.6810294420949,200.079521510143,11.031847133758
2020-10-13,11613,71,11129,68,484,3,12490,63,146522,581,159012,644,1,83,-36,883,106,10647,6,433,88,"Knox County",470313,158.617771569146,0.102432610124918,136.930086984625,15.0963294656962,187.74730870718,10.2432610124918
2020-10-12,11542,79,11061,66,481,13,12427,87,145941,806,158368,893,0,82,-42,919,121,10541,5,427,87,"Knox County",470313,151.601167732978,0.100644987906477,189.873552293898,16.7973243350705,195.401785619364,10.0644987906477
2020-10-11,11463,170,10995,163,468,7,12340,179,145135,1612,157475,1791,0,82,94,961,76,10420,8,422,85,"Knox County",470313,157.979898493131,0.0995546240503013,380.810226381155,36.1461409742023,204.332008683579,9.95546240503013
2020-10-10,11293,130,10832,122,461,8,12161,132,143523,1393,155684,1525,0,82,46,867,84,10344,3,414,85,"Knox County",470313,158.405147210475,0.0977872002120048,324.252146974462,27.6411666273312,184.345318968432,9.77872002120048
2020-10-09,11163,120,10710,118,453,2,12029,134,142130,1336,154159,1470,0,82,34,821,86,10260,3,411,85,"Knox County",470313,168.61111642672,0.0946766285314032,312.557807247514,25.5149230406134,174.56459846953,9.46766285314032
2020-10-08,11043,110,10592,102,451,8,11895,103,140794,943,152689,1046,1,82,32,787,77,10174,4,408,85,"Knox County",470313,176.265593338904,0.0985473561882626,222.40507917068,23.3886794538956,167.335370274689,9.85473561882626
2020-10-07,10933,104,10490,88,443,16,11792,95,139851,1650,151643,1745,0,81,11,755,93,10097,5,404,85,"Knox County",470313,166.697497198674,0.087008997147246,371.029505882253,22.1129333018649,160.531390797193,8.7008997147246
2020-10-06,10829,115,10402,102,427,13,11697,114,138201,1393,149898,1507,0,81,3,744,112,10004,4,399,84,"Knox County",470313,176.052968980232,0.0845945675052621,320.42490851837,24.4518012472545,158.192522851803,8.45945675052621
2020-10-05,10714,118,10300,109,414,9,11583,123,136808,1238,148391,1361,0,81,11,741,107,9892,5,395,84,"Knox County",470313,184.345318968432,0.0842508377213978,289.38175215229,25.0896743232698,157.554649775788,8.42508377213978
2020-10-04,10596,96,10191,89,405,7,11460,99,135570,1827,147030,1926,1,81,31,730,64,9785,2,390,82,"Knox County",470313,168.61111642672,0.0756143667296786,409.514514801845,20.4119384324907,155.215781830398,7.56143667296786
2020-10-03,10500,77,10102,76,398,1,11361,92,133743,1864,145104,1956,0,80,6,699,71,9721,2,388,82,"Knox County",470313,157.342025417116,0.0690218872037054,415.893245561998,16.3720756177269,148.624426711573,6.90218872037054
2020-10-02,10423,82,10026,79,397,3,11269,82,131879,602,143148,684,0,80,-17,693,99,9650,1,386,82,"Knox County",470313,149.262299787588,0.0692420537897311,145.435061331496,17.4351974110858,147.348680559542,6.92420537897311
2020-10-01,10341,71,9947,68,394,3,11187,73,131277,683,142464,756,0,80,2,710,69,9551,1,385,82,"Knox County",470313,140.969949799389,0.0682435832913941,160.744015155864,15.0963294656962,150.963294656962,6.82435832913941
2020-09-30,10270,75,9879,72,391,3,11114,70,130594,675,141708,745,1,80,-32,708,106,9482,2,384,82,"Knox County",470313,134.803843397907,0.0730833799664242,158.405147210475,15.9468269003834,150.538045939619,7.30833799664242
2020-09-29,10195,80,9807,75,388,5,11044,87,129919,1140,140963,1227,-1,79,-16,740,97,9376,2,382,82,"Knox County",470313,127.361990844395,0.0723281340265742,260.890088090272,17.0099486937423,157.342025417116,7.23281340265742
2020-09-28,10115,57,9732,51,383,6,10957,49,128779,431,139736,480,1,80,-70,756,126,9279,3,380,81,"Knox County",470313,114.391904965417,0.0710059171597633,102.059692162454,12.1195884442914,160.744015155864,7.10059171597633
2020-09-27,10058,72,9681,67,377,5,10908,79,128348,978,139256,1057,0,79,-18,826,90,9153,3,377,79,"Knox County",470313,109.288920357294,0.0770456191165822,224.74394711607,15.308953824368,175.627720262889,7.70456191165822
2020-09-26,9986,127,9614,122,372,5,10829,136,127370,2087,138199,2223,4,79,9,844,114,9063,5,374,79,"Knox County",470313,119.920138290883,0.0803123257110987,472.663949327363,27.0032935513158,179.454958718981,8.03123257110987
2020-09-25,9859,102,9492,100,367,2,10693,103,125283,1439,135976,1542,0,75,-3,835,105,8949,1,369,79,"Knox County",470313,124.172625464318,0.074346201743462,327.866761071882,21.6876845845214,177.541339490935,7.4346201743462
2020-09-24,9757,92,9392,89,365,3,10590,105,123844,1717,134434,1822,0,75,-52,838,144,8844,3,368,76,"Knox County",470313,128.637736996426,0.0691512752858399,387.40158149998,19.5614409978036,178.17921256695,6.91512752858399
2020-09-23,9665,53,9303,52,362,1,10485,49,122127,432,132612,481,2,75,-123,890,174,8700,2,365,76,"Knox County",470313,123.960001105647,0.0688405797101449,102.272316521125,11.2690910096042,189.235679217883,6.88405797101449
2020-09-22,9612,82,9251,75,361,7,10436,88,121695,1140,132131,1228,1,73,-53,1013,134,8526,3,363,76,"Knox County",470313,124.38524982299,0.0689459979621873,261.102712448944,17.4351974110858,215.388475334511,6.89459979621873
2020-09-21,9530,34,9176,30,354,4,10348,32,120555,379,130903,411,0,72,-103,1066,137,8392,2,360,76,"Knox County",470313,119.494889573539,0.0675490643541762,87.3886114141008,7.22922819484046,226.657566344116,6.75490643541762
2020-09-20,9496,97,9146,78,350,19,10316,88,120176,707,130492,795,0,72,-17,1169,114,8255,1,358,76,"Knox County",470313,124.810498540334,0.0706892495883322,169.036365144064,20.6245627911625,248.557875287309,7.06892495883322
2020-09-19,9399,132,9068,129,331,3,10228,136,119469,1466,129697,1602,1,72,31,1186,100,8141,5,357,74,"Knox County",470313,125.873620333693,0.0762593579494988,340.624222592189,28.0664153446747,252.172489384729,7.62593579494988
2020-09-18,9267,118,8939,114,328,4,10092,129,118003,1606,128095,1735,3,71,-16,1155,131,8041,3,352,74,"Knox County",470313,129.275610072441,0.0776566757493188,368.903262295535,25.0896743232698,245.581134265904,7.76566757493188
2020-09-17,9149,126,8825,119,324,7,9963,124,116397,1516,126360,1640,0,68,-15,1171,141,7910,6,349,74,"Knox County",470313,136.504838267282,0.0818550430816016,348.703948221716,26.790669192644,248.983124004652,8.18550430816016
2020-09-16,9023,99,8706,77,317,22,9839,117,114881,768,124720,885,1,68,-90,1186,188,7769,3,343,72,"Knox County",470313,146.285558766183,0.0860655737704918,188.172557424524,21.049811508506,252.172489384729,8.60655737704918
2020-09-15,8924,132,8629,126,295,6,9722,136,114113,1338,123835,1474,0,67,-65,1276,197,7581,3,340,71,"Knox County",470313,156.916776699772,0.089206274877078,313.408304682201,28.0664153446747,271.308681665189,8.9206274877078
2020-09-14,8792,127,8503,124,289,3,9586,136,112775,902,122361,1038,0,67,-68,1341,195,7384,5,337,71,"Knox County",470313,176.690842056248,0.0944486857890719,220.704084301306,27.0032935513158,285.129264978855,9.44486857890719
2020-09-13,8665,143,8379,136,286,7,9450,148,111873,1008,121323,1156,0,67,-8,1409,151,7189,0,332,71,"Knox County",470313,186.471562555149,0.0971668415529906,245.793758624576,30.4052832900643,299.587721368535,9.71668415529906
2020-09-12,8522,130,8243,123,279,7,9302,141,110865,1177,120167,1318,1,67,29,1417,100,7038,1,332,71,"Knox County",470313,186.046313837806,0.100692191217824,280.238904729404,27.6411666273312,301.28871623791,10.0692191217824
2020-09-11,8392,104,8120,95,272,9,9161,106,109688,773,118849,879,0,66,-17,1388,121,6938,5,331,69,"Knox County",470313,183.069572816401,0.108224076281287,186.896811272493,22.1129333018649,295.122609836428,10.8224076281287
2020-09-10,8288,192,8025,189,263,3,9055,192,108915,1501,117970,1693,0,66,89,1405,103,6817,5,326,67,"Knox County",470313,197.102780488738,0.115598720833827,359.97303923132,40.8238768649814,298.737223933848,11.5598720833827
2020-09-09,8096,91,7836,82,260,9,8863,93,107414,1710,116277,1803,0,66,-23,1316,114,6714,2,321,67,"Knox County",470313,195.401785619364,0.101698536481145,383.361718685216,19.3488166391318,279.81365601206,10.1698536481145
2020-09-08,8005,126,7754,124,251,2,8770,133,105704,702,114474,835,1,66,30,1339,95,6600,8,319,67,"Knox County",470313,194.126039467333,0.108805319880761,177.541339490935,26.790669192644,284.704016261511,10.8805319880761
2020-09-07,7879,95,7630,92,249,3,8637,98,105002,347,113639,445,1,65,11,1309,83,6505,0,311,67,"Knox County",470313,187.322059989837,0.112067905031369,94.6178396089413,20.1993140738189,278.325285501358,11.2067905031369
2020-09-06,7784,96,7538,92,246,4,8539,94,104655,476,113194,570,0,64,23,1298,73,6422,1,311,67,"Knox County",470313,177.328715132263,0.113615272438022,121.195884442914,20.4119384324907,275.986417555968,11.3615272438022
2020-09-05,7688,284,7446,282,242,2,8445,295,104179,1506,112624,1801,0,64,215,1275,69,6349,4,310,64,"Knox County",470313,210.072866367717,0.125965611761774,382.936469967872,60.385317862785,271.096057306517,12.5965611761774
2020-09-04,7404,93,7164,89,240,4,8150,97,102673,565,110823,662,1,64,16,1060,76,6280,0,306,64,"Knox County",470313,207.733998422327,0.12831348444103,140.757325440717,19.7740653564754,225.381820192085,12.831348444103
2020-09-03,7311,190,7075,184,236,6,8053,198,102108,1798,110161,1996,2,63,107,1044,81,6204,6,306,64,"Knox County",470313,207.308749704984,0.124260355029586,424.398219908869,40.3986281476379,221.979830453336,12.4260355029586
2020-09-02,7121,124,6891,120,230,4,7855,121,100310,1461,108165,1582,2,61,40,937,82,6123,5,300,63,"Knox County",470313,214.325353541152,0.131288810036751,336.371735418753,26.3654204753005,199.229024075456,13.1288810036751
2020-09-01,6997,153,6771,146,226,7,7734,158,98849,660,106583,818,2,59,64,897,87,6041,4,295,62,"Knox County",470313,220.06621122529,0.134747269494539,173.926725393515,32.5315268767821,190.724049728585,13.4747269494539
2020-08-31,6844,99,6625,93,219,6,7576,94,98189,431,105765,525,0,57,18,833,81,5954,3,291,59,"Knox County",470313,220.916708659978,0.132889112396279,111.627788302684,21.049811508506,177.116090773591,13.2889112396279
2020-08-30,6745,72,6532,71,213,1,7482,76,97758,423,105240,499,1,57,5,815,66,5873,1,288,59,"Knox County",470313,215.813724051855,0.131802613218318,106.099554977217,15.308953824368,173.288852317499,13.1802613218318
2020-08-29,6673,118,6461,113,212,5,7406,125,97335,1391,104741,1516,5,56,37,810,76,5807,3,287,57,"Knox County",470313,180.51808051234,0.114372203211371,322.338527746416,25.0896743232698,172.22573052414,11.4372203211371
2020-08-28,6555,89,6348,85,207,4,7281,91,95944,309,103225,400,0,51,-7,773,96,5731,3,284,57,"Knox County",470313,179.667583077653,0.117639040348964,85.0497434687113,18.9235679217883,164.358629253285,11.7639040348964
2020-08-27,6466,116,6263,112,203,4,7190,134,95635,1987,102825,2121,0,51,24,780,92,5635,2,281,57,"Knox County",470313,163.933380535941,0.107090202385739,450.976264742841,24.6644256059263,165.846999763987,10.7090202385739
2020-08-26,6350,77,6151,76,199,1,7056,86,93648,794,100704,880,0,51,-15,756,92,5543,3,279,56,"Knox County",470313,153.940035678367,0.113034472555112,187.109435631165,16.3720756177269,160.744015155864,11.3034472555112
2020-08-25,6273,87,6075,82,198,5,6970,96,92854,896,99824,992,2,51,-6,771,91,5451,3,276,55,"Knox County",470313,139.90682800603,0.101254868022501,210.923363802404,18.4983192044447,163.933380535941,10.1254868022501
2020-08-24,6186,32,5993,28,193,4,6874,29,91958,261,98832,290,0,49,-66,777,98,5360,1,273,55,"Knox County",470313,125.660995975021,0.0951030158256196,61.6610640148157,6.8039794774969,165.209126687972,9.51030158256196
2020-08-23,6154,76,5965,75,189,1,6845,74,91697,566,98542,640,0,49,13,843,63,5262,3,272,55,"Knox County",470313,126.511493409708,0.0928498318467612,136.079589549938,16.1594512590551,179.242334360309,9.28498318467612
2020-08-22,6078,137,5890,136,188,1,6771,154,91131,1892,97902,2046,0,49,70,830,67,5199,4,269,55,"Knox County",470313,130.551356224472,0.0901072058623965,435.029437842458,29.1295371380336,176.478217697576,9.01072058623965
2020-08-21,5941,30,5754,30,187,0,6617,41,89239,262,95856,303,1,49,-62,760,91,5132,1,265,55,"Knox County",470313,118.006519062837,0.0844334433443344,64.4251806775488,6.37873076015334,161.594512590551,8.44334433443344
2020-08-20,5911,119,5724,117,187,2,6576,130,88977,2068,95553,2198,3,48,24,822,92,5041,3,264,55,"Knox County",470313,118.644392138852,0.0830044904068581,467.348340360568,25.3022986819416,174.777222828202,8.30044904068581
2020-08-19,5792,46,5607,41,185,5,6446,48,86909,608,93355,656,2,45,-50,798,94,4949,4,261,55,"Knox County",470313,112.053037020027,0.080280701754386,139.481579288686,9.7807204989018,169.674238220079,8.0280701754386
2020-08-18,5746,134,5566,132,180,2,6398,152,86301,1164,92699,1316,0,43,3,848,131,4855,4,257,55,"Knox County",470313,122.046381877601,0.0843066183380319,279.81365601206,28.4916640620183,180.305456153668,8.43066183380319
2020-08-17,5612,50,5434,42,178,8,6246,50,85137,289,91383,339,1,43,-70,845,119,4724,0,253,54,"Knox County",470313,125.873620333693,0.0865564150440117,72.0796575897328,10.6312179335889,179.667583077653,8.65564150440117
2020-08-16,5562,83,5392,78,170,5,6196,82,84848,587,91044,669,0,42,11,915,72,4605,1,253,53,"Knox County",470313,127.361990844395,0.0872857712235951,142.24569595142,17.6478217697576,194.551288184677,8.72857712235951
2020-08-15,5479,119,5314,116,165,3,6114,132,84261,1223,90375,1355,1,42,42,904,76,4533,2,252,52,"Knox County",470313,123.534752388303,0.0928905792861322,288.106006000259,25.3022986819416,192.212420239287,9.28905792861323
2020-08-14,5360,91,5198,83,162,8,5982,96,83038,1024,89020,1120,0,41,5,862,86,4457,2,250,52,"Knox County",470313,136.504838267282,0.0901607212857703,238.139281712392,19.3488166391318,183.282197175073,9.01607212857703
2020-08-13,5269,127,5115,126,154,1,5886,229,82014,1778,87900,2007,1,41,13,857,113,4371,4,248,51,"Knox County",470313,138.205833136656,0.105735727686947,426.737087854259,27.0032935513158,182.219075381714,10.5735727686947
2020-08-12,5142,79,4989,72,153,7,5657,88,80236,892,85893,980,0,40,-40,844,119,4258,1,244,50,"Knox County",470313,145.222436972824,0.106473156948369,208.371871498343,16.7973243350705,179.454958718981,10.6473156948369
2020-08-11,5063,111,4917,108,146,3,5569,117,79344,1121,84913,1238,0,40,2,884,109,4139,5,243,50,"Knox County",470313,140.332076723374,0.103009859885833,263.228956035661,23.6013038125674,187.959933065852,10.3009859885833
2020-08-10,4952,37,4809,35,143,2,5452,35,78223,365,83675,400,1,40,-94,882,130,4030,0,238,48,"Knox County",470313,137.56796006064,0.100270305058566,85.0497434687113,7.86710127085579,187.534684348508,10.0270305058566
2020-08-09,4915,85,4774,81,141,4,5417,109,77858,826,83275,935,1,39,25,976,59,3900,4,238,48,"Knox County",470313,137.993208777984,0.10031113876789,198.803775358113,18.0730704871011,207.521374063655,10.031113876789
2020-08-08,4830,157,4693,156,137,1,5308,176,77032,2284,82340,2460,1,38,96,951,60,3841,4,234,47,"Knox County",470313,146.072934407512,0.0929978118161926,523.055922332574,33.3820243114692,202.205765096861,9.29978118161926
2020-08-07,4673,50,4537,46,136,4,5132,44,74748,403,79880,447,0,37,-34,855,84,3781,0,230,45,"Knox County",470313,137.355335701969,0.0942482579426007,95.0430883262848,10.6312179335889,181.79382666437,9.42482579426007
2020-08-06,4623,113,4491,105,132,8,5088,121,74345,1463,79433,1584,-1,37,41,889,73,3697,5,230,43,"Knox County",470313,134.378594680564,0.0857782197911487,336.796984136097,24.0265525299109,189.023054859211,8.57782197911487
2020-08-05,4510,99,4386,99,124,0,4967,100,72882,1107,77849,1207,1,38,-1,848,99,3624,3,225,42,"Knox County",470313,138.631081853999,0.0848748639825898,256.637600916836,21.049811508506,180.305456153668,8.48748639825898
2020-08-04,4411,112,4287,111,124,1,4867,106,71775,1082,76642,1188,1,37,-31,849,142,3525,9,222,41,"Knox County",470313,138.843706212671,0.0840530349105948,252.597738102072,23.8139281712392,180.51808051234,8.40530349105948
2020-08-03,4299,50,4176,50,123,0,4761,81,70693,593,75454,674,2,36,-59,880,107,3383,1,213,41,"Knox County",470313,141.607822875404,0.0867569158328429,143.308817744778,10.6312179335889,187.109435631165,8.67569158328429
2020-08-02,4249,97,4126,91,123,6,4680,95,70100,692,74780,787,3,34,28,939,66,3276,2,212,40,"Knox County",470313,144.159315179466,0.0866179465676291,167.335370274689,20.6245627911625,199.6542727928,8.66179465676291
2020-08-01,4152,118,4035,110,117,8,4585,118,69408,1417,73993,1535,1,31,29,911,88,3210,1,210,40,"Knox County",470313,135.866965191266,0.0895984909727836,326.37839056118,25.0896743232698,193.70079074999,8.95984909727836
2020-07-31,4034,117,3925,114,109,3,4467,116,67991,1060,72458,1176,2,30,9,882,106,3122,1,209,39,"Knox County",470313,150.112797222275,0.0904183535762483,250.046245798011,24.877049964598,187.534684348508,9.04183535762483
2020-07-30,3917,189,3811,186,106,3,4351,227,66931,2420,71282,2647,1,28,78,873,110,3016,7,208,36,"Knox County",470313,166.272248481331,0.0914912090297374,562.816677404197,40.1860037889661,185.621065120462,9.14912090297373
2020-07-29,3728,75,3625,71,103,4,4124,60,64511,438,68635,498,0,27,-40,795,115,2906,3,201,34,"Knox County",470313,161.169263873208,0.0944150499706055,105.886930618546,15.9468269003834,169.036365144064,9.44150499706055
2020-07-28,3653,154,3554,152,99,2,4064,186,64073,1211,68137,1397,1,27,46,835,107,2791,3,198,30,"Knox County",470313,170.099486937423,0.101331191186596,297.036229064474,32.7441512354538,177.541339490935,10.1331191186596
2020-07-27,3499,83,3402,76,97,7,3878,85,62862,677,66740,762,3,26,-36,789,116,2684,2,195,30,"Knox County",470313,177.116090773591,0.100772551692797,162.019761307895,17.6478217697576,167.760618992033,10.0772551692797
2020-07-26,3416,118,3326,113,90,5,3793,132,62185,1473,65978,1605,0,23,49,825,69,2568,2,193,29,"Knox County",470313,181.581202305699,0.0960498960498961,341.262095668204,25.0896743232698,175.415095904217,9.6049896049896
2020-07-25,3298,175,3213,172,85,3,3661,197,60712,1949,64373,2146,2,23,95,776,78,2499,3,191,28,"Knox County",470313,193.70079074999,0.0980353826605415,456.291873709636,37.2092627675612,164.9965023293,9.80353826605415
2020-07-24,3123,106,3041,99,82,7,3464,113,58763,916,62227,1029,0,21,-15,681,121,2421,4,188,25,"Knox County",470313,191.3619228046,0.0991669972233241,218.79046507326,22.5381820192085,144.797188255481,9.91669972233241
2020-07-23,3017,205,2942,197,75,8,3351,254,57847,2389,61198,2643,0,21,89,696,116,2300,4,184,25,"Knox County",470313,194.763912543349,0.101884920634921,561.96617996951,43.5879935277145,147.986553635558,10.1884920634921
2020-07-22,2812,69,2745,61,67,8,3097,63,55458,437,58555,500,3,21,-68,607,134,2184,3,180,24,"Knox County",470313,193.488166391318,0.102162269390994,106.312179335889,14.6710807483527,129.062985713769,10.2162269390994
2020-07-21,2743,232,2684,228,59,4,3034,280,55021,1691,58055,1971,0,18,120,675,112,2050,12,177,24,"Knox County",470313,210.072866367717,0.10548048048048,419.082610942075,49.3288512118525,143.52144210345,10.548048048048
2020-07-20,2511,74,2456,70,55,4,2754,57,53330,364,56084,421,0,18,-59,555,133,1938,4,165,23,"Knox County",470313,208.159247139671,0.106253029568589,89.5148550008186,15.7342025417116,118.006519062837,10.6253029568589
2020-07-19,2437,84,2386,74,51,10,2697,74,52966,577,55663,651,0,18,-16,614,100,1805,0,161,22,"Knox County",470313,200.93001894483,0.110885589146459,138.418457495328,17.8604461284294,130.551356224472,11.0885589146459
2020-07-18,2353,112,2312,109,41,3,2623,146,52389,2258,55012,2404,1,18,36,630,75,1705,8,161,20,"Knox County",470313,187.534684348508,0.102609418858509,511.148958246955,23.8139281712392,133.95334596322,10.2609418858509
2020-07-17,2241,74,2203,74,38,0,2477,80,50131,347,52608,427,0,17,3,594,71,1630,6,153,19,"Knox County",470313,180.730704871011,0.105800155262282,90.7906011528493,15.7342025417116,126.298869051036,10.5800155262282
2020-07-16,2167,187,2129,185,38,2,2397,228,49784,2035,52181,2263,2,17,97,591,88,1559,3,147,17,"Knox County",470313,176.903466414919,0.107444714599977,481.168923674234,39.7607550716225,125.660995975021,10.7444714599977
2020-07-15,1980,78,1944,78,36,0,2169,80,47749,511,49918,591,3,15,-14,494,89,1471,4,144,17,"Knox County",470313,178.817085642965,0.10827222731439,125.660995975021,16.5846999763987,105.036433183858,10.827222731439
2020-07-14,1902,95,1866,95,36,0,2089,127,47238,777,49327,904,2,12,12,508,81,1382,1,140,16,"Knox County",470313,149.687548504932,0.103380759691946,192.212420239287,20.1993140738189,108.013174205263,10.3380759691946
2020-07-13,1807,94,1771,92,36,2,1962,59,46461,655,48423,714,1,10,20,496,73,1301,2,139,15,"Knox County",470313,153.940035678367,0.099823987930601,151.81379209165,19.9866897151471,105.461681901202,9.9823987930601
2020-07-12,1713,69,1679,67,34,2,1903,87,45806,916,47709,1003,0,9,27,476,42,1228,4,137,12,"Knox County",470313,150.750670298291,0.097158680471948,213.262231747793,14.6710807483527,101.209194727766,9.7158680471948
2020-07-11,1644,28,1612,27,32,1,1816,36,44890,883,46706,919,0,9,-16,449,44,1186,2,133,11,"Knox County",470313,132.890224169861,0.10218443043542,195.401785619364,5.95348204280979,95.4683370436284,10.218443043542
2020-07-10,1616,78,1585,74,31,4,1780,68,44007,418,45787,486,0,9,29,465,49,1142,6,131,10,"Knox County",470313,133.740721604548,0.0995639534883721,103.335438314484,16.5846999763987,98.8703267823768,9.95639534883721
2020-07-09,1538,70,1511,66,27,4,1712,88,43589,1652,45301,1740,0,9,23,436,47,1093,8,125,10,"Knox County",470313,108.86367163995,0.0857322636463741,369.966384088894,14.8837051070245,92.7042203808953,8.57322636463741
2020-07-08,1468,70,1445,65,23,5,1624,63,41937,594,43561,657,1,9,15,413,54,1046,5,117,10,"Knox County",470313,107.162676770576,0.0822045773003269,139.694203647358,14.8837051070245,87.8138601314444,8.2204577300327
2020-07-07,1398,79,1380,79,18,0,1561,104,41343,1305,42904,1409,0,8,38,398,41,992,7,112,10,"Knox County",470313,103.760687031828,0.0728926096997691,299.587721368535,16.7973243350705,84.6244947513677,7.28926096997691
2020-07-06,1319,35,1301,35,18,0,1457,34,40038,658,41495,692,1,8,-19,360,53,951,6,105,9,"Knox County",470313,91.2158498701928,0.0695047784535187,147.13605620087,7.44185255351224,76.5447691218401,6.95047784535187
2020-07-05,1284,77,1266,77,18,0,1423,109,39380,1080,40803,1189,2,7,34,379,41,898,6,99,9,"Knox County",470313,92.9168447395671,0.0707839819514946,252.810362460744,16.3720756177269,80.5846319366039,7.07839819514946
2020-07-04,1207,41,1189,40,18,1,1314,50,38300,1141,39614,1191,0,5,4,345,37,857,1,93,8,"Knox County",470313,95.6809614023002,0.0700706137968495,253.235611178088,8.7175987055429,73.3554037417635,7.00706137968495
2020-07-03,1166,62,1149,61,17,1,1264,49,37159,910,38423,959,0,5,27,341,35,820,4,92,6,"Knox County",470313,92.2789716635517,0.0634171238994513,203.906759966235,13.1827102376502,72.5049063070764,6.34171238994513
2020-07-02,1104,68,1088,68,16,0,1215,102,36249,1228,37464,1330,0,5,33,314,35,785,2,88,6,"Knox County",470313,91.8537229462082,0.0688030160226202,282.790397033465,14.4584563896809,66.7640486229383,6.88030160226202
2020-07-01,1036,49,1020,49,16,0,1113,34,35021,737,36134,771,0,5,25,281,24,750,4,86,6,"Knox County",470313,87.3886114141008,0.0639172523537992,163.933380535941,10.4185935749171,59.7474447867697,6.39172523537992
2020-06-30,987,40,971,39,16,1,1079,73,34284,1514,35363,1587,0,5,18,256,22,726,3,82,5,"Knox County",470313,79.0962614259015,0.0584272574167638,337.434857212112,8.50497434687113,54.4318358199752,5.84272574167638
2020-06-29,947,51,932,51,15,0,1006,79,32770,1333,33776,1412,0,5,20,238,31,704,3,79,5,"Knox County",470313,82.4982511646499,0.0587747363431686,300.225594444551,10.8438422922607,50.6045973638832,5.87747363431686
2020-06-28,896,10,881,10,15,0,927,30,31437,684,32364,714,0,5,-5,218,15,673,1,76,5,"Knox County",470313,68.2524191336408,0.0523606228026118,151.81379209165,2.12624358671778,46.3521101904476,5.23606228026117
2020-06-27,886,29,871,29,15,0,897,16,30753,111,31650,127,0,5,18,223,11,658,3,75,5,"Knox County",470313,65.7009268295794,0.0555072463768116,27.0032935513158,6.16610640148157,47.4152319838065,5.55072463768116
2020-06-26,857,37,842,37,15,0,881,14,30642,319,31523,333,0,5,17,205,20,647,8,72,5,"Knox County",470313,60.385317862785,0.0554670066942939,70.8039114377021,7.86710127085579,43.5879935277145,5.54670066942939
2020-06-25,820,32,805,32,15,0,867,52,30323,702,31190,754,0,5,13,188,19,627,1,64,5,"Knox County",470313,52.730840950601,0.0522990522990523,160.318766438521,6.8039794774969,39.9733794302943,5.22990522990523
2020-06-24,788,35,773,34,15,1,815,32,29621,272,30436,304,0,5,22,175,13,608,1,63,5,"Knox County",470313,49.7540999291961,0.0565857388644619,64.6378050362206,7.44185255351224,37.2092627675612,5.65857388644619
2020-06-23,753,27,739,24,14,3,783,25,29349,216,30132,241,0,5,18,153,9,595,4,62,5,"Knox County",470313,46.989983266463,0.0638352638352638,51.2424704398985,5.74085768413801,32.5315268767821,6.38352638352638
2020-06-22,726,36,715,36,11,0,758,31,29133,572,29891,603,0,5,20,135,16,586,0,58,5,"Knox County",470313,43.8006178863863,0.0650195058517555,128.212488279082,7.65447691218401,28.7042884206901,6.50195058517555
2020-06-21,690,31,679,31,11,0,727,37,28561,815,29288,852,0,5,16,115,15,570,1,58,5,"Knox County",470313,48.2657294184936,0.0644057249533292,181.155953588355,6.59135511882512,24.4518012472545,6.44057249533292
2020-06-20,659,17,648,17,11,0,690,9,27746,437,28436,446,0,5,11,99,6,555,2,57,5,"Knox County",470313,45.7142371144323,0.0566091140673648,94.8304639676131,3.61461409742023,21.049811508506,5.66091140673648
2020-06-19,642,30,631,28,11,2,681,10,27309,334,27990,344,0,5,8,88,22,549,1,55,5,"Knox County",470313,44.2258666037299,0.0553047404063205,73.1427793830917,6.37873076015334,18.7109435631165,5.53047404063205
2020-06-18,612,15,603,15,9,0,671,18,26975,804,27646,822,0,5,2,80,13,527,0,54,5,"Knox County",470313,40.6112525063096,0.0448504983388704,174.777222828202,3.18936538007667,17.0099486937423,4.48504983388704
2020-06-17,597,17,588,17,9,0,653,13,26171,282,26824,295,0,5,-3,78,20,514,0,54,5,"Knox County",470313,36.7840140502176,0.0396891479322787,62.7241858081746,3.61461409742023,16.5846999763987,3.96891479322787
2020-06-16,580,9,571,8,9,1,640,9,25889,178,26529,187,0,5,-2,81,11,494,0,54,5,"Knox County",470313,32.9567755941256,0.0357847280924204,39.7607550716225,1.913619228046,17.222573052414,3.57847280924204
2020-06-15,571,8,563,8,8,0,631,9,25711,218,26342,227,0,5,-5,83,13,483,0,54,5,"Knox County",470313,27.0032935513158,0.0330917113142137,48.2657294184936,1.70099486937423,17.6478217697576,3.30917113142137
2020-06-14,563,8,555,8,8,0,622,9,25493,624,26115,633,0,5,4,88,4,470,0,54,5,"Knox County",470313,22.1129333018649,0.0260663507109005,134.591219039236,1.70099486937423,18.7109435631165,2.60663507109005
2020-06-13,555,10,547,8,8,2,613,9,24869,213,25482,222,0,5,0,84,10,466,3,54,5,"Knox County",470313,20.6245627911625,0.0282051282051282,47.2026076251348,2.12624358671778,17.8604461284294,2.82051282051282
2020-06-12,545,19,539,19,6,0,604,19,24656,750,25260,769,0,5,1,84,18,456,0,51,5,"Knox County",470313,18.2856948457729,0.0272583201267829,163.508131818597,4.03986281476378,17.8604461284294,2.72583201267829
2020-06-11,526,7,520,7,6,0,585,10,23906,379,24491,389,0,5,1,83,6,438,2,51,5,"Knox County",470313,16.5846999763987,0.0286554004408523,82.7108755233217,1.48837051070245,17.6478217697576,2.86554004408523
2020-06-10,519,12,513,12,6,0,575,12,23527,706,24102,718,0,5,-6,82,18,432,0,49,5,"Knox County",470313,15.5215781830398,0.024483306836248,152.664289526337,2.55149230406134,17.4351974110858,2.4483306836248
2020-06-09,507,16,501,16,6,0,563,19,22821,508,23384,527,0,5,5,88,11,414,1,49,5,"Knox County",470313,17.0099486937423,0.0249641319942611,112.053037020027,3.40198973874845,18.7109435631165,2.49641319942611
2020-06-08,491,8,485,8,6,0,544,8,22313,336,22857,344,0,5,4,83,4,403,1,48,5,"Knox County",470313,17.0099486937423,0.0238756246529706,73.1427793830917,1.70099486937423,17.6478217697576,2.38756246529706
2020-06-07,483,7,477,7,6,0,536,8,21977,849,22513,857,0,5,0,79,7,399,1,47,5,"Knox County",470313,16.7973243350705,0.0222164140094093,182.219075381714,1.48837051070245,16.7973243350705,2.22164140094093
2020-06-06,476,11,470,11,6,0,528,12,21128,478,21656,490,0,5,5,79,6,392,0,46,5,"Knox County",470313,17.0099486937423,0.021494870542257,104.185935749171,2.33886794538956,16.7973243350705,2.1494870542257
2020-06-05,465,18,459,18,6,0,516,17,20650,518,21166,535,0,5,7,74,11,386,1,46,5,"Knox County",470313,16.7973243350705,0.022279792746114,113.754031889401,3.82723845609201,15.7342025417116,2.2279792746114
2020-06-04,447,4,441,4,6,0,499,4,20132,338,20631,342,0,5,-1,67,5,375,0,45,5,"Knox County",470313,16.1594512590551,0.02098085496984,72.7175306657481,0.850497434687113,14.2458320310091,2.098085496984
2020-06-03,443,4,437,4,6,0,495,4,19794,399,20289,403,0,5,-3,68,7,370,0,45,5,"Knox County",470313,14.4584563896809,0.0205831903945112,85.6876165447266,0.850497434687113,14.4584563896809,2.05831903945112
2020-06-02,439,26,433,25,6,1,491,24,19395,939,19886,963,0,5,21,71,5,363,2,45,5,"Knox County",470313,16.5846999763987,0.0195729537366548,204.757257400922,5.52823332546623,15.0963294656962,1.95729537366548
2020-06-01,413,17,408,17,5,0,467,20,18456,972,18923,992,0,5,4,50,13,358,0,43,5,"Knox County",470313,18.4983192044447,0.0194238323876037,210.923363802404,3.61461409742023,10.6312179335889,1.94238323876037
2020-05-31,396,7,391,7,5,0,447,7,17484,317,17931,324,0,5,3,46,4,345,0,43,5,"Knox County",470313,18.4983192044447,0.0217337614225735,68.8902922096561,1.48837051070245,9.7807204989018,2.17337614225735
2020-05-30,389,6,384,6,5,0,440,6,17167,294,17607,300,0,5,-1,43,7,341,2,43,5,"Knox County",470313,17.4351974110858,0.0212490282456595,63.7873076015334,1.27574615203067,9.14284742288646,2.12490282456595
2020-05-29,383,8,378,8,5,0,434,7,16873,205,17307,212,0,5,0,44,8,334,0,41,5,"Knox County",470313,15.308953824368,0.0203619909502262,45.076364038417,1.70099486937423,9.35547178155824,2.03619909502262
2020-05-28,375,11,370,11,5,0,427,11,16668,336,17095,347,0,5,7,44,4,326,0,41,5,"Knox County",470313,16.7973243350705,0.022310081897769,73.780652459107,2.33886794538956,9.35547178155824,2.2310081897769
2020-05-27,364,5,359,5,5,0,416,6,16332,420,16748,426,0,5,0,37,5,322,1,41,5,"Knox County",470313,17.0099486937423,0.0227272727272727,90.5779767941775,1.06312179335889,7.86710127085579,2.27272727272727
2020-05-26,359,9,354,9,5,0,410,10,15912,1142,16322,1152,0,5,7,37,2,317,0,40,5,"Knox County",470313,13.395334596322,0.0178523847588596,244.943261189888,1.913619228046,7.86710127085579,1.78523847588596
2020-05-25,350,9,345,9,5,0,400,11,14770,381,15170,392,0,5,5,30,4,315,1,40,5,"Knox County",470313,11.6943397269478,0.018395179194418,83.348748599337,1.913619228046,6.37873076015334,1.8395179194418
2020-05-24,341,2,336,2,5,0,389,3,14389,273,14778,276,0,5,1,25,1,311,0,39,5,"Knox County",470313,10.6312179335889,0.0173913043478261,58.6843229934108,0.425248717343556,5.31560896679445,1.73913043478261
2020-05-23,339,7,334,7,5,0,386,10,14116,360,14502,370,0,5,4,24,3,310,2,39,5,"Knox County",470313,10.8438422922607,0.0182677165354331,78.6710127085579,1.48837051070245,5.10298460812268,1.82677165354331
2020-05-22,332,1,327,1,5,0,376,1,13756,253,14132,254,0,5,-14,20,15,307,0,37,5,"Knox County",470313,9.35547178155824,0.0161641280696301,54.0065871026317,0.212624358671778,4.25248717343556,1.61641280696301
2020-05-21,331,0,326,0,5,0,375,0,13503,250,13878,250,0,5,-1,34,1,292,0,37,5,"Knox County",470313,7.01660383616868,0.0131410256410256,53.1560896679445,0,7.22922819484046,1.31410256410256
2020-05-20,331,7,326,7,5,0,375,7,13253,360,13628,367,0,5,4,35,3,291,0,37,5,"Knox County",470313,7.44185255351224,0.0137210062071219,78.0331396325426,1.48837051070245,7.44185255351224,1.37210062071219
2020-05-19,324,7,319,7,5,0,368,7,12893,369,13261,376,0,5,4,31,3,288,2,37,5,"Knox County",470313,7.01660383616868,0.0170678336980306,79.9467588605886,1.48837051070245,6.59135511882512,1.70678336980306
2020-05-18,317,3,312,3,5,0,361,4,12524,478,12885,482,0,5,0,27,3,285,0,35,5,"Knox County",470313,5.74085768413801,0.0134736842105263,102.484940879797,0.637873076015334,5.74085768413801,1.34736842105263
2020-05-17,314,3,309,3,5,0,357,5,12046,216,12403,221,0,5,1,27,2,282,1,35,5,"Knox County",470313,5.95348204280979,0.0146551724137931,46.989983266463,0.637873076015334,5.74085768413801,1.46551724137931
2020-05-16,311,0,306,0,5,0,352,0,11830,349,12182,349,0,5,-4,26,4,280,0,34,5,"Knox County",470313,4.46511153210734,0.0104393214441061,74.2059011764506,0,5.52823332546623,1.04393214441061
2020-05-15,311,1,306,1,5,0,352,4,11481,541,11833,545,0,5,-4,30,5,276,0,34,5,"Knox County",470313,4.46511153210734,0.0104247104247104,115.880275476119,0.212624358671778,6.37873076015334,1.04247104247104
2020-05-14,310,3,305,3,5,0,348,7,10940,458,11288,465,0,5,0,34,3,271,0,34,5,"Knox County",470313,5.10298460812268,0.0121212121212121,98.8703267823768,0.637873076015334,7.22922819484046,1.21212121212121
2020-05-13,307,7,302,7,5,0,341,5,10482,341,10823,346,0,5,1,34,6,268,0,34,5,"Knox County",470313,5.10298460812268,0.0114942528735632,73.5680281004352,1.48837051070245,7.22922819484046,1.14942528735632
2020-05-12,300,6,295,6,5,0,336,8,10141,401,10477,409,0,5,3,33,3,262,0,34,5,"Knox County",470313,4.8903602494509,0.0117145899893504,86.9633626967573,1.27574615203067,7.01660383616868,1.17145899893504
2020-05-11,294,16,289,16,5,0,328,12,9740,254,10068,266,0,5,9,30,7,259,1,34,5,"Knox County",470313,7.65447691218401,0.015763168012303,56.558079406693,3.40198973874845,6.37873076015334,1.5763168012303
2020-05-10,278,5,273,5,5,0,316,5,9486,221,9802,226,0,5,1,21,4,252,1,33,5,"Knox County",470313,8.07972562952757,0.0157329240214889,48.0531050598219,1.06312179335889,4.46511153210734,1.57329240214889
2020-05-09,273,2,268,2,5,0,311,4,9265,352,9576,356,0,5,-1,20,3,248,0,32,5,"Knox County",470313,8.50497434687113,0.0172215843857635,75.694271687153,0.425248717343556,4.25248717343556,1.72215843857635
2020-05-08,271,3,266,3,5,0,307,4,8913,265,9220,269,0,5,-2,21,5,245,0,32,5,"Knox County",470313,8.93022306421468,0.0192554557124519,57.1959524827083,0.637873076015334,4.46511153210734,1.92554557124519
2020-05-07,268,3,263,3,5,0,303,3,8648,220,8951,223,0,5,-2,23,5,240,0,32,5,"Knox County",470313,8.93022306421468,0.0195704057279236,47.4152319838065,0.637873076015334,4.8903602494509,1.95704057279236
2020-05-06,265,1,260,1,5,0,300,1,8428,185,8728,186,0,5,-7,25,8,235,0,32,5,"Knox County",470313,7.65447691218401,0.0191214470284238,39.5481307129507,0.212624358671778,5.31560896679445,1.91214470284238
2020-05-05,264,4,259,4,5,0,299,5,8243,305,8542,310,0,5,-1,32,5,227,0,32,5,"Knox County",470313,7.22922819484046,0.0185185185185185,65.9135511882512,0.850497434687113,6.8039794774969,1.85185185185185
2020-05-04,260,4,255,4,5,0,294,7,7938,259,8232,266,0,5,-3,33,7,222,0,32,5,"Knox County",470313,4.67773589077912,0.0157952069716776,56.558079406693,0.850497434687113,7.01660383616868,1.57952069716776
2020-05-03,256,7,251,5,5,2,287,6,7679,290,7966,296,0,5,6,36,1,215,2,32,5,"Knox County",470313,5.10298460812268,0.0157397691500525,62.9368101668463,1.48837051070245,7.65447691218401,1.57397691500525
2020-05-02,249,3,246,3,3,0,281,5,7389,308,7670,313,0,5,1,30,2,214,1,30,5,"Knox County",470313,5.31560896679445,0.0166398282340311,66.5514242642666,0.637873076015334,6.37873076015334,1.66398282340311
2020-05-01,246,9,243,8,3,1,276,7,7081,354,7357,361,0,5,4,29,5,212,0,29,5,"Knox County",470313,6.59135511882512,0.0173913043478261,76.7573934805119,1.913619228046,6.16610640148157,1.73913043478261
2020-04-30,237,4,235,4,2,0,269,3,6727,119,6996,122,0,5,-1,25,5,207,0,29,5,"Knox County",470313,6.8039794774969,0.0183387270765912,25.9401717579569,0.850497434687113,5.31560896679445,1.83387270765912
2020-04-29,233,8,231,8,2,0,266,10,6608,671,6874,681,0,5,5,26,3,202,0,29,5,"Knox County",470313,8.29234998819935,0.0183056619838229,144.797188255481,1.70099486937423,5.52823332546623,1.83056619838229
2020-04-28,225,8,223,8,2,0,256,10,5937,391,6193,401,1,5,4,21,3,199,0,29,5,"Knox County",470313,9.14284742288646,0.019672131147541,85.262367827383,1.70099486937423,4.46511153210734,1.9672131147541
2020-04-27,217,2,215,2,2,0,246,4,5546,161,5792,165,0,4,1,17,1,196,0,29,5,"Knox County",470313,8.7175987055429,0.0192389910218042,35.0830191808434,0.425248717343556,3.61461409742023,1.92389910218042
2020-04-26,215,1,213,1,2,0,242,1,5385,172,5627,173,0,4,-2,16,3,195,0,29,4,"Knox County",470313,7.44185255351224,0.0180505415162455,36.7840140502176,0.212624358671778,3.40198973874845,1.80505415162455
2020-04-25,214,0,212,0,2,0,241,0,5213,53,5454,53,0,4,-6,18,6,192,0,29,4,"Knox County",470313,6.8039794774969,0.0178936605316973,11.2690910096042,0,3.82723845609201,1.78936605316973
2020-04-24,214,8,212,8,2,0,241,10,5160,836,5401,846,0,4,5,24,3,186,1,29,4,"Knox County",470313,6.59135511882512,0.0155673904137649,179.880207436324,1.70099486937423,5.10298460812268,1.55673904137648
2020-04-23,206,1,204,1,2,0,231,2,4324,137,4555,139,0,4,0,19,1,183,0,28,4,"Knox County",470313,5.95348204280979,0.0150528885272579,29.5547858553772,0.212624358671778,4.03986281476378,1.50528885272579
2020-04-22,205,5,203,3,2,2,229,2,4187,189,4416,191,0,4,1,19,4,182,0,28,4,"Knox County",470313,5.31560896679445,0.0147357723577236,40.6112525063096,1.06312179335889,4.03986281476378,1.47357723577236
2020-04-21,200,4,200,4,0,0,227,5,3998,475,4225,480,0,4,-2,18,6,178,1,28,4,"Knox County",470313,4.46511153210734,0.0117244748412311,102.059692162454,0.850497434687113,3.82723845609201,1.17244748412311
2020-04-20,196,3,196,3,0,0,222,2,3523,175,3745,177,0,4,-1,20,4,172,1,27,4,"Knox County",470313,4.67773589077912,0.0106847984458475,37.6345114849047,0.637873076015334,4.25248717343556,1.06847984458475
2020-04-19,193,0,193,0,0,0,220,0,3348,72,3568,72,0,4,-4,21,4,168,0,26,4,"Knox County",470313,4.46511153210734,0.0107252298263534,15.308953824368,0,4.46511153210734,1.07252298263534
2020-04-18,193,0,193,0,0,0,220,1,3276,135,3496,136,0,4,-5,25,5,164,0,26,4,"Knox County",470313,4.46511153210734,0.0107790298873101,28.9169127793618,0,5.31560896679445,1.07790298873101
2020-04-17,193,2,193,2,0,0,219,3,3141,104,3360,107,0,4,-2,30,4,159,1,26,4,"Knox County",470313,3.18936538007667,0.0115207373271889,22.7508063778803,0.425248717343556,6.37873076015334,1.15207373271889
2020-04-16,191,7,191,7,0,0,216,9,3037,213,3253,222,0,4,2,32,5,155,2,25,4,"Knox County",470313,4.46511153210734,0.015884476534296,47.2026076251348,1.48837051070245,6.8039794774969,1.5884476534296
2020-04-15,184,9,184,9,0,0,207,10,2824,84,3031,94,0,4,3,30,6,150,1,23,4,"Knox County",470313,5.31560896679445,0.0232919254658385,19.9866897151471,1.913619228046,6.37873076015334,2.32919254658385
2020-04-14,175,4,175,4,0,0,197,4,2740,102,2937,106,0,4,1,27,3,144,1,22,4,"Knox County",470313,5.31560896679445,0.0317286652078775,22.5381820192085,0.850497434687113,5.74085768413801,3.17286652078775
2020-04-13,171,4,171,4,0,0,193,9,2638,242,2831,251,0,4,-2,26,6,141,1,21,4,"Knox County",470313,5.52823332546623,0.0364372469635627,53.3687140266163,0.850497434687113,5.52823332546623,3.64372469635628
2020-04-12,167,5,167,5,0,0,184,6,2396,166,2580,172,0,4,1,28,4,135,0,20,4,"Knox County",470313,6.59135511882512,0.0386029411764706,36.5713896915458,1.06312179335889,5.95348204280979,3.86029411764706
2020-04-11,162,5,162,5,0,0,178,8,2230,313,2408,321,1,4,-4,27,8,131,1,20,4,"Knox County",470313,7.65447691218401,0.0384917517674784,68.2524191336408,1.06312179335889,5.74085768413801,3.84917517674784
2020-04-10,157,4,157,4,0,0,170,5,1917,123,2087,128,0,3,0,31,4,123,0,19,4,"Knox County",470313,8.07972562952757,0.0394126738794436,27.2159179099876,0.850497434687113,6.59135511882512,3.94126738794436
2020-04-09,153,1,153,1,0,0,165,1,1794,81,1959,82,0,3,-2,31,3,119,0,19,4,"Knox County",470313,6.8039794774969,0.037261698440208,17.4351974110858,0.212624358671778,6.59135511882512,3.7261698440208
2020-04-08,152,8,152,8,0,0,164,12,1713,111,1877,123,0,3,-3,33,11,116,1,19,4,"Knox County",470313,6.59135511882512,0.0380388841927303,26.1527961166287,1.70099486937423,7.01660383616868,3.80388841927303
2020-04-07,144,20,144,20,0,0,152,25,1602,366,1754,391,0,3,11,36,9,105,2,18,3,"Knox County",470313,9.99334485757357,0.0449591280653951,83.1361242406653,4.25248717343556,7.65447691218401,4.49591280653951
2020-04-06,124,8,124,8,0,0,127,14,1236,54,1363,68,2,3,-2,25,8,96,1,16,3,"Knox County",470313,10.8438422922607,0.0552529182879377,14.4584563896809,1.70099486937423,5.31560896679445,5.52529182879377
2020-04-05,116,4,116,4,0,0,113,10,1182,75,1295,85,0,1,-2,27,6,88,0,15,3,"Knox County",470313,10.6312179335889,0.0626043405676127,18.0730704871011,0.850497434687113,5.74085768413801,6.26043405676127
2020-04-04,112,15,112,15,0,0,103,6,1107,127,1210,133,0,1,4,29,11,82,1,15,2,"Knox County",470313,12.7574615203067,0.0722772277227723,28.2790397033465,3.18936538007667,6.16610640148157,7.22772277227723
2020-04-03,97,4,97,4,0,0,97,3,980,51,1077,54,0,1,-8,25,12,71,1,14,1,"Knox County",470313,12.7574615203067,0.0758547008547008,11.481715368276,0.850497434687113,5.31560896679445,7.58547008547009
2020-04-02,93,7,93,7,0,0,94,7,929,106,1023,113,0,1,NA,33,8,59,0,13,1,"Knox County",470313,14.0332076723374,0.0796277145811789,24.0265525299109,1.48837051070245,7.01660383616868,7.96277145811789
2020-04-01,86,15,86,15,0,0,87,15,823,140,910,155,NA,NA,NA,NA,7,51,1,13,1,"Knox County",470313,15.5215781830398,0.0800800800800801,32.9567755941256,3.18936538007667,NA,8.00800800800801
2020-03-31,71,8,71,8,0,0,72,11,683,58,755,69,NA,NA,NA,NA,12,44,1,12,1,"Knox County",470313,12.9700858789785,0.0974889217134417,14.6710807483527,1.70099486937423,NA,9.74889217134417
2020-03-30,63,13,63,13,0,0,61,15,625,130,686,145,NA,NA,NA,NA,9,32,2,11,1,"Knox County",470313,14.0332076723374,0.0888594164456233,30.8305320074078,2.76411666273312,NA,8.88594164456233
2020-03-29,50,8,50,8,0,0,46,8,495,55,541,63,NA,NA,NA,NA,6,23,1,9,1,"Knox County",470313,14.8837051070245,0.0887978142076503,13.395334596322,1.70099486937423,NA,8.87978142076503
2020-03-28,42,7,42,7,0,0,38,6,440,62,478,68,NA,NA,NA,NA,1,17,1,8,0,"Knox County",470313,13.1827102376502,0.0974512743628186,14.4584563896809,1.48837051070245,NA,9.74512743628186
2020-03-27,35,2,35,2,0,0,32,2,378,54,410,56,NA,NA,NA,NA,5,16,1,7,0,"Knox County",470313,12.7574615203067,0.0956651718983558,11.9069640856196,0.425248717343556,NA,9.56651718983558
2020-03-26,33,7,33,7,0,0,30,7,324,82,354,89,NA,NA,NA,NA,3,11,2,6,0,"Knox County",470313,12.7574615203067,0.0992248062015504,18.9235679217883,1.48837051070245,NA,9.92248062015504
2020-03-25,26,6,26,6,0,0,23,7,242,68,265,75,NA,NA,NA,NA,3,8,1,4,0,"Knox County",470313,10.8438422922607,0.0991150442477876,15.9468269003834,1.27574615203067,NA,9.91150442477876
2020-03-24,20,7,20,7,0,0,16,7,174,43,190,50,NA,NA,NA,NA,2,5,0,3,0,"Knox County",470313,10.6312179335889,0.0952380952380952,10.6312179335889,1.48837051070245,NA,9.52380952380952
2020-03-23,13,4,13,4,0,0,9,4,131,22,140,26,NA,NA,NA,NA,3,3,2,3,0,"Knox County",470313,8.7175987055429,0.0960187353629977,5.52823332546623,0.850497434687113,NA,9.60187353629976
2020-03-22,9,2,9,2,0,0,5,0,109,9,114,9,NA,NA,NA,NA,0,0,1,1,0,"Knox County",470313,7.44185255351224,0.0884718498659517,1.913619228046,0.425248717343556,NA,8.84718498659517
2020-03-21,7,1,7,1,0,0,5,2,100,17,105,19,NA,NA,NA,NA,0,0,0,0,0,"Knox County",470313,6.16610640148157,0.0895061728395062,4.03986281476378,0.212624358671778,NA,8.95061728395062
2020-03-20,6,5,6,5,0,0,3,2,83,38,86,40,NA,NA,NA,NA,0,0,0,0,0,"Knox County",470313,6.8039794774969,0.0941558441558442,8.50497434687113,1.06312179335889,NA,9.41558441558442
2020-03-19,1,0,1,0,0,0,1,0,45,11,46,11,NA,NA,NA,NA,0,0,0,0,0,"Knox County",470313,5.31560896679445,0.0956521739130435,2.33886794538956,0,NA,9.56521739130435
2020-03-18,1,0,1,0,0,0,1,0,34,15,35,15,NA,NA,NA,NA,0,0,0,0,0,"Knox County",470313,4.03986281476378,0.0882352941176471,3.18936538007667,0,NA,8.82352941176471
2020-03-17,1,0,1,0,0,0,1,0,19,5,20,5,NA,NA,NA,NA,0,0,0,0,0,"Knox County",470313,2.55149230406134,0.064,1.06312179335889,0,NA,6.4
2020-03-16,1,1,1,1,0,0,1,1,14,3,15,4,NA,NA,NA,NA,0,0,0,0,0,"Knox County",470313,1.913619228046,0.0485436893203883,0.850497434687113,0.212624358671778,NA,4.85436893203883
2020-03-15,0,0,0,0,0,0,0,0,11,1,11,1,NA,NA,NA,NA,0,0,0,0,0,"Knox County",470313,1.48837051070245,0.0526315789473684,0.212624358671778,0,NA,5.26315789473684
2020-03-14,0,0,0,0,0,0,0,0,10,8,10,8,NA,NA,NA,NA,0,0,0,0,0,"Knox County",470313,1.27574615203067,0.0357142857142857,1.70099486937423,0,NA,3.57142857142857
2020-03-13,0,0,0,0,0,0,0,0,2,0,2,0,NA,NA,NA,NA,0,0,0,0,0,"Knox County",470313,0.212624358671778,0.0227272727272727,0,0,NA,2.27272727272727
2020-03-12,0,0,0,0,0,0,0,0,2,2,2,2,NA,NA,NA,NA,0,0,0,0,0,"Knox County",470313,0.212624358671778,0.0285714285714286,0.425248717343556,0,NA,2.85714285714286
2020-03-12,0,0,0,0,0,0,0,0,0,0,0,0,NA,NA,NA,NA,0,0,0,0,0,"Anderson",76978,NA,NA,0,0,NA,NA
2020-03-13,0,0,0,0,0,0,0,0,1,1,1,1,NA,NA,NA,NA,0,0,0,0,0,"Anderson",76978,NA,NA,1.29907246226194,0,NA,NA
2020-03-14,0,0,0,0,0,0,0,0,1,0,1,0,NA,NA,NA,NA,0,0,0,0,0,"Anderson",76978,NA,NA,0,0,NA,NA
2020-03-15,0,0,0,0,0,0,0,0,1,0,1,0,NA,NA,NA,NA,0,0,0,0,0,"Anderson",76978,NA,NA,0,0,NA,NA
2020-03-16,0,0,0,0,0,0,0,0,2,1,2,1,NA,NA,NA,NA,0,0,0,0,0,"Anderson",76978,NA,NA,1.29907246226194,0,NA,NA
2020-03-17,0,0,0,0,0,0,0,0,4,2,4,2,NA,NA,NA,NA,0,0,0,0,0,"Anderson",76978,NA,NA,2.59814492452389,0,NA,NA
2020-03-18,0,0,0,0,0,0,0,0,4,0,4,0,NA,NA,NA,NA,0,0,0,0,0,"Anderson",76978,0,0,0,0,NA,0
2020-03-19,1,1,1,1,0,0,2,2,5,1,7,3,NA,NA,NA,NA,0,0,0,0,0,"Anderson",76978,1.29907246226194,0.285714285714286,3.89721738678583,1.29907246226194,NA,28.5714285714286
2020-03-20,1,0,1,0,0,0,2,0,7,2,9,2,NA,NA,NA,NA,0,0,0,0,0,"Anderson",76978,1.29907246226194,0.25,2.59814492452389,0,NA,25
2020-03-21,1,0,1,0,0,0,2,0,7,0,9,0,NA,NA,NA,NA,0,0,0,0,0,"Anderson",76978,1.29907246226194,0.25,0,0,NA,25
2020-03-22,1,0,1,0,0,0,2,0,10,3,12,3,NA,NA,NA,NA,0,0,0,0,0,"Anderson",76978,1.29907246226194,0.181818181818182,3.89721738678583,0,NA,18.1818181818182
2020-03-23,1,0,1,0,0,0,2,0,15,5,17,5,NA,NA,NA,NA,0,0,0,0,0,"Anderson",76978,1.29907246226194,0.133333333333333,6.49536231130973,0,NA,13.3333333333333
2020-03-24,1,0,1,0,0,0,2,0,20,5,22,5,NA,NA,NA,NA,0,0,0,0,0,"Anderson",76978,1.29907246226194,0.111111111111111,6.49536231130973,0,NA,11.1111111111111
2020-03-25,2,1,2,1,0,0,4,2,29,9,33,11,NA,NA,NA,NA,1,1,0,0,0,"Anderson",76978,2.59814492452389,0.137931034482759,14.2897970848814,1.29907246226194,NA,13.7931034482759
2020-03-26,3,1,3,1,0,0,5,1,44,15,49,16,NA,NA,NA,NA,0,1,1,1,0,"Anderson",76978,2.59814492452389,0.0714285714285714,20.7851593961911,1.29907246226194,NA,7.14285714285714
2020-03-27,4,1,4,1,0,0,6,1,53,9,59,10,NA,NA,NA,NA,3,4,0,1,0,"Anderson",76978,3.89721738678583,0.08,12.9907246226195,1.29907246226194,NA,8
2020-03-28,7,3,7,3,0,0,9,3,72,19,81,22,NA,NA,NA,NA,0,4,1,2,0,"Anderson",76978,7.79443477357167,0.0972222222222222,28.5795941697628,3.89721738678583,NA,9.72222222222222
2020-03-29,7,0,7,0,0,0,9,0,83,11,92,11,NA,NA,NA,NA,0,4,0,2,0,"Anderson",76978,7.79443477357167,0.0875,14.2897970848814,0,NA,8.75
2020-03-30,8,1,8,1,0,0,10,1,127,44,137,45,NA,NA,NA,NA,1,5,0,2,0,"Anderson",76978,9.09350723583361,0.0666666666666667,58.4582608017875,1.29907246226194,NA,6.66666666666667
2020-03-31,9,1,9,1,0,0,11,1,142,15,153,16,NA,NA,NA,NA,1,6,0,2,0,"Anderson",76978,10.3925796980956,0.0687022900763359,20.7851593961911,1.29907246226194,NA,6.87022900763359
2020-04-01,9,0,9,0,0,0,11,0,163,21,174,21,NA,NA,NA,NA,0,6,0,2,0,"Anderson",76978,9.09350723583361,0.049645390070922,27.2805217075008,0,NA,4.9645390070922
2020-04-02,9,0,9,0,0,0,11,0,179,16,190,16,0,0,NA,3,0,6,0,2,0,"Anderson",76978,7.79443477357167,0.0425531914893617,20.7851593961911,0,3.89721738678583,4.25531914893617
2020-04-03,9,0,9,0,0,0,11,0,192,13,203,13,0,0,-2,1,2,8,0,2,0,"Anderson",76978,6.49536231130972,0.0347222222222222,16.8879420094053,0,1.29907246226194,3.47222222222222
2020-04-04,9,0,9,0,0,0,11,0,219,27,230,27,0,0,0,1,0,8,0,2,0,"Anderson",76978,2.59814492452389,0.0134228187919463,35.0749564810725,0,1.29907246226194,1.34228187919463
2020-04-05,9,0,9,0,0,0,11,0,248,29,259,29,0,0,0,1,0,8,0,2,0,"Anderson",76978,2.59814492452389,0.0119760479041916,37.6731014055964,0,1.29907246226194,1.19760479041916
2020-04-06,9,0,9,0,0,0,11,0,262,14,273,14,0,0,-1,0,1,9,0,2,0,"Anderson",76978,1.29907246226194,0.00735294117647059,18.1870144716672,0,0,0.735294117647059
2020-04-07,10,1,10,1,0,0,12,1,304,42,316,43,0,0,1,1,0,9,0,2,0,"Anderson",76978,1.29907246226194,0.00613496932515337,55.8601158772636,1.29907246226194,1.29907246226194,0.613496932515337
2020-04-08,10,0,10,0,0,0,12,0,322,18,334,18,1,1,-1,0,0,9,0,2,1,"Anderson",76978,1.29907246226194,0.00625,23.383304320715,0,0,0.625
2020-04-09,10,0,10,0,0,0,12,0,350,28,362,28,0,1,0,0,0,9,0,2,1,"Anderson",76978,1.29907246226194,0.00581395348837209,36.3740289433345,0,0,0.581395348837209
2020-04-10,10,0,10,0,0,0,12,0,366,16,378,16,0,1,0,0,0,9,0,2,1,"Anderson",76978,1.29907246226194,0.00571428571428571,20.7851593961911,0,0,0.571428571428571
2020-04-11,10,0,10,0,0,0,12,0,439,73,451,73,0,1,0,0,0,9,0,2,1,"Anderson",76978,1.29907246226194,0.00452488687782805,94.832289745122,0,0,0.452488687782805
2020-04-12,12,2,12,2,0,0,14,2,477,38,491,40,0,1,2,2,0,9,0,2,1,"Anderson",76978,3.89721738678583,0.0129310344827586,51.9628984904778,2.59814492452389,2.59814492452389,1.29310344827586
2020-04-13,13,1,13,1,0,0,15,1,514,37,529,38,0,1,0,2,1,10,0,2,1,"Anderson",76978,5.19628984904778,0.015625,49.3647535659539,1.29907246226194,2.59814492452389,1.5625
2020-04-14,13,0,13,0,0,0,15,0,526,12,541,12,0,1,0,2,0,10,0,2,1,"Anderson",76978,3.89721738678583,0.0133333333333333,15.5888695471433,0,2.59814492452389,1.33333333333333
2020-04-15,13,0,13,0,0,0,15,0,544,18,559,18,0,1,-2,0,2,12,0,2,1,"Anderson",76978,3.89721738678583,0.0133333333333333,23.383304320715,0,0,1.33333333333333
2020-04-16,13,0,13,0,0,0,15,0,566,22,581,22,0,1,0,0,0,12,0,2,1,"Anderson",76978,3.89721738678583,0.0136986301369863,28.5795941697628,0,0,1.36986301369863
2020-04-17,13,0,13,0,0,0,15,0,586,20,601,20,0,1,0,0,0,12,0,2,1,"Anderson",76978,3.89721738678583,0.0134529147982063,25.9814492452389,0,0,1.34529147982063
2020-04-18,13,0,13,0,0,0,15,0,616,30,631,30,0,1,0,0,0,12,0,2,1,"Anderson",76978,3.89721738678583,0.0166666666666667,38.9721738678584,0,0,1.66666666666667
2020-04-19,14,1,14,1,0,0,16,1,628,12,644,13,0,1,0,0,1,13,0,2,1,"Anderson",76978,2.59814492452389,0.0130718954248366,16.8879420094053,1.29907246226194,0,1.30718954248366
2020-04-20,19,5,18,4,1,1,19,3,648,20,667,23,0,1,5,5,0,13,0,2,1,"Anderson",76978,7.79443477357167,0.0289855072463768,29.8786666320247,6.49536231130973,6.49536231130973,2.89855072463768
2020-04-21,20,1,19,1,1,0,22,3,1071,423,1093,426,0,1,1,6,0,13,0,2,1,"Anderson",76978,9.09350723583361,0.0126811594202899,553.404868923589,1.29907246226194,7.79443477357167,1.26811594202899
2020-04-22,21,1,20,1,1,0,24,2,1141,70,1165,72,0,1,0,6,1,14,0,2,1,"Anderson",76978,10.3925796980956,0.0148514851485149,93.53321728286,1.29907246226194,7.79443477357167,1.48514851485149
2020-04-23,21,0,20,0,1,0,24,0,1191,50,1215,50,0,1,-1,5,1,15,0,2,1,"Anderson",76978,10.3925796980956,0.0141955835962145,64.9536231130973,0,6.49536231130973,1.41955835962145
2020-04-24,22,1,21,1,1,0,25,1,1299,108,1324,109,0,1,1,6,0,15,0,2,1,"Anderson",76978,11.6916521603575,0.0138312586445367,141.598898386552,1.29907246226194,7.79443477357167,1.38312586445367
2020-04-25,22,0,21,0,1,0,25,0,1336,37,1361,37,0,1,0,6,0,15,0,2,1,"Anderson",76978,11.6916521603575,0.0136986301369863,48.065681103692,0,7.79443477357167,1.36986301369863
2020-04-26,22,0,21,0,1,0,25,0,1372,36,1397,36,0,1,0,6,0,15,0,2,1,"Anderson",76978,10.3925796980956,0.0119521912350598,46.76660864143,0,7.79443477357167,1.19521912350598
2020-04-27,22,0,21,0,1,0,25,0,1411,39,1436,39,0,1,-1,5,1,16,0,2,1,"Anderson",76978,3.89721738678583,0.00780234070221066,50.6638260282159,0,6.49536231130973,0.780234070221066
2020-04-28,22,0,21,0,1,0,25,0,1690,279,1715,279,0,1,0,5,0,16,0,2,1,"Anderson",76978,2.59814492452389,0.00482315112540193,362.441216971083,0,6.49536231130973,0.482315112540193
2020-04-29,26,4,25,4,1,0,28,3,2070,380,2098,383,0,1,4,9,0,16,0,2,1,"Anderson",76978,6.49536231130972,0.00428724544480171,497.544753046325,5.19628984904778,11.6916521603575,0.428724544480171
2020-04-30,26,0,25,0,1,0,29,1,2102,32,2131,33,0,1,-1,8,1,17,0,2,1,"Anderson",76978,6.49536231130972,0.00545851528384279,42.8693912546442,0,10.3925796980956,0.545851528384279
2020-05-01,26,0,25,0,1,0,29,0,2154,52,2183,52,0,1,-2,6,2,19,0,2,1,"Anderson",76978,5.19628984904778,0.00465657741559953,67.5517680376211,0,7.79443477357167,0.465657741559953
2020-05-02,26,0,25,0,1,0,29,0,2221,67,2250,67,0,1,0,6,0,19,0,2,1,"Anderson",76978,5.19628984904778,0.00449943757030371,87.0378549715503,0,7.79443477357167,0.449943757030371
2020-05-03,27,1,26,1,1,0,30,1,2314,93,2344,94,0,1,1,7,0,19,0,2,1,"Anderson",76978,6.49536231130972,0.00527983104540655,122.112811452623,1.29907246226194,9.09350723583361,0.527983104540655
2020-05-04,27,0,26,0,1,0,30,0,2406,92,2436,92,0,1,-1,6,1,20,0,2,1,"Anderson",76978,6.49536231130972,0.005,119.514666528099,0,7.79443477357167,0.5
2020-05-05,28,1,27,1,1,0,30,0,2475,69,2505,69,0,1,-1,5,2,22,0,2,1,"Anderson",76978,7.79443477357167,0.00632911392405063,89.6359998960742,1.29907246226194,6.49536231130973,0.632911392405063
2020-05-06,30,2,29,2,1,0,31,1,2525,50,2556,51,0,1,2,7,0,22,0,2,1,"Anderson",76978,5.19628984904778,0.00655021834061135,66.2526955753592,2.59814492452389,9.09350723583361,0.655021834061135
2020-05-07,30,0,29,0,1,0,33,2,2597,72,2630,74,0,1,-1,6,1,23,0,2,1,"Anderson",76978,5.19628984904778,0.00801603206412826,96.1313622073839,0,7.79443477357167,0.801603206412826
2020-05-08,30,0,29,0,1,0,33,0,2652,55,2685,55,0,1,0,6,0,23,0,2,1,"Anderson",76978,5.19628984904778,0.00796812749003984,71.448985424407,0,7.79443477357167,0.796812749003984
2020-05-09,30,0,29,0,1,0,33,0,2734,82,2767,82,0,1,0,6,0,23,0,2,1,"Anderson",76978,5.19628984904778,0.00773694390715667,106.523941905479,0,7.79443477357167,0.773694390715667
2020-05-10,30,0,29,0,1,0,33,0,2827,93,2860,93,0,1,-3,3,3,26,0,2,1,"Anderson",76978,3.89721738678583,0.00581395348837209,120.813738990361,0,3.89721738678583,0.581395348837209
2020-05-11,32,2,31,2,1,0,33,0,2909,82,2942,82,0,1,2,5,0,26,0,2,1,"Anderson",76978,6.49536231130972,0.00592885375494071,106.523941905479,2.59814492452389,6.49536231130973,0.592885375494071
2020-05-12,33,1,32,1,1,0,35,2,3042,133,3077,135,0,1,1,6,0,26,0,2,1,"Anderson",76978,6.49536231130972,0.00874125874125874,175.374782405363,1.29907246226194,7.79443477357167,0.874125874125874
2020-05-13,35,2,34,2,1,0,38,3,3220,178,3258,181,0,1,1,7,1,27,1,3,1,"Anderson",76978,6.49536231130972,0.00997150997150997,235.132115669412,2.59814492452389,9.09350723583361,0.997150997150997
2020-05-14,35,0,34,0,1,0,39,1,3346,126,3385,127,0,1,-1,6,1,28,0,3,1,"Anderson",76978,6.49536231130972,0.00794701986754967,164.982202707267,0,7.79443477357167,0.794701986754967
2020-05-15,36,1,35,1,1,0,39,0,3417,71,3456,71,0,1,1,7,0,28,0,3,1,"Anderson",76978,7.79443477357167,0.00778210116731518,92.2341448205981,1.29907246226194,9.09350723583361,0.778210116731518
2020-05-16,36,0,35,0,1,0,41,2,3657,240,3698,242,0,1,-1,6,1,29,0,3,1,"Anderson",76978,7.79443477357167,0.00859291084854995,314.375535867391,0,7.79443477357167,0.859291084854995
2020-05-17,36,0,35,0,1,0,41,0,3727,70,3768,70,0,1,0,6,0,29,0,3,1,"Anderson",76978,7.79443477357167,0.00881057268722467,90.9350723583361,0,7.79443477357167,0.881057268722467
2020-05-18,37,1,36,1,1,0,42,1,3804,77,3846,78,0,1,-2,4,3,32,0,3,1,"Anderson",76978,6.49536231130972,0.00995575221238938,101.327652056432,1.29907246226194,5.19628984904778,0.995575221238938
2020-05-19,37,0,36,0,1,0,42,0,3856,52,3898,52,0,1,0,4,0,32,0,3,1,"Anderson",76978,5.19628984904778,0.00852618757612668,67.5517680376211,0,5.19628984904778,0.852618757612667
2020-05-20,37,0,36,0,1,0,43,1,3921,65,3964,66,0,1,0,4,0,32,0,3,1,"Anderson",76978,2.59814492452389,0.00708215297450425,85.7387825092884,0,5.19628984904778,0.708215297450425
2020-05-21,37,0,36,0,1,0,44,1,4001,80,4045,81,0,1,-1,3,1,33,0,3,1,"Anderson",76978,2.59814492452389,0.00757575757575758,105.224869443218,0,3.89721738678583,0.757575757575758
2020-05-22,38,1,37,1,1,0,45,1,4029,28,4074,29,0,1,-1,2,2,35,1,4,1,"Anderson",76978,2.59814492452389,0.00970873786407767,37.6731014055964,1.29907246226194,2.59814492452389,0.970873786407767
2020-05-23,38,0,37,0,1,0,46,1,4192,163,4238,164,0,1,0,2,0,35,0,4,1,"Anderson",76978,2.59814492452389,0.00925925925925926,213.047883810959,0,2.59814492452389,0.925925925925926
2020-05-24,38,0,37,0,1,0,46,0,4247,55,4293,55,0,1,0,2,0,35,0,4,1,"Anderson",76978,2.59814492452389,0.00952380952380952,71.448985424407,0,2.59814492452389,0.952380952380952
2020-05-25,38,0,37,0,1,0,47,1,4281,34,4328,35,0,1,0,2,0,35,0,4,1,"Anderson",76978,1.29907246226194,0.0103734439834025,45.4675361791681,0,2.59814492452389,1.03734439834025
2020-05-26,38,0,37,0,1,0,47,0,4412,131,4459,131,0,1,-1,1,1,36,0,4,1,"Anderson",76978,1.29907246226194,0.0089126559714795,170.178492556315,0,1.29907246226194,0.89126559714795
2020-05-27,38,0,37,0,1,0,47,0,4515,103,4562,103,0,1,0,1,0,36,0,4,1,"Anderson",76978,1.29907246226194,0.00668896321070234,133.80446361298,0,1.29907246226194,0.668896321070234
2020-05-28,38,0,37,0,1,0,47,0,4563,48,4610,48,0,1,0,1,0,36,0,4,1,"Anderson",76978,1.29907246226194,0.00530973451327434,62.3554781885734,0,1.29907246226194,0.530973451327434
2020-05-29,39,1,38,1,1,0,47,0,4613,50,4660,50,0,1,0,1,1,37,0,4,1,"Anderson",76978,1.29907246226194,0.00341296928327645,64.9536231130973,1.29907246226194,1.29907246226194,0.341296928327645
2020-05-30,39,0,38,0,1,0,48,1,4665,52,4713,53,0,1,0,1,0,37,0,4,1,"Anderson",76978,1.29907246226194,0.00421052631578947,68.8508404998831,0,1.29907246226194,0.421052631578947
2020-05-31,40,1,39,1,1,0,49,1,4731,66,4780,67,0,1,1,2,0,37,0,4,1,"Anderson",76978,2.59814492452389,0.00616016427104723,87.0378549715503,1.29907246226194,2.59814492452389,0.616016427104723
2020-06-01,40,0,39,0,1,0,49,0,4855,124,4904,124,0,1,0,2,0,37,0,4,1,"Anderson",76978,2.59814492452389,0.00347222222222222,161.084985320481,0,2.59814492452389,0.347222222222222
2020-06-02,40,0,39,0,1,0,49,0,4982,127,5031,127,0,1,0,2,0,37,0,4,1,"Anderson",76978,2.59814492452389,0.0034965034965035,164.982202707267,0,2.59814492452389,0.34965034965035
2020-06-03,41,1,40,1,1,0,50,1,5042,60,5092,61,0,1,1,3,0,37,0,4,2,"Anderson",76978,3.89721738678583,0.00566037735849057,79.2434201979787,1.29907246226194,3.89721738678583,0.566037735849057
2020-06-04,41,0,40,0,1,0,50,0,5090,48,5140,48,1,2,-2,1,1,38,0,4,2,"Anderson",76978,3.89721738678583,0.00566037735849057,62.3554781885734,0,1.29907246226194,0.566037735849057
2020-06-05,42,1,41,1,1,0,53,3,5147,57,5200,60,0,2,1,2,0,38,0,4,2,"Anderson",76978,3.89721738678583,0.0111111111111111,77.9443477357167,1.29907246226194,2.59814492452389,1.11111111111111
2020-06-06,43,1,42,1,1,0,54,1,5200,53,5254,54,0,2,1,3,0,38,0,4,2,"Anderson",76978,5.19628984904778,0.011090573012939,70.149912962145,1.29907246226194,3.89721738678583,1.1090573012939
2020-06-07,45,2,43,1,2,1,57,3,5295,95,5352,98,0,2,2,5,0,38,0,4,2,"Anderson",76978,6.49536231130972,0.013986013986014,127.309101301671,2.59814492452389,6.49536231130973,1.3986013986014
2020-06-08,46,1,44,1,2,0,57,0,5336,41,5393,41,0,2,1,6,0,38,0,4,2,"Anderson",76978,7.79443477357167,0.016359918200409,53.2619709527397,1.29907246226194,7.79443477357167,1.6359918200409
2020-06-09,47,1,45,1,2,0,60,3,5517,181,5577,184,0,2,1,7,0,38,0,4,2,"Anderson",76978,9.09350723583361,0.0201465201465201,239.029333056198,1.29907246226194,9.09350723583361,2.01465201465201
2020-06-10,52,5,50,5,2,0,63,3,5725,208,5788,211,0,2,2,9,3,41,0,4,2,"Anderson",76978,14.2897970848814,0.0186781609195402,274.10428953727,6.49536231130973,11.6916521603575,1.86781609195402
2020-06-11,55,3,53,3,2,0,66,3,5870,145,5936,148,0,2,2,11,1,42,1,5,2,"Anderson",76978,18.1870144716672,0.0201005025125628,192.262724414768,3.89721738678583,14.2897970848814,2.01005025125628
2020-06-12,57,2,55,2,2,0,70,4,5952,82,6022,86,0,2,2,13,0,42,0,5,2,"Anderson",76978,19.4860869339292,0.0206812652068127,111.720231754527,2.59814492452389,16.8879420094053,2.06812652068127
2020-06-13,58,1,55,0,3,1,70,0,5995,43,6065,43,0,2,0,13,1,43,0,5,2,"Anderson",76978,19.4860869339292,0.0197287299630086,55.8601158772636,1.29907246226194,16.8879420094053,1.97287299630086
2020-06-14,60,2,57,2,3,0,70,0,6170,175,6240,175,0,2,1,14,1,44,1,6,2,"Anderson",76978,19.4860869339292,0.0146396396396396,227.33768089584,2.59814492452389,18.1870144716672,1.46396396396396
2020-06-15,60,0,57,0,3,0,71,1,6228,58,6299,59,0,2,0,14,0,44,0,6,2,"Anderson",76978,18.1870144716672,0.0154525386313466,76.6452752734548,0,18.1870144716672,1.54525386313466
2020-06-16,64,4,61,4,3,0,75,4,6289,61,6364,65,0,2,3,17,1,45,0,6,2,"Anderson",76978,22.0842318584531,0.0190597204574333,84.4397100470264,5.19628984904778,22.0842318584531,1.90597204574333
2020-06-17,66,2,63,2,3,0,79,4,6326,37,6405,41,0,2,0,17,2,47,0,6,2,"Anderson",76978,18.1870144716672,0.0259319286871961,53.2619709527397,2.59814492452389,22.0842318584531,2.59319286871961
2020-06-18,70,4,67,4,3,0,84,5,6456,130,6540,135,0,2,2,19,2,49,0,6,2,"Anderson",76978,19.4860869339292,0.0298013245033113,175.374782405363,5.19628984904778,24.682376782977,2.98013245033113
2020-06-19,72,2,69,2,3,0,86,2,6521,65,6607,67,0,2,0,19,2,51,0,6,2,"Anderson",76978,19.4860869339292,0.0273504273504274,87.0378549715503,2.59814492452389,24.682376782977,2.73504273504274
2020-06-20,73,1,70,1,3,0,87,1,6559,38,6646,39,0,2,-1,18,2,53,0,6,2,"Anderson",76978,19.4860869339292,0.0292598967297762,50.6638260282159,1.29907246226194,23.383304320715,2.92598967297762
2020-06-21,74,1,71,1,3,0,88,1,6619,60,6707,61,0,2,-1,17,2,55,0,6,2,"Anderson",76978,18.1870144716672,0.0385438972162741,79.2434201979787,1.29907246226194,22.0842318584531,3.85438972162741
2020-06-22,76,2,73,2,3,0,90,2,6711,92,6801,94,0,2,0,17,2,57,1,7,2,"Anderson",76978,20.7851593961911,0.0378486055776892,122.112811452623,2.59814492452389,22.0842318584531,3.78486055776892
2020-06-23,76,0,73,0,3,0,90,0,6800,89,6890,89,0,2,-1,16,1,58,0,7,2,"Anderson",76978,15.5888695471433,0.0285171102661597,115.617449141313,0,20.7851593961911,2.85171102661597
2020-06-24,77,1,74,1,3,0,91,1,6831,31,6922,32,0,2,-2,14,3,61,0,7,2,"Anderson",76978,14.2897970848814,0.02321083172147,41.5703187923822,1.29907246226194,18.1870144716672,2.321083172147
2020-06-25,81,4,78,4,3,0,92,1,6944,113,7036,114,0,2,0,14,4,65,0,7,2,"Anderson",76978,14.2897970848814,0.0161290322580645,148.094260697862,5.19628984904778,18.1870144716672,1.61290322580645
2020-06-26,86,5,83,5,3,0,98,6,6972,28,7070,34,0,2,3,17,2,67,0,7,2,"Anderson",76978,18.1870144716672,0.0259179265658747,44.1684637169061,6.49536231130973,22.0842318584531,2.59179265658747
2020-06-27,87,1,83,0,4,1,98,0,6984,12,7082,12,0,2,-4,13,5,72,0,7,2,"Anderson",76978,18.1870144716672,0.0252293577981651,15.5888695471433,1.29907246226194,16.8879420094053,2.52293577981651
2020-06-28,91,4,87,4,4,0,106,8,7093,109,7199,117,0,2,3,16,1,73,0,7,2,"Anderson",76978,22.0842318584531,0.0365853658536585,151.991478084648,5.19628984904778,20.7851593961911,3.65853658536585
2020-06-29,97,6,92,5,5,1,114,8,7315,222,7429,230,0,2,3,19,3,76,1,8,2,"Anderson",76978,27.2805217075008,0.0382165605095541,298.786666320247,7.79443477357167,24.682376782977,3.82165605095541
2020-06-30,102,5,96,4,6,1,120,6,7479,164,7599,170,0,2,2,21,3,79,0,8,2,"Anderson",76978,33.7758840188106,0.0423131170662905,220.842318584531,6.49536231130973,27.2805217075008,4.23131170662905
2020-07-01,104,2,98,2,6,0,124,4,7600,121,7724,125,0,2,-2,19,4,83,0,8,2,"Anderson",76978,35.0749564810725,0.0411471321695761,162.384057782743,2.59814492452389,24.682376782977,4.11471321695761
2020-07-02,110,6,104,6,6,0,130,6,7839,239,7969,245,0,2,4,23,2,85,0,8,2,"Anderson",76978,37.6731014055964,0.0407288317256163,318.272753254177,7.79443477357167,29.8786666320247,4.07288317256163
2020-07-03,120,10,113,9,7,1,142,12,7964,125,8106,137,0,2,7,30,3,88,0,8,2,"Anderson",76978,44.1684637169061,0.0424710424710425,177.972927329886,12.9907246226195,38.9721738678584,4.24710424710425
2020-07-04,131,11,124,11,7,0,156,14,8148,184,8304,198,0,2,8,38,3,91,2,10,2,"Anderson",76978,57.1591883395256,0.0474631751227496,257.216347527865,14.2897970848814,49.3647535659539,4.74631751227496
2020-07-05,140,9,133,9,7,0,169,13,8304,156,8473,169,0,2,8,46,1,92,1,11,2,"Anderson",76978,63.6545506508353,0.0494505494505494,219.543246122269,11.6916521603575,59.7573332640495,4.94505494505495
2020-07-06,141,1,134,1,7,0,170,1,8331,27,8501,28,0,2,-4,42,5,97,0,11,2,"Anderson",76978,57.1591883395256,0.0522388059701493,36.3740289433345,1.29907246226194,54.5610434150017,5.22388059701492
2020-07-07,157,16,150,16,7,0,190,20,8564,233,8754,253,0,2,12,54,4,101,0,11,2,"Anderson",76978,71.448985424407,0.0606060606060606,328.665332952272,20.7851593961911,70.149912962145,6.06060606060606
2020-07-08,173,16,165,15,8,1,206,16,8704,140,8910,156,0,2,10,64,6,107,0,11,2,"Anderson",76978,89.6359998960742,0.0691399662731872,202.655304112863,20.7851593961911,83.1406375847645,6.91399662731872
2020-07-09,187,14,179,14,8,0,220,14,8972,268,9192,282,0,2,11,75,3,110,0,11,2,"Anderson",76978,100.02857959417,0.0735895339329518,366.338434357868,18.1870144716672,97.4304346696459,7.35895339329518
2020-07-10,193,6,185,6,8,0,227,7,9002,30,9229,37,0,2,1,76,5,115,1,12,2,"Anderson",76978,94.832289745122,0.0756901157613535,48.065681103692,7.79443477357167,98.7295071319078,7.56901157613535
2020-07-11,201,8,193,8,8,0,235,8,9171,169,9406,177,0,2,1,77,7,122,1,13,2,"Anderson",76978,90.9350723583361,0.0716878402903811,229.935825820364,10.3925796980956,100.02857959417,7.16878402903811
2020-07-12,212,11,204,11,8,0,248,13,9354,183,9602,196,0,2,6,83,5,127,0,13,2,"Anderson",76978,93.53321728286,0.0699734278122232,254.618202603341,14.2897970848814,107.823014367741,6.99734278122232
2020-07-13,218,6,209,5,9,1,255,7,9393,39,9648,46,0,2,-6,77,12,139,2,15,2,"Anderson",76978,100.02857959417,0.0741063644289451,59.7573332640495,7.79443477357167,100.02857959417,7.41063644289451
2020-07-14,229,11,219,10,10,1,266,11,9533,140,9799,151,0,2,0,77,11,150,0,15,2,"Anderson",76978,93.53321728286,0.0727272727272727,196.159941801554,14.2897970848814,100.02857959417,7.27272727272727
2020-07-15,245,16,234,15,11,1,285,19,9635,102,9920,121,0,2,0,77,16,166,0,15,2,"Anderson",76978,93.53321728286,0.0782178217821782,157.187767933695,20.7851593961911,100.02857959417,7.82178217821782
2020-07-16,263,18,252,18,11,0,308,23,9924,289,10232,312,0,2,4,81,14,180,1,16,2,"Anderson",76978,98.7295071319078,0.0846153846153846,405.310608225727,23.383304320715,105.224869443218,8.46153846153846
2020-07-17,270,7,259,7,11,0,317,9,9995,71,10312,80,0,2,-8,73,15,195,1,17,3,"Anderson",76978,100.02857959417,0.0831024930747922,103.925796980956,9.09350723583361,94.832289745122,8.31024930747922
2020-07-18,277,7,266,7,11,0,328,11,10209,214,10537,225,0,2,-4,69,11,206,0,17,3,"Anderson",76978,98.7295071319078,0.0822281167108753,292.291304008938,9.09350723583361,89.6359998960742,8.22281167108753
2020-07-19,285,8,274,8,11,0,337,9,10290,81,10627,90,0,2,-5,64,13,219,2,19,3,"Anderson",76978,94.832289745122,0.0868292682926829,116.916521603575,10.3925796980956,83.1406375847645,8.68292682926829
2020-07-20,313,28,302,28,11,0,367,30,10459,169,10826,199,1,3,9,73,18,237,0,19,3,"Anderson",76978,123.411883914885,0.0950764006791171,258.515419990127,36.3740289433345,94.832289745122,9.50764006791171
2020-07-21,336,23,324,22,12,1,391,24,10751,292,11142,316,0,3,12,85,11,248,1,20,3,"Anderson",76978,139.000753462028,0.0930752047654505,410.506898074775,29.8786666320247,110.421159292265,9.30752047654505
2020-07-22,365,29,353,29,12,0,424,33,10886,135,11310,168,0,3,13,98,16,264,0,20,3,"Anderson",76978,155.888695471433,0.1,218.244173660007,37.6731014055964,127.309101301671,10
2020-07-23,388,23,376,23,12,0,455,31,11313,427,11768,458,0,3,9,107,14,278,2,22,3,"Anderson",76978,162.384057782743,0.095703125,594.975187715971,29.8786666320247,139.000753462028,9.5703125
2020-07-24,394,6,382,6,12,0,463,8,11425,112,11888,120,0,3,-16,91,22,300,0,22,4,"Anderson",76978,161.084985320481,0.0926395939086294,155.888695471433,7.79443477357167,118.215594065837,9.26395939086294
2020-07-25,426,32,413,31,13,1,499,36,11682,257,12181,293,1,4,26,117,5,305,1,23,4,"Anderson",76978,193.56179687703,0.104014598540146,380.62823144275,41.5703187923822,151.991478084648,10.4014598540146
2020-07-26,465,39,451,38,14,1,541,42,12085,403,12626,445,0,4,31,148,8,313,2,25,4,"Anderson",76978,233.83304320715,0.102051025512756,578.087245706565,50.6638260282159,192.262724414768,10.2051025512756
2020-07-27,483,18,468,17,15,1,562,21,12265,180,12827,201,0,4,-19,129,37,350,1,26,4,"Anderson",76978,220.842318584531,0.0974512743628186,261.113564914651,23.383304320715,167.580347631791,9.74512743628186
2020-07-28,523,40,508,40,15,0,608,46,12645,380,13253,426,0,4,24,153,16,366,1,27,5,"Anderson",76978,242.926550442984,0.10279488394126,553.404868923589,51.9628984904778,198.758086726078,10.279488394126
2020-07-29,527,4,512,4,15,0,612,4,12681,36,13293,40,1,5,-15,138,18,384,0,27,5,"Anderson",76978,210.449738886435,0.0948058497226425,51.9628984904778,5.19628984904778,179.271999792148,9.48058497226425
2020-07-30,564,37,549,37,15,0,665,53,13166,485,13831,538,0,5,20,158,17,401,0,27,5,"Anderson",76978,228.636753358102,0.101793504604944,698.900984696926,48.065681103692,205.253449037387,10.1793504604944
2020-07-31,576,12,561,12,15,0,679,14,13348,182,14027,196,0,5,-8,150,20,421,0,27,5,"Anderson",76978,236.431188131674,0.100981767180926,254.618202603341,15.5888695471433,194.860869339292,10.0981767180926
2020-08-01,599,23,584,23,15,0,704,25,13757,409,14461,434,0,5,17,167,6,427,1,28,5,"Anderson",76978,224.739535971316,0.0899122807017544,563.797448621684,29.8786666320247,216.945101197745,8.99122807017544
2020-08-02,606,7,591,7,15,0,711,7,13885,128,14596,135,0,5,2,169,5,432,1,29,6,"Anderson",76978,183.169217178934,0.0862944162436548,175.374782405363,9.09350723583361,219.543246122269,8.62944162436548
2020-08-03,631,25,615,24,16,1,742,31,14112,227,14854,258,0,5,14,183,11,443,0,29,6,"Anderson",76978,192.262724414768,0.0888011840157869,335.160695263582,32.4768115565486,237.730260593936,8.88011840157869
2020-08-04,638,7,622,7,16,0,750,8,14355,243,15105,251,2,7,-19,164,24,467,0,29,6,"Anderson",76978,149.393333160124,0.0766738660907127,326.067188027748,9.09350723583361,213.047883810959,7.66738660907127
2020-08-05,653,15,637,15,16,0,769,19,14564,209,15333,228,-1,6,-1,163,17,484,0,29,6,"Anderson",76978,163.683130245005,0.0769607843137255,296.188521395723,19.4860869339292,211.748811348697,7.69607843137255
2020-08-06,675,22,659,22,16,0,799,30,14885,321,15684,351,0,6,3,166,19,503,1,30,6,"Anderson",76978,144.197043311076,0.0723151645979493,455.974434253943,28.5795941697628,215.646028735483,7.23151645979493
2020-08-07,679,4,663,4,16,0,803,4,14966,81,15769,85,0,6,-21,145,25,528,0,30,6,"Anderson",76978,133.80446361298,0.0711825487944891,110.421159292265,5.19628984904778,188.365507027982,7.11825487944891
2020-08-08,690,11,674,11,16,0,819,16,15286,320,16105,336,0,6,1,146,10,538,0,30,6,"Anderson",76978,118.215594065837,0.0699513381995134,436.488347320014,14.2897970848814,189.664579490244,6.99513381995134
2020-08-09,697,7,681,7,16,0,828,9,15423,137,16251,146,0,6,-9,137,16,554,0,30,6,"Anderson",76978,118.215594065837,0.0706948640483384,189.664579490244,9.09350723583361,177.972927329886,7.06948640483384
2020-08-10,702,5,686,5,16,0,834,6,15562,139,16396,145,0,6,-11,126,16,570,0,30,6,"Anderson",76978,92.2341448205981,0.059662775616083,188.365507027982,6.49536231130973,163.683130245005,5.9662775616083
2020-08-11,723,21,707,21,16,0,856,22,15765,203,16621,225,0,6,9,135,12,582,1,31,6,"Anderson",76978,110.421159292265,0.0699208443271768,292.291304008938,27.2805217075008,175.374782405363,6.99208443271768
2020-08-12,731,8,715,8,16,0,864,8,16005,240,16869,248,0,6,-8,127,16,598,0,31,6,"Anderson",76978,101.327652056432,0.0618489583333333,322.169970640962,10.3925796980956,164.982202707267,6.18489583333333
2020-08-13,749,18,733,18,16,0,888,24,16233,228,17121,252,1,7,3,130,14,612,2,33,6,"Anderson",76978,96.1313622073839,0.0619345859429367,327.36626049001,23.383304320715,168.879420094053,6.19345859429367
2020-08-14,766,17,749,16,17,1,910,22,16562,329,17472,351,0,7,-9,121,26,638,0,33,6,"Anderson",76978,113.019304216789,0.0628302994715208,455.974434253943,22.0842318584531,157.187767933695,6.28302994715208
2020-08-15,776,10,759,10,17,0,922,12,16785,223,17707,235,-1,6,5,126,6,644,0,33,6,"Anderson",76978,111.720231754527,0.0642946317103621,305.282028631557,12.9907246226195,163.683130245005,6.4294631710362
2020-08-16,788,12,771,12,17,0,936,14,16927,142,17863,156,0,6,7,133,5,649,0,33,7,"Anderson",76978,118.215594065837,0.0669975186104218,202.655304112863,15.5888695471433,172.776637480839,6.69975186104218
2020-08-17,792,4,775,4,17,0,939,3,16970,43,17909,46,0,6,-13,120,17,666,0,33,7,"Anderson",76978,116.916521603575,0.069398545935228,59.7573332640495,5.19628984904778,155.888695471433,6.9398545935228
2020-08-18,806,14,789,14,17,0,956,17,17134,164,18090,181,0,6,5,125,9,675,0,33,7,"Anderson",76978,107.823014367741,0.068073519400953,235.132115669412,18.1870144716672,162.384057782743,6.8073519400953
2020-08-19,820,14,803,14,17,0,970,14,17308,174,18278,188,0,6,0,125,14,689,0,33,7,"Anderson",76978,115.617449141313,0.0752306600425834,244.225622905246,18.1870144716672,162.384057782743,7.52306600425834
2020-08-20,835,15,818,15,17,0,986,16,17750,442,18736,458,0,6,5,130,10,699,0,33,8,"Anderson",76978,111.720231754527,0.0606811145510836,594.975187715971,19.4860869339292,168.879420094053,6.06811145510836
2020-08-21,838,3,821,3,17,0,989,3,17786,36,18775,39,1,7,-7,123,9,708,0,33,8,"Anderson",76978,93.53321728286,0.0606293169608596,50.6638260282159,3.89721738678583,159.785912858219,6.06293169608596
2020-08-22,856,18,839,18,17,0,1008,19,18330,544,19338,563,1,8,10,133,7,715,1,34,8,"Anderson",76978,103.925796980956,0.052728387492336,731.377796253475,23.383304320715,172.776637480839,5.2728387492336
2020-08-23,857,1,840,1,17,0,1009,1,18414,84,19423,85,0,8,-5,128,6,721,0,34,8,"Anderson",76978,89.6359998960742,0.0467948717948718,110.421159292265,1.29907246226194,166.281275169529,4.67948717948718
2020-08-24,858,1,840,0,18,1,1009,0,18453,39,19462,39,0,8,-19,109,20,741,0,34,8,"Anderson",76978,85.7387825092884,0.0450740502253702,50.6638260282159,1.29907246226194,141.598898386552,4.50740502253703
2020-08-25,866,8,848,8,18,0,1017,8,18605,152,19622,160,0,8,-2,107,10,751,1,35,8,"Anderson",76978,77.9443477357167,0.0398172323759791,207.851593961911,10.3925796980956,139.000753462028,3.98172323759791
2020-08-26,872,6,854,6,18,0,1023,6,18785,180,19808,186,0,8,-14,93,20,771,0,35,8,"Anderson",76978,67.5517680376211,0.034640522875817,241.627477980722,7.79443477357167,120.813738990361,3.4640522875817
2020-08-27,875,3,857,3,18,0,1026,3,19196,411,20222,414,0,8,-16,77,19,790,0,35,8,"Anderson",76978,51.9628984904778,0.0269179004037685,537.815999376445,3.89721738678583,100.02857959417,2.69179004037685
2020-08-28,875,0,857,0,18,0,1026,0,19234,38,20260,38,0,8,-20,57,20,810,0,35,8,"Anderson",76978,48.065681103692,0.0249158249158249,49.3647535659539,0,74.0471303489309,2.49158249158249
2020-08-29,884,9,865,8,19,1,1034,8,19496,262,20530,270,0,8,3,60,6,816,0,35,8,"Anderson",76978,36.3740289433345,0.0218120805369128,350.749564810725,11.6916521603575,77.9443477357167,2.18120805369128
2020-08-30,900,16,881,16,19,0,1050,16,19579,83,20629,99,0,8,8,68,8,824,0,35,8,"Anderson",76978,55.8601158772636,0.0339966832504146,128.608173763933,20.7851593961911,88.3369274338123,3.39966832504146
2020-08-31,902,2,883,2,19,0,1052,2,19637,58,20689,60,0,8,-15,53,17,841,0,35,8,"Anderson",76978,57.1591883395256,0.0350448247758761,77.9443477357167,2.59814492452389,68.8508404998831,3.50448247758761
2020-09-01,909,7,889,6,20,1,1058,6,19748,111,20806,117,0,8,0,53,7,848,0,35,8,"Anderson",76978,55.8601158772636,0.0346283783783784,151.991478084648,9.09350723583361,68.8508404998831,3.46283783783784
2020-09-02,917,8,895,6,22,2,1068,10,20064,316,21132,326,0,8,5,58,3,851,0,35,8,"Anderson",76978,58.4582608017875,0.033987915407855,423.497622697394,10.3925796980956,75.3462028111928,3.3987915407855
2020-09-03,933,16,909,14,24,2,1084,16,20388,324,21472,340,0,8,10,68,6,857,0,35,9,"Anderson",76978,75.3462028111928,0.0464,441.684637169061,20.7851593961911,88.3369274338123,4.64
2020-09-04,942,9,917,8,25,1,1094,10,20577,189,21671,199,0,8,6,74,3,860,0,35,9,"Anderson",76978,87.0378549715503,0.0481927710843374,258.515419990127,11.6916521603575,96.1313622073839,4.81927710843374
2020-09-05,961,19,936,19,25,0,1115,21,20846,269,21961,290,0,8,16,90,3,863,1,36,10,"Anderson",76978,100.02857959417,0.0566037735849057,376.731014055964,24.682376782977,116.916521603575,5.66037735849057
2020-09-06,963,2,938,2,25,0,1117,2,20902,56,22019,58,0,8,-1,89,3,866,0,36,10,"Anderson",76978,81.8415651225025,0.0482014388489209,75.3462028111928,2.59814492452389,115.617449141313,4.82014388489209
2020-09-07,966,3,941,3,25,0,1122,5,20990,88,22112,93,0,8,-8,81,11,877,0,36,10,"Anderson",76978,83.1406375847645,0.0491918482080112,120.813738990361,3.89721738678583,105.224869443218,4.91918482080112
2020-09-08,975,9,944,3,31,6,1126,4,21165,175,22291,179,1,9,4,85,4,881,0,36,10,"Anderson",76978,85.7387825092884,0.0457912457912458,232.533970744888,11.6916521603575,110.421159292265,4.57912457912458
2020-09-09,984,9,953,9,31,0,1135,9,21406,241,22541,250,0,9,-3,82,12,893,1,37,11,"Anderson",76978,87.0378549715503,0.0475514549325763,324.768115565486,11.6916521603575,106.523941905479,4.75514549325763
2020-09-10,1013,29,981,28,32,1,1165,30,21775,369,22940,399,1,10,25,107,3,896,0,37,11,"Anderson",76978,103.925796980956,0.0551771117166213,518.329912442516,37.6731014055964,139.000753462028,5.51771117166213
2020-09-11,1014,1,982,1,32,0,1167,2,21908,133,23075,135,0,10,-13,94,14,910,0,37,11,"Anderson",76978,93.53321728286,0.051994301994302,175.374782405363,1.29907246226194,122.112811452623,5.1994301994302
2020-09-12,1017,3,985,3,32,0,1172,5,22050,142,23222,147,0,10,-5,89,8,918,0,37,11,"Anderson",76978,72.7480578866689,0.0452022204599524,190.963651952506,3.89721738678583,115.617449141313,4.52022204599524
2020-09-13,1038,21,1005,20,33,1,1193,21,22294,244,23487,265,0,10,16,105,5,923,1,38,11,"Anderson",76978,97.4304346696459,0.0517711171662125,344.254202499415,27.2805217075008,136.402608537504,5.17711171662125
2020-09-14,1044,6,1010,5,34,1,1199,6,22400,106,23599,112,0,10,-7,98,13,936,1,39,11,"Anderson",76978,101.327652056432,0.0517821116341627,145.496115773338,7.79443477357167,127.309101301671,5.17821116341627
2020-09-15,1060,16,1026,16,34,0,1216,17,22640,240,23856,257,1,11,5,103,10,946,1,40,12,"Anderson",76978,110.421159292265,0.0575079872204473,333.86162280132,20.7851593961911,133.80446361298,5.75079872204473
2020-09-16,1068,8,1034,8,34,0,1228,12,22776,136,24004,148,0,11,-5,98,13,959,0,40,12,"Anderson",76978,109.122086830003,0.063568010936432,192.262724414768,10.3925796980956,127.309101301671,6.3568010936432
2020-09-17,1090,22,1054,20,36,2,1248,20,23197,421,24445,441,0,11,15,113,7,966,1,41,12,"Anderson",76978,100.02857959417,0.0551495016611296,572.890955857518,28.5795941697628,146.7951882356,5.51495016611296
2020-09-18,1109,19,1073,19,36,0,1266,18,23421,224,24687,242,0,11,6,119,13,979,0,41,12,"Anderson",76978,123.411883914885,0.0614143920595533,314.375535867391,24.682376782977,154.589623009171,6.14143920595533
2020-09-19,1124,15,1088,15,36,0,1287,21,23703,282,24990,303,0,11,9,128,6,985,1,42,12,"Anderson",76978,139.000753462028,0.0650452488687783,393.618956065369,19.4860869339292,166.281275169529,6.50452488687783
2020-09-20,1131,7,1095,7,36,0,1297,10,23855,152,25152,162,0,11,0,128,7,992,0,42,13,"Anderson",76978,120.813738990361,0.0624624624624625,210.449738886435,9.09350723583361,166.281275169529,6.24624624624625
2020-09-21,1133,2,1097,2,36,0,1299,2,23888,33,25187,35,0,11,-6,122,8,1000,0,42,13,"Anderson",76978,115.617449141313,0.0629722921914358,45.4675361791681,2.59814492452389,158.486840395957,6.29722921914358
2020-09-22,1147,14,1111,14,36,0,1316,17,24136,248,25452,265,0,11,0,122,14,1014,1,43,13,"Anderson",76978,113.019304216789,0.06265664160401,344.254202499415,18.1870144716672,158.486840395957,6.265664160401
2020-09-23,1147,0,1111,0,36,0,1316,0,24177,41,25493,41,0,11,-12,110,12,1026,0,43,13,"Anderson",76978,102.626724518694,0.0591000671591672,53.2619709527397,0,142.897970848814,5.91000671591672
2020-09-24,1160,13,1124,13,36,0,1331,15,24501,324,25832,339,1,12,0,110,12,1038,0,43,13,"Anderson",76978,90.9350723583361,0.0598413842826244,440.385564706799,16.8879420094053,142.897970848814,5.98413842826244
2020-09-25,1174,14,1137,13,37,1,1344,13,24737,236,26081,249,1,13,-2,108,15,1053,0,43,13,"Anderson",76978,84.4397100470264,0.0559540889526542,323.469043103224,18.1870144716672,140.29982592429,5.59540889526542
2020-09-26,1188,14,1151,14,37,0,1361,17,25037,300,26398,317,0,13,8,116,6,1059,0,43,13,"Anderson",76978,83.1406375847645,0.0525568181818182,411.805970537037,18.1870144716672,150.692405622386,5.25568181818182
2020-09-27,1207,19,1168,17,39,2,1377,16,25244,207,26621,223,0,13,12,128,7,1066,0,43,13,"Anderson",76978,98.7295071319078,0.0544588155207624,289.693159084414,24.682376782977,166.281275169529,5.44588155207624
2020-09-28,1210,3,1170,2,40,1,1379,2,25281,37,26660,39,0,13,-9,119,12,1078,0,43,13,"Anderson",76978,100.02857959417,0.0543109300746775,50.6638260282159,3.89721738678583,154.589623009171,5.43109300746775
2020-09-29,1221,11,1180,10,41,1,1389,10,25575,294,26964,304,0,13,-7,112,18,1096,0,43,13,"Anderson",76978,96.1313622073839,0.0482804232804233,394.918028527631,14.2897970848814,145.496115773338,4.82804232804233
2020-09-30,1233,12,1190,10,43,2,1399,10,25641,66,27040,76,0,13,3,115,9,1105,0,43,13,"Anderson",76978,111.720231754527,0.0536522301228184,98.7295071319078,15.5888695471433,149.393333160124,5.36522301228184
2020-10-01,1249,16,1204,14,45,2,1414,15,25921,280,27335,295,0,13,4,119,12,1117,0,43,13,"Anderson",76978,115.617449141313,0.0552228875582169,383.226376367274,20.7851593961911,154.589623009171,5.52228875582169
2020-10-02,1256,7,1210,6,46,1,1421,7,26003,82,27424,89,0,13,1,120,6,1123,0,43,13,"Anderson",76978,106.523941905479,0.0573343261355175,115.617449141313,9.09350723583361,155.888695471433,5.73343261355175
2020-10-03,1272,16,1226,16,46,0,1445,24,26267,264,27712,288,0,13,3,123,13,1136,0,43,13,"Anderson",76978,109.122086830003,0.0639269406392694,374.13286913144,20.7851593961911,159.785912858219,6.39269406392694
2020-10-04,1288,16,1240,14,48,2,1461,16,26604,337,28065,353,0,13,8,131,8,1144,0,43,13,"Anderson",76978,105.224869443218,0.0581717451523546,458.572579178467,20.7851593961911,170.178492556315,5.81717451523546
2020-10-05,1314,26,1265,25,49,1,1488,27,26815,211,28303,238,0,13,11,142,15,1159,1,44,13,"Anderson",76978,135.103536075242,0.0663420572124163,309.179246018343,33.7758840188106,184.468289641196,6.63420572124163
2020-10-06,1342,28,1292,27,50,1,1520,32,27152,337,28672,369,0,13,15,157,13,1172,1,45,13,"Anderson",76978,157.187767933695,0.0766978922716628,479.357738574658,36.3740289433345,203.954376575125,7.66978922716628
2020-10-07,1348,6,1298,6,50,0,1528,8,27387,235,28915,243,0,13,-3,154,9,1181,0,45,13,"Anderson",76978,149.393333160124,0.0688,315.674608329653,7.79443477357167,200.05715918834,6.88
2020-10-08,1358,10,1306,8,52,2,1537,9,27626,239,29163,248,0,13,-3,151,13,1194,1,46,13,"Anderson",76978,141.598898386552,0.0672866520787746,322.169970640962,12.9907246226195,196.159941801554,6.72866520787746
2020-10-09,1373,15,1319,13,54,2,1553,16,27799,173,29352,189,0,13,-2,149,17,1211,0,46,13,"Anderson",76978,151.991478084648,0.0684647302904564,245.524695367508,19.4860869339292,193.56179687703,6.84647302904564
2020-10-10,1389,16,1335,16,54,0,1573,20,28011,212,29584,232,0,13,3,152,13,1224,1,47,14,"Anderson",76978,151.991478084648,0.0683760683760684,301.384811244771,20.7851593961911,197.459014263816,6.83760683760684
2020-10-11,1417,28,1363,28,54,0,1604,31,28300,289,29904,320,0,13,18,170,10,1234,0,47,14,"Anderson",76978,167.580347631791,0.0777596519847743,415.703187923822,36.3740289433345,220.842318584531,7.77596519847743
2020-10-12,1433,16,1378,15,55,1,1620,16,28379,79,29999,95,0,13,-11,159,27,1261,0,47,14,"Anderson",76978,154.589623009171,0.0778301886792453,123.411883914885,20.7851593961911,206.552521499649,7.78301886792453
2020-10-13,1453,20,1396,18,57,2,1638,18,28500,121,30138,139,0,13,7,166,13,1274,0,47,14,"Anderson",76978,144.197043311076,0.0804911323328786,180.57107225441,25.9814492452389,215.646028735483,8.04911323328786
2020-10-14,1475,22,1418,22,57,0,1662,24,28800,300,30462,324,0,13,12,178,10,1284,0,47,14,"Anderson",76978,164.982202707267,0.0866192630898513,420.89947777287,28.5795941697628,231.234898282626,8.66192630898513
2020-10-15,1497,22,1434,16,63,6,1676,14,28951,151,30627,165,0,13,2,180,20,1304,1,48,14,"Anderson",76978,180.57107225441,0.0949453551912568,214.346956273221,28.5795941697628,233.83304320715,9.49453551912568
2020-10-16,1504,7,1437,3,67,4,1680,4,29050,99,30730,103,0,13,-11,169,18,1322,0,48,15,"Anderson",76978,170.178492556315,0.0921625544267054,133.80446361298,9.09350723583361,219.543246122269,9.21625544267054
2020-10-17,1532,28,1464,27,68,1,1710,30,29298,248,31008,278,0,13,14,183,14,1336,2,50,15,"Anderson",76978,185.767362103458,0.0962078651685393,361.142144508821,36.3740289433345,237.730260593936,9.62078651685393
2020-10-18,1552,20,1484,20,68,0,1733,23,29537,239,31270,262,0,13,5,188,15,1351,0,50,15,"Anderson",76978,175.374782405363,0.0944363103953148,340.35698511263,25.9814492452389,244.225622905246,9.44363103953148
2020-10-19,1556,4,1488,4,68,0,1738,5,29614,77,31352,82,0,13,-16,172,20,1371,1,51,15,"Anderson",76978,159.785912858219,0.0872135994087214,106.523941905479,5.19628984904778,223.440463509055,8.72135994087214
2020-10-20,1583,27,1515,27,68,0,1773,35,29813,199,31586,234,0,13,6,178,21,1392,0,51,15,"Anderson",76978,168.879420094053,0.093232044198895,303.982956169295,35.0749564810725,231.234898282626,9.3232044198895
2020-10-21,1600,17,1532,17,68,0,1792,19,30029,216,31821,235,0,13,8,186,9,1401,1,52,15,"Anderson",76978,162.384057782743,0.0956585724797645,305.282028631557,22.0842318584531,241.627477980722,9.56585724797645
2020-10-22,1621,21,1553,21,68,0,1817,25,30361,332,32178,357,1,14,-4,182,24,1425,0,52,15,"Anderson",76978,161.084985320481,0.0909090909090909,463.768869027514,27.2805217075008,236.431188131674,9.09090909090909
2020-10-23,1636,15,1567,14,69,1,1833,16,30636,275,32469,291,0,14,-7,175,22,1447,0,52,15,"Anderson",76978,171.477565018577,0.0879815986198965,378.030086518226,19.4860869339292,227.33768089584,8.79815986198965
2020-10-24,1667,31,1597,30,70,1,1866,33,31012,376,32878,409,0,14,19,194,12,1459,2,54,17,"Anderson",76978,175.374782405363,0.0834224598930481,531.320637065136,40.2712463301203,252.020057678817,8.34224598930481
2020-10-25,1684,17,1613,16,71,1,1885,19,31208,196,33093,215,0,14,0,194,17,1476,4,58,17,"Anderson",76978,171.477565018577,0.0833790455293472,279.300579386318,22.0842318584531,252.020057678817,8.33790455293472
2020-10-26,1700,16,1628,15,72,1,1903,18,31342,134,33245,152,-1,13,-11,183,28,1504,1,59,17,"Anderson",76978,187.06643456572,0.0871632329635499,197.459014263816,20.7851593961911,237.730260593936,8.71632329635499
2020-10-27,1729,29,1652,24,77,5,1927,24,31497,155,33424,179,1,14,10,193,18,1522,2,61,17,"Anderson",76978,189.664579490244,0.0837867247007617,232.533970744888,37.6731014055964,250.720985216555,8.37867247007617
2020-10-28,1785,56,1706,54,79,2,1986,59,31931,434,33917,493,0,14,33,226,23,1545,0,61,17,"Anderson",76978,240.32840551846,0.0925572519083969,640.442723895139,72.7480578866689,293.5903764712,9.25572519083969
2020-10-29,1814,29,1727,21,87,8,2005,19,32137,206,34142,225,0,14,6,232,23,1568,2,63,17,"Anderson",76978,250.720985216555,0.0957230142566191,292.291304008938,37.6731014055964,301.384811244771,9.57230142566191
2020-10-30,1851,37,1761,34,90,3,2043,38,32288,151,34331,189,2,16,20,252,15,1583,1,64,17,"Anderson",76978,279.300579386318,0.112781954887218,245.524695367508,48.065681103692,327.36626049001,11.2781954887218
2020-10-31,1851,0,1761,0,90,0,2043,0,32289,1,34332,1,0,16,-10,242,10,1593,0,64,19,"Anderson",76978,239.029333056198,0.121733149931224,1.29907246226194,0,314.375535867391,12.1733149931224
2020-11-01,1856,5,1766,5,90,0,2051,8,32533,244,34584,252,0,16,-10,232,15,1608,0,64,19,"Anderson",76978,223.440463509055,0.111334674714956,327.36626049001,6.49536231130973,301.384811244771,11.1334674714956
2020-11-02,1889,33,1797,31,92,2,2086,35,32800,267,34886,302,0,16,8,240,25,1633,0,64,20,"Anderson",76978,245.524695367508,0.111517367458867,392.319883603107,42.8693912546442,311.777390942867,11.1517367458867
2020-11-03,1915,26,1822,25,93,1,2111,25,32980,180,35091,205,0,16,6,246,20,1653,0,64,21,"Anderson",76978,241.627477980722,0.110377924415117,266.309854763699,33.7758840188106,319.571825716438,11.0377924415117
2020-11-04,1933,18,1837,15,96,3,2129,18,33059,79,35188,97,2,18,1,247,15,1668,1,65,21,"Anderson",76978,192.262724414768,0.112509834775767,126.010028839409,23.383304320715,320.8708981787,11.2509834775767
2020-11-05,1957,24,1855,18,102,6,2149,20,33158,99,35307,119,0,18,1,248,23,1691,0,65,22,"Anderson",76978,185.767362103458,0.123605150214592,154.589623009171,31.1777390942867,322.169970640962,12.3605150214592
2020-11-06,2006,49,1901,46,105,3,2198,49,33525,367,35723,416,0,18,24,272,25,1716,2,67,23,"Anderson",76978,201.356231650601,0.111350574712644,540.414144300969,63.6545506508353,353.347709735249,11.1350574712644
2020-11-07,2086,80,1978,77,108,3,2275,77,33972,447,36247,524,0,18,50,322,30,1746,0,67,23,"Anderson",76978,305.282028631557,0.121148825065274,680.713970225259,103.925796980956,418.301332848346,12.1148825065274
2020-11-08,2140,54,2029,51,111,3,2337,62,34582,610,36919,672,0,18,39,361,15,1761,1,68,23,"Anderson",76978,368.936579282392,0.122483940042827,872.976694640027,70.149912962145,468.965158876562,12.2483940042827
2020-11-09,2148,8,2036,7,112,1,2346,9,34656,74,37002,83,0,18,-46,315,54,1815,0,68,23,"Anderson",76978,336.459767725844,0.122873345935728,107.823014367741,10.3925796980956,409.207825612513,12.2873345935728
2020-11-10,2167,19,2054,18,113,1,2368,22,34827,171,37195,193,0,18,-16,299,35,1850,1,69,23,"Anderson",76978,327.36626049001,0.122148288973384,250.720985216555,24.682376782977,388.422666216322,12.2148288973384
2020-11-11,2206,39,2090,36,116,3,2410,42,35100,273,37510,315,1,19,13,312,25,1875,1,70,23,"Anderson",76978,354.646782197511,0.121016365202412,409.207825612513,50.6638260282159,405.310608225727,12.1016365202412
2020-11-12,2213,7,2096,6,117,1,2418,8,35298,198,37716,206,0,19,-13,299,20,1895,0,70,24,"Anderson",76978,332.562550339058,0.111664591116646,267.608927225961,9.09350723583361,388.422666216322,11.1664591116646
2020-11-13,2269,56,2149,53,120,3,2477,59,35560,262,38037,321,2,21,31,330,23,1918,2,72,24,"Anderson",76978,341.656057574892,0.12057044079516,417.002260386084,72.7480578866689,428.693912546442,12.057044079516
2020-11-14,2310,41,2189,40,121,1,2522,45,35956,396,38478,441,1,22,20,350,20,1938,1,73,25,"Anderson",76978,290.992231546676,0.110712684894666,572.890955857518,53.2619709527397,454.675361791681,11.0712684894666
2020-11-15,2408,98,2287,98,121,0,2630,108,36538,582,39168,690,1,23,79,429,18,1956,1,74,25,"Anderson",76978,348.151419886201,0.130280124499778,896.359998960742,127.309101301671,557.302086310374,13.0280124499778
2020-11-16,2457,49,2316,29,141,20,2659,29,36815,277,39474,306,0,23,-6,423,55,2011,1,75,25,"Anderson",76978,401.413390838941,0.126618122977346,397.516173452155,63.6545506508353,549.507651536803,12.6618122977346
2020-11-17,2473,16,2331,15,142,1,2675,16,37021,206,39696,222,2,25,-37,386,51,2062,1,76,26,"Anderson",76978,397.516173452155,0.122750899640144,288.394086622152,20.7851593961911,501.441970433111,12.2750899640144
2020-11-18,2503,30,2357,26,146,4,2701,26,37315,294,40016,320,0,25,-5,381,35,2097,0,76,27,"Anderson",76978,385.824521291798,0.116121308858739,415.703187923822,38.9721738678584,494.946608121801,11.6121308858739
2020-11-19,2561,58,2411,54,150,4,2763,62,37731,416,40494,478,0,25,19,400,39,2136,1,77,27,"Anderson",76978,452.077216867157,0.124190064794816,620.95663696121,75.3462028111928,519.628984904778,12.4190064794816
2020-11-20,2591,30,2438,27,153,3,2794,31,37845,114,40639,145,0,25,-10,390,40,2176,0,77,28,"Anderson",76978,418.301332848346,0.121829362029208,188.365507027982,38.9721738678584,506.638260282159,12.1829362029208
2020-11-21,2648,57,2487,49,161,8,2842,48,38189,344,41031,392,0,25,33,423,24,2200,1,78,28,"Anderson",76978,439.086492244537,0.125342734038386,509.236405206682,74.0471303489309,549.507651536803,12.5342734038386
2020-11-22,2704,56,2536,49,168,7,2899,57,38672,483,41571,540,0,25,42,465,14,2214,1,79,31,"Anderson",76978,384.525448829536,0.111943404078236,701.49912962145,72.7480578866689,604.068694951804,11.1943404078236
2020-11-23,2711,7,2542,6,169,1,2905,6,38694,22,41599,28,0,25,-64,401,71,2285,0,79,32,"Anderson",76978,329.964405414534,0.115764705882353,36.3740289433345,9.09350723583361,520.92805736704,11.5764705882353
2020-11-24,2724,13,2554,12,170,1,2917,12,38851,157,41768,169,2,27,-35,366,46,2331,0,79,32,"Anderson",76978,326.067188027748,0.116795366795367,219.543246122269,16.8879420094053,475.460521187872,11.6795366795367
2020-11-25,2752,28,2575,21,177,7,2938,21,38888,37,41826,58,1,28,-11,355,38,2369,0,79,32,"Anderson",76978,323.469043103224,0.130939226519337,75.3462028111928,36.3740289433345,461.170724102991,13.0939226519337
2020-11-26,2797,45,2617,42,180,3,2983,45,39238,350,42221,395,0,28,-30,325,75,2444,1,80,33,"Anderson",76978,306.581101093819,0.127388535031847,513.133622593468,58.4582608017875,422.198550235132,12.7388535031847
2020-11-27,2896,99,2707,90,189,9,3078,95,39664,426,42742,521,0,28,56,381,43,2487,3,83,35,"Anderson",76978,396.217100989893,0.135045173561579,676.816752838473,128.608173763933,494.946608121801,13.5045173561579
2020-11-28,2927,31,2732,25,195,6,3108,30,39807,143,42915,173,1,29,5,386,25,2512,2,85,35,"Anderson",76978,362.441216971083,0.141188959660297,224.739535971316,40.2712463301203,501.441970433111,14.1188959660297
2020-11-29,3018,91,2821,89,197,2,3204,96,40244,437,43448,533,0,29,65,451,26,2538,1,86,35,"Anderson",76978,407.908753150251,0.162493340436867,692.405622385617,118.215594065837,585.881680480137,16.2493340436867
2020-11-30,3088,70,2887,66,201,4,3277,73,40496,252,43773,325,0,29,1,452,69,2607,0,86,37,"Anderson",76978,489.750318272753,0.171113155473781,422.198550235132,90.9350723583361,587.180752942399,17.1113155473781
2020-12-01,3164,76,2953,66,211,10,3349,72,40927,431,44276,503,1,30,14,466,61,2668,6,92,38,"Anderson",76978,571.591883395256,0.172248803827751,653.433448517758,98.7295071319078,605.367767414066,17.2248803827751
2020-12-02,3179,15,2967,14,212,1,3365,16,41035,108,44400,124,0,30,-40,426,55,2723,0,92,38,"Anderson",76978,554.70394138585,0.165889665889666,161.084985320481,19.4860869339292,553.404868923589,16.5889665889666
2020-12-03,3220,41,2996,29,224,12,3398,33,41259,224,44657,257,1,31,-14,412,54,2777,1,93,39,"Anderson",76978,549.507651536803,0.170361247947455,333.86162280132,53.2619709527397,535.217854451921,17.0361247947455
2020-12-04,3287,67,3056,60,231,7,3461,63,41417,158,44878,221,1,32,-25,387,91,2868,0,93,39,"Anderson",76978,507.93733274442,0.179307116104869,287.09501415989,87.0378549715503,502.741042895373,17.9307116104869
2020-12-05,3318,31,3075,19,243,12,3479,18,41484,67,44963,85,0,32,1,388,30,2898,0,93,39,"Anderson",76978,507.93733274442,0.18115234375,110.421159292265,40.2712463301203,504.040115357635,18.115234375
2020-12-06,3354,36,3104,29,250,7,3507,28,41692,208,45199,236,0,32,12,400,24,2922,2,95,40,"Anderson",76978,436.488347320014,0.173043974871502,306.581101093819,46.76660864143,519.628984904778,17.3043974871502
2020-12-07,3494,140,3228,124,266,16,3643,136,42285,593,45928,729,2,34,28,428,110,3032,4,99,41,"Anderson",76978,527.42341967835,0.169837587006961,947.023824988958,181.870144716672,556.003013848112,16.9837587006961
2020-12-08,3565,71,3277,49,288,22,3695,52,42583,298,46278,350,1,35,-8,420,78,3110,2,101,43,"Anderson",76978,520.92805736704,0.172827172827173,454.675361791681,92.2341448205981,545.610434150017,17.2827172827173
2020-12-09,3670,105,3368,91,302,14,3799,104,42844,261,46643,365,0,35,46,466,59,3169,3,104,44,"Anderson",76978,637.844578970615,0.193490860454748,474.16144872561,136.402608537504,605.367767414066,19.3490860454748
2020-12-10,3764,94,3446,78,318,16,3886,87,43376,532,47262,619,3,38,81,547,10,3179,3,107,45,"Anderson",76978,706.695419470498,0.187332053742802,804.125854140144,122.112811452623,710.592636857284,18.7332053742802
2020-12-11,3837,73,3499,53,338,20,3937,51,43542,166,47479,217,1,39,30,577,42,3221,2,109,45,"Anderson",76978,714.48985424407,0.183006535947712,281.898724310842,94.832289745122,749.564810725142,18.3006535947712
2020-12-12,3925,88,3560,61,365,27,4002,65,44055,513,48057,578,0,39,55,632,33,3254,2,111,45,"Anderson",76978,788.536984593001,0.169036845507434,750.863883187404,114.318376679051,821.013796149549,16.9036845507434
2020-12-13,4157,232,3743,183,414,49,4206,204,44927,872,49133,1076,1,40,188,820,43,3297,0,111,47,"Anderson",76978,1043.15518719634,0.177681748856126,1397.80196939385,301.384811244771,1065.23941905479,17.7681748856126
2020-12-14,4272,115,3829,86,443,29,4305,99,45218,291,49523,390,0,40,-37,783,152,3449,1,112,48,"Anderson",76978,1010.67837563979,0.184144645340751,506.638260282159,149.393333160124,1017.1737379511,18.4144645340751
2020-12-15,4407,135,3914,85,493,50,4401,96,45745,527,50146,623,1,41,42,825,92,3541,6,118,51,"Anderson",76978,1093.81901322456,0.182523267838676,809.322143989192,175.374782405363,1071.7347813661,18.2523267838676
2020-12-16,4476,69,3944,30,532,39,4437,36,46068,323,50505,359,2,43,-17,808,84,3625,4,122,52,"Anderson",76978,1047.05240458313,0.165199378560331,466.367013952038,89.6359998960742,1049.65054950765,16.5199378560331
2020-12-17,4677,201,4118,174,559,27,4631,194,46596,528,51227,722,2,45,114,922,85,3710,2,124,54,"Anderson",76978,1186.05315804516,0.187894073139975,937.930317753124,261.113564914651,1197.74481020551,18.7894073139975
2020-12-18,4775,98,4194,76,581,22,4718,87,46962,366,51680,453,1,46,23,945,74,3784,2,126,54,"Anderson",76978,1218.5299696017,0.185908117114973,588.479825404661,127.309101301671,1227.62347683754,18.5908117114973
2020-12-19,4880,105,4275,81,605,24,4805,87,47220,258,52025,345,0,46,74,1019,31,3815,1,127,55,"Anderson",76978,1240.61420146016,0.202368951612903,448.179999480371,136.402608537504,1323.75483904492,20.2368951612903
2020-12-20,5020,140,4397,122,623,18,4942,137,47684,464,52626,601,2,48,84,1103,54,3869,3,130,56,"Anderson",76978,1121.09953493206,0.2107071285428,780.742549819429,181.870144716672,1432.87692587493,21.07071285428
2020-12-21,5068,48,4415,18,653,30,4965,23,47904,220,52869,243,3,51,-83,1020,128,3997,2,132,59,"Anderson",76978,1034.06167996051,0.197250448296473,315.674608329653,62.3554781885734,1325.05391150718,19.7250448296473
2020-12-22,5138,70,4459,44,679,26,5012,47,48010,106,53022,153,1,52,-31,989,100,4097,2,134,64,"Anderson",76978,949.621969913482,0.212447844228095,198.758086726078,90.9350723583361,1284.78266517706,21.2447844228095
2020-12-23,5212,74,4501,42,711,32,5055,43,48326,316,53381,359,2,54,-8,981,80,4177,2,136,66,"Anderson",76978,956.117332224792,0.214881780250348,466.367013952038,96.1313622073839,1274.39008547897,21.4881780250348
2020-12-24,5270,58,4525,24,745,34,5082,27,48478,152,53560,179,1,55,-47,934,104,4281,1,137,71,"Anderson",76978,770.349970121333,0.193313330475782,232.533970744888,75.3462028111928,1213.33367975266,19.3313330475782
2020-12-25,5364,94,4603,78,761,16,5175,93,48887,409,54062,502,0,55,-15,919,109,4390,1,138,72,"Anderson",76978,765.153680272286,0.191855583543241,652.134376055496,122.112811452623,1193.84759281873,19.1855583543241
2020-12-26,5420,56,4632,29,788,27,5203,28,49006,119,54209,147,0,55,6,925,50,4440,3,141,74,"Anderson",76978,701.49912962145,0.182234432234432,190.963651952506,72.7480578866689,1201.6420275923,18.2234432234432
2020-12-27,5480,60,4669,37,811,23,5239,36,49142,136,54381,172,1,56,30,955,29,4469,6,147,75,"Anderson",76978,597.573332640495,0.169230769230769,223.440463509055,77.9443477357167,1240.61420146016,16.9230769230769
2020-12-28,5527,47,4690,21,837,26,5259,20,49211,69,54470,89,2,58,-85,870,130,4599,4,151,82,"Anderson",76978,596.274260178233,0.183635227982511,115.617449141313,61.0564057263114,1130.19304216789,18.3635227982511
2020-12-29,5623,96,4742,52,881,44,5307,48,49306,95,54613,143,2,60,-34,836,128,4727,5,156,85,"Anderson",76978,630.050144197043,0.185417976115651,185.767362103458,124.710956377147,1086.02457845099,18.5417976115651
2020-12-30,5658,35,4760,18,898,17,5324,17,49434,128,54758,145,6,66,-89,747,118,4845,1,157,88,"Anderson",76978,579.386318168827,0.195352214960058,188.365507027982,45.4675361791681,970.407129309673,19.5352214960058
2020-12-31,5821,163,4860,100,961,63,5426,102,49738,304,55164,406,6,72,63,810,94,4939,1,158,93,"Anderson",76978,715.788926706332,0.214463840399002,527.42341967835,211.748811348697,1052.24869443218,21.4463840399002
2021-01-01,5886,65,4902,42,984,23,5481,55,50014,276,55495,331,0,72,-25,785,90,5029,2,160,94,"Anderson",76978,678.115825300735,0.213538032100488,429.992985008704,84.4397100470264,1019.77188287563,21.3538032100488
2021-01-02,5979,93,4943,41,1036,52,5522,41,50299,285,55821,326,0,72,49,834,44,5073,2,162,96,"Anderson",76978,726.181506404427,0.197890818858561,423.497622697394,120.813738990361,1083.42643352646,19.7890818858561
2021-01-03,6004,25,4955,12,1049,13,5538,16,50351,52,55889,68,0,72,-9,825,34,5107,1,163,98,"Anderson",76978,680.713970225259,0.198275862068966,88.3369274338123,32.4768115565486,1071.7347813661,19.8275862068966
2021-01-04,6041,37,4979,24,1062,13,5569,31,50458,107,56027,138,1,73,-57,768,93,5200,0,163,103,"Anderson",76978,667.72324560264,0.199100834938985,179.271999792148,48.065681103692,997.687651017174,19.9100834938985
2021-01-05,6113,72,5010,31,1103,41,5600,31,50576,118,56176,149,2,75,-48,720,118,5318,2,165,106,"Anderson",76978,636.545506508353,0.187460012795905,193.56179687703,93.53321728286,935.3321728286,18.7460012795905
2021-01-06,6187,74,5050,40,1137,34,5643,43,50737,161,56380,204,5,80,-12,708,81,5399,2,167,108,"Anderson",76978,687.209332536569,0.196670776818742,265.010782301437,96.1313622073839,919.743303281457,19.6670776818742
2021-01-07,6292,105,5130,80,1162,25,5735,92,50958,221,56693,313,1,81,65,773,39,5438,1,168,111,"Anderson",76978,611.863129725376,0.202092871157619,406.609680687989,136.402608537504,1004.18301332848,20.2092871157619
2021-01-08,6374,82,5180,50,1194,32,5787,52,51157,199,56944,251,5,86,61,834,16,5454,2,170,114,"Anderson",76978,633.947361583829,0.211180124223602,326.067188027748,106.523941905479,1083.42643352646,21.1180124223602
2021-01-09,6484,110,5249,69,1235,41,5862,75,51588,431,57450,506,2,88,44,878,64,5518,0,170,116,"Anderson",76978,656.031593442282,0.208717004297115,657.330665904544,142.897970848814,1140.58562186599,20.8717004297115
2021-01-10,6544,60,5274,25,1270,35,5887,25,51682,94,57569,119,2,90,28,906,30,5548,3,173,117,"Anderson",76978,701.49912962145,0.207738095238095,154.589623009171,77.9443477357167,1176.95965080932,20.7738095238095
2021-01-11,6577,33,5284,10,1293,23,5900,13,51753,71,57653,84,1,91,-93,813,125,5673,1,174,119,"Anderson",76978,696.302839772403,0.203567035670357,109.122086830003,42.8693912546442,1056.14591181896,20.3567035670357
2021-01-12,6630,53,5318,34,1312,19,5938,38,51925,172,57863,210,2,93,-100,713,151,5824,1,175,119,"Anderson",76978,671.620462989426,0.200355660936574,272.805217075008,68.8508404998831,926.238665592767,20.0355660936574
2021-01-13,6656,26,5335,17,1321,9,5957,19,52015,90,57972,109,3,96,-44,669,67,5891,0,175,120,"Anderson",76978,609.264984800852,0.197236180904523,141.598898386552,33.7758840188106,869.079477253241,19.7236180904523
2021-01-14,6753,97,5397,62,1356,35,6031,74,52422,407,58453,481,5,101,9,678,83,5974,2,177,122,"Anderson",76978,598.872405102757,0.168181818181818,624.853854347995,126.010028839409,880.771129413599,16.8181818181818
2021-01-15,6787,34,5417,20,1370,14,6055,24,52577,155,58632,179,0,101,-16,662,50,6024,1,178,125,"Anderson",76978,536.516926914183,0.158767772511848,232.533970744888,44.1684637169061,859.985970017408,15.8767772511848
2021-01-16,6851,64,5447,30,1404,34,6088,33,52821,244,58909,277,1,102,2,664,61,6085,1,179,128,"Anderson",76978,476.759593650134,0.154900616860864,359.843072046559,83.1406375847645,862.584114941931,15.4900616860864
2021-01-17,6888,37,5467,20,1421,17,6111,23,52925,104,59036,127,0,102,-6,658,43,6128,0,179,130,"Anderson",76978,446.880927018109,0.152692569870484,164.982202707267,48.065681103692,854.78968016836,15.2692569870484
2021-01-18,6907,19,5475,8,1432,11,6121,10,53021,96,59142,106,1,103,-68,590,86,6214,0,179,131,"Anderson",76978,428.693912546442,0.148421759570181,137.701680999766,24.682376782977,766.452752734548,14.8421759570181
2021-01-19,6949,42,5492,17,1457,25,6141,20,53133,112,59274,132,1,104,-78,512,119,6333,0,179,133,"Anderson",76978,414.40411546156,0.143869596031184,171.477565018577,54.5610434150017,665.125100678116,14.3869596031184
2021-01-20,6977,28,5508,16,1469,12,6160,19,53285,152,59445,171,3,107,-29,483,54,6387,0,179,136,"Anderson",76978,417.002260386084,0.137813985064494,222.141391046793,36.3740289433345,627.451999272519,13.7813985064494
2021-01-21,7033,56,5548,40,1485,16,6199,39,53526,241,59725,280,5,112,-42,441,93,6480,2,181,137,"Anderson",76978,363.740289433345,0.132075471698113,363.740289433345,72.7480578866689,572.890955857518,13.2075471698113
2021-01-22,7071,38,5566,18,1505,20,6221,22,53671,145,59892,167,2,114,-16,425,52,6532,0,181,140,"Anderson",76978,368.936579282392,0.131746031746032,216.945101197745,49.3647535659539,552.105796461327,13.1746031746032
2021-01-23,7109,38,5580,14,1529,24,6234,13,53931,260,60165,273,0,114,8,433,30,6562,1,182,140,"Anderson",76978,335.160695263582,0.116242038216561,354.646782197511,49.3647535659539,562.498376159422,11.6242038216561
2021-01-24,7122,13,5592,12,1530,1,6248,14,53998,67,60246,81,0,114,-21,412,34,6596,0,182,142,"Anderson",76978,303.982956169295,0.113223140495868,105.224869443218,16.8879420094053,535.217854451921,11.3223140495868
2021-01-25,7139,17,5603,11,1536,6,6259,11,54058,60,60317,71,2,116,-47,365,62,6658,1,183,144,"Anderson",76978,301.384811244771,0.117446808510638,92.2341448205981,22.0842318584531,474.16144872561,11.7446808510638
2021-01-26,7166,27,5624,21,1542,6,6284,25,54222,164,60506,189,0,116,-36,329,63,6721,1,184,147,"Anderson",76978,281.898724310842,0.116071428571429,245.524695367508,35.0749564810725,427.39484008418,11.6071428571429
2021-01-27,7183,17,5632,8,1551,9,6293,9,54308,86,60601,95,4,120,-17,312,30,6751,0,184,149,"Anderson",76978,267.608927225961,0.115051903114187,123.411883914885,22.0842318584531,405.310608225727,11.5051903114187
2021-01-28,7270,87,5672,40,1598,47,6340,47,54534,226,60874,273,4,124,24,336,59,6810,0,184,150,"Anderson",76978,307.880173556081,0.122715404699739,354.646782197511,113.019304216789,436.488347320014,12.2715404699739
2021-01-29,7283,13,5676,4,1607,9,6345,5,54579,45,60924,50,1,125,-34,302,46,6856,1,185,150,"Anderson",76978,275.403361999532,0.12015503875969,64.9536231130973,16.8879420094053,392.319883603107,12.015503875969
2021-01-30,7323,40,5711,35,1612,5,6381,36,54838,259,61219,295,2,127,1,303,37,6893,2,187,151,"Anderson",76978,278.001506924056,0.139468690702087,383.226376367274,51.9628984904778,393.618956065369,13.9468690702087
2021-01-31,7339,16,5718,7,1621,9,6392,11,55007,169,61399,180,1,128,-4,299,19,6912,0,187,153,"Anderson",76978,281.898724310842,0.12489158716392,233.83304320715,20.7851593961911,388.422666216322,12.489158716392
2021-02-01,7359,20,5730,12,1629,8,6405,13,55060,53,61465,66,1,129,-26,273,45,6957,1,188,155,"Anderson",76978,285.795941697628,0.127177700348432,85.7387825092884,25.9814492452389,354.646782197511,12.7177700348432
2021-02-02,7366,7,5736,6,1630,1,6411,6,55129,69,61540,75,5,134,-45,228,47,7004,0,188,156,"Anderson",76978,259.814492452389,0.122823984526112,97.4304346696459,9.09350723583361,296.188521395723,12.2823984526112
2021-02-03,7388,22,5742,6,1646,16,6421,10,55321,192,61742,202,4,138,1,229,17,7021,0,188,157,"Anderson",76978,266.309854763699,0.112182296231376,262.412637376913,28.5795941697628,297.487593857985,11.2182296231376
2021-02-04,7418,30,5756,14,1662,16,6438,17,55645,324,62083,341,2,140,-5,224,33,7054,0,188,157,"Anderson",76978,192.262724414768,0.0810587262200165,442.983709631323,38.9721738678584,290.992231546676,8.10587262200166
2021-02-05,7436,18,5767,11,1669,7,6455,17,55802,157,62257,174,2,142,-13,211,29,7083,0,188,158,"Anderson",76978,198.758086726078,0.0825206301575394,226.038608433578,23.383304320715,274.10428953727,8.25206301575394
2021-02-06,7462,26,5783,16,1679,10,6475,20,56024,222,62499,242,1,143,8,219,17,7100,1,189,158,"Anderson",76978,180.57107225441,0.0734375,314.375535867391,33.7758840188106,284.496869235366,7.34375
2021-02-07,7475,13,5790,7,1685,6,6483,8,56131,107,62614,115,0,143,-10,209,23,7123,0,189,158,"Anderson",76978,176.673854867625,0.0748971193415638,149.393333160124,16.8879420094053,271.506144612746,7.48971193415638
2021-02-08,7500,25,5796,6,1704,19,6488,5,56153,22,62641,27,2,145,-12,197,35,7158,0,189,158,"Anderson",76978,183.169217178934,0.070578231292517,35.0749564810725,32.4768115565486,255.917275065603,7.0578231292517
2021-02-09,7524,24,5806,10,1718,14,6499,11,56322,169,62821,180,2,147,-24,173,46,7204,2,191,158,"Anderson",76978,205.253449037387,0.068696330991413,233.83304320715,31.1777390942867,224.739535971316,6.8696330991413
2021-02-10,7549,25,5821,15,1728,10,6518,19,56517,195,63035,214,1,148,8,181,16,7220,1,192,158,"Anderson",76978,209.150666424173,0.0750193348801237,278.001506924056,32.4768115565486,235.132115669412,7.50193348801237
2021-02-11,7562,13,5829,8,1733,5,6530,12,56697,180,63227,192,-1,147,-16,165,30,7250,0,192,159,"Anderson",76978,187.06643456572,0.0804195804195804,249.421912754293,16.8879420094053,214.346956273221,8.04195804195804
2021-02-12,7589,27,5844,15,1745,12,6545,15,56891,194,63436,209,0,147,13,178,14,7264,0,192,159,"Anderson",76978,198.758086726078,0.0763358778625954,271.506144612746,35.0749564810725,231.234898282626,7.63358778625954
2021-02-13,7615,26,5854,10,1761,16,6555,10,57080,189,63635,199,0,147,11,189,15,7279,0,192,159,"Anderson",76978,198.758086726078,0.0704225352112676,258.515419990127,33.7758840188106,245.524695367508,7.04225352112676
2021-02-14,7629,14,5864,10,1765,4,6566,11,57141,61,63707,72,2,149,1,190,11,7290,0,192,159,"Anderson",76978,200.05715918834,0.0759377859103385,93.53321728286,18.1870144716672,246.82376782977,7.59377859103385
2021-02-15,7645,16,5872,8,1773,8,6575,9,57214,73,63789,82,0,149,-6,184,22,7312,1,193,160,"Anderson",76978,188.365507027982,0.0757839721254355,106.523941905479,20.7851593961911,239.029333056198,7.57839721254355
2021-02-16,7674,29,5886,14,1788,15,6592,17,57298,84,63890,101,0,149,11,195,18,7330,0,193,160,"Anderson",76978,194.860869339292,0.0869971936389149,131.206318688456,37.6731014055964,253.319130141079,8.69971936389149
2021-02-17,7693,19,5898,12,1795,7,6604,12,57406,108,64010,120,0,149,-8,187,27,7357,0,193,162,"Anderson",76978,187.06643456572,0.0882051282051282,155.888695471433,24.682376782977,242.926550442984,8.82051282051282
2021-02-18,7717,24,5920,22,1797,2,6630,26,57562,156,64192,182,0,149,9,196,15,7372,0,193,162,"Anderson",76978,201.356231650601,0.103626943005181,236.431188131674,31.1777390942867,254.618202603341,10.3626943005181
2021-02-19,7730,13,5931,11,1799,2,6645,15,57608,46,64253,61,0,149,0,196,13,7385,0,193,163,"Anderson",76978,183.169217178934,0.122399020807834,79.2434201979787,16.8879420094053,254.618202603341,12.2399020807834
2021-02-20,7749,19,5938,7,1811,12,6654,9,57730,122,64384,131,1,150,3,199,15,7400,0,193,164,"Anderson",76978,174.075709943101,0.132176234979973,170.178492556315,24.682376782977,258.515419990127,13.2176234979973
2021-02-21,7761,12,5945,7,1816,5,6661,7,57794,64,64455,71,2,152,-1,198,11,7411,1,194,164,"Anderson",76978,171.477565018577,0.127005347593583,92.2341448205981,15.5888695471433,257.216347527865,12.7005347593583
2021-02-22,7766,5,5947,2,1819,3,6667,6,57831,37,64498,43,1,153,-17,181,21,7432,0,194,165,"Anderson",76978,157.187767933695,0.129760225669958,55.8601158772636,6.49536231130973,235.132115669412,12.9760225669958
2021-02-23,7790,24,5956,9,1834,15,6675,8,57974,143,64649,151,2,155,-2,179,24,7456,0,194,167,"Anderson",76978,150.692405622386,0.10935441370224,196.159941801554,31.1777390942867,232.533970744888,10.935441370224
2021-02-24,7822,32,5975,19,1847,13,6698,23,58148,174,64846,197,0,155,15,194,17,7473,0,194,167,"Anderson",76978,167.580347631791,0.11244019138756,255.917275065603,41.5703187923822,252.020057678817,11.244019138756
2021-02-25,7839,17,5983,8,1856,9,6709,11,58275,127,64984,138,1,156,-3,191,19,7492,0,194,167,"Anderson",76978,158.486840395957,0.0997474747474748,179.271999792148,22.0842318584531,248.122840292031,9.97474747474748
2021-02-26,7851,12,5991,8,1860,4,6718,9,58374,99,65092,108,0,156,-17,174,29,7521,0,194,167,"Anderson",76978,157.187767933695,0.0870083432657926,140.29982592429,15.5888695471433,226.038608433578,8.70083432657926
2021-02-27,7860,9,5998,7,1862,2,6724,6,58466,92,65190,98,0,156,-6,168,15,7536,0,194,167,"Anderson",76978,144.197043311076,0.086848635235732,127.309101301671,11.6916521603575,218.244173660007,8.6848635235732
2021-02-28,7874,14,6008,10,1866,4,6735,11,58537,71,65272,82,0,156,0,168,14,7550,0,194,167,"Anderson",76978,146.7951882356,0.0905752753977968,106.523941905479,18.1870144716672,218.244173660007,9.05752753977968
2021-03-01,7882,8,6013,5,1869,3,6742,7,58572,35,65314,42,0,156,-11,157,19,7569,0,194,168,"Anderson",76978,150.692405622386,0.0919117647058824,54.5610434150017,10.3925796980956,203.954376575125,9.19117647058824
2021-03-02,7905,23,6024,11,1881,12,6752,10,58688,116,65440,126,1,157,-2,155,24,7593,1,195,168,"Anderson",76978,149.393333160124,0.0973451327433628,163.683130245005,29.8786666320247,201.356231650601,9.73451327433628
2021-03-03,7938,33,6045,21,1893,12,6777,25,58804,116,65581,141,1,158,13,168,19,7612,0,195,169,"Anderson",76978,150.692405622386,0.107482993197279,183.169217178934,42.8693912546442,218.244173660007,10.7482993197279
2021-03-04,7963,25,6058,13,1905,12,6794,17,58967,163,65761,180,0,158,13,181,12,7624,0,195,169,"Anderson",76978,161.084985320481,0.109395109395109,233.83304320715,32.4768115565486,235.132115669412,10.9395109395109
2021-03-05,7996,33,6075,17,1921,16,6816,22,59101,134,65917,156,0,158,18,199,15,7639,2,197,169,"Anderson",76978,188.365507027982,0.118787878787879,202.655304112863,42.8693912546442,258.515419990127,11.8787878787879
2021-03-06,8006,10,6080,5,1926,5,6824,8,59190,89,66014,97,0,158,-1,198,11,7650,0,197,169,"Anderson",76978,189.664579490244,0.121359223300971,126.010028839409,12.9907246226195,257.216347527865,12.1359223300971
2021-03-07,8012,6,6083,3,1929,3,6827,3,59229,39,66056,42,0,158,-10,188,16,7666,0,197,169,"Anderson",76978,179.271999792148,0.11734693877551,54.5610434150017,7.79443477357167,244.225622905246,11.734693877551
2021-03-08,8028,16,6090,7,1938,9,6836,9,59306,77,66142,86,1,159,-4,184,19,7685,0,197,169,"Anderson",76978,189.664579490244,0.113526570048309,111.720231754527,20.7851593961911,239.029333056198,11.3526570048309
2021-03-09,8049,21,6098,8,1951,13,6844,8,59371,65,66215,73,0,159,3,187,18,7703,3,200,170,"Anderson",76978,187.06643456572,0.118709677419355,94.832289745122,27.2805217075008,242.926550442984,11.8709677419355
2021-03-10,8071,22,6111,13,1960,9,6860,16,59528,157,66388,173,0,159,11,198,11,7714,1,201,170,"Anderson",76978,172.776637480839,0.102850061957869,224.739535971316,28.5795941697628,257.216347527865,10.2850061957869
2021-03-11,8094,23,6121,10,1973,13,6870,10,59625,97,66495,107,0,159,1,199,22,7736,1,202,171,"Anderson",76978,170.178492556315,0.103542234332425,139.000753462028,29.8786666320247,258.515419990127,10.3542234332425
2021-03-12,8114,20,6138,17,1976,3,6890,20,59731,106,66621,126,0,159,8,207,12,7748,0,202,171,"Anderson",76978,153.29055054691,0.105113636363636,163.683130245005,25.9814492452389,268.907999688223,10.5113636363636
2021-03-13,8125,11,6142,4,1983,7,6894,4,59807,76,66701,80,0,159,2,209,9,7757,1,203,171,"Anderson",76978,154.589623009171,0.101892285298399,103.925796980956,14.2897970848814,271.506144612746,10.1892285298399
2021-03-14,8131,6,6146,4,1985,2,6900,6,59843,36,66743,42,0,159,-13,196,19,7776,1,204,171,"Anderson",76978,154.589623009171,0.106259097525473,54.5610434150017,7.79443477357167,254.618202603341,10.6259097525473
2021-03-15,8149,18,6152,6,1997,12,6906,6,59876,33,66782,39,0,159,-9,187,27,7803,1,205,171,"Anderson",76978,157.187767933695,0.109375,50.6638260282159,23.383304320715,242.926550442984,10.9375
2021-03-16,8182,33,6165,13,2017,20,6921,15,59969,93,66890,108,0,159,-2,185,35,7838,2,207,171,"Anderson",76978,172.776637480839,0.114074074074074,140.29982592429,42.8693912546442,240.32840551846,11.4074074074074
2021-03-17,8199,17,6176,11,2023,6,6934,13,60056,87,66990,100,0,159,-5,180,22,7860,0,207,172,"Anderson",76978,166.281275169529,0.122923588039867,129.907246226195,22.0842318584531,233.83304320715,12.2923588039867
2021-03-18,8215,16,6188,12,2027,4,6949,15,60137,81,67086,96,1,160,-1,179,16,7876,0,207,172,"Anderson",76978,157.187767933695,0.133671742808799,124.710956377147,20.7851593961911,232.533970744888,13.3671742808799
2021-03-19,8239,24,6202,14,2037,10,6962,13,60256,119,67218,132,0,160,13,192,11,7887,1,208,172,"Anderson",76978,162.384057782743,0.120603015075377,171.477565018577,31.1777390942867,249.421912754293,12.0603015075377
2021-03-20,8251,12,6208,6,2043,6,6970,8,60295,39,67265,47,0,160,3,195,9,7896,1,209,172,"Anderson",76978,163.683130245005,0.134751773049645,61.0564057263114,15.5888695471433,253.319130141079,13.4751773049645
2021-03-21,8261,10,6214,6,2047,4,6977,7,60357,62,67334,69,-1,159,-5,190,16,7912,0,209,172,"Anderson",76978,168.879420094053,0.130287648054146,89.6359998960742,12.9907246226195,246.82376782977,13.0287648054146
2021-03-22,8267,6,6215,1,2052,5,6978,1,60423,66,67401,67,0,159,-9,181,15,7927,1,210,172,"Anderson",76978,153.29055054691,0.116316639741519,87.0378549715503,7.79443477357167,235.132115669412,11.6316639741519
2021-03-23,8273,6,6216,1,2057,5,6979,1,60466,43,67445,44,0,159,-15,166,21,7948,0,210,173,"Anderson",76978,118.215594065837,0.104504504504505,57.1591883395256,7.79443477357167,215.646028735483,10.4504504504505
2021-03-24,8281,8,6223,7,2058,1,6986,7,60587,121,67573,128,1,160,-11,155,18,7966,0,210,173,"Anderson",76978,106.523941905479,0.0891938250428816,166.281275169529,10.3925796980956,201.356231650601,8.91938250428817
2021-03-25,8291,10,6228,5,2063,5,6992,6,60688,101,67680,107,0,160,-10,145,20,7986,0,210,173,"Anderson",76978,98.7295071319078,0.0723905723905724,139.000753462028,12.9907246226195,188.365507027982,7.23905723905724
2021-03-26,8308,17,6240,12,2068,5,7003,11,60754,66,67757,77,0,160,2,147,15,8001,0,210,174,"Anderson",76978,89.6359998960742,0.0760667903525046,100.02857959417,22.0842318584531,190.963651952506,7.60667903525046
2021-03-27,8312,4,6244,4,2068,0,7009,6,60818,64,67827,70,1,161,-12,135,15,8016,2,212,174,"Anderson",76978,79.2434201979786,0.0693950177935943,90.9350723583361,5.19628984904778,175.374782405363,6.93950177935943
2021-03-28,8315,3,6244,0,2071,3,7009,0,60847,29,67856,29,1,162,-12,123,14,8030,0,212,175,"Anderson",76978,70.149912962145,0.0613026819923372,37.6731014055964,3.89721738678583,159.785912858219,6.13026819923372
2021-03-29,8330,15,6248,4,2082,11,7013,4,60933,86,67946,90,1,163,-16,107,30,8060,0,212,176,"Anderson",76978,81.8415651225025,0.0642201834862385,116.916521603575,19.4860869339292,139.000753462028,6.42201834862385
2021-03-30,8335,5,6251,3,2084,2,7016,3,60991,58,68007,61,1,164,-12,95,16,8076,0,212,176,"Anderson",76978,80.5424926602406,0.0658362989323843,79.2434201979787,6.49536231130973,123.411883914885,6.58362989323843
2021-03-31,8358,23,6265,14,2093,9,7032,16,61155,164,68187,180,1,165,10,105,12,8088,1,213,176,"Anderson",76978,100.02857959417,0.0749185667752443,233.83304320715,29.8786666320247,136.402608537504,7.49185667752443
2021-04-01,8367,9,6269,4,2098,5,7036,4,61212,57,68248,61,0,165,-8,97,17,8105,0,213,176,"Anderson",76978,98.7295071319078,0.0774647887323944,79.2434201979787,11.6916521603575,126.010028839409,7.74647887323944
2021-04-02,8376,9,6276,7,2100,2,7043,7,61282,70,68325,77,0,165,-1,96,10,8115,0,213,176,"Anderson",76978,88.3369274338123,0.0704225352112676,100.02857959417,11.6916521603575,124.710956377147,7.04225352112676
2021-04-03,8382,6,6281,5,2101,1,7049,6,61332,50,68381,56,0,165,-8,88,14,8129,0,213,176,"Anderson",76978,90.9350723583361,0.0722021660649819,72.7480578866689,7.79443477357167,114.318376679051,7.22021660649819
2021-04-04,8384,2,6283,2,2101,0,7051,2,61370,38,68421,40,0,165,-5,83,7,8136,0,213,176,"Anderson",76978,89.6359998960742,0.0743362831858407,51.9628984904778,2.59814492452389,107.823014367741,7.43362831858407
2021-04-05,8398,14,6286,3,2112,11,7053,2,61428,58,68481,60,0,165,4,87,10,8146,2,215,176,"Anderson",76978,88.3369274338123,0.0747663551401869,77.9443477357167,18.1870144716672,113.019304216789,7.47663551401869
2021-04-06,8403,5,6290,4,2113,1,7059,6,61470,42,68529,48,0,165,3,90,2,8148,0,215,176,"Anderson",76978,88.3369274338123,0.0823754789272031,62.3554781885734,6.49536231130973,116.916521603575,8.23754789272031
2021-04-07,8423,20,6303,13,2120,7,7073,14,61629,159,68702,173,0,165,10,100,10,8158,2,217,176,"Anderson",76978,84.4397100470264,0.0796116504854369,224.739535971316,25.9814492452389,129.907246226195,7.96116504854369
2021-04-08,8426,3,6305,2,2121,1,7076,3,61720,91,68796,94,5,170,-17,83,15,8173,1,218,176,"Anderson",76978,76.6452752734548,0.072992700729927,122.112811452623,3.89721738678583,107.823014367741,7.2992700729927
2021-04-09,8434,8,6311,6,2123,2,7085,9,61807,87,68892,96,-4,166,8,91,4,8177,0,218,176,"Anderson",76978,75.3462028111928,0.0740740740740741,124.710956377147,10.3925796980956,118.215594065837,7.40740740740741
2021-04-10,8439,5,6316,5,2123,0,7090,5,61878,71,68968,76,0,166,-6,85,11,8188,0,218,176,"Anderson",76978,74.0471303489309,0.0698466780238501,98.7295071319078,6.49536231130973,110.421159292265,6.98466780238501
2021-04-11,8446,7,6321,5,2125,2,7095,5,61922,44,69017,49,-1,165,0,85,8,8196,0,218,176,"Anderson",76978,80.5424926602406,0.0738255033557047,63.6545506508353,9.09350723583361,110.421159292265,7.38255033557047
2021-04-12,8449,3,6324,3,2125,0,7098,3,61991,69,69089,72,0,165,-7,78,10,8206,0,218,176,"Anderson",76978,66.2526955753592,0.0740131578947368,93.53321728286,3.89721738678583,101.327652056432,7.40131578947368
2021-04-13,8459,10,6329,5,2130,5,7104,6,62052,61,69156,67,5,170,-7,71,12,8218,0,218,176,"Anderson",76978,72.7480578866689,0.0717703349282297,87.0378549715503,12.9907246226195,92.2341448205981,7.17703349282297
2021-04-14,8473,14,6338,9,2135,5,7115,11,62190,138,69305,149,0,170,7,78,7,8225,0,218,176,"Anderson",76978,64.9536231130973,0.0696517412935323,193.56179687703,18.1870144716672,101.327652056432,6.96517412935323
2021-04-15,8482,9,6343,5,2139,4,7120,5,62271,81,69391,86,0,170,6,84,3,8228,0,218,176,"Anderson",76978,72.7480578866689,0.0739495798319328,111.720231754527,11.6916521603575,109.122086830003,7.39495798319328
2021-04-16,8495,13,6354,11,2141,2,7133,13,62424,153,69557,166,0,170,6,90,7,8235,0,218,176,"Anderson",76978,79.2434201979786,0.0721804511278196,215.646028735483,16.8879420094053,116.916521603575,7.21804511278196
2021-04-17,8500,5,6357,3,2143,2,7137,4,62489,65,69626,69,0,170,0,90,5,8240,0,218,176,"Anderson",76978,79.2434201979786,0.0714285714285714,89.6359998960742,6.49536231130973,116.916521603575,7.14285714285714
2021-04-18,8507,7,6363,6,2144,1,7143,6,62534,45,69677,51,0,170,0,90,7,8247,0,218,176,"Anderson",76978,79.2434201979786,0.0727272727272727,66.2526955753592,9.09350723583361,116.916521603575,7.27272727272727
2021-04-19,8513,6,6366,3,2147,3,7146,3,62557,23,69703,26,0,170,-6,84,12,8259,0,218,177,"Anderson",76978,83.1406375847645,0.0781758957654723,33.7758840188106,7.79443477357167,109.122086830003,7.81758957654723
2021-04-20,8519,6,6369,3,2150,3,7149,3,62656,99,69805,102,0,170,-1,83,7,8266,0,218,177,"Anderson",76978,77.9443477357167,0.0693374422187981,132.505391150718,7.79443477357167,107.823014367741,6.93374422187981
2021-04-21,8531,12,6375,6,2156,6,7155,6,62811,155,69966,161,1,171,-2,81,13,8279,0,218,177,"Anderson",76978,75.3462028111928,0.0605143721633888,209.150666424173,15.5888695471433,105.224869443218,6.05143721633888
2021-04-22,8549,18,6381,6,2168,12,7162,7,62955,144,70117,151,0,171,12,93,6,8285,0,218,177,"Anderson",76978,87.0378549715503,0.0578512396694215,196.159941801554,23.383304320715,120.813738990361,5.78512396694215
2021-04-23,8559,10,6386,5,2173,5,7168,6,63121,166,70289,172,0,171,8,101,2,8287,0,218,177,"Anderson",76978,83.1406375847645,0.0478142076502732,223.440463509055,12.9907246226195,131.206318688456,4.78142076502732
2021-04-24,8571,12,6392,6,2179,6,7175,7,63188,67,70363,74,0,171,8,109,4,8291,1,219,177,"Anderson",76978,92.2341448205981,0.0515603799185889,96.1313622073839,15.5888695471433,141.598898386552,5.15603799185889
2021-04-25,8575,4,6394,2,2181,2,7177,2,63228,40,70405,42,0,171,0,109,4,8295,0,219,177,"Anderson",76978,88.3369274338123,0.0467032967032967,54.5610434150017,5.19628984904778,141.598898386552,4.67032967032967
2021-04-26,8584,9,6398,4,2186,5,7181,4,63303,75,70484,79,0,171,2,111,7,8302,0,219,178,"Anderson",76978,92.2341448205981,0.0448143405889885,102.626724518694,11.6916521603575,144.197043311076,4.48143405889885
2021-04-27,8594,10,6404,6,2190,4,7187,6,63371,68,70558,74,0,171,-3,108,13,8315,0,219,178,"Anderson",76978,97.4304346696459,0.050464807436919,96.1313622073839,12.9907246226195,140.29982592429,5.0464807436919
2021-04-28,8611,17,6416,12,2195,5,7200,13,63509,138,70709,151,0,171,1,109,16,8331,1,220,179,"Anderson",76978,103.925796980956,0.0605652759084791,196.159941801554,22.0842318584531,141.598898386552,6.05652759084791
2021-04-29,8617,6,6418,2,2199,4,7203,3,63658,149,70861,152,0,171,-1,108,7,8338,0,220,179,"Anderson",76978,88.3369274338123,0.0551075268817204,197.459014263816,7.79443477357167,140.29982592429,5.51075268817204
2021-04-30,8624,7,6421,3,2203,4,7207,4,63780,122,70987,126,0,171,-2,106,9,8347,0,220,179,"Anderson",76978,84.4397100470264,0.0558739255014327,163.683130245005,9.09350723583361,137.701680999766,5.58739255014327
2021-05-01,8629,5,6424,3,2205,2,7210,3,63843,63,71053,66,0,171,-1,105,6,8353,1,221,179,"Anderson",76978,75.3462028111928,0.0507246376811594,85.7387825092884,6.49536231130973,136.402608537504,5.07246376811594
2021-05-02,8632,3,6425,1,2207,2,7211,1,63894,51,71105,52,0,171,-7,98,10,8363,0,221,179,"Anderson",76978,74.0471303489309,0.0485714285714286,67.5517680376211,3.89721738678583,127.309101301671,4.85714285714286
2021-05-03,8642,10,6430,5,2212,5,7216,5,64000,106,71216,111,0,171,-3,95,13,8376,0,221,179,"Anderson",76978,75.3462028111928,0.0478142076502732,144.197043311076,12.9907246226195,123.411883914885,4.78142076502732
2021-05-04,8644,2,6430,0,2214,2,7217,1,64076,76,71293,77,0,171,-11,84,13,8389,0,221,179,"Anderson",76978,64.9536231130973,0.0408163265306122,100.02857959417,2.59814492452389,109.122086830003,4.08163265306122
2021-05-05,8652,8,6434,4,2218,4,7220,3,64193,117,71413,120,0,171,-3,81,11,8400,0,221,179,"Anderson",76978,53.2619709527397,0.0284090909090909,155.888695471433,10.3925796980956,105.224869443218,2.84090909090909
2021-05-06,8657,5,6437,3,2220,2,7226,6,64245,52,71471,58,0,171,-4,77,9,8409,1,222,179,"Anderson",76978,51.9628984904778,0.0377049180327869,75.3462028111928,6.49536231130973,100.02857959417,3.77049180327869
2021-05-07,8662,5,6439,2,2223,3,7229,3,64366,121,71595,124,0,171,-4,73,9,8418,0,222,179,"Anderson",76978,49.3647535659539,0.0361842105263158,161.084985320481,6.49536231130973,94.832289745122,3.61842105263158
2021-05-08,8668,6,6442,3,2226,3,7231,2,64435,69,71666,71,0,171,-6,67,12,8430,1,223,180,"Anderson",76978,50.6638260282159,0.034257748776509,92.2341448205981,7.79443477357167,87.0378549715503,3.4257748776509
2021-05-09,8669,1,6442,0,2227,1,7232,1,64463,28,71695,29,0,171,-4,63,5,8435,0,223,180,"Anderson",76978,48.065681103692,0.0355932203389831,37.6731014055964,1.29907246226194,81.8415651225025,3.55932203389831
2021-05-10,8674,5,6442,0,2232,5,7232,0,64551,88,71783,88,0,171,-5,58,10,8445,0,223,180,"Anderson",76978,41.5703187923822,0.0282186948853616,114.318376679051,6.49536231130973,75.3462028111928,2.82186948853616
2021-05-11,8682,8,6443,1,2239,7,7234,2,64593,42,71827,44,0,171,3,61,5,8450,0,223,181,"Anderson",76978,49.3647535659539,0.0318352059925094,57.1591883395256,10.3925796980956,79.2434201979787,3.18352059925094
2021-05-12,8695,13,6450,7,2245,6,7240,6,64697,104,71937,110,0,171,8,69,5,8455,2,225,181,"Anderson",76978,55.8601158772636,0.0381679389312977,142.897970848814,16.8879420094053,89.6359998960742,3.81679389312977
2021-05-13,8699,4,6452,2,2247,2,7242,2,64800,103,72042,105,0,171,-3,66,7,8462,2,227,181,"Anderson",76978,54.5610434150017,0.0280210157618214,136.402608537504,5.19628984904778,85.7387825092884,2.80210157618214
2021-05-14,8707,8,6455,3,2252,5,7247,5,64887,87,72134,92,0,171,2,68,6,8468,0,227,181,"Anderson",76978,58.4582608017875,0.0333951762523191,119.514666528099,10.3925796980956,88.3369274338123,3.33951762523191
2021-05-15,8712,5,6457,2,2255,3,7249,2,64952,65,72201,67,0,171,1,69,4,8472,0,227,181,"Anderson",76978,57.1591883395256,0.0336448598130841,87.0378549715503,6.49536231130973,89.6359998960742,3.36448598130841
2021-05-16,8714,2,6458,1,2256,1,7250,1,64988,36,72238,37,0,171,-5,64,7,8479,0,227,181,"Anderson",76978,58.4582608017875,0.0331491712707182,48.065681103692,2.59814492452389,83.1406375847645,3.31491712707182
2021-05-17,8720,6,6463,5,2257,1,7255,5,65047,59,72302,64,1,172,0,64,5,8484,0,227,181,"Anderson",76978,59.7573332640495,0.0443159922928709,83.1406375847645,7.79443477357167,83.1406375847645,4.43159922928709
2021-05-18,8724,4,6463,0,2261,4,7255,0,65138,91,72393,91,0,172,0,64,4,8488,1,228,181,"Anderson",76978,54.5610434150017,0.0371024734982332,118.215594065837,5.19628984904778,83.1406375847645,3.71024734982332
2021-05-19,8731,7,6468,5,2263,2,7261,6,65257,119,72518,125,0,172,5,69,2,8490,0,228,181,"Anderson",76978,46.76660864143,0.036144578313253,162.384057782743,9.09350723583361,89.6359998960742,3.6144578313253
2021-05-20,8733,2,6470,2,2263,0,7263,2,65376,119,72639,121,0,172,-1,68,3,8493,0,228,181,"Anderson",76978,44.1684637169061,0.0351758793969849,157.187767933695,2.59814492452389,88.3369274338123,3.51758793969849
2021-05-21,8735,2,6470,0,2265,2,7263,0,65446,70,72709,70,0,172,-7,61,9,8502,0,228,181,"Anderson",76978,36.3740289433345,0.0278260869565217,90.9350723583361,2.59814492452389,79.2434201979787,2.78260869565217
2021-05-22,8740,5,6472,2,2268,3,7265,2,65486,40,72751,42,0,172,-3,58,8,8510,0,228,181,"Anderson",76978,36.3740289433345,0.0290909090909091,54.5610434150017,6.49536231130973,75.3462028111928,2.90909090909091
2021-05-23,8740,0,6472,0,2268,0,7265,0,65515,29,72780,29,0,172,-3,55,3,8513,0,228,181,"Anderson",76978,33.7758840188106,0.0276752767527675,37.6731014055964,0,71.448985424407,2.76752767527675
2021-05-24,8748,8,6476,4,2272,4,7268,3,65574,59,72842,62,0,172,1,56,7,8520,0,228,181,"Anderson",76978,36.3740289433345,0.0240740740740741,80.5424926602406,10.3925796980956,72.7480578866689,2.40740740740741
2021-05-25,8750,2,6476,0,2274,2,7269,1,65619,45,72888,46,0,172,-10,46,12,8532,0,228,181,"Anderson",76978,33.7758840188106,0.0282828282828283,59.7573332640495,2.59814492452389,59.7573332640495,2.82828282828283
2021-05-26,8757,7,6481,5,2276,2,7275,6,65719,100,72994,106,0,172,0,46,7,8539,0,228,181,"Anderson",76978,33.7758840188106,0.0294117647058824,137.701680999766,9.09350723583361,59.7573332640495,2.94117647058824
2021-05-27,8759,2,6482,1,2277,1,7276,1,65769,50,73045,51,0,172,-1,45,3,8542,1,229,181,"Anderson",76978,33.7758840188106,0.0320197044334975,66.2526955753592,2.59814492452389,58.4582608017875,3.20197044334975
2021-05-28,8764,5,6486,4,2278,1,7281,5,65852,83,73133,88,0,172,0,45,5,8547,0,229,181,"Anderson",76978,37.6731014055964,0.0424528301886792,114.318376679051,6.49536231130973,58.4582608017875,4.24528301886792
2021-05-29,8765,1,6486,0,2279,1,7281,0,65889,37,73170,37,0,172,-5,40,6,8553,0,229,181,"Anderson",76978,32.4768115565486,0.0381861575178998,48.065681103692,1.29907246226194,51.9628984904778,3.81861575178998
2021-05-30,8768,3,6487,1,2281,2,7282,1,65939,50,73221,51,0,172,0,40,3,8556,0,229,181,"Anderson",76978,36.3740289433345,0.0385487528344671,66.2526955753592,3.89721738678583,51.9628984904778,3.85487528344671
2021-05-31,8772,4,6490,3,2282,1,7285,3,65990,51,73275,54,0,172,1,41,3,8559,0,229,181,"Anderson",76978,31.1777390942867,0.0392609699769053,70.149912962145,5.19628984904778,53.2619709527397,3.92609699769053
2021-06-01,8775,3,6492,2,2283,1,7286,1,66038,48,73324,49,0,172,1,42,2,8561,1,230,181,"Anderson",76978,32.4768115565486,0.0389908256880734,63.6545506508353,3.89721738678583,54.5610434150017,3.89908256880734
2021-06-02,8779,4,6493,1,2286,3,7288,2,66079,41,73367,43,0,172,-2,40,6,8567,0,230,181,"Anderson",76978,28.5795941697628,0.0348525469168901,55.8601158772636,5.19628984904778,51.9628984904778,3.48525469168901
2021-06-03,8780,1,6493,0,2287,1,7291,3,66169,90,73460,93,1,173,-3,37,3,8570,0,230,182,"Anderson",76978,27.2805217075008,0.036144578313253,120.813738990361,1.29907246226194,48.065681103692,3.6144578313253
2021-06-04,8781,1,6494,1,2287,0,7293,2,66222,53,73515,55,-1,172,-2,35,4,8574,0,230,182,"Anderson",76978,22.0842318584531,0.031413612565445,71.448985424407,1.29907246226194,45.4675361791681,3.1413612565445
2021-06-05,8782,1,6495,1,2287,0,7294,1,66279,57,73573,58,0,172,-3,32,4,8578,0,230,182,"Anderson",76978,22.0842318584531,0.032258064516129,75.3462028111928,1.29907246226194,41.5703187923822,3.2258064516129
2021-06-06,8782,0,6495,0,2287,0,7294,0,66304,25,73598,25,0,172,-4,28,4,8582,0,230,182,"Anderson",76978,18.1870144716672,0.0318302387267905,32.4768115565486,0,36.3740289433345,3.18302387267904
2021-06-07,8783,1,6495,0,2288,1,7294,0,66368,64,73662,64,0,172,-1,27,2,8584,0,230,182,"Anderson",76978,14.2897970848814,0.0232558139534884,83.1406375847645,1.29907246226194,35.0749564810725,2.32558139534884
2021-06-08,8784,1,6495,0,2289,1,7294,0,66405,37,73699,37,0,172,-1,26,2,8586,1,231,183,"Anderson",76978,11.6916521603575,0.0213333333333333,48.065681103692,1.29907246226194,33.7758840188106,2.13333333333333
2021-06-09,8784,0,6495,0,2289,0,7294,0,66487,82,73781,82,0,172,-4,22,4,8590,0,231,183,"Anderson",76978,6.49536231130972,0.0144927536231884,106.523941905479,0,28.5795941697628,1.44927536231884
2021-06-10,8788,4,6496,1,2292,3,7295,1,66544,57,73839,58,0,172,4,26,0,8590,0,231,183,"Anderson",76978,10.3925796980956,0.0105540897097625,75.3462028111928,5.19628984904778,33.7758840188106,1.05540897097625
2021-06-11,8789,1,6496,0,2293,1,7296,1,66599,55,73895,56,1,173,-3,23,3,8593,0,231,183,"Anderson",76978,10.3925796980956,0.00789473684210526,72.7480578866689,1.29907246226194,29.8786666320247,0.789473684210526
2021-06-12,8790,1,6496,0,2294,1,7297,1,66654,55,73951,56,2,175,-4,19,3,8596,0,231,183,"Anderson",76978,10.3925796980956,0.00793650793650794,72.7480578866689,1.29907246226194,24.682376782977,0.793650793650794
2021-06-13,8791,1,6496,0,2295,1,7298,1,66692,38,73990,39,0,175,-3,16,4,8600,0,231,183,"Anderson",76978,11.6916521603575,0.0102040816326531,50.6638260282159,1.29907246226194,20.7851593961911,1.02040816326531
2021-06-14,8793,2,6498,2,2295,0,7300,2,66778,86,74078,88,0,175,1,17,1,8601,0,231,183,"Anderson",76978,12.9907246226194,0.0144230769230769,114.318376679051,2.59814492452389,22.0842318584531,1.44230769230769
2021-06-15,8793,0,6498,0,2295,0,7301,1,66809,31,74110,32,0,175,-2,15,2,8603,0,231,183,"Anderson",76978,11.6916521603575,0.0170316301703163,41.5703187923822,0,19.4860869339292,1.70316301703163
2021-06-16,8794,1,6499,1,2295,0,7302,1,66853,44,74155,45,0,175,0,15,1,8604,0,231,183,"Anderson",76978,12.9907246226194,0.0213903743315508,58.4582608017875,1.29907246226194,19.4860869339292,2.13903743315508
2021-06-17,8794,0,6499,0,2295,0,7302,0,66939,86,74241,86,0,175,-1,14,1,8605,0,231,183,"Anderson",76978,7.79443477357167,0.0174129353233831,111.720231754527,0,18.1870144716672,1.74129353233831
2021-06-18,8796,2,6500,1,2296,1,7306,4,66989,50,74295,54,0,175,1,15,1,8606,0,231,183,"Anderson",76978,9.09350723583361,0.025,70.149912962145,2.59814492452389,19.4860869339292,2.5
2021-06-19,8796,0,6500,0,2296,0,7306,0,67037,48,74343,48,0,175,-1,14,1,8607,0,231,183,"Anderson",76978,7.79443477357167,0.0229591836734694,62.3554781885734,0,18.1870144716672,2.29591836734694
2021-06-20,8796,0,6500,0,2296,0,7307,1,67060,23,74367,24,0,175,-2,12,2,8609,0,231,183,"Anderson",76978,6.49536231130972,0.0238726790450928,31.1777390942867,0,15.5888695471433,2.38726790450928
2021-06-21,8797,1,6500,0,2297,1,7307,0,67100,40,74407,40,0,175,0,12,1,8610,0,231,183,"Anderson",76978,5.19628984904778,0.0212765957446809,51.9628984904778,1.29907246226194,15.5888695471433,2.12765957446809
2021-06-22,8801,4,6501,1,2300,3,7307,0,67142,42,74449,42,0,175,2,14,2,8612,1,232,183,"Anderson",76978,10.3925796980956,0.0176991150442478,54.5610434150017,5.19628984904778,18.1870144716672,1.76991150442478
2021-06-23,8802,1,6502,1,2300,0,7308,1,67190,48,74498,49,0,175,1,15,0,8612,0,232,183,"Anderson",76978,10.3925796980956,0.0174927113702624,63.6545506508353,1.29907246226194,19.4860869339292,1.74927113702624
2021-06-24,8802,0,6502,0,2300,0,7309,1,67235,45,74544,46,0,175,-3,12,3,8615,0,232,183,"Anderson",76978,10.3925796980956,0.0231023102310231,59.7573332640495,0,15.5888695471433,2.31023102310231
2021-06-25,8803,1,6503,1,2300,0,7310,1,67271,36,74581,37,0,175,1,13,0,8615,0,232,183,"Anderson",76978,9.09350723583361,0.013986013986014,48.065681103692,1.29907246226194,16.8879420094053,1.3986013986014
2021-06-26,8804,1,6504,1,2300,0,7311,1,67304,33,74615,34,0,175,0,13,1,8616,0,232,183,"Anderson",76978,10.3925796980956,0.0183823529411765,44.1684637169061,1.29907246226194,16.8879420094053,1.83823529411765
2021-06-27,8804,0,6504,0,2300,0,7311,0,67336,32,74647,32,0,175,0,13,0,8616,0,232,183,"Anderson",76978,10.3925796980956,0.0142857142857143,41.5703187923822,0,16.8879420094053,1.42857142857143
2021-06-28,8805,1,6504,0,2301,1,7312,1,67352,16,74664,17,0,175,1,14,0,8616,0,232,183,"Anderson",76978,10.3925796980956,0.0194552529182879,22.0842318584531,1.29907246226194,18.1870144716672,1.94552529182879
2021-06-29,8808,3,6507,3,2301,0,7315,3,67411,59,74726,62,0,175,2,16,1,8617,0,232,183,"Anderson",76978,9.09350723583361,0.0288808664259928,80.5424926602406,3.89721738678583,20.7851593961911,2.88808664259928
2021-06-30,8808,0,6507,0,2301,0,7315,0,67457,46,74772,46,0,175,-1,15,1,8618,0,232,183,"Anderson",76978,7.79443477357167,0.0255474452554745,59.7573332640495,0,19.4860869339292,2.55474452554745
2021-07-01,8809,1,6508,1,2301,0,7316,1,67494,37,74810,38,0,175,1,16,0,8618,0,232,183,"Anderson",76978,9.09350723583361,0.0263157894736842,49.3647535659539,1.29907246226194,20.7851593961911,2.63157894736842
2021-07-02,8809,0,6508,0,2301,0,7316,0,67537,43,74853,43,0,175,0,16,0,8618,0,232,183,"Anderson",76978,7.79443477357167,0.0220588235294118,55.8601158772636,0,20.7851593961911,2.20588235294118
2021-07-03,8809,0,6508,0,2301,0,7316,0,67558,21,74874,21,0,175,-1,15,1,8619,0,232,183,"Anderson",76978,6.49536231130972,0.0193050193050193,27.2805217075008,0,19.4860869339292,1.93050193050193
2021-07-04,8810,1,6508,0,2302,1,7317,1,67583,25,74900,26,0,175,0,15,1,8620,0,232,183,"Anderson",76978,7.79443477357167,0.0237154150197628,33.7758840188106,1.29907246226194,19.4860869339292,2.37154150197628
2021-07-05,8810,0,6508,0,2302,0,7318,1,67598,15,74916,16,0,175,-1,14,1,8621,0,232,183,"Anderson",76978,6.49536231130972,0.0238095238095238,20.7851593961911,0,18.1870144716672,2.38095238095238
2021-07-06,8811,1,6508,0,2303,1,7318,0,67628,30,74946,30,1,176,-3,11,3,8624,0,232,183,"Anderson",76978,3.89721738678583,0.0136363636363636,38.9721738678584,1.29907246226194,14.2897970848814,1.36363636363636
2021-07-07,8812,1,6508,0,2304,1,7318,0,67674,46,74992,46,0,176,-2,9,3,8627,0,232,183,"Anderson",76978,5.19628984904778,0.0136363636363636,59.7573332640495,1.29907246226194,11.6916521603575,1.36363636363636
2021-07-08,8813,1,6509,1,2304,0,7319,1,67715,41,75034,42,0,176,-1,8,2,8629,0,232,183,"Anderson",76978,5.19628984904778,0.0133928571428571,54.5610434150017,1.29907246226194,10.3925796980956,1.33928571428571
2021-07-09,8815,2,6510,1,2305,1,7320,1,67759,44,75079,45,0,176,1,9,1,8630,0,232,183,"Anderson",76978,7.79443477357167,0.0176991150442478,58.4582608017875,2.59814492452389,11.6916521603575,1.76991150442478
2021-07-10,8817,2,6511,1,2306,1,7321,1,67781,22,75102,23,0,176,2,11,0,8630,1,233,183,"Anderson",76978,10.3925796980956,0.0219298245614035,29.8786666320247,2.59814492452389,14.2897970848814,2.19298245614035
2021-07-11,8817,0,6511,0,2306,0,7321,0,67796,15,75117,15,0,176,0,11,0,8630,0,233,183,"Anderson",76978,9.09350723583361,0.0184331797235023,19.4860869339292,0,14.2897970848814,1.84331797235023
2021-07-12,8825,8,6515,4,2310,4,7325,4,67832,36,75157,40,0,176,7,18,1,8631,1,234,183,"Anderson",76978,19.4860869339292,0.029045643153527,51.9628984904778,10.3925796980956,23.383304320715,2.9045643153527
2021-07-13,8826,1,6515,0,2311,1,7325,0,67853,21,75178,21,0,176,0,18,1,8632,0,234,185,"Anderson",76978,19.4860869339292,0.0301724137931034,27.2805217075008,1.29907246226194,23.383304320715,3.01724137931034
2021-07-14,8831,5,6520,5,2311,0,7330,5,67907,54,75237,59,0,176,5,23,0,8632,1,235,185,"Anderson",76978,24.682376782977,0.0489795918367347,76.6452752734548,6.49536231130973,29.8786666320247,4.89795918367347
2021-07-15,8834,3,6523,3,2311,0,7332,2,67940,33,75272,35,0,176,3,26,0,8632,0,235,185,"Anderson",76978,27.2805217075008,0.0546218487394958,45.4675361791681,3.89721738678583,33.7758840188106,5.46218487394958
2021-07-16,8844,10,6525,2,2319,8,7333,1,67968,28,75301,29,0,176,10,36,0,8632,0,235,185,"Anderson",76978,37.6731014055964,0.0585585585585586,37.6731014055964,12.9907246226195,46.76660864143,5.85585585585586
2021-07-17,8849,5,6526,1,2323,4,7334,1,68004,36,75338,37,0,176,4,40,1,8633,0,235,185,"Anderson",76978,41.5703187923822,0.0550847457627119,48.065681103692,6.49536231130973,51.9628984904778,5.50847457627119
2021-07-18,8852,3,6528,2,2324,1,7336,2,68024,20,75360,22,0,176,-1,39,4,8637,0,235,185,"Anderson",76978,45.4675361791681,0.0617283950617284,28.5795941697628,3.89721738678583,50.6638260282159,6.17283950617284
2021-07-19,8857,5,6532,4,2325,1,7340,4,68058,34,75398,38,1,177,2,41,2,8639,0,235,185,"Anderson",76978,41.5703187923822,0.0622406639004149,49.3647535659539,6.49536231130973,53.2619709527397,6.22406639004149
2021-07-20,8872,15,6543,11,2329,4,7351,11,68093,35,75444,46,0,177,10,51,5,8644,1,236,185,"Anderson",76978,59.7573332640495,0.0977443609022556,59.7573332640495,19.4860869339292,66.2526955753592,9.77443609022556
2021-07-21,8879,7,6547,4,2332,3,7356,5,68178,85,75534,90,0,177,6,57,1,8645,0,236,186,"Anderson",76978,62.3554781885734,0.0875420875420875,116.916521603575,9.09350723583361,74.0471303489309,8.75420875420875
2021-07-22,8889,10,6552,5,2337,5,7360,4,68234,56,75594,60,0,177,9,66,1,8646,0,236,186,"Anderson",76978,71.448985424407,0.0869565217391304,77.9443477357167,12.9907246226195,85.7387825092884,8.69565217391304
2021-07-23,8899,10,6556,4,2343,6,7365,5,68305,71,75670,76,0,177,10,76,0,8646,0,236,186,"Anderson",76978,71.448985424407,0.0867208672086721,98.7295071319078,12.9907246226195,98.7295071319078,8.67208672086721
2021-07-24,8907,8,6560,4,2347,4,7369,4,68359,54,75728,58,0,177,7,83,1,8647,0,236,187,"Anderson",76978,75.3462028111928,0.0897435897435897,75.3462028111928,10.3925796980956,107.823014367741,8.97435897435897
2021-07-25,8912,5,6563,3,2349,2,7370,1,68381,22,75751,23,0,177,2,85,3,8650,0,236,187,"Anderson",76978,77.9443477357167,0.0869565217391304,29.8786666320247,6.49536231130973,110.421159292265,8.69565217391304
2021-07-26,8935,23,6572,9,2363,14,7378,8,68431,50,75809,58,2,179,13,98,8,8658,0,236,187,"Anderson",76978,101.327652056432,0.0924574209245742,75.3462028111928,29.8786666320247,127.309101301671,9.24574209245742
2021-07-27,8950,15,6577,5,2373,10,7383,5,68484,53,75867,58,0,179,12,110,3,8661,0,236,187,"Anderson",76978,101.327652056432,0.0756501182033097,75.3462028111928,19.4860869339292,142.897970848814,7.56501182033097
2021-07-28,8970,20,6585,8,2385,12,7395,12,68567,83,75962,95,0,179,14,124,6,8667,0,236,187,"Anderson",76978,118.215594065837,0.0911214953271028,123.411883914885,25.9814492452389,161.084985320481,9.11214953271028
2021-07-29,8982,12,6595,10,2387,2,7407,12,68616,49,76023,61,0,179,8,132,4,8671,0,236,187,"Anderson",76978,120.813738990361,0.10955710955711,79.2434201979787,15.5888695471433,171.477565018577,10.955710955711
2021-07-30,9013,31,6616,21,2397,10,7430,23,68665,49,76095,72,0,179,19,151,12,8683,1,237,187,"Anderson",76978,148.094260697862,0.152941176470588,93.53321728286,40.2712463301203,196.159941801554,15.2941176470588
2021-07-31,9026,13,6622,6,2404,7,7436,6,68707,42,76143,48,0,179,8,159,5,8688,0,237,187,"Anderson",76978,154.589623009171,0.16144578313253,62.3554781885734,16.8879420094053,206.552521499649,16.144578313253
2021-08-01,9045,19,6633,11,2412,8,7451,15,68746,39,76197,54,0,179,14,173,5,8693,0,237,187,"Anderson",76978,172.776637480839,0.181614349775785,70.149912962145,24.682376782977,224.739535971316,18.1614349775785
2021-08-02,9056,11,6638,5,2418,6,7456,5,68825,79,76281,84,0,179,3,176,8,8701,0,237,187,"Anderson",76978,157.187767933695,0.165254237288136,109.122086830003,14.2897970848814,228.636753358102,16.5254237288136
2021-08-03,9079,23,6649,11,2430,12,7469,13,68897,72,76366,85,0,179,14,190,9,8710,1,238,187,"Anderson",76978,167.580347631791,0.172344689378758,110.421159292265,29.8786666320247,246.82376782977,17.2344689378758
2021-08-04,9105,26,6671,22,2434,4,7490,21,68999,102,76489,123,0,179,24,214,2,8712,0,238,187,"Anderson",76978,175.374782405363,0.180265654648956,159.785912858219,33.7758840188106,278.001506924056,18.0265654648956
2021-08-05,9135,30,6687,16,2448,14,7506,16,69097,98,76603,114,0,179,13,227,17,8729,1,239,187,"Anderson",76978,198.758086726078,0.170689655172414,148.094260697862,38.9721738678584,294.889448933461,17.0689655172414
2021-08-06,9160,25,6703,16,2457,9,7524,18,69240,143,76764,161,0,179,17,244,8,8737,1,240,187,"Anderson",76978,190.963651952506,0.14050822122571,209.150666424173,32.4768115565486,316.973680791915,14.050822122571
2021-08-07,9173,13,6709,6,2464,7,7531,7,69315,75,76846,82,0,179,5,249,8,8745,0,240,187,"Anderson",76978,190.963651952506,0.135135135135135,106.523941905479,16.8879420094053,323.469043103224,13.5135135135135
2021-08-08,9187,14,6717,8,2470,6,7541,10,69367,52,76908,62,0,179,6,255,8,8753,0,240,187,"Anderson",76978,184.468289641196,0.126582278481013,80.5424926602406,18.1870144716672,331.263477876796,12.6582278481013
2021-08-09,9223,36,6737,20,2486,16,7560,19,69466,99,77026,118,0,179,16,271,20,8773,0,240,187,"Anderson",76978,216.945101197745,0.139597315436242,153.29055054691,46.76660864143,352.048637272987,13.9597315436242
2021-08-10,9262,39,6757,20,2505,19,7580,20,69566,100,77146,120,0,179,20,291,19,8792,2,242,187,"Anderson",76978,237.730260593936,0.142307692307692,155.888695471433,50.6638260282159,378.030086518226,14.2307692307692
2021-08-11,9316,54,6781,24,2535,30,7609,29,69698,132,77307,161,0,179,30,321,24,8816,1,243,187,"Anderson",76978,274.10428953727,0.145476772616137,209.150666424173,70.149912962145,417.002260386084,14.5476772616137
2021-08-12,9364,48,6817,36,2547,12,7646,37,69866,168,77512,205,0,179,27,348,21,8837,0,243,189,"Anderson",76978,297.487593857985,0.154015401540154,266.309854763699,62.3554781885734,452.077216867157,15.4015401540154
2021-08-13,9427,63,6852,35,2575,28,7684,38,69980,114,77664,152,2,181,45,393,16,8853,1,244,190,"Anderson",76978,346.852347423939,0.177777777777778,197.459014263816,81.8415651225025,510.535477668944,17.7777777777778
2021-08-14,9477,50,6887,35,2590,15,7716,32,70166,186,77882,218,0,181,29,422,21,8874,0,244,190,"Anderson",76978,394.918028527631,0.178571428571429,283.197796773104,64.9536231130973,548.208579074541,17.8571428571429
2021-08-15,9500,23,6900,13,2600,10,7731,15,70255,89,77986,104,0,181,16,438,7,8881,0,244,190,"Anderson",76978,406.609680687989,0.176252319109462,135.103536075242,29.8786666320247,568.993738470732,17.6252319109462
2021-08-16,9538,38,6924,24,2614,14,7755,24,70344,89,78099,113,0,181,11,449,27,8908,0,244,191,"Anderson",76978,409.207825612513,0.181733457595527,146.7951882356,49.3647535659539,583.283535555613,18.1733457595527
2021-08-17,9581,43,6945,21,2636,22,7779,24,70452,108,78231,132,1,182,14,463,28,8936,0,244,191,"Anderson",76978,414.40411546156,0.183410138248848,171.477565018577,55.8601158772636,601.470550027281,18.3410138248848
2021-08-18,9633,52,6972,27,2661,25,7810,31,70564,112,78374,143,0,182,16,479,36,8972,0,244,191,"Anderson",76978,411.805970537037,0.188378631677601,185.767362103458,67.5517680376211,622.255709423472,18.8378631677601
2021-08-19,9707,74,7005,33,2702,41,7845,35,70716,152,78561,187,0,182,48,527,26,8998,0,244,191,"Anderson",76978,445.581854555847,0.189704480457579,242.926550442984,96.1313622073839,684.611187612045,18.9704480457579
2021-08-20,9767,60,7047,42,2720,18,7889,44,70910,194,78799,238,0,182,27,554,33,9031,2,246,191,"Anderson",76978,441.684637169061,0.180616740088106,309.179246018343,77.9443477357167,719.686144093117,18.0616740088106
2021-08-21,9848,81,7080,33,2768,48,7923,34,71184,274,79107,308,0,182,60,614,21,9052,1,247,191,"Anderson",76978,481.955883499182,0.168979591836735,400.114318376679,105.224869443218,797.630491828834,16.8979591836735
2021-08-22,9871,23,7102,22,2769,1,7951,28,71340,156,79291,184,0,182,-2,612,25,9077,0,247,191,"Anderson",76978,481.955883499182,0.168582375478927,239.029333056198,29.8786666320247,795.03234690431,16.8582375478927
2021-08-23,9919,48,7116,14,2803,34,7968,17,71475,135,79443,152,0,182,-4,608,52,9129,2,249,192,"Anderson",76978,494.946608121801,0.158482142857143,197.459014263816,62.3554781885734,789.836057055263,15.8482142857143
2021-08-24,9963,44,7143,27,2820,17,7992,24,71561,86,79553,110,1,183,-23,585,66,9195,0,249,193,"Anderson",76978,496.245680584063,0.161119515885023,142.897970848814,57.1591883395256,759.957390423238,16.1119515885023
2021-08-25,10034,71,7169,26,2865,45,8014,22,71605,44,79619,66,0,183,15,600,56,9251,1,250,193,"Anderson",76978,520.92805736704,0.163855421686747,85.7387825092884,92.2341448205981,779.443477357167,16.3855421686747
2021-08-26,10102,68,7205,36,2897,32,8058,44,71777,172,79835,216,1,184,15,615,52,9303,2,252,194,"Anderson",76978,513.133622593468,0.167189952904239,280.59965184858,88.3369274338123,798.929564291096,16.7189952904239
2021-08-27,10177,75,7260,55,2917,20,8119,61,71954,177,80073,238,0,184,30,645,45,9348,0,252,194,"Anderson",76978,532.619709527397,0.180533751962323,309.179246018343,97.4304346696459,837.901738158955,18.0533751962323
2021-08-28,10236,59,7292,32,2944,27,8159,40,72158,204,80317,244,0,184,31,676,28,9376,0,252,194,"Anderson",76978,504.040115357635,0.19504132231405,316.973680791915,76.6452752734548,878.172984489075,19.504132231405
2021-08-29,10300,64,7341,49,2959,15,8213,54,72369,211,80582,265,0,184,40,716,24,9400,1,253,195,"Anderson",76978,557.302086310374,0.20294345468629,344.254202499415,83.1406375847645,930.135882979553,20.294345468629
2021-08-30,10371,71,7387,46,2984,25,8261,48,72595,226,80856,274,0,184,3,719,68,9468,3,256,195,"Anderson",76978,587.180752942399,0.207360226468507,355.945854659773,92.2341448205981,934.033100366338,20.7360226468507
2021-08-31,10505,134,7469,82,3036,52,8348,87,72852,257,81200,344,0,184,48,767,86,9554,0,256,196,"Anderson",76978,704.097274545974,0.216150576806314,446.880927018109,174.075709943101,996.388578554912,21.6150576806314
2021-09-01,10536,31,7491,22,3045,9,8372,24,72943,91,81315,115,0,184,-17,750,48,9602,0,256,197,"Anderson",76978,652.134376055496,0.211084905660377,149.393333160124,40.2712463301203,974.304346696459,21.1084905660377
2021-09-02,10595,59,7517,26,3078,33,8401,29,73044,101,81445,130,1,185,-9,741,67,9669,0,256,197,"Anderson",76978,640.442723895139,0.21304347826087,168.879420094053,76.6452752734548,962.612694536101,21.304347826087
2021-09-03,10624,29,7535,18,3089,11,8419,18,73117,73,81536,91,0,185,-38,703,67,9736,0,256,197,"Anderson",76978,580.685390631089,0.205058099794942,118.215594065837,37.6731014055964,913.247940970147,20.5058099794942
2021-09-04,10731,107,7605,70,3126,37,8495,76,73438,321,81933,397,0,185,77,780,30,9766,1,257,197,"Anderson",76978,643.040868819663,0.207920792079208,515.731767517992,139.000753462028,1013.27652056432,20.7920792079208
2021-09-05,10843,112,7679,74,3164,38,8571,76,73742,304,82313,380,0,185,76,856,36,9802,1,258,198,"Anderson",76978,705.396347008236,0.20681686886193,493.647535659539,145.496115773338,1112.00602769622,20.681686886193
2021-09-06,10958,115,7756,77,3202,38,8658,87,74149,407,82807,494,0,185,-5,851,120,9922,3,261,199,"Anderson",76978,762.555535347762,0.203485392106612,641.741796357401,149.393333160124,1105.51066538492,20.3485392106612
2021-09-07,10995,37,7776,20,3219,17,8676,18,74248,99,82924,117,0,185,-73,778,110,10032,0,261,199,"Anderson",76978,636.545506508353,0.190255220417633,151.991478084648,48.065681103692,1010.67837563979,19.0255220417633
2021-09-08,11036,41,7807,31,3229,10,8708,32,74355,107,83063,139,0,185,-57,721,98,10130,2,263,202,"Anderson",76978,649.536231130973,0.192219679633867,180.57107225441,53.2619709527397,936.631245290862,19.2219679633867
2021-09-09,11094,58,7828,21,3266,37,8726,18,74561,206,83287,224,0,185,-41,680,99,10229,1,264,205,"Anderson",76978,648.237158668711,0.176438653637351,290.992231546676,75.3462028111928,883.369274338123,17.6438653637351
2021-09-10,11246,152,7901,73,3345,79,8807,81,74854,293,83661,374,1,186,65,745,86,10315,2,266,206,"Anderson",76978,808.02307152693,0.182588235294118,485.853100885967,197.459014263816,967.808984385149,18.2588235294118
2021-09-11,11361,115,7964,63,3397,52,8876,69,75200,346,84076,415,0,186,82,827,33,10348,1,267,206,"Anderson",76978,818.415651225025,0.177788147456836,539.115071838707,149.393333160124,1074.33292629063,17.7788147456836
2021-09-12,11399,38,7996,32,3403,6,8911,35,75343,143,84254,178,0,186,5,832,33,10381,4,271,207,"Anderson",76978,722.284289017641,0.175167439464194,231.234898282626,49.3647535659539,1080.82828860194,17.5167439464194
2021-09-13,11487,88,8030,34,3457,54,8945,34,75473,130,84418,164,4,190,-47,785,131,10512,3,274,207,"Anderson",76978,687.209332536569,0.178150217256363,213.047883810959,114.318376679051,1019.77188287563,17.8150217256363
2021-09-14,11547,60,8060,30,3487,30,8980,35,75632,159,84612,194,1,191,-47,738,106,10618,1,275,207,"Anderson",76978,717.087999168594,0.180094786729858,252.020057678817,77.9443477357167,958.715477149315,18.0094786729858
2021-09-15,11587,40,8076,16,3511,24,8994,14,75693,61,84687,75,0,191,-42,696,82,10700,1,276,208,"Anderson",76978,715.788926706332,0.176108374384236,97.4304346696459,51.9628984904778,904.154433734314,17.6108374384236
2021-09-16,11674,87,8130,54,3544,33,9050,56,75915,222,84965,278,0,191,27,723,60,10760,1,277,208,"Anderson",76978,753.462028111928,0.193087008343266,361.142144508821,113.019304216789,939.229390215386,19.3087008343266
2021-09-17,11747,73,8172,42,3575,31,9087,37,76078,163,85165,200,0,191,14,737,59,10819,1,278,212,"Anderson",76978,650.835303593234,0.186170212765957,259.814492452389,94.832289745122,957.416404687054,18.6170212765957
2021-09-18,11799,52,8202,30,3597,22,9120,33,76232,154,85352,187,0,191,7,744,45,10864,1,279,213,"Anderson",76978,568.993738470732,0.191222570532915,242.926550442984,67.5517680376211,966.509911922887,19.1222570532915
2021-09-19,11822,23,8211,9,3611,14,9130,10,76300,68,85430,78,0,191,-17,727,40,10904,0,279,213,"Anderson",76978,549.507651536803,0.186224489795918,101.327652056432,29.8786666320247,944.425680064434,18.6224489795918
2021-09-20,11885,63,8246,35,3639,28,9166,36,76486,186,85652,222,0,191,25,752,38,10942,3,282,213,"Anderson",76978,517.030839980254,0.179092382495948,288.394086622152,81.8415651225025,976.902491620983,17.9092382495948
2021-09-21,11939,54,8272,26,3667,28,9190,24,76604,118,85794,142,0,191,-55,697,109,11051,1,283,214,"Anderson",76978,509.236405206682,0.177664974619289,184.468289641196,70.149912962145,905.453506196576,17.7664974619289
2021-09-22,11990,51,8306,34,3684,17,9230,40,76876,272,86106,312,0,191,-38,659,89,11140,0,283,216,"Anderson",76978,523.526202291564,0.16631430584919,405.310608225727,66.2526955753592,856.088752630622,16.631430584919
2021-09-23,12065,75,8354,48,3711,27,9281,51,77084,208,86365,259,2,193,-11,648,84,11224,1,284,216,"Anderson",76978,507.93733274442,0.165,336.459767725844,97.4304346696459,841.79895554574,16.5
2021-09-24,12106,41,8376,22,3730,19,9306,25,77224,140,86530,165,2,195,-18,630,57,11281,1,285,218,"Anderson",76978,466.367013952038,0.16043956043956,214.346956273221,53.2619709527397,818.415651225025,16.043956043956
2021-09-25,12116,10,8380,4,3736,6,9312,6,77319,95,86631,101,0,195,-33,597,43,11324,0,285,218,"Anderson",76978,411.805970537037,0.150117279124316,131.206318688456,12.9907246226195,775.546259970381,15.0117279124316
2021-09-26,12134,18,8395,15,3739,3,9330,18,77456,137,86786,155,1,196,-12,585,29,11353,0,285,218,"Anderson",76978,405.310608225727,0.147492625368732,201.356231650601,23.383304320715,759.957390423238,14.7492625368732
2021-09-27,12184,50,8416,21,3768,29,9352,22,77542,86,86894,108,1,197,-45,540,94,11447,1,286,219,"Anderson",76978,388.422666216322,0.14975845410628,140.29982592429,64.9536231130973,701.49912962145,14.975845410628
2021-09-28,12233,49,8440,24,3793,25,9379,27,77637,95,87016,122,0,197,-29,511,78,11525,1,287,219,"Anderson",76978,381.927303905012,0.154664484451718,158.486840395957,63.6545506508353,663.826028215854,15.4664484451718
2021-09-29,12269,36,8456,16,3813,20,9396,17,77828,191,87224,208,2,199,-37,474,71,11596,0,287,221,"Anderson",76978,362.441216971083,0.148479427549195,270.207072150485,46.76660864143,615.760347112162,14.8479427549195
2021-09-30,12331,62,8494,38,3837,24,9436,40,78000,172,87436,212,0,199,2,476,60,11656,1,288,222,"Anderson",76978,345.553274961677,0.144724556489262,275.403361999532,80.5424926602406,618.358492036686,14.4724556489262
2021-10-01,12382,51,8521,27,3861,24,9465,29,78151,151,87616,180,0,199,-10,466,61,11717,1,289,223,"Anderson",76978,358.543999584297,0.146408839779006,233.83304320715,66.2526955753592,605.367767414066,14.6408839779006
2021-10-02,12399,17,8528,7,3871,10,9471,6,78231,80,87702,86,1,200,-10,456,26,11743,0,289,225,"Anderson",76978,367.63750682013,0.148459383753501,111.720231754527,22.0842318584531,592.377042791447,14.8459383753501
2021-10-03,12412,13,8537,9,3875,4,9480,9,78329,98,87809,107,4,204,-10,446,19,11762,0,289,225,"Anderson",76978,361.142144508821,0.146627565982405,139.000753462028,16.8879420094053,579.386318168827,14.6627565982405
2021-10-04,12456,44,8560,23,3896,21,9506,26,78449,120,87955,146,1,205,-22,424,65,11827,0,289,227,"Anderson",76978,353.347709735249,0.145146088595664,189.664579490244,57.1591883395256,550.806723999065,14.5146088595664
2021-10-05,12509,53,8589,29,3920,24,9536,30,78577,128,88113,158,2,207,-16,408,67,11894,0,289,228,"Anderson",76978,358.543999584297,0.143117593436645,205.253449037387,68.8508404998831,530.021564602874,14.3117593436645
2021-10-06,12539,30,8612,23,3927,7,9562,26,78742,165,88304,191,1,208,-5,403,34,11928,0,289,229,"Anderson",76978,350.749564810725,0.153703703703704,248.122840292031,38.9721738678584,523.526202291564,15.3703703703704
2021-10-07,12571,32,8634,22,3937,10,9587,25,78882,140,88469,165,0,208,-11,392,43,11971,0,289,231,"Anderson",76978,311.777390942867,0.146176185866409,214.346956273221,41.5703187923822,509.236405206682,14.6176185866409
2021-10-08,12588,17,8639,5,3949,12,9597,10,79012,130,88609,140,1,209,-13,379,29,12000,1,290,231,"Anderson",76978,267.608927225961,0.132930513595166,181.870144716672,22.0842318584531,492.348463197277,13.2930513595166
2021-10-09,12603,15,8642,3,3961,12,9604,7,79074,62,88678,69,0,209,-12,367,27,12027,0,290,232,"Anderson",76978,265.010782301437,0.136270491803279,89.6359998960742,19.4860869339292,476.759593650134,13.6270491803279
2021-10-10,12613,10,8650,8,3963,2,9613,9,79161,87,88774,96,0,209,-15,352,25,12052,0,290,232,"Anderson",76978,261.113564914651,0.137823834196891,124.710956377147,12.9907246226195,457.273506716205,13.7823834196891
2021-10-11,12654,41,8664,14,3990,27,9626,13,79262,101,88888,114,0,209,-11,341,52,12104,1,291,232,"Anderson",76978,257.216347527865,0.128617363344051,148.094260697862,53.2619709527397,442.983709631323,12.8617363344051
2021-10-12,12689,35,8688,24,4001,11,9648,22,79361,99,89009,121,2,211,-9,332,42,12146,3,294,232,"Anderson",76978,233.83304320715,0.125,157.187767933695,45.4675361791681,431.292057470966,12.5
2021-10-13,12715,26,8702,14,4013,12,9666,18,79473,112,89139,130,0,211,-15,317,41,12187,1,295,235,"Anderson",76978,228.636753358102,0.124550898203593,168.879420094053,33.7758840188106,411.805970537037,12.4550898203593
2021-10-14,12734,19,8712,10,4022,9,9680,14,79576,103,89256,117,1,212,-22,295,40,12227,0,295,235,"Anderson",76978,211.748811348697,0.118170266836086,151.991478084648,24.682376782977,383.226376367274,11.8170266836086
2021-10-15,12757,23,8724,12,4033,11,9693,13,79698,122,89391,135,0,212,-15,280,38,12265,1,296,235,"Anderson",76978,219.543246122269,0.122762148337596,175.374782405363,29.8786666320247,363.740289433345,12.2762148337596
2021-10-16,12765,8,8729,5,4036,3,9700,7,79753,55,89453,62,0,212,-15,265,23,12288,1,297,235,"Anderson",76978,210.449738886435,0.123870967741935,80.5424926602406,10.3925796980956,344.254202499415,12.3870967741935
2021-10-17,12767,2,8730,1,4037,1,9701,1,79804,51,89505,52,0,212,-11,254,13,12301,0,297,235,"Anderson",76978,200.05715918834,0.120383036935705,67.5517680376211,2.59814492452389,329.964405414534,12.0383036935705
2021-10-18,12791,24,8740,10,4051,14,9712,11,79872,68,89584,79,1,213,-26,228,49,12350,1,298,235,"Anderson",76978,177.972927329886,0.123563218390805,102.626724518694,31.1777390942867,296.188521395723,12.3563218390805
2021-10-19,12820,29,8753,13,4067,16,9723,11,79983,111,89706,122,2,215,-17,211,44,12394,0,298,235,"Anderson",76978,170.178492556315,0.107604017216643,158.486840395957,37.6731014055964,274.10428953727,10.7604017216643
2021-10-20,12855,35,8779,26,4076,9,9752,29,80094,111,89846,140,0,215,12,223,23,12417,1,299,236,"Anderson",76978,181.870144716672,0.121640735502122,181.870144716672,45.4675361791681,289.693159084414,12.1640735502122
2021-10-21,12887,32,8797,18,4090,14,9770,18,80187,93,89957,111,0,215,11,234,21,12438,1,300,237,"Anderson",76978,198.758086726078,0.128388017118402,144.197043311076,41.5703187923822,303.982956169295,12.8388017118402
2021-10-22,12896,9,8803,6,4093,3,9778,8,80263,76,90041,84,0,215,-23,211,32,12470,1,301,237,"Anderson",76978,180.57107225441,0.130769230769231,109.122086830003,11.6916521603575,274.10428953727,13.0769230769231
2021-10-23,12913,17,8807,4,4106,13,9782,4,80316,53,90098,57,0,215,3,214,14,12484,1,302,237,"Anderson",76978,192.262724414768,0.127131782945736,74.0471303489309,22.0842318584531,278.001506924056,12.7131782945736
2021-10-24,12919,6,8812,5,4107,1,9789,7,80368,52,90157,59,0,215,-10,204,16,12500,0,302,238,"Anderson",76978,197.459014263816,0.134969325153374,76.6452752734548,7.79443477357167,265.010782301437,13.4969325153374
2021-10-25,12943,24,8825,13,4118,11,9803,14,80439,71,90242,85,1,216,-8,196,31,12531,2,304,238,"Anderson",76978,197.459014263816,0.138297872340426,110.421159292265,31.1777390942867,254.618202603341,13.8297872340426
2021-10-26,12955,12,8831,6,4124,6,9809,6,80503,64,90312,70,0,216,-9,187,21,12552,0,304,239,"Anderson",76978,175.374782405363,0.141914191419142,90.9350723583361,15.5888695471433,242.926550442984,14.1914191419142
2021-10-27,12973,18,8841,10,4132,8,9822,13,80624,121,90446,134,1,217,-4,183,21,12573,2,306,241,"Anderson",76978,153.29055054691,0.116666666666667,174.075709943101,23.383304320715,237.730260593936,11.6666666666667
2021-10-28,12995,22,8855,14,4140,8,9839,17,80706,82,90545,99,1,218,7,190,14,12587,0,306,242,"Anderson",76978,140.29982592429,0.11734693877551,128.608173763933,28.5795941697628,246.82376782977,11.734693877551
2021-10-29,13016,21,8866,11,4150,10,9851,12,80820,114,90671,126,0,218,7,197,14,12601,1,307,242,"Anderson",76978,155.888695471433,0.115873015873016,163.683130245005,27.2805217075008,255.917275065603,11.5873015873016
2021-10-30,13028,12,8870,4,4158,8,9856,5,80907,87,90763,92,0,218,0,197,12,12613,1,308,242,"Anderson",76978,149.393333160124,0.111278195488722,119.514666528099,15.5888695471433,255.917275065603,11.1278195488722
2021-10-31,13031,3,8872,2,4159,1,9859,3,80946,39,90805,42,0,218,-8,189,11,12624,0,308,242,"Anderson",76978,145.496115773338,0.108024691358025,54.5610434150017,3.89721738678583,245.524695367508,10.8024691358025
2021-11-01,13058,27,8877,5,4181,22,9863,4,81034,88,90897,92,1,219,-15,174,41,12665,1,309,243,"Anderson",76978,149.393333160124,0.0916030534351145,119.514666528099,35.0749564810725,226.038608433578,9.16030534351145
2021-11-02,13078,20,8882,5,4196,15,9868,5,81110,76,90978,81,2,221,-6,168,24,12689,1,310,243,"Anderson",76978,159.785912858219,0.0885885885885886,105.224869443218,25.9814492452389,218.244173660007,8.85885885885886
2021-11-03,13107,29,8899,17,4208,12,9885,17,81310,200,91195,217,1,222,10,178,18,12707,0,310,243,"Anderson",76978,174.075709943101,0.0841121495327103,281.898724310842,37.6731014055964,231.234898282626,8.41121495327103
2021-11-04,13129,22,8914,15,4215,7,9901,16,81443,133,91344,149,0,222,6,184,16,12723,0,310,243,"Anderson",76978,174.075709943101,0.0775969962453066,193.56179687703,28.5795941697628,239.029333056198,7.75969962453066
2021-11-05,13139,10,8917,3,4222,7,9902,1,81565,122,91467,123,0,222,3,187,7,12730,0,310,243,"Anderson",76978,159.785912858219,0.064070351758794,159.785912858219,12.9907246226195,242.926550442984,6.4070351758794
2021-11-06,13148,9,8921,4,4227,5,9907,5,81652,87,91559,92,0,222,-4,183,13,12743,3,313,244,"Anderson",76978,155.888695471433,0.064070351758794,119.514666528099,11.6916521603575,237.730260593936,6.4070351758794
2021-11-07,13154,6,8926,5,4228,1,9913,6,81700,48,91613,54,0,222,-4,179,10,12753,0,313,244,"Anderson",76978,159.785912858219,0.0668316831683168,70.149912962145,7.79443477357167,232.533970744888,6.68316831683168
2021-11-08,13179,25,8937,11,4242,14,9926,13,81788,88,91714,101,1,223,-1,178,25,12778,0,313,244,"Anderson",76978,157.187767933695,0.0771113831089351,131.206318688456,32.4768115565486,231.234898282626,7.71113831089351
2021-11-09,13202,23,8944,7,4258,16,9932,6,81946,158,91878,164,1,224,6,184,16,12794,0,313,245,"Anderson",76978,161.084985320481,0.0711111111111111,213.047883810959,29.8786666320247,239.029333056198,7.11111111111111
2021-11-10,13221,19,8956,12,4265,7,9945,13,82062,116,92007,129,0,224,4,188,15,12809,1,314,247,"Anderson",76978,148.094260697862,0.0738916256157636,167.580347631791,24.682376782977,244.225622905246,7.38916256157635
2021-11-11,13243,22,8973,17,4270,5,9962,17,82252,190,92214,207,0,224,1,189,21,12830,0,314,248,"Anderson",76978,148.094260697862,0.0701149425287356,268.907999688223,28.5795941697628,245.524695367508,7.01149425287356
2021-11-12,13256,13,8981,8,4275,5,9970,8,82385,133,92355,141,0,224,1,190,12,12842,1,315,248,"Anderson",76978,151.991478084648,0.0765765765765766,183.169217178934,16.8879420094053,246.82376782977,7.65765765765766
2021-11-13,13263,7,8985,4,4278,3,9974,4,82436,51,92410,55,3,227,-10,180,14,12856,1,316,249,"Anderson",76978,149.393333160124,0.0787309048178613,71.448985424407,9.09350723583361,233.83304320715,7.87309048178613
2021-11-14,13265,2,8987,2,4278,0,9977,3,82515,79,92492,82,0,227,-4,176,6,12862,0,316,249,"Anderson",76978,144.197043311076,0.0728100113765643,106.523941905479,2.59814492452389,228.636753358102,7.28100113765643
2021-11-15,13297,32,9000,13,4297,19,9991,14,82600,85,92591,99,0,227,5,181,27,12889,0,316,249,"Anderson",76978,153.29055054691,0.0741163055872292,128.608173763933,41.5703187923822,235.132115669412,7.41163055872292
2021-11-16,13322,25,9013,13,4309,12,10004,13,82726,126,92730,139,1,228,-2,179,26,12915,0,316,250,"Anderson",76978,155.888695471433,0.0845070422535211,180.57107225441,32.4768115565486,232.533970744888,8.45070422535211
2021-11-17,13339,17,9022,9,4317,8,10013,9,82840,114,92853,123,0,228,-1,178,18,12933,2,318,252,"Anderson",76978,153.29055054691,0.0803782505910166,159.785912858219,22.0842318584531,231.234898282626,8.03782505910165
2021-11-18,13362,23,9036,14,4326,9,10031,18,82975,135,93006,153,4,232,4,182,15,12948,0,318,254,"Anderson",76978,154.589623009171,0.0871212121212121,198.758086726078,29.8786666320247,236.431188131674,8.71212121212121
2021-11-19,13376,14,9041,5,4335,9,10038,7,83084,109,93122,116,1,233,1,183,12,12960,0,318,254,"Anderson",76978,155.888695471433,0.0886571056062582,150.692405622386,18.1870144716672,237.730260593936,8.86571056062582
2021-11-20,13385,9,9046,5,4339,4,10043,5,83177,93,93220,98,0,233,-9,174,18,12978,0,318,255,"Anderson",76978,158.486840395957,0.0851851851851852,127.309101301671,11.6916521603575,226.038608433578,8.51851851851852
2021-11-21,13397,12,9052,6,4345,6,10049,6,83217,40,93266,46,0,233,4,178,8,12986,0,318,255,"Anderson",76978,171.477565018577,0.0930232558139535,59.7573332640495,15.5888695471433,231.234898282626,9.30232558139535
2021-11-22,13425,28,9069,17,4356,11,10067,18,83339,122,93406,140,1,234,6,184,21,13007,0,318,255,"Anderson",76978,166.281275169529,0.0932515337423313,181.870144716672,36.3740289433345,239.029333056198,9.32515337423313
2021-11-23,13442,17,9075,6,4367,11,10072,5,83436,97,93508,102,0,234,-5,179,22,13029,1,319,256,"Anderson",76978,155.888695471433,0.0874035989717224,132.505391150718,22.0842318584531,232.533970744888,8.74035989717224
2021-11-24,13467,25,9089,14,4378,11,10084,12,83546,110,93630,122,1,235,6,185,18,13047,1,320,256,"Anderson",76978,166.281275169529,0.0913770913770914,158.486840395957,32.4768115565486,240.32840551846,9.13770913770914
2021-11-25,13472,5,9091,2,4381,3,10085,1,83591,45,93676,46,0,235,-12,173,17,13064,1,321,256,"Anderson",76978,142.897970848814,0.0805970149253731,59.7573332640495,6.49536231130973,224.739535971316,8.05970149253731
2021-11-26,13479,7,9097,6,4382,1,10094,9,83634,43,93728,52,0,235,-7,166,14,13078,0,321,257,"Anderson",76978,133.80446361298,0.0924092409240924,67.5517680376211,9.09350723583361,215.646028735483,9.24092409240924
2021-11-27,13484,5,9099,2,4385,3,10096,2,83670,36,93766,38,0,235,-8,158,13,13091,0,321,257,"Anderson",76978,128.608173763933,0.0970695970695971,49.3647535659539,6.49536231130973,205.253449037387,9.70695970695971
2021-11-28,13494,10,9100,1,4394,9,10097,1,83708,38,93805,39,0,235,-10,148,20,13111,0,321,257,"Anderson",76978,126.010028839409,0.0890538033395176,50.6638260282159,12.9907246226195,192.262724414768,8.90538033395176
2021-11-29,13521,27,9115,15,4406,12,10113,16,83787,79,93900,95,0,235,13,161,14,13125,0,321,257,"Anderson",76978,124.710956377147,0.0931174089068826,123.411883914885,35.0749564810725,209.150666424173,9.31174089068826
2021-11-30,13548,27,9128,13,4420,14,10125,12,83889,102,94014,114,0,235,14,175,13,13138,1,322,257,"Anderson",76978,137.701680999766,0.104743083003953,148.094260697862,35.0749564810725,227.33768089584,10.4743083003953
2021-12-01,13579,31,9146,18,4433,13,10143,18,83996,107,94139,125,0,235,15,190,16,13154,2,324,257,"Anderson",76978,145.496115773338,0.115913555992141,162.384057782743,40.2712463301203,246.82376782977,11.5913555992141
2021-12-02,13621,42,9170,24,4451,18,10169,26,84134,138,94303,164,0,235,23,213,19,13173,0,324,259,"Anderson",76978,193.56179687703,0.133971291866029,213.047883810959,54.5610434150017,276.702434461794,13.3971291866029
2021-12-03,13652,31,9187,17,4465,14,10188,19,84321,187,94509,206,1,236,18,231,12,13185,1,325,259,"Anderson",76978,224.739535971316,0.120358514724712,267.608927225961,40.2712463301203,300.085738782509,12.0358514724712
2021-12-04,13672,20,9200,13,4472,7,10202,14,84390,69,94592,83,0,236,8,239,12,13197,0,325,259,"Anderson",76978,244.225622905246,0.128329297820823,107.823014367741,25.9814492452389,310.478318480605,12.8329297820823
2021-12-05,13685,13,9202,2,4483,11,10204,2,84432,42,94636,44,0,236,0,239,13,13210,0,325,259,"Anderson",76978,248.122840292031,0.128760529482551,57.1591883395256,16.8879420094053,310.478318480605,12.8760529482551
2021-12-06,13720,35,9222,20,4498,15,10226,22,84534,102,94760,124,2,238,7,246,26,13236,1,326,259,"Anderson",76978,258.515419990127,0.131395348837209,161.084985320481,45.4675361791681,319.571825716438,13.1395348837209
2021-12-07,13749,29,9237,15,4512,14,10242,16,84629,95,94871,111,0,238,19,265,10,13246,0,326,259,"Anderson",76978,261.113564914651,0.136522753792299,144.197043311076,37.6731014055964,344.254202499415,13.6522753792299
2021-12-08,13776,27,9258,21,4518,6,10262,20,84750,121,95012,141,0,238,16,281,11,13257,1,327,259,"Anderson",76978,255.917275065603,0.13631156930126,183.169217178934,35.0749564810725,365.039361895607,13.631156930126
2021-12-09,13804,28,9274,16,4530,12,10279,17,84960,210,95239,227,0,238,12,293,16,13273,1,328,259,"Anderson",76978,237.730260593936,0.117521367521368,294.889448933461,36.3740289433345,380.62823144275,11.7521367521368
2021-12-10,13833,29,9291,17,4542,12,10296,17,85113,153,95409,170,0,238,9,302,20,13293,0,328,259,"Anderson",76978,235.132115669412,0.12,220.842318584531,37.6731014055964,392.319883603107,12
2021-12-11,13843,10,9296,5,4547,5,10302,6,85188,75,95490,81,0,238,-2,300,12,13305,0,328,260,"Anderson",76978,222.141391046793,0.111358574610245,105.224869443218,12.9907246226195,389.721738678584,11.1358574610245
2021-12-12,13863,20,9307,11,4556,9,10314,12,85258,70,95572,82,0,238,4,304,16,13321,0,328,260,"Anderson",76978,231.234898282626,0.117521367521368,106.523941905479,25.9814492452389,394.918028527631,11.7521367521368
2021-12-13,13893,30,9313,6,4580,24,10321,7,85333,75,95654,82,0,238,-9,295,39,13360,0,328,263,"Anderson",76978,224.739535971316,0.106263982102908,106.523941905479,38.9721738678584,383.226376367274,10.6263982102908
2021-12-14,13907,14,9318,5,4589,9,10327,6,85412,79,95739,85,3,241,-10,285,21,13381,1,329,263,"Anderson",76978,205.253449037387,0.097926267281106,110.421159292265,18.1870144716672,370.235651744654,9.7926267281106
2021-12-15,13933,26,9332,14,4601,12,10342,15,85541,129,95883,144,0,241,-1,284,27,13408,0,329,264,"Anderson",76978,203.954376575125,0.0918484500574053,187.06643456572,33.7758840188106,368.936579282392,9.18484500574053
2021-12-16,13961,28,9342,10,4619,18,10357,15,85636,95,95993,110,0,241,8,292,20,13428,0,329,264,"Anderson",76978,203.954376575125,0.103448275862069,142.897970848814,36.3740289433345,379.329158980488,10.3448275862069
2021-12-17,13992,31,9365,23,4627,8,10379,22,85791,155,96170,177,1,242,0,292,30,13458,0,329,265,"Anderson",76978,206.552521499649,0.109067017082786,229.935825820364,40.2712463301203,379.329158980488,10.9067017082786
2021-12-18,14004,12,9375,10,4629,2,10389,10,85873,82,96262,92,0,242,2,294,10,13468,0,329,265,"Anderson",76978,209.150666424173,0.112694300518135,119.514666528099,15.5888695471433,381.927303905012,11.2694300518135
2021-12-19,14018,14,9383,8,4635,6,10400,11,85953,80,96353,91,0,242,-6,288,20,13488,0,329,265,"Anderson",76978,201.356231650601,0.1101152368758,118.215594065837,18.1870144716672,374.13286913144,11.01152368758
2021-12-20,14042,24,9398,15,4644,9,10414,14,86039,86,96453,100,0,242,-4,284,28,13516,0,329,266,"Anderson",76978,193.56179687703,0.11639549436796,129.907246226195,31.1777390942867,368.936579282392,11.639549436796
2021-12-21,14070,28,9406,8,4664,20,10424,10,86120,81,96544,91,0,242,-1,283,29,13545,0,329,266,"Anderson",76978,211.748811348697,0.120496894409938,118.215594065837,36.3740289433345,367.63750682013,12.0496894409938
2021-12-22,14118,48,9420,14,4698,34,10435,11,86235,115,96670,126,19,261,1,284,28,13573,0,329,266,"Anderson",76978,240.32840551846,0.118170266836086,163.683130245005,62.3554781885734,368.936579282392,11.8170266836086
2021-12-23,14145,27,9435,15,4710,12,10452,17,86335,100,96787,117,-1,260,9,293,19,13592,0,329,266,"Anderson",76978,239.029333056198,0.119647355163728,151.991478084648,35.0749564810725,380.62823144275,11.9647355163728
2021-12-24,14171,26,9450,15,4721,11,10469,17,86422,87,96891,104,0,260,4,297,22,13614,0,329,266,"Anderson",76978,232.533970744888,0.124826629680999,135.103536075242,33.7758840188106,385.824521291798,12.4826629680999
2021-12-25,14185,14,9457,7,4728,7,10479,10,86480,58,96959,68,1,261,1,298,12,13626,0,329,266,"Anderson",76978,235.132115669412,0.129124820659971,88.3369274338123,18.1870144716672,387.12359375406,12.9124820659971
2021-12-26,14196,11,9461,4,4735,7,10483,4,86524,44,97007,48,1,262,-7,291,17,13643,0,329,266,"Anderson",76978,231.234898282626,0.126911314984709,62.3554781885734,14.2897970848814,378.030086518226,12.6911314984709
2021-12-27,14243,47,9479,18,4764,29,10503,20,86628,104,97131,124,1,263,15,306,31,13674,0,329,266,"Anderson",76978,261.113564914651,0.131268436578171,161.084985320481,61.0564057263114,397.516173452155,13.1268436578171
2021-12-28,14330,87,9512,33,4818,54,10537,34,86737,109,97274,143,0,263,70,376,17,13691,0,329,266,"Anderson",76978,337.758840188106,0.154794520547945,185.767362103458,113.019304216789,488.451245810491,15.4794520547945
2021-12-29,14411,81,9556,44,4855,37,10583,46,86895,158,97478,204,2,265,49,425,30,13721,0,329,266,"Anderson",76978,380.62823144275,0.183168316831683,265.010782301437,105.224869443218,552.105796461327,18.3168316831683
2021-12-30,14501,90,9595,39,4906,51,10621,38,87014,119,97635,157,1,266,65,490,24,13745,0,329,266,"Anderson",76978,462.469796565252,0.199292452830189,203.954376575125,116.916521603575,636.545506508353,19.9292452830189
2021-12-31,14567,66,9634,39,4933,27,10664,43,87131,117,97795,160,0,266,48,538,18,13763,0,329,266,"Anderson",76978,514.43269505573,0.21570796460177,207.851593961911,85.7387825092884,698.900984696926,21.570796460177
2022-01-01,14627,60,9667,33,4960,27,10701,37,87230,99,97931,136,0,266,47,585,13,13776,0,329,266,"Anderson",76978,574.19002831978,0.228395061728395,176.673854867625,77.9443477357167,759.957390423238,22.8395061728395
2022-01-02,14657,30,9689,22,4968,8,10725,24,87346,116,98071,140,0,266,14,599,16,13792,0,329,266,"Anderson",76978,598.872405102757,0.227443609022556,181.870144716672,38.9721738678584,778.144404894905,22.7443609022556
2020-03-12,1,1,1,1,0,0,1,1,11,11,12,12,NA,NA,NA,NA,0,0,0,0,0,"East TN",2455501,NA,NA,0.488698640318208,0.040724886693184,NA,NA
2020-03-13,1,0,1,0,0,0,1,0,23,12,24,12,NA,NA,NA,NA,0,0,0,0,0,"East TN",2455501,NA,NA,0.488698640318208,0,NA,NA
2020-03-14,3,2,3,2,0,0,3,2,50,27,53,29,NA,NA,NA,NA,0,0,0,0,0,"East TN",2455501,NA,NA,1.18102171410234,0.081449773386368,NA,NA
2020-03-15,3,0,3,0,0,0,3,0,53,3,56,3,NA,NA,NA,NA,0,0,0,0,0,"East TN",2455501,NA,NA,0.122174660079552,0,NA,NA
2020-03-16,5,2,5,2,0,0,5,2,89,36,94,38,NA,NA,NA,NA,0,0,0,0,0,"East TN",2455501,NA,NA,1.54754569434099,0.081449773386368,NA,NA
2020-03-17,6,1,6,1,0,0,5,0,130,41,135,41,NA,NA,NA,NA,0,0,0,0,0,"East TN",2455501,NA,NA,1.66972035442054,0.040724886693184,NA,NA
2020-03-18,8,2,8,2,0,0,7,2,171,41,178,43,NA,NA,NA,NA,0,0,0,0,0,"East TN",2455501,0.325799093545472,0.0393258426966292,1.75117012780691,0.081449773386368,NA,3.93258426966292
2020-03-19,11,3,11,3,0,0,11,4,238,67,249,71,NA,NA,NA,NA,0,0,0,0,0,"East TN",2455501,0.40724886693184,0.0421940928270042,2.89146695521606,0.122174660079552,NA,4.21940928270042
2020-03-20,29,18,29,18,0,0,27,16,382,144,409,160,NA,NA,NA,NA,3,3,2,2,0,"East TN",2455501,1.14029682740915,0.0675324675324675,6.51598187090944,0.733047960477312,NA,6.75324675324675
2020-03-21,38,9,38,9,0,0,38,11,610,228,648,239,NA,NA,NA,NA,3,6,1,3,1,"East TN",2455501,1.42537103426144,0.0588235294117647,9.73324791967098,0.366523980238656,NA,5.88235294117647
2020-03-22,48,10,47,9,1,1,43,5,713,103,756,108,NA,NA,NA,NA,2,8,4,7,2,"East TN",2455501,1.83261990119328,0.0571428571428571,4.39828776286387,0.40724886693184,NA,5.71428571428571
2020-03-23,64,16,63,16,1,0,56,13,846,133,902,146,NA,NA,NA,NA,7,15,4,11,2,"East TN",2455501,2.40276831489786,0.0631188118811881,5.94583345720486,0.651598187090944,NA,6.31188118811881
2020-03-24,83,19,82,19,1,0,70,14,987,141,1057,155,NA,NA,NA,NA,7,22,5,16,2,"East TN",2455501,3.13581627537517,0.0704989154013015,6.31235743744352,0.773772847170496,NA,7.04989154013015
2020-03-25,116,33,115,33,1,0,99,29,1288,301,1387,330,NA,NA,NA,NA,15,37,12,28,3,"East TN",2455501,4.39828776286387,0.076095947063689,13.4392126087507,1.34392126087507,NA,7.6095947063689
2020-03-26,144,28,143,28,1,0,130,31,1774,486,1904,517,NA,NA,NA,NA,15,52,5,33,4,"East TN",2455501,5.41640993019347,0.0719033232628399,21.0547664203761,1.14029682740915,NA,7.19033232628399
2020-03-27,166,22,165,22,1,0,147,17,2171,397,2318,414,NA,NA,NA,NA,17,69,6,39,4,"East TN",2455501,5.57930947696621,0.0628601361969618,16.8601030909782,0.895947507250048,NA,6.28601361969618
2020-03-28,197,31,196,31,1,0,180,33,2608,437,2788,470,NA,NA,NA,NA,12,81,8,47,4,"East TN",2455501,6.47525698421626,0.0663551401869159,19.1406967457965,1.2624714874887,NA,6.63551401869159
2020-03-29,213,16,212,16,1,0,196,16,2795,187,2991,203,NA,NA,NA,NA,27,108,3,50,7,"East TN",2455501,6.71960630437536,0.0684563758389262,8.26715199871635,0.651598187090944,NA,6.84563758389262
2020-03-30,246,33,245,33,1,0,226,30,3345,550,3571,580,NA,NA,NA,NA,33,141,8,58,9,"East TN",2455501,7.41192937815949,0.0636942675159236,23.6204342820467,1.34392126087507,NA,6.36942675159236
2020-03-31,295,49,294,49,1,0,278,52,3645,300,3923,352,NA,NA,NA,NA,39,180,12,70,10,"East TN",2455501,8.63367597895501,0.0725750174459177,14.3351601160008,1.99551944796602,NA,7.25750174459177
2020-04-01,346,51,345,51,1,0,336,58,4243,598,4579,656,NA,NA,NA,NA,36,216,9,79,12,"East TN",2455501,9.36672393943232,0.0742481203007519,26.7155256707287,2.07696922135238,NA,7.42481203007519
2020-04-02,391,45,390,45,1,0,383,47,4839,596,5222,643,2,7,NA,134,34,250,5,84,14,"East TN",2455501,10.0590470132164,0.0762507534659433,26.1861021437173,1.83261990119328,5.45713481688666,7.62507534659433
2020-04-03,412,21,411,21,1,0,401,18,5124,285,5525,303,1,8,-13,121,33,283,2,86,17,"East TN",2455501,10.0183221265233,0.0792017461802308,12.3396406680348,0.855222620556864,4.92771128987526,7.92017461802307
2020-04-04,447,35,446,35,1,0,431,30,5716,592,6147,622,3,11,0,121,32,315,5,91,19,"East TN",2455501,10.181221673296,0.0747246204227449,25.3308795231604,1.42537103426144,4.92771128987526,7.47246204227449
2020-04-05,473,26,472,26,1,0,464,33,6093,377,6557,410,-1,10,1,122,26,341,2,93,20,"East TN",2455501,10.5884705402278,0.0751542344363432,16.6972035442054,1.05884705402278,4.96843617656845,7.51542344363432
2020-04-06,514,41,513,41,1,0,514,50,6626,533,7140,583,8,18,0,122,33,374,5,98,20,"East TN",2455501,10.9142696337733,0.080694872513309,23.7426089421263,1.66972035442054,4.96843617656845,8.06948725133091
2020-04-07,570,56,569,56,1,0,592,78,7755,1129,8347,1207,0,18,19,141,37,411,7,105,21,"East TN",2455501,11.1993438406256,0.0709764918625678,49.1549382386731,2.2805936548183,5.74220902373894,7.09764918625678
2020-04-08,607,37,606,37,1,0,632,40,8162,407,8794,447,1,19,4,145,32,443,8,113,25,"East TN",2455501,10.629195426921,0.0702253855278766,18.2040243518532,1.50682080764781,5.90510857051168,7.02253855278766
2020-04-09,633,26,632,26,1,0,662,30,8613,451,9275,481,3,22,3,148,20,463,2,115,25,"East TN",2455501,9.85542257975053,0.0688378978534419,19.5886704994215,1.05884705402278,6.02728323059123,6.88378978534419
2020-04-10,655,22,654,22,1,0,682,20,8941,328,9623,348,0,22,-7,141,29,492,4,119,25,"East TN",2455501,9.89614746644371,0.0685700341630063,14.172260569228,0.895947507250048,5.74220902373894,6.85700341630063
2020-04-11,679,24,678,24,1,0,728,46,10022,1081,10750,1127,2,24,-5,136,27,519,5,124,27,"East TN",2455501,9.44817371281869,0.0645231370845101,45.8969473032184,0.977397280636416,5.53858459027302,6.45231370845101
2020-04-12,709,30,708,30,1,0,761,33,11472,1450,12233,1483,0,24,18,154,12,531,1,125,28,"East TN",2455501,9.61107325959142,0.0523255813953488,60.3950069659919,1.22174660079552,6.27163255075034,5.23255813953488
2020-04-13,738,29,737,29,1,0,803,42,12435,963,13238,1005,0,24,-2,152,31,562,7,132,32,"East TN",2455501,9.12237461927321,0.0473925877336832,40.9285111266499,1.18102171410234,6.19018277736397,4.73925877336832
2020-04-14,749,11,748,11,1,0,823,20,12720,285,13543,305,4,28,-17,135,24,586,1,133,33,"East TN",2455501,7.28975471807994,0.0444572748267898,12.4210904414211,0.447973753625024,5.49785970357984,4.44572748267898
2020-04-15,773,24,772,24,1,0,850,27,13132,412,13982,439,2,30,-6,129,28,614,4,137,34,"East TN",2455501,6.76033119106854,0.0420200462606014,17.8782252583078,0.977397280636416,5.25351038342074,4.20200462606014
2020-04-16,801,28,800,28,1,0,886,36,13809,677,14695,713,1,31,1,130,26,640,6,143,34,"East TN",2455501,6.84178096445491,0.0413284132841328,29.0368442122402,1.14029682740915,5.29423527011392,4.13284132841328
2020-04-17,823,22,821,21,2,1,916,30,14138,329,15054,359,0,31,-1,129,23,663,4,147,35,"East TN",2455501,6.84178096445491,0.0430859878475419,14.6202343228531,0.895947507250048,5.25351038342074,4.30859878475419
2020-04-18,835,12,833,12,2,0,935,19,14919,781,15854,800,0,31,-11,118,23,686,0,147,35,"East TN",2455501,6.3530823241367,0.0405564263322884,32.5799093545472,0.488698640318208,4.80553662979571,4.05564263322884
2020-04-19,914,79,912,79,2,0,1016,81,15606,687,16622,768,1,32,66,184,12,698,1,148,35,"East TN",2455501,8.34860177210272,0.0580997949419002,31.2767129803653,3.21726604876154,7.49337915154586,5.80997949419002
2020-04-20,939,25,931,19,8,6,1033,17,16569,963,17602,980,0,32,10,194,15,713,2,150,35,"East TN",2455501,8.18570222532998,0.0527039413382218,39.9103889593203,1.0181221673296,7.9006280184777,5.27039413382218
2020-04-21,1045,106,1037,106,8,0,1154,121,19275,2706,20429,2827,0,32,83,277,23,736,6,156,36,"East TN",2455501,12.0545664611825,0.0480685448736567,115.129254681631,4.3168379894775,11.280793614012,4.80685448736567
2020-04-22,1247,202,1237,200,10,2,1354,200,21827,2552,23181,2752,2,34,177,454,23,759,2,158,36,"East TN",2455501,19.3035962925692,0.054788563974345,112.074888179642,8.22642711202317,18.4890985587055,5.4788563974345
2020-04-23,1492,245,1480,243,12,2,1601,247,22934,1107,24535,1354,0,34,236,690,9,768,3,161,36,"East TN",2455501,28.1408967049901,0.0726626016260163,55.1414965825711,9.97759723983008,28.100171818297,7.26626016260163
2020-04-24,1540,48,1527,47,13,1,1655,54,25623,2689,27278,2743,0,34,22,712,26,794,4,165,36,"East TN",2455501,29.1997437590129,0.0604548429319372,111.708364199404,1.95479456127283,28.996119325547,6.04548429319372
2020-04-25,1563,23,1546,19,17,4,1674,19,26398,775,28072,794,0,34,10,722,13,807,3,168,37,"East TN",2455501,29.6477175126379,0.0604845310198068,32.3355600343881,0.936672393943232,29.4033681924788,6.04845310198068
2020-04-26,1583,20,1565,19,18,1,1700,26,27516,1118,29216,1144,0,34,-1,721,21,828,0,168,38,"East TN",2455501,27.2449491977401,0.0543115769414007,46.5892703770025,0.81449773386368,29.3626433057857,5.43115769414007
2020-04-27,1652,69,1633,68,19,1,1772,72,28431,915,30203,987,0,34,50,771,19,847,8,176,39,"East TN",2455501,29.0368442122402,0.058646139195302,40.1954631661726,2.8100171818297,31.3988876404449,5.8646139195302
2020-04-28,1689,37,1667,34,22,3,1812,40,30605,2174,32417,2214,2,36,19,790,16,863,1,177,40,"East TN",2455501,26.2268270304105,0.0548882215548882,90.1648991387094,1.50682080764781,32.1726604876154,5.48882215548882
2020-04-29,1752,63,1729,62,23,1,1878,66,33354,2749,35232,2815,1,37,39,829,23,886,6,183,41,"East TN",2455501,20.5660677800579,0.0434818687245872,114.640556041313,2.56566786167059,33.7609310686495,4.34818687245872
2020-04-30,1774,22,1750,21,24,1,1900,22,33903,549,35803,571,0,37,-1,828,23,909,1,184,41,"East TN",2455501,11.4844180474779,0.0265353212637558,23.2539103018081,0.895947507250048,33.7202061819563,2.65353212637558
2020-05-01,1814,40,1786,36,28,4,1929,29,35565,1662,37494,1691,0,37,-16,812,56,965,0,184,41,"East TN",2455501,11.1586189539324,0.0268206734534064,68.8657833981741,1.62899546772736,33.0686079948654,2.68206734534064
2020-05-02,1835,21,1807,21,28,0,1966,37,37442,1877,39408,1914,0,37,-107,705,128,1093,3,187,41,"East TN",2455501,11.077169180546,0.0257586450247001,77.9474331307542,0.855222620556864,28.7110451186947,2.57586450247001
2020-05-03,1873,38,1840,33,33,5,2003,37,39562,2120,41565,2157,0,37,-20,685,58,1151,3,190,43,"East TN",2455501,11.8102171410234,0.0245363997084784,87.8435805971979,1.54754569434099,27.896547384831,2.45363997084784
2020-05-04,1920,47,1884,44,36,3,2060,57,41508,1946,43568,2003,0,37,-312,373,359,1510,1,191,43,"East TN",2455501,10.9142696337733,0.0215488215488215,81.5719480464475,1.91406967457965,15.1903827365576,2.15488215488215
2020-05-05,1948,28,1911,27,37,1,2092,32,44418,2910,46510,2942,2,39,-45,328,71,1581,1,192,43,"East TN",2455501,10.5477456535347,0.0198680195841907,119.812616651347,1.14029682740915,13.3577628353644,1.98680195841907
2020-05-06,1985,37,1948,37,37,0,2135,43,45462,1044,47597,1087,1,40,7,335,29,1610,0,192,43,"East TN",2455501,9.48889859951187,0.0207844723008492,44.267951835491,1.50682080764781,13.6428370422166,2.07844723008492
2020-05-07,2028,43,1989,41,39,2,2183,48,46853,1391,49036,1439,0,40,19,354,24,1634,4,196,47,"East TN",2455501,10.3441212200687,0.0213859291166024,58.6031119514918,1.75117012780691,14.4166098893871,2.13859291166024
2020-05-08,2047,19,2008,19,39,0,2219,36,48523,1670,50742,1706,1,41,-15,339,33,1667,0,196,48,"East TN",2455501,9.48889859951187,0.0218900966183575,69.4766566985719,0.773772847170496,13.8057365889894,2.18900966183575
2020-05-09,2063,16,2022,14,41,2,2237,18,51342,2819,53579,2837,0,41,-32,307,48,1715,1,197,49,"East TN",2455501,9.28527416604595,0.0191235622045022,115.536503548563,0.651598187090944,12.5025402148075,1.91235622045022
2020-05-10,2079,16,2037,15,42,1,2256,19,53906,2564,56162,2583,1,42,-27,280,42,1757,3,200,49,"East TN",2455501,8.3893266587959,0.0173323285606631,105.192382328494,0.651598187090944,11.4029682740915,1.73323285606631
2020-05-11,2140,61,2097,60,43,1,2307,51,55477,1571,57784,1622,3,45,13,293,45,1802,5,205,51,"East TN",2455501,8.95947507250048,0.0173747889701744,66.0557662163444,2.48421808828422,11.9323918011029,1.73747889701745
2020-05-12,2193,53,2150,53,43,0,2373,66,59032,3555,61405,3621,3,48,30,323,20,1822,3,208,51,"East TN",2455501,9.97759723983008,0.0188653910708291,147.464814716019,2.15841899473875,13.1541384018984,1.88653910708291
2020-05-13,2247,54,2201,51,46,3,2425,52,60657,1625,63082,1677,0,48,18,341,36,1858,7,215,53,"East TN",2455501,10.6699203136142,0.0187278010978366,68.2956349844696,2.19914388143194,13.8871863623757,1.87278010978366
2020-05-14,2278,31,2232,31,46,0,2470,45,62365,1708,64835,1753,1,49,-2,339,32,1890,2,217,54,"East TN",2455501,10.181221673296,0.0181657066902969,71.3907263731516,1.2624714874887,13.8057365889894,1.81657066902969
2020-05-15,2306,28,2260,28,46,0,2507,37,64685,2320,67192,2357,1,50,-21,318,48,1938,4,221,54,"East TN",2455501,10.5477456535347,0.0175075987841945,95.9885579358347,1.14029682740915,12.9505139684325,1.75075987841945
2020-05-16,2316,10,2270,10,46,0,2525,18,67454,2769,69979,2787,1,51,-28,290,37,1975,1,222,54,"East TN",2455501,10.3033963333756,0.0175609756097561,113.500259213904,0.40724886693184,11.8102171410234,1.75609756097561
2020-05-17,2396,80,2350,80,46,0,2604,79,69681,2227,72285,2306,0,51,59,349,21,1996,4,226,56,"East TN",2455501,12.9097890817393,0.0215840724430937,93.9115887144823,3.25799093545472,14.2129854559212,2.15840724430937
2020-05-18,2445,49,2398,48,47,1,2665,61,71559,1878,74224,1939,0,51,8,357,41,2037,3,229,56,"East TN",2455501,12.4210904414211,0.0217761557177616,78.9655552980838,1.99551944796602,14.5387845494667,2.17761557177616
2020-05-19,2486,41,2438,40,48,1,2705,40,72683,1124,75388,1164,1,52,-6,351,46,2083,3,232,56,"East TN",2455501,11.9323918011029,0.0237431166416363,47.4037681108662,1.66972035442054,14.2944352293076,2.37431166416363
2020-05-20,2528,42,2480,42,48,0,2750,45,74423,1740,77173,1785,0,52,13,364,29,2112,3,235,56,"East TN",2455501,11.4436931607847,0.0230643673266624,72.6939227473334,1.71044524111373,14.823858756319,2.30643673266624
2020-05-21,2769,241,2720,240,49,1,2988,238,75885,1462,78873,1700,0,52,211,575,30,2142,4,239,57,"East TN",2455501,19.9959193663533,0.0368998432825189,69.2323073784128,9.81469769305734,23.4168098485808,3.68998432825189
2020-05-22,2860,91,2808,88,52,3,3066,78,77410,1525,80476,1603,0,52,40,615,51,2193,7,246,57,"East TN",2455501,22.5615872280239,0.0420806985847636,65.2819933691739,3.70596468907974,25.0458053163082,4.20806985847636
2020-05-23,2926,66,2870,62,56,4,3157,91,79625,2215,82782,2306,2,54,36,651,28,2221,7,253,58,"East TN",2455501,24.8421808828422,0.0493634304459892,93.9115887144823,2.68784252175014,26.5119012372628,4.93634304459892
2020-05-24,2978,52,2922,52,56,0,3227,70,81745,2120,84972,2190,0,54,26,677,26,2247,0,253,59,"East TN",2455501,23.7018840554331,0.0491053834633877,89.187501858073,2.11769410804557,27.5707482912856,4.91053834633877
2020-05-25,3062,84,3005,83,57,1,3321,94,84395,2650,87716,2744,1,55,42,719,41,2288,2,255,59,"East TN",2455501,25.1272550896945,0.0486214052772013,111.749089086097,3.42089048222746,29.2811935323993,4.86214052772013
2020-05-26,3123,61,3057,52,66,9,3377,56,86781,2386,90158,2442,1,56,15,734,45,2333,3,258,59,"East TN",2455501,25.9417528235582,0.0454976303317536,99.4501733047553,2.48421808828422,29.8920668327971,4.54976303317536
2020-05-27,3199,76,3130,73,69,3,3444,67,88648,1867,92092,1934,0,56,40,774,36,2369,9,267,59,"East TN",2455501,27.3263989711265,0.0465178631275555,78.7619308646179,3.09509138868198,31.5210623005244,4.65178631275555
2020-05-28,3273,74,3204,74,69,0,3511,67,90047,1399,93558,1466,0,56,14,788,60,2429,1,268,59,"East TN",2455501,20.5253428933647,0.0356145726932244,59.7026838922077,3.01364161529562,32.091210714229,3.56145726932244
2020-05-29,3348,75,3278,74,70,1,3594,83,91325,1278,94919,1361,0,56,10,798,65,2494,4,272,59,"East TN",2455501,19.8737447062738,0.0365575019040366,55.4265707894234,3.0543665019888,32.4984595811608,3.65575019040366
2020-05-30,3421,73,3350,72,71,1,3675,81,93570,2245,97245,2326,0,56,-1,797,74,2568,5,277,60,"East TN",2455501,20.1588189131261,0.0358155292816152,94.726086448346,2.97291672860243,32.4577346944676,3.58155292816152
2020-05-31,3533,112,3460,110,73,2,3769,94,96353,2783,100122,2877,0,56,71,868,41,2609,1,278,61,"East TN",2455501,22.6023121147171,0.0357755775577558,117.16549901629,4.56118730963661,35.3492016496837,3.57755775577558
2020-06-01,3629,96,3553,93,76,3,3903,134,100185,3832,104088,3966,0,56,-169,699,265,2874,5,283,61,"East TN",2455501,23.0910107550353,0.0355484974346445,161.514900625168,3.90958912254566,28.4666957985356,3.55484974346445
2020-06-02,3736,107,3658,105,78,2,4018,115,104244,4059,108262,4174,1,57,16,715,90,2964,3,286,65,"East TN",2455501,24.9643555429218,0.0354065399911622,169.98567705735,4.35756287617069,29.1182939856266,3.54065399911622
2020-06-03,3786,50,3708,50,78,0,4068,50,106174,1930,110242,1980,0,57,-65,650,115,3079,4,290,66,"East TN",2455501,23.905508488899,0.0343801652892562,80.6352756525043,2.0362443346592,26.4711763505696,3.43801652892562
2020-06-04,3837,51,3757,49,80,2,4129,61,107722,1548,111851,1609,6,63,-37,613,82,3161,5,295,67,"East TN",2455501,22.9688360949558,0.0337834144208167,65.526342689333,2.07696922135238,24.9643555429218,3.37834144208167
2020-06-05,3936,99,3852,95,84,4,4211,82,109878,2156,114089,2238,1,64,-43,570,141,3302,4,299,68,"East TN",2455501,23.9462333755922,0.0321857068335942,91.1422964193458,4.03176378262522,23.2131854151149,3.21857068335942
2020-06-06,3989,53,3902,50,87,3,4286,75,112983,3105,117269,3180,1,65,-14,556,66,3368,4,303,68,"East TN",2455501,23.1317356417285,0.0305133839392729,129.505139684325,2.15841899473875,22.6430370014103,3.05133839392729
2020-06-07,4047,58,3958,56,89,2,4367,81,116946,3963,121313,4044,0,65,-8,548,66,3434,6,309,69,"East TN",2455501,20.9325917602966,0.0282195271577557,164.691441787236,2.36204342820467,22.3172379078648,2.82195271577557
2020-06-08,4207,160,4114,156,93,4,4524,157,119897,2951,124421,3108,0,65,75,623,85,3519,6,315,69,"East TN",2455501,23.5389845086604,0.0305414842866276,126.572947842416,6.51598187090944,25.3716044098536,3.05414842866276
2020-06-09,4315,108,4221,107,94,1,4642,118,122224,2327,126866,2445,1,66,-35,588,142,3661,7,322,70,"East TN",2455501,23.5797093953535,0.0335411739410879,99.5723479648349,4.39828776286387,23.9462333755922,3.35411739410879
2020-06-10,4392,77,4295,74,97,3,4716,74,125062,2838,129778,2912,0,66,-63,525,140,3801,6,328,70,"East TN",2455501,24.6792813360695,0.0331695331695332,118.590870050552,3.13581627537517,21.3805655139216,3.31695331695332
2020-06-11,4656,264,4557,262,99,2,4996,280,127353,2291,132349,2571,1,67,149,674,114,3915,8,336,70,"East TN",2455501,33.3536822017177,0.0422968094448239,104.703683688176,10.7513700870006,27.448573631206,4.22968094448239
2020-06-12,4827,171,4727,170,100,1,5168,172,129981,2628,135149,2800,2,69,24,698,145,4060,3,339,71,"East TN",2455501,36.2858740436269,0.0454415954415954,114.029682740915,6.96395562453446,28.4259709118424,4.54415954415954
2020-06-13,4975,148,4871,144,104,4,5336,168,132172,2191,137508,2359,0,69,50,748,98,4158,4,343,72,"East TN",2455501,40.1547382794794,0.051880033598498,96.0700077092211,6.02728323059123,30.4622152465016,5.1880033598498
2020-06-14,5091,116,4986,115,105,1,5471,135,136042,3870,141513,4005,0,69,30,778,86,4244,4,347,73,"East TN",2455501,42.5167817076841,0.0546534653465347,163.103171206202,4.72408685640934,31.6839618472971,5.46534653465347
2020-06-15,5274,183,5158,172,116,11,5650,179,139216,3174,144866,3353,0,69,59,837,124,4368,9,356,78,"East TN",2455501,43.4534541016273,0.0550745903643923,136.550545082246,7.45265426485267,34.086730162195,5.50745903643923
2020-06-16,5428,154,5310,152,118,2,5808,158,141016,1800,146824,1958,3,72,64,901,87,4455,4,360,81,"East TN",2455501,45.3267988895138,0.0584226876440525,79.7393281452543,6.27163255075034,36.6931229105588,5.84226876440525
2020-06-17,5561,133,5440,130,121,3,5930,122,142456,1440,148386,1562,3,75,-6,895,136,4591,6,366,83,"East TN",2455501,47.6073925443321,0.0652407566638005,63.6122730147534,5.41640993019347,36.4487735903997,6.52407566638005
2020-06-18,5739,178,5617,177,122,1,6136,206,146047,3591,152183,3797,1,76,42,937,135,4726,12,378,83,"East TN",2455501,44.1050522887183,0.0574770595946355,154.63239477402,7.24902983138675,38.1592188315134,5.74770595946355
2020-06-19,5874,135,5748,131,126,4,6254,118,147511,1464,153765,1582,4,80,22,959,109,4835,13,391,84,"East TN",2455501,42.6389563677636,0.0583369144821659,64.4267707486171,5.49785970357984,39.0551663387635,5.83369144821659
2020-06-20,5940,66,5813,65,127,1,6349,95,149686,2175,156035,2270,0,80,-44,915,110,4945,7,398,84,"East TN",2455501,39.2995156589226,0.0546769579532574,92.4454927935277,2.68784252175014,37.2632713242634,5.46769579532574
2020-06-21,6028,88,5900,87,128,1,6468,119,153036,3350,159504,3469,1,81,0,915,87,5032,3,401,87,"East TN",2455501,38.1592188315134,0.0554165971874826,141.274631938655,3.58379002900019,37.2632713242634,5.54165971874826
2020-06-22,6224,196,6089,189,135,7,6666,198,156447,3411,163113,3609,1,82,43,958,152,5184,7,408,88,"East TN",2455501,38.6886423585248,0.0556803858168466,146.976116075701,7.98207779186406,39.0144414520703,5.56803858168466
2020-06-23,6414,190,6273,184,141,6,6850,184,158252,1805,165102,1989,4,86,57,1015,129,5313,15,423,88,"East TN",2455501,40.1547382794794,0.0570084254294781,81.001799632743,7.73772847170496,41.3357599935818,5.70084254294781
2020-06-24,6592,178,6449,176,143,2,7033,183,159883,1631,166916,1814,2,88,37,1052,139,5452,9,432,88,"East TN",2455501,41.9873581806727,0.0595250944414463,73.8749444614358,7.24902983138675,42.8425808012296,5.95250944414463
2020-06-25,6761,169,6609,160,152,9,7217,184,163057,3174,170274,3358,0,88,22,1074,147,5599,8,440,88,"East TN",2455501,41.620834200434,0.0597534685755348,136.754169515712,6.8825058511481,43.7385283084796,5.97534685755348
2020-06-26,6975,214,6813,204,162,10,7389,172,164646,1589,172035,1761,1,89,67,1141,146,5745,16,456,88,"East TN",2455501,44.8381002491956,0.0621237000547345,71.716525466697,8.71512575234138,46.4670957169229,6.21237000547345
2020-06-27,7049,74,6882,69,167,5,7435,46,164855,209,172290,255,-1,88,-52,1089,127,5872,5,461,90,"East TN",2455501,45.1638993427411,0.066810212242387,10.3848461067619,3.01364161529562,44.3494016088774,6.6810212242387
2020-06-28,7176,127,7007,125,169,2,7606,171,167943,3088,175549,3259,0,88,30,1119,97,5969,5,466,91,"East TN",2455501,46.7521699237752,0.0709255219694609,132.722405733087,5.17206061003437,45.5711482096729,7.09255219694609
2020-06-29,7519,343,7348,341,171,2,7946,340,173211,5268,181157,5608,1,89,147,1266,195,6164,22,488,92,"East TN",2455501,52.7387282676733,0.0709377078253159,228.385164575376,13.9686361357621,51.5577065535709,7.09377078253159
2020-06-30,7789,270,7614,266,175,4,8394,448,179498,6287,187892,6735,0,89,100,1366,170,6334,22,510,93,"East TN",2455501,55.996719203128,0.0677490127248793,274.282111878594,10.9957194071597,55.6301952228893,6.77490127248793
2020-07-01,8064,275,7886,272,178,3,8728,334,182702,3204,191430,3538,0,89,66,1432,209,6543,17,527,96,"East TN",2455501,59.9470332123668,0.0691441625193767,144.084649120485,11.1993438406256,58.3180377446395,6.91441625193767
2020-07-02,8544,480,8361,475,183,5,9334,606,189085,6383,198419,6989,2,91,314,1746,164,6707,25,552,99,"East TN",2455501,72.6124729739471,0.0752176230236276,284.626233098663,19.5479456127283,71.1056521662993,7.52176230236276
2020-07-03,8770,226,8581,220,189,6,9562,228,192441,3356,202003,3584,5,96,24,1770,197,6904,14,566,100,"East TN",2455501,73.1011716142653,0.0725106780565937,145.957993908371,9.20382439265958,72.0830494469357,7.25106780565937
2020-07-04,8990,220,8799,218,191,2,9842,280,197205,4764,207047,5044,2,98,77,1847,141,7045,15,581,106,"East TN",2455501,79.0470050714701,0.0692522369594614,205.41632848042,8.95947507250048,75.2188657223108,6.92522369594614
2020-07-05,9310,320,9118,319,192,1,10210,368,201052,3847,211262,4215,2,100,163,2010,155,7200,12,593,109,"East TN",2455501,86.9069082032546,0.0729146249264973,171.655397411771,13.0319637418189,81.8570222532998,7.29146249264973
2020-07-06,9544,234,9341,223,203,11,10420,210,202683,1631,213103,1841,4,104,-51,1959,281,7481,26,619,109,"East TN",2455501,82.4678955536976,0.0774431853753209,74.9745164021517,9.52962348620506,79.7800530319474,7.74431853753209
2020-07-07,9992,448,9780,439,212,9,10986,566,208961,6278,219947,6844,0,104,159,2118,289,7770,32,651,110,"East TN",2455501,89.7169253850844,0.0808610201216659,278.721124528151,18.2447492385464,86.2553100161637,8.08610201216659
2020-07-08,10373,381,10151,371,222,10,11420,434,213133,4172,224553,4606,1,105,61,2179,319,8089,20,671,110,"East TN",2455501,94.0337633745619,0.081272831567189,187.578828108805,15.5161818301031,88.7395281044479,8.1272831567189
2020-07-09,10822,449,10586,435,236,14,11892,472,219083,5950,230975,6422,1,106,149,2328,299,8388,24,695,114,"East TN",2455501,92.7712918870731,0.0785723061801204,261.535222343628,18.2854741252396,94.8075362217323,7.85723061801204
2020-07-10,11289,467,11041,455,248,12,12345,453,222367,3284,234712,3737,0,106,141,2469,326,8714,29,724,116,"East TN",2455501,102.58598958013,0.0850836161301171,152.188901572429,19.0185220857169,100.549745245471,8.50836161301171
2020-07-11,11595,306,11340,299,255,7,12767,422,226845,4478,239612,4900,5,111,44,2513,257,8971,23,747,121,"East TN",2455501,106.088329835744,0.0898203592814371,199.551944796602,12.4618153281143,102.341640259971,8.98203592814371
2020-07-12,12065,470,11802,462,263,8,13400,633,232775,5930,246175,6563,1,112,222,2735,247,9218,25,772,126,"East TN",2455501,112.197062839722,0.091369976799473,267.277431367367,19.1406967457965,111.382565105858,9.1369976799473
2020-07-13,12419,354,12143,341,276,13,13743,343,236209,3434,249952,3777,3,115,-119,2616,470,9688,20,792,130,"East TN",2455501,117.084049242904,0.0901788379603246,153.817897040156,14.4166098893871,106.536303589369,9.01788379603246
2020-07-14,12934,515,12653,510,281,5,14327,584,240697,4488,255024,5072,4,119,77,2693,434,10122,34,826,134,"East TN",2455501,119.812616651347,0.0952475981412321,206.556625307829,20.9733166469898,109.672119864745,9.52475981412321
2020-07-15,13314,380,13027,374,287,6,14710,383,243794,3097,258504,3480,6,125,-106,2587,480,10602,24,850,141,"East TN",2455501,119.771891764654,0.0969043621690083,141.72260569228,15.4754569434099,105.355281875267,9.69043621690083
2020-07-16,14141,827,13839,812,302,15,15807,1097,253628,9834,269435,10931,6,131,349,2936,472,11074,44,894,143,"East TN",2455501,135.165898934678,0.101794071762871,445.163736443194,33.6794812952632,119.568267331188,10.1794071762871
2020-07-17,14609,468,14293,454,316,14,16318,511,257947,4319,274265,4830,3,134,95,3031,370,11444,24,918,148,"East TN",2455501,135.206623821371,0.100447500821682,196.701202728079,19.0592469724101,123.437131567041,10.0447500821682
2020-07-18,15118,509,14787,494,331,15,16986,668,266038,8091,283024,8759,6,140,185,3216,318,11762,27,945,151,"East TN",2455501,143.473775820087,0.0971851101078043,356.709282545599,20.7289673268307,130.97123560528,9.71851101078043
2020-07-19,15599,481,15249,462,350,19,17546,560,270892,4854,288438,5414,0,140,76,3292,405,12167,26,971,155,"East TN",2455501,143.921749573712,0.0980999929015924,220.484536556898,19.5886704994215,134.066326993962,9.80999929015924
2020-07-20,16035,436,15670,421,365,15,17957,411,273349,2457,291306,2868,2,142,-270,3022,704,12871,29,1000,159,"East TN",2455501,147.261190282553,0.10190066257194,116.798975036052,17.7560505982282,123.070607586802,10.190066257194
2020-07-21,17036,1001,16654,984,382,17,19169,1212,281727,8378,300896,9590,1,143,381,3403,619,13490,61,1061,162,"East TN",2455501,167.053485215441,0.105554586675968,390.551663387635,40.7656115798772,138.586789416905,10.5554586675968
2020-07-22,17620,584,17222,568,398,16,19823,654,285027,3300,304850,3954,4,147,-79,3324,659,14149,29,1090,167,"East TN",2455501,175.36136210085,0.110322357916541,161.02620198485,23.7833338288195,135.369523368144,11.0322357916541
2020-07-23,18415,795,17995,773,420,22,20822,999,295231,10204,316053,11203,4,151,242,3566,549,14698,50,1140,173,"East TN",2455501,174.058165726668,0.107576472607147,456.24090562374,32.3762849210813,145.224945947894,10.7576472607147
2020-07-24,19018,603,18585,590,433,13,21506,684,301041,5810,322547,6494,2,153,7,3573,594,15292,34,1174,180,"East TN",2455501,179.556025430248,0.10745205252475,264.467414185537,24.55710667599,145.510020154746,10.745205252475
2020-07-25,19996,978,19551,966,445,12,22708,1202,310656,9615,333364,10817,10,163,550,4123,418,15710,29,1203,188,"East TN",2455501,198.655997289352,0.113667063965038,440.521099360171,39.8289391859339,167.908707835998,11.3667063965038
2020-07-26,20771,775,20311,760,460,15,23605,897,318179,7523,341784,8420,1,164,391,4514,383,16093,21,1224,195,"East TN",2455501,210.629113977148,0.113579274922206,342.903545956609,31.5617871872176,183.832138533033,11.3579274922206
2020-07-27,21417,646,20935,624,482,22,24311,706,322645,4466,346956,5172,6,170,-78,4436,718,16811,38,1262,199,"East TN",2455501,219.181340182716,0.114177897574124,210.629113977148,26.3082768037969,180.655597370964,11.4177897574124
2020-07-28,22232,815,21727,792,505,23,25283,972,330866,8221,356149,9193,7,177,170,4606,638,17449,50,1312,204,"East TN",2455501,211.606511257784,0.11065462508823,374.38388337044,33.190782654945,187.578828108805,11.065462508823
2020-07-29,22575,343,22059,332,516,11,25599,316,332438,1572,358037,1888,5,182,-337,4269,675,18124,24,1336,213,"East TN",2455501,201.791813564727,0.108597965668302,76.8885860767314,13.9686361357621,173.854541293202,10.8597965668302
2020-07-30,23763,1188,23232,1173,531,15,26980,1381,344972,12534,371952,13915,5,187,674,4943,509,18633,46,1382,220,"East TN",2455501,217.796694035148,0.11016297250398,566.686798335655,48.3811653915026,201.303114924409,11.016297250398
2020-07-31,24385,622,23838,606,547,16,27634,654,348940,3968,376574,4622,6,193,80,5023,536,19169,27,1409,229,"East TN",2455501,218.570466882319,0.113424769096933,188.230426295896,25.3308795231604,204.561105859863,11.3424769096933
2020-08-01,24944,559,24380,542,564,17,28270,636,355915,6975,384185,7611,1,194,152,5175,406,19575,16,1425,232,"East TN",2455501,201.506739357874,0.109442946813325,309.957112621823,22.7652116614899,210.751288637227,10.9442946813325
2020-08-02,25375,431,24800,420,575,11,28754,484,359713,3798,388467,4282,4,198,49,5224,378,19953,21,1446,237,"East TN",2455501,187.497378335419,0.11029711029711,174.383964820214,17.5524261647623,212.746808085193,11.029711029711
2020-08-03,26001,626,25408,608,593,18,29462,708,363857,4144,393319,4852,3,201,-43,5181,666,20619,39,1485,245,"East TN",2455501,186.682880601555,0.111101524922891,197.597150235329,25.4937790699332,210.995637957386,11.1101524922891
2020-08-04,26487,486,25874,466,613,20,29988,526,369228,5371,399216,5897,6,207,-218,4963,698,21317,34,1519,254,"East TN",2455501,173.284392879498,0.109248380430492,240.154656829706,19.7922949328874,202.117612658272,10.9248380430492
2020-08-05,26955,468,26334,460,621,8,30509,521,373441,4213,403950,4734,9,216,-222,4741,681,21998,20,1539,260,"East TN",2455501,178.375003716146,0.106941389149043,192.791613605533,19.0592469724101,193.076687812385,10.6941389149043
2020-08-06,27686,731,27027,693,659,38,31361,852,380511,7070,411872,7922,7,223,202,4943,522,22520,37,1576,266,"East TN",2455501,159.763730497361,0.109744488977956,322.622552383404,29.7698921727175,201.303114924409,10.9744488977956
2020-08-07,28241,555,27568,541,673,14,31980,619,384481,3970,416461,4589,6,229,40,4983,509,23029,34,1610,279,"East TN",2455501,157.035163088917,0.108957805801389,186.886505035021,22.6023121147171,202.932110392136,10.8957805801389
2020-08-08,28916,675,28231,663,685,12,32780,800,394558,10077,427338,10877,8,237,290,5273,377,23406,24,1634,290,"East TN",2455501,161.759249945327,0.104511853173592,442.964592561762,27.4892985178992,214.742327533159,10.4511853173592
2020-08-09,29444,528,28747,516,697,12,33414,634,398859,4301,432273,4935,2,239,115,5388,411,23817,20,1654,297,"East TN",2455501,165.709563954566,0.106378121718486,200.977315830863,21.5027401740012,219.425689502875,10.6378121718486
2020-08-10,29747,303,29039,292,708,11,33742,328,401148,2289,434890,2617,3,242,-477,4911,777,24594,26,1680,301,"East TN",2455501,152.555425552667,0.102956387866542,106.577028476063,12.3396406680348,199.999918550227,10.2956387866542
2020-08-11,30359,612,29634,595,725,17,34427,685,407248,6100,441675,6785,17,259,-7,4904,602,25196,28,1708,306,"East TN",2455501,157.686761276008,0.104547916813867,276.318356213253,24.9236306562286,199.714844343374,10.4547916813867
2020-08-12,30804,445,30058,424,746,21,34901,474,410997,3749,445898,4223,6,265,-251,4653,690,25886,25,1733,311,"East TN",2455501,156.750088882065,0.104701058453323,171.981196505316,18.1225745784669,189.492897783385,10.4701058453323
2020-08-13,31621,817,30862,804,759,13,36018,1117,419559,8562,455577,9679,6,271,202,4855,609,26495,44,1777,319,"East TN",2455501,160.252429137679,0.106555314037295,394.176178303328,33.2722324283313,197.719324895408,10.6555314037295
2020-08-14,32082,461,31294,432,788,29,36552,534,424215,4656,460767,5190,4,275,-142,4713,599,27094,18,1795,326,"East TN",2455501,156.42428978852,0.103191441339773,211.362161937625,18.7741727655578,191.936390984976,10.3191441339773
2020-08-15,32732,650,31932,638,800,12,37429,877,431148,6933,468577,7810,4,279,216,4929,430,27524,17,1812,335,"East TN",2455501,155.40616762119,0.11273309246102,318.061365073767,26.4711763505696,200.732966510704,11.273309246102
2020-08-16,33206,474,32395,463,811,11,38022,593,436614,5466,474636,6059,2,281,110,5039,362,27886,10,1822,344,"East TN",2455501,153.207023739758,0.108774166135543,246.752088474002,19.3035962925692,205.212704046954,10.8774166135543
2020-08-17,33479,273,32598,203,881,70,38249,227,438086,1472,476335,1699,8,289,-397,4642,662,28548,12,1834,350,"East TN",2455501,151.985277138963,0.108746531547834,69.1915824917196,11.1178940672392,189.04492402976,10.8746531547834
2020-08-18,34109,630,33163,565,946,65,39061,812,448683,10597,487744,11409,8,297,52,4694,570,29118,22,1856,353,"East TN",2455501,152.71832509944,0.100588248062689,464.630232282536,25.6566786167059,191.162618137806,10.0588248062689
2020-08-19,34564,455,33597,434,967,21,39558,497,453467,4784,493025,5281,7,304,-113,4581,561,29679,22,1878,360,"East TN",2455501,153.125573966372,0.0988180872960299,215.068126626705,18.5298234453987,186.560705941476,9.88180872960299
2020-08-20,35342,778,34354,757,988,21,40432,874,465006,11539,505438,12413,6,310,265,4846,507,30186,27,1905,368,"East TN",2455501,151.537303385338,0.0885261025651311,505.518018522493,31.6839618472971,197.35280091517,8.85261025651311
2020-08-21,35551,209,34551,197,1000,12,40645,213,467457,2451,508102,2664,17,327,-321,4525,513,30699,17,1922,375,"East TN",2455501,141.274631938655,0.0864687863103412,108.491098150642,8.51150131887546,184.280112286658,8.64687863103412
2020-08-22,36421,870,35409,858,1012,12,41618,973,480825,13368,522443,14341,2,329,454,4979,414,31113,20,1942,382,"East TN",2455501,150.234107011156,0.0777670515724204,584.035600066952,35.4306514230701,202.769210845363,7.77670515724204
2020-08-23,36674,253,35651,242,1023,11,41872,254,485931,5106,527803,5360,0,329,-94,4885,347,31460,20,1962,387,"East TN",2455501,141.233907051962,0.0724133391013222,218.285392675466,10.3033963333756,198.941071496204,7.24133391013222
2020-08-24,36866,192,35826,175,1040,17,42070,198,487274,1343,529344,1541,8,337,-485,4400,669,32129,15,1977,397,"East TN",2455501,137.935191229814,0.0720820992661624,62.7570503941965,7.81917824509133,179.18950145001,7.20820992661624
2020-08-25,37480,614,36415,589,1065,25,42755,685,497009,9735,539764,10420,16,353,120,4520,478,32607,23,2000,406,"East TN",2455501,137.283593042723,0.0710111495578624,424.353319342977,25.005080429615,184.076487853192,7.10111495578624
2020-08-26,37825,345,36735,320,1090,25,43139,384,500971,3962,544110,4346,6,359,-208,4312,547,33154,11,2011,414,"East TN",2455501,132.803855506473,0.0700988548497602,176.990357568578,14.0500859091485,175.605711421009,7.00988548497602
2020-08-27,38686,861,37579,844,1107,17,44115,976,511262,10291,555377,11267,8,367,387,4699,466,33620,29,2040,421,"East TN",2455501,136.184021102007,0.0737499749694627,458.847298372104,35.0641274428314,191.366242571272,7.37499749694627
2020-08-28,39020,334,37893,314,1127,20,44453,338,513871,2609,558324,2947,12,379,-182,4517,504,34124,10,2050,427,"East TN",2455501,141.274631938655,0.0758233443510812,120.016241084813,13.6021121555235,183.954313193112,7.58233443510812
2020-08-29,39471,451,38328,435,1143,16,44981,528,520390,6519,565371,7047,8,387,61,4578,382,34506,16,2066,436,"East TN",2455501,124.210904414211,0.0783404770778979,286.988276526868,18.366923898626,186.438531281396,7.83404770778979
2020-08-30,39734,263,38580,252,1154,11,45248,267,522271,1881,567519,2148,8,395,-55,4523,310,34816,14,2080,439,"East TN",2455501,124.618153281143,0.0850035250276966,87.4770566169592,10.7106452003074,184.198662513271,8.50035250276967
2020-08-31,40141,407,38958,378,1183,29,45698,450,525758,3487,571456,3937,2,397,-133,4390,538,35354,17,2097,444,"East TN",2455501,133.374003920178,0.0861512158054711,160.333878911065,16.5750288841259,178.782252583078,8.61512158054711
2020-09-01,40748,607,39523,565,1225,42,46372,674,531423,5665,577795,6339,6,403,105,4495,496,35850,28,2125,453,"East TN",2455501,133.088929713325,0.095106623543951,258.155056748093,24.7200062227627,183.058365685862,9.5106623543951
2020-09-02,41236,488,39982,459,1254,29,46825,453,536216,4793,583041,5246,7,410,22,4517,459,36309,22,2147,460,"East TN",2455501,138.912588510451,0.0946803318692045,213.642755592443,19.8737447062738,183.954313193112,9.46803318692045
2020-09-03,41791,555,40504,522,1287,33,47472,647,544473,8257,591945,8904,6,416,-39,4478,588,36897,22,2169,463,"East TN",2455501,126.450773182336,0.0918015751476701,362.61439111611,22.6023121147171,182.366042612078,9.18015751476701
2020-09-04,42148,357,40847,343,1301,14,47820,348,547805,3332,595625,3680,7,423,-40,4438,390,37287,11,2180,464,"East TN",2455501,127.38744557628,0.0902656765234176,149.867583030917,14.5387845494667,180.737047144351,9.02656765234176
2020-09-05,43146,998,41830,983,1316,15,48910,1090,557124,9319,606034,10409,1,424,640,5078,357,37644,26,2206,470,"East TN",2455501,149.663958597451,0.0966234660502176,423.905345589352,40.6434369197976,206.800974627988,9.66234660502176
2020-09-06,43409,263,42077,247,1332,16,49178,268,559752,2628,608930,2896,0,424,-51,5027,314,37958,9,2215,484,"East TN",2455501,149.663958597451,0.0949023206394436,117.939271863461,10.7106452003074,204.724005406636,9.49023206394436
2020-09-07,43613,204,42274,197,1339,7,49415,237,561088,1336,610503,1573,3,427,-342,4685,543,38501,13,2228,488,"East TN",2455501,141.396806598735,0.0951929725715164,64.0602467683784,8.30787688540954,190.796094157567,9.51929725715164
2020-09-08,43924,311,42563,289,1361,22,49735,320,564514,3426,614249,3746,7,434,-302,4383,606,39107,24,2252,495,"East TN",2455501,129.342240137552,0.0922532506720799,152.555425552667,12.6654397615802,178.497178376225,9.22532506720799
2020-09-09,44257,333,42879,316,1378,17,50110,375,569660,5146,619770,5521,6,440,-161,4222,488,39595,16,2268,502,"East TN",2455501,123.029882700109,0.0894388630237687,224.842099433069,13.5613872688303,171.940471618623,8.94388630237687
2020-09-10,44932,675,43517,638,1415,37,50817,707,577471,7811,628288,8518,18,458,194,4416,463,40058,39,2307,513,"East TN",2455501,127.916869103291,0.0920397325482211,346.894584852541,27.4892985178992,179.841099637101,9.20397325482211
2020-09-11,45258,326,43820,303,1438,23,51172,355,581631,4160,632803,4515,17,475,-205,4211,514,40572,26,2333,524,"East TN",2455501,126.654397615802,0.0901608478132229,183.872863419726,13.276313061978,171.492497864998,9.01608478132229
2020-09-12,45677,419,44221,401,1456,18,51684,512,588617,6986,640301,7498,10,485,92,4303,317,40889,15,2348,535,"East TN",2455501,103.074688220449,0.0809525199171214,305.355200425494,17.0637275244441,175.239187440771,8.09525199171214
2020-09-13,46118,441,44642,421,1476,20,52187,503,594191,5574,646378,6077,2,487,49,4352,390,41279,21,2369,540,"East TN",2455501,110.323718051835,0.0803514206366161,247.485136434479,17.9596750316941,177.234706888737,8.03514206366161
2020-09-14,46562,444,45071,429,1491,15,52672,485,599164,4973,651836,5458,9,496,-151,4201,586,41865,25,2394,550,"East TN",2455501,120.0976908582,0.0787990225727627,222.276431571398,18.0818496917737,171.085248998066,7.87990225727627
2020-09-15,47055,493,45527,456,1528,37,53212,540,607340,8176,660552,8716,7,503,-66,4135,552,42417,20,2414,553,"East TN",2455501,127.509620236359,0.0750923266311038,354.958112417792,20.0773691397397,168.397406476316,7.50923266311038
2020-09-16,47408,353,45837,310,1571,43,53606,394,610753,3413,664359,3807,6,509,-175,3960,522,42939,17,2431,562,"East TN",2455501,128.324117970223,0.0784049877772545,155.039643640951,14.375885002694,161.270551305009,7.84049877772545
2020-09-17,47959,551,46356,519,1603,32,54183,577,617929,7176,672112,7753,8,517,119,4079,424,43363,21,2452,573,"East TN",2455501,123.274232020268,0.0768072289156626,315.740046532256,22.4394125679444,166.116812821498,7.68072289156626
2020-09-18,48493,534,46842,486,1651,48,54750,567,626045,8116,680795,8683,17,534,-29,4050,546,43909,30,2482,579,"East TN",2455501,131.74500845245,0.0745540923487248,353.614191156917,21.7470894941603,164.935791107395,7.45540923487248
2020-09-19,49001,508,47327,485,1674,23,55323,573,634399,8354,689722,8927,3,537,193,4243,312,44221,30,2512,581,"East TN",2455501,135.369523368144,0.0736326662754699,363.551063510054,20.6882424401375,172.79569423918,7.36326662754699
2020-09-20,49307,306,47608,281,1699,25,55652,329,639357,4958,695009,5287,1,538,-19,4224,324,44545,13,2525,592,"East TN",2455501,129.871663664564,0.0712508482243836,215.312475946864,12.4618153281143,172.021921392009,7.12508482243836
2020-09-21,49470,163,47741,133,1729,30,55804,152,640874,1517,696678,1669,3,541,-210,4014,370,44915,9,2534,597,"East TN",2455501,118.427970503779,0.0698452343784845,67.9698358909241,6.63815653098899,163.469695186441,6.98452343784845
2020-09-22,49930,460,48143,402,1787,58,56294,490,647024,6150,703318,6640,6,547,-55,3959,509,45424,29,2563,604,"East TN",2455501,117.084049242904,0.072066594958612,270.413247642742,18.7334478788646,161.229826418315,7.2066594958612
2020-09-23,50224,294,48397,254,1827,40,56576,282,649117,2093,705693,2375,8,555,-217,3742,503,45927,13,2576,613,"East TN",2455501,114.681280928006,0.0718536797793584,96.721605896312,11.9731166877961,152.392526005895,7.18536797793584
2020-09-24,50687,463,48839,442,1848,21,57057,481,656010,6893,713067,7374,11,566,-36,3706,488,46415,28,2604,618,"East TN",2455501,111.097490899006,0.070174581858137,300.305314475539,18.8556225389442,150.92643008494,7.0174581858137
2020-09-25,51141,454,49269,430,1872,24,57543,486,662683,6673,720226,7159,11,577,14,3720,429,46844,18,2622,625,"East TN",2455501,107.839499963551,0.0708325936445943,291.549463836504,18.4890985587055,151.496578498644,7.08325936445944
2020-09-26,51699,558,49803,534,1896,24,58181,638,673239,10556,731420,11194,5,582,194,3914,359,47203,29,2651,632,"East TN",2455501,109.87574429821,0.0685404575759029,455.874381643502,22.7244867747967,159.397206517122,6.85404575759029
2020-09-27,52092,393,50168,365,1924,28,58588,407,679258,6019,737846,6426,3,585,91,4005,299,47502,30,2681,639,"East TN",2455501,113.418809440517,0.0685388799402386,261.6981218904,16.0048804704213,163.103171206202,6.85388799402386
2020-09-28,52326,234,50363,195,1963,39,58813,225,680945,1687,739758,1912,4,589,-315,3690,545,48047,15,2696,646,"East TN",2455501,116.310276395733,0.0698467966573816,77.8659833573678,9.52962348620506,150.274831897849,6.98467966573816
2020-09-29,52709,383,50703,340,2006,43,59210,397,686756,5811,745966,6208,9,598,-43,3647,417,48464,33,2729,648,"East TN",2455501,113.174460120358,0.0683736634777715,252.820096591286,15.5976316034895,148.523661770042,6.83736634777715
2020-09-30,53191,482,51153,450,2038,32,59686,476,690194,3438,749880,3914,6,604,79,3726,397,48861,23,2752,652,"East TN",2455501,120.830738818677,0.070382691741915,159.397206517122,19.6293953861147,151.740927818804,7.0382691741915
2020-10-01,53579,388,51502,349,2077,39,60065,379,693474,3280,753539,3659,11,615,0,3726,377,49238,31,2783,657,"East TN",2455501,117.776372316688,0.0743229887329512,149.01236041036,15.8012560369554,151.740927818804,7.43229887329512
2020-10-02,54044,465,51939,437,2105,28,60528,463,697095,3621,757623,4084,2,617,24,3750,439,49677,17,2800,661,"East TN",2455501,118.224346070313,0.0798192368371795,166.320437254963,18.9370723123306,152.71832509944,7.98192368371795
2020-10-03,54449,405,52327,388,2122,17,61011,483,704555,7460,765566,7943,12,629,83,3833,310,49987,22,2822,667,"East TN",2455501,111.993438406256,0.0828794002225737,323.477775003961,16.4935791107395,156.098490694974,8.28794002225737
2020-10-04,54904,455,52752,425,2152,30,61550,539,714678,10123,776228,10662,4,633,144,3977,307,50294,27,2849,680,"East TN",2455501,114.518381381233,0.0771715908498775,434.208741922728,18.5298234453987,161.962874378793,7.71715908498775
2020-10-05,55575,671,53364,612,2211,59,62301,751,721926,7248,784227,7999,5,638,151,4128,515,50809,42,2891,689,"East TN",2455501,132.315156866155,0.0784366637432818,325.758368658779,27.3263989711265,168.112332269464,7.84366637432818
2020-10-06,56325,750,54030,666,2295,84,63041,740,728566,6640,791607,7380,8,646,302,4430,440,51249,46,2937,698,"East TN",2455501,147.261190282553,0.0839376876054425,300.549663795698,30.543665019888,180.411248050805,8.39376876054425
2020-10-07,57062,737,54689,659,2373,78,63749,708,735319,6753,799068,7461,3,649,293,4723,441,51690,38,2975,704,"East TN",2455501,157.646036389315,0.0826014475075222,303.848379617846,30.0142414928766,192.343639851908,8.26014475075222
2020-10-08,57780,718,55346,657,2434,61,64427,678,741780,6461,806207,7139,10,659,266,4989,442,52132,32,3007,710,"East TN",2455501,171.085248998066,0.082820688083846,290.734966102641,29.2404686457061,203.176459712295,8.2820688083846
2020-10-09,58321,541,55845,499,2476,42,64987,560,747259,5479,812246,6039,4,663,123,5112,414,52546,20,3027,717,"East TN",2455501,174.180340386748,0.0816322794427256,245.937590740138,22.0321637010125,208.185620775557,8.16322794427256
2020-10-10,58939,618,56433,588,2506,30,65656,669,755685,8426,821341,9095,12,675,252,5364,354,52900,20,3047,731,"East TN",2455501,182.854741252396,0.0832810398924249,370.392844474508,25.1679799763877,218.448292222239,8.32810398924249
2020-10-11,59882,943,57345,912,2537,31,66685,1029,766114,10429,832799,11458,1,676,586,5950,356,53256,37,3084,738,"East TN",2455501,202.72848595867,0.0907708896784572,466.625751730502,38.4035681516725,242.313075824445,9.07708896784572
2020-10-12,60238,356,57630,285,2608,71,67002,317,769035,2921,836037,3238,6,682,-337,5613,687,53943,19,3103,749,"East TN",2455501,189.900146650317,0.0907353792704111,131.86718311253,14.4980596627735,228.588789008842,9.07353792704111
2020-10-13,60743,505,58083,453,2660,52,67486,484,773420,4385,840906,4869,9,691,7,5620,489,54432,24,3127,756,"East TN",2455501,179.922549410487,0.0901641006916976,198.289473309113,20.5660677800579,228.873863215694,9.01641006916976
2020-10-14,61617,874,58895,812,2722,62,68334,848,779606,6186,847940,7034,1,692,329,5949,544,54976,44,3171,763,"East TN",2455501,185.501858887453,0.0938165002455394,286.458852999856,35.5935509698428,242.272350937752,9.38165002455394
2020-10-15,62126,509,59335,440,2791,69,68799,465,783760,4154,852559,4619,14,706,-67,5882,562,55538,19,3190,772,"East TN",2455501,176.990357568578,0.094321712115982,188.108251635817,20.7289673268307,239.543783529308,9.4321712115982
2020-10-16,62765,639,59931,596,2834,43,69383,584,787849,4089,857232,4673,2,708,-135,5747,772,56310,22,3212,784,"East TN",2455501,180.98139646451,0.0977192904459165,190.307395517249,26.0232025969446,234.045923825728,9.77192904459165
2020-10-17,63483,718,60612,681,2871,37,70242,859,796633,8784,866875,9643,6,714,237,5984,475,56785,37,3249,791,"East TN",2455501,185.053885133828,0.100715948521984,392.710082382373,29.2404686457061,243.697721972013,10.0715948521984
2020-10-18,64289,806,61372,760,2917,46,71114,872,804743,8110,875857,8982,3,717,349,6333,454,57239,39,3288,799,"East TN",2455501,179.474575656862,0.102861256909285,365.790932278179,32.8242586747063,257.910707427934,10.2861256909285
2020-10-19,65037,748,62057,685,2980,63,71873,759,809642,4899,881515,5658,3,720,-19,6314,764,58003,67,3355,810,"East TN",2455501,195.43873124059,0.10710673292581,230.421408910035,30.4622152465016,257.136934580764,10.710673292581
2020-10-20,65723,686,62666,609,3057,77,72564,691,813258,3616,885822,4307,15,735,34,6348,637,58640,32,3387,823,"East TN",2455501,202.809935732056,0.113055481342951,175.402086987543,27.9372722715242,258.521580728332,11.3055481342951
2020-10-21,66317,594,63219,553,3098,41,73181,617,817002,3744,890183,4361,5,740,-128,6220,717,59357,27,3414,837,"East TN",2455501,191.406967457965,0.114740903818384,177.601230868975,24.1905826957513,253.308795231604,11.4740903818384
2020-10-22,67447,1130,64255,1036,3192,94,74282,1101,825568,8566,899850,9667,10,750,440,6660,680,60037,43,3457,852,"East TN",2455501,216.697122094432,0.115941722526485,393.68747966301,46.0191219632979,271.227745376605,11.5941722526485
2020-10-23,68418,971,65159,904,3259,67,75252,970,832684,7116,907936,8086,19,769,290,6950,662,60699,39,3496,860,"East TN",2455501,230.217784476569,0.115750236667719,329.301433801086,39.5438649790817,283.037962517629,11.5750236667719
2020-10-24,69655,1237,66334,1175,3321,62,76579,1327,843210,10526,919789,11853,12,781,644,7594,581,61280,50,3546,877,"East TN",2455501,251.354000670332,0.119760365876706,482.71208197431,50.3766848394686,309.264789548039,11.9760365876706
2020-10-25,70585,930,67207,873,3378,57,77626,1047,851088,7878,928714,8925,9,790,438,8032,483,61763,43,3589,888,"East TN",2455501,256.403886620286,0.123200332973873,363.469613736667,37.8741446246611,327.102289919654,12.3200332973873
2020-10-26,71047,462,67613,406,3434,56,78060,434,853843,2755,931903,3189,6,796,-449,7583,905,62668,20,3609,902,"East TN",2455501,244.756569026036,0.122787171548781,129.871663664564,18.814897652251,308.816815794414,12.2787171548781
2020-10-27,71889,842,68325,712,3564,130,78843,783,858228,4385,937071,5168,12,808,80,7663,750,63418,54,3663,926,"East TN",2455501,251.109651350173,0.122519463794416,210.466214430375,34.2903545956609,312.074806729869,12.2519463794416
2020-10-28,72886,997,69236,911,3650,86,79813,970,865446,7218,945259,8188,13,821,199,7862,785,64203,41,3704,940,"East TN",2455501,267.521780687526,0.12041542595686,333.455372243791,40.6027120331044,320.179059181813,12.041542595686
2020-10-29,73794,908,70029,793,3765,115,80647,834,871949,6503,952596,7337,11,832,151,8013,746,64949,40,3744,952,"East TN",2455501,258.480855841639,0.120672657642286,298.798493667891,36.9781971174111,326.328517072483,12.0672657642286
2020-10-30,74694,900,70836,807,3858,93,81487,840,876807,4858,958294,5698,28,860,50,8063,822,65771,39,3783,968,"East TN",2455501,255.589388886423,0.123813495373128,232.050404377762,36.6523980238656,328.364761407143,12.3813495373128
2020-10-31,74708,14,70850,14,3858,0,81503,16,876828,21,958331,37,5,865,-603,7460,612,66383,0,3783,979,"East TN",2455501,205.782852460659,0.127756732914742,1.50682080764781,0.570148413704576,303.807654731153,12.7756732914742
2020-11-01,75215,507,71240,390,3975,117,81973,470,883396,6568,965369,7038,0,865,-137,7323,644,67027,27,3810,995,"East TN",2455501,188.556225389442,0.118592279361615,286.621752546629,20.6475175534443,298.228345254186,11.8592279361615
2020-11-02,76027,812,71984,744,4043,68,82750,777,887624,4228,970374,5005,11,876,-228,7095,1029,68056,38,3848,1009,"East TN",2455501,202.809935732056,0.121910010137506,203.828057899386,33.0686079948654,288.94307108814,12.1910010137506
2020-11-03,77067,1040,72944,960,4123,80,83826,1076,894488,6864,978314,7940,31,907,30,7125,979,69035,29,3877,1022,"East TN",2455501,210.873463297307,0.120820502873215,323.355600343881,42.3538821609114,290.164817688936,12.0820502873215
2020-11-04,77978,911,73756,812,4222,99,84673,847,899373,4885,984046,5732,6,913,-5,7120,910,69945,35,3912,1046,"East TN",2455501,207.371123041693,0.125299713821641,233.435050525331,37.1003717774906,289.96119325547,12.5299713821641
2020-11-05,78556,578,74240,484,4316,94,85174,501,902036,2663,987210,3164,17,930,-367,6753,928,70873,27,3939,1060,"East TN",2455501,193.931910432942,0.130785231409256,128.853541497234,23.5389845086603,275.015159839072,13.0785231409256
2020-11-06,79522,966,75088,848,4434,118,86101,927,908446,6410,994547,7337,10,940,43,6796,913,71786,37,3976,1084,"East TN",2455501,196.619752954692,0.127272225746835,298.798493667891,39.3402405456157,276.766329966878,12.7272225746835
2020-11-07,80849,1327,76329,1241,4520,86,87520,1419,919367,10921,1006887,12340,21,961,649,7445,657,72443,52,4028,1094,"East TN",2455501,250.091529182843,0.123918774198863,502.54510179389,54.0419246418552,303.196781430755,12.3918774198863
2020-11-08,82406,1557,77768,1439,4638,118,89187,1667,932268,12901,1021455,14568,3,964,889,8334,665,73108,52,4080,1111,"East TN",2455501,292.852660210686,0.128623899012231,593.280149346304,63.4086485812875,339.401205700995,12.8623899012231
2020-11-09,83026,620,78308,540,4718,80,89768,581,935720,3452,1025488,4033,9,973,-464,7870,1075,74183,19,4099,1122,"East TN",2455501,285.033481965595,0.127336067061001,164.243468033611,25.2494297497741,320.504858275358,12.7336067061001
2020-11-10,83965,939,79158,850,4807,89,90691,923,940722,5002,1031413,5925,27,1000,6,7876,906,75089,44,4143,1140,"East TN",2455501,280.920268409583,0.129286803894612,241.294953657115,38.2406686048998,320.749207595517,12.9286803894612
2020-11-11,85269,1304,80258,1100,5011,204,91860,1169,947269,6547,1039129,7716,26,1026,383,8259,895,75984,59,4202,1154,"East TN",2455501,296.925148880005,0.13047582738776,314.233225724608,53.1052522479119,336.346839199007,13.047582738776
2020-11-12,86106,837,80963,705,5143,132,92624,764,951485,4216,1044109,4980,15,1041,8,8267,814,76798,34,4236,1172,"East TN",2455501,307.472894533539,0.130933759820032,202.809935732056,34.086730162195,336.672638292552,13.0933759820032
2020-11-13,87566,1460,82252,1289,5314,171,93924,1300,957347,5862,1051271,7162,27,1068,527,8794,906,77704,47,4283,1188,"East TN",2455501,327.590988559972,0.13791340526056,291.671638496584,59.4583345720486,358.13465357986,13.791340526056
2020-11-14,89042,1476,83644,1392,5398,84,95459,1535,966244,8897,1061703,10432,7,1075,918,9712,551,78255,52,4335,1217,"East TN",2455501,333.658996677256,0.144829976649154,424.842017983295,60.1099327591396,395.520099564203,14.4829976649154
2020-11-15,90994,1952,85377,1733,5617,219,97420,1961,977417,11173,1074837,13134,7,1082,1339,11051,606,78861,56,4391,1234,"East TN",2455501,349.745326921064,0.154228016934547,534.880661828279,79.4949788250952,450.050722846376,15.4228016934547
2020-11-16,92519,1525,86776,1399,5743,126,98957,1537,985038,7621,1083995,9158,10,1092,172,11223,1343,80204,41,4432,1253,"East TN",2455501,386.601349378396,0.157058129796435,372.958512336179,62.1054522071056,457.055403357604,15.7058129796435
2020-11-17,93731,1212,87895,1119,5836,93,100178,1221,990182,5144,1090360,6365,31,1123,89,11312,1092,81296,46,4478,1280,"East TN",2455501,397.719243445635,0.160941184453831,259.213903802116,49.358562672139,460.679918273297,16.0941184453831
2020-11-18,94929,1198,88851,956,6078,242,101212,1034,995323,5141,1096535,6175,14,1137,56,11368,1128,82424,53,4531,1295,"East TN",2455501,393.402405456157,0.162909800369299,251.476175330411,48.7884142584344,462.960511928116,16.2909800369299
2020-11-19,96008,1079,89730,879,6278,200,102070,858,999984,4661,1102054,5519,45,1182,-242,11126,1276,83700,52,4583,1315,"East TN",2455501,403.257828035908,0.163016653723358,224.760649659682,43.9421527419455,453.105089348365,16.3016653723358
2020-11-20,97134,1126,90693,963,6441,163,103093,1023,1004884,4900,1107977,5923,28,1210,-127,10999,1225,84925,36,4619,1341,"East TN",2455501,389.655715880384,0.16169364793849,241.213503883729,45.8562224165252,447.933028738331,16.169364793849
2020-11-21,98352,1218,91757,1064,6595,154,104192,1099,1011291,6407,1115483,7506,3,1213,362,11361,853,85778,47,4666,1365,"East TN",2455501,379.148695113543,0.162383785793975,305.680999519039,49.6029119922981,462.675437721263,16.2383785793975
2020-11-22,99938,1586,93186,1429,6752,157,105858,1666,1020892,9601,1126750,11267,17,1230,803,12164,766,86544,57,4723,1392,"East TN",2455501,364.243386583838,0.1625411746576,458.847298372104,64.5896702953898,495.37752173589,16.25411746576
2020-11-23,100829,891,93944,758,6885,133,106560,702,1024008,3116,1130568,3818,18,1248,-1159,11005,2032,88576,35,4758,1419,"East TN",2455501,338.423808420359,0.163249092822021,155.487617394577,36.2858740436269,448.17737805849,16.3249092822021
2020-11-24,101740,911,94677,733,7063,178,107265,705,1027035,3027,1134300,3732,13,1261,-736,10269,1634,90210,57,4815,1447,"East TN",2455501,326.165617525711,0.16128812016386,151.985277138963,37.1003717774906,418.203861452307,16.128812016386
2020-11-25,102647,907,95363,686,7284,221,107810,545,1029343,2308,1137153,2853,38,1299,-494,9775,1363,91573,56,4871,1472,"East TN",2455501,314.314675497994,0.162440297405091,116.188101735654,36.9374722307179,398.085767425874,16.2440297405091
2020-11-26,104113,1466,96750,1387,7363,79,109480,1670,1037710,8367,1147190,10037,18,1317,-441,9334,1889,93462,25,4896,1491,"East TN",2455501,330.075206648256,0.164170506912442,408.755687739488,59.7026838922077,380.126092394179,16.4170506912442
2020-11-27,105817,1704,98317,1567,7500,137,111230,1750,1045250,7540,1156480,9290,5,1322,161,9495,1538,95000,50,4946,1519,"East TN",2455501,353.614191156917,0.167762818794714,378.334197379679,69.3952069251855,386.682799151782,16.7762818794714
2020-11-28,107443,1626,99699,1382,7744,244,112724,1494,1052783,7533,1165507,9027,2,1324,569,10064,1055,96055,45,4991,1547,"East TN",2455501,370.229944927736,0.170558132096594,367.623552179372,66.2186657631172,409.855259680204,17.0558132096594
2020-11-29,109731,2288,101820,2121,7911,167,115050,2326,1063481,10698,1178531,13024,4,1328,1279,11343,1005,97060,51,5042,1572,"East TN",2455501,398.818815386351,0.177516849809776,530.400924292028,93.178540754005,461.942389760786,17.7516849809776
2020-11-30,111969,2238,103829,2009,8140,229,117271,2221,1072932,9451,1190203,11672,15,1343,-108,11235,2331,99391,53,5095,1603,"East TN",2455501,453.67523776207,0.179609289846567,475.340877482844,91.1422964193458,457.544101997922,17.9609289846567
2020-12-01,114232,2263,105837,2008,8395,255,119409,2138,1081769,8837,1201178,10975,20,1363,423,11658,1820,101211,63,5158,1631,"East TN",2455501,508.735284571255,0.181584377523251,446.955631457694,92.1604185866754,474.770729069139,18.1584377523251
2020-12-02,115289,1057,106750,913,8539,144,120285,876,1084679,2910,1204964,3786,15,1378,-688,10970,1730,102941,42,5200,1664,"East TN",2455501,514.844017575232,0.183967202961171,154.184421020395,43.0462052346955,446.752007024228,18.3967202961171
2020-12-03,117098,1809,108320,1570,8778,239,122007,1722,1090669,5990,1212676,7712,33,1411,318,11288,1458,104399,45,5245,1685,"East TN",2455501,528.812653710994,0.191292795406652,314.070326177835,73.6713200279699,459.702520992661,19.1292795406652
2020-12-04,118825,1727,109707,1387,9118,340,123464,1457,1096191,5522,1219655,6979,37,1448,-301,10987,1991,106390,36,5281,1720,"East TN",2455501,529.749326104937,0.193652552433716,284.218984231731,70.3318793191288,447.444330098013,19.3652552433716
2020-12-05,119958,1133,110616,909,9342,224,124393,929,1099253,3062,1223646,3991,5,1453,123,11110,1005,107395,24,5305,1746,"East TN",2455501,509.671956965198,0.200708646519548,162.533022792497,46.1412966233775,452.453491161274,20.0708646519548
2020-12-06,121426,1468,111878,1262,9548,206,125634,1241,1103744,4491,1229378,5732,20,1473,484,11594,964,108359,40,5345,1782,"East TN",2455501,476.277549876787,0.20815387338486,233.435050525331,59.7841336655941,472.164336320775,20.815387338486
2020-12-07,124149,2723,114283,2405,9866,318,128205,2571,1113292,9548,1241497,12119,31,1504,-212,11382,2904,111263,51,5396,1804,"East TN",2455501,496.029119922981,0.213163332943424,493.544901834697,110.89386646554,463.53066034182,21.3163332943424
2020-12-08,126914,2765,116646,2363,10268,402,130736,2531,1121653,8361,1252389,10892,45,1549,719,12101,2001,113264,70,5466,1828,"East TN",2455501,516.473013042959,0.221182948975806,443.57546586216,112.604311706654,492.81185387422,22.1182948975806
2020-12-09,129560,2646,119031,2385,10529,261,133314,2578,1128751,7098,1262065,9676,21,1570,577,12678,2048,115312,56,5522,1851,"East TN",2455501,581.184857998429,0.228174637922278,394.054003643248,107.758050190165,516.310113496187,22.8174637922278
2020-12-10,132634,3074,121712,2681,10922,393,136262,2948,1140221,11470,1276483,14418,30,1600,2513,15191,531,115843,74,5596,1888,"East TN",2455501,632.701839665307,0.223408090021471,587.171416342327,125.188301694848,618.651753756158,22.3408090021471
2020-12-11,134620,1986,123462,1750,11158,236,138054,1792,1147396,7175,1285450,8967,35,1635,440,15631,1511,117354,50,5646,1913,"East TN",2455501,643.249585318841,0.221749373052664,365.180058977781,80.8796249726634,636.570703901159,22.1749373052664
2020-12-12,137881,3261,126189,2727,11692,534,141028,2974,1158629,11233,1299657,14207,21,1656,1879,17510,1361,118715,73,5719,1938,"East TN",2455501,729.912144201937,0.218849903303469,578.578465250065,132.803855506473,713.092765997652,21.8849903303469
2020-12-13,142173,4292,130050,3861,12123,431,145394,4366,1175914,17285,1321308,21651,15,1671,2959,20469,1318,120033,62,5781,1972,"East TN",2455501,844.919224223488,0.214946154682911,881.734521794127,174.791213687146,833.597705722783,21.4946154682911
2020-12-14,145032,2859,132507,2457,12525,402,148067,2673,1185193,9279,1333260,11952,37,1708,-1085,19384,3907,123940,71,5852,2006,"East TN",2455501,850.457808813761,0.21644889552434,486.743845756935,116.432451055813,789.411203660679,21.644889552434
2020-12-15,149160,4128,136049,3542,13111,586,151931,3864,1200214,15021,1352145,18885,34,1742,1613,20997,2481,126421,94,5946,2037,"East TN",2455501,905.965829376571,0.212468422952003,769.08948520078,168.112332269464,855.100445896784,21.2468422952003
2020-12-16,152378,3218,138305,2256,14073,962,154317,2386,1208109,7895,1362426,10281,19,1761,663,21660,2536,128957,60,6006,2079,"East TN",2455501,929.260464565072,0.209274518986459,418.692560092625,131.052685378666,882.101045774365,20.9274518986459
2020-12-17,156446,4068,141677,3372,14769,696,157926,3609,1218809,10700,1376735,14309,58,1819,1449,23109,2561,131518,75,6081,2118,"East TN",2455501,969.741001938097,0.216095439492479,582.73240369277,165.668839067872,941.111406592789,21.6095439492479
2020-12-18,159653,3207,144413,2736,15240,471,160805,2879,1227499,8690,1388304,11569,43,1862,849,23958,2315,133833,62,6143,2148,"East TN",2455501,1019.46608859048,0.221197036576118,471.146214153446,130.604711625041,975.686835395302,22.1197036576118
2020-12-19,162293,2640,146655,2242,15638,398,163273,2468,1235864,8365,1399137,10833,27,1889,1271,25229,1342,135175,41,6184,2185,"East TN",2455501,994.175933954008,0.223612786489747,441.172697547262,107.513700870006,1027.44816638234,22.3612786489747
2020-12-20,165924,3631,149621,2966,16303,665,166591,3318,1249809,13945,1416400,17263,16,1905,2279,27508,1336,136511,55,6239,2219,"East TN",2455501,967.256783849813,0.22291044462205,703.033718984435,147.872063582951,1120.26018315611,22.291044462205
2020-12-21,168238,2314,151363,1742,16875,572,168494,1903,1256725,6916,1425219,8819,14,1919,-1323,26185,3623,140134,35,6274,2254,"East TN",2455501,945.061720602028,0.222131602127035,359.15277574719,94.2373878080278,1066.38115806102,22.2131602127035
2020-12-22,170893,2655,153065,1702,17828,953,170295,1801,1261779,5054,1432074,6855,62,1981,-293,25892,2886,143020,60,6334,2299,"East TN",2455501,885.073962502968,0.2297539065921,279.169098281776,108.124574170404,1054.44876625992,22.97539065921
2020-12-23,173111,2218,154511,1446,18600,772,171837,1542,1267556,5777,1439393,7319,41,2022,-558,25334,2735,145755,35,6369,2340,"East TN",2455501,844.349075809784,0.22763002325672,298.065445707414,90.3277986854821,1031.72427948512,22.763002325672
2020-12-24,175202,2091,155968,1457,19234,634,173435,1598,1273847,6291,1447282,7889,15,2037,-585,24749,2661,148416,30,6399,2380,"East TN",2455501,763.835974817359,0.219839256098771,321.278631122529,85.1557380754477,1007.90022076961,21.9839256098771
2020-12-25,177569,2367,157948,1980,19621,387,175601,2166,1282395,8548,1457996,10714,3,2040,-291,24458,2655,151071,27,6426,2416,"East TN",2455501,729.627069995085,0.212305573093038,436.326436030773,96.3958068027665,996.049278741894,21.2305573093038
2020-12-26,179509,1940,159416,1468,20093,472,177214,1613,1288049,5654,1465263,7267,2,2042,418,24876,1520,152591,43,6469,2454,"East TN",2455501,701.119649309856,0.210824789039107,295.947751599368,79.006280184777,1013.07228137965,21.0824789039107
2020-12-27,180805,1296,160326,910,20479,386,178204,990,1290842,2793,1469046,3783,27,2069,-189,24687,1458,154049,41,6510,2485,"East TN",2455501,606.027038881271,0.220586559282757,154.062246360315,52.7794531543665,1005.37527779463,22.0586559282757
2020-12-28,182201,1396,161304,978,20897,418,179223,1019,1292662,1820,1471885,2839,25,2094,-2416,22271,3787,157836,42,6552,2522,"East TN",2455501,568.641592896928,0.229910427291818,115.617953321949,56.8519418236849,906.983951543901,22.9910427291818
2020-12-29,185107,2906,163031,1727,22076,1179,181003,1780,1296751,4089,1477754,5869,50,2144,-111,22160,2967,160803,64,6616,2564,"East TN",2455501,578.863539456917,0.234413309982487,239.014360002297,118.346520730393,902.463489120957,23.4413309982487
2020-12-30,187435,2328,164647,1616,22788,712,182684,1681,1301231,4480,1483915,6161,40,2184,-533,21627,2821,163624,44,6660,2602,"East TN",2455501,583.343276993168,0.243632361529132,250.906026916707,94.8075362217323,880.75712451349,24.3632361529132
2020-12-31,190879,3444,167326,2679,23553,765,185579,2895,1308352,7121,1493931,10016,52,2236,594,22221,2798,166422,30,6690,2645,"East TN",2455501,638.444048689046,0.260327123839739,407.900465118931,140.256509771326,904.947707209242,26.0327123839739
2021-01-01,193119,2240,169042,1716,24077,524,187435,1856,1314554,6202,1501989,8058,24,2260,-444,21777,2660,169082,29,6719,2684,"East TN",2455501,633.271988079011,0.268997340485986,328.161136973677,91.2237461927322,886.865857517468,26.8997340485986
2021-01-02,195842,2723,171151,2109,24691,614,189686,2251,1321115,6561,1510801,8812,4,2264,1166,22943,1553,170635,63,6782,2720,"East TN",2455501,665.159574359774,0.273881154200887,358.867701540337,110.89386646554,934.35107540172,27.3881154200887
2021-01-03,197156,1314,172055,904,25101,410,190623,937,1324486,3371,1515109,4308,15,2279,-187,22756,1486,172121,26,6808,2763,"East TN",2455501,665.892622320252,0.269609013742049,175.442811874237,53.5125011148438,926.735521590095,26.9609013742049
2021-01-04,198712,1556,173179,1124,25533,432,191803,1180,1326851,2365,1518654,3545,46,2325,-1566,21190,3076,175197,34,6842,2811,"East TN",2455501,672.408604191161,0.268981590369689,144.369723327337,63.3679236945943,862.960349028569,26.8981590369689
2021-01-05,201615,2903,174918,1739,26697,1164,193632,1829,1332123,5272,1525755,7101,43,2368,-426,20764,3286,178483,60,6902,2855,"East TN",2455501,672.286429531081,0.263098685444053,289.1874204083,118.224346070313,845.611547297273,26.3098685444053
2021-01-06,204161,2546,176712,1794,27449,752,195535,1903,1337707,5584,1533242,7487,52,2420,61,20825,2433,180916,62,6964,2898,"East TN",2455501,681.164454830195,0.260526689237132,304.907226671869,103.685561520846,848.095765385557,26.0526689237132
2021-01-07,206673,2512,178851,2139,27822,373,197857,2322,1344816,7109,1542673,9431,33,2453,974,21799,1505,182421,44,7008,2930,"East TN",2455501,643.208860432148,0.251897747322638,384.076406403418,102.300915373278,887.761805024718,25.1897747322638
2021-01-08,209023,2350,180711,1860,28312,490,199848,1991,1352162,7346,1552010,9337,50,2503,1668,23467,632,183053,47,7055,2984,"East TN",2455501,647.688597968398,0.248155774574679,380.248267054259,95.7034837289824,955.690916028949,24.8155774574679
2021-01-09,211599,2576,182714,2003,28885,573,202027,2179,1360353,8191,1562380,10370,27,2530,754,24221,1795,184848,32,7087,3012,"East TN",2455501,641.7020396245,0.239264041567305,422.317075008318,104.907308121642,986.39748059561,23.9264041567305
2021-01-10,213267,1668,183848,1134,29419,534,203279,1252,1366159,5806,1569438,7058,36,2566,-12,24209,1644,186492,41,7128,3052,"East TN",2455501,656.118649513887,0.232951094259051,287.436250280493,67.9291110042309,985.908781955291,23.2951094259051
2021-01-11,214692,1425,184862,1014,29830,411,204377,1098,1369432,3273,1573809,4371,28,2594,-2169,22040,3566,190058,40,7168,3092,"East TN",2455501,650.78368935708,0.227975704831838,178.008479735907,58.0329635377872,897.576502717775,22.7975704831838
2021-01-12,216512,1820,185999,1137,30513,683,205572,1195,1373636,4204,1579208,5399,60,2654,-2140,19900,3900,193958,39,7207,3130,"East TN",2455501,606.678637068362,0.223373805024975,219.8736632565,74.1192937815949,810.425245194362,22.3373805024975
2021-01-13,218041,1529,187077,1078,30964,451,206708,1136,1378374,4738,1585082,5874,49,2703,-1336,18564,2816,196774,32,7239,3155,"East TN",2455501,565.261427301394,0.215528549382716,239.217984435763,62.2683517538783,756.016796572268,21.5528549382716
2021-01-14,220292,2251,188858,1781,31434,470,208674,1966,1386899,8525,1595573,10491,38,2741,-198,18366,2411,199185,49,7288,3196,"East TN",2455501,554.632231874473,0.204480151228733,427.244786298193,91.6717199463572,747.953269007017,20.4480151228733
2021-01-15,221257,965,189529,671,31728,294,209368,694,1389957,3058,1599325,3752,23,2764,-376,17990,1318,200503,29,7317,3236,"East TN",2455501,498.228263804413,0.201204691958153,152.799774872826,39.2995156589226,732.64071161038,20.1204691958153
2021-01-16,223691,2434,191280,1751,32411,683,211371,2003,1400848,10891,1612219,12894,13,2777,360,18350,2061,202564,54,7371,3277,"East TN",2455501,492.445329893981,0.187483697505969,525.106689021914,99.1243742112099,747.301670819926,18.7483697505969
2021-01-17,224547,856,191886,606,32661,250,212043,672,1404467,3619,1616510,4291,13,2790,-830,17520,1673,204237,24,7395,3310,"East TN",2455501,459.376721899116,0.186182868796737,174.750488800453,34.8605030093655,713.500014864584,18.6182868796737
2021-01-18,225109,562,192205,319,32904,243,212397,354,1406551,2084,1618948,2438,13,2803,-2442,15078,2991,207228,21,7416,3341,"East TN",2455501,424.231144682898,0.177673408803917,99.2872737579826,22.8873863215694,614.049841559828,17.7673408803917
2021-01-19,226788,1679,193176,971,33612,708,213462,1065,1410759,4208,1624221,5273,21,2824,-1166,13912,2824,210052,52,7468,3380,"East TN",2455501,418.488935659159,0.175282696110013,214.742327533159,68.3770847578559,566.564623675576,17.5282696110013
2021-01-20,227772,984,193834,658,33938,326,214159,697,1414755,3996,1628914,4693,32,2856,-1009,12903,1961,212013,29,7497,3420,"East TN",2455501,396.293872411373,0.169989961671838,191.121893251113,40.073288506093,525.473213002153,16.9989961671838
2021-01-21,229338,1566,194976,1142,34362,424,215440,1281,1421688,6933,1637128,8214,65,2921,-759,12144,2260,214273,37,7534,3466,"East TN",2455501,368.397325026542,0.162820358560943,334.514219297813,63.7751725615261,494.563024002026,16.2820358560943
2021-01-22,230325,987,195683,707,34642,280,216257,817,1427133,5445,1643390,6262,32,2953,-729,11415,1684,215957,30,7564,3497,"East TN",2455501,369.293272533793,0.156337229093385,255.019240472718,40.1954631661726,464.874581602695,15.6337229093385
2021-01-23,231758,1433,196653,970,35105,463,217358,1101,1435415,8282,1652773,9383,19,2972,208,11623,1206,217163,41,7605,3522,"East TN",2455501,328.527660953915,0.147630320067071,382.121611842145,58.3587626313327,473.345358034878,14.7630320067071
2021-01-24,232383,625,197144,491,35239,134,217901,543,1438791,3376,1656692,3919,19,2991,-597,11026,1203,218366,20,7625,3550,"East TN",2455501,319.12021212779,0.145786670648549,159.600830950588,25.45305418324,449.032600679047,14.5786670648549
2021-01-25,233123,740,197655,511,35468,229,218450,549,1440548,1757,1658998,2306,44,3035,-1146,9880,1842,220208,20,7645,3581,"East TN",2455501,326.369241959177,0.151136079900125,93.9115887144823,30.1364161529562,402.361880528658,15.1136079900125
2021-01-26,234155,1032,198383,728,35772,304,219234,784,1445014,4466,1664248,5250,63,3098,-916,8964,1885,222093,25,7670,3603,"East TN",2455501,300.020240268687,0.144202663202338,213.805655139216,42.0280830673659,365.057884317701,14.4202663202338
2021-01-27,235108,953,199087,704,36021,249,219989,755,1449537,4523,1669526,5278,55,3153,-386,8578,1284,223377,27,7697,3626,"East TN",2455501,298.757768781198,0.143553629469122,214.945951966625,38.8108170186043,349.338078054132,14.3553629469122
2021-01-28,236436,1328,199801,714,36635,614,220785,796,1453968,4431,1674753,5227,46,3199,-174,8404,1456,224833,28,7725,3653,"East TN",2455501,289.06524574822,0.142059800664452,212.868982745273,54.0826495285484,342.251947769518,14.2059800664452
2021-01-29,237030,594,200152,351,36878,243,221182,397,1456635,2667,1677817,3064,17,3216,-683,7721,1260,226093,17,7742,3673,"East TN",2455501,273.060365277799,0.143056322072792,124.781052827916,24.1905826957513,314.436850158074,14.3056322072792
2021-01-30,238184,1154,201118,966,37066,188,222279,1097,1465686,9051,1687965,10148,44,3260,237,7958,873,226966,28,7770,3692,"East TN",2455501,261.6981218904,0.139832916571948,413.276150162431,46.9965192439343,324.088648304358,13.9832916571948
2021-01-31,238865,681,201560,442,37305,239,222770,491,1469612,3926,1692382,4417,29,3289,-82,7876,734,227700,30,7800,3713,"East TN",2455501,263.978715545219,0.136424768842813,179.881824523794,27.7336478380583,320.749207595517,13.6424768842813
2021-02-01,239558,693,201967,407,37591,286,223211,441,1471308,1696,1694519,2137,39,3328,-542,7334,1196,228896,11,7811,3740,"East TN",2455501,262.064645870639,0.134033388699642,87.0290828633342,28.2223464783765,298.676319007811,13.4033388699642
2021-02-02,240096,538,202316,349,37780,189,223574,363,1472367,1059,1695941,1422,57,3385,-835,6499,1316,230212,12,7823,3756,"East TN",2455501,241.946551844206,0.136938756192219,57.9107888777077,21.909989040933,264.671038619003,13.6938756192219
2021-02-03,241208,1112,203075,759,38133,353,224402,828,1478371,6004,1702773,6832,46,3431,40,6539,1026,231238,39,7862,3768,"East TN",2455501,248.421808828422,0.132733780491473,278.232425887833,45.2860740028206,266.30003408673,13.2733780491473
2021-02-04,242302,1094,203854,779,38448,315,225268,866,1486085,7714,1711353,8580,58,3489,-1,6538,1037,232275,36,7898,3787,"East TN",2455501,238.892185342217,0.122486338797814,349.419527827519,44.5530260423433,266.259309200037,12.2486338797814
2021-02-05,243119,817,204413,559,38706,258,225874,606,1489891,3806,1715765,4412,67,3556,-149,6389,899,233174,28,7926,3801,"East TN",2455501,247.973835074797,0.123642879730157,179.678200090328,33.2722324283313,260.191301082753,12.3642879730157
2021-02-06,244352,1233,205235,822,39117,411,226835,961,1498546,8655,1725381,9616,27,3583,502,6891,704,233878,22,7948,3831,"East TN",2455501,251.191101123559,0.12176608937353,391.610510441657,50.2137852926959,280.635194202731,12.176608937353
2021-02-07,244869,517,205588,353,39281,164,227241,406,1501630,3084,1728871,3490,2,3585,-118,6773,633,234511,9,7957,3846,"East TN",2455501,244.512219705877,0.12253007755762,142.129854559212,21.0547664203761,275.829657572935,12.253007755762
2021-02-08,245381,512,205887,299,39494,213,227561,320,1502993,1363,1730554,1683,32,3617,-628,6145,1108,235619,9,7966,3862,"East TN",2455501,237.14101521441,0.120715970584154,68.5399843046287,20.8511419869102,250.254428729616,12.0715970584154
2021-02-09,246409,1028,206519,632,39890,396,228229,668,1507226,4233,1735455,4901,16,3633,-57,6088,1069,236688,38,8004,3873,"East TN",2455501,257.096209694071,0.117806347117477,199.592669683295,41.8651835205931,247.933110188104,11.7806347117477
2021-02-10,247258,849,207102,583,40156,266,228866,637,1513213,5987,1742079,6624,39,3672,-26,6062,836,237524,30,8034,3886,"East TN",2455501,246.385564493763,0.11357044725996,269.761649455651,34.5754288025132,246.874263134081,11.357044725996
2021-02-11,248126,868,207685,583,40441,285,229517,651,1518787,5574,1748304,6225,37,3709,-98,5964,929,238453,31,8065,3904,"East TN",2455501,237.181740101104,0.11499012205353,253.51241966507,35.3492016496837,242.883224238149,11.499012205353
2021-02-12,248958,832,208278,593,40680,239,230166,649,1524299,5512,1754465,6161,34,3743,60,6024,738,239191,11,8076,3913,"East TN",2455501,237.792613401501,0.110904392764858,250.906026916707,33.8831057287291,245.32671743974,11.0904392764858
2021-02-13,249552,594,208651,373,40901,221,230600,434,1528726,4427,1759326,4861,12,3755,-25,5999,607,239798,17,8093,3925,"East TN",2455501,211.769410804557,0.110914714980115,197.963674215567,24.1905826957513,244.308595272411,11.0914714980115
2021-02-14,250093,541,209066,415,41027,126,231053,453,1531694,2968,1762747,3421,15,3770,-49,5950,575,240373,14,8107,3938,"East TN",2455501,212.746808085193,0.112528043452592,139.319837377382,22.0321637010125,242.313075824445,11.2528043452592
2021-02-15,250471,378,209275,209,41196,169,231281,228,1533018,1324,1764299,1552,5,3775,-575,5375,948,241321,10,8117,3949,"East TN",2455501,207.289673268307,0.110238553859831,63.2050241478216,15.3940071700236,218.896265975864,11.0238553859831
2021-02-16,251237,766,209703,428,41534,338,231753,472,1536427,3409,1768180,3881,8,3783,-39,5336,797,242118,25,8142,3959,"East TN",2455501,196.619752954692,0.10768525592055,158.053285256247,31.1952632069789,217.30799539483,10.768525592055
2021-02-17,251858,621,210122,419,41736,202,232204,451,1539681,3254,1771885,3705,11,3794,-90,5246,700,242818,11,8153,3976,"East TN",2455501,187.334478788646,0.111990874320607,150.885705198247,25.2901546364673,213.642755592443,11.1990874320607
2021-02-18,252653,795,210674,552,41979,243,232810,606,1545400,5719,1778210,6325,42,3836,24,5270,729,243547,21,8174,3992,"East TN",2455501,184.361562060044,0.110111683274259,257.584908334389,32.3762849210813,214.62015287308,11.0111683274259
2021-02-19,253132,479,210978,304,42154,175,233155,345,1548108,2708,1781263,3053,5,3841,-222,5048,696,244243,11,8185,4001,"East TN",2455501,169.98567705735,0.111538174490634,124.333079074291,19.5072207260351,205.579228027193,11.1538174490634
2021-02-20,253754,622,211425,447,42329,175,233660,505,1553335,5227,1786995,5732,18,3859,75,5123,529,244772,18,8203,4011,"East TN",2455501,171.125973884759,0.110593082511114,233.435050525331,25.3308795231604,208.633594529182,11.0593082511114
2021-02-21,254102,348,211652,227,42450,121,233923,263,1555469,2134,1789392,2397,7,3866,-83,5040,424,245196,12,8215,4029,"East TN",2455501,163.266070752975,0.107712516419591,97.617553403562,14.172260569228,205.253428933647,10.7712516419591
2021-02-22,254460,358,211848,196,42612,162,234151,228,1556851,1382,1791002,1610,7,3873,-480,4560,831,246027,22,8237,4045,"East TN",2455501,162.451573019111,0.107478560461371,65.5670675760262,14.5795094361599,185.705483320919,10.7478560461371
2021-02-23,255103,643,212197,349,42906,294,234519,368,1559797,2946,1794316,3314,26,3899,-143,4417,760,246787,27,8264,4051,"East TN",2455501,157.442411955849,0.105831037649219,134.962274501212,26.1861021437173,179.881824523794,10.5831037649219
2021-02-24,255844,741,212746,549,43098,192,235129,610,1565999,6202,1801128,6812,19,3918,55,4472,667,247454,23,8287,4058,"East TN",2455501,162.329398359031,0.100023937352529,277.417928153969,30.1771410396493,182.121693291919,10.0023937352529
2021-02-25,256479,635,213191,445,43288,190,235624,495,1570767,4768,1806391,5263,21,3939,-95,4377,709,248163,16,8303,4067,"East TN",2455501,155.813416488122,0.0998545119051843,214.335078666227,25.8603030501718,178.252829056066,9.98545119051843
2021-02-26,256941,462,213515,324,43426,138,235992,368,1573890,3123,1809882,3491,14,3953,-183,4194,631,248794,11,8314,4072,"East TN",2455501,155.121093414338,0.0991299486355219,142.170579445905,18.814897652251,170.800174791214,9.91299486355219
2021-02-27,257380,439,213740,225,43640,214,236266,274,1577985,4095,1814251,4369,7,3960,10,4204,422,249216,16,8330,4080,"East TN",2455501,147.668439149485,0.0956119753448782,177.927029962521,17.8782252583078,171.207423658146,9.56119753448782
2021-02-28,257746,366,214014,274,43732,92,236579,313,1580545,2560,1817124,2873,5,3965,-54,4150,415,249631,11,8341,4089,"East TN",2455501,148.401487109962,0.0957738352805423,117.002599469518,14.9053085297053,169.008279776714,9.57738352805423
2021-03-01,257990,244,214162,148,43828,96,236735,156,1581324,779,1818059,935,4,3969,-410,3740,650,250281,11,8352,4098,"East TN",2455501,143.75885002694,0.0955020881842037,38.077769058127,9.9368723531369,152.311076232508,9.55020881842037
2021-03-02,258610,620,214552,390,44058,230,237182,447,1584780,3456,1821962,3903,7,3976,5,3745,608,250889,24,8376,4108,"East TN",2455501,142.822177632996,0.0963249656369818,158.949232763497,25.2494297497741,152.514700665974,9.63249656369818
2021-03-03,259093,483,214855,303,44238,180,237537,355,1588953,4173,1826490,4528,7,3983,-145,3600,621,251510,17,8393,4111,"East TN",2455501,132.315156866155,0.0949451935967195,184.402286946737,19.6701202728079,146.609592095462,9.49451935967195
2021-03-04,259701,608,215269,414,44432,194,238009,472,1593775,4822,1831784,5294,18,4001,47,3647,543,252053,20,8413,4116,"East TN",2455501,131.215584925439,0.093923522230536,215.597550153716,24.7607311094559,148.523661770042,9.3923522230536
2021-03-05,260172,471,215580,311,44592,160,238363,354,1597457,3682,1835820,4036,15,4016,-63,3584,519,252572,16,8429,4121,"East TN",2455501,131.582108905678,0.0914102860667746,164.365642693691,19.1814216324897,145.957993908371,9.14102860667746
2021-03-06,260635,463,215903,323,44732,140,238735,372,1601733,4276,1840468,4648,1,4017,50,3634,412,252984,10,8439,4127,"East TN",2455501,132.559506186314,0.0941755349582332,189.289273349919,18.8556225389442,147.994238243031,9.41755349582332
2021-03-07,260890,255,216067,164,44823,91,238919,184,1603463,1730,1842382,1914,1,4018,-110,3524,364,253348,4,8443,4131,"East TN",2455501,128.039043763371,0.0926439147992715,77.9474331307542,10.3848461067619,143.51450070678,9.26439147992715
2021-03-08,261346,456,216359,292,44987,164,239231,312,1605044,1581,1844275,1893,3,4021,-127,3397,580,253928,9,8452,4139,"East TN",2455501,136.672719742325,0.0952090326518157,77.0922105101973,18.5705483320919,138.342440096746,9.52090326518157
2021-03-09,261885,539,216641,282,45244,257,239550,319,1607620,2576,1847170,2895,6,4027,26,3423,507,254435,21,8473,4151,"East TN",2455501,133.374003920178,0.0939384322437321,117.898546976768,21.9507139276262,139.401287150769,9.39384322437322
2021-03-10,262534,649,217104,463,45430,186,240057,507,1613092,5472,1853149,5979,7,4034,173,3596,469,254904,29,8502,4160,"East TN",2455501,140.134335111246,0.0945271765632619,243.494097538547,26.4304514638764,146.44669254869,9.45271765632619
2021-03-11,263068,534,217444,340,45624,194,240422,365,1616431,3339,1856853,3704,5,4039,88,3684,441,255345,9,8511,4168,"East TN",2455501,137.120693495951,0.0962543380270454,150.844980311554,21.7470894941603,150.03048257769,9.62543380270454
2021-03-12,263531,463,217812,368,45719,95,240838,416,1619778,3347,1860616,3763,5,4044,5,3689,453,255798,12,8523,4176,"East TN",2455501,136.794894402405,0.0998144862074528,153.247748626451,18.8556225389442,150.234107011156,9.98144862074528
2021-03-13,263978,447,218028,216,45950,231,241118,280,1623418,3640,1864536,3920,2,4046,43,3732,402,256200,20,8543,4182,"East TN",2455501,136.143296215314,0.099011135117168,159.641555837281,18.2040243518532,151.985277138963,9.9011135117168
2021-03-14,264240,262,218204,176,46036,86,241329,211,1625260,1842,1866589,2053,0,4046,-50,3682,312,256512,10,8553,4188,"East TN",2455501,136.428370422166,0.0995579790969554,83.6081923811067,10.6699203136142,149.949032804303,9.95579790969554
2021-03-15,264596,356,218389,185,46207,171,241546,217,1626456,1196,1868002,1413,4,4050,-167,3515,519,257031,15,8568,4192,"East TN",2455501,132.355881752848,0.0975681712816622,57.544264897469,14.4980596627735,143.147976726542,9.75681712816622
2021-03-16,265295,699,218840,451,46455,248,242042,496,1629723,3267,1871765,3763,4,4054,190,3705,505,257536,36,8604,4193,"East TN",2455501,138.871863623757,0.101321406789998,153.247748626451,28.4666957985356,150.885705198247,10.1321406789998
2021-03-17,265720,425,219172,332,46548,93,242406,364,1633447,3724,1875853,4088,1,4055,-31,3674,455,257991,16,8620,4202,"East TN",2455501,129.749489004484,0.103461945031712,166.483336801736,17.3080768446032,149.623233710758,10.3461945031712
2021-03-18,266270,550,219521,349,46749,201,242791,385,1636738,3291,1879529,3676,6,4061,99,3773,445,258436,31,8651,4209,"East TN",2455501,130.401087191575,0.104471688128418,149.704683484144,22.3986876812512,153.654997493383,10.4471688128418
2021-03-19,267062,792,220051,530,47011,262,243354,563,1641783,5045,1885137,5608,15,4076,337,4110,440,258876,25,8676,4215,"East TN",2455501,143.799574913633,0.102605929611354,228.385164575376,32.2541102610017,167.379284308986,10.2605929611354
2021-03-20,267335,273,220217,166,47118,107,243548,194,1643904,2121,1887452,2315,1,4077,-42,4068,314,259190,15,8691,4217,"East TN",2455501,136.713444629019,0.106039448420318,94.278112694721,11.1178940672392,165.668839067872,10.6039448420318
2021-03-21,267616,281,220413,196,47203,85,243773,225,1645704,1800,1889477,2025,-7,4070,-31,4037,319,259509,8,8699,4224,"East TN",2455501,137.487217476189,0.106780845858092,82.4678955536976,11.4436931607847,164.406367580384,10.6780845858092
2021-03-22,268141,525,220752,339,47389,186,244129,356,1647793,2089,1891922,2445,14,4084,-15,4022,526,260035,19,8718,4231,"East TN",2455501,144.369723327337,0.107984949832776,99.5723479648349,21.3805655139216,163.795494279986,10.7984949832776
2021-03-23,268578,437,221000,248,47578,189,244396,267,1650248,2455,1894644,2722,11,4095,-78,3944,504,260539,17,8735,4236,"East TN",2455501,133.699803013723,0.102889112286376,110.853141578847,17.7967754849214,160.618953117918,10.2889112286376
2021-03-24,269175,597,221457,457,47718,140,244889,493,1654947,4699,1899836,5192,4,4099,84,4028,509,261048,26,8761,4242,"East TN",2455501,140.704483524951,0.103531668265021,211.443611711011,24.3127573558308,164.039843600145,10.3531668265021
2021-03-25,269575,400,221764,307,47811,93,245222,333,1657915,2968,1903137,3301,8,4107,-66,3962,458,261506,23,8784,4246,"East TN",2455501,134.595750520973,0.102973568281938,134.4328509742,16.2899546772736,161.352001078395,10.2973568281938
2021-03-26,269985,410,222086,322,47899,88,245568,346,1660547,2632,1906115,2978,7,4114,-63,3899,466,261972,14,8798,4256,"East TN",2455501,119.038843804177,0.105539136237964,121.278712572302,16.6972035442054,158.786333216724,10.5539136237964
2021-03-27,270188,203,222266,180,47922,23,245778,210,1663059,2512,1908837,2722,2,4116,-164,3735,365,262337,12,8810,4267,"East TN",2455501,116.188101735654,0.104278700023381,110.853141578847,8.26715199871635,152.107451799042,10.4278700023381
2021-03-28,270504,316,222485,219,48019,97,246023,245,1665131,2072,1911154,2317,5,4121,-67,3668,378,262715,17,8827,4273,"East TN",2455501,117.613472769915,0.103796650828067,94.3595624681073,12.8690641950461,149.378884390599,10.3796650828067
2021-03-29,270943,439,222722,237,48221,202,246278,255,1666986,1855,1913264,2110,18,4139,-92,3576,513,263228,18,8845,4278,"East TN",2455501,114.111132514302,0.100693468278512,85.9295109226182,17.8782252583078,145.632194814826,10.0693468278512
2021-03-30,271318,375,222980,258,48338,117,246600,322,1669462,2476,1916062,2798,5,4144,-143,3433,513,263741,20,8865,4284,"East TN",2455501,111.586189539324,0.102904099355682,113.948232967529,15.271832509944,139.808536017701,10.2904099355682
2021-03-31,271979,661,223422,442,48557,219,247088,488,1674279,4817,1921367,5305,4,4148,168,3601,489,264230,18,8883,4289,"East TN",2455501,114.192582287688,0.102131809948446,216.045523907341,26.9191501041946,146.650316982156,10.2131809948446
2021-04-01,272427,448,223743,321,48684,127,247438,350,1677108,2829,1924546,3179,1,4149,-87,3514,534,264764,18,8901,4295,"East TN",2455501,116.147376848961,0.103507870521743,129.464414797632,18.2447492385464,143.107251839849,10.3507870521743
2021-04-02,272778,351,223978,235,48800,116,247690,252,1680129,3021,1927819,3273,0,4149,-78,3436,429,265193,12,8913,4300,"East TN",2455501,113.744608534063,0.0977699963140435,133.292554146791,14.2944352293076,139.93071067778,9.77699963140435
2021-04-03,273121,343,224229,251,48892,92,247965,275,1682480,2351,1930445,2626,0,4149,-55,3381,398,265591,13,8926,4309,"East TN",2455501,119.446092671109,0.101212513883747,106.943552456301,13.9686361357621,137.690841909655,10.1212513883747
2021-04-04,273292,171,224352,123,48940,48,248106,141,1684075,1595,1932181,1736,6,4155,-179,3202,344,265935,8,8934,4313,"East TN",2455501,113.540984100597,0.0990631093356161,70.6984032993674,6.96395562453446,130.401087191575,9.90631093356161
2021-04-05,273699,407,224587,235,49112,172,248329,223,1685294,1219,1933623,1442,6,4161,-94,3108,495,266430,40,8974,4319,"East TN",2455501,112.237787726415,0.100741686723316,58.7252866115713,16.5750288841259,126.572947842416,10.0741686723316
2021-04-06,274130,431,224837,250,49293,181,248607,278,1687381,2087,1935988,2365,3,4164,-6,3102,434,266864,27,9001,4324,"East TN",2455501,114.518381381233,0.100722673893406,96.3143570293801,17.5524261647623,126.328598522257,10.0722673893406
2021-04-07,274763,633,225301,464,49462,169,249115,508,1692074,4693,1941189,5201,5,4169,210,3312,418,267282,24,9025,4328,"East TN",2455501,113.378084553824,0.102260115023711,211.81013569125,25.7788532767855,134.880824727825,10.2260115023711
2021-04-08,275169,406,225556,255,49613,151,249404,289,1695086,3012,1944490,3301,-1,4168,47,3359,360,267642,21,9046,4333,"East TN",2455501,111.667639312711,0.0985760128359406,134.4328509742,16.5343039974327,136.794894402405,9.85760128359406
2021-04-09,275687,518,225962,406,49725,112,249854,450,1698962,3876,1948816,4326,4,4172,109,3468,405,268047,31,9077,4336,"East TN",2455501,118.468695390472,0.103062342239368,176.175859834714,21.0954913070693,141.233907051962,10.3062342239368
2021-04-10,275991,304,226177,215,49814,89,250101,247,1701743,2781,1951844,3028,1,4173,-11,3457,314,268361,15,9092,4341,"East TN",2455501,116.880424809438,0.0998177484929202,123.314956906961,12.3803655547279,140.785933298337,9.98177484929202
2021-04-11,276228,237,226340,163,49888,74,250275,174,1703456,1713,1953731,1887,2,4175,-85,3372,320,268681,10,9102,4344,"East TN",2455501,119.568267331188,0.100649651972158,76.8478611900382,9.65179814628461,137.324317929416,10.0649651972158
2021-04-12,276693,465,226663,323,50030,142,250605,330,1705219,1763,1955824,2093,3,4178,13,3385,449,269130,15,9117,4353,"East TN",2455501,121.930310759393,0.102517904598892,85.2371878488341,18.9370723123306,137.853741456428,10.2517904598892
2021-04-13,277071,378,226903,240,50168,138,250855,250,1707276,2057,1958131,2307,3,4181,-57,3328,432,269562,16,9133,4357,"East TN",2455501,119.771891764654,0.101521925664996,93.9523136011755,15.3940071700236,135.532422914916,10.1521925664996
2021-04-14,277751,680,227405,502,50346,178,251412,557,1712097,4821,1963509,5378,0,4181,269,3597,411,269973,29,9162,4360,"East TN",2455501,121.685961439234,0.102912186379928,219.018440635944,27.6929229513651,146.487417435383,10.2912186379928
2021-04-15,278291,540,227771,366,50520,174,251792,380,1715242,3145,1967034,3525,2,4183,115,3712,423,270396,24,9186,4365,"East TN",2455501,127.14309625612,0.105926188786373,143.555225593474,21.9914388143194,151.170779405099,10.5926188786373
2021-04-16,279269,978,228666,895,50603,83,252897,1105,1722727,7485,1975624,8590,3,4186,634,4346,341,270737,32,9218,4368,"East TN",2455501,145.876544134985,0.113510892270964,349.826776694451,39.8289391859339,176.990357568578,11.3510892270964
2021-04-17,279471,202,228813,147,50658,55,253070,173,1724958,2231,1978028,2404,0,4186,-91,4255,293,271030,10,9228,4369,"East TN",2455501,141.72260569228,0.113389856400855,97.9026276104143,8.22642711202317,173.284392879498,11.3389856400855
2021-04-18,279689,218,229000,187,50689,31,253273,203,1726761,1803,1980034,2006,6,4192,-122,4133,334,271364,8,9236,4378,"East TN",2455501,140.94883284511,0.113979393985477,81.6941227065271,8.87802529911411,168.315956702929,11.3979393985477
2021-04-19,280017,328,229195,195,50822,133,253483,210,1728210,1449,1981693,1659,8,4200,-213,3920,533,271897,15,9251,4385,"East TN",2455501,135.369523368144,0.111252850902625,67.5625870239923,13.3577628353644,159.641555837281,11.1252850902625
2021-04-20,280370,353,229472,277,50898,76,253764,281,1730658,2448,1984422,2729,4,4204,-113,3807,462,272359,20,9271,4389,"East TN",2455501,134.351401200814,0.11064622874748,111.138215785699,14.375885002694,155.039643640951,11.064622874748
2021-04-21,280883,513,229802,330,51081,183,254103,339,1734440,3782,1988543,4121,4,4208,30,3837,479,272838,14,9285,4395,"East TN",2455501,127.550345123052,0.107493808420548,167.827258062611,20.8918668736034,156.261390241747,10.7493808420548
2021-04-22,281525,642,230200,398,51325,244,254554,451,1738692,4252,1993246,4703,3,4211,193,4030,446,273284,23,9308,4399,"East TN",2455501,131.704283565757,0.105371585533344,191.529142118044,26.1453772570241,164.121293373532,10.5371585533344
2021-04-23,281909,384,230478,278,51431,106,254862,308,1741895,3203,1996757,3511,0,4211,-9,4021,393,273677,11,9319,4403,"East TN",2455501,107.513700870006,0.092982539156769,142.985077179769,15.6383564901827,163.754769393293,9.2982539156769
2021-04-24,282169,260,230666,188,51503,72,255071,209,1744893,2998,1999964,3207,0,4211,-132,3889,392,274069,20,9339,4410,"East TN",2455501,109.87574429821,0.0912199124726477,130.604711625041,10.5884705402278,158.379084349793,9.12199124726477
2021-04-25,282369,200,230814,148,51555,52,255230,159,1746544,1651,2001774,1810,4,4215,-113,3776,309,274378,17,9356,4415,"East TN",2455501,109.142696337733,0.0900183992640294,73.712044914663,8.1449773386368,153.777172153463,9.00183992640294
2021-04-26,282755,386,231058,244,51697,142,255482,252,1748516,1972,2003998,2224,6,4221,-143,3633,523,274901,15,9371,4423,"East TN",2455501,111.504739765938,0.0896211611746245,90.5721480056412,15.719806263569,147.953513356337,8.96211611746245
2021-04-27,283145,390,231262,204,51883,186,255700,218,1750880,2364,2006580,2582,3,4224,-48,3585,435,275336,25,9396,4429,"East TN",2455501,113.011560573586,0.0873725065439119,105.151657441801,15.8827058103418,145.998718795065,8.73725065439119
2021-04-28,283633,488,231608,346,52025,142,256081,381,1755008,4128,2011089,4509,6,4230,11,3596,471,275807,24,9420,4437,"East TN",2455501,111.993438406256,0.0877317484254413,183.628514099567,19.8737447062738,146.44669254869,8.77317484254413
2021-04-29,284025,392,231887,279,52138,113,256385,304,1757940,2932,2014325,3236,1,4231,18,3614,373,276180,22,9442,4441,"East TN",2455501,101.81221673296,0.0868637032117273,131.785733339143,15.9641555837281,147.179740509167,8.68637032117273
2021-04-30,284394,369,232114,227,52280,142,256625,240,1761207,3267,2017832,3507,0,4231,-1,3613,370,276550,17,9459,4446,"East TN",2455501,101.201343432562,0.0836536180308422,142.822177632996,15.0274831897849,147.139015622474,8.36536180308422
2021-05-01,284629,235,232296,182,52333,53,256814,189,1763698,2491,2020512,2680,-1,4230,-28,3585,264,276814,15,9474,4447,"East TN",2455501,100.183221265233,0.0848257737979365,109.142696337733,9.57034837289824,145.998718795065,8.48257737979365
2021-05-02,284804,175,232424,128,52380,47,256947,133,1765174,1476,2022121,1609,1,4231,-76,3509,250,277064,11,9485,4451,"East TN",2455501,99.165099097903,0.0843859045559542,65.526342689333,7.1268551713072,142.903627406383,8.43859045559542
2021-05-03,285016,212,232538,114,52478,98,257073,126,1766658,1484,2023731,1610,5,4236,-224,3285,431,277495,17,9502,4455,"East TN",2455501,92.078968813289,0.0806263619317894,65.5670675760262,8.63367597895501,133.781252787109,8.06263619317894
2021-05-04,285337,321,232759,221,52578,100,257318,245,1769058,2400,2026376,2645,7,4243,-80,3205,394,277889,12,9514,4463,"East TN",2455501,89.2689516314593,0.0817336835724389,107.717325303472,13.0726886285121,130.523261851655,8.17336835724389
2021-05-05,285801,464,233052,293,52749,171,257629,311,1773208,4150,2030837,4461,5,4248,127,3332,332,278221,22,9536,4468,"East TN",2455501,88.2915543508229,0.0783876848288434,181.673719538294,18.8963474256374,135.695322461689,7.83876848288434
2021-05-06,286087,286,233249,197,52838,89,257860,231,1775646,2438,2033506,2669,4,4252,-100,3232,382,278603,10,9546,4474,"East TN",2455501,83.9747163613454,0.076899014649914,108.694722584108,11.6473175942506,131.622833792371,7.6899014649914
2021-05-07,286453,366,233498,249,52955,117,258129,269,1779095,3449,2037224,3718,0,4252,16,3248,350,278953,15,9561,4479,"East TN",2455501,83.8525417012658,0.0775577557755776,151.415128725258,14.9053085297053,132.274431979462,7.75577557755776
2021-05-08,286624,171,233601,103,53023,68,258243,114,1780990,1895,2039233,2009,0,4252,-94,3154,265,279218,7,9568,4486,"East TN",2455501,81.2461489529021,0.0763313925538166,81.8162973666066,6.96395562453446,128.446292630302,7.63313925538166
2021-05-09,286770,146,233716,115,53054,31,258375,132,1782701,1711,2041076,1843,4,4256,-161,2993,303,279521,11,9579,4491,"East TN",2455501,80.0651272387997,0.0753363228699552,75.0559661755381,5.94583345720486,121.8895858727,7.53363228699552
2021-05-10,287005,235,233852,136,53153,99,258520,145,1784217,1516,2042737,1661,7,4263,-200,2793,428,279949,22,9601,4494,"East TN",2455501,81.001799632743,0.0761338524676418,67.6440367973786,9.57034837289824,113.744608534063,7.61338524676418
2021-05-11,287320,315,234080,228,53240,87,258764,244,1786896,2679,2045660,2923,1,4264,-57,2736,371,280320,19,9620,4498,"East TN",2455501,80.7574503125839,0.0749844430616055,119.038843804177,12.828339308353,111.423289992551,7.49844430616055
2021-05-12,287624,304,234297,217,53327,87,259015,251,1790962,4066,2049977,4317,3,4267,-53,2683,354,280674,16,9636,4500,"East TN",2455501,74.2414684416744,0.0724137931034483,175.809335854475,12.3803655547279,109.264870997813,7.24137931034483
2021-05-13,287834,210,234433,136,53401,74,259160,145,1793695,2733,2052855,2878,1,4268,-131,2552,340,281014,9,9645,4505,"East TN",2455501,71.1463770529924,0.0671869347253088,117.206223902984,8.55222620556864,103.929910841006,6.71869347253088
2021-05-14,288135,301,234652,219,53483,82,259408,248,1796381,2686,2055789,2934,1,4269,34,2586,266,281280,21,9666,4510,"East TN",2455501,68.4992594179355,0.0688930783732831,119.486817557802,12.2581908946484,105.314556988574,6.8893078373283
2021-05-15,288243,108,234733,81,53510,27,259510,102,1798369,1988,2057879,2090,0,4269,-154,2432,262,281542,5,9671,4514,"East TN",2455501,65.9335915562649,0.0679502306124638,85.1150131887546,4.39828776286387,99.0429244378235,6.79502306124638
2021-05-16,288343,100,234807,74,53536,26,259595,85,1799818,1449,2059413,1534,3,4272,-121,2311,218,281760,4,9675,4518,"East TN",2455501,64.0602467683784,0.0665321481158314,62.4719761873443,4.0724886693184,94.1152131479482,6.65321481158314
2021-05-17,288542,199,234911,104,53631,95,259705,110,1801387,1569,2061092,1679,6,4278,-117,2194,310,282070,10,9685,4525,"East TN",2455501,62.5941508474238,0.0645600653772814,68.3770847578559,8.10425245194362,89.3504014048457,6.45600653772814
2021-05-18,288755,213,235046,135,53709,78,259851,146,1803625,2238,2063476,2384,8,4286,-100,2094,305,282375,22,9707,4531,"East TN",2455501,58.440212404719,0.0610125729681185,97.0881298765507,8.67440086564819,85.2779127355273,6.10125729681185
2021-05-19,288972,217,235210,164,53762,53,260018,167,1806895,3270,2066913,3437,1,4287,-53,2041,269,282644,21,9728,4534,"East TN",2455501,54.897147262412,0.0592229570146434,139.971435564473,8.83730041242093,83.1194937407885,5.92229570146434
2021-05-20,289150,178,235343,133,53807,45,260174,156,1821063,14168,2081237,14324,3,4290,-91,1950,266,282910,7,9735,4539,"East TN",2455501,53.5939508882301,0.0357268691424142,583.343276993168,7.24902983138675,79.4135290517088,3.57268691424142
2021-05-21,289314,164,235451,108,53863,56,260295,121,1823342,2279,2083637,2400,0,4290,-58,1892,222,283132,10,9745,4542,"East TN",2455501,48.0146414112639,0.0318514794599253,97.7397280636416,6.67888141768218,77.0514856235041,3.18514794599253
2021-05-22,289385,71,235499,48,53886,23,260357,62,1824929,1587,2085286,1649,0,4290,-105,1787,176,283308,12,9757,4543,"East TN",2455501,46.5078206036161,0.0309045134454701,67.1553381570604,2.89146695521606,72.7753725207198,3.09045134454701
2021-05-23,289459,74,235550,51,53909,23,260418,61,1825994,1065,2086412,1126,3,4293,-128,1659,199,283507,5,9762,4545,"East TN",2455501,45.4489735495933,0.0304826104670543,45.8562224165252,3.01364161529562,67.5625870239923,3.04826104670543
2021-05-24,289619,160,235661,111,53958,49,260544,126,1827919,1925,2088463,2051,0,4293,-90,1569,250,283757,7,9769,4549,"East TN",2455501,43.8607029685592,0.0306528807862336,83.5267426077204,6.51598187090944,63.8973472216057,3.06528807862336
2021-05-25,289763,144,235757,96,54006,48,260632,88,1829646,1727,2090278,1815,0,4293,-72,1497,216,283973,9,9778,4555,"East TN",2455501,41.0506857867295,0.0291396164465338,73.915669348129,5.8643836838185,60.9651553796964,2.91396164465338
2021-05-26,289947,184,235897,140,54050,44,260797,165,1832530,2884,2093327,3049,7,4300,-33,1464,210,284183,14,9792,4559,"East TN",2455501,39.7067645258544,0.0294919360944953,124.170179527518,7.49337915154586,59.6212341188214,2.94919360944953
2021-05-27,290071,124,235973,76,54098,48,260936,139,1835502,2972,2096438,3111,4,4304,-81,1383,201,284384,11,9803,4563,"East TN",2455501,37.5076206444225,0.0501282810341425,126.695122502495,5.04988594995482,56.3225182966735,5.01282810341425
2021-05-28,290188,117,236063,90,54125,27,261034,98,1837614,2112,2098648,2210,0,4304,-59,1324,176,284560,9,9812,4566,"East TN",2455501,35.5935509698428,0.0492305642528812,90.0019995919366,4.76481174310253,53.9197499817756,4.92305642528812
2021-05-29,290239,51,236095,32,54144,19,261071,37,1838691,1077,2099762,1114,0,4304,-88,1236,139,284699,7,9819,4569,"East TN",2455501,34.7790532359791,0.0493230174081238,45.367523776207,2.07696922135238,50.3359599527754,4.93230174081238
2021-05-30,290294,55,236135,40,54159,15,261117,46,1839777,1086,2100894,1132,0,4304,-66,1170,121,284820,7,9826,4573,"East TN",2455501,34.0052803888086,0.0482668139759702,46.1005717366843,2.23986876812512,47.6481174310253,4.82668139759702
2021-05-31,290374,80,236201,66,54173,14,261188,71,1841204,1427,2102392,1498,6,4310,-95,1075,169,284989,4,9830,4578,"East TN",2455501,30.7472894533539,0.0462344748366717,61.0058802663896,3.25799093545472,43.7792531951728,4.62344748366717
2021-06-01,290504,130,236294,93,54210,37,261282,94,1842520,1316,2103802,1410,3,4313,-37,1038,164,285153,11,9841,4581,"East TN",2455501,30.1771410396493,0.0480627033422064,57.4220902373894,5.29423527011392,42.272432387525,4.80627033422064
2021-06-02,290623,119,236365,71,54258,48,261355,73,1844500,1980,2105855,2053,1,4314,-19,1019,137,285290,9,9850,4585,"East TN",2455501,27.5300234045924,0.0445402298850575,83.6081923811067,4.8462615164889,41.4986595403545,4.45402298850575
2021-06-03,290711,88,236421,56,54290,32,261474,119,1847666,3166,2109140,3285,1,4315,-43,976,130,285420,7,9857,4590,"East TN",2455501,26.0639274836378,0.0423555345614864,133.781252787109,3.58379002900019,39.7474894125476,4.23555345614864
2021-06-04,290802,91,236480,59,54322,32,261552,78,1849818,2152,2111370,2230,1,4316,-32,944,122,285542,7,9864,4590,"East TN",2455501,25.005080429615,0.0407168684169156,90.8164973258003,3.70596468907974,38.4442930383657,4.07168684169156
2021-06-05,290843,41,236506,26,54337,15,261582,30,1851201,1383,2112783,1413,-1,4315,-67,877,109,285651,2,9866,4595,"East TN",2455501,24.5978315626831,0.0392442976729898,57.544264897469,1.66972035442054,35.7157256299224,3.92442976729898
2021-06-06,290869,26,236522,16,54347,10,261601,19,1852117,916,2113718,935,-1,4314,-57,820,84,285735,2,9868,4598,"East TN",2455501,23.4168098485808,0.0377417342482845,38.077769058127,1.05884705402278,33.3944070884109,3.77417342482845
2021-06-07,290942,73,236557,35,54385,38,261653,52,1853387,1270,2115040,1322,3,4317,-68,752,138,285873,10,9878,4600,"East TN",2455501,23.1317356417285,0.0367647058823529,53.8383002083892,2.97291672860243,30.6251147932744,3.67647058823529
2021-06-08,291029,87,236624,67,54405,20,261723,70,1854866,1479,2116589,1549,3,4320,-29,723,113,285986,4,9882,4603,"East TN",2455501,21.3805655139216,0.0344881520294049,63.082849487742,3.54306514230701,29.444093079172,3.44881520294049
2021-06-09,291077,48,236662,38,54415,10,261777,54,1857597,2731,2119374,2785,0,4320,-63,660,111,286097,3,9885,4606,"East TN",2455501,18.4890985587055,0.0312153265774096,113.418809440517,1.95479456127283,26.8784252175014,3.12153265774096
2021-06-10,291152,75,236719,57,54433,18,261843,66,1859382,1785,2121225,1851,4,4324,-21,639,92,286189,4,9889,4609,"East TN",2455501,17.9596750316941,0.0305337194869673,75.3817652690836,3.0543665019888,26.0232025969446,3.05337194869673
2021-06-11,291222,70,236765,46,54457,24,261899,56,1860867,1485,2122766,1541,2,4326,-4,635,72,286261,4,9893,4610,"East TN",2455501,17.1044524111373,0.0304492804492804,62.7570503941965,2.85074206852288,25.8603030501718,3.04492804492804
2021-06-12,291251,29,236787,22,54464,7,261930,31,1862061,1194,2123991,1225,3,4329,-24,611,50,286311,1,9894,4613,"East TN",2455501,16.6157537708191,0.0310492505353319,49.8879861991504,1.18102171410234,24.8829057695354,3.10492505353319
2021-06-13,291269,18,236801,14,54468,4,261951,21,1862905,844,2124856,865,1,4330,-41,570,58,286369,1,9895,4614,"East TN",2455501,16.2899546772736,0.0314239540312444,35.2270269896042,0.733047960477312,23.2131854151149,3.14239540312444
2021-06-14,291322,53,236834,33,54488,20,261992,41,1864158,1253,2126150,1294,3,4333,-9,561,59,286428,3,9898,4615,"East TN",2455501,15.4754569434099,0.0305130513051305,52.6980033809801,2.15841899473875,22.8466614348762,3.05130513051305
2021-06-15,291410,88,236903,69,54507,19,262080,88,1866040,1882,2128120,1970,0,4333,-7,554,95,286523,4,9902,4618,"East TN",2455501,15.5161818301031,0.0309600208134594,80.2280267855725,3.58379002900019,22.5615872280239,3.09600208134594
2021-06-16,291477,67,236943,40,54534,27,262118,38,1867946,1906,2130064,1944,2,4335,-14,540,79,286602,7,9909,4621,"East TN",2455501,16.2899546772736,0.0318989710009355,79.1691797315497,2.72856740844333,21.9914388143194,3.18989710009355
2021-06-17,291528,51,236981,38,54547,13,262164,46,1870296,2350,2132460,2396,1,4336,-7,533,57,286659,1,9910,4625,"East TN",2455501,15.3125573966372,0.0285714285714286,97.5768285168689,2.07696922135238,21.7063646074671,2.85714285714286
2021-06-18,291590,62,237032,51,54558,11,262219,55,1872024,1728,2134243,1783,2,4338,-1,532,61,286720,4,9914,4627,"East TN",2455501,14.9867583030917,0.0278818506578374,72.6124729739471,2.52494297497741,21.6656397207739,2.78818506578374
2021-06-19,291618,28,237049,17,54569,11,262237,18,1873175,1151,2135412,1169,0,4338,-16,516,44,286764,5,9919,4629,"East TN",2455501,14.9460334163985,0.0268803082041853,47.6073925443321,1.14029682740915,21.0140415336829,2.68803082041853
2021-06-20,291643,25,237070,21,54573,4,262254,17,1873929,754,2136183,771,3,4341,-13,503,35,286799,2,9921,4632,"East TN",2455501,15.2311076232508,0.0267502427827315,31.3988876404449,1.0181221673296,20.4846180066715,2.67502427827315
2021-06-21,291710,67,237110,40,54600,27,262306,52,1875201,1272,2137507,1324,6,4347,3,506,58,286857,2,9923,4633,"East TN",2455501,15.8012560369554,0.0276481465175663,53.9197499817756,2.72856740844333,20.6067926667511,2.76481465175663
2021-06-22,291803,93,237156,46,54647,47,262357,51,1876628,1427,2138985,1478,5,4352,36,542,52,286909,7,9930,4637,"East TN",2455501,16.0048804704213,0.0254947077772665,60.1913825325259,3.78741446246611,22.0728885877057,2.54947077772665
2021-06-23,291872,69,237204,48,54668,21,262412,55,1878417,1789,2140829,1844,2,4354,6,548,61,286970,5,9935,4641,"East TN",2455501,16.0863302438077,0.0273107292150488,75.0966910622313,2.8100171818297,22.3172379078648,2.73107292150488
2021-06-24,291955,83,237256,52,54699,31,262474,62,1880261,1844,2142735,1906,3,4357,27,575,53,287023,6,9941,4642,"East TN",2455501,17.3895266179896,0.0301703163017032,77.6216340372087,3.38016559553427,23.4168098485808,3.01703163017032
2021-06-25,292034,79,237312,56,54722,23,262543,69,1882069,1808,2144612,1877,0,4357,32,607,47,287070,3,9944,4644,"East TN",2455501,18.0818496917737,0.0312469862088919,76.4406123231064,3.21726604876154,24.7200062227627,3.12469862088919
2021-06-26,292069,35,237330,18,54739,17,262564,21,1883253,1184,2145817,1205,0,4357,1,608,34,287104,2,9946,4646,"East TN",2455501,18.366923898626,0.0314271984622778,49.0734884652867,1.42537103426144,24.7607311094559,3.14271984622778
2021-06-27,292098,29,237350,20,54748,9,262588,24,1883967,714,2146555,738,2,4359,-9,599,36,287140,3,9949,4648,"East TN",2455501,18.5298234453987,0.0322020825298882,30.0549663795698,1.18102171410234,24.3942071292172,3.22020825298882
2021-06-28,292142,44,237374,24,54768,20,262613,25,1884519,552,2147132,577,4,4363,-15,584,55,287195,3,9952,4648,"East TN",2455501,17.5931510514555,0.0318961038961039,23.4982596219672,1.7918950145001,23.7833338288195,3.18961038961039
2021-06-29,292273,131,237460,86,54813,45,262710,97,1886533,2014,2149243,2111,0,4363,79,663,52,287247,7,9959,4651,"East TN",2455501,19.1406967457965,0.0344121661142523,85.9702358093114,5.3349601568071,27.000599877581,3.44121661142523
2021-06-30,292358,85,237523,63,54835,22,262785,75,1888177,1644,2150962,1719,3,4366,29,692,53,287300,4,9963,4651,"East TN",2455501,19.7922949328874,0.0368104213954406,70.0060802255833,3.46161536892064,28.1816215916833,3.68104213954406
2021-07-01,292464,106,237576,53,54888,53,262850,65,1890729,2552,2153579,2617,1,4367,56,748,49,287349,2,9965,4654,"East TN",2455501,20.7289673268307,0.0346735521947621,106.577028476063,4.3168379894775,30.4622152465016,3.46735521947621
2021-07-02,292546,82,237639,63,54907,19,262924,74,1892411,1682,2155335,1756,0,4367,32,780,50,287399,3,9968,4656,"East TN",2455501,20.8511419869102,0.035531101370885,71.5129010332311,3.33944070884109,31.7654116206835,3.5531101370885
2021-07-03,292594,48,237675,36,54919,12,262964,40,1893499,1088,2156463,1128,1,4368,1,781,46,287445,3,9971,4659,"East TN",2455501,21.3805655139216,0.0375727972947586,45.9376721899116,1.95479456127283,31.8061365073767,3.75727972947586
2021-07-04,292621,27,237696,21,54925,6,262989,25,1894199,700,2157188,725,0,4368,-13,768,40,287485,1,9972,4660,"East TN",2455501,21.2991157405352,0.0377127809649205,29.5255428525584,1.09957194071597,31.2767129803653,3.77127809649205
2021-07-05,292664,43,237720,24,54944,19,263014,25,1894681,482,2157695,507,0,4368,-30,738,73,287558,2,9974,4661,"East TN",2455501,21.258390853842,0.037962699990533,20.6475175534443,1.75117012780691,30.0549663795698,3.7962699990533
2021-07-06,292826,162,237824,104,55002,58,263127,113,1896006,1325,2159133,1438,5,4373,82,820,75,287633,6,9980,4661,"East TN",2455501,22.5208623413308,0.0421638018200202,58.5623870647986,6.59743164429581,33.3944070884109,4.21638018200202
2021-07-07,292968,142,237904,80,55064,62,263215,88,1897465,1459,2160680,1547,4,4377,81,901,57,287690,6,9986,4663,"East TN",2455501,24.8421808828422,0.0442477876106195,63.0013997143556,5.78293391043213,36.6931229105588,4.42477876106195
2021-07-08,293108,140,238006,102,55102,38,263332,117,1899320,1855,2162652,1972,2,4379,76,977,62,287752,3,9989,4665,"East TN",2455501,26.2268270304105,0.0531246555714758,80.3094765589588,5.70148413704576,39.7882142992408,5.31246555714758
2021-07-09,293272,164,238128,122,55144,42,263463,131,1901065,1745,2164528,1876,0,4379,100,1077,64,287816,4,9993,4667,"East TN",2455501,29.5662677392516,0.0586315674970086,76.3998874364132,6.67888141768218,43.8607029685592,5.86315674970086
2021-07-10,293376,104,238201,73,55175,31,263537,74,1902121,1056,2165658,1130,0,4379,56,1133,48,287864,13,10006,4668,"East TN",2455501,31.8468613940699,0.0623164763458401,46.0191219632979,4.23538821609114,46.1412966233775,6.23164763458401
2021-07-11,293424,48,238236,35,55188,13,263580,43,1902876,755,2166456,798,2,4381,4,1137,42,287906,7,10013,4668,"East TN",2455501,32.7020840146267,0.0637678031937851,32.4984595811608,1.95479456127283,46.3041961701502,6.37678031937851
2021-07-12,293597,173,238353,117,55244,56,263705,125,1904242,1366,2167947,1491,1,4382,92,1229,80,287986,14,10027,4669,"East TN",2455501,37.9963192847407,0.0674014826375341,60.7208060595373,7.04540539792083,50.0508857459231,6.74014826375341
2021-07-13,293811,214,238490,137,55321,77,263850,145,1905863,1621,2169713,1766,4,4386,149,1378,61,288047,17,10044,4673,"East TN",2455501,40.1140133927862,0.0683364839319471,71.9201499001629,8.71512575234138,56.1188938632076,6.83364839319471
2021-07-14,293984,173,238626,136,55358,37,263992,142,1907426,1563,2171418,1705,0,4386,103,1481,70,288117,12,10056,4674,"East TN",2455501,41.3764848802749,0.0723598435462842,69.4359318118787,7.04540539792083,60.3135571926055,7.23598435462842
2021-07-15,294204,220,238776,150,55428,70,264159,167,1909227,1801,2173386,1968,0,4386,118,1599,102,288219,15,10071,4674,"East TN",2455501,44.6344758157297,0.0770449040432271,80.1465770121861,8.95947507250048,65.1190938224012,7.70449040432271
2021-07-16,294434,230,238918,142,55516,88,264313,154,1910756,1529,2175069,1683,0,4386,164,1763,66,288285,10,10081,4678,"East TN",2455501,47.3223183374798,0.0806375106726117,68.5399843046287,9.36672393943232,71.7979752400834,8.06375106726117
2021-07-17,294578,144,239018,100,55560,44,264423,110,1911974,1218,2176397,1328,0,4386,54,1817,90,288375,5,10086,4680,"East TN",2455501,48.9513138052072,0.0825030263525468,54.0826495285484,5.8643836838185,73.9971191215153,8.25030263525468
2021-07-18,294722,144,239139,121,55583,23,264555,132,1913100,1126,2177655,1258,0,4386,50,1867,94,288469,6,10092,4682,"East TN",2455501,52.8609029277528,0.0870613447629253,51.2319074600255,5.8643836838185,76.0333634561745,8.70613447629253
2021-07-19,295026,304,239351,212,55675,92,264772,217,1914790,1690,2179562,1907,3,4389,166,2033,135,288604,14,10106,4683,"East TN",2455501,58.1958630845599,0.0918639690055962,77.6623589239019,12.3803655547279,82.7936946472431,9.18639690055962
2021-07-20,295382,356,239589,238,55793,118,265026,254,1916451,1661,2181477,1915,2,4391,214,2247,140,288744,22,10128,4685,"East TN",2455501,63.9787969949921,0.0999659979598776,77.9881580174473,14.4980596627735,91.5088203995844,9.99659979598776
2021-07-21,295783,401,239882,293,55901,108,265336,310,1918567,2116,2183903,2426,3,4394,248,2495,150,288894,28,10156,4689,"East TN",2455501,73.264071161038,0.107649179014818,98.7985751176644,16.3306795639668,101.608592299494,10.7649179014818
2021-07-22,296257,474,240215,333,56042,141,265703,367,1920936,2369,2186639,2736,5,4399,321,2816,148,289042,21,10177,4692,"East TN",2455501,83.6081923811067,0.116501924092658,111.423289992551,19.3035962925692,114.681280928006,11.6501924092658
2021-07-23,296718,461,240535,320,56183,141,266036,333,1922839,1903,2188875,2236,1,4400,328,3144,132,289174,27,10204,4698,"East TN",2455501,93.0156412072322,0.124800811241489,91.0608466459594,18.7741727655578,128.03904376337,12.4800811241489
2021-07-24,297076,358,240784,249,56292,109,266301,265,1924590,1751,2190891,2016,0,4400,226,3370,132,289306,21,10225,4702,"East TN",2455501,101.730766959574,0.129570856906306,82.1013715734589,14.5795094361599,137.24286815603,12.9570856906306
2021-07-25,297304,228,240974,190,56330,38,266504,203,1925905,1315,2192409,1518,3,4403,97,3467,128,289434,17,10242,4707,"East TN",2455501,105.151657441801,0.132099769554019,61.8203780002533,9.28527416604595,141.193182165269,13.2099769554019
2021-07-26,297971,667,241435,461,56536,206,266990,486,1927634,1729,2194624,2215,10,4413,448,3915,209,289643,36,10278,4711,"East TN",2455501,119.934791311427,0.147258000265569,90.2056240254026,27.1634994243537,159.437931403815,14.7258000265569
2021-07-27,298698,727,241925,490,56773,237,267505,515,1929955,2321,2197460,2836,2,4415,534,4449,191,289834,28,10306,4717,"East TN",2455501,135.043724274598,0.155102296189702,115.49577866187,29.6069926259448,181.185020897976,15.5102296189702
2021-07-28,299517,819,242473,548,57044,271,268118,613,1932822,2867,2200940,3480,2,4417,559,5008,258,290092,37,10343,4720,"East TN",2455501,152.066726912349,0.163291659329694,141.72260569228,33.3536822017177,203.950232559465,16.3291659329694
2021-07-29,300205,688,242927,454,57278,234,268614,496,1935250,2428,2203864,2924,3,4420,474,5482,211,290303,22,10365,4724,"East TN",2455501,160.78185266469,0.16899854862119,119.07956869087,28.0187220449106,223.253828852035,16.899854862119
2021-07-30,301204,999,243676,749,57528,250,269416,802,1937053,1803,2206469,2605,4,4424,751,6233,244,290547,42,10407,4729,"East TN",2455501,182.691841705623,0.192110946913721,106.088329835744,40.6841618064908,253.838218758616,19.2110946913721
2021-07-31,301739,535,244041,365,57698,170,269812,396,1939023,1970,2208835,2366,2,4426,319,6552,214,290761,32,10439,4739,"East TN",2455501,189.900146650317,0.195664288898796,96.3550819160733,21.7878143808534,266.829457613742,19.5664288898796
2021-08-01,302273,534,244463,422,57810,112,270273,461,1941161,2138,2211434,2599,3,4429,321,6873,210,290971,28,10467,4743,"East TN",2455501,202.361961978431,0.198107752956636,105.843980515585,21.7470894941603,279.902146242254,19.8107752956636
2021-08-02,303123,850,245000,537,58123,313,270809,536,1943496,2335,2214305,2871,9,4438,416,7289,425,291396,32,10499,4751,"East TN",2455501,209.814616243284,0.194045018037701,116.921149696131,34.6161536892064,296.843699106618,19.4045018037701
2021-08-03,304461,1338,245968,968,58493,370,271824,1015,1947271,3775,2219095,4790,4,4442,897,8186,437,291833,40,10539,4761,"East TN",2455501,234.697522012819,0.199630228795933,195.072207260351,54.4898983954802,333.373922470404,19.9630228795933
2021-08-04,305547,1086,246801,833,58746,253,272711,887,1950891,3620,2223602,4507,8,4450,646,8832,432,292265,40,10579,4767,"East TN",2455501,245.5710667599,0.202674079957638,183.54706432618,44.2272269487978,359.682199274201,20.2674079957638
2021-08-05,306725,1178,247690,889,59035,289,273662,951,1954856,3965,2228518,4916,10,4460,665,9497,503,292768,43,10622,4774,"East TN",2455501,265.52626123956,0.204753792488034,200.203542983693,47.9739165245707,386.764248925168,20.4753792488034
2021-08-06,308064,1339,248677,987,59387,352,274745,1083,1959484,4628,2234229,5711,3,4463,907,10404,429,293197,52,10674,4787,"East TN",2455501,279.372722715242,0.191966858789625,232.579827904774,54.5306232821734,423.701721155886,19.1966858789625
2021-08-07,308788,724,249201,524,59587,200,275329,584,1962488,3004,2237817,3588,0,4463,327,10731,397,293594,28,10702,4796,"East TN",2455501,287.069726300254,0.190359533503554,146.120893455144,29.4848179658652,437.018759104557,19.0359533503554
2021-08-08,309424,636,249652,451,59772,185,275855,526,1964603,2115,2240458,2641,5,4468,220,10951,411,294005,29,10731,4807,"East TN",2455501,291.223664742959,0.192323594266814,107.554425756699,25.901027936865,445.978234177058,19.2323594266814
2021-08-09,310794,1370,250614,962,60180,408,276863,1008,1968142,3539,2245005,4547,14,4482,572,11523,784,294789,67,10798,4819,"East TN",2455501,312.400605823414,0.197198697068404,185.176059793908,55.7930947696621,469.272869365559,19.7198697068404
2021-08-10,312121,1327,251462,848,60659,479,277780,917,1971394,3252,2249174,4169,6,4488,549,12072,772,295561,48,10846,4833,"East TN",2455501,311.952632069789,0.198011901991423,169.782052623884,54.0419246418552,491.630832160117,19.8011901991423
2021-08-11,314008,1887,252766,1304,61242,583,279163,1383,1976750,5356,2255913,6739,8,4496,1064,13136,815,296376,63,10909,4852,"East TN",2455501,344.57326631103,0.199684318034106,274.445011425367,76.8478611900382,534.962111601665,19.9684318034106
2021-08-12,315470,1462,253829,1063,61641,399,280325,1162,1981232,4482,2261557,5644,10,4506,586,13722,866,297242,45,10954,4866,"East TN",2455501,356.139134131894,0.201670752746754,229.85126049633,59.539784345435,558.826895203871,20.1670752746754
2021-08-13,317117,1647,254946,1117,62171,530,281499,1174,1986651,5419,2268150,6593,11,4517,794,14516,842,298084,30,10984,4890,"East TN",2455501,368.682399233395,0.199109696058489,268.499177968162,67.073888383674,591.162455238259,19.9109696058489
2021-08-14,318648,1531,256035,1089,62613,442,282699,1200,1992126,5475,2274825,6675,1,4518,912,15428,618,298702,27,11011,4904,"East TN",2455501,401.547382794794,0.199146130566364,271.838618677003,62.3498015272647,628.303551902443,19.9146130566364
2021-08-15,319794,1146,257000,965,62794,181,283756,1057,1995936,3810,2279692,4867,11,4529,428,15856,707,299409,20,11031,4917,"East TN",2455501,422.317075008318,0.20138145486058,198.208023535727,46.6707201503889,645.733803407125,20.138145486058
2021-08-16,321236,1442,257916,916,63320,526,284718,962,1998996,3060,2283714,4022,17,4546,177,16033,1248,300657,29,11060,4936,"East TN",2455501,425.249266850227,0.202924384510062,163.795494279986,58.7252866115713,652.942108351819,20.2924384510062
2021-08-17,322974,1738,259132,1216,63842,522,286039,1321,2003856,4860,2289895,6181,10,4556,515,16548,1213,301870,25,11085,4951,"East TN",2455501,441.987195281126,0.20281918420471,251.72052465057,70.7798530727538,673.915424998809,20.281918420471
2021-08-18,325065,2091,260518,1386,64547,705,287518,1479,2009276,5420,2296794,6899,13,4569,934,17482,1144,303014,32,11117,4965,"East TN",2455501,450.295072166535,0.204373669920012,280.960993296276,85.1557380754477,711.952469170243,20.4373669920012
2021-08-19,327456,2391,262012,1494,65444,897,289096,1578,2019227,9951,2308323,11529,23,4592,1119,18601,1249,304263,43,11160,4985,"East TN",2455501,488.128491904503,0.187550784758158,469.517218685718,97.3732040834029,757.523617379916,18.7550784758158
2021-08-20,329911,2455,263990,1978,65921,477,291205,2109,2026121,6894,2317326,9003,4,4596,1274,19875,1177,305440,37,11197,5018,"East TN",2455501,521.034200352596,0.197372702131121,366.646154898736,99.9795968317667,809.407123027032,19.7372702131121
2021-08-21,332833,2922,265953,1963,66880,959,293322,2117,2035049,8928,2328371,11045,0,4596,2167,22042,755,306195,57,11254,5042,"East TN",2455501,577.682517742815,0.198390169200314,449.806373526217,118.998118917484,897.657952491162,19.8390169200314
2021-08-22,334318,1485,267294,1341,67024,144,294838,1516,2040561,5512,2335399,7028,7,4603,546,22588,932,307127,17,11271,5061,"East TN",2455501,591.488254331804,0.198933706715494,286.214503679697,60.4764567393782,919.89374062564,19.8933706715494
2021-08-23,336266,1948,268421,1127,67845,821,296024,1186,2044528,3967,2340552,5153,18,4621,185,22773,1745,308872,38,11309,5082,"East TN",2455501,612.095046998556,0.198916218023154,209.855341129977,79.3320792783224,927.427844663879,19.8916218023154
2021-08-24,338249,1983,269808,1387,68441,596,297462,1438,2048307,3779,2345769,5217,15,4636,146,22919,1822,310694,25,11334,5120,"East TN",2455501,622.072644238386,0.204442137666893,212.461733878341,80.7574503125839,933.373678121084,20.4442137666893
2021-08-25,340476,2227,271017,1209,69459,1018,298709,1247,2052343,4036,2351052,5283,17,4653,613,23532,1597,312291,39,11373,5157,"East TN",2455501,627.611228828659,0.206255298757787,215.149576400091,90.6943226657208,958.338033664006,20.6255298757787
2021-08-26,343134,2658,272851,1834,70283,824,300671,1962,2059187,6844,2359858,8806,24,4677,741,24273,1893,314184,40,11413,5188,"East TN",2455501,638.484773575739,0.224604637624915,358.623352220178,108.246748830483,988.515174703655,22.4604637624915
2021-08-27,346142,3008,275122,2271,71020,737,303034,2363,2066256,7069,2369290,9432,19,4696,1304,25577,1685,315869,44,11457,5209,"East TN",2455501,661.00563591707,0.227638365021938,384.117131290112,122.500459173097,1041.62042695157,22.7638365021938
2021-08-28,348287,2145,276663,1541,71624,604,304705,1671,2072123,5867,2376828,7538,1,4697,922,26499,1222,317091,33,11490,5244,"East TN",2455501,629.362398956466,0.234909301029779,306.984195893221,87.3548819568797,1079.16877248268,23.4909301029779
2021-08-29,350624,2337,278491,1828,72133,509,306725,2020,2079117,6994,2385842,9014,9,4706,1071,27570,1257,318348,45,11535,5275,"East TN",2455501,664.060002419058,0.235652122197332,367.094128652361,95.174060201971,1122.78512613108,23.5652122197332
2021-08-30,353868,3244,280904,2413,72964,831,309331,2606,2088160,9043,2397491,11649,21,4727,476,28046,2747,321095,70,11605,5314,"East TN",2455501,716.839455573425,0.233706247036302,474.4042050889,132.111532432689,1142.17017219704,23.3706247036302
2021-08-31,357455,3587,283312,2408,74143,1179,311942,2611,2096747,8587,2408689,11198,7,4734,913,28959,2667,323762,78,11683,5350,"East TN",2455501,782.162173829292,0.230133502860776,456.037281190274,146.080168568451,1179.35199374792,23.0133502860776
2021-09-01,358891,1436,284262,950,74629,486,312931,989,2099030,2283,2411961,3272,15,4749,-961,27998,2382,326144,31,11714,5391,"East TN",2455501,749.948788454983,0.23349587088936,133.251829260098,58.4809372914122,1140.21537763577,23.349587088936
2021-09-02,361208,2317,285752,1490,75456,827,314447,1516,2103293,4263,2417740,5779,19,4768,-578,27420,2876,329020,44,11758,5422,"East TN",2455501,736.061602092608,0.238001451228361,235.34912019991,94.3595624681073,1116.67639312711,23.8001451228361
2021-09-03,362963,1755,286969,1217,75994,538,315742,1295,2107399,4106,2423141,5401,17,4785,-1008,26412,2746,331766,31,11789,5451,"East TN",2455501,685.033319066048,0.235984475682903,219.955113029887,71.4721761465379,1075.62570734038,23.5984475682903
2021-09-04,366229,3266,289313,2344,76916,922,318320,2578,2115447,8048,2433767,10626,3,4788,1521,27933,1742,333508,55,11844,5483,"East TN",2455501,730.685917049107,0.239115544705738,432.742646001773,133.007479939939,1137.56826000071,23.9115544705738
2021-09-05,370687,4458,292566,3253,78121,1205,321808,3488,2127957,12510,2449765,15998,8,4796,2736,30669,1714,335222,58,11902,5534,"East TN",2455501,817.063401725351,0.235955759272875,651.516737317558,181.551544878214,1248.99154999326,23.5955759272875
2021-09-06,375600,4913,296505,3939,79095,974,326097,4289,2143597,15640,2469694,19929,11,4807,960,31629,3942,339164,102,12004,5569,"East TN",2455501,885.033237616275,0.232206418015872,811.606266908464,200.081368323613,1288.08744121872,23.2206418015872
2021-09-07,377682,2082,297960,1455,79722,627,327613,1516,2148023,4426,2475636,5942,34,4841,-1806,29823,3854,343018,61,12065,5602,"East TN",2455501,823.742283143033,0.234080690695625,241.987276730899,84.7892140952091,1214.53829585083,23.4080690695625
2021-09-08,379357,1675,299136,1176,80221,499,328874,1261,2152403,4380,2481277,5641,20,4861,-1771,28052,3426,346444,60,12125,5643,"East TN",2455501,833.475531062704,0.23000461653875,229.729085836251,68.2141852110832,1142.4145215172,23.000461653875
2021-09-09,381268,1911,300142,1006,81126,905,329954,1080,2156069,3666,2486023,4746,7,4868,-1610,26442,3514,349958,55,12180,5682,"East TN",2455501,816.941227065271,0.227098985106103,193.280312245851,77.8252584706746,1076.84745394117,22.7098985106103
2021-09-10,386756,5488,303975,3833,82781,1655,334084,4130,2168175,12106,2502259,16236,23,4891,2252,28694,3213,353171,143,12323,5717,"East TN",2455501,968.967229090927,0.231830936070174,661.209260350535,223.498178172194,1168.55989877422,23.1830936070174
2021-09-11,391049,4293,307087,3112,83962,1181,337403,3319,2179997,11822,2517400,15141,8,4899,2511,31205,1774,354945,119,12442,5764,"East TN",2455501,1010.79168772483,0.22817548097043,616.615509421499,174.831938573839,1270.82008926081,22.817548097043
2021-09-12,392631,1582,308513,1426,84118,156,338958,1555,2185241,5244,2524199,6799,23,4922,-129,31076,1688,356633,49,12491,5808,"East TN",2455501,893.66691359523,0.230405459870489,276.888504626958,64.4267707486171,1265.56657887739,23.0405459870489
2021-09-13,394985,2354,309964,1451,85021,903,340464,1506,2190364,5123,2530828,6629,63,4985,-1933,29143,4224,360857,83,12574,5859,"East TN",2455501,789.451928547372,0.235008342329964,269.965273889117,95.8663832757551,1186.84537289946,23.5008342329964
2021-09-14,397801,2816,311919,1955,85882,861,342539,2075,2196586,6222,2539125,8297,43,5028,-941,28202,3714,364571,64,12638,5903,"East TN",2455501,819.343995380169,0.235095843374443,337.894384893348,114.681280928006,1148.52325452117,23.5095843374443
2021-09-15,399597,1796,313113,1194,86484,602,343756,1217,2200361,3775,2544117,4992,23,5051,-1546,26656,3319,367890,36,12674,5941,"East TN",2455501,824.271706670044,0.236823679185232,203.298634372375,73.1418965009585,1085.56257969351,23.6823679185232
2021-09-16,402250,2653,314963,1850,87287,803,345713,1957,2207020,6659,2552733,8616,23,5074,-555,26101,3185,371075,65,12739,5978,"East TN",2455501,854.489572596387,0.236231449557787,350.885623748473,108.043124397017,1062.9602675788,23.6231449557787
2021-09-17,404939,2689,316842,1879,88097,810,347718,2005,2214224,7204,2561942,9209,23,5097,-52,26049,2718,373793,83,12822,6034,"East TN",2455501,740.500614742165,0.22844025937034,375.035481557531,109.509220317972,1060.84257347075,22.844025937034
2021-09-18,406396,1457,318021,1179,88375,278,349054,1336,2219696,5472,2568750,6808,3,5100,-272,25777,1726,375519,40,12862,6092,"East TN",2455501,625.004836080295,0.226893865628043,277.255028607197,59.3361599119691,1049.7654042902,22.6893865628043
2021-09-19,407040,644,318467,446,88573,198,349567,513,2221773,2077,2571340,2590,17,5117,-1066,24711,1693,377212,24,12886,6136,"East TN",2455501,586.804892362088,0.225048259476888,105.477456535347,26.2268270304105,1006.35267507527,22.5048259476888
2021-09-20,409025,1985,319724,1257,89301,728,350938,1371,2227410,5637,2578348,7008,48,5165,189,24900,1748,378960,70,12956,6178,"East TN",2455501,571.777409172303,0.220412457912458,285.400005945833,80.8389000859702,1014.04967866028,22.0412457912458
2021-09-21,410901,1876,320826,1102,90075,774,352079,1141,2231715,4305,2583794,5446,31,5196,-2040,22860,3885,382845,61,13017,6224,"East TN",2455501,533.49601568071,0.213570932861716,221.78773293108,76.3998874364132,930.970909806186,21.3570932861716
2021-09-22,412493,1592,321942,1116,90551,476,353300,1221,2237074,5359,2590374,6580,14,5210,-1352,21508,2930,385775,45,13062,6260,"East TN",2455501,525.188138795301,0.206325529109108,267.969754441151,64.8340196155489,875.910862997001,20.6325529109108
2021-09-23,414847,2354,323451,1509,91396,845,354963,1663,2243431,6357,2598394,8020,32,5242,-384,21124,2706,388481,59,13121,6297,"East TN",2455501,513.011397674039,0.20257988217516,326.613591279336,95.8663832757551,860.272506506819,20.257988217516
2021-09-24,416389,1542,324434,983,91955,559,356062,1099,2248314,4883,2604376,5982,37,5279,-912,20212,2417,390898,40,13161,6345,"East TN",2455501,466.299952636957,0.19663477400198,243.616272198627,62.7977752808897,823.131409842635,19.663477400198
2021-09-25,417090,701,324921,487,92169,214,356624,562,2251336,3022,2607960,3584,2,5281,-911,19301,1610,392508,21,13182,6385,"East TN",2455501,435.51193829691,0.193062994134149,145.957993908371,28.548145571922,786.031038065144,19.3062994134149
2021-09-26,417952,862,325548,627,92404,235,357347,723,2255313,3977,2612660,4700,6,5287,-427,18874,1283,393791,26,13208,6418,"East TN",2455501,444.389963596024,0.188286544046467,191.406967457965,35.1048523295246,768.641511447155,18.8286544046467
2021-09-27,419414,1462,326380,832,93034,630,358269,922,2258904,3591,2617173,4513,47,5334,-1376,17498,2791,396582,44,13252,6448,"East TN",2455501,423.090847855489,0.188821635544108,183.791413646339,59.539784345435,712.604067357334,18.8821635544108
2021-09-28,420711,1297,327169,789,93542,508,359132,863,2262566,3662,2621698,4525,14,5348,-1015,16483,2298,398880,33,13285,6482,"East TN",2455501,399.511138460135,0.186075348248206,184.280112286658,52.8201780410596,671.268307363752,18.6075348248206
2021-09-29,422393,1682,328180,1011,94213,671,360271,1139,2268064,5498,2628335,6637,30,5378,-381,16102,2033,400913,50,13335,6526,"East TN",2455501,403.176378262522,0.183635836779853,270.291072982662,68.4992594179355,655.752125533649,18.3635836779853
2021-09-30,423602,1209,328939,759,94663,450,361090,819,2272736,4672,2633826,5491,11,5389,-792,15310,1990,402903,40,13375,6562,"East TN",2455501,356.546382998826,0.17292278166629,223.620352832273,49.2363880120595,623.498015272647,17.292278166629
2021-10-01,424977,1375,329911,972,95066,403,362166,1076,2277709,4973,2639875,6049,14,5403,-299,15011,1660,404563,48,13423,6589,"East TN",2455501,349.745326921064,0.171948505591707,246.34483960707,55.996719203128,611.321274151385,17.1948505591707
2021-10-02,425531,554,330262,351,95269,203,362561,395,2280379,2670,2642940,3065,11,5414,-473,14538,1016,405579,19,13442,6626,"East TN",2455501,343.758768577166,0.169725557461407,124.821777714609,22.5615872280239,592.058402745509,16.9725557461407
2021-10-03,426070,539,330727,465,95343,74,363085,524,2283471,3092,2646556,3616,13,5427,-351,14187,877,406456,15,13457,6658,"East TN",2455501,330.604630175268,0.169282511210762,147.261190282553,21.9507139276262,577.763967516201,16.9282511210762
2021-10-04,427423,1353,331587,860,95836,493,364027,942,2287609,4138,2651636,5080,22,5449,-605,13582,1936,408392,29,13486,6680,"East TN",2455501,326.165617525711,0.167077735542466,206.882424401375,55.100771695878,553.125411066825,16.7077735542466
2021-10-05,428689,1266,332341,754,96348,512,364842,815,2292071,4462,2656913,5277,17,5466,-446,13136,1695,410087,40,13526,6720,"East TN",2455501,324.903146038222,0.162146812437882,214.905227079932,51.5577065535709,534.962111601665,16.2146812437882
2021-10-06,429626,937,333048,707,96578,230,365623,781,2296492,4421,2662115,5202,18,5484,-405,12731,1324,411411,26,13552,6755,"East TN",2455501,294.5631054518,0.158436944937833,211.850860577943,38.1592188315134,518.468532490925,15.8436944937833
2021-10-07,430743,1117,333838,790,96905,327,366481,858,2301276,4784,2667757,5642,24,5508,-383,12348,1476,412887,26,13578,6785,"East TN",2455501,290.816415876027,0.15888125902567,229.769810722944,45.4896984362865,502.870900887436,15.888125902567
2021-10-08,431803,1060,334426,588,97377,472,367125,644,2305523,4247,2672648,4891,9,5517,-123,12225,1174,414061,31,13609,6806,"East TN",2455501,277.988076567674,0.151313581301681,199.185420816363,43.168379894775,497.861739824174,15.1313581301681
2021-10-09,432344,541,334781,355,97563,186,367542,417,2308332,2809,2675874,3226,4,5521,-293,11932,830,414891,32,13641,6835,"East TN",2455501,277.458653040663,0.151241877694784,131.378484472212,22.0321637010125,485.929348023071,15.1241877694784
2021-10-10,432664,320,335049,268,97615,52,367852,310,2310565,2233,2678417,2543,6,5527,-528,11404,842,415733,16,13657,6856,"East TN",2455501,268.539902854855,0.149618656037161,103.563386860767,13.0319637418189,464.42660784907,14.9618656037161
2021-10-11,433886,1222,335585,536,98301,686,368400,548,2314011,3446,2682411,3994,52,5579,-278,11126,1448,417181,33,13690,6870,"East TN",2455501,263.204942698048,0.142095857026807,162.655197452577,49.7658115390708,453.105089348365,14.2095857026807
2021-10-12,434823,937,336222,637,98601,300,369405,1005,2317655,3644,2687060,4649,29,5608,-365,10761,1273,418454,31,13721,6901,"East TN",2455501,249.806454975991,0.151358344113842,189.329998236612,38.1592188315134,438.240505705353,15.1358344113842
2021-10-13,435676,853,336768,546,98908,307,370055,650,2321520,3865,2691575,4515,25,5633,-400,10361,1228,419682,37,13758,6924,"East TN",2455501,246.385564493763,0.150441276306857,183.872863419726,34.738328349286,421.950551028079,15.0441276306857
2021-10-14,436627,951,337421,653,99206,298,370776,721,2325523,4003,2696299,4724,31,5664,-166,10195,1086,420768,33,13791,6955,"East TN",2455501,239.625233302695,0.150479994394226,192.384364738601,38.729367245218,415.190219837011,15.0479994394226
2021-10-15,437429,802,337931,510,99498,292,371352,576,2329417,3894,2700769,4470,24,5688,-301,9894,1079,421847,29,13820,6976,"East TN",2455501,229.118212535853,0.150314711425625,182.040243518532,32.6613591279336,402.932028942363,15.0314711425625
2021-10-16,437736,307,338170,239,99566,68,371623,271,2331647,2230,2703270,2501,7,5695,-379,9515,679,422526,12,13832,6990,"East TN",2455501,219.588589049648,0.148963352314206,101.852941619653,12.5025402148075,387.497296885646,14.8963352314206
2021-10-17,437988,252,338380,210,99608,42,371871,248,2333310,1663,2705181,1911,7,5702,-450,9065,695,423221,14,13846,7006,"East TN",2455501,216.819296754512,0.150164399940218,77.8252584706746,10.2626714466824,369.171097873713,15.0164399940218
2021-10-18,438778,790,338844,464,99934,326,372387,516,2336501,3191,2708888,3707,23,5725,-472,8593,1239,424460,37,13883,7027,"East TN",2455501,199.226145703056,0.150583525323866,150.967154971633,32.1726604876154,349.94895135453,15.0583525323866
2021-10-19,439610,832,339284,440,100326,392,372861,474,2339829,3328,2712690,3802,25,5750,-268,8325,1075,425535,23,13906,7043,"East TN",2455501,194.950032600272,0.134841982052282,154.836019207486,33.8831057287291,339.034681720757,13.4841982052282
2021-10-20,440374,764,339773,489,100601,275,373402,541,2343850,4021,2717252,4562,15,5765,-214,8111,963,426498,21,13927,7062,"East TN",2455501,191.325517684578,0.130350118783347,185.786933094305,31.1138134335926,330.319555968415,13.0350118783347
2021-10-21,441002,628,340194,421,100808,207,373872,470,2347488,3638,2721360,4108,17,5782,-245,7866,856,427354,21,13948,7080,"East TN",2455501,178.17137928268,0.123538565899206,167.2978345356,25.5752288433196,320.341958728585,12.3538565899206
2021-10-22,441548,546,340531,337,101017,209,374258,386,2350592,3104,2724850,3490,6,5788,-319,7547,859,428213,18,13966,7097,"East TN",2455501,167.745808289225,0.120676051658984,142.129854559212,22.2357881344785,307.35071987346,12.0676051658984
2021-10-23,441907,359,340774,243,101133,116,374531,273,2352977,2385,2727508,2658,0,5788,-196,7351,555,428768,15,13981,7117,"East TN",2455501,169.86350239727,0.11997689578348,108.246748830483,14.6202343228531,299.368642081596,11.997689578348
2021-10-24,442151,244,340937,163,101214,81,374727,196,2354874,1897,2729601,2093,7,5795,-299,7052,536,429304,15,13996,7129,"East TN",2455501,169.537703303725,0.116953316953317,85.2371878488341,9.9368723531369,287.191900960334,11.6953316953317
2021-10-25,442574,423,341185,248,101389,175,374998,271,2357305,2431,2732303,2702,28,5823,-490,6562,885,430189,21,14017,7139,"East TN",2455501,154.591669887326,0.111509715994021,110.038643844983,17.2266270712168,267.236706480673,11.1509715994021
2021-10-26,443102,528,341510,325,101592,203,375336,338,2359945,2640,2735281,2978,12,5835,-232,6330,748,430937,28,14045,7147,"East TN",2455501,142.211304332599,0.109556903191536,121.278712572302,21.5027401740012,257.788532767855,10.9556903191536
2021-10-27,443723,621,341900,390,101823,231,375760,424,2364142,4197,2739902,4621,10,5845,-87,6243,698,431635,21,14066,7167,"East TN",2455501,136.387645535473,0.104105960264901,188.189701409203,25.2901546364673,254.245467625548,10.4105960264901
2021-10-28,444139,416,342153,253,101986,163,376051,291,2366939,2797,2742990,3088,16,5861,-197,6046,597,432232,15,14081,7182,"East TN",2455501,127.753969556518,0.100739713361073,125.758450108552,16.9415528643645,246.22266494699,10.0739713361073
2021-10-29,444599,460,342458,305,102141,155,376384,333,2370457,3518,2746841,3851,4,5865,-153,5893,609,432841,10,14091,7197,"East TN",2455501,124.251629300904,0.0966759128734482,156.831538655452,18.7334478788646,239.991757282933,9.66759128734482
2021-10-30,444862,263,342658,200,102204,63,376613,229,2373031,2574,2749644,2803,0,5865,-148,5745,411,433252,16,14107,7211,"East TN",2455501,120.342040178359,0.0940549331405855,114.151857400995,10.7106452003074,233.964474052342,9.40549331405855
2021-10-31,445033,171,342784,126,102249,45,376759,146,2374656,1625,2751415,1771,0,5865,-225,5520,396,433648,5,14112,7221,"East TN",2455501,117.369123449756,0.0931511873109013,72.1237743336289,6.96395562453446,224.801374546376,9.31511873109013
2021-11-01,445628,595,343143,359,102485,236,377149,390,2377774,3118,2754923,3508,14,5879,-185,5335,766,434414,23,14135,7231,"East TN",2455501,124.373803960984,0.0950928381962865,142.862902519689,24.2313075824445,217.267270508137,9.50928381962865
2021-11-02,446040,412,343359,216,102681,196,377374,225,2379985,2211,2757359,2436,25,5904,-184,5151,571,434985,15,14150,7253,"East TN",2455501,119.649717104575,0.0923090859679319,99.2058239845962,16.7786533175918,209.773891356591,9.23090859679319
2021-11-03,446614,574,343735,376,102879,198,377767,393,2384563,4578,2762330,4971,6,5910,83,5234,485,435470,14,14164,7265,"East TN",2455501,117.735647429995,0.0894863563402889,202.443411751818,23.3760849618876,213.154056952125,8.94863563402889
2021-11-04,447034,420,344035,300,102999,120,378097,330,2388099,3536,2766196,3866,13,5923,-68,5166,475,435945,9,14173,7273,"East TN",2455501,117.898546976768,0.0881668533999828,157.442411955849,17.1044524111373,210.384764656989,8.81668533999828
2021-11-05,447468,434,344318,283,103150,151,378421,324,2391681,3582,2770102,3906,2,5925,21,5187,411,436356,13,14186,7278,"East TN",2455501,116.839699922745,0.0875714715618417,159.071407423577,17.6746008248419,211.239987277545,8.75714715618417
2021-11-06,447701,233,344488,170,103213,63,378609,188,2393921,2240,2772530,2428,0,5925,-86,5101,319,436675,13,14199,7286,"East TN",2455501,115.617953321949,0.0872148911998602,98.8800248910507,9.48889859951187,207.737647021932,8.72148911998602
2021-11-07,447900,199,344614,126,103286,73,378763,154,2395823,1902,2774586,2056,6,5931,-130,4971,323,436998,8,14207,7297,"East TN",2455501,116.758250149359,0.0864874196193518,83.7303670411863,8.10425245194362,202.443411751818,8.64874196193518
2021-11-08,448442,542,344959,345,103483,197,379149,386,2399356,3533,2778505,3919,25,5956,-26,4945,543,437541,25,14232,7307,"East TN",2455501,114.59983115462,0.0848104486472733,159.600830950588,22.0728885877057,201.384564697795,8.48104486472733
2021-11-09,449311,869,345573,614,103738,255,379950,801,2406632,7276,2786582,8077,10,5966,427,5372,432,437973,27,14259,7322,"East TN",2455501,133.211104373405,0.0881497450638196,328.934909820847,35.3899265363769,218.774091315784,8.81497450638196
2021-11-10,449940,629,346008,435,103932,194,380452,502,2411883,5251,2792335,5753,7,5973,183,5555,439,438412,28,14287,7332,"East TN",2455501,135.45097314153,0.0894850858190302,234.290273145888,25.6159537300127,226.226745580637,8.94850858190302
2021-11-11,450446,506,346388,380,104058,126,380856,404,2416173,4290,2797029,4694,5,5978,87,5642,414,438826,10,14297,7342,"East TN",2455501,138.953313397144,0.0894820484545779,191.162618137806,20.6067926667511,229.769810722944,8.94820484545779
2021-11-12,450929,483,346708,320,104221,163,381188,332,2419623,3450,2800811,3782,2,5980,121,5763,360,439186,24,14321,7352,"East TN",2455501,140.94883284511,0.0901038783418542,154.021521473622,19.6701202728079,234.697522012819,9.01038783418542
2021-11-13,451167,238,346848,140,104319,98,381337,149,2421622,1999,2802959,2148,4,5984,-99,5664,333,439519,11,14332,7360,"East TN",2455501,141.152457278576,0.0896513194649841,87.4770566169592,9.69252303297779,230.665758230194,8.96513194649841
2021-11-14,451529,362,347163,315,104366,47,381682,345,2424601,2979,2806283,3324,1,5985,61,5725,300,439819,12,14344,7366,"East TN",2455501,147.790613809565,0.0920907341388775,135.369523368144,14.7424089829326,233.149976318478,9.20907341388775
2021-11-15,452106,577,347450,287,104656,290,381983,301,2427369,2768,2809352,3069,26,6011,-29,5696,580,440399,18,14362,7369,"East TN",2455501,149.215984843826,0.0918727915194346,124.984677261382,23.4982596219672,231.968954604376,9.18727915194346
2021-11-16,452778,672,347877,427,104901,245,382443,460,2430976,3607,2813419,4067,24,6035,179,5875,469,440868,15,14377,7376,"East TN",2455501,141.193182165269,0.0928941386891232,165.628114181179,27.3671238578196,239.258709322456,9.28941386891232
2021-11-17,453491,713,348341,464,105150,249,382952,509,2435622,4646,2818574,5155,5,6040,295,6170,413,441281,26,14403,7381,"East TN",2455501,144.614072647496,0.0952780212660543,209.936790903364,29.0368442122402,251.272550896945,9.52780212660543
2021-11-18,454118,627,348750,409,105368,218,383430,478,2440485,4863,2823915,5341,12,6052,183,6353,432,441713,19,14422,7387,"East TN",2455501,149.541783937372,0.095737558580674,217.511619828296,25.5345039566264,258.725205161798,9.5737558580674
2021-11-19,454731,613,349189,439,105542,174,383890,460,2444959,4474,2828849,4934,7,6059,218,6571,388,442101,13,14435,7393,"East TN",2455501,154.836019207486,0.0963692132106427,200.93659094417,24.9643555429218,267.603230460912,9.63692132106427
2021-11-20,455053,322,349434,245,105619,77,384177,287,2447663,2704,2831840,2991,0,6059,19,6590,303,442404,14,14449,7400,"East TN",2455501,158.256909689713,0.0983345452027284,121.808136099313,13.1134135152052,268.377003308083,9.83345452027284
2021-11-21,455317,264,349586,152,105731,112,384341,164,2449147,1484,2833488,1648,9,6068,-95,6495,350,442754,10,14459,7410,"East TN",2455501,154.265870793781,0.0977393861422533,67.1146132703672,10.7513700870006,264.50813907223,9.77393861422533
2021-11-22,456072,755,350079,493,105993,262,384853,512,2453015,3868,2837868,4380,21,6089,162,6657,572,443326,38,14497,7415,"East TN",2455501,161.514900625168,0.10064525178847,178.375003716146,30.7472894533539,271.105570716526,10.064525178847
2021-11-23,456749,677,350543,464,106206,213,385343,490,2456316,3301,2841659,3791,21,6110,122,6779,534,443860,17,14514,7421,"East TN",2455501,161.718525058634,0.102691218130312,154.388045453861,27.5707482912856,276.074006893094,10.2691218130312
2021-11-24,457485,736,351068,525,106417,211,385916,573,2460344,4028,2846260,4601,6,6116,253,7032,477,444337,21,14535,7430,"East TN",2455501,162.655197452577,0.107057718702593,187.37520367534,29.9735166061834,286.37740322647,10.7057718702593
2021-11-25,457771,286,351226,158,106545,128,386089,173,2461980,1636,2848069,1809,1,6117,-196,6836,481,444818,8,14543,7436,"East TN",2455501,148.768011090201,0.11008528608098,73.6713200279699,11.6473175942506,278.395325434606,11.008528608098
2021-11-26,458003,232,351428,202,106575,30,386332,243,2463657,1677,2849989,1920,1,6118,-287,6549,518,445336,16,14559,7439,"East TN",2455501,133.251829260098,0.115515610217597,78.1917824509133,9.44817371281869,266.707282953662,11.5515610217597
2021-11-27,458287,284,351653,225,106634,59,386586,254,2465252,1595,2851838,1849,0,6118,-99,6450,383,445719,14,14573,7449,"East TN",2455501,131.704283565757,0.12046204620462,75.3003154956972,11.5658678208643,262.675519171037,12.046204620462
2021-11-28,458601,314,351863,210,106738,104,386803,217,2466762,1510,2853565,1727,7,6125,-106,6344,413,446132,18,14591,7457,"East TN",2455501,133.740527900416,0.122627882651791,70.3318793191288,12.7876144216598,258.358681181559,12.2627882651791
2021-11-29,459700,1099,352567,704,107133,395,387541,738,2471310,4548,2858851,5286,19,6144,428,6772,652,446784,33,14624,7463,"East TN",2455501,147.749888922872,0.128103702997665,215.271751060171,44.7566504758092,275.788932686242,12.8103702997665
2021-11-30,460538,838,353067,500,107471,338,388046,505,2474677,3367,2862723,3872,64,6208,184,6956,590,447374,25,14649,7474,"East TN",2455501,154.306595680474,0.128323205469047,157.686761276008,34.1274550488882,283.282311837788,12.8323205469047
2021-12-01,461625,1087,353832,765,107793,322,388853,807,2479850,5173,2868703,5980,48,6256,507,7463,532,447906,30,14679,7493,"East TN",2455501,168.601030909782,0.130864857639353,243.53482242524,44.267951835491,303.929829391232,13.0864857639353
2021-12-02,462528,903,354453,621,108075,282,389519,666,2484511,4661,2874030,5327,39,6295,280,7743,584,448490,17,14696,7507,"East TN",2455501,193.728285999476,0.132121258811294,216.941471414591,36.7745726839452,315.332797665324,13.2121258811294
2021-12-03,463547,1019,355185,732,108362,287,390301,782,2489489,4978,2879790,5760,21,6316,516,8259,482,448972,24,14720,7515,"East TN",2455501,225.778771827012,0.133183450219791,234.57534735274,41.4986595403545,336.346839199007,13.3183450219791
2021-12-04,463970,423,355515,330,108455,93,390682,381,2492241,2752,2882923,3133,3,6319,18,8277,402,449374,28,14748,7525,"East TN",2455501,231.439531077365,0.131767733633585,127.591070009745,17.2266270712168,337.079887159484,13.1767733633585
2021-12-05,464355,385,355725,210,108630,175,390913,231,2494173,1932,2885086,2163,12,6331,-33,8244,406,449780,13,14761,7532,"East TN",2455501,234.330998032581,0.13038926429999,88.087929917357,15.6790813768758,335.735965898609,13.038926429999
2021-12-06,465310,955,356368,643,108942,312,391604,691,2498357,4184,2889961,4875,69,6400,130,8374,756,450536,29,14790,7545,"East TN",2455501,228.466614348762,0.130601092896175,198.533822629272,38.8922667919907,341.030201168723,13.0601092896175
2021-12-07,466152,842,356900,532,109252,310,392145,541,2501834,3477,2893979,4018,8,6408,218,8592,616,451152,23,14813,7550,"East TN",2455501,228.629513895535,0.131142820578449,163.632594733213,34.2903545956609,349.908226467837,13.1142820578449
2021-12-08,467200,1048,357525,625,109675,423,392802,657,2506450,4616,2899252,5273,4,6412,452,9044,592,451744,24,14837,7564,"East TN",2455501,227.041243314501,0.129267733804707,214.742327533159,42.6796812544568,368.315875253156,12.9267733804707
2021-12-09,468120,920,358138,613,109982,307,393468,666,2511427,4977,2904895,5643,19,6431,526,9570,375,452119,25,14862,7578,"East TN",2455501,227.733566388285,0.12794427344889,229.810535609637,37.4668957577293,389.737165653771,12.794427344889
2021-12-10,468914,794,358683,545,110231,249,394069,601,2515937,4510,2910006,5111,5,6436,157,9727,632,452751,16,14878,7589,"East TN",2455501,218.570466882319,0.124702144559174,208.144895888863,32.3355600343881,396.130972864601,12.4702144559174
2021-12-11,469311,397,358968,285,110343,112,394394,325,2518859,2922,2913253,3247,0,6436,-174,9553,571,453322,18,14896,7596,"East TN",2455501,217.511619828296,0.122387075502803,132.233707092768,16.167780017194,389.044842579987,12.2387075502803
2021-12-12,469742,431,359231,263,110511,168,394688,294,2521378,2519,2916066,2813,9,6445,-139,9414,561,453883,14,14910,7601,"East TN",2455501,219.384964616182,0.121852808263396,114.559106267927,17.5524261647623,383.384083329634,12.1852808263396
2021-12-13,470625,883,359800,569,110825,314,395291,603,2525980,4602,2921271,5205,24,6469,-163,9251,1022,454905,15,14925,7609,"East TN",2455501,216.452772774273,0.11775790482274,211.973035238023,35.9600749500815,376.745926798645,11.775790482274
2021-12-14,471382,757,360252,452,111130,305,395774,483,2530003,4023,2925777,4506,36,6505,-124,9127,845,455750,14,14939,7616,"East TN",2455501,212.991157405352,0.114126674633625,183.506339439487,30.8287392267403,371.69604084869,11.4126674633625
2021-12-15,472252,870,360837,585,111415,285,396402,628,2534807,4804,2931209,5432,19,6524,4,9131,847,456597,17,14956,7628,"East TN",2455501,205.742127573966,0.11265137528554,221.217584517375,35.4306514230701,371.858940395463,11.265137528554
2021-12-16,473048,796,361341,504,111707,292,396947,545,2538627,3820,2935574,4365,19,6543,26,9157,751,457348,16,14972,7641,"East TN",2455501,200.692241624011,0.113400045633821,177.764130415748,32.4170098077745,372.917787449486,11.3400045633821
2021-12-17,473861,813,361874,533,111987,280,397532,585,2543295,4668,2940827,5253,24,6567,61,9218,728,458076,18,14990,7651,"East TN",2455501,201.466014471181,0.112358456896272,213.927829799296,33.1093328815586,375.40200553777,11.2358456896272
2021-12-18,474433,572,362252,378,112181,194,397958,426,2546640,3345,2944598,3771,0,6567,42,9260,530,458606,11,15001,7662,"East TN",2455501,208.592869642488,0.11370234487159,153.573547719997,23.2946351885012,377.112450778884,11.370234487159
2021-12-19,474853,420,362529,277,112324,143,398269,311,2549303,2663,2947572,2974,6,6573,-160,9100,574,459180,11,15012,7668,"East TN",2455501,208.144895888863,0.113660889989208,121.115813025529,17.1044524111373,370.596468907974,11.3660889989208
2021-12-20,475787,934,363149,620,112638,314,398907,638,2553265,3962,2952172,4600,40,6613,68,9168,826,460006,11,15023,7676,"East TN",2455501,210.221865110216,0.117018866703343,187.334478788646,38.0370441714339,373.365761203111,11.7018866703343
2021-12-21,476797,1010,363798,649,112999,361,399575,668,2557648,4383,2957223,5051,30,6643,188,9356,792,460798,10,15033,7684,"East TN",2455501,220.525261443591,0.120873879030719,205.701402687272,41.1321355601158,381.022039901429,12.0873879030719
2021-12-22,478307,1510,364516,718,113791,792,400323,748,2561988,4340,2962311,5088,874,7517,-102,9254,738,461536,17,15050,7693,"East TN",2455501,246.589188927229,0.12606906308276,207.20822349492,61.4945789067078,376.868101458725,12.606906308276
2021-12-23,479476,1169,365308,792,114168,377,401184,861,2566473,4485,2967657,5346,28,7545,406,9660,735,462271,10,15060,7702,"East TN",2455501,261.779571663787,0.132063709752829,217.715244261762,47.6073925443321,393.402405456157,13.2063709752829
2021-12-24,480416,940,365946,638,114470,302,401892,708,2570310,3837,2972202,4545,0,7545,274,9934,666,462937,3,15063,7716,"East TN",2455501,266.951632273821,0.138964143426295,185.094610020521,38.281393491593,404.56102441009,13.8964143426295
2021-12-25,480897,481,366223,277,114674,204,402222,330,2572429,2119,2974651,2449,8,7553,-26,9908,499,463436,6,15069,7721,"East TN",2455501,263.245667584741,0.141882673942701,99.7352475116076,19.5886704994215,403.502177356067,14.1882673942701
2021-12-26,481239,342,366497,274,114742,68,402537,315,2574304,1875,2976841,2190,62,7615,-234,9674,514,463950,4,15073,7733,"East TN",2455501,260.069126422673,0.145819809354607,89.187501858073,13.9279112490689,393.972553869862,14.5819809354607
2021-12-27,483119,1880,367744,1247,115375,633,403844,1307,2579059,4755,2982903,6062,64,7679,921,10595,895,464845,11,15084,7740,"East TN",2455501,298.594869234425,0.160652110246982,246.874263134081,76.5627869831859,431.480174514284,16.0652110246982
2021-12-28,485548,2429,369142,1398,116406,1031,405316,1472,2583438,4379,2988754,5851,18,7697,1657,12252,754,465599,8,15092,7743,"East TN",2455501,356.383483452053,0.182074783546351,238.28131204182,98.9207497777439,498.96131176489,18.2074783546351
2021-12-29,488440,2892,371033,1891,117407,1001,407289,1973,2588727,5289,2996016,7262,37,7734,2079,14331,776,466375,7,15099,7747,"East TN",2455501,412.665276862033,0.206675567423231,295.744127165902,117.776372316688,583.62835120002,20.6675567423231
2021-12-30,491250,2810,372746,1713,118504,1097,409095,1806,2593188,4461,3002283,6267,14,7748,2041,16372,755,467130,2,15101,7749,"East TN",2455501,479.494815925548,0.228469935886328,255.222864906184,114.436931607847,666.747844940808,22.8469935886328
2021-12-31,493741,2491,374493,1747,119248,744,410945,1850,2598021,4833,3008966,6683,0,7748,1757,18129,734,467864,0,15101,7750,"East TN",2455501,542.659115186677,0.246246327929496,272.164417770549,101.445692752721,738.301470860733,24.6246327929496
2022-01-01,495177,1436,375687,1194,119490,242,412232,1287,2601670,3649,3013902,4936,0,7748,914,19043,522,468386,0,15101,7751,"East TN",2455501,581.551381978667,0.25502534967262,201.018040717556,58.4809372914122,775.524017298303,25.502534967262
2022-01-02,496619,1442,376611,924,120008,518,413227,995,2604684,3014,3017911,4009,6,7754,837,19880,599,468985,0,15101,7751,"East TN",2455501,626.34875734117,0.260287314341368,163.266070752975,58.7252866115713,809.610747460498,26.0287314341368
