"DATE","TOTAL_CASES","NEW_CASES","TOTAL_CONFIRMED","NEW_CONFIRMED","TOTAL_PROBABLE","NEW_PROBABLE","POS_TESTS","NEW_POS_TESTS","NEG_TESTS","NEW_NEG_TESTS","TOTAL_TESTS","NEW_TESTS","NEW_DEATHS","TOTAL_DEATHS","NEW_HOSPITALIZED","TOTAL_HOSPITALIZED","TOTAL_DEATHS_BY_DOD","NEW_DEATHS_BY_DOD","Region","Population","New_cases_per_100k_per_week","PositivityRate_per_week","Tests_per_100k","New_cases_per_100k","PositivityPercentage_per_week"
2022-08-13,142112,99,108128,68,33984,31,116735,80,578671,154,695406,234,0,1460,0,2784,1460,0,"Knox County",470313,NA,NA,49.7540999291961,21.049811508506,NA
2022-08-12,142013,211,108060,140,33953,71,116655,150,578517,338,695172,488,1,1460,0,2784,1460,0,"Knox County",470313,NA,NA,103.760687031828,44.8637396797452,NA
2022-08-11,141802,177,107920,126,33882,51,116505,133,578179,188,694684,321,0,1459,0,2784,1460,0,"Knox County",470313,NA,NA,68.2524191336408,37.6345114849047,NA
2022-08-10,141625,222,107794,157,33831,65,116372,168,577991,255,694363,423,1,1459,0,2784,1460,0,"Knox County",470313,NA,NA,89.9401037181622,47.2026076251348,NA
2022-08-09,141403,272,107637,188,33766,84,116204,199,577736,349,693940,548,5,1458,0,2784,1460,0,"Knox County",470313,NA,NA,116.518148552134,57.8338255587237,NA
2022-08-08,141131,236,107449,144,33682,92,116005,155,577387,327,693392,482,2,1453,0,2784,1460,0,"Knox County",470313,NA,NA,102.484940879797,50.1793486465396,NA
2022-08-07,140895,84,107305,55,33590,29,115850,61,577060,115,692910,176,1,1451,0,2784,1460,0,"Knox County",470313,276.624290631983,0.354041916167665,37.421887126233,17.8604461284294,35.4041916167665
2022-08-06,140811,96,107250,68,33561,28,115789,74,576945,102,692734,176,0,1450,0,2784,1460,0,"Knox County",470313,275.986417555968,0.359602142310635,37.421887126233,20.4119384324907,35.9602142310635
2022-08-05,140715,205,107182,121,33533,84,115715,120,576843,281,692558,401,2,1450,1,2784,1460,1,"Knox County",470313,274.710671403937,0.3601108033241,85.262367827383,43.5879935277145,36.01108033241
2022-08-04,140510,190,107061,126,33449,64,115595,135,576562,239,692157,374,5,1448,0,2783,1459,2,"Knox County",470313,277.47478806667,0.353488372093023,79.521510143245,40.3986281476379,35.3488372093023
2022-08-03,140320,205,106935,121,33385,84,115460,126,576323,289,691783,415,-2,1443,0,2783,1457,0,"Knox County",470313,273.86017396925,0.338258164852255,88.2391088487879,43.5879935277145,33.8258164852255
2022-08-02,140115,283,106814,172,33301,111,115334,181,576034,308,691368,489,0,1445,0,2783,1457,0,"Knox County",470313,276.19904191464,0.339037007560684,103.9733113905,60.1726935041132,33.9037007560684
2022-08-01,139832,175,106642,99,33190,76,115153,110,575726,133,690879,243,4,1445,0,2783,1457,1,"Knox County",470313,263.228956035661,0.354881266490765,51.6677191572421,37.2092627675612,35.4881266490765
2022-07-31,139657,99,106543,64,33114,35,115043,73,575593,153,690636,226,0,1441,0,2783,1456,1,"Knox County",470313,266.418321415738,0.352409638554217,48.0531050598219,21.049811508506,35.2409638554217
2022-07-30,139558,116,106479,85,33079,31,114970,95,575440,203,690410,298,0,1441,0,2783,1455,1,"Knox County",470313,270.670808589174,0.343417825020442,63.3620588841899,24.6644256059263,34.3417825020442
2022-07-29,139442,218,106394,149,33048,69,114875,154,575237,298,690112,452,0,1441,0,2783,1454,0,"Knox County",470313,273.434925251907,0.350020024028835,96.1062101196437,46.3521101904476,35.0020024028835
2022-07-28,139224,282,106245,188,32979,94,114721,203,574939,319,689660,522,1,1441,0,2783,1454,1,"Knox County",470313,292.99636624971,0.356143667296786,110.989915226668,59.9600691454414,35.6143667296786
2022-07-27,138942,198,106057,129,32885,69,114518,134,574620,248,689138,382,4,1440,0,2783,1453,0,"Knox County",470313,291.507995739008,0.363705972434916,81.2225050126193,42.0996230170121,36.3705972434916
2022-07-26,138744,300,105928,229,32816,71,114384,237,574372,239,688756,476,1,1436,0,2783,1453,1,"Knox County",470313,295.122609836428,0.387071950750289,101.209194727766,63.7873076015334,38.7071950750289
2022-07-25,138444,289,105699,171,32745,118,114147,181,574133,249,688280,430,1,1435,0,2783,1452,0,"Knox County",470313,319.361786725011,0.386575735821967,91.4284742288646,61.4484396561439,38.6575735821967
2022-07-24,138155,112,105528,67,32627,45,113966,73,573884,178,687850,251,0,1434,0,2783,1452,1,"Knox County",470313,322.125903387744,0.383137673425827,53.3687140266163,23.8139281712392,38.3137673425827
2022-07-23,138043,110,105461,53,32582,57,113893,59,573706,143,687599,202,0,1434,0,2783,1451,0,"Knox County",470313,320.850157235713,0.383425414364641,42.9501204516992,23.3886794538956,38.3425414364641
2022-07-22,137933,262,105408,183,32525,79,113834,190,573563,309,687397,499,0,1434,0,2783,1451,1,"Knox County",470313,330.205629017271,0.389934829833454,106.099554977217,55.7075819720059,38.9934829833454
2022-07-21,137671,286,105225,174,32446,112,113644,179,573254,354,686898,533,0,1434,2,2783,1450,2,"Knox County",470313,331.056126451959,0.379733141002524,113.328783172058,60.8105665801286,37.9733141002524
2022-07-20,137385,222,105051,141,32334,81,113465,152,572900,318,686365,470,5,1434,0,2781,1448,0,"Knox County",470313,336.159111060081,0.374344634743097,99.9334485757357,47.2026076251348,37.4344634743097
2022-07-19,137163,226,104910,144,32253,82,113313,148,572582,234,685895,382,1,1429,1,2781,1448,2,"Knox County",470313,320.42490851837,0.354897000361402,81.2225050126193,48.0531050598219,35.4897000361402
2022-07-18,136937,347,104766,204,32171,143,113165,231,572348,382,685513,613,1,1428,0,2780,1446,1,"Knox County",470313,332.757121321333,0.349830508474576,130.3387318658,73.780652459107,34.9830508474576
2022-07-17,136590,76,104562,62,32028,14,112934,69,571966,87,684900,156,0,1427,0,2780,1445,1,"Knox County",470313,325.102644409149,0.360070052539405,33.1693999527974,16.1594512590551,36.0070052539405
2022-07-16,136514,102,104500,65,32014,37,112865,67,571879,123,684744,190,1,1427,0,2780,1444,2,"Knox County",470313,323.401649539775,0.36440379880408,40.3986281476379,21.6876845845214,36.440379880408
2022-07-15,136412,191,104435,119,31977,72,112798,129,571756,326,684554,455,0,1426,1,2780,1442,2,"Knox County",470313,308.305320074078,0.348338692390139,96.7440831956591,40.6112525063096,34.8338692390139
2022-07-14,136221,205,104316,141,31905,64,112669,145,571430,239,684099,384,1,1426,0,2779,1440,5,"Knox County",470313,291.082747021664,0.355094339622642,81.6477537299628,43.5879935277145,35.5094339622642
2022-07-13,136016,267,104175,171,31841,96,112524,180,571191,320,683715,500,0,1425,0,2779,1435,1,"Knox County",470313,300.650843161894,0.361567164179104,106.312179335889,56.7707037653648,36.1567164179104
2022-07-12,135749,236,104004,162,31745,74,112344,171,570871,293,683215,464,4,1425,0,2779,1434,1,"Knox County",470313,302.777086748612,0.359160028964518,98.6577024237051,50.1793486465396,35.9160028964519
2022-07-11,135513,200,103842,135,31671,65,112173,143,570578,253,682751,396,0,1421,1,2779,1433,0,"Knox County",470313,271.521306023861,0.355206286836935,84.1992460340241,42.5248717343556,35.5206286836935
2022-07-10,135313,83,103707,43,31606,40,112030,42,570325,87,682355,129,0,1421,1,2778,1433,1,"Knox County",470313,273.009676534563,0.348292295472597,27.4285422686594,17.6478217697576,34.8292295472597
2022-07-09,135230,118,103664,78,31566,40,111988,78,570238,104,682226,182,0,1421,0,2777,1432,2,"Knox County",470313,276.411666273312,0.353784860557769,38.6976332782636,25.0896743232698,35.3784860557769
2022-07-08,135112,193,103586,125,31526,68,111910,132,570134,304,682044,436,1,1421,0,2777,1430,0,"Knox County",470313,276.836914990655,0.357687675632276,92.7042203808953,41.0365012236532,35.7687675632276
2022-07-07,134919,181,103461,105,31458,76,111778,109,569830,205,681608,314,0,1420,0,2777,1430,4,"Knox County",470313,271.733930382532,0.353159851301115,66.7640486229383,38.4850089195918,35.3159851301115
2022-07-06,134738,227,103356,156,31382,71,111669,158,569625,228,681294,386,3,1420,1,2777,1426,0,"Knox County",470313,263.228956035661,0.361074989163416,82.0730024473064,48.2657294184936,36.1074989163416
2022-07-05,134511,164,103200,118,31311,46,111511,122,569397,118,680908,240,0,1417,1,2776,1426,1,"Knox County",470313,247.920002211293,0.376380220835334,51.0298460812268,34.8703948221716,37.6380220835334
2022-07-04,134347,79,103082,44,31265,35,111389,47,569279,123,680668,170,1,1417,1,2775,1425,0,"Knox County",470313,222.192454812008,0.370490037695207,36.1461409742023,16.7973243350705,37.0490037695207
2022-07-03,134268,105,103038,65,31230,40,111342,69,569156,159,680498,228,0,1416,0,2774,1425,0,"Knox County",470313,226.870190702787,0.365541922290389,48.4783537771654,22.3255576605367,36.5541922290389
2022-07-02,134163,108,102973,75,31190,33,111273,79,568997,200,680270,279,0,1416,0,2774,1425,2,"Knox County",470313,224.74394711607,0.348757915245981,59.3221960694261,22.963430736552,34.8757915245981
2022-07-01,134055,184,102898,124,31157,60,111194,131,568797,318,679991,449,0,1416,1,2774,1423,1,"Knox County",470313,222.830327888024,0.346079380445305,95.4683370436284,39.1228819956072,34.6079380445305
2022-06-30,133871,195,102774,118,31097,77,111063,124,568479,308,679542,432,1,1416,2,2773,1422,1,"Knox County",470313,225.807068909428,0.334249084249084,91.8537229462082,41.4617499409967,33.4249084249084
2022-06-29,133676,184,102656,120,31020,64,110939,131,568171,244,679110,375,2,1415,0,2771,1421,1,"Knox County",470313,216.664221486542,0.323515876668201,79.7341345019168,39.1228819956072,32.3515876668201
2022-06-28,133492,183,102536,116,30956,67,110808,122,567927,265,678735,387,1,1413,0,2771,1420,0,"Knox County",470313,220.704084301306,0.30301724137931,82.2856268059781,38.9102576369354,30.301724137931
2022-06-27,133309,142,102420,100,30889,42,110686,102,567662,167,678348,269,0,1412,0,2771,1420,0,"Knox County",470313,234.099418897628,0.313352625051674,57.1959524827083,30.1926589313925,31.3352625051674
2022-06-26,133167,89,102320,57,30847,32,110584,62,567495,168,678079,230,0,1412,0,2771,1420,0,"Knox County",470313,230.697429158879,0.310202395704254,48.903602494509,18.9235679217883,31.0202395704254
2022-06-25,133078,104,102263,60,30815,44,110522,71,567327,203,677849,274,0,1412,0,2771,1420,0,"Knox County",470313,229.846931724192,0.307533112582781,58.2590742760672,22.1129333018649,30.7533112582781
2022-06-24,132974,145,102203,119,30771,26,110451,128,567124,386,677575,514,0,1412,1,2771,1420,2,"Knox County",470313,221.554581735993,0.298266827891979,109.288920357294,30.8305320074078,29.8266827891979
2022-06-23,132829,185,102084,128,30745,57,110323,136,566738,304,677061,440,1,1412,1,2770,1418,0,"Knox County",470313,219.428338149275,0.302129369224588,93.5547178155824,39.335506354279,30.2129369224588
2022-06-22,132644,182,101956,127,30688,55,110187,131,566434,332,676621,463,0,1411,0,2769,1418,0,"Knox County",470313,219.003089431931,0.291812184710904,98.4450780650333,38.6976332782636,29.1812184710904
2022-06-21,132462,177,101829,87,30633,90,110056,95,566102,175,676158,270,1,1411,1,2769,1418,0,"Knox County",470313,217.727343279901,0.294715447154472,57.4085768413801,37.6345114849047,29.4715447154472
2022-06-20,132285,120,101742,84,30543,36,109961,91,565927,157,675888,248,0,1410,0,2768,1418,1,"Knox County",470313,213.049607389122,0.292742927429274,52.730840950601,25.5149230406134,29.2742927429274
2022-06-19,132165,90,101658,60,30507,30,109870,65,565770,198,675640,263,0,1410,0,2768,1417,0,"Knox County",470313,213.262231747793,0.29004854368932,55.9202063306777,19.13619228046,29.004854368932
2022-06-18,132075,99,101598,81,30477,18,109805,87,565572,194,675377,281,-1,1410,0,2768,1417,0,"Knox County",470313,212.199109954435,0.295683743444937,59.7474447867697,21.049811508506,29.5683743444937
2022-06-17,131976,133,101517,84,30459,49,109718,89,565378,254,675096,343,3,1411,2,2768,1417,1,"Knox County",470313,209.647617650373,0.300693240901213,72.9301550244199,28.2790397033465,30.0693240901213
2022-06-16,131843,138,101433,104,30410,34,109629,108,565124,301,674753,409,1,1408,0,2766,1416,0,"Knox County",470313,199.6542727928,0.292490118577075,86.9633626967573,29.3421614967054,29.2490118577075
2022-06-15,131705,113,101329,81,30376,32,109521,85,564823,264,674344,349,0,1407,0,2766,1416,1,"Knox County",470313,184.983192044447,0.286638927415626,74.2059011764506,24.0265525299109,28.6638927415626
2022-06-14,131592,170,101248,106,30344,64,109436,114,564559,244,673995,358,2,1407,0,2766,1415,0,"Knox County",470313,183.494821533745,0.283873833851622,76.1195204044966,36.1461409742023,28.3873833851622
2022-06-13,131422,117,101142,71,30280,46,109322,71,564315,150,673637,221,1,1405,0,2766,1415,2,"Knox County",470313,182.856948457729,0.278327338129496,46.989983266463,24.877049964598,27.8327338129496
2022-06-12,131305,79,101071,44,30234,35,109251,48,564165,129,673416,177,1,1404,1,2766,1413,1,"Knox County",470313,180.51808051234,0.281571562207671,37.6345114849047,16.7973243350705,28.1571562207671
2022-06-11,131226,102,101027,82,30199,20,109203,93,564036,227,673239,320,0,1403,0,2765,1412,0,"Knox County",470313,181.155953588355,0.279283417547083,68.039794774969,21.6876845845214,27.9283417547083
2022-06-10,131124,122,100945,76,30179,46,109110,88,563809,368,672919,456,0,1403,1,2765,1412,0,"Knox County",470313,178.817085642965,0.265065502183406,96.9567075543308,25.9401717579569,26.5065502183406
2022-06-09,131002,161,100869,107,30133,54,109022,114,563441,330,672463,444,1,1403,0,2764,1412,0,"Knox County",470313,183.707445892416,0.263655913978495,94.4052152502695,34.2325217461563,26.3655913978495
2022-06-08,130841,150,100762,100,30079,50,108908,116,563111,324,672019,440,0,1402,0,2764,1412,0,"Knox County",470313,191.574547163272,0.266556291390728,93.5547178155824,31.8936538007667,26.6556291390728
2022-06-07,130691,121,100662,70,30029,51,108792,71,562787,169,671579,240,0,1402,0,2764,1412,0,"Knox County",470313,181.155953588355,0.261531766753699,51.0298460812268,25.7275473992852,26.1531766753699
2022-06-06,130570,116,100592,79,29978,37,108721,81,562618,280,671339,361,0,1402,1,2764,1412,0,"Knox County",470313,180.943329229683,0.250615258408532,76.7573934805119,24.6644256059263,25.0615258408532
2022-06-05,130454,75,100513,54,29941,21,108640,57,562338,233,670978,290,3,1402,1,2763,1412,0,"Knox County",470313,180.092831794996,0.243041944335555,61.6610640148157,15.9468269003834,24.3041944335555
2022-06-04,130379,86,100459,72,29920,14,108583,76,562105,300,670688,376,0,1399,0,2762,1412,1,"Knox County",470313,176.690842056248,0.231300345224396,79.9467588605886,18.2856948457729,23.1300345224396
2022-06-03,130293,132,100387,90,29906,42,108507,96,561805,346,670312,442,0,1399,1,2762,1411,3,"Knox County",470313,178.817085642965,0.235634400308523,93.9799665329259,28.0664153446747,23.5634400308523
2022-06-02,130161,114,100297,88,29864,26,108411,96,561459,284,669870,380,0,1399,0,2761,1408,0,"Knox County",470313,168.823740785392,0.234480031633057,80.7972562952757,24.2391768885827,23.4480031633057
2022-06-01,130047,169,100209,90,29838,79,108315,105,561175,303,669490,408,1,1399,1,2761,1408,0,"Knox County",470313,172.863603600156,0.233079695634762,86.7507383380855,35.9335166155305,23.3079695634762
2022-05-31,129878,129,100119,94,29759,35,108210,96,560872,214,669082,310,0,1398,2,2760,1408,0,"Knox County",470313,174.56459846953,0.236462797039346,65.9135511882512,27.4285422686594,23.6462797039346
2022-05-30,129749,57,100025,32,29724,25,108114,36,560658,118,668772,154,0,1398,3,2758,1408,0,"Knox County",470313,162.019761307895,0.238135593220339,32.7441512354538,12.1195884442914,23.8135593220339
2022-05-29,129692,56,99993,43,29699,13,108078,46,560540,200,668618,246,0,1398,0,2755,1408,1,"Knox County",470313,157.979898493131,0.237910189982729,52.3055922332574,11.9069640856196,23.7910189982729
2022-05-28,129636,69,99950,56,29686,13,108032,58,560340,229,668372,287,0,1398,0,2755,1407,0,"Knox County",470313,154.365284395711,0.23933542882802,61.0231909388003,14.6710807483527,23.933542882802
2022-05-27,129567,98,99894,66,29673,32,107974,67,560111,417,668085,484,2,1398,2,2755,1407,0,"Knox County",470313,147.13605620087,0.222124283825474,102.910189597141,20.8371871498343,22.2124283825474
2022-05-26,129469,102,99828,78,29641,24,107907,82,559694,367,667601,449,1,1396,3,2753,1407,1,"Knox County",470313,144.584563896809,0.209580838323353,95.4683370436284,21.6876845845214,20.9580838323353
2022-05-25,129367,108,99750,79,29617,29,107825,86,559327,264,667152,350,2,1395,0,2750,1406,1,"Knox County",470313,131.614478017831,0.206578947368421,74.4185255351224,22.963430736552,20.6578947368421
2022-05-24,129259,106,99671,68,29588,38,107739,73,559063,281,666802,354,0,1393,1,2750,1405,0,"Knox County",470313,126.72411776838,0.192771084337349,75.2690229698095,22.5381820192085,19.2771084337349
2022-05-23,129153,107,99603,71,29550,36,107666,70,558782,337,666448,407,1,1393,2,2749,1405,0,"Knox County",470313,137.355335701969,0.187039192859915,86.5381139794137,22.7508063778803,18.7039192859915
2022-05-22,129046,47,99532,38,29514,9,107596,40,558445,180,666041,220,1,1392,2,2747,1405,0,"Knox County",470313,135.441716473923,0.186593492747942,46.7773589077912,9.99334485757357,18.6593492747942
2022-05-21,128999,55,99494,45,29505,10,107556,49,558265,208,665821,257,0,1391,3,2745,1405,0,"Knox County",470313,132.464975452518,0.185243950813169,54.644460178647,11.6943397269478,18.5243950813169
2022-05-20,128944,87,99449,59,29495,28,107507,63,558057,225,665564,288,0,1391,1,2742,1405,0,"Knox County",470313,130.126107507128,0.199139784946237,61.2358152974721,18.4983192044447,19.9139784946237
2022-05-19,128857,95,99390,67,29467,28,107444,69,557832,254,665276,323,6,1391,1,2741,1405,0,"Knox County",470313,128.637736996426,0.204638472032742,68.6776678509843,20.1993140738189,20.4638472032742
2022-05-18,128762,82,99323,54,29439,28,107375,56,557578,239,664953,295,1,1385,1,2740,1405,0,"Knox County",470313,123.10950367096,0.19589552238806,62.7241858081746,17.4351974110858,19.589552238806
2022-05-17,128680,80,99269,51,29411,29,107319,54,557339,315,664658,369,2,1384,0,2739,1405,0,"Knox County",470313,117.581270345493,0.185734136174155,78.4583883498861,17.0099486937423,18.5734136174155
2022-05-16,128600,64,99218,40,29382,24,107265,39,557024,254,664289,293,0,1382,1,2739,1405,1,"Knox County",470313,108.438422922607,0.180929095354523,62.298937090831,13.6079589549938,18.0929095354523
2022-05-15,128536,39,99178,25,29358,14,107226,27,556770,174,663996,201,0,1382,1,2738,1404,0,"Knox County",470313,106.737428053233,0.176209279368213,42.7374960930274,8.29234998819935,17.6209279368213
2022-05-14,128497,29,99153,21,29344,8,107199,22,556596,145,663795,167,0,1382,1,2737,1404,0,"Knox County",470313,101.209194727766,0.170454545454545,35.508267898187,6.16610640148157,17.0454545454545
2022-05-13,128468,77,99132,55,29336,22,107177,58,556451,251,663628,309,-3,1382,0,2736,1404,1,"Knox County",470313,99.0829511410486,0.166070516096065,65.7009268295794,16.3720756177269,16.6070516096065
2022-05-12,128391,72,99077,45,29314,27,107119,49,556200,301,663319,350,1,1385,0,2736,1403,1,"Knox County",470313,94.1925908915977,0.153729838709677,74.4185255351224,15.308953824368,15.3729838709677
2022-05-11,128319,47,99032,33,29287,14,107070,35,555899,177,662969,212,0,1384,0,2736,1402,0,"Knox County",470313,86.7507383380855,0.149395055234087,45.076364038417,9.99334485757357,14.9395055234087
2022-05-10,128272,78,98999,40,29273,38,107035,43,555722,322,662757,365,1,1384,3,2736,1402,1,"Knox County",470313,86.3254896207419,0.143911439114391,77.607890915199,16.5846999763987,14.3911439114391
2022-05-09,128194,54,98959,31,29235,23,106992,32,555400,181,662392,213,0,1383,1,2733,1401,0,"Knox County",470313,84.1992460340242,0.146395156851954,45.2889883970888,11.481715368276,14.6395156851954
2022-05-08,128140,31,98928,23,29212,8,106960,24,555219,133,662179,157,0,1383,0,2732,1401,0,"Knox County",470313,82.4982511646499,0.148336153412296,33.3820243114692,6.59135511882512,14.8336153412296
2022-05-07,128109,17,98905,10,29204,7,106936,13,555086,174,662022,187,0,1383,0,2732,1401,0,"Knox County",470313,79.9467588605886,0.141662018962632,39.7607550716225,3.61461409742023,14.1662018962632
2022-05-06,128092,51,98895,30,29197,21,106923,34,554912,209,661835,243,0,1383,1,2732,1401,1,"Knox County",470313,74.4185255351224,0.13317892298784,51.6677191572421,10.8438422922607,13.317892298784
2022-05-05,128041,48,98865,31,29176,17,106889,34,554703,185,661592,219,1,1383,0,2731,1400,0,"Knox County",470313,69.3155409269997,0.134711779448622,46.5647345491194,10.2059692162454,13.4711779448622
2022-05-04,127993,54,98834,35,29159,19,106855,38,554518,249,661373,287,1,1382,0,2731,1400,0,"Knox County",470313,70.8039114377021,0.130460801915021,61.0231909388003,11.481715368276,13.0460801915021
2022-05-03,127939,34,98799,21,29140,13,106817,24,554269,145,661086,169,0,1381,0,2731,1400,1,"Knox County",470313,61.4484396561439,0.134915254237288,35.9335166155305,7.22922819484046,13.4915254237288
2022-05-02,127905,37,98778,28,29127,9,106793,32,554124,190,660917,222,3,1381,2,2731,1399,0,"Knox County",470313,57.8338255587237,0.134097035040431,47.2026076251348,7.86710127085579,13.4097035040431
2022-05-01,127868,14,98750,9,29118,5,106761,9,553934,82,660695,91,0,1378,0,2729,1399,0,"Knox County",470313,54.2192114613034,0.129760225669958,19.3488166391318,2.97674102140489,12.9760225669958
2022-04-30,127854,18,98741,14,29113,4,106752,15,553852,141,660604,156,0,1378,0,2729,1399,0,"Knox County",470313,54.4318358199752,0.134102379235761,33.1693999527974,3.82723845609201,13.4102379235761
2022-04-29,127836,24,98727,14,29109,10,106737,13,553711,200,660448,213,0,1378,0,2729,1399,1,"Knox County",470313,48.6909781358372,0.121591746499632,45.2889883970888,5.10298460812268,12.1591746499632
2022-04-28,127812,32,98713,25,29099,7,106724,26,553511,226,660235,252,1,1378,0,2729,1398,0,"Knox County",470313,45.2889883970887,0.11294964028777,53.5813383852881,6.8039794774969,11.294964028777
2022-04-27,127780,34,98688,24,29092,10,106698,26,553285,181,659983,207,0,1377,0,2729,1398,0,"Knox County",470313,41.0365012236532,0.110687022900763,44.0132422450581,7.22922819484046,11.0687022900763
2022-04-26,127746,41,98664,21,29082,20,106672,21,553104,240,659776,261,0,1377,0,2729,1398,0,"Knox County",470313,42.5248717343556,0.101283880171184,55.4949576133341,8.7175987055429,10.1283880171184
2022-04-25,127705,61,98643,16,29062,45,106651,17,552864,101,659515,118,0,1377,2,2729,1398,1,"Knox County",470313,47.6278563424783,0.0978428351309707,25.0896743232698,12.9700858789785,9.78428351309707
2022-04-24,127644,15,98627,11,29017,4,106634,12,552763,148,659397,160,1,1377,0,2727,1397,1,"Knox County",470313,47.8404807011501,0.0950987564008778,34.0198973874845,3.18936538007667,9.50987564008778
2022-04-23,127629,12,98616,5,29013,7,106622,7,552615,197,659237,204,0,1376,0,2727,1396,0,"Knox County",470313,46.5647345491194,0.0862190812720848,43.3753691690427,2.55149230406134,8.62190812720848
2022-04-22,127617,25,98611,18,29006,7,106615,20,552418,210,659033,230,0,1376,0,2727,1396,0,"Knox County",470313,46.7773589077912,0.0900837988826816,48.903602494509,5.31560896679445,9.00837988826816
2022-04-21,127592,32,98593,23,28999,9,106595,23,552208,231,658803,254,0,1376,0,2727,1396,0,"Knox County",470313,46.7773589077912,0.0878661087866109,54.0065871026317,6.8039794774969,8.78661087866109
2022-04-20,127560,55,98570,32,28990,23,106572,34,551977,247,658549,281,1,1376,0,2727,1396,1,"Knox County",470313,51.2424704398985,0.0888594164456233,59.7474447867697,11.6943397269478,8.88594164456233
2022-04-19,127505,30,98538,16,28967,14,106538,17,551730,151,658268,168,0,1375,0,2727,1395,0,"Knox County",470313,48.903602494509,0.0918727915194346,35.7208922568587,6.37873076015334,9.18727915194346
2022-04-18,127475,38,98522,21,28953,17,106521,21,551579,117,658100,138,0,1375,1,2727,1395,0,"Knox County",470313,44.0132422450581,0.0933797909407666,29.3421614967054,8.07972562952757,9.33797909407665
2022-04-17,127437,16,98501,10,28936,6,106500,9,551462,101,657962,110,0,1375,0,2726,1395,1,"Knox County",470313,44.2258666037299,0.0945848375451264,23.3886794538956,3.40198973874845,9.45848375451263
2022-04-16,127421,10,98491,10,28930,0,106491,12,551361,126,657852,138,0,1375,0,2726,1394,0,"Knox County",470313,43.8006178863863,0.103108415466262,29.3421614967054,2.12624358671778,10.3108415466262
2022-04-15,127411,18,98481,13,28930,5,106479,13,551235,198,657714,211,0,1375,0,2726,1394,0,"Knox County",470313,42.3122473756839,0.0992307692307692,44.8637396797452,3.82723845609201,9.92307692307692
2022-04-14,127393,18,98468,5,28925,13,106466,6,551037,158,657503,164,1,1375,0,2726,1394,1,"Knox County",470313,39.335506354279,0.0925619834710744,34.8703948221716,3.82723845609201,9.25619834710744
2022-04-13,127375,40,98463,26,28912,14,106460,28,550879,209,657339,237,-1,1374,0,2726,1393,1,"Knox County",470313,36.1461409742023,0.0909090909090909,50.3919730052114,8.50497434687113,9.09090909090909
2022-04-12,127335,23,98437,6,28898,17,106432,8,550670,192,657102,200,5,1375,0,2726,1392,0,"Knox County",470313,34.6577704634998,0.0809682804674457,42.5248717343556,4.8903602494509,8.09682804674457
2022-04-11,127312,22,98431,13,28881,9,106424,13,550478,173,656902,186,1,1370,2,2726,1392,1,"Knox County",470313,31.2557807247514,0.0714285714285714,39.5481307129507,4.67773589077912,7.14285714285714
2022-04-10,127290,9,98418,7,28872,2,106411,7,550305,110,656716,117,0,1369,1,2724,1391,0,"Knox County",470313,29.7674102140489,0.0694333599361532,24.877049964598,1.913619228046,6.94333599361532
2022-04-09,127281,7,98411,5,28870,2,106404,5,550195,148,656599,153,0,1369,0,2723,1391,0,"Knox County",470313,29.1295371380336,0.0630914826498423,32.5315268767821,1.48837051070245,6.30914826498423
2022-04-08,127274,18,98406,15,28868,3,106399,16,550047,176,656446,192,1,1369,0,2723,1391,0,"Knox County",470313,29.1295371380336,0.066453162530024,40.8238768649814,3.82723845609201,6.6453162530024
2022-04-07,127256,16,98391,7,28865,9,106383,10,549871,181,656254,191,5,1368,0,2723,1391,0,"Knox County",470313,28.70428842069,0.0681818181818182,40.6112525063096,3.40198973874845,6.81818181818182
2022-04-06,127240,21,98384,14,28856,7,106373,16,549690,204,656063,220,-1,1363,0,2723,1391,2,"Knox County",470313,24.6644256059263,0.0595710881652105,46.7773589077912,4.46511153210734,5.95710881652105
2022-04-05,127219,15,98370,12,28849,3,106357,13,549486,198,655843,211,4,1364,0,2723,1389,2,"Knox County",470313,22.963430736552,0.062992125984252,44.8637396797452,3.18936538007667,6.2992125984252
2022-04-04,127204,16,98358,5,28846,11,106344,7,549288,158,655632,165,8,1360,2,2723,1387,0,"Knox County",470313,21.6876845845214,0.0592473979183347,35.0830191808434,3.40198973874845,5.92473979183347
2022-04-03,127188,5,98353,4,28835,1,106337,3,549130,75,655467,78,1,1352,0,2721,1387,1,"Knox County",470313,20.8371871498343,0.0578512396694215,16.5846999763987,1.06312179335889,5.78512396694215
2022-04-02,127183,3,98349,3,28834,0,106334,3,549055,116,655389,119,0,1351,0,2721,1386,1,"Knox County",470313,19.9866897151471,0.0578231292517007,25.3022986819416,0.637873076015334,5.78231292517007
2022-04-01,127180,19,98346,8,28834,11,106331,8,548939,231,655270,239,4,1351,0,2721,1385,0,"Knox County",470313,20.1993140738189,0.0490596892886345,50.817221722555,4.03986281476378,4.90596892886345
2022-03-31,127161,17,98338,7,28823,10,106323,8,548708,238,655031,246,3,1347,0,2721,1385,0,"Knox County",470313,20.4119384324907,0.0453834115805947,52.3055922332574,3.61461409742023,4.53834115805947
2022-03-30,127144,22,98331,10,28813,12,106315,9,548470,256,654785,265,0,1344,1,2721,1385,0,"Knox County",470313,20.6245627911625,0.0385487528344671,56.3454550480212,4.67773589077912,3.85487528344671
2022-03-29,127122,20,98321,8,28801,12,106306,9,548214,192,654520,201,2,1344,0,2720,1385,3,"Knox County",470313,21.6876845845214,0.0357958872810358,42.7374960930274,4.25248717343556,3.57958872810358
2022-03-28,127102,19,98313,12,28789,7,106297,16,548022,332,654319,348,3,1342,0,2720,1382,0,"Knox County",470313,22.3255576605367,0.0374331550802139,73.9932768177788,4.03986281476378,3.74331550802139
2022-03-27,127083,4,98301,3,28782,1,106281,3,547690,73,653971,76,0,1339,0,2720,1382,1,"Knox County",470313,22.1129333018649,0.037483266398929,16.1594512590551,0.850497434687113,3.7483266398929
2022-03-26,127079,9,98298,6,28781,3,106278,6,547617,166,653895,172,0,1339,1,2720,1381,1,"Knox County",470313,23.3886794538956,0.0381383322559793,36.5713896915458,1.913619228046,3.81383322559793
2022-03-25,127070,15,98292,7,28778,8,106272,8,547451,244,653723,252,0,1339,1,2719,1380,1,"Knox County",470313,22.5381820192085,0.0378205128205128,53.5813383852881,3.18936538007667,3.78205128205128
2022-03-24,127055,56,98285,9,28770,47,106264,10,547207,187,653471,197,1,1339,0,2718,1379,2,"Knox County",470313,30.8305320074078,0.0403706154864328,41.8869986583403,11.9069640856196,4.03706154864328
2022-03-23,126999,11,98276,6,28723,5,106254,6,547020,201,653274,207,0,1338,0,2718,1377,1,"Knox County",470313,28.4916640620183,0.0399174122505162,44.0132422450581,2.33886794538956,3.99174122505162
2022-03-22,126988,16,98270,11,28718,5,106248,11,546819,150,653067,161,0,1338,1,2718,1376,4,"Knox County",470313,27.6411666273312,0.0424628450106157,34.2325217461563,3.40198973874845,4.24628450106157
2022-03-21,126972,13,98259,6,28713,7,106237,6,546669,125,652906,131,7,1338,1,2717,1372,0,"Knox County",470313,26.3654204753005,0.0418060200668896,27.8537909860029,2.76411666273312,4.18060200668896
2022-03-20,126959,11,98253,8,28706,3,106231,10,546544,98,652775,108,1,1331,0,2716,1372,0,"Knox County",470313,27.8537909860029,0.0464169381107492,22.963430736552,2.33886794538956,4.64169381107492
2022-03-19,126948,11,98245,10,28703,1,106221,11,546446,175,652667,186,0,1330,0,2716,1372,0,"Knox County",470313,28.2790397033465,0.0499194847020934,39.5481307129507,2.33886794538956,4.99194847020934
2022-03-18,126937,24,98235,15,28702,9,106210,14,546271,219,652481,233,0,1330,1,2716,1372,2,"Knox County",470313,30.1926589313925,0.0556009811937858,49.5414755705243,5.10298460812268,5.56009811937858
2022-03-17,126913,36,98220,25,28693,11,106196,31,546052,209,652248,240,1,1330,0,2715,1370,2,"Knox County",470313,25.9401717579569,0.0703001579778831,51.0298460812268,7.65447691218401,7.03001579778831
2022-03-16,126877,22,98195,9,28682,13,106165,12,545843,236,652008,248,3,1329,2,2715,1368,2,"Knox County",470313,28.2790397033465,0.0726855394032135,52.730840950601,4.67773589077912,7.26855394032135
2022-03-15,126855,55,98186,18,28669,37,106153,19,545607,257,651760,276,1,1326,1,2713,1366,2,"Knox County",470313,36.5713896915458,0.0724331926863572,58.6843229934108,11.6943397269478,7.24331926863572
2022-03-14,126800,21,98168,16,28632,5,106134,22,545350,228,651484,250,10,1325,0,2712,1364,3,"Knox County",470313,38.2723845609201,0.0772225827384815,53.1560896679445,4.46511153210734,7.72225827384815
2022-03-13,126779,5,98152,5,28627,0,106112,10,545122,484,651234,494,2,1315,0,2712,1361,1,"Knox County",470313,36.9966384088894,0.0617540217955371,105.036433183858,1.06312179335889,6.17540217955371
2022-03-12,126774,9,98147,8,28627,1,106102,9,544638,293,650740,302,0,1313,3,2712,1360,2,"Knox County",470313,36.5713896915458,0.0572687224669604,64.212556318877,1.913619228046,5.72687224669604
2022-03-11,126765,20,98139,13,28626,7,106093,15,544345,467,650438,482,9,1313,0,2709,1358,4,"Knox County",470313,35.7208922568587,0.0514834205933682,102.484940879797,4.25248717343556,5.14834205933682
2022-03-10,126745,28,98126,20,28619,8,106078,23,543878,459,649956,482,4,1304,1,2709,1354,2,"Knox County",470313,34.0198973874845,0.0434096290449882,102.484940879797,5.95348204280979,4.34096290449882
2022-03-09,126717,64,98106,19,28611,45,106055,23,543419,419,649474,442,1,1300,2,2708,1352,2,"Knox County",470313,42.9501204516992,0.0443548387096774,93.9799665329259,13.6079589549938,4.43548387096774
2022-03-08,126653,36,98087,18,28566,18,106032,19,543000,311,649032,330,1,1299,1,2706,1350,3,"Knox County",470313,38.9102576369354,0.0434938892882818,70.1660383616868,7.65447691218401,4.34938892882818
2022-03-07,126617,27,98069,22,28548,5,106013,25,542689,267,648702,292,4,1298,2,2705,1347,0,"Knox County",470313,40.1860037889661,0.0439093484419263,62.0863127321592,5.74085768413801,4.39093484419263
2022-03-06,126590,14,98047,11,28543,3,105988,13,542422,212,648410,225,2,1294,2,2703,1347,0,"Knox County",470313,42.0996230170121,0.049706457925636,47.8404807011501,2.97674102140489,4.9706457925636
2022-03-05,126576,18,98036,10,28540,8,105975,11,542210,266,648185,277,0,1292,1,2701,1347,2,"Knox County",470313,44.0132422450581,0.0509881422924901,58.8969473520825,3.82723845609201,5.09881422924901
2022-03-04,126558,53,98026,29,28532,24,105964,30,541944,380,647908,410,1,1292,1,2700,1345,2,"Knox County",470313,51.0298460812268,0.0585842148087876,87.175987055429,11.2690910096042,5.85842148087876
2022-03-03,126505,45,97997,29,28508,16,105934,34,541564,326,647498,360,8,1291,4,2699,1343,2,"Knox County",470313,54.644460178647,0.0663527397260274,76.5447691218401,9.56809614023002,6.63527397260274
2022-03-02,126460,37,97968,29,28492,8,105900,36,541238,338,647138,374,-2,1283,1,2695,1341,7,"Knox County",470313,48.903602494509,0.0740740740740741,79.521510143245,7.86710127085579,7.40740740740741
2022-03-01,126423,92,97939,48,28484,44,105864,60,540900,391,646764,451,3,1285,3,2694,1334,2,"Knox County",470313,60.8105665801286,0.0874843030556718,95.893585760972,19.5614409978036,8.74843030556718
2022-02-28,126331,133,97891,89,28440,44,105804,96,540509,549,646313,645,10,1282,4,2691,1332,5,"Knox County",470313,83.348748599337,0.102115244347192,137.142711343297,28.2790397033465,10.2115244347192
2022-02-27,126198,3,97802,3,28396,0,105708,5,539960,75,645668,80,1,1272,1,2687,1327,5,"Knox County",470313,81.0098806539475,0.104736234116288,17.0099486937423,0.637873076015334,10.4736234116288
2022-02-26,126195,46,97799,32,28396,14,105703,35,539885,275,645588,310,0,1271,2,2686,1322,0,"Knox County",470313,86.9633626967573,0.11254752851711,65.9135511882512,9.7807204989018,11.254752851711
2022-02-25,126149,106,97767,66,28382,40,105668,74,539610,406,645278,480,2,1271,5,2684,1322,6,"Knox County",470313,98.2324537063615,0.125925925925926,102.059692162454,22.5381820192085,12.5925925925926
2022-02-24,126043,142,97701,84,28342,58,105594,94,539204,463,644798,557,1,1269,4,2679,1316,3,"Knox County",470313,118.857016497524,0.138073869520193,118.43176778018,30.1926589313925,13.8073869520193
2022-02-23,125901,142,97617,96,28284,46,105500,115,538741,413,644241,528,6,1268,1,2675,1313,4,"Knox County",470313,141.182574158061,0.156997705670272,112.265661378699,30.1926589313925,15.6997705670272
2022-02-22,125759,142,97521,87,28238,55,105385,100,538328,356,643713,456,11,1262,7,2674,1309,3,"Knox County",470313,151.81379209165,0.169829842931937,96.9567075543308,30.1926589313925,16.9829842931937
2022-02-21,125617,73,97434,47,28183,26,105285,50,537972,290,643257,340,0,1251,1,2667,1306,5,"Knox County",470313,139.056330571343,0.171937477280989,72.2922819484046,15.5215781830398,17.1937477280989
2022-02-20,125544,72,97387,48,28157,24,105235,57,537682,289,642917,346,0,1251,1,2666,1301,2,"Knox County",470313,153.727411319696,0.174013921113689,73.5680281004352,15.308953824368,17.4013921113689
2022-02-19,125472,90,97339,54,28133,36,105178,68,537393,322,642571,390,0,1251,1,2665,1299,4,"Knox County",470313,163.082883101254,0.180174362286083,82.9234998819935,19.13619228046,18.0174362286083
2022-02-18,125382,142,97285,92,28097,50,105110,113,537071,498,642181,611,0,1251,3,2664,1295,4,"Knox County",470313,170.737360013438,0.184944237918216,129.913483148456,30.1926589313925,18.4944237918216
2022-02-17,125240,285,97193,223,28047,62,104997,264,536573,1208,641570,1472,1,1251,2,2661,1291,2,"Knox County",470313,201.142643303502,0.185131547188028,312.983055964857,60.5979422214568,18.5131547188028
2022-02-16,124955,225,96970,145,27985,80,104733,160,535365,546,640098,706,3,1250,3,2659,1289,3,"Knox County",470313,218.79046507326,0.187919463087248,150.112797222275,47.8404807011501,18.7919463087248
2022-02-15,124730,274,96825,215,27905,59,104573,241,534819,592,639392,833,5,1247,6,2656,1286,4,"Knox County",470313,246.856880417934,0.202852277564921,177.116090773591,58.2590742760672,20.2852277564921
2022-02-14,124456,341,96610,205,27846,136,104332,246,534227,602,638559,848,19,1242,8,2650,1282,1,"Knox County",470313,303.840208541971,0.220706876680753,180.305456153668,72.5049063070764,22.0706876680753
2022-02-13,124115,119,96405,100,27710,19,104086,116,533625,283,637711,399,1,1223,1,2642,1281,3,"Knox County",470313,313.833553399545,0.229701464156684,84.8371191100395,25.3022986819416,22.9701464156684
2022-02-12,123996,153,96305,109,27691,44,103970,127,533342,414,637312,541,0,1222,3,2641,1278,6,"Knox County",470313,327.228887995867,0.234195933456562,115.029778041432,32.5315268767821,23.4195933456562
2022-02-11,123843,341,96196,251,27647,90,103843,280,532928,631,636771,911,3,1222,10,2638,1272,5,"Knox County",470313,369.54113537155,0.251138353765324,193.70079074999,72.5049063070764,25.1138353765324
2022-02-10,123502,423,95945,274,27557,149,103563,303,532297,555,635860,858,7,1219,12,2628,1267,3,"Knox County",470313,398.883296868256,0.289050235478807,182.431699740386,89.9401037181622,28.9050235478807
2022-02-09,123079,437,95671,306,27408,131,103260,369,531742,606,635002,975,8,1212,4,2616,1264,6,"Knox County",470313,443.959660906673,0.313513513513514,207.308749704984,92.916844739567,31.3513513513514
2022-02-08,122642,455,95365,334,27277,121,102891,391,531136,462,634027,853,6,1204,8,2612,1258,12,"Knox County",470313,482.444669826265,0.340204271123491,181.368577947027,96.7440831956591,34.0204271123491
2022-02-07,122187,591,95031,411,27156,180,102500,443,530674,624,633174,1067,10,1198,11,2604,1246,5,"Knox County",470313,535.600759494209,0.362062812276945,226.870190702787,125.660995975021,36.2062812276945
2022-02-06,121596,252,94620,185,26976,67,102057,214,530050,435,632107,649,0,1188,13,2593,1241,5,"Knox County",470313,563.879799197556,0.363341305090536,137.993208777984,53.5813383852881,36.3341305090536
2022-02-05,121344,270,94435,193,26909,77,101843,220,529615,496,631458,716,0,1188,7,2580,1236,11,"Knox County",470313,588.756849162154,0.368220268701277,152.239040808993,57.4085768413801,36.8220268701277
2022-02-04,121074,647,94242,508,26832,139,101623,579,529119,963,630742,1542,3,1188,3,2573,1225,0,"Knox County",470313,653.819902915718,0.378228228228228,327.866761071882,137.56796006064,37.8228228228228
2022-02-03,120427,1642,93734,501,26693,1141,101044,504,528156,741,629200,1245,1,1185,13,2570,1225,2,"Knox County",470313,913.008996136615,0.385979849581382,264.717326546364,349.12919693906,38.5979849581382
2022-02-02,118785,718,93233,539,25552,179,100540,603,527415,904,627955,1507,7,1184,6,2557,1223,9,"Knox County",470313,972.756440923385,0.389761182214012,320.42490851837,152.664289526337,38.9761182214012
2022-02-01,118067,936,92694,737,25373,199,99937,831,526511,1139,626448,1970,5,1177,12,2551,1214,7,"Knox County",470313,1075.02875744451,0.390294388224471,418.869986583403,199.016399716784,39.0294388224471
2022-01-31,117131,714,91957,518,25174,196,99106,522,525372,605,624478,1127,11,1172,13,2539,1207,2,"Knox County",470313,1101.18155356114,0.396642302421197,239.627652223094,151.81379209165,39.6642302421197
2022-01-30,116417,388,91439,319,24978,69,98584,336,524767,569,623351,905,1,1161,8,2526,1205,6,"Knox County",470313,1130.0984663405,0.398912561029738,192.425044597959,82.4982511646499,39.8912561029738
2022-01-29,116029,677,91120,588,24909,89,98248,644,524198,912,622446,1556,0,1160,5,2518,1199,3,"Knox County",470313,1216.63658031991,0.407937474624442,330.843502093287,143.946690820794,40.7937474624442
2022-01-28,115352,937,90532,775,24820,162,97604,836,523286,1040,620890,1876,3,1160,15,2513,1196,6,"Knox County",470313,1278.29764433473,0.419791871195759,398.883296868256,199.229024075456,41.9791871195759
2022-01-27,114415,1430,89757,1198,24658,232,96768,1272,522246,1472,619014,2744,7,1157,13,2498,1190,8,"Knox County",470313,1233.22128029631,0.431664527171587,583.441240195359,304.052832900643,43.1664527171587
2022-01-26,112985,995,88559,803,24426,192,95496,852,520774,965,616270,1817,4,1150,5,2485,1182,8,"Knox County",470313,1292.1182276484,0.441267194664444,386.338459706621,211.561236878419,44.1267194664444
2022-01-25,111990,1023,87756,769,24234,254,94644,804,519809,930,614453,1734,7,1146,11,2480,1174,6,"Knox County",470313,1310.61654685284,0.447827196190152,368.690637936863,217.514718921229,44.7827196190152
2022-01-24,110967,1321,86987,1084,23980,237,93840,1160,518879,1550,612719,2710,13,1139,15,2469,1168,5,"Knox County",470313,1439.67953256661,0.442512366961475,576.212012000519,280.876777805419,44.2512366961475
2022-01-23,109646,769,85903,680,23743,89,92680,709,517329,818,610009,1527,0,1126,7,2454,1163,10,"Knox County",470313,1520.68941322056,0.449513033514752,324.677395691805,163.508131818597,44.9513033514752
2022-01-22,108877,901,85223,738,23654,163,91971,770,516511,1056,608482,1826,0,1126,14,2447,1153,3,"Knox County",470313,1568.31726956304,0.449838415062526,388.252078934667,191.574547163272,44.9838415062526
2022-01-21,107976,1514,84485,1228,23491,286,91201,1289,515455,1348,606656,2637,1,1126,6,2433,1150,6,"Knox County",470313,1691.00152451665,0.457219073024341,560.690433817479,321.913279029072,45.7219073024341
2022-01-20,106462,1411,83257,1168,23205,243,89912,1216,514107,1152,604019,2368,11,1125,11,2427,1144,2,"Knox County",470313,1686.96166170189,0.465148094944935,503.494481334771,300.012970085879,46.5148094944935
2022-01-19,105051,1670,82089,1308,22962,362,88696,1344,512955,1331,601651,2675,4,1114,7,2416,1142,2,"Knox County",470313,1830.48310380534,0.471150739807456,568.770159447007,355.08267898187,47.1150739807456
2022-01-18,103381,1044,80781,664,22600,380,87352,691,511624,686,598976,1377,6,1110,7,2409,1140,4,"Knox County",470313,1834.94821533745,0.474801587301587,292.783741891039,221.979830453336,47.4801587301587
2022-01-17,102337,1091,80117,859,22220,232,86661,903,510938,1279,597599,2182,7,1104,13,2402,1136,3,"Knox County",470313,1786.04461284294,0.47436951754386,463.94635062182,231.97317531091,47.436951754386
2022-01-16,101246,770,79258,690,21988,80,85758,716,509659,1073,595417,1789,0,1097,7,2389,1133,4,"Knox County",470313,1786.25723720161,0.466473677124007,380.384977663811,163.720756177269,46.6473677124007
2022-01-15,100476,751,78568,599,21908,152,85042,627,508586,816,593628,1443,1,1097,12,2382,1129,2,"Knox County",470313,1754.36358340084,0.468937875751503,306.816949563376,159.680893362505,46.8937875751503
2022-01-14,99725,1305,77969,1052,21756,253,84415,1097,507770,1188,592185,2285,6,1096,10,2370,1127,6,"Knox County",470313,1709.92509243844,0.467030242935052,485.846659565013,277.47478806667,46.7030242935052
2022-01-13,98420,1400,76917,1053,21503,347,83318,1103,506582,1401,589900,2504,6,1090,11,2360,1121,6,"Knox County",470313,1707.58622449305,0.454647492108032,532.411394114132,297.674102140489,45.4647492108032
2022-01-12,97020,1168,75864,889,21156,279,82215,935,505181,1058,587396,1993,1,1084,4,2349,1115,0,"Knox County",470313,1600.84879643982,0.447358726884255,423.760346832854,248.345250928637,44.7358726884256
2022-01-11,95852,1365,74975,1060,20877,305,81280,1095,504123,1283,585403,2378,2,1083,10,2345,1115,3,"Knox County",470313,1669.10121557346,0.444352957321257,505.620724921488,290.232249586977,44.4352957321257
2022-01-10,94487,1000,73915,685,20572,315,80185,714,502840,812,583025,1526,3,1081,5,2335,1112,1,"Knox County",470313,1649.75239893433,0.451717200747234,324.464771333133,212.624358671778,45.1717200747234
2022-01-09,93487,741,73230,628,20257,113,79471,664,502028,1205,581499,1869,5,1078,2,2330,1111,2,"Knox County",470313,1643.58629253285,0.445420774396342,397.394926357553,157.554649775788,44.5420774396342
2022-01-08,92746,624,72602,478,20144,146,78807,510,500823,912,579630,1422,0,1073,10,2328,1109,4,"Knox County",470313,1616.58299898153,0.437719109966373,302.351838031269,132.67759981119,43.7719109966373
2022-01-07,92122,968,72124,750,19998,218,78297,768,499911,1091,578208,1859,0,1073,7,2318,1105,0,"Knox County",470313,1544.92859010914,0.427200944579736,395.268682770836,205.820379194281,42.7200944579736
2022-01-06,91154,1166,71374,743,19780,423,77529,781,498820,1010,576349,1791,2,1073,7,2311,1105,4,"Knox County",470313,1495.17449017994,0.425845147219193,380.810226381155,247.920002211293,42.5845147219193
2022-01-05,89988,1215,70631,902,19357,313,76748,942,497810,1255,574558,2197,1,1071,8,2304,1101,1,"Knox County",470313,1505.16783503752,0.419720901702193,467.135716001897,258.33859578621,41.9720901702193
2022-01-04,88773,923,69729,577,19044,346,75806,567,496555,1040,572361,1607,0,1070,6,2296,1100,5,"Knox County",470313,1411.18786850459,0.403064134952327,341.687344385547,196.252283054051,40.3064134952327
2022-01-03,87850,716,69152,538,18698,178,75239,505,495515,820,570754,1325,6,1070,6,2290,1095,2,"Knox County",470313,1350.80255064181,0.392460646230323,281.727275240106,152.239040808993,39.2460646230323
2022-01-02,87134,290,68614,208,18520,82,74734,265,494695,651,569429,916,3,1064,9,2284,1093,4,"Knox County",470313,1254.90896488083,0.390213187010884,194.763912543349,61.6610640148157,39.0213187010884
2022-01-01,86844,265,68406,216,18438,49,74469,237,494044,767,568513,1004,0,1061,15,2275,1089,0,"Knox County",470313,1178.57682011767,0.37994205065894,213.474856106465,56.3454550480212,37.994205065894
2021-12-31,86579,591,68190,429,18389,162,74232,470,493277,1008,567509,1478,0,1061,5,2260,1089,3,"Knox County",470313,1098.41743689841,0.36509013374685,314.258802116888,125.660995975021,36.509013374685
2021-12-30,85988,582,67761,404,18227,178,73762,405,492269,918,566031,1323,2,1061,6,2255,1086,2,"Knox County",470313,974.244811434088,0.344263959390863,281.302026522763,123.747376746975,34.4263959390863
2021-12-29,85406,632,67357,477,18049,155,73357,503,491351,1195,564708,1698,1,1059,5,2249,1084,2,"Knox County",470313,850.284810328441,0.315688161693936,361.036161024679,134.378594680564,31.5688161693936
2021-12-28,84774,428,66880,261,17894,167,72854,282,490156,977,563010,1259,1,1058,5,2244,1082,0,"Knox County",470313,745.035752785911,0.29623458847051,267.694067567769,91.003225511521,29.623458847051
2021-12-27,84346,314,66619,234,17727,80,72572,254,489179,905,561751,1159,2,1057,1,2239,1082,1,"Knox County",470313,659.560760599856,0.27339594885142,246.431631700591,66.7640486229383,27.339594885142
2021-12-26,84032,61,66385,49,17647,12,72318,60,488274,426,560592,486,7,1055,1,2238,1081,0,"Knox County",470313,610.869782464019,0.262995123111693,103.335438314484,12.9700858789785,26.2995123111693
2021-12-25,83971,85,66336,63,17635,22,72258,74,487848,489,560106,563,1,1048,1,2237,1081,0,"Knox County",470313,572.597397903099,0.257092643735877,119.707513932211,18.0730704871011,25.7092643735877
2021-12-24,83886,175,66273,124,17613,51,72184,138,487359,848,559543,986,0,1047,2,2236,1081,0,"Knox County",470313,484.145664695639,0.22959593256623,209.647617650373,37.2092627675612,22.959593256623
2021-12-23,83711,218,66149,159,17562,59,72046,166,486511,959,558557,1125,5,1047,5,2234,1081,1,"Knox County",470313,406.750398139112,0.202996151731721,239.20240350575,46.3521101904476,20.2996151731721
2021-12-22,83493,175,65990,102,17503,73,71880,101,485552,812,557432,913,46,1042,10,2229,1080,2,"Knox County",470313,309.581066226109,0.165613926975813,194.126039467333,37.2092627675612,16.5613926975813
2021-12-21,83318,176,65888,123,17430,53,71779,120,484740,912,556519,1032,3,996,6,2219,1078,2,"Knox County",470313,255.999727840821,0.145753512132822,219.428338149275,37.421887126233,14.5753512132822
2021-12-20,83142,114,65765,80,17377,34,71659,84,483828,622,555487,706,1,993,3,2213,1076,1,"Knox County",470313,213.474856106465,0.127860953364309,150.112797222275,24.2391768885827,12.7860953364309
2021-12-19,83028,70,65685,50,17343,20,71575,58,483206,556,554781,614,3,992,6,2210,1075,1,"Knox County",470313,215.388475334511,0.12476847954201,130.551356224472,14.8837051070245,12.476847954201
2021-12-18,82958,88,65635,56,17323,32,71517,65,482650,660,554167,725,0,989,3,2204,1074,2,"Knox County",470313,216.026348410527,0.119980331093263,154.152660037039,18.7109435631165,11.9980331093263
2021-12-17,82870,119,65579,77,17291,42,71452,83,481990,1034,553442,1117,2,989,6,2201,1072,2,"Knox County",470313,204.119384324907,0.108632862644416,237.501408636376,25.3022986819416,10.8632862644416
2021-12-16,82751,138,65502,106,17249,32,71369,108,480956,661,552325,769,2,987,3,2195,1070,2,"Knox County",470313,187.109435631165,0.105343771272975,163.508131818597,29.3421614967054,10.5343771272975
2021-12-15,82613,157,65396,113,17217,44,71261,125,480295,841,551556,966,0,985,5,2192,1068,3,"Knox County",470313,183.282197175073,0.108449991566875,205.395130476938,33.3820243114692,10.8449991566875
2021-12-14,82456,98,65283,59,17173,39,71136,63,479454,811,550590,874,3,985,4,2187,1065,3,"Knox County",470313,166.697497198674,0.101542193727257,185.833689479134,20.8371871498343,10.1542193727257
2021-12-13,82358,111,65224,74,17134,37,71073,79,478643,627,549716,706,4,982,3,2183,1062,0,"Knox County",470313,166.059624122659,0.100675792756888,150.112797222275,23.6013038125674,10.0675792756888
2021-12-12,82247,54,65150,29,17097,25,70994,41,478016,493,549010,534,6,978,5,2180,1062,1,"Knox County",470313,162.65763438391,0.099103848181339,113.54140753073,11.481715368276,9.9103848181339
2021-12-11,82193,65,65121,45,17072,20,70953,51,477523,541,548476,592,0,972,1,2175,1061,3,"Knox County",470313,157.767274134459,0.0989564591579705,125.873620333693,13.8205833136656,9.89564591579705
2021-12-10,82128,84,65076,48,17052,36,70902,57,476982,855,547884,912,0,972,3,2174,1058,2,"Knox County",470313,150.325421580947,0.0978890341864375,193.913415108662,17.8604461284294,9.78890341864375
2021-12-09,82044,164,65028,96,17016,68,70845,107,476127,1017,546972,1124,3,972,2,2171,1056,1,"Knox County",470313,155.853654906413,0.0916257883672039,238.989779147079,34.8703948221716,9.16257883672039
2021-12-08,81880,130,64932,67,16948,63,70738,65,475110,751,545848,816,0,969,7,2169,1055,1,"Knox County",470313,150.112797222275,0.0833033465275279,173.501476676171,27.6411666273312,8.33033465275279
2021-12-07,81750,127,64865,70,16885,57,70673,76,474359,631,545032,707,2,969,2,2162,1054,0,"Knox County",470313,156.278903623757,0.0882953069931367,150.325421580947,27.0032935513158,8.82953069931367
2021-12-06,81623,148,64795,107,16828,41,70597,115,473728,759,544325,874,8,967,4,2160,1054,3,"Knox County",470313,164.146004894613,0.0921028962043533,185.833689479134,31.4684050834232,9.21028962043533
2021-12-05,81475,43,64688,28,16787,15,70482,33,472969,342,543451,375,2,959,1,2156,1051,0,"Knox County",470313,161.807136949223,0.0933333333333333,79.7341345019168,9.14284742288646,9.33333333333333
2021-12-04,81432,69,64660,50,16772,19,70449,55,472627,499,543076,554,0,957,3,2155,1051,2,"Knox County",470313,162.65763438391,0.0947407683700112,117.793894704165,14.6710807483527,9.47407683700112
2021-12-03,81363,147,64610,103,16753,44,70394,108,472128,1009,542522,1117,3,957,2,2152,1049,2,"Knox County",470313,176.052968980232,0.100413148913239,237.501408636376,31.2557807247514,10.0413148913239
2021-12-02,81216,133,64507,86,16709,47,70286,85,471119,794,541405,879,0,954,4,2150,1047,2,"Knox County",470313,169.461613861407,0.100901916572717,186.896811272493,28.2790397033465,10.0901916572717
2021-12-01,81083,184,64421,141,16662,43,70201,146,470325,1008,540526,1154,4,954,7,2146,1045,1,"Knox County",470313,180.943329229683,0.109187279151943,245.368509907232,39.1228819956072,10.9187279151943
2021-11-30,80899,116,64280,67,16619,49,70055,68,469317,693,539372,761,3,950,6,2139,1044,3,"Knox County",470313,178.604461284294,0.106755337766888,161.807136949223,24.6644256059263,10.6755337766888
2021-11-29,80783,165,64213,128,16570,37,69987,139,468624,967,538611,1106,2,947,5,2133,1041,1,"Knox County",470313,182.219075381714,0.106626303397242,235.162540690987,35.0830191808434,10.6626303397242
2021-11-28,80618,33,64085,22,16533,11,69848,22,467657,270,537505,292,3,945,5,2128,1040,1,"Knox County",470313,180.092831794996,0.106259594064472,62.0863127321592,7.01660383616868,10.6259594064472
2021-11-27,80585,59,64063,31,16522,28,69826,32,467387,266,537213,298,0,942,1,2123,1039,2,"Knox County",470313,177.966588208278,0.107009095773141,63.3620588841899,12.5448371616349,10.7009095773141
2021-11-26,80526,20,64032,18,16494,2,69794,20,467121,298,536915,318,0,942,4,2122,1037,1,"Knox County",470313,150.963294656962,0.10648918469218,67.6145460576254,4.25248717343556,10.648918469218
2021-11-25,80506,52,64014,26,16492,26,69774,29,466823,331,536597,360,0,942,3,2118,1036,5,"Knox County",470313,133.740721604548,0.106318489158312,76.5447691218401,11.0564666509325,10.6318489158312
2021-11-24,80454,105,63988,66,16466,39,69745,73,466492,742,536237,815,0,942,3,2115,1031,4,"Knox County",470313,116.943397269478,0.0969620253164557,173.288852317499,22.3255576605367,9.69620253164557
2021-11-23,80349,99,63922,64,16427,35,69672,65,465750,674,535422,739,0,942,2,2112,1027,0,"Knox County",470313,113.328783172058,0.0967413441955193,157.129401058444,21.049811508506,9.67413441955193
2021-11-22,80250,107,63858,84,16392,23,69607,82,465076,740,534683,822,0,942,3,2110,1027,0,"Knox County",470313,100.996570369095,0.0886388583973655,174.777222828202,22.7508063778803,8.86388583973655
2021-11-21,80143,44,63774,32,16369,12,69525,37,464336,284,533861,321,0,942,2,2107,1027,2,"Knox County",470313,103.335438314484,0.0920228695888919,68.2524191336408,9.35547178155824,9.20228695888919
2021-11-20,80099,54,63742,37,16357,17,69488,44,464052,537,533540,581,0,942,1,2105,1025,1,"Knox County",470313,102.272316521125,0.0884732052578362,123.534752388303,11.481715368276,8.84732052578362
2021-11-19,80045,112,63705,83,16340,29,69444,81,463515,825,532959,906,0,942,0,2104,1024,0,"Knox County",470313,121.833757518929,0.0904489436619718,192.637668956631,23.8139281712392,9.04489436619718
2021-11-18,79933,81,63622,45,16311,36,69363,50,462690,937,532053,987,3,942,2,2104,1024,0,"Knox County",470313,127.99986392041,0.083542835041578,209.860242009045,17.222573052414,8.3542835041578
2021-11-17,79852,105,63577,64,16275,41,69313,66,461753,833,531066,899,0,939,1,2102,1024,1,"Knox County",470313,127.99986392041,0.0808753568030447,191.149298445929,22.3255576605367,8.08753568030447
2021-11-16,79747,72,63513,50,16234,22,69247,67,460920,777,530167,844,0,939,2,2101,1023,3,"Knox County",470313,122.259006236272,0.0796641791044776,179.454958718981,15.308953824368,7.96641791044776
2021-11-15,79675,84,63463,45,16212,39,69180,34,460143,459,529323,493,3,939,0,2099,1020,0,"Knox County",470313,117.368645986822,0.0753329357980521,104.823808825187,17.8604461284294,7.53329357980521
2021-11-14,79591,72,63418,62,16173,10,69146,68,459684,624,528830,692,0,936,2,2099,1020,2,"Knox County",470313,123.322128029631,0.075897815623843,147.13605620087,15.308953824368,7.5897815623843
2021-11-13,79519,29,63356,13,16163,16,69078,12,459060,317,528138,329,0,936,2,2097,1018,0,"Knox County",470313,118.006519062837,0.0733980582524272,69.953414003015,6.16610640148157,7.33980582524272
2021-11-12,79490,66,63343,49,16147,17,69066,51,458743,687,527809,738,0,936,4,2095,1018,2,"Knox County",470313,108.225798563935,0.06985146527499,156.916776699772,14.0332076723374,6.985146527499
2021-11-11,79424,67,63294,46,16130,21,69015,54,458056,962,527071,1016,0,936,0,2091,1016,0,"Knox County",470313,105.24905754253,0.0702454599880263,216.026348410527,14.2458320310091,7.02454599880263
2021-11-10,79357,73,63248,50,16109,23,68961,69,457094,854,526055,923,1,936,2,2091,1016,0,"Knox County",470313,98.4450780650333,0.070506454816286,196.252283054051,15.5215781830398,7.0506454816286
2021-11-09,79284,104,63198,74,16086,30,68892,132,456240,1174,525132,1306,1,935,1,2089,1016,1,"Knox County",470313,105.24905754253,0.0764053119883573,277.687412425342,22.1129333018649,7.64053119883573
2021-11-08,79180,78,63124,58,16056,20,68760,70,455066,687,523826,757,6,934,1,2088,1015,3,"Knox County",470313,103.9733113905,0.0791529248394376,160.956639514536,16.5846999763987,7.91529248394376
2021-11-07,79102,30,63066,19,16036,11,68690,22,454379,390,523069,412,0,928,1,2087,1012,3,"Knox County",470313,95.0430883262848,0.0748038679073162,87.6012357727726,6.37873076015334,7.48038679073162
2021-11-06,79072,41,63047,27,16025,14,68668,30,453989,453,522657,483,0,928,2,2086,1009,1,"Knox County",470313,97.5945806303462,0.0759538598047915,102.697565238469,8.7175987055429,7.59538598047915
2021-11-05,79031,52,63020,32,16011,20,68638,36,453536,605,522174,641,0,928,2,2084,1008,0,"Knox County",470313,94.6178396089413,0.0745756590827013,136.29221390861,11.0564666509325,7.45756590827013
2021-11-04,78979,68,62988,45,15991,23,68602,49,452931,667,521533,716,0,928,1,2082,1008,1,"Knox County",470313,94.8304639676131,0.0778923253150057,152.239040808993,14.4584563896809,7.78923253150057
2021-11-03,78911,80,62943,60,15968,20,68553,66,452264,969,520817,1035,0,928,2,2081,1007,2,"Knox County",470313,96.3188344783155,0.0757009345794393,220.06621122529,17.0099486937423,7.57009345794393
2021-11-02,78831,41,62883,19,15948,22,68487,22,451295,301,519782,323,4,928,1,2079,1005,3,"Knox County",470313,82.9234998819935,0.0675520952599038,68.6776678509843,8.7175987055429,6.75520952599038
2021-11-01,78790,95,62864,71,15926,24,68465,83,450994,661,519459,744,1,924,3,2078,1002,1,"Knox County",470313,86.5381139794137,0.0707395498392283,158.192522851803,20.1993140738189,7.07395498392283
2021-10-31,78695,26,62793,20,15902,6,68382,19,450333,278,518715,297,0,923,1,2075,1001,1,"Knox County",470313,85.6876165447266,0.0719509318235433,63.1494345255181,5.52823332546623,7.19509318235433
2021-10-30,78669,56,62773,41,15896,15,68363,43,450055,523,518418,566,0,923,4,2074,1000,0,"Knox County",470313,88.8769819248033,0.0735770476631189,120.345387008226,11.9069640856196,7.35770476631189
2021-10-29,78613,73,62732,59,15881,14,68320,66,449532,846,517852,912,1,923,1,2070,1000,1,"Knox County",470313,93.3420934569106,0.0757674722403658,193.913415108662,15.5215781830398,7.57674722403658
2021-10-28,78540,54,62673,32,15867,22,68254,39,448686,561,516940,600,4,922,3,2069,999,2,"Knox County",470313,90.3653524355057,0.0754969845878937,127.574615203067,11.481715368276,7.54969845878937
2021-10-27,78486,88,62641,57,15845,31,68215,65,448125,759,516340,824,1,918,3,2066,997,3,"Knox County",470313,92.0663473048799,0.0789967182372246,175.202471545545,18.7109435631165,7.89967182372246
2021-10-26,78398,96,62584,58,15814,38,68150,55,447366,554,515516,609,0,917,5,2063,994,2,"Knox County",470313,103.760687031828,0.0812829525483304,129.488234431113,20.4119384324907,8.12829525483304
2021-10-25,78302,71,62526,47,15776,24,68095,54,446812,491,514907,545,6,917,3,2058,992,1,"Knox County",470313,98.6577024237051,0.0783367792327131,115.880275476119,15.0963294656962,7.83367792327131
2021-10-24,78231,38,62479,20,15752,18,68041,23,446321,337,514362,360,1,911,5,2055,991,3,"Knox County",470313,101.209194727766,0.078125,76.5447691218401,8.07972562952757,7.8125
2021-10-23,78193,59,62459,40,15734,19,68018,42,445984,471,514002,513,0,910,1,2050,988,2,"Knox County",470313,101.847067803782,0.0788448315379326,109.076295998622,12.5448371616349,7.88448315379326
2021-10-22,78134,89,62419,55,15715,34,67976,54,445513,551,513489,605,0,910,2,2049,986,2,"Knox County",470313,105.24905754253,0.0818540433925049,128.637736996426,18.9235679217883,8.18540433925049
2021-10-21,78045,124,62364,71,15681,53,67922,78,444962,712,512884,790,3,910,2,2047,984,2,"Knox County",470313,120.132762649555,0.0873763542157324,167.973243350705,26.3654204753005,8.73763542157324
2021-10-20,77921,148,62293,83,15628,65,67844,90,444250,959,512094,1049,3,907,3,2045,982,2,"Knox County",470313,132.890224169861,0.088570789532543,223.042952246695,31.4684050834232,8.8570789532543
2021-10-19,77773,130,62210,85,15563,45,67754,92,443291,724,511045,816,4,904,3,2042,980,2,"Knox County",470313,140.119452364702,0.092560923471569,173.501476676171,27.6411666273312,9.2560923471569
2021-10-18,77643,120,62125,89,15518,31,67662,105,442567,607,510229,712,9,900,8,2039,978,3,"Knox County",470313,150.538045939619,0.0998968008255934,151.388543374306,25.5149230406134,9.98968008255934
2021-10-17,77523,63,62036,56,15487,7,67557,61,441960,303,509517,364,1,891,4,2031,975,2,"Knox County",470313,155.853654906413,0.107651062074655,77.3952665565272,13.395334596322,10.7651062074655
2021-10-16,77460,55,61980,41,15480,14,67496,44,441657,372,509153,416,0,890,1,2027,973,4,"Knox County",470313,155.003157471726,0.11026936026936,88.4517332074597,11.6943397269478,11.026936026936
2021-10-15,77405,125,61939,89,15466,36,67452,100,441285,794,508737,894,9,890,5,2026,969,2,"Knox County",470313,162.65763438391,0.113072803015275,190.08617665257,26.5780448339723,11.3072803015275
2021-10-14,77280,191,61850,135,15430,56,67352,143,440491,699,507843,842,0,881,7,2021,967,5,"Knox County",470313,176.903466414919,0.12468093461614,179.029710001637,40.6112525063096,12.468093461614
2021-10-13,77089,119,61715,87,15374,32,67209,99,439792,764,507001,863,7,881,5,2014,962,1,"Knox County",470313,170.737360013438,0.131241084165478,183.494821533745,25.3022986819416,13.1241084165478
2021-10-12,76970,136,61628,104,15342,32,67110,109,439028,821,506138,930,4,874,3,2009,961,9,"Knox County",470313,172.013106165469,0.131647082254531,197.740653564754,28.9169127793618,13.1647082254531
2021-10-11,76834,193,61524,136,15310,57,67001,149,438207,581,505208,730,3,870,12,2006,952,1,"Knox County",470313,187.534684348508,0.139908712046041,155.215781830398,41.0365012236532,13.9908712046041
2021-10-10,76641,54,61388,41,15253,13,66852,51,437626,489,504478,540,0,867,4,1994,951,3,"Knox County",470313,185.621065120462,0.13326941514861,114.81715368276,11.481715368276,13.326941514861
2021-10-09,76587,66,61347,37,15240,29,66801,48,437137,490,503938,538,0,867,7,1990,948,4,"Knox County",470313,187.959933065852,0.1309724564362,114.391904965417,14.0332076723374,13.09724564362
2021-10-08,76521,288,61310,114,15211,174,66753,122,436647,936,503400,1058,-1,867,5,1983,944,4,"Knox County",470313,222.617703529352,0.131067078712961,224.956571474741,61.2358152974721,13.1067078712961
2021-10-07,76233,258,61196,170,15037,88,66631,176,435711,1106,502342,1282,6,868,9,1978,940,1,"Knox County",470313,236.863535560361,0.12691466083151,272.58442781722,54.8570845373188,12.691466083151
2021-10-06,75975,139,61026,103,14949,36,66455,112,434605,835,501060,947,1,862,4,1969,939,5,"Knox County",470313,241.116022733796,0.127302904564315,201.355267662174,29.5547858553772,12.7302904564315
2021-10-05,75836,210,60923,118,14913,92,66343,138,433770,915,500113,1053,3,861,4,1965,934,4,"Knox County",470313,256.850225275508,0.129472999349382,223.893449681382,44.6511153210734,12.9472999349382
2021-10-04,75626,313,60805,223,14821,90,66205,245,432855,829,499060,1074,3,858,4,1961,930,2,"Knox County",470313,282.365148316121,0.137399876771411,228.35856121349,66.5514242642666,13.7399876771411
2021-10-03,75313,101,60582,92,14731,9,65960,106,432026,677,497986,783,1,855,6,1957,928,1,"Knox County",470313,292.358493173695,0.140608760207869,166.484872840002,21.4750602258496,14.0608760207869
2021-10-02,75212,67,60490,43,14722,24,65854,50,431349,472,497203,522,5,854,2,1951,927,4,"Knox County",470313,292.571117532367,0.141241256139306,110.989915226668,14.2458320310091,14.1241256139306
2021-10-01,75145,223,60447,150,14698,73,65804,166,430877,965,496681,1131,0,849,8,1949,923,3,"Knox County",470313,278.750534218701,0.146201413427562,240.478149657781,47.4152319838065,14.6201413427562
2021-09-30,74922,239,60297,165,14625,74,65638,185,429912,1104,495550,1289,1,849,8,1941,920,2,"Knox County",470313,274.710671403937,0.147374613913811,274.072798327922,50.817221722555,14.7374613913811
2021-09-29,74683,361,60132,170,14551,191,65453,192,428808,1110,494261,1302,6,848,7,1933,918,3,"Knox County",470313,321.913279029072,0.151244059267543,276.836914990655,76.7573934805119,15.1244059267543
2021-09-28,74322,346,59962,247,14360,99,65261,267,427698,777,492959,1044,2,842,1,1926,915,3,"Knox County",470313,350.830191808434,0.169489153254024,221.979830453336,73.5680281004352,16.9489153254024
2021-09-27,73976,238,59715,161,14261,77,64994,186,426921,760,491915,946,7,840,12,1925,912,6,"Knox County",470313,334.883364908051,0.164172723386062,201.142643303502,50.6045973638832,16.4172723386062
2021-09-26,73738,124,59554,99,14184,25,64808,117,426161,703,490969,820,2,833,1,1913,906,5,"Knox County",470313,339.773725157501,0.16487099518004,174.351974110858,26.3654204753005,16.487099518004
2021-09-25,73614,110,59455,90,14159,20,64691,102,425458,705,490149,807,0,831,3,1912,901,7,"Knox County",470313,348.916572580388,0.165553890175773,171.587857448125,23.3886794538956,16.5553890175773
2021-09-24,73504,245,59365,166,14139,79,64589,182,424753,938,489342,1120,13,831,5,1909,894,3,"Knox County",470313,353.594308471167,0.167985807860262,238.139281712392,52.0929678745856,16.7985807860262
2021-09-23,73259,354,59199,245,14060,109,64407,267,423815,1370,488222,1637,14,818,8,1904,891,3,"Knox County",470313,378.046109718422,0.171052631578947,348.066075145701,75.2690229698095,17.1052631578947
2021-09-22,72905,251,58954,187,13951,64,64140,202,422445,1260,486585,1462,3,804,4,1896,888,9,"Knox County",470313,354.657430264526,0.168836140888208,310.85681237814,53.3687140266163,16.8836140888208
2021-09-21,72654,398,58767,217,13887,181,63938,230,421185,996,485123,1226,10,801,7,1892,879,4,"Knox County",470313,365.713896915458,0.160389124469943,260.6774637316,84.6244947513677,16.0389124469943
2021-09-20,72256,429,58550,308,13706,121,63708,340,420189,1295,483897,1635,5,791,9,1885,875,7,"Knox County",470313,406.325149421768,0.165384173653382,347.640826428357,91.2158498701928,16.5384173653382
2021-09-19,71827,120,58242,88,13585,32,63368,97,418894,432,482262,529,1,786,8,1876,868,8,"Knox County",470313,405.474651987081,0.168726235741445,112.478285737371,25.5149230406134,16.8726235741445
2021-09-18,71707,225,58154,182,13553,43,63271,196,418462,1075,481733,1271,0,785,7,1868,860,13,"Knox County",470313,429.926453234335,0.170495495495496,270.24555987183,47.8404807011501,17.0495495495495
2021-09-17,71482,546,57972,421,13510,125,63075,447,417387,1310,480462,1757,5,785,11,1861,847,5,"Knox County",470313,493.926385194541,0.186928653987601,373.580998186314,116.092899834791,18.6928653987601
2021-09-16,70936,585,57551,457,13385,128,62628,487,416077,1518,478705,2005,7,780,16,1850,842,3,"Knox County",470313,543.042612047721,0.202225594334851,426.311839136915,124.38524982299,20.2225594334851
2021-09-15,70351,339,57094,250,13257,89,62141,268,414559,807,476700,1075,6,773,5,1834,839,4,"Knox County",470313,561.753555610838,0.217414192461571,228.571185572162,72.0796575897328,21.7414192461571
2021-09-14,70012,555,56844,443,13168,112,61873,476,413752,1406,475625,1882,12,767,8,1829,835,3,"Knox County",470313,595.135579922307,0.227595036438842,400.159043020287,118.006519062837,22.7595036438842
2021-09-13,69457,398,56401,297,13056,101,61397,331,412346,1134,473743,1465,20,755,15,1821,832,9,"Knox County",470313,588.544224803482,0.23056891025641,311.494685454155,84.6244947513677,23.056891025641
2021-09-12,69059,387,56104,358,12955,29,61066,375,411212,1460,472278,1835,0,735,5,1806,823,8,"Knox County",470313,645.314928568847,0.228520814880425,390.165698162713,82.2856268059781,22.8520814880425
2021-09-11,68672,859,55746,701,12926,158,60691,758,409752,2620,470443,3378,4,735,25,1801,815,10,"Knox County",470313,780.118771966754,0.234530118683287,718.245083593267,182.644324099057,23.4530118683287
2021-09-10,67813,1024,55045,749,12768,275,59933,803,407132,2512,467065,3315,1,731,24,1776,805,7,"Knox County",470313,881.753215411864,0.233901705115346,704.849748996945,217.727343279901,23.3901705115346
2021-09-09,66789,308,54296,166,12493,142,59130,171,404620,685,463750,856,1,730,18,1752,798,5,"Knox County",470313,822.856268059781,0.230479501665942,182.006451023042,65.4883024709077,23.0479501665942
2021-09-08,66481,290,54130,226,12351,64,58959,249,403935,837,462894,1086,5,729,11,1734,793,6,"Knox County",470313,812.437674484864,0.228920894550192,230.910053517551,61.6610640148157,22.8920894550192
2021-09-07,66191,410,53904,299,12287,111,58710,311,403098,979,461808,1290,3,724,13,1723,787,1,"Knox County",470313,781.607142477456,0.226691871455577,274.285422686594,87.175987055429,22.6691871455577
2021-09-06,65781,983,53605,783,12176,200,58399,840,402119,3220,460518,4060,1,721,20,1710,786,3,"Knox County",470313,905.992392300447,0.221681415929204,863.254896207419,209.009744574358,22.1681415929204
2021-09-05,64798,968,52822,800,11976,168,57559,831,398899,2998,456458,3829,2,720,15,1690,783,6,"Knox County",470313,1029.52714468875,0.222465476591445,814.138669354239,205.820379194281,22.2465476591445
2021-09-04,63830,540,52022,386,11808,154,56728,406,395901,1502,452629,1908,2,718,10,1675,777,4,"Knox County",470313,961.699974272453,0.220937347038669,405.687276345753,114.81715368276,22.0937347038669
2021-09-03,63290,334,51636,238,11654,96,56322,249,394399,909,450721,1158,5,716,8,1665,773,5,"Knox County",470313,814.989166788926,0.215478959610911,246.219007341919,71.0165357963739,21.5478959610911
2021-09-02,62956,323,51398,181,11558,142,56073,200,393490,680,449563,880,3,711,5,1657,768,3,"Knox County",470313,818.178532169002,0.217155724438815,187.109435631165,68.6776678509843,21.7155724438815
2021-09-01,62633,275,51217,211,11416,64,55873,225,392810,645,448683,870,2,708,2,1652,765,3,"Knox County",470313,814.989166788926,0.218792425866381,184.983192044447,58.471698634739,21.8792425866381
2021-08-31,62358,596,51006,434,11352,162,55648,479,392165,1894,447813,2373,2,706,9,1650,762,4,"Knox County",470313,854.537297501876,0.214219392492373,504.55760312813,126.72411776838,21.4219392492373
2021-08-30,61762,512,50572,404,11190,108,55169,430,390271,1629,445440,2059,9,704,13,1641,758,6,"Knox County",470313,754.391224567469,0.21564579031888,437.793554505191,108.86367163995,21.564579031888
2021-08-29,61250,482,50168,407,11082,75,54739,439,388642,1484,443381,1923,1,695,5,1628,752,7,"Knox County",470313,651.055786252985,0.217348491630114,408.876641725829,102.484940879797,21.7348491630114
2021-08-28,60768,396,49761,302,11007,94,54300,320,387158,1065,441458,1385,0,694,4,1623,745,3,"Knox County",470313,620.437878604249,0.219947407963937,294.484736760413,84.1992460340241,21.9947407963937
2021-08-27,60372,470,49459,372,10913,98,53980,386,386093,1166,440073,1552,5,694,5,1619,742,1,"Knox County",470313,649.35479138361,0.224506429994566,329.9930046586,99.9334485757357,22.4506429994566
2021-08-26,59902,447,49087,344,10815,103,53594,365,384927,1426,438521,1791,5,689,0,1614,741,5,"Knox County",470313,675.720211858911,0.22119969882038,380.810226381155,95.0430883262848,22.119969882038
2021-08-25,59455,350,48743,225,10712,125,53229,236,383501,642,436730,878,2,684,4,1614,736,10,"Knox County",470313,691.667038759294,0.221971407072987,186.684186913821,74.4185255351224,22.1971407072987
2021-08-24,59105,341,48518,222,10587,119,52993,233,382859,677,435852,910,4,682,5,1610,726,0,"Knox County",470313,637.447827297991,0.229472280434368,193.488166391318,72.5049063070764,22.9472280434368
2021-08-23,58764,287,48296,207,10468,80,52760,227,382182,825,434942,1052,1,678,1,1605,726,4,"Knox County",470313,589.607346596841,0.232430723843641,223.680825322711,61.0231909388003,23.2430723843641
2021-08-22,58477,239,48089,217,10388,22,52533,233,381357,889,433890,1122,2,677,0,1604,722,2,"Knox County",470313,537.939627439599,0.230149597238205,238.564530429735,50.817221722555,23.0149597238205
2021-08-21,58238,498,47872,376,10366,122,52300,411,380468,1903,432768,2314,0,675,8,1604,720,3,"Knox County",470313,559.62731202412,0.217382264268635,492.012765966495,105.886930618546,21.7382264268635
2021-08-20,57740,425,47496,331,10244,94,51889,357,378565,1148,430454,1505,0,675,6,1596,717,3,"Knox County",470313,550.05921588389,0.21541997492687,319.999659801026,90.3653524355057,21.541997492687
2021-08-19,57315,368,47165,254,10150,114,51532,264,377417,952,428949,1216,1,675,6,1590,714,0,"Knox County",470313,533.26189154882,0.217961542736468,258.551220144882,78.2457639912144,21.7961542736468
2021-08-18,56947,263,46911,193,10036,70,51268,200,376465,914,427733,1114,2,674,5,1584,714,0,"Knox County",470313,514.763572344375,0.208491281273692,236.863535560361,55.9202063306777,20.8491281273692
2021-08-17,56684,262,46718,180,9966,82,51068,197,375551,1042,426619,1239,0,672,5,1579,714,3,"Knox County",470313,497.966248009304,0.197552813218992,263.441580394333,55.7075819720059,19.7552813218992
2021-08-16,56422,184,46538,126,9884,58,50871,132,374509,421,425380,553,2,672,4,1574,711,0,"Knox County",470313,476.065939066111,0.197947699437272,117.581270345493,39.1228819956072,19.7947699437272
2021-08-15,56238,204,46412,181,9826,23,50739,198,374088,952,424827,1150,3,670,6,1570,711,1,"Knox County",470313,468.624086512599,0.193488065119349,244.518012472545,43.3753691690427,19.3488065119349
2021-08-14,56034,219,46231,147,9803,72,50541,154,373136,794,423677,948,0,667,4,1564,710,2,"Knox County",470313,409.301890443173,0.194433656957929,201.567892020846,46.5647345491194,19.4433656957929
2021-08-13,55815,266,46084,206,9731,60,50387,218,372342,1470,422729,1688,1,667,5,1560,708,3,"Knox County",470313,375.49461741436,0.172357106727365,358.909917437962,56.558079406693,17.2357106727365
2021-08-12,55549,222,45878,146,9671,76,50169,152,370872,643,421041,795,2,666,8,1555,705,2,"Knox County",470313,344.451461048281,0.167089622011487,169.036365144064,47.2026076251348,16.7089622011487
2021-08-11,55327,315,45732,237,9595,78,50017,248,370229,989,420246,1237,1,664,10,1547,703,3,"Knox County",470313,355.507927699213,0.170696452036794,263.01633167699,66.9766729816101,17.0696452036794
2021-08-10,55012,172,45495,109,9517,63,49769,121,369240,621,419009,742,1,663,2,1537,700,4,"Knox County",470313,336.371735418753,0.171938703781808,157.767274134459,36.5713896915458,17.1938703781808
2021-08-09,54840,197,45386,159,9454,38,49648,167,368619,752,418267,919,1,662,4,1535,696,1,"Knox County",470313,339.135852081486,0.168204305388421,195.401785619364,41.8869986583403,16.8204305388421
2021-08-08,54643,89,45227,67,9416,22,49481,75,367867,418,417348,493,1,661,5,1531,695,0,"Knox County",470313,314.684050834232,0.166373497508062,104.823808825187,18.9235679217883,16.6373497508062
2021-08-07,54554,105,45160,76,9394,29,49406,80,367449,638,416855,718,0,660,2,1526,695,0,"Knox County",470313,290.444873945649,0.160952669902913,152.664289526337,22.3255576605367,16.0952669902913
2021-08-06,54449,203,45084,147,9365,56,49326,163,366811,879,416137,1042,0,660,11,1524,695,1,"Knox County",470313,277.049539349327,0.169189371005718,221.554581735993,43.162744810371,16.9189371005718
2021-08-05,54246,173,44937,130,9309,43,49163,146,365932,850,415095,996,2,660,4,1513,694,2,"Knox County",470313,266.63094577441,0.162680982593135,211.773861237091,36.7840140502176,16.2680982593135
2021-08-04,54073,144,44807,101,9266,43,49017,104,365082,656,414099,760,1,658,4,1509,692,1,"Knox County",470313,230.272180441536,0.150970017636684,161.594512590551,30.6179076487361,15.0970017636684
2021-08-03,53929,238,44706,177,9223,61,48913,183,364426,813,413339,996,0,657,5,1505,691,3,"Knox County",470313,244.305388113873,0.154962862930452,211.773861237091,50.6045973638832,15.4962862930452
2021-08-02,53691,97,44529,75,9162,22,48730,82,363613,532,412343,614,2,657,3,1500,688,0,"Knox County",470313,223.042952246695,0.148247019042534,130.551356224472,20.6245627911625,14.8247019042534
2021-08-01,53594,105,44454,89,9140,16,48648,99,363081,526,411729,625,0,655,2,1497,688,2,"Knox County",470313,226.444941985444,0.149017562163102,132.890224169861,22.3255576605367,14.9017562163102
2021-07-31,53489,104,44365,64,9124,40,48549,68,362555,399,411104,467,1,655,6,1495,686,0,"Knox County",470313,226.232317626772,0.153636363636364,99.2955754997204,22.1129333018649,15.3636363636364
2021-07-30,53385,119,44301,84,9084,35,48481,91,362156,339,410637,430,1,654,0,1489,686,1,"Knox County",470313,208.371871498343,0.158142389525368,91.4284742288646,25.3022986819416,15.8142389525368
2021-07-29,53266,117,44217,65,9049,52,48390,68,361817,483,410207,551,0,653,1,1489,685,1,"Knox County",470313,196.464907412723,0.156425838397479,117.15602162815,24.877049964598,15.6425838397479
2021-07-28,53149,131,44152,90,8997,41,48322,95,361334,536,409656,631,0,653,4,1488,684,0,"Knox County",470313,193.70079074999,0.159017153453871,134.165970321892,27.8537909860029,15.9017153453871
2021-07-27,53018,117,44062,78,8956,39,48227,84,360798,499,409025,583,0,653,4,1484,684,0,"Knox County",470313,167.973243350705,0.150474237375032,123.960001105647,24.877049964598,15.0474237375032
2021-07-26,52901,97,43984,73,8917,24,48143,78,360299,371,408442,449,1,653,4,1480,684,0,"Knox County",470313,167.973243350705,0.156049250535332,95.4683370436284,20.6245627911625,15.6049250535332
2021-07-25,52804,51,43911,43,8893,8,48065,44,359928,320,407993,364,3,652,5,1476,684,1,"Knox County",470313,156.491527982429,0.151942446043165,77.3952665565272,10.8438422922607,15.1942446043165
2021-07-24,52753,64,43868,43,8885,21,48021,44,359608,348,407629,392,0,649,1,1471,683,2,"Knox County",470313,147.986553635558,0.148235294117647,83.348748599337,13.6079589549938,14.8235294117647
2021-07-23,52689,55,43825,30,8864,25,47977,32,359260,321,407237,353,1,649,3,1470,681,1,"Knox County",470313,134.378594680564,0.133915136924466,75.0563986111377,11.6943397269478,13.3915136924466
2021-07-22,52634,94,43795,69,8839,25,47945,78,358939,474,406884,552,0,648,3,1467,680,0,"Knox County",470313,129.488234431113,0.136883273164862,117.368645986822,19.9866897151471,13.6883273164862
2021-07-21,52540,61,43726,47,8814,14,47867,46,358465,411,406332,457,1,648,1,1464,680,0,"Knox County",470313,114.604529324088,0.128888888888889,97.1693319130026,12.9700858789785,12.8888888888889
2021-07-20,52479,78,43679,43,8800,35,47821,45,358054,299,405875,344,0,647,3,1463,680,0,"Knox County",470313,106.312179335889,0.126073514256269,73.1427793830917,16.5846999763987,12.6073514256269
2021-07-19,52401,48,43636,36,8765,12,47776,42,357755,348,405531,390,0,647,0,1460,680,0,"Knox County",470313,95.893585760972,0.116058906030856,82.9234998819935,10.2059692162454,11.6058906030856
2021-07-18,52353,36,43600,30,8753,6,47734,31,357407,271,405141,302,0,647,1,1460,680,1,"Knox County",470313,92.7042203808953,0.113978494623656,64.212556318877,7.65447691218401,11.3978494623656
2021-07-17,52317,27,43570,20,8747,7,47703,21,357136,202,404839,223,0,647,1,1459,679,0,"Knox County",470313,84.8371191100395,0.112552460892789,47.4152319838065,5.74085768413801,11.2552460892789
2021-07-16,52290,37,43550,21,8740,16,47682,22,356934,291,404616,313,0,647,1,1458,679,0,"Knox County",470313,81.0098806539475,0.110422316931422,66.5514242642666,7.86710127085579,11.0422316931422
2021-07-15,52253,55,43529,42,8724,13,47660,44,356643,364,404303,408,-1,647,1,1457,679,0,"Knox County",470313,72.7175306657481,0.10299548625359,86.7507383380855,11.6943397269478,10.299548625359
2021-07-14,52198,21,43487,17,8711,4,47616,16,356279,269,403895,285,0,648,2,1456,679,0,"Knox County",470313,64.212556318877,0.0975717439293598,60.5979422214568,4.46511153210734,9.75717439293598
2021-07-13,52177,42,43470,26,8707,16,47600,29,356010,355,403610,384,3,648,3,1454,679,0,"Knox County",470313,56.558079406693,0.0889370932754881,81.6477537299628,8.93022306421468,8.89370932754881
2021-07-12,52135,27,43444,21,8691,6,47571,23,355655,270,403226,293,0,645,1,1451,679,1,"Knox County",470313,52.0929678745856,0.0842391304347826,62.298937090831,5.74085768413801,8.42391304347826
2021-07-11,52108,8,43423,3,8685,5,47548,4,355385,136,402933,140,0,645,0,1450,678,0,"Knox County",470313,46.1394858317759,0.0777126099706745,29.7674102140489,1.70099486937423,7.77126099706745
2021-07-10,52100,19,43420,15,8680,4,47544,15,355249,191,402793,206,0,645,1,1450,678,0,"Knox County",470313,44.4384909624016,0.0754066042385411,43.8006178863863,4.03986281476378,7.54066042385411
2021-07-09,52081,27,43405,21,8676,6,47529,21,355058,338,402587,359,0,645,0,1449,678,1,"Knox County",470313,42.3122473756839,0.0732530120481928,76.3321447631684,5.74085768413801,7.32530120481928
2021-07-08,52054,19,43384,14,8670,5,47508,16,354720,317,402228,333,0,645,0,1449,677,2,"Knox County",470313,34.6577704634998,0.062,70.8039114377021,4.03986281476378,6.2
2021-07-07,52035,18,43370,5,8665,13,47492,5,354403,333,401895,338,1,645,1,1449,675,0,"Knox County",470313,34.0198973874845,0.055041402825134,71.867033231061,3.82723845609201,5.5041402825134
2021-07-06,52017,24,43365,9,8652,15,47487,13,354070,263,401557,276,0,644,2,1448,675,0,"Knox County",470313,30.1926589313925,0.0498714652956298,58.6843229934108,5.10298460812268,4.98714652956298
2021-07-05,51993,10,43356,7,8637,3,47474,6,353807,105,401281,111,0,644,1,1446,675,0,"Knox County",470313,26.5780448339723,0.0453771979580261,23.6013038125674,2.12624358671778,4.53771979580261
2021-07-04,51983,8,43349,7,8634,1,47468,7,353702,143,401170,150,0,644,1,1445,675,0,"Knox County",470313,26.5780448339723,0.0468133107727016,31.8936538007667,1.70099486937423,4.68133107727016
2021-07-03,51975,9,43342,7,8633,2,47461,7,353559,184,401020,191,0,644,1,1444,675,0,"Knox County",470313,24.4518012472545,0.0426621160409556,40.6112525063096,1.913619228046,4.26621160409556
2021-07-02,51966,17,43335,13,8631,4,47454,17,353375,342,400829,359,-1,644,0,1443,675,0,"Knox County",470313,22.3255576605367,0.040386803185438,76.3321447631684,3.61461409742023,4.0386803185438
2021-07-01,51949,18,43322,15,8627,3,47437,17,353033,248,400470,265,-1,645,1,1443,675,0,"Knox County",470313,22.1129333018649,0.042603550295858,56.3454550480212,3.82723845609201,4.2603550295858
2021-06-30,51931,18,43307,12,8624,6,47420,11,352785,299,400205,310,0,646,0,1442,675,0,"Knox County",470313,22.1129333018649,0.0469314079422383,65.9135511882512,3.82723845609201,4.69314079422383
2021-06-29,51913,21,43295,16,8618,5,47409,19,352486,437,399895,456,0,646,1,1442,675,0,"Knox County",470313,21.4750602258496,0.0456026058631922,96.9567075543308,4.46511153210734,4.56026058631922
2021-06-28,51892,9,43279,2,8613,7,47390,2,352049,113,399439,115,0,646,0,1441,675,0,"Knox County",470313,21.2624358671778,0.0433369447453954,24.4518012472545,1.913619228046,4.33369447453954
2021-06-27,51883,5,43277,3,8606,2,47388,3,351936,151,399324,154,0,646,0,1441,675,0,"Knox County",470313,20.6245627911625,0.0410810810810811,32.7441512354538,1.06312179335889,4.10810810810811
2021-06-26,51878,3,43274,2,8604,1,47385,2,351785,206,399170,208,0,646,0,1441,675,0,"Knox County",470313,19.3488166391318,0.0380289234065345,44.2258666037299,0.637873076015334,3.80289234065345
2021-06-25,51875,13,43272,9,8603,4,47383,11,351579,311,398962,322,0,646,0,1441,675,0,"Knox County",470313,18.4983192044447,0.0355191256830601,68.4650434923126,2.76411666273312,3.55191256830601
2021-06-24,51862,14,43263,9,8599,5,47372,10,351268,364,398640,374,1,646,1,1441,675,1,"Knox County",470313,17.6478217697576,0.0299123259412068,79.521510143245,2.97674102140489,2.99123259412068
2021-06-23,51848,13,43254,6,8594,7,47362,8,350904,282,398266,290,0,645,0,1440,674,1,"Knox County",470313,16.5846999763987,0.0286607608129234,61.6610640148157,2.76411666273312,2.86607608129234
2021-06-22,51835,14,43248,5,8587,9,47354,5,350622,247,397976,252,2,645,1,1440,673,1,"Knox County",470313,15.0963294656962,0.0239067055393586,53.5813383852881,2.97674102140489,2.39067055393586
2021-06-21,51821,9,43243,8,8578,1,47349,9,350375,289,397724,298,0,643,1,1439,672,0,"Knox County",470313,15.0963294656962,0.0252897787144362,63.3620588841899,1.913619228046,2.52897787144363
2021-06-20,51812,3,43235,2,8577,1,47340,3,350086,161,397426,164,1,643,0,1438,672,0,"Knox County",470313,14.6710807483527,0.0251572327044025,34.8703948221716,0.637873076015334,2.51572327044025
2021-06-19,51809,3,43233,1,8576,2,47337,1,349925,191,397262,192,0,642,0,1438,672,0,"Knox County",470313,14.6710807483527,0.0248414376321353,40.8238768649814,0.637873076015334,2.48414376321353
2021-06-18,51806,5,43232,3,8574,2,47336,3,349734,283,397070,286,1,642,0,1438,672,0,"Knox County",470313,12.9700858789785,0.0210129310344828,60.8105665801286,1.06312179335889,2.10129310344828
2021-06-17,51801,12,43229,8,8572,4,47333,9,349451,515,396784,524,0,641,0,1438,672,1,"Knox County",470313,12.5448371616349,0.0189431704885344,111.415163944012,2.55149230406134,1.89431704885344
2021-06-16,51789,7,43221,4,8568,3,47324,4,348936,362,396260,366,1,641,0,1438,671,0,"Knox County",470313,11.2690910096042,0.0163304514889529,77.8205152738708,1.48837051070245,1.63304514889529
2021-06-15,51782,13,43217,9,8565,4,47320,14,348574,428,395894,442,0,640,0,1438,671,0,"Knox County",470313,11.0564666509325,0.0189260563380282,93.9799665329259,2.76411666273312,1.89260563380282
2021-06-14,51769,7,43208,2,8561,5,47306,3,348146,259,395452,262,1,640,0,1438,671,0,"Knox County",470313,10.6312179335889,0.0165474060822898,55.7075819720059,1.48837051070245,1.65474060822898
2021-06-13,51762,3,43206,3,8556,0,47303,4,347887,128,395190,132,0,639,1,1438,671,0,"Knox County",470313,10.6312179335889,0.0172413793103448,28.0664153446747,0.637873076015334,1.72413793103448
2021-06-12,51759,2,43203,1,8556,1,47299,1,347759,226,395058,227,0,639,0,1437,671,1,"Knox County",470313,10.4185935749171,0.0169718624385887,48.2657294184936,0.425248717343556,1.69718624385887
2021-06-11,51757,7,43202,3,8555,4,47298,2,347533,317,394831,319,0,639,0,1437,670,1,"Knox County",470313,10.8438422922607,0.0162852112676056,67.8271704162972,1.48837051070245,1.62852112676056
2021-06-10,51750,7,43199,4,8551,3,47296,5,347216,358,394512,363,0,639,0,1437,669,0,"Knox County",470313,9.7807204989018,0.0156324017053529,77.1826421978555,1.48837051070245,1.56324017053529
2021-06-09,51743,2,43195,1,8548,1,47291,1,346858,367,394149,368,1,639,0,1437,669,1,"Knox County",470313,8.7175987055429,0.0141978230004733,78.2457639912144,0.425248717343556,1.41978230004733
2021-06-08,51741,5,43194,3,8547,2,47290,4,346491,266,393781,270,1,638,0,1437,668,1,"Knox County",470313,7.01660383616868,0.0103039670273055,57.4085768413801,1.06312179335889,1.03039670273055
2021-06-07,51736,16,43191,10,8545,6,47286,10,346225,316,393511,326,0,637,2,1437,667,0,"Knox County",470313,8.93022306421468,0.0134663341645885,69.3155409269997,3.40198973874845,1.34663341645885
2021-06-06,51720,4,43181,2,8539,2,47276,2,345909,178,393185,180,0,637,0,1435,667,1,"Knox County",470313,9.14284742288646,0.0121773015099854,38.2723845609201,0.850497434687113,1.21773015099854
2021-06-05,51716,5,43179,2,8537,3,47274,3,345731,258,393005,261,0,637,0,1435,666,0,"Knox County",470313,9.7807204989018,0.0129372304743651,55.4949576133341,1.06312179335889,1.29372304743651
2021-06-04,51711,7,43177,2,8534,5,47271,3,345473,325,392744,328,1,637,0,1435,666,0,"Knox County",470313,9.7807204989018,0.0133587786259542,69.7407896443432,1.48837051070245,1.33587786259542
2021-06-03,51704,7,43175,4,8529,3,47268,6,345148,458,392416,464,0,636,0,1435,666,0,"Knox County",470313,9.7807204989018,0.0131998179335457,98.6577024237051,1.48837051070245,1.31998179335457
2021-06-02,51697,20,43171,7,8526,13,47262,6,344690,282,391952,288,0,636,1,1435,666,0,"Knox County",470313,13.6079589549938,0.0160604629192253,61.2358152974721,4.25248717343556,1.60604629192253
2021-06-01,51677,12,43164,9,8513,3,47256,10,344408,291,391664,301,0,636,1,1434,666,0,"Knox County",470313,15.0963294656962,0.0186219739292365,63.9999319602052,2.55149230406134,1.86219739292365
2021-05-31,51665,17,43155,14,8510,3,47246,12,344117,353,391363,365,0,636,0,1433,666,0,"Knox County",470313,15.308953824368,0.0192043895747599,77.607890915199,3.61461409742023,1.92043895747599
2021-05-30,51648,3,43141,1,8507,2,47234,1,343764,203,390998,204,0,636,0,1433,666,1,"Knox County",470313,15.0963294656962,0.018543645409317,43.3753691690427,0.637873076015334,1.8543645409317
2021-05-29,51645,14,43140,8,8505,6,47233,6,343561,199,390794,205,0,636,1,1433,665,2,"Knox County",470313,17.0099486937423,0.0204176334106729,43.5879935277145,2.97674102140489,2.04176334106729
2021-05-28,51631,10,43132,6,8499,4,47227,10,343362,390,390589,400,0,636,1,1432,663,0,"Knox County",470313,17.6478217697576,0.0229007633587786,85.0497434687113,2.12624358671778,2.29007633587786
2021-05-27,51621,23,43126,8,8495,15,47217,9,342972,341,390189,350,0,636,1,1431,663,0,"Knox County",470313,21.049811508506,0.0255560814008519,74.4185255351224,4.8903602494509,2.55560814008519
2021-05-26,51598,16,43118,8,8480,8,47208,11,342631,572,389839,583,0,636,0,1430,663,0,"Knox County",470313,20.1993140738189,0.0245016611295681,123.960001105647,3.40198973874845,2.45016611295681
2021-05-25,51582,18,43110,8,8472,10,47197,7,342059,311,389256,318,0,636,1,1430,663,0,"Knox County",470313,21.4750602258496,0.0230927835051546,67.6145460576254,3.82723845609201,2.30927835051546
2021-05-24,51564,25,43102,21,8462,4,47190,24,341748,425,388938,449,0,636,1,1429,663,1,"Knox County",470313,23.1760550952238,0.027102431247509,95.4683370436284,5.31560896679445,2.7102431247509
2021-05-23,51539,16,43081,8,8458,8,47166,8,341323,225,388489,233,1,636,1,1428,662,1,"Knox County",470313,25.9401717579569,0.0295508274231678,49.5414755705243,3.40198973874845,2.95508274231678
2021-05-22,51523,8,43073,4,8450,4,47158,4,341098,269,388256,273,0,635,0,1427,661,0,"Knox County",470313,24.6644256059263,0.0280122793553338,58.0464499173954,1.70099486937423,2.80122793553338
2021-05-21,51515,15,43069,11,8446,4,47154,13,340829,377,387983,390,0,635,1,1427,661,1,"Knox County",470313,25.7275473992852,0.0292758089368259,82.9234998819935,3.18936538007667,2.92758089368259
2021-05-20,51500,34,43058,26,8442,8,47141,27,340452,594,387593,621,0,635,1,1426,660,1,"Knox County",470313,28.0664153446747,0.0327868852459016,132.039726735174,7.22922819484046,3.27868852459016
2021-05-19,51466,14,43032,6,8434,8,47114,6,339858,544,386972,550,0,635,1,1425,659,0,"Knox County",470313,27.6411666273312,0.0314043754410727,116.943397269478,2.97674102140489,3.14043754410727
2021-05-18,51452,24,43026,14,8426,10,47108,14,339314,444,386422,458,1,635,0,1424,659,1,"Knox County",470313,28.9169127793618,0.0322797579018157,97.3819562716744,5.10298460812268,3.22797579018157
2021-05-17,51428,15,43012,8,8416,7,47094,8,338870,420,385964,428,0,634,0,1424,658,0,"Knox County",470313,26.790669192644,0.0270910938029123,91.003225511521,3.18936538007667,2.70910938029123
2021-05-16,51413,22,43004,13,8409,9,47086,12,338450,272,385536,284,1,634,1,1424,658,1,"Knox County",470313,28.0664153446747,0.0279627163781625,60.385317862785,4.67773589077912,2.79627163781625
2021-05-15,51391,23,42991,13,8400,10,47074,17,338178,336,385252,353,0,633,2,1423,657,1,"Knox County",470313,31.2557807247514,0.0314526588845655,75.0563986111377,4.8903602494509,3.14526588845655
2021-05-14,51368,36,42978,25,8390,11,47057,26,337842,498,384899,524,0,633,4,1421,656,0,"Knox County",470313,35.7208922568587,0.0341827221876942,111.415163944012,7.65447691218401,3.41827221876942
2021-05-13,51332,31,42953,17,8379,14,47031,17,337344,376,384375,393,0,633,0,1417,656,0,"Knox County",470313,35.0830191808434,0.0334448160535117,83.5613729580088,6.59135511882512,3.34448160535117
2021-05-12,51301,34,42936,28,8365,6,47014,26,336968,506,383982,532,0,633,0,1417,656,0,"Knox County",470313,39.335506354279,0.0403768506056528,113.116158813386,7.22922819484046,4.03768506056528
2021-05-11,51267,36,42908,30,8359,6,46988,31,336462,555,383450,586,0,633,4,1417,656,0,"Knox County",470313,41.8869986583403,0.0441935483870968,124.597874181662,7.65447691218401,4.41935483870968
2021-05-10,51231,21,42878,14,8353,7,46957,13,335907,277,382864,290,1,633,1,1413,656,1,"Knox County",470313,43.162744810371,0.0479405806887238,61.6610640148157,4.46511153210734,4.79405806887238
2021-05-09,51210,17,42864,14,8346,3,46944,17,335630,369,382574,386,0,632,1,1412,655,0,"Knox County",470313,42.0996230170121,0.047976501305483,82.0730024473064,3.61461409742023,4.7976501305483
2021-05-08,51193,20,42850,11,8343,9,46927,14,335261,307,382188,321,0,632,1,1411,655,0,"Knox County",470313,41.4617499409967,0.0474934036939314,68.2524191336408,4.25248717343556,4.74934036939314
2021-05-07,51173,43,42839,31,8334,12,46913,33,334954,576,381867,609,0,632,0,1410,655,0,"Knox County",470313,42.9501204516992,0.0484440166827077,129.488234431113,9.14284742288646,4.84440166827077
2021-05-06,51130,40,42808,26,8322,14,46880,28,334378,340,381258,368,1,632,0,1410,655,1,"Knox County",470313,44.8637396797452,0.0523932729624838,78.2457639912144,8.50497434687113,5.23932729624838
2021-05-05,51090,51,42782,32,8308,19,46852,38,334038,585,380890,623,0,631,4,1410,654,0,"Knox County",470313,48.4783537771654,0.0546654099905749,132.464975452518,10.8438422922607,5.46654099905749
2021-05-04,51039,50,42750,32,8289,18,46814,34,333453,536,380267,570,0,631,0,1406,654,0,"Knox County",470313,51.4550947985703,0.0558888538048626,121.195884442914,10.6312179335889,5.58888538048626
2021-05-03,50989,24,42718,9,8271,15,46780,7,332917,309,379697,316,1,631,1,1406,654,1,"Knox County",470313,52.0929678745856,0.053554650798622,67.1892973402819,5.10298460812268,5.3554650798622
2021-05-02,50965,25,42709,18,8256,7,46773,20,332608,288,379381,308,0,630,2,1405,653,0,"Knox County",470313,53.7939627439599,0.0558587479935795,65.4883024709077,5.31560896679445,5.58587479935795
2021-05-01,50940,45,42691,35,8249,10,46753,37,332320,450,379073,487,0,630,2,1403,653,0,"Knox County",470313,59.1095717107543,0.060042669917708,103.548062673156,9.56809614023002,6.0042669917708
2021-04-30,50895,58,42656,30,8239,28,46716,29,331870,567,378586,596,0,630,3,1401,653,1,"Knox County",470313,62.298937090831,0.0590575275397797,126.72411776838,12.3322128029631,5.90575275397797
2021-04-29,50837,54,42626,34,8211,20,46687,35,331303,571,377990,606,0,630,2,1398,652,0,"Knox County",470313,65.2756781122359,0.0570450656018254,128.850361355098,11.481715368276,5.70450656018254
2021-04-28,50783,47,42592,28,8191,19,46652,34,330732,543,377384,577,4,630,1,1396,652,2,"Knox County",470313,64.4251806775488,0.0566473988439306,122.684254953616,9.99334485757357,5.66473988439306
2021-04-27,50736,39,42564,17,8172,22,46618,20,330189,392,376807,412,1,626,2,1395,650,1,"Knox County",470313,62.0863127321592,0.0551181102362205,87.6012357727726,8.29234998819935,5.51181102362205
2021-04-26,50697,69,42547,36,8150,33,46598,40,329797,480,376395,520,1,625,0,1393,649,2,"Knox County",470313,71.6544088723892,0.0613234455219624,110.564666509325,14.6710807483527,6.13234455219624
2021-04-25,50628,38,42511,25,8117,13,46558,26,329317,341,375875,367,0,624,3,1393,647,0,"Knox County",470313,74.4185255351224,0.0619915848527349,78.0331396325426,8.07972562952757,6.19915848527349
2021-04-24,50590,35,42486,22,8104,13,46532,28,328976,509,375508,537,0,624,3,1390,647,1,"Knox County",470313,72.2922819484046,0.0586445366528354,114.179280606745,7.44185255351224,5.86445366528354
2021-04-23,50555,43,42464,31,8091,12,46504,36,328467,553,374971,589,0,624,2,1387,646,1,"Knox County",470313,69.1029165683279,0.0606984478935698,125.235747257677,9.14284742288646,6.06984478935698
2021-04-22,50512,79,42433,62,8079,17,46468,65,327914,787,374382,852,1,624,1,1385,645,1,"Knox County",470313,74.4185255351224,0.0646081992734821,181.155953588355,16.7973243350705,6.46081992734821
2021-04-21,50433,62,42371,34,8062,28,46403,35,327127,479,373530,514,1,623,1,1384,644,1,"Knox County",470313,77.607890915199,0.065945660775521,109.288920357294,13.1827102376502,6.5945660775521
2021-04-20,50371,38,42337,34,8034,4,46368,38,326648,474,373016,512,1,622,1,1383,643,1,"Knox County",470313,77.3952665565272,0.0688768953996402,108.86367163995,8.07972562952757,6.88768953996402
2021-04-19,50333,65,42303,41,8030,24,46330,39,326174,336,372504,375,0,621,0,1382,642,0,"Knox County",470313,76.5447691218401,0.0712760277629471,79.7341345019168,13.8205833136656,7.12760277629471
2021-04-18,50268,38,42262,27,8006,11,46291,32,325838,364,372129,396,0,621,1,1382,642,1,"Knox County",470313,76.5447691218401,0.072317880794702,84.1992460340241,8.07972562952757,7.2317880794702
2021-04-17,50230,37,42235,18,7995,19,46259,23,325474,335,371733,358,0,621,1,1381,641,0,"Knox County",470313,76.9700178391837,0.0745272525027809,76.1195204044966,7.86710127085579,7.45272525027809
2021-04-16,50193,344,42217,328,7976,16,46236,368,325139,2088,371375,2456,1,621,4,1380,641,1,"Knox County",470313,140.969949799389,0.109829763866008,522.205424897887,73.1427793830917,10.9829763866008
2021-04-15,49849,86,41889,54,7960,32,45868,55,323051,577,368919,632,1,620,0,1376,640,1,"Knox County",470313,142.458320310091,0.112530993705894,134.378594680564,18.2856948457729,11.2530993705894
2021-04-14,49763,84,41835,59,7928,25,45813,61,322474,684,368287,745,0,619,3,1376,639,0,"Knox County",470313,147.13605620087,0.112531969309463,158.405147210475,17.8604461284294,11.2531969309463
2021-04-13,49679,68,41776,38,7903,30,45752,43,321790,339,367542,382,-5,619,1,1373,639,0,"Knox County",470313,153.514786961024,0.116205089820359,81.2225050126193,14.4584563896809,11.6205089820359
2021-04-12,49611,63,41738,43,7873,20,45709,50,321451,360,367160,410,1,624,0,1372,639,1,"Knox County",470313,153.08953824368,0.117493957984756,87.175987055429,13.395334596322,11.7493957984756
2021-04-11,49548,26,41695,15,7853,11,45659,14,321091,296,366750,310,2,623,0,1372,638,0,"Knox County",470313,150.538045939619,0.116002267145286,65.9135511882512,5.52823332546623,11.6002267145286
2021-04-10,49522,50,41680,33,7842,17,45645,41,320795,571,366440,612,0,621,1,1372,638,1,"Knox County",470313,153.302162602352,0.113935460609338,130.126107507128,10.6312179335889,11.3935460609338
2021-04-09,49472,82,41647,62,7825,20,45604,71,320224,620,365828,691,5,621,2,1371,637,0,"Knox County",470313,97.5945806303462,0.0885774722369117,146.923431842199,17.4351974110858,8.85774722369117
2021-04-08,49390,49,41585,26,7805,23,45533,26,319604,465,365137,491,-6,616,0,1369,637,1,"Knox County",470313,89.7274793594904,0.0840428453721505,104.398560107843,10.4185935749171,8.40428453721505
2021-04-07,49341,77,41559,54,7782,23,45507,57,319139,767,364646,824,2,622,1,1369,636,0,"Knox County",470313,88.2391088487879,0.0811827956989247,175.202471545545,16.3720756177269,8.11827956989247
2021-04-06,49264,74,41505,41,7759,33,45450,45,318372,419,363822,464,2,620,0,1368,636,0,"Knox County",470313,89.5148550008186,0.0799579168858496,98.6577024237051,15.7342025417116,7.99579168858495
2021-04-05,49190,44,41464,32,7726,12,45405,35,317953,266,363358,301,0,618,3,1368,636,2,"Knox County",470313,85.4749921860548,0.0782561603032765,63.9999319602052,9.35547178155824,7.82561603032765
2021-04-04,49146,49,41432,31,7714,18,45370,40,317687,341,363057,381,3,618,0,1365,634,1,"Knox County",470313,90.3653524355057,0.0836875664187035,81.0098806539475,10.4185935749171,8.36875664187035
2021-04-03,49097,81,41401,64,7696,17,45330,71,317346,593,362676,664,0,615,0,1365,633,3,"Knox County",470313,96.9567075543308,0.0904088050314465,141.182574158061,17.222573052414,9.04088050314465
2021-04-02,49016,74,41337,44,7679,30,45259,44,316753,529,362012,573,0,615,2,1365,630,2,"Knox County",470313,95.2557126849566,0.085992428339643,121.833757518929,15.7342025417116,8.5992428339643
2021-04-01,48942,76,41293,64,7649,12,45215,67,316224,580,361439,647,1,615,1,1363,628,0,"Knox County",470313,100.996570369095,0.093149974052932,137.56796006064,16.1594512590551,9.3149974052932
2021-03-31,48866,87,41229,66,7637,21,45148,72,315644,765,360792,837,3,614,2,1362,628,2,"Knox County",470313,103.122813955812,0.0967158003620378,177.966588208278,18.4983192044447,9.67158003620377
2021-03-30,48779,56,41163,32,7616,24,45076,38,314879,460,359955,498,1,611,2,1360,626,2,"Knox County",470313,99.2955754997204,0.0940784414252756,105.886930618546,11.9069640856196,9.40784414252756
2021-03-29,48723,42,41131,21,7592,21,45038,22,314419,399,359457,421,5,610,0,1358,624,1,"Knox County",470313,98.8703267823768,0.088037801541905,89.5148550008186,8.93022306421468,8.8037801541905
2021-03-28,48681,80,41110,46,7571,34,45016,49,314020,484,359036,533,2,605,5,1358,623,1,"Knox County",470313,105.461681901202,0.0869877785765636,113.328783172058,17.0099486937423,8.69877785765636
2021-03-27,48601,43,41064,40,7537,3,44967,42,313536,442,358503,484,0,603,2,1353,622,2,"Knox County",470313,97.3819562716744,0.0836463811670423,102.910189597141,9.14284742288646,8.36463811670423
2021-03-26,48558,79,41024,54,7534,25,44925,60,313094,416,358019,476,0,603,2,1351,620,2,"Knox County",470313,98.4450780650333,0.0898357289527721,101.209194727766,16.7973243350705,8.98357289527721
2021-03-25,48479,87,40970,63,7509,24,44865,67,312678,570,357543,637,0,603,4,1349,618,1,"Knox County",470313,100.783946010423,0.0900669068450849,135.441716473923,18.4983192044447,9.00669068450849
2021-03-24,48392,123,40907,93,7485,30,44798,95,312108,780,356906,875,1,603,3,1345,617,1,"Knox County",470313,108.438422922607,0.0950560652395515,186.046313837806,26.1527961166287,9.50560652395515
2021-03-23,48269,88,40814,58,7455,30,44703,63,311328,530,356031,593,1,602,3,1342,616,1,"Knox County",470313,115.242402400104,0.0990296093555611,126.086244692364,18.7109435631165,9.90296093555611
2021-03-22,48181,113,40756,78,7425,35,44640,80,310798,516,355438,596,2,601,1,1339,615,0,"Knox County",470313,130.3387318658,0.108726752503577,126.72411776838,24.0265525299109,10.8726752503577
2021-03-21,48068,50,40678,33,7390,17,44560,34,310282,330,354842,364,-3,599,1,1338,615,1,"Knox County",470313,123.960001105647,0.109565217391304,77.3952665565272,10.6312179335889,10.9565217391304
2021-03-20,48018,59,40645,29,7373,30,44526,33,309952,315,354478,348,0,602,4,1337,614,0,"Knox County",470313,127.361990844395,0.111082540498843,73.9932768177788,12.5448371616349,11.1082540498843
2021-03-19,47959,146,40616,102,7343,44,44493,117,309637,955,354130,1072,3,602,3,1333,614,1,"Knox County",470313,141.607822875404,0.109030100334448,227.933312496146,31.0431563660796,10.9030100334448
2021-03-18,47813,68,40514,50,7299,18,44376,66,308682,627,353058,693,2,599,1,1330,613,0,"Knox County",470313,137.56796006064,0.107465316009689,147.348680559542,14.4584563896809,10.7465316009689
2021-03-17,47745,46,40464,36,7281,10,44310,41,308055,498,352365,539,1,597,3,1329,613,2,"Knox County",470313,121.195884442914,0.10321046373365,114.604529324088,9.7807204989018,10.321046373365
2021-03-16,47699,128,40428,84,7271,44,44269,100,307557,698,351826,798,0,596,3,1326,611,1,"Knox County",470313,129.700858789785,0.106802721088435,169.674238220079,27.2159179099876,10.6802721088435
2021-03-15,47571,43,40344,28,7227,15,44169,39,306859,290,351028,329,1,596,1,1323,610,1,"Knox County",470313,114.81715368276,0.103789524499155,69.953414003015,9.14284742288646,10.3789524499155
2021-03-14,47528,60,40316,38,7212,22,44130,46,306569,405,350699,451,0,595,0,1322,609,0,"Knox County",470313,116.943397269478,0.104491725768322,95.893585760972,12.7574615203067,10.4491725768322
2021-03-13,47468,71,40278,34,7190,37,44084,41,306164,623,350248,664,1,595,1,1322,609,2,"Knox County",470313,119.494889573539,0.098988121425429,141.182574158061,15.0963294656962,9.8988121425429
2021-03-12,47397,63,40244,60,7153,3,44043,67,305541,691,349584,758,0,594,1,1321,607,2,"Knox County",470313,101.847067803782,0.0945179584120983,161.169263873208,13.395334596322,9.45179584120983
2021-03-11,47334,81,40184,54,7150,27,43976,65,304850,627,348826,692,2,594,0,1320,605,1,"Knox County",470313,104.611184466515,0.0943039470574332,147.13605620087,17.222573052414,9.43039470574332
2021-03-10,47253,94,40130,71,7123,23,43911,81,304223,1001,348134,1082,2,592,0,1320,604,0,"Knox County",470313,114.81715368276,0.0919564306661081,230.059556082864,19.9866897151471,9.19564306661081
2021-03-09,47159,80,40059,50,7100,30,43830,55,303222,597,347052,652,0,590,2,1320,604,5,"Knox County",470313,104.611184466515,0.0851339671564391,138.631081853999,17.0099486937423,8.51339671564391
2021-03-08,47079,85,40009,57,7070,28,43775,63,302625,411,346400,474,1,590,0,1318,599,2,"Knox County",470313,113.54140753073,0.0875759480410643,100.783946010423,18.0730704871011,8.75759480410643
2021-03-07,46994,64,39952,40,7042,24,43712,42,302214,327,345926,369,0,589,0,1318,597,0,"Knox County",470313,114.391904965417,0.0882541036026434,78.4583883498861,13.6079589549938,8.82541036026434
2021-03-06,46930,124,39912,87,7018,37,43670,95,301887,848,345557,943,0,589,1,1318,597,0,"Knox County",470313,125.660995975021,0.0941649899396378,200.504770227487,26.3654204753005,9.41649899396378
2021-03-05,46806,69,39825,43,6981,26,43575,48,301039,520,344614,568,2,589,2,1317,597,2,"Knox County",470313,126.936742127052,0.0939330543933054,120.77063572557,14.6710807483527,9.39330543933055
2021-03-04,46737,113,39782,86,6955,27,43527,100,300519,1094,344046,1194,5,587,2,1315,595,2,"Knox County",470313,133.740721604548,0.0916319575918213,253.873484254103,24.0265525299109,9.16319575918213
2021-03-03,46624,72,39696,31,6928,41,43427,38,299425,497,342852,535,1,582,4,1313,593,1,"Knox County",470313,129.062985713769,0.0931362196409715,113.754031889401,15.308953824368,9.31362196409715
2021-03-02,46552,133,39665,91,6887,42,43389,99,298928,807,342317,906,-1,581,2,1309,592,5,"Knox County",470313,140.332076723374,0.0972138705151333,192.637668956631,28.2790397033465,9.72138705151333
2021-03-01,46419,59,39574,33,6845,26,43290,34,298121,165,341411,199,1,582,1,1307,587,0,"Knox County",470313,134.803843397907,0.0967331353415359,42.3122473756839,12.5448371616349,9.67331353415359
2021-02-28,46360,77,39541,53,6819,24,43256,63,297956,563,341212,626,2,581,2,1306,587,1,"Knox County",470313,137.56796006064,0.095956547978274,133.102848528533,16.3720756177269,9.5956547978274
2021-02-27,46283,82,39488,47,6795,35,43193,59,297393,670,340586,729,1,579,3,1304,586,1,"Knox County",470313,128.637736996426,0.0927054866512508,155.003157471726,17.4351974110858,9.27054866512508
2021-02-26,46201,105,39441,69,6760,36,43134,80,296723,505,339857,585,5,578,1,1301,585,0,"Knox County",470313,136.29221390861,0.0990783410138249,124.38524982299,22.3255576605367,9.90783410138249
2021-02-25,46096,131,39372,92,6724,39,43054,98,296218,1029,339272,1127,2,573,5,1300,585,1,"Knox County",470313,140.119452364702,0.10006373486297,239.627652223094,27.8537909860029,10.006373486297
2021-02-24,45965,101,39280,71,6685,30,42956,79,295189,969,338145,1048,2,571,2,1295,584,1,"Knox County",470313,146.285558766183,0.0980842911877395,222.830327888024,21.4750602258496,9.80842911877395
2021-02-23,45864,117,39209,63,6655,54,42877,68,294220,758,337097,826,5,569,6,1293,583,2,"Knox County",470313,142.883569027435,0.093579766536965,175.627720262889,24.877049964598,9.3579766536965
2021-02-22,45747,61,39146,32,6601,29,42809,38,293462,306,336271,344,3,564,3,1287,581,2,"Knox County",470313,143.308817744778,0.0917691579943236,73.1427793830917,12.9700858789785,9.17691579943236
2021-02-21,45686,82,39114,41,6572,41,42771,45,293156,499,335927,544,2,561,3,1284,579,3,"Knox County",470313,144.371939538137,0.0897559100518931,115.667651117447,17.4351974110858,8.97559100518931
2021-02-20,45604,137,39073,98,6531,39,42726,115,292657,1007,335383,1122,1,559,2,1281,576,1,"Knox County",470313,156.066279265085,0.0934596140100071,238.564530429735,29.1295371380336,9.34596140100071
2021-02-19,45467,94,38975,42,6492,52,42611,48,291650,274,334261,322,1,558,2,1279,575,2,"Knox County",470313,153.727411319696,0.0920682542658916,68.4650434923126,19.9866897151471,9.20682542658916
2021-02-18,45373,154,38933,110,6440,44,42563,119,291376,987,333939,1106,4,557,5,1277,573,6,"Knox County",470313,158.617771569146,0.0963855421686747,235.162540690987,32.7441512354538,9.63855421686747
2021-02-17,45219,113,38823,68,6396,45,42444,76,290389,891,332833,967,1,553,4,1272,567,3,"Knox County",470313,161.169263873208,0.0973045306824699,205.607754835609,24.0265525299109,9.73045306824699
2021-02-16,45106,145,38755,89,6351,56,42368,102,289498,818,331866,920,2,552,4,1268,564,0,"Knox County",470313,167.122745916018,0.101971830985915,195.614409978036,30.8305320074078,10.1971830985915
2021-02-15,44961,75,38666,36,6295,39,42266,44,288680,312,330946,356,2,550,1,1264,564,1,"Knox County",470313,170.099486937423,0.102866779089376,75.694271687153,15.9468269003834,10.2866779089376
2021-02-14,44886,162,38630,132,6256,30,42222,134,288368,706,330590,840,2,548,5,1263,563,1,"Knox County",470313,187.109435631165,0.113261139712409,178.604461284294,34.4451461048281,11.3261139712409
2021-02-13,44724,133,38498,89,6226,44,42088,104,287662,870,329750,974,4,546,6,1258,562,4,"Knox County",470313,186.258938196478,0.114311759343665,207.096125346312,28.2790397033465,11.4311759343665
2021-02-12,44591,179,38409,114,6182,65,41984,123,286792,996,328776,1119,3,542,3,1252,558,1,"Knox County",470313,204.332008683579,0.111747851002865,237.92665735372,38.0597602022483,11.1747851002865
2021-02-11,44412,162,38295,112,6117,50,41861,117,285796,1132,327657,1249,5,539,5,1249,557,2,"Knox County",470313,206.033003552953,0.108949416342412,265.567823981051,34.4451461048281,10.8949416342412
2021-02-10,44250,148,38183,106,6067,42,41744,112,284664,1032,326408,1144,7,534,6,1244,555,2,"Knox County",470313,213.474856106465,0.111481369282036,243.242266320514,31.4684050834232,11.1481369282036
2021-02-09,44102,207,38077,152,6025,55,41632,161,283632,1022,325264,1183,0,527,6,1238,553,5,"Knox County",470313,226.657566344116,0.115804806991988,251.534616308714,44.0132422450581,11.5804806991988
2021-02-08,43895,103,37925,68,5970,35,41471,72,282610,371,324081,443,4,527,2,1232,548,3,"Knox County",470313,232.611048386925,0.118383199079402,94.1925908915977,21.9003089431931,11.8383199079402
2021-02-07,43792,109,37857,76,5935,33,41399,82,282239,716,323638,798,1,523,2,1230,545,1,"Knox County",470313,221.341957377321,0.111577424023155,169.674238220079,23.1760550952238,11.1577424023155
2021-02-06,43683,303,37781,176,5902,127,41317,197,281523,1396,322840,1593,2,522,6,1228,544,4,"Knox County",470313,257.488098351523,0.114756275733829,338.710603364143,64.4251806775488,11.4756275733829
2021-02-05,43380,174,37605,129,5775,45,41120,143,280127,727,321247,870,8,520,4,1222,540,3,"Knox County",470313,256.424976558164,0.121428571428571,184.983192044447,36.9966384088894,12.1428571428571
2021-02-04,43206,200,37476,149,5730,51,40977,159,279400,1581,320377,1740,2,512,7,1218,537,8,"Knox County",470313,264.504702187692,0.119160983142453,369.966384088894,42.5248717343556,11.9160983142453
2021-02-03,43006,230,37327,165,5679,65,40818,172,277819,1634,318637,1806,5,510,7,1211,529,0,"Knox County",470313,281.939899598778,0.116921617455235,383.999591761231,48.903602494509,11.6921617455235
2021-02-02,42776,90,37162,69,5614,21,40646,77,276185,291,316831,368,7,505,1,1204,529,2,"Knox County",470313,257.06284963418,0.118403780519821,78.2457639912144,19.13619228046,11.8403780519821
2021-02-01,42686,153,37093,82,5593,71,40569,97,275894,425,316463,522,4,498,2,1203,527,3,"Knox County",470313,267.694067567769,0.120436533714434,110.989915226668,32.5315268767821,12.0436533714434
2021-01-31,42533,175,37011,121,5522,54,40472,129,275469,939,315941,1068,7,494,4,1201,524,2,"Knox County",470313,281.727275240106,0.122254298983306,227.082815061459,37.2092627675612,12.2254298983306
2021-01-30,42358,276,36890,232,5468,44,40343,250,274530,1518,314873,1768,7,487,9,1197,522,6,"Knox County",470313,275.986417555968,0.126136084500123,375.919866131704,58.6843229934108,12.6136084500123
2021-01-29,42082,101,36658,52,5424,49,40093,62,273012,376,313105,438,4,480,1,1188,516,5,"Knox County",470313,260.464839372928,0.122697795071336,93.1294690982388,21.4750602258496,12.2697795071336
2021-01-28,41981,158,36606,117,5375,41,40031,129,272636,656,312667,785,9,476,6,1187,511,4,"Knox County",470313,251.534616308714,0.13560325684678,166.910121557346,33.594648670141,13.560325684678
2021-01-27,41823,169,36489,124,5334,45,39902,125,271980,893,311882,1018,12,467,3,1181,507,4,"Knox County",470313,238.564530429735,0.14563432210491,216.45159712787,35.9335166155305,14.563432210491
2021-01-26,41654,233,36365,172,5289,61,39777,192,271087,1041,310864,1233,3,455,8,1178,503,7,"Knox County",470313,268.969813719799,0.144028103044496,262.165834242302,49.5414755705243,14.4028103044496
2021-01-25,41421,157,36193,105,5228,52,39585,115,270046,415,309631,530,9,452,1,1170,496,4,"Knox County",470313,269.820311154486,0.146491228070175,112.690910096042,33.3820243114692,14.6491228070175
2021-01-24,41264,153,36088,101,5176,52,39470,109,269631,790,309101,899,4,443,2,1169,492,5,"Knox County",470313,265.142575263707,0.147204317193824,191.149298445929,32.5315268767821,14.7204317193824
2021-01-23,41111,309,35987,222,5124,87,39361,231,268841,1492,308202,1723,7,439,7,1167,487,4,"Knox County",470313,272.159179099876,0.145336552973136,366.351769991474,65.7009268295794,14.5336552973136
2021-01-22,40802,177,35765,141,5037,36,39130,175,267349,1172,306479,1347,3,432,8,1160,483,8,"Knox County",470313,288.318630358931,0.142800265428003,286.405011130885,37.6345114849047,14.2800265428003
2021-01-21,40625,266,35624,194,5001,72,38955,202,266177,1079,305132,1281,11,429,5,1152,475,6,"Knox County",470313,311.282061095483,0.143070601419499,272.371803458548,56.558079406693,14.3070601419499
2021-01-20,40359,193,35430,132,4929,61,38753,131,265098,736,303851,867,10,418,8,1147,469,10,"Knox County",470313,316.385045703606,0.146573604060914,184.345318968432,41.0365012236532,14.6573604060914
2021-01-19,40166,310,35298,195,4868,115,38622,218,264362,956,302984,1174,8,408,14,1139,459,3,"Knox County",470313,332.757121321333,0.151003707965733,249.620997080668,65.9135511882512,15.1003707965733
2021-01-18,39856,129,35103,80,4753,49,38404,87,263406,472,301810,559,7,400,4,1125,456,9,"Knox County",470313,326.803639278523,0.14687898089172,118.857016497524,27.4285422686594,14.687898089172
2021-01-17,39727,181,35023,138,4704,43,38317,151,262934,690,301251,841,3,393,8,1121,447,6,"Knox County",470313,332.757121321333,0.153362422997947,178.817085642965,38.4850089195918,15.3362422997947
2021-01-16,39546,419,34885,339,4661,80,38166,388,262244,1757,300410,2145,1,390,7,1113,441,8,"Knox County",470313,356.145800775228,0.164597029461894,456.079249350964,89.089606283475,16.4597029461894
2021-01-15,39127,187,34546,149,4581,38,37778,153,260487,755,298265,908,0,389,4,1106,433,10,"Knox County",470313,358.272044361946,0.171061093247588,193.062917673975,39.7607550716225,17.1061093247588
2021-01-14,38940,336,34397,266,4543,70,37625,290,259732,1480,297357,1770,6,389,8,1102,423,7,"Knox County",470313,373.155749468971,0.171587608906099,376.345114849047,71.4417845137175,17.1587608906099
2021-01-13,38604,248,34131,200,4473,48,37335,205,258252,946,295587,1151,12,383,6,1094,416,2,"Knox County",470313,384.850089195918,0.174543752924661,244.730636831217,52.730840950601,17.4543752924661
2021-01-12,38356,331,33931,260,4425,71,37130,282,257306,1180,294436,1462,10,371,6,1088,414,5,"Knox County",470313,389.315200728026,0.17609778180172,310.85681237814,70.3786627203586,17.609778180172
2021-01-11,38025,244,33671,197,4354,47,36848,228,256126,726,292974,954,4,361,5,1082,409,6,"Knox County",470313,413.76700197528,0.183837070739898,202.843638172876,51.8803435159139,18.3837070739898
2021-01-10,37781,327,33474,205,4307,122,36620,220,255400,1013,292020,1233,5,357,17,1077,403,6,"Knox County",470313,444.81015834136,0.183518653226644,262.165834242302,69.5281652856715,18.3518653226644
2021-01-09,37454,472,33269,391,4185,81,36400,426,254387,1383,290787,1809,5,352,11,1060,397,2,"Knox County",470313,456.079249350964,0.19425002691935,384.637464837247,100.358697293079,19.425002691935
2021-01-08,36982,456,32878,368,4104,88,35974,389,253004,1431,288978,1820,7,347,6,1049,395,8,"Knox County",470313,513.275201833672,0.200019609765663,386.976332782636,96.9567075543308,20.0019609765663
2021-01-07,36526,388,32510,345,4016,43,35585,354,251573,1309,287158,1663,10,340,10,1043,387,3,"Knox County",470313,524.331668484605,0.208481965913595,353.594308471167,82.4982511646499,20.8481965913595
2021-01-06,36138,492,32165,359,3973,133,35231,375,250264,1187,285495,1562,9,330,15,1033,384,9,"Knox County",470313,576.212012000519,0.216509568694659,332.119248245317,104.611184466515,21.6509568694659
2021-01-05,35646,518,31806,327,3840,191,34856,345,249077,1192,283933,1537,14,321,14,1018,375,6,"Knox County",470313,615.972767072141,0.22093023255814,326.803639278523,110.139417791981,22.093023255814
2021-01-04,35128,322,31479,228,3649,94,34511,249,247885,654,282396,903,6,307,6,1004,369,8,"Knox County",470313,632.55746704854,0.223995440296381,191.999795880616,68.4650434923126,22.3995440296381
2021-01-03,34806,284,31251,182,3555,102,34262,195,247231,608,281493,803,2,301,10,998,361,9,"Knox County",470313,623.414619625654,0.231058730315935,170.737360013438,60.385317862785,23.1058730315935
2021-01-02,34522,422,31069,319,3453,103,34067,345,246623,1095,280690,1440,0,299,23,988,352,4,"Knox County",470313,612.783401692065,0.231496710526316,306.179076487361,89.7274793594904,23.1496710526316
2021-01-01,34100,418,30750,348,3350,70,33722,373,245528,1297,279250,1670,2,299,8,965,348,6,"Knox County",470313,604.703676062537,0.233451660054291,355.08267898187,88.8769819248033,23.3451660054291
2020-12-31,33682,449,30402,312,3280,137,33349,322,244231,929,277580,1251,12,297,8,957,342,3,"Knox County",470313,617.673761941516,0.240453851189177,265.993072698394,95.4683370436284,24.0453851189177
2020-12-30,33233,363,30090,248,3143,115,33027,271,243302,931,276329,1202,6,285,9,949,339,4,"Knox County",470313,590.245219672856,0.238473767885533,255.574479123477,77.1826421978555,23.8473767885533
2020-12-29,32870,590,29842,398,3028,192,32756,420,242371,1081,275127,1501,7,279,14,940,335,8,"Knox County",470313,605.554173497224,0.248004561003421,319.149162366339,125.448371616349,24.8004561003421
2020-12-28,32280,252,29444,174,2836,78,32336,185,241290,565,273626,750,4,272,4,926,327,5,"Knox County",470313,590.6704683902,0.244980851804572,159.468269003834,53.5813383852881,24.4980851804572
2020-12-27,32028,230,29270,156,2758,74,32151,172,240725,489,272876,661,3,268,8,922,322,7,"Knox County",470313,579.188753021924,0.246371681415929,140.544701082045,48.903602494509,24.6371681415929
2020-12-26,31798,359,29114,289,2684,70,31979,329,240236,1063,272215,1392,0,265,10,914,315,6,"Knox County",470313,565.793418425602,0.245876349827934,295.973107271115,76.3321447631684,24.5876349827934
2020-12-25,31439,353,28825,287,2614,66,31650,308,239173,1070,270823,1378,1,265,5,904,309,7,"Knox County",470313,551.972835111936,0.246711739397664,292.99636624971,75.0563986111377,24.6711739397664
2020-12-24,31086,351,28538,277,2548,74,31342,311,238103,1273,269445,1584,5,264,8,899,302,7,"Knox County",470313,531.135647962102,0.235710911667454,336.796984136097,74.6311498937941,23.5710911667454
2020-12-23,30735,472,28261,351,2474,121,31031,371,236830,1411,267861,1782,6,259,9,891,295,6,"Knox County",470313,554.311703057326,0.231653404067197,378.896607153109,100.358697293079,23.1653404067197
2020-12-22,30263,530,27910,392,2353,138,30660,432,235419,1470,266079,1902,7,253,15,882,289,6,"Knox County",470313,541.554241537019,0.223092390729178,404.411530193722,112.690910096042,22.3092390729178
2020-12-21,29733,442,27518,361,2215,81,30228,391,233949,1422,264177,1813,2,246,5,867,283,3,"Knox County",470313,581.952869684657,0.220129375951294,385.487962271934,93.9799665329259,22.0129375951294
2020-12-20,29291,514,27157,431,2134,83,29837,478,232527,2245,262364,2723,2,244,7,862,280,6,"Knox County",470313,642.338187547442,0.208366470494672,578.976128663252,109.288920357294,20.8366470494672
2020-12-19,28777,525,26726,441,2051,84,29359,489,230282,1445,259641,1934,6,242,14,855,274,7,"Knox County",470313,677.633831086957,0.211954864287893,411.215509671219,111.627788302684,21.1954864287893
2020-12-18,28252,480,26285,420,1967,60,28870,430,228837,1358,257707,1788,4,236,11,841,267,6,"Knox County",470313,704.637124638273,0.214549756025432,380.172353305139,102.059692162454,21.4549756025433
2020-12-17,27772,733,25865,635,1907,98,28440,663,227479,1898,255919,2561,11,232,11,830,261,4,"Knox County",470313,785.859629650892,0.224367372267807,544.530982558424,155.853654906413,22.4367372267807
2020-12-16,27039,564,25230,453,1809,111,27777,472,225581,1729,253358,2201,8,221,11,819,257,4,"Knox County",470313,805.421070648696,0.224835812893714,467.986213436584,119.920138290883,22.4835812893714
2020-12-15,26475,765,24777,675,1698,90,27305,716,223852,2415,251157,3131,2,213,15,808,253,8,"Knox County",470313,855.387794936564,0.225311126246053,665.726867001337,162.65763438391,22.5311126246053
2020-12-14,25710,472,24102,411,1608,61,26589,461,221437,1624,248026,2085,6,211,7,793,245,8,"Knox County",470313,861.766525696717,0.225841807221579,443.321787830657,100.358697293079,22.584180722158
2020-12-13,25238,628,23691,572,1547,56,26128,754,219813,2935,245941,3689,2,205,10,786,237,6,"Knox County",470313,886.0057025853,0.229167864742078,784.37125914019,133.528097245877,22.9167864742078
2020-12-12,24610,464,23119,392,1491,72,25374,454,216878,2171,242252,2625,3,203,19,776,231,4,"Knox County",470313,873.035616706321,0.218473451327434,558.138941513418,98.6577024237051,21.8473451327434
2020-12-11,24146,557,22727,523,1419,34,24920,429,214707,1406,239627,1835,6,200,10,757,227,2,"Knox County",470313,889.407692324048,0.21785182324709,390.165698162713,118.43176778018,21.785182324709
2020-12-10,23589,473,22204,415,1385,58,24491,538,213301,1910,237792,2448,8,194,9,747,225,10,"Knox County",470313,834.125359069386,0.212279338292439,520.504430028513,100.571321651751,21.2279338292439
2020-12-09,23116,407,21789,337,1327,70,23953,359,211391,924,235344,1283,2,186,13,738,215,3,"Knox County",470313,800.743334757917,0.217068320074871,272.797052175891,86.5381139794137,21.7068320074871
2020-12-08,22709,491,21452,446,1257,45,23594,538,210467,2077,234061,2615,9,184,10,725,212,2,"Knox County",470313,742.484260481849,0.213088057901086,556.0126979267,104.398560107843,21.3088057901086
2020-12-07,22218,323,21006,271,1212,52,23056,317,208390,1135,231446,1452,3,175,6,715,210,3,"Knox County",470313,710.803231039754,0.212516460776322,308.730568791422,68.6776678509843,21.2516460776322
2020-12-06,21895,332,20735,291,1160,41,22739,187,207255,668,229994,855,6,172,6,709,207,4,"Knox County",470313,647.866420872908,0.215206283840464,181.79382666437,70.5912870790304,21.5206283840464
2020-12-05,21563,289,20444,263,1119,26,22552,213,206587,714,229139,927,2,166,8,703,203,2,"Knox County",470313,610.657158105347,0.22610600087604,197.102780488738,61.4484396561439,22.610600087604
2020-12-04,21274,354,20181,322,1093,32,22339,297,205873,1091,228212,1388,5,164,11,695,201,5,"Knox County",470313,567.494413294976,0.223285922684172,295.122609836428,75.2690229698095,22.3285922684172
2020-12-03,20920,441,19859,424,1061,17,22042,448,204782,1215,226824,1663,2,159,10,684,196,2,"Knox County",470313,560.690433817479,0.231660610821958,353.594308471167,93.7673421742542,23.1660610821958
2020-12-02,20479,192,19435,170,1044,22,21594,185,203567,575,225161,760,2,157,7,674,194,5,"Knox County",470313,514.976196703047,0.226190476190476,161.594512590551,40.8238768649814,22.6190476190476
2020-12-01,20287,403,19265,380,1022,23,21409,409,202992,1832,224401,2241,5,155,7,667,189,3,"Knox County",470313,496.26525313993,0.221408572043937,476.491187783455,85.6876165447266,22.1408572043937
2020-11-30,19884,385,18885,371,999,14,21000,436,201160,1815,222160,2251,1,150,3,660,186,3,"Knox County",470313,509.44796337758,0.215666831928607,478.617431370173,81.8603780886346,21.5666831928607
2020-11-29,19499,226,18514,218,985,8,20564,260,199345,1464,219909,1724,0,149,5,657,183,6,"Knox County",470313,486.909781358372,0.205221836771955,366.564394350146,48.0531050598219,20.5221836771955
2020-11-28,19273,270,18296,256,977,14,20304,299,197881,1967,218185,2266,0,149,8,652,177,4,"Knox County",470313,482.869918543608,0.189864150329456,481.806796750249,57.4085768413801,18.9864150329456
2020-11-27,19003,235,18040,215,963,20,20005,249,195914,1247,215919,1496,3,149,12,644,173,3,"Knox County",470313,457.567619861667,0.184339972582856,318.08604057298,49.9667242878679,18.4339972582856
2020-11-26,18768,344,17825,341,943,3,19756,441,194667,1429,214423,1870,4,146,5,632,170,6,"Knox County",470313,436.943057070504,0.180758248730964,397.607550716225,73.1427793830917,18.0758248730964
2020-11-25,18424,219,17484,193,940,26,19315,123,193238,325,212553,448,0,142,3,627,164,2,"Knox County",470313,442.683914754642,0.18030253741054,95.2557126849566,46.5647345491194,18.030253741054
2020-11-24,18205,153,17291,130,914,23,19192,116,192913,673,212105,789,2,142,6,624,162,2,"Knox County",470313,389.527825086698,0.177425304315751,167.760618992033,32.5315268767821,17.7425304315751
2020-11-23,18052,167,17161,147,891,20,19076,100,192240,391,211316,491,3,140,7,618,160,7,"Knox County",470313,343.17571489625,0.174812857771907,104.398560107843,35.508267898187,17.4812857771907
2020-11-22,17885,220,17014,212,871,8,18976,258,191849,1804,210825,2062,2,137,5,611,153,2,"Knox County",470313,341.899968744219,0.168329441732116,438.431427581207,46.7773589077912,16.8329441732116
2020-11-21,17665,173,16802,169,863,4,18718,198,190045,1465,208763,1663,0,135,4,606,151,2,"Knox County",470313,321.275405953057,0.168386438371697,353.594308471167,36.7840140502176,16.8386438371697
2020-11-20,17492,178,16633,169,859,9,18520,163,188580,791,207100,954,7,135,5,602,149,4,"Knox County",470313,309.155817508765,0.169022592726833,202.843638172876,37.8471358435765,16.9022592726833
2020-11-19,17314,166,16464,148,850,18,18357,128,187789,663,206146,791,2,128,4,597,145,5,"Knox County",470313,271.308681665189,0.15087524312309,168.185867709377,35.2956435395152,15.087524312309
2020-11-18,17148,168,16316,163,832,5,18229,179,187126,874,205355,1053,0,126,7,593,140,2,"Knox County",470313,260.464839372928,0.146353966423171,223.893449681382,35.7208922568587,14.6353966423171
2020-11-17,16980,248,16153,240,827,8,18050,260,186252,1033,204302,1293,9,126,7,586,138,1,"Knox County",470313,280.664153446747,0.154809197062718,274.923295762609,52.730840950601,15.4809197062718
2020-11-16,16732,272,15913,261,819,11,17790,286,185219,1409,203009,1695,2,117,6,579,137,2,"Knox County",470313,302.989711107284,0.154768163179476,360.398287948664,57.8338255587237,15.4768163179476
2020-11-15,16460,274,15652,247,808,27,17504,295,183810,2278,201314,2573,2,115,3,573,135,4,"Knox County",470313,314.47142647556,0.150568748752744,547.082474862485,58.2590742760672,15.0568748752744
2020-11-14,16186,306,15405,293,781,13,17209,321,181532,1699,198741,2020,0,113,7,570,131,3,"Knox County",470313,342.750466178906,0.157240581944311,429.501204516992,65.0630537535641,15.7240581944311
2020-11-13,15880,219,15112,200,768,19,16888,190,179833,965,196721,1155,4,113,6,563,128,1,"Knox County",470313,351.468064884449,0.156805293005671,245.581134265904,46.5647345491194,15.6805293005671
2020-11-12,15661,143,14912,130,749,13,16698,136,178868,955,195566,1091,1,109,3,557,127,2,"Knox County",470313,346.577704634998,0.153216911764706,231.97317531091,30.4052832900643,15.3216911764706
2020-11-11,15518,191,14782,177,736,14,16562,191,177913,1229,194475,1420,3,108,7,554,125,2,"Knox County",470313,351.468064884449,0.149284253578732,301.926589313925,40.6112525063096,14.9284253578732
2020-11-10,15327,168,14605,163,722,5,16371,186,176684,1131,193055,1317,2,105,4,547,123,2,"Knox County",470313,334.458116190707,0.142400851743412,280.026280370732,35.7208922568587,14.2400851743412
2020-11-09,15159,135,14442,121,717,14,16185,131,175553,490,191738,621,1,103,2,543,121,2,"Knox County",470313,305.328579052673,0.142198685888006,132.039726735174,28.70428842069,14.2198685888006
2020-11-08,15024,215,14321,203,703,12,16054,252,175063,2624,191117,2876,1,102,3,541,119,5,"Knox County",470313,292.783741891039,0.134,611.507655540034,45.7142371144323,13.4
2020-11-07,14809,169,14118,161,691,8,15802,187,172439,1918,188241,2105,1,101,5,538,114,0,"Knox County",470313,263.654204753005,0.120264525271611,447.574275004093,35.9335166155305,12.0264525271611
2020-11-06,14640,155,13957,138,683,17,15615,160,170521,1235,186136,1395,0,100,5,533,114,3,"Knox County",470313,250.046245798011,0.114826789838337,296.61098034713,32.9567755941256,11.4826789838337
2020-11-05,14485,158,13819,142,666,16,15455,151,169286,613,184741,764,1,100,6,528,111,1,"Knox County",470313,253.235611178088,0.119832349018861,162.445010025239,33.594648670141,11.9832349018861
2020-11-04,14327,145,13677,133,650,12,15304,148,168673,934,183977,1082,-1,99,5,522,110,2,"Knox County",470313,243.454890679186,0.119586614173228,230.059556082864,30.8305320074078,11.9586614173228
2020-11-03,14182,196,13544,183,638,13,15156,195,167739,837,182895,1032,3,100,5,517,108,1,"Knox County",470313,249.408372721996,0.123949367088608,219.428338149275,41.6743742996685,12.3949367088608
2020-11-02,13986,116,13361,110,625,6,14961,115,166902,806,181863,921,1,97,2,512,107,2,"Knox County",470313,245.368509907232,0.118722358722359,195.827034336708,24.6644256059263,11.8722358722359
2020-11-01,13870,124,13251,116,619,8,14846,131,166096,1273,180942,1404,0,96,3,510,105,2,"Knox County",470313,226.0196932681,0.124899459956337,298.524599575177,26.3654204753005,12.4899459956337
2020-10-31,13746,5,13135,5,611,0,14715,7,164823,4,179538,11,0,96,0,507,103,1,"Knox County",470313,191.149298445929,0.137237100922984,2.33886794538956,1.06312179335889,13.7237100922984
2020-10-30,13741,156,13130,146,611,10,14708,148,164819,854,179527,1002,1,96,4,507,102,0,"Knox County",470313,191.3619228046,0.143983268983269,213.049607389122,33.1693999527974,14.3983268983269
2020-10-29,13585,152,12984,138,601,14,14560,136,163965,1569,178525,1705,0,95,4,503,102,1,"Knox County",470313,190.08617665257,0.122956546038843,362.524531535382,32.3189025181103,12.2956546038843
2020-10-28,13433,103,12846,96,587,7,14424,102,162396,1055,176820,1157,3,95,8,499,101,1,"Knox County",470313,181.155953588355,0.115320796460177,246.006382983247,21.9003089431931,11.5320796460177
2020-10-27,13330,119,12750,113,580,6,14322,127,161341,799,175663,926,1,92,3,491,100,2,"Knox County",470313,164.783877970628,0.107493685096829,196.890156130067,25.3022986819416,10.7493685096829
2020-10-26,13211,81,12637,74,574,7,14195,73,160542,372,174737,445,2,91,2,488,98,0,"Knox County",470313,157.342025417116,0.108872180451128,94.6178396089413,17.222573052414,10.8872180451128
2020-10-25,13130,132,12563,121,567,11,14122,151,160170,1365,174292,1516,0,89,3,486,98,1,"Knox County",470313,159.04302028649,0.11002661934339,322.338527746416,28.0664153446747,11.002661934339
2020-10-24,12998,172,12442,167,556,5,13971,202,158805,1788,172776,1990,0,89,5,483,97,1,"Knox County",470313,194.551288184677,0.107424779773481,423.122473756839,36.5713896915458,10.7424779773481
2020-10-23,12826,159,12275,148,551,11,13769,172,157017,1239,170786,1411,1,89,5,478,96,0,"Knox County",470313,195.189161260692,0.105245901639344,300.012970085879,33.8072730288127,10.5245901639344
2020-10-22,12667,182,12127,168,540,14,13597,169,155778,1607,169375,1776,1,88,5,473,96,0,"Knox County",470313,201.567892020846,0.108014315150201,377.620861001078,38.6976332782636,10.8014315150201
2020-10-21,12485,72,11959,68,526,4,13428,74,154171,682,167599,756,0,87,1,468,96,1,"Knox County",470313,194.976536902021,0.109750566893424,160.744015155864,15.308953824368,10.9750566893424
2020-10-20,12413,127,11891,121,522,6,13354,150,153489,739,166843,889,0,87,7,467,95,1,"Knox County",470313,196.677531771395,0.112831606512581,189.023054859211,27.0032935513158,11.2831606512581
2020-10-19,12286,112,11770,107,516,5,13204,117,152750,939,165954,1056,1,87,6,460,94,0,"Knox County",470313,203.26888689022,0.110176708537364,224.531322757398,23.8139281712392,11.0176708537364
2020-10-18,12174,140,11663,135,511,5,13087,168,151811,1431,164898,1599,0,86,7,454,94,1,"Knox County",470313,204.969881759594,0.111005592487074,339.986349516173,29.7674102140489,11.1005592487074
2020-10-17,12034,128,11528,125,506,3,12919,154,150380,1458,163299,1612,1,86,3,447,93,1,"Knox County",470313,195.614409978036,0.110341795801736,342.750466178906,27.2159179099876,11.0341795801736
2020-10-16,11906,72,11403,71,503,1,12765,61,148922,390,161687,451,1,85,3,444,92,2,"Knox County",470313,177.116090773591,0.109718638653397,95.893585760972,15.308953824368,10.9718638653397
2020-10-15,11834,74,11332,62,502,12,12704,66,148532,941,161236,1007,1,84,3,441,90,2,"Knox County",470313,154.152660037039,0.10719131614654,214.112729182481,15.7342025417116,10.719131614654
2020-10-14,11760,149,11270,143,490,6,12638,150,147591,1086,160229,1236,0,83,5,438,88,0,"Knox County",470313,170.524735654766,0.11031847133758,262.803707318318,31.6810294420949,11.031847133758
2020-10-13,11611,71,11127,68,484,3,12488,63,146505,581,158993,644,1,83,6,433,88,1,"Knox County",470313,158.617771569146,0.102432610124918,136.930086984625,15.0963294656962,10.2432610124918
2020-10-12,11540,79,11059,66,481,13,12425,87,145924,806,158349,893,0,82,5,427,87,2,"Knox County",470313,151.601167732978,0.100644987906477,189.873552293898,16.7973243350705,10.0644987906477
2020-10-11,11461,170,10993,163,468,7,12338,179,145118,1612,157456,1791,0,82,8,422,85,0,"Knox County",470313,157.979898493131,0.0995546240503013,380.810226381155,36.1461409742023,9.95546240503013
2020-10-10,11291,130,10830,122,461,8,12159,132,143506,1393,155665,1525,0,82,3,414,85,0,"Knox County",470313,158.405147210475,0.0977872002120048,324.252146974462,27.6411666273312,9.77872002120048
2020-10-09,11161,120,10708,118,453,2,12027,134,142113,1336,154140,1470,0,82,3,411,85,0,"Knox County",470313,168.61111642672,0.0946766285314032,312.557807247514,25.5149230406134,9.46766285314032
2020-10-08,11041,110,10590,102,451,8,11893,103,140777,943,152670,1046,1,82,4,408,85,0,"Knox County",470313,176.265593338904,0.0985473561882626,222.40507917068,23.3886794538956,9.85473561882626
2020-10-07,10931,104,10488,88,443,16,11790,95,139834,1649,151624,1744,0,81,5,404,85,1,"Knox County",470313,166.697497198674,0.087018544935806,370.816881523581,22.1129333018649,8.7018544935806
2020-10-06,10827,115,10400,102,427,13,11695,114,138185,1392,149880,1506,0,81,4,399,84,0,"Knox County",470313,176.052968980232,0.0846115288220551,320.212284159698,24.4518012472545,8.46115288220551
2020-10-05,10712,118,10298,109,414,9,11581,123,136793,1238,148374,1361,0,81,5,395,84,2,"Knox County",470313,184.345318968432,0.0842669730920234,289.38175215229,25.0896743232698,8.42669730920234
2020-10-04,10594,96,10189,89,405,7,11458,99,135555,1827,147013,1926,1,81,2,390,82,0,"Knox County",470313,168.61111642672,0.0756286632633768,409.514514801845,20.4119384324907,7.56286632633768
2020-10-03,10498,77,10100,76,398,1,11359,92,133728,1864,145087,1956,0,80,2,388,82,0,"Knox County",470313,157.342025417116,0.0690344263784177,415.893245561998,16.3720756177269,6.90344263784177
2020-10-02,10421,82,10024,79,397,3,11267,82,131864,602,143131,684,0,80,1,386,82,0,"Knox County",470313,149.262299787588,0.0692556001173824,145.435061331496,17.4351974110858,6.92556001173824
2020-10-01,10339,71,9945,68,394,3,11185,73,131262,683,142447,756,0,80,1,385,82,0,"Knox County",470313,140.969949799389,0.0682573240712776,160.744015155864,15.0963294656962,6.82573240712776
2020-09-30,10268,75,9877,72,391,3,11112,70,130579,675,141691,745,1,80,2,384,82,0,"Knox County",470313,134.803843397907,0.0730915603313186,158.405147210475,15.9468269003834,7.30915603313186
2020-09-29,10193,80,9805,75,388,5,11042,87,129904,1140,140946,1227,-1,79,2,382,82,1,"Knox County",470313,127.361990844395,0.0723281340265742,260.890088090272,17.0099486937423,7.23281340265742
2020-09-28,10113,57,9730,51,383,6,10955,49,128764,431,139719,480,1,80,3,380,81,2,"Knox County",470313,114.391904965417,0.0710059171597633,102.059692162454,12.1195884442914,7.10059171597633
2020-09-27,10056,72,9679,67,377,5,10906,79,128333,978,139239,1057,0,79,3,377,79,0,"Knox County",470313,109.288920357294,0.0770456191165822,224.74394711607,15.308953824368,7.70456191165822
2020-09-26,9984,127,9612,122,372,5,10827,136,127355,2087,138182,2223,4,79,5,374,79,0,"Knox County",470313,119.920138290883,0.0803123257110987,472.663949327363,27.0032935513158,8.03123257110987
2020-09-25,9857,102,9490,100,367,2,10691,103,125268,1439,135959,1542,0,75,1,369,79,3,"Knox County",470313,124.172625464318,0.074346201743462,327.866761071882,21.6876845845214,7.4346201743462
2020-09-24,9755,92,9390,89,365,3,10588,105,123829,1715,134417,1820,0,75,3,368,76,0,"Knox County",470313,128.637736996426,0.0691664833956455,386.976332782636,19.5614409978036,6.91664833956455
2020-09-23,9663,53,9301,52,362,1,10483,49,122114,432,132597,481,2,75,2,365,76,0,"Knox County",470313,123.960001105647,0.0688561721404304,102.272316521125,11.2690910096042,6.88561721404304
2020-09-22,9610,82,9249,75,361,7,10434,88,121682,1141,132116,1229,1,73,3,363,76,0,"Knox County",470313,124.38524982299,0.0689538043478261,261.315336807615,17.4351974110858,6.89538043478261
2020-09-21,9528,34,9174,30,354,4,10346,32,120541,379,130887,411,0,72,2,360,76,0,"Knox County",470313,119.494889573539,0.067556772794705,87.3886114141008,7.22922819484046,6.7556772794705
2020-09-20,9494,97,9144,78,350,19,10314,88,120162,707,130476,795,0,72,1,358,76,2,"Knox County",470313,124.810498540334,0.0706975649923538,169.036365144064,20.6245627911625,7.06975649923538
2020-09-19,9397,132,9066,129,331,3,10226,136,119455,1466,129681,1602,1,72,5,357,74,0,"Knox County",470313,125.873620333693,0.0762690355329949,340.624222592189,28.0664153446747,7.62690355329949
2020-09-18,9265,118,8937,114,328,4,10090,129,117989,1606,128079,1735,3,71,3,352,74,0,"Knox County",470313,129.275610072441,0.0776662950575994,368.903262295535,25.0896743232698,7.76662950575994
2020-09-17,9147,126,8823,119,324,7,9961,124,116383,1516,126344,1640,0,68,6,349,74,2,"Knox County",470313,136.504838267282,0.0818446724946155,348.703948221716,26.790669192644,8.18446724946155
2020-09-16,9021,99,8704,77,317,22,9837,117,114867,768,124704,885,1,68,3,343,72,1,"Knox County",470313,146.285558766183,0.0860552006749428,188.172557424524,21.049811508506,8.60552006749428
2020-09-15,8922,132,8627,126,295,6,9720,136,114099,1338,123819,1474,0,67,3,340,71,0,"Knox County",470313,156.916776699772,0.089206274877078,313.408304682201,28.0664153446747,8.9206274877078
2020-09-14,8790,127,8501,124,289,3,9584,136,112761,901,122345,1037,0,67,5,337,71,0,"Knox County",470313,176.690842056248,0.0944589877835951,220.491459942634,27.0032935513158,9.44589877835951
2020-09-13,8663,143,8377,136,286,7,9448,148,111860,1008,121308,1156,0,67,0,332,71,0,"Knox County",470313,186.471562555149,0.0971770385140099,245.793758624576,30.4052832900643,9.71770385140099
2020-09-12,8520,130,8241,123,279,7,9300,141,110852,1178,120152,1319,1,67,1,332,71,2,"Knox County",470313,186.046313837806,0.100692191217824,280.451529088075,27.6411666273312,10.0692191217824
2020-09-11,8390,103,8118,94,272,9,9159,105,109674,773,118833,878,0,66,5,331,69,2,"Knox County",470313,182.856948457729,0.108117773274526,186.684186913821,21.9003089431931,10.8117773274526
2020-09-10,8287,192,8024,189,263,3,9054,192,108901,1501,117955,1693,0,66,5,326,67,0,"Knox County",470313,196.890156130067,0.115493958777541,359.97303923132,40.8238768649814,11.5493958777541
2020-09-09,8095,91,7835,82,260,9,8862,93,107400,1710,116262,1803,0,66,2,321,67,0,"Knox County",470313,195.189161260692,0.101602564102564,383.361718685216,19.3488166391318,10.1602564102564
2020-09-08,8004,126,7753,124,251,2,8769,133,105690,702,114459,835,1,66,8,319,67,0,"Knox County",470313,193.913415108662,0.108703130374957,177.541339490935,26.790669192644,10.8703130374957
2020-09-07,7878,95,7629,92,249,3,8636,98,104988,347,113624,445,1,65,0,311,67,0,"Knox County",470313,187.109435631165,0.111944888670193,94.6178396089413,20.1993140738189,11.1944888670193
2020-09-06,7783,96,7537,92,246,4,8538,94,104641,476,113179,570,0,64,1,311,67,3,"Knox County",470313,177.116090773591,0.113482699191303,121.195884442914,20.4119384324907,11.3482699191303
2020-09-05,7687,284,7445,282,242,2,8444,295,104165,1506,112609,1801,0,64,4,310,64,0,"Knox County",470313,209.860242009045,0.125856697819315,382.936469967872,60.385317862785,12.5856697819315
2020-09-04,7403,93,7163,89,240,4,8149,97,102659,565,110808,662,1,64,0,306,64,0,"Knox County",470313,207.733998422327,0.12831348444103,140.757325440717,19.7740653564754,12.831348444103
2020-09-03,7310,190,7074,184,236,6,8052,198,102094,1798,110146,1996,2,63,6,306,64,1,"Knox County",470313,207.308749704984,0.124260355029586,424.398219908869,40.3986281476379,12.4260355029586
2020-09-02,7120,124,6890,120,230,4,7854,121,100296,1461,108150,1582,2,61,5,300,63,1,"Knox County",470313,214.325353541152,0.131288810036751,336.371735418753,26.3654204753005,13.1288810036751
2020-09-01,6996,153,6770,146,226,7,7733,158,98835,660,106568,818,2,59,4,295,62,3,"Knox County",470313,220.06621122529,0.134747269494539,173.926725393515,32.5315268767821,13.4747269494539
2020-08-31,6843,99,6624,93,219,6,7575,94,98175,431,105750,525,0,57,3,291,59,0,"Knox County",470313,220.916708659978,0.132889112396279,111.627788302684,21.049811508506,13.2889112396279
2020-08-30,6744,72,6531,71,213,1,7481,76,97744,423,105225,499,1,57,1,288,59,2,"Knox County",470313,215.813724051855,0.131802613218318,106.099554977217,15.308953824368,13.1802613218318
2020-08-29,6672,118,6460,113,212,5,7405,125,97321,1391,104726,1516,5,56,3,287,57,0,"Knox County",470313,180.51808051234,0.114372203211371,322.338527746416,25.0896743232698,11.4372203211371
2020-08-28,6554,89,6347,85,207,4,7280,91,95930,309,103210,400,0,51,3,284,57,0,"Knox County",470313,179.667583077653,0.117639040348964,85.0497434687113,18.9235679217883,11.7639040348964
2020-08-27,6465,116,6262,112,203,4,7189,134,95621,1986,102810,2120,0,51,2,281,57,1,"Knox County",470313,163.933380535941,0.107104557640751,450.76364038417,24.6644256059263,10.7104557640751
2020-08-26,6349,77,6150,76,199,1,7055,86,93635,794,100690,880,0,51,3,279,56,1,"Knox County",470313,153.940035678367,0.113051198579461,187.109435631165,16.3720756177269,11.3051198579461
2020-08-25,6272,87,6074,82,198,5,6969,96,92841,896,99810,992,2,51,3,276,55,0,"Knox County",470313,139.90682800603,0.101269474899019,210.923363802404,18.4983192044447,10.1269474899019
2020-08-24,6185,32,5992,28,193,4,6873,29,91945,261,98818,290,0,49,1,273,55,0,"Knox County",470313,125.660995975021,0.095117216664178,61.6610640148157,6.8039794774969,9.5117216664178
2020-08-23,6153,76,5964,75,189,1,6844,74,91684,565,98528,639,0,49,3,272,55,0,"Knox County",470313,126.511493409708,0.092876992833114,135.866965191266,16.1594512590551,9.28769928331139
2020-08-22,6077,136,5889,135,188,1,6770,153,91119,1892,97889,2045,0,49,4,269,55,0,"Knox County",470313,130.3387318658,0.0900081455335325,434.816813483786,28.9169127793618,9.00081455335325
2020-08-21,5941,30,5754,30,187,0,6617,41,89227,262,95844,303,1,49,1,265,55,0,"Knox County",470313,117.793894704165,0.0843307194937405,64.4251806775488,6.37873076015334,8.43307194937405
2020-08-20,5911,119,5724,117,187,2,6576,130,88965,2068,95541,2198,3,48,3,264,55,0,"Knox County",470313,118.43176778018,0.0828909759085341,467.348340360568,25.3022986819416,8.28909759085341
2020-08-19,5792,46,5607,41,185,5,6446,48,86897,608,93343,656,2,45,4,261,55,0,"Knox County",470313,111.840412661355,0.080162852730591,139.481579288686,9.7807204989018,8.0162852730591
2020-08-18,5746,134,5566,132,180,2,6398,152,86289,1163,92687,1315,0,43,4,257,55,1,"Knox County",470313,121.833757518929,0.0842062852538276,279.601031653388,28.4916640620183,8.42062852538276
2020-08-17,5612,50,5434,42,178,8,6246,50,85126,289,91372,339,1,43,0,253,54,1,"Knox County",470313,125.660995975021,0.0864576384256171,72.0796575897328,10.6312179335889,8.64576384256171
2020-08-16,5562,83,5392,78,170,5,6196,82,84837,587,91033,669,0,42,1,253,53,1,"Knox County",470313,127.149366485723,0.0871760797342193,142.24569595142,17.6478217697576,8.71760797342193
2020-08-15,5479,119,5314,116,165,3,6114,132,84250,1223,90364,1355,1,42,2,252,52,0,"Knox County",470313,123.534752388303,0.0929041697147037,288.106006000259,25.3022986819416,9.29041697147037
2020-08-14,5360,91,5198,83,162,8,5982,96,83027,1024,89009,1120,0,41,2,250,52,1,"Knox County",470313,136.504838267282,0.0901725039205436,238.139281712392,19.3488166391318,9.01725039205436
2020-08-13,5269,127,5115,126,154,1,5886,229,82003,1778,87889,2007,1,41,4,248,51,1,"Knox County",470313,138.205833136656,0.105749899477282,426.737087854259,27.0032935513158,10.5749899477282
2020-08-12,5142,79,4989,72,153,7,5657,88,80225,892,85882,980,0,40,1,244,50,0,"Knox County",470313,145.222436972824,0.106486833654464,208.371871498343,16.7973243350705,10.6486833654464
2020-08-11,5063,111,4917,108,146,3,5569,117,79333,1121,84902,1238,0,40,5,243,50,2,"Knox County",470313,140.332076723374,0.103009859885833,263.228956035661,23.6013038125674,10.3009859885833
2020-08-10,4952,37,4809,35,143,2,5452,35,78212,365,83664,400,1,40,0,238,48,0,"Knox County",470313,137.56796006064,0.100270305058566,85.0497434687113,7.86710127085579,10.0270305058566
2020-08-09,4915,85,4774,81,141,4,5417,109,77847,826,83264,935,1,39,4,238,48,1,"Knox County",470313,137.993208777984,0.10031113876789,198.803775358113,18.0730704871011,10.031113876789
2020-08-08,4830,157,4693,156,137,1,5308,176,77021,2284,82329,2460,1,38,4,234,47,2,"Knox County",470313,146.072934407512,0.0929978118161926,523.055922332574,33.3820243114692,9.29978118161926
2020-08-07,4673,50,4537,46,136,4,5132,44,74737,403,79869,447,0,37,0,230,45,2,"Knox County",470313,137.355335701969,0.0942482579426007,95.0430883262848,10.6312179335889,9.42482579426007
2020-08-06,4623,113,4491,105,132,8,5088,121,74334,1463,79422,1584,-1,37,5,230,43,1,"Knox County",470313,134.378594680564,0.0857782197911487,336.796984136097,24.0265525299109,8.57782197911487
2020-08-05,4510,99,4386,99,124,0,4967,100,72871,1107,77838,1207,1,38,3,225,42,1,"Knox County",470313,138.631081853999,0.0848748639825898,256.637600916836,21.049811508506,8.48748639825898
2020-08-04,4411,112,4287,111,124,1,4867,106,71764,1082,76631,1188,1,37,9,222,41,0,"Knox County",470313,138.843706212671,0.0840530349105948,252.597738102072,23.8139281712392,8.40530349105948
2020-08-03,4299,50,4176,50,123,0,4761,81,70682,593,75443,674,2,36,1,213,41,1,"Knox County",470313,141.607822875404,0.0867569158328429,143.308817744778,10.6312179335889,8.67569158328429
2020-08-02,4249,97,4126,91,123,6,4680,95,70089,692,74769,787,3,34,2,212,40,0,"Knox County",470313,144.159315179466,0.0866179465676291,167.335370274689,20.6245627911625,8.66179465676291
2020-08-01,4152,118,4035,110,117,8,4585,118,69397,1417,73982,1535,1,31,1,210,40,1,"Knox County",470313,135.866965191266,0.0895984909727836,326.37839056118,25.0896743232698,8.95984909727836
2020-07-31,4034,117,3925,114,109,3,4467,116,67980,1060,72447,1176,2,30,1,209,39,3,"Knox County",470313,150.112797222275,0.0904183535762483,250.046245798011,24.877049964598,9.04183535762483
2020-07-30,3917,189,3811,186,106,3,4351,227,66920,2420,71271,2647,1,28,7,208,36,2,"Knox County",470313,166.27224848133,0.0914912090297374,562.816677404197,40.1860037889661,9.14912090297373
2020-07-29,3728,75,3625,71,103,4,4124,60,64500,438,68624,498,0,27,3,201,34,4,"Knox County",470313,161.169263873208,0.0944150499706055,105.886930618546,15.9468269003834,9.44150499706055
2020-07-28,3653,154,3554,152,99,2,4064,186,64062,1211,68126,1397,1,27,3,198,30,0,"Knox County",470313,170.099486937423,0.101331191186596,297.036229064474,32.7441512354538,10.1331191186596
2020-07-27,3499,83,3402,76,97,7,3878,85,62851,677,66729,762,3,26,2,195,30,1,"Knox County",470313,177.116090773591,0.100772551692797,162.019761307895,17.6478217697576,10.0772551692797
2020-07-26,3416,118,3326,113,90,5,3793,132,62174,1472,65967,1604,0,23,2,193,29,1,"Knox County",470313,181.581202305699,0.0960598814845618,341.049471309532,25.0896743232698,9.60598814845618
2020-07-25,3298,175,3213,172,85,3,3661,197,60702,1949,64363,2146,2,23,3,191,28,3,"Knox County",470313,193.70079074999,0.0980449657869013,456.291873709636,37.2092627675612,9.80449657869013
2020-07-24,3123,106,3041,99,82,7,3464,113,58753,916,62217,1029,0,21,4,188,25,0,"Knox County",470313,191.3619228046,0.0991768322919766,218.79046507326,22.5381820192085,9.91768322919766
2020-07-23,3017,205,2942,197,75,8,3351,254,57837,2389,61188,2643,0,21,4,184,25,1,"Knox County",470313,194.763912543349,0.101895029268777,561.96617996951,43.5879935277145,10.1895029268777
2020-07-22,2812,69,2745,61,67,8,3097,63,55448,437,58545,500,3,21,3,180,24,0,"Knox County",470313,193.488166391318,0.102172403531396,106.312179335889,14.6710807483527,10.2172403531396
2020-07-21,2743,232,2684,228,59,4,3034,280,55011,1691,58045,1971,0,18,12,177,24,1,"Knox County",470313,210.072866367717,0.105490380103238,419.082610942075,49.3288512118525,10.5490380103238
2020-07-20,2511,74,2456,70,55,4,2754,57,53320,364,56074,421,0,18,4,165,23,1,"Knox County",470313,208.159247139671,0.106263331394221,89.5148550008186,15.7342025417116,10.6263331394221
2020-07-19,2437,84,2386,74,51,10,2697,74,52956,577,55653,651,0,18,0,161,22,2,"Knox County",470313,200.93001894483,0.110885589146459,138.418457495328,17.8604461284294,11.0885589146459
2020-07-18,2353,112,2312,109,41,3,2623,146,52379,2258,55002,2404,1,18,8,161,20,1,"Knox County",470313,187.534684348508,0.102609418858509,511.148958246955,23.8139281712392,10.2609418858509
2020-07-17,2241,74,2203,74,38,0,2477,80,50121,347,52598,427,0,17,6,153,19,2,"Knox County",470313,180.730704871011,0.105800155262282,90.7906011528493,15.7342025417116,10.5800155262282
2020-07-16,2167,187,2129,185,38,2,2397,228,49774,2033,52171,2261,2,17,3,147,17,0,"Knox County",470313,176.903466414919,0.107469600463231,480.74367495689,39.7607550716225,10.7469600463231
2020-07-15,1980,78,1944,78,36,0,2169,80,47741,511,49910,591,3,15,4,144,17,1,"Knox County",470313,178.817085642965,0.108297043318817,125.660995975021,16.5846999763987,10.8297043318817
2020-07-14,1902,95,1866,95,36,0,2089,127,47230,777,49319,904,2,12,1,140,16,1,"Knox County",470313,149.687548504932,0.103407755581669,192.212420239287,20.1993140738189,10.3407755581669
2020-07-13,1807,94,1771,92,36,2,1962,59,46453,655,48415,714,1,10,2,139,15,3,"Knox County",470313,153.940035678367,0.0998490945674044,151.81379209165,19.9866897151471,9.98490945674044
2020-07-12,1713,69,1679,67,34,2,1903,87,45798,916,47701,1003,0,9,4,137,12,1,"Knox County",470313,150.750670298291,0.0971820809248555,213.262231747793,14.6710807483527,9.71820809248555
2020-07-11,1644,28,1612,27,32,1,1816,36,44882,883,46698,919,0,9,2,133,11,1,"Knox County",470313,132.890224169861,0.102214400938554,195.401785619364,5.95348204280979,10.2214400938554
2020-07-10,1616,78,1585,74,31,4,1780,68,43999,418,45779,486,0,9,6,131,10,0,"Knox County",470313,133.740721604548,0.0995929049142193,103.335438314484,16.5846999763987,9.95929049142192
2020-07-09,1538,70,1511,66,27,4,1712,88,43581,1652,45293,1740,0,9,8,125,10,0,"Knox County",470313,108.86367163995,0.0857322636463741,369.966384088894,14.8837051070245,8.57322636463741
2020-07-08,1468,70,1445,65,23,5,1624,63,41929,594,43553,657,1,9,5,117,10,0,"Knox County",470313,107.162676770576,0.082204577300327,139.694203647358,14.8837051070245,8.2204577300327
2020-07-07,1398,79,1380,79,18,0,1561,104,41335,1303,42896,1407,0,8,7,112,10,1,"Knox County",470313,103.760687031828,0.0729136586774473,299.162472651192,16.7973243350705,7.29136586774473
2020-07-06,1319,35,1301,35,18,0,1457,34,40032,658,41489,692,1,8,6,105,9,0,"Knox County",470313,91.2158498701928,0.0695249130938586,147.13605620087,7.44185255351224,6.95249130938586
2020-07-05,1284,77,1266,77,18,0,1423,109,39374,1079,40797,1188,2,7,6,99,9,1,"Knox County",470313,92.916844739567,0.0708139370856256,252.597738102072,16.3720756177269,7.08139370856256
2020-07-04,1207,41,1189,40,18,1,1314,50,38295,1141,39609,1191,0,5,1,93,8,2,"Knox County",470313,95.6809614023002,0.0700991713082462,253.235611178088,8.7175987055429,7.00991713082462
2020-07-03,1166,62,1149,61,17,1,1264,49,37154,910,38418,959,0,5,4,92,6,0,"Knox County",470313,92.2789716635517,0.0634414092417667,203.906759966235,13.1827102376502,6.34414092417667
2020-07-02,1104,68,1088,68,16,0,1215,102,36244,1228,37459,1330,0,5,2,88,6,0,"Knox County",470313,91.8537229462082,0.0688308189655172,282.790397033465,14.4584563896809,6.88308189655172
2020-07-01,1036,49,1020,49,16,0,1113,34,35016,737,36129,771,0,5,4,86,6,1,"Knox County",470313,87.3886114141008,0.0639426903687981,163.933380535941,10.4185935749171,6.39426903687981
2020-06-30,987,40,971,39,16,1,1079,73,34279,1514,35358,1587,0,5,3,82,5,0,"Knox County",470313,79.0962614259015,0.0584348276755636,337.434857212112,8.50497434687113,5.84348276755636
2020-06-29,947,51,932,51,15,0,1006,79,32765,1333,33771,1412,0,5,3,79,5,0,"Knox County",470313,82.4982511646499,0.058781701825077,300.225594444551,10.8438422922607,5.8781701825077
2020-06-28,896,10,881,10,15,0,927,30,31432,684,32359,714,0,5,1,76,5,0,"Knox County",470313,68.2524191336408,0.0523606228026118,151.81379209165,2.12624358671778,5.23606228026117
2020-06-27,886,29,871,29,15,0,897,16,30748,111,31645,127,0,5,3,75,5,0,"Knox County",470313,65.7009268295794,0.0555072463768116,27.0032935513158,6.16610640148157,5.55072463768116
2020-06-26,857,37,842,37,15,0,881,14,30637,319,31518,333,0,5,8,72,5,0,"Knox County",470313,60.385317862785,0.0554670066942939,70.8039114377021,7.86710127085579,5.54670066942939
2020-06-25,820,32,805,32,15,0,867,52,30318,702,31185,754,0,5,1,64,5,0,"Knox County",470313,52.730840950601,0.0522990522990523,160.318766438521,6.8039794774969,5.22990522990523
2020-06-24,788,35,773,34,15,1,815,32,29616,272,30431,304,0,5,1,63,5,0,"Knox County",470313,49.7540999291961,0.0565857388644619,64.6378050362206,7.44185255351224,5.65857388644619
2020-06-23,753,27,739,24,14,3,783,25,29344,215,30127,240,0,5,4,62,5,0,"Knox County",470313,46.989983266463,0.0638516992790937,51.0298460812268,5.74085768413801,6.38516992790937
2020-06-22,726,36,715,36,11,0,758,31,29129,572,29887,603,0,5,0,58,5,0,"Knox County",470313,43.8006178863863,0.0650406504065041,128.212488279082,7.65447691218401,6.50406504065041
2020-06-21,690,31,679,31,11,0,727,37,28557,815,29284,852,0,5,1,58,5,0,"Knox County",470313,48.2657294184936,0.0644257703081232,181.155953588355,6.59135511882512,6.44257703081232
2020-06-20,659,17,648,17,11,0,690,9,27742,437,28432,446,0,5,2,57,5,0,"Knox County",470313,45.7142371144323,0.0566251415628539,94.8304639676131,3.61461409742023,5.66251415628539
2020-06-19,642,30,631,28,11,2,681,10,27305,334,27986,344,0,5,1,55,5,0,"Knox County",470313,44.2258666037299,0.0553203499858877,73.1427793830917,6.37873076015334,5.53203499858877
2020-06-18,612,15,603,15,9,0,671,18,26971,804,27642,822,0,5,0,54,5,0,"Knox County",470313,40.6112525063096,0.0448629188590418,174.777222828202,3.18936538007667,4.48629188590418
2020-06-17,597,17,588,17,9,0,653,13,26167,282,26820,295,0,5,0,54,5,0,"Knox County",470313,36.7840140502176,0.0397001665741255,62.7241858081746,3.61461409742023,3.97001665741255
2020-06-16,580,9,571,8,9,1,640,9,25885,178,26525,187,0,5,0,54,5,0,"Knox County",470313,32.9567755941256,0.0357847280924204,39.7607550716225,1.913619228046,3.57847280924204
2020-06-15,571,8,563,8,8,0,631,9,25707,218,26338,227,0,5,0,54,5,0,"Knox County",470313,27.0032935513158,0.0330917113142137,48.2657294184936,1.70099486937423,3.30917113142137
2020-06-14,563,8,555,8,8,0,622,9,25489,624,26111,633,0,5,0,54,5,0,"Knox County",470313,22.1129333018649,0.0260663507109005,134.591219039236,1.70099486937423,2.60663507109005
2020-06-13,555,10,547,8,8,2,613,9,24865,213,25478,222,0,5,3,54,5,0,"Knox County",470313,20.6245627911625,0.0282051282051282,47.2026076251348,2.12624358671778,2.82051282051282
2020-06-12,545,19,539,19,6,0,604,19,24652,750,25256,769,0,5,0,51,5,0,"Knox County",470313,18.2856948457729,0.0272583201267829,163.508131818597,4.03986281476378,2.72583201267829
2020-06-11,526,7,520,7,6,0,585,10,23902,379,24487,389,0,5,2,51,5,0,"Knox County",470313,16.5846999763987,0.0286554004408523,82.7108755233217,1.48837051070245,2.86554004408523
2020-06-10,519,12,513,12,6,0,575,12,23523,705,24098,717,0,5,0,49,5,0,"Knox County",470313,15.5215781830398,0.0244910941475827,152.451665167665,2.55149230406134,2.44910941475827
2020-06-09,507,16,501,16,6,0,563,19,22818,508,23381,527,0,5,1,49,5,0,"Knox County",470313,17.0099486937423,0.0249712973593571,112.053037020027,3.40198973874845,2.49712973593571
2020-06-08,491,8,485,8,6,0,544,8,22310,336,22854,344,0,5,1,48,5,0,"Knox County",470313,17.0099486937423,0.0238822549291863,73.1427793830917,1.70099486937423,2.38822549291863
2020-06-07,483,7,477,7,6,0,536,8,21974,847,22510,855,0,5,1,47,5,0,"Knox County",470313,16.7973243350705,0.0222338477635365,181.79382666437,1.48837051070245,2.22338477635365
2020-06-06,476,11,470,11,6,0,528,12,21127,478,21655,490,0,5,0,46,5,0,"Knox County",470313,17.0099486937423,0.0215106330970423,104.185935749171,2.33886794538956,2.15106330970423
2020-06-05,465,18,459,18,6,0,516,17,20649,518,21165,535,0,5,1,46,5,0,"Knox County",470313,16.7973243350705,0.0222971221156339,113.754031889401,3.82723845609201,2.22971221156339
2020-06-04,447,4,441,4,6,0,499,4,20131,338,20630,342,0,5,0,45,5,0,"Knox County",470313,16.1594512590551,0.020997375328084,72.7175306657481,0.850497434687113,2.0997375328084
2020-06-03,443,4,437,4,6,0,495,4,19793,399,20288,403,0,5,0,45,5,0,"Knox County",470313,14.4584563896809,0.0205949656750572,85.6876165447266,0.850497434687113,2.05949656750572
2020-06-02,439,26,433,25,6,1,491,24,19394,939,19885,963,0,5,2,45,5,0,"Knox County",470313,16.5846999763987,0.0195829094608342,204.757257400922,5.52823332546623,1.95829094608342
2020-06-01,413,17,408,17,5,0,467,20,18455,972,18922,992,0,5,0,43,5,0,"Knox County",470313,18.4983192044447,0.0194323144104804,210.923363802404,3.61461409742023,1.94323144104803
2020-05-31,396,7,391,7,5,0,447,7,17483,317,17930,324,0,5,0,43,5,0,"Knox County",470313,18.4983192044447,0.0217337614225735,68.8902922096561,1.48837051070245,2.17337614225735
2020-05-30,389,6,384,6,5,0,440,6,17166,294,17606,300,0,5,2,43,5,0,"Knox County",470313,17.4351974110858,0.0212490282456595,63.7873076015334,1.27574615203067,2.12490282456595
2020-05-29,383,8,378,8,5,0,434,7,16872,205,17306,212,0,5,0,41,5,0,"Knox County",470313,15.308953824368,0.0203619909502262,45.076364038417,1.70099486937423,2.03619909502262
2020-05-28,375,11,370,11,5,0,427,11,16667,336,17094,347,0,5,0,41,5,0,"Knox County",470313,16.7973243350705,0.022310081897769,73.780652459107,2.33886794538956,2.2310081897769
2020-05-27,364,5,359,5,5,0,416,6,16331,420,16747,426,0,5,1,41,5,0,"Knox County",470313,17.0099486937423,0.0227272727272727,90.5779767941775,1.06312179335889,2.27272727272727
2020-05-26,359,9,354,9,5,0,410,10,15911,1142,16321,1152,0,5,0,40,5,0,"Knox County",470313,13.395334596322,0.0178523847588596,244.943261189888,1.913619228046,1.78523847588596
2020-05-25,350,9,345,9,5,0,400,11,14769,381,15169,392,0,5,1,40,5,0,"Knox County",470313,11.6943397269478,0.018395179194418,83.348748599337,1.913619228046,1.8395179194418
2020-05-24,341,2,336,2,5,0,389,3,14388,273,14777,276,0,5,0,39,5,0,"Knox County",470313,10.6312179335889,0.0173913043478261,58.6843229934108,0.425248717343556,1.73913043478261
2020-05-23,339,7,334,7,5,0,386,10,14115,360,14501,370,0,5,2,39,5,0,"Knox County",470313,10.8438422922607,0.0182677165354331,78.6710127085579,1.48837051070245,1.82677165354331
2020-05-22,332,1,327,1,5,0,376,1,13755,253,14131,254,0,5,0,37,5,0,"Knox County",470313,9.35547178155824,0.0161641280696301,54.0065871026317,0.212624358671778,1.61641280696301
2020-05-21,331,0,326,0,5,0,375,0,13502,250,13877,250,0,5,0,37,5,0,"Knox County",470313,7.01660383616868,0.0131410256410256,53.1560896679445,0,1.31410256410256
2020-05-20,331,7,326,7,5,0,375,7,13252,360,13627,367,0,5,0,37,5,0,"Knox County",470313,7.44185255351224,0.0137210062071219,78.0331396325426,1.48837051070245,1.37210062071219
2020-05-19,324,7,319,7,5,0,368,7,12892,369,13260,376,0,5,2,37,5,0,"Knox County",470313,7.01660383616868,0.0170678336980306,79.9467588605886,1.48837051070245,1.70678336980306
2020-05-18,317,3,312,3,5,0,361,4,12523,478,12884,482,0,5,0,35,5,0,"Knox County",470313,5.74085768413801,0.0134736842105263,102.484940879797,0.637873076015334,1.34736842105263
2020-05-17,314,3,309,3,5,0,357,5,12045,216,12402,221,0,5,1,35,5,0,"Knox County",470313,5.95348204280979,0.0146551724137931,46.989983266463,0.637873076015334,1.46551724137931
2020-05-16,311,0,306,0,5,0,352,0,11829,349,12181,349,0,5,0,34,5,0,"Knox County",470313,4.46511153210734,0.0104393214441061,74.2059011764506,0,1.04393214441061
2020-05-15,311,1,306,1,5,0,352,4,11480,540,11832,544,0,5,0,34,5,0,"Knox County",470313,4.46511153210734,0.0104287369640788,115.667651117447,0.212624358671778,1.04287369640788
2020-05-14,310,3,305,3,5,0,348,7,10940,458,11288,465,0,5,0,34,5,0,"Knox County",470313,5.10298460812268,0.0121255349500713,98.8703267823768,0.637873076015334,1.21255349500713
2020-05-13,307,7,302,7,5,0,341,5,10482,341,10823,346,0,5,0,34,5,0,"Knox County",470313,5.10298460812268,0.011498383039885,73.5680281004352,1.48837051070245,1.1498383039885
2020-05-12,300,6,295,6,5,0,336,8,10141,401,10477,409,0,5,0,34,5,0,"Knox County",470313,4.8903602494509,0.01171875,86.9633626967573,1.27574615203067,1.171875
2020-05-11,294,16,289,16,5,0,328,12,9740,254,10068,266,0,5,1,34,5,0,"Knox County",470313,7.65447691218401,0.0157692307692308,56.558079406693,3.40198973874845,1.57692307692308
2020-05-10,278,5,273,5,5,0,316,5,9486,221,9802,226,0,5,1,33,5,0,"Knox County",470313,8.07972562952757,0.0157389635316699,48.0531050598219,1.06312179335889,1.57389635316699
2020-05-09,273,2,268,2,5,0,311,4,9265,352,9576,356,0,5,0,32,5,0,"Knox County",470313,8.50497434687113,0.0172281776416539,75.694271687153,0.425248717343556,1.72281776416539
2020-05-08,271,3,266,3,5,0,307,4,8913,265,9220,269,0,5,0,32,5,0,"Knox County",470313,8.93022306421468,0.0192554557124519,57.1959524827083,0.637873076015334,1.92554557124519
2020-05-07,268,3,263,3,5,0,303,3,8648,220,8951,223,0,5,0,32,5,0,"Knox County",470313,8.93022306421468,0.0195704057279236,47.4152319838065,0.637873076015334,1.95704057279236
2020-05-06,265,1,260,1,5,0,300,1,8428,185,8728,186,0,5,0,32,5,0,"Knox County",470313,7.65447691218401,0.0191214470284238,39.5481307129507,0.212624358671778,1.91214470284238
2020-05-05,264,4,259,4,5,0,299,5,8243,305,8542,310,0,5,0,32,5,0,"Knox County",470313,7.22922819484046,0.0185185185185185,65.9135511882512,0.850497434687113,1.85185185185185
2020-05-04,260,4,255,4,5,0,294,7,7938,259,8232,266,0,5,0,32,5,0,"Knox County",470313,4.67773589077912,0.0157952069716776,56.558079406693,0.850497434687113,1.57952069716776
2020-05-03,256,7,251,5,5,2,287,6,7679,290,7966,296,0,5,2,32,5,0,"Knox County",470313,5.10298460812268,0.0157397691500525,62.9368101668463,1.48837051070245,1.57397691500525
2020-05-02,249,3,246,3,3,0,281,5,7389,308,7670,313,0,5,1,30,5,0,"Knox County",470313,5.31560896679445,0.0166398282340311,66.5514242642666,0.637873076015334,1.66398282340311
2020-05-01,246,9,243,8,3,1,276,7,7081,354,7357,361,0,5,0,29,5,0,"Knox County",470313,6.59135511882512,0.0173913043478261,76.7573934805119,1.913619228046,1.73913043478261
2020-04-30,237,4,235,4,2,0,269,3,6727,119,6996,122,0,5,0,29,5,0,"Knox County",470313,6.8039794774969,0.0183387270765912,25.9401717579569,0.850497434687113,1.83387270765912
2020-04-29,233,8,231,8,2,0,266,10,6608,671,6874,681,0,5,0,29,5,0,"Knox County",470313,8.29234998819935,0.0183056619838229,144.797188255481,1.70099486937423,1.83056619838229
2020-04-28,225,8,223,8,2,0,256,10,5937,391,6193,401,1,5,0,29,5,0,"Knox County",470313,9.14284742288646,0.019672131147541,85.262367827383,1.70099486937423,1.9672131147541
2020-04-27,217,2,215,2,2,0,246,4,5546,161,5792,165,0,4,0,29,5,1,"Knox County",470313,8.7175987055429,0.0192389910218042,35.0830191808434,0.425248717343556,1.92389910218042
2020-04-26,215,1,213,1,2,0,242,1,5385,172,5627,173,0,4,0,29,4,0,"Knox County",470313,7.44185255351224,0.0180505415162455,36.7840140502176,0.212624358671778,1.80505415162455
2020-04-25,214,0,212,0,2,0,241,0,5213,53,5454,53,0,4,0,29,4,0,"Knox County",470313,6.8039794774969,0.0178936605316973,11.2690910096042,0,1.78936605316973
2020-04-24,214,8,212,8,2,0,241,10,5160,836,5401,846,0,4,1,29,4,0,"Knox County",470313,6.59135511882512,0.0155673904137649,179.880207436324,1.70099486937423,1.55673904137648
2020-04-23,206,1,204,1,2,0,231,2,4324,137,4555,139,0,4,0,28,4,0,"Knox County",470313,5.95348204280979,0.0150528885272579,29.5547858553772,0.212624358671778,1.50528885272579
2020-04-22,205,5,203,3,2,2,229,2,4187,189,4416,191,0,4,0,28,4,0,"Knox County",470313,5.31560896679445,0.0147357723577236,40.6112525063096,1.06312179335889,1.47357723577236
2020-04-21,200,4,200,4,0,0,227,5,3998,475,4225,480,0,4,1,28,4,0,"Knox County",470313,4.46511153210734,0.0117244748412311,102.059692162454,0.850497434687113,1.17244748412311
2020-04-20,196,3,196,3,0,0,222,2,3523,175,3745,177,0,4,1,27,4,0,"Knox County",470313,4.67773589077912,0.0106847984458475,37.6345114849047,0.637873076015334,1.06847984458475
2020-04-19,193,0,193,0,0,0,220,0,3348,72,3568,72,0,4,0,26,4,0,"Knox County",470313,4.46511153210734,0.0107252298263534,15.308953824368,0,1.07252298263534
2020-04-18,193,0,193,0,0,0,220,1,3276,135,3496,136,0,4,0,26,4,0,"Knox County",470313,4.46511153210734,0.0107790298873101,28.9169127793618,0,1.07790298873101
2020-04-17,193,2,193,2,0,0,219,3,3141,104,3360,107,0,4,1,26,4,0,"Knox County",470313,3.18936538007667,0.0115207373271889,22.7508063778803,0.425248717343556,1.15207373271889
2020-04-16,191,7,191,7,0,0,216,9,3037,213,3253,222,0,4,2,25,4,0,"Knox County",470313,4.46511153210734,0.015884476534296,47.2026076251348,1.48837051070245,1.5884476534296
2020-04-15,184,9,184,9,0,0,207,10,2824,84,3031,94,0,4,1,23,4,0,"Knox County",470313,5.31560896679445,0.0232919254658385,19.9866897151471,1.913619228046,2.32919254658385
2020-04-14,175,4,175,4,0,0,197,4,2740,102,2937,106,0,4,1,22,4,0,"Knox County",470313,5.31560896679445,0.0317286652078775,22.5381820192085,0.850497434687113,3.17286652078775
2020-04-13,171,4,171,4,0,0,193,9,2638,242,2831,251,0,4,1,21,4,0,"Knox County",470313,5.52823332546623,0.0364372469635627,53.3687140266163,0.850497434687113,3.64372469635628
2020-04-12,167,5,167,5,0,0,184,6,2396,166,2580,172,0,4,0,20,4,0,"Knox County",470313,6.59135511882512,0.0386029411764706,36.5713896915458,1.06312179335889,3.86029411764706
2020-04-11,162,5,162,5,0,0,178,8,2230,313,2408,321,1,4,1,20,4,0,"Knox County",470313,7.65447691218401,0.0384917517674784,68.2524191336408,1.06312179335889,3.84917517674784
2020-04-10,157,4,157,4,0,0,170,5,1917,123,2087,128,0,3,0,19,4,0,"Knox County",470313,8.07972562952757,0.0394126738794436,27.2159179099876,0.850497434687113,3.94126738794436
2020-04-09,153,1,153,1,0,0,165,1,1794,81,1959,82,0,3,0,19,4,0,"Knox County",470313,6.8039794774969,0.037261698440208,17.4351974110858,0.212624358671778,3.7261698440208
2020-04-08,152,8,152,8,0,0,164,12,1713,111,1877,123,0,3,1,19,4,1,"Knox County",470313,6.59135511882512,0.0380388841927303,26.1527961166287,1.70099486937423,3.80388841927303
2020-04-07,144,20,144,20,0,0,152,25,1602,366,1754,391,0,3,2,18,3,0,"Knox County",470313,9.99334485757357,0.0449591280653951,83.1361242406653,4.25248717343556,4.49591280653951
2020-04-06,124,8,124,8,0,0,127,14,1236,54,1363,68,2,3,1,16,3,0,"Knox County",470313,10.8438422922607,0.0552529182879377,14.4584563896809,1.70099486937423,5.52529182879377
2020-04-05,116,4,116,4,0,0,113,10,1182,75,1295,85,0,1,0,15,3,1,"Knox County",470313,10.6312179335889,0.0626043405676127,18.0730704871011,0.850497434687113,6.26043405676127
2020-04-04,112,15,112,15,0,0,103,6,1107,127,1210,133,0,1,1,15,2,1,"Knox County",470313,12.7574615203067,0.0722772277227723,28.2790397033465,3.18936538007667,7.22772277227723
2020-04-03,97,4,97,4,0,0,97,3,980,51,1077,54,0,1,1,14,1,0,"Knox County",470313,12.7574615203067,0.0758547008547008,11.481715368276,0.850497434687113,7.58547008547009
2020-04-02,93,7,93,7,0,0,94,7,929,106,1023,113,0,1,0,13,1,0,"Knox County",470313,14.0332076723374,0.0796277145811789,24.0265525299109,1.48837051070245,7.96277145811789
2020-04-01,86,15,86,15,0,0,87,15,823,140,910,155,0,0,1,13,1,0,"Knox County",470313,15.5215781830398,0.0800800800800801,32.9567755941256,3.18936538007667,8.00800800800801
2020-03-31,71,8,71,8,0,0,72,11,683,58,755,69,0,0,1,12,1,0,"Knox County",470313,12.9700858789785,0.0974889217134417,14.6710807483527,1.70099486937423,9.74889217134417
2020-03-30,63,13,63,13,0,0,61,15,625,130,686,145,0,0,2,11,1,0,"Knox County",470313,14.0332076723374,0.0888594164456233,30.8305320074078,2.76411666273312,8.88594164456233
2020-03-29,50,8,50,8,0,0,46,8,495,55,541,63,0,0,1,9,1,1,"Knox County",470313,14.8837051070245,0.0887978142076503,13.395334596322,1.70099486937423,8.87978142076503
2020-03-28,42,7,42,7,0,0,38,6,440,62,478,68,0,0,1,8,0,0,"Knox County",470313,13.1827102376502,0.0974512743628186,14.4584563896809,1.48837051070245,9.74512743628186
2020-03-27,35,2,35,2,0,0,32,2,378,54,410,56,0,0,1,7,0,0,"Knox County",470313,12.7574615203067,0.0956651718983558,11.9069640856196,0.425248717343556,9.56651718983558
2020-03-26,33,7,33,7,0,0,30,7,324,82,354,89,0,0,2,6,0,0,"Knox County",470313,12.7574615203067,0.0992248062015504,18.9235679217883,1.48837051070245,9.92248062015504
2020-03-25,26,6,26,6,0,0,23,7,242,68,265,75,0,0,1,4,0,0,"Knox County",470313,10.8438422922607,0.0991150442477876,15.9468269003834,1.27574615203067,9.91150442477876
2020-03-24,20,7,20,7,0,0,16,7,174,43,190,50,0,0,0,3,0,0,"Knox County",470313,10.6312179335889,0.0952380952380952,10.6312179335889,1.48837051070245,9.52380952380952
2020-03-23,13,4,13,4,0,0,9,4,131,22,140,26,0,0,2,3,0,0,"Knox County",470313,8.7175987055429,0.0960187353629977,5.52823332546623,0.850497434687113,9.60187353629976
2020-03-22,9,2,9,2,0,0,5,0,109,9,114,9,0,0,1,1,0,0,"Knox County",470313,7.44185255351224,0.0884718498659517,1.913619228046,0.425248717343556,8.84718498659517
2020-03-21,7,1,7,1,0,0,5,2,100,17,105,19,0,0,0,0,0,0,"Knox County",470313,6.16610640148157,0.0895061728395062,4.03986281476378,0.212624358671778,8.95061728395062
2020-03-20,6,5,6,5,0,0,3,2,83,38,86,40,0,0,0,0,0,0,"Knox County",470313,6.8039794774969,0.0941558441558442,8.50497434687113,1.06312179335889,9.41558441558442
2020-03-19,1,0,1,0,0,0,1,0,45,11,46,11,0,0,0,0,0,0,"Knox County",470313,5.31560896679445,0.0956521739130435,2.33886794538956,0,9.56521739130435
2020-03-18,1,0,1,0,0,0,1,0,34,15,35,15,0,0,0,0,0,0,"Knox County",470313,4.03986281476378,0.0882352941176471,3.18936538007667,0,8.82352941176471
2020-03-17,1,0,1,0,0,0,1,0,19,5,20,5,0,0,0,0,0,0,"Knox County",470313,2.55149230406134,0.064,1.06312179335889,0,6.4
2020-03-16,1,1,1,1,0,0,1,1,14,3,15,4,0,0,0,0,0,0,"Knox County",470313,1.913619228046,0.0485436893203883,0.850497434687113,0.212624358671778,4.85436893203883
2020-03-15,0,0,0,0,0,0,0,0,11,1,11,1,0,0,0,0,0,0,"Knox County",470313,1.48837051070245,0.0526315789473684,0.212624358671778,0,5.26315789473684
2020-03-14,0,0,0,0,0,0,0,0,10,8,10,8,0,0,0,0,0,0,"Knox County",470313,1.27574615203067,0.0357142857142857,1.70099486937423,0,3.57142857142857
2020-03-13,0,0,0,0,0,0,0,0,2,0,2,0,0,0,0,0,0,0,"Knox County",470313,0.212624358671778,0.0227272727272727,0,0,2.27272727272727
2020-03-12,0,0,0,0,0,0,0,0,2,2,2,2,0,0,0,0,0,0,"Knox County",470313,0.212624358671778,0.0285714285714286,0.425248717343556,0,2.85714285714286
2020-03-12,0,0,0,0,0,0,0,0,0,0,0,0,0,0,0,0,0,0,"Anderson",76978,NA,NA,0,0,NA
2020-03-13,0,0,0,0,0,0,0,0,1,1,1,1,0,0,0,0,0,0,"Anderson",76978,NA,NA,1.29907246226194,0,NA
2020-03-14,0,0,0,0,0,0,0,0,1,0,1,0,0,0,0,0,0,0,"Anderson",76978,NA,NA,0,0,NA
2020-03-15,0,0,0,0,0,0,0,0,1,0,1,0,0,0,0,0,0,0,"Anderson",76978,NA,NA,0,0,NA
2020-03-16,0,0,0,0,0,0,0,0,2,1,2,1,0,0,0,0,0,0,"Anderson",76978,NA,NA,1.29907246226194,0,NA
2020-03-17,0,0,0,0,0,0,0,0,4,2,4,2,0,0,0,0,0,0,"Anderson",76978,NA,NA,2.59814492452389,0,NA
2020-03-18,0,0,0,0,0,0,0,0,4,0,4,0,0,0,0,0,0,0,"Anderson",76978,0,0,0,0,0
2020-03-19,1,1,1,1,0,0,2,2,5,1,7,3,0,0,0,0,0,0,"Anderson",76978,1.29907246226194,0.285714285714286,3.89721738678583,1.29907246226194,28.5714285714286
2020-03-20,1,0,1,0,0,0,2,0,7,2,9,2,0,0,0,0,0,0,"Anderson",76978,1.29907246226194,0.25,2.59814492452389,0,25
2020-03-21,1,0,1,0,0,0,2,0,7,0,9,0,0,0,0,0,0,0,"Anderson",76978,1.29907246226194,0.25,0,0,25
2020-03-22,1,0,1,0,0,0,2,0,10,3,12,3,0,0,0,0,0,0,"Anderson",76978,1.29907246226194,0.181818181818182,3.89721738678583,0,18.1818181818182
2020-03-23,1,0,1,0,0,0,2,0,15,5,17,5,0,0,0,0,0,0,"Anderson",76978,1.29907246226194,0.133333333333333,6.49536231130973,0,13.3333333333333
2020-03-24,1,0,1,0,0,0,2,0,20,5,22,5,0,0,0,0,0,0,"Anderson",76978,1.29907246226194,0.111111111111111,6.49536231130973,0,11.1111111111111
2020-03-25,2,1,2,1,0,0,4,2,29,9,33,11,0,0,0,0,0,0,"Anderson",76978,2.59814492452389,0.137931034482759,14.2897970848814,1.29907246226194,13.7931034482759
2020-03-26,3,1,3,1,0,0,5,1,44,15,49,16,0,0,1,1,0,0,"Anderson",76978,2.59814492452389,0.0714285714285714,20.7851593961911,1.29907246226194,7.14285714285714
2020-03-27,4,1,4,1,0,0,6,1,53,9,59,10,0,0,0,1,0,0,"Anderson",76978,3.89721738678583,0.08,12.9907246226195,1.29907246226194,8
2020-03-28,7,3,7,3,0,0,9,3,72,19,81,22,0,0,1,2,0,0,"Anderson",76978,7.79443477357167,0.0972222222222222,28.5795941697628,3.89721738678583,9.72222222222222
2020-03-29,7,0,7,0,0,0,9,0,83,11,92,11,0,0,0,2,0,0,"Anderson",76978,7.79443477357167,0.0875,14.2897970848814,0,8.75
2020-03-30,8,1,8,1,0,0,10,1,127,44,137,45,0,0,0,2,0,0,"Anderson",76978,9.09350723583361,0.0666666666666667,58.4582608017875,1.29907246226194,6.66666666666667
2020-03-31,9,1,9,1,0,0,11,1,142,15,153,16,0,0,0,2,0,0,"Anderson",76978,10.3925796980956,0.0687022900763359,20.7851593961911,1.29907246226194,6.87022900763359
2020-04-01,9,0,9,0,0,0,11,0,163,21,174,21,0,0,0,2,0,0,"Anderson",76978,9.09350723583361,0.049645390070922,27.2805217075008,0,4.9645390070922
2020-04-02,9,0,9,0,0,0,11,0,179,16,190,16,0,0,0,2,0,0,"Anderson",76978,7.79443477357167,0.0425531914893617,20.7851593961911,0,4.25531914893617
2020-04-03,9,0,9,0,0,0,11,0,192,13,203,13,0,0,0,2,0,0,"Anderson",76978,6.49536231130972,0.0347222222222222,16.8879420094053,0,3.47222222222222
2020-04-04,9,0,9,0,0,0,11,0,219,27,230,27,0,0,0,2,0,0,"Anderson",76978,2.59814492452389,0.0134228187919463,35.0749564810725,0,1.34228187919463
2020-04-05,9,0,9,0,0,0,11,0,248,29,259,29,0,0,0,2,0,0,"Anderson",76978,2.59814492452389,0.0119760479041916,37.6731014055964,0,1.19760479041916
2020-04-06,9,0,9,0,0,0,11,0,262,14,273,14,0,0,0,2,0,0,"Anderson",76978,1.29907246226194,0.00735294117647059,18.1870144716672,0,0.735294117647059
2020-04-07,10,1,10,1,0,0,12,1,304,42,316,43,0,0,0,2,0,0,"Anderson",76978,1.29907246226194,0.00613496932515337,55.8601158772636,1.29907246226194,0.613496932515337
2020-04-08,10,0,10,0,0,0,12,0,322,18,334,18,1,1,0,2,1,1,"Anderson",76978,1.29907246226194,0.00625,23.383304320715,0,0.625
2020-04-09,10,0,10,0,0,0,12,0,350,28,362,28,0,1,0,2,1,0,"Anderson",76978,1.29907246226194,0.00581395348837209,36.3740289433345,0,0.581395348837209
2020-04-10,10,0,10,0,0,0,12,0,366,16,378,16,0,1,0,2,1,0,"Anderson",76978,1.29907246226194,0.00571428571428571,20.7851593961911,0,0.571428571428571
2020-04-11,10,0,10,0,0,0,12,0,439,73,451,73,0,1,0,2,1,0,"Anderson",76978,1.29907246226194,0.00452488687782805,94.832289745122,0,0.452488687782805
2020-04-12,12,2,12,2,0,0,14,2,477,38,491,40,0,1,0,2,1,0,"Anderson",76978,3.89721738678583,0.0129310344827586,51.9628984904778,2.59814492452389,1.29310344827586
2020-04-13,13,1,13,1,0,0,15,1,514,37,529,38,0,1,0,2,1,0,"Anderson",76978,5.19628984904778,0.015625,49.3647535659539,1.29907246226194,1.5625
2020-04-14,13,0,13,0,0,0,15,0,526,12,541,12,0,1,0,2,1,0,"Anderson",76978,3.89721738678583,0.0133333333333333,15.5888695471433,0,1.33333333333333
2020-04-15,13,0,13,0,0,0,15,0,544,18,559,18,0,1,0,2,1,0,"Anderson",76978,3.89721738678583,0.0133333333333333,23.383304320715,0,1.33333333333333
2020-04-16,13,0,13,0,0,0,15,0,566,22,581,22,0,1,0,2,1,0,"Anderson",76978,3.89721738678583,0.0136986301369863,28.5795941697628,0,1.36986301369863
2020-04-17,13,0,13,0,0,0,15,0,586,20,601,20,0,1,0,2,1,0,"Anderson",76978,3.89721738678583,0.0134529147982063,25.9814492452389,0,1.34529147982063
2020-04-18,13,0,13,0,0,0,15,0,616,30,631,30,0,1,0,2,1,0,"Anderson",76978,3.89721738678583,0.0166666666666667,38.9721738678584,0,1.66666666666667
2020-04-19,14,1,14,1,0,0,16,1,628,12,644,13,0,1,0,2,1,0,"Anderson",76978,2.59814492452389,0.0130718954248366,16.8879420094053,1.29907246226194,1.30718954248366
2020-04-20,19,5,18,4,1,1,19,3,648,20,667,23,0,1,0,2,1,0,"Anderson",76978,7.79443477357167,0.0289855072463768,29.8786666320247,6.49536231130973,2.89855072463768
2020-04-21,20,1,19,1,1,0,22,3,1071,423,1093,426,0,1,0,2,1,0,"Anderson",76978,9.09350723583361,0.0126811594202899,553.404868923589,1.29907246226194,1.26811594202899
2020-04-22,21,1,20,1,1,0,24,2,1141,70,1165,72,0,1,0,2,1,0,"Anderson",76978,10.3925796980956,0.0148514851485149,93.53321728286,1.29907246226194,1.48514851485149
2020-04-23,21,0,20,0,1,0,24,0,1191,50,1215,50,0,1,0,2,1,0,"Anderson",76978,10.3925796980956,0.0141955835962145,64.9536231130973,0,1.41955835962145
2020-04-24,22,1,21,1,1,0,25,1,1299,108,1324,109,0,1,0,2,1,0,"Anderson",76978,11.6916521603575,0.0138312586445367,141.598898386552,1.29907246226194,1.38312586445367
2020-04-25,22,0,21,0,1,0,25,0,1336,37,1361,37,0,1,0,2,1,0,"Anderson",76978,11.6916521603575,0.0136986301369863,48.065681103692,0,1.36986301369863
2020-04-26,22,0,21,0,1,0,25,0,1372,36,1397,36,0,1,0,2,1,0,"Anderson",76978,10.3925796980956,0.0119521912350598,46.76660864143,0,1.19521912350598
2020-04-27,22,0,21,0,1,0,25,0,1411,39,1436,39,0,1,0,2,1,0,"Anderson",76978,3.89721738678583,0.00780234070221066,50.6638260282159,0,0.780234070221066
2020-04-28,22,0,21,0,1,0,25,0,1690,279,1715,279,0,1,0,2,1,0,"Anderson",76978,2.59814492452389,0.00482315112540193,362.441216971083,0,0.482315112540193
2020-04-29,26,4,25,4,1,0,28,3,2068,378,2096,381,0,1,0,2,1,0,"Anderson",76978,6.49536231130972,0.00429645542427497,494.946608121801,5.19628984904778,0.429645542427497
2020-04-30,26,0,25,0,1,0,29,1,2100,32,2129,33,0,1,0,2,1,0,"Anderson",76978,6.49536231130972,0.00547045951859956,42.8693912546442,0,0.547045951859956
2020-05-01,26,0,25,0,1,0,29,0,2152,52,2181,52,0,1,0,2,1,0,"Anderson",76978,5.19628984904778,0.00466744457409568,67.5517680376211,0,0.466744457409568
2020-05-02,26,0,25,0,1,0,29,0,2219,67,2248,67,0,1,0,2,1,0,"Anderson",76978,5.19628984904778,0.00450958286358512,87.0378549715503,0,0.450958286358512
2020-05-03,27,1,26,1,1,0,30,1,2312,93,2342,94,0,1,0,2,1,0,"Anderson",76978,6.49536231130972,0.00529100529100529,122.112811452623,1.29907246226194,0.529100529100529
2020-05-04,27,0,26,0,1,0,30,0,2404,92,2434,92,0,1,0,2,1,0,"Anderson",76978,6.49536231130972,0.00501002004008016,119.514666528099,0,0.501002004008016
2020-05-05,28,1,27,1,1,0,30,0,2473,69,2503,69,0,1,0,2,1,0,"Anderson",76978,7.79443477357167,0.00634517766497462,89.6359998960742,1.29907246226194,0.634517766497462
2020-05-06,30,2,29,2,1,0,31,1,2523,50,2554,51,0,1,0,2,1,0,"Anderson",76978,5.19628984904778,0.00655021834061135,66.2526955753592,2.59814492452389,0.655021834061135
2020-05-07,30,0,29,0,1,0,33,2,2595,72,2628,74,0,1,0,2,1,0,"Anderson",76978,5.19628984904778,0.00801603206412826,96.1313622073839,0,0.801603206412826
2020-05-08,30,0,29,0,1,0,33,0,2650,55,2683,55,0,1,0,2,1,0,"Anderson",76978,5.19628984904778,0.00796812749003984,71.448985424407,0,0.796812749003984
2020-05-09,30,0,29,0,1,0,33,0,2732,82,2765,82,0,1,0,2,1,0,"Anderson",76978,5.19628984904778,0.00773694390715667,106.523941905479,0,0.773694390715667
2020-05-10,30,0,29,0,1,0,33,0,2825,93,2858,93,0,1,0,2,1,0,"Anderson",76978,3.89721738678583,0.00581395348837209,120.813738990361,0,0.581395348837209
2020-05-11,32,2,31,2,1,0,33,0,2907,82,2940,82,0,1,0,2,1,0,"Anderson",76978,6.49536231130972,0.00592885375494071,106.523941905479,2.59814492452389,0.592885375494071
2020-05-12,33,1,32,1,1,0,35,2,3040,133,3075,135,0,1,0,2,1,0,"Anderson",76978,6.49536231130972,0.00874125874125874,175.374782405363,1.29907246226194,0.874125874125874
2020-05-13,35,2,34,2,1,0,38,3,3218,178,3256,181,0,1,1,3,1,0,"Anderson",76978,6.49536231130972,0.00997150997150997,235.132115669412,2.59814492452389,0.997150997150997
2020-05-14,35,0,34,0,1,0,39,1,3344,126,3383,127,0,1,0,3,1,0,"Anderson",76978,6.49536231130972,0.00794701986754967,164.982202707267,0,0.794701986754967
2020-05-15,36,1,35,1,1,0,39,0,3415,71,3454,71,0,1,0,3,1,0,"Anderson",76978,7.79443477357167,0.00778210116731518,92.2341448205981,1.29907246226194,0.778210116731518
2020-05-16,36,0,35,0,1,0,41,2,3655,240,3696,242,0,1,0,3,1,0,"Anderson",76978,7.79443477357167,0.00859291084854995,314.375535867391,0,0.859291084854995
2020-05-17,36,0,35,0,1,0,41,0,3725,70,3766,70,0,1,0,3,1,0,"Anderson",76978,7.79443477357167,0.00881057268722467,90.9350723583361,0,0.881057268722467
2020-05-18,37,1,36,1,1,0,42,1,3802,77,3844,78,0,1,0,3,1,0,"Anderson",76978,6.49536231130972,0.00995575221238938,101.327652056432,1.29907246226194,0.995575221238938
2020-05-19,37,0,36,0,1,0,42,0,3854,52,3896,52,0,1,0,3,1,0,"Anderson",76978,5.19628984904778,0.00852618757612668,67.5517680376211,0,0.852618757612667
2020-05-20,37,0,36,0,1,0,43,1,3919,65,3962,66,0,1,0,3,1,0,"Anderson",76978,2.59814492452389,0.00708215297450425,85.7387825092884,0,0.708215297450425
2020-05-21,37,0,36,0,1,0,44,1,3999,80,4043,81,0,1,0,3,1,0,"Anderson",76978,2.59814492452389,0.00757575757575758,105.224869443218,0,0.757575757575758
2020-05-22,38,1,37,1,1,0,45,1,4027,28,4072,29,0,1,1,4,1,0,"Anderson",76978,2.59814492452389,0.00970873786407767,37.6731014055964,1.29907246226194,0.970873786407767
2020-05-23,38,0,37,0,1,0,46,1,4190,163,4236,164,0,1,0,4,1,0,"Anderson",76978,2.59814492452389,0.00925925925925926,213.047883810959,0,0.925925925925926
2020-05-24,38,0,37,0,1,0,46,0,4245,55,4291,55,0,1,0,4,1,0,"Anderson",76978,2.59814492452389,0.00952380952380952,71.448985424407,0,0.952380952380952
2020-05-25,38,0,37,0,1,0,47,1,4279,34,4326,35,0,1,0,4,1,0,"Anderson",76978,1.29907246226194,0.0103734439834025,45.4675361791681,0,1.03734439834025
2020-05-26,38,0,37,0,1,0,47,0,4410,131,4457,131,0,1,0,4,1,0,"Anderson",76978,1.29907246226194,0.0089126559714795,170.178492556315,0,0.89126559714795
2020-05-27,38,0,37,0,1,0,47,0,4513,103,4560,103,0,1,0,4,1,0,"Anderson",76978,1.29907246226194,0.00668896321070234,133.80446361298,0,0.668896321070234
2020-05-28,38,0,37,0,1,0,47,0,4561,48,4608,48,0,1,0,4,1,0,"Anderson",76978,1.29907246226194,0.00530973451327434,62.3554781885734,0,0.530973451327434
2020-05-29,39,1,38,1,1,0,47,0,4611,50,4658,50,0,1,0,4,1,0,"Anderson",76978,1.29907246226194,0.00341296928327645,64.9536231130973,1.29907246226194,0.341296928327645
2020-05-30,39,0,38,0,1,0,48,1,4663,52,4711,53,0,1,0,4,1,0,"Anderson",76978,1.29907246226194,0.00421052631578947,68.8508404998831,0,0.421052631578947
2020-05-31,40,1,39,1,1,0,49,1,4729,66,4778,67,0,1,0,4,1,0,"Anderson",76978,2.59814492452389,0.00616016427104723,87.0378549715503,1.29907246226194,0.616016427104723
2020-06-01,40,0,39,0,1,0,49,0,4853,124,4902,124,0,1,0,4,1,0,"Anderson",76978,2.59814492452389,0.00347222222222222,161.084985320481,0,0.347222222222222
2020-06-02,40,0,39,0,1,0,49,0,4980,127,5029,127,0,1,0,4,1,0,"Anderson",76978,2.59814492452389,0.0034965034965035,164.982202707267,0,0.34965034965035
2020-06-03,41,1,40,1,1,0,50,1,5040,60,5090,61,0,1,0,4,2,1,"Anderson",76978,3.89721738678583,0.00566037735849057,79.2434201979787,1.29907246226194,0.566037735849057
2020-06-04,41,0,40,0,1,0,50,0,5088,48,5138,48,1,2,0,4,2,0,"Anderson",76978,3.89721738678583,0.00566037735849057,62.3554781885734,0,0.566037735849057
2020-06-05,42,1,41,1,1,0,53,3,5145,57,5198,60,0,2,0,4,2,0,"Anderson",76978,3.89721738678583,0.0111111111111111,77.9443477357167,1.29907246226194,1.11111111111111
2020-06-06,43,1,42,1,1,0,54,1,5198,53,5252,54,0,2,0,4,2,0,"Anderson",76978,5.19628984904778,0.011090573012939,70.149912962145,1.29907246226194,1.1090573012939
2020-06-07,45,2,43,1,2,1,57,3,5293,95,5350,98,0,2,0,4,2,0,"Anderson",76978,6.49536231130972,0.013986013986014,127.309101301671,2.59814492452389,1.3986013986014
2020-06-08,46,1,44,1,2,0,57,0,5334,41,5391,41,0,2,0,4,2,0,"Anderson",76978,7.79443477357167,0.016359918200409,53.2619709527397,1.29907246226194,1.6359918200409
2020-06-09,47,1,45,1,2,0,60,3,5515,181,5575,184,0,2,0,4,2,0,"Anderson",76978,9.09350723583361,0.0201465201465201,239.029333056198,1.29907246226194,2.01465201465201
2020-06-10,52,5,50,5,2,0,63,3,5723,208,5786,211,0,2,0,4,2,0,"Anderson",76978,14.2897970848814,0.0186781609195402,274.10428953727,6.49536231130973,1.86781609195402
2020-06-11,55,3,53,3,2,0,66,3,5868,145,5934,148,0,2,1,5,2,0,"Anderson",76978,18.1870144716672,0.0201005025125628,192.262724414768,3.89721738678583,2.01005025125628
2020-06-12,57,2,55,2,2,0,70,4,5950,82,6020,86,0,2,0,5,2,0,"Anderson",76978,19.4860869339292,0.0206812652068127,111.720231754527,2.59814492452389,2.06812652068127
2020-06-13,58,1,55,0,3,1,70,0,5993,43,6063,43,0,2,0,5,2,0,"Anderson",76978,19.4860869339292,0.0197287299630086,55.8601158772636,1.29907246226194,1.97287299630086
2020-06-14,60,2,57,2,3,0,70,0,6168,175,6238,175,0,2,1,6,2,0,"Anderson",76978,19.4860869339292,0.0146396396396396,227.33768089584,2.59814492452389,1.46396396396396
2020-06-15,60,0,57,0,3,0,71,1,6226,58,6297,59,0,2,0,6,2,0,"Anderson",76978,18.1870144716672,0.0154525386313466,76.6452752734548,0,1.54525386313466
2020-06-16,64,4,61,4,3,0,75,4,6287,61,6362,65,0,2,0,6,2,0,"Anderson",76978,22.0842318584531,0.0190597204574333,84.4397100470264,5.19628984904778,1.90597204574333
2020-06-17,66,2,63,2,3,0,79,4,6324,37,6403,41,0,2,0,6,2,0,"Anderson",76978,18.1870144716672,0.0259319286871961,53.2619709527397,2.59814492452389,2.59319286871961
2020-06-18,70,4,67,4,3,0,84,5,6454,130,6538,135,0,2,0,6,2,0,"Anderson",76978,19.4860869339292,0.0298013245033113,175.374782405363,5.19628984904778,2.98013245033113
2020-06-19,72,2,69,2,3,0,86,2,6519,65,6605,67,0,2,0,6,2,0,"Anderson",76978,19.4860869339292,0.0273504273504274,87.0378549715503,2.59814492452389,2.73504273504274
2020-06-20,73,1,70,1,3,0,87,1,6557,38,6644,39,0,2,0,6,2,0,"Anderson",76978,19.4860869339292,0.0292598967297762,50.6638260282159,1.29907246226194,2.92598967297762
2020-06-21,74,1,71,1,3,0,88,1,6617,60,6705,61,0,2,0,6,2,0,"Anderson",76978,18.1870144716672,0.0385438972162741,79.2434201979787,1.29907246226194,3.85438972162741
2020-06-22,76,2,73,2,3,0,90,2,6709,92,6799,94,0,2,1,7,2,0,"Anderson",76978,20.7851593961911,0.0378486055776892,122.112811452623,2.59814492452389,3.78486055776892
2020-06-23,76,0,73,0,3,0,90,0,6798,89,6888,89,0,2,0,7,2,0,"Anderson",76978,15.5888695471433,0.0285171102661597,115.617449141313,0,2.85171102661597
2020-06-24,77,1,74,1,3,0,91,1,6829,31,6920,32,0,2,0,7,2,0,"Anderson",76978,14.2897970848814,0.02321083172147,41.5703187923822,1.29907246226194,2.321083172147
2020-06-25,81,4,78,4,3,0,92,1,6942,113,7034,114,0,2,0,7,2,0,"Anderson",76978,14.2897970848814,0.0161290322580645,148.094260697862,5.19628984904778,1.61290322580645
2020-06-26,86,5,83,5,3,0,98,6,6970,28,7068,34,0,2,0,7,2,0,"Anderson",76978,18.1870144716672,0.0259179265658747,44.1684637169061,6.49536231130973,2.59179265658747
2020-06-27,87,1,83,0,4,1,98,0,6982,12,7080,12,0,2,0,7,2,0,"Anderson",76978,18.1870144716672,0.0252293577981651,15.5888695471433,1.29907246226194,2.52293577981651
2020-06-28,91,4,87,4,4,0,106,8,7091,109,7197,117,0,2,0,7,2,0,"Anderson",76978,22.0842318584531,0.0365853658536585,151.991478084648,5.19628984904778,3.65853658536585
2020-06-29,97,6,92,5,5,1,114,8,7313,222,7427,230,0,2,1,8,2,0,"Anderson",76978,27.2805217075008,0.0382165605095541,298.786666320247,7.79443477357167,3.82165605095541
2020-06-30,102,5,96,4,6,1,120,6,7477,164,7597,170,0,2,0,8,2,0,"Anderson",76978,33.7758840188106,0.0423131170662905,220.842318584531,6.49536231130973,4.23131170662905
2020-07-01,104,2,98,2,6,0,124,4,7598,121,7722,125,0,2,0,8,2,0,"Anderson",76978,35.0749564810725,0.0411471321695761,162.384057782743,2.59814492452389,4.11471321695761
2020-07-02,110,6,104,6,6,0,130,6,7837,239,7967,245,0,2,0,8,2,0,"Anderson",76978,37.6731014055964,0.0407288317256163,318.272753254177,7.79443477357167,4.07288317256163
2020-07-03,120,10,113,9,7,1,142,12,7961,124,8103,136,0,2,0,8,2,0,"Anderson",76978,44.1684637169061,0.042512077294686,176.673854867625,12.9907246226195,4.2512077294686
2020-07-04,131,11,124,11,7,0,156,14,8145,184,8301,198,0,2,2,10,2,0,"Anderson",76978,57.1591883395256,0.0475020475020475,257.216347527865,14.2897970848814,4.75020475020475
2020-07-05,140,9,133,9,7,0,169,13,8301,156,8470,169,0,2,1,11,2,0,"Anderson",76978,63.6545506508353,0.0494893951296151,219.543246122269,11.6916521603575,4.94893951296151
2020-07-06,141,1,134,1,7,0,170,1,8328,27,8498,28,0,2,0,11,2,0,"Anderson",76978,57.1591883395256,0.0522875816993464,36.3740289433345,1.29907246226194,5.22875816993464
2020-07-07,157,16,150,16,7,0,190,20,8561,233,8751,253,0,2,0,11,2,0,"Anderson",76978,71.448985424407,0.0606585788561525,328.665332952272,20.7851593961911,6.06585788561525
2020-07-08,173,16,165,15,8,1,206,16,8701,140,8907,156,0,2,0,11,2,0,"Anderson",76978,89.6359998960742,0.0691983122362869,202.655304112863,20.7851593961911,6.91983122362869
2020-07-09,187,14,179,14,8,0,220,14,8969,268,9189,282,0,2,0,11,2,0,"Anderson",76978,100.02857959417,0.0736497545008183,366.338434357868,18.1870144716672,7.36497545008183
2020-07-10,193,6,185,6,8,0,227,7,8999,30,9226,37,0,2,1,12,2,0,"Anderson",76978,94.832289745122,0.0756901157613535,48.065681103692,7.79443477357167,7.56901157613535
2020-07-11,201,8,193,8,8,0,235,8,9168,169,9403,177,0,2,1,13,2,0,"Anderson",76978,90.9350723583361,0.0716878402903811,229.935825820364,10.3925796980956,7.16878402903811
2020-07-12,212,11,204,11,8,0,248,13,9351,183,9599,196,0,2,0,13,2,0,"Anderson",76978,93.53321728286,0.0699734278122232,254.618202603341,14.2897970848814,6.99734278122232
2020-07-13,218,6,209,5,9,1,255,7,9390,39,9645,46,0,2,2,15,2,0,"Anderson",76978,100.02857959417,0.0741063644289451,59.7573332640495,7.79443477357167,7.41063644289451
2020-07-14,229,11,219,10,10,1,266,11,9530,140,9796,151,0,2,0,15,2,0,"Anderson",76978,93.53321728286,0.0727272727272727,196.159941801554,14.2897970848814,7.27272727272727
2020-07-15,245,16,234,15,11,1,285,19,9632,102,9917,121,0,2,0,15,2,0,"Anderson",76978,93.53321728286,0.0782178217821782,157.187767933695,20.7851593961911,7.82178217821782
2020-07-16,263,18,252,18,11,0,308,23,9921,289,10229,312,0,2,1,16,2,0,"Anderson",76978,98.7295071319078,0.0846153846153846,405.310608225727,23.383304320715,8.46153846153846
2020-07-17,270,7,259,7,11,0,317,9,9992,71,10309,80,0,2,1,17,3,1,"Anderson",76978,100.02857959417,0.0831024930747922,103.925796980956,9.09350723583361,8.31024930747922
2020-07-18,277,7,266,7,11,0,328,11,10206,214,10534,225,0,2,0,17,3,0,"Anderson",76978,98.7295071319078,0.0822281167108753,292.291304008938,9.09350723583361,8.22281167108753
2020-07-19,285,8,274,8,11,0,337,9,10287,81,10624,90,0,2,2,19,3,0,"Anderson",76978,94.832289745122,0.0868292682926829,116.916521603575,10.3925796980956,8.68292682926829
2020-07-20,313,28,302,28,11,0,367,30,10456,169,10823,199,1,3,0,19,3,0,"Anderson",76978,123.411883914885,0.0950764006791171,258.515419990127,36.3740289433345,9.50764006791171
2020-07-21,336,23,324,22,12,1,391,24,10748,292,11139,316,0,3,1,20,3,0,"Anderson",76978,139.000753462028,0.0930752047654505,410.506898074775,29.8786666320247,9.30752047654505
2020-07-22,365,29,353,29,12,0,424,33,10883,135,11307,168,0,3,0,20,3,0,"Anderson",76978,155.888695471433,0.1,218.244173660007,37.6731014055964,10
2020-07-23,388,23,376,23,12,0,455,31,11310,427,11765,458,0,3,2,22,3,0,"Anderson",76978,162.384057782743,0.095703125,594.975187715971,29.8786666320247,9.5703125
2020-07-24,394,6,382,6,12,0,463,8,11422,112,11885,120,0,3,0,22,4,1,"Anderson",76978,161.084985320481,0.0926395939086294,155.888695471433,7.79443477357167,9.26395939086294
2020-07-25,426,32,413,31,13,1,499,36,11679,257,12178,293,1,4,1,23,4,0,"Anderson",76978,193.56179687703,0.104014598540146,380.62823144275,41.5703187923822,10.4014598540146
2020-07-26,465,39,451,38,14,1,541,42,12082,403,12623,445,0,4,2,25,4,0,"Anderson",76978,233.83304320715,0.102051025512756,578.087245706565,50.6638260282159,10.2051025512756
2020-07-27,483,18,468,17,15,1,562,21,12262,180,12824,201,0,4,1,26,4,0,"Anderson",76978,220.842318584531,0.0974512743628186,261.113564914651,23.383304320715,9.74512743628186
2020-07-28,523,40,508,40,15,0,608,46,12642,380,13250,426,0,4,1,27,5,1,"Anderson",76978,242.926550442984,0.10279488394126,553.404868923589,51.9628984904778,10.279488394126
2020-07-29,527,4,512,4,15,0,612,4,12678,36,13290,40,1,5,0,27,5,0,"Anderson",76978,210.449738886435,0.0948058497226425,51.9628984904778,5.19628984904778,9.48058497226425
2020-07-30,564,37,549,37,15,0,666,54,13163,485,13829,539,0,5,0,27,5,0,"Anderson",76978,228.636753358102,0.102228682170543,700.200057159188,48.065681103692,10.2228682170543
2020-07-31,576,12,561,12,15,0,680,14,13345,182,14025,196,0,5,0,27,5,0,"Anderson",76978,236.431188131674,0.101401869158878,254.618202603341,15.5888695471433,10.1401869158878
2020-08-01,599,23,584,23,15,0,705,25,13754,409,14459,434,0,5,1,28,5,0,"Anderson",76978,224.739535971316,0.0903112669881631,563.797448621684,29.8786666320247,9.03112669881631
2020-08-02,606,7,591,7,15,0,712,7,13882,128,14594,135,0,5,1,29,6,1,"Anderson",76978,183.169217178934,0.0867579908675799,175.374782405363,9.09350723583361,8.67579908675799
2020-08-03,631,25,615,24,16,1,743,31,14109,227,14852,258,0,5,0,29,6,0,"Anderson",76978,192.262724414768,0.0892504930966469,335.160695263582,32.4768115565486,8.92504930966469
2020-08-04,638,7,622,7,16,0,751,8,14352,243,15103,251,2,7,0,29,6,0,"Anderson",76978,149.393333160124,0.0771721532649757,326.067188027748,9.09350723583361,7.71721532649757
2020-08-05,653,15,637,15,16,0,770,19,14561,209,15331,228,-1,6,0,29,6,0,"Anderson",76978,163.683130245005,0.0774130328270456,296.188521395723,19.4860869339292,7.74130328270456
2020-08-06,675,22,659,22,16,0,800,30,14882,321,15682,351,0,6,1,30,6,0,"Anderson",76978,144.197043311076,0.0723151645979493,455.974434253943,28.5795941697628,7.23151645979493
2020-08-07,679,4,663,4,16,0,804,4,14963,81,15767,85,0,6,0,30,6,0,"Anderson",76978,133.80446361298,0.0711825487944891,110.421159292265,5.19628984904778,7.11825487944891
2020-08-08,690,11,674,11,16,0,820,16,15283,320,16103,336,0,6,0,30,6,0,"Anderson",76978,118.215594065837,0.0699513381995134,436.488347320014,14.2897970848814,6.99513381995134
2020-08-09,697,7,681,7,16,0,829,9,15420,137,16249,146,0,6,0,30,6,0,"Anderson",76978,118.215594065837,0.0706948640483384,189.664579490244,9.09350723583361,7.06948640483384
2020-08-10,702,5,686,5,16,0,835,6,15559,139,16394,145,0,6,0,30,6,0,"Anderson",76978,92.2341448205981,0.059662775616083,188.365507027982,6.49536231130973,5.9662775616083
2020-08-11,723,21,707,21,16,0,857,22,15762,203,16619,225,0,6,1,31,6,0,"Anderson",76978,110.421159292265,0.0699208443271768,292.291304008938,27.2805217075008,6.99208443271768
2020-08-12,731,8,715,8,16,0,865,8,16001,239,16866,247,0,6,0,31,6,0,"Anderson",76978,101.327652056432,0.0618892508143322,320.8708981787,10.3925796980956,6.18892508143322
2020-08-13,749,18,733,18,16,0,889,24,16229,228,17118,252,1,7,2,33,6,0,"Anderson",76978,96.1313622073839,0.0619777158774373,327.36626049001,23.383304320715,6.19777158774373
2020-08-14,766,17,749,16,17,1,911,22,16558,329,17469,351,0,7,0,33,6,0,"Anderson",76978,113.019304216789,0.0628672150411281,455.974434253943,22.0842318584531,6.28672150411281
2020-08-15,776,10,759,10,17,0,923,12,16781,223,17704,235,-1,6,0,33,6,0,"Anderson",76978,111.720231754527,0.0643347907557776,305.282028631557,12.9907246226195,6.43347907557776
2020-08-16,788,12,771,12,17,0,937,14,16923,142,17860,156,0,6,0,33,7,1,"Anderson",76978,118.215594065837,0.0670391061452514,202.655304112863,15.5888695471433,6.70391061452514
2020-08-17,792,4,775,4,17,0,940,3,16966,43,17906,46,0,6,0,33,7,0,"Anderson",76978,116.916521603575,0.0694444444444444,59.7573332640495,5.19628984904778,6.94444444444444
2020-08-18,806,14,789,14,17,0,957,17,17129,163,18086,180,0,6,0,33,7,0,"Anderson",76978,107.823014367741,0.0681663258350375,233.83304320715,18.1870144716672,6.81663258350375
2020-08-19,820,14,803,14,17,0,971,14,17303,174,18274,188,0,6,0,33,7,0,"Anderson",76978,115.617449141313,0.0752840909090909,244.225622905246,18.1870144716672,7.52840909090909
2020-08-20,835,15,818,15,17,0,987,16,17745,442,18732,458,0,6,0,33,8,1,"Anderson",76978,111.720231754527,0.0607187112763321,594.975187715971,19.4860869339292,6.07187112763321
2020-08-21,838,3,821,3,17,0,990,3,17781,36,18771,39,1,7,0,33,8,0,"Anderson",76978,93.53321728286,0.0606758832565284,50.6638260282159,3.89721738678583,6.06758832565284
2020-08-22,856,18,839,18,17,0,1009,19,18325,544,19334,563,1,8,1,34,8,0,"Anderson",76978,103.925796980956,0.052760736196319,731.377796253475,23.383304320715,5.2760736196319
2020-08-23,857,1,840,1,17,0,1010,1,18409,84,19419,85,0,8,0,34,8,0,"Anderson",76978,89.6359998960742,0.0468248877485568,110.421159292265,1.29907246226194,4.68248877485568
2020-08-24,858,1,840,0,18,1,1010,0,18448,39,19458,39,0,8,0,34,8,0,"Anderson",76978,85.7387825092884,0.0451030927835052,50.6638260282159,1.29907246226194,4.51030927835052
2020-08-25,866,8,848,8,18,0,1018,8,18600,152,19618,160,0,8,1,35,8,0,"Anderson",76978,77.9443477357167,0.0398172323759791,207.851593961911,10.3925796980956,3.98172323759791
2020-08-26,872,6,854,6,18,0,1024,6,18780,180,19804,186,0,8,0,35,8,0,"Anderson",76978,67.5517680376211,0.034640522875817,241.627477980722,7.79443477357167,3.4640522875817
2020-08-27,875,3,857,3,18,0,1027,3,19191,411,20218,414,0,8,0,35,8,0,"Anderson",76978,51.9628984904778,0.0269179004037685,537.815999376445,3.89721738678583,2.69179004037685
2020-08-28,875,0,857,0,18,0,1027,0,19229,38,20256,38,0,8,0,35,8,0,"Anderson",76978,48.065681103692,0.0249158249158249,49.3647535659539,0,2.49158249158249
2020-08-29,884,9,865,8,19,1,1035,8,19491,262,20526,270,0,8,0,35,8,0,"Anderson",76978,36.3740289433345,0.0218120805369128,350.749564810725,11.6916521603575,2.18120805369128
2020-08-30,900,16,881,16,19,0,1051,16,19574,83,20625,99,0,8,0,35,8,0,"Anderson",76978,55.8601158772636,0.0339966832504146,128.608173763933,20.7851593961911,3.39966832504146
2020-08-31,902,2,883,2,19,0,1053,2,19632,58,20685,60,0,8,0,35,8,0,"Anderson",76978,57.1591883395256,0.0350448247758761,77.9443477357167,2.59814492452389,3.50448247758761
2020-09-01,909,7,889,6,20,1,1059,6,19743,111,20802,117,0,8,0,35,8,0,"Anderson",76978,55.8601158772636,0.0346283783783784,151.991478084648,9.09350723583361,3.46283783783784
2020-09-02,917,8,895,6,22,2,1069,10,20059,316,21128,326,0,8,0,35,8,0,"Anderson",76978,58.4582608017875,0.033987915407855,423.497622697394,10.3925796980956,3.3987915407855
2020-09-03,933,16,909,14,24,2,1085,16,20383,324,21468,340,0,8,0,35,9,1,"Anderson",76978,75.3462028111928,0.0464,441.684637169061,20.7851593961911,4.64
2020-09-04,942,9,917,8,25,1,1095,10,20572,189,21667,199,0,8,0,35,9,0,"Anderson",76978,87.0378549715503,0.0481927710843374,258.515419990127,11.6916521603575,4.81927710843374
2020-09-05,961,19,936,19,25,0,1116,21,20841,269,21957,290,0,8,1,36,10,1,"Anderson",76978,100.02857959417,0.0566037735849057,376.731014055964,24.682376782977,5.66037735849057
2020-09-06,963,2,938,2,25,0,1118,2,20897,56,22015,58,0,8,0,36,10,0,"Anderson",76978,81.8415651225025,0.0482014388489209,75.3462028111928,2.59814492452389,4.82014388489209
2020-09-07,966,3,941,3,25,0,1123,5,20985,88,22108,93,0,8,0,36,10,0,"Anderson",76978,83.1406375847645,0.0491918482080112,120.813738990361,3.89721738678583,4.91918482080112
2020-09-08,975,9,944,3,31,6,1127,4,21160,175,22287,179,1,9,0,36,10,0,"Anderson",76978,85.7387825092884,0.0457912457912458,232.533970744888,11.6916521603575,4.57912457912458
2020-09-09,984,9,953,9,31,0,1136,9,21401,241,22537,250,0,9,1,37,11,1,"Anderson",76978,87.0378549715503,0.0475514549325763,324.768115565486,11.6916521603575,4.75514549325763
2020-09-10,1013,29,981,28,32,1,1166,30,21770,369,22936,399,1,10,0,37,11,0,"Anderson",76978,103.925796980956,0.0551771117166213,518.329912442516,37.6731014055964,5.51771117166213
2020-09-11,1014,1,982,1,32,0,1168,2,21903,133,23071,135,0,10,0,37,11,0,"Anderson",76978,93.53321728286,0.051994301994302,175.374782405363,1.29907246226194,5.1994301994302
2020-09-12,1017,3,985,3,32,0,1173,5,22045,142,23218,147,0,10,0,37,11,0,"Anderson",76978,72.7480578866689,0.0452022204599524,190.963651952506,3.89721738678583,4.52022204599524
2020-09-13,1038,21,1005,20,33,1,1194,21,22289,244,23483,265,0,10,1,38,11,0,"Anderson",76978,97.4304346696459,0.0517711171662125,344.254202499415,27.2805217075008,5.17711171662125
2020-09-14,1044,6,1010,5,34,1,1200,6,22395,106,23595,112,0,10,1,39,11,0,"Anderson",76978,101.327652056432,0.0517821116341627,145.496115773338,7.79443477357167,5.17821116341627
2020-09-15,1060,16,1026,16,34,0,1217,17,22635,240,23852,257,1,11,1,40,12,1,"Anderson",76978,110.421159292265,0.0575079872204473,333.86162280132,20.7851593961911,5.75079872204473
2020-09-16,1068,8,1034,8,34,0,1229,12,22771,136,24000,148,0,11,0,40,12,0,"Anderson",76978,109.122086830003,0.063568010936432,192.262724414768,10.3925796980956,6.3568010936432
2020-09-17,1090,22,1054,20,36,2,1249,20,23192,421,24441,441,0,11,1,41,12,0,"Anderson",76978,100.02857959417,0.0551495016611296,572.890955857518,28.5795941697628,5.51495016611296
2020-09-18,1109,19,1073,19,36,0,1267,18,23416,224,24683,242,0,11,0,41,12,0,"Anderson",76978,123.411883914885,0.0614143920595533,314.375535867391,24.682376782977,6.14143920595533
2020-09-19,1124,15,1088,15,36,0,1288,21,23698,282,24986,303,0,11,1,42,12,0,"Anderson",76978,139.000753462028,0.0650452488687783,393.618956065369,19.4860869339292,6.50452488687783
2020-09-20,1131,7,1095,7,36,0,1298,10,23850,152,25148,162,0,11,0,42,13,1,"Anderson",76978,120.813738990361,0.0624624624624625,210.449738886435,9.09350723583361,6.24624624624625
2020-09-21,1133,2,1097,2,36,0,1300,2,23883,33,25183,35,0,11,0,42,13,0,"Anderson",76978,115.617449141313,0.0629722921914358,45.4675361791681,2.59814492452389,6.29722921914358
2020-09-22,1147,14,1111,14,36,0,1317,17,24131,248,25448,265,0,11,1,43,13,0,"Anderson",76978,113.019304216789,0.06265664160401,344.254202499415,18.1870144716672,6.265664160401
2020-09-23,1147,0,1111,0,36,0,1317,0,24172,41,25489,41,0,11,0,43,13,0,"Anderson",76978,102.626724518694,0.0591000671591672,53.2619709527397,0,5.91000671591672
2020-09-24,1160,13,1124,13,36,0,1332,15,24496,324,25828,339,1,12,0,43,13,0,"Anderson",76978,90.9350723583361,0.0598413842826244,440.385564706799,16.8879420094053,5.98413842826244
2020-09-25,1174,14,1137,13,37,1,1345,13,24732,236,26077,249,1,13,0,43,13,0,"Anderson",76978,84.4397100470264,0.0559540889526542,323.469043103224,18.1870144716672,5.59540889526542
2020-09-26,1188,14,1151,14,37,0,1362,17,25031,299,26393,316,0,13,0,43,13,0,"Anderson",76978,83.1406375847645,0.0525941719971571,410.506898074775,18.1870144716672,5.25941719971571
2020-09-27,1207,19,1168,17,39,2,1378,16,25238,207,26616,223,0,13,0,43,13,0,"Anderson",76978,98.7295071319078,0.0544959128065395,289.693159084414,24.682376782977,5.44959128065395
2020-09-28,1210,3,1170,2,40,1,1380,2,25275,37,26655,39,0,13,0,43,13,0,"Anderson",76978,100.02857959417,0.0543478260869565,50.6638260282159,3.89721738678583,5.43478260869565
2020-09-29,1221,11,1180,10,41,1,1390,10,25569,294,26959,304,0,13,0,43,13,0,"Anderson",76978,96.1313622073839,0.0483123759099934,394.918028527631,14.2897970848814,4.83123759099934
2020-09-30,1233,12,1190,10,43,2,1400,10,25635,66,27035,76,0,13,0,43,13,0,"Anderson",76978,111.720231754527,0.0536869340232859,98.7295071319078,15.5888695471433,5.36869340232859
2020-10-01,1249,16,1204,14,45,2,1415,15,25915,280,27330,295,0,13,0,43,13,0,"Anderson",76978,115.617449141313,0.0552596537949401,383.226376367274,20.7851593961911,5.52596537949401
2020-10-02,1256,7,1210,6,46,1,1422,7,25997,82,27419,89,0,13,0,43,13,0,"Anderson",76978,106.523941905479,0.0573770491803279,115.617449141313,9.09350723583361,5.73770491803279
2020-10-03,1272,16,1226,16,46,0,1446,24,26261,264,27707,288,0,13,0,43,13,0,"Anderson",76978,109.122086830003,0.0639269406392694,374.13286913144,20.7851593961911,6.39269406392694
2020-10-04,1288,16,1240,14,48,2,1462,16,26598,337,28060,353,0,13,0,43,13,0,"Anderson",76978,105.224869443218,0.0581717451523546,458.572579178467,20.7851593961911,5.81717451523546
2020-10-05,1314,26,1265,25,49,1,1489,27,26809,211,28298,238,0,13,1,44,13,0,"Anderson",76978,135.103536075242,0.0663420572124163,309.179246018343,33.7758840188106,6.63420572124163
2020-10-06,1342,28,1292,27,50,1,1520,31,27146,337,28666,368,0,13,1,45,13,0,"Anderson",76978,157.187767933695,0.0761570005858231,478.058666112396,36.3740289433345,7.61570005858231
2020-10-07,1348,6,1298,6,50,0,1528,8,27381,235,28909,243,0,13,0,45,13,0,"Anderson",76978,149.393333160124,0.0683030949839915,315.674608329653,7.79443477357167,6.83030949839915
2020-10-08,1358,10,1306,8,52,2,1537,9,27620,239,29157,248,0,13,1,46,13,0,"Anderson",76978,141.598898386552,0.066776135741653,322.169970640962,12.9907246226195,6.6776135741653
2020-10-09,1373,15,1319,13,54,2,1553,16,27793,173,29346,189,0,13,0,46,13,0,"Anderson",76978,151.991478084648,0.0679813181110535,245.524695367508,19.4860869339292,6.79813181110535
2020-10-10,1389,16,1335,16,54,0,1573,20,28005,212,29578,232,0,13,1,47,14,1,"Anderson",76978,151.991478084648,0.0678781400320684,301.384811244771,20.7851593961911,6.78781400320684
2020-10-11,1417,28,1363,28,54,0,1604,31,28294,289,29898,320,0,13,0,47,14,0,"Anderson",76978,167.580347631791,0.0772578890097933,415.703187923822,36.3740289433345,7.72578890097933
2020-10-12,1433,16,1378,15,55,1,1620,16,28373,79,29993,95,0,13,0,47,14,0,"Anderson",76978,154.589623009171,0.0772861356932153,123.411883914885,20.7851593961911,7.72861356932153
2020-10-13,1453,20,1396,18,57,2,1638,18,28494,121,30132,139,0,13,0,47,14,0,"Anderson",76978,144.197043311076,0.0804911323328786,180.57107225441,25.9814492452389,8.04911323328786
2020-10-14,1475,22,1418,22,57,0,1662,24,28794,300,30456,324,0,13,0,47,14,0,"Anderson",76978,164.982202707267,0.0866192630898513,420.89947777287,28.5795941697628,8.66192630898513
2020-10-15,1497,22,1434,16,63,6,1676,14,28945,151,30621,165,0,13,1,48,14,0,"Anderson",76978,180.57107225441,0.0949453551912568,214.346956273221,28.5795941697628,9.49453551912568
2020-10-16,1504,7,1437,3,67,4,1680,4,29044,99,30724,103,0,13,0,48,15,1,"Anderson",76978,170.178492556315,0.0921625544267054,133.80446361298,9.09350723583361,9.21625544267054
2020-10-17,1532,28,1464,27,68,1,1710,30,29292,248,31002,278,0,13,2,50,15,0,"Anderson",76978,185.767362103458,0.0962078651685393,361.142144508821,36.3740289433345,9.62078651685393
2020-10-18,1551,19,1483,19,68,0,1732,22,29531,239,31263,261,0,13,0,50,15,0,"Anderson",76978,174.075709943101,0.0937728937728938,339.057912650368,24.682376782977,9.37728937728938
2020-10-19,1555,4,1487,4,68,0,1737,5,29608,77,31345,82,0,13,1,51,15,0,"Anderson",76978,158.486840395957,0.0865384615384615,106.523941905479,5.19628984904778,8.65384615384615
2020-10-20,1582,27,1514,27,68,0,1772,35,29807,199,31579,234,0,13,0,51,15,0,"Anderson",76978,167.580347631791,0.092605390463027,303.982956169295,35.0749564810725,9.2605390463027
2020-10-21,1599,17,1531,17,68,0,1791,19,30023,216,31814,235,0,13,1,52,15,0,"Anderson",76978,161.084985320481,0.0949926362297496,305.282028631557,22.0842318584531,9.49926362297496
2020-10-22,1620,21,1552,21,68,0,1816,25,30355,332,32171,357,1,14,0,52,15,0,"Anderson",76978,159.785912858219,0.0903225806451613,463.768869027514,27.2805217075008,9.03225806451613
2020-10-23,1635,15,1566,14,69,1,1832,16,30630,275,32462,291,0,14,0,52,15,0,"Anderson",76978,170.178492556315,0.0874568469505178,378.030086518226,19.4860869339292,8.74568469505178
2020-10-24,1666,31,1596,30,70,1,1865,33,31006,376,32871,409,0,14,2,54,17,2,"Anderson",76978,174.075709943101,0.082932049224184,531.320637065136,40.2712463301203,8.29320492241841
2020-10-25,1683,17,1612,16,71,1,1884,19,31202,196,33086,215,0,14,4,58,17,0,"Anderson",76978,171.477565018577,0.0833790455293472,279.300579386318,22.0842318584531,8.33790455293472
2020-10-26,1699,16,1627,15,72,1,1902,18,31336,134,33238,152,-1,13,1,59,17,0,"Anderson",76978,187.06643456572,0.0871632329635499,197.459014263816,20.7851593961911,8.71632329635499
2020-10-27,1728,29,1651,24,77,5,1926,24,31491,155,33417,179,1,14,2,61,17,0,"Anderson",76978,189.664579490244,0.0837867247007617,232.533970744888,37.6731014055964,8.37867247007617
2020-10-28,1784,56,1705,54,79,2,1985,59,31925,434,33910,493,0,14,0,61,17,0,"Anderson",76978,240.32840551846,0.092557251908397,640.442723895139,72.7480578866689,9.25572519083969
2020-10-29,1813,29,1726,21,87,8,2004,19,32131,206,34135,225,0,14,2,63,17,0,"Anderson",76978,250.720985216555,0.0957230142566191,292.291304008938,37.6731014055964,9.57230142566191
2020-10-30,1850,37,1760,34,90,3,2042,38,32282,151,34324,189,2,16,1,64,17,0,"Anderson",76978,279.300579386318,0.112781954887218,245.524695367508,48.065681103692,11.2781954887218
2020-10-31,1850,0,1760,0,90,0,2042,0,32283,1,34325,1,0,16,0,64,19,2,"Anderson",76978,239.029333056198,0.121733149931224,1.29907246226194,0,12.1733149931224
2020-11-01,1855,5,1765,5,90,0,2050,8,32527,244,34577,252,0,16,0,64,19,0,"Anderson",76978,223.440463509055,0.111334674714956,327.36626049001,6.49536231130973,11.1334674714956
2020-11-02,1888,33,1796,31,92,2,2085,35,32794,267,34879,302,0,16,0,64,20,1,"Anderson",76978,245.524695367508,0.111517367458867,392.319883603107,42.8693912546442,11.1517367458867
2020-11-03,1914,26,1821,25,93,1,2110,25,32974,180,35084,205,0,16,0,64,21,1,"Anderson",76978,241.627477980722,0.110377924415117,266.309854763699,33.7758840188106,11.0377924415117
2020-11-04,1932,18,1836,15,96,3,2128,18,33052,78,35180,96,2,18,1,65,21,0,"Anderson",76978,192.262724414768,0.11259842519685,124.710956377147,23.383304320715,11.259842519685
2020-11-05,1956,24,1854,18,102,6,2148,20,33151,99,35299,119,0,18,0,65,22,1,"Anderson",76978,185.767362103458,0.123711340206186,154.589623009171,31.1777390942867,12.3711340206186
2020-11-06,2005,49,1900,46,105,3,2197,49,33518,367,35715,416,0,18,2,67,23,1,"Anderson",76978,201.356231650601,0.111430625449317,540.414144300969,63.6545506508353,11.1430625449317
2020-11-07,2085,80,1977,77,108,3,2274,77,33965,447,36239,524,0,18,0,67,23,0,"Anderson",76978,305.282028631557,0.121212121212121,680.713970225259,103.925796980956,12.1212121212121
2020-11-08,2139,54,2028,51,111,3,2336,62,34575,610,36911,672,0,18,1,68,23,0,"Anderson",76978,368.936579282392,0.122536418166238,872.976694640027,70.149912962145,12.2536418166238
2020-11-09,2147,8,2035,7,112,1,2345,9,34649,74,36994,83,0,18,0,68,23,0,"Anderson",76978,336.459767725844,0.122931442080378,107.823014367741,10.3925796980956,12.2931442080378
2020-11-10,2166,19,2053,18,113,1,2367,22,34820,171,37187,193,0,18,1,69,23,0,"Anderson",76978,327.36626049001,0.122206371849738,250.720985216555,24.682376782977,12.2206371849738
2020-11-11,2205,39,2089,36,116,3,2409,42,35093,273,37502,315,1,19,1,70,23,0,"Anderson",76978,354.646782197511,0.121016365202412,409.207825612513,50.6638260282159,12.1016365202412
2020-11-12,2212,7,2095,6,117,1,2417,8,35291,198,37708,206,0,19,0,70,24,1,"Anderson",76978,332.562550339058,0.111664591116646,267.608927225961,9.09350723583361,11.1664591116646
2020-11-13,2268,56,2148,53,120,3,2476,59,35552,261,38028,320,2,21,2,72,24,0,"Anderson",76978,341.656057574892,0.120622568093385,415.703187923822,72.7480578866689,12.0622568093385
2020-11-14,2309,41,2188,40,121,1,2521,45,35948,396,38469,441,1,22,1,73,25,1,"Anderson",76978,290.992231546676,0.110762331838565,572.890955857518,53.2619709527397,11.0762331838565
2020-11-15,2407,98,2286,98,121,0,2629,108,36530,582,39159,690,1,23,1,74,25,0,"Anderson",76978,348.151419886201,0.130338078291815,896.359998960742,127.309101301671,13.0338078291815
2020-11-16,2456,49,2315,29,141,20,2658,29,36807,277,39465,306,0,23,1,75,25,0,"Anderson",76978,401.413390838941,0.126669364629705,397.516173452155,63.6545506508353,12.6669364629705
2020-11-17,2472,16,2330,15,142,1,2674,16,37012,205,39686,221,2,25,1,76,26,1,"Anderson",76978,397.516173452155,0.122849139655862,287.09501415989,20.7851593961911,12.2849139655862
2020-11-18,2502,30,2356,26,146,4,2700,26,37306,294,40006,320,0,25,0,76,27,1,"Anderson",76978,385.824521291798,0.116214057507987,415.703187923822,38.9721738678584,11.6214057507987
2020-11-19,2560,58,2410,54,150,4,2762,62,37722,416,40484,478,0,25,1,77,27,0,"Anderson",76978,452.077216867157,0.124279538904899,620.95663696121,75.3462028111928,12.4279538904899
2020-11-20,2590,30,2437,27,153,3,2793,31,37835,113,40628,144,0,25,0,77,28,1,"Anderson",76978,418.301332848346,0.121923076923077,187.06643456572,38.9721738678584,12.1923076923077
2020-11-21,2647,57,2486,49,161,8,2841,48,38179,344,41020,392,0,25,1,78,28,0,"Anderson",76978,439.086492244537,0.125441003528028,509.236405206682,74.0471303489309,12.5441003528028
2020-11-22,2703,56,2535,49,168,7,2898,57,38662,483,41560,540,0,25,1,79,31,3,"Anderson",76978,384.525448829536,0.112036651395252,701.49912962145,72.7480578866689,11.2036651395252
2020-11-23,2710,7,2541,6,169,1,2904,6,38684,22,41588,28,0,25,0,79,32,1,"Anderson",76978,329.964405414534,0.115873763542157,36.3740289433345,9.09350723583361,11.5873763542157
2020-11-24,2723,13,2553,12,170,1,2916,12,38841,157,41757,169,2,27,0,79,32,0,"Anderson",76978,326.067188027748,0.116851762433607,219.543246122269,16.8879420094053,11.6851762433607
2020-11-25,2751,28,2574,21,177,7,2937,21,38878,37,41815,58,1,28,0,79,32,0,"Anderson",76978,323.469043103224,0.131011608623549,75.3462028111928,36.3740289433345,13.1011608623549
2020-11-26,2796,45,2616,42,180,3,2982,45,39228,350,42210,395,0,28,1,80,33,1,"Anderson",76978,306.581101093819,0.127462340672074,513.133622593468,58.4582608017875,12.7462340672074
2020-11-27,2895,99,2706,90,189,9,3077,95,39654,426,42731,521,0,28,3,83,35,2,"Anderson",76978,396.217100989893,0.135045173561579,676.816752838473,128.608173763933,13.5045173561579
2020-11-28,2926,31,2731,25,195,6,3107,30,39797,143,42904,173,1,29,2,85,35,0,"Anderson",76978,362.441216971083,0.141188959660297,224.739535971316,40.2712463301203,14.1188959660297
2020-11-29,3017,91,2820,89,197,2,3203,96,40234,437,43437,533,0,29,1,86,35,0,"Anderson",76978,407.908753150251,0.162493340436867,692.405622385617,118.215594065837,16.2493340436867
2020-11-30,3087,70,2886,66,201,4,3276,73,40486,252,43762,325,0,29,0,86,37,2,"Anderson",76978,489.750318272753,0.171113155473781,422.198550235132,90.9350723583361,17.1113155473781
2020-12-01,3163,76,2952,66,211,10,3348,72,40916,430,44264,502,1,30,6,92,38,1,"Anderson",76978,571.591883395256,0.172317510969286,652.134376055496,98.7295071319078,17.2317510969286
2020-12-02,3178,15,2966,14,212,1,3364,16,41024,108,44388,124,0,30,0,92,38,0,"Anderson",76978,554.70394138585,0.165954139137194,161.084985320481,19.4860869339292,16.5954139137194
2020-12-03,3219,41,2995,29,224,12,3397,33,41249,225,44646,258,1,31,1,93,39,1,"Anderson",76978,549.507651536803,0.170361247947455,335.160695263582,53.2619709527397,17.0361247947455
2020-12-04,3286,67,3055,60,231,7,3460,63,41407,158,44867,221,1,32,0,93,39,0,"Anderson",76978,507.93733274442,0.179307116104869,287.09501415989,87.0378549715503,17.9307116104869
2020-12-05,3317,31,3074,19,243,12,3478,18,41474,67,44952,85,0,32,0,93,39,0,"Anderson",76978,507.93733274442,0.18115234375,110.421159292265,40.2712463301203,18.115234375
2020-12-06,3353,36,3103,29,250,7,3506,28,41682,208,45188,236,0,32,2,95,40,1,"Anderson",76978,436.488347320014,0.173043974871502,306.581101093819,46.76660864143,17.3043974871502
2020-12-07,3493,140,3227,124,266,16,3642,136,42275,593,45917,729,2,34,4,99,41,1,"Anderson",76978,527.42341967835,0.169837587006961,947.023824988958,181.870144716672,16.9837587006961
2020-12-08,3564,71,3276,49,288,22,3694,52,42573,298,46267,350,1,35,2,101,43,2,"Anderson",76978,520.92805736704,0.172740888667,454.675361791681,92.2341448205981,17.2740888666999
2020-12-09,3669,105,3367,91,302,14,3798,104,42834,261,46632,365,0,35,3,104,44,1,"Anderson",76978,637.844578970615,0.193404634581105,474.16144872561,136.402608537504,19.3404634581105
2020-12-10,3763,94,3445,78,318,16,3885,87,43365,531,47250,618,3,38,3,107,45,1,"Anderson",76978,706.695419470498,0.187403993855607,802.826781677882,122.112811452623,18.7403993855607
2020-12-11,3836,73,3498,53,338,20,3936,51,43531,166,47467,217,1,39,2,109,45,0,"Anderson",76978,714.48985424407,0.183076923076923,281.898724310842,94.832289745122,18.3076923076923
2020-12-12,3924,88,3559,61,365,27,4001,65,44044,513,48045,578,0,39,2,111,45,0,"Anderson",76978,788.536984593001,0.169091496928548,750.863883187404,114.318376679051,16.9091496928548
2020-12-13,4156,232,3742,183,414,49,4205,204,44916,872,49121,1076,1,40,0,111,47,2,"Anderson",76978,1043.15518719634,0.177726926010679,1397.80196939385,301.384811244771,17.7726926010679
2020-12-14,4271,115,3828,86,443,29,4304,99,45206,290,49510,389,0,40,1,112,48,1,"Anderson",76978,1010.67837563979,0.184247147230726,505.339187819897,149.393333160124,18.4247147230726
2020-12-15,4406,135,3913,85,493,50,4400,96,45733,527,50133,623,1,41,6,118,51,3,"Anderson",76978,1093.81901322456,0.182617692705639,809.322143989192,175.374782405363,18.2617692705639
2020-12-16,4475,69,3943,30,532,39,4436,36,46056,323,50492,359,2,43,4,122,52,1,"Anderson",76978,1047.05240458313,0.165284974093264,466.367013952038,89.6359998960742,16.5284974093264
2020-12-17,4676,201,4117,174,559,27,4630,194,46584,528,51214,722,2,45,2,124,54,2,"Anderson",76978,1186.05315804516,0.187941473259334,937.930317753124,261.113564914651,18.7941473259334
2020-12-18,4774,98,4193,76,581,22,4717,87,46950,366,51667,453,1,46,2,126,54,0,"Anderson",76978,1218.5299696017,0.185952380952381,588.479825404661,127.309101301671,18.5952380952381
2020-12-19,4879,105,4274,81,605,24,4804,87,47208,258,52012,345,0,46,1,127,55,1,"Anderson",76978,1240.61420146016,0.202419964708848,448.179999480371,136.402608537504,20.2419964708848
2020-12-20,5019,140,4396,122,623,18,4941,137,47672,464,52613,601,2,48,3,130,56,1,"Anderson",76978,1121.09953493206,0.210767468499427,780.742549819429,181.870144716672,21.0767468499427
2020-12-21,5066,47,4414,18,652,29,4964,23,47892,220,52856,243,3,51,2,132,59,3,"Anderson",76978,1032.76260749825,0.197250448296473,315.674608329653,61.0564057263114,19.7250448296473
2020-12-22,5136,70,4458,44,678,26,5011,47,47998,106,53009,153,1,52,2,134,64,5,"Anderson",76978,948.32289745122,0.212447844228095,198.758086726078,90.9350723583361,21.2447844228095
2020-12-23,5210,74,4500,42,710,32,5054,43,48314,316,53368,359,2,54,2,136,66,2,"Anderson",76978,954.81825976253,0.214881780250348,466.367013952038,96.1313622073839,21.4881780250348
2020-12-24,5268,58,4524,24,744,34,5081,27,48466,152,53547,179,1,55,1,137,71,5,"Anderson",76978,769.050897659071,0.193313330475782,232.533970744888,75.3462028111928,19.3313330475782
2020-12-25,5361,93,4601,77,760,16,5173,92,48875,409,54048,501,0,55,1,138,72,1,"Anderson",76978,762.555535347762,0.191516169676606,650.835303593234,120.813738990361,19.1516169676606
2020-12-26,5417,56,4630,29,787,27,5201,28,48994,119,54195,147,0,55,3,141,74,2,"Anderson",76978,698.900984696926,0.181859825927623,190.963651952506,72.7480578866689,18.1859825927623
2020-12-27,5477,60,4667,37,810,23,5237,36,49130,136,54367,172,1,56,6,147,75,1,"Anderson",76978,594.975187715971,0.168757126567845,223.440463509055,77.9443477357167,16.8757126567845
2020-12-28,5524,47,4688,21,836,26,5257,20,49199,69,54456,89,2,58,4,151,82,7,"Anderson",76978,594.975187715971,0.183125,115.617449141313,61.0564057263114,18.3125
2020-12-29,5620,96,4740,52,880,44,5305,48,49294,95,54599,143,2,60,5,156,85,3,"Anderson",76978,628.751071734781,0.184905660377358,185.767362103458,124.710956377147,18.4905660377358
2020-12-30,5655,35,4758,18,897,17,5322,17,49422,128,54744,145,6,66,1,157,88,3,"Anderson",76978,578.087245706566,0.194767441860465,188.365507027982,45.4675361791681,19.4767441860465
2020-12-31,5818,163,4858,100,960,63,5424,102,49726,304,55150,406,6,72,1,158,93,5,"Anderson",76978,714.48985424407,0.213973799126638,527.42341967835,211.748811348697,21.3973799126638
2021-01-01,5883,65,4900,42,983,23,5479,55,50002,276,55481,331,0,72,2,160,94,1,"Anderson",76978,678.115825300735,0.213538032100488,429.992985008704,84.4397100470264,21.3538032100488
2021-01-02,5976,93,4941,41,1035,52,5520,41,50287,285,55807,326,0,72,2,162,96,2,"Anderson",76978,726.181506404427,0.197890818858561,423.497622697394,120.813738990361,19.7890818858561
2021-01-03,6001,25,4953,12,1048,13,5536,16,50339,52,55875,68,0,72,1,163,99,3,"Anderson",76978,680.713970225259,0.198275862068966,88.3369274338123,32.4768115565486,19.8275862068966
2021-01-04,6038,37,4977,24,1061,13,5567,31,50446,107,56013,138,1,73,0,163,104,5,"Anderson",76978,667.72324560264,0.199100834938985,179.271999792148,48.065681103692,19.9100834938985
2021-01-05,6110,72,5008,31,1102,41,5598,31,50564,118,56162,149,2,75,2,165,107,3,"Anderson",76978,636.545506508353,0.187460012795905,193.56179687703,93.53321728286,18.7460012795905
2021-01-06,6185,75,5049,41,1136,34,5642,44,50725,161,56367,205,5,80,2,167,109,2,"Anderson",76978,688.508404998831,0.197165742452249,266.309854763699,97.4304346696459,19.7165742452249
2021-01-07,6290,105,5129,80,1161,25,5734,92,50946,221,56680,313,1,81,1,168,112,3,"Anderson",76978,613.162202187638,0.202614379084967,406.609680687989,136.402608537504,20.2614379084967
2021-01-08,6373,83,5180,51,1193,32,5786,52,51145,199,56931,251,5,86,2,170,115,3,"Anderson",76978,636.545506508353,0.211724137931034,326.067188027748,107.823014367741,21.1724137931034
2021-01-09,6482,109,5248,68,1234,41,5861,75,51576,431,57437,506,2,88,0,170,117,2,"Anderson",76978,657.330665904544,0.20920245398773,657.330665904544,141.598898386552,20.920245398773
2021-01-10,6542,60,5273,25,1269,35,5886,25,51670,94,57556,119,2,90,3,173,118,1,"Anderson",76978,702.798202083712,0.208209399167162,154.589623009171,77.9443477357167,20.8209399167162
2021-01-11,6575,33,5283,10,1292,23,5899,13,51741,71,57640,84,1,91,1,174,120,2,"Anderson",76978,697.601912234664,0.204056545789797,109.122086830003,42.8693912546442,20.4056545789797
2021-01-12,6628,53,5317,34,1311,19,5937,38,51913,172,57850,210,2,93,1,175,120,0,"Anderson",76978,672.919535451687,0.200829383886256,272.805217075008,68.8508404998831,20.0829383886256
2021-01-13,6654,26,5334,17,1320,9,5956,19,52003,90,57959,109,3,96,0,175,121,1,"Anderson",76978,609.264984800852,0.197236180904523,141.598898386552,33.7758840188106,19.7236180904523
2021-01-14,6751,97,5396,62,1355,35,6030,74,52410,407,58440,481,5,101,2,177,123,2,"Anderson",76978,598.872405102757,0.168181818181818,624.853854347995,126.010028839409,16.8181818181818
2021-01-15,6785,34,5416,20,1369,14,6054,24,52565,155,58619,179,0,101,1,178,126,3,"Anderson",76978,535.217854451921,0.158767772511848,232.533970744888,44.1684637169061,15.8767772511848
2021-01-16,6850,65,5447,31,1403,34,6088,34,52808,243,58896,277,1,102,1,179,129,3,"Anderson",76978,478.058666112396,0.155586017820425,359.843072046559,84.4397100470264,15.5586017820425
2021-01-17,6887,37,5467,20,1420,17,6111,23,52912,104,59023,127,0,102,0,179,131,2,"Anderson",76978,448.179999480371,0.153374233128834,164.982202707267,48.065681103692,15.3374233128834
2021-01-18,6906,19,5475,8,1431,11,6121,10,53008,96,59129,106,1,103,0,179,132,1,"Anderson",76978,429.992985008704,0.149093351242445,137.701680999766,24.682376782977,14.9093351242445
2021-01-19,6948,42,5492,17,1456,25,6141,20,53120,112,59261,132,1,104,0,179,134,2,"Anderson",76978,415.703187923822,0.144578313253012,171.477565018577,54.5610434150017,14.4578313253012
2021-01-20,6976,28,5508,16,1468,12,6160,19,53272,152,59432,171,3,107,0,179,137,3,"Anderson",76978,418.301332848346,0.138492871690428,222.141391046793,36.3740289433345,13.8492871690428
2021-01-21,7032,56,5548,40,1484,16,6199,39,53513,241,59712,280,5,112,2,181,138,1,"Anderson",76978,365.039361895607,0.132861635220126,363.740289433345,72.7480578866689,13.2861635220126
2021-01-22,7070,38,5566,18,1504,20,6221,22,53658,145,59879,167,2,114,0,181,141,3,"Anderson",76978,370.235651744654,0.132539682539683,216.945101197745,49.3647535659539,13.2539682539683
2021-01-23,7108,38,5580,14,1528,24,6234,13,53918,260,60152,273,0,114,1,182,141,0,"Anderson",76978,335.160695263582,0.116242038216561,354.646782197511,49.3647535659539,11.6242038216561
2021-01-24,7121,13,5592,12,1529,1,6248,14,53985,67,60233,81,0,114,0,182,143,2,"Anderson",76978,303.982956169295,0.113223140495868,105.224869443218,16.8879420094053,11.3223140495868
2021-01-25,7138,17,5603,11,1535,6,6259,11,54045,60,60304,71,2,116,1,183,145,2,"Anderson",76978,301.384811244771,0.117446808510638,92.2341448205981,22.0842318584531,11.7446808510638
2021-01-26,7165,27,5624,21,1541,6,6284,25,54208,163,60492,188,0,116,1,184,148,3,"Anderson",76978,281.898724310842,0.116165718927701,244.225622905246,35.0749564810725,11.6165718927701
2021-01-27,7182,17,5632,8,1550,9,6293,9,54294,86,60587,95,4,120,0,184,150,2,"Anderson",76978,267.608927225961,0.115151515151515,123.411883914885,22.0842318584531,11.5151515151515
2021-01-28,7269,87,5672,40,1597,47,6340,47,54520,226,60860,273,4,124,0,184,151,1,"Anderson",76978,307.880173556081,0.122822299651568,354.646782197511,113.019304216789,12.2822299651568
2021-01-29,7282,13,5676,4,1606,9,6345,5,54565,45,60910,50,1,125,1,185,151,0,"Anderson",76978,275.403361999532,0.120271580989331,64.9536231130973,16.8879420094053,12.0271580989331
2021-01-30,7322,40,5711,35,1611,5,6381,36,54824,259,61205,295,2,127,2,187,152,1,"Anderson",76978,278.001506924056,0.13960113960114,383.226376367274,51.9628984904778,13.960113960114
2021-01-31,7338,16,5718,7,1620,9,6392,11,54993,169,61385,180,1,128,0,187,154,2,"Anderson",76978,281.898724310842,0.125,233.83304320715,20.7851593961911,12.5
2021-02-01,7358,20,5731,13,1627,7,6405,13,55046,53,61451,66,1,129,1,188,156,2,"Anderson",76978,285.795941697628,0.127288578901482,85.7387825092884,25.9814492452389,12.7288578901482
2021-02-02,7365,7,5737,6,1628,1,6410,5,55114,68,61524,73,5,134,0,188,157,1,"Anderson",76978,259.814492452389,0.122093023255814,94.832289745122,9.09350723583361,12.2093023255814
2021-02-03,7387,22,5743,6,1644,16,6420,10,55306,192,61726,202,4,138,0,188,158,1,"Anderson",76978,266.309854763699,0.111501316944688,262.412637376913,28.5795941697628,11.1501316944688
2021-02-04,7418,31,5758,15,1660,16,6437,17,55630,324,62067,341,2,140,0,188,158,0,"Anderson",76978,193.56179687703,0.0803645401822701,442.983709631323,40.2712463301203,8.03645401822701
2021-02-05,7436,18,5769,11,1667,7,6454,17,55787,157,62241,174,2,142,0,188,159,1,"Anderson",76978,200.05715918834,0.081893313298272,226.038608433578,23.383304320715,8.1893313298272
2021-02-06,7462,26,5785,16,1677,10,6474,20,56009,222,62483,242,1,143,1,189,159,0,"Anderson",76978,181.870144716672,0.0727699530516432,314.375535867391,33.7758840188106,7.27699530516432
2021-02-07,7475,13,5792,7,1683,6,6482,8,56116,107,62598,115,0,143,0,189,159,0,"Anderson",76978,177.972927329886,0.0741962077493817,149.393333160124,16.8879420094053,7.41962077493817
2021-02-08,7500,25,5798,6,1702,19,6487,5,56138,22,62625,27,2,145,0,189,159,0,"Anderson",76978,184.468289641196,0.0698466780238501,35.0749564810725,32.4768115565486,6.98466780238501
2021-02-09,7524,24,5808,10,1716,14,6498,11,56307,169,62805,180,2,147,2,191,159,0,"Anderson",76978,206.552521499649,0.068696330991413,233.83304320715,31.1777390942867,6.8696330991413
2021-02-10,7549,25,5823,15,1726,10,6517,19,56502,195,63019,214,1,148,1,192,159,0,"Anderson",76978,210.449738886435,0.0750193348801237,278.001506924056,32.4768115565486,7.50193348801237
2021-02-11,7562,13,5831,8,1731,5,6528,11,56682,180,63210,191,-1,147,0,192,160,1,"Anderson",76978,187.06643456572,0.0796150481189851,248.122840292031,16.8879420094053,7.96150481189851
2021-02-12,7589,27,5846,15,1743,12,6543,15,56876,194,63419,209,0,147,0,192,160,0,"Anderson",76978,198.758086726078,0.0755517826825127,271.506144612746,35.0749564810725,7.55517826825127
2021-02-13,7616,27,5857,11,1759,16,6553,10,57065,189,63618,199,0,147,0,192,160,0,"Anderson",76978,200.05715918834,0.0696035242290749,258.515419990127,35.0749564810725,6.96035242290749
2021-02-14,7629,13,5866,9,1763,4,6564,11,57126,61,63690,72,2,149,0,192,160,0,"Anderson",76978,200.05715918834,0.0750915750915751,93.53321728286,16.8879420094053,7.50915750915751
2021-02-15,7646,17,5874,8,1772,9,6573,9,57199,73,63772,82,0,149,1,193,161,1,"Anderson",76978,189.664579490244,0.0749782040104621,106.523941905479,22.0842318584531,7.49782040104621
2021-02-16,7675,29,5888,14,1787,15,6590,17,57283,84,63873,101,0,149,0,193,161,0,"Anderson",76978,196.159941801554,0.0861423220973783,131.206318688456,37.6731014055964,8.61423220973783
2021-02-17,7694,19,5900,12,1794,7,6602,12,57391,108,63993,120,0,149,0,193,163,2,"Anderson",76978,188.365507027982,0.0872689938398357,155.888695471433,24.682376782977,8.72689938398357
2021-02-18,7718,24,5922,22,1796,2,6628,26,57547,156,64175,182,0,149,0,193,163,0,"Anderson",76978,202.655304112863,0.103626943005181,236.431188131674,31.1777390942867,10.3626943005181
2021-02-19,7731,13,5933,11,1798,2,6643,15,57593,46,64236,61,0,149,0,193,164,1,"Anderson",76978,184.468289641196,0.122399020807834,79.2434201979787,16.8879420094053,12.2399020807834
2021-02-20,7750,19,5940,7,1810,12,6652,9,57715,122,64367,131,1,150,0,193,165,1,"Anderson",76978,174.075709943101,0.132176234979973,170.178492556315,24.682376782977,13.2176234979973
2021-02-21,7762,12,5947,7,1815,5,6659,7,57779,64,64438,71,2,152,1,194,165,0,"Anderson",76978,172.776637480839,0.127005347593583,92.2341448205981,15.5888695471433,12.7005347593583
2021-02-22,7767,5,5949,2,1818,3,6665,6,57816,37,64481,43,1,153,0,194,166,1,"Anderson",76978,157.187767933695,0.129760225669958,55.8601158772636,6.49536231130973,12.9760225669958
2021-02-23,7791,24,5958,9,1833,15,6673,8,57959,143,64632,151,2,155,0,194,168,2,"Anderson",76978,150.692405622386,0.10935441370224,196.159941801554,31.1777390942867,10.935441370224
2021-02-24,7823,32,5977,19,1846,13,6696,23,58133,174,64829,197,0,155,0,194,168,0,"Anderson",76978,167.580347631791,0.11244019138756,255.917275065603,41.5703187923822,11.244019138756
2021-02-25,7840,17,5985,8,1855,9,6707,11,58260,127,64967,138,1,156,0,194,168,0,"Anderson",76978,158.486840395957,0.0997474747474748,179.271999792148,22.0842318584531,9.97474747474748
2021-02-26,7852,12,5993,8,1859,4,6716,9,58359,99,65075,108,0,156,0,194,168,0,"Anderson",76978,157.187767933695,0.0870083432657926,140.29982592429,15.5888695471433,8.70083432657926
2021-02-27,7861,9,6000,7,1861,2,6722,6,58451,92,65173,98,0,156,0,194,168,0,"Anderson",76978,144.197043311076,0.086848635235732,127.309101301671,11.6916521603575,8.6848635235732
2021-02-28,7875,14,6010,10,1865,4,6733,11,58521,70,65254,81,0,156,0,194,168,0,"Anderson",76978,146.7951882356,0.0906862745098039,105.224869443218,18.1870144716672,9.06862745098039
2021-03-01,7883,8,6015,5,1868,3,6740,7,58556,35,65296,42,0,156,0,194,169,1,"Anderson",76978,150.692405622386,0.0920245398773006,54.5610434150017,10.3925796980956,9.20245398773006
2021-03-02,7906,23,6026,11,1880,12,6750,10,58672,116,65422,126,1,157,1,195,169,0,"Anderson",76978,149.393333160124,0.0974683544303798,163.683130245005,29.8786666320247,9.74683544303798
2021-03-03,7939,33,6047,21,1892,12,6775,25,58788,116,65563,141,1,158,0,195,170,1,"Anderson",76978,150.692405622386,0.107629427792916,183.169217178934,42.8693912546442,10.7629427792916
2021-03-04,7964,25,6060,13,1904,12,6792,17,58951,163,65743,180,0,158,0,195,170,0,"Anderson",76978,161.084985320481,0.109536082474227,233.83304320715,32.4768115565486,10.9536082474227
2021-03-05,7997,33,6077,17,1920,16,6814,22,59085,134,65899,156,0,158,2,197,170,0,"Anderson",76978,188.365507027982,0.118932038834951,202.655304112863,42.8693912546442,11.8932038834951
2021-03-06,8008,11,6082,5,1926,6,6822,8,59174,89,65996,97,0,158,0,197,170,0,"Anderson",76978,190.963651952506,0.121506682867558,126.010028839409,14.2897970848814,12.1506682867558
2021-03-07,8014,6,6085,3,1929,3,6825,3,59213,39,66038,42,0,158,0,197,170,0,"Anderson",76978,180.57107225441,0.11734693877551,54.5610434150017,7.79443477357167,11.734693877551
2021-03-08,8030,16,6092,7,1938,9,6834,9,59290,77,66124,86,1,159,0,197,170,0,"Anderson",76978,190.963651952506,0.113526570048309,111.720231754527,20.7851593961911,11.3526570048309
2021-03-09,8051,21,6100,8,1951,13,6842,8,59355,65,66197,73,0,159,3,200,171,1,"Anderson",76978,188.365507027982,0.118709677419355,94.832289745122,27.2805217075008,11.8709677419355
2021-03-10,8073,22,6113,13,1960,9,6858,16,59512,157,66370,173,0,159,1,201,171,0,"Anderson",76978,174.075709943101,0.102850061957869,224.739535971316,28.5795941697628,10.2850061957869
2021-03-11,8096,23,6123,10,1973,13,6868,10,59609,97,66477,107,0,159,1,202,172,1,"Anderson",76978,171.477565018577,0.103542234332425,139.000753462028,29.8786666320247,10.3542234332425
2021-03-12,8116,20,6140,17,1976,3,6888,20,59715,106,66603,126,0,159,0,202,172,0,"Anderson",76978,154.589623009171,0.105113636363636,163.683130245005,25.9814492452389,10.5113636363636
2021-03-13,8127,11,6144,4,1983,7,6892,4,59791,76,66683,80,0,159,1,203,172,0,"Anderson",76978,154.589623009171,0.101892285298399,103.925796980956,14.2897970848814,10.1892285298399
2021-03-14,8133,6,6148,4,1985,2,6898,6,59827,36,66725,42,0,159,1,204,172,0,"Anderson",76978,154.589623009171,0.106259097525473,54.5610434150017,7.79443477357167,10.6259097525473
2021-03-15,8152,19,6154,6,1998,13,6904,6,59859,32,66763,38,0,159,1,205,172,0,"Anderson",76978,158.486840395957,0.109546165884194,49.3647535659539,24.682376782977,10.9546165884194
2021-03-16,8185,33,6167,13,2018,20,6919,15,59952,93,66871,108,0,159,2,207,172,0,"Anderson",76978,174.075709943101,0.114243323442137,140.29982592429,42.8693912546442,11.4243323442136
2021-03-17,8203,18,6179,12,2024,6,6932,13,60039,87,66971,100,0,159,0,207,173,1,"Anderson",76978,168.879420094053,0.123128119800333,129.907246226195,23.383304320715,12.3128119800333
2021-03-18,8219,16,6191,12,2028,4,6947,15,60120,81,67067,96,1,160,0,207,173,0,"Anderson",76978,159.785912858219,0.133898305084746,124.710956377147,20.7851593961911,13.3898305084746
2021-03-19,8243,24,6205,14,2038,10,6960,13,60239,119,67199,132,0,160,1,208,173,0,"Anderson",76978,164.982202707267,0.120805369127517,171.477565018577,31.1777390942867,12.0805369127517
2021-03-20,8255,12,6211,6,2044,6,6968,8,60278,39,67246,47,0,160,1,209,173,0,"Anderson",76978,166.281275169529,0.134991119005329,61.0564057263114,15.5888695471433,13.4991119005329
2021-03-21,8265,10,6217,6,2048,4,6975,7,60340,62,67315,69,-1,159,0,209,173,0,"Anderson",76978,171.477565018577,0.130508474576271,89.6359998960742,12.9907246226195,13.0508474576271
2021-03-22,8272,7,6218,1,2054,6,6976,1,60406,66,67382,67,0,159,1,210,173,0,"Anderson",76978,155.888695471433,0.116316639741519,87.0378549715503,9.09350723583361,11.6316639741519
2021-03-23,8278,6,6219,1,2059,5,6977,1,60449,43,67426,44,0,159,0,210,174,1,"Anderson",76978,120.813738990361,0.104504504504505,57.1591883395256,7.79443477357167,10.4504504504505
2021-03-24,8286,8,6226,7,2060,1,6984,7,60569,120,67553,127,1,160,0,210,174,0,"Anderson",76978,107.823014367741,0.0893470790378007,164.982202707267,10.3925796980956,8.93470790378007
2021-03-25,8296,10,6231,5,2065,5,6990,6,60670,101,67660,107,0,160,0,210,174,0,"Anderson",76978,100.02857959417,0.0725126475548061,139.000753462028,12.9907246226195,7.25126475548061
2021-03-26,8313,17,6243,12,2070,5,7001,11,60736,66,67737,77,0,160,0,210,175,1,"Anderson",76978,90.9350723583361,0.0762081784386617,100.02857959417,22.0842318584531,7.62081784386617
2021-03-27,8317,4,6247,4,2070,0,7007,6,60800,64,67807,70,1,161,2,212,175,0,"Anderson",76978,80.5424926602406,0.0695187165775401,90.9350723583361,5.19628984904778,6.95187165775401
2021-03-28,8320,3,6247,0,2073,3,7007,0,60829,29,67836,29,1,162,0,212,176,1,"Anderson",76978,71.448985424407,0.0614203454894434,37.6731014055964,3.89721738678583,6.14203454894434
2021-03-29,8336,16,6251,4,2085,12,7011,4,60915,86,67926,90,1,163,0,212,177,1,"Anderson",76978,83.1406375847645,0.0643382352941176,116.916521603575,20.7851593961911,6.43382352941176
2021-03-30,8341,5,6254,3,2087,2,7014,3,60973,58,67987,61,1,164,0,212,177,0,"Anderson",76978,81.8415651225025,0.0659536541889483,79.2434201979787,6.49536231130973,6.59536541889483
2021-03-31,8364,23,6268,14,2096,9,7030,16,61137,164,68167,180,1,165,1,213,177,0,"Anderson",76978,101.327652056432,0.0749185667752443,233.83304320715,29.8786666320247,7.49185667752443
2021-04-01,8374,10,6273,5,2101,5,7034,4,61194,57,68228,61,0,165,0,213,177,0,"Anderson",76978,101.327652056432,0.0774647887323944,79.2434201979787,12.9907246226195,7.74647887323944
2021-04-02,8382,8,6279,6,2103,2,7042,8,61264,70,68306,78,0,165,0,213,177,0,"Anderson",76978,89.6359998960742,0.0720562390158172,101.327652056432,10.3925796980956,7.20562390158172
2021-04-03,8388,6,6284,5,2104,1,7048,6,61314,50,68362,56,0,165,0,213,177,0,"Anderson",76978,92.2341448205981,0.0738738738738739,72.7480578866689,7.79443477357167,7.38738738738739
2021-04-04,8390,2,6286,2,2104,0,7050,2,61352,38,68402,40,0,165,0,213,177,0,"Anderson",76978,90.9350723583361,0.0759717314487632,51.9628984904778,2.59814492452389,7.59717314487632
2021-04-05,8404,14,6289,3,2115,11,7052,2,61410,58,68462,60,0,165,2,215,177,0,"Anderson",76978,88.3369274338123,0.0764925373134328,77.9443477357167,18.1870144716672,7.64925373134328
2021-04-06,8409,5,6293,4,2116,1,7058,6,61452,42,68510,48,0,165,0,215,177,0,"Anderson",76978,88.3369274338123,0.0841300191204589,62.3554781885734,6.49536231130973,8.41300191204589
2021-04-07,8429,20,6306,13,2123,7,7072,14,61610,158,68682,172,0,165,2,217,177,0,"Anderson",76978,84.4397100470264,0.0815533980582524,223.440463509055,25.9814492452389,8.15533980582524
2021-04-08,8432,3,6308,2,2124,1,7075,3,61701,91,68776,94,5,170,1,218,177,0,"Anderson",76978,75.3462028111928,0.0748175182481752,122.112811452623,3.89721738678583,7.48175182481752
2021-04-09,8440,8,6314,6,2126,2,7084,9,61788,87,68872,96,-4,166,0,218,177,0,"Anderson",76978,75.3462028111928,0.0742049469964664,124.710956377147,10.3925796980956,7.42049469964664
2021-04-10,8445,5,6319,5,2126,0,7089,5,61859,71,68948,76,0,166,0,218,177,0,"Anderson",76978,74.0471303489309,0.0699658703071672,98.7295071319078,6.49536231130973,6.99658703071672
2021-04-11,8452,7,6324,5,2128,2,7094,5,61903,44,68997,49,-1,165,0,218,177,0,"Anderson",76978,80.5424926602406,0.0739495798319328,63.6545506508353,9.09350723583361,7.39495798319328
2021-04-12,8455,3,6327,3,2128,0,7097,3,61972,69,69069,72,0,165,0,218,177,0,"Anderson",76978,66.2526955753592,0.0741350906095552,93.53321728286,3.89721738678583,7.41350906095552
2021-04-13,8465,10,6332,5,2133,5,7103,6,62033,61,69136,67,5,170,0,218,177,0,"Anderson",76978,72.7480578866689,0.0718849840255591,87.0378549715503,12.9907246226195,7.18849840255591
2021-04-14,8479,14,6341,9,2138,5,7114,11,62171,138,69285,149,0,170,0,218,177,0,"Anderson",76978,64.9536231130973,0.0696517412935323,193.56179687703,18.1870144716672,6.96517412935323
2021-04-15,8488,9,6346,5,2142,4,7119,5,62252,81,69371,86,0,170,0,218,177,0,"Anderson",76978,72.7480578866689,0.0739495798319328,111.720231754527,11.6916521603575,7.39495798319328
2021-04-16,8501,13,6357,11,2144,2,7132,13,62405,153,69537,166,0,170,0,218,177,0,"Anderson",76978,79.2434201979786,0.0721804511278196,215.646028735483,16.8879420094053,7.21804511278196
2021-04-17,8506,5,6360,3,2146,2,7136,4,62470,65,69606,69,0,170,0,218,177,0,"Anderson",76978,79.2434201979786,0.0714285714285714,89.6359998960742,6.49536231130973,7.14285714285714
2021-04-18,8513,7,6366,6,2147,1,7142,6,62515,45,69657,51,0,170,0,218,177,0,"Anderson",76978,79.2434201979786,0.0727272727272727,66.2526955753592,9.09350723583361,7.27272727272727
2021-04-19,8519,6,6369,3,2150,3,7145,3,62538,23,69683,26,0,170,0,218,178,1,"Anderson",76978,83.1406375847645,0.0781758957654723,33.7758840188106,7.79443477357167,7.81758957654723
2021-04-20,8525,6,6372,3,2153,3,7148,3,62637,99,69785,102,0,170,0,218,178,0,"Anderson",76978,77.9443477357167,0.0693374422187981,132.505391150718,7.79443477357167,6.93374422187981
2021-04-21,8537,12,6378,6,2159,6,7154,6,62791,154,69945,160,1,171,0,218,178,0,"Anderson",76978,75.3462028111928,0.0606060606060606,207.851593961911,15.5888695471433,6.06060606060606
2021-04-22,8555,18,6384,6,2171,12,7161,7,62935,144,70096,151,0,171,0,218,178,0,"Anderson",76978,87.0378549715503,0.0579310344827586,196.159941801554,23.383304320715,5.79310344827586
2021-04-23,8565,10,6389,5,2176,5,7167,6,63100,165,70267,171,0,171,0,218,178,0,"Anderson",76978,83.1406375847645,0.047945205479452,222.141391046793,12.9907246226195,4.7945205479452
2021-04-24,8577,12,6395,6,2182,6,7174,7,63167,67,70341,74,0,171,1,219,178,0,"Anderson",76978,92.2341448205981,0.0517006802721088,96.1313622073839,15.5888695471433,5.17006802721088
2021-04-25,8581,4,6397,2,2184,2,7176,2,63207,40,70383,42,0,171,0,219,178,0,"Anderson",76978,88.3369274338123,0.046831955922865,54.5610434150017,5.19628984904778,4.6831955922865
2021-04-26,8590,9,6401,4,2189,5,7180,4,63282,75,70462,79,0,171,0,219,179,1,"Anderson",76978,92.2341448205981,0.0449293966623877,102.626724518694,11.6916521603575,4.49293966623877
2021-04-27,8600,10,6407,6,2193,4,7186,6,63350,68,70536,74,0,171,0,219,179,0,"Anderson",76978,97.4304346696459,0.0505992010652463,96.1313622073839,12.9907246226195,5.05992010652463
2021-04-28,8617,17,6419,12,2198,5,7199,13,63488,138,70687,151,0,171,1,220,180,1,"Anderson",76978,103.925796980956,0.0606469002695418,196.159941801554,22.0842318584531,6.06469002695418
2021-04-29,8623,6,6421,2,2202,4,7202,3,63637,149,70839,152,0,171,0,220,180,0,"Anderson",76978,88.3369274338123,0.0551816958277254,197.459014263816,7.79443477357167,5.51816958277254
2021-04-30,8630,7,6424,3,2206,4,7206,4,63759,122,70965,126,0,171,0,220,180,0,"Anderson",76978,84.4397100470264,0.0558739255014327,163.683130245005,9.09350723583361,5.58739255014327
2021-05-01,8635,5,6427,3,2208,2,7209,3,63822,63,71031,66,0,171,1,221,180,0,"Anderson",76978,75.3462028111928,0.0507246376811594,85.7387825092884,6.49536231130973,5.07246376811594
2021-05-02,8638,3,6428,1,2210,2,7210,1,63873,51,71083,52,0,171,0,221,180,0,"Anderson",76978,74.0471303489309,0.0485714285714286,67.5517680376211,3.89721738678583,4.85714285714286
2021-05-03,8648,10,6433,5,2215,5,7215,5,63979,106,71194,111,0,171,0,221,180,0,"Anderson",76978,75.3462028111928,0.0478142076502732,144.197043311076,12.9907246226195,4.78142076502732
2021-05-04,8650,2,6433,0,2217,2,7216,1,64055,76,71271,77,0,171,0,221,180,0,"Anderson",76978,64.9536231130973,0.0408163265306122,100.02857959417,2.59814492452389,4.08163265306122
2021-05-05,8658,8,6437,4,2221,4,7219,3,64172,117,71391,120,0,171,0,221,180,0,"Anderson",76978,53.2619709527397,0.0284090909090909,155.888695471433,10.3925796980956,2.84090909090909
2021-05-06,8663,5,6440,3,2223,2,7225,6,64224,52,71449,58,0,171,1,222,180,0,"Anderson",76978,51.9628984904778,0.0377049180327869,75.3462028111928,6.49536231130973,3.77049180327869
2021-05-07,8668,5,6442,2,2226,3,7228,3,64344,120,71572,123,0,171,0,222,180,0,"Anderson",76978,49.3647535659539,0.0362438220757825,159.785912858219,6.49536231130973,3.62438220757825
2021-05-08,8674,6,6445,3,2229,3,7230,2,64413,69,71643,71,0,171,1,223,181,1,"Anderson",76978,50.6638260282159,0.0343137254901961,92.2341448205981,7.79443477357167,3.43137254901961
2021-05-09,8675,1,6445,0,2230,1,7231,1,64441,28,71672,29,0,171,0,223,181,0,"Anderson",76978,48.065681103692,0.0356536502546689,37.6731014055964,1.29907246226194,3.56536502546689
2021-05-10,8680,5,6445,0,2235,5,7231,0,64529,88,71760,88,0,171,0,223,181,0,"Anderson",76978,41.5703187923822,0.0282685512367491,114.318376679051,6.49536231130973,2.82685512367491
2021-05-11,8688,8,6446,1,2242,7,7233,2,64571,42,71804,44,0,171,0,223,182,1,"Anderson",76978,49.3647535659539,0.0318949343339587,57.1591883395256,10.3925796980956,3.18949343339587
2021-05-12,8701,13,6453,7,2248,6,7239,6,64674,103,71913,109,0,171,2,225,182,0,"Anderson",76978,55.8601158772636,0.0383141762452107,141.598898386552,16.8879420094053,3.83141762452107
2021-05-13,8705,4,6455,2,2250,2,7241,2,64777,103,72018,105,0,171,2,227,182,0,"Anderson",76978,54.5610434150017,0.0281195079086116,136.402608537504,5.19628984904778,2.81195079086116
2021-05-14,8713,8,6458,3,2255,5,7246,5,64864,87,72110,92,0,171,0,227,182,0,"Anderson",76978,58.4582608017875,0.033457249070632,119.514666528099,10.3925796980956,3.3457249070632
2021-05-15,8718,5,6460,2,2258,3,7248,2,64929,65,72177,67,0,171,0,227,182,0,"Anderson",76978,57.1591883395256,0.0337078651685393,87.0378549715503,6.49536231130973,3.37078651685393
2021-05-16,8720,2,6461,1,2259,1,7249,1,64965,36,72214,37,0,171,0,227,182,0,"Anderson",76978,58.4582608017875,0.033210332103321,48.065681103692,2.59814492452389,3.3210332103321
2021-05-17,8726,6,6466,5,2260,1,7254,5,65024,59,72278,64,1,172,0,227,182,0,"Anderson",76978,59.7573332640495,0.0444015444015444,83.1406375847645,7.79443477357167,4.44015444015444
2021-05-18,8730,4,6466,0,2264,4,7254,0,65115,91,72369,91,0,172,1,228,182,0,"Anderson",76978,54.5610434150017,0.0371681415929204,118.215594065837,5.19628984904778,3.71681415929204
2021-05-19,8737,7,6471,5,2266,2,7260,6,65233,118,72493,124,0,172,0,228,182,0,"Anderson",76978,46.76660864143,0.0362068965517241,161.084985320481,9.09350723583361,3.62068965517241
2021-05-20,8739,2,6473,2,2266,0,7262,2,65352,119,72614,121,0,172,0,228,182,0,"Anderson",76978,44.1684637169061,0.0352348993288591,157.187767933695,2.59814492452389,3.52348993288591
2021-05-21,8741,2,6473,0,2268,2,7262,0,65422,70,72684,70,0,172,0,228,182,0,"Anderson",76978,36.3740289433345,0.0278745644599303,90.9350723583361,2.59814492452389,2.78745644599303
2021-05-22,8746,5,6475,2,2271,3,7264,2,65462,40,72726,42,0,172,0,228,182,0,"Anderson",76978,36.3740289433345,0.029143897996357,54.5610434150017,6.49536231130973,2.9143897996357
2021-05-23,8746,0,6475,0,2271,0,7264,0,65491,29,72755,29,0,172,0,228,182,0,"Anderson",76978,33.7758840188106,0.0277264325323475,37.6731014055964,0,2.77264325323475
2021-05-24,8754,8,6479,4,2275,4,7267,3,65550,59,72817,62,0,172,0,228,182,0,"Anderson",76978,36.3740289433345,0.0241187384044527,80.5424926602406,10.3925796980956,2.41187384044527
2021-05-25,8756,2,6479,0,2277,2,7268,1,65595,45,72863,46,0,172,0,228,182,0,"Anderson",76978,33.7758840188106,0.0283400809716599,59.7573332640495,2.59814492452389,2.83400809716599
2021-05-26,8763,7,6484,5,2279,2,7274,6,65695,100,72969,106,0,172,0,228,182,0,"Anderson",76978,33.7758840188106,0.0294117647058824,137.701680999766,9.09350723583361,2.94117647058824
2021-05-27,8765,2,6485,1,2280,1,7275,1,65745,50,73020,51,0,172,1,229,182,0,"Anderson",76978,33.7758840188106,0.0320197044334975,66.2526955753592,2.59814492452389,3.20197044334975
2021-05-28,8770,5,6489,4,2281,1,7280,5,65828,83,73108,88,0,172,0,229,182,0,"Anderson",76978,37.6731014055964,0.0424528301886792,114.318376679051,6.49536231130973,4.24528301886792
2021-05-29,8771,1,6489,0,2282,1,7280,0,65865,37,73145,37,0,172,0,229,182,0,"Anderson",76978,32.4768115565486,0.0381861575178998,48.065681103692,1.29907246226194,3.81861575178998
2021-05-30,8774,3,6490,1,2284,2,7281,1,65915,50,73196,51,0,172,0,229,182,0,"Anderson",76978,36.3740289433345,0.0385487528344671,66.2526955753592,3.89721738678583,3.85487528344671
2021-05-31,8778,4,6493,3,2285,1,7284,3,65966,51,73250,54,0,172,0,229,182,0,"Anderson",76978,31.1777390942867,0.0392609699769053,70.149912962145,5.19628984904778,3.92609699769053
2021-06-01,8781,3,6495,2,2286,1,7285,1,66014,48,73299,49,0,172,1,230,182,0,"Anderson",76978,32.4768115565486,0.0389908256880734,63.6545506508353,3.89721738678583,3.89908256880734
2021-06-02,8785,4,6496,1,2289,3,7287,2,66055,41,73342,43,0,172,0,230,182,0,"Anderson",76978,28.5795941697628,0.0348525469168901,55.8601158772636,5.19628984904778,3.48525469168901
2021-06-03,8786,1,6496,0,2290,1,7290,3,66144,89,73434,92,1,173,0,230,183,1,"Anderson",76978,27.2805217075008,0.036231884057971,119.514666528099,1.29907246226194,3.6231884057971
2021-06-04,8787,1,6497,1,2290,0,7292,2,66197,53,73489,55,-1,172,0,230,183,0,"Anderson",76978,22.0842318584531,0.031496062992126,71.448985424407,1.29907246226194,3.1496062992126
2021-06-05,8788,1,6498,1,2290,0,7293,1,66254,57,73547,58,0,172,0,230,183,0,"Anderson",76978,22.0842318584531,0.0323383084577114,75.3462028111928,1.29907246226194,3.23383084577114
2021-06-06,8788,0,6498,0,2290,0,7293,0,66279,25,73572,25,0,172,0,230,183,0,"Anderson",76978,18.1870144716672,0.0319148936170213,32.4768115565486,0,3.19148936170213
2021-06-07,8789,1,6498,0,2291,1,7293,0,66343,64,73636,64,0,172,0,230,183,0,"Anderson",76978,14.2897970848814,0.0233160621761658,83.1406375847645,1.29907246226194,2.33160621761658
2021-06-08,8790,1,6498,0,2292,1,7293,0,66380,37,73673,37,0,172,1,231,184,1,"Anderson",76978,11.6916521603575,0.0213903743315508,48.065681103692,1.29907246226194,2.13903743315508
2021-06-09,8790,0,6498,0,2292,0,7293,0,66461,81,73754,81,0,172,0,231,184,0,"Anderson",76978,6.49536231130972,0.0145631067961165,105.224869443218,0,1.45631067961165
2021-06-10,8794,4,6499,1,2295,3,7294,1,66518,57,73812,58,0,172,0,231,184,0,"Anderson",76978,10.3925796980956,0.0105820105820106,75.3462028111928,5.19628984904778,1.05820105820106
2021-06-11,8795,1,6499,0,2296,1,7295,1,66573,55,73868,56,1,173,0,231,184,0,"Anderson",76978,10.3925796980956,0.0079155672823219,72.7480578866689,1.29907246226194,0.79155672823219
2021-06-12,8796,1,6499,0,2297,1,7296,1,66628,55,73924,56,2,175,0,231,184,0,"Anderson",76978,10.3925796980956,0.00795755968169761,72.7480578866689,1.29907246226194,0.795755968169761
2021-06-13,8797,1,6499,0,2298,1,7297,1,66666,38,73963,39,0,175,0,231,184,0,"Anderson",76978,11.6916521603575,0.010230179028133,50.6638260282159,1.29907246226194,1.0230179028133
2021-06-14,8799,2,6501,2,2298,0,7299,2,66752,86,74051,88,0,175,0,231,184,0,"Anderson",76978,12.9907246226194,0.0144578313253012,114.318376679051,2.59814492452389,1.44578313253012
2021-06-15,8799,0,6501,0,2298,0,7300,1,66783,31,74083,32,0,175,0,231,184,0,"Anderson",76978,11.6916521603575,0.0170731707317073,41.5703187923822,0,1.70731707317073
2021-06-16,8800,1,6502,1,2298,0,7301,1,66826,43,74127,44,0,175,0,231,184,0,"Anderson",76978,12.9907246226194,0.0214477211796247,57.1591883395256,1.29907246226194,2.14477211796247
2021-06-17,8800,0,6502,0,2298,0,7301,0,66912,86,74213,86,0,175,0,231,184,0,"Anderson",76978,7.79443477357167,0.0174563591022444,111.720231754527,0,1.74563591022444
2021-06-18,8802,2,6503,1,2299,1,7305,4,66962,50,74267,54,0,175,0,231,184,0,"Anderson",76978,9.09350723583361,0.025062656641604,70.149912962145,2.59814492452389,2.5062656641604
2021-06-19,8802,0,6503,0,2299,0,7305,0,67010,48,74315,48,0,175,0,231,184,0,"Anderson",76978,7.79443477357167,0.0230179028132992,62.3554781885734,0,2.30179028132992
2021-06-20,8802,0,6503,0,2299,0,7306,1,67033,23,74339,24,0,175,0,231,184,0,"Anderson",76978,6.49536231130972,0.023936170212766,31.1777390942867,0,2.3936170212766
2021-06-21,8803,1,6503,0,2300,1,7306,0,67073,40,74379,40,0,175,0,231,184,0,"Anderson",76978,5.19628984904778,0.0213414634146341,51.9628984904778,1.29907246226194,2.13414634146341
2021-06-22,8807,4,6504,1,2303,3,7306,0,67115,42,74421,42,0,175,1,232,184,0,"Anderson",76978,10.3925796980956,0.0177514792899408,54.5610434150017,5.19628984904778,1.77514792899408
2021-06-23,8808,1,6505,1,2303,0,7307,1,67163,48,74470,49,0,175,0,232,184,0,"Anderson",76978,10.3925796980956,0.0174927113702624,63.6545506508353,1.29907246226194,1.74927113702624
2021-06-24,8808,0,6505,0,2303,0,7308,1,67207,44,74515,45,0,175,0,232,184,0,"Anderson",76978,10.3925796980956,0.0231788079470199,58.4582608017875,0,2.31788079470199
2021-06-25,8809,1,6506,1,2303,0,7309,1,67243,36,74552,37,0,175,0,232,184,0,"Anderson",76978,9.09350723583361,0.0140350877192982,48.065681103692,1.29907246226194,1.40350877192982
2021-06-26,8810,1,6507,1,2303,0,7310,1,67276,33,74586,34,0,175,0,232,184,0,"Anderson",76978,10.3925796980956,0.018450184501845,44.1684637169061,1.29907246226194,1.8450184501845
2021-06-27,8810,0,6507,0,2303,0,7310,0,67308,32,74618,32,0,175,0,232,184,0,"Anderson",76978,10.3925796980956,0.014336917562724,41.5703187923822,0,1.4336917562724
2021-06-28,8811,1,6507,0,2304,1,7311,1,67324,16,74635,17,0,175,0,232,184,0,"Anderson",76978,10.3925796980956,0.01953125,22.0842318584531,1.29907246226194,1.953125
2021-06-29,8814,3,6510,3,2304,0,7314,3,67382,58,74696,61,0,175,0,232,184,0,"Anderson",76978,9.09350723583361,0.0290909090909091,79.2434201979787,3.89721738678583,2.90909090909091
2021-06-30,8814,0,6510,0,2304,0,7314,0,67428,46,74742,46,0,175,0,232,184,0,"Anderson",76978,7.79443477357167,0.0257352941176471,59.7573332640495,0,2.57352941176471
2021-07-01,8815,1,6511,1,2304,0,7315,1,67465,37,74780,38,0,175,0,232,184,0,"Anderson",76978,9.09350723583361,0.0264150943396226,49.3647535659539,1.29907246226194,2.64150943396226
2021-07-02,8815,0,6511,0,2304,0,7315,0,67508,43,74823,43,0,175,0,232,184,0,"Anderson",76978,7.79443477357167,0.022140221402214,55.8601158772636,0,2.2140221402214
2021-07-03,8815,0,6511,0,2304,0,7315,0,67529,21,74844,21,0,175,0,232,184,0,"Anderson",76978,6.49536231130972,0.0193798449612403,27.2805217075008,0,1.93798449612403
2021-07-04,8816,1,6511,0,2305,1,7316,1,67554,25,74870,26,0,175,0,232,184,0,"Anderson",76978,7.79443477357167,0.0238095238095238,33.7758840188106,1.29907246226194,2.38095238095238
2021-07-05,8816,0,6511,0,2305,0,7317,1,67569,15,74886,16,0,175,0,232,184,0,"Anderson",76978,6.49536231130972,0.0239043824701195,20.7851593961911,0,2.39043824701195
2021-07-06,8817,1,6511,0,2306,1,7317,0,67599,30,74916,30,1,176,0,232,184,0,"Anderson",76978,3.89721738678583,0.0136363636363636,38.9721738678584,1.29907246226194,1.36363636363636
2021-07-07,8818,1,6511,0,2307,1,7317,0,67645,46,74962,46,0,176,0,232,184,0,"Anderson",76978,5.19628984904778,0.0136363636363636,59.7573332640495,1.29907246226194,1.36363636363636
2021-07-08,8819,1,6512,1,2307,0,7318,1,67686,41,75004,42,0,176,0,232,184,0,"Anderson",76978,5.19628984904778,0.0133928571428571,54.5610434150017,1.29907246226194,1.33928571428571
2021-07-09,8821,2,6513,1,2308,1,7319,1,67730,44,75049,45,0,176,0,232,184,0,"Anderson",76978,7.79443477357167,0.0176991150442478,58.4582608017875,2.59814492452389,1.76991150442478
2021-07-10,8823,2,6514,1,2309,1,7320,1,67752,22,75072,23,0,176,1,233,184,0,"Anderson",76978,10.3925796980956,0.0219298245614035,29.8786666320247,2.59814492452389,2.19298245614035
2021-07-11,8823,0,6514,0,2309,0,7320,0,67767,15,75087,15,0,176,0,233,184,0,"Anderson",76978,9.09350723583361,0.0184331797235023,19.4860869339292,0,1.84331797235023
2021-07-12,8831,8,6518,4,2313,4,7324,4,67803,36,75127,40,0,176,1,234,184,0,"Anderson",76978,19.4860869339292,0.029045643153527,51.9628984904778,10.3925796980956,2.9045643153527
2021-07-13,8832,1,6518,0,2314,1,7324,0,67824,21,75148,21,0,176,0,234,186,2,"Anderson",76978,19.4860869339292,0.0301724137931034,27.2805217075008,1.29907246226194,3.01724137931034
2021-07-14,8837,5,6523,5,2314,0,7329,5,67877,53,75206,58,0,176,1,235,186,0,"Anderson",76978,24.682376782977,0.0491803278688525,75.3462028111928,6.49536231130973,4.91803278688525
2021-07-15,8840,3,6526,3,2314,0,7331,2,67910,33,75241,35,0,176,0,235,186,0,"Anderson",76978,27.2805217075008,0.0548523206751055,45.4675361791681,3.89721738678583,5.48523206751055
2021-07-16,8850,10,6528,2,2322,8,7332,1,67938,28,75270,29,0,176,0,235,186,0,"Anderson",76978,37.6731014055964,0.0588235294117647,37.6731014055964,12.9907246226195,5.88235294117647
2021-07-17,8855,5,6529,1,2326,4,7333,1,67974,36,75307,37,0,176,0,235,186,0,"Anderson",76978,41.5703187923822,0.0553191489361702,48.065681103692,6.49536231130973,5.53191489361702
2021-07-18,8858,3,6531,2,2327,1,7335,2,67994,20,75329,22,0,176,0,235,186,0,"Anderson",76978,45.4675361791681,0.0619834710743802,28.5795941697628,3.89721738678583,6.19834710743802
2021-07-19,8863,5,6535,4,2328,1,7339,4,68028,34,75367,38,0,176,0,235,186,0,"Anderson",76978,41.5703187923822,0.0625,49.3647535659539,6.49536231130973,6.25
2021-07-20,8878,15,6546,11,2332,4,7350,11,68063,35,75413,46,0,176,1,236,186,0,"Anderson",76978,59.7573332640495,0.0981132075471698,59.7573332640495,19.4860869339292,9.81132075471698
2021-07-21,8885,7,6550,4,2335,3,7355,5,68148,85,75503,90,0,176,0,236,187,1,"Anderson",76978,62.3554781885734,0.0875420875420875,116.916521603575,9.09350723583361,8.75420875420875
2021-07-22,8895,10,6555,5,2340,5,7359,4,68203,55,75562,59,0,176,0,236,187,0,"Anderson",76978,71.448985424407,0.0872274143302181,76.6452752734548,12.9907246226195,8.72274143302181
2021-07-23,8905,10,6559,4,2346,6,7364,5,68274,71,75638,76,0,176,0,236,187,0,"Anderson",76978,71.448985424407,0.0869565217391304,98.7295071319078,12.9907246226195,8.69565217391304
2021-07-24,8913,8,6563,4,2350,4,7368,4,68328,54,75696,58,0,176,0,236,188,1,"Anderson",76978,75.3462028111928,0.089974293059126,75.3462028111928,10.3925796980956,8.9974293059126
2021-07-25,8918,5,6566,3,2352,2,7369,1,68350,22,75719,23,0,176,0,236,188,0,"Anderson",76978,77.9443477357167,0.0871794871794872,29.8786666320247,6.49536231130973,8.71794871794872
2021-07-26,8941,23,6575,9,2366,14,7377,8,68400,50,75777,58,2,178,0,236,188,0,"Anderson",76978,101.327652056432,0.0926829268292683,75.3462028111928,29.8786666320247,9.26829268292683
2021-07-27,8956,15,6580,5,2376,10,7382,5,68453,53,75835,58,0,178,0,236,188,0,"Anderson",76978,101.327652056432,0.0758293838862559,75.3462028111928,19.4860869339292,7.58293838862559
2021-07-28,8976,20,6588,8,2388,12,7394,12,68536,83,75930,95,0,178,0,236,188,0,"Anderson",76978,118.215594065837,0.0913348946135831,123.411883914885,25.9814492452389,9.13348946135831
2021-07-29,8988,12,6598,10,2390,2,7406,12,68585,49,75991,61,0,178,0,236,188,0,"Anderson",76978,120.813738990361,0.10955710955711,79.2434201979787,15.5888695471433,10.955710955711
2021-07-30,9019,31,6619,21,2400,10,7429,23,68633,48,76062,71,0,178,1,237,188,0,"Anderson",76978,148.094260697862,0.153301886792453,92.2341448205981,40.2712463301203,15.3301886792453
2021-07-31,9032,13,6625,6,2407,7,7435,6,68675,42,76110,48,0,178,0,237,188,0,"Anderson",76978,154.589623009171,0.161835748792271,62.3554781885734,16.8879420094053,16.1835748792271
2021-08-01,9051,19,6637,12,2414,7,7450,15,68714,39,76164,54,0,178,0,237,188,0,"Anderson",76978,172.776637480839,0.182022471910112,70.149912962145,24.682376782977,18.2022471910112
2021-08-02,9062,11,6642,5,2420,6,7455,5,68793,79,76248,84,0,178,0,237,188,0,"Anderson",76978,157.187767933695,0.165605095541401,109.122086830003,14.2897970848814,16.5605095541401
2021-08-03,9085,23,6653,11,2432,12,7468,13,68865,72,76333,85,0,178,1,238,188,0,"Anderson",76978,167.580347631791,0.172690763052209,110.421159292265,29.8786666320247,17.2690763052209
2021-08-04,9111,26,6675,22,2436,4,7489,21,68967,102,76456,123,0,178,0,238,188,0,"Anderson",76978,175.374782405363,0.180608365019011,159.785912858219,33.7758840188106,18.0608365019011
2021-08-05,9142,31,6692,17,2450,14,7506,17,69064,97,76570,114,0,178,1,239,188,0,"Anderson",76978,200.05715918834,0.172711571675302,148.094260697862,40.2712463301203,17.2711571675302
2021-08-06,9167,25,6708,16,2459,9,7524,18,69207,143,76731,161,0,178,1,240,188,0,"Anderson",76978,192.262724414768,0.142002989536622,209.150666424173,32.4768115565486,14.2002989536622
2021-08-07,9180,13,6714,6,2466,7,7531,7,69282,75,76813,82,0,178,0,240,188,0,"Anderson",76978,192.262724414768,0.136557610241821,106.523941905479,16.8879420094053,13.6557610241821
2021-08-08,9194,14,6722,8,2472,6,7541,10,69334,52,76875,62,0,178,0,240,188,0,"Anderson",76978,185.767362103458,0.127988748241913,80.5424926602406,18.1870144716672,12.7988748241913
2021-08-09,9230,36,6741,19,2489,17,7560,19,69433,99,76993,118,0,178,0,240,188,0,"Anderson",76978,218.244173660007,0.140939597315436,153.29055054691,46.76660864143,14.0939597315436
2021-08-10,9269,39,6761,20,2508,19,7580,20,69533,100,77113,120,0,178,2,242,188,0,"Anderson",76978,239.029333056198,0.143589743589744,155.888695471433,50.6638260282159,14.3589743589744
2021-08-11,9323,54,6785,24,2538,30,7609,29,69665,132,77274,161,0,178,1,243,188,0,"Anderson",76978,275.403361999532,0.146699266503667,209.150666424173,70.149912962145,14.6699266503667
2021-08-12,9371,48,6821,36,2550,12,7646,37,69832,167,77478,204,0,178,0,243,190,2,"Anderson",76978,297.487593857985,0.154185022026432,265.010782301437,62.3554781885734,15.4185022026432
2021-08-13,9434,63,6856,35,2578,28,7684,38,69946,114,77630,152,2,180,1,244,191,1,"Anderson",76978,346.852347423939,0.17797552836485,197.459014263816,81.8415651225025,17.797552836485
2021-08-14,9484,50,6891,35,2593,15,7716,32,70132,186,77848,218,0,180,0,244,191,0,"Anderson",76978,394.918028527631,0.178743961352657,283.197796773104,64.9536231130973,17.8743961352657
2021-08-15,9507,23,6904,13,2603,10,7731,15,70221,89,77952,104,0,180,0,244,191,0,"Anderson",76978,406.609680687989,0.176415970287837,135.103536075242,29.8786666320247,17.6415970287837
2021-08-16,9545,38,6928,24,2617,14,7755,24,70310,89,78065,113,0,180,0,244,192,1,"Anderson",76978,409.207825612513,0.181902985074627,146.7951882356,49.3647535659539,18.1902985074627
2021-08-17,9588,43,6949,21,2639,22,7779,24,70418,108,78197,132,1,181,0,244,192,0,"Anderson",76978,414.40411546156,0.183579335793358,171.477565018577,55.8601158772636,18.3579335793358
2021-08-18,9640,52,6976,27,2664,25,7810,31,70529,111,78339,142,0,181,0,244,193,1,"Anderson",76978,411.805970537037,0.188732394366197,184.468289641196,67.5517680376211,18.8732394366197
2021-08-19,9714,74,7009,33,2705,41,7845,35,70681,152,78526,187,0,181,0,244,193,0,"Anderson",76978,445.581854555847,0.189885496183206,242.926550442984,96.1313622073839,18.9885496183206
2021-08-20,9774,60,7051,42,2723,18,7889,44,70875,194,78764,238,0,181,2,246,193,0,"Anderson",76978,441.684637169061,0.180776014109347,309.179246018343,77.9443477357167,18.0776014109347
2021-08-21,9856,82,7085,34,2771,48,7923,34,71149,274,79072,308,0,181,1,247,193,0,"Anderson",76978,483.254955961444,0.169117647058824,400.114318376679,106.523941905479,16.9117647058824
2021-08-22,9878,22,7106,21,2772,1,7951,28,71305,156,79256,184,0,181,0,247,193,0,"Anderson",76978,481.955883499182,0.168711656441718,239.029333056198,28.5795941697628,16.8711656441718
2021-08-23,9926,48,7120,14,2806,34,7968,17,71440,135,79408,152,0,181,2,249,194,1,"Anderson",76978,494.946608121801,0.158600148920328,197.459014263816,62.3554781885734,15.8600148920328
2021-08-24,9971,45,7148,28,2823,17,7992,24,71526,86,79518,110,1,182,0,249,195,1,"Anderson",76978,497.544753046325,0.161241483724451,142.897970848814,58.4582608017875,16.1241483724451
2021-08-25,10042,71,7174,26,2868,45,8014,22,71570,44,79584,66,0,182,1,250,195,0,"Anderson",76978,522.227129829302,0.163855421686747,85.7387825092884,92.2341448205981,16.3855421686747
2021-08-26,10110,68,7210,36,2900,32,8058,44,71742,172,79800,216,1,183,2,252,196,1,"Anderson",76978,514.43269505573,0.167189952904239,280.59965184858,88.3369274338123,16.7189952904239
2021-08-27,10187,77,7267,57,2920,20,8122,64,71919,177,80041,241,0,183,0,252,196,0,"Anderson",76978,536.516926914183,0.182458888018794,313.076463405129,100.02857959417,18.2458888018794
2021-08-28,10244,57,7297,30,2947,27,8161,39,72123,204,80284,243,0,183,0,252,196,0,"Anderson",76978,504.040115357635,0.196369636963696,315.674608329653,74.0471303489309,19.6369636963696
2021-08-29,10307,63,7345,48,2962,15,8213,52,72334,211,80547,263,0,183,1,253,197,1,"Anderson",76978,557.302086310374,0.20294345468629,341.656057574892,81.8415651225025,20.294345468629
2021-08-30,10378,71,7391,46,2987,25,8261,48,72560,226,80821,274,0,183,3,256,197,0,"Anderson",76978,587.180752942399,0.207360226468507,355.945854659773,92.2341448205981,20.7360226468507
2021-08-31,10511,133,7472,81,3039,52,8347,86,72817,257,81164,343,0,183,0,256,198,1,"Anderson",76978,701.49912962145,0.215674362089915,445.581854555847,172.776637480839,21.5674362089915
2021-09-01,10541,30,7494,22,3047,8,8371,24,72908,91,81279,115,0,183,0,256,199,1,"Anderson",76978,648.23715866871,0.210619469026549,149.393333160124,38.9721738678584,21.0619469026549
2021-09-02,10600,59,7520,26,3080,33,8400,29,73009,101,81409,130,1,184,0,256,199,0,"Anderson",76978,636.545506508353,0.21255438160348,168.879420094053,76.6452752734548,21.255438160348
2021-09-03,10629,29,7538,18,3091,11,8418,18,73082,73,81500,91,0,184,0,256,199,0,"Anderson",76978,574.19002831978,0.202878684030158,118.215594065837,37.6731014055964,20.2878684030158
2021-09-04,10735,106,7607,69,3128,37,8493,75,73403,321,81896,396,0,184,1,257,199,0,"Anderson",76978,637.844578970615,0.205955334987593,514.43269505573,137.701680999766,20.5955334987593
2021-09-05,10847,112,7681,74,3166,38,8569,76,73707,304,82276,380,0,184,1,258,200,1,"Anderson",76978,701.49912962145,0.205899363794101,493.647535659539,145.496115773338,20.5899363794101
2021-09-06,10964,117,7760,79,3204,38,8658,89,74114,407,82772,496,0,184,3,261,201,1,"Anderson",76978,761.2564628855,0.203485392106612,644.339941281925,151.991478084648,20.3485392106612
2021-09-07,11001,37,7780,20,3221,17,8676,18,74213,99,82889,117,0,184,0,261,201,0,"Anderson",76978,636.545506508353,0.190724637681159,151.991478084648,48.065681103692,19.0724637681159
2021-09-08,11042,41,7811,31,3231,10,8709,33,74320,107,83029,140,0,184,2,263,204,3,"Anderson",76978,650.835303593234,0.193142857142857,181.870144716672,53.2619709527397,19.3142857142857
2021-09-09,11101,59,7832,21,3269,38,8727,18,74526,206,83253,224,0,184,1,264,207,3,"Anderson",76978,650.835303593234,0.177331887201735,290.992231546676,76.6452752734548,17.7331887201735
2021-09-10,11254,153,7905,73,3349,80,8807,80,74818,292,83625,372,1,185,2,266,208,1,"Anderson",76978,811.920288913716,0.183058823529412,483.254955961443,198.758086726078,18.3058823529412
2021-09-11,11372,118,7970,65,3402,53,8879,72,75164,346,84043,418,0,185,2,268,208,0,"Anderson",76978,827.509158460859,0.179785747554728,543.012289225493,153.29055054691,17.9785747554728
2021-09-12,11410,38,8002,32,3408,6,8914,35,75307,143,84221,178,0,185,4,272,209,1,"Anderson",76978,731.377796253475,0.177377892030848,231.234898282626,49.3647535659539,17.7377892030848
2021-09-13,11497,87,8036,34,3461,53,8948,34,75437,130,84385,164,4,189,3,275,209,0,"Anderson",76978,692.405622385617,0.179789212647241,213.047883810959,113.019304216789,17.9789212647241
2021-09-14,11557,60,8066,30,3491,30,8983,35,75596,159,84579,194,1,190,1,276,209,0,"Anderson",76978,722.284289017641,0.181656804733728,252.020057678817,77.9443477357167,18.1656804733728
2021-09-15,11596,39,8082,16,3514,23,8997,14,75657,61,84654,75,0,190,1,277,210,1,"Anderson",76978,719.686144093117,0.177230769230769,97.4304346696459,50.6638260282159,17.7230769230769
2021-09-16,11682,86,8137,55,3545,31,9053,56,75879,222,84932,278,0,190,1,278,210,0,"Anderson",76978,754.76110057419,0.194163192376415,361.142144508821,111.720231754527,19.4163192376415
2021-09-17,11753,71,8177,40,3576,31,9091,38,76042,163,85133,201,0,190,1,279,214,4,"Anderson",76978,648.23715866871,0.188328912466843,261.113564914651,92.2341448205981,18.8328912466844
2021-09-18,11805,52,8207,30,3598,22,9124,33,76196,154,85320,187,0,190,1,280,215,1,"Anderson",76978,562.498376159422,0.19185591229444,242.926550442984,67.5517680376211,19.185591229444
2021-09-19,11828,23,8216,9,3612,14,9134,10,76264,68,85398,78,0,190,0,280,215,0,"Anderson",76978,543.012289225493,0.186915887850467,101.327652056432,29.8786666320247,18.6915887850467
2021-09-20,11892,64,8252,36,3640,28,9171,37,76450,186,85621,223,0,190,3,283,215,0,"Anderson",76978,513.133622593468,0.18042071197411,289.693159084414,83.1406375847645,18.042071197411
2021-09-21,11944,52,8277,25,3667,27,9194,23,76568,118,85762,141,0,190,1,284,216,1,"Anderson",76978,502.741042895373,0.178360101437025,183.169217178934,67.5517680376211,17.8360101437025
2021-09-22,11995,51,8311,34,3684,17,9234,40,76840,272,86074,312,0,190,0,284,219,3,"Anderson",76978,518.329912442516,0.166901408450704,405.310608225727,66.2526955753592,16.6901408450704
2021-09-23,12070,75,8359,48,3711,27,9285,51,77048,208,86333,259,2,192,1,285,219,0,"Anderson",76978,504.040115357635,0.165596002855104,336.459767725844,97.4304346696459,16.5596002855103
2021-09-24,12109,39,8379,20,3730,19,9309,24,77188,140,86497,164,2,194,1,286,222,3,"Anderson",76978,462.469796565252,0.159824046920821,213.047883810959,50.6638260282159,15.9824046920821
2021-09-25,12119,10,8383,4,3736,6,9315,6,77283,95,86598,101,0,194,0,286,222,0,"Anderson",76978,407.908753150251,0.149452269170579,131.206318688456,12.9907246226195,14.9452269170579
2021-09-26,12137,18,8398,15,3739,3,9333,18,77420,137,86753,155,1,195,0,286,222,0,"Anderson",76978,401.413390838941,0.146863468634686,201.356231650601,23.383304320715,14.6863468634686
2021-09-27,12187,50,8419,21,3768,29,9355,22,77506,86,86861,108,1,196,1,287,223,1,"Anderson",76978,383.226376367274,0.148387096774194,140.29982592429,64.9536231130973,14.8387096774194
2021-09-28,12236,49,8443,24,3793,25,9382,27,77601,95,86983,122,0,196,1,288,223,0,"Anderson",76978,379.329158980488,0.153972153972154,158.486840395957,63.6545506508353,15.3972153972154
2021-09-29,12274,38,8459,16,3815,22,9399,17,77792,191,87191,208,2,198,0,288,225,2,"Anderson",76978,362.441216971083,0.147717099373321,270.207072150485,49.3647535659539,14.7717099373321
2021-09-30,12336,62,8497,38,3839,24,9439,40,77964,172,87403,212,0,198,1,289,226,1,"Anderson",76978,345.553274961677,0.14392523364486,275.403361999532,80.5424926602406,14.392523364486
2021-10-01,12387,51,8524,27,3863,24,9468,29,78115,151,87583,180,0,198,1,290,227,1,"Anderson",76978,361.142144508821,0.146408839779006,233.83304320715,66.2526955753592,14.6408839779006
2021-10-02,12404,17,8531,7,3873,10,9474,6,78195,80,87669,86,1,199,0,290,229,2,"Anderson",76978,370.235651744654,0.148459383753501,111.720231754527,22.0842318584531,14.8459383753501
2021-10-03,12417,13,8540,9,3877,4,9483,9,78293,98,87776,107,4,203,0,290,229,0,"Anderson",76978,363.740289433345,0.146627565982405,139.000753462028,16.8879420094053,14.6627565982405
2021-10-04,12461,44,8563,23,3898,21,9509,26,78413,120,87922,146,1,204,0,290,231,2,"Anderson",76978,355.945854659773,0.145146088595664,189.664579490244,57.1591883395256,14.5146088595664
2021-10-05,12514,53,8592,29,3922,24,9539,30,78541,128,88080,158,2,206,0,290,232,1,"Anderson",76978,361.142144508821,0.143117593436645,205.253449037387,68.8508404998831,14.3117593436645
2021-10-06,12544,30,8615,23,3929,7,9565,26,78706,165,88271,191,1,207,0,290,233,1,"Anderson",76978,350.749564810725,0.153703703703704,248.122840292031,38.9721738678584,15.3703703703704
2021-10-07,12576,32,8637,22,3939,10,9590,25,78845,139,88435,164,0,207,0,290,235,2,"Anderson",76978,311.777390942867,0.146317829457364,213.047883810959,41.5703187923822,14.6317829457364
2021-10-08,12593,17,8642,5,3951,12,9600,10,78975,130,88575,140,1,208,1,291,235,0,"Anderson",76978,267.608927225961,0.133064516129032,181.870144716672,22.0842318584531,13.3064516129032
2021-10-09,12608,15,8645,3,3963,12,9607,7,79037,62,88644,69,0,208,0,291,236,1,"Anderson",76978,265.010782301437,0.136410256410256,89.6359998960742,19.4860869339292,13.6410256410256
2021-10-10,12618,10,8653,8,3965,2,9616,9,79124,87,88740,96,0,208,0,291,236,0,"Anderson",76978,261.113564914651,0.137966804979253,124.710956377147,12.9907246226195,13.7966804979253
2021-10-11,12658,40,8667,14,3991,26,9629,13,79225,101,88854,114,0,208,1,292,236,0,"Anderson",76978,255.917275065603,0.128755364806867,148.094260697862,51.9628984904778,12.8755364806867
2021-10-12,12693,35,8691,24,4002,11,9651,22,79324,99,88975,121,2,210,3,295,236,0,"Anderson",76978,232.533970744888,0.125139664804469,157.187767933695,45.4675361791681,12.5139664804469
2021-10-13,12719,26,8705,14,4014,12,9669,18,79436,112,89105,130,0,210,1,296,239,3,"Anderson",76978,227.33768089584,0.124700239808153,168.879420094053,33.7758840188106,12.4700239808153
2021-10-14,12738,19,8715,10,4023,9,9683,14,79539,103,89222,117,1,211,0,296,239,0,"Anderson",76978,210.449738886435,0.118170266836086,151.991478084648,24.682376782977,11.8170266836086
2021-10-15,12761,23,8727,12,4034,11,9696,13,79660,121,89356,134,0,211,1,297,239,0,"Anderson",76978,218.244173660007,0.12291933418694,174.075709943101,29.8786666320247,12.291933418694
2021-10-16,12769,8,8732,5,4037,3,9703,7,79715,55,89418,62,0,211,1,298,239,0,"Anderson",76978,209.150666424173,0.124031007751938,80.5424926602406,10.3925796980956,12.4031007751938
2021-10-17,12771,2,8733,1,4038,1,9704,1,79766,51,89470,52,0,211,0,298,239,0,"Anderson",76978,198.758086726078,0.120547945205479,67.5517680376211,2.59814492452389,12.0547945205479
2021-10-18,12795,24,8743,10,4052,14,9715,11,79834,68,89549,79,1,212,1,299,239,0,"Anderson",76978,177.972927329886,0.123741007194245,102.626724518694,31.1777390942867,12.3741007194245
2021-10-19,12825,30,8756,13,4069,17,9726,11,79945,111,89671,122,2,214,1,300,239,0,"Anderson",76978,171.477565018577,0.107758620689655,158.486840395957,38.9721738678584,10.7758620689655
2021-10-20,12860,35,8782,26,4078,9,9755,29,80056,111,89811,140,0,214,1,301,240,1,"Anderson",76978,183.169217178934,0.121813031161473,181.870144716672,45.4675361791681,12.1813031161473
2021-10-21,12892,32,8800,18,4092,14,9773,18,80149,93,89922,111,0,214,1,302,241,1,"Anderson",76978,200.05715918834,0.128571428571429,144.197043311076,41.5703187923822,12.8571428571429
2021-10-22,12902,10,8807,7,4095,3,9782,9,80225,76,90007,85,0,214,1,303,241,0,"Anderson",76978,183.169217178934,0.1321044546851,110.421159292265,12.9907246226195,13.21044546851
2021-10-23,12919,17,8811,4,4108,13,9786,4,80278,53,90064,57,0,214,1,304,241,0,"Anderson",76978,194.860869339292,0.128482972136223,74.0471303489309,22.0842318584531,12.8482972136223
2021-10-24,12925,6,8816,5,4109,1,9793,7,80330,52,90123,59,0,214,0,304,242,1,"Anderson",76978,200.05715918834,0.136294027565084,76.6452752734548,7.79443477357167,13.6294027565084
2021-10-25,12949,24,8829,13,4120,11,9807,14,80401,71,90208,85,1,215,2,306,242,0,"Anderson",76978,200.05715918834,0.139605462822458,110.421159292265,31.1777390942867,13.9605462822458
2021-10-26,12961,12,8835,6,4126,6,9813,6,80465,64,90278,70,0,215,0,306,243,1,"Anderson",76978,176.673854867625,0.14332784184514,90.9350723583361,15.5888695471433,14.332784184514
2021-10-27,12978,17,8845,10,4133,7,9826,13,80586,121,90412,134,1,216,2,308,245,2,"Anderson",76978,153.29055054691,0.118136439267887,174.075709943101,22.0842318584531,11.8136439267887
2021-10-28,13000,22,8859,14,4141,8,9843,17,80668,82,90511,99,1,217,0,308,246,1,"Anderson",76978,140.29982592429,0.118845500848896,128.608173763933,28.5795941697628,11.8845500848896
2021-10-29,13021,21,8870,11,4151,10,9855,12,80782,114,90637,126,0,217,1,309,246,0,"Anderson",76978,154.589623009171,0.115873015873016,163.683130245005,27.2805217075008,11.5873015873016
2021-10-30,13033,12,8874,4,4159,8,9860,5,80869,87,90729,92,0,217,1,310,246,0,"Anderson",76978,148.094260697862,0.111278195488722,119.514666528099,15.5888695471433,11.1278195488722
2021-10-31,13036,3,8876,2,4160,1,9863,3,80908,39,90771,42,0,217,0,310,246,0,"Anderson",76978,144.197043311076,0.108024691358025,54.5610434150017,3.89721738678583,10.8024691358025
2021-11-01,13063,27,8881,5,4182,22,9867,4,80996,88,90863,92,1,218,1,311,247,1,"Anderson",76978,148.094260697862,0.0916030534351145,119.514666528099,35.0749564810725,9.16030534351145
2021-11-02,13083,20,8886,5,4197,15,9872,5,81072,76,90944,81,2,220,1,312,247,0,"Anderson",76978,158.486840395957,0.0885885885885886,105.224869443218,25.9814492452389,8.85885885885886
2021-11-03,13113,30,8904,18,4209,12,9890,18,81272,200,91162,218,1,221,0,312,247,0,"Anderson",76978,175.374782405363,0.0853333333333333,283.197796773104,38.9721738678584,8.53333333333333
2021-11-04,13135,22,8919,15,4216,7,9906,16,81405,133,91311,149,0,221,0,312,247,0,"Anderson",76978,175.374782405363,0.07875,193.56179687703,28.5795941697628,7.875
2021-11-05,13145,10,8922,3,4223,7,9907,1,81527,122,91434,123,0,221,0,312,247,0,"Anderson",76978,161.084985320481,0.0652446675031368,159.785912858219,12.9907246226195,6.52446675031368
2021-11-06,13154,9,8926,4,4228,5,9912,5,81614,87,91526,92,0,221,3,315,248,1,"Anderson",76978,157.187767933695,0.0652446675031368,119.514666528099,11.6916521603575,6.52446675031368
2021-11-07,13160,6,8931,5,4229,1,9918,6,81662,48,91580,54,0,221,0,315,248,0,"Anderson",76978,161.084985320481,0.0679851668726823,70.149912962145,7.79443477357167,6.79851668726823
2021-11-08,13185,25,8942,11,4243,14,9931,13,81750,88,91681,101,1,222,0,315,248,0,"Anderson",76978,158.486840395957,0.078239608801956,131.206318688456,32.4768115565486,7.8239608801956
2021-11-09,13208,23,8949,7,4259,16,9937,6,81908,158,91845,164,1,223,0,315,249,1,"Anderson",76978,162.384057782743,0.072142064372919,213.047883810959,29.8786666320247,7.2142064372919
2021-11-10,13226,18,8961,12,4265,6,9950,13,82024,116,91974,129,0,223,1,316,250,1,"Anderson",76978,146.7951882356,0.0738916256157636,167.580347631791,23.383304320715,7.38916256157635
2021-11-11,13249,23,8979,18,4270,5,9968,18,82214,190,92182,208,0,223,0,316,251,1,"Anderson",76978,148.094260697862,0.0711825487944891,270.207072150485,29.8786666320247,7.11825487944891
2021-11-12,13262,13,8987,8,4275,5,9976,8,82347,133,92323,141,0,223,1,317,251,0,"Anderson",76978,151.991478084648,0.077615298087739,183.169217178934,16.8879420094053,7.7615298087739
2021-11-13,13269,7,8991,4,4278,3,9980,4,82398,51,92378,55,3,226,1,318,252,1,"Anderson",76978,149.393333160124,0.07981220657277,71.448985424407,9.09350723583361,7.981220657277
2021-11-14,13271,2,8993,2,4278,0,9983,3,82477,79,92460,82,0,226,0,318,252,0,"Anderson",76978,144.197043311076,0.0738636363636364,106.523941905479,2.59814492452389,7.38636363636364
2021-11-15,13303,32,9007,14,4296,18,9997,14,82562,85,92559,99,0,226,0,318,253,1,"Anderson",76978,153.29055054691,0.0751708428246014,128.608173763933,41.5703187923822,7.51708428246014
2021-11-16,13328,25,9020,13,4308,12,10010,13,82688,126,92698,139,1,227,0,318,254,1,"Anderson",76978,155.888695471433,0.0855803048065651,180.57107225441,32.4768115565486,8.5580304806565
2021-11-17,13345,17,9029,9,4316,8,10019,9,82802,114,92821,123,0,227,2,320,256,2,"Anderson",76978,154.589623009171,0.0814639905548996,159.785912858219,22.0842318584531,8.14639905548996
2021-11-18,13367,22,9042,13,4325,9,10036,17,82937,135,92973,152,4,231,0,320,258,2,"Anderson",76978,153.29055054691,0.0859671302149178,197.459014263816,28.5795941697628,8.59671302149178
2021-11-19,13381,14,9048,6,4333,8,10043,7,83046,109,93089,116,1,232,0,320,258,0,"Anderson",76978,154.589623009171,0.087467362924282,150.692405622386,18.1870144716672,8.7467362924282
2021-11-20,13390,9,9053,5,4337,4,10048,5,83139,93,93187,98,0,232,0,320,259,1,"Anderson",76978,157.187767933695,0.0840543881334982,127.309101301671,11.6916521603575,8.40543881334981
2021-11-21,13402,12,9059,6,4343,6,10054,6,83179,40,93233,46,0,232,0,320,259,0,"Anderson",76978,170.178492556315,0.091849935316947,59.7573332640495,15.5888695471433,9.1849935316947
2021-11-22,13430,28,9076,17,4354,11,10072,18,83301,122,93373,140,1,233,0,320,259,0,"Anderson",76978,164.982202707267,0.0921375921375921,181.870144716672,36.3740289433345,9.21375921375921
2021-11-23,13447,17,9082,6,4365,11,10077,5,83398,97,93475,102,0,233,1,321,261,2,"Anderson",76978,154.589623009171,0.0862290862290862,132.505391150718,22.0842318584531,8.62290862290862
2021-11-24,13472,25,9098,16,4374,9,10089,12,83508,110,93597,122,1,234,1,322,261,0,"Anderson",76978,164.982202707267,0.0902061855670103,158.486840395957,32.4768115565486,9.02061855670103
2021-11-25,13477,5,9100,2,4377,3,10090,1,83553,45,93643,46,0,234,2,324,261,0,"Anderson",76978,142.897970848814,0.0805970149253731,59.7573332640495,6.49536231130973,8.05970149253731
2021-11-26,13484,7,9106,6,4378,1,10099,9,83596,43,93695,52,0,234,0,324,262,1,"Anderson",76978,133.80446361298,0.0924092409240924,67.5517680376211,9.09350723583361,9.24092409240924
2021-11-27,13489,5,9108,2,4381,3,10101,2,83632,36,93733,38,0,234,0,324,262,0,"Anderson",76978,128.608173763933,0.0970695970695971,49.3647535659539,6.49536231130973,9.70695970695971
2021-11-28,13499,10,9109,1,4390,9,10102,1,83670,38,93772,39,0,234,0,324,262,0,"Anderson",76978,126.010028839409,0.0890538033395176,50.6638260282159,12.9907246226195,8.90538033395176
2021-11-29,13526,27,9124,15,4402,12,10118,16,83749,79,93867,95,0,234,0,324,262,0,"Anderson",76978,124.710956377147,0.0931174089068826,123.411883914885,35.0749564810725,9.31174089068826
2021-11-30,13552,26,9137,13,4415,13,10130,12,83851,102,93981,114,0,234,1,325,262,0,"Anderson",76978,136.402608537504,0.104743083003953,148.094260697862,33.7758840188106,10.4743083003953
2021-12-01,13584,32,9156,19,4428,13,10149,19,83958,107,94107,126,0,234,2,327,262,0,"Anderson",76978,145.496115773338,0.117647058823529,163.683130245005,41.5703187923822,11.7647058823529
2021-12-02,13626,42,9180,24,4446,18,10175,26,84096,138,94271,164,0,234,0,327,265,3,"Anderson",76978,193.56179687703,0.135350318471338,213.047883810959,54.5610434150017,13.5350318471338
2021-12-03,13657,31,9198,18,4459,13,10194,19,84283,187,94477,206,1,235,1,328,265,0,"Anderson",76978,224.739535971316,0.121483375959079,267.608927225961,40.2712463301203,12.1483375959079
2021-12-04,13677,20,9211,13,4466,7,10208,14,84352,69,94560,83,0,235,0,328,265,0,"Anderson",76978,244.225622905246,0.129383313180169,107.823014367741,25.9814492452389,12.9383313180169
2021-12-05,13690,13,9213,2,4477,11,10210,2,84394,42,94604,44,0,235,0,328,265,0,"Anderson",76978,248.122840292031,0.129807692307692,57.1591883395256,16.8879420094053,12.9807692307692
2021-12-06,13725,35,9233,20,4492,15,10232,22,84496,102,94728,124,2,237,1,329,265,0,"Anderson",76978,258.515419990127,0.132404181184669,161.084985320481,45.4675361791681,13.2404181184669
2021-12-07,13754,29,9248,15,4506,14,10248,16,84591,95,94839,111,0,237,0,329,265,0,"Anderson",76978,262.412637376913,0.137529137529138,144.197043311076,37.6731014055964,13.7529137529138
2021-12-08,13781,27,9269,21,4512,6,10268,20,84712,121,94980,141,0,237,2,331,265,0,"Anderson",76978,255.917275065603,0.13631156930126,183.169217178934,35.0749564810725,13.631156930126
2021-12-09,13809,28,9285,16,4524,12,10285,17,84922,210,95207,227,0,237,1,332,265,0,"Anderson",76978,237.730260593936,0.117521367521368,294.889448933461,36.3740289433345,11.7521367521368
2021-12-10,13838,29,9302,17,4536,12,10302,17,85075,153,95377,170,0,237,2,334,265,0,"Anderson",76978,235.132115669412,0.12,220.842318584531,37.6731014055964,12
2021-12-11,13847,9,9307,5,4540,4,10308,6,85150,75,95458,81,0,237,0,334,266,1,"Anderson",76978,220.842318584531,0.111358574610245,105.224869443218,11.6916521603575,11.1358574610245
2021-12-12,13867,20,9318,11,4549,9,10319,11,85220,70,95539,81,0,237,0,334,266,0,"Anderson",76978,229.935825820364,0.116577540106952,105.224869443218,25.9814492452389,11.6577540106952
2021-12-13,13896,29,9324,6,4572,23,10326,7,85295,75,95621,82,0,237,0,334,269,3,"Anderson",76978,222.141391046793,0.105263157894737,106.523941905479,37.6731014055964,10.5263157894737
2021-12-14,13910,14,9329,5,4581,9,10332,6,85374,79,95706,85,3,240,1,335,269,0,"Anderson",76978,202.655304112863,0.0968858131487889,110.421159292265,18.1870144716672,9.68858131487889
2021-12-15,13936,26,9343,14,4593,12,10347,15,85503,129,95850,144,0,240,0,335,270,1,"Anderson",76978,201.356231650601,0.0908045977011494,187.06643456572,33.7758840188106,9.08045977011494
2021-12-16,13964,28,9353,10,4611,18,10362,15,85598,95,95960,110,0,240,2,337,270,0,"Anderson",76978,201.356231650601,0.102257636122178,142.897970848814,36.3740289433345,10.2257636122178
2021-12-17,13995,31,9376,23,4619,8,10384,22,85753,155,96137,177,1,241,0,337,271,1,"Anderson",76978,203.954376575125,0.107894736842105,229.935825820364,40.2712463301203,10.7894736842105
2021-12-18,14006,11,9385,9,4621,2,10394,10,85835,82,96229,92,0,241,0,337,271,0,"Anderson",76978,206.552521499649,0.111543450064851,119.514666528099,14.2897970848814,11.1543450064851
2021-12-19,14020,14,9393,8,4627,6,10405,11,85915,80,96320,91,0,241,0,337,271,0,"Anderson",76978,198.758086726078,0.1101152368758,118.215594065837,18.1870144716672,11.01152368758
2021-12-20,14044,24,9409,16,4635,8,10419,14,86001,86,96420,100,0,241,0,337,272,1,"Anderson",76978,192.262724414768,0.11639549436796,129.907246226195,31.1777390942867,11.639549436796
2021-12-21,14072,28,9417,8,4655,20,10430,11,86082,81,96512,92,0,241,0,337,272,0,"Anderson",76978,210.449738886435,0.121588089330025,119.514666528099,36.3740289433345,12.1588089330025
2021-12-22,14120,48,9431,14,4689,34,10441,11,86197,115,96638,126,19,260,1,338,273,1,"Anderson",76978,239.029333056198,0.119289340101523,163.683130245005,62.3554781885734,11.9289340101523
2021-12-23,14147,27,9446,15,4701,12,10458,17,86297,100,96755,117,-1,259,1,339,274,1,"Anderson",76978,237.730260593936,0.120754716981132,151.991478084648,35.0749564810725,12.0754716981132
2021-12-24,14173,26,9461,15,4712,11,10475,17,86384,87,96859,104,0,259,1,340,274,0,"Anderson",76978,231.234898282626,0.126038781163435,135.103536075242,33.7758840188106,12.6038781163435
2021-12-25,14187,14,9468,7,4719,7,10485,10,86442,58,96927,68,1,260,0,340,275,1,"Anderson",76978,235.132115669412,0.130372492836676,88.3369274338123,18.1870144716672,13.0372492836676
2021-12-26,14198,11,9472,4,4726,7,10491,6,86486,44,96977,50,1,261,0,340,275,0,"Anderson",76978,231.234898282626,0.13089802130898,64.9536231130973,14.2897970848814,13.089802130898
2021-12-27,14245,47,9491,19,4754,28,10511,20,86590,104,97101,124,1,262,2,342,276,1,"Anderson",76978,261.113564914651,0.135095447870778,161.084985320481,61.0564057263114,13.5095447870778
2021-12-28,14332,87,9527,36,4805,51,10547,36,86699,109,97246,145,0,262,0,342,276,0,"Anderson",76978,337.758840188106,0.159400544959128,188.365507027982,113.019304216789,15.9400544959128
2021-12-29,14413,81,9571,44,4842,37,10594,47,86857,158,97451,205,2,264,0,342,276,0,"Anderson",76978,380.62823144275,0.188191881918819,266.309854763699,105.224869443218,18.8191881918819
2021-12-30,14504,91,9612,41,4892,50,10631,37,86976,119,97607,156,1,265,0,342,276,0,"Anderson",76978,463.768869027514,0.203051643192488,202.655304112863,118.215594065837,20.3051643192488
2021-12-31,14572,68,9653,41,4919,27,10676,45,87093,117,97769,162,0,265,0,342,277,1,"Anderson",76978,518.329912442516,0.220879120879121,210.449738886435,88.3369274338123,22.0879120879121
2022-01-01,14633,61,9687,34,4946,27,10713,37,87192,99,97905,136,0,265,0,342,277,0,"Anderson",76978,579.386318168827,0.233128834355828,176.673854867625,79.2434201979787,23.3128834355828
2022-01-02,14665,32,9710,23,4955,9,10746,33,87308,116,98054,149,0,265,0,342,278,1,"Anderson",76978,606.666839876328,0.236768802228412,193.56179687703,41.5703187923822,23.6768802228412
2022-01-03,14726,61,9731,21,4995,40,10769,23,87384,76,98153,99,1,266,0,342,278,0,"Anderson",76978,624.853854347995,0.245247148288973,128.608173763933,79.2434201979787,24.5247148288973
2022-01-04,14852,126,9796,65,5056,61,10832,63,87558,174,98390,237,1,267,0,342,279,1,"Anderson",76978,675.517680376211,0.249125874125874,307.880173556081,163.683130245005,24.9125874125874
2022-01-05,15019,167,9882,86,5137,81,10918,86,87704,146,98622,232,1,268,0,342,280,1,"Anderson",76978,787.237912130739,0.27668659265585,301.384811244771,216.945101197745,27.668659265585
2022-01-06,15161,142,9954,72,5207,70,10989,71,87824,120,98813,191,1,269,1,343,280,0,"Anderson",76978,853.490607706098,0.296849087893864,248.122840292031,184.468289641196,29.6849087893864
2022-01-07,15302,141,10027,73,5275,68,11067,78,87964,140,99031,218,0,269,1,344,280,0,"Anderson",76978,948.32289745122,0.309825673534073,283.197796773104,183.169217178934,30.9825673534073
2022-01-08,15405,103,10069,42,5336,61,11112,45,88039,75,99151,120,0,269,2,346,282,2,"Anderson",76978,1002.88394086622,0.320224719101124,155.888695471433,133.80446361298,32.0224719101124
2022-01-09,15490,85,10125,56,5365,29,11174,62,88182,143,99356,205,0,269,1,347,282,0,"Anderson",76978,1071.7347813661,0.328725038402458,266.309854763699,110.421159292265,32.8725038402458
2022-01-10,15645,155,10199,74,5446,81,11252,78,88295,113,99547,191,1,270,3,350,284,2,"Anderson",76978,1193.84759281873,0.34648493543759,248.122840292031,201.356231650601,34.648493543759
2022-01-11,15820,175,10308,109,5512,66,11354,102,88436,141,99790,243,0,270,0,350,285,1,"Anderson",76978,1257.50214346956,0.372857142857143,315.674608329653,227.33768089584,37.2857142857143
2022-01-12,16076,256,10471,163,5605,93,11518,164,88627,191,100145,355,0,270,1,351,285,0,"Anderson",76978,1373.11959261088,0.393959290873276,461.17072410299,332.562550339058,39.3959290873276
2022-01-13,16307,231,10622,151,5685,80,11673,155,88859,232,100532,387,4,274,0,351,285,0,"Anderson",76978,1488.73704175219,0.397905759162304,502.741042895373,300.085738782509,39.7905759162304
2022-01-14,16561,254,10765,143,5796,111,11822,149,89015,156,100837,305,2,276,1,352,285,0,"Anderson",76978,1635.53222998779,0.418050941306755,396.217100989893,329.964405414534,41.8050941306755
2022-01-15,16658,97,10824,59,5834,38,11884,62,89133,118,101017,180,1,277,2,354,285,0,"Anderson",76978,1627.73779521422,0.413719185423365,233.83304320715,126.010028839409,41.3719185423366
2022-01-16,16810,152,10952,128,5858,24,12017,133,89330,197,101347,330,0,277,1,355,285,0,"Anderson",76978,1714.77565018577,0.42340532395781,428.693912546442,197.459014263816,42.340532395781
2022-01-17,16990,180,11064,112,5926,68,12133,116,89449,119,101582,235,0,277,2,357,285,0,"Anderson",76978,1747.25246174232,0.432923832923833,305.282028631557,233.83304320715,43.2923832923833
2022-01-18,17205,215,11203,139,6002,76,12275,142,89586,137,101861,279,0,277,0,357,287,2,"Anderson",76978,1799.21536023279,0.44471269917914,362.441216971083,279.300579386318,44.471269917914
2022-01-19,17507,302,11414,211,6093,91,12489,214,89806,220,102295,434,3,280,0,357,287,0,"Anderson",76978,1858.97269349684,0.451627906976744,563.797448621684,392.319883603107,45.1627906976744
2022-01-20,17805,298,11657,243,6148,55,12751,262,89963,157,102714,419,1,281,2,359,288,1,"Anderson",76978,1946.01054846839,0.494042163153071,544.311361687755,387.12359375406,49.4042163153071
2022-01-21,18051,246,11872,215,6179,31,12976,225,90182,219,103158,444,2,283,1,360,290,2,"Anderson",76978,1935.6179687703,0.497199482981473,576.788173244304,319.571825716438,49.7199482981474
2022-01-22,18179,128,11964,92,6215,36,13080,104,90301,119,103381,223,0,283,0,360,290,0,"Anderson",76978,1975.88921510042,0.505922165820643,289.693159084414,166.281275169529,50.5922165820643
2022-01-23,18307,128,12075,111,6232,17,13194,114,90408,107,103602,221,0,283,0,360,291,1,"Anderson",76978,1944.71147600613,0.521951219512195,287.09501415989,166.281275169529,52.1951219512195
2022-01-24,18574,267,12225,150,6349,117,13355,161,90586,178,103941,339,1,284,1,361,292,1,"Anderson",76978,2057.73078022292,0.51801610852056,440.385564706799,346.852347423939,51.801610852056
2022-01-25,18758,184,12358,133,6400,51,13500,145,90706,120,104206,265,1,285,0,361,293,1,"Anderson",76978,2017.4595338928,0.522388059701492,344.254202499415,239.029333056198,52.2388059701493
2022-01-26,18963,205,12512,154,6451,51,13666,166,90858,152,104524,318,1,286,1,362,293,0,"Anderson",76978,1891.44950505339,0.528039479587259,413.105042999298,266.309854763699,52.8039479587259
2022-01-27,19186,223,12686,174,6500,49,13846,180,91078,220,104924,400,0,286,0,362,293,0,"Anderson",76978,1794.01907038375,0.495475113122172,519.628984904778,289.693159084414,49.5475113122172
2022-01-28,19376,190,12824,138,6552,52,13990,144,91241,163,105231,307,1,287,1,363,294,1,"Anderson",76978,1721.27101249708,0.489146164978292,398.815245914417,246.82376782977,48.9146164978292
2022-01-29,19520,144,12925,101,6595,43,14096,106,91358,117,105454,223,0,287,0,363,296,2,"Anderson",76978,1742.05617189327,0.490110950313555,289.693159084414,187.06643456572,49.0110950313555
2022-01-30,19586,66,12971,46,6615,20,14146,50,91449,91,105595,141,0,287,1,364,297,1,"Anderson",76978,1661.51367923303,0.477671851480181,183.169217178934,85.7387825092884,47.7671851480181
2022-01-31,19781,195,13091,120,6690,75,14286,140,91599,150,105885,290,4,291,1,365,299,2,"Anderson",76978,1567.98046195017,0.478909465020576,376.731014055964,253.319130141079,47.8909465020576
2022-02-01,19944,163,13186,95,6758,68,14393,107,91719,120,106112,227,1,292,1,366,299,0,"Anderson",76978,1540.69994024267,0.468520461699895,294.889448933461,211.748811348697,46.8520461699895
2022-02-02,20088,144,13273,87,6815,57,14486,93,91860,141,106346,234,1,293,0,366,300,1,"Anderson",76978,1461.45652004469,0.450054884742042,303.982956169295,187.06643456572,45.0054884742042
2022-02-03,20720,632,13364,91,7356,541,14584,98,92068,208,106652,306,2,295,1,367,302,2,"Anderson",76978,1992.77715710982,0.427083333333333,397.516173452155,821.013796149549,42.7083333333333
2022-02-04,20866,146,13474,110,7392,36,14694,110,92192,124,106886,234,0,295,0,367,305,3,"Anderson",76978,1935.6179687703,0.425377643504532,303.982956169295,189.664579490244,42.5377643504532
2022-02-05,20915,49,13500,26,7415,23,14724,30,92268,76,106992,106,0,295,0,367,306,1,"Anderson",76978,1812.20608485541,0.408322496749025,137.701680999766,63.6545506508353,40.8322496749025
2022-02-06,20974,59,13544,44,7430,15,14773,49,92342,74,107115,123,0,295,1,368,308,2,"Anderson",76978,1803.11257761958,0.4125,159.785912858219,76.6452752734548,41.25
2022-02-07,21058,84,13595,51,7463,33,14829,56,92444,102,107273,158,3,298,0,368,309,1,"Anderson",76978,1658.9155343085,0.391210374639769,205.253449037387,109.122086830003,39.1210374639769
2022-02-08,21143,85,13642,47,7501,38,14886,57,92541,97,107427,154,0,298,0,368,309,0,"Anderson",76978,1557.58788225207,0.37490494296578,200.05715918834,110.421159292265,37.490494296578
2022-02-09,21242,99,13706,64,7536,35,14960,74,92648,107,107608,181,0,298,0,368,310,1,"Anderson",76978,1499.12962145028,0.375594294770206,235.132115669412,128.608173763933,37.5594294770206
2022-02-10,21330,88,13756,50,7574,38,15014,54,92774,126,107788,180,2,300,0,368,311,1,"Anderson",76978,792.434201979786,0.378521126760563,233.83304320715,114.318376679051,37.8521126760563
2022-02-11,21389,59,13798,42,7591,17,15059,45,92876,102,107935,147,1,301,0,368,311,0,"Anderson",76978,679.414897762997,0.347950428979981,190.963651952506,76.6452752734548,34.7950428979981
2022-02-12,21420,31,13821,23,7599,8,15084,25,92938,62,108022,87,0,301,1,369,311,0,"Anderson",76978,656.031593442282,0.349514563106796,113.019304216789,40.2712463301203,34.9514563106796
2022-02-13,21441,21,13835,14,7606,7,15099,15,92985,47,108084,62,0,301,0,369,312,1,"Anderson",76978,606.666839876328,0.336429308565531,80.5424926602406,27.2805217075008,33.6429308565531
2022-02-14,21492,51,13862,27,7630,24,15135,36,93042,57,108177,93,1,302,0,369,312,0,"Anderson",76978,563.797448621684,0.338495575221239,120.813738990361,66.2526955753592,33.8495575221239
2022-02-15,21548,56,13901,39,7647,17,15180,45,93119,77,108299,122,0,302,0,369,313,1,"Anderson",76978,526.124347216088,0.337155963302752,158.486840395957,72.7480578866689,33.7155963302752
2022-02-16,21610,62,13934,33,7676,29,15211,31,93211,92,108422,123,0,302,0,369,313,0,"Anderson",76978,478.058666112396,0.308353808353808,159.785912858219,80.5424926602406,30.8353808353808
2022-02-17,21658,48,13967,33,7691,15,15246,35,93305,94,108551,129,0,302,0,369,314,1,"Anderson",76978,426.095767621918,0.304062909567497,167.580347631791,62.3554781885734,30.4062909567497
2022-02-18,21706,48,13998,31,7708,17,15283,37,93377,72,108660,109,0,302,0,369,315,1,"Anderson",76978,411.805970537037,0.308965517241379,141.598898386552,62.3554781885734,30.8965517241379
2022-02-19,21732,26,14008,10,7724,16,15294,11,93432,55,108726,66,0,302,0,369,317,2,"Anderson",76978,405.310608225727,0.298295454545455,85.7387825092884,33.7758840188106,29.8295454545455
2022-02-20,21742,10,14011,3,7731,7,15296,2,93469,37,108765,39,0,302,0,369,317,0,"Anderson",76978,391.020811140845,0.28928046989721,50.6638260282159,12.9907246226195,28.928046989721
2022-02-21,21758,16,14020,9,7738,7,15306,10,93498,29,108804,39,0,302,2,371,318,1,"Anderson",76978,345.553274961677,0.272727272727273,50.6638260282159,20.7851593961911,27.2727272727273
2022-02-22,21793,35,14035,15,7758,20,15324,18,93575,77,108899,95,2,304,0,371,318,0,"Anderson",76978,318.272753254177,0.24,123.411883914885,45.4675361791681,24
2022-02-23,21828,35,14052,17,7776,18,15343,19,93641,66,108984,85,4,308,0,371,319,1,"Anderson",76978,283.197796773104,0.234875444839858,110.421159292265,45.4675361791681,23.4875444839858
2022-02-24,21856,28,14066,14,7790,14,15360,17,93719,78,109079,95,1,309,0,371,320,1,"Anderson",76978,257.216347527865,0.215909090909091,123.411883914885,36.3740289433345,21.5909090909091
2022-02-25,21869,13,14072,6,7797,7,15366,6,93786,67,109152,73,-1,308,0,371,320,0,"Anderson",76978,211.748811348697,0.16869918699187,94.832289745122,16.8879420094053,16.869918699187
2022-02-26,21882,13,14077,5,7805,8,15373,7,93831,45,109204,52,0,308,1,372,320,0,"Anderson",76978,194.860869339292,0.165271966527197,67.5517680376211,16.8879420094053,16.5271966527197
2022-02-27,21882,0,14077,0,7805,0,15374,1,93848,17,109222,18,0,308,0,372,320,0,"Anderson",76978,181.870144716672,0.170678336980306,23.383304320715,0,17.0678336980306
2022-02-28,21900,18,14086,9,7814,9,15386,12,93905,57,109291,69,0,308,0,372,320,0,"Anderson",76978,184.468289641196,0.164271047227926,89.6359998960742,23.383304320715,16.4271047227926
2022-03-01,21913,13,14093,7,7820,6,15394,8,93950,45,109344,53,-1,307,0,372,322,2,"Anderson",76978,155.888695471433,0.157303370786517,68.8508404998831,16.8879420094053,15.7303370786517
2022-03-02,21923,10,14099,6,7824,4,15402,8,94003,53,109405,61,2,309,0,372,323,1,"Anderson",76978,123.411883914885,0.140142517814727,79.2434201979787,12.9907246226195,14.0142517814727
2022-03-03,21933,10,14101,2,7832,8,15404,2,94047,44,109451,46,2,311,0,372,323,0,"Anderson",76978,100.02857959417,0.118279569892473,59.7573332640495,12.9907246226195,11.8279569892473
2022-03-04,21942,9,14104,3,7838,6,15409,5,94111,64,109520,69,0,311,0,372,324,1,"Anderson",76978,94.832289745122,0.116847826086957,89.6359998960742,11.6916521603575,11.6847826086957
2022-03-05,21947,5,14105,1,7842,4,15410,1,94152,41,109562,42,0,311,0,372,325,1,"Anderson",76978,84.4397100470264,0.103351955307263,54.5610434150017,6.49536231130973,10.3351955307263
2022-03-06,21949,2,14106,1,7843,1,15411,1,94176,24,109587,25,0,311,1,373,326,1,"Anderson",76978,87.0378549715503,0.101369863013699,32.4768115565486,2.59814492452389,10.1369863013699
2022-03-07,21962,13,14108,2,7854,11,15413,2,94209,33,109622,35,1,312,0,373,326,0,"Anderson",76978,80.5424926602406,0.081570996978852,45.4675361791681,16.8879420094053,8.1570996978852
2022-03-08,22013,51,14110,2,7903,49,15416,3,94239,30,109655,33,0,312,0,373,327,1,"Anderson",76978,129.907246226195,0.0707395498392283,42.8693912546442,66.2526955753592,7.07395498392283
2022-03-09,22020,7,14116,6,7904,1,15421,5,94277,38,109698,43,0,312,0,373,327,0,"Anderson",76978,126.010028839409,0.0648464163822526,55.8601158772636,9.09350723583361,6.48464163822526
2022-03-10,22025,5,14120,4,7905,1,15428,7,94323,46,109751,53,3,315,0,373,327,0,"Anderson",76978,119.514666528099,0.08,68.8508404998831,6.49536231130973,8
2022-03-11,22031,6,14120,0,7911,6,15429,1,94362,39,109791,40,1,316,1,374,327,0,"Anderson",76978,115.617449141313,0.0738007380073801,51.9628984904778,7.79443477357167,7.38007380073801
2022-03-12,22031,0,14120,0,7911,0,15429,0,94384,22,109813,22,0,316,0,374,329,2,"Anderson",76978,109.122086830003,0.0756972111553785,28.5795941697628,0,7.56972111553785
2022-03-13,22034,3,14122,2,7912,1,15430,1,94428,44,109858,45,1,317,0,374,329,0,"Anderson",76978,110.421159292265,0.0701107011070111,58.4582608017875,3.89721738678583,7.01107011070111
2022-03-14,22041,7,14126,4,7915,3,15437,7,94454,26,109891,33,2,319,1,375,329,0,"Anderson",76978,102.626724518694,0.0892193308550186,42.8693912546442,9.09350723583361,8.92193308550186
2022-03-15,22045,4,14127,1,7918,3,15437,0,94476,22,109913,22,0,319,0,375,330,1,"Anderson",76978,41.5703187923822,0.0813953488372093,28.5795941697628,5.19628984904778,8.13953488372093
2022-03-16,22047,2,14129,2,7918,0,15440,3,94500,24,109940,27,1,320,0,375,330,0,"Anderson",76978,35.0749564810725,0.0785123966942149,35.0749564810725,2.59814492452389,7.85123966942149
2022-03-17,22047,0,14129,0,7918,0,15442,2,94529,29,109971,31,0,320,0,375,330,0,"Anderson",76978,28.5795941697628,0.0636363636363636,40.2712463301203,0,6.36363636363636
2022-03-18,22049,2,14131,2,7918,0,15444,2,94573,44,110017,46,0,320,0,375,331,1,"Anderson",76978,23.383304320715,0.0663716814159292,59.7573332640495,2.59814492452389,6.63716814159292
2022-03-19,22049,0,14131,0,7918,0,15444,0,94593,20,110037,20,0,320,0,375,331,0,"Anderson",76978,23.383304320715,0.0669642857142857,25.9814492452389,0,6.69642857142857
2022-03-20,22054,5,14135,4,7919,1,15449,5,94612,19,110061,24,0,320,0,375,332,1,"Anderson",76978,25.9814492452389,0.0935960591133005,31.1777390942867,6.49536231130973,9.35960591133005
2022-03-21,22055,1,14135,0,7920,1,15449,0,94625,13,110074,13,2,322,0,375,332,0,"Anderson",76978,18.1870144716672,0.0655737704918033,16.8879420094053,1.29907246226194,6.55737704918033
2022-03-22,22055,0,14135,0,7920,0,15450,1,94631,6,110081,7,0,322,0,375,332,0,"Anderson",76978,12.9907246226194,0.0773809523809524,9.09350723583361,0,7.73809523809524
2022-03-23,22057,2,14137,2,7920,0,15452,2,94656,25,110108,27,0,322,0,375,333,1,"Anderson",76978,12.9907246226194,0.0714285714285714,35.0749564810725,2.59814492452389,7.14285714285714
2022-03-24,22058,1,14137,0,7921,1,15453,1,94672,16,110125,17,0,322,0,375,334,1,"Anderson",76978,14.2897970848814,0.0714285714285714,22.0842318584531,1.29907246226194,7.14285714285714
2022-03-25,22059,1,14138,1,7921,0,15455,2,94695,23,110150,25,0,322,0,375,334,0,"Anderson",76978,12.9907246226194,0.0827067669172932,32.4768115565486,1.29907246226194,8.27067669172932
2022-03-26,22060,1,14139,1,7921,0,15456,1,94714,19,110170,20,0,322,0,375,334,0,"Anderson",76978,14.2897970848814,0.0902255639097744,25.9814492452389,1.29907246226194,9.02255639097744
2022-03-27,22060,0,14139,0,7921,0,15456,0,94725,11,110181,11,0,322,0,375,334,0,"Anderson",76978,7.79443477357167,0.0583333333333333,14.2897970848814,0,5.83333333333333
2022-03-28,22064,4,14142,3,7922,1,15459,3,94769,44,110228,47,1,323,0,375,336,2,"Anderson",76978,11.6916521603575,0.0649350649350649,61.0564057263114,5.19628984904778,6.49350649350649
2022-03-29,22064,0,14142,0,7922,0,15459,0,94782,13,110241,13,1,324,0,375,337,1,"Anderson",76978,11.6916521603575,0.05625,16.8879420094053,0,5.625
2022-03-30,22066,2,14142,0,7924,2,15460,1,94805,23,110265,24,1,325,0,375,337,0,"Anderson",76978,11.6916521603575,0.0509554140127389,31.1777390942867,2.59814492452389,5.09554140127389
2022-03-31,22068,2,14143,1,7925,1,15461,1,94825,20,110286,21,0,325,0,375,337,0,"Anderson",76978,12.9907246226194,0.0496894409937888,27.2805217075008,2.59814492452389,4.96894409937888
2022-04-01,22071,3,14144,1,7927,2,15462,1,94862,37,110324,38,3,328,0,375,337,0,"Anderson",76978,15.5888695471433,0.0402298850574713,49.3647535659539,3.89721738678583,4.02298850574713
2022-04-02,22072,1,14145,1,7927,0,15464,2,94882,20,110346,22,0,328,0,375,337,0,"Anderson",76978,15.5888695471433,0.0454545454545455,28.5795941697628,1.29907246226194,4.54545454545455
2022-04-03,22072,0,14145,0,7927,0,15464,0,94894,12,110358,12,0,328,0,375,337,0,"Anderson",76978,15.5888695471433,0.0451977401129944,15.5888695471433,0,4.51977401129944
2022-04-04,22074,2,14146,1,7928,1,15465,1,94913,19,110378,20,0,328,0,375,337,0,"Anderson",76978,12.9907246226194,0.04,25.9814492452389,2.59814492452389,4
2022-04-05,22080,6,14147,1,7933,5,15466,1,94932,19,110398,20,3,331,0,375,338,1,"Anderson",76978,20.7851593961911,0.0445859872611465,25.9814492452389,7.79443477357167,4.45859872611465
2022-04-06,22083,3,14150,3,7933,0,15470,4,94956,24,110426,28,0,331,0,375,338,0,"Anderson",76978,22.0842318584531,0.062111801242236,36.3740289433345,3.89721738678583,6.2111801242236
2022-04-07,22086,3,14150,0,7936,3,15470,0,94979,23,110449,23,1,332,0,375,338,0,"Anderson",76978,23.383304320715,0.0552147239263804,29.8786666320247,3.89721738678583,5.52147239263804
2022-04-08,22087,1,14150,0,7937,1,15470,0,95010,31,110480,31,1,333,0,375,338,0,"Anderson",76978,20.7851593961911,0.0512820512820513,40.2712463301203,1.29907246226194,5.12820512820513
2022-04-09,22087,0,14150,0,7937,0,15470,0,95020,10,110490,10,0,333,0,375,338,0,"Anderson",76978,19.4860869339292,0.0416666666666667,12.9907246226195,0,4.16666666666667
2022-04-10,22087,0,14150,0,7937,0,15470,0,95030,10,110500,10,0,333,0,375,338,0,"Anderson",76978,19.4860869339292,0.0422535211267606,12.9907246226195,0,4.22535211267606
2022-04-11,22090,3,14150,0,7940,3,15470,0,95048,18,110518,18,0,333,0,375,338,0,"Anderson",76978,20.7851593961911,0.0357142857142857,23.383304320715,3.89721738678583,3.57142857142857
2022-04-12,22094,4,14153,3,7941,1,15474,4,95066,18,110540,22,1,334,0,375,339,1,"Anderson",76978,18.1870144716672,0.0563380281690141,28.5795941697628,5.19628984904778,5.63380281690141
2022-04-13,22097,3,14154,1,7943,2,15475,1,95088,22,110563,23,0,334,0,375,339,0,"Anderson",76978,18.1870144716672,0.0364963503649635,29.8786666320247,3.89721738678583,3.64963503649635
2022-04-14,22100,3,14154,0,7946,3,15475,0,95104,16,110579,16,0,334,0,375,339,0,"Anderson",76978,18.1870144716672,0.0384615384615385,20.7851593961911,3.89721738678583,3.84615384615385
2022-04-15,22104,4,14157,3,7947,1,15479,4,95124,20,110603,24,0,334,0,375,339,0,"Anderson",76978,22.0842318584531,0.0731707317073171,31.1777390942867,5.19628984904778,7.31707317073171
2022-04-16,22105,1,14157,0,7948,1,15479,0,95138,14,110617,14,0,334,0,375,339,0,"Anderson",76978,23.383304320715,0.0708661417322835,18.1870144716672,1.29907246226194,7.08661417322835
2022-04-17,22107,2,14157,0,7950,2,15480,1,95153,15,110633,16,0,334,0,375,339,0,"Anderson",76978,25.9814492452389,0.075187969924812,20.7851593961911,2.59814492452389,7.5187969924812
2022-04-18,22113,6,14159,2,7954,4,15482,2,95173,20,110655,22,-1,333,0,375,339,0,"Anderson",76978,29.8786666320247,0.0875912408759124,28.5795941697628,7.79443477357167,8.75912408759124
2022-04-19,22117,4,14160,1,7957,3,15483,1,95186,13,110669,14,0,333,0,375,339,0,"Anderson",76978,29.8786666320247,0.0697674418604651,18.1870144716672,5.19628984904778,6.97674418604651
2022-04-20,22123,6,14162,2,7961,4,15485,2,95219,33,110704,35,1,334,0,375,339,0,"Anderson",76978,33.7758840188106,0.0709219858156028,45.4675361791681,7.79443477357167,7.09219858156028
2022-04-21,22126,3,14163,1,7963,2,15486,1,95245,26,110731,27,0,334,0,375,339,0,"Anderson",76978,33.7758840188106,0.0723684210526316,35.0749564810725,3.89721738678583,7.23684210526316
2022-04-22,22128,2,14164,1,7964,1,15487,1,95277,32,110764,33,0,334,0,375,339,0,"Anderson",76978,31.1777390942867,0.0496894409937888,42.8693912546442,2.59814492452389,4.96894409937888
2022-04-23,22130,2,14166,2,7964,0,15488,1,95302,25,110790,26,0,334,0,375,339,0,"Anderson",76978,32.4768115565486,0.0520231213872832,33.7758840188106,2.59814492452389,5.20231213872832
2022-04-24,22133,3,14166,0,7967,3,15488,0,95319,17,110807,17,0,334,0,375,339,0,"Anderson",76978,33.7758840188106,0.0459770114942529,22.0842318584531,3.89721738678583,4.59770114942529
2022-04-25,22151,18,14168,2,7983,16,15490,2,95330,11,110820,13,0,334,0,375,340,1,"Anderson",76978,49.3647535659539,0.0484848484848485,16.8879420094053,23.383304320715,4.84848484848485
2022-04-26,22165,14,14173,5,7992,9,15496,6,95351,21,110847,27,0,334,0,375,340,0,"Anderson",76978,62.3554781885734,0.0730337078651685,35.0749564810725,18.1870144716672,7.30337078651685
2022-04-27,22179,14,14178,5,8001,9,15501,5,95387,36,110888,41,0,334,0,375,341,1,"Anderson",76978,72.7480578866689,0.0869565217391304,53.2619709527397,18.1870144716672,8.69565217391304
2022-04-28,22184,5,14180,2,8004,3,15503,2,95410,23,110913,25,0,334,0,375,341,0,"Anderson",76978,75.3462028111928,0.0934065934065934,32.4768115565486,6.49536231130973,9.34065934065934
2022-04-29,22190,6,14181,1,8009,5,15504,1,95431,21,110935,22,0,334,0,375,341,0,"Anderson",76978,80.5424926602406,0.0994152046783626,28.5795941697628,7.79443477357167,9.94152046783626
2022-04-30,22192,2,14182,1,8010,1,15504,0,95460,29,110964,29,0,334,0,375,341,0,"Anderson",76978,80.5424926602406,0.0919540229885057,37.6731014055964,2.59814492452389,9.19540229885057
2022-05-01,22194,2,14182,0,8012,2,15504,0,95468,8,110972,8,0,334,0,375,341,0,"Anderson",76978,79.2434201979786,0.096969696969697,10.3925796980956,2.59814492452389,9.6969696969697
2022-05-02,22202,8,14187,5,8015,3,15508,4,95499,31,111007,35,0,334,0,375,341,0,"Anderson",76978,66.2526955753592,0.0962566844919786,45.4675361791681,10.3925796980956,9.62566844919786
2022-05-03,22208,6,14192,5,8016,1,15513,5,95510,11,111023,16,0,334,0,375,341,0,"Anderson",76978,55.8601158772636,0.0965909090909091,20.7851593961911,7.79443477357167,9.65909090909091
2022-05-04,22220,12,14196,4,8024,8,15518,5,95534,24,111052,29,0,334,0,375,341,0,"Anderson",76978,53.2619709527397,0.103658536585366,37.6731014055964,15.5888695471433,10.3658536585366
2022-05-05,22228,8,14202,6,8026,2,15524,6,95552,18,111076,24,0,334,0,375,341,0,"Anderson",76978,57.1591883395256,0.128834355828221,31.1777390942867,10.3925796980956,12.8834355828221
2022-05-06,22229,1,14202,0,8027,1,15524,0,95576,24,111100,24,0,334,0,375,341,0,"Anderson",76978,50.6638260282159,0.121212121212121,31.1777390942867,1.29907246226194,12.1212121212121
2022-05-07,22238,9,14206,4,8032,5,15528,4,95592,16,111120,20,0,334,0,375,342,1,"Anderson",76978,59.7573332640495,0.153846153846154,25.9814492452389,11.6916521603575,15.3846153846154
2022-05-08,22239,1,14206,0,8033,1,15528,0,95606,14,111134,14,0,334,0,375,342,0,"Anderson",76978,58.4582608017875,0.148148148148148,18.1870144716672,1.29907246226194,14.8148148148148
2022-05-09,22245,6,14208,2,8037,4,15529,1,95621,15,111150,16,0,334,0,375,342,0,"Anderson",76978,55.8601158772636,0.146853146853147,20.7851593961911,7.79443477357167,14.6853146853147
2022-05-10,22255,10,14210,2,8045,8,15532,3,95653,32,111185,35,1,335,0,375,342,0,"Anderson",76978,61.0564057263114,0.117283950617284,45.4675361791681,12.9907246226195,11.7283950617284
2022-05-11,22268,13,14220,10,8048,3,15544,12,95671,18,111215,30,0,335,0,375,342,0,"Anderson",76978,62.3554781885734,0.159509202453988,38.9721738678584,16.8879420094053,15.9509202453988
2022-05-12,22274,6,14225,5,8049,1,15549,5,95699,28,111248,33,0,335,0,375,342,0,"Anderson",76978,59.7573332640495,0.145348837209302,42.8693912546442,7.79443477357167,14.5348837209302
2022-05-13,22282,8,14230,5,8052,3,15554,5,95735,36,111289,41,2,337,0,375,343,1,"Anderson",76978,68.8508404998831,0.158730158730159,53.2619709527397,10.3925796980956,15.8730158730159
2022-05-14,22285,3,14232,2,8053,1,15556,2,95744,9,111300,11,0,337,0,375,343,0,"Anderson",76978,61.0564057263114,0.155555555555556,14.2897970848814,3.89721738678583,15.5555555555556
2022-05-15,22289,4,14232,0,8057,4,15556,0,95758,14,111314,14,0,337,0,375,343,0,"Anderson",76978,64.9536231130973,0.155555555555556,18.1870144716672,5.19628984904778,15.5555555555556
2022-05-16,22299,10,14238,6,8061,4,15561,5,95781,23,111342,28,0,337,0,375,343,0,"Anderson",76978,70.149912962145,0.166666666666667,36.3740289433345,12.9907246226195,16.6666666666667
2022-05-17,22312,13,14247,9,8065,4,15571,10,95808,27,111379,37,2,339,0,375,343,0,"Anderson",76978,74.0471303489309,0.201030927835052,48.065681103692,16.8879420094053,20.1030927835052
2022-05-18,22320,8,14254,7,8066,1,15579,8,95835,27,111414,35,0,339,0,375,344,1,"Anderson",76978,67.5517680376211,0.175879396984925,45.4675361791681,10.3925796980956,17.5879396984925
2022-05-19,22330,10,14261,7,8069,3,15587,8,95862,27,111449,35,1,340,0,375,344,0,"Anderson",76978,72.7480578866689,0.189054726368159,45.4675361791681,12.9907246226195,18.9054726368159
2022-05-20,22342,12,14270,9,8072,3,15596,9,95891,29,111487,38,0,340,0,375,344,0,"Anderson",76978,77.9443477357167,0.212121212121212,49.3647535659539,15.5888695471433,21.2121212121212
2022-05-21,22348,6,14276,6,8072,0,15602,6,95917,26,111519,32,0,340,0,375,344,0,"Anderson",76978,81.8415651225025,0.210045662100457,41.5703187923822,7.79443477357167,21.0045662100457
2022-05-22,22357,9,14282,6,8075,3,15608,6,95942,25,111550,31,1,341,0,375,344,0,"Anderson",76978,88.3369274338123,0.220338983050847,40.2712463301203,11.6916521603575,22.0338983050847
2022-05-23,22368,11,14291,9,8077,2,15615,7,95975,33,111590,40,0,341,0,375,344,0,"Anderson",76978,89.6359998960742,0.217741935483871,51.9628984904778,14.2897970848814,21.7741935483871
2022-05-24,22389,21,14298,7,8091,14,15623,8,95996,21,111619,29,0,341,0,375,344,0,"Anderson",76978,100.02857959417,0.216666666666667,37.6731014055964,27.2805217075008,21.6666666666667
2022-05-25,22401,12,14304,6,8097,6,15629,6,96029,33,111658,39,1,342,0,375,344,0,"Anderson",76978,105.224869443218,0.204918032786885,50.6638260282159,15.5888695471433,20.4918032786885
2022-05-26,22418,17,14312,8,8106,9,15639,10,96070,41,111709,51,0,342,0,375,344,0,"Anderson",76978,114.318376679051,0.2,66.2526955753592,22.0842318584531,20
2022-05-27,22433,15,14321,9,8112,6,15648,9,96116,46,111764,55,0,342,0,375,344,0,"Anderson",76978,118.215594065837,0.187725631768953,71.448985424407,19.4860869339292,18.7725631768953
2022-05-28,22442,9,14327,6,8115,3,15654,6,96167,51,111821,57,0,342,0,375,344,0,"Anderson",76978,122.112811452623,0.172185430463576,74.0471303489309,11.6916521603575,17.2185430463576
2022-05-29,22450,8,14329,2,8121,6,15656,2,96189,22,111845,24,0,342,0,375,344,0,"Anderson",76978,120.813738990361,0.16271186440678,31.1777390942867,10.3925796980956,16.271186440678
2022-05-30,22455,5,14330,1,8125,4,15658,2,96204,15,111862,17,0,342,0,375,344,0,"Anderson",76978,113.019304216789,0.158088235294118,22.0842318584531,6.49536231130973,15.8088235294118
2022-05-31,22470,15,14337,7,8133,8,15664,6,96231,27,111895,33,0,342,0,375,344,0,"Anderson",76978,105.224869443218,0.148550724637681,42.8693912546442,19.4860869339292,14.8550724637681
2022-06-01,22494,24,14350,13,8144,11,15681,17,96258,27,111939,44,0,342,0,375,344,0,"Anderson",76978,120.813738990361,0.185053380782918,57.1591883395256,31.1777390942867,18.5053380782918
2022-06-02,22511,17,14359,9,8152,8,15689,8,96282,24,111971,32,0,342,0,375,344,0,"Anderson",76978,120.813738990361,0.190839694656489,41.5703187923822,22.0842318584531,19.0839694656489
2022-06-03,22525,14,14367,8,8158,6,15698,9,96332,50,112030,59,0,342,0,375,344,0,"Anderson",76978,119.514666528099,0.18796992481203,76.6452752734548,18.1870144716672,18.796992481203
2022-06-04,22532,7,14372,5,8160,2,15704,6,96361,29,112065,35,0,342,0,375,344,0,"Anderson",76978,116.916521603575,0.204918032786885,45.4675361791681,9.09350723583361,20.4918032786885
2022-06-05,22542,10,14379,7,8163,3,15712,8,96378,17,112090,25,0,342,0,375,344,0,"Anderson",76978,119.514666528099,0.228571428571429,32.4768115565486,12.9907246226195,22.8571428571429
2022-06-06,22568,26,14392,13,8176,13,15725,13,96401,23,112126,36,0,342,0,375,345,1,"Anderson",76978,146.7951882356,0.253787878787879,46.76660864143,33.7758840188106,25.3787878787879
2022-06-07,22590,22,14400,8,8190,14,15733,8,96421,20,112154,28,0,342,0,375,345,0,"Anderson",76978,155.888695471433,0.266409266409266,36.3740289433345,28.5795941697628,26.6409266409266
2022-06-08,22613,23,14415,15,8198,8,15751,18,96470,49,112221,67,0,342,0,375,345,0,"Anderson",76978,154.589623009171,0.24822695035461,87.0378549715503,29.8786666320247,24.822695035461
2022-06-09,22631,18,14427,12,8204,6,15764,13,96505,35,112269,48,0,342,1,376,346,1,"Anderson",76978,155.888695471433,0.251677852348993,62.3554781885734,23.383304320715,25.1677852348993
2022-06-10,22654,23,14443,16,8211,7,15781,17,96566,61,112347,78,0,342,0,376,346,0,"Anderson",76978,167.580347631791,0.261829652996845,101.327652056432,29.8786666320247,26.1829652996845
2022-06-11,22663,9,14447,4,8216,5,15786,5,96584,18,112370,23,0,342,0,376,346,0,"Anderson",76978,170.178492556315,0.268852459016393,29.8786666320247,11.6916521603575,26.8852459016393
2022-06-12,22671,8,14449,2,8222,6,15788,2,96598,14,112386,16,0,342,0,376,346,0,"Anderson",76978,167.580347631791,0.256756756756757,20.7851593961911,10.3925796980956,25.6756756756757
2022-06-13,22688,17,14455,6,8233,11,15794,6,96622,24,112416,30,0,342,0,376,346,0,"Anderson",76978,155.888695471433,0.237931034482759,38.9721738678584,22.0842318584531,23.7931034482759
2022-06-14,22718,30,14469,14,8249,16,15810,16,96659,37,112469,53,1,343,0,376,347,1,"Anderson",76978,166.281275169529,0.244444444444444,68.8508404998831,38.9721738678584,24.4444444444444
2022-06-15,22735,17,14481,12,8254,5,15824,14,96682,23,112506,37,1,344,0,376,347,0,"Anderson",76978,158.486840395957,0.256140350877193,48.065681103692,22.0842318584531,25.6140350877193
2022-06-16,22760,25,14493,12,8267,13,15835,11,96710,28,112545,39,1,345,0,376,347,0,"Anderson",76978,167.580347631791,0.257246376811594,50.6638260282159,32.4768115565486,25.7246376811594
2022-06-17,22782,22,14505,12,8277,10,15850,15,96733,23,112583,38,0,345,0,376,348,1,"Anderson",76978,166.281275169529,0.292372881355932,49.3647535659539,28.5795941697628,29.2372881355932
2022-06-18,22793,11,14513,8,8280,3,15859,9,96756,23,112615,32,1,346,0,376,348,0,"Anderson",76978,168.879420094053,0.297959183673469,41.5703187923822,14.2897970848814,29.7959183673469
2022-06-19,22808,15,14518,5,8290,10,15864,5,96774,18,112638,23,0,346,0,376,348,0,"Anderson",76978,177.972927329886,0.301587301587302,29.8786666320247,19.4860869339292,30.1587301587302
2022-06-20,22820,12,14522,4,8298,8,15871,7,96790,16,112661,23,0,346,0,376,348,0,"Anderson",76978,171.477565018577,0.314285714285714,29.8786666320247,15.5888695471433,31.4285714285714
2022-06-21,22845,25,14531,9,8314,16,15878,7,96802,12,112680,19,0,346,0,376,348,0,"Anderson",76978,164.982202707267,0.322274881516588,24.682376782977,32.4768115565486,32.2274881516588
2022-06-22,22885,40,14561,30,8324,10,15908,30,96852,50,112760,80,0,346,0,376,348,0,"Anderson",76978,194.860869339292,0.330708661417323,103.925796980956,51.9628984904778,33.0708661417323
2022-06-23,22903,18,14572,11,8331,7,15922,14,96875,23,112797,37,0,346,0,376,349,1,"Anderson",76978,185.767362103458,0.345238095238095,48.065681103692,23.383304320715,34.5238095238095
2022-06-24,22936,33,14583,11,8353,22,15934,12,96908,33,112842,45,0,346,0,376,349,0,"Anderson",76978,200.05715918834,0.324324324324324,58.4582608017875,42.8693912546442,32.4324324324324
2022-06-25,22947,11,14586,3,8361,8,15940,6,96937,29,112877,35,0,346,0,376,349,0,"Anderson",76978,200.05715918834,0.309160305343511,45.4675361791681,14.2897970848814,30.9160305343511
2022-06-26,22957,10,14592,6,8365,4,15945,5,96963,26,112908,31,0,346,0,376,349,0,"Anderson",76978,193.56179687703,0.3,40.2712463301203,12.9907246226195,30
2022-06-27,22980,23,14604,12,8376,11,15957,12,96979,16,112936,28,1,347,0,376,349,0,"Anderson",76978,207.851593961911,0.312727272727273,36.3740289433345,29.8786666320247,31.2727272727273
2022-06-28,23010,30,14620,16,8390,14,15973,16,97008,29,112981,45,1,348,0,376,349,0,"Anderson",76978,214.346956273221,0.315614617940199,58.4582608017875,38.9721738678584,31.5614617940199
2022-06-29,23032,22,14629,9,8403,13,15984,11,97050,42,113034,53,1,349,0,376,349,0,"Anderson",76978,190.963651952506,0.277372262773723,68.8508404998831,28.5795941697628,27.7372262773723
2022-06-30,23068,36,14641,12,8427,24,15997,13,97095,45,113092,58,0,349,0,376,349,0,"Anderson",76978,214.346956273221,0.254237288135593,75.3462028111928,46.76660864143,25.4237288135593
2022-07-01,23090,22,14653,12,8437,10,16010,13,97135,40,113145,53,0,349,0,376,349,0,"Anderson",76978,200.05715918834,0.250825082508251,68.8508404998831,28.5795941697628,25.0825082508251
2022-07-02,23118,28,14667,14,8451,14,16025,15,97155,20,113180,35,0,349,0,376,349,0,"Anderson",76978,222.141391046793,0.280528052805281,45.4675361791681,36.3740289433345,28.0528052805281
2022-07-03,23129,11,14673,6,8456,5,16031,6,97172,17,113203,23,0,349,0,376,349,0,"Anderson",76978,223.440463509055,0.291525423728814,29.8786666320247,14.2897970848814,29.1525423728814
2022-07-04,23145,16,14678,5,8467,11,16036,5,97180,8,113216,13,0,349,0,376,350,1,"Anderson",76978,214.346956273221,0.282142857142857,16.8879420094053,20.7851593961911,28.2142857142857
2022-07-05,23166,21,14688,10,8478,11,16047,11,97205,25,113252,36,0,349,0,376,351,1,"Anderson",76978,202.655304112863,0.273062730627306,46.76660864143,27.2805217075008,27.3062730627306
2022-07-06,23180,14,14694,6,8486,8,16054,7,97234,29,113288,36,0,349,0,376,351,0,"Anderson",76978,192.262724414768,0.275590551181102,46.76660864143,18.1870144716672,27.5590551181102
2022-07-07,23212,32,14709,15,8503,17,16069,15,97260,26,113329,41,0,349,0,376,351,0,"Anderson",76978,187.06643456572,0.30379746835443,53.2619709527397,41.5703187923822,30.379746835443
2022-07-08,23246,34,14720,11,8526,23,16079,10,97287,27,113366,37,0,349,0,376,351,0,"Anderson",76978,202.655304112863,0.312217194570136,48.065681103692,44.1684637169061,31.2217194570136
2022-07-09,23274,28,14725,5,8549,23,16084,5,97301,14,113385,19,0,349,0,376,351,0,"Anderson",76978,202.655304112863,0.28780487804878,24.682376782977,36.3740289433345,28.780487804878
2022-07-10,23293,19,14729,4,8564,15,16087,3,97307,6,113394,9,0,349,0,376,351,0,"Anderson",76978,213.047883810959,0.293193717277487,11.6916521603575,24.682376782977,29.3193717277487
2022-07-11,23316,23,14739,10,8577,13,16100,13,97345,38,113445,51,0,349,0,376,351,0,"Anderson",76978,222.141391046793,0.279475982532751,66.2526955753592,29.8786666320247,27.9475982532751
2022-07-12,23361,45,14757,18,8604,27,16119,19,97379,34,113498,53,0,349,0,376,351,0,"Anderson",76978,253.319130141079,0.292682926829268,68.8508404998831,58.4582608017875,29.2682926829268
2022-07-13,23398,37,14775,18,8623,19,16138,19,97426,47,113564,66,0,349,0,376,352,1,"Anderson",76978,283.197796773104,0.304347826086957,85.7387825092884,48.065681103692,30.4347826086957
2022-07-14,23439,41,14786,11,8653,30,16150,12,97448,22,113598,34,0,349,0,376,352,0,"Anderson",76978,294.889448933461,0.301115241635688,44.1684637169061,53.2619709527397,30.1115241635688
2022-07-15,23471,32,14801,15,8670,17,16166,16,97474,26,113640,42,0,349,0,376,352,0,"Anderson",76978,292.291304008938,0.317518248175182,54.5610434150017,41.5703187923822,31.7518248175182
2022-07-16,23493,22,14808,7,8685,15,16173,7,97483,9,113656,16,0,349,0,376,352,0,"Anderson",76978,284.496869235366,0.328413284132841,20.7851593961911,28.5795941697628,32.8413284132841
2022-07-17,23503,10,14812,4,8691,6,16176,3,97495,12,113671,15,0,349,0,376,352,0,"Anderson",76978,272.805217075008,0.32129963898917,19.4860869339292,12.9907246226195,32.129963898917
2022-07-18,23549,46,14833,21,8716,25,16197,21,97545,50,113742,71,0,349,0,376,352,0,"Anderson",76978,302.683883707033,0.326599326599327,92.2341448205981,59.7573332640495,32.6599326599327
2022-07-19,23599,50,14856,23,8743,27,16223,26,97561,16,113784,42,3,352,0,376,352,0,"Anderson",76978,309.179246018343,0.363636363636364,54.5610434150017,64.9536231130973,36.3636363636364
2022-07-20,23635,36,14872,16,8763,20,16239,16,97591,30,113830,46,0,352,0,376,352,0,"Anderson",76978,307.880173556081,0.379699248120301,59.7573332640495,46.76660864143,37.9699248120301
2022-07-21,23678,43,14901,29,8777,14,16269,30,97643,52,113912,82,0,352,0,376,353,1,"Anderson",76978,310.478318480605,0.378980891719745,106.523941905479,55.8601158772636,37.8980891719745
2022-07-22,23716,38,14915,14,8801,24,16284,15,97678,35,113962,50,0,352,0,376,354,1,"Anderson",76978,318.272753254177,0.366459627329193,64.9536231130973,49.3647535659539,36.6459627329193
2022-07-23,23726,10,14918,3,8808,7,16288,4,97689,11,113977,15,0,352,0,376,354,0,"Anderson",76978,302.683883707033,0.358255451713396,19.4860869339292,12.9907246226195,35.8255451713396
2022-07-24,23749,23,14927,9,8822,14,16297,9,97703,14,114000,23,0,352,0,376,354,0,"Anderson",76978,319.571825716438,0.367781155015198,29.8786666320247,29.8786666320247,36.7781155015198
2022-07-25,23795,46,14953,26,8842,20,16324,27,97735,32,114059,59,0,352,0,376,354,0,"Anderson",76978,319.571825716438,0.400630914826498,76.6452752734548,59.7573332640495,40.0630914826498
2022-07-26,23842,47,14977,24,8865,23,16348,24,97768,33,114116,57,0,352,0,376,355,1,"Anderson",76978,315.674608329653,0.376506024096386,74.0471303489309,61.0564057263114,37.6506024096386
2022-07-27,23885,43,14995,18,8890,25,16369,21,97810,42,114179,63,0,352,0,376,355,0,"Anderson",76978,324.768115565486,0.372492836676218,81.8415651225025,55.8601158772636,37.2492836676218
2022-07-28,23921,36,15012,17,8909,19,16387,18,97849,39,114236,57,0,352,0,376,355,0,"Anderson",76978,315.674608329653,0.364197530864198,74.0471303489309,46.76660864143,36.4197530864198
2022-07-29,23954,33,15033,21,8921,12,16408,21,97884,35,114292,56,0,352,0,376,355,0,"Anderson",76978,309.179246018343,0.375757575757576,72.7480578866689,42.8693912546442,37.5757575757576
2022-07-30,23978,24,15047,14,8931,10,16422,14,97900,16,114322,30,0,352,0,376,355,0,"Anderson",76978,327.36626049001,0.388405797101449,38.9721738678584,31.1777390942867,38.8405797101449
2022-07-31,23984,6,15050,3,8934,3,16427,5,97916,16,114343,21,0,352,0,376,356,1,"Anderson",76978,305.282028631557,0.379008746355685,27.2805217075008,7.79443477357167,37.9008746355685
2022-08-01,24019,35,15065,15,8954,20,16445,18,97935,19,114380,37,0,352,0,376,356,0,"Anderson",76978,290.992231546676,0.376947040498442,48.065681103692,45.4675361791681,37.6947040498442
2022-08-02,24077,58,15110,45,8967,13,16489,44,97971,36,114460,80,1,353,0,376,356,0,"Anderson",76978,305.282028631557,0.409883720930233,103.925796980956,75.3462028111928,40.9883720930233
2022-08-03,24110,33,15129,19,8981,14,16512,23,98007,36,114519,59,0,353,0,376,357,1,"Anderson",76978,292.291304008938,0.420588235294118,76.6452752734548,42.8693912546442,42.0588235294118
2022-08-04,24151,41,15157,28,8994,13,16545,33,98102,95,114647,128,1,354,0,376,357,0,"Anderson",76978,298.786666320247,0.384428223844282,166.281275169529,53.2619709527397,38.4428223844282
2022-08-05,24183,32,15179,22,9004,10,16566,21,98134,32,114700,53,0,354,0,376,357,0,"Anderson",76978,297.487593857985,0.387254901960784,68.8508404998831,41.5703187923822,38.7254901960784
2022-08-06,24201,18,15187,8,9014,10,16574,8,98149,15,114723,23,0,354,0,376,357,0,"Anderson",76978,289.693159084414,0.379052369077307,29.8786666320247,23.383304320715,37.9052369077307
2022-08-07,24217,16,15197,10,9020,6,16584,10,98165,16,114749,26,0,354,0,376,357,0,"Anderson",76978,302.683883707033,0.386699507389163,33.7758840188106,20.7851593961911,38.6699507389163
2022-08-08,24274,57,15224,27,9050,30,16612,28,98177,12,114789,40,0,354,0,376,357,0,"Anderson",76978,331.263477876796,0.408312958435208,51.9628984904778,74.0471303489309,40.8312958435208
2022-08-09,24305,31,15242,18,9063,13,16631,19,98227,50,114858,69,3,357,0,376,357,0,"Anderson",76978,296.188521395723,0.35678391959799,89.6359998960742,40.2712463301203,35.678391959799
2022-08-10,24343,38,15268,26,9075,12,16658,27,98259,32,114917,59,0,357,0,376,357,0,"Anderson",76978,302.683883707033,0.366834170854271,76.6452752734548,49.3647535659539,36.6834170854271
2022-08-11,24377,34,15291,23,9086,11,16683,25,98290,31,114973,56,0,357,0,376,357,0,"Anderson",76978,293.5903764712,0.423312883435583,72.7480578866689,44.1684637169061,42.3312883435583
2022-08-12,24415,38,15312,21,9103,17,16707,24,98329,39,115036,63,0,357,0,376,357,0,"Anderson",76978,301.384811244771,0.419642857142857,81.8415651225025,49.3647535659539,41.9642857142857
2022-08-13,24432,17,15322,10,9110,7,16718,11,98359,30,115077,41,0,357,0,376,357,0,"Anderson",76978,300.085738782509,0.406779661016949,53.2619709527397,22.0842318584531,40.6779661016949
2020-03-12,1,1,1,1,0,0,1,1,11,11,12,12,0,0,0,0,0,0,"East TN",2455501,NA,NA,0.488698640318208,0.040724886693184,NA
2020-03-13,1,0,1,0,0,0,1,0,23,12,24,12,0,0,0,0,0,0,"East TN",2455501,NA,NA,0.488698640318208,0,NA
2020-03-14,3,2,3,2,0,0,3,2,50,27,53,29,0,0,0,0,0,0,"East TN",2455501,NA,NA,1.18102171410234,0.081449773386368,NA
2020-03-15,3,0,3,0,0,0,3,0,53,3,56,3,0,0,0,0,0,0,"East TN",2455501,NA,NA,0.122174660079552,0,NA
2020-03-16,5,2,5,2,0,0,5,2,89,36,94,38,0,0,0,0,0,0,"East TN",2455501,NA,NA,1.54754569434099,0.081449773386368,NA
2020-03-17,6,1,6,1,0,0,5,0,130,41,135,41,0,0,0,0,0,0,"East TN",2455501,NA,NA,1.66972035442054,0.040724886693184,NA
2020-03-18,8,2,8,2,0,0,7,2,171,41,178,43,0,0,0,0,0,0,"East TN",2455501,0.325799093545472,0.0393258426966292,1.75117012780691,0.081449773386368,3.93258426966292
2020-03-19,11,3,11,3,0,0,11,4,238,67,249,71,0,0,0,0,0,0,"East TN",2455501,0.40724886693184,0.0421940928270042,2.89146695521606,0.122174660079552,4.21940928270042
2020-03-20,29,18,29,18,0,0,27,16,382,144,409,160,0,0,2,2,0,0,"East TN",2455501,1.14029682740915,0.0675324675324675,6.51598187090944,0.733047960477312,6.75324675324675
2020-03-21,38,9,38,9,0,0,38,11,610,228,648,239,0,0,1,3,1,1,"East TN",2455501,1.42537103426144,0.0588235294117647,9.73324791967098,0.366523980238656,5.88235294117647
2020-03-22,48,10,47,9,1,1,43,5,713,103,756,108,0,0,4,7,2,1,"East TN",2455501,1.83261990119328,0.0571428571428571,4.39828776286387,0.40724886693184,5.71428571428571
2020-03-23,64,16,63,16,1,0,56,13,846,133,902,146,0,0,4,11,2,0,"East TN",2455501,2.40276831489786,0.0631188118811881,5.94583345720486,0.651598187090944,6.31188118811881
2020-03-24,83,19,82,19,1,0,70,14,987,141,1057,155,0,0,5,16,2,0,"East TN",2455501,3.13581627537517,0.0704989154013015,6.31235743744352,0.773772847170496,7.04989154013015
2020-03-25,116,33,115,33,1,0,99,29,1288,301,1387,330,0,0,12,28,3,1,"East TN",2455501,4.39828776286387,0.076095947063689,13.4392126087507,1.34392126087507,7.6095947063689
2020-03-26,144,28,143,28,1,0,130,31,1774,486,1904,517,0,0,5,33,4,1,"East TN",2455501,5.41640993019347,0.0719033232628399,21.0547664203761,1.14029682740915,7.19033232628399
2020-03-27,166,22,165,22,1,0,147,17,2171,397,2318,414,0,0,6,39,4,0,"East TN",2455501,5.57930947696621,0.0628601361969618,16.8601030909782,0.895947507250048,6.28601361969618
2020-03-28,197,31,196,31,1,0,180,33,2608,437,2788,470,0,0,8,47,4,0,"East TN",2455501,6.47525698421626,0.0663551401869159,19.1406967457965,1.2624714874887,6.63551401869159
2020-03-29,213,16,212,16,1,0,196,16,2795,187,2991,203,0,0,3,50,7,3,"East TN",2455501,6.71960630437536,0.0684563758389262,8.26715199871635,0.651598187090944,6.84563758389262
2020-03-30,246,33,245,33,1,0,226,30,3345,550,3571,580,0,0,8,58,9,2,"East TN",2455501,7.41192937815949,0.0636942675159236,23.6204342820467,1.34392126087507,6.36942675159236
2020-03-31,295,49,294,49,1,0,278,52,3645,300,3923,352,0,0,12,70,10,1,"East TN",2455501,8.63367597895501,0.0725750174459177,14.3351601160008,1.99551944796602,7.25750174459177
2020-04-01,346,51,345,51,1,0,336,58,4243,598,4579,656,0,0,9,79,12,2,"East TN",2455501,9.36672393943232,0.0742481203007519,26.7155256707287,2.07696922135238,7.42481203007519
2020-04-02,391,45,390,45,1,0,383,47,4839,596,5222,643,2,7,5,84,14,2,"East TN",2455501,10.0590470132164,0.0762507534659433,26.1861021437173,1.83261990119328,7.62507534659433
2020-04-03,412,21,411,21,1,0,401,18,5124,285,5525,303,1,8,2,86,17,3,"East TN",2455501,10.0183221265233,0.0792017461802308,12.3396406680348,0.855222620556864,7.92017461802307
2020-04-04,447,35,446,35,1,0,431,30,5716,592,6147,622,3,11,5,91,19,2,"East TN",2455501,10.181221673296,0.0747246204227449,25.3308795231604,1.42537103426144,7.47246204227449
2020-04-05,473,26,472,26,1,0,464,33,6093,377,6557,410,-1,10,2,93,20,1,"East TN",2455501,10.5884705402278,0.0751542344363432,16.6972035442054,1.05884705402278,7.51542344363432
2020-04-06,514,41,513,41,1,0,514,50,6626,533,7140,583,8,18,5,98,20,0,"East TN",2455501,10.9142696337733,0.080694872513309,23.7426089421263,1.66972035442054,8.0694872513309
2020-04-07,570,56,569,56,1,0,592,78,7755,1129,8347,1207,0,18,7,105,21,1,"East TN",2455501,11.1993438406256,0.0709764918625678,49.1549382386731,2.2805936548183,7.09764918625678
2020-04-08,607,37,606,37,1,0,632,40,8162,407,8794,447,1,19,8,113,25,4,"East TN",2455501,10.629195426921,0.0702253855278766,18.2040243518532,1.50682080764781,7.02253855278766
2020-04-09,633,26,632,26,1,0,662,30,8613,451,9275,481,3,22,2,115,25,0,"East TN",2455501,9.85542257975053,0.0688378978534419,19.5886704994215,1.05884705402278,6.88378978534419
2020-04-10,655,22,654,22,1,0,682,20,8941,328,9623,348,0,22,4,119,25,0,"East TN",2455501,9.89614746644371,0.0685700341630063,14.172260569228,0.895947507250048,6.85700341630063
2020-04-11,679,24,678,24,1,0,728,46,10022,1081,10750,1127,2,24,5,124,27,2,"East TN",2455501,9.44817371281869,0.0645231370845101,45.8969473032184,0.977397280636416,6.45231370845101
2020-04-12,709,30,708,30,1,0,761,33,11472,1450,12233,1483,0,24,1,125,28,1,"East TN",2455501,9.61107325959142,0.0523255813953488,60.3950069659919,1.22174660079552,5.23255813953488
2020-04-13,738,29,737,29,1,0,803,42,12435,963,13238,1005,0,24,7,132,32,4,"East TN",2455501,9.12237461927321,0.0473925877336832,40.9285111266499,1.18102171410234,4.73925877336832
2020-04-14,749,11,748,11,1,0,823,20,12720,285,13543,305,4,28,1,133,33,1,"East TN",2455501,7.28975471807994,0.0444572748267898,12.4210904414211,0.447973753625024,4.44572748267898
2020-04-15,773,24,772,24,1,0,850,27,13132,412,13982,439,2,30,4,137,34,1,"East TN",2455501,6.76033119106854,0.0420200462606014,17.8782252583078,0.977397280636416,4.20200462606014
2020-04-16,801,28,800,28,1,0,886,36,13808,676,14694,712,1,31,6,143,34,0,"East TN",2455501,6.84178096445491,0.0413360398597527,28.996119325547,1.14029682740915,4.13360398597527
2020-04-17,823,22,821,21,2,1,916,30,14137,329,15053,359,0,31,4,147,35,1,"East TN",2455501,6.84178096445491,0.0430939226519337,14.6202343228531,0.895947507250048,4.30939226519337
2020-04-18,835,12,833,12,2,0,935,19,14918,781,15853,800,0,31,0,147,35,0,"East TN",2455501,6.3530823241367,0.0405643738977072,32.5799093545472,0.488698640318208,4.05643738977072
2020-04-19,914,79,912,79,2,0,1016,81,15604,686,16620,767,1,32,1,148,35,0,"East TN",2455501,8.34860177210272,0.0581262821974014,31.2359880936721,3.21726604876154,5.81262821974014
2020-04-20,939,25,931,19,8,6,1033,17,16567,963,17600,980,0,32,2,150,35,0,"East TN",2455501,8.18570222532998,0.0527281063732233,39.9103889593203,1.0181221673296,5.27281063732233
2020-04-21,1045,106,1037,106,8,0,1154,121,19273,2706,20427,2827,0,32,6,156,36,1,"East TN",2455501,12.0545664611825,0.0480825101685067,115.129254681631,4.3168379894775,4.80825101685067
2020-04-22,1247,202,1237,200,10,2,1354,200,21825,2552,23179,2752,2,34,2,158,36,0,"East TN",2455501,19.3035962925692,0.0548004784168751,112.074888179642,8.22642711202317,5.48004784168751
2020-04-23,1492,245,1480,243,12,2,1601,247,22932,1107,24533,1354,0,34,3,161,36,0,"East TN",2455501,28.1408967049901,0.0726699867872751,55.1414965825711,9.97759723983008,7.26699867872751
2020-04-24,1540,48,1527,47,13,1,1655,54,25621,2689,27276,2743,0,34,4,165,36,0,"East TN",2455501,29.1997437590129,0.0604597889225231,111.708364199404,1.95479456127283,6.04597889225231
2020-04-25,1563,23,1546,19,17,4,1674,19,26396,775,28070,794,0,34,3,168,37,1,"East TN",2455501,29.647717512638,0.0604894818695261,32.3355600343881,0.936672393943232,6.04894818695261
2020-04-26,1583,20,1565,19,18,1,1700,26,27513,1117,29213,1143,0,34,0,168,37,0,"East TN",2455501,27.2449491977401,0.0543158897800365,46.5485454903093,0.81449773386368,5.43158897800365
2020-04-27,1652,69,1633,68,19,1,1772,72,28428,915,30200,987,0,34,8,176,38,1,"East TN",2455501,29.0368442122402,0.0586507936507936,40.1954631661726,2.8100171818297,5.86507936507936
2020-04-28,1689,37,1667,34,22,3,1812,40,30602,2174,32414,2214,2,36,1,177,39,1,"East TN",2455501,26.2268270304105,0.0548928005339117,90.1648991387094,1.50682080764781,5.48928005339117
2020-04-29,1752,63,1729,62,23,1,1878,66,33345,2743,35223,2809,1,37,6,183,40,1,"East TN",2455501,20.5660677800579,0.0435071404848887,114.396206721154,2.56566786167059,4.35071404848887
2020-04-30,1774,22,1750,21,24,1,1900,22,33894,549,35794,571,0,37,1,184,40,0,"East TN",2455501,11.4844180474779,0.0265518160021312,23.2539103018081,0.895947507250048,2.65518160021312
2020-05-01,1814,40,1786,36,28,4,1929,29,35556,1662,37485,1691,0,37,0,184,40,0,"East TN",2455501,11.1586189539324,0.0268390635713586,68.8657833981741,1.62899546772736,2.68390635713586
2020-05-02,1835,21,1807,21,28,0,1966,37,37433,1877,39399,1914,0,37,3,187,40,0,"East TN",2455501,11.077169180546,0.0257745608615059,77.9474331307542,0.855222620556864,2.57745608615059
2020-05-03,1873,38,1840,33,33,5,2003,37,39553,2120,41556,2157,0,37,3,190,42,2,"East TN",2455501,11.8102171410234,0.0245483269869562,87.8435805971979,1.54754569434099,2.45483269869562
2020-05-04,1920,47,1884,44,36,3,2060,57,41499,1946,43559,2003,0,37,1,191,42,0,"East TN",2455501,10.9142696337733,0.0215584998877161,81.5719480464475,1.91406967457965,2.15584998877161
2020-05-05,1948,28,1911,27,37,1,2092,32,44409,2910,46501,2942,2,39,1,192,42,0,"East TN",2455501,10.5477456535347,0.0198764818627103,119.812616651347,1.14029682740915,1.98764818627103
2020-05-06,1985,37,1948,37,37,0,2135,43,45453,1044,47588,1087,1,40,0,192,42,0,"East TN",2455501,9.48889859951187,0.0207844723008492,44.267951835491,1.50682080764781,2.07844723008492
2020-05-07,2028,43,1989,41,39,2,2183,48,46845,1392,49028,1440,0,40,4,196,46,4,"East TN",2455501,10.3441212200687,0.0213843131328397,58.643836838185,1.75117012780691,2.13843131328397
2020-05-08,2047,19,2008,19,39,0,2219,36,48515,1670,50734,1706,1,41,0,196,47,1,"East TN",2455501,9.48889859951187,0.0218884444108989,69.4766566985719,0.773772847170496,2.18884444108989
2020-05-09,2063,16,2022,14,41,2,2237,18,51333,2818,53570,2836,0,41,1,197,48,1,"East TN",2455501,9.28527416604595,0.0191235622045022,115.49577866187,0.651598187090944,1.91235622045022
2020-05-10,2079,16,2037,15,42,1,2256,19,53897,2564,56153,2583,1,42,3,200,48,0,"East TN",2455501,8.3893266587959,0.0173323285606631,105.192382328494,0.651598187090944,1.73323285606631
2020-05-11,2140,61,2097,60,43,1,2307,51,55468,1571,57775,1622,3,45,5,205,50,2,"East TN",2455501,8.95947507250048,0.0173747889701744,66.0557662163444,2.48421808828422,1.73747889701745
2020-05-12,2193,53,2150,53,43,0,2373,66,59022,3554,61395,3620,3,48,3,208,50,0,"East TN",2455501,9.97759723983008,0.0188666577145159,147.424089829326,2.15841899473875,1.88666577145159
2020-05-13,2247,54,2201,51,46,3,2425,52,60647,1625,63072,1677,0,48,7,215,52,2,"East TN",2455501,10.6699203136142,0.0187290105915784,68.2956349844696,2.19914388143194,1.87290105915784
2020-05-14,2278,31,2232,31,46,0,2470,45,62356,1709,64826,1754,1,49,2,217,53,1,"East TN",2455501,10.181221673296,0.018166856564122,71.4314512598447,1.2624714874887,1.8166856564122
2020-05-15,2306,28,2260,28,46,0,2507,37,64675,2319,67182,2356,1,50,4,221,53,0,"East TN",2455501,10.5477456535347,0.0175097276264591,95.9478330491415,1.14029682740915,1.75097276264591
2020-05-16,2316,10,2270,10,46,0,2525,18,67443,2768,69968,2786,1,51,1,222,53,0,"East TN",2455501,10.3033963333756,0.017563117453348,113.459534327211,0.40724886693184,1.7563117453348
2020-05-17,2396,80,2350,80,46,0,2604,79,69670,2227,72274,2306,0,51,4,226,55,2,"East TN",2455501,12.9097890817393,0.0215867502016004,93.9115887144823,3.25799093545472,2.15867502016004
2020-05-18,2445,49,2398,48,47,1,2665,61,71548,1878,74213,1939,0,51,3,229,55,0,"East TN",2455501,12.4210904414211,0.0217788052074462,78.9655552980838,1.99551944796602,2.17788052074462
2020-05-19,2486,41,2438,40,48,1,2705,40,72672,1124,75377,1164,1,52,3,232,55,0,"East TN",2455501,11.9323918011029,0.0237448147618366,47.4037681108662,1.66972035442054,2.37448147618366
2020-05-20,2528,42,2480,42,48,0,2750,45,74412,1740,77162,1785,0,52,3,235,55,0,"East TN",2455501,11.4436931607847,0.0230660042583392,72.6939227473334,1.71044524111373,2.30660042583392
2020-05-21,2769,241,2720,240,49,1,2988,238,75874,1462,78862,1700,0,52,4,239,56,1,"East TN",2455501,19.9959193663533,0.0369051011684241,69.2323073784128,9.81469769305734,3.69051011684241
2020-05-22,2860,91,2808,88,52,3,3066,78,77398,1524,80464,1602,0,52,7,246,56,0,"East TN",2455501,22.5615872280239,0.0420870350850776,65.2412684824808,3.70596468907974,4.20870350850775
2020-05-23,2926,66,2870,62,56,4,3157,91,79612,2214,82769,2305,2,54,7,253,57,1,"East TN",2455501,24.8421808828422,0.0493711428794625,93.8708638277891,2.68784252175014,4.93711428794625
2020-05-24,2978,52,2922,52,56,0,3227,70,81732,2120,84959,2190,0,54,0,253,58,1,"East TN",2455501,23.7018840554331,0.0491131257390619,89.187501858073,2.11769410804557,4.91131257390619
2020-05-25,3062,84,3005,83,57,1,3321,94,84382,2650,87703,2744,1,55,2,255,58,0,"East TN",2455501,25.1272550896945,0.0486286137879911,111.749089086097,3.42089048222746,4.86286137879911
2020-05-26,3123,61,3057,52,66,9,3377,56,86768,2386,90145,2442,1,56,3,258,58,0,"East TN",2455501,25.9417528235582,0.0455037919826652,99.4501733047553,2.48421808828422,4.55037919826652
2020-05-27,3199,76,3130,73,69,3,3444,67,88635,1867,92079,1934,0,56,9,267,58,0,"East TN",2455501,27.3263989711265,0.0465241000201113,78.7619308646179,3.09509138868198,4.65241000201113
2020-05-28,3273,74,3204,74,69,0,3511,67,90034,1399,93545,1466,0,56,1,268,58,0,"East TN",2455501,20.5253428933647,0.0356194238234693,59.7026838922077,3.01364161529562,3.56194238234693
2020-05-29,3348,75,3278,74,70,1,3594,83,91312,1278,94906,1361,0,56,4,272,58,0,"East TN",2455501,19.8737447062738,0.0365600332363939,55.4265707894234,3.0543665019888,3.65600332363939
2020-05-30,3421,73,3350,72,71,1,3675,81,93557,2245,97232,2326,0,56,5,277,59,1,"East TN",2455501,20.1588189131261,0.0358155292816152,94.726086448346,2.97291672860243,3.58155292816152
2020-05-31,3533,112,3460,110,73,2,3769,94,96340,2783,100109,2877,0,56,1,278,60,1,"East TN",2455501,22.6023121147171,0.0357755775577558,117.16549901629,4.56118730963661,3.57755775577558
2020-06-01,3629,96,3553,93,76,3,3902,133,100171,3831,104073,3964,0,56,5,283,60,0,"East TN",2455501,23.0910107550353,0.0354917532070861,161.433450851781,3.90958912254566,3.54917532070861
2020-06-02,3736,107,3658,105,78,2,4017,115,104230,4059,108247,4174,1,57,3,286,64,4,"East TN",2455501,24.9643555429218,0.0353552093691305,169.98567705735,4.35756287617069,3.53552093691305
2020-06-03,3786,50,3708,50,78,0,4067,50,106161,1931,110228,1981,0,57,4,290,65,1,"East TN",2455501,23.905508488899,0.0343269601630944,80.6760005391975,2.0362443346592,3.43269601630944
2020-06-04,3837,51,3757,49,80,2,4128,61,107708,1547,111836,1608,6,63,5,295,66,1,"East TN",2455501,22.9688360949558,0.0337324367175113,65.4856178026399,2.07696922135238,3.37324367175113
2020-06-05,3936,99,3852,95,84,4,4210,82,109864,2156,114074,2238,1,64,4,299,67,1,"East TN",2455501,23.9462333755922,0.0321368948247078,91.1422964193458,4.03176378262522,3.21368948247079
2020-06-06,3989,53,3902,50,87,3,4285,75,112967,3103,117252,3178,1,65,4,303,67,0,"East TN",2455501,23.1317356417285,0.0304695304695305,129.423689910939,2.15841899473875,3.04695304695305
2020-06-07,4047,58,3958,56,89,2,4366,81,116924,3957,121290,4038,0,65,6,309,68,1,"East TN",2455501,20.9325917602966,0.0281856380718569,164.447092467077,2.36204342820467,2.81856380718569
2020-06-08,4207,160,4114,156,93,4,4523,157,119875,2951,124398,3108,0,65,6,315,68,0,"East TN",2455501,23.5389845086604,0.0305535055350553,126.572947842416,6.51598187090944,3.05535055350553
2020-06-09,4315,108,4221,107,94,1,4641,118,122202,2327,126843,2445,1,66,7,322,69,1,"East TN",2455501,23.5797093953535,0.0335556033555603,99.5723479648349,4.39828776286387,3.35556033555603
2020-06-10,4392,77,4295,74,97,3,4715,74,125038,2836,129753,2910,0,66,6,328,69,0,"East TN",2455501,24.6792813360695,0.0331882202304737,118.509420277165,3.13581627537517,3.31882202304738
2020-06-11,4656,264,4557,262,99,2,4995,280,127329,2291,132324,2571,1,67,8,336,69,0,"East TN",2455501,33.3536822017177,0.0423174541194846,104.703683688176,10.7513700870006,4.23174541194846
2020-06-12,4827,171,4727,170,100,1,5167,172,129955,2626,135122,2798,2,69,3,339,70,1,"East TN",2455501,36.2858740436269,0.0454675028506271,113.948232967529,6.96395562453446,4.54675028506271
2020-06-13,4975,148,4871,144,104,4,5335,168,132146,2191,137481,2359,0,69,4,343,71,1,"East TN",2455501,40.1547382794794,0.0519056799644075,96.0700077092211,6.02728323059123,5.19056799644075
2020-06-14,5091,116,4986,115,105,1,5470,135,136014,3868,141484,4003,0,69,4,347,72,1,"East TN",2455501,42.5167817076841,0.0546697038724374,163.021721432816,4.72408685640934,5.46697038724374
2020-06-15,5273,182,5157,171,116,11,5649,179,139187,3173,144836,3352,0,69,9,356,77,5,"East TN",2455501,43.4127292149341,0.0550934533711713,136.509820195553,7.41192937815949,5.50934533711713
2020-06-16,5427,154,5309,152,118,2,5807,158,140986,1799,146793,1957,3,72,4,360,80,3,"East TN",2455501,45.2860740028206,0.0584461152882206,79.6986032585611,6.27163255075034,5.84461152882206
2020-06-17,5560,133,5439,130,121,3,5929,122,142426,1440,148355,1562,3,75,6,366,82,2,"East TN",2455501,47.5666676576389,0.0652617998064724,63.6122730147534,5.41640993019347,6.52617998064724
2020-06-18,5738,178,5616,177,122,1,6135,206,146017,3591,152152,3797,1,76,12,378,82,0,"East TN",2455501,44.0643274020251,0.0574944522896913,154.63239477402,7.24902983138675,5.74944522896913
2020-06-19,5873,135,5747,131,126,4,6253,118,147480,1463,153733,1581,4,80,13,391,83,1,"East TN",2455501,42.5982314810705,0.058352587179625,64.3860458619239,5.49785970357984,5.8352587179625
2020-06-20,5939,66,5812,65,127,1,6348,95,149655,2175,156003,2270,0,80,7,398,83,0,"East TN",2455501,39.2587907722294,0.0546917179570241,92.4454927935277,2.68784252175014,5.46917179570241
2020-06-21,6027,88,5899,87,128,1,6467,119,153005,3350,159472,3469,1,81,3,401,86,3,"East TN",2455501,38.1184939448202,0.0554258394485212,141.274631938655,3.58379002900019,5.54258394485212
2020-06-22,6223,196,6088,189,135,7,6665,198,156416,3411,163081,3609,1,82,7,408,87,1,"East TN",2455501,38.6886423585248,0.0556864894491642,146.976116075701,7.98207779186406,5.56864894491642
2020-06-23,6413,190,6272,184,141,6,6849,184,158220,1804,165069,1988,4,86,15,423,87,0,"East TN",2455501,40.1547382794794,0.0570146640402714,80.9610747460498,7.73772847170496,5.70146640402714
2020-06-24,6591,178,6448,176,143,2,7032,183,159851,1631,166883,1814,2,88,9,432,87,0,"East TN",2455501,41.9873581806727,0.0595315198618307,73.8749444614358,7.24902983138675,5.95315198618307
2020-06-25,6760,169,6608,160,152,9,7216,184,163024,3173,170240,3357,0,88,8,440,87,0,"East TN",2455501,41.620834200434,0.0597633790358249,136.713444629019,6.8825058511481,5.97633790358249
2020-06-26,6974,214,6812,204,162,10,7388,172,164612,1588,172000,1760,1,89,16,456,87,0,"East TN",2455501,44.8381002491956,0.0621339026660097,71.6758005800038,8.71512575234138,6.21339026660097
2020-06-27,7048,74,6881,69,167,5,7434,46,164821,209,172255,255,-1,88,5,461,89,2,"East TN",2455501,45.1638993427411,0.0668225449175486,10.3848461067619,3.01364161529562,6.68225449175486
2020-06-28,7175,127,7006,125,169,2,7605,171,167908,3087,175513,3258,0,88,5,466,90,1,"East TN",2455501,46.7521699237752,0.0709432080294246,132.681680846393,5.17206061003437,7.09432080294246
2020-06-29,7518,343,7347,341,171,2,7945,340,173175,5267,181120,5607,1,89,22,488,91,1,"East TN",2455501,52.7387282676733,0.0709573701424691,228.344439688683,13.9686361357621,7.09573701424691
2020-06-30,7788,270,7613,266,175,4,8393,448,179461,6286,187854,6734,0,89,22,510,92,1,"East TN",2455501,55.996719203128,0.0677638797454466,274.241386991901,10.9957194071597,6.77638797454466
2020-07-01,8063,275,7885,272,178,3,8727,334,182665,3204,191392,3538,0,89,17,527,95,3,"East TN",2455501,59.9470332123668,0.0691582683912032,144.084649120485,11.1993438406256,6.91582683912032
2020-07-02,8543,480,8360,475,183,5,9333,606,189047,6382,198380,6988,2,91,25,552,98,3,"East TN",2455501,72.6124729739471,0.0752309879175551,284.58550821197,19.5479456127283,7.52309879175551
2020-07-03,8769,226,8580,220,189,6,9561,228,192402,3355,201963,3583,5,96,14,566,99,1,"East TN",2455501,73.1011716142653,0.0725227780929813,145.917269021678,9.20382439265958,7.25227780929813
2020-07-04,8989,220,8798,218,191,2,9841,280,197166,4764,207007,5044,2,98,15,581,105,6,"East TN",2455501,79.0470050714701,0.0692622007366483,205.41632848042,8.95947507250048,6.92622007366483
2020-07-05,9309,320,9117,319,192,1,10209,368,201011,3845,211220,4213,2,100,12,593,108,3,"East TN",2455501,86.9069082032546,0.0729268770829249,171.573947638384,13.0319637418189,7.29268770829249
2020-07-06,9543,234,9340,223,203,11,10419,210,202641,1630,213060,1840,4,104,26,619,108,0,"East TN",2455501,82.4678955536976,0.0774577332498435,74.9337915154586,9.52962348620506,7.74577332498435
2020-07-07,9991,448,9779,439,212,9,10985,566,208917,6276,219902,6842,0,104,32,651,109,1,"East TN",2455501,89.7169253850844,0.0808786819770344,278.639674754765,18.2447492385464,8.08786819770345
2020-07-08,10372,381,10150,371,222,10,11419,434,213085,4168,224504,4602,1,105,20,671,109,0,"East TN",2455501,94.0337633745619,0.0812998308770234,187.415928562033,15.5161818301031,8.12998308770234
2020-07-09,10821,449,10585,435,236,14,11891,472,219034,5949,230925,6421,1,106,24,695,113,4,"East TN",2455501,92.7712918870731,0.0785988631126133,261.494497456934,18.2854741252396,7.85988631126133
2020-07-10,11288,467,11040,455,248,12,12344,453,222318,3284,234662,3737,0,106,29,724,115,2,"East TN",2455501,102.58598958013,0.0851096363803174,152.188901572429,19.0185220857169,8.51096363803175
2020-07-11,11594,306,11339,299,255,7,12766,422,226796,4478,239562,4900,5,111,23,747,120,5,"East TN",2455501,106.088329835744,0.0898479496237137,199.551944796602,12.4618153281143,8.98479496237137
2020-07-12,12064,470,11801,462,263,8,13399,633,232725,5929,246124,6562,1,112,25,772,125,5,"East TN",2455501,112.197062839722,0.0913935365574146,267.236706480673,19.1406967457965,9.13935365574146
2020-07-13,12418,354,12142,341,276,13,13742,343,236158,3433,249900,3776,3,115,20,792,129,4,"East TN",2455501,117.084049242904,0.0902008686210641,153.777172153463,14.4166098893871,9.02008686210641
2020-07-14,12933,515,12652,510,281,5,14326,584,240646,4488,254972,5072,4,119,34,826,133,4,"East TN",2455501,119.812616651347,0.0952666096378671,206.556625307829,20.9733166469898,9.52666096378671
2020-07-15,13313,380,13026,374,287,6,14709,383,243742,3096,258451,3479,6,125,24,850,140,7,"East TN",2455501,119.771891764654,0.0969157804813386,141.681880805587,15.4754569434099,9.69157804813386
2020-07-16,14140,827,13838,812,302,15,15806,1097,253573,9831,269379,10928,6,131,44,894,142,2,"East TN",2455501,135.165898934678,0.101809954751131,445.041561783115,33.6794812952632,10.1809954751131
2020-07-17,14608,468,14292,454,316,14,16317,511,257892,4319,274209,4830,3,134,24,918,147,5,"East TN",2455501,135.206623821371,0.100462740536577,196.701202728079,19.0592469724101,10.0462740536577
2020-07-18,15117,509,14786,494,331,15,16985,668,265980,8088,282965,8756,6,140,27,945,150,3,"East TN",2455501,143.473775820087,0.097205262309057,356.587107885519,20.7289673268307,9.7205262309057
2020-07-19,15598,481,15248,462,350,19,17545,560,270832,4852,288377,5412,0,140,26,971,154,4,"East TN",2455501,143.921749573712,0.098123210186259,220.403086783512,19.5886704994215,9.8123210186259
2020-07-20,16033,435,15668,420,365,15,17956,411,273289,2457,291245,2868,2,142,29,1000,158,4,"East TN",2455501,147.22046539586,0.101922844358447,116.798975036052,17.715325711535,10.1922844358447
2020-07-21,17034,1001,16652,984,382,17,19168,1212,281667,8378,300835,9590,1,143,61,1061,161,3,"East TN",2455501,167.012760328748,0.105575300351046,390.551663387635,40.7656115798772,10.5575300351046
2020-07-22,17618,584,17220,568,398,16,19822,654,284967,3300,304789,3954,4,147,29,1090,166,5,"East TN",2455501,175.320637214157,0.11034140446286,161.02620198485,23.7833338288195,11.034140446286
2020-07-23,18412,794,17992,772,420,22,20821,999,295168,10201,315989,11200,4,151,50,1140,172,6,"East TN",2455501,173.976715953282,0.107594936708861,456.118730963661,32.3355600343881,10.7594936708861
2020-07-24,19015,603,18582,590,433,13,21505,684,300975,5807,322480,6491,2,153,34,1174,179,7,"East TN",2455501,179.474575656862,0.107476538708541,264.345239525457,24.55710667599,10.7476538708541
2020-07-25,19992,977,19547,965,445,12,22706,1201,310582,9607,333288,10808,10,163,29,1203,187,8,"East TN",2455501,198.533822629272,0.113685591081613,440.154575379933,39.7882142992408,11.3685591081613
2020-07-26,20767,775,20307,760,460,15,23603,897,318100,7518,341703,8415,1,164,21,1224,194,7,"East TN",2455501,210.506939317068,0.113603120429059,342.699921523143,31.5617871872176,11.3603120429059
2020-07-27,21412,645,20930,623,482,22,24308,705,322563,4463,346871,5168,6,170,38,1262,198,4,"East TN",2455501,219.059165522637,0.114191205551361,210.466214430375,26.2675519171037,11.4191205551361
2020-07-28,22227,815,21722,792,505,23,25280,972,330777,8214,356057,9186,7,177,50,1312,203,5,"East TN",2455501,211.484336597704,0.110680525877368,374.098809163588,33.190782654945,11.0680525877368
2020-07-29,22570,343,22054,332,516,11,25596,316,332347,1570,357943,1886,5,182,24,1336,212,9,"East TN",2455501,201.669638904647,0.108627760845844,76.807136303345,13.9686361357621,10.8627760845844
2020-07-30,23757,1187,23226,1172,531,15,26976,1380,344877,12530,371853,13910,5,187,46,1382,219,7,"East TN",2455501,217.674519375068,0.110178290133181,566.48317390219,48.3404405048094,11.0178290133181
2020-07-31,24379,622,23832,606,547,16,27630,654,348844,3967,376474,4621,6,193,27,1409,228,9,"East TN",2455501,218.448292222239,0.11343853020706,188.189701409203,25.3308795231604,11.343853020706
2020-08-01,24938,559,24374,542,564,17,28266,636,355819,6975,384085,7611,1,194,16,1425,231,3,"East TN",2455501,201.425289584488,0.109455282792291,309.957112621823,22.7652116614899,10.9455282792291
2020-08-02,25369,431,24794,420,575,11,28749,483,359614,3795,388363,4278,4,198,21,1446,236,5,"East TN",2455501,187.415928562033,0.110287183883412,174.221065273441,17.5524261647623,11.0287183883412
2020-08-03,25995,626,25402,608,593,18,29457,708,363758,4144,393215,4852,3,201,39,1485,244,8,"East TN",2455501,186.642155714862,0.111103918522355,197.597150235329,25.4937790699332,11.1103918522355
2020-08-04,26481,486,25868,466,613,20,29983,526,369128,5370,399111,5896,6,207,34,1519,253,9,"East TN",2455501,173.243667992805,0.109234914293678,240.113931943013,19.7922949328874,10.9234914293678
2020-08-05,26949,468,26328,460,621,8,30504,521,373340,4212,403844,4733,9,216,20,1539,259,6,"East TN",2455501,178.334278829453,0.106925775037581,192.75088871884,19.0592469724101,10.6925775037581
2020-08-06,27679,730,27020,692,659,38,31355,851,380409,7069,411764,7920,7,223,37,1576,265,6,"East TN",2455501,159.723005610668,0.109719125053243,322.541102610017,29.7291672860243,10.9719125053243
2020-08-07,28234,555,27561,541,673,14,31974,619,384377,3968,416351,4587,6,229,34,1610,278,13,"East TN",2455501,156.994438202224,0.108934975048273,186.805055261635,22.6023121147171,10.8934975048273
2020-08-08,28909,675,28224,663,685,12,32774,800,394454,10077,427228,10877,8,237,24,1634,289,11,"East TN",2455501,161.718525058634,0.104489720232714,442.964592561762,27.4892985178992,10.4489720232714
2020-08-09,29437,528,28740,516,697,12,33408,634,398755,4301,432163,4935,2,239,20,1654,296,7,"East TN",2455501,165.668839067873,0.106369863013699,200.977315830863,21.5027401740012,10.6369863013699
2020-08-10,29740,303,29032,292,708,11,33736,328,401044,2289,434780,2617,3,242,26,1680,300,4,"East TN",2455501,152.514700665974,0.102947191146397,106.577028476063,12.3396406680348,10.2947191146397
2020-08-11,30352,612,29627,595,725,17,34421,685,407141,6097,441562,6782,17,259,28,1708,305,5,"East TN",2455501,157.646036389315,0.104544062566253,276.196181553174,24.9236306562286,10.4544062566253
2020-08-12,30797,445,30051,424,746,21,34895,474,410889,3748,445784,4222,6,265,25,1733,310,5,"East TN",2455501,156.709363995372,0.104697186456843,171.940471618623,18.1225745784669,10.4697186456843
2020-08-13,31614,817,30855,804,759,13,36012,1117,419450,8561,455462,9678,6,271,44,1777,318,8,"East TN",2455501,160.252429137679,0.106572383175431,394.135453416635,33.2722324283313,10.6572383175431
2020-08-14,32075,461,31287,432,788,29,36546,534,424106,4656,460652,5190,4,275,18,1795,325,7,"East TN",2455501,156.42428978852,0.103203087966412,211.362161937625,18.7741727655578,10.3203087966412
2020-08-15,32725,650,31925,638,800,12,37423,877,431041,6935,468464,7812,4,279,17,1812,334,9,"East TN",2455501,155.40616762119,0.112741294014938,318.142814847153,26.4711763505696,11.2741294014938
2020-08-16,33199,474,32388,463,811,11,38016,593,436505,5464,474521,6057,2,281,10,1822,343,9,"East TN",2455501,153.207023739758,0.108787005996506,246.670638700615,19.3035962925692,10.8787005996506
2020-08-17,33472,273,32591,203,881,70,38243,227,437974,1469,476217,1696,8,289,12,1834,349,6,"East TN",2455501,151.985277138963,0.108767526606656,69.0694078316401,11.1178940672392,10.8767526606656
2020-08-18,34102,630,33156,565,946,65,39055,812,448566,10592,487621,11404,8,297,22,1856,352,3,"East TN",2455501,152.71832509944,0.100610087062246,464.42660784907,25.6566786167059,10.0610087062246
2020-08-19,34557,455,33590,434,967,21,39552,497,453349,4783,492901,5280,7,304,22,1878,359,7,"East TN",2455501,153.125573966372,0.0988390602118131,215.027401740011,18.5298234453987,9.88390602118131
2020-08-20,35333,776,34345,755,988,21,40424,872,464881,11532,505305,12404,6,310,27,1905,367,8,"East TN",2455501,151.455853611951,0.0885179463515438,505.151494542254,31.6025120739108,8.85179463515438
2020-08-21,35542,209,34542,197,1000,12,40637,213,467332,2451,507969,2664,17,327,17,1922,374,7,"East TN",2455501,141.193182165269,0.0864594120506372,108.491098150642,8.51150131887546,8.64594120506372
2020-08-22,36411,869,35399,857,1012,12,41609,972,480698,13366,522307,14338,2,329,20,1942,381,7,"East TN",2455501,150.111932351076,0.0777445536095686,583.913425406872,35.3899265363769,7.77445536095686
2020-08-23,36664,253,35641,242,1023,11,41863,254,485802,5104,527665,5358,0,329,20,1962,386,5,"East TN",2455501,141.111732391883,0.072388228210146,218.20394290208,10.3033963333756,7.2388228210146
2020-08-24,36856,192,35816,175,1040,17,42061,198,487145,1343,529206,1541,8,337,15,1977,396,10,"East TN",2455501,137.813016569735,0.072052690180981,62.7570503941965,7.81917824509133,7.2052690180981
2020-08-25,37470,614,36405,589,1065,25,42746,685,496872,9727,539618,10412,16,353,23,2000,405,9,"East TN",2455501,137.161418382644,0.0709848645114141,424.027520249432,25.005080429615,7.09848645114141
2020-08-26,37813,343,36723,318,1090,25,43129,383,500834,3962,543963,4345,6,359,11,2011,413,8,"East TN",2455501,132.600231073007,0.0700520935333516,176.949632681884,13.9686361357621,7.00520935333516
2020-08-27,38674,861,37567,844,1107,17,44105,976,511121,10287,555226,11263,8,367,29,2040,420,7,"East TN",2455501,136.061846441928,0.0737365036758078,458.684398825331,35.0641274428314,7.37365036758078
2020-08-28,39008,334,37881,314,1127,20,44443,338,513730,2609,558173,2947,12,379,10,2050,426,6,"East TN",2455501,141.152457278576,0.0758106923751096,120.016241084813,13.6021121555235,7.58106923751096
2020-08-29,39459,451,38316,435,1143,16,44971,528,520249,6519,565220,7047,8,387,16,2066,435,9,"East TN",2455501,124.129454640825,0.0783445575932701,286.988276526868,18.366923898626,7.83445575932701
2020-08-30,39722,263,38568,252,1154,11,45238,267,522130,1881,567368,2148,8,395,14,2080,438,3,"East TN",2455501,124.536703507757,0.0850061708183261,87.4770566169592,10.7106452003074,8.50061708183261
2020-08-31,40129,407,38946,378,1183,29,45688,450,525616,3486,571304,3936,2,397,17,2097,443,5,"East TN",2455501,133.292554146791,0.0861561119293078,160.293154024372,16.5750288841259,8.61561119293078
2020-09-01,40736,607,39511,565,1225,42,46362,674,531279,5663,577641,6337,6,403,28,2125,452,9,"East TN",2455501,133.007479939939,0.0951003340083634,258.073606974707,24.7200062227627,9.51003340083634
2020-09-02,41224,488,39970,459,1254,29,46815,453,536072,4793,582887,5246,7,410,22,2147,459,7,"East TN",2455501,138.912588510451,0.0946973589559141,213.642755592443,19.8737447062738,9.46973589559141
2020-09-03,41779,555,40492,522,1287,33,47462,647,544328,8256,591790,8903,6,416,22,2169,462,3,"East TN",2455501,126.450773182336,0.0918116179849032,362.573666229417,22.6023121147171,9.18116179849032
2020-09-04,42136,357,40835,343,1301,14,47810,348,547660,3332,595470,3680,7,423,11,2180,463,1,"East TN",2455501,127.38744557628,0.0902753572673405,149.867583030917,14.5387845494667,9.02753572673405
2020-09-05,43134,998,41818,983,1316,15,48900,1090,556971,9311,605871,10401,1,424,26,2206,469,6,"East TN",2455501,149.663958597451,0.0966519888809623,423.579546495807,40.6434369197976,9.66519888809623
2020-09-06,43397,263,42065,247,1332,16,49168,268,559595,2624,608763,2892,0,424,9,2215,483,14,"East TN",2455501,149.663958597451,0.0949390022949632,117.776372316688,10.7106452003074,9.49390022949632
2020-09-07,43601,204,42262,197,1339,7,49405,237,560931,1336,610336,1573,3,427,13,2228,487,4,"East TN",2455501,141.396806598735,0.0952295552367288,64.0602467683784,8.30787688540954,9.52295552367288
2020-09-08,43912,311,42551,289,1361,22,49725,320,564356,3425,614081,3745,7,434,24,2252,494,7,"East TN",2455501,129.342240137552,0.0922886937431394,152.514700665974,12.6654397615802,9.22886937431394
2020-09-09,44245,333,42867,316,1378,17,50099,374,569498,5142,619597,5516,6,440,16,2268,501,7,"East TN",2455501,123.029882700109,0.0894579133751022,224.638474999603,13.5613872688303,8.94579133751022
2020-09-10,44920,675,43505,638,1415,37,50806,707,577304,7806,628110,8513,18,458,39,2307,512,11,"East TN",2455501,127.916869103291,0.0920704845814978,346.690960419075,27.4892985178992,9.20704845814978
2020-09-11,45245,325,43807,302,1438,23,51160,354,581459,4155,632619,4509,17,475,26,2333,523,11,"East TN",2455501,126.613672729109,0.0901773937387278,183.628514099567,13.2355881752848,9.01773937387278
2020-09-12,45663,418,44207,400,1456,18,51671,511,588443,6984,640114,7495,10,485,14,2347,534,11,"East TN",2455501,102.993238447062,0.0809216482200742,305.233025765414,17.0230026377509,8.09216482200742
2020-09-13,46102,439,44626,419,1476,20,52171,500,594017,5574,646188,6074,2,487,21,2368,539,5,"East TN",2455501,110.160818505063,0.0802404809619238,247.3629617744,17.8782252583078,8.02404809619238
2020-09-14,46546,444,45055,429,1491,15,52656,485,598990,4973,651646,5458,9,496,25,2393,549,10,"East TN",2455501,119.934791311427,0.0786976519002663,222.276431571398,18.0818496917737,7.86976519002663
2020-09-15,47039,493,45511,456,1528,37,53196,540,607164,8174,660360,8714,7,503,20,2413,552,3,"East TN",2455501,127.346720689586,0.0750016206054582,354.876662644405,20.0773691397397,7.50016206054582
2020-09-16,47392,353,45821,310,1571,43,53590,394,610578,3414,664168,3808,6,509,17,2430,561,9,"East TN",2455501,128.16121842345,0.0783244710686321,155.080368527645,14.375885002694,7.83244710686321
2020-09-17,47943,551,46340,519,1603,32,54167,577,617753,7175,671920,7752,8,517,21,2451,572,11,"East TN",2455501,123.111332473495,0.0767176443734307,315.699321645562,22.4394125679444,7.67176443734307
2020-09-18,48477,534,46826,486,1651,48,54733,566,625866,8113,680599,8679,17,534,30,2481,578,6,"East TN",2455501,131.622833792371,0.074468528553564,353.451291610144,21.7470894941603,7.4468528553564
2020-09-19,48985,508,47311,485,1674,23,55306,573,634218,8352,689524,8925,3,537,30,2511,580,2,"East TN",2455501,135.288073594757,0.0735681036227484,363.469613736667,20.6882424401375,7.35681036227484
2020-09-20,49291,306,47592,281,1699,25,55635,329,639176,4958,694811,5287,1,538,13,2524,591,11,"East TN",2455501,129.871663664564,0.0712420048125373,215.312475946864,12.4618153281143,7.12420048125373
2020-09-21,49454,163,47725,133,1729,30,55787,152,640692,1516,696479,1668,3,541,9,2533,596,5,"East TN",2455501,118.427970503779,0.0698369504605982,67.9291110042309,6.63815653098899,6.98369504605982
2020-09-22,49914,460,48127,402,1787,58,56277,490,646841,6149,703118,6639,6,547,29,2562,603,7,"East TN",2455501,117.084049242904,0.0720566911455166,270.372522756049,18.7334478788646,7.20566911455166
2020-09-23,50208,294,48381,254,1827,40,56559,282,648934,2093,705493,2375,8,555,13,2575,612,9,"East TN",2455501,114.681280928006,0.0718451300665457,96.721605896312,11.9731166877961,7.18451300665457
2020-09-24,50671,463,48823,442,1848,21,57039,480,655824,6890,712863,7370,11,566,28,2603,617,5,"East TN",2455501,111.097490899006,0.0701463009549862,300.142414928766,18.8556225389442,7.01463009549862
2020-09-25,51125,454,49253,430,1872,24,57525,486,662498,6674,720023,7160,11,577,18,2621,624,7,"East TN",2455501,107.839499963551,0.0708198051948052,291.590188723197,18.4890985587055,7.08198051948052
2020-09-26,51683,558,49787,534,1896,24,58163,638,673052,10554,731215,11192,5,582,29,2650,631,7,"East TN",2455501,109.87574429821,0.0685279796598786,455.792931870115,22.7244867747967,6.85279796598786
2020-09-27,52076,393,50152,365,1924,28,58570,407,679069,6017,737639,6424,3,585,30,2680,638,7,"East TN",2455501,113.418809440517,0.0685299336882413,261.616672117014,16.0048804704213,6.85299336882413
2020-09-28,52310,234,50347,195,1963,39,58795,225,680755,1686,739550,1911,4,589,15,2695,645,7,"East TN",2455501,116.310276395733,0.0698381741775208,77.8252584706746,9.52962348620506,6.98381741775208
2020-09-29,52693,383,50687,340,2006,43,59192,397,686563,5808,745755,6205,9,598,33,2728,647,2,"East TN",2455501,113.174460120358,0.0683678495203696,252.697921931207,15.5976316034895,6.83678495203696
2020-09-30,53175,482,51137,450,2038,32,59668,476,690001,3438,749669,3914,6,604,23,2751,651,4,"East TN",2455501,120.830738818677,0.0703775805867439,159.397206517122,19.6293953861147,7.0377580586744
2020-10-01,53563,388,51486,349,2077,39,60047,379,693279,3278,753326,3657,11,615,31,2782,656,5,"East TN",2455501,117.776372316688,0.0743395200553592,148.930910636974,15.8012560369554,7.43395200553592
2020-10-02,54027,464,51922,436,2105,28,60509,462,696900,3621,757409,4083,2,617,17,2799,660,4,"East TN",2455501,118.18362118362,0.079815973893971,166.27971236827,18.8963474256374,7.9815973893971
2020-10-03,54432,405,52310,388,2122,17,60992,483,704358,7458,765350,7941,12,629,22,2821,666,6,"East TN",2455501,111.952713519563,0.082876812655632,323.396325230574,16.4935791107395,8.2876812655632
2020-10-04,54887,455,52735,425,2152,30,61531,539,714480,10122,776011,10661,4,633,27,2848,679,13,"East TN",2455501,114.47765649454,0.0771656416136766,434.168017036035,18.5298234453987,7.71656416136766
2020-10-05,55558,671,53347,612,2211,59,62282,751,721729,7249,784011,8000,5,638,42,2890,688,9,"East TN",2455501,132.274431979462,0.0784282854636648,325.799093545472,27.3263989711265,7.84282854636648
2020-10-06,56308,750,54013,666,2295,84,63021,739,728366,6637,791387,7376,8,646,46,2936,697,9,"East TN",2455501,147.22046539586,0.0839104137447405,300.386764248925,30.543665019888,8.39104137447405
2020-10-07,57045,737,54672,659,2373,78,63729,708,735117,6751,798846,7459,3,649,38,2974,703,6,"East TN",2455501,157.605311502622,0.0825792545295565,303.766929844459,30.0142414928766,8.25792545295565
2020-10-08,57763,718,55329,657,2434,61,64407,678,741575,6458,805982,7136,10,659,32,3006,709,6,"East TN",2455501,171.044524111373,0.082801580066849,290.612791442561,29.2404686457061,8.2801580066849
2020-10-09,58304,541,55828,499,2476,42,64967,560,747054,5479,812021,6039,4,663,20,3026,716,7,"East TN",2455501,174.180340386748,0.0816304108987036,245.937590740138,22.0321637010125,8.16304108987036
2020-10-10,58922,618,56416,588,2506,30,65636,669,755480,8426,821116,9095,12,675,20,3046,730,14,"East TN",2455501,182.854741252396,0.08327654843453,370.392844474508,25.1679799763877,8.327654843453
2020-10-11,59865,943,57328,912,2537,31,66665,1029,765906,10426,832571,11455,1,676,37,3083,737,7,"East TN",2455501,202.72848595867,0.0907708628005658,466.503577070423,38.4035681516725,9.07708628005658
2020-10-12,60221,356,57613,285,2608,71,66982,317,768827,2921,835809,3238,6,682,19,3102,748,11,"East TN",2455501,189.900146650317,0.0907370940962972,131.86718311253,14.4980596627735,9.07370940962972
2020-10-13,60726,505,58066,453,2660,52,67466,484,773208,4381,840674,4865,9,691,24,3126,755,7,"East TN",2455501,179.922549410487,0.0901860531174549,198.12657376234,20.5660677800579,9.01860531174549
2020-10-14,61600,874,58878,812,2722,62,68314,848,779392,6184,847706,7032,1,692,44,3170,762,7,"East TN",2455501,185.501858887453,0.0938395415472779,286.37740322647,35.5935509698428,9.38395415472779
2020-10-15,62109,509,59318,440,2791,69,68779,465,783545,4153,852324,4618,14,706,19,3189,771,9,"East TN",2455501,176.990357568578,0.0943420655129256,188.067526749124,20.7289673268307,9.43420655129256
2020-10-16,62748,639,59914,596,2834,43,69363,584,787634,4089,856997,4673,2,708,22,3211,783,12,"East TN",2455501,180.98139646451,0.097741017431519,190.307395517249,26.0232025969446,9.7741017431519
2020-10-17,63466,718,60595,681,2871,37,70223,860,796417,8783,866640,9643,6,714,37,3248,790,7,"East TN",2455501,185.053885133828,0.100760038660926,392.710082382373,29.2404686457061,10.0760038660926
2020-10-18,64270,804,61353,758,2917,46,71093,870,804525,8108,875618,8978,3,717,39,3287,798,8,"East TN",2455501,179.393125883476,0.102864311101819,365.628032731406,32.7428089013199,10.2864311101819
2020-10-19,65018,748,62038,685,2980,63,71852,759,809423,4898,881275,5657,3,720,67,3354,809,11,"East TN",2455501,195.357281467204,0.107113007522104,230.380684023342,30.4622152465016,10.7113007522104
2020-10-20,65704,686,62647,609,3057,77,72543,691,813037,3614,885580,4305,15,735,32,3386,822,13,"East TN",2455501,202.72848595867,0.113058388634036,175.320637214157,27.9372722715242,11.3058388634036
2020-10-21,66297,593,63199,552,3098,41,73159,616,816780,3743,889939,4359,5,740,27,3413,836,14,"East TN",2455501,191.284792797885,0.114720716027751,177.519781095589,24.1498578090581,11.4720716027751
2020-10-22,67427,1130,64235,1036,3192,94,74260,1101,825344,8564,899604,9665,10,750,43,3456,851,15,"East TN",2455501,216.574947434353,0.115926395939086,393.606029889623,46.0191219632979,11.5926395939086
2020-10-23,68398,971,65139,904,3259,67,75230,970,832460,7116,907690,8086,19,769,39,3495,859,8,"East TN",2455501,230.09560981649,0.115735900420176,329.301433801086,39.5438649790817,11.5735900420176
2020-10-24,69635,1237,66314,1175,3321,62,76557,1327,842981,10521,919538,11848,12,781,50,3545,876,17,"East TN",2455501,251.231826010252,0.119739876743922,482.508457540844,50.3766848394686,11.9739876743922
2020-10-25,70564,929,67186,872,3378,57,77604,1047,850856,7875,928460,8922,9,790,43,3588,887,11,"East TN",2455501,256.3224368469,0.123216380909125,363.347439076588,37.8334197379679,12.3216380909125
2020-10-26,71026,462,67592,406,3434,56,78038,434,853611,2755,931649,3189,6,796,21,3609,900,13,"East TN",2455501,244.675119252649,0.122801445189979,129.871663664564,18.814897652251,12.2801445189979
2020-10-27,71868,842,68304,712,3564,130,78821,783,857995,4384,936816,5167,12,808,54,3663,924,24,"East TN",2455501,251.028201576786,0.122531032867515,210.425489543682,34.2903545956609,12.2531032867515
2020-10-28,72865,997,69215,911,3650,86,79791,970,865211,7216,945002,8186,13,821,41,3704,938,14,"East TN",2455501,267.481055800833,0.120443855220384,333.373922470404,40.6027120331044,12.0443855220384
2020-10-29,73773,908,70008,793,3765,115,80625,834,871713,6502,952338,7336,11,832,40,3744,950,12,"East TN",2455501,258.440130954946,0.120700117571206,298.757768781198,36.9781971174111,12.0700117571206
2020-10-30,74673,900,70815,807,3858,93,81465,840,876569,4856,958034,5696,28,860,39,3783,966,16,"East TN",2455501,255.54866399973,0.123847926267281,231.968954604376,36.6523980238656,12.3847926267281
2020-10-31,74687,14,70829,14,3858,0,81481,16,876590,21,958071,37,5,865,0,3783,977,11,"East TN",2455501,205.742127573966,0.127786572548205,1.50682080764781,0.570148413704576,12.7786572548205
2020-11-01,75194,507,71219,390,3975,117,81951,470,883153,6563,965104,7033,0,865,27,3810,993,16,"East TN",2455501,188.556225389442,0.118627879052505,286.418128113163,20.6475175534443,11.8627879052505
2020-11-02,76004,810,71961,742,4043,68,82726,775,887381,4228,970107,5003,11,876,38,3848,1007,14,"East TN",2455501,202.72848595867,0.121899214727755,203.746608126,32.987158221479,12.1899214727755
2020-11-03,77044,1040,72921,960,4123,80,83802,1076,894243,6862,978045,7938,31,907,29,3877,1020,13,"East TN",2455501,210.79201352392,0.120813019961677,323.274150570495,42.3538821609114,12.0813019961677
2020-11-04,77955,911,73733,812,4222,99,84649,847,899128,4885,983777,5732,6,913,35,3912,1044,24,"East TN",2455501,207.289673268307,0.12528691166989,233.435050525331,37.1003717774906,12.528691166989
2020-11-05,78533,578,74217,484,4316,94,85150,501,901789,2661,986939,3162,17,930,27,3939,1058,14,"East TN",2455501,193.850460659556,0.130776567151238,128.772091723848,23.5389845086603,13.0776567151238
2020-11-06,79499,966,75066,849,4433,117,86077,927,908196,6407,994273,7334,10,940,37,3976,1082,24,"East TN",2455501,196.538303181306,0.127266204917354,298.676319007811,39.3402405456157,12.7266204917354
2020-11-07,80826,1327,76307,1241,4519,86,87496,1419,919116,10920,1006612,12339,21,961,52,4028,1092,10,"East TN",2455501,250.010079409457,0.123915864938918,502.504376907197,54.0419246418552,12.3915864938918
2020-11-08,82383,1557,77746,1439,4637,118,89163,1667,932015,12899,1021178,14566,3,964,52,4080,1109,17,"East TN",2455501,292.7712104373,0.128615757748689,593.198699572918,63.4086485812875,12.8615757748689
2020-11-09,83002,619,78285,539,4717,80,89743,580,935467,3452,1025210,4032,9,973,19,4099,1120,11,"East TN",2455501,284.992757078902,0.127343338838176,164.202743146918,25.2087048630809,12.7343338838176
2020-11-10,83941,939,79135,850,4806,89,90666,923,940468,5001,1031134,5924,27,1000,44,4143,1138,18,"East TN",2455501,280.87954352289,0.12929232044303,241.254228770422,38.2406686048998,12.929232044303
2020-11-11,85245,1304,80235,1100,5010,204,91835,1169,947015,6547,1038850,7716,26,1026,59,4202,1152,14,"East TN",2455501,296.884423993311,0.130481361102537,314.233225724608,53.1052522479119,13.0481361102537
2020-11-12,86082,837,80940,705,5142,132,92599,764,951228,4213,1043827,4977,15,1041,34,4236,1170,18,"East TN",2455501,307.432169646846,0.130941499085923,202.687761071977,34.086730162195,13.0941499085923
2020-11-13,87540,1458,82227,1287,5313,171,93898,1299,957087,5859,1050985,7158,27,1068,47,4283,1186,16,"East TN",2455501,327.468813899893,0.137907321201862,291.508738949811,59.3768847986623,13.7907321201862
2020-11-14,89015,1475,83618,1391,5397,84,95433,1535,965982,8895,1061415,10430,7,1075,52,4335,1215,29,"East TN",2455501,333.496097130484,0.144827837892086,424.760568209909,60.0692078724464,14.4827837892086
2020-11-15,90967,1952,85351,1733,5616,219,97393,1960,977151,11169,1074544,13129,7,1082,56,4391,1232,17,"East TN",2455501,349.582427374291,0.154218041449612,534.677037394813,79.4949788250952,15.4218041449612
2020-11-16,92492,1525,86750,1399,5742,126,98930,1537,984770,7619,1083700,9156,10,1092,41,4432,1251,19,"East TN",2455501,386.479174718316,0.157069584544367,372.877062562793,62.1054522071056,15.7069584544367
2020-11-17,93704,1212,87869,1119,5835,93,100151,1221,989913,5143,1090064,6364,31,1123,46,4478,1278,27,"East TN",2455501,397.597068785555,0.160953673850331,259.173178915423,49.358562672139,16.0953673850331
2020-11-18,94902,1198,88825,956,6077,242,101184,1033,995057,5144,1096241,6177,14,1137,53,4531,1293,15,"East TN",2455501,393.280230796078,0.162900106288442,251.557625103798,48.7884142584344,16.2900106288442
2020-11-19,95982,1080,89706,881,6276,199,102043,859,999718,4661,1101761,5520,45,1182,52,4583,1313,20,"East TN",2455501,403.176378262522,0.163013083854041,224.801374546376,43.9828776286387,16.3013083854041
2020-11-20,97108,1126,90669,963,6439,163,103066,1023,1004617,4899,1107683,5922,28,1210,36,4619,1339,26,"East TN",2455501,389.655715880384,0.161698825355392,241.172778997036,45.8562224165252,16.1698825355392
2020-11-21,98326,1218,91733,1064,6593,154,104165,1099,1011023,6406,1115188,7505,3,1213,47,4666,1363,24,"East TN",2455501,379.189420000236,0.162386327710933,305.640274632346,49.6029119922981,16.2386327710933
2020-11-22,99912,1586,93162,1429,6750,157,105831,1666,1020624,9601,1126455,11267,17,1230,57,4723,1390,27,"East TN",2455501,364.284111470531,0.162547436959411,458.847298372104,64.5896702953898,16.2547436959411
2020-11-23,100803,891,93920,758,6883,133,106533,702,1023740,3116,1130273,3818,18,1248,35,4758,1417,27,"East TN",2455501,338.464533307052,0.163249092822021,155.487617394577,36.2858740436269,16.3249092822021
2020-11-24,101714,911,94655,735,7059,176,107238,705,1026767,3027,1134005,3732,13,1261,57,4815,1445,28,"East TN",2455501,326.206342412404,0.161284449602877,151.985277138963,37.1003717774906,16.1284449602877
2020-11-25,102620,906,95341,686,7279,220,107783,545,1029075,2308,1136858,2853,38,1299,56,4871,1470,25,"East TN",2455501,314.314675497994,0.162468916955954,116.188101735654,36.8967473440247,16.2468916955954
2020-11-26,104085,1465,96728,1387,7357,78,109452,1669,1037440,8365,1146892,10034,18,1317,25,4896,1489,19,"East TN",2455501,329.99375687487,0.164166537413308,408.633513079408,59.6619590055146,16.4166537413308
2020-11-27,105788,1703,98294,1566,7494,137,111201,1749,1044979,7539,1156180,9288,5,1322,50,4946,1517,28,"East TN",2455501,353.492016496837,0.167742334577397,378.252747606293,69.3544820384923,16.7742334577397
2020-11-28,107412,1624,99674,1380,7738,244,112695,1494,1052509,7530,1165204,9024,2,1324,45,4991,1545,28,"East TN",2455501,370.02632049427,0.170545425463852,367.501377519292,66.1372159897308,17.0545425463852
2020-11-29,109699,2287,101794,2120,7905,167,115020,2325,1063204,10695,1178224,13020,4,1328,51,5042,1570,25,"East TN",2455501,398.574466066192,0.177500048291449,530.238024745256,93.1378158673118,17.7500048291449
2020-11-30,111933,2234,103799,2005,8134,229,117240,2220,1072654,9450,1189894,11670,15,1343,53,5095,1601,31,"East TN",2455501,453.267988895138,0.179584374633099,475.259427709457,90.979396872573,17.9584374633099
2020-12-01,114194,2261,105805,2006,8389,255,119378,2138,1081489,8835,1200867,10973,20,1363,63,5158,1629,28,"East TN",2455501,508.246585930936,0.181568005743173,446.874181684308,92.078968813289,18.1568005743172
2020-12-02,115251,1057,106718,913,8533,144,120254,876,1084397,2908,1204651,3784,15,1378,42,5200,1662,33,"East TN",2455501,514.396043821607,0.183957045712684,154.102971247008,43.0462052346955,18.3957045712684
2020-12-03,117059,1808,108287,1569,8772,239,121976,1722,1090388,5991,1212364,7713,33,1411,45,5245,1683,21,"East TN",2455501,528.364679957369,0.191287878787879,314.111051064528,73.6305951412767,19.1287878787879
2020-12-04,118788,1729,109675,1388,9113,341,123434,1458,1095908,5520,1219342,6978,37,1448,36,5281,1718,35,"East TN",2455501,529.423527011392,0.193676577689117,284.178259345038,70.4133290925151,19.3676577689117
2020-12-05,119921,1133,110584,909,9337,224,124363,929,1098972,3064,1223335,3993,5,1453,24,5305,1744,26,"East TN",2455501,509.427607645039,0.200719065558824,162.614472565884,46.1412966233775,20.0719065558824
2020-12-06,121390,1469,111847,1263,9543,206,125604,1241,1103464,4492,1229068,5733,20,1473,40,5345,1780,36,"East TN",2455501,476.114650330014,0.20816615529856,233.475775412024,59.8248585522873,20.816615529856
2020-12-07,124113,2723,114252,2405,9861,318,128175,2571,1113010,9546,1241185,12117,31,1504,51,5396,1802,22,"East TN",2455501,496.029119922981,0.2131952974206,493.46345206131,110.89386646554,21.31952974206
2020-12-08,126877,2764,116615,2363,10262,401,130706,2531,1121369,8359,1252075,10890,45,1549,71,5467,1826,24,"East TN",2455501,516.513737929653,0.221215435088267,443.494016088774,112.563586819961,22.1215435088267
2020-12-09,129521,2644,118998,2383,10523,261,133283,2577,1128467,7098,1261750,9675,21,1570,56,5523,1849,23,"East TN",2455501,581.144133111736,0.228182630168654,394.013278756555,107.676600416778,22.8182630168654
2020-12-10,132596,3075,121680,2682,10916,393,136233,2950,1139936,11469,1276169,14419,30,1600,74,5597,1886,37,"East TN",2455501,632.742564552,0.223446438366899,587.21214122902,125.229026581541,22.3446438366899
2020-12-11,134580,1984,123428,1748,11152,236,138023,1790,1147107,7171,1285130,8961,35,1635,50,5647,1911,25,"East TN",2455501,643.127410658762,0.221757767373989,364.935709657622,80.798175199277,22.1757767373989
2020-12-12,137841,3261,126155,2727,11686,534,140997,2974,1158339,11232,1299336,14206,21,1656,73,5720,1936,25,"East TN",2455501,729.789969541857,0.218865541242878,578.537740363372,132.803855506473,21.8865541242878
2020-12-13,142131,4290,130014,3859,12117,431,145361,4364,1175619,17280,1320980,21644,15,1671,62,5782,1970,34,"East TN",2455501,844.674874903329,0.214955609713639,881.449447587274,174.709763913759,21.4955609713639
2020-12-14,144990,2859,132471,2457,12519,402,148034,2673,1184897,9278,1332931,11951,37,1708,72,5854,2004,34,"East TN",2455501,850.213459493602,0.216456303272077,486.703120870242,116.432451055813,21.6456303272077
2020-12-15,149116,4126,136011,3540,13105,586,151897,3863,1199918,15021,1351815,18884,34,1742,94,5948,2035,31,"East TN",2455501,905.680755169719,0.212462402245839,769.048760314087,168.030882496077,21.2462402245839
2020-12-16,152334,3218,138268,2257,14066,961,154283,2386,1207814,7896,1362097,10282,19,1761,60,6008,2077,42,"East TN",2455501,929.056840131607,0.209273819845137,418.733284979318,131.052685378666,20.9273819845137
2020-12-17,156401,4067,141640,3372,14761,695,157890,3607,1218513,10699,1376403,14306,58,1819,75,6083,2116,39,"East TN",2455501,969.455927731245,0.216064409282279,582.61022903269,165.628114181179,21.6064409282279
2020-12-18,159608,3207,144376,2736,15232,471,160769,2879,1227202,8689,1387971,11568,43,1862,62,6145,2146,30,"East TN",2455501,1019.26246415701,0.221176379070604,471.105489266752,130.604711625041,22.1176379070604
2020-12-19,162248,2640,146618,2242,15630,398,163237,2468,1235565,8363,1398802,10831,27,1889,41,6186,2183,37,"East TN",2455501,993.972309520542,0.223593991916836,441.091247773876,107.513700870006,22.3593991916836
2020-12-20,165878,3630,149583,2965,16295,665,166553,3316,1249508,13943,1416061,17259,16,1905,55,6241,2217,34,"East TN",2455501,967.09388430304,0.222883646575026,702.870819437663,147.831338696258,22.2883646575026
2020-12-21,168191,2313,151325,1742,16866,571,168456,1903,1256420,6912,1424876,8815,14,1919,35,6276,2252,35,"East TN",2455501,944.858096168562,0.222111044646256,358.989876200417,94.1966629213346,22.2111044646256
2020-12-22,170845,2654,153026,1701,17819,953,170255,1799,1261473,5053,1431728,6852,62,1981,60,6336,2297,45,"East TN",2455501,884.911062956195,0.229724825748001,279.046923621697,108.08384928371,22.9724825748001
2020-12-23,173063,2218,154472,1446,18591,772,171795,1540,1267250,5777,1439045,7317,41,2022,35,6371,2337,40,"East TN",2455501,844.186176263011,0.227582263346676,297.983995934027,90.3277986854821,22.7582263346676
2020-12-24,175155,2092,155930,1458,19225,634,173393,1598,1273539,6289,1446932,7887,15,2037,30,6401,2375,38,"East TN",2455501,763.754525043973,0.219810290802365,321.197181349142,85.1964629621409,21.9810290802365
2020-12-25,177521,2366,157909,1979,19612,387,175559,2166,1282086,8547,1457645,10713,3,2040,27,6428,2411,36,"East TN",2455501,729.504895335005,0.212274306053908,436.28571114408,96.3550819160733,21.2274306053908
2020-12-26,179460,1939,159376,1467,20084,472,177171,1612,1287739,5653,1464910,7265,2,2042,43,6471,2449,38,"East TN",2455501,700.956749763083,0.210776305439584,295.866301825982,78.9655552980838,21.0776305439584
2020-12-27,180756,1296,160286,910,20470,386,178161,990,1290532,2793,1468693,3783,27,2069,41,6512,2480,31,"East TN",2455501,605.904864221191,0.220550235598115,154.062246360315,52.7794531543665,22.0550235598115
2020-12-28,182152,1396,161264,978,20888,418,179181,1020,1292351,1819,1471532,2839,25,2094,42,6554,2517,37,"East TN",2455501,568.560143123542,0.229873971193416,115.617953321949,56.8519418236849,22.9873971193416
2020-12-29,185057,2905,162990,1726,22067,1179,180959,1778,1296438,4087,1477397,5865,50,2144,64,6618,2559,42,"East TN",2455501,578.782089683531,0.234382184851869,238.851460455524,118.3057958437,23.4382184851869
2020-12-30,187385,2328,164606,1616,22779,712,182636,1677,1300917,4479,1483553,6156,40,2184,44,6662,2597,38,"East TN",2455501,583.261827219781,0.243574188909859,250.702402483241,94.8075362217323,24.3574188909859
2020-12-31,190830,3445,167286,2680,23544,765,185531,2895,1308040,7123,1493571,10018,52,2236,30,6692,2640,43,"East TN",2455501,638.362598915659,0.26025429361693,407.981914892317,140.297234658019,26.025429361693
2021-01-01,193069,2239,169002,1716,24067,523,187387,1856,1314234,6194,1501621,8050,24,2260,30,6722,2680,40,"East TN",2455501,633.190538305625,0.268964889939967,327.835337880131,91.183021306039,26.8964889939967
2021-01-02,195794,2725,171114,2112,24680,613,189637,2250,1320788,6554,1510425,8804,4,2264,64,6786,2716,36,"East TN",2455501,665.200299246467,0.273887729320004,358.541902446792,110.975316238926,27.3887729320004
2021-01-03,197109,1315,172019,905,25090,410,190574,937,1324156,3368,1514730,4305,15,2279,26,6812,2760,44,"East TN",2455501,665.974072093638,0.269630949019267,175.320637214157,53.553226001537,26.9630949019267
2021-01-04,198666,1557,173145,1126,25521,431,191752,1178,1326520,2364,1518272,3542,46,2325,34,6846,2810,50,"East TN",2455501,672.530778851241,0.268955926401369,144.247548667258,63.4086485812875,26.8955926401369
2021-01-05,201566,2900,174883,1738,26683,1162,193577,1825,1331784,5264,1525361,7089,43,2368,60,6906,2854,44,"East TN",2455501,672.327154417775,0.263072304228171,288.698721767981,118.102171410234,26.3072304228171
2021-01-06,204110,2544,176677,1794,27433,750,195478,1901,1337362,5578,1532840,7479,52,2420,63,6969,2897,43,"East TN",2455501,681.123729943502,0.260555521740013,304.581427578323,103.60411174746,26.0555521740013
2021-01-07,206619,2509,178813,2136,27806,373,197798,2320,1344465,7103,1542263,9423,33,2453,45,7014,2929,32,"East TN",2455501,643.005235998682,0.251930501930502,383.750607309873,102.178740713199,25.1930501930502
2021-01-08,208966,2347,180670,1857,28296,490,199784,1986,1351794,7329,1551578,9315,50,2503,47,7061,2984,55,"East TN",2455501,647.403523761546,0.248153411934263,379.352319547009,95.5813090689028,24.8153411934263
2021-01-09,211536,2570,182669,1999,28867,571,201961,2177,1359979,8185,1561940,10362,27,2530,32,7093,3012,28,"East TN",2455501,641.091166324102,0.239231291856741,421.991275914773,104.662958801483,23.9231291856741
2021-01-10,213201,1665,183802,1133,29399,532,203210,1249,1365778,5799,1568988,7048,36,2566,41,7134,3052,40,"East TN",2455501,655.344876666717,0.232887316156143,287.029001413561,67.8069363441514,23.2887316156143
2021-01-11,214624,1423,184814,1012,29810,411,204307,1097,1369049,3271,1573356,4368,28,2594,40,7174,3092,40,"East TN",2455501,649.88774184983,0.227924624210297,177.886305075828,57.9515137644008,22.7924624210297
2021-01-12,216441,1817,185949,1135,30492,682,205497,1190,1373246,4197,1578743,5387,60,2654,39,7213,3131,39,"East TN",2455501,605.782689561112,0.223296242179012,219.384964616182,73.9971191215153,22.3296242179012
2021-01-13,217968,1527,187025,1076,30943,451,206632,1135,1377975,4729,1584607,5864,49,2703,32,7245,3158,27,"East TN",2455501,564.365479794144,0.215465450962969,238.810735568831,62.186901980492,21.5465450962969
2021-01-14,220219,2251,188807,1782,31412,469,208596,1964,1386497,8522,1595093,10486,38,2741,50,7295,3200,42,"East TN",2455501,553.858459027302,0.204391444255158,427.041161864727,91.6717199463572,20.4391444255158
2021-01-15,221182,963,189477,670,31705,293,209291,695,1389554,3057,1598845,3752,23,2764,30,7325,3241,41,"East TN",2455501,497.495215843936,0.201133983540314,152.799774872826,39.2180658855362,20.1133983540314
2021-01-16,223613,2431,191226,1749,32387,682,211292,2001,1400433,10879,1611725,12880,13,2777,54,7379,3284,43,"East TN",2455501,491.834456593583,0.187425931505474,524.53654060821,99.0021995511303,18.7425931505474
2021-01-17,224470,857,191833,607,32637,250,211963,671,1404051,3618,1616014,4289,13,2790,24,7403,3318,34,"East TN",2455501,458.92874814549,0.186131076425807,174.669039027066,34.9012278960587,18.6131076425807
2021-01-18,225037,567,192155,322,32882,245,212318,355,1406133,2082,1618451,2437,13,2803,21,7424,3349,31,"East TN",2455501,424.068245136125,0.177647189267103,99.2465488712894,23.0910107550353,17.7647189267103
2021-01-19,226717,1680,193128,973,33589,707,213377,1059,1410338,4205,1623715,5264,21,2824,53,7477,3388,39,"East TN",2455501,418.488935659159,0.175220136974117,214.375803552921,68.4178096445491,17.5220136974117
2021-01-20,227701,984,193786,658,33915,326,214073,696,1414327,3989,1628400,4685,32,2856,29,7506,3428,40,"East TN",2455501,396.37532218476,0.169912999794488,190.796094157567,40.073288506093,16.9912999794488
2021-01-21,229262,1561,194924,1138,34338,423,215345,1272,1421254,6927,1636599,8199,65,2921,36,7542,3474,46,"East TN",2455501,368.275150366463,0.162602997157038,333.903345997416,63.5715481280602,16.2602997157038
2021-01-22,230248,986,195628,704,34620,282,216159,814,1426693,5439,1642852,6253,32,2953,31,7573,3506,32,"East TN",2455501,369.211822760406,0.156066080396301,254.65271649248,40.1547382794794,15.6066080396301
2021-01-23,231680,1432,196597,969,35083,463,217259,1100,1434970,8277,1652229,9377,19,2972,41,7614,3531,25,"East TN",2455501,328.527660953915,0.147318783330041,381.877262521986,58.3180377446395,14.7318783330041
2021-01-24,232300,620,197084,487,35216,133,217800,541,1438341,3371,1656141,3912,19,2991,20,7634,3559,28,"East TN",2455501,318.875862807631,0.145463154484512,159.315756743736,25.2494297497741,14.5463154484512
2021-01-25,233039,739,197594,510,35445,229,218349,549,1440097,1756,1658446,2305,44,3035,20,7654,3590,31,"East TN",2455501,325.880543318858,0.150793849231154,93.8708638277891,30.095691266263,15.0793849231154
2021-01-26,234071,1032,198323,729,35748,303,219130,781,1444560,4463,1663690,5244,63,3098,26,7680,3613,23,"East TN",2455501,299.490816741675,0.143914946841776,213.561305819057,42.0280830673659,14.3914946841776
2021-01-27,235025,954,199028,705,35997,249,219885,755,1449077,4517,1668962,5272,55,3153,28,7708,3636,23,"East TN",2455501,298.26907014088,0.14328682017652,214.701602646466,38.8515419052975,14.328682017652
2021-01-28,236355,1330,199744,716,36611,614,220680,795,1453506,4429,1674186,5224,46,3199,29,7737,3663,27,"East TN",2455501,288.861621314754,0.141937371963711,212.746808085193,54.1640993019347,14.1937371963711
2021-01-29,236950,595,200096,352,36854,243,221077,397,1456170,2664,1677247,3061,17,3216,17,7754,3684,21,"East TN",2455501,272.938190617719,0.142985899113243,124.658878167836,24.2313075824445,14.2985899113243
2021-01-30,238105,1155,201062,966,37043,189,222173,1096,1465218,9048,1687391,10144,44,3260,29,7783,3704,20,"East TN",2455501,261.657397003707,0.139753142597122,413.113250615658,47.0372441306275,13.9753142597122
2021-01-31,238784,679,201502,440,37282,239,222664,491,1469140,3922,1691804,4413,29,3289,30,7813,3723,19,"East TN",2455501,264.060165318605,0.136387852956846,179.718924977021,27.6521980646719,13.6387852956846
2021-02-01,239477,693,201910,408,37567,285,223106,442,1470836,1696,1693942,2138,39,3328,10,7823,3750,27,"East TN",2455501,262.186820530719,0.134015100292991,87.0698077500274,28.2223464783765,13.4015100292991
2021-02-02,240015,538,202258,348,37757,190,223466,360,1471894,1058,1695360,1418,57,3385,13,7836,3766,16,"East TN",2455501,242.068726504286,0.136911904010104,57.7478893309349,21.909989040933,13.6911904010104
2021-02-03,241127,1112,203017,759,38110,353,224292,826,1477897,6003,1702189,6829,46,3431,39,7875,3779,13,"East TN",2455501,248.503258601809,0.132633099587685,278.110251227754,45.2860740028206,13.2633099587685
2021-02-04,242223,1096,203798,781,38425,315,225155,863,1485606,7709,1710761,8572,58,3489,36,7911,3797,18,"East TN",2455501,238.973635115604,0.122351332877649,349.093728733973,44.6344758157297,12.2351332877649
2021-02-05,243038,815,204355,557,38683,258,225757,602,1489412,3806,1715169,4408,67,3556,28,7939,3811,14,"East TN",2455501,247.933110188104,0.123411212488793,179.515300543555,33.190782654945,12.3411212488793
2021-02-06,244265,1227,205172,817,39093,410,226721,964,1498059,8647,1724780,9611,27,3583,22,7961,3840,29,"East TN",2455501,250.865302030013,0.121640054561502,391.406886008191,49.9694359725368,12.1640054561502
2021-02-07,244782,517,205525,353,39257,164,227126,405,1501142,3083,1728268,3488,2,3585,10,7971,3857,17,"East TN",2455501,244.267870385718,0.122367266344888,142.048404785826,21.0547664203761,12.2367266344888
2021-02-08,245290,508,205820,295,39470,213,227442,316,1502506,1364,1729948,1680,32,3617,9,7980,3873,16,"East TN",2455501,236.733766347479,0.120424373715492,68.4178096445491,20.6882424401375,12.0424373715492
2021-02-09,246315,1025,206450,630,39865,395,228104,662,1506738,4232,1734842,4894,16,3633,38,8018,3884,11,"East TN",2455501,256.566786167059,0.11747125272276,199.307595476443,41.7430088605136,11.747125272276
2021-02-10,247162,847,207032,582,40130,265,228738,634,1512722,5984,1741460,6618,39,3672,30,8048,3897,13,"East TN",2455501,245.774691193365,0.113213312622546,269.517300135492,34.4939790291268,11.3213312622546
2021-02-11,248029,867,207615,583,40414,284,229387,649,1518292,5570,1747679,6219,37,3709,31,8079,3915,18,"East TN",2455501,236.448692140626,0.114632428625603,253.268070344911,35.3084767629905,11.4632428625603
2021-02-12,248863,834,208210,595,40653,239,230036,649,1523801,5509,1753837,6158,34,3743,12,8091,3924,9,"East TN",2455501,237.222464987797,0.110659977242164,250.783852256627,33.9645555021155,11.0659977242164
2021-02-13,249455,592,208581,371,40874,221,230469,433,1528225,4424,1758694,4857,12,3755,16,8107,3936,12,"East TN",2455501,211.362161937625,0.110514831632954,197.800774668795,24.1091329223649,11.0514831632954
2021-02-14,249993,538,208993,412,41000,126,230921,452,1531191,2966,1762112,3418,15,3770,15,8122,3949,13,"East TN",2455501,212.217384558182,0.112132135681362,139.197662717303,21.909989040933,11.2132135681362
2021-02-15,250373,380,209205,212,41168,168,231150,229,1532515,1324,1763665,1553,5,3775,10,8132,3960,11,"East TN",2455501,207.004599061454,0.109974196992615,63.2457490345148,15.4754569434099,10.9974196992615
2021-02-16,251138,765,209632,427,41506,338,231624,474,1535924,3409,1767548,3883,8,3783,26,8158,3970,10,"East TN",2455501,196.416128521226,0.107625512138446,158.134735029633,31.1545383202858,10.7625512138446
2021-02-17,251758,620,210051,419,41707,201,232075,451,1539173,3249,1771248,3700,11,3794,11,8169,3987,17,"East TN",2455501,187.171579241874,0.112024976500604,150.682080764781,25.2494297497741,11.2024976500604
2021-02-18,252551,793,210601,550,41950,243,232680,605,1544890,5717,1777570,6322,42,3836,19,8188,4004,17,"East TN",2455501,184.157937626578,0.11016693988157,257.462733674309,32.2948351476949,11.016693988157
2021-02-19,253027,476,210902,301,42125,175,233025,345,1547598,2708,1780623,3053,5,3841,11,8199,4013,9,"East TN",2455501,169.578428190418,0.111588143059807,124.333079074291,19.3850460659556,11.1588143059807
2021-02-20,253650,623,211351,449,42299,174,233531,506,1552822,5224,1786353,5730,18,3859,18,8217,4023,10,"East TN",2455501,170.840899677907,0.110705376188582,233.353600751944,25.3716044098536,11.0705376188582
2021-02-21,253999,349,211579,228,42420,121,233794,263,1554956,2134,1788750,2397,7,3866,12,8229,4041,18,"East TN",2455501,163.143896092895,0.107853442450634,97.617553403562,14.2129854559212,10.7853442450634
2021-02-22,254356,357,211774,195,42582,162,234021,227,1556336,1380,1790357,1607,7,3873,22,8251,4057,16,"East TN",2455501,162.207223698952,0.107560317698187,65.4448929159467,14.5387845494667,10.7560317698187
2021-02-23,254994,638,212118,344,42876,294,234382,361,1559283,2947,1793665,3308,26,3899,27,8278,4064,7,"East TN",2455501,157.035163088917,0.105601715357813,134.717925181053,25.9824777102514,10.5601715357813
2021-02-24,255734,740,212667,549,43067,191,234991,609,1565476,6193,1800467,6802,19,3918,23,8301,4071,7,"East TN",2455501,161.9221494921,0.0997980765939971,277.010679287038,30.1364161529562,9.9798076593997
2021-02-25,256369,635,213112,445,43257,190,235487,496,1570244,4768,1805731,5264,21,3939,16,8317,4080,9,"East TN",2455501,155.487617394577,0.0996768580661198,214.375803552921,25.8603030501718,9.96768580661198
2021-02-26,256829,460,213434,322,43395,138,235855,368,1573365,3121,1809220,3489,14,3953,11,8328,4085,5,"East TN",2455501,154.836019207486,0.0989614295205791,142.089129672519,18.7334478788646,9.89614295205791
2021-02-27,257269,440,213661,227,43608,213,236130,275,1577457,4092,1813587,4367,7,3960,16,8344,4094,9,"East TN",2455501,147.383364942633,0.0954321803627818,177.845580189135,17.918950145001,9.54321803627818
2021-02-28,257635,366,213935,274,43700,92,236443,313,1580017,2560,1816460,2873,5,3965,11,8355,4103,9,"East TN",2455501,148.075688016417,0.0955972573078311,117.002599469518,14.9053085297053,9.55972573078311
2021-03-01,257879,244,214084,149,43795,95,236598,155,1580796,779,1817394,934,4,3969,11,8366,4112,9,"East TN",2455501,143.473775820087,0.0953138291970263,38.0370441714339,9.9368723531369,9.53138291970263
2021-03-02,258499,620,214474,390,44025,230,237045,447,1584252,3456,1821297,3903,7,3976,24,8390,4122,10,"East TN",2455501,142.74072785961,0.0963737695425594,158.949232763497,25.2494297497741,9.63737695425594
2021-03-03,258978,479,214773,299,44205,180,237398,353,1588424,4172,1825822,4525,7,3983,17,8407,4125,3,"East TN",2455501,132.111532432689,0.0949319660816407,184.280112286658,19.5072207260351,9.49319660816407
2021-03-04,259587,609,215188,415,44399,194,237870,472,1593244,4820,1831114,5292,18,4001,21,8428,4130,5,"East TN",2455501,131.052685378666,0.0938817318677855,215.51610038033,24.8014559961491,9.38817318677855
2021-03-05,260056,469,215498,310,44558,159,238223,353,1596923,3679,1835146,4032,15,4016,16,8444,4135,5,"East TN",2455501,131.419209358905,0.0913368818946232,164.202743146918,19.0999718591033,9.13368818946232
2021-03-06,260519,463,215821,323,44698,140,238595,372,1601197,4274,1839792,4646,1,4017,10,8454,4141,6,"East TN",2455501,132.355881752848,0.0940660179355085,189.207823576533,18.8556225389442,9.40660179355085
2021-03-07,260774,255,215985,164,44789,91,238779,184,1602927,1730,1841706,1914,1,4018,4,8458,4145,4,"East TN",2455501,127.835419329905,0.0925295096252872,77.9474331307542,10.3848461067619,9.25295096252872
2021-03-08,261230,456,216278,293,44952,163,239091,312,1604508,1581,1843599,1893,3,4021,9,8467,4153,8,"East TN",2455501,136.46909530886,0.0951345163136806,77.0922105101973,18.5705483320919,9.51345163136806
2021-03-09,261768,538,216559,281,45209,257,239409,318,1607083,2575,1846492,2893,6,4027,21,8488,4165,12,"East TN",2455501,133.129654600018,0.0938281405040683,117.817097203381,21.909989040933,9.38281405040683
2021-03-10,262418,650,217023,464,45395,186,239915,506,1612551,5468,1852466,5974,7,4034,28,8516,4175,10,"East TN",2455501,140.093610224553,0.0944677976279838,243.290473105081,26.4711763505696,9.44677976279838
2021-03-11,262947,529,217360,337,45587,192,240279,364,1615889,3338,1856168,3702,5,4039,9,8525,4183,8,"East TN",2455501,136.835619289098,0.0961523110082222,150.763530538167,21.5434650606943,9.61523110082222
2021-03-12,263407,460,217725,365,45682,95,240695,416,1619234,3345,1859929,3761,5,4044,12,8537,4191,8,"East TN",2455501,136.46909530886,0.0997457934874713,153.166298853065,18.7334478788646,9.97457934874713
2021-03-13,263853,446,217940,215,45913,231,240974,279,1622873,3639,1863847,3918,2,4046,21,8558,4197,6,"East TN",2455501,135.776772235075,0.0988983579297443,159.560106063895,18.1632994651601,9.88983579297443
2021-03-14,264115,262,218116,176,45999,86,241185,211,1624714,1841,1865899,2052,0,4046,10,8568,4203,6,"East TN",2455501,136.061846441928,0.099450254205762,83.5674674944136,10.6699203136142,9.9450254205762
2021-03-15,264471,356,218301,185,46170,171,241400,215,1625909,1195,1867309,1410,4,4050,15,8583,4207,4,"East TN",2455501,131.989357772609,0.0973850695908899,57.4220902373894,14.4980596627735,9.73850695908899
2021-03-16,265170,699,218752,451,46418,248,241896,496,1629174,3265,1871070,3761,4,4054,36,8619,4208,1,"East TN",2455501,138.546064530212,0.101188054357556,153.166298853065,28.4666957985356,10.1188054357556
2021-03-17,265596,426,219085,333,46511,93,242260,364,1632898,3724,1875158,4088,1,4055,16,8635,4217,9,"East TN",2455501,129.423689910939,0.103340384276397,166.483336801736,17.3488017312964,10.3340384276397
2021-03-18,266146,550,219434,349,46712,201,242645,385,1636186,3288,1878831,3673,6,4061,31,8666,4224,7,"East TN",2455501,130.278912531496,0.1043992410537,149.582508824065,22.3986876812512,10.43992410537
2021-03-19,266938,792,219964,530,46974,262,243206,561,1641225,5039,1884431,5600,15,4076,25,8691,4230,6,"East TN",2455501,143.799574913633,0.10248143008734,228.05936548183,32.2541102610017,10.248143008734
2021-03-20,267210,272,220129,165,47081,107,243400,194,1643345,2120,1886745,2314,1,4077,15,8706,4232,2,"East TN",2455501,136.713444629019,0.105948117739541,94.2373878080278,11.077169180546,10.5948117739541
2021-03-21,267491,281,220326,197,47165,84,243625,225,1645143,1798,1888768,2023,-17,4060,8,8714,4239,7,"East TN",2455501,137.487217476189,0.106694652149198,82.3864457803112,11.4436931607847,10.6694652149198
2021-03-22,268017,526,220667,341,47350,185,243981,356,1647230,2087,1891211,2443,14,4074,19,8733,4246,7,"East TN",2455501,144.41044821403,0.107982595598695,99.4908981914485,21.4212904006148,10.7982595598695
2021-03-23,268454,437,220915,248,47539,189,244246,265,1649685,2455,1893931,2720,11,4085,17,8750,4252,6,"East TN",2455501,133.740527900416,0.102795153317878,110.77169180546,17.7967754849214,10.2795153317878
2021-03-24,269052,598,221375,460,47677,138,244739,493,1654382,4697,1899121,5190,4,4089,26,8776,4258,6,"East TN",2455501,140.745208411644,0.103451153862204,211.362161937625,24.353482242524,10.3451153862204
2021-03-25,269451,399,221681,306,47770,93,245072,333,1657351,2969,1902423,3302,8,4097,23,8799,4262,4,"East TN",2455501,134.595750520973,0.102873855544252,134.473575860894,16.2492297905804,10.2873855544252
2021-03-26,269861,410,222004,323,47857,87,245417,345,1659982,2631,1905399,2976,7,4104,14,8813,4272,10,"East TN",2455501,119.038843804177,0.105446394505914,121.197262798916,16.6972035442054,10.5446394505914
2021-03-27,270065,204,222185,181,47880,23,245627,210,1662493,2511,1908120,2721,2,4106,13,8826,4283,11,"East TN",2455501,116.26955150904,0.104187134502924,110.812416692154,8.30787688540954,10.4187134502924
2021-03-28,270381,316,222404,219,47977,97,245872,245,1664567,2074,1910439,2319,5,4111,17,8843,4289,6,"East TN",2455501,117.694922543302,0.103686954916709,94.4410122414937,12.8690641950461,10.3686954916709
2021-03-29,270819,438,222640,236,48179,202,246125,253,1666421,1854,1912546,2107,18,4129,18,8861,4294,5,"East TN",2455501,114.111132514302,0.100492149050855,85.8073362625387,17.8375003716146,10.0492149050855
2021-03-30,271194,375,222898,258,48296,117,246447,322,1668897,2476,1915344,2798,5,4134,20,8881,4300,6,"East TN",2455501,111.586189539324,0.102788025965535,113.948232967529,15.271832509944,10.2788025965535
2021-03-31,271855,661,223340,442,48515,219,246935,488,1673711,4814,1920646,5302,4,4138,18,8899,4305,5,"East TN",2455501,114.151857400995,0.102020905923345,215.923349247262,26.9191501041946,10.2020905923345
2021-04-01,272305,450,223663,323,48642,127,247285,350,1676538,2827,1923823,3177,1,4139,18,8917,4313,8,"East TN",2455501,116.228826622347,0.103411214953271,129.382965024246,18.3261990119328,10.3411214953271
2021-04-02,272652,347,223895,232,48757,115,247535,250,1679557,3019,1927092,3269,0,4139,12,8929,4318,5,"East TN",2455501,113.663158760677,0.0976351818558982,133.129654600019,14.1315356825348,9.76351818558982
2021-04-03,272994,342,224145,250,48849,92,247809,274,1681909,2352,1929718,2626,0,4139,13,8942,4327,9,"East TN",2455501,119.283193124336,0.101027872951199,106.943552456301,13.9279112490689,10.1027872951199
2021-04-04,273165,171,224268,123,48897,48,247950,141,1683503,1594,1931453,1735,6,4145,8,8950,4331,4,"East TN",2455501,113.378084553824,0.098886456647949,70.6576784126742,6.96395562453446,9.8886456647949
2021-04-05,273572,407,224503,235,49069,172,248173,223,1684722,1219,1932895,1442,6,4151,40,8990,4337,6,"East TN",2455501,112.115613066336,0.100643766278441,58.7252866115713,16.5750288841259,10.0643766278441
2021-04-06,274001,429,224753,250,49248,179,248450,277,1686806,2084,1935256,2361,3,4154,27,9017,4342,5,"East TN",2455501,114.314756947767,0.100592607472881,96.1514574826074,17.4709763913759,10.0592607472881
2021-04-07,274631,630,225215,462,49416,168,248957,507,1691497,4691,1940454,5198,5,4159,24,9041,4346,4,"East TN",2455501,113.052285460279,0.102079967689822,211.68796103117,25.6566786167059,10.2079967689822
2021-04-08,275036,405,225469,254,49567,151,249246,289,1694508,3011,1943754,3300,-1,4158,21,9062,4351,5,"East TN",2455501,111.219665559085,0.0983894435803522,134.392126087507,16.4935791107395,9.83894435803522
2021-04-09,275554,518,225875,406,49679,112,249695,449,1698383,3875,1948078,4324,4,4162,31,9093,4354,3,"East TN",2455501,118.18362118362,0.102925760030497,176.094410061328,21.0954913070693,10.2925760030497
2021-04-10,275859,305,226091,216,49768,89,249943,248,1701163,2780,1951106,3028,1,4163,15,9108,4359,5,"East TN",2455501,116.676800375972,0.0997755750888349,123.314956906961,12.4210904414211,9.97755750888349
2021-04-11,276096,237,226255,164,49841,73,250117,174,1702874,1711,1952991,1885,2,4165,10,9118,4363,4,"East TN",2455501,119.364642897722,0.100612870275792,76.7664114166518,9.65179814628461,10.0612870275792
2021-04-12,276561,465,226578,323,49983,142,250447,330,1704636,1762,1955083,2092,3,4168,16,9134,4372,9,"East TN",2455501,121.726686325927,0.102487831260141,85.1964629621409,18.9370723123306,10.2487831260141
2021-04-13,276939,378,226818,240,50121,138,250697,250,1706693,2057,1957390,2307,3,4171,16,9150,4376,4,"East TN",2455501,119.649717104575,0.101518026565465,93.9523136011755,15.3940071700236,10.1518026565465
2021-04-14,277617,678,227318,500,50299,178,251253,556,1711513,4820,1962766,5376,0,4171,29,9179,4379,3,"East TN",2455501,121.604511665847,0.10290426676228,218.936990862557,27.6114731779788,10.290426676228
2021-04-15,278159,542,227686,368,50473,174,251633,380,1714657,3144,1966290,3524,2,4173,24,9203,4384,5,"East TN",2455501,127.183821142814,0.105919417820376,143.51450070678,22.0728885877057,10.5919417820376
2021-04-16,279131,972,228575,889,50556,83,252739,1106,1722141,7484,1974880,8590,3,4176,32,9235,4387,3,"East TN",2455501,145.672919701519,0.11357361390941,349.82677669445,39.5845898657748,11.357361390941
2021-04-17,279333,202,228722,147,50611,55,252912,173,1724372,2231,1977284,2404,0,4176,10,9245,4388,1,"East TN",2455501,141.478256372121,0.113415845366338,97.9026276104143,8.22642711202317,11.3415845366338
2021-04-18,279552,219,228910,188,50642,31,253114,202,1726175,1803,1979289,2005,6,4182,8,9253,4397,9,"East TN",2455501,140.745208411644,0.113963039014374,81.6533978198339,8.9187501858073,11.3963039014374
2021-04-19,279880,328,229105,195,50775,133,253324,210,1727624,1449,1980948,1659,8,4190,15,9268,4404,7,"East TN",2455501,135.165898934678,0.111231393775372,67.5625870239923,13.3577628353644,11.1231393775372
2021-04-20,280233,353,229382,277,50851,76,253603,279,1730072,2448,1983675,2727,4,4194,20,9288,4408,4,"East TN",2455501,134.147776767348,0.110557352101959,111.056766012313,14.375885002694,11.0557352101959
2021-04-21,280746,513,229712,330,51034,183,253940,337,1733853,3781,1987793,4118,4,4198,15,9303,4414,6,"East TN",2455501,127.428170462973,0.107364046829424,167.705083402532,20.8918668736034,10.7364046829424
2021-04-22,281387,641,230110,398,51277,243,254387,447,1738105,4252,1992492,4699,3,4201,26,9329,4418,4,"East TN",2455501,131.459934245598,0.105106480421342,191.366242571272,26.1046523703309,10.5106480421342
2021-04-23,281770,383,230387,277,51383,106,254695,308,1741306,3201,1996001,3509,0,4201,11,9340,4423,5,"East TN",2455501,107.472975983313,0.092609251455897,142.903627406383,15.5976316034895,9.2609251455897
2021-04-24,282030,260,230575,188,51455,72,254904,209,1744301,2995,1999205,3204,0,4201,19,9359,4430,7,"East TN",2455501,109.835019411517,0.0908717667989599,130.482536964962,10.5884705402278,9.08717667989599
2021-04-25,282229,199,230723,148,51506,51,255063,159,1745950,1649,2001013,1808,4,4205,17,9376,4435,5,"East TN",2455501,109.020521677654,0.0897164426440803,73.6305951412767,8.10425245194362,8.97164426440803
2021-04-26,282618,389,230970,247,51648,142,255314,251,1747922,1972,2003236,2223,6,4211,16,9392,4443,8,"East TN",2455501,111.504739765938,0.0892857142857143,90.531423118948,15.8419809236486,8.92857142857143
2021-04-27,283005,387,231172,202,51833,185,255533,219,1750285,2363,2005818,2582,3,4214,25,9417,4449,6,"East TN",2455501,112.889385913506,0.0871607279953032,105.151657441801,15.7605311502622,8.71607279953033
2021-04-28,283491,486,231516,344,51975,142,255914,381,1754412,4127,2010326,4508,6,4220,23,9440,4457,8,"East TN",2455501,111.78981397279,0.0876048462255359,183.587789212873,19.7922949328874,8.76048462255359
2021-04-29,283883,392,231795,279,52088,113,256218,304,1757343,2931,2013561,3235,1,4221,22,9462,4462,5,"East TN",2455501,101.649317186187,0.0869049314158242,131.74500845245,15.9641555837281,8.69049314158242
2021-04-30,284253,370,232023,228,52230,142,256457,239,1760607,3264,2017064,3503,0,4221,18,9480,4467,5,"East TN",2455501,101.119893659176,0.0836538005032521,142.659278086224,15.0682080764781,8.36538005032521
2021-05-01,284488,235,232205,182,52283,53,256645,188,1763097,2490,2019742,2678,-1,4220,15,9495,4468,1,"East TN",2455501,100.101771491846,0.0847738228563081,109.061246564347,9.57034837289824,8.47738228563081
2021-05-02,284663,175,232333,128,52330,47,256778,133,1764574,1477,2021352,1610,1,4221,11,9506,4472,4,"East TN",2455501,99.1243742112099,0.0843207630660308,65.5670675760262,7.1268551713072,8.43207630660308
2021-05-03,284876,213,232448,115,52428,98,256904,126,1766058,1484,2022962,1610,5,4226,17,9523,4476,4,"East TN",2455501,91.9567941532095,0.0806042786170536,65.5670675760262,8.67440086564819,8.06042786170536
2021-05-04,285195,319,232667,219,52528,100,257149,245,1768457,2399,2025606,2644,7,4233,12,9535,4484,8,"East TN",2455501,89.187501858073,0.0816656559531029,107.676600416778,12.9912388551257,8.16656559531029
2021-05-05,285659,464,232960,293,52699,171,257460,311,1772607,4150,2030067,4461,5,4238,22,9557,4489,5,"East TN",2455501,88.2915543508229,0.0783141684818398,181.673719538294,18.8963474256374,7.83141684818398
2021-05-06,285944,285,233156,196,52788,89,257691,231,1775045,2438,2032736,2669,4,4242,10,9567,4495,6,"East TN",2455501,83.9339914746522,0.0768187744458931,108.694722584108,11.6065927075574,7.68187744458931
2021-05-07,286309,365,233404,248,52905,117,257960,269,1778493,3448,2036453,3717,0,4242,15,9582,4500,5,"East TN",2455501,83.7303670411863,0.0775181804115736,151.374403838565,14.8645836430122,7.75181804115736
2021-05-08,286480,171,233507,103,52973,68,258074,114,1780387,1894,2038461,2008,0,4242,7,9589,4507,7,"East TN",2455501,81.1239742928225,0.0763395480527806,81.7755724799135,6.96395562453446,7.63395480527806
2021-05-09,286626,146,233622,115,53004,31,258206,132,1782098,1711,2040304,1843,3,4245,11,9600,4512,5,"East TN",2455501,79.9429525787202,0.0753482482059941,75.0559661755381,5.94583345720486,7.53482482059941
2021-05-10,286861,235,233758,136,53103,99,258351,145,1783614,1516,2041965,1661,7,4252,22,9622,4515,3,"East TN",2455501,80.8389000859702,0.0761458717044677,67.6440367973786,9.57034837289824,7.61458717044677
2021-05-11,287176,315,233986,228,53190,87,258595,244,1786291,2677,2044886,2921,1,4253,19,9641,4519,4,"East TN",2455501,80.6760005391975,0.075,118.95739403079,12.828339308353,7.5
2021-05-12,287480,304,234203,217,53277,87,258846,251,1790355,4064,2049201,4315,3,4256,16,9657,4521,2,"East TN",2455501,74.1600186682881,0.0724365004703669,175.727886081089,12.3803655547279,7.24365004703669
2021-05-13,287690,210,234340,137,53350,73,258991,145,1793088,2733,2052079,2878,1,4257,9,9666,4526,5,"East TN",2455501,71.1056521662993,0.0672077754226335,117.206223902984,8.55222620556864,6.72077754226335
2021-05-14,287991,301,234559,219,53432,82,259239,248,1795773,2685,2055012,2933,1,4258,21,9687,4531,5,"East TN",2455501,68.4992594179355,0.0689153510426208,119.446092671109,12.2581908946484,6.89153510426208
2021-05-15,288099,108,234640,81,53459,27,259341,102,1797761,1988,2057102,2090,0,4258,6,9693,4535,4,"East TN",2455501,65.9335915562649,0.0679684566278633,85.1150131887546,4.39828776286387,6.79684566278633
2021-05-16,288199,100,234714,74,53485,26,259426,85,1799210,1449,2058636,1534,3,4261,4,9697,4539,4,"East TN",2455501,64.0602467683784,0.0665502945668776,62.4719761873443,4.0724886693184,6.65502945668776
2021-05-17,288397,198,234817,103,53580,95,259536,110,1800777,1567,2060313,1677,6,4267,10,9707,4546,7,"East TN",2455501,62.5534259607306,0.0645846958796599,68.2956349844696,8.06352756525043,6.45846958796599
2021-05-18,288609,212,234951,134,53658,78,259681,145,1803014,2237,2062695,2382,8,4275,23,9730,4552,6,"East TN",2455501,58.3587626313327,0.0609804031669381,97.0066801031643,8.63367597895501,6.09804031669381
2021-05-19,288827,218,235116,165,53711,53,259848,167,1806283,3269,2066131,3436,1,4276,21,9751,4555,3,"East TN",2455501,54.8564223757188,0.0591848789131719,139.93071067778,8.87802529911411,5.91848789131719
2021-05-20,289003,176,235249,133,53754,43,260002,154,1820451,14168,2080453,14322,3,4279,7,9758,4560,5,"East TN",2455501,53.4717762281506,0.0356312116726581,583.261827219781,7.16758005800038,3.56312116726581
2021-05-21,289166,163,235356,107,53810,56,260122,120,1822729,2278,2082851,2398,0,4279,10,9768,4563,3,"East TN",2455501,47.8517418644912,0.0317180933223176,97.6582782902552,6.63815653098899,3.17180933223176
2021-05-22,289237,71,235404,48,53833,23,260184,62,1824315,1586,2084499,1648,0,4279,12,9780,4564,1,"East TN",2455501,46.3449210568434,0.030769792313027,67.1146132703672,2.89146695521606,3.0769792313027
2021-05-23,289311,74,235455,51,53856,23,260245,61,1825380,1065,2085625,1126,3,4282,5,9785,4566,2,"East TN",2455501,45.2860740028206,0.0303456963948275,45.8562224165252,3.01364161529562,3.03456963948275
2021-05-24,289471,160,235566,111,53905,49,260371,126,1827304,1924,2087675,2050,0,4282,7,9792,4570,4,"East TN",2455501,43.7385283084796,0.0305167750895402,83.4860177210272,6.51598187090944,3.05167750895402
2021-05-25,289615,144,235662,96,53953,48,260458,87,1829031,1727,2089489,1814,0,4282,9,9801,4576,6,"East TN",2455501,40.9692360133431,0.0289990296335,73.8749444614358,5.8643836838185,2.89990296335
2021-05-26,289801,186,235804,142,53997,44,260623,165,1831914,2883,2092537,3048,7,4289,14,9815,4581,5,"East TN",2455501,39.6660396391612,0.0293493902900856,124.129454640825,7.57482892493222,2.93493902900856
2021-05-27,289924,123,235879,75,54045,48,260761,138,1834886,2972,2095647,3110,4,4293,11,9826,4585,4,"East TN",2455501,37.5076206444225,0.0499539291825721,126.654397615802,5.00916106326163,4.99539291825721
2021-05-28,290040,116,235969,90,54071,26,260859,98,1836998,2112,2097857,2210,0,4293,9,9835,4588,3,"East TN",2455501,35.5935509698428,0.0491136878581901,90.0019995919366,4.72408685640934,4.91136878581901
2021-05-29,290091,51,236001,32,54090,19,260896,37,1838074,1076,2098970,1113,0,4293,7,9842,4591,3,"East TN",2455501,34.7790532359791,0.0492018519798217,45.3267988895138,2.07696922135238,4.92018519798217
2021-05-30,290146,55,236041,40,54105,15,260942,46,1839161,1087,2100103,1133,0,4293,7,9849,4596,5,"East TN",2455501,34.0052803888086,0.0481420085647189,46.1412966233775,2.23986876812512,4.81420085647189
2021-05-31,290226,80,236107,66,54119,14,261013,71,1840588,1427,2101601,1498,6,4299,4,9853,4601,5,"East TN",2455501,30.7472894533539,0.046100818612667,61.0058802663896,3.25799093545472,4.6100818612667
2021-06-01,290357,131,236201,94,54156,37,261107,94,1841903,1315,2103010,1409,3,4302,11,9864,4604,3,"East TN",2455501,30.2178659263425,0.0479994083277864,57.3813653506963,5.3349601568071,4.79994083277864
2021-06-02,290476,119,236272,71,54204,48,261180,73,1843882,1979,2105062,2052,1,4303,9,9873,4608,4,"East TN",2455501,27.4892985178992,0.0444710578842315,83.5674674944136,4.8462615164889,4.44710578842315
2021-06-03,290563,87,236327,55,54236,32,261299,119,1847047,3165,2108346,3284,1,4304,7,9880,4613,5,"East TN",2455501,26.0232025969446,0.0423655405937475,133.740527900416,3.54306514230701,4.23655405937475
2021-06-04,290654,91,236386,59,54268,32,261377,78,1849199,2152,2110576,2230,0,4304,7,9887,4613,0,"East TN",2455501,25.005080429615,0.0407264722069345,90.8164973258003,3.70596468907974,4.07264722069345
2021-06-05,290695,41,236412,26,54283,15,261407,30,1850582,1383,2111989,1413,-1,4303,2,9889,4618,5,"East TN",2455501,24.5978315626831,0.0392503264459636,57.544264897469,1.66972035442054,3.92503264459636
2021-06-06,290721,26,236428,16,54293,10,261426,19,1851498,916,2112924,935,-1,4302,2,9891,4621,3,"East TN",2455501,23.4168098485808,0.0377505654785118,38.077769058127,1.05884705402278,3.77505654785118
2021-06-07,290794,73,236463,35,54331,38,261478,52,1852768,1270,2114246,1322,3,4305,10,9901,4623,2,"East TN",2455501,23.1317356417285,0.036773428232503,53.8383002083892,2.97291672860243,3.6773428232503
2021-06-08,290881,87,236530,67,54351,20,261548,70,1854246,1478,2115794,1548,3,4308,4,9905,4626,3,"East TN",2455501,21.3398406272284,0.0344962453066333,63.0421246010488,3.54306514230701,3.44962453066333
2021-06-09,290929,48,236568,38,54361,10,261602,54,1856975,2729,2118577,2783,0,4308,3,9908,4629,3,"East TN",2455501,18.4483736720124,0.0312245652978172,113.337359667131,1.95479456127283,3.12245652978172
2021-06-10,291004,75,236625,57,54379,18,261668,66,1858760,1785,2120428,1851,4,4312,4,9912,4632,3,"East TN",2455501,17.9596750316941,0.0305413011090879,75.3817652690836,3.0543665019888,3.05413011090879
2021-06-11,291074,70,236671,46,54403,24,261723,55,1860245,1485,2121968,1540,2,4314,4,9916,4633,1,"East TN",2455501,17.1044524111373,0.030372191011236,62.7163255075034,2.85074206852288,3.0372191011236
2021-06-12,291103,29,236693,22,54410,7,261754,31,1861438,1193,2123192,1224,3,4317,1,9917,4636,3,"East TN",2455501,16.6157537708191,0.030973846291172,49.8472613124572,1.18102171410234,3.0973846291172
2021-06-13,291122,19,236707,14,54415,5,261775,21,1862281,843,2124056,864,1,4318,1,9918,4637,1,"East TN",2455501,16.3306795639668,0.0313510600071865,35.186302102911,0.773772847170496,3.13510600071865
2021-06-14,291175,53,236740,33,54435,20,261816,41,1863533,1252,2125349,1293,3,4321,3,9921,4639,2,"East TN",2455501,15.5161818301031,0.0304422228226605,52.6572784942869,2.15841899473875,3.04422228226605
2021-06-15,291263,88,236809,69,54454,19,261904,88,1865415,1882,2127319,1970,0,4321,4,9925,4643,4,"East TN",2455501,15.5569067167963,0.0308893709327549,80.2280267855725,3.58379002900019,3.08893709327549
2021-06-16,291331,68,236850,41,54481,27,261942,38,1867320,1905,2129262,1943,2,4323,8,9933,4646,3,"East TN",2455501,16.37140445066,0.0318203088441741,79.1284548448565,2.76929229513651,3.18203088441741
2021-06-17,291382,51,236888,38,54494,13,261988,46,1869671,2351,2131659,2397,1,4324,1,9934,4650,4,"East TN",2455501,15.3940071700236,0.0284925652212626,97.617553403562,2.07696922135238,2.84925652212626
2021-06-18,291444,62,236939,51,54505,11,262043,55,1871399,1728,2133442,1783,2,4326,4,9938,4652,2,"East TN",2455501,15.0682080764781,0.0278891406658532,72.6124729739471,2.52494297497741,2.78891406658532
2021-06-19,291472,28,236956,17,54516,11,262061,18,1872549,1150,2134610,1168,0,4326,5,9943,4654,2,"East TN",2455501,15.0274831897849,0.0268873708180067,47.5666676576389,1.14029682740915,2.68873708180067
2021-06-20,291497,25,236977,21,54520,4,262078,17,1873302,753,2135380,770,3,4329,2,9945,4657,3,"East TN",2455501,15.271832509944,0.0267573295655246,31.3581627537517,1.0181221673296,2.67573295655246
2021-06-21,291564,67,237017,40,54547,27,262130,52,1874573,1271,2136703,1323,6,4335,2,9947,4659,2,"East TN",2455501,15.8419809236486,0.027655451823146,53.8790250950824,2.72856740844333,2.7655451823146
2021-06-22,291657,93,237063,46,54594,47,262181,51,1876000,1427,2138181,1478,5,4340,7,9954,4663,4,"East TN",2455501,16.0456053571145,0.0255017492174553,60.1913825325259,3.78741446246611,2.55017492174554
2021-06-23,291726,69,237111,48,54615,21,262236,55,1877789,1789,2140025,1844,2,4342,5,9959,4667,4,"East TN",2455501,16.0863302438077,0.0273158041438261,75.0966910622313,2.8100171818297,2.73158041438261
2021-06-24,291809,83,237163,52,54646,31,262298,62,1879632,1843,2141930,1905,3,4345,6,9965,4668,1,"East TN",2455501,17.3895266179896,0.0301820660110992,77.5809091505155,3.38016559553427,3.01820660110992
2021-06-25,291888,79,237219,56,54669,23,262367,69,1881436,1804,2143803,1873,0,4345,3,9968,4670,2,"East TN",2455501,18.0818496917737,0.0312711128269472,76.2777127763336,3.21726604876154,3.12711128269472
2021-06-26,291923,35,237237,18,54686,17,262388,21,1882620,1184,2145008,1205,0,4345,2,9970,4672,2,"East TN",2455501,18.366923898626,0.0314483554529717,49.0734884652867,1.42537103426144,3.14483554529717
2021-06-27,291952,29,237257,20,54695,9,262412,24,1883334,714,2145746,738,2,4347,3,9973,4674,2,"East TN",2455501,18.5298234453987,0.0322207215898129,30.0549663795698,1.18102171410234,3.22207215898129
2021-06-28,291996,44,237281,24,54715,20,262437,25,1883886,552,2146323,577,4,4351,3,9976,4674,0,"East TN",2455501,17.5931510514555,0.0319126819126819,23.4982596219672,1.7918950145001,3.19126819126819
2021-06-29,292126,130,237366,85,54760,45,262532,95,1885898,2012,2148430,2107,0,4351,7,9983,4677,3,"East TN",2455501,19.0999718591033,0.0342472436335252,85.8073362625387,5.29423527011392,3.42472436335252
2021-06-30,292211,85,237429,63,54782,22,262607,75,1887542,1644,2150149,1719,3,4354,4,9987,4677,0,"East TN",2455501,19.7515700461942,0.0366455946266298,70.0060802255833,3.46161536892064,3.66455946266298
2021-07-01,292317,106,237482,53,54835,53,262672,65,1890094,2552,2152766,2617,1,4355,2,9989,4680,3,"East TN",2455501,20.6882424401375,0.0345145810262089,106.577028476063,4.3168379894775,3.45145810262089
2021-07-02,292399,82,237545,63,54854,19,262746,74,1891776,1682,2154522,1756,0,4355,3,9992,4682,2,"East TN",2455501,20.810417100217,0.0353577759119321,71.5129010332311,3.33944070884109,3.53577759119321
2021-07-03,292447,48,237581,36,54866,12,262786,40,1892863,1087,2155649,1127,1,4356,3,9995,4685,3,"East TN",2455501,21.3398406272284,0.0374024997650597,45.8969473032184,1.95479456127283,3.74024997650597
2021-07-04,292474,27,237602,21,54872,6,262811,25,1893563,700,2156374,725,0,4356,1,9996,4686,1,"East TN",2455501,21.258390853842,0.0375423409860745,29.5255428525584,1.09957194071597,3.75423409860745
2021-07-05,292517,43,237626,24,54891,19,262836,25,1894045,482,2156881,507,0,4356,2,9998,4687,1,"East TN",2455501,21.2176659671489,0.0377912483424891,20.6475175534443,1.75117012780691,3.77912483424891
2021-07-06,292679,162,237730,104,54949,58,262947,111,1895370,1325,2158317,1436,5,4361,6,10004,4687,0,"East TN",2455501,22.5208623413308,0.0419743096996055,58.4809372914122,6.59743164429581,4.19743096996055
2021-07-07,292822,143,237812,82,55010,61,263035,88,1896827,1457,2159862,1545,4,4365,6,10010,4689,2,"East TN",2455501,24.8829057695354,0.0440646556161845,62.9199499409693,5.82365879712531,4.40646556161845
2021-07-08,292962,140,237914,102,55048,38,263152,117,1898681,1854,2161833,1971,2,4367,3,10013,4691,2,"East TN",2455501,26.2675519171037,0.0529392301753612,80.2687516722657,5.70148413704576,5.29392301753612
2021-07-09,293126,164,238036,122,55090,42,263283,131,1900425,1744,2163708,1875,0,4367,4,10017,4693,2,"East TN",2455501,29.6069926259448,0.058458523840627,76.35916254972,6.67888141768218,5.8458523840627
2021-07-10,293229,103,238108,72,55121,31,263356,73,1901482,1057,2164838,1130,0,4367,12,10029,4694,1,"East TN",2455501,31.8468613940699,0.0620306888671237,46.0191219632979,4.19466332939795,6.20306888671237
2021-07-11,293277,48,238143,35,55134,13,263399,43,1902238,756,2165637,799,2,4369,7,10036,4694,0,"East TN",2455501,32.7020840146267,0.0634783547446831,32.539184467854,1.95479456127283,6.34783547446832
2021-07-12,293449,172,238259,116,55190,56,263523,124,1903604,1366,2167127,1490,1,4370,14,10050,4695,1,"East TN",2455501,37.9555943980475,0.0670505563146594,60.6800811728442,7.00468051122765,6.70505563146594
2021-07-13,293663,214,238396,137,55267,77,263668,145,1905225,1621,2168893,1766,4,4374,17,10067,4699,4,"East TN",2455501,40.0732885060931,0.0681732223903177,71.9201499001629,8.71512575234138,6.81732223903177
2021-07-14,293836,173,238532,136,55304,37,263810,142,1906786,1561,2170596,1703,0,4374,12,10079,4700,1,"East TN",2455501,41.2950351068886,0.0722004844419601,69.3544820384923,7.04540539792083,7.22004844419601
2021-07-15,294056,220,238682,150,55374,70,263977,167,1908587,1801,2172564,1968,0,4374,15,10094,4700,0,"East TN",2455501,44.5530260423433,0.0768800670953313,80.1465770121861,8.95947507250048,7.68800670953313
2021-07-16,294286,230,238824,142,55462,88,264131,154,1910116,1529,2174247,1683,0,4374,10,10104,4704,4,"East TN",2455501,47.2408685640934,0.0804630420343486,68.5399843046287,9.36672393943232,8.04630420343486
2021-07-17,294430,144,238924,100,55506,44,264241,110,1911334,1218,2175575,1328,0,4374,5,10109,4706,2,"East TN",2455501,48.910588918514,0.0824252584520816,54.0826495285484,5.8643836838185,8.24252584520816
2021-07-18,294574,144,239045,121,55529,23,264373,132,1912458,1124,2176831,1256,0,4374,6,10115,4708,2,"East TN",2455501,52.8201780410596,0.0870108986957299,51.1504576866391,5.8643836838185,8.70108986957299
2021-07-19,294877,303,239256,211,55621,92,264589,216,1914148,1690,2178737,1906,2,4376,14,10129,4709,1,"East TN",2455501,58.1551381978667,0.091817398794143,77.6216340372087,12.3396406680348,9.1817398794143
2021-07-20,295234,357,239494,238,55740,119,264843,254,1915808,1660,2180651,1914,2,4378,22,10151,4711,2,"East TN",2455501,63.9787969949921,0.0999319612178942,77.9474331307542,14.5387845494667,9.99319612178942
2021-07-21,295636,402,239788,294,55848,108,265152,309,1917924,2116,2183076,2425,3,4381,28,10179,4715,4,"East TN",2455501,73.3047960477312,0.107532051282051,98.7578502309712,16.37140445066,10.7532051282051
2021-07-22,296110,474,240121,333,55989,141,265519,367,1920292,2368,2185811,2735,5,4386,21,10200,4718,3,"East TN",2455501,83.6489172677999,0.116403714048464,111.382565105858,19.3035962925692,11.6403714048464
2021-07-23,296570,460,240440,319,56130,141,265852,333,1922195,1903,2188047,2236,1,4387,28,10228,4724,6,"East TN",2455501,93.0156412072322,0.124710144927536,91.0608466459594,18.7334478788646,12.4710144927536
2021-07-24,296927,357,240689,249,56238,108,266117,265,1923946,1751,2190063,2016,0,4387,21,10249,4728,4,"East TN",2455501,101.69004207288,0.129486471562673,82.101371573459,14.5387845494667,12.9486471562673
2021-07-25,297155,228,240879,190,56276,38,266320,203,1925261,1315,2191581,1518,3,4390,17,10266,4733,5,"East TN",2455501,105.110932555108,0.132,61.8203780002533,9.28527416604595,13.2
2021-07-26,297822,667,241342,463,56480,204,266805,485,1926990,1729,2193795,2214,10,4400,36,10302,4737,4,"East TN",2455501,119.934791311427,0.147164298047549,90.1648991387094,27.1634994243537,14.7164298047549
2021-07-27,298548,726,241831,489,56717,237,267320,515,1929311,2321,2196631,2836,2,4402,28,10330,4743,6,"East TN",2455501,134.962274501212,0.155006257822278,115.49577866187,29.5662677392516,15.5006257822278
2021-07-28,299365,817,242379,548,56986,269,267934,614,1932177,2866,2200111,3480,2,4404,37,10367,4746,3,"East TN",2455501,151.863102478883,0.163310830642794,141.72260569228,33.2722324283313,16.3310830642794
2021-07-29,300053,688,242835,456,57218,232,268430,496,1934605,2428,2203035,2924,3,4407,23,10390,4750,4,"East TN",2455501,160.578228231225,0.169008360427311,119.07956869087,28.0187220449106,16.9008360427311
2021-07-30,301051,998,243584,749,57467,249,269233,803,1936408,1803,2205641,2606,4,4411,41,10431,4755,5,"East TN",2455501,182.488217272157,0.192167784471979,106.129054722438,40.6434369197976,19.2167784471979
2021-07-31,301586,535,243949,365,57637,170,269629,396,1938377,1969,2208006,2365,2,4413,32,10463,4765,10,"East TN",2455501,189.737247103544,0.19573092570919,96.3143570293801,21.7878143808534,19.573092570919
2021-08-01,302116,530,244369,420,57747,110,270090,461,1940515,2138,2210605,2599,3,4416,28,10491,4769,4,"East TN",2455501,202.036162884886,0.198170731707317,105.843980515585,21.5841899473875,19.8170731707317
2021-08-02,302966,850,244907,538,58059,312,270626,536,1942850,2335,2213476,2871,9,4425,33,10524,4778,9,"East TN",2455501,209.488817149738,0.1941466388903,116.921149696131,34.6161536892064,19.41466388903
2021-08-03,304304,1338,245876,969,58428,369,271642,1016,1946624,3774,2218266,4790,4,4429,40,10564,4788,10,"East TN",2455501,234.412447805967,0.199768892997458,195.072207260351,54.4898983954802,19.9768892997458
2021-08-04,305391,1087,246711,835,58680,252,272528,886,1950243,3619,2222771,4505,8,4437,40,10604,4794,6,"East TN",2455501,245.408167213127,0.202736098852604,183.465614552794,44.267951835491,20.2736098852604
2021-08-05,306571,1180,247604,893,58967,287,273481,953,1954207,3964,2227688,4917,10,4447,43,10647,4801,7,"East TN",2455501,265.444811466173,0.204883786963047,200.244267870386,48.0553662979571,20.4883786963047
2021-08-06,307909,1338,248591,987,59318,351,274564,1083,1958835,4628,2233399,5711,3,4450,52,10699,4814,13,"East TN",2455501,279.291272941856,0.192052741551985,232.579827904774,54.4898983954802,19.2052741551985
2021-08-07,308633,724,249116,525,59517,199,275147,583,1961837,3002,2236984,3585,0,4450,28,10727,4823,9,"East TN",2455501,286.988276526868,0.190420318862585,145.998718795065,29.4848179658652,19.0420318862585
2021-08-08,309270,637,249568,452,59702,185,275672,525,1963953,2116,2239625,2641,5,4455,30,10757,4833,10,"East TN",2455501,291.345839403038,0.192350103376981,107.554425756699,25.9417528235582,19.2350103376981
2021-08-09,310639,1369,250529,961,60110,408,276678,1006,1967490,3537,2244168,4543,13,4468,66,10823,4845,12,"East TN",2455501,312.482055596801,0.197184934184804,185.013160247135,55.7523698829689,19.7184934184804
2021-08-10,311964,1325,251379,850,60585,475,277595,917,1970741,3251,2248336,4168,6,4474,49,10872,4859,14,"East TN",2455501,311.952632069789,0.197971400066511,169.741327737191,53.9604748684688,19.7971400066511
2021-08-11,313850,1886,252692,1313,61158,573,278979,1384,1976096,5355,2255075,6739,8,4482,63,10935,4879,20,"East TN",2455501,344.491816537643,0.199696631996038,274.445011425367,76.807136303345,19.9696631996038
2021-08-12,315312,1462,253760,1068,61552,394,280140,1161,1980576,4480,2260716,5641,10,4492,45,10980,4893,14,"East TN",2455501,355.976234585121,0.201616809979411,229.729085836251,59.539784345435,20.1616809979411
2021-08-13,316958,1646,254883,1123,62075,523,281312,1172,1985995,5419,2267307,6591,11,4503,30,11010,4917,24,"East TN",2455501,368.519499686622,0.199009083402147,268.417728194776,67.0331634969809,19.9009083402147
2021-08-14,318488,1530,255972,1089,62516,441,282512,1200,1991466,5471,2273978,6671,1,4504,27,11037,4931,14,"East TN",2455501,401.343758361328,0.199086338325134,271.67571913023,62.3090766405715,19.9086338325134
2021-08-15,319632,1144,256939,967,62693,177,283571,1059,1995273,3807,2278844,4866,11,4515,21,11058,4944,13,"East TN",2455501,421.991275914773,0.20140748106785,198.167298649033,46.5892703770025,20.140748106785
2021-08-16,321071,1439,257858,919,63213,520,284534,963,1998332,3059,2282866,4022,17,4532,27,11085,4962,18,"East TN",2455501,424.842017983295,0.203007907385395,163.795494279986,58.6031119514918,20.3007907385395
2021-08-17,322807,1736,259073,1215,63734,521,285854,1320,2003191,4859,2289045,6179,10,4542,25,11110,4979,17,"East TN",2455501,441.579946414194,0.202878970252278,251.639074877184,70.6984032993674,20.2878970252278
2021-08-18,324898,2091,260466,1393,64432,698,287332,1478,2008611,5420,2295943,6898,13,4555,32,11142,4994,15,"East TN",2455501,449.928548186297,0.204389742585886,280.920268409583,85.1557380754477,20.4389742585886
2021-08-19,327289,2391,261968,1502,65321,889,288907,1575,2018563,9952,2307470,11527,23,4578,43,11185,5016,22,"East TN",2455501,487.761967924265,0.187513367840185,469.435768912332,97.3732040834029,18.7513367840185
2021-08-20,329744,2455,263948,1980,65796,475,291019,2112,2025454,6891,2316473,9003,4,4582,37,11222,5049,33,"East TN",2455501,520.708401259051,0.197433185534719,366.646154898736,99.9795968317667,19.7433185534719
2021-08-21,332672,2928,265926,1978,66746,950,293138,2119,2034379,8925,2327517,11044,0,4582,57,11279,5073,24,"East TN",2455501,577.641792856122,0.198472141803172,449.765648639524,119.242468237643,19.8472141803172
2021-08-22,334153,1481,267264,1338,66889,143,294654,1516,2039890,5511,2334544,7027,7,4589,17,11296,5092,19,"East TN",2455501,591.366079671725,0.198976660682226,286.173778793004,60.3135571926055,19.8976660682226
2021-08-23,336101,1948,268393,1129,67708,819,295840,1186,2043856,3966,2339696,5152,17,4606,37,11333,5113,21,"East TN",2455501,612.095046998556,0.198944219602323,209.814616243284,79.3320792783224,19.8944219602323
2021-08-24,338084,1983,269784,1391,68300,592,297273,1433,2047635,3779,2344908,5212,15,4621,25,11358,5151,38,"East TN",2455501,622.154094011772,0.204410790684353,212.258109444875,80.7574503125839,20.4410790684353
2021-08-25,340309,2225,270997,1213,69312,1012,298517,1244,2051670,4035,2350187,5279,17,4638,39,11397,5189,38,"East TN",2455501,627.611228828659,0.206197920507337,214.986676853318,90.6128728923344,20.6197920507337
2021-08-26,342963,2654,272832,1835,70131,819,300472,1955,2058515,6845,2358987,8800,24,4662,40,11437,5219,30,"East TN",2455501,638.321874028966,0.22448900362987,358.379002900019,108.08384928371,22.448900362987
2021-08-27,345973,3010,275112,2280,70861,730,302845,2373,2065587,7072,2368432,9445,19,4681,44,11481,5240,21,"East TN",2455501,660.924186143683,0.22760253276622,384.646554817123,122.581908946484,22.760253276622
2021-08-28,348116,2143,276652,1540,71464,603,304517,1672,2071453,5866,2375970,7538,1,4682,33,11514,5275,35,"East TN",2455501,628.955150089534,0.234846139557922,306.984195893221,87.2734321834933,23.4846139557922
2021-08-29,350449,2333,278479,1827,71970,506,306537,2020,2078446,6993,2384983,9013,9,4691,45,11559,5306,31,"East TN",2455501,663.652753552126,0.235591506572295,367.053403765667,95.0111606551983,23.5591506572295
2021-08-30,353690,3241,280894,2415,72796,826,309143,2606,2087486,9040,2396629,11646,21,4712,71,11630,5346,40,"East TN",2455501,716.310032046413,0.233660618621889,474.282030428821,131.989357772609,23.3660618621889
2021-08-31,357278,3588,283306,2412,73972,1176,311751,2608,2096071,8585,2407822,11193,7,4719,80,11710,5381,35,"East TN",2455501,781.673475188974,0.230123660870395,455.833656756809,146.120893455144,23.0123660870395
2021-09-01,358712,1434,284260,954,74452,480,312740,989,2098353,2282,2411093,3271,14,4733,32,11742,5423,42,"East TN",2455501,749.460089814665,0.233523790759531,133.211104373405,58.3994875180259,23.3523790759531
2021-09-02,361028,2316,285755,1495,75273,821,314256,1516,2102610,4257,2416866,5773,19,4752,44,11786,5453,30,"East TN",2455501,735.695078112369,0.23815200677275,235.104770879751,94.3188375814141,23.815200677275
2021-09-03,362784,1756,286982,1227,75802,529,315550,1294,2106715,4105,2422265,5399,17,4769,32,11818,5482,29,"East TN",2455501,684.626070199116,0.236007653298163,219.8736632565,71.5129010332311,23.6007653298163
2021-09-04,366042,3258,289324,2342,76718,916,318123,2573,2114760,8045,2432883,10618,3,4772,56,11874,5513,31,"East TN",2455501,730.034318862016,0.239066645581853,432.416846908228,132.681680846393,23.9066645581853
2021-09-05,370496,4454,292579,3255,77917,1199,321610,3487,2127269,12509,2448879,15996,8,4780,58,11932,5568,55,"East TN",2455501,816.41180353826,0.235898960811318,651.435287544171,181.388645331442,23.5898960811318
2021-09-06,375400,4904,296511,3932,78889,972,325896,4286,2142902,15633,2468798,19919,11,4791,102,12034,5605,37,"East TN",2455501,884.137290109025,0.232135681525309,811.199018041532,199.714844343374,23.2135681525309
2021-09-07,377478,2078,297968,1457,79510,621,327414,1518,2147327,4425,2474741,5943,34,4825,64,12098,5637,32,"East TN",2455501,822.642711202317,0.234059086358134,242.028001617593,84.6263145484363,23.4059086358134
2021-09-08,379153,1675,299144,1176,80009,499,328675,1261,2151704,4377,2480379,5638,19,4844,60,12158,5678,41,"East TN",2455501,832.457408895374,0.229988742314465,229.606911176171,68.2141852110832,22.9988742314465
2021-09-09,381062,1909,300149,1005,80913,904,329752,1077,2155369,3665,2485121,4742,8,4852,55,12213,5718,40,"East TN",2455501,815.882380011248,0.227030986740898,193.117412699079,77.7438086972883,22.7030986740898
2021-09-10,386552,5490,303989,3840,82563,1650,333888,4136,2167471,12102,2501359,16238,23,4875,144,12357,5754,36,"East TN",2455501,967.949106923597,0.231850709282626,661.290710123922,223.57962794558,23.1850709282626
2021-09-11,390830,4278,307093,3104,83737,1174,337202,3314,2179289,11818,2516491,15132,8,4883,119,12476,5798,44,"East TN",2455501,1009.48849135064,0.228195866424266,616.24898544126,174.221065273441,22.8195866424266
2021-09-12,392409,1579,308516,1423,83893,156,338756,1554,2184529,5240,2523285,6794,23,4906,50,12526,5842,44,"East TN",2455501,892.404442107741,0.230438405504932,276.684880193492,64.3045960885375,23.0438405504932
2021-09-13,394760,2351,309968,1452,84792,899,340260,1504,2189652,5123,2529912,6627,63,4969,84,12610,5892,50,"East TN",2455501,788.433806380042,0.235036161926891,269.88382411573,95.7442086156756,23.5036161926891
2021-09-14,397571,2811,311923,1955,85648,856,342335,2075,2195872,6220,2538207,8295,43,5012,63,12673,5936,44,"East TN",2455501,818.285148326146,0.235102259477516,337.812935119961,114.47765649454,23.5102259477516
2021-09-15,399364,1793,313121,1198,86243,595,343552,1217,2199647,3775,2543199,4992,23,5035,36,12709,5975,39,"East TN",2455501,823.090684955942,0.236819484240688,203.298634372375,73.0197218408789,23.6819484240688
2021-09-16,402007,2643,314975,1854,87032,789,345509,1957,2206304,6657,2551813,8614,23,5058,65,12774,6012,37,"East TN",2455501,852.982751788739,0.236265219216698,350.804173975087,107.635875530085,23.6265219216698
2021-09-17,404685,2678,316850,1875,87835,803,347513,2004,2213506,7202,2561019,9206,23,5081,82,12856,6067,55,"East TN",2455501,738.464370407505,0.228377472343279,374.913306897452,109.061246564347,22.8377472343279
2021-09-18,406135,1450,318026,1176,88109,274,348849,1336,2218978,5472,2567827,6808,3,5084,39,12895,6125,58,"East TN",2455501,623.294390839181,0.226877824528596,277.255028607197,59.0510857051168,22.6877824528596
2021-09-19,406778,643,318472,446,88306,197,349362,513,2221055,2077,2570417,2590,17,5101,25,12920,6168,43,"East TN",2455501,585.175896894361,0.225027582109819,105.477456535347,26.1861021437173,22.5027582109819
2021-09-20,408758,1980,319728,1256,89030,724,350732,1370,2226691,5636,2577423,7006,48,5149,70,12990,6212,44,"East TN",2455501,570.06696393119,0.220412115089137,285.318556172447,80.6352756525043,22.0412115089137
2021-09-21,410629,1871,320831,1103,89798,768,351870,1138,2230995,4304,2582865,5442,31,5180,61,13051,6259,47,"East TN",2455501,531.785570439597,0.213511576873125,221.624833384307,76.1962630029473,21.3511576873125
2021-09-22,412221,1592,321948,1117,90273,475,353091,1221,2236351,5356,2589442,6577,14,5194,45,13096,6299,40,"East TN",2455501,523.599868214267,0.206279869385637,267.847579781071,64.8340196155489,20.6279869385637
2021-09-23,414568,2347,323455,1507,91113,840,354753,1662,2242707,6356,2597460,8018,32,5226,59,13155,6337,38,"East TN",2455501,511.545301753084,0.20251057024558,326.532141505949,95.5813090689028,20.251057024558
2021-09-24,416105,1537,324436,981,91669,556,355850,1097,2247586,4879,2603436,5976,37,5263,40,13195,6386,49,"East TN",2455501,465.078206036161,0.196548553645944,243.371922878468,62.5941508474238,19.6548553645944
2021-09-25,416802,697,324925,489,91877,208,356412,562,2250607,3021,2607019,3583,2,5265,21,13216,6428,42,"East TN",2455501,434.412366356194,0.192973055725658,145.917269021678,28.3852460251492,19.2973055725658
2021-09-26,417663,861,325553,628,92110,233,357135,723,2254582,3975,2611717,4698,6,5271,26,13242,6464,36,"East TN",2455501,443.290391655308,0.188208232445521,191.325517684578,35.0641274428314,18.8208232445521
2021-09-27,419120,1457,326383,830,92737,627,358057,922,2258173,3591,2616230,4513,46,5317,45,13287,6497,33,"East TN",2455501,421.991275914773,0.18875460612776,183.791413646339,59.3361599119691,18.875460612776
2021-09-28,420412,1292,327171,788,93241,504,358915,858,2261833,3660,2620748,4518,14,5331,34,13321,6533,36,"East TN",2455501,398.411566519419,0.185967320433968,183.995038079805,52.6165536075937,18.5967320433968
2021-09-29,422090,1678,328181,1010,93909,668,360054,1139,2267330,5497,2627384,6636,30,5361,50,13371,6578,45,"East TN",2455501,401.913906775033,0.183516946918982,270.250348095969,68.3363598711627,18.3516946918982
2021-09-30,423299,1209,328942,761,94357,448,360874,820,2272001,4671,2632875,5491,11,5372,40,13411,6613,35,"East TN",2455501,355.56898571819,0.172836368770295,223.620352832273,49.2363880120595,17.2836368770295
2021-10-01,424669,1370,329914,972,94755,398,361948,1074,2276974,4973,2638922,6047,14,5386,47,13458,6642,29,"East TN",2455501,348.767929640428,0.171842416727724,246.263389833684,55.7930947696621,17.1842416727724
2021-10-02,425222,553,330265,351,94957,202,362343,395,2279643,2669,2641986,3064,11,5397,19,13477,6680,38,"East TN",2455501,342.903545956609,0.169617067520805,124.781052827916,22.5208623413308,16.9617067520805
2021-10-03,425761,539,330731,466,95030,73,362867,524,2282734,3091,2645601,3615,13,5410,15,13492,6713,33,"East TN",2455501,329.790132441404,0.169165387793649,147.22046539586,21.9507139276262,16.9165387793649
2021-10-04,427107,1346,331588,857,95519,489,363807,940,2286871,4137,2650678,5077,22,5432,29,13521,6736,23,"East TN",2455501,325.269670018461,0.166918253599628,206.760249741295,54.8156974890257,16.6918253599628
2021-10-05,428371,1264,332344,756,96027,508,364622,815,2291333,4462,2655955,5277,17,5449,41,13562,6776,40,"East TN",2455501,324.129373191051,0.162098446331695,214.905227079932,51.4762567801846,16.2098446331695
2021-10-06,429308,937,333052,708,96256,229,365402,780,2295754,4421,2661156,5201,18,5467,26,13588,6811,35,"East TN",2455501,293.952232151402,0.158356034584863,211.81013569125,38.1592188315134,15.8356034584863
2021-10-07,430423,1115,333845,793,96578,322,366260,858,2300535,4781,2666795,5639,24,5491,26,13614,6841,30,"East TN",2455501,290.124092802243,0.158785377358491,229.647636062865,45.4082486629002,15.8785377358491
2021-10-08,431474,1051,334432,587,97042,464,366902,642,2304780,4245,2671682,4887,9,5500,31,13645,6862,21,"East TN",2455501,277.132853947117,0.151221001221001,199.02252126959,42.8018559145364,15.1221001221001
2021-10-09,432015,541,334787,355,97228,186,367319,417,2307589,2809,2674908,3226,4,5504,32,13677,6892,30,"East TN",2455501,276.644155306799,0.151145130915497,131.378484472212,22.0321637010125,15.1145130915497
2021-10-10,432332,317,335052,265,97280,52,367628,309,2309821,2232,2677449,2541,6,5510,16,13693,6916,24,"East TN",2455501,267.603230460912,0.14949133383572,103.481937087381,12.9097890817393,14.949133383572
2021-10-11,433549,1217,335590,538,97959,679,368176,548,2313267,3446,2681443,3994,52,5562,33,13726,6930,14,"East TN",2455501,262.349720077491,0.142012026653665,162.655197452577,49.5621871056049,14.2012026653665
2021-10-12,434483,934,336227,637,98256,297,369181,1005,2316911,3644,2686092,4649,29,5591,32,13758,6964,34,"East TN",2455501,248.910507468741,0.151275840329163,189.329998236612,38.0370441714339,15.1275840329163
2021-10-13,435328,845,336775,548,98553,297,369830,649,2320775,3864,2690605,4513,25,5616,37,13795,6987,23,"East TN",2455501,245.163817892968,0.150361642161024,183.791413646339,34.4125292557405,15.0361642161024
2021-10-14,436275,947,337428,653,98847,294,370551,721,2324778,4003,2695329,4724,31,5647,33,13828,7019,32,"East TN",2455501,238.322036928513,0.150382000420551,192.384364738601,38.5664676984452,15.0382000420551
2021-10-15,437078,803,337940,512,99138,291,371127,576,2328671,3893,2699798,4469,24,5671,30,13858,7044,25,"East TN",2455501,228.222265028603,0.150270308721013,181.999518631839,32.7020840146267,15.0270308721013
2021-10-16,437385,307,338179,239,99206,68,371398,271,2330901,2230,2702299,2501,7,5678,12,13870,7059,15,"East TN",2455501,218.692641542398,0.148917527655069,101.852941619653,12.5025402148075,14.8917527655069
2021-10-17,437637,252,338389,210,99248,42,371646,248,2332564,1663,2704210,1911,7,5685,14,13884,7075,16,"East TN",2455501,216.045523907341,0.150143866073764,77.8252584706746,10.2626714466824,15.0143866073764
2021-10-18,438423,786,338855,466,99568,320,372161,515,2335754,3190,2707915,3705,23,5708,37,13921,7096,21,"East TN",2455501,198.493097742579,0.1505364158356,150.885705198247,32.0097609408426,15.05364158356
2021-10-19,439254,831,339296,441,99958,390,372635,474,2339082,3328,2711717,3802,25,5733,23,13944,7112,16,"East TN",2455501,194.298434413181,0.134790243902439,154.836019207486,33.8423808420359,13.4790243902439
2021-10-20,440017,763,339786,490,100231,273,373176,541,2343103,4021,2716279,4562,15,5748,21,13965,7131,19,"East TN",2455501,190.95899370434,0.130326400249279,185.786933094305,31.0730885468994,13.0326400249279
2021-10-21,440646,629,340209,423,100437,206,373646,470,2346740,3637,2720386,4107,17,5765,21,13986,7149,18,"East TN",2455501,178.008479735907,0.123518378097937,167.257109648907,25.6159537300127,12.3518378097937
2021-10-22,441190,544,340550,341,100640,203,374032,386,2349844,3104,2723876,3490,6,5771,18,14004,7167,18,"East TN",2455501,167.460734082373,0.120649555610931,142.129854559212,22.1543383610921,12.0649555610931
2021-10-23,441546,356,340794,244,100752,112,374305,273,2352228,2384,2726533,2657,0,5771,15,14019,7187,20,"East TN",2455501,169.456253530339,0.119955434513493,108.20602394379,14.4980596627735,11.9955434513493
2021-10-24,441789,243,340956,162,100833,81,374501,196,2354125,1897,2728626,2093,7,5778,14,14033,7199,12,"East TN",2455501,169.0897295501,0.116931520314548,85.2371878488341,9.89614746644371,11.6931520314548
2021-10-25,442211,422,341204,248,101007,174,374772,271,2356556,2431,2731328,2702,28,5806,21,14054,7210,11,"East TN",2455501,154.265870793781,0.111519241447059,110.038643844983,17.1859021845236,11.1519241447059
2021-10-26,442737,526,341533,329,101204,197,375110,338,2359195,2639,2734305,2977,12,5818,28,14082,7221,11,"East TN",2455501,141.84478035236,0.109571453869311,121.237987685609,21.4212904006148,10.9571453869311
2021-10-27,443357,620,341927,394,101430,226,375534,424,2363393,4198,2738927,4622,10,5828,21,14103,7242,21,"East TN",2455501,136.021121555235,0.104115153655952,188.230426295896,25.2494297497741,10.4115153655952
2021-10-28,443772,415,342183,256,101589,159,375825,291,2366190,2797,2742015,3088,16,5844,15,14118,7257,15,"East TN",2455501,127.305995802893,0.100744370983402,125.758450108552,16.9008279776714,10.0744370983402
2021-10-29,444231,459,342487,304,101744,155,376157,332,2369707,3517,2745864,3849,4,5848,10,14128,7274,17,"East TN",2455501,123.844380433973,0.0966436237947972,156.750088882065,18.6927229921715,9.66436237947972
2021-10-30,444494,263,342689,202,101805,61,376386,229,2372281,2574,2748667,2803,0,5848,16,14144,7288,14,"East TN",2455501,120.056965971506,0.0940182524622752,114.151857400995,10.7106452003074,9.40182524622752
2021-10-31,444665,171,342816,127,101849,44,376532,146,2373905,1624,2750437,1770,0,5848,5,14149,7299,11,"East TN",2455501,117.124774129597,0.0931181513914997,72.0830494469357,6.96395562453446,9.31181513914997
2021-11-01,445261,596,343177,361,102084,235,376922,390,2377022,3117,2753944,3507,14,5862,23,14172,7308,9,"East TN",2455501,124.210904414211,0.0950654403961797,142.822177632996,24.2720324691377,9.50654403961797
2021-11-02,445674,413,343398,221,102276,192,377149,227,2379233,2211,2756382,2438,25,5887,16,14188,7331,23,"East TN",2455501,119.608992217881,0.0923585632105812,99.2872737579826,16.819378204285,9.23585632105812
2021-11-03,446247,573,343778,380,102469,193,377543,394,2383811,4578,2761354,4972,6,5893,14,14202,7342,11,"East TN",2455501,117.694922543302,0.0895795246800731,202.484136638511,23.3353600751944,8.95795246800731
2021-11-04,446664,417,344080,302,102584,115,377873,330,2387346,3535,2765219,3865,13,5906,9,14211,7353,11,"East TN",2455501,117.776372316688,0.0882606447164282,157.401687069156,16.9822777510577,8.82606447164282
2021-11-05,447099,435,344365,285,102734,150,378197,324,2390929,3583,2769126,3907,2,5908,13,14224,7359,6,"East TN",2455501,116.798975036052,0.0876966726850658,159.11213231027,17.715325711535,8.76966726850658
2021-11-06,447332,233,344536,171,102796,62,378385,188,2393169,2240,2771554,2428,0,5908,13,14237,7367,8,"East TN",2455501,115.577228435256,0.0873421593044086,98.8800248910507,9.48889859951187,8.73421593044086
2021-11-07,447531,199,344664,128,102867,71,378539,154,2395070,1901,2773609,2055,6,5914,8,14245,7379,12,"East TN",2455501,116.717525262665,0.086613153806318,83.6896421544931,8.10425245194362,8.6613153806318
2021-11-08,448072,541,345010,346,103062,195,378924,385,2398603,3533,2777527,3918,25,5939,25,14270,7391,12,"East TN",2455501,114.47765649454,0.0848916592460671,159.560106063895,22.0321637010125,8.48916592460671
2021-11-09,448936,864,345624,614,103312,250,379721,797,2405871,7268,2785592,8065,10,5949,27,14297,7406,15,"East TN",2455501,132.844580393166,0.0880520369736392,328.446211180529,35.186302102911,8.80520369736392
2021-11-10,449562,626,346062,438,103500,188,380223,502,2411122,5251,2791345,5753,7,5956,28,14325,7417,11,"East TN",2455501,135.002999387905,0.0893601413757461,234.290273145888,25.4937790699332,8.93601413757461
2021-11-11,450066,504,346444,382,103622,122,380628,405,2415410,4288,2796038,4693,5,5961,10,14335,7430,13,"East TN",2455501,138.546064530212,0.0893929069729712,191.121893251113,20.5253428933647,8.93929069729712
2021-11-12,450547,481,346766,322,103781,159,380960,332,2418860,3450,2799820,3782,2,5963,24,14359,7440,10,"East TN",2455501,140.419409318098,0.0900175930149215,154.021521473622,19.5886704994215,9.00175930149215
2021-11-13,450784,237,346908,142,103876,95,381109,149,2420858,1998,2801967,2147,4,5967,11,14370,7449,9,"East TN",2455501,140.582308864871,0.0895669614967284,87.436331730266,9.65179814628461,8.95669614967284
2021-11-14,451145,361,347224,316,103921,45,381454,345,2423836,2978,2805290,3323,1,5968,14,14384,7457,8,"East TN",2455501,147.179740509167,0.0920109845017518,135.32879848145,14.7016840962394,9.20109845017518
2021-11-15,451722,577,347515,291,104207,286,381755,301,2426603,2767,2808358,3068,26,5994,20,14404,7467,10,"East TN",2455501,148.645836430122,0.09182316499627,124.943952374689,23.4982596219672,9.182316499627
2021-11-16,452393,671,347947,432,104446,239,382215,460,2430210,3607,2812425,4067,24,6018,17,14421,7477,10,"East TN",2455501,140.785933298337,0.0929452539783103,165.628114181179,27.3263989711265,9.29452539783103
2021-11-17,453105,712,348412,465,104693,247,382723,508,2434855,4645,2817578,5153,5,6023,27,14448,7487,10,"East TN",2455501,144.288273553951,0.0952998132123661,209.855341129977,28.996119325547,9.52998132123661
2021-11-18,453729,624,348822,410,104907,214,383201,478,2439717,4862,2822918,5340,12,6035,19,14467,7496,9,"East TN",2455501,149.175259957133,0.0957217261904762,217.470894941603,25.4123292965468,9.57217261904762
2021-11-19,454342,613,349264,442,105078,171,383661,460,2444191,4474,2827852,4934,7,6042,13,14480,7504,8,"East TN",2455501,154.550945000633,0.0963541666666667,200.93659094417,24.9643555429218,9.63541666666667
2021-11-20,454664,322,349511,247,105153,75,383948,287,2446895,2704,2830843,2991,0,6042,14,14494,7512,8,"East TN",2455501,158.012560369554,0.0983169414046267,121.808136099313,13.1134135152052,9.83169414046267
2021-11-21,454928,264,349663,152,105265,112,384112,164,2448378,1483,2832490,1647,9,6051,10,14504,7523,11,"East TN",2455501,154.062246360315,0.0977205882352941,67.073888383674,10.7513700870006,9.77205882352941
2021-11-22,455680,752,350158,495,105522,257,384624,512,2452246,3868,2836870,4380,20,6071,38,14542,7529,6,"East TN",2455501,161.189101531622,0.100624298540965,178.375003716146,30.6251147932744,10.0624298540965
2021-11-23,456356,676,350627,469,105729,207,385113,489,2455547,3301,2840660,3790,21,6092,19,14561,7536,7,"East TN",2455501,161.392725965088,0.102638569151762,154.347320567167,27.5300234045924,10.2638569151762
2021-11-24,457092,736,351159,532,105933,204,385686,573,2459575,4028,2845261,4601,6,6098,21,14582,7546,10,"East TN",2455501,162.370123245725,0.107033197269082,187.37520367534,29.9735166061834,10.7033197269082
2021-11-25,457378,286,351317,158,106061,128,385859,173,2461211,1636,2847070,1809,1,6099,10,14592,7555,9,"East TN",2455501,148.605111543428,0.110052997681351,73.6713200279699,11.6473175942506,11.0052997681351
2021-11-26,457608,230,351519,202,106089,28,386103,244,2462888,1677,2848991,1921,1,6100,15,14607,7559,4,"East TN",2455501,133.007479939939,0.115521074790671,78.2325073376065,9.36672393943232,11.5521074790671
2021-11-27,457892,284,351747,228,106145,56,386357,254,2464482,1594,2850839,1848,0,6100,14,14621,7570,11,"East TN",2455501,131.459934245598,0.120474094818964,75.259590609004,11.5658678208643,12.0474094818964
2021-11-28,458207,315,351959,212,106248,103,386574,217,2465992,1510,2852566,1727,7,6107,20,14641,7580,10,"East TN",2455501,133.53690346695,0.122633990834828,70.3318793191288,12.828339308353,12.2633990834828
2021-11-29,459304,1097,352673,714,106631,383,387312,738,2470539,4547,2857851,5285,19,6126,35,14676,7588,8,"East TN",2455501,147.586989376099,0.128115914398742,215.231026173477,44.6752007024228,12.8115914398742
2021-11-30,460142,838,353182,509,106960,329,387818,506,2473906,3367,2861724,3873,64,6190,26,14702,7600,12,"East TN",2455501,154.184421020395,0.128418154196734,157.727486162702,34.1274550488882,12.8418154196734
2021-12-01,461225,1083,353953,771,107272,312,388626,808,2479076,5170,2867702,5978,48,6238,32,14734,7621,21,"East TN",2455501,168.315956702929,0.13101020453634,243.453372651854,44.1050522887183,13.101020453634
2021-12-02,462128,903,354577,624,107551,279,389292,666,2483737,4661,2873029,5327,39,6277,18,14752,7638,17,"East TN",2455501,193.443211792624,0.13224700489233,216.941471414591,36.7745726839452,13.224700489233
2021-12-03,463146,1018,355312,735,107834,283,390074,782,2488713,4976,2878787,5758,21,6298,25,14777,7650,12,"East TN",2455501,225.534422506853,0.133272922539938,234.493897579353,41.4579346536613,13.3272922539938
2021-12-04,463569,423,355646,334,107923,89,390455,381,2491465,2752,2881920,3133,3,6301,29,14806,7662,12,"East TN",2455501,231.195181757206,0.13184903960619,127.591070009745,17.2266270712168,13.184903960619
2021-12-05,463954,385,355862,216,108092,169,390686,231,2493396,1931,2884082,2162,12,6313,15,14821,7670,8,"East TN",2455501,234.045923825728,0.13047341033126,88.0472050306638,15.6790813768758,13.047341033126
2021-12-06,464905,951,356507,645,108398,306,391376,690,2497580,4184,2888956,4874,69,6382,32,14853,7684,14,"East TN",2455501,228.100090368524,0.130654235653432,198.493097742579,38.729367245218,13.0654235653432
2021-12-07,465747,842,357040,533,108707,309,391917,541,2501056,3476,2892973,4017,8,6390,27,14880,7689,5,"East TN",2455501,228.262989915296,0.13117219751032,163.59186984652,34.2903545956609,13.117219751032
2021-12-08,466793,1046,357677,637,109116,409,392574,657,2505669,4613,2898243,5270,4,6394,29,14909,7706,17,"East TN",2455501,226.756169107649,0.129268851707541,214.62015287308,42.5982314810705,12.9268851707541
2021-12-09,467712,919,358297,620,109415,299,393241,667,2510646,4977,2903887,5644,19,6413,30,14939,7720,14,"East TN",2455501,227.407767294739,0.127973297038045,229.85126049633,37.4261708710361,12.7973297038045
2021-12-10,468507,795,358845,548,109662,247,393842,601,2515155,4509,2908997,5110,5,6418,22,14961,7734,14,"East TN",2455501,218.326117562159,0.124726911618669,208.10417100217,32.3762849210813,12.4726911618669
2021-12-11,468903,396,359131,286,109772,110,394167,325,2518076,2921,2912243,3246,0,6418,19,14980,7743,9,"East TN",2455501,217.226545621443,0.122415328298651,132.192982206075,16.1270551305009,12.2415328298651
2021-12-12,469334,431,359394,263,109940,168,394461,294,2520594,2518,2915055,2812,9,6427,18,14998,7750,7,"East TN",2455501,219.09989040933,0.121880347399348,114.518381381233,17.5524261647623,12.1880347399348
2021-12-13,470215,881,359968,574,110247,307,395064,603,2525196,4602,2920260,5205,23,6450,24,15022,7759,9,"East TN",2455501,216.249148340807,0.117812420138002,211.973035238023,35.8786251766951,11.7812420138002
2021-12-14,470972,757,360424,456,110548,301,395547,483,2529218,4022,2924765,4505,36,6486,23,15045,7767,8,"East TN",2455501,212.787532971886,0.114179667840966,183.465614552794,30.8287392267403,11.4179667840966
2021-12-15,471841,869,361013,589,110828,280,396175,628,2534020,4802,2930195,5430,19,6505,22,15067,7782,15,"East TN",2455501,205.579228027193,0.112700300450676,221.136134743989,35.3899265363769,11.2700300450676
2021-12-16,472635,794,361523,510,111112,284,396720,545,2537840,3820,2934560,4365,19,6524,22,15089,7799,17,"East TN",2455501,200.488617190545,0.113422228018127,177.764130415748,32.3355600343881,11.3422228018127
2021-12-17,473445,810,362059,536,111386,274,397305,585,2542508,4668,2939813,5253,24,6548,33,15122,7813,14,"East TN",2455501,201.099490490943,0.112376687435099,213.927829799296,32.987158221479,11.2376687435099
2021-12-18,474015,570,362439,380,111576,190,397731,426,2545852,3344,2943583,3770,0,6548,28,15150,7826,13,"East TN",2455501,208.185620775557,0.113720485003191,153.532822833304,23.2131854151149,11.3720485003191
2021-12-19,474436,421,362720,281,111716,140,398041,310,2548513,2661,2946554,2971,6,6554,16,15166,7835,9,"East TN",2455501,207.778371908625,0.113654401727039,120.99363836545,17.1451772978305,11.3654401727039
2021-12-20,475370,934,363344,624,112026,310,398679,638,2552473,3960,2951152,4598,40,6594,31,15197,7847,12,"East TN",2455501,209.936790903364,0.117020587854461,187.25302901526,38.0370441714339,11.7020587854461
2021-12-21,476380,1010,364000,656,112380,354,399348,669,2556856,4383,2956204,5052,30,6624,28,15225,7857,10,"East TN",2455501,220.240187236739,0.120900792009924,205.742127573966,41.1321355601158,12.0900792009924
2021-12-22,477865,1485,364731,731,113134,754,400096,748,2561193,4337,2961289,5085,852,7476,37,15262,7873,16,"East TN",2455501,245.32671743974,0.126101498681418,207.086048834841,60.4764567393782,12.6101498681418
2021-12-23,479030,1165,365536,805,113494,360,400960,864,2565678,4485,2966638,5349,28,7504,33,15295,7890,17,"East TN",2455501,260.435650402912,0.132177816572106,217.837418921841,47.4444929975594,13.2177816572106
2021-12-24,479968,938,366186,650,113782,288,401668,708,2569513,3835,2971181,4543,0,7504,17,15312,7912,22,"East TN",2455501,265.648435899639,0.139090793165009,185.013160247135,38.1999437182066,13.9090793165009
2021-12-25,480448,480,366469,283,113979,197,402001,333,2571632,2119,2973633,2452,8,7512,19,15331,7920,8,"East TN",2455501,261.983196097253,0.142096505823627,99.8574221716871,19.5479456127283,14.2096505823627
2021-12-26,480791,343,366746,277,114045,66,402321,320,2573507,1875,2975828,2195,62,7574,18,15349,7937,17,"East TN",2455501,258.806654935184,0.146204823392772,89.3911262915389,13.9686361357621,14.6204823392772
2021-12-27,482666,1875,368008,1262,114658,613,403631,1310,2578259,4752,2981890,6062,64,7638,35,15384,7956,19,"East TN",2455501,297.12877331347,0.161103520072874,246.874263134081,76.35916254972,16.1103520072874
2021-12-28,485090,2424,369451,1443,115639,981,405117,1486,2582636,4377,2987753,5863,18,7656,25,15409,7969,13,"East TN",2455501,354.713763097633,0.182858410726172,238.770010682138,98.717125344278,18.2858410726172
2021-12-29,487976,2886,371380,1929,116596,957,407120,2003,2587925,5289,2995045,7292,37,7693,30,15439,7984,15,"East TN",2455501,411.769329354783,0.208081526247186,296.965873766698,117.532022996529,20.8081526247186
2021-12-30,490801,2825,373166,1786,117635,1039,408943,1823,2592387,4462,3001330,6285,14,7707,33,15472,7999,15,"East TN",2455501,479.372641265469,0.230110688343134,255.955912866661,115.047804908245,23.0110688343134
2021-12-31,493324,2523,374980,1814,118344,709,410890,1947,2597220,4833,3008110,6780,0,7707,24,15496,8018,19,"East TN",2455501,543.921586674165,0.249722440358526,276.114731779788,102.748889126903,24.9722440358526
2022-01-01,494783,1459,376210,1230,118573,229,412229,1339,2600869,3649,3013098,4988,0,7707,32,15528,8026,8,"East TN",2455501,583.791250746793,0.259166349930318,203.135734825602,59.4176096853555,25.9166349930318
2022-01-02,496247,1464,377174,964,119073,500,413452,1223,2603885,3016,3017337,4239,6,7713,26,15554,8046,20,"East TN",2455501,629.443848729852,0.268158712568359,172.632794692407,59.6212341188214,26.8158712568359
2022-01-03,499141,2894,379358,2184,119783,710,415678,2226,2608055,4170,3023733,6396,33,7746,36,15590,8060,14,"East TN",2455501,670.942508270206,0.287909566713668,260.476375289605,117.857822090074,28.7909566713668
2022-01-04,503312,4171,381815,2457,121497,1714,418069,2391,2613292,5237,3031361,7628,14,7760,42,15632,8078,18,"East TN",2455501,742.088885323199,0.297009722986608,310.649435695608,169.86350239727,29.7009722986608
2022-01-05,508246,4934,385226,3411,123020,1523,421569,3500,2618526,5234,3040095,8734,15,7775,44,15676,8103,25,"East TN",2455501,825.49345327084,0.320732519422863,355.691160378269,200.93659094417,32.0732519422863
2022-01-06,513405,5159,388696,3470,124709,1689,425217,3648,2624137,5611,3049354,9259,11,7786,42,15718,8123,20,"East TN",2455501,920.545338812731,0.338872230551391,377.071725892191,210.099690450136,33.8872230551391
2022-01-07,517776,4371,391923,3227,125853,1144,428495,3278,2628821,4684,3057316,7962,12,7798,37,15755,8145,22,"East TN",2455501,995.804929421735,0.357781571353087,324.251547851131,178.008479735907,35.7781571353087
2022-01-08,520921,3145,394348,2425,126573,720,431100,2605,2633583,4762,3064683,7367,1,7799,41,15796,8165,20,"East TN",2455501,1064.46708838644,0.365823398274692,300.020240268687,128.079768650064,36.5823398274692
2022-01-09,524424,3503,397032,2684,127392,819,433999,2899,2638584,5001,3072583,7900,15,7814,42,15838,8183,18,"East TN",2455501,1147.50513235385,0.371918328928791,321.726604876154,142.659278086224,37.1918328928791
2022-01-10,529062,4638,400104,3072,128958,1566,437239,3240,2643362,4778,3080601,8018,29,7843,60,15898,8216,33,"East TN",2455501,1218.52933474676,0.379141169023001,326.532141505949,188.882024482987,37.9141169023001
2022-01-11,534663,5601,404144,4040,130519,1561,441375,4136,2648551,5189,3089926,9325,30,7873,49,15947,8241,25,"East TN",2455501,1276.76592271801,0.397950994621361,379.759568413941,228.100090368524,39.7950994621361
2022-01-12,540351,5688,408127,3983,132224,1705,445542,4167,2653320,4769,3098862,8936,16,7889,31,15978,8263,22,"East TN",2455501,1307.47248728467,0.407933023635714,363.917587490292,231.643155510831,40.7933023635714
2022-01-13,547676,7325,413373,5246,134303,2079,451018,5476,2660246,6926,3111264,12402,65,7954,48,16026,8279,16,"East TN",2455501,1395.68259186211,0.416750121143596,505.070044768868,298.309795027573,41.6750121143596
2022-01-14,554173,6497,418150,4777,136023,1720,455949,4931,2666126,5880,3122075,10811,68,8022,38,16064,8312,33,"East TN",2455501,1482.26370097182,0.423941073827576,440.276750040012,264.589588845616,42.3941073827576
2022-01-15,558711,4538,421536,3386,137175,1152,459562,3613,2671213,5087,3130775,8700,9,8031,37,16101,8327,15,"East TN",2455501,1538.99346813542,0.430642135205471,354.306514230701,184.809535813669,43.0642135205471
2022-01-16,562564,3853,424852,3316,137712,537,463052,3490,2675860,4647,3138912,8137,7,8038,38,16139,8345,18,"East TN",2455501,1553.24717847804,0.438013538572872,331.378403022438,156.912988428838,43.8013538572872
2022-01-17,567196,4632,428179,3327,139017,1305,466522,3470,2680595,4735,3147117,8205,15,8053,41,16180,8369,24,"East TN",2455501,1553.00282915788,0.440239942269529,334.147695317575,188.637675162828,44.0239942269529
2022-01-18,573151,5955,431855,3676,141296,2279,470259,3737,2684056,3461,3154315,7198,49,8102,46,16226,8401,32,"East TN",2455501,1567.41943904727,0.448585938591996,293.137734417538,242.516700257911,44.8585938591996
2022-01-19,581456,8305,437860,6005,143596,2300,476436,6177,2689903,5847,3166339,12024,22,8124,50,16276,8433,32,"East TN",2455501,1673.99646752333,0.457844895297657,489.676037598844,338.220183986893,45.7844895297657
2022-01-20,589749,8293,443926,6066,145823,2227,482713,6277,2695620,5717,3178333,11994,44,8168,40,16316,8467,34,"East TN",2455501,1713.41815784233,0.472573021813356,488.454290998049,337.731485346575,47.2573021813356
2022-01-21,597047,7298,449535,5609,147512,1689,488594,5881,2701342,5722,3189936,11603,53,8221,31,16347,8498,31,"East TN",2455501,1746.03879208357,0.481056866241287,472.530860301014,297.210223086857,48.1056866241287
2022-01-22,603046,5999,454399,4864,148647,1135,493757,5163,2707428,6086,3201185,11249,0,8221,54,16401,8525,27,"East TN",2455501,1805.53785154231,0.485655446669507,458.114250411627,244.308595272411,48.5655446669507
2022-01-23,606642,3596,457374,2975,149268,621,496902,3145,2710697,3269,3207599,6414,6,8227,31,16432,8557,32,"East TN",2455501,1795.07155566216,0.492815234323817,261.209423250082,146.44669254869,49.2815234323817
2022-01-24,613327,6685,462056,4682,151271,2003,501864,4962,2716077,5380,3217941,10342,37,8264,43,16475,8592,35,"East TN",2455501,1878.67974804327,0.49901163447419,421.176778180909,272.245867543935,49.901163447419
2022-01-25,619031,5704,466137,4081,152894,1623,506128,4264,2720730,4653,3226858,8917,30,8294,36,16511,8621,29,"East TN",2455501,1868.45780148328,0.494451566657017,363.143814643122,232.294753697922,49.4451566657017
2022-01-26,624833,5802,470560,4423,154273,1379,510805,4677,2725623,4893,3236428,9570,26,8320,37,16548,8655,34,"East TN",2455501,1766.52341009024,0.490362253706002,389.737165653771,236.285792593854,49.0362253706002
2022-01-27,632084,7251,476328,5768,155756,1483,516946,6141,2732776,7153,3249722,13294,29,8349,52,16600,8702,47,"East TN",2455501,1724.08807815594,0.479527658322711,541.396643699188,295.296153412277,47.9527658322711
2022-01-28,637043,4959,480033,3705,157010,1254,520878,3932,2737615,4839,3258493,8771,38,8387,41,16641,8736,34,"East TN",2455501,1628.83256818059,0.47090742010298,357.197981185917,201.954713111499,47.090742010298
2022-01-29,641105,4062,483300,3267,157805,795,524422,3544,2743044,5429,3267466,8973,5,8392,32,16673,8774,38,"East TN",2455501,1549.94846265589,0.46265143857214,365.42440829794,165.424489747713,46.265143857214
2022-01-30,643171,2066,484809,1509,158362,557,526018,1596,2745520,2476,3271538,4072,17,8409,23,16696,8820,46,"East TN",2455501,1487.63938601532,0.455371525985705,165.831738614645,84.1376159081181,45.5371525985705
2022-01-31,647082,3911,487277,2468,159805,1443,528590,2572,2748452,2932,3277042,5504,68,8477,38,16734,8858,38,"East TN",2455501,1374.66855032843,0.45220893047495,224.149776359285,159.275031857043,45.220893047495
2022-02-01,652040,4958,490796,3519,161244,1439,532491,3901,2753711,5259,3286202,9160,28,8505,38,16772,8890,32,"East TN",2455501,1344.28778485531,0.444240361283365,373.039962109565,201.913988224806,44.4240361283365
2022-02-02,656751,4711,494308,3512,162443,1199,536245,3754,2758610,4899,3294855,8653,21,8526,46,16818,8932,42,"East TN",2455501,1299.85693347305,0.435415133414346,352.392444556121,191.85494121159,43.5415133414346
2022-02-03,665680,8929,496984,2676,168696,6253,539070,2825,2762963,4353,3302033,7178,26,8552,41,16859,8960,28,"East TN",2455501,1368.19329334421,0.422932079294986,292.323236683675,363.63251328344,42.2932079294986
2022-02-04,669210,3530,499503,2519,169707,1011,541814,2744,2767553,4590,3309367,7334,12,8564,37,16896,8989,29,"East TN",2455501,1309.99743025965,0.411526516491725,298.676319007811,143.75885002694,41.1526516491725
2022-02-05,670887,1677,500687,1184,170200,493,543150,1336,2770175,2622,3313325,3958,3,8567,26,16922,9033,44,"East TN",2455501,1212.86857549641,0.408382215050481,161.189101531622,68.2956349844696,40.8382215050481
2022-02-06,672194,1307,501634,947,170560,360,544236,1086,2772827,2652,3317063,3738,1,8568,34,16956,9065,32,"East TN",2455501,1181.95838649628,0.400175727622186,152.229626459122,53.2274269079915,40.0175727622186
2022-02-07,675003,2809,503467,1833,171536,976,546210,1974,2775712,2885,3321922,4859,50,8618,40,16996,9097,32,"East TN",2455501,1137.07956136039,0.392602495543672,197.882224442181,114.396206721154,39.2602495543672
2022-02-08,677664,2661,505175,1708,172489,953,548100,1890,2778379,2667,3326479,4557,21,8639,42,17038,9134,37,"East TN",2455501,1043.53449662615,0.387541276659136,185.58330866084,108.368923490563,38.7541276659136
2022-02-09,680567,2903,507252,2077,173315,826,550411,2311,2782050,3671,3332461,5982,26,8665,26,17064,9167,33,"East TN",2455501,969.90390148487,0.376695208211456,243.616272198627,118.224346070313,37.6695208211456
2022-02-10,683074,2507,509032,1780,174042,727,552384,1973,2785259,3209,3337643,5182,28,8693,30,17094,9205,38,"East TN",2455501,708.368679141242,0.373883740522325,211.036362844079,102.097290939812,37.3883740522325
2022-02-11,685369,2295,510757,1725,174612,570,554282,1898,2788623,3364,3342905,5262,31,8724,40,17134,9236,31,"East TN",2455501,658.07344407516,0.371757409505635,214.294353779534,93.4636149608573,37.1757409505635
2022-02-12,686299,930,511442,685,174857,245,555062,780,2791125,2502,3346187,3282,3,8727,17,17151,9278,42,"East TN",2455501,627.651953715352,0.362485545614996,133.65907812703,37.8741446246611,36.2485545614996
2022-02-13,686875,576,511858,416,175017,160,555546,484,2792525,1400,3348071,1884,35,8762,10,17161,9301,23,"East TN",2455501,597.882061542634,0.364744582043344,76.7256865299587,23.457534735274,36.4744582043344
2022-02-14,689114,2239,513286,1428,175828,811,557165,1619,2795532,3007,3352697,4626,146,8908,25,17186,9333,32,"East TN",2455501,574.668876127519,0.355970755483347,188.393325842669,91.183021306039,35.5970755483347
2022-02-15,691007,1893,514683,1397,176324,496,558700,1535,2798397,2865,3357097,4400,37,8945,29,17215,9363,30,"East TN",2455501,543.392163147154,0.346201580769482,179.18950145001,77.0922105101973,34.6201580769482
2022-02-16,692772,1765,515917,1234,176855,531,560071,1371,2801602,3205,3361673,4576,14,8959,20,17235,9385,22,"East TN",2455501,497.047242090311,0.330686019444064,186.35708150801,71.8794250134698,33.0686019444064
2022-02-17,694557,1785,517184,1267,177373,518,561465,1394,2805124,3522,3366589,4916,13,8972,21,17256,9409,24,"East TN",2455501,467.643873897832,0.313722103226698,200.203542983693,72.6939227473334,31.3722103226698
2022-02-18,695737,1180,517909,725,177828,455,562302,837,2808089,2965,3370391,3802,8,8980,10,17266,9437,28,"East TN",2455501,422.235625234932,0.291784908680783,154.836019207486,48.0553662979571,29.1784908680783
2022-02-19,696273,536,518252,343,178021,193,562714,412,2810191,2102,3372905,2514,1,8981,15,17281,9471,34,"East TN",2455501,406.190019877817,0.286398682536118,102.382365146665,21.8285392675466,28.6398682536118
2022-02-20,696641,368,518484,232,178157,136,562986,272,2811626,1435,3374612,1707,8,8989,5,17286,9487,16,"East TN",2455501,397.719243445635,0.280321012772691,69.5173815852651,14.9867583030917,28.0321012772691
2022-02-21,697362,721,518893,409,178469,312,563431,445,2813177,1551,3376608,1996,7,8996,13,17299,9507,20,"East TN",2455501,335.898865445382,0.262055121073983,81.2868738395953,29.3626433057857,26.2055121073983
2022-02-22,698537,1175,519545,652,178992,523,564159,728,2815527,2350,3379686,3078,44,9040,22,17321,9526,19,"East TN",2455501,306.658396799676,0.241666297755545,125.35120124162,47.8517418644912,24.1666297755545
2022-02-23,699399,862,520016,471,179383,391,564691,532,2818124,2597,3382815,3129,79,9119,9,17330,9554,28,"East TN",2455501,269.88382411573,0.218522372528616,127.428170462973,35.1048523295246,21.8522372528616
2022-02-24,700255,856,520503,487,179752,369,565257,566,2820626,2502,3385883,3068,50,9169,13,17343,9575,21,"East TN",2455501,232.050404377762,0.196537783766974,124.943952374689,34.8605030093655,19.6537783766974
2022-02-25,701019,764,520956,453,180063,311,565763,506,2823003,2377,3388766,2883,5,9174,23,17366,9591,16,"East TN",2455501,215.108851513398,0.188353741496599,117.409848336449,31.1138134335926,18.8353741496599
2022-02-26,701274,255,521136,180,180138,75,565980,217,2824739,1736,3390719,1953,0,9174,6,17372,9609,18,"East TN",2455501,203.665158352613,0.1833389468957,79.5357037117883,10.3848461067619,18.33389468957
2022-02-27,701297,23,521158,22,180139,1,566010,30,2825094,355,3391104,385,4,9178,2,17374,9630,21,"East TN",2455501,189.615072443465,0.183361629881155,15.6790813768758,0.936672393943232,18.3361629881155
2022-02-28,702162,865,521617,459,180545,406,566523,513,2827781,2687,3394304,3200,27,9205,17,17391,9651,21,"East TN",2455501,195.479456127283,0.174728752260398,130.319637418189,35.2270269896042,17.4728752260398
2022-03-01,702925,763,521979,362,180946,401,566926,403,2829999,2218,3396925,2621,28,9233,16,17407,9667,16,"East TN",2455501,178.700802809691,0.160508150124717,106.739928022835,31.0730885468994,16.0508150124717
2022-03-02,703381,456,522242,263,181139,193,567236,310,2832312,2313,3399548,2623,8,9241,10,17417,9690,23,"East TN",2455501,162.166498812259,0.152094663240304,106.821377796222,18.5705483320919,15.2094663240304
2022-03-03,703736,355,522428,186,181308,169,567457,221,2834268,1956,3401725,2177,15,9256,10,17427,9706,16,"East TN",2455501,141.763330578973,0.138871354626941,88.6580783310616,14.4573347760803,13.8871354626941
2022-03-04,704072,336,522641,213,181431,123,567722,265,2836511,2243,3404233,2508,10,9266,8,17435,9716,10,"East TN",2455501,124.333079074291,0.126656753087218,102.138015826505,13.6835619289098,12.6656753087218
2022-03-05,704213,141,522743,102,181470,39,567838,116,2838223,1712,3406061,1828,0,9266,7,17442,9733,17,"East TN",2455501,119.690441991268,0.1211054621301,74.4450928751403,5.74220902373894,12.11054621301
2022-03-06,704312,99,522802,59,181510,40,567910,72,2839434,1211,3407344,1283,2,9268,4,17446,9743,10,"East TN",2455501,122.78553337995,0.116995073891626,52.2500296273551,4.03176378262522,11.6995073891626
2022-03-07,704575,263,522975,173,181600,90,568121,211,2841138,1704,3409259,1915,13,9281,8,17454,9754,11,"East TN",2455501,98.269151590653,0.106853895018389,77.9881580174473,10.7106452003074,10.6853895018389
2022-03-08,704838,263,523074,99,181764,164,568244,123,2842890,1752,3411134,1875,27,9308,9,17463,9770,16,"East TN",2455501,77.906708244061,0.0927581110563727,76.35916254972,10.7106452003074,9.27581110563727
2022-03-09,705131,293,523200,126,181931,167,568393,149,2844901,2011,3413294,2160,23,9331,7,17470,9780,10,"East TN",2455501,71.268551713072,0.0841699403462826,87.9657552572774,11.9323918011029,8.41699403462826
2022-03-10,705317,186,523299,99,182018,87,568522,129,2846997,2096,3415519,2225,75,9406,2,17472,9789,9,"East TN",2455501,64.3860458619239,0.0772074815137016,90.6128728923344,7.57482892493222,7.72074815137016
2022-03-11,705528,211,523390,91,182138,120,568626,104,2849187,2190,3417813,2294,79,9485,5,17477,9805,16,"East TN",2455501,59.2954350252759,0.0665684830633284,93.4228900741641,8.59295109226182,6.65684830633284
2022-03-12,705597,69,523425,35,182172,34,568667,41,2850472,1285,3419139,1326,0,9485,3,17480,9814,9,"East TN",2455501,56.3632431833667,0.0633888973849212,54.001199755162,2.8100171818297,6.33888973849212
2022-03-13,705688,91,523478,53,182210,38,568737,70,2852081,1609,3420818,1679,4,9489,5,17485,9820,6,"East TN",2455501,56.0374440898212,0.0613774677156004,68.3770847578559,3.70596468907974,6.13774677156004
2022-03-14,705845,157,523561,83,182284,74,568843,106,2853166,1085,3422009,1191,69,9558,3,17488,9831,11,"East TN",2455501,51.7206061003437,0.0566274509803922,48.5033400515821,6.39380721082989,5.66274509803922
2022-03-15,706031,186,523640,79,182391,107,568934,91,2854599,1433,3423533,1524,4,9562,1,17489,9839,8,"East TN",2455501,48.5847898249685,0.0556496491652553,62.0647273204124,7.57482892493222,5.56496491652553
2022-03-16,706187,156,523733,93,182454,63,569043,109,2856166,1567,3425209,1676,10,9572,5,17494,9845,6,"East TN",2455501,43.0054803480023,0.0545530843474612,68.2549100977764,6.3530823241367,5.45530843474612
2022-03-17,706328,141,523827,94,182501,47,569158,115,2857465,1299,3426623,1414,7,9579,1,17495,9854,9,"East TN",2455501,41.172860446809,0.0572766570605187,57.5849897841622,5.74220902373894,5.72766570605187
2022-03-18,706471,143,523915,88,182556,55,569252,94,2858956,1491,3428208,1585,2,9581,1,17496,9865,11,"East TN",2455501,38.4035681516725,0.0602212602212602,64.5489454086966,5.82365879712531,6.02212602212602
2022-03-19,706544,73,523973,58,182571,15,569318,66,2860129,1173,3429447,1239,0,9581,1,17497,9870,5,"East TN",2455501,38.5664676984452,0.0631548311990687,50.458134612855,2.97291672860243,6.31548311990687
2022-03-20,706610,66,524022,49,182588,17,569376,58,2860784,655,3430160,713,3,9584,0,17497,9876,6,"East TN",2455501,37.5483455311156,0.0684007707129094,29.0368442122402,2.68784252175014,6.84007707129094
2022-03-21,706708,98,524088,66,182620,32,569454,78,2861673,889,3431127,967,16,9600,1,17498,9882,6,"East TN",2455501,35.1455772162178,0.0670103092783505,39.3809654323089,3.99103889593203,6.70103092783505
2022-03-22,706792,84,524143,55,182649,29,569517,63,2862676,1003,3432193,1066,2,9602,5,17503,9889,7,"East TN",2455501,30.991638773513,0.0673210161662817,43.4127292149341,3.42089048222746,6.73210161662818
2022-03-23,706887,95,524216,73,182671,22,569596,79,2864119,1443,3433715,1522,11,9613,0,17503,9899,10,"East TN",2455501,28.5074206852288,0.0650129320479661,61.983277547026,3.86886423585248,6.50129320479661
2022-03-24,706990,103,524250,34,182740,69,569639,43,2865203,1084,3434842,1127,5,9618,0,17503,9907,8,"East TN",2455501,26.9598749908878,0.0585229346635844,45.8969473032184,4.19466332939795,5.85229346635844
2022-03-25,707055,65,524296,46,182759,19,569696,57,2866657,1454,3436353,1511,0,9618,2,17505,9911,4,"East TN",2455501,23.7833338288195,0.05451197053407,61.535303793401,2.64711763505696,5.451197053407
2022-03-26,707097,42,524330,34,182767,8,569736,40,2867654,997,3437390,1037,0,9618,1,17506,9920,9,"East TN",2455501,22.5208623413308,0.0526249527886189,42.2317075008318,1.71044524111373,5.26249527886189
2022-03-27,707118,21,524345,15,182773,6,569753,17,2868100,446,3437853,463,2,9620,3,17509,9924,4,"East TN",2455501,20.6882424401375,0.0490055894969453,18.8556225389442,0.855222620556864,4.90055894969453
2022-03-28,707231,113,524394,49,182837,64,569815,62,2869522,1422,3439337,1484,30,9650,2,17511,9930,6,"East TN",2455501,21.2991157405352,0.0439707673568819,60.435731852685,4.60191219632979,4.39707673568819
2022-03-29,707345,114,524449,55,182896,59,569875,60,2870632,1110,3440507,1170,6,9656,0,17511,9941,11,"East TN",2455501,22.5208623413308,0.0430598989656002,47.6481174310253,4.64263708302298,4.30598989656002
2022-03-30,707444,99,524507,58,182937,41,569939,64,2872012,1380,3441951,1444,6,9662,3,17514,9947,6,"East TN",2455501,22.6837618881035,0.0416464303059738,58.8067363849577,4.03176378262522,4.16464303059738
2022-03-31,707528,84,524562,55,182966,29,570006,67,2873195,1183,3443201,1250,8,9670,0,17514,9948,1,"East TN",2455501,21.909989040933,0.0439047732982414,50.90610836648,3.42089048222746,4.39047732982414
2022-04-01,707624,96,524615,53,183009,43,570069,63,2874472,1277,3444541,1340,15,9685,0,17514,9951,3,"East TN",2455501,23.1724605284217,0.0455544699560332,54.5713481688666,3.90958912254566,4.55544699560332
2022-04-02,707711,87,524642,27,183069,60,570100,31,2875274,802,3445374,833,0,9685,1,17515,9956,5,"East TN",2455501,25.005080429615,0.0455911823647295,33.9238306154223,3.54306514230701,4.55911823647295
2022-04-03,707735,24,524654,12,183081,12,570117,17,2875754,480,3445871,497,10,9695,0,17515,9959,3,"East TN",2455501,25.1272550896945,0.0453978548266401,20.2402686865124,0.977397280636416,4.53978548266401
2022-04-04,707825,90,524705,51,183120,39,570176,59,2876762,1008,3446938,1067,51,9746,4,17519,9961,2,"East TN",2455501,24.1905826957513,0.0474937508222602,43.4534541016273,3.66523980238656,4.74937508222602
2022-04-05,707921,96,524745,40,183176,56,570225,49,2877777,1015,3448002,1064,36,9782,1,17520,9965,4,"East TN",2455501,23.457534735274,0.0466977985323549,43.3312794415478,3.90958912254566,4.66977985323549
2022-04-06,708020,99,524799,54,183221,45,570287,62,2878944,1167,3449231,1229,0,9782,0,17520,9970,5,"East TN",2455501,23.457534735274,0.0478021978021978,50.0508857459231,4.03176378262522,4.78021978021978
2022-04-07,708203,183,524845,46,183358,137,570341,54,2880057,1113,3450398,1167,53,9835,1,17521,9970,0,"East TN",2455501,27.4892985178992,0.0465471724329582,47.5259427709457,7.45265426485267,4.65471724329582
2022-04-08,708272,69,524896,51,183376,18,570396,55,2881276,1219,3451672,1274,6,9841,0,17521,9972,2,"East TN",2455501,26.3897265771832,0.0458561211611275,51.8835056471164,2.8100171818297,4.58561211611275
2022-04-09,708326,54,524926,30,183400,24,570437,41,2882137,861,3452574,902,0,9841,0,17521,9975,3,"East TN",2455501,25.0458053163082,0.0468055555555556,36.733847797252,2.19914388143194,4.68055555555556
2022-04-10,708392,66,524961,35,183431,31,570479,42,2882770,633,3453249,675,1,9842,1,17522,9976,1,"East TN",2455501,26.7562505574219,0.0490647872052047,27.4892985178992,2.68784252175014,4.90647872052047
2022-04-11,708496,104,525027,66,183469,38,570554,75,2883677,907,3454231,982,5,9847,2,17524,9980,4,"East TN",2455501,27.3263989711265,0.0518305224187577,39.9918387327067,4.23538821609114,5.18305224187577
2022-04-12,708587,91,525083,56,183504,35,570623,69,2884690,1013,3455313,1082,26,9873,2,17526,9984,4,"East TN",2455501,27.1227745376605,0.0544385173026946,44.0643274020251,3.70596468907974,5.44385173026946
2022-04-13,708712,125,525162,79,183550,46,570708,85,2885883,1193,3456591,1278,0,9873,0,17526,9988,4,"East TN",2455501,28.1816215916833,0.0572010869565217,52.0464051938891,5.090610836648,5.72010869565217
2022-04-14,708815,103,525209,47,183606,56,570760,52,2886918,1035,3457678,1087,3,9876,0,17526,9991,3,"East TN",2455501,24.9236306562286,0.057554945054945,44.267951835491,4.19466332939795,5.7554945054945
2022-04-15,708890,75,525260,51,183630,24,570822,62,2887951,1033,3458773,1095,1,9877,1,17527,9992,1,"East TN",2455501,25.1679799763877,0.0599915504858471,44.5937509290365,3.0543665019888,5.99915504858471
2022-04-16,708949,59,525306,46,183643,13,570875,53,2888695,744,3459570,797,0,9877,1,17528,9993,1,"East TN",2455501,25.3716044098536,0.0626072041166381,32.4577346944676,2.40276831489786,6.26072041166381
2022-04-17,708987,38,525333,27,183654,11,570908,33,2889295,600,3460203,633,0,9877,0,17528,9995,2,"East TN",2455501,24.2313075824445,0.0616911130284728,25.7788532767855,1.54754569434099,6.16911130284728
2022-04-18,709218,231,525460,127,183758,104,571046,138,2890178,883,3461224,1021,-1,9876,2,17530,9995,0,"East TN",2455501,29.4033681924788,0.0703560703560704,41.5801093137409,9.4074488261255,7.03560703560704
2022-04-19,709335,117,525522,62,183813,55,571109,63,2891136,958,3462245,1021,2,9878,1,17531,9998,3,"East TN",2455501,30.4622152465016,0.0701096364685516,41.5801093137409,4.76481174310253,7.01096364685516
2022-04-20,709475,140,525613,91,183862,49,571210,101,2892566,1430,3463776,1531,8,9886,1,17532,10000,2,"East TN",2455501,31.0730885468994,0.0698677800974252,62.3498015272647,5.70148413704576,6.98677800974252
2022-04-21,709593,118,525693,80,183900,38,571298,88,2893708,1142,3465006,1230,5,9891,1,17533,10003,3,"East TN",2455501,31.6839618472972,0.0734170305676856,50.0916106326163,4.80553662979571,7.34170305676856
2022-04-22,709715,122,525776,83,183939,39,571387,89,2894788,1080,3466175,1169,3,9894,0,17533,10006,3,"East TN",2455501,33.5980315218768,0.0763307214266414,47.6073925443321,4.96843617656845,7.63307214266414
2022-04-23,709790,75,525823,47,183967,28,571435,48,2895645,857,3467080,905,0,9894,0,17533,10007,1,"East TN",2455501,34.2496297089677,0.0745672436750999,36.8560224573315,3.0543665019888,7.45672436750999
2022-04-24,709861,71,525863,40,183998,31,571481,46,2896312,667,3467793,713,2,9896,1,17534,10012,5,"East TN",2455501,35.5935509698428,0.075494071146245,29.0368442122402,2.89146695521606,7.5494071146245
2022-04-25,710051,190,525962,99,184089,91,571579,98,2897047,735,3468626,833,0,9896,5,17539,10015,3,"East TN",2455501,33.9238306154223,0.0720075655228317,33.9238306154223,7.73772847170496,7.20075655228317
2022-04-26,710228,177,526075,113,184153,64,571700,121,2898282,1235,3469982,1356,0,9896,0,17539,10020,5,"East TN",2455501,36.3673238170133,0.0763861962000776,55.2229463559575,7.20830494469357,7.63861962000776
2022-04-27,710419,191,526173,98,184246,93,571801,101,2899477,1195,3471278,1296,0,9896,2,17541,10023,3,"East TN",2455501,38.4442930383657,0.0787789922687283,52.7794531543665,7.77845335839814,7.87789922687283
2022-04-28,710571,152,526262,89,184309,63,571900,99,2900638,1161,3472538,1260,4,9900,1,17542,10028,5,"East TN",2455501,39.828939185934,0.0799256505576208,51.3133572334118,6.19018277736397,7.99256505576208
2022-04-29,710709,138,526348,86,184361,52,571992,92,2901800,1162,3473792,1254,2,9902,0,17542,10030,2,"East TN",2455501,40.4805373730249,0.0794275961664697,51.0690079132527,5.62003436365939,7.94275961664697
2022-04-30,710783,74,526404,56,184379,18,572054,62,2902530,730,3474584,792,0,9902,0,17542,10030,0,"East TN",2455501,40.4398124863317,0.0824893390191898,32.2541102610017,3.01364161529562,8.24893390191898
2022-05-01,710839,56,526437,33,184402,23,572087,33,2903023,493,3475110,526,0,9902,0,17542,10033,3,"East TN",2455501,39.828939185934,0.0828208282082821,21.4212904006148,2.2805936548183,8.28208282082821
2022-05-02,711024,185,526566,129,184458,56,572233,146,2904049,1026,3476282,1172,6,9908,2,17544,10034,1,"East TN",2455501,39.625314752468,0.085423197492163,47.7295672044116,7.53410403823904,8.5423197492163
2022-05-03,711208,184,526674,108,184534,76,572353,120,2904996,947,3477349,1067,2,9910,1,17545,10035,1,"East TN",2455501,39.9103889593203,0.0886385231437491,43.4534541016273,7.49337915154586,8.86385231437492
2022-05-04,711471,263,526842,168,184629,95,572529,176,2906271,1275,3478800,1451,3,9913,2,17547,10035,0,"East TN",2455501,42.8425808012296,0.0967827705397501,59.09181059181,10.7106452003074,9.67827705397501
2022-05-05,711689,218,526985,143,184704,75,572680,151,2907392,1121,3480072,1272,1,9914,2,17549,10037,2,"East TN",2455501,45.5304233229797,0.103530661003451,51.80205587373,8.87802529911411,10.3530661003451
2022-05-06,711911,222,527127,142,184784,80,572833,153,2908610,1218,3481443,1371,1,9915,2,17551,10040,3,"East TN",2455501,48.9513138052072,0.109920271859888,55.8338196563553,9.04092484588685,10.9920271859888
2022-05-07,712029,118,527205,78,184824,40,572925,92,2909482,872,3482407,964,0,9915,2,17553,10041,1,"East TN",2455501,50.7432088197073,0.11133836124249,39.2587907722294,4.80553662979571,11.133836124249
2022-05-08,712139,110,527285,80,184854,30,573010,85,2910133,651,3483143,736,0,9915,1,17554,10042,1,"East TN",2455501,52.9423527011392,0.114901033237894,29.9735166061834,4.47973753625024,11.4901033237894
2022-05-09,712369,230,527415,130,184954,100,573148,138,2911115,982,3484263,1120,13,9928,2,17556,10043,1,"East TN",2455501,54.7749726023325,0.114647287307355,45.6118730963661,9.36672393943232,11.4647287307355
2022-05-10,712663,294,527585,170,185078,124,573330,182,2912627,1512,3485957,1694,9,9937,4,17560,10045,2,"East TN",2455501,59.2547101385827,0.11349907063197,68.9879580582537,11.9731166877961,11.349907063197
2022-05-11,712944,281,527781,196,185163,85,573540,210,2913712,1085,3487252,1295,1,9938,0,17560,10046,1,"East TN",2455501,59.98775809906,0.119616658778987,52.7387282676733,11.4436931607847,11.9616658778987
2022-05-12,713179,235,527945,164,185234,71,573717,177,2914988,1276,3488705,1453,2,9940,2,17562,10047,1,"East TN",2455501,60.6800811728442,0.120120467971736,59.1732603651963,9.57034837289824,12.0120467971736
2022-05-13,713458,279,528140,195,185318,84,573924,207,2916339,1351,3490263,1558,0,9940,0,17562,10049,2,"East TN",2455501,63.0013997143556,0.123696145124717,63.4493734679807,11.3622433873983,12.3696145124717
2022-05-14,713567,109,528219,79,185348,30,574007,83,2917066,727,3491073,810,0,9940,1,17563,10053,4,"East TN",2455501,62.634875734117,0.124855758135241,32.987158221479,4.43901264955706,12.4855758135241
2022-05-15,713751,184,528351,132,185400,52,574151,144,2917918,852,3492069,996,0,9940,3,17566,10056,3,"East TN",2455501,65.6485173494126,0.127828814698633,40.5619871464113,7.49337915154586,12.7828814698633
2022-05-16,714058,307,528544,193,185514,114,574349,198,2919281,1363,3493630,1561,2,9942,3,17569,10060,4,"East TN",2455501,68.7843336247878,0.128216077719654,63.5715481280602,12.5025402148075,12.8216077719654
2022-05-17,714470,412,528766,222,185704,190,574585,236,2920531,1250,3495116,1486,16,9958,0,17569,10063,3,"East TN",2455501,73.5898702545835,0.137023692542854,60.5171816260714,16.7786533175918,13.7023692542854
2022-05-18,714834,364,528988,222,185846,142,574823,238,2921920,1389,3496743,1627,7,9965,3,17572,10064,1,"East TN",2455501,76.9700358501178,0.135180697502897,66.2593906498104,14.823858756319,13.5180697502897
2022-05-19,715254,420,529266,278,185988,142,575113,290,2923346,1426,3498459,1716,31,9996,4,17576,10066,2,"East TN",2455501,84.5041398883568,0.143120770965758,69.8839055655037,17.1044524111373,14.3120770965758
2022-05-20,715691,437,529534,268,186157,169,575394,281,2924746,1400,3500140,1681,0,9996,4,17580,10067,1,"East TN",2455501,90.9386719858799,0.148830616583983,68.4585345312423,17.7967754849214,14.8830616583983
2022-05-21,715906,215,529675,141,186231,74,575548,154,2925788,1042,3501336,1196,0,9996,4,17584,10068,1,"East TN",2455501,95.2555099753574,0.150151027964533,48.7069644850481,8.75585063903456,15.0151027964533
2022-05-22,716077,171,529808,133,186269,38,575691,143,2926803,1015,3502494,1158,5,10001,5,17589,10069,1,"East TN",2455501,94.726086448346,0.147721822541966,47.1594187907071,6.96395562453446,14.7721822541966
2022-05-23,716460,383,530053,245,186407,138,575938,247,2927995,1192,3503933,1439,6,10007,4,17593,10072,3,"East TN",2455501,97.821177837028,0.154226924196836,58.6031119514918,15.5976316034895,15.4226924196836
2022-05-24,717030,570,530354,301,186676,269,576252,314,2929433,1438,3505685,1752,0,10007,3,17596,10073,1,"East TN",2455501,104.255709934551,0.15772542340808,71.3500014864584,23.2131854151149,15.772542340808
2022-05-25,717506,476,530680,326,186826,150,576605,353,2930919,1486,3507524,1839,18,10025,1,17597,10075,2,"East TN",2455501,108.816897244188,0.165290789351637,74.8930666287654,19.3850460659556,16.5290789351637
2022-05-26,717999,493,530983,303,187016,190,576921,316,2932419,1500,3509340,1816,13,10038,3,17600,10080,5,"East TN",2455501,111.78981397279,0.166161198419263,73.9563942348221,20.0773691397397,16.6161198419263
2022-05-27,718416,417,531253,270,187163,147,577198,277,2934370,1951,3511568,2228,4,10042,5,17605,10081,1,"East TN",2455501,110.975316238926,0.157857892894645,90.735047552414,16.9822777510577,15.7857892894645
2022-05-28,718700,284,531471,218,187229,66,577425,227,2935430,1060,3512855,1287,0,10042,0,17605,10083,2,"East TN",2455501,113.785333420756,0.162948172584426,52.4129291741278,11.5658678208643,16.2948172584426
2022-05-29,718952,252,531620,149,187332,103,577585,160,2936318,888,3513903,1048,0,10042,2,17607,10087,4,"East TN",2455501,117.084049242904,0.166009290910685,42.6796812544568,10.2626714466824,16.6009290910685
2022-05-30,719164,212,531761,141,187403,71,577737,152,2937029,711,3514766,863,0,10042,5,17612,10087,0,"East TN",2455501,110.12009361837,0.16606664820456,35.1455772162178,8.63367597895501,16.606664820456
2022-05-31,719682,518,532058,297,187624,221,578036,299,2937956,927,3515992,1226,2,10044,3,17615,10087,0,"East TN",2455501,108.002399510324,0.173086252061706,49.9287110858436,21.0954913070693,17.3086252061706
2022-06-01,720351,669,532452,394,187899,275,578469,433,2939320,1364,3517789,1797,1,10045,5,17620,10088,1,"East TN",2455501,115.862302642108,0.181587920116902,73.1826213876516,27.2449491977401,18.1587920116902
2022-06-02,720916,565,532840,388,188076,177,578887,418,2940856,1536,3519743,1954,0,10045,3,17623,10089,1,"East TN",2455501,118.794494484018,0.188983946938383,79.5764285984815,23.009560981649,18.8983946938383
2022-06-03,721543,627,533241,401,188302,226,579312,425,2942415,1559,3521727,1984,1,10046,3,17626,10092,3,"East TN",2455501,127.346720689586,0.20809134757358,80.798175199277,25.5345039566264,20.809134757358
2022-06-04,721852,309,533486,245,188366,64,579578,266,2943571,1156,3523149,1422,0,10046,0,17626,10094,2,"East TN",2455501,128.364842856916,0.209150961725277,57.9107888777077,12.5839899881939,20.9150961725277
2022-06-05,722186,334,533717,231,188469,103,579822,244,2944565,994,3524387,1238,3,10049,2,17628,10094,0,"East TN",2455501,131.704283565757,0.213372758489126,50.4174097261618,13.6021121555235,21.3372758489126
2022-06-06,722730,544,534024,307,188706,237,580142,320,2945657,1092,3525799,1412,0,10049,4,17632,10096,2,"East TN",2455501,145.224945947894,0.217982416387202,57.5035400107758,22.1543383610921,21.7982416387202
2022-06-07,723372,642,534378,354,188994,288,580503,361,2946710,1053,3527213,1414,3,10052,5,17637,10097,1,"East TN",2455501,150.274831897849,0.219855627840656,57.5849897841622,26.1453772570241,21.9855627840656
2022-06-08,724015,643,534801,423,189214,220,580962,459,2948323,1613,3529285,2072,0,10052,4,17641,10098,1,"East TN",2455501,149.215984843826,0.216858037578288,84.3819652282772,26.1861021437173,21.6858037578288
2022-06-09,724629,614,535202,401,189427,213,581388,426,2949812,1489,3531200,1915,10,10062,3,17644,10102,4,"East TN",2455501,151.211504291792,0.218294492450031,77.9881580174473,25.005080429615,21.8294492450031
2022-06-10,725245,616,535564,362,189681,254,581784,396,2951500,1688,3533284,2084,1,10063,2,17646,10103,1,"East TN",2455501,150.763530538167,0.213896339880592,84.8706638685955,25.0865302030013,21.3896339880592
2022-06-11,725614,369,535865,301,189749,68,582124,340,2952594,1094,3534718,1434,0,10063,5,17651,10105,2,"East TN",2455501,153.207023739758,0.220070879073386,58.3994875180259,15.0274831897849,22.0070879073386
2022-06-12,725929,315,536020,155,189909,160,582289,165,2953157,563,3535446,728,2,10065,2,17653,10110,5,"East TN",2455501,152.433250892588,0.223076227507008,29.647717512638,12.828339308353,22.3076227507008
2022-06-13,726512,583,536348,328,190164,255,582624,335,2953929,772,3536553,1107,5,10070,7,17660,10115,5,"East TN",2455501,154.021521473622,0.230797842663195,45.0824495693547,23.7426089421263,23.0797842663195
2022-06-14,727218,706,536735,387,190483,319,583043,419,2955215,1286,3538258,1705,3,10073,4,17664,10117,2,"East TN",2455501,156.627914221986,0.229968311453146,69.4359318118787,28.7517700053879,22.9968311453146
2022-06-15,727925,707,537195,460,190730,247,583532,489,2956657,1442,3540189,1931,11,10084,11,17675,10122,5,"East TN",2455501,159.234306970349,0.23569332355099,78.6397562045383,28.7924948920811,23.569332355099
2022-06-16,728594,669,537627,432,190967,237,583982,450,2957960,1303,3541942,1753,6,10090,3,17678,10124,2,"East TN",2455501,161.474175738475,0.241482033140942,71.3907263731516,27.2449491977401,24.1482033140942
2022-06-17,729177,583,537975,348,191202,235,584360,378,2959197,1237,3543557,1615,7,10097,5,17683,10129,5,"East TN",2455501,160.1302544776,0.250754404750316,65.7706920094922,23.7426089421263,25.0754404750316
2022-06-18,729530,353,538254,279,191276,74,584661,301,2960171,974,3544832,1275,0,10097,4,17687,10130,1,"East TN",2455501,159.478656290509,0.250840419220882,51.9242305338096,14.375885002694,25.0840419220882
2022-06-19,729922,392,538480,226,191442,166,584906,245,2961034,863,3545940,1108,1,10098,1,17688,10131,1,"East TN",2455501,162.614472565884,0.249380598437202,45.1231744560479,15.9641555837281,24.9380598437202
2022-06-20,730568,646,538834,354,191734,292,585274,368,2961860,826,3547134,1194,1,10099,7,17695,10134,3,"East TN",2455501,165.180140427554,0.250448917871657,48.6255147116617,26.3082768037969,25.0448917871657
2022-06-21,731411,843,539289,455,192122,388,585754,480,2962852,992,3548606,1472,1,10100,5,17700,10134,0,"East TN",2455501,170.75944990452,0.261982991882489,59.9470332123668,34.3310794823541,26.1982991882489
2022-06-22,732361,950,539936,647,192425,303,586440,686,2964435,1583,3550875,2269,0,10100,5,17705,10136,2,"East TN",2455501,180.655597370964,0.272131761182856,92.4047679068345,38.6886423585248,27.2131761182856
2022-06-23,733201,840,540472,536,192729,304,586997,557,2965833,1398,3552830,1955,1,10101,5,17710,10141,5,"East TN",2455501,187.619552995499,0.27691036002939,79.6171534851747,34.2089048222746,27.691036002939
2022-06-24,733933,732,540966,494,192967,238,587527,530,2967473,1640,3555000,2170,0,10101,8,17718,10146,5,"East TN",2455501,193.687561112783,0.276763086603164,88.3730041242093,29.8106170594107,27.6763086603164
2022-06-25,734390,457,541222,256,193168,201,587812,285,2968482,1009,3556294,1294,1,10102,2,17720,10147,1,"East TN",2455501,197.922949328874,0.274908392950619,52.6980033809801,18.6112732187851,27.4908392950619
2022-06-26,734842,452,541498,276,193344,176,588098,286,2969387,905,3557485,1191,1,10103,4,17724,10148,1,"East TN",2455501,200.366442530465,0.276483326115201,48.5033400515821,18.4076487853192,27.6483326115201
2022-06-27,735595,753,541919,421,193676,332,588535,437,2970329,942,3558864,1379,8,10111,7,17731,10150,2,"East TN",2455501,204.724005406636,0.278005115089514,56.1596187499007,30.6658396799676,27.8005115089514
2022-06-28,736573,978,542507,588,194066,390,589149,614,2971639,1310,3560788,1924,3,10114,5,17736,10153,3,"East TN",2455501,210.221865110216,0.278689870300443,78.354681997686,39.828939185934,27.8689870300443
2022-06-29,737552,979,543055,548,194497,431,589733,584,2973082,1443,3562815,2027,16,10130,4,17740,10158,5,"East TN",2455501,211.402886824318,0.275795644891122,82.549345327084,39.8696640726271,27.5795644891122
2022-06-30,738450,898,543560,505,194890,393,590276,543,2974508,1426,3564784,1969,2,10132,5,17745,10162,4,"East TN",2455501,213.764930252523,0.274301489041325,80.1873018988793,36.5709482504792,27.4301489041325
2022-07-01,739268,818,544073,513,195195,305,590804,528,2976003,1495,3566807,2023,1,10133,7,17752,10165,3,"East TN",2455501,217.267270508137,0.277547217752181,82.3864457803112,33.3129573150245,27.7547217752181
2022-07-02,739756,488,544371,298,195385,190,591129,325,2976981,978,3568110,1303,0,10133,3,17755,10171,6,"East TN",2455501,218.529741995625,0.28072105619499,53.0645273612188,19.8737447062738,28.072105619499
2022-07-03,740311,555,544706,335,195605,220,591484,355,2977919,938,3569403,1293,0,10133,3,17758,10174,3,"East TN",2455501,222.724405325023,0.284108071824132,52.6572784942869,22.6023121147171,28.4108071824132
2022-07-04,740732,421,544966,260,195766,161,591755,271,2978565,646,3570320,917,1,10134,4,17762,10177,3,"East TN",2455501,209.203742942886,0.281075418994413,37.3447210976497,17.1451772978305,28.1075418994413
2022-07-05,741623,891,545538,572,196085,319,592329,574,2979402,837,3571731,1411,2,10136,7,17769,10181,4,"East TN",2455501,205.660677800579,0.290596728502239,57.4628151240826,36.2858740436269,29.0596728502239
2022-07-06,742778,1155,546261,723,196517,432,593072,743,2980740,1338,3573812,2081,14,10150,13,17782,10184,3,"East TN",2455501,212.82825785858,0.303628262253342,84.7484892085159,47.0372441306275,30.3628262253342
2022-07-07,743834,1056,546858,597,196976,459,593691,619,2982260,1520,3575951,2139,0,10150,7,17789,10194,10,"East TN",2455501,219.262789956103,0.305811766812931,87.1105326367206,43.0054803480023,30.5811766812931
2022-07-08,744903,1069,547526,668,197377,401,594404,713,2984054,1794,3578458,2507,3,10153,6,17795,10198,4,"East TN",2455501,229.484736516092,0.308986353102738,102.097290939812,43.5349038750137,30.8986353102738
2022-07-09,745523,620,547867,341,197656,279,594750,346,2984826,772,3579576,1118,0,10153,3,17798,10201,3,"East TN",2455501,234.860421559592,0.315803244374673,45.5304233229797,25.2494297497741,31.5803244374673
2022-07-10,745923,400,548075,208,197848,192,594960,210,2985437,611,3580397,821,2,10155,5,17803,10208,7,"East TN",2455501,228.548064122149,0.316172457704202,33.4351319751041,16.2899546772736,31.6172457704202
2022-07-11,747109,1186,548735,660,198374,526,595656,696,2986867,1430,3582523,2126,6,10161,10,17813,10209,1,"East TN",2455501,259.702602442434,0.319675489633697,86.5811091097092,48.2997156181162,31.9675489633697
2022-07-12,748284,1175,549400,665,198884,510,596359,703,2988312,1445,3584671,2148,21,10182,4,17817,10214,5,"East TN",2455501,271.268470263299,0.311437403400309,87.4770566169592,47.8517418644912,31.1437403400309
2022-07-13,749583,1299,550179,779,199404,520,597176,817,2989891,1579,3587067,2396,1,10183,7,17824,10220,6,"East TN",2455501,277.132853947117,0.3096190116937,97.5768285168689,52.901627814446,30.96190116937
2022-07-14,750683,1100,550819,640,199864,460,597847,671,2991242,1351,3589089,2022,1,10184,7,17831,10226,6,"East TN",2455501,278.924748961617,0.316334297457756,82.345720893618,44.7973753625024,31.6334297457756
2022-07-15,751739,1056,551459,640,200280,416,598508,661,2992805,1563,3591313,2224,0,10184,10,17841,10231,5,"East TN",2455501,278.395325434606,0.319253208868145,90.5721480056412,43.0054803480023,31.9253208868145
2022-07-16,752288,549,551761,302,200527,247,598822,314,2993524,719,3592346,1033,1,10185,4,17845,10240,9,"East TN",2455501,275.50385847939,0.318872357086922,42.0688079540591,22.357962794558,31.8872357086922
2022-07-17,752644,356,552020,259,200624,97,599097,275,2994099,575,3593196,850,1,10186,2,17847,10247,7,"East TN",2455501,273.71196346489,0.32322837721697,34.6161536892064,14.4980596627735,32.322837721697
2022-07-18,754234,1590,552871,851,201363,739,600018,921,2995712,1613,3595730,2534,5,10191,4,17851,10251,4,"East TN",2455501,290.164817688936,0.330279397289316,103.196862880528,64.7525698421626,33.0279397289316
2022-07-19,755620,1386,553679,808,201941,578,600845,827,2997066,1354,3597911,2181,17,10208,10,17861,10259,8,"East TN",2455501,298.757768781198,0.338821752265861,88.8209778778343,56.444692956753,33.8821752265861
2022-07-20,756864,1244,554420,741,202444,503,601613,768,2998553,1487,3600166,2255,14,10222,5,17866,10262,3,"East TN",2455501,296.517900013073,0.338728147186808,91.8346194931299,50.6617590463209,33.8728147186808
2022-07-21,758219,1355,555261,841,202958,514,602506,893,3000222,1669,3602728,2562,2,10224,3,17869,10271,9,"East TN",2455501,306.902746119835,0.341593958501356,104.337159707937,55.1822214692643,34.1593958501356
2022-07-22,759593,1374,556081,820,203512,554,603357,851,3001732,1510,3605089,2361,0,10224,2,17871,10277,6,"East TN",2455501,319.853260088267,0.351988966318235,96.1514574826074,55.9559943164348,35.1988966318235
2022-07-23,760107,514,556404,323,203703,191,603701,344,3002529,797,3606230,1141,0,10224,0,17871,10279,2,"East TN",2455501,318.427889054006,0.351411696917315,46.4670957169229,20.9325917602966,35.1411696917315
2022-07-24,760704,597,556829,425,203875,172,604145,444,3003409,880,3607554,1324,0,10224,0,17871,10284,5,"East TN",2455501,328.242586747063,0.351581000139295,53.9197499817756,24.3127573558308,35.1581000139295
2022-07-25,762101,1397,557599,770,204502,627,604965,820,3004647,1238,3609612,2058,3,10227,4,17875,10286,2,"East TN",2455501,320.382683615278,0.356360754934447,83.8118168145727,56.892666710378,35.6360754934447
2022-07-26,763635,1534,558616,1017,205019,517,606019,1054,3006085,1438,3612104,2492,9,10236,2,17877,10295,9,"East TN",2455501,326.40996684587,0.364545902909885,101.486417639415,62.4719761873443,36.4545902909885
2022-07-27,764797,1162,559324,708,205473,454,606766,747,3007373,1288,3614139,2035,10,10246,0,17877,10296,1,"East TN",2455501,323.070526137029,0.368782652257926,82.8751444206294,47.3223183374798,36.8782652257926
2022-07-28,766193,1396,560241,917,205952,479,607733,967,3009003,1630,3616736,2597,10,10256,2,17879,10298,2,"East TN",2455501,324.740246491449,0.373143917761279,105.762530742199,56.8519418236849,37.3143917761279
2022-07-29,767356,1163,561047,806,206309,357,608575,842,3010444,1441,3619019,2283,0,10256,3,17882,10302,4,"East TN",2455501,316.147295399187,0.374587221823403,92.9749163205391,47.363043224173,37.4587221823403
2022-07-30,767915,559,561454,407,206461,152,609017,442,3011429,985,3620446,1427,0,10256,0,17882,10305,3,"East TN",2455501,317.979915300381,0.373944850872257,58.1144133111736,22.7652116614899,37.3944850872257
2022-07-31,768496,581,561846,392,206650,189,609445,428,3012207,778,3621652,1206,0,10256,0,17882,10310,5,"East TN",2455501,317.32831711329,0.37593984962406,49.1142133519799,23.6611591687399,37.593984962406
2022-08-01,769506,1010,562397,551,207109,459,610039,594,3012985,778,3623024,1372,9,10265,0,17882,10312,2,"East TN",2455501,301.567785963028,0.378317924246943,55.8745445430484,41.1321355601158,37.8317924246943
2022-08-02,771018,1512,563355,958,207663,554,611038,999,3014613,1628,3625651,2627,12,10277,2,17884,10314,2,"East TN",2455501,300.671838455777,0.370487930907212,106.984277342994,61.5760286800942,37.0487930907212
2022-08-03,772178,1160,564121,766,208057,394,611841,803,3016157,1544,3627998,2347,1,10278,1,17885,10318,4,"East TN",2455501,300.590388682391,0.366188036654881,95.5813090689028,47.2408685640934,36.6188036654881
2022-08-04,773422,1244,564946,825,208476,419,612709,868,3017588,1431,3630297,2299,8,10286,4,17889,10322,4,"East TN",2455501,294.400205905027,0.366934591844259,93.62651450763,50.6617590463209,36.6934591844259
2022-08-05,774599,1177,565703,757,208896,420,613495,786,3019085,1497,3632580,2283,6,10292,2,17891,10325,3,"East TN",2455501,294.970354318732,0.36280510286852,92.9749163205391,47.9331916378776,36.280510286852
2022-08-06,775081,482,566033,330,209048,152,613852,357,3019729,644,3633581,1001,0,10292,0,17891,10326,1,"East TN",2455501,291.834538043357,0.368100494861058,40.7656115798772,19.6293953861147,36.8100494861058
2022-08-07,775441,360,566288,255,209153,105,614122,270,3020337,608,3634459,878,3,10295,0,17891,10327,1,"East TN",2455501,282.834338084163,0.365190911220426,35.7564505166156,14.6609592095462,36.5190911220426
2022-08-08,776725,1284,567041,753,209684,531,614916,794,3021484,1147,3636400,1941,5,10300,3,17894,10329,2,"East TN",2455501,293.992957038095,0.364608253588517,79.0470050714701,52.2907545140483,36.4608253588517
2022-08-09,778248,1523,568062,1021,210186,502,615994,1078,3023174,1690,3639168,2768,19,10319,3,17897,10330,1,"East TN",2455501,294.44093079172,0.366649404453651,112.726486366733,62.0240024337192,36.6649404453651
2022-08-10,779517,1269,568902,840,210615,429,616876,882,3024692,1518,3641568,2400,14,10333,1,17898,10331,1,"East TN",2455501,298.879943441277,0.371039056742815,97.7397280636416,51.6798812136505,37.1039056742815
2022-08-11,780589,1072,569625,723,210964,349,617635,759,3025816,1124,3643451,1883,2,10335,1,17899,10332,1,"East TN",2455501,291.87526293005,0.37448684810704,76.6849616432655,43.6570785350932,37.448684810704
2022-08-12,781901,1312,570478,853,211423,459,618524,889,3027614,1798,3646138,2687,1,10336,3,17902,10332,0,"East TN",2455501,297.37312263363,0.37092491517923,109.427770544585,53.4310513414574,37.092491517923
2022-08-13,782464,563,570895,417,211569,146,618983,459,3028551,937,3647534,1396,0,10336,0,17902,10332,0,"East TN",2455501,300.671838455777,0.367734537375475,56.8519418236849,22.9281112082626,36.7734537375475
