"DATE","TOTAL_CASES","NEW_CASES","TOTAL_CONFIRMED","NEW_CONFIRMED","TOTAL_PROBABLE","NEW_PROBABLE","POS_TESTS","NEW_POS_TESTS","NEG_TESTS","NEW_NEG_TESTS","TOTAL_TESTS","NEW_TESTS","NEW_DEATHS","TOTAL_DEATHS","ACTIVE_CHANGE","TOTAL_ACTIVE","NEW_INACTIVE_RECOVERED","TOTAL_INACTIVE_RECOVERED","NEW_HOSPITALIZED","TOTAL_HOSPITALIZED","TOTAL_DEATHS_BY_DOD","Region","Population","New_cases_per_100k_per_week","PositivityRate_per_week","Tests_per_100k","New_cases_per_100k","Active_cases_per_100k","PositivityPercentage_per_week"
2022-03-05,126782,18,98133,10,28649,8,106082,11,542282,266,648364,277,0,1298,-35,640,53,124844,0,2674,1300,"Knox County",470313,NA,NA,58.8969473520825,3.82723845609201,136.079589549938,NA
2022-03-04,126764,52,98123,27,28641,25,106071,29,542016,380,648087,409,1,1298,-38,675,89,124791,1,2674,1300,"Knox County",470313,NA,NA,86.9633626967573,11.0564666509325,143.52144210345,NA
2022-03-03,126712,45,98096,29,28616,16,106042,33,541636,326,647678,359,8,1297,-72,713,109,124702,4,2673,1300,"Knox County",470313,NA,NA,76.3321447631684,9.56809614023002,151.601167732978,NA
2022-03-02,126667,36,98067,28,28600,8,106009,35,541310,338,647319,373,-2,1289,-89,785,127,124593,1,2669,1299,"Knox County",470313,NA,NA,79.3088857845732,7.65447691218401,166.910121557346,NA
2022-03-01,126631,93,98039,48,28592,45,105974,60,540972,391,646946,451,4,1291,-87,874,176,124466,3,2668,1296,"Knox County",470313,NA,NA,95.893585760972,19.7740653564754,185.833689479134,NA
2022-02-28,126538,134,97991,90,28547,44,105914,98,540581,549,646495,647,10,1287,-104,961,228,124290,4,2665,1296,"Knox County",470313,NA,NA,137.56796006064,28.4916640620183,204.332008683579,NA
2022-02-27,126404,3,97901,3,28503,0,105816,5,540032,75,645848,80,1,1277,-136,1065,138,124062,1,2661,1293,"Knox County",470313,81.0098806539475,0.104391371340524,17.0099486937423,0.637873076015334,226.444941985444,10.4391371340524
2022-02-26,126401,47,97898,33,28503,14,105811,35,539957,275,645768,310,0,1276,-84,1201,131,123924,2,2660,1291,"Knox County",470313,87.175987055429,0.112209965766451,65.9135511882512,9.99334485757357,255.361854764806,11.2209965766451
2022-02-25,126354,106,97865,66,28489,40,105776,74,539682,406,645458,480,2,1276,-108,1285,212,123793,3,2658,1291,"Knox County",470313,98.6577024237051,0.125925925925926,102.059692162454,22.5381820192085,273.222300893235,12.5925925925926
2022-02-24,126248,144,97799,85,28449,59,105702,94,539276,463,644978,557,1,1274,-119,1393,262,123581,2,2655,1287,"Knox County",470313,119.707513932211,0.138371290545204,118.43176778018,30.6179076487361,296.185731629787,13.8371290545204
2022-02-23,126104,142,97714,96,28390,46,105608,115,538813,413,644421,528,6,1273,-185,1512,321,123319,1,2653,1284,"Knox County",470313,142.24569595142,0.157549950867999,112.265661378699,30.1926589313925,321.488030311729,15.7549950867999
2022-02-22,125962,142,97618,87,28344,55,105493,100,538400,356,643893,456,11,1267,-173,1697,304,122998,5,2652,1280,"Knox County",470313,152.664289526337,0.170372792674951,96.9567075543308,30.1926589313925,360.823536666007,17.0372792674951
2022-02-21,125820,74,97531,45,28289,29,105393,50,538044,290,643437,340,0,1256,-370,1870,444,122694,0,2647,1277,"Knox County",470313,139.90682800603,0.171937477280989,72.2922819484046,15.7342025417116,397.607550716225,17.1937477280989
2022-02-20,125746,72,97486,48,28260,24,105343,57,537754,289,643097,346,0,1256,-189,2240,261,122250,1,2647,1274,"Knox County",470313,154.577908754383,0.174013921113689,73.5680281004352,15.308953824368,476.278563424783,17.4013921113689
2022-02-19,125674,90,97438,54,28236,36,105286,68,537465,322,642751,390,0,1256,-177,2429,267,121989,1,2646,1272,"Knox County",470313,163.720756177269,0.180174362286083,82.9234998819935,19.13619228046,516.464567213749,18.0174362286083
2022-02-18,125584,142,97384,92,28200,50,105218,114,537143,498,642361,612,0,1256,-263,2606,405,121722,3,2645,1269,"Knox County",470313,171.375233089453,0.185196655311242,130.126107507128,30.1926589313925,554.099078698654,18.5196655311242
2022-02-17,125442,294,97292,232,28150,62,105104,275,536645,1208,641749,1483,1,1256,-239,2869,532,121317,2,2642,1266,"Knox County",470313,203.26888689022,0.18748495788207,315.321923910247,62.5115614495028,610.019285029332,18.748495788207
2022-02-16,125148,224,97060,144,28088,80,104829,159,535437,546,640266,705,3,1255,-381,3108,602,120785,2,2640,1266,"Knox County",470313,220.704084301306,0.189981532779317,149.900172863604,47.6278563424783,660.836506751887,18.9981532779317
2022-02-15,124924,273,96916,215,28008,58,104670,240,534891,592,639561,832,5,1252,-465,3489,733,120183,5,2638,1263,"Knox County",470313,248.557875287309,0.204545454545455,176.903466414919,58.0464499173954,741.846387405834,20.4545454545455
2022-02-14,124651,341,96701,205,27950,136,104430,245,534299,602,638729,847,19,1247,-442,3954,764,119450,8,2633,1260,"Knox County",470313,305.328579052673,0.222051773729626,180.092831794996,72.5049063070764,840.716714188211,22.2051773729626
2022-02-13,124310,120,96496,100,27814,20,104185,116,533697,283,637882,399,1,1228,-273,4396,392,118686,1,2625,1260,"Knox County",470313,315.534548268919,0.231017463933181,84.8371191100395,25.5149230406134,934.696680721137,23.1017463933181
2022-02-12,124190,154,96396,110,27794,44,104069,127,533414,414,637483,541,0,1227,-276,4669,430,118294,3,2624,1259,"Knox County",470313,329.142507223913,0.235467798486806,115.029778041432,32.7441512354538,992.743130638532,23.5467798486806
2022-02-11,124036,341,96286,250,27750,91,103942,279,533000,631,636942,910,3,1227,-401,4945,739,117864,9,2621,1254,"Knox County",470313,371.454754599596,0.252055273744971,193.488166391318,72.5049063070764,1051.42745363194,25.2055273744971
2022-02-10,123695,425,96036,274,27659,151,103663,302,532369,555,636032,857,7,1224,-435,5346,853,117125,12,2612,1252,"Knox County",470313,399.308545585599,0.288351993714398,182.219075381714,90.3653524355057,1136.68982145933,28.8351993714398
2022-02-09,123270,438,95762,308,27508,130,103361,367,531814,606,635175,973,8,1217,-702,5781,1132,116272,4,2600,1250,"Knox County",470313,444.81015834136,0.3127449150961,206.88350098764,93.1294690982388,1229.18141748155,31.27449150961
2022-02-08,122832,457,95454,334,27378,123,102994,389,531208,462,634202,851,6,1209,-836,6483,1287,115140,7,2596,1247,"Knox County",470313,483.933040336967,0.33934548159167,180.943329229683,97.1693319130026,1378.44371726914,33.934548159167
2022-02-07,122375,589,95120,410,27255,179,102605,441,530746,625,633351,1066,10,1203,-739,7319,1318,113853,11,2589,1239,"Knox County",470313,536.663881287568,0.361086296230123,226.657566344116,125.235747257677,1556.19768111874,36.1086296230123
2022-02-06,121786,253,94710,185,27076,68,102164,215,530121,435,632285,650,0,1193,-369,8058,622,112535,14,2578,1234,"Knox County",470313,564.942920990915,0.362517099863201,138.205833136656,53.7939627439599,1713.32708217719,36.2517099863201
2022-02-05,121533,271,94525,194,27008,77,101949,220,529686,496,631635,716,0,1193,-381,8427,652,111913,7,2564,1231,"Knox County",470313,589.819970955513,0.367424871326581,152.239040808993,57.6212012000519,1791.78547052707,36.7424871326581
2022-02-04,121262,650,94331,511,26931,139,101729,578,529190,963,630919,1541,3,1193,-495,8808,1142,111261,2,2557,1221,"Knox County",470313,655.520897785092,0.377517282837391,327.65413671321,138.205833136656,1872.79535118102,37.7517282837391
2022-02-03,120612,1643,93820,501,26792,1142,101151,504,528227,741,629378,1245,1,1190,132,9303,1510,110119,12,2555,1221,"Knox County",470313,914.497366647318,0.385401874467481,264.717326546364,349.341821297731,1978.04440872355,38.5401874467481
2022-02-02,118969,719,93319,538,25650,181,100647,600,527486,904,628133,1504,7,1189,-1040,9171,1752,108609,5,2543,1219,"Knox County",470313,974.244811434088,0.389145649016242,319.787035442354,152.876913885008,1949.97799337888,38.9145649016242
2022-02-01,118250,938,92781,740,25469,198,100047,834,526582,1139,626629,1973,5,1182,-960,10211,1893,106857,11,2538,1211,"Knox County",470313,1076.51712795521,0.390109258194365,419.507859659418,199.441648434128,2171.10732639753,39.0109258194365
2022-01-31,117312,712,92041,514,25271,198,99213,519,525443,605,624656,1124,11,1177,-707,11171,1408,104964,12,2527,1203,"Knox County",470313,1102.66992407184,0.396435507825888,238.989779147079,151.388543374306,2375.22671072243,39.6435507825888
2022-01-30,116600,389,91527,319,25073,70,98694,336,524838,570,623532,906,1,1166,-257,11878,645,103556,8,2515,1201,"Knox County",470313,1131.5868368512,0.398601398601399,192.637668956631,82.7108755233217,2525.55213230338,39.8601398601399
2022-01-29,116211,679,91208,590,25003,89,98358,646,524268,912,622626,1558,0,1165,-64,12135,743,102911,5,2507,1195,"Knox County",470313,1218.33757518929,0.407775860318749,331.26875081063,144.371939538137,2580.19659248203,40.7775860318749
2022-01-28,115532,937,90618,775,24914,162,97712,834,523356,1040,621068,1874,3,1165,-418,12199,1352,102168,15,2502,1192,"Knox County",470313,1279.36076612809,0.419579732914376,398.458048150912,199.229024075456,2593.80455143702,41.9579732914375
2022-01-27,114595,1434,89843,1201,24752,233,96878,1276,522316,1472,619194,2748,7,1162,49,12617,1378,100816,13,2487,1186,"Knox County",470313,1234.92227516569,0.431676221442629,584.291737630046,304.90333033533,2682.68153336183,43.1676221442629
2022-01-26,113161,999,88642,807,24519,192,95602,854,520844,965,616446,1819,4,1155,-646,12568,1641,99438,5,2474,1178,"Knox County",470313,1294.45709559379,0.441509748375271,386.763708423964,212.411734313106,2672.26293978691,44.1509748375271
2022-01-25,112162,1025,87835,768,24327,257,94748,803,519879,931,614627,1734,7,1151,-437,13214,1455,97797,9,2469,1172,"Knox County",470313,1312.95541479823,0.44784493751594,368.690637936863,217.939967638573,2809.61827548888,44.784493751594
2022-01-24,111137,1321,87067,1082,24070,239,93945,1158,518948,1550,612893,2708,13,1144,-239,13651,1547,96342,14,2460,1166,"Knox County",470313,1442.44364922934,0.44257136435154,575.786763283175,280.876777805419,2902.53512022844,44.257136435154
2022-01-23,109816,769,85985,680,23831,89,92787,709,517398,818,610185,1527,0,1131,122,13890,647,94795,7,2446,1161,"Knox County",470313,1523.24090552462,0.449599083619702,324.677395691805,163.508131818597,2953.352341951,44.9599083619702
2022-01-22,109047,903,85305,739,23742,164,92078,770,516580,1056,608658,1826,0,1131,186,13768,717,94148,13,2439,1151,"Knox County",470313,1570.8687618671,0.449845462208486,388.252078934667,191.999795880616,2927.41217019304,44.9845462208486
2022-01-21,108144,1517,84566,1230,23578,287,91308,1292,515524,1348,606832,2640,1,1131,575,13582,941,93431,6,2426,1148,"Knox County",470313,1694.19088989673,0.457405679242768,561.328306893494,322.551152105087,2887.86403948009,45.7405679242768
2022-01-20,106627,1409,83336,1170,23291,239,90016,1217,514176,1152,604192,2369,11,1130,472,13007,926,92490,10,2420,1142,"Knox County",470313,1688.87528092993,0.465226013813855,503.707105693442,299.587721368535,2765.60503324382,46.5226013813855
2022-01-19,105218,1675,82166,1311,23052,364,88799,1344,513024,1331,601823,2675,4,1119,363,12535,1308,91564,5,2410,1140,"Knox County",470313,1832.60934739206,0.471154467342852,568.770159447007,356.145800775228,2665.24633595074,47.1154467342852
2022-01-18,103543,1044,80855,665,22688,379,87455,692,511693,686,599148,1378,6,1115,-304,12172,1342,90256,6,2405,1138,"Knox County",470313,1836.64921020682,0.474905772664154,292.99636624971,221.979830453336,2588.06369375288,47.4905772664154
2022-01-17,102499,1088,80190,856,22309,232,86763,900,511007,1279,597770,2179,7,1109,-105,12476,1186,88914,13,2399,1134,"Knox County",470313,1787.1077346363,0.474441551322461,463.308477545805,231.335302234895,2652.7014987891,47.4441551322461
2022-01-16,101411,773,79334,693,22077,80,85863,718,509728,1073,595591,1791,0,1102,277,12581,496,87728,7,2386,1131,"Knox County",470313,1787.95823207098,0.466617310539777,380.810226381155,164.358629253285,2675.02705644964,46.6617310539777
2022-01-15,100638,751,78641,598,21997,153,85145,627,508655,816,593800,1443,1,1102,487,12304,263,87232,12,2379,1127,"Knox County",470313,1755.63932955287,0.469084628670121,306.816949563376,159.680893362505,2616.13010909756,46.9084628670121
2022-01-14,99887,1314,78043,1059,21844,255,84518,1097,507839,1188,592357,2285,6,1101,846,11817,462,86969,9,2367,1125,"Knox County",470313,1712.4765847425,0.467067988668555,485.846659565013,279.388407294717,2512.5820464244,46.7067988668555
2022-01-13,98573,1406,76984,1059,21589,347,83421,1105,506651,1402,590072,2507,6,1095,641,10971,759,86507,11,2358,1120,"Knox County",470313,1711.83871166649,0.454692102679198,533.049267190148,298.94984829252,2332.70183898808,45.4692102679198
2022-01-12,97167,1167,75925,889,21242,278,82316,935,505249,1058,587565,1993,1,1089,461,10330,705,85748,3,2347,1114,"Knox County",470313,1603.82553746122,0.447407189157336,423.760346832854,248.132626569965,2196.40962507947,44.7407189157336
2022-01-11,96000,1366,75036,1061,20964,305,81381,1096,504191,1283,585572,2379,2,1088,744,9869,620,85043,10,2344,1114,"Knox County",470313,1672.29058095354,0.444398710297043,505.83334928016,290.444873945649,2098.38979573178,44.4398710297043
2022-01-10,94634,1002,73975,685,20659,317,80285,715,502908,812,583193,1527,3,1086,425,9125,574,84423,5,2334,1111,"Knox County",470313,1654.00488610776,0.451921005385996,324.677395691805,213.049607389122,1940.19727287998,45.1921005385996
2022-01-09,93632,740,73290,627,20342,113,79570,663,502096,1205,581666,1868,5,1083,454,8700,281,83849,2,2329,1110,"Knox County",470313,1646.98828227159,0.4455077846022,397.182301998882,157.342025417116,1849.83192044447,44.55077846022
2022-01-08,92892,624,72663,477,20229,147,78907,509,500891,912,579798,1421,0,1078,520,8246,104,83568,10,2327,1108,"Knox County",470313,1619.98498872028,0.437768240343348,302.139213672597,132.67759981119,1753.30046160748,43.7768240343348
2022-01-07,92268,966,72186,748,20082,218,78398,764,499979,1091,578377,1855,0,1078,801,7726,165,83464,7,2317,1104,"Knox County",470313,1545.9917119025,0.427084870848708,394.418185336148,205.395130476938,1642.73579509816,42.7084870848709
2022-01-06,91302,1170,71438,745,19864,425,77634,781,498888,1011,576522,1792,2,1078,956,6925,212,83299,7,2310,1104,"Knox County",470313,1495.81236325596,0.425633034670822,381.022850739826,248.77049964598,1472.42368380206,42.5633034670822
2022-01-05,90132,1214,70693,903,19439,311,76853,942,497877,1255,574730,2197,1,1076,989,5969,224,83087,8,2303,1100,"Knox County",470313,1505.80570811353,0.419510698673211,467.135716001897,258.125971427539,1269.15479691184,41.9510698673211
2022-01-04,88918,925,69790,578,19128,347,75911,567,496622,1040,572533,1607,0,1075,723,4980,202,82863,6,2295,1099,"Knox County",470313,1412.03836593928,0.402787967718269,341.687344385547,196.677531771395,1058.86930618546,40.2787967718269
2022-01-03,87993,716,69212,538,18781,178,75344,505,495582,820,570926,1325,6,1075,540,4257,170,82661,6,2289,1094,"Knox County",470313,1351.22779935915,0.392125984251968,281.727275240106,152.239040808993,905.14189486576,39.2125984251969
2022-01-02,87277,290,68674,206,18603,84,74839,265,494762,651,569601,916,3,1069,180,3717,107,82491,8,2283,1092,"Knox County",470313,1255.54683795685,0.389903716368217,194.763912543349,61.6610640148157,790.324741182999,38.9903716368217
2022-01-01,86987,265,68468,215,18519,50,74574,237,494111,767,568685,1004,0,1066,168,3537,97,82384,15,2275,1088,"Knox County",470313,1179.21469319368,0.379674644727001,213.474856106465,56.3454550480212,752.052356622079,37.9674644727001
2021-12-31,86722,591,68253,429,18469,162,74337,470,493344,1008,567681,1478,0,1066,487,3369,104,82287,5,2260,1088,"Knox County",470313,1099.48055869176,0.365054753367574,314.258802116888,125.660995975021,716.331464365221,36.5054753367574
2021-12-30,86131,582,67824,403,18307,179,73867,404,492336,918,566203,1322,2,1066,471,2882,109,82183,6,2255,1085,"Knox County",470313,974.457435792759,0.344197380444715,281.089402164091,123.747376746975,612.783401692065,34.4197380444715
2021-12-29,85549,631,67421,474,18128,157,73463,502,491418,1195,564881,1697,1,1064,504,2411,126,82074,5,2249,1083,"Knox County",470313,850.497434687113,0.315541769173174,360.823536666007,134.165970321892,512.637328757657,31.5541769173174
2021-12-28,84918,429,66947,262,17971,167,72961,283,490223,979,563184,1262,1,1063,304,1907,124,81948,4,2244,1081,"Knox County",470313,745.035752785911,0.296090626388272,268.331940643784,91.2158498701928,405.474651987081,29.6090626388272
2021-12-27,84489,314,66685,234,17804,80,72678,254,489244,905,561922,1159,2,1062,202,1603,110,81824,1,2240,1081,"Knox County",470313,659.560760599856,0.273251866938221,246.431631700591,66.7640486229383,340.83684695086,27.3251866938221
2021-12-26,84175,61,66451,49,17724,12,72424,60,488339,426,560763,486,7,1060,-35,1401,89,81714,1,2239,1080,"Knox County",470313,610.869782464019,0.262844909609895,103.335438314484,12.9700858789785,297.886726499161,26.2844909609895
2021-12-25,84114,85,66402,63,17712,22,72364,74,487913,489,560277,563,1,1053,6,1436,78,81625,1,2238,1080,"Knox County",470313,572.597397903099,0.256934856282164,119.707513932211,18.0730704871011,305.328579052673,25.6934856282164
2021-12-24,84029,174,66339,122,17690,52,72290,137,487424,848,559714,985,0,1052,94,1430,80,81547,2,2237,1080,"Knox County",470313,483.933040336967,0.229328338239229,209.434993291702,36.9966384088894,304.052832900643,22.9328338239229
2021-12-23,83855,218,66217,159,17638,59,72153,166,486576,960,558729,1126,5,1052,113,1336,100,81467,5,2235,1080,"Knox County",470313,406.53777378044,0.20280296784831,239.415027864422,46.3521101904476,284.066143185496,20.280296784831
2021-12-22,83637,176,66058,102,17579,74,71987,101,485616,814,557603,915,47,1047,14,1223,115,81367,10,2230,1079,"Knox County",470313,309.793690584781,0.16548645320197,194.551288184677,37.421887126233,260.039590655585,16.548645320197
2021-12-21,83461,177,65956,124,17505,53,71886,120,484802,912,556688,1032,3,1000,71,1209,103,81252,6,2220,1077,"Knox County",470313,256.212352199493,0.145547398659432,219.428338149275,37.6345114849047,257.06284963418,14.5547398659432
2021-12-20,83284,114,65832,80,17452,34,71766,84,483890,623,555656,707,1,997,-9,1138,122,81149,3,2214,1075,"Knox County",470313,213.687480465137,0.127622979016168,150.325421580947,24.2391768885827,241.966520168484,12.7622979016168
2021-12-19,83170,70,65752,50,17418,20,71682,58,483267,557,554949,615,3,996,-18,1147,85,81027,6,2211,1074,"Knox County",470313,215.601099693183,0.124516237590443,130.763980583144,14.8837051070245,243.88013939653,12.4516237590443
2021-12-18,83100,88,65702,56,17398,32,71624,65,482710,660,554334,725,0,993,12,1165,76,80942,3,2205,1073,"Knox County",470313,216.238972769198,0.11973791973792,154.152660037039,18.7109435631165,247.707377852622,11.973791973792
2021-12-17,83012,119,65646,77,17366,42,71559,83,482050,1034,553609,1117,2,993,7,1153,110,80866,6,2202,1071,"Knox County",470313,204.544633042251,0.108545775212442,237.501408636376,25.3022986819416,245.15588554856,10.8545775212442
2021-12-16,82893,139,65569,107,17324,32,71476,108,481016,661,552492,769,2,991,33,1146,104,80756,3,2196,1069,"Knox County",470313,187.74730870718,0.105272108843537,163.508131818597,29.5547858553772,243.667515037858,10.5272108843537
2021-12-15,82754,157,65462,113,17292,44,71368,125,480355,841,551723,966,0,989,31,1113,126,80652,5,2193,1067,"Knox County",470313,183.707445892416,0.108413421008262,205.395130476938,33.3820243114692,236.650911201689,10.8413421008262
2021-12-14,82597,97,65349,59,17248,38,71243,63,479514,811,550757,874,3,989,-55,1082,149,80526,3,2188,1064,"Knox County",470313,166.697497198674,0.101507015416594,185.833689479134,20.6245627911625,230.059556082864,10.1507015416594
2021-12-13,82500,111,65290,74,17210,37,71180,79,478703,627,549883,706,4,986,-50,1137,157,80377,3,2185,1061,"Knox County",470313,166.059624122659,0.100658350658351,150.112797222275,23.6013038125674,241.753895809812,10.0658350658351
2021-12-12,82389,54,65216,29,17173,25,71101,40,478076,493,549177,533,6,982,-37,1187,85,80220,5,2182,1061,"Knox County",470313,162.65763438391,0.0989455184534271,113.328783172058,11.481715368276,252.385113743401,9.89455184534271
2021-12-11,82335,65,65187,45,17148,20,71061,51,477583,541,548644,592,0,976,-21,1224,86,80135,1,2177,1060,"Knox County",470313,157.767274134459,0.0987943134784956,125.873620333693,13.8205833136656,260.252215014256,9.87943134784956
2021-12-10,82270,84,65142,48,17128,36,71010,57,477042,856,548052,913,0,976,-13,1245,97,80049,3,2176,1057,"Knox County",470313,150.325421580947,0.0977022230524939,194.126039467333,17.8604461284294,264.717326546364,9.77022230524939
2021-12-09,82186,164,65094,96,17092,68,70953,107,476186,1017,547139,1124,3,976,101,1258,60,79952,2,2173,1055,"Knox County",470313,155.641030547742,0.0914505956552207,238.989779147079,34.8703948221716,267.481443209097,9.14505956552208
2021-12-08,82022,130,64998,67,17024,63,70846,65,475169,751,546015,816,0,973,33,1157,97,79892,7,2171,1054,"Knox County",470313,149.900172863604,0.0831234256926952,173.501476676171,27.6411666273312,246.006382983247,8.31234256926952
2021-12-07,81892,127,64931,70,16961,57,70781,76,474418,631,545199,707,2,973,17,1124,108,79795,2,2164,1053,"Knox County",470313,156.278903623757,0.0881098126507142,150.325421580947,27.0032935513158,238.989779147079,8.81098126507142
2021-12-06,81765,148,64861,106,16904,42,70705,115,473787,759,544492,874,8,971,38,1107,102,79687,4,2162,1053,"Knox County",470313,164.146004894613,0.0919230077352042,185.833689479134,31.4684050834232,235.375165049658,9.19230077352042
2021-12-05,81617,43,64755,28,16862,15,70590,33,473028,342,543618,375,2,963,-20,1069,61,79585,1,2158,1050,"Knox County",470313,161.807136949223,0.093316052582855,79.7341345019168,9.14284742288646,227.295439420131,9.3316052582855
2021-12-04,81574,69,64727,50,16847,19,70557,55,472686,499,543243,554,0,961,14,1089,55,79524,3,2157,1050,"Knox County",470313,162.65763438391,0.0947231027410032,117.793894704165,14.6710807483527,231.547926593566,9.47231027410032
2021-12-03,81505,147,64677,103,16828,44,70502,108,472187,1009,542689,1117,3,961,62,1075,82,79469,2,2154,1048,"Knox County",470313,176.052968980232,0.100413148913239,237.501408636376,31.2557807247514,228.571185572162,10.0413148913239
2021-12-02,81358,133,64574,86,16784,47,70394,85,471178,794,541572,879,0,958,31,1013,102,79387,4,2152,1046,"Knox County",470313,169.461613861407,0.100901916572717,186.896811272493,28.2790397033465,215.388475334511,10.0901916572717
2021-12-01,81225,185,64488,142,16737,43,70309,147,470384,1009,540693,1156,4,958,91,982,90,79285,7,2148,1044,"Knox County",470313,181.155953588355,0.109325326739668,245.793758624576,39.335506354279,208.797120215686,10.9325326739668
2021-11-30,81040,116,64346,66,16694,50,70162,68,469375,693,539537,761,3,954,16,891,97,79195,6,2141,1043,"Knox County",470313,178.817085642965,0.106892932120364,161.807136949223,24.6644256059263,189.448303576554,10.6892932120364
2021-11-29,80924,165,64280,128,16644,37,70094,139,468682,967,538776,1106,2,951,75,875,88,79098,5,2135,1040,"Knox County",470313,182.431699740386,0.106758574310693,235.162540690987,35.0830191808434,186.046313837806,10.6758574310693
2021-11-28,80759,33,64152,22,16607,11,69955,22,467715,270,537670,292,3,949,-24,800,54,79010,5,2130,1039,"Knox County",470313,180.305456153668,0.106393861892583,62.0863127321592,7.01660383616868,170.099486937423,10.6393861892583
2021-11-27,80726,59,64130,31,16596,28,69933,32,467445,266,537378,298,0,946,1,824,58,78956,1,2125,1038,"Knox County",470313,178.17921256695,0.107149224460688,63.3620588841899,12.5448371616349,175.202471545545,10.7149224460688
2021-11-26,80667,20,64099,18,16568,2,69901,20,467179,298,537080,318,0,946,-45,823,65,78898,4,2124,1036,"Knox County",470313,151.175919015634,0.106652806652807,67.6145460576254,4.25248717343556,174.989847186873,10.6652806652807
2021-11-25,80647,52,64081,26,16566,26,69881,29,466881,331,536762,360,0,946,-18,868,70,78833,3,2120,1035,"Knox County",470313,133.95334596322,0.106501980890235,76.5447691218401,11.0564666509325,184.557943327103,10.6501980890235
2021-11-24,80595,105,64055,66,16540,39,69852,73,466550,742,536402,815,0,946,18,886,87,78763,3,2117,1030,"Knox County",470313,116.943397269478,0.0969620253164557,173.288852317499,22.3255576605367,188.385181783195,9.69620253164557
2021-11-23,80490,99,63989,64,16501,35,69779,65,465808,674,535587,739,0,946,37,868,62,78676,2,2114,1026,"Knox County",470313,113.328783172058,0.0967413441955193,157.129401058444,21.049811508506,184.557943327103,9.67413441955193
2021-11-22,80391,107,63925,83,16466,24,69714,82,465134,740,534848,822,0,946,37,831,70,78614,3,2112,1026,"Knox County",470313,100.996570369095,0.0886388583973655,174.777222828202,22.7508063778803,176.690842056248,8.86388583973655
2021-11-21,80284,44,63842,32,16442,12,69632,37,464394,284,534026,321,0,946,-9,794,53,78544,2,2109,1026,"Knox County",470313,103.335438314484,0.0920228695888919,68.2524191336408,9.35547178155824,168.823740785392,9.20228695888919
2021-11-20,80240,54,63810,37,16430,17,69595,44,464110,537,533705,581,0,946,14,803,40,78491,1,2107,1024,"Knox County",470313,102.272316521125,0.0884732052578362,123.534752388303,11.481715368276,170.737360013438,8.84732052578362
2021-11-19,80186,112,63773,83,16413,29,69551,81,463573,825,533124,906,0,946,62,789,50,78451,0,2106,1024,"Knox County",470313,121.833757518929,0.0904489436619718,192.637668956631,23.8139281712392,167.760618992033,9.04489436619718
2021-11-18,80074,80,63690,44,16384,36,69470,49,462748,937,532218,986,3,946,18,727,59,78401,2,2106,1024,"Knox County",470313,127.787239561739,0.0833655705996132,209.647617650373,17.0099486937423,154.577908754383,8.33655705996132
2021-11-17,79994,105,63646,64,16348,41,69421,66,461811,833,531232,899,0,943,44,709,61,78342,1,2104,1024,"Knox County",470313,127.787239561739,0.0807004187285877,191.149298445929,22.3255576605367,150.750670298291,8.07004187285877
2021-11-16,79889,73,63582,51,16307,22,69355,67,460978,777,530333,844,0,943,9,665,64,78281,2,2103,1023,"Knox County",470313,122.259006236272,0.0794924426198918,179.454958718981,15.5215781830398,141.395198516732,7.94924426198918
2021-11-15,79816,84,63531,44,16285,40,69288,34,460201,460,529489,494,3,943,21,656,60,78217,0,2101,1020,"Knox County",470313,117.368645986822,0.075134168157424,105.036433183858,17.8604461284294,139.481579288686,7.5134168157424
2021-11-14,79732,72,63487,62,16245,10,69254,68,459741,624,528995,692,0,940,16,635,56,78157,2,2101,1020,"Knox County",470313,123.322128029631,0.0757126990003702,147.13605620087,15.308953824368,135.016467756579,7.57126990003702
2021-11-13,79660,29,63425,13,16235,16,69186,12,459117,317,528303,329,0,940,-13,619,42,78101,2,2099,1018,"Knox County",470313,118.006519062837,0.0732038834951456,69.953414003015,6.16610640148157,131.614478017831,7.32038834951456
2021-11-12,79631,66,63412,49,16219,17,69174,51,458800,687,527974,738,0,940,17,632,49,78059,4,2097,1018,"Knox County",470313,108.225798563935,0.069650742673625,156.916776699772,14.0332076723374,134.378594680564,6.96507426736251
2021-11-11,79565,67,63363,46,16202,21,69123,54,458113,962,527236,1016,0,940,-3,615,70,78010,0,2093,1016,"Knox County",470313,105.461681901202,0.0702314445331205,216.026348410527,14.2458320310091,130.763980583144,7.02314445331205
2021-11-10,79498,74,63317,50,16181,24,69069,69,457151,855,526220,924,1,940,6,618,67,77940,2,2093,1016,"Knox County",470313,98.8703267823768,0.0704784594004368,196.464907412723,15.7342025417116,131.401853659159,7.04784594004368
2021-11-09,79424,106,63267,76,16157,30,69000,134,456296,1174,525296,1308,1,939,34,612,71,77873,1,2091,1016,"Knox County",470313,105.886930618546,0.0767133248500273,278.112661142686,22.5381820192085,130.126107507128,7.67133248500273
2021-11-08,79318,78,63191,58,16127,20,68866,70,455122,687,523988,757,6,938,-10,578,82,77802,1,2090,1015,"Knox County",470313,104.611184466515,0.0794587092297016,160.956639514536,16.5846999763987,122.896879312288,7.94587092297016
2021-11-07,79240,31,63133,20,16107,11,68796,23,454435,390,523231,413,0,932,-20,588,51,77720,1,2089,1012,"Knox County",470313,95.8935857609719,0.0752962625341841,87.8138601314444,6.59135511882512,125.023122899006,7.52962625341841
2021-11-06,79209,41,63113,27,16096,14,68773,30,454045,453,522818,483,0,932,-2,608,43,77669,2,2088,1009,"Knox County",470313,98.4450780650333,0.0764319914878525,102.697565238469,8.7175987055429,129.275610072441,7.64319914878525
2021-11-05,79168,52,63086,32,16082,20,68743,36,453592,605,522335,641,0,932,-27,610,79,77626,2,2086,1008,"Knox County",470313,95.4683370436284,0.0750631540959942,136.29221390861,11.0564666509325,129.700858789785,7.50631540959942
2021-11-04,79116,68,63054,45,16062,23,68707,49,452987,668,521694,717,0,932,-1,637,69,77547,1,2084,1008,"Knox County",470313,95.6809614023002,0.0783902345985123,152.451665167665,14.4584563896809,135.441716473923,7.83902345985123
2021-11-03,79048,79,63009,59,16039,20,68658,65,452319,969,520977,1034,0,932,-2,638,81,77478,2,2083,1007,"Knox County",470313,96.7440831956591,0.0760321315150383,219.853586866619,16.7973243350705,135.654340832594,7.60321315150383
2021-11-02,78969,41,62950,19,16019,22,68593,22,451350,301,519943,323,4,932,-51,640,88,77397,1,2081,1005,"Knox County",470313,82.9234998819935,0.06753663003663,68.6776678509843,8.7175987055429,136.079589549938,6.753663003663
2021-11-01,78928,95,62931,71,15997,24,68571,83,451049,661,519620,744,1,928,-19,691,113,77309,3,2080,1002,"Knox County",470313,86.5381139794137,0.0707233065442021,158.192522851803,20.1993140738189,146.923431842199,7.07233065442021
2021-10-31,78833,26,62860,20,15973,6,68488,19,450388,278,518876,297,0,927,-43,710,69,77196,1,2077,1001,"Knox County",470313,85.4749921860548,0.0717150271290399,63.1494345255181,5.52823332546623,150.963294656962,7.17150271290399
2021-10-30,78807,56,62840,41,15967,15,68469,43,450110,522,518579,565,0,927,-23,753,79,77127,4,2076,1000,"Knox County",470313,88.6643575661315,0.0733626475352928,120.132762649555,11.9069640856196,160.106142079849,7.33626475352928
2021-10-29,78751,73,62799,59,15952,14,68426,66,449588,846,518014,912,1,927,-37,776,109,77048,1,2072,1000,"Knox County",470313,93.1294690982388,0.0755662020905923,193.913415108662,15.5215781830398,164.9965023293,7.55662020905923
2021-10-28,78678,54,62740,32,15938,22,68360,39,448742,561,517102,600,4,926,-52,813,102,76939,3,2071,999,"Knox County",470313,90.1527280768339,0.0753072625698324,127.574615203067,11.481715368276,172.863603600156,7.53072625698324
2021-10-27,78624,88,62708,57,15916,31,68321,65,448181,759,516502,824,1,922,-29,865,116,76837,3,2068,997,"Knox County",470313,92.0663473048799,0.0790152403282532,175.202471545545,18.7109435631165,183.920070251088,7.90152403282532
2021-10-26,78536,96,62651,58,15885,38,68256,55,447422,554,515678,609,0,921,-18,894,114,76721,5,2065,994,"Knox County",470313,103.760687031828,0.0813008130081301,129.488234431113,20.4119384324907,190.08617665257,8.13008130081301
2021-10-25,78440,71,62593,47,15847,24,68201,54,446868,491,515069,545,6,921,-73,912,138,76607,3,2060,992,"Knox County",470313,98.6577024237051,0.0783547794117647,115.880275476119,15.0963294656962,193.913415108662,7.83547794117647
2021-10-24,78369,38,62546,20,15823,18,68147,23,446377,337,514524,360,1,915,-73,985,110,76469,5,2057,991,"Knox County",470313,101.209194727766,0.0781426953567384,76.5447691218401,8.07972562952757,209.434993291702,7.81426953567384
2021-10-23,78331,59,62526,40,15805,19,68124,42,446040,471,514164,513,0,914,-14,1058,73,76359,1,2052,988,"Knox County",470313,101.847067803782,0.0788448315379326,109.076295998622,12.5448371616349,224.956571474741,7.88448315379326
2021-10-22,78272,90,62486,55,15786,35,68082,55,445569,551,513651,606,0,914,-68,1072,158,76286,2,2051,986,"Knox County",470313,105.461681901202,0.0820803549420754,128.850361355098,19.13619228046,227.933312496146,8.20803549420754
2021-10-21,78182,124,62431,71,15751,53,68027,78,445018,712,513045,790,3,914,-23,1140,144,76128,2,2049,984,"Knox County",470313,120.345387008226,0.0875912408759124,167.973243350705,26.3654204753005,242.391768885827,8.75912408759124
2021-10-20,78058,149,62360,83,15698,66,67949,90,444306,959,512255,1049,3,911,-47,1163,193,75984,3,2047,982,"Knox County",470313,133.315472887205,0.0887745974955277,223.042952246695,31.6810294420949,247.282129135278,8.87745974955277
2021-10-19,77909,131,62277,85,15632,46,67859,92,443347,724,511206,816,4,908,-40,1210,167,75791,4,2044,980,"Knox County",470313,140.757325440717,0.0927548621500321,173.501476676171,27.8537909860029,257.275473992852,9.27548621500321
2021-10-18,77778,121,62192,90,15586,31,67767,106,442623,607,510390,713,9,904,-72,1250,184,75624,8,2040,978,"Knox County",470313,151.388543374306,0.100268207138436,151.601167732978,25.7275473992852,265.780448339723,10.0268207138436
2021-10-17,77657,63,62102,56,15555,7,67661,61,442016,303,509677,364,1,895,-66,1322,128,75440,4,2032,975,"Knox County",470313,156.7041523411,0.108018965161822,77.3952665565272,13.395334596322,281.089402164091,10.8018965161822
2021-10-16,77594,55,62046,41,15548,14,67600,44,441713,372,509313,416,0,894,-84,1388,139,75312,1,2028,973,"Knox County",470313,155.853654906413,0.110643668489693,88.4517332074597,11.6943397269478,295.122609836428,11.0643668489693
2021-10-15,77539,125,62005,89,15534,36,67556,100,441341,794,508897,894,9,894,-69,1472,185,75173,5,2027,969,"Knox County",470313,163.295507459926,0.113248710829036,190.08617665257,26.5780448339723,312.983055964857,11.3248710829036
2021-10-14,77414,192,61916,135,15498,57,67456,143,440547,699,508003,842,0,885,6,1541,186,74988,7,2022,967,"Knox County",470313,177.753963849607,0.124852767962309,179.029710001637,40.8238768649814,327.65413671321,12.4852767962309
2021-10-13,77222,121,61781,88,15441,33,67313,99,439848,764,507161,863,7,885,-78,1535,192,74802,5,2015,962,"Knox County",470313,171.800481806797,0.131418092909535,183.494821533745,25.7275473992852,326.37839056118,13.1418092909535
2021-10-12,77101,136,61693,104,15408,32,67214,109,439084,821,506298,930,4,878,-82,1613,214,74610,3,2010,961,"Knox County",470313,172.863603600156,0.131819992035046,197.740653564754,28.9169127793618,342.963090537578,13.1819992035046
2021-10-11,76965,194,61589,136,15376,58,67105,149,438263,581,505368,730,3,874,-87,1695,278,74396,12,2007,952,"Knox County",470313,188.385181783195,0.139908712046041,155.215781830398,41.249125582325,360.398287948664,13.9908712046041
2021-10-10,76771,54,61453,41,15318,13,66956,51,437682,489,504638,540,0,871,-89,1782,143,74118,4,1995,951,"Knox County",470313,186.471562555149,0.13326941514861,114.81715368276,11.481715368276,378.896607153109,13.326941514861
2021-10-09,76717,66,61412,37,15305,29,66905,48,437193,490,504098,538,0,871,-67,1871,133,73975,7,1991,948,"Knox County",470313,188.810430500539,0.1309724564362,114.391904965417,14.0332076723374,397.820175074897,13.09724564362
2021-10-08,76651,289,61375,114,15276,175,66857,123,436703,936,503560,1059,-1,871,75,1938,215,73842,5,1984,944,"Knox County",470313,223.680825322711,0.131225009087605,225.169195833413,61.4484396561439,412.066007105906,13.1225009087605
2021-10-07,76362,259,61261,170,15101,89,66734,176,435767,1106,502501,1282,6,872,-9,1863,262,73627,9,1979,940,"Knox County",470313,237.92665735372,0.127061595422417,272.58442781722,55.0697088959905,396.119180205523,12.7061595422417
2021-10-06,76103,139,61091,103,15012,36,66558,112,434661,835,501219,947,1,866,-120,1872,258,73365,4,1970,939,"Knox County",470313,241.753895809812,0.12744772651842,201.355267662174,29.5547858553772,398.032799433569,12.744772651842
2021-10-05,75964,210,60988,118,14976,92,66446,138,433826,915,500272,1053,3,865,-71,1992,278,73107,4,1966,934,"Knox County",470313,257.488098351523,0.129614571475037,223.893449681382,44.6511153210734,423.547722474182,12.9614571475037
2021-10-04,75754,316,60870,224,14884,92,66308,245,432911,829,499219,1074,3,862,-14,2063,327,72829,4,1962,930,"Knox County",470313,283.42827010948,0.137532727552749,228.35856121349,67.1892973402819,438.644051939878,13.7532727552749
2021-10-03,75438,102,60646,93,14792,9,66063,107,432082,678,498145,785,1,859,-67,2077,168,72502,6,1958,928,"Knox County",470313,293.634239325726,0.140842980112793,166.910121557346,21.6876845845214,441.620792961283,14.0842980112793
2021-10-02,75336,67,60553,43,14783,24,65956,50,431404,472,497360,522,5,858,-144,2144,206,72334,2,1952,927,"Knox County",470313,293.846863684397,0.141475751264505,110.989915226668,14.2458320310091,455.866624992292,14.1475751264505
2021-10-01,75269,225,60510,152,14759,73,65906,167,430932,965,496838,1132,0,853,-76,2288,301,72128,9,1950,923,"Knox County",470313,280.238904729404,0.146431199411332,240.690774016453,47.8404807011501,486.484532641028,14.6431199411332
2021-09-30,75044,240,60358,166,14686,74,65739,186,429967,1104,495706,1290,1,853,-112,2364,351,71827,8,1941,920,"Knox County",470313,276.19904191464,0.147728943113332,274.285422686594,51.0298460812268,502.643983900084,14.7728943113332
2021-09-29,74804,361,60192,170,14612,191,65553,192,428863,1111,494416,1303,6,852,-95,2476,450,71476,7,1933,918,"Knox County",470313,323.401649539775,0.151557480094985,277.049539349327,76.7573934805119,526.457912071323,15.1557480094985
2021-09-28,74443,348,60022,249,14421,99,65361,270,427752,778,493113,1048,2,846,-75,2571,421,71026,1,1926,915,"Knox County",470313,352.74381103648,0.170114621190942,222.830327888024,73.9932768177788,546.657226145142,17.0114621190942
2021-09-27,74095,239,59773,162,14322,77,65091,186,426974,760,492065,946,7,844,-302,2646,534,70605,12,1925,912,"Knox County",470313,336.371735418753,0.164816396242528,201.142643303502,50.817221722555,562.604053045525,16.4816396242528
2021-09-26,73856,124,59611,99,14245,25,64905,117,426214,703,491119,820,2,837,-144,2948,266,70071,1,1913,906,"Knox County",470313,341.049471309532,0.165415663503753,174.351974110858,26.3654204753005,626.816609364402,16.5415663503753
2021-09-25,73732,110,59512,90,14220,20,64788,102,425511,705,490299,807,0,835,-178,3092,288,69805,3,1912,901,"Knox County",470313,350.192318732419,0.166076776476994,171.587857448125,23.3886794538956,657.434517013138,16.6076776476994
2021-09-24,73622,244,59422,165,14200,79,64686,182,424806,939,489492,1121,13,835,-232,3270,463,69517,5,1909,894,"Knox County",470313,354.232181547182,0.168370824812543,238.351906071063,51.8803435159139,695.281652856715,16.8370824812543
2021-09-23,73378,355,59257,246,14121,109,64504,268,423867,1370,488371,1638,14,822,-221,3502,562,69054,8,1904,891,"Knox County",470313,378.683982794437,0.171417415072237,348.278699504373,75.4816473284812,744.610504068567,17.1417415072237
2021-09-22,73023,251,59011,187,14012,64,64236,202,422497,1261,486733,1463,3,808,-329,3723,577,68492,4,1896,888,"Knox County",470313,355.295303340541,0.169195460920566,311.069436736811,53.3687140266163,791.60048733503,16.9195460920566
2021-09-21,72772,397,58824,216,13948,181,64034,230,421236,996,485270,1226,10,805,-351,4052,738,67915,7,1892,879,"Knox County",470313,365.713896915458,0.160453808752026,260.6774637316,84.4118703926959,861.553901338045,16.0453808752026
2021-09-20,72375,432,58608,310,13767,122,63804,343,420240,1295,484044,1638,5,795,114,4403,313,67177,9,1885,875,"Knox County",470313,406.750398139112,0.165729369907035,348.278699504373,91.8537229462082,936.185051231839,16.5729369907035
2021-09-19,71943,120,58298,87,13645,33,63461,97,418945,432,482406,529,1,790,-176,4289,295,66864,7,1876,868,"Knox County",470313,405.899900704425,0.169080978389931,112.478285737371,25.5149230406134,911.945874343257,16.9080978389931
2021-09-18,71823,226,58211,183,13612,43,63364,197,418513,1075,481877,1272,0,789,-108,4465,334,66569,7,1869,860,"Knox County",470313,430.564326310351,0.170923821312029,270.458184230502,48.0531050598219,949.367761469489,17.0923821312029
2021-09-17,71597,547,58028,422,13569,125,63167,449,417438,1310,480605,1759,5,789,6,4573,536,66235,12,1862,847,"Knox County",470313,494.9895069879,0.18750656167979,374.006246903658,116.305524193463,972.331192206041,18.750656167979
2021-09-16,71050,588,57606,456,13444,132,62718,487,416128,1518,478846,2005,7,784,12,4567,569,65699,16,1850,842,"Knox County",470313,544.530982558424,0.202689041649818,426.311839136915,125.023122899006,971.055446054011,20.2689041649818
2021-09-15,70462,338,57150,249,13312,89,62231,267,414610,807,476841,1074,6,777,-306,4555,638,65130,5,1834,839,"Knox County",470313,563.029301762869,0.217825949700095,228.35856121349,71.867033231061,968.50395374995,21.7825949700095
2021-09-14,70124,555,56901,443,13223,112,61964,476,413803,1406,475767,1882,12,771,-157,4861,700,64492,8,1829,835,"Knox County",470313,596.62395043301,0.227975194408899,400.159043020287,118.006519062837,1033.56700750351,22.7975194408899
2021-09-13,69569,399,56458,299,13111,100,61488,332,412397,1134,473885,1466,20,759,-435,5018,814,63792,15,1821,832,"Knox County",470313,589.607346596841,0.230800040052068,311.707309812827,84.8371191100395,1066.94903181498,23.0800040052068
2021-09-12,69170,387,56159,358,13011,29,61156,376,411263,1460,472419,1836,0,739,79,5453,308,62978,5,1806,823,"Knox County",470313,646.378050362206,0.22879404993802,390.378322521385,82.2856268059781,1159.44062783721,22.879404993802
2021-09-11,68783,865,55801,706,12982,159,60780,763,409803,2621,470583,3384,4,739,500,5374,361,62670,26,1801,815,"Knox County",470313,782.245015553472,0.234969416679099,719.520829745297,183.920070251088,1142.64330350214,23.4969416679099
2021-09-10,67918,1026,55095,749,12823,277,60017,803,407182,2513,467199,3316,1,735,476,4874,549,62309,24,1775,805,"Knox County",470313,884.092083357254,0.234177638174163,705.062373355616,218.152591997244,1036.33112416625,23.4177638174163
2021-09-09,66892,310,54346,167,12546,143,59214,173,404669,685,463883,858,1,734,-365,4398,674,61760,18,1751,798,"Knox County",470313,824.982511646499,0.230891719745223,182.431699740386,65.9135511882512,935.12192943848,23.0891719745223
2021-09-08,66582,290,54179,226,12403,64,59041,250,403984,837,463025,1087,5,733,-405,4763,690,61086,11,1733,793,"Knox County",470313,814.776542430254,0.229445368428664,231.122677876223,61.6610640148157,1012.72982035368,22.9445368428664
2021-09-07,66292,414,53953,299,12339,115,58791,311,403147,979,461938,1290,3,728,-223,5168,634,60396,13,1722,787,"Knox County",470313,784.796507857533,0.227241822165143,274.285422686594,88.0264844901162,1098.84268561575,22.7241822165143
2021-09-06,65878,991,53654,791,12224,200,58480,844,402168,3221,460648,4065,1,725,343,5391,647,59762,20,1709,786,"Knox County",470313,910.670128191226,0.222278353119475,864.318018000778,210.710739443732,1146.25791759956,22.2278353119475
2021-09-05,64887,969,52863,799,12024,170,57636,834,398947,2999,456583,3833,2,724,620,5048,347,59115,15,1689,783,"Knox County",470313,1034.4175049382,0.223069590085796,814.989166788926,206.033003552953,1073.32776257514,22.3069590085796
2021-09-04,63918,542,52064,388,11854,154,56802,407,395948,1502,452750,1909,2,722,222,4428,318,58768,10,1674,777,"Knox County",470313,965.739837087216,0.221420711578433,405.899900704425,115.242402400104,941.500660198634,22.1420711578433
2021-09-03,63376,334,51676,238,11700,96,56395,249,394446,909,450841,1158,5,720,-155,4206,484,58450,8,1664,773,"Knox County",470313,818.603780886346,0.216056338028169,246.219007341919,71.0165357963739,894.298052573499,21.6056338028169
2021-09-02,63042,323,51438,180,11604,143,56146,200,393537,681,449683,881,3,715,-159,4361,479,57966,5,1656,768,"Knox County",470313,821.367897549079,0.217605287210856,187.322059989837,68.6776678509843,927.254828167625,21.7605287210856
2021-09-01,62719,276,51258,211,11461,65,55946,226,392856,645,448802,871,3,712,-119,4520,392,57487,2,1651,765,"Knox County",470313,818.391156527674,0.219247519097594,185.195816403119,58.6843229934108,961.062101196437,21.9247519097594
2021-08-31,62443,594,51047,433,11396,161,55720,479,392211,1894,447931,2373,2,709,188,4639,404,57095,8,1649,762,"Knox County",470313,856.663541088594,0.214645460569914,504.55760312813,126.298869051036,986.364399878379,21.4645460569914
2021-08-30,61849,513,50614,403,11235,110,55241,430,390317,1630,445558,2060,9,707,96,4451,408,56691,12,1641,758,"Knox County",470313,755.029097643484,0.215896064195644,438.006178863863,109.076295998622,946.391020448085,21.5896064195644
2021-08-29,61336,483,50211,407,11125,76,54811,439,388687,1485,443498,1924,1,698,254,4355,228,56283,5,1629,752,"Knox County",470313,651.693659329,0.217430207587688,409.089266084501,102.697565238469,925.979082015594,21.7430207587688
2021-08-28,60853,397,49804,301,11049,96,54372,320,387202,1065,441574,1385,0,697,190,4101,207,56055,4,1624,745,"Knox County",470313,620.863127321592,0.219958693203154,294.484736760413,84.4118703926959,871.972494912962,21.9958693203154
2021-08-27,60456,472,49503,373,10953,99,54052,390,386137,1166,440189,1556,5,697,195,3911,272,55848,5,1620,742,"Knox County",470313,650.205288818298,0.224796380090498,330.843502093287,100.358697293079,831.573866765324,22.4796380090498
2021-08-26,59984,450,49130,347,10854,103,53662,368,384971,1426,438633,1794,5,692,155,3716,290,55576,0,1615,741,"Knox County",470313,677.208582369613,0.221683524199615,381.44809945717,95.6809614023002,790.112116824328,22.1683524199615
2021-08-25,59534,351,48783,224,10751,127,53294,238,383545,642,436839,880,2,687,91,3561,258,55286,4,1615,736,"Knox County",470313,693.155409269997,0.222519211493485,187.109435631165,74.6311498937941,757.155341230202,22.2519211493485
2021-08-24,59183,342,48559,222,10624,120,53056,237,382903,677,435959,914,4,685,74,3470,264,55028,5,1611,726,"Knox County",470313,639.574070884709,0.230381432512128,194.338663826005,72.7175306657481,737.80652459107,23.0381432512128
2021-08-23,58841,287,48337,206,10504,81,52819,227,382226,825,435045,1052,1,681,29,3396,257,54764,1,1606,726,"Knox County",470313,591.520965824887,0.233456075749605,223.680825322711,61.0231909388003,722.072322049359,23.3456075749605
2021-08-22,58554,240,48131,217,10423,23,52592,233,381401,889,433993,1122,2,680,70,3367,168,54507,0,1605,722,"Knox County",470313,539.853246667645,0.231299551878663,238.564530429735,51.0298460812268,715.906215647877,23.1299551878663
2021-08-21,58314,496,47914,373,10400,123,52359,411,380512,1904,432871,2315,0,678,381,3297,115,54339,8,1605,720,"Knox County",470313,560.903058176151,0.218415862140558,492.225390325166,105.461681901202,701.022510540853,21.8415862140558
2021-08-20,57818,425,47541,331,10277,94,51948,357,378608,1148,430556,1505,0,678,231,2916,194,54224,6,1597,717,"Knox County",470313,550.909713318577,0.216134418701732,319.999659801026,90.3653524355057,620.012629886905,21.6134418701732
2021-08-19,57393,368,47210,254,10183,114,51591,264,377460,952,429051,1216,1,678,204,2685,163,54030,6,1591,714,"Knox County",470313,533.474515907491,0.218458462905375,258.551220144882,78.2457639912144,570.896403033724,21.8458462905375
2021-08-18,57025,263,46956,191,10069,72,51327,200,376508,914,427835,1114,2,677,97,2481,164,53867,5,1585,714,"Knox County",470313,514.763572344375,0.208811431045681,236.863535560361,55.9202063306777,527.521033864682,20.8811431045681
2021-08-17,56762,263,46765,180,9997,83,51127,197,375594,1042,426721,1239,0,675,100,2384,163,53703,5,1580,714,"Knox County",470313,497.966248009304,0.197532155181428,263.441580394333,55.9202063306777,506.896471073519,19.7532155181428
2021-08-16,56499,185,46585,126,9914,59,50930,132,374552,422,425482,554,2,675,-26,2284,209,53540,5,1575,711,"Knox County",470313,476.278563424783,0.197904026475455,117.793894704165,39.335506354279,485.634035206341,19.7904026475455
2021-08-15,56314,204,46459,181,9855,23,50798,198,374130,953,424928,1151,3,673,80,2310,121,53331,6,1570,711,"Knox County",470313,468.624086512599,0.193424235759842,244.730636831217,43.3753691690427,491.162268531808,19.3424235759842
2021-08-14,56110,219,46278,147,9832,72,50600,154,373177,794,423777,948,0,670,96,2230,123,53210,4,1564,710,"Knox County",470313,409.727139160517,0.194383331176394,201.567892020846,46.5647345491194,474.152319838065,19.4383331176394
2021-08-13,55891,266,46131,205,9760,61,50446,220,372383,1470,422829,1690,1,670,124,2134,141,53087,5,1560,708,"Knox County",470313,375.919866131704,0.172522750252781,359.335166155305,56.558079406693,453.740381405575,17.2522750252781
2021-08-12,55625,222,45926,145,9699,77,50226,153,370913,643,421139,796,2,669,82,2010,138,52946,8,1555,705,"Knox County",470313,344.876709765624,0.167378537106247,169.248989502735,47.2026076251348,427.374960930274,16.7378537106247
2021-08-11,55403,316,45781,238,9622,78,50073,248,370270,989,420343,1237,1,667,183,1928,132,52808,10,1547,703,"Knox County",470313,356.145800775228,0.170978332239002,263.01633167699,67.1892973402819,409.939763519188,17.0978332239002
2021-08-10,55087,173,45543,109,9544,64,49825,121,369281,621,419106,742,1,666,56,1745,116,52676,2,1537,700,"Knox County",470313,337.009608494768,0.172239393087946,157.767274134459,36.7840140502176,371.029505882253,17.2239393087946
2021-08-09,54914,197,45434,159,9480,38,49704,167,368660,753,418364,920,1,665,75,1689,121,52560,4,1535,696,"Knox County",470313,339.56110079883,0.168492784607162,195.614409978036,41.8869986583403,359.122541796633,16.8492784607162
2021-08-08,54717,88,45275,66,9442,22,49537,75,367907,418,417444,493,1,664,22,1614,65,52439,4,1531,695,"Knox County",470313,314.896675192903,0.166715499560504,104.823808825187,18.7109435631165,343.17571489625,16.6715499560504
2021-08-07,54629,105,45209,75,9420,30,49462,80,367489,638,416951,718,0,663,44,1592,61,52374,2,1527,695,"Knox County",470313,290.657498304321,0.161309884778654,152.664289526337,22.3255576605367,338.497979005471,16.1309884778654
2021-08-06,54524,203,45134,147,9390,56,49382,163,366851,879,416233,1042,0,663,139,1548,64,52313,11,1525,695,"Knox County",470313,277.262163707999,0.169300605245461,221.554581735993,43.162744810371,329.142507223913,16.9300605245461
2021-08-05,54321,174,44987,131,9334,43,49219,147,365972,850,415191,997,2,663,102,1409,70,52249,4,1514,694,"Knox County",470313,267.056194491753,0.162790697674419,211.986485595763,36.9966384088894,299.587721368535,16.2790697674419
2021-08-04,54147,144,44856,101,9291,43,49072,104,365122,656,414194,760,1,661,70,1307,73,52179,4,1510,692,"Knox County",470313,230.484804800208,0.151093088857546,161.594512590551,30.6179076487361,277.900036784014,15.1093088857546
2021-08-03,54003,238,44755,177,9248,61,48968,183,364466,814,413434,997,0,660,161,1237,77,52106,5,1506,691,"Knox County",470313,244.305388113873,0.155053146617176,211.986485595763,50.6045973638832,263.01633167699,15.5053146617176
2021-08-02,53765,97,44578,75,9187,22,48785,82,363652,532,412437,614,2,660,-3,1076,98,52029,3,1501,688,"Knox County",470313,223.042952246695,0.148372175769436,130.551356224472,20.6245627911625,228.783809930833,14.8372175769436
2021-08-01,53668,107,44503,91,9165,16,48703,99,363120,526,411823,625,0,658,63,1079,44,51931,2,1498,688,"Knox County",470313,227.082815061459,0.149139579349904,132.890224169861,22.7508063778803,229.421683006849,14.9139579349904
2021-07-31,53561,104,44412,64,9149,40,48604,68,362594,399,411198,467,1,658,46,1016,57,51887,6,1496,686,"Knox County",470313,226.870190702787,0.153762268266085,99.2955754997204,22.1129333018649,216.026348410527,15.3762268266085
2021-07-30,53457,118,44348,83,9109,35,48536,90,362195,339,410731,429,1,657,79,970,38,51830,0,1490,686,"Knox County",470313,208.797120215686,0.158110042953569,91.2158498701928,25.0896743232698,206.245627911625,15.8110042953569
2021-07-29,53339,117,44265,65,9074,52,48446,68,361856,483,410302,551,0,656,82,891,35,51792,1,1490,685,"Knox County",470313,196.677531771395,0.156200765248706,117.15602162815,24.877049964598,189.448303576554,15.6200765248706
2021-07-28,53222,131,44200,90,9022,41,48378,95,361373,536,409751,631,0,656,80,809,51,51757,4,1489,684,"Knox County",470313,193.913415108662,0.15878535002318,134.165970321892,27.8537909860029,172.013106165469,15.878535002318
2021-07-27,53091,117,44110,78,8981,39,48283,84,360837,499,409120,583,0,656,85,729,32,51706,4,1485,684,"Knox County",470313,168.185867709377,0.15025641025641,123.960001105647,24.877049964598,155.003157471726,15.025641025641
2021-07-26,52974,97,44032,73,8942,24,48199,79,360338,371,408537,450,1,656,61,644,35,51674,4,1481,684,"Knox County",470313,168.185867709377,0.156049250535332,95.6809614023002,20.6245627911625,136.930086984625,15.6049250535332
2021-07-25,52877,51,43959,43,8918,8,48120,44,359967,320,408087,364,3,655,22,583,26,51639,5,1477,684,"Knox County",470313,156.278903623757,0.151942446043165,77.3952665565272,10.8438422922607,123.960001105647,15.1942446043165
2021-07-24,52826,64,43916,42,8910,22,48076,44,359647,348,407723,392,0,652,39,561,25,51613,1,1472,683,"Knox County",470313,147.773929276886,0.148235294117647,83.348748599337,13.6079589549938,119.282265214868,14.8235294117647
2021-07-23,52762,56,43874,31,8888,25,48032,32,359299,321,407331,353,1,652,24,522,31,51588,3,1471,681,"Knox County",470313,134.591219039236,0.134175691937425,75.0563986111377,11.9069640856196,110.989915226668,13.4175691937425
2021-07-22,52706,94,43843,69,8863,25,48000,78,358978,474,406978,552,0,651,70,498,24,51557,3,1468,680,"Knox County",470313,129.700858789785,0.137142857142857,117.368645986822,19.9866897151471,105.886930618546,13.7142857142857
2021-07-21,52612,61,43774,47,8838,14,47922,46,358504,411,406426,457,1,651,33,428,27,51533,1,1465,680,"Knox County",470313,114.81715368276,0.129165344335132,97.1693319130026,12.9700858789785,91.0032255115211,12.9165344335132
2021-07-20,52551,78,43727,43,8824,35,47876,45,358093,299,405969,344,0,650,54,395,24,51506,3,1464,680,"Knox County",470313,106.524803694561,0.126373626373626,73.1427793830917,16.5846999763987,83.9866216753524,12.6373626373626
2021-07-19,52473,48,43684,36,8789,12,47831,42,357794,348,405625,390,0,650,28,341,20,51482,0,1461,680,"Knox County",470313,96.1062101196437,0.116058906030856,82.9234998819935,10.2059692162454,72.5049063070764,11.6058906030856
2021-07-18,52425,36,43648,30,8777,6,47789,31,357446,272,405235,303,0,650,27,313,9,51462,1,1461,680,"Knox County",470313,92.9168447395671,0.113937656753852,64.4251806775488,7.65447691218401,66.5514242642666,11.3937656753852
2021-07-17,52389,27,43618,20,8771,7,47758,21,357174,202,404932,223,0,650,12,286,15,51453,1,1460,679,"Knox County",470313,85.0497434687113,0.112509534706331,47.4152319838065,5.74085768413801,60.8105665801286,11.2509534706331
2021-07-16,52362,37,43598,21,8764,16,47737,22,356972,291,404709,313,0,650,25,274,12,51438,1,1459,679,"Knox County",470313,81.0098806539475,0.110379550735864,66.5514242642666,7.86710127085579,58.2590742760672,11.0379550735864
2021-07-15,52325,55,43577,42,8748,13,47715,44,356681,364,404396,408,-1,650,36,249,20,51426,1,1458,679,"Knox County",470313,72.7175306657481,0.102953240360952,86.7507383380855,11.6943397269478,52.9434653092728,10.2953240360952
2021-07-14,52270,21,43535,17,8735,4,47671,16,356317,269,403988,285,0,651,8,213,13,51406,2,1457,679,"Knox County",470313,64.212556318877,0.0975286849073257,60.5979422214568,4.46511153210734,45.2889883970888,9.75286849073257
2021-07-13,52249,42,43518,26,8731,16,47655,29,356048,355,403703,384,3,651,28,205,11,51393,3,1455,679,"Knox County",470313,56.558079406693,0.0888985255854293,81.6477537299628,8.93022306421468,43.5879935277145,8.88985255854293
2021-07-12,52207,27,43492,21,8715,6,47626,24,355693,270,403319,294,0,648,16,177,11,51382,1,1452,679,"Knox County",470313,52.0929678745856,0.0846153846153846,62.5115614495028,5.74085768413801,37.6345114849047,8.46153846153846
2021-07-11,52180,8,43471,3,8709,5,47602,4,355423,136,403025,140,0,648,1,161,7,51371,0,1451,678,"Knox County",470313,46.1394858317759,0.0781631656082071,29.7674102140489,1.70099486937423,34.2325217461563,7.81631656082071
2021-07-10,52172,20,43468,16,8704,4,47598,16,355287,191,402885,207,0,648,12,160,8,51364,2,1451,678,"Knox County",470313,44.6511153210734,0.0763170851797144,44.0132422450581,4.25248717343556,34.0198973874845,7.63170851797144
2021-07-09,52152,27,43452,21,8700,6,47582,21,355096,338,402678,359,0,648,12,148,15,51356,0,1449,678,"Knox County",470313,42.5248717343556,0.0741454020221473,76.3321447631684,5.74085768413801,31.4684050834232,7.41454020221473
2021-07-08,52125,19,43431,14,8694,5,47561,16,354758,317,402319,333,0,648,6,136,13,51341,0,1449,677,"Knox County",470313,34.8703948221716,0.0629370629370629,70.8039114377021,4.03986281476378,28.9169127793618,6.29370629370629
2021-07-07,52106,18,43417,5,8689,13,47545,5,354441,333,401986,338,1,648,8,130,9,51328,1,1449,675,"Knox County",470313,34.2325217461563,0.0559610705596107,71.867033231061,3.82723845609201,27.6411666273312,5.59610705596107
2021-07-06,52088,24,43412,9,8676,15,47540,14,354108,263,401648,277,0,647,14,122,10,51319,2,1448,675,"Knox County",470313,30.4052832900643,0.0513347022587269,58.8969473520825,5.10298460812268,25.9401717579569,5.13347022587269
2021-07-05,52064,10,43403,7,8661,3,47526,6,353845,105,401371,111,0,647,0,108,10,51309,1,1446,675,"Knox County",470313,26.790669192644,0.0464589235127479,23.6013038125674,2.12624358671778,22.963430736552,4.64589235127479
2021-07-04,52054,8,43396,7,8658,1,47520,7,353740,143,401260,150,0,647,0,108,8,51299,1,1445,675,"Knox County",470313,26.790669192644,0.047887323943662,31.8936538007667,1.70099486937423,22.963430736552,4.7887323943662
2021-07-03,52046,9,43389,7,8657,2,47513,7,353597,185,401110,192,0,647,-2,108,11,51291,1,1444,675,"Knox County",470313,24.4518012472545,0.0431818181818182,40.8238768649814,1.913619228046,22.963430736552,4.31818181818182
2021-07-02,52037,17,43382,13,8655,4,47506,17,353412,342,400918,359,-1,647,11,110,7,51280,0,1443,675,"Knox County",470313,22.3255576605367,0.0409090909090909,76.3321447631684,3.61461409742023,23.3886794538956,4.09090909090909
2021-07-01,52020,18,43369,15,8651,3,47489,17,353070,248,400559,265,-1,648,13,99,6,51273,1,1443,675,"Knox County",470313,22.1129333018649,0.0431442080378251,56.3454550480212,3.82723845609201,21.049811508506,4.31442080378251
2021-06-30,52002,18,43354,12,8648,6,47472,11,352822,299,400294,310,0,649,9,86,9,51267,0,1442,675,"Knox County",470313,22.1129333018649,0.0474759615384615,65.9135511882512,3.82723845609201,18.2856948457729,4.74759615384615
2021-06-29,51984,21,43342,16,8642,5,47461,19,352523,438,399984,457,0,649,8,77,13,51258,1,1442,675,"Knox County",470313,21.4750602258496,0.0455531453362256,97.1693319130026,4.46511153210734,16.3720756177269,4.55531453362256
2021-06-28,51963,9,43326,2,8637,7,47442,2,352085,113,399527,115,0,649,-4,69,13,51245,0,1441,675,"Knox County",470313,21.2624358671778,0.0432900432900433,24.4518012472545,1.913619228046,14.6710807483527,4.32900432900433
2021-06-27,51954,5,43324,3,8630,2,47440,3,351972,151,399412,154,0,649,0,73,5,51232,0,1441,675,"Knox County",470313,20.6245627911625,0.041036717062635,32.7441512354538,1.06312179335889,15.5215781830398,4.1036717062635
2021-06-26,51949,3,43321,2,8628,1,47437,2,351821,206,399258,208,0,649,0,73,3,51227,0,1441,675,"Knox County",470313,19.3488166391318,0.0380085653104925,44.2258666037299,0.637873076015334,15.5215781830398,3.80085653104925
2021-06-25,51946,13,43319,9,8627,4,47435,11,351615,311,399050,322,0,649,4,73,9,51224,0,1441,675,"Knox County",470313,18.4983192044447,0.0354997269251775,68.4650434923126,2.76411666273312,15.5215781830398,3.54997269251775
2021-06-24,51933,14,43310,9,8623,5,47424,10,351304,364,398728,374,1,649,8,69,5,51215,1,1441,675,"Knox County",470313,17.6478217697576,0.0298969072164948,79.521510143245,2.97674102140489,14.6710807483527,2.98969072164948
2021-06-23,51919,13,43301,6,8618,7,47414,8,350940,282,398354,290,0,648,6,61,7,51210,0,1440,674,"Knox County",470313,16.5846999763987,0.0286458333333333,61.6610640148157,2.76411666273312,12.9700858789785,2.86458333333333
2021-06-22,51906,14,43295,5,8611,9,47406,5,350658,247,398064,252,2,648,10,55,2,51203,1,1440,673,"Knox County",470313,15.0963294656962,0.0239067055393586,53.5813383852881,2.97674102140489,11.6943397269478,2.39067055393586
2021-06-21,51892,9,43290,8,8602,1,47401,9,350411,289,397812,298,0,646,5,45,4,51201,1,1439,672,"Knox County",470313,15.0963294656962,0.0252897787144362,63.3620588841899,1.913619228046,9.56809614023002,2.52897787144363
2021-06-20,51883,3,43282,2,8601,1,47392,3,350122,161,397514,164,1,646,-2,40,4,51197,0,1438,672,"Knox County",470313,14.6710807483527,0.0251572327044025,34.8703948221716,0.637873076015334,8.50497434687113,2.51572327044025
2021-06-19,51880,3,43280,1,8600,2,47389,1,349961,191,397350,192,0,645,-3,42,6,51193,0,1438,672,"Knox County",470313,14.6710807483527,0.0248414376321353,40.8238768649814,0.637873076015334,8.93022306421468,2.48414376321353
2021-06-18,51877,5,43279,3,8598,2,47388,3,349770,283,397158,286,1,645,-7,45,11,51187,0,1438,672,"Knox County",470313,12.9700858789785,0.0210129310344828,60.8105665801286,1.06312179335889,9.56809614023002,2.10129310344828
2021-06-17,51872,12,43276,8,8596,4,47385,9,349487,515,396872,524,0,644,6,52,6,51176,0,1438,672,"Knox County",470313,12.5448371616349,0.0189431704885344,111.415163944012,2.55149230406134,11.0564666509325,1.89431704885344
2021-06-16,51860,7,43268,4,8592,3,47376,4,348972,362,396348,366,1,644,-6,46,12,51170,0,1438,671,"Knox County",470313,11.2690910096042,0.0163304514889529,77.8205152738708,1.48837051070245,9.7807204989018,1.63304514889529
2021-06-15,51853,13,43264,9,8589,4,47372,14,348610,428,395982,442,0,643,-2,52,15,51158,0,1438,671,"Knox County",470313,11.0564666509325,0.0189260563380282,93.9799665329259,2.76411666273312,11.0564666509325,1.89260563380282
2021-06-14,51840,7,43255,2,8585,5,47358,3,348182,260,395540,263,1,643,-5,54,11,51143,0,1438,671,"Knox County",470313,10.6312179335889,0.0165400089405454,55.9202063306777,1.48837051070245,11.481715368276,1.65400089405454
2021-06-13,51833,3,43253,3,8580,0,47355,4,347922,128,395277,132,0,642,-5,59,8,51132,1,1438,671,"Knox County",470313,10.6312179335889,0.0172335600907029,28.0664153446747,0.637873076015334,12.5448371616349,1.72335600907029
2021-06-12,51830,2,43250,1,8580,1,47351,1,347794,226,395145,227,0,642,-6,64,8,51124,0,1437,671,"Knox County",470313,10.4185935749171,0.0169642857142857,48.2657294184936,0.425248717343556,13.6079589549938,1.69642857142857
2021-06-11,51828,7,43249,3,8579,4,47350,2,347568,318,394918,320,0,642,-2,70,9,51116,0,1437,670,"Knox County",470313,10.8438422922607,0.0162708883025506,68.039794774969,1.48837051070245,14.8837051070245,1.62708883025506
2021-06-10,51821,7,43246,4,8575,3,47348,5,347250,358,394598,363,0,642,-1,72,8,51107,0,1437,669,"Knox County",470313,9.7807204989018,0.0156176053005206,77.1826421978555,1.48837051070245,15.308953824368,1.56176053005206
2021-06-09,51814,2,43242,1,8572,1,47343,1,346892,367,394235,368,1,642,-17,73,18,51099,0,1437,669,"Knox County",470313,8.7175987055429,0.0141843971631206,78.2457639912144,0.425248717343556,15.5215781830398,1.41843971631206
2021-06-08,51812,5,43241,3,8571,2,47342,4,346525,266,393867,270,1,641,-17,90,21,51081,0,1437,668,"Knox County",470313,7.01660383616868,0.0102933607822954,57.4085768413801,1.06312179335889,19.13619228046,1.02933607822954
2021-06-07,51807,16,43238,10,8569,6,47338,10,346259,316,393597,326,0,640,-7,107,23,51060,2,1437,667,"Knox County",470313,8.93022306421468,0.0134596211365902,69.3155409269997,3.40198973874845,22.7508063778803,1.34596211365902
2021-06-06,51791,4,43228,2,8563,2,47328,2,345943,178,393271,180,0,640,-5,114,9,51037,0,1435,667,"Knox County",470313,9.14284742288646,0.0121713729308666,38.2723845609201,0.850497434687113,24.2391768885827,1.21713729308666
2021-06-05,51787,5,43226,2,8561,3,47326,3,345765,258,393091,261,0,640,-9,119,14,51028,0,1435,666,"Knox County",470313,9.7807204989018,0.0129310344827586,55.4949576133341,1.06312179335889,25.3022986819416,1.29310344827586
2021-06-04,51782,7,43224,2,8558,5,47323,3,345507,325,392830,328,1,640,-9,128,15,51014,0,1435,666,"Knox County",470313,9.7807204989018,0.0133587786259542,69.7407896443432,1.48837051070245,27.2159179099876,1.33587786259542
2021-06-03,51775,7,43222,4,8553,3,47320,6,345182,458,392502,464,0,639,-12,137,19,50999,0,1435,666,"Knox County",470313,9.7807204989018,0.0131998179335457,98.6577024237051,1.48837051070245,29.1295371380336,1.31998179335457
2021-06-02,51768,20,43218,7,8550,13,47314,6,344724,282,392038,288,0,639,5,149,15,50980,1,1435,666,"Knox County",470313,13.6079589549938,0.0160604629192253,61.2358152974721,4.25248717343556,31.6810294420949,1.60604629192253
2021-06-01,51748,12,43211,9,8537,3,47308,10,344442,291,391750,301,0,639,-10,144,22,50965,1,1434,666,"Knox County",470313,15.0963294656962,0.0186219739292365,63.9999319602052,2.55149230406134,30.6179076487361,1.86219739292365
2021-05-31,51736,17,43202,14,8534,3,47298,12,344151,354,391449,366,0,639,-1,154,18,50943,0,1433,666,"Knox County",470313,15.308953824368,0.0191956124314442,77.8205152738708,3.61461409742023,32.7441512354538,1.91956124314442
2021-05-30,51719,3,43188,1,8531,2,47286,1,343797,203,391083,204,0,639,-9,155,12,50925,0,1433,666,"Knox County",470313,15.0963294656962,0.0185352622061483,43.3753691690427,0.637873076015334,32.9567755941256,1.85352622061483
2021-05-29,51716,14,43187,8,8529,6,47285,6,343594,199,390879,205,0,639,-14,164,28,50913,1,1433,665,"Knox County",470313,17.0099486937423,0.0204081632653061,43.5879935277145,2.97674102140489,34.8703948221716,2.04081632653061
2021-05-28,51702,11,43179,6,8523,5,47279,10,343395,390,390674,400,0,639,-9,178,20,50885,1,1432,663,"Knox County",470313,17.8604461284294,0.0228904847396768,85.0497434687113,2.33886794538956,37.8471358435765,2.28904847396768
2021-05-27,51691,23,43173,8,8518,15,47269,9,343005,341,390274,350,0,639,-5,187,28,50865,1,1431,663,"Knox County",470313,21.2624358671778,0.0255439924314096,74.4185255351224,4.8903602494509,39.7607550716225,2.55439924314096
2021-05-26,51668,16,43165,8,8503,8,47260,11,342664,571,389924,582,0,639,-8,192,24,50837,0,1430,663,"Knox County",470313,20.4119384324907,0.0245016611295681,123.747376746975,3.40198973874845,40.8238768649814,2.45016611295681
2021-05-25,51652,18,43157,8,8495,10,47249,7,342093,311,389342,318,0,639,-10,200,28,50813,1,1430,663,"Knox County",470313,21.6876845845214,0.0230927835051546,67.6145460576254,3.82723845609201,42.5248717343556,2.30927835051546
2021-05-24,51634,25,43149,21,8485,4,47242,24,341782,425,389024,449,0,639,-11,210,36,50785,1,1429,663,"Knox County",470313,23.3886794538956,0.0271132376395534,95.4683370436284,5.31560896679445,44.6511153210734,2.71132376395534
2021-05-23,51609,16,43128,8,8481,8,47218,8,341357,225,388575,233,1,639,-5,221,20,50749,1,1428,662,"Knox County",470313,26.1527961166287,0.0295624753646039,49.5414755705243,3.40198973874845,46.989983266463,2.95624753646039
2021-05-22,51593,8,43120,4,8473,4,47210,4,341132,269,388342,273,0,638,-6,226,14,50729,0,1427,661,"Knox County",470313,24.877049964598,0.0280230326295585,58.0464499173954,1.70099486937423,48.0531050598219,2.80230326295585
2021-05-21,51585,16,43116,12,8469,4,47206,14,340863,377,388069,391,0,638,-16,232,32,50715,1,1427,661,"Knox County",470313,25.9401717579569,0.0296610169491525,83.1361242406653,3.40198973874845,49.3288512118525,2.96610169491525
2021-05-20,51569,34,43104,26,8465,8,47192,27,340486,594,387678,621,0,638,6,248,28,50683,1,1426,660,"Knox County",470313,28.2790397033465,0.0331356818974538,132.039726735174,7.22922819484046,52.730840950601,3.31356818974538
2021-05-19,51535,14,43078,6,8457,8,47165,6,339892,544,387057,550,0,638,-29,242,43,50655,1,1425,659,"Knox County",470313,27.8537909860029,0.0317460317460317,116.943397269478,2.97674102140489,51.4550947985703,3.17460317460317
2021-05-18,51521,24,43072,14,8449,10,47159,14,339348,444,386507,458,1,638,-21,271,44,50612,0,1424,659,"Knox County",470313,29.1295371380336,0.0326050420168067,97.3819562716744,5.10298460812268,57.6212012000519,3.26050420168067
2021-05-17,51497,15,43058,8,8439,7,47145,8,338904,420,386049,428,0,637,-18,292,33,50568,0,1424,658,"Knox County",470313,27.0032935513158,0.0274204468517265,91.0032255115211,3.18936538007667,62.0863127321592,2.74204468517265
2021-05-16,51482,22,43050,13,8432,9,47137,12,338484,272,385621,284,1,637,-10,310,31,50535,1,1424,658,"Knox County",470313,28.2790397033465,0.0282861896838602,60.385317862785,4.67773589077912,65.9135511882512,2.82861896838602
2021-05-15,51460,23,43037,13,8423,10,47125,17,338212,336,385337,353,0,636,-8,320,31,50504,2,1423,657,"Knox County",470313,31.4684050834232,0.0317666126418152,75.0563986111377,4.8903602494509,68.039794774969,3.17666126418152
2021-05-14,51437,36,43024,25,8413,11,47108,26,337876,498,384984,524,0,636,4,328,32,50473,4,1421,656,"Knox County",470313,35.7208922568587,0.0341827221876942,111.415163944012,7.65447691218401,69.7407896443432,3.41827221876942
2021-05-13,51401,31,42999,17,8402,14,47082,17,337378,376,384460,393,0,636,-17,324,48,50441,0,1417,656,"Knox County",470313,35.0830191808434,0.0334448160535117,83.5613729580088,6.59135511882512,68.8902922096561,3.34448160535117
2021-05-12,51370,34,42982,28,8388,6,47065,26,337002,506,384067,532,0,636,-15,341,49,50393,0,1417,656,"Knox County",470313,39.335506354279,0.0403768506056528,113.116158813386,7.22922819484046,72.5049063070764,4.03768506056528
2021-05-11,51336,36,42954,30,8382,6,47039,31,336496,555,383535,586,0,636,-11,356,47,50344,4,1417,656,"Knox County",470313,41.8869986583403,0.0441935483870968,124.597874181662,7.65447691218401,75.694271687153,4.41935483870968
2021-05-10,51300,21,42924,14,8376,7,47008,13,335941,277,382949,290,1,636,-26,367,46,50297,1,1413,656,"Knox County",470313,43.162744810371,0.0479405806887238,61.6610640148157,4.46511153210734,78.0331396325426,4.79405806887238
2021-05-09,51279,17,42910,14,8369,3,46995,17,335664,369,382659,386,0,635,-22,393,39,50251,1,1412,655,"Knox County",470313,42.0996230170121,0.047976501305483,82.0730024473064,3.61461409742023,83.5613729580088,4.7976501305483
2021-05-08,51262,20,42896,11,8366,9,46978,14,335295,307,382273,321,0,635,-18,415,38,50212,1,1411,655,"Knox County",470313,41.4617499409967,0.0474934036939314,68.2524191336408,4.25248717343556,88.2391088487879,4.74934036939314
2021-05-07,51242,43,42885,31,8357,12,46964,33,334988,576,381952,609,0,635,3,433,40,50174,0,1410,655,"Knox County",470313,42.9501204516992,0.0484440166827077,129.488234431113,9.14284742288646,92.0663473048799,4.84440166827077
2021-05-06,51199,40,42854,26,8345,14,46931,28,334412,340,381343,368,1,635,-8,430,47,50134,0,1410,655,"Knox County",470313,44.8637396797452,0.0523932729624838,78.2457639912144,8.50497434687113,91.4284742288646,5.23932729624838
2021-05-05,51159,51,42828,32,8331,19,46903,38,334072,585,380975,623,0,634,5,438,46,50087,4,1410,654,"Knox County",470313,48.4783537771654,0.0546654099905749,132.464975452518,10.8438422922607,93.1294690982388,5.46654099905749
2021-05-04,51108,50,42796,32,8312,18,46865,34,333487,536,380352,570,0,634,6,433,44,50041,0,1406,654,"Knox County",470313,51.4550947985703,0.0558888538048626,121.195884442914,10.6312179335889,92.0663473048799,5.58888538048626
2021-05-03,51058,24,42764,9,8294,15,46831,7,332951,309,379782,316,1,634,-37,427,60,49997,1,1406,654,"Knox County",470313,52.0929678745856,0.053554650798622,67.1892973402819,5.10298460812268,90.7906011528493,5.3554650798622
2021-05-02,51034,25,42755,18,8279,7,46824,20,332642,288,379466,308,0,633,-17,464,42,49937,2,1405,653,"Knox County",470313,53.7939627439599,0.0558587479935795,65.4883024709077,5.31560896679445,98.6577024237051,5.58587479935795
2021-05-01,51009,45,42737,35,8272,10,46804,38,332354,450,379158,488,0,633,7,481,38,49895,2,1403,653,"Knox County",470313,59.1095717107543,0.0603290676416819,103.760687031828,9.56809614023002,102.272316521125,6.03290676416819
2021-04-30,50964,58,42702,30,8262,28,46766,29,331904,567,378670,596,0,633,-9,474,67,49857,3,1401,653,"Knox County",470313,62.298937090831,0.0593453655552157,126.72411776838,12.3322128029631,100.783946010423,5.93453655552157
2021-04-29,50906,54,42672,34,8234,20,46737,35,331337,571,378074,606,0,633,-2,483,56,49790,2,1398,652,"Knox County",470313,65.2756781122359,0.0573139435414885,128.850361355098,11.481715368276,102.697565238469,5.73139435414885
2021-04-28,50852,47,42638,28,8214,19,46702,34,330766,543,377468,577,4,633,-38,485,81,49734,1,1396,652,"Knox County",470313,64.4251806775488,0.0569199653279399,122.684254953616,9.99334485757357,103.122813955812,5.69199653279399
2021-04-27,50805,39,42610,17,8195,22,46668,20,330223,392,376891,412,1,629,-33,523,71,49653,2,1395,650,"Knox County",470313,62.0863127321592,0.0554041780199818,87.6012357727726,8.29234998819935,111.20253958534,5.54041780199818
2021-04-26,50766,69,42593,36,8173,33,46648,40,329831,480,376479,520,1,628,2,556,66,49582,0,1393,649,"Knox County",470313,71.6544088723892,0.0615911035072712,110.564666509325,14.6710807483527,118.219143421509,6.15911035072712
2021-04-25,50697,38,42557,25,8140,13,46608,26,329351,341,375959,367,0,627,-4,554,42,49516,3,1393,647,"Knox County",470313,74.4185255351224,0.0622546270330903,78.0331396325426,8.07972562952757,117.793894704165,6.22546270330903
2021-04-24,50659,35,42532,22,8127,13,46582,28,329010,510,375592,538,0,627,-28,558,63,49474,3,1390,647,"Knox County",470313,72.2922819484046,0.0586283185840708,114.391904965417,7.44185255351224,118.644392138852,5.86283185840708
2021-04-23,50624,43,42510,31,8114,12,46554,36,328500,553,375054,589,0,627,-4,586,47,49411,2,1387,646,"Knox County",470313,69.1029165683279,0.0606816292601829,125.235747257677,9.14284742288646,124.597874181662,6.06816292601829
2021-04-22,50581,79,42479,62,8102,17,46518,65,327947,787,374465,852,1,627,15,590,63,49364,1,1385,645,"Knox County",470313,74.4185255351224,0.064591439688716,181.155953588355,16.7973243350705,125.448371616349,6.4591439688716
2021-04-21,50502,62,42417,34,8085,28,46453,35,327160,479,373613,514,1,626,-2,575,63,49301,1,1384,644,"Knox County",470313,77.607890915199,0.0659282700421941,109.288920357294,13.1827102376502,122.259006236272,6.59282700421941
2021-04-20,50440,38,42383,34,8057,4,46418,39,326681,474,373099,513,1,625,-32,577,69,49238,1,1383,643,"Knox County",470313,77.3952665565272,0.0690983817107629,109.076295998622,8.07972562952757,122.684254953616,6.90983817107629
2021-04-19,50402,65,42349,41,8053,24,46379,39,326207,336,372586,375,0,624,-3,609,68,49169,0,1382,642,"Knox County",470313,76.5447691218401,0.0715048025613661,79.7341345019168,13.8205833136656,129.488234431113,7.15048025613661
2021-04-18,50337,38,42308,27,8029,11,46340,32,325871,364,372211,396,0,624,-12,612,50,49101,1,1382,642,"Knox County",470313,76.5447691218401,0.0725443473656341,84.1992460340241,8.07972562952757,130.126107507128,7.25443473656341
2021-04-17,50299,37,42281,18,8018,19,46308,23,325507,335,371815,358,0,624,-23,624,60,49051,1,1381,641,"Knox County",470313,76.9700178391837,0.0747845426744509,76.1195204044966,7.86710127085579,132.67759981119,7.47845426744509
2021-04-16,50262,346,42263,330,7999,16,46285,369,325172,2088,371457,2457,1,624,279,647,66,48991,4,1380,641,"Knox County",470313,141.395198516732,0.110155535224154,522.418049256559,73.5680281004352,137.56796006064,11.0155535224154
2021-04-15,49916,86,41933,54,7983,32,45916,55,323084,577,369000,632,1,623,12,368,73,48925,0,1376,640,"Knox County",470313,142.883569027435,0.112869399428027,134.378594680564,18.2856948457729,78.2457639912144,11.2869399428027
2021-04-14,49830,85,41879,60,7951,25,45861,62,322507,684,368368,746,0,622,-1,356,86,48852,3,1376,639,"Knox County",470313,147.773929276886,0.113018075588826,158.617771569146,18.0730704871011,75.694271687153,11.3018075588826
2021-04-13,49745,68,41819,38,7926,30,45799,43,321823,339,367622,382,-5,622,-8,357,81,48766,1,1373,639,"Knox County",470313,154.152660037039,0.116535727646839,81.2225050126193,14.4584563896809,75.9068960458248,11.6535727646839
2021-04-12,49677,63,41781,43,7896,20,45756,50,321484,360,367240,410,1,627,-24,365,86,48685,0,1372,639,"Knox County",470313,153.727411319696,0.11782196617729,87.175987055429,13.395334596322,77.607890915199,11.782196617729
2021-04-11,49614,26,41738,14,7876,12,45706,14,321124,296,366830,310,2,626,-26,389,50,48599,0,1372,638,"Knox County",470313,151.175919015634,0.116336166194523,65.9135511882512,5.52823332546623,82.7108755233217,11.6336166194523
2021-04-10,49588,50,41724,33,7864,17,45692,41,320828,571,366520,612,0,624,6,415,44,48549,1,1372,638,"Knox County",470313,153.940035678367,0.114254820688412,130.126107507128,10.6312179335889,88.2391088487879,11.4254820688412
2021-04-09,49538,82,41691,62,7847,20,45651,71,320257,620,365908,691,5,624,11,409,66,48505,2,1371,637,"Knox County",470313,97.8072049890179,0.0888183980967486,146.923431842199,17.4351974110858,86.9633626967573,8.88183980967486
2021-04-08,49456,49,41629,26,7827,23,45580,26,319637,465,365217,491,-6,619,-23,398,78,48439,0,1369,637,"Knox County",470313,89.9401037181622,0.0842943437671609,104.398560107843,10.4185935749171,84.6244947513677,8.42943437671609
2021-04-07,49407,77,41603,54,7804,23,45554,57,319172,768,364726,825,2,625,9,421,66,48361,1,1369,636,"Knox County",470313,88.2391088487879,0.0811609782316582,175.415095904217,16.3720756177269,89.5148550008186,8.11609782316582
2021-04-06,49330,75,41549,41,7781,34,45497,45,318404,421,363901,466,2,623,-4,412,77,48295,0,1368,636,"Knox County",470313,89.7274793594904,0.0798948751642576,99.0829511410486,15.9468269003834,87.6012357727726,7.98948751642576
2021-04-05,49255,44,41508,32,7747,12,45452,35,317983,266,363435,301,0,621,-60,416,104,48218,3,1368,636,"Knox County",470313,85.6876165447266,0.0781926406926407,63.9999319602052,9.35547178155824,88.4517332074597,7.81926406926407
2021-04-04,49211,49,41476,31,7735,18,45417,40,317717,341,363134,381,3,621,-27,476,73,48114,0,1365,634,"Knox County",470313,90.5779767941775,0.0836209185027874,81.0098806539475,10.4185935749171,101.209194727766,8.36209185027874
2021-04-03,49162,81,41445,64,7717,17,45377,71,317376,593,362753,664,0,618,6,503,75,48041,0,1365,633,"Knox County",470313,97.1693319130026,0.0903377847604085,141.182574158061,17.222573052414,106.950052411904,9.03377847604085
2021-04-02,49081,76,41381,45,7700,31,45306,45,316783,529,362089,574,0,618,6,497,70,47966,2,1365,630,"Knox County",470313,95.8935857609719,0.0861696380334954,122.046381877601,16.1594512590551,105.674306259874,8.61696380334954
2021-04-01,49005,75,41336,63,7669,12,45261,67,316254,580,361515,647,1,618,-20,491,94,47896,1,1363,628,"Knox County",470313,101.421819086438,0.0933125972006221,137.56796006064,15.9468269003834,104.398560107843,9.33125972006221
2021-03-31,48930,87,41273,66,7657,21,45194,72,315674,765,360868,837,3,617,-16,511,100,47802,2,1362,628,"Knox County",470313,103.548062673156,0.0968992248062016,177.966588208278,18.4983192044447,108.651047281279,9.68992248062016
2021-03-30,48843,57,41207,33,7636,24,45122,38,314909,460,360031,498,1,614,-25,527,81,47702,2,1360,626,"Knox County",470313,99.7208242170639,0.0943106099436187,105.886930618546,12.1195884442914,112.053037020027,9.43106099436187
2021-03-29,48786,43,41174,21,7612,22,45084,22,314449,399,359533,421,5,613,-58,552,96,47621,0,1358,624,"Knox County",470313,99.5081998583922,0.0882645450024863,89.5148550008186,9.14284742288646,117.368645986822,8.82645450024863
2021-03-28,48743,80,41153,46,7590,34,45062,49,314050,484,359112,533,2,608,13,610,65,47525,5,1358,623,"Knox County",470313,106.099554977217,0.0872065165309056,113.328783172058,17.0099486937423,129.700858789785,8.72065165309056
2021-03-27,48663,42,41107,39,7556,3,45013,42,313566,442,358579,484,0,606,-16,597,58,47460,2,1353,622,"Knox County",470313,97.8072049890179,0.0838758137205809,102.910189597141,8.93022306421468,126.936742127052,8.38758137205809
2021-03-26,48621,79,41068,54,7553,25,44971,60,313124,416,358095,476,0,606,1,613,78,47402,2,1351,620,"Knox County",470313,98.4450780650333,0.0898357289527721,101.209194727766,16.7973243350705,130.3387318658,8.98357289527721
2021-03-25,48542,88,41014,64,7528,24,44911,67,312708,570,357619,637,0,606,6,612,82,47324,4,1349,618,"Knox County",470313,101.209194727766,0.0900669068450849,135.441716473923,18.7109435631165,130.126107507128,9.00669068450849
2021-03-24,48454,123,40950,91,7504,32,44844,95,312138,780,356982,875,1,606,39,606,83,47242,3,1345,617,"Knox County",470313,108.86367163995,0.0950560652395515,186.046313837806,26.1527961166287,128.850361355098,9.50560652395515
2021-03-23,48331,87,40859,57,7472,30,44749,63,311358,530,356107,593,1,605,16,567,70,47159,3,1342,616,"Knox County",470313,115.242402400104,0.0990296093555611,126.086244692364,18.4983192044447,120.558011366898,9.90296093555611
2021-03-22,48244,115,40802,78,7442,37,44686,81,310828,517,355514,598,2,604,31,551,82,47089,1,1339,615,"Knox County",470313,130.551356224472,0.108913250714967,127.149366485723,24.4518012472545,117.15602162815,10.8913250714967
2021-03-21,48129,50,40724,33,7405,17,44605,34,310311,330,354916,364,0,602,4,520,46,47007,1,1338,615,"Knox County",470313,124.172625464318,0.109759125900174,77.3952665565272,10.6312179335889,110.564666509325,10.9759125900174
2021-03-20,48079,59,40691,29,7388,30,44571,33,309981,315,354552,348,0,602,3,516,56,46961,4,1337,614,"Knox County",470313,127.787239561739,0.111282446671807,73.9932768177788,12.5448371616349,109.714169074638,11.1282446671807
2021-03-19,48020,146,40662,102,7358,44,44538,117,309666,955,354204,1072,3,602,51,513,92,46905,3,1333,614,"Knox County",470313,142.033071592748,0.109204368174727,227.933312496146,31.0431563660796,109.076295998622,10.9204368174727
2021-03-18,47874,68,40560,50,7314,18,44421,66,308711,627,353132,693,2,599,-16,462,82,46813,1,1330,613,"Knox County",470313,137.780584419312,0.107638124587277,147.348680559542,14.4584563896809,98.2324537063615,10.7638124587277
2021-03-17,47806,46,40510,36,7296,10,44355,41,308084,498,352439,539,1,597,-40,478,85,46731,3,1329,613,"Knox County",470313,121.408508801585,0.103399096743523,114.604529324088,9.7807204989018,101.63444344511,10.3399096743523
2021-03-16,47760,128,40474,84,7286,44,44314,100,307586,698,351900,798,0,596,47,518,81,46646,3,1326,611,"Knox County",470313,130.126107507128,0.106980961015413,169.674238220079,27.2159179099876,110.139417791981,10.6980961015413
2021-03-15,47632,44,40390,28,7242,16,44214,40,306888,290,351102,330,1,596,-65,471,108,46565,1,1323,610,"Knox County",470313,115.029778041432,0.104005791505792,70.1660383616868,9.35547178155824,100.146072934408,10.4005791505792
2021-03-14,47588,60,40362,38,7226,22,44174,46,306598,405,350772,451,0,595,-13,536,73,46457,0,1322,609,"Knox County",470313,117.15602162815,0.104703379815646,95.893585760972,12.7574615203067,113.966656248073,10.4703379815646
2021-03-13,47528,71,40324,34,7204,37,44128,41,306193,623,350321,664,1,595,-11,549,81,46384,1,1322,609,"Knox County",470313,119.707513932211,0.0991862766659336,141.182574158061,15.0963294656962,116.730772910806,9.91862766659336
2021-03-12,47457,63,40290,60,7167,3,44087,67,305570,691,349657,758,0,594,-52,560,115,46303,1,1321,607,"Knox County",470313,102.059692162454,0.0947318686510749,161.169263873208,13.395334596322,119.069640856196,9.47318686510749
2021-03-11,47394,83,40230,56,7164,27,44020,66,304879,627,348899,693,2,594,-21,612,102,46188,0,1320,605,"Knox County",470313,105.24905754253,0.0947318686510749,147.348680559542,17.6478217697576,130.126107507128,9.47318686510749
2021-03-10,47311,95,40174,72,7137,23,43954,82,304252,1001,348206,1083,2,592,26,633,67,46086,1,1320,604,"Knox County",470313,115.667651117447,0.0925266903914591,230.272180441536,20.1993140738189,134.591219039236,9.25266903914591
2021-03-09,47216,80,40102,50,7114,30,43872,55,303251,597,347123,652,0,590,-5,607,85,46019,2,1319,604,"Knox County",470313,105.461681901202,0.085726624919024,138.631081853999,17.0099486937423,129.062985713769,8.5726624919024
2021-03-08,47136,85,40052,57,7084,28,43817,63,302654,411,346471,474,1,590,-30,612,114,45934,0,1317,599,"Knox County",470313,114.179280606745,0.0879581151832461,100.783946010423,18.0730704871011,130.126107507128,8.79581151832461
2021-03-07,47051,64,39995,40,7056,24,43754,42,302243,327,345997,369,0,589,-5,642,69,45820,0,1317,597,"Knox County",470313,115.029778041432,0.0886426592797784,78.4583883498861,13.6079589549938,136.504838267282,8.86426592797784
2021-03-06,46987,125,39955,87,7032,38,43712,95,301916,848,345628,943,0,589,40,647,85,45751,1,1317,597,"Knox County",470313,126.511493409708,0.0945293644408689,200.504770227487,26.5780448339723,137.56796006064,9.45293644408689
2021-03-05,46862,70,39868,44,6994,26,43617,49,301068,520,344685,569,2,589,-19,607,87,45666,2,1316,597,"Knox County",470313,127.99986392041,0.0945013589797198,120.983260084242,14.8837051070245,129.062985713769,9.45013589797198
2021-03-04,46792,112,39824,85,6968,27,43568,100,300548,1094,344116,1194,5,587,-1,626,108,45579,1,1314,595,"Knox County",470313,134.165970321892,0.0919757759273278,253.873484254103,23.8139281712392,133.102848528533,9.19757759273278
2021-03-03,46680,74,39739,33,6941,41,43468,40,299454,497,342922,537,1,582,-49,627,122,45471,4,1313,593,"Knox County",470313,129.700858789785,0.0937104263402279,114.179280606745,15.7342025417116,133.315472887205,9.37104263402279
2021-03-02,46606,133,39706,91,6900,42,43428,99,298957,807,342385,906,-1,581,9,676,125,45349,2,1309,592,"Knox County",470313,140.969949799389,0.0977564102564103,192.637668956631,28.2790397033465,143.734066462122,9.77564102564103
2021-03-01,46473,59,39615,33,6858,26,43329,35,298150,165,341479,200,1,582,-58,667,116,45224,1,1307,587,"Knox County",470313,135.441716473923,0.0974989402289105,42.5248717343556,12.5448371616349,141.820447234076,9.74989402289106
2021-02-28,46414,77,39582,53,6832,24,43294,63,297985,563,341279,626,2,581,-18,725,93,45108,2,1306,587,"Knox County",470313,138.205833136656,0.0966834170854271,133.102848528533,16.3720756177269,154.152660037039,9.66834170854271
2021-02-27,46337,82,39529,47,6808,35,43231,58,297422,670,340653,728,1,579,-33,743,114,45015,3,1304,586,"Knox County",470313,129.062985713769,0.0932773109243697,154.790533113054,17.4351974110858,157.979898493131,9.32773109243698
2021-02-26,46255,107,39482,70,6773,37,43173,80,296752,506,339925,586,5,578,-17,776,119,44901,1,1301,585,"Knox County",470313,136.930086984625,0.0994347917102784,124.597874181662,22.7508063778803,164.9965023293,9.94347917102784
2021-02-25,46148,131,39412,92,6736,39,43093,97,296246,1029,339339,1126,2,573,-7,793,136,44782,5,1300,585,"Knox County",470313,140.969949799389,0.100233595243151,239.415027864422,27.8537909860029,168.61111642672,10.0233595243151
2021-02-24,46017,102,39320,72,6697,30,42996,80,295217,969,338213,1049,2,571,-30,800,130,44646,2,1295,584,"Knox County",470313,146.923431842199,0.0980655046925876,223.042952246695,21.6876845845214,170.099486937423,9.80655046925876
2021-02-23,45915,122,39248,68,6667,54,42916,75,294248,758,337164,833,5,569,-32,830,149,44516,6,1293,583,"Knox County",470313,144.584563896809,0.0947940947940948,177.116090773591,25.9401717579569,176.478217697576,9.47940947940948
2021-02-22,45793,62,39180,33,6613,29,42841,38,293490,306,336331,344,3,564,-110,862,169,44367,3,1287,581,"Knox County",470313,145.222436972824,0.0927815570672714,73.1427793830917,13.1827102376502,183.282197175073,9.27815570672714
2021-02-21,45731,82,39147,41,6584,41,42803,45,293184,499,335987,544,2,561,-31,972,111,44198,3,1284,579,"Knox County",470313,146.285558766183,0.0907869481765835,115.667651117447,17.4351974110858,206.670876628968,9.07869481765835
2021-02-20,45649,137,39106,98,6543,39,42758,115,292685,1007,335443,1122,1,559,8,1003,128,44087,2,1281,576,"Knox County",470313,157.979898493131,0.0945753033547466,238.564530429735,29.1295371380336,213.262231747793,9.45753033547466
2021-02-19,45512,95,39008,43,6504,52,42643,48,291678,274,334321,322,1,558,-83,995,177,43959,2,1279,575,"Knox County",470313,155.42840618907,0.0932584269662921,68.4650434923126,20.1993140738189,211.561236878419,9.32584269662921
2021-02-18,45417,155,38965,111,6452,44,42595,119,291404,987,333999,1106,4,557,-37,1078,188,43782,6,1277,573,"Knox County",470313,160.531390797193,0.0977443609022556,235.162540690987,32.9567755941256,229.209058648177,9.77443609022556
2021-02-17,45262,114,38854,68,6408,46,42476,76,290417,892,332893,968,1,553,-50,1115,163,43594,4,1271,567,"Knox County",470313,163.082883101254,0.098492078640962,205.820379194281,24.2391768885827,237.076159919033,9.8492078640962
2021-02-16,45148,146,38786,90,6362,56,42400,101,289525,818,331925,919,2,552,-41,1165,185,43431,4,1267,564,"Knox County",470313,168.185867709377,0.101784037558685,195.401785619364,31.0431563660796,247.707377852622,10.1784037558685
2021-02-15,45002,76,38696,36,6306,40,42299,43,288707,312,331006,355,2,550,-140,1206,214,43246,1,1263,564,"Knox County",470313,171.162608730781,0.102511244377811,75.4816473284812,16.1594512590551,256.424976558164,10.2511244377811
2021-02-14,44926,164,38660,134,6266,30,42256,134,288395,706,330651,840,2,548,19,1346,143,43032,5,1262,563,"Knox County",470313,188.597806141867,0.112926136363636,178.604461284294,34.8703948221716,286.192386772213,11.2926136363636
2021-02-13,44762,135,38526,91,6236,44,42122,106,287689,870,329811,976,4,546,-9,1327,140,42889,7,1257,562,"Knox County",470313,188.172557424524,0.114290922347794,207.521374063655,28.7042884206901,282.15252395745,11.4290922347794
2021-02-12,44627,179,38435,114,6192,65,42016,124,286819,995,328835,1119,3,542,13,1336,163,42749,3,1250,558,"Knox County",470313,206.033003552953,0.111889224892567,237.92665735372,38.0597602022483,284.066143185496,11.1889224892567
2021-02-11,44448,162,38321,112,6127,50,41892,118,285824,1133,327716,1251,5,539,-34,1323,191,42586,5,1247,557,"Knox County",470313,207.521374063655,0.109209707529558,265.993072698394,34.4451461048281,281.302026522763,10.9209707529558
2021-02-10,44286,148,38209,106,6077,42,41774,112,284691,1032,326465,1144,7,534,-48,1357,189,42395,6,1242,555,"Knox County",470313,214.750602258496,0.111750454270139,243.242266320514,31.4684050834232,288.531254717603,11.1750454270139
2021-02-09,44138,209,38103,154,6035,55,41662,165,283659,1022,325321,1187,0,527,12,1405,197,42206,6,1236,553,"Knox County",470313,228.145936854818,0.116705471478463,252.385113743401,44.4384909624016,298.737223933848,11.6705471478463
2021-02-08,43929,107,37949,72,5980,35,41497,76,282637,371,324134,447,4,527,-159,1393,262,42009,2,1230,548,"Knox County",470313,234.737291973643,0.119902354968409,95.0430883262848,22.7508063778803,296.185731629787,11.9902354968409
2021-02-07,43822,108,37877,75,5945,33,41421,83,282266,716,323687,799,1,523,-28,1552,135,41747,2,1228,545,"Knox County",470313,222.830327888024,0.11324570273003,169.886862578751,22.963430736552,329.9930046586,11.324570273003
2021-02-06,43714,304,37802,176,5912,128,41338,197,281550,1396,322888,1593,2,522,136,1580,166,41612,6,1226,544,"Knox County",470313,258.763844503554,0.11604774535809,338.710603364143,64.6378050362206,335.94648670141,11.604774535809
2021-02-05,43410,177,37626,131,5784,46,41141,143,280154,727,321295,870,8,520,-5,1444,174,41446,4,1220,540,"Knox County",470313,258.33859578621,0.122616924975998,184.983192044447,37.6345114849047,307.029573922048,12.2616924975998
2021-02-04,43233,199,37495,148,5738,51,40998,161,279427,1581,320425,1742,2,512,-1,1449,198,41272,7,1216,537,"Knox County",470313,266.205697057066,0.120406065278849,370.391632806238,42.3122473756839,308.092695715407,12.0406065278849
2021-02-03,43034,230,37347,165,5687,65,40837,172,277846,1634,318683,1806,5,510,-9,1450,234,41074,7,1209,529,"Knox County",470313,283.640894468152,0.118072003789673,383.999591761231,48.903602494509,308.305320074078,11.8072003789673
2021-02-02,42804,91,37182,70,5622,21,40665,77,276212,291,316877,368,7,505,-159,1459,243,40840,1,1202,529,"Knox County",470313,258.551220144882,0.119213114754098,78.2457639912144,19.3488166391318,310.218939302124,11.9213114754098
2021-02-01,42713,153,37112,82,5601,71,40588,97,275921,425,316509,522,4,498,-125,1618,274,40597,2,1201,527,"Knox County",470313,268.331940643784,0.120779220779221,110.989915226668,32.5315268767821,344.026212330937,12.0779220779221
2021-01-31,42560,174,37030,120,5530,54,40491,129,275496,939,315987,1068,7,494,13,1743,154,40323,4,1199,524,"Knox County",470313,282.365148316121,0.122474589032501,227.082815061459,36.9966384088894,370.604257164909,12.2474589032501
2021-01-30,42386,277,36910,233,5476,44,40362,250,274557,1518,314919,1768,7,487,92,1730,178,40169,9,1195,522,"Knox County",470313,276.624290631983,0.12635068762279,375.919866131704,58.8969473520825,367.840140502176,12.635068762279
2021-01-29,42109,101,36677,52,5432,49,40112,62,273039,376,313151,438,4,480,-140,1638,237,39991,1,1186,516,"Knox County",470313,260.464839372928,0.122925311203319,93.1294690982388,21.4750602258496,348.278699504373,12.2925311203319
2021-01-28,42008,157,36625,116,5383,41,40050,129,272663,656,312713,785,9,476,-75,1778,223,39754,5,1185,511,"Knox County",470313,251.534616308714,0.13560325684678,166.910121557346,33.3820243114692,378.046109718422,13.560325684678
2021-01-27,41851,168,36509,123,5342,45,39921,125,272007,893,311928,1018,12,467,-73,1853,229,39531,2,1180,507,"Knox County",470313,238.351906071063,0.14563432210491,216.45159712787,35.7208922568587,393.992936618805,14.563432210491
2021-01-26,41683,234,36386,173,5297,61,39796,193,271114,1041,310910,1234,3,455,-26,1926,257,39302,7,1178,503,"Knox County",470313,268.757189361128,0.144153373335285,262.378458600974,49.7540999291961,409.514514801845,14.4153373335285
2021-01-25,41449,157,36213,105,5236,52,39603,115,270073,415,309676,530,9,452,-201,1952,349,39045,1,1171,496,"Knox County",470313,269.607686795815,0.146615991814062,112.690910096042,33.3820243114692,415.042748127311,14.6615991814062
2021-01-24,41292,157,36108,104,5184,53,39488,111,269658,791,309146,902,4,443,-98,2153,251,38696,2,1170,492,"Knox County",470313,265.993072698394,0.147565543071161,191.787171521944,33.3820243114692,457.780244220338,14.7565543071161
2021-01-23,41135,309,36004,222,5131,87,39377,232,268867,1492,308244,1724,7,439,63,2251,239,38445,7,1168,487,"Knox County",470313,272.797052175891,0.145830191524657,366.564394350146,65.7009268295794,478.617431370173,14.5830191524657
2021-01-22,40826,178,35782,143,5044,35,39145,176,267375,1173,306520,1349,3,432,-151,2188,326,38206,8,1161,483,"Knox County",470313,289.169127793618,0.143330681516839,286.830259848229,37.8471358435765,465.222096773851,14.3330681516839
2021-01-21,40648,268,35639,195,5009,73,38969,203,266202,1080,305171,1283,11,429,-124,2339,381,37880,6,1153,475,"Knox County",470313,312.770431606186,0.14365671641791,272.797052175891,56.9833281240365,497.328374933289,14.365671641791
2021-01-20,40380,192,35444,131,4936,61,38766,130,265122,736,303888,866,10,418,-156,2463,338,37499,8,1147,469,"Knox County",470313,317.873416214308,0.147058823529412,184.13269460976,40.8238768649814,523.69379540859,14.7058823529412
2021-01-19,40188,310,35313,195,4875,115,38636,219,264386,957,303022,1176,8,408,-86,2619,388,37161,14,1139,459,"Knox County",470313,334.032867473363,0.1514687100894,250.046245798011,65.9135511882512,556.863195361387,15.14687100894
2021-01-18,39878,129,35118,80,4760,49,38417,87,263429,472,301846,559,7,400,-365,2705,487,36773,4,1125,456,"Knox County",470313,328.079385430554,0.147346990711286,118.857016497524,27.4285422686594,575.14889020716,14.7346990711286
2021-01-17,39749,181,35038,138,4711,43,38330,151,262957,690,301287,841,3,393,-208,3070,386,36286,8,1121,447,"Knox County",470313,333.182370038676,0.153629135675814,178.817085642965,38.4850089195918,652.756781122359,15.3629135675814
2021-01-16,39568,421,34900,340,4668,81,38179,389,262267,1757,300446,2146,1,390,7,3278,413,35900,7,1113,441,"Knox County",470313,356.996298209916,0.164841849148418,456.291873709636,89.5148550008186,696.982647726089,16.4841849148418
2021-01-15,39147,187,34560,149,4587,38,37790,153,260510,755,298300,908,0,389,-94,3271,281,35487,4,1106,433,"Knox County",470313,358.909917437962,0.171230235248747,193.062917673975,39.7607550716225,695.494277215386,17.1230235248747
2021-01-14,38960,338,34411,267,4549,71,37637,290,259755,1479,297392,1769,6,389,-92,3365,424,35206,8,1102,423,"Knox County",470313,373.793622544986,0.171687840290381,376.132490490376,71.867033231061,715.480966930533,17.1687840290381
2021-01-13,38622,249,34144,201,4478,48,37347,206,258276,946,295623,1152,12,383,-249,3457,486,34782,6,1094,416,"Knox County",470313,385.913210989277,0.174833352824231,244.943261189888,52.9434653092728,735.042407928337,17.4833352824231
2021-01-12,38373,332,33943,261,4430,71,37141,283,257330,1181,294471,1464,10,371,-176,3706,498,34296,6,1088,414,"Knox County",470313,390.590946880056,0.176377418259984,311.282061095483,70.5912870790304,787.98587323761,17.6377418259984
2021-01-11,38041,244,33682,197,4359,47,36858,228,256149,726,293007,954,4,361,-396,3882,636,33798,5,1082,409,"Knox County",470313,415.042748127311,0.184102230885857,202.843638172876,51.8803435159139,825.407760363843,18.4102230885857
2021-01-10,37797,328,33485,205,4312,123,36630,222,255423,1013,292053,1235,5,357,-4,4278,327,33162,17,1077,403,"Knox County",470313,446.298528852062,0.183942667220607,262.591082959646,69.7407896443432,909.607006397867,18.3942667220607
2021-01-09,37469,475,33280,393,4189,82,36408,426,254410,1384,290818,1810,5,352,101,4282,369,32835,12,1060,397,"Knox County",470313,457.780244220338,0.194575979337064,384.850089195918,100.996570369095,910.457503832554,19.4575979337064
2021-01-08,36994,459,32887,371,4107,88,35982,392,253026,1432,289008,1824,7,347,267,4181,185,32466,6,1048,395,"Knox County",470313,515.614069779062,0.200528996865204,387.826830217323,97.5945806303462,888.982443606704,20.0528996865204
2021-01-07,36535,389,32516,346,4019,43,35590,354,251594,1309,287184,1663,10,340,73,3914,306,32281,10,1042,387,"Knox County",470313,526.457912071323,0.208968521084934,353.594308471167,82.7108755233217,832.21173984134,20.8968521084934
2021-01-06,36146,496,32170,362,3976,134,35236,378,250285,1187,285521,1565,9,330,58,3841,429,31975,15,1032,384,"Knox County",470313,578.976128663252,0.217118402282454,332.757121321333,105.461681901202,816.6901616583,21.7118402282454
2021-01-05,35650,520,31808,328,3842,192,34858,345,249098,1193,283956,1538,14,321,32,3783,474,31546,14,1017,375,"Knox County",470313,618.949508093546,0.221456228161299,327.016263637195,110.564666509325,804.357948855337,22.1456228161299
2021-01-04,35130,322,31480,228,3650,94,34513,249,247905,654,282418,903,6,307,-222,3751,538,31072,6,1003,369,"Knox County",470313,635.534208069945,0.224520781932055,191.999795880616,68.4650434923126,797.55396937784,22.4520781932055
2021-01-03,34808,285,31252,182,3556,103,34264,195,247251,608,281515,803,2,301,-15,3973,298,30534,10,997,361,"Knox County",470313,626.391360647058,0.231446665347318,170.737360013438,60.5979422214568,844.756577002974,23.1446665347318
2021-01-02,34523,422,31070,319,3453,103,34069,345,246643,1095,280712,1440,0,299,105,3988,317,30236,22,987,352,"Knox County",470313,615.122269637454,0.231922760887428,306.179076487361,89.7274793594904,847.945942383051,23.1922760887428
2021-01-01,34101,419,30751,349,3350,70,33724,374,245548,1297,279272,1671,2,299,2,3883,415,29919,8,965,348,"Knox County",470313,606.617295290583,0.233747260774288,355.295303340541,89.089606283475,825.620384722515,23.3747260774288
2020-12-31,33682,448,30402,311,3280,137,33350,322,244251,929,277601,1251,12,297,0,3881,436,29504,8,957,342,"Knox County",470313,619.162132452218,0.240758913967942,265.993072698394,95.2557126849566,825.195136005171,24.0758913967942
2020-12-30,33234,363,30091,248,3143,115,33028,271,243322,931,276350,1202,6,285,-146,3881,503,29068,9,949,339,"Knox County",470313,590.883092748871,0.238533151680291,255.574479123477,77.1826421978555,825.195136005171,23.8533151680291
2020-12-29,32871,590,29843,398,3028,192,32757,420,242391,1081,275148,1501,7,279,111,4027,472,28565,14,940,335,"Knox County",470313,605.766797855896,0.248090297571543,319.149162366339,125.448371616349,856.238292371251,24.8090297571543
2020-12-28,32281,252,29445,174,2836,78,32337,185,241310,565,273647,750,4,272,-331,3916,579,28093,4,926,327,"Knox County",470313,590.883092748871,0.245068461359944,159.468269003834,53.5813383852881,832.636988558683,24.5068461359944
2020-12-27,32029,230,29271,156,2758,74,32152,172,240745,489,272897,661,3,268,-74,4247,301,27514,8,922,322,"Knox County",470313,579.188753021924,0.246460594620104,140.544701082045,48.903602494509,903.015651279042,24.6460594620104
2020-12-26,31799,358,29115,288,2684,70,31980,328,240256,1064,272236,1392,0,265,59,4321,299,27213,10,914,315,"Knox County",470313,565.58079406693,0.245847176079734,295.973107271115,76.1195204044966,918.749853820754,24.5847176079734
2020-12-25,31441,353,28827,287,2614,66,31652,308,239192,1070,270844,1378,1,265,-101,4262,453,26914,5,904,309,"Knox County",470313,551.547586394592,0.246588813767671,292.99636624971,75.0563986111377,906.205016659119,24.6588813767671
2020-12-24,31088,351,28540,277,2548,74,31344,311,238122,1273,269466,1584,5,264,-111,4363,457,26461,8,899,302,"Knox County",470313,530.92302360343,0.235592820028342,336.796984136097,74.6311498937941,927.680076884968,23.5592820028342
2020-12-23,30737,472,28263,351,2474,121,31033,371,236849,1411,267882,1782,6,259,-14,4474,480,26004,9,891,295,"Knox County",470313,554.099078698654,0.231542882404951,378.896607153109,100.358697293079,951.281380697535,23.1542882404951
2020-12-22,30265,530,27912,392,2353,138,30662,432,235438,1470,266100,1902,7,253,-26,4488,549,25524,15,882,289,"Knox County",470313,541.341617178347,0.222986559424278,404.411530193722,112.690910096042,954.25812171894,22.2986559424278
2020-12-21,29735,442,27520,361,2215,81,30230,391,233968,1423,264198,1814,2,246,-136,4514,576,24975,5,867,283,"Knox County",470313,581.740245325985,0.22001331684581,385.700586630606,93.9799665329259,959.786355044406,22.001331684581
2020-12-20,29293,514,27159,431,2134,83,29839,478,232545,2245,262384,2723,2,244,235,4650,277,24399,7,862,280,"Knox County",470313,642.12556318877,0.208270377733598,578.976128663252,109.288920357294,988.703267823768,20.8270377733598
2020-12-19,28779,525,26728,441,2051,84,29361,489,230300,1445,259661,1934,6,242,252,4415,267,24122,14,855,274,"Knox County",470313,677.633831086957,0.211938705496684,411.215509671219,111.627788302684,938.736543535901,21.1938705496684
2020-12-18,28254,480,26287,420,1967,60,28872,430,228855,1358,257727,1788,4,236,98,4163,378,23855,11,841,267,"Knox County",470313,704.637124638273,0.214533895172618,380.172353305139,102.059692162454,885.155205150612,21.4533895172618
2020-12-17,27774,733,25867,635,1907,98,28442,663,227497,1898,255939,2561,11,232,288,4065,434,23477,11,830,261,"Knox County",470313,785.859629650892,0.224351902923331,544.530982558424,155.853654906413,864.318018000778,22.4351902923332
2020-12-16,27041,564,25232,453,1809,111,27779,472,225599,1729,253378,2201,8,221,99,3777,457,23043,11,819,257,"Knox County",470313,805.421070648696,0.224820746498693,467.986213436584,119.920138290883,803.082202703306,22.4820746498693
2020-12-15,26477,765,24779,675,1698,90,27307,716,223870,2415,251177,3131,2,213,324,3678,439,22586,15,808,253,"Knox County",470313,855.387794936564,0.225297176820208,665.726867001337,162.65763438391,782.0323911948,22.5297176820208
2020-12-14,25712,472,24104,411,1608,61,26591,461,221455,1624,248046,2085,6,211,-11,3354,477,22147,7,793,245,"Knox County",470313,861.766525696717,0.225841807221579,443.321787830657,100.358697293079,713.142098985144,22.5841807221579
2020-12-13,25240,628,23693,572,1547,56,26130,754,219831,2935,245961,3689,2,205,400,3365,226,21670,10,786,237,"Knox County",470313,886.0057025853,0.229167864742078,784.37125914019,133.528097245877,715.480966930533,22.9167864742078
2020-12-12,24612,464,23121,392,1491,72,25376,454,216896,2171,242272,2625,3,203,182,2965,279,21444,19,776,231,"Knox County",470313,873.035616706321,0.218473451327434,558.138941513418,98.6577024237051,630.431223461822,21.8473451327434
2020-12-11,24148,557,22729,523,1419,34,24922,429,214725,1407,239647,1836,6,200,281,2783,270,21165,10,757,227,"Knox County",470313,889.407692324048,0.217839805825243,390.378322521385,118.43176778018,591.733590183559,21.7839805825243
2020-12-10,23591,473,22206,415,1385,58,24493,538,213318,1910,237811,2448,8,194,325,2502,140,20895,9,747,225,"Knox County",470313,834.125359069386,0.212267554815432,520.504430028513,100.571321651751,531.986145396789,21.2267554815432
2020-12-09,23118,407,21791,337,1327,70,23955,359,211408,924,235363,1283,2,186,77,2177,328,20755,13,738,215,"Knox County",470313,800.743334757917,0.217055623793648,272.797052175891,86.5381139794137,462.883228828461,21.7055623793648
2020-12-08,22711,491,21454,446,1257,45,23596,538,210484,2077,234080,2615,9,184,126,2100,356,20427,10,725,212,"Knox County",470313,742.484260481849,0.213075206561727,556.0126979267,104.398560107843,446.511153210734,21.3075206561727
2020-12-07,22220,323,21008,271,1212,52,23058,317,208407,1135,231465,1452,3,175,-128,1974,448,20071,6,715,210,"Knox County",470313,710.803231039754,0.212503135189365,308.730568791422,68.6776678509843,419.72048401809,21.2503135189365
2020-12-06,21897,332,20737,291,1160,41,22741,187,207272,668,230013,855,6,172,103,2102,223,19623,6,709,207,"Knox County",470313,647.866420872908,0.215189873417722,181.79382666437,70.5912870790304,446.936401928078,21.5189873417722
2020-12-05,21565,289,20446,263,1119,26,22554,213,206604,714,229158,927,2,166,55,1999,232,19400,8,703,203,"Knox County",470313,610.657158105347,0.226086194814296,197.102780488738,61.4484396561439,425.036092984885,22.6086194814296
2020-12-04,21276,354,20183,322,1093,32,22341,297,205890,1091,228231,1388,5,164,17,1944,332,19168,11,695,201,"Knox County",470313,567.494413294976,0.223285922684172,295.122609836428,75.2690229698095,413.341753257937,22.3285922684172
2020-12-03,20922,441,19861,424,1061,17,22044,448,204799,1215,226843,1663,2,159,180,1927,259,18836,10,684,196,"Knox County",470313,560.690433817479,0.231660610821958,353.594308471167,93.7673421742542,409.727139160517,23.1660610821958
2020-12-02,20481,192,19437,170,1044,22,21596,185,203584,575,225180,760,2,157,-144,1747,334,18577,7,674,194,"Knox County",470313,514.976196703047,0.226190476190476,161.594512590551,40.8238768649814,371.454754599596,22.6190476190476
2020-12-01,20289,403,19267,380,1022,23,21411,409,203009,1832,224420,2241,5,155,89,1891,309,18243,7,667,189,"Knox County",470313,496.26525313993,0.221408572043937,476.491187783455,85.6876165447266,402.072662248333,22.1408572043937
2020-11-30,19886,385,18887,371,999,14,21002,436,201177,1815,222179,2251,1,150,24,1802,360,17934,3,660,186,"Knox County",470313,509.44796337758,0.215666831928607,478.617431370173,81.8603780886346,383.149094326544,21.5666831928607
2020-11-29,19501,226,18516,218,985,8,20566,261,199362,1465,219928,1726,0,149,41,1778,185,17574,5,657,183,"Knox County",470313,486.909781358372,0.205275648046732,366.989643067489,48.0531050598219,378.046109718422,20.5275648046732
2020-11-28,19275,271,18298,257,977,14,20305,299,197897,1967,218202,2266,0,149,72,1737,199,17389,8,652,177,"Knox County",470313,483.08254290228,0.189914599430663,481.806796750249,57.6212012000519,369.328511012879,18.9914599430663
2020-11-27,19004,235,18041,215,963,20,20006,249,195930,1247,215936,1496,3,149,-6,1665,238,17190,12,644,173,"Knox County",470313,457.780244220338,0.184390873175845,318.08604057298,49.9667242878679,354.019557188511,18.4390873175845
2020-11-26,18769,344,17826,341,943,3,19757,441,194683,1429,214440,1870,4,146,48,1671,292,16952,5,632,170,"Knox County",470313,437.155681429176,0.18080888183981,397.607550716225,73.1427793830917,355.295303340541,18.080888183981
2020-11-25,18425,219,17485,193,940,26,19316,123,193254,325,212570,448,0,142,-58,1623,277,16660,3,627,164,"Knox County",470313,442.896539113314,0.180354529191738,95.2557126849566,46.5647345491194,345.089334124296,18.0354529191738
2020-11-24,18206,153,17292,130,914,23,19193,116,192929,673,212122,789,2,142,-111,1681,262,16383,6,624,162,"Knox County",470313,389.740449445369,0.177484787018256,167.760618992033,32.5315268767821,357.421546927259,17.7484787018256
2020-11-23,18053,167,17162,147,891,20,19077,100,192256,391,211333,491,3,140,-97,1792,261,16121,7,618,160,"Knox County",470313,343.388339254922,0.174884437596302,104.398560107843,35.508267898187,381.022850739826,17.4884437596302
2020-11-22,17886,220,17015,212,871,8,18977,258,191865,1804,210842,2062,2,137,86,1889,132,15860,5,611,153,"Knox County",470313,342.112593102891,0.168329441732116,438.431427581207,46.7773589077912,401.647413530989,16.8329441732116
2020-11-21,17666,173,16803,169,863,4,18719,198,190061,1465,208780,1663,0,135,2,1803,171,15728,4,606,151,"Knox County",470313,321.275405953057,0.168386438371697,353.594308471167,36.7840140502176,383.361718685216,16.8386438371697
2020-11-20,17493,178,16634,169,859,9,18521,163,188596,791,207117,954,7,135,-17,1801,188,15557,5,602,149,"Knox County",470313,309.155817508765,0.169022592726833,202.843638172876,37.8471358435765,382.936469967872,16.9022592726833
2020-11-19,17315,166,16465,148,850,18,18358,128,187805,663,206163,791,2,128,-28,1818,192,15369,4,597,145,"Knox County",470313,271.308681665189,0.15087524312309,168.185867709377,35.2956435395152,386.551084065293,15.087524312309
2020-11-18,17149,168,16317,163,832,5,18230,179,187142,874,205372,1053,0,126,-9,1846,177,15177,7,593,140,"Knox County",470313,260.464839372928,0.146353966423171,223.893449681382,35.7208922568587,392.504566108102,14.6353966423171
2020-11-17,16981,248,16154,240,827,8,18051,260,186268,1033,204319,1293,9,126,86,1855,153,15000,7,586,138,"Knox County",470313,280.664153446747,0.154809197062718,274.923295762609,52.730840950601,394.418185336148,15.4809197062718
2020-11-16,16733,272,15914,261,819,11,17791,286,185235,1409,203026,1695,2,117,79,1769,191,14847,6,579,137,"Knox County",470313,302.989711107284,0.154768163179476,360.398287948664,57.8338255587237,376.132490490376,15.4768163179476
2020-11-15,16461,274,15653,247,808,27,17505,295,183826,2278,201331,2573,2,115,162,1690,110,14656,3,573,135,"Knox County",470313,314.47142647556,0.150568748752744,547.082474862485,58.2590742760672,359.335166155305,15.0568748752744
2020-11-14,16187,306,15406,293,781,13,17210,321,181548,1699,198758,2020,0,113,188,1528,118,14546,7,570,131,"Knox County",470313,342.750466178906,0.157240581944311,429.501204516992,65.0630537535641,324.890020050477,15.7240581944311
2020-11-13,15881,219,15113,200,768,19,16889,190,179849,965,196738,1155,4,113,73,1340,142,14428,6,563,128,"Knox County",470313,351.468064884449,0.156805293005671,245.581134265904,46.5647345491194,284.916640620183,15.6805293005671
2020-11-12,15662,143,14913,130,749,13,16699,136,178884,955,195583,1091,1,109,-3,1267,145,14286,3,557,127,"Knox County",470313,346.577704634998,0.153216911764706,231.97317531091,30.4052832900643,269.395062437143,15.3216911764706
2020-11-11,15519,191,14783,177,736,14,16563,191,177929,1229,194492,1420,3,108,23,1270,165,14141,7,554,125,"Knox County",470313,351.468064884449,0.149284253578732,301.926589313925,40.6112525063096,270.032935513158,14.9284253578732
2020-11-10,15328,168,14606,163,722,5,16372,186,176700,1131,193072,1317,2,105,24,1247,142,13976,4,547,123,"Knox County",470313,334.458116190707,0.142400851743412,280.026280370732,35.7208922568587,265.142575263707,14.2400851743412
2020-11-09,15160,135,14443,121,717,14,16186,131,175569,490,191755,621,1,103,-15,1223,149,13834,2,543,121,"Knox County",470313,305.328579052673,0.142198685888006,132.039726735174,28.7042884206901,260.039590655585,14.2198685888006
2020-11-08,15025,215,14322,203,703,12,16055,252,175079,2625,191134,2877,1,102,94,1238,120,13685,3,541,119,"Knox County",470313,292.783741891039,0.133987239310542,611.720279898706,45.7142371144323,263.228956035661,13.3987239310542
2020-11-07,14810,169,14119,161,691,8,15803,187,172454,1918,188257,2105,1,101,59,1144,109,13565,5,538,114,"Knox County",470313,263.654204753005,0.120253164556962,447.574275004093,35.9335166155305,243.242266320514,12.0253164556962
2020-11-06,14641,155,13958,138,683,17,15616,160,170536,1236,186152,1396,0,100,24,1085,131,13456,5,533,114,"Knox County",470313,250.046245798011,0.114805578645978,296.823604705802,32.9567755941256,230.697429158879,11.4805578645978
2020-11-05,14486,158,13820,142,666,16,15456,151,169300,613,184756,764,1,100,34,1061,123,13325,6,528,111,"Knox County",470313,253.235611178088,0.119809523809524,162.445010025239,33.5946486701409,225.594444550757,11.9809523809524
2020-11-04,14328,145,13678,133,650,12,15305,148,168687,934,183992,1082,-1,99,20,1027,126,13202,5,522,110,"Knox County",470313,243.454890679186,0.119563078134226,230.059556082864,30.8305320074078,218.365216355916,11.9563078134226
2020-11-03,14183,196,13545,183,638,13,15157,195,167753,836,182910,1031,3,100,44,1007,149,13076,5,517,108,"Knox County",470313,249.408372721996,0.123936816524909,219.215713790603,41.6743742996685,214.112729182481,12.3936816524909
2020-11-02,13987,116,13362,110,625,6,14962,115,166917,807,181879,922,1,97,-36,963,151,12927,2,512,107,"Knox County",470313,245.368509907232,0.118699027218237,196.039658695379,24.6644256059263,204.757257400922,11.8699027218237
2020-11-01,13871,124,13252,116,619,8,14847,131,166110,1273,180957,1404,0,96,15,999,109,12776,3,510,105,"Knox County",470313,226.0196932681,0.124885110294118,298.524599575177,26.3654204753005,212.411734313106,12.4885110294118
2020-10-31,13747,5,13136,5,611,0,14716,7,164837,4,179553,11,0,96,-99,984,104,12667,0,507,103,"Knox County",470313,191.149298445929,0.137216338880484,2.33886794538956,1.06312179335889,209.22236893303,13.7216338880484
2020-10-30,13742,156,13131,146,611,10,14709,148,164833,853,179542,1001,1,96,27,1083,128,12563,4,507,102,"Knox County",470313,191.3619228046,0.144006436041834,212.83698303045,33.1693999527974,230.272180441536,14.4006436041834
2020-10-29,13586,152,12985,138,601,14,14561,136,163980,1569,178541,1705,0,95,49,1056,103,12435,4,503,102,"Knox County",470313,190.08617665257,0.122973728339855,362.524531535382,32.3189025181103,224.531322757398,12.2973728339855
2020-10-28,13434,103,12847,96,587,7,14425,102,162411,1055,176836,1157,3,95,-47,1007,147,12332,8,499,101,"Knox County",470313,181.155953588355,0.115336744571982,246.006382983247,21.9003089431931,214.112729182481,11.5336744571982
2020-10-27,13331,119,12751,113,580,6,14323,127,161356,799,175679,926,1,92,-6,1054,124,12185,3,491,100,"Knox County",470313,164.783877970628,0.107493685096829,196.890156130067,25.3022986819416,224.106074040054,10.7493685096829
2020-10-26,13212,81,12638,74,574,7,14196,73,160557,372,174753,445,2,91,-72,1060,151,12061,2,488,98,"Knox County",470313,157.342025417116,0.108888554669875,94.6178396089413,17.222573052414,225.381820192085,10.8888554669875
2020-10-25,13131,132,12564,121,567,11,14123,151,160185,1365,174308,1516,0,89,53,1132,79,11910,3,486,98,"Knox County",470313,159.04302028649,0.110042893063156,322.338527746416,28.0664153446747,240.690774016453,11.0042893063156
2020-10-24,12999,172,12443,167,556,5,13972,202,158820,1789,172792,1991,0,89,56,1079,116,11831,5,483,97,"Knox County",470313,194.551288184677,0.107424779773481,423.33509811551,36.5713896915458,229.421683006849,10.7424779773481
2020-10-23,12827,159,12276,148,551,11,13770,172,157031,1239,170801,1411,1,89,40,1023,118,11715,5,478,96,"Knox County",470313,195.189161260692,0.105234400611955,300.012970085879,33.8072730288127,217.514718921229,10.5234400611955
2020-10-22,12668,182,12128,168,540,14,13598,169,155792,1607,169390,1776,1,88,59,983,122,11597,5,473,96,"Knox County",470313,201.567892020846,0.108002602472349,377.620861001078,38.6976332782636,209.009744574358,10.8002602472349
2020-10-21,12486,72,11960,68,526,4,13429,74,154185,682,167614,756,0,87,-32,924,104,11475,1,468,96,"Knox County",470313,194.976536902021,0.109738124929146,160.744015155864,15.308953824368,196.464907412723,10.9738124929146
2020-10-20,12414,127,11892,121,522,6,13355,150,153503,739,166858,889,0,87,13,956,114,11371,7,467,95,"Knox County",470313,196.677531771395,0.112818761384335,189.023054859211,27.0032935513158,203.26888689022,11.2818761384335
2020-10-19,12287,112,11771,107,516,5,13205,117,152764,939,165969,1056,1,87,-9,943,120,11257,6,460,94,"Knox County",470313,203.26888689022,0.110164981373071,224.531322757398,23.8139281712392,200.504770227487,11.0164981373071
2020-10-18,12175,140,11664,135,511,5,13088,168,151825,1431,164913,1599,0,86,51,952,89,11137,7,454,94,"Knox County",470313,204.969881759594,0.11099388056552,339.986349516173,29.7674102140489,202.418389455533,11.099388056552
2020-10-17,12035,128,11529,125,506,3,12920,154,150394,1458,163314,1612,1,86,42,901,85,11048,3,447,93,"Knox County",470313,195.614409978036,0.110341795801736,342.750466178906,27.2159179099876,191.574547163272,11.0341795801736
2020-10-16,11907,72,11404,71,503,1,12766,61,148936,390,161702,451,1,85,-26,859,97,10963,3,444,92,"Knox County",470313,177.116090773591,0.109718638653397,95.893585760972,15.308953824368,182.644324099057,10.9718638653397
2020-10-15,11835,74,11333,62,502,12,12705,66,148546,941,161251,1007,1,84,-56,885,129,10866,3,441,90,"Knox County",470313,154.152660037039,0.10719131614654,214.112729182481,15.7342025417116,188.172557424524,10.719131614654
2020-10-14,11761,149,11271,143,490,6,12639,150,147605,1086,160244,1236,0,83,57,941,92,10737,5,438,88,"Knox County",470313,170.524735654766,0.11031847133758,262.803707318318,31.6810294420949,200.079521510143,11.031847133758
2020-10-13,11612,71,11128,68,484,3,12489,63,146519,581,159008,644,1,83,-36,884,106,10645,6,433,88,"Knox County",470313,158.617771569146,0.102432610124918,136.930086984625,15.0963294656962,187.959933065852,10.2432610124918
2020-10-12,11541,79,11060,66,481,13,12426,87,145938,806,158364,893,0,82,-42,920,121,10539,5,427,87,"Knox County",470313,151.601167732978,0.100644987906477,189.873552293898,16.7973243350705,195.614409978036,10.0644987906477
2020-10-11,11462,170,10994,163,468,7,12339,179,145132,1612,157471,1791,0,82,94,962,76,10418,8,422,85,"Knox County",470313,157.979898493131,0.0995546240503013,380.810226381155,36.1461409742023,204.544633042251,9.95546240503013
2020-10-10,11292,130,10831,122,461,8,12160,132,143520,1393,155680,1525,0,82,46,868,84,10342,3,414,85,"Knox County",470313,158.405147210475,0.0977872002120048,324.252146974462,27.6411666273312,184.557943327103,9.77872002120048
2020-10-09,11162,120,10709,118,453,2,12028,134,142127,1336,154155,1470,0,82,34,822,86,10258,3,411,85,"Knox County",470313,168.61111642672,0.0946766285314032,312.557807247514,25.5149230406134,174.777222828202,9.46766285314032
2020-10-08,11042,110,10591,102,451,8,11894,103,140791,943,152685,1046,1,82,32,788,77,10172,4,408,85,"Knox County",470313,176.265593338904,0.0985473561882626,222.40507917068,23.3886794538956,167.547994633361,9.85473561882626
2020-10-07,10932,104,10489,88,443,16,11791,95,139848,1650,151639,1745,0,81,11,756,93,10095,5,404,85,"Knox County",470313,166.697497198674,0.087008997147246,371.029505882253,22.1129333018649,160.744015155864,8.7008997147246
2020-10-06,10828,115,10401,102,427,13,11696,114,138198,1393,149894,1507,0,81,3,745,112,10002,4,399,84,"Knox County",470313,176.052968980232,0.0845945675052621,320.42490851837,24.4518012472545,158.405147210475,8.45945675052621
2020-10-05,10713,118,10299,109,414,9,11582,123,136805,1238,148387,1361,0,81,11,742,107,9890,5,395,84,"Knox County",470313,184.345318968432,0.0842508377213978,289.38175215229,25.0896743232698,157.767274134459,8.42508377213978
2020-10-04,10595,96,10190,89,405,7,11459,99,135567,1827,147026,1926,1,81,31,731,64,9783,2,390,82,"Knox County",470313,168.61111642672,0.0756143667296786,409.514514801845,20.4119384324907,155.42840618907,7.56143667296786
2020-10-03,10499,77,10101,76,398,1,11360,92,133740,1864,145100,1956,0,80,6,700,71,9719,2,388,82,"Knox County",470313,157.342025417116,0.0690218872037054,415.893245561998,16.3720756177269,148.837051070245,6.90218872037054
2020-10-02,10422,82,10025,79,397,3,11268,82,131876,602,143144,684,0,80,-17,694,99,9648,1,386,82,"Knox County",470313,149.262299787588,0.0692420537897311,145.435061331496,17.4351974110858,147.561304918214,6.92420537897311
2020-10-01,10340,71,9946,68,394,3,11186,73,131274,683,142460,756,0,80,2,711,69,9549,1,385,82,"Knox County",470313,140.969949799389,0.0682435832913941,160.744015155864,15.0963294656962,151.175919015634,6.82435832913941
2020-09-30,10269,75,9878,72,391,3,11113,70,130591,675,141704,745,1,80,-32,709,106,9480,2,384,82,"Knox County",470313,134.803843397907,0.0730833799664242,158.405147210475,15.9468269003834,150.750670298291,7.30833799664242
2020-09-29,10194,80,9806,75,388,5,11043,87,129916,1140,140959,1227,-1,79,-16,741,97,9374,2,382,82,"Knox County",470313,127.361990844395,0.0723281340265742,260.890088090272,17.0099486937423,157.554649775788,7.23281340265742
2020-09-28,10114,57,9731,51,383,6,10956,49,128776,431,139732,480,1,80,-70,757,126,9277,3,380,81,"Knox County",470313,114.391904965417,0.0710059171597633,102.059692162454,12.1195884442914,160.956639514536,7.10059171597633
2020-09-27,10057,72,9680,67,377,5,10907,79,128345,978,139252,1057,0,79,-18,827,90,9151,3,377,79,"Knox County",470313,109.288920357294,0.0770456191165822,224.74394711607,15.308953824368,175.840344621561,7.70456191165822
2020-09-26,9985,127,9613,122,372,5,10828,136,127367,2087,138195,2223,4,79,9,845,114,9061,5,374,79,"Knox County",470313,119.920138290883,0.0803123257110987,472.663949327363,27.0032935513158,179.667583077653,8.03123257110987
2020-09-25,9858,102,9491,100,367,2,10692,103,125280,1439,135972,1542,0,75,-3,836,105,8947,1,369,79,"Knox County",470313,124.172625464318,0.074346201743462,327.866761071882,21.6876845845214,177.753963849607,7.4346201743462
2020-09-24,9756,92,9391,89,365,3,10589,105,123841,1717,134430,1822,0,75,-52,839,144,8842,3,368,76,"Knox County",470313,128.637736996426,0.0691512752858399,387.40158149998,19.5614409978036,178.391836925622,6.91512752858399
2020-09-23,9664,53,9302,52,362,1,10484,49,122124,432,132608,481,2,75,-123,891,174,8698,2,365,76,"Knox County",470313,123.960001105647,0.0688405797101449,102.272316521125,11.2690910096042,189.448303576554,6.88405797101449
2020-09-22,9611,82,9250,75,361,7,10435,88,121692,1140,132127,1228,1,73,-53,1014,134,8524,3,363,76,"Knox County",470313,124.38524982299,0.0689459979621873,261.102712448944,17.4351974110858,215.601099693183,6.89459979621873
2020-09-21,9529,34,9175,30,354,4,10347,32,120552,379,130899,411,0,72,-103,1067,137,8390,2,360,76,"Knox County",470313,119.494889573539,0.0675490643541762,87.3886114141008,7.22922819484046,226.870190702787,6.75490643541762
2020-09-20,9495,97,9145,78,350,19,10315,88,120173,707,130488,795,0,72,-17,1170,114,8253,1,358,76,"Knox County",470313,124.810498540334,0.0706892495883322,169.036365144064,20.6245627911625,248.77049964598,7.06892495883322
2020-09-19,9398,132,9067,129,331,3,10227,136,119466,1466,129693,1602,1,72,31,1187,100,8139,5,357,74,"Knox County",470313,125.873620333693,0.0762593579494988,340.624222592189,28.0664153446747,252.385113743401,7.62593579494988
2020-09-18,9266,118,8938,114,328,4,10091,129,118000,1606,128091,1735,3,71,-16,1156,131,8039,3,352,74,"Knox County",470313,129.275610072441,0.0776566757493188,368.903262295535,25.0896743232698,245.793758624576,7.76566757493188
2020-09-17,9148,126,8824,119,324,7,9962,124,116394,1516,126356,1640,0,68,-15,1172,141,7908,6,349,74,"Knox County",470313,136.504838267282,0.0818550430816016,348.703948221716,26.790669192644,249.195748363324,8.18550430816016
2020-09-16,9022,99,8705,77,317,22,9838,117,114878,768,124716,885,1,68,-90,1187,188,7767,3,343,72,"Knox County",470313,146.285558766183,0.0860655737704918,188.172557424524,21.049811508506,252.385113743401,8.60655737704918
2020-09-15,8923,132,8628,126,295,6,9721,136,114110,1338,123831,1474,0,67,-65,1277,197,7579,3,340,71,"Knox County",470313,156.916776699772,0.089206274877078,313.408304682201,28.0664153446747,271.521306023861,8.9206274877078
2020-09-14,8791,127,8502,124,289,3,9585,136,112772,902,122357,1038,0,67,-68,1342,195,7382,5,337,71,"Knox County",470313,176.690842056248,0.0944486857890719,220.704084301306,27.0032935513158,285.341889337526,9.44486857890719
2020-09-13,8664,143,8378,136,286,7,9449,148,111870,1008,121319,1156,0,67,-8,1410,151,7187,0,332,71,"Knox County",470313,186.471562555149,0.0971668415529906,245.793758624576,30.4052832900643,299.800345727207,9.71668415529906
2020-09-12,8521,130,8242,123,279,7,9301,141,110862,1177,120163,1318,1,67,29,1418,100,7036,1,332,71,"Knox County",470313,186.046313837806,0.100692191217824,280.238904729404,27.6411666273312,301.501340596581,10.0692191217824
2020-09-11,8391,104,8119,95,272,9,9160,106,109685,773,118845,879,0,66,-17,1389,121,6936,5,331,69,"Knox County",470313,183.069572816401,0.108224076281287,186.896811272493,22.1129333018649,295.3352341951,10.8224076281287
2020-09-10,8287,192,8024,189,263,3,9054,192,108912,1501,117966,1693,0,66,89,1406,103,6815,5,326,67,"Knox County",470313,197.102780488738,0.115598720833827,359.97303923132,40.8238768649814,298.94984829252,11.5598720833827
2020-09-09,8095,91,7835,82,260,9,8862,93,107411,1710,116273,1803,0,66,-23,1317,114,6712,2,321,67,"Knox County",470313,195.401785619364,0.101698536481145,383.361718685216,19.3488166391318,280.026280370732,10.1698536481145
2020-09-08,8004,126,7753,124,251,2,8769,133,105701,702,114470,835,1,66,30,1340,95,6598,8,319,67,"Knox County",470313,194.126039467333,0.108805319880761,177.541339490935,26.790669192644,284.916640620183,10.8805319880761
2020-09-07,7878,95,7629,92,249,3,8636,98,104999,347,113635,445,1,65,11,1310,83,6503,0,311,67,"Knox County",470313,187.322059989837,0.112067905031369,94.6178396089413,20.1993140738189,278.537909860029,11.2067905031369
2020-09-06,7783,96,7537,92,246,4,8538,94,104652,476,113190,570,0,64,23,1299,73,6420,1,311,67,"Knox County",470313,177.328715132263,0.113615272438022,121.195884442914,20.4119384324907,276.19904191464,11.3615272438022
2020-09-05,7687,284,7445,282,242,2,8444,295,104176,1506,112620,1801,0,64,215,1276,69,6347,4,310,64,"Knox County",470313,210.072866367717,0.125965611761774,382.936469967872,60.385317862785,271.308681665189,12.5965611761774
2020-09-04,7403,93,7163,89,240,4,8149,97,102670,565,110819,662,1,64,16,1061,76,6278,0,306,64,"Knox County",470313,207.733998422327,0.12831348444103,140.757325440717,19.7740653564754,225.594444550757,12.831348444103
2020-09-03,7310,190,7074,184,236,6,8052,198,102105,1798,110157,1996,2,63,107,1045,81,6202,6,306,64,"Knox County",470313,207.308749704984,0.124260355029586,424.398219908869,40.3986281476379,222.192454812008,12.4260355029586
2020-09-02,7120,124,6890,120,230,4,7854,121,100307,1461,108161,1582,2,61,41,938,81,6121,5,300,63,"Knox County",470313,214.325353541152,0.131288810036751,336.371735418753,26.3654204753005,199.441648434128,13.1288810036751
2020-09-01,6996,153,6770,146,226,7,7733,158,98846,660,106579,818,2,59,64,897,87,6040,4,295,62,"Knox County",470313,220.06621122529,0.134747269494539,173.926725393515,32.5315268767821,190.724049728585,13.4747269494539
2020-08-31,6843,99,6624,93,219,6,7575,94,98186,431,105761,525,0,57,18,833,81,5953,3,291,59,"Knox County",470313,220.916708659978,0.132889112396279,111.627788302684,21.049811508506,177.116090773591,13.2889112396279
2020-08-30,6744,72,6531,71,213,1,7481,76,97755,423,105236,499,1,57,5,815,66,5872,1,288,59,"Knox County",470313,215.813724051855,0.131802613218318,106.099554977217,15.308953824368,173.288852317499,13.1802613218318
2020-08-29,6672,118,6460,113,212,5,7405,125,97332,1391,104737,1516,5,56,37,810,76,5806,3,287,57,"Knox County",470313,180.51808051234,0.114372203211371,322.338527746416,25.0896743232698,172.22573052414,11.4372203211371
2020-08-28,6554,89,6347,85,207,4,7280,91,95941,309,103221,400,0,51,-7,773,96,5730,3,284,57,"Knox County",470313,179.667583077653,0.117639040348964,85.0497434687113,18.9235679217883,164.358629253285,11.7639040348964
2020-08-27,6465,116,6262,112,203,4,7189,134,95632,1987,102821,2121,0,51,24,780,92,5634,2,281,57,"Knox County",470313,163.933380535941,0.107090202385739,450.976264742841,24.6644256059263,165.846999763987,10.7090202385739
2020-08-26,6349,77,6150,76,199,1,7055,86,93645,794,100700,880,0,51,-15,756,92,5542,3,279,56,"Knox County",470313,153.940035678367,0.113034472555112,187.109435631165,16.3720756177269,160.744015155864,11.3034472555112
2020-08-25,6272,87,6074,82,198,5,6969,96,92851,896,99820,992,2,51,-6,771,91,5450,3,276,55,"Knox County",470313,139.90682800603,0.101254868022501,210.923363802404,18.4983192044447,163.933380535941,10.1254868022501
2020-08-24,6185,32,5992,28,193,4,6873,29,91955,261,98828,290,0,49,-66,777,98,5359,1,273,55,"Knox County",470313,125.660995975021,0.0951030158256196,61.6610640148157,6.8039794774969,165.209126687972,9.51030158256196
2020-08-23,6153,76,5964,75,189,1,6844,74,91694,566,98538,640,0,49,13,843,63,5261,3,272,55,"Knox County",470313,126.511493409708,0.0928498318467612,136.079589549938,16.1594512590551,179.242334360309,9.28498318467612
2020-08-22,6077,136,5889,135,188,1,6770,153,91128,1892,97898,2045,0,49,69,830,67,5198,4,269,55,"Knox County",470313,130.3387318658,0.0899837133550489,434.816813483786,28.9169127793618,176.478217697576,8.99837133550489
2020-08-21,5941,30,5754,30,187,0,6617,41,89236,262,95853,303,1,49,-62,761,91,5131,1,265,55,"Knox County",470313,117.793894704165,0.0843075230367212,64.4251806775488,6.37873076015334,161.807136949223,8.43075230367212
2020-08-20,5911,119,5724,117,187,2,6576,130,88974,2068,95550,2198,3,48,24,823,92,5040,3,264,55,"Knox County",470313,118.43176778018,0.0828796951551443,467.348340360568,25.3022986819416,174.989847186873,8.28796951551443
2020-08-19,5792,46,5607,41,185,5,6446,48,86906,608,93352,656,2,45,-50,799,94,4948,4,261,55,"Knox County",470313,111.840412661355,0.0801516002245929,139.481579288686,9.7807204989018,169.886862578751,8.01516002245929
2020-08-18,5746,134,5566,132,180,2,6398,152,86298,1164,92696,1316,0,43,3,849,131,4854,4,257,55,"Knox County",470313,121.833757518929,0.0841836734693878,279.81365601206,28.4916640620183,180.51808051234,8.41836734693877
2020-08-17,5612,50,5434,42,178,8,6246,50,85134,289,91380,339,1,43,-70,846,119,4723,0,253,54,"Knox County",470313,125.660995975021,0.0864345738295318,72.0796575897328,10.6312179335889,179.880207436324,8.64345738295318
2020-08-16,5562,83,5392,78,170,5,6196,82,84845,587,91041,669,0,42,11,916,72,4604,1,253,53,"Knox County",470313,127.149366485723,0.0871644964124369,142.24569595142,17.6478217697576,194.763912543349,8.71644964124369
2020-08-15,5479,119,5314,116,165,3,6114,132,84258,1223,90372,1355,1,42,42,905,76,4532,2,252,52,"Knox County",470313,123.534752388303,0.0928905792861322,288.106006000259,25.3022986819416,192.425044597959,9.28905792861323
2020-08-14,5360,91,5198,83,162,8,5982,96,83035,1024,89017,1120,0,41,5,863,86,4456,2,250,52,"Knox County",470313,136.504838267282,0.0901607212857703,238.139281712392,19.3488166391318,183.494821533745,9.01607212857703
2020-08-13,5269,127,5115,126,154,1,5886,229,82011,1778,87897,2007,1,41,13,858,113,4370,4,248,51,"Knox County",470313,138.205833136656,0.105735727686947,426.737087854259,27.0032935513158,182.431699740386,10.5735727686947
2020-08-12,5142,79,4989,72,153,7,5657,88,80233,892,85890,980,0,40,-40,845,119,4257,1,244,50,"Knox County",470313,145.222436972824,0.106473156948369,208.371871498343,16.7973243350705,179.667583077653,10.6473156948369
2020-08-11,5063,111,4917,108,146,3,5569,117,79341,1121,84910,1238,0,40,2,885,109,4138,5,243,50,"Knox County",470313,140.332076723374,0.103009859885833,263.228956035661,23.6013038125674,188.172557424524,10.3009859885833
2020-08-10,4952,37,4809,35,143,2,5452,35,78220,365,83672,400,1,40,-94,883,130,4029,0,238,48,"Knox County",470313,137.56796006064,0.100270305058566,85.0497434687113,7.86710127085579,187.74730870718,10.0270305058566
2020-08-09,4915,85,4774,81,141,4,5417,109,77855,826,83272,935,1,39,25,977,59,3899,4,238,48,"Knox County",470313,137.993208777984,0.10031113876789,198.803775358113,18.0730704871011,207.733998422327,10.031113876789
2020-08-08,4830,157,4693,156,137,1,5308,176,77029,2284,82337,2460,1,38,96,952,60,3840,4,234,47,"Knox County",470313,146.072934407512,0.0929978118161926,523.055922332574,33.3820243114692,202.418389455533,9.29978118161926
2020-08-07,4673,50,4537,46,136,4,5132,44,74745,403,79877,447,0,37,-34,856,84,3780,0,230,45,"Knox County",470313,137.355335701969,0.0942482579426007,95.0430883262848,10.6312179335889,182.006451023042,9.42482579426007
2020-08-06,4623,113,4491,105,132,8,5088,121,74342,1463,79430,1584,-1,37,41,890,73,3696,5,230,43,"Knox County",470313,134.378594680564,0.0857782197911487,336.796984136097,24.0265525299109,189.235679217883,8.57782197911487
2020-08-05,4510,99,4386,99,124,0,4967,100,72879,1107,77846,1207,1,38,-1,849,99,3623,3,225,42,"Knox County",470313,138.631081853999,0.0848748639825898,256.637600916836,21.049811508506,180.51808051234,8.48748639825898
2020-08-04,4411,112,4287,111,124,1,4867,106,71772,1082,76639,1188,1,37,-31,850,142,3524,9,222,41,"Knox County",470313,138.843706212671,0.0840530349105948,252.597738102072,23.8139281712392,180.730704871011,8.40530349105948
2020-08-03,4299,50,4176,50,123,0,4761,81,70690,593,75451,674,2,36,-59,881,107,3382,1,213,41,"Knox County",470313,141.607822875404,0.0867569158328429,143.308817744778,10.6312179335889,187.322059989837,8.67569158328429
2020-08-02,4249,97,4126,91,123,6,4680,95,70097,692,74777,787,3,34,29,940,65,3275,2,212,40,"Knox County",470313,144.159315179466,0.0866179465676291,167.335370274689,20.6245627911625,199.866897151471,8.66179465676291
2020-08-01,4152,118,4035,110,117,8,4585,118,69405,1417,73990,1535,1,31,29,911,88,3210,1,210,40,"Knox County",470313,135.866965191266,0.0895984909727836,326.37839056118,25.0896743232698,193.70079074999,8.95984909727836
2020-07-31,4034,117,3925,114,109,3,4467,116,67988,1060,72455,1176,2,30,9,882,106,3122,1,209,39,"Knox County",470313,150.112797222275,0.0904183535762483,250.046245798011,24.877049964598,187.534684348508,9.04183535762483
2020-07-30,3917,189,3811,186,106,3,4351,227,66928,2420,71279,2647,1,28,78,873,110,3016,7,208,36,"Knox County",470313,166.272248481331,0.0914912090297374,562.816677404197,40.1860037889661,185.621065120462,9.14912090297373
2020-07-29,3728,75,3625,71,103,4,4124,60,64508,438,68632,498,0,27,-40,795,115,2906,3,201,34,"Knox County",470313,161.169263873208,0.0944150499706055,105.886930618546,15.9468269003834,169.036365144064,9.44150499706055
2020-07-28,3653,154,3554,152,99,2,4064,186,64070,1211,68134,1397,1,27,46,835,107,2791,3,198,30,"Knox County",470313,170.099486937423,0.101331191186596,297.036229064474,32.7441512354538,177.541339490935,10.1331191186596
2020-07-27,3499,83,3402,76,97,7,3878,85,62859,677,66737,762,3,26,-36,789,116,2684,2,195,30,"Knox County",470313,177.116090773591,0.100772551692797,162.019761307895,17.6478217697576,167.760618992033,10.0772551692797
2020-07-26,3416,118,3326,113,90,5,3793,132,62182,1473,65975,1605,0,23,49,825,69,2568,2,193,29,"Knox County",470313,181.581202305699,0.0960498960498961,341.262095668204,25.0896743232698,175.415095904217,9.6049896049896
2020-07-25,3298,175,3213,172,85,3,3661,197,60709,1949,64370,2146,2,23,95,776,78,2499,3,191,28,"Knox County",470313,193.70079074999,0.0980353826605415,456.291873709636,37.2092627675612,164.9965023293,9.80353826605415
2020-07-24,3123,106,3041,99,82,7,3464,113,58760,916,62224,1029,0,21,-15,681,121,2421,4,188,25,"Knox County",470313,191.3619228046,0.0991669972233241,218.79046507326,22.5381820192085,144.797188255481,9.91669972233241
2020-07-23,3017,205,2942,197,75,8,3351,254,57844,2389,61195,2643,0,21,89,696,116,2300,4,184,25,"Knox County",470313,194.763912543349,0.101884920634921,561.96617996951,43.5879935277145,147.986553635558,10.1884920634921
2020-07-22,2812,69,2745,61,67,8,3097,63,55455,437,58552,500,3,21,-68,607,134,2184,3,180,24,"Knox County",470313,193.488166391318,0.102162269390994,106.312179335889,14.6710807483527,129.062985713769,10.2162269390994
2020-07-21,2743,232,2684,228,59,4,3034,280,55018,1691,58052,1971,0,18,120,675,112,2050,12,177,24,"Knox County",470313,210.072866367717,0.10548048048048,419.082610942075,49.3288512118525,143.52144210345,10.548048048048
2020-07-20,2511,74,2456,70,55,4,2754,57,53327,364,56081,421,0,18,-59,555,133,1938,4,165,23,"Knox County",470313,208.159247139671,0.106253029568589,89.5148550008186,15.7342025417116,118.006519062837,10.6253029568589
2020-07-19,2437,84,2386,74,51,10,2697,74,52963,577,55660,651,0,18,-16,614,100,1805,0,161,22,"Knox County",470313,200.93001894483,0.110885589146459,138.418457495328,17.8604461284294,130.551356224472,11.0885589146459
2020-07-18,2353,112,2312,109,41,3,2623,146,52386,2258,55009,2404,1,18,36,630,75,1705,8,161,20,"Knox County",470313,187.534684348508,0.102609418858509,511.148958246955,23.8139281712392,133.95334596322,10.2609418858509
2020-07-17,2241,74,2203,74,38,0,2477,80,50128,347,52605,427,0,17,3,594,71,1630,6,153,19,"Knox County",470313,180.730704871011,0.105800155262282,90.7906011528493,15.7342025417116,126.298869051036,10.5800155262282
2020-07-16,2167,187,2129,185,38,2,2397,228,49781,2035,52178,2263,2,17,97,591,88,1559,3,147,17,"Knox County",470313,176.903466414919,0.107444714599977,481.168923674234,39.7607550716225,125.660995975021,10.7444714599977
2020-07-15,1980,78,1944,78,36,0,2169,80,47746,511,49915,591,3,15,-14,494,89,1471,4,144,17,"Knox County",470313,178.817085642965,0.10827222731439,125.660995975021,16.5846999763987,105.036433183858,10.827222731439
2020-07-14,1902,95,1866,95,36,0,2089,127,47235,777,49324,904,2,12,12,508,81,1382,1,140,16,"Knox County",470313,149.687548504932,0.103380759691946,192.212420239287,20.1993140738189,108.013174205263,10.3380759691946
2020-07-13,1807,94,1771,92,36,2,1962,59,46458,655,48420,714,1,10,20,496,73,1301,2,139,15,"Knox County",470313,153.940035678367,0.099823987930601,151.81379209165,19.9866897151471,105.461681901202,9.9823987930601
2020-07-12,1713,69,1679,67,34,2,1903,87,45803,916,47706,1003,0,9,27,476,42,1228,4,137,12,"Knox County",470313,150.750670298291,0.097158680471948,213.262231747793,14.6710807483527,101.209194727766,9.7158680471948
2020-07-11,1644,28,1612,27,32,1,1816,36,44887,883,46703,919,0,9,-16,449,44,1186,2,133,11,"Knox County",470313,132.890224169861,0.10218443043542,195.401785619364,5.95348204280979,95.4683370436284,10.218443043542
2020-07-10,1616,78,1585,74,31,4,1780,68,44004,418,45784,486,0,9,29,465,49,1142,6,131,10,"Knox County",470313,133.740721604548,0.0995639534883721,103.335438314484,16.5846999763987,98.8703267823768,9.95639534883721
2020-07-09,1538,70,1511,66,27,4,1712,88,43586,1652,45298,1740,0,9,23,436,47,1093,8,125,10,"Knox County",470313,108.86367163995,0.0857322636463741,369.966384088894,14.8837051070245,92.7042203808953,8.57322636463741
2020-07-08,1468,70,1445,65,23,5,1624,63,41934,594,43558,657,1,9,15,413,54,1046,5,117,10,"Knox County",470313,107.162676770576,0.0822045773003269,139.694203647358,14.8837051070245,87.8138601314444,8.2204577300327
2020-07-07,1398,79,1380,79,18,0,1561,104,41340,1304,42901,1408,0,8,38,398,41,992,7,112,10,"Knox County",470313,103.760687031828,0.0729031326692652,299.375097009864,16.7973243350705,84.6244947513677,7.29031326692652
2020-07-06,1319,35,1301,35,18,0,1457,34,40036,658,41493,692,1,8,-19,360,53,951,6,105,9,"Knox County",470313,91.2158498701928,0.0695148443157133,147.13605620087,7.44185255351224,76.5447691218401,6.95148443157133
2020-07-05,1284,77,1266,77,18,0,1423,109,39378,1080,40801,1189,2,7,34,379,41,898,6,99,9,"Knox County",470313,92.9168447395671,0.0707939641799464,252.810362460744,16.3720756177269,80.5846319366039,7.07939641799464
2020-07-04,1207,41,1189,40,18,1,1314,50,38298,1141,39612,1191,0,5,4,345,37,857,1,93,8,"Knox County",470313,95.6809614023002,0.0700801303816379,253.235611178088,8.7175987055429,73.3554037417635,7.00801303816379
2020-07-03,1166,62,1149,61,17,1,1264,49,37157,910,38421,959,0,5,27,341,35,820,4,92,6,"Knox County",470313,92.2789716635517,0.0634252169474222,203.906759966235,13.1827102376502,72.5049063070764,6.34252169474222
2020-07-02,1104,68,1088,68,16,0,1215,102,36247,1228,37462,1330,0,5,33,314,35,785,2,88,6,"Knox County",470313,91.8537229462082,0.0688122811742526,282.790397033465,14.4584563896809,66.7640486229383,6.88122811742526
2020-07-01,1036,49,1020,49,16,0,1113,34,35019,737,36132,771,0,5,25,281,24,750,4,86,6,"Knox County",470313,87.3886114141008,0.0639257294429708,163.933380535941,10.4185935749171,59.7474447867697,6.39257294429708
2020-06-30,987,40,971,39,16,1,1079,73,34282,1514,35361,1587,0,5,18,256,22,726,3,82,5,"Knox County",470313,79.0962614259015,0.0584272574167638,337.434857212112,8.50497434687113,54.4318358199752,5.84272574167638
2020-06-29,947,51,932,51,15,0,1006,79,32768,1333,33774,1412,0,5,20,238,31,704,3,79,5,"Knox County",470313,82.4982511646499,0.0587747363431686,300.225594444551,10.8438422922607,50.6045973638832,5.87747363431686
2020-06-28,896,10,881,10,15,0,927,30,31435,684,32362,714,0,5,-5,218,15,673,1,76,5,"Knox County",470313,68.2524191336408,0.0523606228026118,151.81379209165,2.12624358671778,46.3521101904476,5.23606228026117
2020-06-27,886,29,871,29,15,0,897,16,30751,111,31648,127,0,5,18,223,11,658,3,75,5,"Knox County",470313,65.7009268295794,0.0555072463768116,27.0032935513158,6.16610640148157,47.4152319838065,5.55072463768116
2020-06-26,857,37,842,37,15,0,881,14,30640,319,31521,333,0,5,17,205,20,647,8,72,5,"Knox County",470313,60.385317862785,0.0554670066942939,70.8039114377021,7.86710127085579,43.5879935277145,5.54670066942939
2020-06-25,820,32,805,32,15,0,867,52,30321,702,31188,754,0,5,13,188,19,627,1,64,5,"Knox County",470313,52.730840950601,0.0522990522990523,160.318766438521,6.8039794774969,39.9733794302943,5.22990522990523
2020-06-24,788,35,773,34,15,1,815,32,29619,272,30434,304,0,5,22,175,13,608,1,63,5,"Knox County",470313,49.7540999291961,0.0565857388644619,64.6378050362206,7.44185255351224,37.2092627675612,5.65857388644619
2020-06-23,753,27,739,24,14,3,783,25,29347,216,30130,241,0,5,18,153,9,595,4,62,5,"Knox County",470313,46.989983266463,0.0638352638352638,51.2424704398985,5.74085768413801,32.5315268767821,6.38352638352638
2020-06-22,726,36,715,36,11,0,758,31,29131,572,29889,603,0,5,20,135,16,586,0,58,5,"Knox County",470313,43.8006178863863,0.0650195058517555,128.212488279082,7.65447691218401,28.7042884206901,6.50195058517555
2020-06-21,690,31,679,31,11,0,727,37,28559,815,29286,852,0,5,16,115,15,570,1,58,5,"Knox County",470313,48.2657294184936,0.0644057249533292,181.155953588355,6.59135511882512,24.4518012472545,6.44057249533292
2020-06-20,659,17,648,17,11,0,690,9,27744,437,28434,446,0,5,11,99,6,555,2,57,5,"Knox County",470313,45.7142371144323,0.0566091140673648,94.8304639676131,3.61461409742023,21.049811508506,5.66091140673648
2020-06-19,642,30,631,28,11,2,681,10,27307,334,27988,344,0,5,8,88,22,549,1,55,5,"Knox County",470313,44.2258666037299,0.0553047404063205,73.1427793830917,6.37873076015334,18.7109435631165,5.53047404063205
2020-06-18,612,15,603,15,9,0,671,18,26973,804,27644,822,0,5,2,80,13,527,0,54,5,"Knox County",470313,40.6112525063096,0.0448504983388704,174.777222828202,3.18936538007667,17.0099486937423,4.48504983388704
2020-06-17,597,17,588,17,9,0,653,13,26169,282,26822,295,0,5,-3,78,20,514,0,54,5,"Knox County",470313,36.7840140502176,0.0396891479322787,62.7241858081746,3.61461409742023,16.5846999763987,3.96891479322787
2020-06-16,580,9,571,8,9,1,640,9,25887,178,26527,187,0,5,-2,81,11,494,0,54,5,"Knox County",470313,32.9567755941256,0.0357847280924204,39.7607550716225,1.913619228046,17.222573052414,3.57847280924204
2020-06-15,571,8,563,8,8,0,631,9,25709,218,26340,227,0,5,-5,83,13,483,0,54,5,"Knox County",470313,27.0032935513158,0.0330917113142137,48.2657294184936,1.70099486937423,17.6478217697576,3.30917113142137
2020-06-14,563,8,555,8,8,0,622,9,25491,624,26113,633,0,5,4,88,4,470,0,54,5,"Knox County",470313,22.1129333018649,0.0260663507109005,134.591219039236,1.70099486937423,18.7109435631165,2.60663507109005
2020-06-13,555,10,547,8,8,2,613,9,24867,213,25480,222,0,5,0,84,10,466,3,54,5,"Knox County",470313,20.6245627911625,0.0282051282051282,47.2026076251348,2.12624358671778,17.8604461284294,2.82051282051282
2020-06-12,545,19,539,19,6,0,604,19,24654,750,25258,769,0,5,1,84,18,456,0,51,5,"Knox County",470313,18.2856948457729,0.0272583201267829,163.508131818597,4.03986281476378,17.8604461284294,2.72583201267829
2020-06-11,526,7,520,7,6,0,585,10,23904,379,24489,389,0,5,1,83,6,438,2,51,5,"Knox County",470313,16.5846999763987,0.0286554004408523,82.7108755233217,1.48837051070245,17.6478217697576,2.86554004408523
2020-06-10,519,12,513,12,6,0,575,12,23525,706,24100,718,0,5,-6,82,18,432,0,49,5,"Knox County",470313,15.5215781830398,0.024483306836248,152.664289526337,2.55149230406134,17.4351974110858,2.4483306836248
2020-06-09,507,16,501,16,6,0,563,19,22819,508,23382,527,0,5,5,88,11,414,1,49,5,"Knox County",470313,17.0099486937423,0.0249641319942611,112.053037020027,3.40198973874845,18.7109435631165,2.49641319942611
2020-06-08,491,8,485,8,6,0,544,8,22311,336,22855,344,0,5,4,83,4,403,1,48,5,"Knox County",470313,17.0099486937423,0.0238756246529706,73.1427793830917,1.70099486937423,17.6478217697576,2.38756246529706
2020-06-07,483,7,477,7,6,0,536,8,21975,848,22511,856,0,5,0,79,7,399,1,47,5,"Knox County",470313,16.7973243350705,0.0222222222222222,182.006451023042,1.48837051070245,16.7973243350705,2.22222222222222
2020-06-06,476,11,470,11,6,0,528,12,21127,478,21655,490,0,5,5,79,6,392,0,46,5,"Knox County",470313,17.0099486937423,0.021500122159785,104.185935749171,2.33886794538956,16.7973243350705,2.1500122159785
2020-06-05,465,18,459,18,6,0,516,17,20649,518,21165,535,0,5,7,74,11,386,1,46,5,"Knox County",470313,16.7973243350705,0.0222855662088624,113.754031889401,3.82723845609201,15.7342025417116,2.22855662088624
2020-06-04,447,4,441,4,6,0,499,4,20131,338,20630,342,0,5,-1,67,5,375,0,45,5,"Knox County",470313,16.1594512590551,0.0209863588667366,72.7175306657481,0.850497434687113,14.2458320310091,2.09863588667366
2020-06-03,443,4,437,4,6,0,495,4,19793,399,20288,403,0,5,-3,68,7,370,0,45,5,"Knox County",470313,14.4584563896809,0.0205890763511581,85.6876165447266,0.850497434687113,14.4584563896809,2.05890763511581
2020-06-02,439,26,433,25,6,1,491,24,19394,939,19885,963,0,5,21,71,5,363,2,45,5,"Knox County",470313,16.5846999763987,0.0195779303330791,204.757257400922,5.52823332546623,15.0963294656962,1.95779303330791
2020-06-01,413,17,408,17,5,0,467,20,18455,972,18922,992,0,5,4,50,13,358,0,43,5,"Knox County",470313,18.4983192044447,0.0194280724732591,210.923363802404,3.61461409742023,10.6312179335889,1.94280724732591
2020-05-31,396,7,391,7,5,0,447,7,17483,317,17930,324,0,5,3,46,4,345,0,43,5,"Knox County",470313,18.4983192044447,0.0217337614225735,68.8902922096561,1.48837051070245,9.7807204989018,2.17337614225735
2020-05-30,389,6,384,6,5,0,440,6,17166,294,17606,300,0,5,-1,43,7,341,2,43,5,"Knox County",470313,17.4351974110858,0.0212490282456595,63.7873076015334,1.27574615203067,9.14284742288646,2.12490282456595
2020-05-29,383,8,378,8,5,0,434,7,16872,205,17306,212,0,5,0,44,8,334,0,41,5,"Knox County",470313,15.308953824368,0.0203619909502262,45.076364038417,1.70099486937423,9.35547178155824,2.03619909502262
2020-05-28,375,11,370,11,5,0,427,11,16667,336,17094,347,0,5,7,44,4,326,0,41,5,"Knox County",470313,16.7973243350705,0.022310081897769,73.780652459107,2.33886794538956,9.35547178155824,2.2310081897769
2020-05-27,364,5,359,5,5,0,416,6,16331,420,16747,426,0,5,0,37,5,322,1,41,5,"Knox County",470313,17.0099486937423,0.0227272727272727,90.5779767941775,1.06312179335889,7.86710127085579,2.27272727272727
2020-05-26,359,9,354,9,5,0,410,10,15911,1142,16321,1152,0,5,7,37,2,317,0,40,5,"Knox County",470313,13.395334596322,0.0178523847588596,244.943261189888,1.913619228046,7.86710127085579,1.78523847588596
2020-05-25,350,9,345,9,5,0,400,11,14769,381,15169,392,0,5,5,30,4,315,1,40,5,"Knox County",470313,11.6943397269478,0.018395179194418,83.348748599337,1.913619228046,6.37873076015334,1.8395179194418
2020-05-24,341,2,336,2,5,0,389,3,14388,273,14777,276,0,5,1,25,1,311,0,39,5,"Knox County",470313,10.6312179335889,0.0173913043478261,58.6843229934108,0.425248717343556,5.31560896679445,1.73913043478261
2020-05-23,339,7,334,7,5,0,386,10,14115,360,14501,370,0,5,4,24,3,310,2,39,5,"Knox County",470313,10.8438422922607,0.0182677165354331,78.6710127085579,1.48837051070245,5.10298460812268,1.82677165354331
2020-05-22,332,1,327,1,5,0,376,1,13755,253,14131,254,0,5,-14,20,15,307,0,37,5,"Knox County",470313,9.35547178155824,0.0161641280696301,54.0065871026317,0.212624358671778,4.25248717343556,1.61641280696301
2020-05-21,331,0,326,0,5,0,375,0,13502,250,13877,250,0,5,-1,34,1,292,0,37,5,"Knox County",470313,7.01660383616868,0.0131410256410256,53.1560896679445,0,7.22922819484046,1.31410256410256
2020-05-20,331,7,326,7,5,0,375,7,13252,360,13627,367,0,5,4,35,3,291,0,37,5,"Knox County",470313,7.44185255351224,0.0137210062071219,78.0331396325426,1.48837051070245,7.44185255351224,1.37210062071219
2020-05-19,324,7,319,7,5,0,368,7,12892,369,13260,376,0,5,4,31,3,288,2,37,5,"Knox County",470313,7.01660383616868,0.0170678336980306,79.9467588605886,1.48837051070245,6.59135511882512,1.70678336980306
2020-05-18,317,3,312,3,5,0,361,4,12523,478,12884,482,0,5,0,27,3,285,0,35,5,"Knox County",470313,5.74085768413801,0.0134736842105263,102.484940879797,0.637873076015334,5.74085768413801,1.34736842105263
2020-05-17,314,3,309,3,5,0,357,5,12045,216,12402,221,0,5,1,27,2,282,1,35,5,"Knox County",470313,5.95348204280979,0.0146551724137931,46.989983266463,0.637873076015334,5.74085768413801,1.46551724137931
2020-05-16,311,0,306,0,5,0,352,0,11829,349,12181,349,0,5,-4,26,4,280,0,34,5,"Knox County",470313,4.46511153210734,0.0104393214441061,74.2059011764506,0,5.52823332546623,1.04393214441061
2020-05-15,311,1,306,1,5,0,352,4,11480,540,11832,544,0,5,-4,30,5,276,0,34,5,"Knox County",470313,4.46511153210734,0.0104287369640788,115.667651117447,0.212624358671778,6.37873076015334,1.04287369640788
2020-05-14,310,3,305,3,5,0,348,7,10940,458,11288,465,0,5,0,34,3,271,0,34,5,"Knox County",470313,5.10298460812268,0.0121255349500713,98.8703267823768,0.637873076015334,7.22922819484046,1.21255349500713
2020-05-13,307,7,302,7,5,0,341,5,10482,341,10823,346,0,5,1,34,6,268,0,34,5,"Knox County",470313,5.10298460812268,0.011498383039885,73.5680281004352,1.48837051070245,7.22922819484046,1.1498383039885
2020-05-12,300,6,295,6,5,0,336,8,10141,401,10477,409,0,5,3,33,3,262,0,34,5,"Knox County",470313,4.8903602494509,0.01171875,86.9633626967573,1.27574615203067,7.01660383616868,1.171875
2020-05-11,294,16,289,16,5,0,328,12,9740,254,10068,266,0,5,9,30,7,259,1,34,5,"Knox County",470313,7.65447691218401,0.0157692307692308,56.558079406693,3.40198973874845,6.37873076015334,1.57692307692308
2020-05-10,278,5,273,5,5,0,316,5,9486,221,9802,226,0,5,1,21,4,252,1,33,5,"Knox County",470313,8.07972562952757,0.0157389635316699,48.0531050598219,1.06312179335889,4.46511153210734,1.57389635316699
2020-05-09,273,2,268,2,5,0,311,4,9265,352,9576,356,0,5,-1,20,3,248,0,32,5,"Knox County",470313,8.50497434687113,0.0172281776416539,75.694271687153,0.425248717343556,4.25248717343556,1.72281776416539
2020-05-08,271,3,266,3,5,0,307,4,8913,265,9220,269,0,5,-2,21,5,245,0,32,5,"Knox County",470313,8.93022306421468,0.0192554557124519,57.1959524827083,0.637873076015334,4.46511153210734,1.92554557124519
2020-05-07,268,3,263,3,5,0,303,3,8648,220,8951,223,0,5,-2,23,5,240,0,32,5,"Knox County",470313,8.93022306421468,0.0195704057279236,47.4152319838065,0.637873076015334,4.8903602494509,1.95704057279236
2020-05-06,265,1,260,1,5,0,300,1,8428,185,8728,186,0,5,-7,25,8,235,0,32,5,"Knox County",470313,7.65447691218401,0.0191214470284238,39.5481307129507,0.212624358671778,5.31560896679445,1.91214470284238
2020-05-05,264,4,259,4,5,0,299,5,8243,305,8542,310,0,5,-1,32,5,227,0,32,5,"Knox County",470313,7.22922819484046,0.0185185185185185,65.9135511882512,0.850497434687113,6.8039794774969,1.85185185185185
2020-05-04,260,4,255,4,5,0,294,7,7938,259,8232,266,0,5,-3,33,7,222,0,32,5,"Knox County",470313,4.67773589077912,0.0157952069716776,56.558079406693,0.850497434687113,7.01660383616868,1.57952069716776
2020-05-03,256,7,251,5,5,2,287,6,7679,290,7966,296,0,5,6,36,1,215,2,32,5,"Knox County",470313,5.10298460812268,0.0157397691500525,62.9368101668463,1.48837051070245,7.65447691218401,1.57397691500525
2020-05-02,249,3,246,3,3,0,281,5,7389,308,7670,313,0,5,1,30,2,214,1,30,5,"Knox County",470313,5.31560896679445,0.0166398282340311,66.5514242642666,0.637873076015334,6.37873076015334,1.66398282340311
2020-05-01,246,9,243,8,3,1,276,7,7081,354,7357,361,0,5,4,29,5,212,0,29,5,"Knox County",470313,6.59135511882512,0.0173913043478261,76.7573934805119,1.913619228046,6.16610640148157,1.73913043478261
2020-04-30,237,4,235,4,2,0,269,3,6727,119,6996,122,0,5,-1,25,5,207,0,29,5,"Knox County",470313,6.8039794774969,0.0183387270765912,25.9401717579569,0.850497434687113,5.31560896679445,1.83387270765912
2020-04-29,233,8,231,8,2,0,266,10,6608,671,6874,681,0,5,5,26,3,202,0,29,5,"Knox County",470313,8.29234998819935,0.0183056619838229,144.797188255481,1.70099486937423,5.52823332546623,1.83056619838229
2020-04-28,225,8,223,8,2,0,256,10,5937,391,6193,401,1,5,4,21,3,199,0,29,5,"Knox County",470313,9.14284742288646,0.019672131147541,85.262367827383,1.70099486937423,4.46511153210734,1.9672131147541
2020-04-27,217,2,215,2,2,0,246,4,5546,161,5792,165,0,4,1,17,1,196,0,29,5,"Knox County",470313,8.7175987055429,0.0192389910218042,35.0830191808434,0.425248717343556,3.61461409742023,1.92389910218042
2020-04-26,215,1,213,1,2,0,242,1,5385,172,5627,173,0,4,-2,16,3,195,0,29,4,"Knox County",470313,7.44185255351224,0.0180505415162455,36.7840140502176,0.212624358671778,3.40198973874845,1.80505415162455
2020-04-25,214,0,212,0,2,0,241,0,5213,53,5454,53,0,4,-6,18,6,192,0,29,4,"Knox County",470313,6.8039794774969,0.0178936605316973,11.2690910096042,0,3.82723845609201,1.78936605316973
2020-04-24,214,8,212,8,2,0,241,10,5160,836,5401,846,0,4,5,24,3,186,1,29,4,"Knox County",470313,6.59135511882512,0.0155673904137649,179.880207436324,1.70099486937423,5.10298460812268,1.55673904137648
2020-04-23,206,1,204,1,2,0,231,2,4324,137,4555,139,0,4,0,19,1,183,0,28,4,"Knox County",470313,5.95348204280979,0.0150528885272579,29.5547858553772,0.212624358671778,4.03986281476378,1.50528885272579
2020-04-22,205,5,203,3,2,2,229,2,4187,189,4416,191,0,4,1,19,4,182,0,28,4,"Knox County",470313,5.31560896679445,0.0147357723577236,40.6112525063096,1.06312179335889,4.03986281476378,1.47357723577236
2020-04-21,200,4,200,4,0,0,227,5,3998,475,4225,480,0,4,-2,18,6,178,1,28,4,"Knox County",470313,4.46511153210734,0.0117244748412311,102.059692162454,0.850497434687113,3.82723845609201,1.17244748412311
2020-04-20,196,3,196,3,0,0,222,2,3523,175,3745,177,0,4,-1,20,4,172,1,27,4,"Knox County",470313,4.67773589077912,0.0106847984458475,37.6345114849047,0.637873076015334,4.25248717343556,1.06847984458475
2020-04-19,193,0,193,0,0,0,220,0,3348,72,3568,72,0,4,-4,21,4,168,0,26,4,"Knox County",470313,4.46511153210734,0.0107252298263534,15.308953824368,0,4.46511153210734,1.07252298263534
2020-04-18,193,0,193,0,0,0,220,1,3276,135,3496,136,0,4,-5,25,5,164,0,26,4,"Knox County",470313,4.46511153210734,0.0107790298873101,28.9169127793618,0,5.31560896679445,1.07790298873101
2020-04-17,193,2,193,2,0,0,219,3,3141,104,3360,107,0,4,-2,30,4,159,1,26,4,"Knox County",470313,3.18936538007667,0.0115207373271889,22.7508063778803,0.425248717343556,6.37873076015334,1.15207373271889
2020-04-16,191,7,191,7,0,0,216,9,3037,213,3253,222,0,4,2,32,5,155,2,25,4,"Knox County",470313,4.46511153210734,0.015884476534296,47.2026076251348,1.48837051070245,6.8039794774969,1.5884476534296
2020-04-15,184,9,184,9,0,0,207,10,2824,84,3031,94,0,4,3,30,6,150,1,23,4,"Knox County",470313,5.31560896679445,0.0232919254658385,19.9866897151471,1.913619228046,6.37873076015334,2.32919254658385
2020-04-14,175,4,175,4,0,0,197,4,2740,102,2937,106,0,4,1,27,3,144,1,22,4,"Knox County",470313,5.31560896679445,0.0317286652078775,22.5381820192085,0.850497434687113,5.74085768413801,3.17286652078775
2020-04-13,171,4,171,4,0,0,193,9,2638,242,2831,251,0,4,-2,26,6,141,1,21,4,"Knox County",470313,5.52823332546623,0.0364372469635627,53.3687140266163,0.850497434687113,5.52823332546623,3.64372469635628
2020-04-12,167,5,167,5,0,0,184,6,2396,166,2580,172,0,4,1,28,4,135,0,20,4,"Knox County",470313,6.59135511882512,0.0386029411764706,36.5713896915458,1.06312179335889,5.95348204280979,3.86029411764706
2020-04-11,162,5,162,5,0,0,178,8,2230,313,2408,321,1,4,-4,27,8,131,1,20,4,"Knox County",470313,7.65447691218401,0.0384917517674784,68.2524191336408,1.06312179335889,5.74085768413801,3.84917517674784
2020-04-10,157,4,157,4,0,0,170,5,1917,123,2087,128,0,3,0,31,4,123,0,19,4,"Knox County",470313,8.07972562952757,0.0394126738794436,27.2159179099876,0.850497434687113,6.59135511882512,3.94126738794436
2020-04-09,153,1,153,1,0,0,165,1,1794,81,1959,82,0,3,-2,31,3,119,0,19,4,"Knox County",470313,6.8039794774969,0.037261698440208,17.4351974110858,0.212624358671778,6.59135511882512,3.7261698440208
2020-04-08,152,8,152,8,0,0,164,12,1713,111,1877,123,0,3,-3,33,11,116,1,19,4,"Knox County",470313,6.59135511882512,0.0380388841927303,26.1527961166287,1.70099486937423,7.01660383616868,3.80388841927303
2020-04-07,144,20,144,20,0,0,152,25,1602,366,1754,391,0,3,11,36,9,105,2,18,3,"Knox County",470313,9.99334485757357,0.0449591280653951,83.1361242406653,4.25248717343556,7.65447691218401,4.49591280653951
2020-04-06,124,8,124,8,0,0,127,14,1236,54,1363,68,2,3,-2,25,8,96,1,16,3,"Knox County",470313,10.8438422922607,0.0552529182879377,14.4584563896809,1.70099486937423,5.31560896679445,5.52529182879377
2020-04-05,116,4,116,4,0,0,113,10,1182,75,1295,85,0,1,-2,27,6,88,0,15,3,"Knox County",470313,10.6312179335889,0.0626043405676127,18.0730704871011,0.850497434687113,5.74085768413801,6.26043405676127
2020-04-04,112,15,112,15,0,0,103,6,1107,127,1210,133,0,1,4,29,11,82,1,15,2,"Knox County",470313,12.7574615203067,0.0722772277227723,28.2790397033465,3.18936538007667,6.16610640148157,7.22772277227723
2020-04-03,97,4,97,4,0,0,97,3,980,51,1077,54,0,1,-8,25,12,71,1,14,1,"Knox County",470313,12.7574615203067,0.0758547008547008,11.481715368276,0.850497434687113,5.31560896679445,7.58547008547009
2020-04-02,93,7,93,7,0,0,94,7,929,106,1023,113,0,1,NA,33,8,59,0,13,1,"Knox County",470313,14.0332076723374,0.0796277145811789,24.0265525299109,1.48837051070245,7.01660383616868,7.96277145811789
2020-04-01,86,15,86,15,0,0,87,15,823,140,910,155,NA,NA,NA,NA,7,51,1,13,1,"Knox County",470313,15.5215781830398,0.0800800800800801,32.9567755941256,3.18936538007667,NA,8.00800800800801
2020-03-31,71,8,71,8,0,0,72,11,683,58,755,69,NA,NA,NA,NA,12,44,1,12,1,"Knox County",470313,12.9700858789785,0.0974889217134417,14.6710807483527,1.70099486937423,NA,9.74889217134417
2020-03-30,63,13,63,13,0,0,61,15,625,130,686,145,NA,NA,NA,NA,9,32,2,11,1,"Knox County",470313,14.0332076723374,0.0888594164456233,30.8305320074078,2.76411666273312,NA,8.88594164456233
2020-03-29,50,8,50,8,0,0,46,8,495,55,541,63,NA,NA,NA,NA,6,23,1,9,1,"Knox County",470313,14.8837051070245,0.0887978142076503,13.395334596322,1.70099486937423,NA,8.87978142076503
2020-03-28,42,7,42,7,0,0,38,6,440,62,478,68,NA,NA,NA,NA,1,17,1,8,0,"Knox County",470313,13.1827102376502,0.0974512743628186,14.4584563896809,1.48837051070245,NA,9.74512743628186
2020-03-27,35,2,35,2,0,0,32,2,378,54,410,56,NA,NA,NA,NA,5,16,1,7,0,"Knox County",470313,12.7574615203067,0.0956651718983558,11.9069640856196,0.425248717343556,NA,9.56651718983558
2020-03-26,33,7,33,7,0,0,30,7,324,82,354,89,NA,NA,NA,NA,3,11,2,6,0,"Knox County",470313,12.7574615203067,0.0992248062015504,18.9235679217883,1.48837051070245,NA,9.92248062015504
2020-03-25,26,6,26,6,0,0,23,7,242,68,265,75,NA,NA,NA,NA,3,8,1,4,0,"Knox County",470313,10.8438422922607,0.0991150442477876,15.9468269003834,1.27574615203067,NA,9.91150442477876
2020-03-24,20,7,20,7,0,0,16,7,174,43,190,50,NA,NA,NA,NA,2,5,0,3,0,"Knox County",470313,10.6312179335889,0.0952380952380952,10.6312179335889,1.48837051070245,NA,9.52380952380952
2020-03-23,13,4,13,4,0,0,9,4,131,22,140,26,NA,NA,NA,NA,3,3,2,3,0,"Knox County",470313,8.7175987055429,0.0960187353629977,5.52823332546623,0.850497434687113,NA,9.60187353629976
2020-03-22,9,2,9,2,0,0,5,0,109,9,114,9,NA,NA,NA,NA,0,0,1,1,0,"Knox County",470313,7.44185255351224,0.0884718498659517,1.913619228046,0.425248717343556,NA,8.84718498659517
2020-03-21,7,1,7,1,0,0,5,2,100,17,105,19,NA,NA,NA,NA,0,0,0,0,0,"Knox County",470313,6.16610640148157,0.0895061728395062,4.03986281476378,0.212624358671778,NA,8.95061728395062
2020-03-20,6,5,6,5,0,0,3,2,83,38,86,40,NA,NA,NA,NA,0,0,0,0,0,"Knox County",470313,6.8039794774969,0.0941558441558442,8.50497434687113,1.06312179335889,NA,9.41558441558442
2020-03-19,1,0,1,0,0,0,1,0,45,11,46,11,NA,NA,NA,NA,0,0,0,0,0,"Knox County",470313,5.31560896679445,0.0956521739130435,2.33886794538956,0,NA,9.56521739130435
2020-03-18,1,0,1,0,0,0,1,0,34,15,35,15,NA,NA,NA,NA,0,0,0,0,0,"Knox County",470313,4.03986281476378,0.0882352941176471,3.18936538007667,0,NA,8.82352941176471
2020-03-17,1,0,1,0,0,0,1,0,19,5,20,5,NA,NA,NA,NA,0,0,0,0,0,"Knox County",470313,2.55149230406134,0.064,1.06312179335889,0,NA,6.4
2020-03-16,1,1,1,1,0,0,1,1,14,3,15,4,NA,NA,NA,NA,0,0,0,0,0,"Knox County",470313,1.913619228046,0.0485436893203883,0.850497434687113,0.212624358671778,NA,4.85436893203883
2020-03-15,0,0,0,0,0,0,0,0,11,1,11,1,NA,NA,NA,NA,0,0,0,0,0,"Knox County",470313,1.48837051070245,0.0526315789473684,0.212624358671778,0,NA,5.26315789473684
2020-03-14,0,0,0,0,0,0,0,0,10,8,10,8,NA,NA,NA,NA,0,0,0,0,0,"Knox County",470313,1.27574615203067,0.0357142857142857,1.70099486937423,0,NA,3.57142857142857
2020-03-13,0,0,0,0,0,0,0,0,2,0,2,0,NA,NA,NA,NA,0,0,0,0,0,"Knox County",470313,0.212624358671778,0.0227272727272727,0,0,NA,2.27272727272727
2020-03-12,0,0,0,0,0,0,0,0,2,2,2,2,NA,NA,NA,NA,0,0,0,0,0,"Knox County",470313,0.212624358671778,0.0285714285714286,0.425248717343556,0,NA,2.85714285714286
2020-03-12,0,0,0,0,0,0,0,0,0,0,0,0,NA,NA,NA,NA,0,0,0,0,0,"Anderson",76978,NA,NA,0,0,NA,NA
2020-03-13,0,0,0,0,0,0,0,0,1,1,1,1,NA,NA,NA,NA,0,0,0,0,0,"Anderson",76978,NA,NA,1.29907246226194,0,NA,NA
2020-03-14,0,0,0,0,0,0,0,0,1,0,1,0,NA,NA,NA,NA,0,0,0,0,0,"Anderson",76978,NA,NA,0,0,NA,NA
2020-03-15,0,0,0,0,0,0,0,0,1,0,1,0,NA,NA,NA,NA,0,0,0,0,0,"Anderson",76978,NA,NA,0,0,NA,NA
2020-03-16,0,0,0,0,0,0,0,0,2,1,2,1,NA,NA,NA,NA,0,0,0,0,0,"Anderson",76978,NA,NA,1.29907246226194,0,NA,NA
2020-03-17,0,0,0,0,0,0,0,0,4,2,4,2,NA,NA,NA,NA,0,0,0,0,0,"Anderson",76978,NA,NA,2.59814492452389,0,NA,NA
2020-03-18,0,0,0,0,0,0,0,0,4,0,4,0,NA,NA,NA,NA,0,0,0,0,0,"Anderson",76978,0,0,0,0,NA,0
2020-03-19,1,1,1,1,0,0,2,2,5,1,7,3,NA,NA,NA,NA,0,0,0,0,0,"Anderson",76978,1.29907246226194,0.285714285714286,3.89721738678583,1.29907246226194,NA,28.5714285714286
2020-03-20,1,0,1,0,0,0,2,0,7,2,9,2,NA,NA,NA,NA,0,0,0,0,0,"Anderson",76978,1.29907246226194,0.25,2.59814492452389,0,NA,25
2020-03-21,1,0,1,0,0,0,2,0,7,0,9,0,NA,NA,NA,NA,0,0,0,0,0,"Anderson",76978,1.29907246226194,0.25,0,0,NA,25
2020-03-22,1,0,1,0,0,0,2,0,10,3,12,3,NA,NA,NA,NA,0,0,0,0,0,"Anderson",76978,1.29907246226194,0.181818181818182,3.89721738678583,0,NA,18.1818181818182
2020-03-23,1,0,1,0,0,0,2,0,15,5,17,5,NA,NA,NA,NA,0,0,0,0,0,"Anderson",76978,1.29907246226194,0.133333333333333,6.49536231130973,0,NA,13.3333333333333
2020-03-24,1,0,1,0,0,0,2,0,20,5,22,5,NA,NA,NA,NA,0,0,0,0,0,"Anderson",76978,1.29907246226194,0.111111111111111,6.49536231130973,0,NA,11.1111111111111
2020-03-25,2,1,2,1,0,0,4,2,29,9,33,11,NA,NA,NA,NA,1,1,0,0,0,"Anderson",76978,2.59814492452389,0.137931034482759,14.2897970848814,1.29907246226194,NA,13.7931034482759
2020-03-26,3,1,3,1,0,0,5,1,44,15,49,16,NA,NA,NA,NA,0,1,1,1,0,"Anderson",76978,2.59814492452389,0.0714285714285714,20.7851593961911,1.29907246226194,NA,7.14285714285714
2020-03-27,4,1,4,1,0,0,6,1,53,9,59,10,NA,NA,NA,NA,3,4,0,1,0,"Anderson",76978,3.89721738678583,0.08,12.9907246226195,1.29907246226194,NA,8
2020-03-28,7,3,7,3,0,0,9,3,72,19,81,22,NA,NA,NA,NA,0,4,1,2,0,"Anderson",76978,7.79443477357167,0.0972222222222222,28.5795941697628,3.89721738678583,NA,9.72222222222222
2020-03-29,7,0,7,0,0,0,9,0,83,11,92,11,NA,NA,NA,NA,0,4,0,2,0,"Anderson",76978,7.79443477357167,0.0875,14.2897970848814,0,NA,8.75
2020-03-30,8,1,8,1,0,0,10,1,127,44,137,45,NA,NA,NA,NA,1,5,0,2,0,"Anderson",76978,9.09350723583361,0.0666666666666667,58.4582608017875,1.29907246226194,NA,6.66666666666667
2020-03-31,9,1,9,1,0,0,11,1,142,15,153,16,NA,NA,NA,NA,1,6,0,2,0,"Anderson",76978,10.3925796980956,0.0687022900763359,20.7851593961911,1.29907246226194,NA,6.87022900763359
2020-04-01,9,0,9,0,0,0,11,0,163,21,174,21,NA,NA,NA,NA,0,6,0,2,0,"Anderson",76978,9.09350723583361,0.049645390070922,27.2805217075008,0,NA,4.9645390070922
2020-04-02,9,0,9,0,0,0,11,0,179,16,190,16,0,0,NA,3,0,6,0,2,0,"Anderson",76978,7.79443477357167,0.0425531914893617,20.7851593961911,0,3.89721738678583,4.25531914893617
2020-04-03,9,0,9,0,0,0,11,0,192,13,203,13,0,0,-2,1,2,8,0,2,0,"Anderson",76978,6.49536231130972,0.0347222222222222,16.8879420094053,0,1.29907246226194,3.47222222222222
2020-04-04,9,0,9,0,0,0,11,0,219,27,230,27,0,0,0,1,0,8,0,2,0,"Anderson",76978,2.59814492452389,0.0134228187919463,35.0749564810725,0,1.29907246226194,1.34228187919463
2020-04-05,9,0,9,0,0,0,11,0,248,29,259,29,0,0,0,1,0,8,0,2,0,"Anderson",76978,2.59814492452389,0.0119760479041916,37.6731014055964,0,1.29907246226194,1.19760479041916
2020-04-06,9,0,9,0,0,0,11,0,262,14,273,14,0,0,-1,0,1,9,0,2,0,"Anderson",76978,1.29907246226194,0.00735294117647059,18.1870144716672,0,0,0.735294117647059
2020-04-07,10,1,10,1,0,0,12,1,304,42,316,43,0,0,1,1,0,9,0,2,0,"Anderson",76978,1.29907246226194,0.00613496932515337,55.8601158772636,1.29907246226194,1.29907246226194,0.613496932515337
2020-04-08,10,0,10,0,0,0,12,0,322,18,334,18,1,1,-1,0,0,9,0,2,1,"Anderson",76978,1.29907246226194,0.00625,23.383304320715,0,0,0.625
2020-04-09,10,0,10,0,0,0,12,0,350,28,362,28,0,1,0,0,0,9,0,2,1,"Anderson",76978,1.29907246226194,0.00581395348837209,36.3740289433345,0,0,0.581395348837209
2020-04-10,10,0,10,0,0,0,12,0,366,16,378,16,0,1,0,0,0,9,0,2,1,"Anderson",76978,1.29907246226194,0.00571428571428571,20.7851593961911,0,0,0.571428571428571
2020-04-11,10,0,10,0,0,0,12,0,439,73,451,73,0,1,0,0,0,9,0,2,1,"Anderson",76978,1.29907246226194,0.00452488687782805,94.832289745122,0,0,0.452488687782805
2020-04-12,12,2,12,2,0,0,14,2,477,38,491,40,0,1,2,2,0,9,0,2,1,"Anderson",76978,3.89721738678583,0.0129310344827586,51.9628984904778,2.59814492452389,2.59814492452389,1.29310344827586
2020-04-13,13,1,13,1,0,0,15,1,514,37,529,38,0,1,0,2,1,10,0,2,1,"Anderson",76978,5.19628984904778,0.015625,49.3647535659539,1.29907246226194,2.59814492452389,1.5625
2020-04-14,13,0,13,0,0,0,15,0,526,12,541,12,0,1,0,2,0,10,0,2,1,"Anderson",76978,3.89721738678583,0.0133333333333333,15.5888695471433,0,2.59814492452389,1.33333333333333
2020-04-15,13,0,13,0,0,0,15,0,544,18,559,18,0,1,-2,0,2,12,0,2,1,"Anderson",76978,3.89721738678583,0.0133333333333333,23.383304320715,0,0,1.33333333333333
2020-04-16,13,0,13,0,0,0,15,0,566,22,581,22,0,1,0,0,0,12,0,2,1,"Anderson",76978,3.89721738678583,0.0136986301369863,28.5795941697628,0,0,1.36986301369863
2020-04-17,13,0,13,0,0,0,15,0,586,20,601,20,0,1,0,0,0,12,0,2,1,"Anderson",76978,3.89721738678583,0.0134529147982063,25.9814492452389,0,0,1.34529147982063
2020-04-18,13,0,13,0,0,0,15,0,616,30,631,30,0,1,0,0,0,12,0,2,1,"Anderson",76978,3.89721738678583,0.0166666666666667,38.9721738678584,0,0,1.66666666666667
2020-04-19,14,1,14,1,0,0,16,1,628,12,644,13,0,1,0,0,1,13,0,2,1,"Anderson",76978,2.59814492452389,0.0130718954248366,16.8879420094053,1.29907246226194,0,1.30718954248366
2020-04-20,19,5,18,4,1,1,19,3,648,20,667,23,0,1,5,5,0,13,0,2,1,"Anderson",76978,7.79443477357167,0.0289855072463768,29.8786666320247,6.49536231130973,6.49536231130973,2.89855072463768
2020-04-21,20,1,19,1,1,0,22,3,1071,423,1093,426,0,1,1,6,0,13,0,2,1,"Anderson",76978,9.09350723583361,0.0126811594202899,553.404868923589,1.29907246226194,7.79443477357167,1.26811594202899
2020-04-22,21,1,20,1,1,0,24,2,1141,70,1165,72,0,1,0,6,1,14,0,2,1,"Anderson",76978,10.3925796980956,0.0148514851485149,93.53321728286,1.29907246226194,7.79443477357167,1.48514851485149
2020-04-23,21,0,20,0,1,0,24,0,1191,50,1215,50,0,1,-1,5,1,15,0,2,1,"Anderson",76978,10.3925796980956,0.0141955835962145,64.9536231130973,0,6.49536231130973,1.41955835962145
2020-04-24,22,1,21,1,1,0,25,1,1299,108,1324,109,0,1,1,6,0,15,0,2,1,"Anderson",76978,11.6916521603575,0.0138312586445367,141.598898386552,1.29907246226194,7.79443477357167,1.38312586445367
2020-04-25,22,0,21,0,1,0,25,0,1336,37,1361,37,0,1,0,6,0,15,0,2,1,"Anderson",76978,11.6916521603575,0.0136986301369863,48.065681103692,0,7.79443477357167,1.36986301369863
2020-04-26,22,0,21,0,1,0,25,0,1372,36,1397,36,0,1,0,6,0,15,0,2,1,"Anderson",76978,10.3925796980956,0.0119521912350598,46.76660864143,0,7.79443477357167,1.19521912350598
2020-04-27,22,0,21,0,1,0,25,0,1411,39,1436,39,0,1,-1,5,1,16,0,2,1,"Anderson",76978,3.89721738678583,0.00780234070221066,50.6638260282159,0,6.49536231130973,0.780234070221066
2020-04-28,22,0,21,0,1,0,25,0,1690,279,1715,279,0,1,0,5,0,16,0,2,1,"Anderson",76978,2.59814492452389,0.00482315112540193,362.441216971083,0,6.49536231130973,0.482315112540193
2020-04-29,26,4,25,4,1,0,28,3,2070,380,2098,383,0,1,4,9,0,16,0,2,1,"Anderson",76978,6.49536231130972,0.00428724544480171,497.544753046325,5.19628984904778,11.6916521603575,0.428724544480171
2020-04-30,26,0,25,0,1,0,29,1,2102,32,2131,33,0,1,-1,8,1,17,0,2,1,"Anderson",76978,6.49536231130972,0.00545851528384279,42.8693912546442,0,10.3925796980956,0.545851528384279
2020-05-01,26,0,25,0,1,0,29,0,2154,52,2183,52,0,1,-2,6,2,19,0,2,1,"Anderson",76978,5.19628984904778,0.00465657741559953,67.5517680376211,0,7.79443477357167,0.465657741559953
2020-05-02,26,0,25,0,1,0,29,0,2221,67,2250,67,0,1,0,6,0,19,0,2,1,"Anderson",76978,5.19628984904778,0.00449943757030371,87.0378549715503,0,7.79443477357167,0.449943757030371
2020-05-03,27,1,26,1,1,0,30,1,2314,93,2344,94,0,1,1,7,0,19,0,2,1,"Anderson",76978,6.49536231130972,0.00527983104540655,122.112811452623,1.29907246226194,9.09350723583361,0.527983104540655
2020-05-04,27,0,26,0,1,0,30,0,2406,92,2436,92,0,1,-1,6,1,20,0,2,1,"Anderson",76978,6.49536231130972,0.005,119.514666528099,0,7.79443477357167,0.5
2020-05-05,28,1,27,1,1,0,30,0,2475,69,2505,69,0,1,-1,5,2,22,0,2,1,"Anderson",76978,7.79443477357167,0.00632911392405063,89.6359998960742,1.29907246226194,6.49536231130973,0.632911392405063
2020-05-06,30,2,29,2,1,0,31,1,2525,50,2556,51,0,1,2,7,0,22,0,2,1,"Anderson",76978,5.19628984904778,0.00655021834061135,66.2526955753592,2.59814492452389,9.09350723583361,0.655021834061135
2020-05-07,30,0,29,0,1,0,33,2,2597,72,2630,74,0,1,-1,6,1,23,0,2,1,"Anderson",76978,5.19628984904778,0.00801603206412826,96.1313622073839,0,7.79443477357167,0.801603206412826
2020-05-08,30,0,29,0,1,0,33,0,2652,55,2685,55,0,1,0,6,0,23,0,2,1,"Anderson",76978,5.19628984904778,0.00796812749003984,71.448985424407,0,7.79443477357167,0.796812749003984
2020-05-09,30,0,29,0,1,0,33,0,2734,82,2767,82,0,1,0,6,0,23,0,2,1,"Anderson",76978,5.19628984904778,0.00773694390715667,106.523941905479,0,7.79443477357167,0.773694390715667
2020-05-10,30,0,29,0,1,0,33,0,2827,93,2860,93,0,1,-3,3,3,26,0,2,1,"Anderson",76978,3.89721738678583,0.00581395348837209,120.813738990361,0,3.89721738678583,0.581395348837209
2020-05-11,32,2,31,2,1,0,33,0,2909,82,2942,82,0,1,2,5,0,26,0,2,1,"Anderson",76978,6.49536231130972,0.00592885375494071,106.523941905479,2.59814492452389,6.49536231130973,0.592885375494071
2020-05-12,33,1,32,1,1,0,35,2,3042,133,3077,135,0,1,1,6,0,26,0,2,1,"Anderson",76978,6.49536231130972,0.00874125874125874,175.374782405363,1.29907246226194,7.79443477357167,0.874125874125874
2020-05-13,35,2,34,2,1,0,38,3,3220,178,3258,181,0,1,1,7,1,27,1,3,1,"Anderson",76978,6.49536231130972,0.00997150997150997,235.132115669412,2.59814492452389,9.09350723583361,0.997150997150997
2020-05-14,35,0,34,0,1,0,39,1,3346,126,3385,127,0,1,-1,6,1,28,0,3,1,"Anderson",76978,6.49536231130972,0.00794701986754967,164.982202707267,0,7.79443477357167,0.794701986754967
2020-05-15,36,1,35,1,1,0,39,0,3417,71,3456,71,0,1,1,7,0,28,0,3,1,"Anderson",76978,7.79443477357167,0.00778210116731518,92.2341448205981,1.29907246226194,9.09350723583361,0.778210116731518
2020-05-16,36,0,35,0,1,0,41,2,3657,240,3698,242,0,1,-1,6,1,29,0,3,1,"Anderson",76978,7.79443477357167,0.00859291084854995,314.375535867391,0,7.79443477357167,0.859291084854995
2020-05-17,36,0,35,0,1,0,41,0,3727,70,3768,70,0,1,0,6,0,29,0,3,1,"Anderson",76978,7.79443477357167,0.00881057268722467,90.9350723583361,0,7.79443477357167,0.881057268722467
2020-05-18,37,1,36,1,1,0,42,1,3804,77,3846,78,0,1,-2,4,3,32,0,3,1,"Anderson",76978,6.49536231130972,0.00995575221238938,101.327652056432,1.29907246226194,5.19628984904778,0.995575221238938
2020-05-19,37,0,36,0,1,0,42,0,3856,52,3898,52,0,1,0,4,0,32,0,3,1,"Anderson",76978,5.19628984904778,0.00852618757612668,67.5517680376211,0,5.19628984904778,0.852618757612667
2020-05-20,37,0,36,0,1,0,43,1,3921,65,3964,66,0,1,0,4,0,32,0,3,1,"Anderson",76978,2.59814492452389,0.00708215297450425,85.7387825092884,0,5.19628984904778,0.708215297450425
2020-05-21,37,0,36,0,1,0,44,1,4001,80,4045,81,0,1,-1,3,1,33,0,3,1,"Anderson",76978,2.59814492452389,0.00757575757575758,105.224869443218,0,3.89721738678583,0.757575757575758
2020-05-22,38,1,37,1,1,0,45,1,4029,28,4074,29,0,1,-1,2,2,35,1,4,1,"Anderson",76978,2.59814492452389,0.00970873786407767,37.6731014055964,1.29907246226194,2.59814492452389,0.970873786407767
2020-05-23,38,0,37,0,1,0,46,1,4192,163,4238,164,0,1,0,2,0,35,0,4,1,"Anderson",76978,2.59814492452389,0.00925925925925926,213.047883810959,0,2.59814492452389,0.925925925925926
2020-05-24,38,0,37,0,1,0,46,0,4247,55,4293,55,0,1,0,2,0,35,0,4,1,"Anderson",76978,2.59814492452389,0.00952380952380952,71.448985424407,0,2.59814492452389,0.952380952380952
2020-05-25,38,0,37,0,1,0,47,1,4281,34,4328,35,0,1,0,2,0,35,0,4,1,"Anderson",76978,1.29907246226194,0.0103734439834025,45.4675361791681,0,2.59814492452389,1.03734439834025
2020-05-26,38,0,37,0,1,0,47,0,4412,131,4459,131,0,1,-1,1,1,36,0,4,1,"Anderson",76978,1.29907246226194,0.0089126559714795,170.178492556315,0,1.29907246226194,0.89126559714795
2020-05-27,38,0,37,0,1,0,47,0,4515,103,4562,103,0,1,0,1,0,36,0,4,1,"Anderson",76978,1.29907246226194,0.00668896321070234,133.80446361298,0,1.29907246226194,0.668896321070234
2020-05-28,38,0,37,0,1,0,47,0,4563,48,4610,48,0,1,0,1,0,36,0,4,1,"Anderson",76978,1.29907246226194,0.00530973451327434,62.3554781885734,0,1.29907246226194,0.530973451327434
2020-05-29,39,1,38,1,1,0,47,0,4613,50,4660,50,0,1,0,1,1,37,0,4,1,"Anderson",76978,1.29907246226194,0.00341296928327645,64.9536231130973,1.29907246226194,1.29907246226194,0.341296928327645
2020-05-30,39,0,38,0,1,0,48,1,4665,52,4713,53,0,1,0,1,0,37,0,4,1,"Anderson",76978,1.29907246226194,0.00421052631578947,68.8508404998831,0,1.29907246226194,0.421052631578947
2020-05-31,40,1,39,1,1,0,49,1,4731,66,4780,67,0,1,1,2,0,37,0,4,1,"Anderson",76978,2.59814492452389,0.00616016427104723,87.0378549715503,1.29907246226194,2.59814492452389,0.616016427104723
2020-06-01,40,0,39,0,1,0,49,0,4855,124,4904,124,0,1,0,2,0,37,0,4,1,"Anderson",76978,2.59814492452389,0.00347222222222222,161.084985320481,0,2.59814492452389,0.347222222222222
2020-06-02,40,0,39,0,1,0,49,0,4982,127,5031,127,0,1,0,2,0,37,0,4,1,"Anderson",76978,2.59814492452389,0.0034965034965035,164.982202707267,0,2.59814492452389,0.34965034965035
2020-06-03,41,1,40,1,1,0,50,1,5042,60,5092,61,0,1,1,3,0,37,0,4,2,"Anderson",76978,3.89721738678583,0.00566037735849057,79.2434201979787,1.29907246226194,3.89721738678583,0.566037735849057
2020-06-04,41,0,40,0,1,0,50,0,5090,48,5140,48,1,2,-2,1,1,38,0,4,2,"Anderson",76978,3.89721738678583,0.00566037735849057,62.3554781885734,0,1.29907246226194,0.566037735849057
2020-06-05,42,1,41,1,1,0,53,3,5147,57,5200,60,0,2,1,2,0,38,0,4,2,"Anderson",76978,3.89721738678583,0.0111111111111111,77.9443477357167,1.29907246226194,2.59814492452389,1.11111111111111
2020-06-06,43,1,42,1,1,0,54,1,5200,53,5254,54,0,2,1,3,0,38,0,4,2,"Anderson",76978,5.19628984904778,0.011090573012939,70.149912962145,1.29907246226194,3.89721738678583,1.1090573012939
2020-06-07,45,2,43,1,2,1,57,3,5295,95,5352,98,0,2,2,5,0,38,0,4,2,"Anderson",76978,6.49536231130972,0.013986013986014,127.309101301671,2.59814492452389,6.49536231130973,1.3986013986014
2020-06-08,46,1,44,1,2,0,57,0,5336,41,5393,41,0,2,1,6,0,38,0,4,2,"Anderson",76978,7.79443477357167,0.016359918200409,53.2619709527397,1.29907246226194,7.79443477357167,1.6359918200409
2020-06-09,47,1,45,1,2,0,60,3,5517,181,5577,184,0,2,1,7,0,38,0,4,2,"Anderson",76978,9.09350723583361,0.0201465201465201,239.029333056198,1.29907246226194,9.09350723583361,2.01465201465201
2020-06-10,52,5,50,5,2,0,63,3,5725,208,5788,211,0,2,2,9,3,41,0,4,2,"Anderson",76978,14.2897970848814,0.0186781609195402,274.10428953727,6.49536231130973,11.6916521603575,1.86781609195402
2020-06-11,55,3,53,3,2,0,66,3,5870,145,5936,148,0,2,2,11,1,42,1,5,2,"Anderson",76978,18.1870144716672,0.0201005025125628,192.262724414768,3.89721738678583,14.2897970848814,2.01005025125628
2020-06-12,57,2,55,2,2,0,70,4,5952,82,6022,86,0,2,2,13,0,42,0,5,2,"Anderson",76978,19.4860869339292,0.0206812652068127,111.720231754527,2.59814492452389,16.8879420094053,2.06812652068127
2020-06-13,58,1,55,0,3,1,70,0,5995,43,6065,43,0,2,0,13,1,43,0,5,2,"Anderson",76978,19.4860869339292,0.0197287299630086,55.8601158772636,1.29907246226194,16.8879420094053,1.97287299630086
2020-06-14,60,2,57,2,3,0,70,0,6170,175,6240,175,0,2,1,14,1,44,1,6,2,"Anderson",76978,19.4860869339292,0.0146396396396396,227.33768089584,2.59814492452389,18.1870144716672,1.46396396396396
2020-06-15,60,0,57,0,3,0,71,1,6228,58,6299,59,0,2,0,14,0,44,0,6,2,"Anderson",76978,18.1870144716672,0.0154525386313466,76.6452752734548,0,18.1870144716672,1.54525386313466
2020-06-16,64,4,61,4,3,0,75,4,6289,61,6364,65,0,2,3,17,1,45,0,6,2,"Anderson",76978,22.0842318584531,0.0190597204574333,84.4397100470264,5.19628984904778,22.0842318584531,1.90597204574333
2020-06-17,66,2,63,2,3,0,79,4,6326,37,6405,41,0,2,0,17,2,47,0,6,2,"Anderson",76978,18.1870144716672,0.0259319286871961,53.2619709527397,2.59814492452389,22.0842318584531,2.59319286871961
2020-06-18,70,4,67,4,3,0,84,5,6456,130,6540,135,0,2,2,19,2,49,0,6,2,"Anderson",76978,19.4860869339292,0.0298013245033113,175.374782405363,5.19628984904778,24.682376782977,2.98013245033113
2020-06-19,72,2,69,2,3,0,86,2,6521,65,6607,67,0,2,0,19,2,51,0,6,2,"Anderson",76978,19.4860869339292,0.0273504273504274,87.0378549715503,2.59814492452389,24.682376782977,2.73504273504274
2020-06-20,73,1,70,1,3,0,87,1,6559,38,6646,39,0,2,-1,18,2,53,0,6,2,"Anderson",76978,19.4860869339292,0.0292598967297762,50.6638260282159,1.29907246226194,23.383304320715,2.92598967297762
2020-06-21,74,1,71,1,3,0,88,1,6619,60,6707,61,0,2,-1,17,2,55,0,6,2,"Anderson",76978,18.1870144716672,0.0385438972162741,79.2434201979787,1.29907246226194,22.0842318584531,3.85438972162741
2020-06-22,76,2,73,2,3,0,90,2,6711,92,6801,94,0,2,0,17,2,57,1,7,2,"Anderson",76978,20.7851593961911,0.0378486055776892,122.112811452623,2.59814492452389,22.0842318584531,3.78486055776892
2020-06-23,76,0,73,0,3,0,90,0,6800,89,6890,89,0,2,-1,16,1,58,0,7,2,"Anderson",76978,15.5888695471433,0.0285171102661597,115.617449141313,0,20.7851593961911,2.85171102661597
2020-06-24,77,1,74,1,3,0,91,1,6831,31,6922,32,0,2,-2,14,3,61,0,7,2,"Anderson",76978,14.2897970848814,0.02321083172147,41.5703187923822,1.29907246226194,18.1870144716672,2.321083172147
2020-06-25,81,4,78,4,3,0,92,1,6944,113,7036,114,0,2,0,14,4,65,0,7,2,"Anderson",76978,14.2897970848814,0.0161290322580645,148.094260697862,5.19628984904778,18.1870144716672,1.61290322580645
2020-06-26,86,5,83,5,3,0,98,6,6972,28,7070,34,0,2,3,17,2,67,0,7,2,"Anderson",76978,18.1870144716672,0.0259179265658747,44.1684637169061,6.49536231130973,22.0842318584531,2.59179265658747
2020-06-27,87,1,83,0,4,1,98,0,6984,12,7082,12,0,2,-4,13,5,72,0,7,2,"Anderson",76978,18.1870144716672,0.0252293577981651,15.5888695471433,1.29907246226194,16.8879420094053,2.52293577981651
2020-06-28,91,4,87,4,4,0,106,8,7093,109,7199,117,0,2,3,16,1,73,0,7,2,"Anderson",76978,22.0842318584531,0.0365853658536585,151.991478084648,5.19628984904778,20.7851593961911,3.65853658536585
2020-06-29,97,6,92,5,5,1,114,8,7315,222,7429,230,0,2,3,19,3,76,1,8,2,"Anderson",76978,27.2805217075008,0.0382165605095541,298.786666320247,7.79443477357167,24.682376782977,3.82165605095541
2020-06-30,102,5,96,4,6,1,120,6,7479,164,7599,170,0,2,2,21,3,79,0,8,2,"Anderson",76978,33.7758840188106,0.0423131170662905,220.842318584531,6.49536231130973,27.2805217075008,4.23131170662905
2020-07-01,104,2,98,2,6,0,124,4,7600,121,7724,125,0,2,-2,19,4,83,0,8,2,"Anderson",76978,35.0749564810725,0.0411471321695761,162.384057782743,2.59814492452389,24.682376782977,4.11471321695761
2020-07-02,110,6,104,6,6,0,130,6,7839,239,7969,245,0,2,4,23,2,85,0,8,2,"Anderson",76978,37.6731014055964,0.0407288317256163,318.272753254177,7.79443477357167,29.8786666320247,4.07288317256163
2020-07-03,120,10,113,9,7,1,142,12,7964,125,8106,137,0,2,7,30,3,88,0,8,2,"Anderson",76978,44.1684637169061,0.0424710424710425,177.972927329886,12.9907246226195,38.9721738678584,4.24710424710425
2020-07-04,131,11,124,11,7,0,156,14,8148,184,8304,198,0,2,8,38,3,91,2,10,2,"Anderson",76978,57.1591883395256,0.0474631751227496,257.216347527865,14.2897970848814,49.3647535659539,4.74631751227496
2020-07-05,140,9,133,9,7,0,169,13,8304,156,8473,169,0,2,8,46,1,92,1,11,2,"Anderson",76978,63.6545506508353,0.0494505494505494,219.543246122269,11.6916521603575,59.7573332640495,4.94505494505495
2020-07-06,141,1,134,1,7,0,170,1,8331,27,8501,28,0,2,-4,42,5,97,0,11,2,"Anderson",76978,57.1591883395256,0.0522388059701493,36.3740289433345,1.29907246226194,54.5610434150017,5.22388059701492
2020-07-07,157,16,150,16,7,0,190,20,8564,233,8754,253,0,2,12,54,4,101,0,11,2,"Anderson",76978,71.448985424407,0.0606060606060606,328.665332952272,20.7851593961911,70.149912962145,6.06060606060606
2020-07-08,173,16,165,15,8,1,206,16,8704,140,8910,156,0,2,10,64,6,107,0,11,2,"Anderson",76978,89.6359998960742,0.0691399662731872,202.655304112863,20.7851593961911,83.1406375847645,6.91399662731872
2020-07-09,187,14,179,14,8,0,220,14,8972,268,9192,282,0,2,11,75,3,110,0,11,2,"Anderson",76978,100.02857959417,0.0735895339329518,366.338434357868,18.1870144716672,97.4304346696459,7.35895339329518
2020-07-10,193,6,185,6,8,0,227,7,9002,30,9229,37,0,2,1,76,5,115,1,12,2,"Anderson",76978,94.832289745122,0.0756901157613535,48.065681103692,7.79443477357167,98.7295071319078,7.56901157613535
2020-07-11,201,8,193,8,8,0,235,8,9171,169,9406,177,0,2,1,77,7,122,1,13,2,"Anderson",76978,90.9350723583361,0.0716878402903811,229.935825820364,10.3925796980956,100.02857959417,7.16878402903811
2020-07-12,212,11,204,11,8,0,248,13,9354,183,9602,196,0,2,6,83,5,127,0,13,2,"Anderson",76978,93.53321728286,0.0699734278122232,254.618202603341,14.2897970848814,107.823014367741,6.99734278122232
2020-07-13,218,6,209,5,9,1,255,7,9393,39,9648,46,0,2,-6,77,12,139,2,15,2,"Anderson",76978,100.02857959417,0.0741063644289451,59.7573332640495,7.79443477357167,100.02857959417,7.41063644289451
2020-07-14,229,11,219,10,10,1,266,11,9533,140,9799,151,0,2,0,77,11,150,0,15,2,"Anderson",76978,93.53321728286,0.0727272727272727,196.159941801554,14.2897970848814,100.02857959417,7.27272727272727
2020-07-15,245,16,234,15,11,1,285,19,9635,102,9920,121,0,2,0,77,16,166,0,15,2,"Anderson",76978,93.53321728286,0.0782178217821782,157.187767933695,20.7851593961911,100.02857959417,7.82178217821782
2020-07-16,263,18,252,18,11,0,308,23,9924,289,10232,312,0,2,4,81,14,180,1,16,2,"Anderson",76978,98.7295071319078,0.0846153846153846,405.310608225727,23.383304320715,105.224869443218,8.46153846153846
2020-07-17,270,7,259,7,11,0,317,9,9995,71,10312,80,0,2,-8,73,15,195,1,17,3,"Anderson",76978,100.02857959417,0.0831024930747922,103.925796980956,9.09350723583361,94.832289745122,8.31024930747922
2020-07-18,277,7,266,7,11,0,328,11,10209,214,10537,225,0,2,-4,69,11,206,0,17,3,"Anderson",76978,98.7295071319078,0.0822281167108753,292.291304008938,9.09350723583361,89.6359998960742,8.22281167108753
2020-07-19,285,8,274,8,11,0,337,9,10290,81,10627,90,0,2,-5,64,13,219,2,19,3,"Anderson",76978,94.832289745122,0.0868292682926829,116.916521603575,10.3925796980956,83.1406375847645,8.68292682926829
2020-07-20,313,28,302,28,11,0,367,30,10459,169,10826,199,1,3,9,73,18,237,0,19,3,"Anderson",76978,123.411883914885,0.0950764006791171,258.515419990127,36.3740289433345,94.832289745122,9.50764006791171
2020-07-21,336,23,324,22,12,1,391,24,10751,292,11142,316,0,3,12,85,11,248,1,20,3,"Anderson",76978,139.000753462028,0.0930752047654505,410.506898074775,29.8786666320247,110.421159292265,9.30752047654505
2020-07-22,365,29,353,29,12,0,424,33,10886,135,11310,168,0,3,13,98,16,264,0,20,3,"Anderson",76978,155.888695471433,0.1,218.244173660007,37.6731014055964,127.309101301671,10
2020-07-23,388,23,376,23,12,0,455,31,11313,427,11768,458,0,3,9,107,14,278,2,22,3,"Anderson",76978,162.384057782743,0.095703125,594.975187715971,29.8786666320247,139.000753462028,9.5703125
2020-07-24,394,6,382,6,12,0,463,8,11425,112,11888,120,0,3,-16,91,22,300,0,22,4,"Anderson",76978,161.084985320481,0.0926395939086294,155.888695471433,7.79443477357167,118.215594065837,9.26395939086294
2020-07-25,426,32,413,31,13,1,499,36,11682,257,12181,293,1,4,26,117,5,305,1,23,4,"Anderson",76978,193.56179687703,0.104014598540146,380.62823144275,41.5703187923822,151.991478084648,10.4014598540146
2020-07-26,465,39,451,38,14,1,541,42,12085,403,12626,445,0,4,31,148,8,313,2,25,4,"Anderson",76978,233.83304320715,0.102051025512756,578.087245706565,50.6638260282159,192.262724414768,10.2051025512756
2020-07-27,483,18,468,17,15,1,562,21,12265,180,12827,201,0,4,-19,129,37,350,1,26,4,"Anderson",76978,220.842318584531,0.0974512743628186,261.113564914651,23.383304320715,167.580347631791,9.74512743628186
2020-07-28,523,40,508,40,15,0,608,46,12645,380,13253,426,0,4,24,153,16,366,1,27,5,"Anderson",76978,242.926550442984,0.10279488394126,553.404868923589,51.9628984904778,198.758086726078,10.279488394126
2020-07-29,527,4,512,4,15,0,612,4,12681,36,13293,40,1,5,-15,138,18,384,0,27,5,"Anderson",76978,210.449738886435,0.0948058497226425,51.9628984904778,5.19628984904778,179.271999792148,9.48058497226425
2020-07-30,564,37,549,37,15,0,665,53,13166,485,13831,538,0,5,20,158,17,401,0,27,5,"Anderson",76978,228.636753358102,0.101793504604944,698.900984696926,48.065681103692,205.253449037387,10.1793504604944
2020-07-31,576,12,561,12,15,0,679,14,13348,182,14027,196,0,5,-8,150,20,421,0,27,5,"Anderson",76978,236.431188131674,0.100981767180926,254.618202603341,15.5888695471433,194.860869339292,10.0981767180926
2020-08-01,599,23,584,23,15,0,704,25,13757,409,14461,434,0,5,17,167,6,427,1,28,5,"Anderson",76978,224.739535971316,0.0899122807017544,563.797448621684,29.8786666320247,216.945101197745,8.99122807017544
2020-08-02,606,7,591,7,15,0,711,7,13885,128,14596,135,0,5,2,169,5,432,1,29,6,"Anderson",76978,183.169217178934,0.0862944162436548,175.374782405363,9.09350723583361,219.543246122269,8.62944162436548
2020-08-03,631,25,615,24,16,1,742,31,14112,227,14854,258,0,5,14,183,11,443,0,29,6,"Anderson",76978,192.262724414768,0.0888011840157869,335.160695263582,32.4768115565486,237.730260593936,8.88011840157869
2020-08-04,638,7,622,7,16,0,750,8,14355,243,15105,251,2,7,-19,164,24,467,0,29,6,"Anderson",76978,149.393333160124,0.0766738660907127,326.067188027748,9.09350723583361,213.047883810959,7.66738660907127
2020-08-05,653,15,637,15,16,0,769,19,14564,209,15333,228,-1,6,-1,163,17,484,0,29,6,"Anderson",76978,163.683130245005,0.0769607843137255,296.188521395723,19.4860869339292,211.748811348697,7.69607843137255
2020-08-06,675,22,659,22,16,0,799,30,14885,321,15684,351,0,6,3,166,19,503,1,30,6,"Anderson",76978,144.197043311076,0.0723151645979493,455.974434253943,28.5795941697628,215.646028735483,7.23151645979493
2020-08-07,679,4,663,4,16,0,803,4,14966,81,15769,85,0,6,-21,145,25,528,0,30,6,"Anderson",76978,133.80446361298,0.0711825487944891,110.421159292265,5.19628984904778,188.365507027982,7.11825487944891
2020-08-08,690,11,674,11,16,0,819,16,15286,320,16105,336,0,6,1,146,10,538,0,30,6,"Anderson",76978,118.215594065837,0.0699513381995134,436.488347320014,14.2897970848814,189.664579490244,6.99513381995134
2020-08-09,697,7,681,7,16,0,828,9,15423,137,16251,146,0,6,-9,137,16,554,0,30,6,"Anderson",76978,118.215594065837,0.0706948640483384,189.664579490244,9.09350723583361,177.972927329886,7.06948640483384
2020-08-10,702,5,686,5,16,0,834,6,15562,139,16396,145,0,6,-11,126,16,570,0,30,6,"Anderson",76978,92.2341448205981,0.059662775616083,188.365507027982,6.49536231130973,163.683130245005,5.9662775616083
2020-08-11,723,21,707,21,16,0,856,22,15765,203,16621,225,0,6,9,135,12,582,1,31,6,"Anderson",76978,110.421159292265,0.0699208443271768,292.291304008938,27.2805217075008,175.374782405363,6.99208443271768
2020-08-12,731,8,715,8,16,0,864,8,16004,239,16868,247,0,6,-8,127,16,598,0,31,6,"Anderson",76978,101.327652056432,0.0618892508143322,320.8708981787,10.3925796980956,164.982202707267,6.18892508143322
2020-08-13,749,18,733,18,16,0,888,24,16232,228,17120,252,1,7,3,130,14,612,2,33,6,"Anderson",76978,96.1313622073839,0.0619777158774373,327.36626049001,23.383304320715,168.879420094053,6.19777158774373
2020-08-14,766,17,749,16,17,1,910,22,16561,329,17471,351,0,7,-9,121,26,638,0,33,6,"Anderson",76978,113.019304216789,0.0628672150411281,455.974434253943,22.0842318584531,157.187767933695,6.28672150411281
2020-08-15,776,10,759,10,17,0,922,12,16784,223,17706,235,-1,6,5,126,6,644,0,33,6,"Anderson",76978,111.720231754527,0.0643347907557776,305.282028631557,12.9907246226195,163.683130245005,6.43347907557776
2020-08-16,788,12,771,12,17,0,936,14,16926,142,17862,156,0,6,7,133,5,649,0,33,7,"Anderson",76978,118.215594065837,0.0670391061452514,202.655304112863,15.5888695471433,172.776637480839,6.70391061452514
2020-08-17,792,4,775,4,17,0,939,3,16969,43,17908,46,0,6,-13,120,17,666,0,33,7,"Anderson",76978,116.916521603575,0.0694444444444444,59.7573332640495,5.19628984904778,155.888695471433,6.94444444444444
2020-08-18,806,14,789,14,17,0,956,17,17133,164,18089,181,0,6,5,125,9,675,0,33,7,"Anderson",76978,107.823014367741,0.0681198910081744,235.132115669412,18.1870144716672,162.384057782743,6.81198910081744
2020-08-19,820,14,803,14,17,0,970,14,17307,174,18277,188,0,6,0,125,14,689,0,33,7,"Anderson",76978,115.617449141313,0.0752306600425834,244.225622905246,18.1870144716672,162.384057782743,7.52306600425834
2020-08-20,835,15,818,15,17,0,986,16,17749,442,18735,458,0,6,5,130,10,699,0,33,8,"Anderson",76978,111.720231754527,0.0606811145510836,594.975187715971,19.4860869339292,168.879420094053,6.06811145510836
2020-08-21,838,3,821,3,17,0,989,3,17785,36,18774,39,1,7,-7,123,9,708,0,33,8,"Anderson",76978,93.53321728286,0.0606293169608596,50.6638260282159,3.89721738678583,159.785912858219,6.06293169608596
2020-08-22,856,18,839,18,17,0,1008,19,18329,544,19337,563,1,8,10,133,7,715,1,34,8,"Anderson",76978,103.925796980956,0.052728387492336,731.377796253475,23.383304320715,172.776637480839,5.2728387492336
2020-08-23,857,1,840,1,17,0,1009,1,18413,84,19422,85,0,8,-5,128,6,721,0,34,8,"Anderson",76978,89.6359998960742,0.0467948717948718,110.421159292265,1.29907246226194,166.281275169529,4.67948717948718
2020-08-24,858,1,840,0,18,1,1009,0,18452,39,19461,39,0,8,-19,109,20,741,0,34,8,"Anderson",76978,85.7387825092884,0.0450740502253702,50.6638260282159,1.29907246226194,141.598898386552,4.50740502253703
2020-08-25,866,8,848,8,18,0,1017,8,18604,152,19621,160,0,8,-2,107,10,751,1,35,8,"Anderson",76978,77.9443477357167,0.0398172323759791,207.851593961911,10.3925796980956,139.000753462028,3.98172323759791
2020-08-26,872,6,854,6,18,0,1023,6,18784,180,19807,186,0,8,-14,93,20,771,0,35,8,"Anderson",76978,67.5517680376211,0.034640522875817,241.627477980722,7.79443477357167,120.813738990361,3.4640522875817
2020-08-27,875,3,857,3,18,0,1026,3,19195,411,20221,414,0,8,-16,77,19,790,0,35,8,"Anderson",76978,51.9628984904778,0.0269179004037685,537.815999376445,3.89721738678583,100.02857959417,2.69179004037685
2020-08-28,875,0,857,0,18,0,1026,0,19233,38,20259,38,0,8,-20,57,20,810,0,35,8,"Anderson",76978,48.065681103692,0.0249158249158249,49.3647535659539,0,74.0471303489309,2.49158249158249
2020-08-29,884,9,865,8,19,1,1034,8,19495,262,20529,270,0,8,3,60,6,816,0,35,8,"Anderson",76978,36.3740289433345,0.0218120805369128,350.749564810725,11.6916521603575,77.9443477357167,2.18120805369128
2020-08-30,900,16,881,16,19,0,1050,16,19578,83,20628,99,0,8,8,68,8,824,0,35,8,"Anderson",76978,55.8601158772636,0.0339966832504146,128.608173763933,20.7851593961911,88.3369274338123,3.39966832504146
2020-08-31,902,2,883,2,19,0,1052,2,19636,58,20688,60,0,8,-15,53,17,841,0,35,8,"Anderson",76978,57.1591883395256,0.0350448247758761,77.9443477357167,2.59814492452389,68.8508404998831,3.50448247758761
2020-09-01,909,7,889,6,20,1,1058,6,19747,111,20805,117,0,8,0,53,7,848,0,35,8,"Anderson",76978,55.8601158772636,0.0346283783783784,151.991478084648,9.09350723583361,68.8508404998831,3.46283783783784
2020-09-02,917,8,895,6,22,2,1068,10,20063,316,21131,326,0,8,5,58,3,851,0,35,8,"Anderson",76978,58.4582608017875,0.033987915407855,423.497622697394,10.3925796980956,75.3462028111928,3.3987915407855
2020-09-03,933,16,909,14,24,2,1084,16,20387,324,21471,340,0,8,10,68,6,857,0,35,9,"Anderson",76978,75.3462028111928,0.0464,441.684637169061,20.7851593961911,88.3369274338123,4.64
2020-09-04,942,9,917,8,25,1,1094,10,20576,189,21670,199,0,8,6,74,3,860,0,35,9,"Anderson",76978,87.0378549715503,0.0481927710843374,258.515419990127,11.6916521603575,96.1313622073839,4.81927710843374
2020-09-05,961,19,936,19,25,0,1115,21,20845,269,21960,290,0,8,16,90,3,863,1,36,10,"Anderson",76978,100.02857959417,0.0566037735849057,376.731014055964,24.682376782977,116.916521603575,5.66037735849057
2020-09-06,963,2,938,2,25,0,1117,2,20901,56,22018,58,0,8,-1,89,3,866,0,36,10,"Anderson",76978,81.8415651225025,0.0482014388489209,75.3462028111928,2.59814492452389,115.617449141313,4.82014388489209
2020-09-07,966,3,941,3,25,0,1122,5,20989,88,22111,93,0,8,-8,81,11,877,0,36,10,"Anderson",76978,83.1406375847645,0.0491918482080112,120.813738990361,3.89721738678583,105.224869443218,4.91918482080112
2020-09-08,975,9,944,3,31,6,1126,4,21164,175,22290,179,1,9,4,85,4,881,0,36,10,"Anderson",76978,85.7387825092884,0.0457912457912458,232.533970744888,11.6916521603575,110.421159292265,4.57912457912458
2020-09-09,984,9,953,9,31,0,1135,9,21405,241,22540,250,0,9,-3,82,12,893,1,37,11,"Anderson",76978,87.0378549715503,0.0475514549325763,324.768115565486,11.6916521603575,106.523941905479,4.75514549325763
2020-09-10,1013,29,981,28,32,1,1165,30,21774,369,22939,399,1,10,25,107,3,896,0,37,11,"Anderson",76978,103.925796980956,0.0551771117166213,518.329912442516,37.6731014055964,139.000753462028,5.51771117166213
2020-09-11,1014,1,982,1,32,0,1167,2,21907,133,23074,135,0,10,-13,94,14,910,0,37,11,"Anderson",76978,93.53321728286,0.051994301994302,175.374782405363,1.29907246226194,122.112811452623,5.1994301994302
2020-09-12,1017,3,985,3,32,0,1172,5,22049,142,23221,147,0,10,-5,89,8,918,0,37,11,"Anderson",76978,72.7480578866689,0.0452022204599524,190.963651952506,3.89721738678583,115.617449141313,4.52022204599524
2020-09-13,1038,21,1005,20,33,1,1193,21,22293,244,23486,265,0,10,16,105,5,923,1,38,11,"Anderson",76978,97.4304346696459,0.0517711171662125,344.254202499415,27.2805217075008,136.402608537504,5.17711171662125
2020-09-14,1044,6,1010,5,34,1,1199,6,22399,106,23598,112,0,10,-7,98,13,936,1,39,11,"Anderson",76978,101.327652056432,0.0517821116341627,145.496115773338,7.79443477357167,127.309101301671,5.17821116341627
2020-09-15,1060,16,1026,16,34,0,1216,17,22639,240,23855,257,1,11,5,103,10,946,1,40,12,"Anderson",76978,110.421159292265,0.0575079872204473,333.86162280132,20.7851593961911,133.80446361298,5.75079872204473
2020-09-16,1068,8,1034,8,34,0,1228,12,22775,136,24003,148,0,11,-5,98,13,959,0,40,12,"Anderson",76978,109.122086830003,0.063568010936432,192.262724414768,10.3925796980956,127.309101301671,6.3568010936432
2020-09-17,1090,22,1054,20,36,2,1248,20,23196,421,24444,441,0,11,15,113,7,966,1,41,12,"Anderson",76978,100.02857959417,0.0551495016611296,572.890955857518,28.5795941697628,146.7951882356,5.51495016611296
2020-09-18,1109,19,1073,19,36,0,1266,18,23420,224,24686,242,0,11,6,119,13,979,0,41,12,"Anderson",76978,123.411883914885,0.0614143920595533,314.375535867391,24.682376782977,154.589623009171,6.14143920595533
2020-09-19,1124,15,1088,15,36,0,1287,21,23702,282,24989,303,0,11,9,128,6,985,1,42,12,"Anderson",76978,139.000753462028,0.0650452488687783,393.618956065369,19.4860869339292,166.281275169529,6.50452488687783
2020-09-20,1131,7,1095,7,36,0,1297,10,23854,152,25151,162,0,11,0,128,7,992,0,42,13,"Anderson",76978,120.813738990361,0.0624624624624625,210.449738886435,9.09350723583361,166.281275169529,6.24624624624625
2020-09-21,1133,2,1097,2,36,0,1299,2,23887,33,25186,35,0,11,-6,122,8,1000,0,42,13,"Anderson",76978,115.617449141313,0.0629722921914358,45.4675361791681,2.59814492452389,158.486840395957,6.29722921914358
2020-09-22,1147,14,1111,14,36,0,1316,17,24135,248,25451,265,0,11,0,122,14,1014,1,43,13,"Anderson",76978,113.019304216789,0.06265664160401,344.254202499415,18.1870144716672,158.486840395957,6.265664160401
2020-09-23,1147,0,1111,0,36,0,1316,0,24176,41,25492,41,0,11,-12,110,12,1026,0,43,13,"Anderson",76978,102.626724518694,0.0591000671591672,53.2619709527397,0,142.897970848814,5.91000671591672
2020-09-24,1160,13,1124,13,36,0,1331,15,24500,324,25831,339,1,12,0,110,12,1038,0,43,13,"Anderson",76978,90.9350723583361,0.0598413842826244,440.385564706799,16.8879420094053,142.897970848814,5.98413842826244
2020-09-25,1174,14,1137,13,37,1,1344,13,24736,236,26080,249,1,13,-2,108,15,1053,0,43,13,"Anderson",76978,84.4397100470264,0.0559540889526542,323.469043103224,18.1870144716672,140.29982592429,5.59540889526542
2020-09-26,1188,14,1151,14,37,0,1361,17,25036,300,26397,317,0,13,8,116,6,1059,0,43,13,"Anderson",76978,83.1406375847645,0.0525568181818182,411.805970537037,18.1870144716672,150.692405622386,5.25568181818182
2020-09-27,1207,19,1168,17,39,2,1377,16,25243,207,26620,223,0,13,12,128,7,1066,0,43,13,"Anderson",76978,98.7295071319078,0.0544588155207624,289.693159084414,24.682376782977,166.281275169529,5.44588155207624
2020-09-28,1210,3,1170,2,40,1,1379,2,25280,37,26659,39,0,13,-9,119,12,1078,0,43,13,"Anderson",76978,100.02857959417,0.0543109300746775,50.6638260282159,3.89721738678583,154.589623009171,5.43109300746775
2020-09-29,1221,11,1180,10,41,1,1389,10,25574,294,26963,304,0,13,-7,112,18,1096,0,43,13,"Anderson",76978,96.1313622073839,0.0482804232804233,394.918028527631,14.2897970848814,145.496115773338,4.82804232804233
2020-09-30,1233,12,1190,10,43,2,1399,10,25640,66,27039,76,0,13,3,115,9,1105,0,43,13,"Anderson",76978,111.720231754527,0.0536522301228184,98.7295071319078,15.5888695471433,149.393333160124,5.36522301228184
2020-10-01,1249,16,1204,14,45,2,1414,15,25920,280,27334,295,0,13,4,119,12,1117,0,43,13,"Anderson",76978,115.617449141313,0.0552228875582169,383.226376367274,20.7851593961911,154.589623009171,5.52228875582169
2020-10-02,1256,7,1210,6,46,1,1421,7,26002,82,27423,89,0,13,1,120,6,1123,0,43,13,"Anderson",76978,106.523941905479,0.0573343261355175,115.617449141313,9.09350723583361,155.888695471433,5.73343261355175
2020-10-03,1272,16,1226,16,46,0,1445,24,26266,264,27711,288,0,13,3,123,13,1136,0,43,13,"Anderson",76978,109.122086830003,0.0639269406392694,374.13286913144,20.7851593961911,159.785912858219,6.39269406392694
2020-10-04,1288,16,1240,14,48,2,1461,16,26603,337,28064,353,0,13,8,131,8,1144,0,43,13,"Anderson",76978,105.224869443218,0.0581717451523546,458.572579178467,20.7851593961911,170.178492556315,5.81717451523546
2020-10-05,1314,26,1265,25,49,1,1488,27,26814,211,28302,238,0,13,11,142,15,1159,1,44,13,"Anderson",76978,135.103536075242,0.0663420572124163,309.179246018343,33.7758840188106,184.468289641196,6.63420572124163
2020-10-06,1342,28,1292,27,50,1,1519,31,27151,337,28670,368,0,13,15,157,13,1172,1,45,13,"Anderson",76978,157.187767933695,0.0761570005858231,478.058666112396,36.3740289433345,203.954376575125,7.61570005858231
2020-10-07,1348,6,1298,6,50,0,1527,8,27386,235,28913,243,0,13,-3,154,9,1181,0,45,13,"Anderson",76978,149.393333160124,0.0683030949839915,315.674608329653,7.79443477357167,200.05715918834,6.83030949839915
2020-10-08,1358,10,1306,8,52,2,1536,9,27625,239,29161,248,0,13,-3,151,13,1194,1,46,13,"Anderson",76978,141.598898386552,0.066776135741653,322.169970640962,12.9907246226195,196.159941801554,6.6776135741653
2020-10-09,1373,15,1319,13,54,2,1552,16,27798,173,29350,189,0,13,-2,149,17,1211,0,46,13,"Anderson",76978,151.991478084648,0.0679813181110535,245.524695367508,19.4860869339292,193.56179687703,6.79813181110535
2020-10-10,1389,16,1335,16,54,0,1572,20,28010,212,29582,232,0,13,3,152,13,1224,1,47,14,"Anderson",76978,151.991478084648,0.0678781400320684,301.384811244771,20.7851593961911,197.459014263816,6.78781400320684
2020-10-11,1417,28,1363,28,54,0,1603,31,28299,289,29902,320,0,13,18,170,10,1234,0,47,14,"Anderson",76978,167.580347631791,0.0772578890097933,415.703187923822,36.3740289433345,220.842318584531,7.72578890097933
2020-10-12,1433,16,1378,15,55,1,1619,16,28378,79,29997,95,0,13,-11,159,27,1261,0,47,14,"Anderson",76978,154.589623009171,0.0772861356932153,123.411883914885,20.7851593961911,206.552521499649,7.72861356932153
2020-10-13,1453,20,1396,18,57,2,1637,18,28499,121,30136,139,0,13,7,166,13,1274,0,47,14,"Anderson",76978,144.197043311076,0.0804911323328786,180.57107225441,25.9814492452389,215.646028735483,8.04911323328786
2020-10-14,1475,22,1418,22,57,0,1661,24,28799,300,30460,324,0,13,12,178,10,1284,0,47,14,"Anderson",76978,164.982202707267,0.0866192630898513,420.89947777287,28.5795941697628,231.234898282626,8.66192630898513
2020-10-15,1497,22,1434,16,63,6,1675,14,28950,151,30625,165,0,13,2,180,20,1304,1,48,14,"Anderson",76978,180.57107225441,0.0949453551912568,214.346956273221,28.5795941697628,233.83304320715,9.49453551912568
2020-10-16,1504,7,1437,3,67,4,1679,4,29049,99,30728,103,0,13,-11,169,18,1322,0,48,15,"Anderson",76978,170.178492556315,0.0921625544267054,133.80446361298,9.09350723583361,219.543246122269,9.21625544267054
2020-10-17,1532,28,1464,27,68,1,1709,30,29297,248,31006,278,0,13,14,183,14,1336,2,50,15,"Anderson",76978,185.767362103458,0.0962078651685393,361.142144508821,36.3740289433345,237.730260593936,9.62078651685393
2020-10-18,1551,19,1483,19,68,0,1731,22,29536,239,31267,261,0,13,4,187,15,1351,0,50,15,"Anderson",76978,174.075709943101,0.0937728937728938,339.057912650368,24.682376782977,242.926550442984,9.37728937728938
2020-10-19,1555,4,1487,4,68,0,1736,5,29613,77,31349,82,0,13,-16,171,20,1371,1,51,15,"Anderson",76978,158.486840395957,0.0865384615384615,106.523941905479,5.19628984904778,222.141391046793,8.65384615384615
2020-10-20,1582,27,1514,27,68,0,1771,35,29812,199,31583,234,0,13,6,177,21,1392,0,51,15,"Anderson",76978,167.580347631791,0.0926053904630269,303.982956169295,35.0749564810725,229.935825820364,9.26053904630269
2020-10-21,1599,17,1531,17,68,0,1790,19,30028,216,31818,235,0,13,8,185,9,1401,1,52,15,"Anderson",76978,161.084985320481,0.0949926362297496,305.282028631557,22.0842318584531,240.32840551846,9.49926362297496
2020-10-22,1620,21,1552,21,68,0,1815,25,30360,332,32175,357,1,14,-4,181,24,1425,0,52,15,"Anderson",76978,159.785912858219,0.0903225806451613,463.768869027514,27.2805217075008,235.132115669412,9.03225806451613
2020-10-23,1635,15,1566,14,69,1,1831,16,30635,275,32466,291,0,14,-7,174,22,1447,0,52,15,"Anderson",76978,170.178492556315,0.0874568469505178,378.030086518226,19.4860869339292,226.038608433578,8.74568469505178
2020-10-24,1666,31,1596,30,70,1,1864,33,31011,376,32875,409,0,14,19,193,12,1459,2,54,17,"Anderson",76978,174.075709943101,0.0829320492241841,531.320637065136,40.2712463301203,250.720985216555,8.29320492241841
2020-10-25,1683,17,1612,16,71,1,1883,19,31207,196,33090,215,0,14,0,193,17,1476,4,58,17,"Anderson",76978,171.477565018577,0.0833790455293472,279.300579386318,22.0842318584531,250.720985216555,8.33790455293472
2020-10-26,1699,16,1627,15,72,1,1901,18,31341,134,33242,152,-1,13,-11,182,28,1504,1,59,17,"Anderson",76978,187.06643456572,0.0871632329635499,197.459014263816,20.7851593961911,236.431188131674,8.71632329635499
2020-10-27,1728,29,1651,24,77,5,1925,24,31496,155,33421,179,1,14,10,192,18,1522,2,61,17,"Anderson",76978,189.664579490244,0.0837867247007617,232.533970744888,37.6731014055964,249.421912754293,8.37867247007617
2020-10-28,1784,56,1705,54,79,2,1984,59,31930,434,33914,493,0,14,34,226,22,1544,0,61,17,"Anderson",76978,240.32840551846,0.0925572519083969,640.442723895139,72.7480578866689,293.5903764712,9.25572519083969
2020-10-29,1813,29,1726,21,87,8,2003,19,32136,206,34139,225,0,14,6,232,23,1567,2,63,17,"Anderson",76978,250.720985216555,0.0957230142566191,292.291304008938,37.6731014055964,301.384811244771,9.57230142566191
2020-10-30,1850,37,1760,34,90,3,2041,38,32287,151,34328,189,2,16,20,252,15,1582,1,64,17,"Anderson",76978,279.300579386318,0.112781954887218,245.524695367508,48.065681103692,327.36626049001,11.2781954887218
2020-10-31,1850,0,1760,0,90,0,2041,0,32288,1,34329,1,0,16,-10,242,10,1592,0,64,19,"Anderson",76978,239.029333056198,0.121733149931224,1.29907246226194,0,314.375535867391,12.1733149931224
2020-11-01,1855,5,1765,5,90,0,2049,8,32532,244,34581,252,0,16,-10,232,15,1607,0,64,19,"Anderson",76978,223.440463509055,0.111334674714956,327.36626049001,6.49536231130973,301.384811244771,11.1334674714956
2020-11-02,1888,33,1796,31,92,2,2084,35,32799,267,34883,302,0,16,8,240,25,1632,0,64,20,"Anderson",76978,245.524695367508,0.111517367458867,392.319883603107,42.8693912546442,311.777390942867,11.1517367458867
2020-11-03,1914,26,1821,25,93,1,2109,25,32979,180,35088,205,0,16,6,246,20,1652,0,64,21,"Anderson",76978,241.627477980722,0.110377924415117,266.309854763699,33.7758840188106,319.571825716438,11.0377924415117
2020-11-04,1932,18,1836,15,96,3,2127,18,33058,79,35185,97,2,18,1,247,15,1667,1,65,21,"Anderson",76978,192.262724414768,0.112509834775767,126.010028839409,23.383304320715,320.8708981787,11.2509834775767
2020-11-05,1956,24,1854,18,102,6,2147,20,33157,99,35304,119,0,18,1,248,23,1690,0,65,22,"Anderson",76978,185.767362103458,0.123605150214592,154.589623009171,31.1777390942867,322.169970640962,12.3605150214592
2020-11-06,2005,49,1900,46,105,3,2196,49,33524,367,35720,416,0,18,24,272,25,1715,2,67,23,"Anderson",76978,201.356231650601,0.111350574712644,540.414144300969,63.6545506508353,353.347709735249,11.1350574712644
2020-11-07,2085,80,1977,77,108,3,2273,77,33971,447,36244,524,0,18,50,322,30,1745,0,67,23,"Anderson",76978,305.282028631557,0.121148825065274,680.713970225259,103.925796980956,418.301332848346,12.1148825065274
2020-11-08,2139,54,2028,51,111,3,2335,62,34581,610,36916,672,0,18,39,361,15,1760,1,68,23,"Anderson",76978,368.936579282392,0.122483940042827,872.976694640027,70.149912962145,468.965158876562,12.2483940042827
2020-11-09,2147,8,2035,7,112,1,2344,9,34655,74,36999,83,0,18,-46,315,54,1814,0,68,23,"Anderson",76978,336.459767725844,0.122873345935728,107.823014367741,10.3925796980956,409.207825612513,12.2873345935728
2020-11-10,2166,19,2053,18,113,1,2366,22,34826,171,37192,193,0,18,-16,299,35,1849,1,69,23,"Anderson",76978,327.36626049001,0.122148288973384,250.720985216555,24.682376782977,388.422666216322,12.2148288973384
2020-11-11,2205,39,2089,36,116,3,2408,42,35099,273,37507,315,1,19,13,312,25,1874,1,70,23,"Anderson",76978,354.646782197511,0.121016365202412,409.207825612513,50.6638260282159,405.310608225727,12.1016365202412
2020-11-12,2212,7,2095,6,117,1,2416,8,35297,198,37713,206,0,19,-13,299,20,1894,0,70,24,"Anderson",76978,332.562550339058,0.111664591116646,267.608927225961,9.09350723583361,388.422666216322,11.1664591116646
2020-11-13,2268,56,2148,53,120,3,2475,59,35559,262,38034,321,2,21,31,330,23,1917,2,72,24,"Anderson",76978,341.656057574892,0.12057044079516,417.002260386084,72.7480578866689,428.693912546442,12.057044079516
2020-11-14,2309,41,2188,40,121,1,2520,45,35955,396,38475,441,1,22,20,350,20,1937,1,73,25,"Anderson",76978,290.992231546676,0.110712684894666,572.890955857518,53.2619709527397,454.675361791681,11.0712684894666
2020-11-15,2407,98,2286,98,121,0,2628,108,36537,582,39165,690,1,23,79,429,18,1955,1,74,25,"Anderson",76978,348.151419886201,0.130280124499778,896.359998960742,127.309101301671,557.302086310374,13.0280124499778
2020-11-16,2456,49,2315,29,141,20,2657,29,36814,277,39471,306,0,23,-6,423,55,2010,1,75,25,"Anderson",76978,401.413390838941,0.126618122977346,397.516173452155,63.6545506508353,549.507651536803,12.6618122977346
2020-11-17,2472,16,2330,15,142,1,2673,16,37020,206,39693,222,2,25,-37,386,51,2061,1,76,26,"Anderson",76978,397.516173452155,0.122750899640144,288.394086622152,20.7851593961911,501.441970433111,12.2750899640144
2020-11-18,2502,30,2356,26,146,4,2699,26,37314,294,40013,320,0,25,-5,381,35,2096,0,76,27,"Anderson",76978,385.824521291798,0.116121308858739,415.703187923822,38.9721738678584,494.946608121801,11.6121308858739
2020-11-19,2560,58,2410,54,150,4,2761,62,37730,416,40491,478,0,25,19,400,39,2135,1,77,27,"Anderson",76978,452.077216867157,0.124190064794816,620.95663696121,75.3462028111928,519.628984904778,12.4190064794816
2020-11-20,2590,30,2437,27,153,3,2792,31,37843,113,40635,144,0,25,-10,390,40,2175,0,77,28,"Anderson",76978,418.301332848346,0.121876201460977,187.06643456572,38.9721738678584,506.638260282159,12.1876201460977
2020-11-21,2647,57,2486,49,161,8,2840,48,38187,344,41027,392,0,25,33,423,24,2199,1,78,28,"Anderson",76978,439.086492244537,0.125391849529781,509.236405206682,74.0471303489309,549.507651536803,12.5391849529781
2020-11-22,2703,56,2535,49,168,7,2897,57,38670,483,41567,540,0,25,42,465,14,2213,1,79,31,"Anderson",76978,384.525448829536,0.111990008326395,701.49912962145,72.7480578866689,604.068694951804,11.1990008326395
2020-11-23,2710,7,2541,6,169,1,2903,6,38692,22,41595,28,0,25,-64,401,71,2284,0,79,32,"Anderson",76978,329.964405414534,0.115819209039548,36.3740289433345,9.09350723583361,520.92805736704,11.5819209039548
2020-11-24,2723,13,2553,12,170,1,2915,12,38849,157,41764,169,2,27,-35,366,46,2330,0,79,32,"Anderson",76978,326.067188027748,0.116851762433607,219.543246122269,16.8879420094053,475.460521187872,11.6851762433607
2020-11-25,2751,28,2574,21,177,7,2936,21,38886,37,41822,58,1,28,-11,355,38,2368,0,79,32,"Anderson",76978,323.469043103224,0.131011608623549,75.3462028111928,36.3740289433345,461.170724102991,13.1011608623549
2020-11-26,2796,45,2616,42,180,3,2981,45,39236,350,42217,395,0,28,-30,325,75,2443,1,80,33,"Anderson",76978,306.581101093819,0.127462340672074,513.133622593468,58.4582608017875,422.198550235132,12.7462340672074
2020-11-27,2895,99,2706,90,189,9,3076,95,39662,426,42738,521,0,28,56,381,43,2486,3,83,35,"Anderson",76978,396.217100989893,0.135045173561579,676.816752838473,128.608173763933,494.946608121801,13.5045173561579
2020-11-28,2926,31,2731,25,195,6,3106,30,39805,143,42911,173,1,29,5,386,25,2511,2,85,35,"Anderson",76978,362.441216971083,0.141188959660297,224.739535971316,40.2712463301203,501.441970433111,14.1188959660297
2020-11-29,3017,91,2820,89,197,2,3202,96,40242,437,43444,533,0,29,65,451,26,2537,1,86,35,"Anderson",76978,407.908753150251,0.162493340436867,692.405622385617,118.215594065837,585.881680480137,16.2493340436867
2020-11-30,3087,70,2886,66,201,4,3275,73,40494,252,43769,325,0,29,1,452,69,2606,0,86,37,"Anderson",76978,489.750318272753,0.171113155473781,422.198550235132,90.9350723583361,587.180752942399,17.1113155473781
2020-12-01,3163,76,2952,66,211,10,3347,72,40925,431,44272,503,1,30,14,466,61,2667,6,92,38,"Anderson",76978,571.591883395256,0.172248803827751,653.433448517758,98.7295071319078,605.367767414066,17.2248803827751
2020-12-02,3178,15,2966,14,212,1,3363,16,41033,108,44396,124,0,30,-40,426,55,2722,0,92,38,"Anderson",76978,554.70394138585,0.165889665889666,161.084985320481,19.4860869339292,553.404868923589,16.5889665889666
2020-12-03,3219,41,2995,29,224,12,3396,33,41257,224,44653,257,1,31,-14,412,54,2776,1,93,39,"Anderson",76978,549.507651536803,0.170361247947455,333.86162280132,53.2619709527397,535.217854451921,17.0361247947455
2020-12-04,3286,67,3055,60,231,7,3459,63,41415,158,44874,221,1,32,-25,387,91,2867,0,93,39,"Anderson",76978,507.93733274442,0.179307116104869,287.09501415989,87.0378549715503,502.741042895373,17.9307116104869
2020-12-05,3317,31,3074,19,243,12,3477,18,41482,67,44959,85,0,32,1,388,30,2897,0,93,39,"Anderson",76978,507.93733274442,0.18115234375,110.421159292265,40.2712463301203,504.040115357635,18.115234375
2020-12-06,3353,36,3103,29,250,7,3505,28,41690,208,45195,236,0,32,12,400,24,2921,2,95,40,"Anderson",76978,436.488347320014,0.173043974871502,306.581101093819,46.76660864143,519.628984904778,17.3043974871502
2020-12-07,3493,140,3227,124,266,16,3641,136,42283,593,45924,729,2,34,28,428,110,3031,4,99,41,"Anderson",76978,527.42341967835,0.169837587006961,947.023824988958,181.870144716672,556.003013848112,16.9837587006961
2020-12-08,3564,71,3276,49,288,22,3693,52,42581,298,46274,350,1,35,-8,420,78,3109,2,101,43,"Anderson",76978,520.92805736704,0.172827172827173,454.675361791681,92.2341448205981,545.610434150017,17.2827172827173
2020-12-09,3669,105,3367,91,302,14,3797,104,42842,261,46639,365,0,35,46,466,59,3168,3,104,44,"Anderson",76978,637.844578970615,0.193490860454748,474.16144872561,136.402608537504,605.367767414066,19.3490860454748
2020-12-10,3763,94,3445,78,318,16,3884,87,43374,532,47258,619,3,38,81,547,10,3178,3,107,45,"Anderson",76978,706.695419470498,0.187332053742802,804.125854140144,122.112811452623,710.592636857284,18.7332053742802
2020-12-11,3836,73,3498,53,338,20,3935,51,43540,166,47475,217,1,39,30,577,42,3220,2,109,45,"Anderson",76978,714.48985424407,0.183006535947712,281.898724310842,94.832289745122,749.564810725142,18.3006535947712
2020-12-12,3924,88,3559,61,365,27,4000,65,44053,513,48053,578,0,39,55,632,33,3253,2,111,45,"Anderson",76978,788.536984593001,0.169036845507434,750.863883187404,114.318376679051,821.013796149549,16.9036845507434
2020-12-13,4156,232,3742,183,414,49,4204,204,44925,872,49129,1076,1,40,188,820,43,3296,0,111,47,"Anderson",76978,1043.15518719634,0.177681748856126,1397.80196939385,301.384811244771,1065.23941905479,17.7681748856126
2020-12-14,4271,115,3828,86,443,29,4303,99,45216,291,49519,390,0,40,-37,783,152,3448,1,112,48,"Anderson",76978,1010.67837563979,0.184144645340751,506.638260282159,149.393333160124,1017.1737379511,18.4144645340751
2020-12-15,4406,135,3913,85,493,50,4399,96,45743,527,50142,623,1,41,42,825,92,3540,6,118,51,"Anderson",76978,1093.81901322456,0.182523267838676,809.322143989192,175.374782405363,1071.7347813661,18.2523267838676
2020-12-16,4475,69,3943,30,532,39,4435,36,46066,323,50501,359,2,43,-17,808,84,3624,4,122,52,"Anderson",76978,1047.05240458313,0.165199378560331,466.367013952038,89.6359998960742,1049.65054950765,16.5199378560331
2020-12-17,4676,201,4117,174,559,27,4629,194,46594,528,51223,722,2,45,114,922,85,3709,2,124,54,"Anderson",76978,1186.05315804516,0.187894073139975,937.930317753124,261.113564914651,1197.74481020551,18.7894073139975
2020-12-18,4774,98,4193,76,581,22,4716,87,46960,366,51676,453,1,46,23,945,74,3783,2,126,54,"Anderson",76978,1218.5299696017,0.185908117114973,588.479825404661,127.309101301671,1227.62347683754,18.5908117114973
2020-12-19,4879,105,4274,81,605,24,4803,87,47218,258,52021,345,0,46,74,1019,31,3814,1,127,55,"Anderson",76978,1240.61420146016,0.202368951612903,448.179999480371,136.402608537504,1323.75483904492,20.2368951612903
2020-12-20,5019,140,4396,122,623,18,4940,137,47682,464,52622,601,2,48,84,1103,54,3868,3,130,56,"Anderson",76978,1121.09953493206,0.2107071285428,780.742549819429,181.870144716672,1432.87692587493,21.07071285428
2020-12-21,5067,48,4414,18,653,30,4963,23,47902,220,52865,243,3,51,-83,1020,128,3996,2,132,59,"Anderson",76978,1034.06167996051,0.197250448296473,315.674608329653,62.3554781885734,1325.05391150718,19.7250448296473
2020-12-22,5137,70,4458,44,679,26,5010,47,48008,106,53018,153,1,52,-31,989,100,4096,2,134,64,"Anderson",76978,949.621969913482,0.212447844228095,198.758086726078,90.9350723583361,1284.78266517706,21.2447844228095
2020-12-23,5211,74,4500,42,711,32,5053,43,48324,316,53377,359,2,54,-8,981,80,4176,2,136,66,"Anderson",76978,956.117332224792,0.214881780250348,466.367013952038,96.1313622073839,1274.39008547897,21.4881780250348
2020-12-24,5269,58,4524,24,745,34,5080,27,48476,152,53556,179,1,55,-47,934,104,4280,1,137,71,"Anderson",76978,770.349970121333,0.193313330475782,232.533970744888,75.3462028111928,1213.33367975266,19.3313330475782
2020-12-25,5362,93,4601,77,761,16,5172,92,48885,409,54057,501,0,55,-16,918,109,4389,1,138,72,"Anderson",76978,763.854607810024,0.191516169676606,650.835303593234,120.813738990361,1192.54852035647,19.1516169676606
2020-12-26,5418,56,4630,29,788,27,5200,28,49004,119,54204,147,0,55,6,924,50,4439,3,141,74,"Anderson",76978,700.200057159188,0.181859825927623,190.963651952506,72.7480578866689,1200.34295513004,18.1859825927623
2020-12-27,5478,60,4667,37,811,23,5236,36,49140,136,54376,172,1,56,30,954,29,4468,6,147,75,"Anderson",76978,596.274260178233,0.168757126567845,223.440463509055,77.9443477357167,1239.3151289979,16.8757126567845
2020-12-28,5525,47,4688,21,837,26,5256,20,49209,69,54465,89,2,58,-85,869,130,4598,4,151,82,"Anderson",76978,594.975187715971,0.183125,115.617449141313,61.0564057263114,1128.89396970563,18.3125
2020-12-29,5621,96,4740,52,881,44,5304,48,49304,95,54608,143,2,60,-34,835,128,4726,5,156,85,"Anderson",76978,628.751071734781,0.184905660377358,185.767362103458,124.710956377147,1084.72550598872,18.4905660377358
2020-12-30,5656,35,4758,18,898,17,5321,17,49432,128,54753,145,6,66,-89,746,118,4844,1,157,88,"Anderson",76978,578.087245706566,0.194767441860465,188.365507027982,45.4675361791681,969.108056847411,19.4767441860465
2020-12-31,5819,163,4858,100,961,63,5423,102,49736,304,55159,406,6,72,63,809,94,4938,1,158,93,"Anderson",76978,714.48985424407,0.213973799126638,527.42341967835,211.748811348697,1050.94962196991,21.3973799126638
2021-01-01,5884,65,4900,42,984,23,5478,55,50012,276,55490,331,0,72,-25,784,90,5028,2,160,94,"Anderson",76978,678.115825300735,0.213538032100488,429.992985008704,84.4397100470264,1018.47281041336,21.3538032100488
2021-01-02,5977,93,4941,41,1036,52,5519,41,50297,285,55816,326,0,72,49,833,44,5072,2,162,96,"Anderson",76978,726.181506404427,0.197890818858561,423.497622697394,120.813738990361,1082.1273610642,19.7890818858561
2021-01-03,6002,25,4953,12,1049,13,5535,16,50349,52,55884,68,0,72,-9,824,34,5106,1,163,99,"Anderson",76978,680.713970225259,0.198275862068966,88.3369274338123,32.4768115565486,1070.43570890384,19.8275862068966
2021-01-04,6039,37,4977,24,1062,13,5566,31,50456,107,56022,138,1,73,-57,767,93,5199,0,163,104,"Anderson",76978,667.72324560264,0.199100834938985,179.271999792148,48.065681103692,996.388578554912,19.9100834938985
2021-01-05,6111,72,5008,31,1103,41,5597,31,50574,118,56171,149,2,75,-47,720,117,5316,2,165,107,"Anderson",76978,636.545506508353,0.187460012795905,193.56179687703,93.53321728286,935.3321728286,18.7460012795905
2021-01-06,6185,74,5048,40,1137,34,5640,43,50735,161,56375,204,5,80,-12,708,81,5397,2,167,109,"Anderson",76978,687.209332536569,0.196670776818742,265.010782301437,96.1313622073839,919.743303281457,19.6670776818742
2021-01-07,6290,105,5128,80,1162,25,5732,92,50956,221,56688,313,1,81,65,773,39,5436,1,168,112,"Anderson",76978,611.863129725376,0.202092871157619,406.609680687989,136.402608537504,1004.18301332848,20.2092871157619
2021-01-08,6372,82,5178,50,1194,32,5784,52,51155,199,56939,251,5,86,61,834,16,5452,2,170,115,"Anderson",76978,633.947361583829,0.211180124223602,326.067188027748,106.523941905479,1083.42643352646,21.1180124223602
2021-01-09,6482,110,5247,69,1235,41,5859,75,51586,431,57445,506,2,88,45,879,63,5515,0,170,117,"Anderson",76978,656.031593442282,0.208717004297115,657.330665904544,142.897970848814,1141.88469432825,20.8717004297115
2021-01-10,6542,60,5272,25,1270,35,5884,25,51680,94,57564,119,2,90,28,907,30,5545,3,173,118,"Anderson",76978,701.49912962145,0.207738095238095,154.589623009171,77.9443477357167,1178.25872327158,20.7738095238095
2021-01-11,6575,33,5282,10,1293,23,5897,13,51751,71,57648,84,1,91,-93,814,125,5670,1,174,120,"Anderson",76978,696.302839772403,0.203567035670357,109.122086830003,42.8693912546442,1057.44498428122,20.3567035670357
2021-01-12,6628,53,5316,34,1312,19,5935,38,51923,172,57858,210,2,93,-100,714,151,5821,1,175,120,"Anderson",76978,671.620462989426,0.200355660936574,272.805217075008,68.8508404998831,927.537738055029,20.0355660936574
2021-01-13,6654,26,5333,17,1321,9,5954,19,52013,90,57967,109,3,96,-44,670,67,5888,0,175,121,"Anderson",76978,609.264984800852,0.197236180904523,141.598898386552,33.7758840188106,870.378549715503,19.7236180904523
2021-01-14,6751,97,5395,62,1356,35,6028,74,52420,407,58448,481,5,101,9,679,83,5971,2,177,123,"Anderson",76978,598.872405102757,0.168181818181818,624.853854347995,126.010028839409,882.070201875861,16.8181818181818
2021-01-15,6785,34,5415,20,1370,14,6052,24,52575,155,58627,179,0,101,-16,663,50,6021,1,178,126,"Anderson",76978,536.516926914183,0.158767772511848,232.533970744888,44.1684637169061,861.285042479669,15.8767772511848
2021-01-16,6849,64,5445,30,1404,34,6085,33,52819,244,58904,277,1,102,2,665,61,6082,1,179,129,"Anderson",76978,476.759593650134,0.154900616860864,359.843072046559,83.1406375847645,863.883187404193,15.4900616860864
2021-01-17,6886,37,5465,20,1421,17,6108,23,52923,104,59031,127,0,102,-7,658,44,6126,0,179,131,"Anderson",76978,446.880927018109,0.152692569870484,164.982202707267,48.065681103692,854.78968016836,15.2692569870484
2021-01-18,6905,19,5473,8,1432,11,6118,10,53019,96,59137,106,1,103,-68,590,86,6212,0,179,132,"Anderson",76978,428.693912546442,0.148421759570181,137.701680999766,24.682376782977,766.452752734548,14.8421759570181
2021-01-19,6947,42,5490,17,1457,25,6138,20,53131,112,59269,132,1,104,-78,512,119,6331,0,179,134,"Anderson",76978,414.40411546156,0.143869596031184,171.477565018577,54.5610434150017,665.125100678116,14.3869596031184
2021-01-20,6975,28,5506,16,1469,12,6157,19,53283,152,59440,171,3,107,-29,483,54,6385,0,179,137,"Anderson",76978,417.002260386084,0.137813985064494,222.141391046793,36.3740289433345,627.451999272519,13.7813985064494
2021-01-21,7031,56,5546,40,1485,16,6196,39,53524,241,59720,280,5,112,-43,440,94,6479,2,181,138,"Anderson",76978,363.740289433345,0.132075471698113,363.740289433345,72.7480578866689,571.591883395256,13.2075471698113
2021-01-22,7069,38,5564,18,1505,20,6218,22,53669,145,59887,167,2,114,-16,424,52,6531,0,181,141,"Anderson",76978,368.936579282392,0.131746031746032,216.945101197745,49.3647535659539,550.806723999065,13.1746031746032
2021-01-23,7107,38,5578,14,1529,24,6231,13,53929,260,60160,273,0,114,8,432,30,6561,1,182,141,"Anderson",76978,335.160695263582,0.116242038216561,354.646782197511,49.3647535659539,561.19930369716,11.6242038216561
2021-01-24,7120,13,5590,12,1530,1,6245,14,53996,67,60241,81,0,114,-21,411,34,6595,0,182,143,"Anderson",76978,303.982956169295,0.113223140495868,105.224869443218,16.8879420094053,533.918781989659,11.3223140495868
2021-01-25,7137,17,5601,11,1536,6,6256,11,54056,60,60312,71,2,116,-47,364,62,6657,1,183,145,"Anderson",76978,301.384811244771,0.117446808510638,92.2341448205981,22.0842318584531,472.862376263348,11.7446808510638
2021-01-26,7164,27,5622,21,1542,6,6281,25,54219,163,60500,188,0,116,-36,328,63,6720,1,184,148,"Anderson",76978,281.898724310842,0.116165718927701,244.225622905246,35.0749564810725,426.095767621918,11.6165718927701
2021-01-27,7181,17,5630,8,1551,9,6290,9,54305,86,60595,95,4,120,-17,311,30,6750,0,184,150,"Anderson",76978,267.608927225961,0.115151515151515,123.411883914885,22.0842318584531,404.011535763465,11.5151515151515
2021-01-28,7268,87,5670,40,1598,47,6337,47,54531,226,60868,273,4,124,24,335,59,6809,0,184,151,"Anderson",76978,307.880173556081,0.122822299651568,354.646782197511,113.019304216789,435.189274857752,12.2822299651568
2021-01-29,7281,13,5674,4,1607,9,6342,5,54576,45,60918,50,1,125,-34,301,46,6855,1,185,151,"Anderson",76978,275.403361999532,0.120271580989331,64.9536231130973,16.8879420094053,391.020811140845,12.0271580989331
2021-01-30,7321,40,5709,35,1612,5,6378,36,54835,259,61213,295,2,127,1,302,37,6892,2,187,152,"Anderson",76978,278.001506924056,0.13960113960114,383.226376367274,51.9628984904778,392.319883603107,13.960113960114
2021-01-31,7337,16,5716,7,1621,9,6389,11,55004,169,61393,180,1,128,-4,298,19,6911,0,187,154,"Anderson",76978,281.898724310842,0.125,233.83304320715,20.7851593961911,387.12359375406,12.5
2021-02-01,7357,20,5728,12,1629,8,6402,13,55057,53,61459,66,1,129,-26,272,45,6956,1,188,156,"Anderson",76978,285.795941697628,0.127288578901482,85.7387825092884,25.9814492452389,353.347709735249,12.7288578901482
2021-02-02,7364,7,5734,6,1630,1,6408,6,55126,69,61534,75,5,134,-45,227,47,7003,0,188,157,"Anderson",76978,259.814492452389,0.122823984526112,97.4304346696459,9.09350723583361,294.889448933461,12.2823984526112
2021-02-03,7386,22,5740,6,1646,16,6418,10,55318,192,61736,202,4,138,1,228,17,7020,0,188,158,"Anderson",76978,266.309854763699,0.112182296231376,262.412637376913,28.5795941697628,296.188521395723,11.2182296231376
2021-02-04,7416,30,5754,14,1662,16,6435,17,55642,324,62077,341,2,140,-5,223,33,7053,0,188,158,"Anderson",76978,192.262724414768,0.0810587262200165,442.983709631323,38.9721738678584,289.693159084414,8.10587262200166
2021-02-05,7434,18,5765,11,1669,7,6452,17,55799,157,62251,174,2,142,-13,210,29,7082,0,188,159,"Anderson",76978,198.758086726078,0.0825206301575394,226.038608433578,23.383304320715,272.805217075008,8.25206301575394
2021-02-06,7460,26,5781,16,1679,10,6472,20,56021,222,62493,242,1,143,8,218,17,7099,1,189,159,"Anderson",76978,180.57107225441,0.0734375,314.375535867391,33.7758840188106,283.197796773104,7.34375
2021-02-07,7473,13,5788,7,1685,6,6480,8,56128,107,62608,115,0,143,-10,208,23,7122,0,189,159,"Anderson",76978,176.673854867625,0.0748971193415638,149.393333160124,16.8879420094053,270.207072150485,7.48971193415638
2021-02-08,7498,25,5794,6,1704,19,6485,5,56150,22,62635,27,2,145,-12,196,35,7157,0,189,159,"Anderson",76978,183.169217178934,0.070578231292517,35.0749564810725,32.4768115565486,254.618202603341,7.0578231292517
2021-02-09,7522,24,5804,10,1718,14,6496,11,56319,169,62815,180,2,147,-24,172,46,7203,2,191,159,"Anderson",76978,205.253449037387,0.068696330991413,233.83304320715,31.1777390942867,223.440463509055,6.8696330991413
2021-02-10,7547,25,5819,15,1728,10,6515,19,56514,195,63029,214,1,148,8,180,16,7219,1,192,159,"Anderson",76978,209.150666424173,0.0750193348801237,278.001506924056,32.4768115565486,233.83304320715,7.50193348801237
2021-02-11,7560,13,5827,8,1733,5,6527,12,56694,180,63221,192,-1,147,-16,164,30,7249,0,192,160,"Anderson",76978,187.06643456572,0.0804195804195804,249.421912754293,16.8879420094053,213.047883810959,8.04195804195804
2021-02-12,7587,27,5842,15,1745,12,6542,15,56888,194,63430,209,0,147,13,177,14,7263,0,192,160,"Anderson",76978,198.758086726078,0.0763358778625954,271.506144612746,35.0749564810725,229.935825820364,7.63358778625954
2021-02-13,7613,26,5852,10,1761,16,6552,10,57077,189,63629,199,0,147,11,188,15,7278,0,192,160,"Anderson",76978,198.758086726078,0.0704225352112676,258.515419990127,33.7758840188106,244.225622905246,7.04225352112676
2021-02-14,7627,14,5862,10,1765,4,6563,11,57138,61,63701,72,2,149,1,189,11,7289,0,192,160,"Anderson",76978,200.05715918834,0.0759377859103385,93.53321728286,18.1870144716672,245.524695367508,7.59377859103385
2021-02-15,7643,16,5870,8,1773,8,6572,9,57211,73,63783,82,0,149,-6,183,22,7311,1,193,161,"Anderson",76978,188.365507027982,0.0757839721254355,106.523941905479,20.7851593961911,237.730260593936,7.57839721254355
2021-02-16,7672,29,5884,14,1788,15,6589,17,57295,84,63884,101,0,149,11,194,18,7329,0,193,161,"Anderson",76978,194.860869339292,0.0869971936389149,131.206318688456,37.6731014055964,252.020057678817,8.69971936389149
2021-02-17,7691,19,5896,12,1795,7,6601,12,57403,108,64004,120,0,149,-8,186,27,7356,0,193,163,"Anderson",76978,187.06643456572,0.0882051282051282,155.888695471433,24.682376782977,241.627477980722,8.82051282051282
2021-02-18,7715,24,5918,22,1797,2,6627,26,57559,156,64186,182,0,149,9,195,15,7371,0,193,163,"Anderson",76978,201.356231650601,0.103626943005181,236.431188131674,31.1777390942867,253.319130141079,10.3626943005181
2021-02-19,7728,13,5929,11,1799,2,6642,15,57605,46,64247,61,0,149,0,195,13,7384,0,193,164,"Anderson",76978,183.169217178934,0.122399020807834,79.2434201979787,16.8879420094053,253.319130141079,12.2399020807834
2021-02-20,7747,19,5936,7,1811,12,6651,9,57727,122,64378,131,1,150,3,198,15,7399,0,193,165,"Anderson",76978,174.075709943101,0.132176234979973,170.178492556315,24.682376782977,257.216347527865,13.2176234979973
2021-02-21,7759,12,5943,7,1816,5,6658,7,57791,64,64449,71,2,152,-1,197,11,7410,1,194,165,"Anderson",76978,171.477565018577,0.127005347593583,92.2341448205981,15.5888695471433,255.917275065603,12.7005347593583
2021-02-22,7764,5,5945,2,1819,3,6664,6,57828,37,64492,43,1,153,-17,180,21,7431,0,194,166,"Anderson",76978,157.187767933695,0.129760225669958,55.8601158772636,6.49536231130973,233.83304320715,12.9760225669958
2021-02-23,7788,24,5954,9,1834,15,6672,8,57971,143,64643,151,2,155,-2,178,24,7455,0,194,168,"Anderson",76978,150.692405622386,0.10935441370224,196.159941801554,31.1777390942867,231.234898282626,10.935441370224
2021-02-24,7820,32,5973,19,1847,13,6695,23,58145,174,64840,197,0,155,15,193,17,7472,0,194,168,"Anderson",76978,167.580347631791,0.11244019138756,255.917275065603,41.5703187923822,250.720985216555,11.244019138756
2021-02-25,7837,17,5981,8,1856,9,6706,11,58272,127,64978,138,1,156,-3,190,19,7491,0,194,168,"Anderson",76978,158.486840395957,0.0997474747474748,179.271999792148,22.0842318584531,246.82376782977,9.97474747474748
2021-02-26,7849,12,5989,8,1860,4,6715,9,58371,99,65086,108,0,156,-17,173,29,7520,0,194,168,"Anderson",76978,157.187767933695,0.0870083432657926,140.29982592429,15.5888695471433,224.739535971316,8.70083432657926
2021-02-27,7858,9,5996,7,1862,2,6721,6,58463,92,65184,98,0,156,-6,167,15,7535,0,194,168,"Anderson",76978,144.197043311076,0.086848635235732,127.309101301671,11.6916521603575,216.945101197745,8.6848635235732
2021-02-28,7872,14,6006,10,1866,4,6732,11,58534,71,65266,82,0,156,0,167,14,7549,0,194,168,"Anderson",76978,146.7951882356,0.0905752753977968,106.523941905479,18.1870144716672,216.945101197745,9.05752753977968
2021-03-01,7880,8,6011,5,1869,3,6739,7,58569,35,65308,42,0,156,-11,156,19,7568,0,194,169,"Anderson",76978,150.692405622386,0.0919117647058824,54.5610434150017,10.3925796980956,202.655304112863,9.19117647058824
2021-03-02,7903,23,6022,11,1881,12,6749,10,58685,116,65434,126,1,157,-2,154,24,7592,1,195,169,"Anderson",76978,149.393333160124,0.0973451327433628,163.683130245005,29.8786666320247,200.05715918834,9.73451327433628
2021-03-03,7936,33,6043,21,1893,12,6774,25,58801,116,65575,141,1,158,13,167,19,7611,0,195,170,"Anderson",76978,150.692405622386,0.107482993197279,183.169217178934,42.8693912546442,216.945101197745,10.7482993197279
2021-03-04,7961,25,6056,13,1905,12,6791,17,58964,163,65755,180,0,158,13,180,12,7623,0,195,170,"Anderson",76978,161.084985320481,0.109395109395109,233.83304320715,32.4768115565486,233.83304320715,10.9395109395109
2021-03-05,7994,33,6073,17,1921,16,6813,22,59098,134,65911,156,0,158,18,198,15,7638,2,197,170,"Anderson",76978,188.365507027982,0.118787878787879,202.655304112863,42.8693912546442,257.216347527865,11.8787878787879
2021-03-06,8004,10,6078,5,1926,5,6821,8,59187,89,66008,97,0,158,-1,197,11,7649,0,197,170,"Anderson",76978,189.664579490244,0.121359223300971,126.010028839409,12.9907246226195,255.917275065603,12.1359223300971
2021-03-07,8010,6,6081,3,1929,3,6824,3,59226,39,66050,42,0,158,-10,187,16,7665,0,197,170,"Anderson",76978,179.271999792148,0.11734693877551,54.5610434150017,7.79443477357167,242.926550442984,11.734693877551
2021-03-08,8026,16,6088,7,1938,9,6833,9,59303,77,66136,86,1,159,-4,183,19,7684,0,197,170,"Anderson",76978,189.664579490244,0.113526570048309,111.720231754527,20.7851593961911,237.730260593936,11.3526570048309
2021-03-09,8047,21,6096,8,1951,13,6841,8,59368,65,66209,73,0,159,3,186,18,7702,3,200,171,"Anderson",76978,187.06643456572,0.118709677419355,94.832289745122,27.2805217075008,241.627477980722,11.8709677419355
2021-03-10,8069,22,6109,13,1960,9,6857,16,59525,157,66382,173,0,159,11,197,11,7713,1,201,171,"Anderson",76978,172.776637480839,0.102850061957869,224.739535971316,28.5795941697628,255.917275065603,10.2850061957869
2021-03-11,8092,23,6119,10,1973,13,6867,10,59622,97,66489,107,0,159,1,198,22,7735,1,202,172,"Anderson",76978,170.178492556315,0.103542234332425,139.000753462028,29.8786666320247,257.216347527865,10.3542234332425
2021-03-12,8112,20,6136,17,1976,3,6887,20,59728,106,66615,126,0,159,8,206,12,7747,0,202,172,"Anderson",76978,153.29055054691,0.105113636363636,163.683130245005,25.9814492452389,267.608927225961,10.5113636363636
2021-03-13,8123,11,6140,4,1983,7,6891,4,59804,76,66695,80,0,159,2,208,9,7756,1,203,172,"Anderson",76978,154.589623009171,0.101892285298399,103.925796980956,14.2897970848814,270.207072150485,10.1892285298399
2021-03-14,8129,6,6144,4,1985,2,6897,6,59840,36,66737,42,0,159,-13,195,19,7775,1,204,172,"Anderson",76978,154.589623009171,0.106259097525473,54.5610434150017,7.79443477357167,253.319130141079,10.6259097525473
2021-03-15,8147,18,6150,6,1997,12,6903,6,59873,33,66776,39,0,159,-9,186,27,7802,1,205,172,"Anderson",76978,157.187767933695,0.109375,50.6638260282159,23.383304320715,241.627477980722,10.9375
2021-03-16,8180,33,6163,13,2017,20,6918,15,59966,93,66884,108,0,159,-2,184,35,7837,2,207,172,"Anderson",76978,172.776637480839,0.114074074074074,140.29982592429,42.8693912546442,239.029333056198,11.4074074074074
2021-03-17,8197,17,6174,11,2023,6,6931,13,60053,87,66984,100,0,159,-5,179,22,7859,0,207,173,"Anderson",76978,166.281275169529,0.122923588039867,129.907246226195,22.0842318584531,232.533970744888,12.2923588039867
2021-03-18,8213,16,6186,12,2027,4,6946,15,60134,81,67080,96,1,160,-1,178,16,7875,0,207,173,"Anderson",76978,157.187767933695,0.133671742808799,124.710956377147,20.7851593961911,231.234898282626,13.3671742808799
2021-03-19,8237,24,6200,14,2037,10,6959,13,60253,119,67212,132,0,160,13,191,11,7886,1,208,173,"Anderson",76978,162.384057782743,0.120603015075377,171.477565018577,31.1777390942867,248.122840292031,12.0603015075377
2021-03-20,8249,12,6206,6,2043,6,6967,8,60292,39,67259,47,0,160,3,194,9,7895,1,209,173,"Anderson",76978,163.683130245005,0.134751773049645,61.0564057263114,15.5888695471433,252.020057678817,13.4751773049645
2021-03-21,8259,10,6212,6,2047,4,6974,7,60354,62,67328,69,-1,159,-5,189,16,7911,0,209,173,"Anderson",76978,168.879420094053,0.130287648054146,89.6359998960742,12.9907246226195,245.524695367508,13.0287648054146
2021-03-22,8265,6,6213,1,2052,5,6975,1,60420,66,67395,67,0,159,-9,180,15,7926,1,210,173,"Anderson",76978,153.29055054691,0.116316639741519,87.0378549715503,7.79443477357167,233.83304320715,11.6316639741519
2021-03-23,8271,6,6214,1,2057,5,6976,1,60463,43,67439,44,0,159,-15,165,21,7947,0,210,174,"Anderson",76978,118.215594065837,0.104504504504505,57.1591883395256,7.79443477357167,214.346956273221,10.4504504504505
2021-03-24,8279,8,6221,7,2058,1,6983,7,60584,121,67567,128,1,160,-11,154,18,7965,0,210,174,"Anderson",76978,106.523941905479,0.0891938250428816,166.281275169529,10.3925796980956,200.05715918834,8.91938250428817
2021-03-25,8289,10,6226,5,2063,5,6989,6,60685,101,67674,107,0,160,-10,144,20,7985,0,210,174,"Anderson",76978,98.7295071319078,0.0723905723905724,139.000753462028,12.9907246226195,187.06643456572,7.23905723905724
2021-03-26,8306,17,6238,12,2068,5,7000,11,60751,66,67751,77,0,160,2,146,15,8000,0,210,175,"Anderson",76978,89.6359998960742,0.0760667903525046,100.02857959417,22.0842318584531,189.664579490244,7.60667903525046
2021-03-27,8310,4,6242,4,2068,0,7006,6,60815,64,67821,70,1,161,-12,134,15,8015,2,212,175,"Anderson",76978,79.2434201979786,0.0693950177935943,90.9350723583361,5.19628984904778,174.075709943101,6.93950177935943
2021-03-28,8313,3,6242,0,2071,3,7006,0,60844,29,67850,29,1,162,-12,122,14,8029,0,212,176,"Anderson",76978,70.149912962145,0.0613026819923372,37.6731014055964,3.89721738678583,158.486840395957,6.13026819923372
2021-03-29,8328,15,6246,4,2082,11,7010,4,60930,86,67940,90,1,163,-16,106,30,8059,0,212,177,"Anderson",76978,81.8415651225025,0.0642201834862385,116.916521603575,19.4860869339292,137.701680999766,6.42201834862385
2021-03-30,8333,5,6249,3,2084,2,7013,3,60988,58,68001,61,1,164,-12,94,16,8075,0,212,177,"Anderson",76978,80.5424926602406,0.0658362989323843,79.2434201979787,6.49536231130973,122.112811452623,6.58362989323843
2021-03-31,8356,23,6263,14,2093,9,7029,16,61152,164,68181,180,1,165,10,104,12,8087,1,213,177,"Anderson",76978,100.02857959417,0.0749185667752443,233.83304320715,29.8786666320247,135.103536075242,7.49185667752443
2021-04-01,8365,9,6267,4,2098,5,7033,4,61209,57,68242,61,0,165,-8,96,17,8104,0,213,177,"Anderson",76978,98.7295071319078,0.0774647887323944,79.2434201979787,11.6916521603575,124.710956377147,7.74647887323944
2021-04-02,8374,9,6274,7,2100,2,7040,7,61279,70,68319,77,0,165,-1,95,10,8114,0,213,177,"Anderson",76978,88.3369274338123,0.0704225352112676,100.02857959417,11.6916521603575,123.411883914885,7.04225352112676
2021-04-03,8380,6,6279,5,2101,1,7046,6,61329,50,68375,56,0,165,-8,87,14,8128,0,213,177,"Anderson",76978,90.9350723583361,0.0722021660649819,72.7480578866689,7.79443477357167,113.019304216789,7.22021660649819
2021-04-04,8382,2,6281,2,2101,0,7048,2,61367,38,68415,40,0,165,-5,82,7,8135,0,213,177,"Anderson",76978,89.6359998960742,0.0743362831858407,51.9628984904778,2.59814492452389,106.523941905479,7.43362831858407
2021-04-05,8396,14,6284,3,2112,11,7050,2,61425,58,68475,60,0,165,4,86,10,8145,2,215,177,"Anderson",76978,88.3369274338123,0.0747663551401869,77.9443477357167,18.1870144716672,111.720231754527,7.47663551401869
2021-04-06,8401,5,6288,4,2113,1,7056,6,61467,42,68523,48,0,165,3,89,2,8147,0,215,177,"Anderson",76978,88.3369274338123,0.0823754789272031,62.3554781885734,6.49536231130973,115.617449141313,8.23754789272031
2021-04-07,8421,20,6301,13,2120,7,7070,14,61626,159,68696,173,0,165,10,99,10,8157,2,217,177,"Anderson",76978,84.4397100470264,0.0796116504854369,224.739535971316,25.9814492452389,128.608173763933,7.96116504854369
2021-04-08,8424,3,6303,2,2121,1,7073,3,61717,91,68790,94,5,170,-17,82,15,8172,1,218,177,"Anderson",76978,76.6452752734548,0.072992700729927,122.112811452623,3.89721738678583,106.523941905479,7.2992700729927
2021-04-09,8432,8,6309,6,2123,2,7082,9,61804,87,68886,96,-4,166,8,90,4,8176,0,218,177,"Anderson",76978,75.3462028111928,0.0740740740740741,124.710956377147,10.3925796980956,116.916521603575,7.40740740740741
2021-04-10,8437,5,6314,5,2123,0,7087,5,61875,71,68962,76,0,166,-6,84,11,8187,0,218,177,"Anderson",76978,74.0471303489309,0.0698466780238501,98.7295071319078,6.49536231130973,109.122086830003,6.98466780238501
2021-04-11,8444,7,6319,5,2125,2,7092,5,61919,44,69011,49,-1,165,0,84,8,8195,0,218,177,"Anderson",76978,80.5424926602406,0.0738255033557047,63.6545506508353,9.09350723583361,109.122086830003,7.38255033557047
2021-04-12,8447,3,6322,3,2125,0,7095,3,61988,69,69083,72,0,165,-7,77,10,8205,0,218,177,"Anderson",76978,66.2526955753592,0.0740131578947368,93.53321728286,3.89721738678583,100.02857959417,7.40131578947368
2021-04-13,8457,10,6327,5,2130,5,7101,6,62049,61,69150,67,5,170,-7,70,12,8217,0,218,177,"Anderson",76978,72.7480578866689,0.0717703349282297,87.0378549715503,12.9907246226195,90.9350723583361,7.17703349282297
2021-04-14,8471,14,6336,9,2135,5,7112,11,62187,138,69299,149,0,170,7,77,7,8224,0,218,177,"Anderson",76978,64.9536231130973,0.0696517412935323,193.56179687703,18.1870144716672,100.02857959417,6.96517412935323
2021-04-15,8480,9,6341,5,2139,4,7117,5,62268,81,69385,86,0,170,6,83,3,8227,0,218,177,"Anderson",76978,72.7480578866689,0.0739495798319328,111.720231754527,11.6916521603575,107.823014367741,7.39495798319328
2021-04-16,8493,13,6352,11,2141,2,7130,13,62421,153,69551,166,0,170,6,89,7,8234,0,218,177,"Anderson",76978,79.2434201979786,0.0721804511278196,215.646028735483,16.8879420094053,115.617449141313,7.21804511278196
2021-04-17,8498,5,6355,3,2143,2,7134,4,62486,65,69620,69,0,170,0,89,5,8239,0,218,177,"Anderson",76978,79.2434201979786,0.0714285714285714,89.6359998960742,6.49536231130973,115.617449141313,7.14285714285714
2021-04-18,8505,7,6361,6,2144,1,7140,6,62531,45,69671,51,0,170,0,89,7,8246,0,218,177,"Anderson",76978,79.2434201979786,0.0727272727272727,66.2526955753592,9.09350723583361,115.617449141313,7.27272727272727
2021-04-19,8511,6,6364,3,2147,3,7143,3,62554,23,69697,26,0,170,-6,83,12,8258,0,218,178,"Anderson",76978,83.1406375847645,0.0781758957654723,33.7758840188106,7.79443477357167,107.823014367741,7.81758957654723
2021-04-20,8517,6,6367,3,2150,3,7146,3,62653,99,69799,102,0,170,-1,82,7,8265,0,218,178,"Anderson",76978,77.9443477357167,0.0693374422187981,132.505391150718,7.79443477357167,106.523941905479,6.93374422187981
2021-04-21,8529,12,6373,6,2156,6,7152,6,62808,155,69960,161,1,171,-2,80,13,8278,0,218,178,"Anderson",76978,75.3462028111928,0.0605143721633888,209.150666424173,15.5888695471433,103.925796980956,6.05143721633888
2021-04-22,8547,18,6379,6,2168,12,7159,7,62952,144,70111,151,0,171,12,92,6,8284,0,218,178,"Anderson",76978,87.0378549715503,0.0578512396694215,196.159941801554,23.383304320715,119.514666528099,5.78512396694215
2021-04-23,8557,10,6384,5,2173,5,7165,6,63118,166,70283,172,0,171,8,100,2,8286,0,218,178,"Anderson",76978,83.1406375847645,0.0478142076502732,223.440463509055,12.9907246226195,129.907246226195,4.78142076502732
2021-04-24,8569,12,6390,6,2179,6,7172,7,63185,67,70357,74,0,171,8,108,4,8290,1,219,178,"Anderson",76978,92.2341448205981,0.0515603799185889,96.1313622073839,15.5888695471433,140.29982592429,5.15603799185889
2021-04-25,8573,4,6392,2,2181,2,7174,2,63225,40,70399,42,0,171,0,108,4,8294,0,219,178,"Anderson",76978,88.3369274338123,0.0467032967032967,54.5610434150017,5.19628984904778,140.29982592429,4.67032967032967
2021-04-26,8582,9,6396,4,2186,5,7178,4,63300,75,70478,79,0,171,2,110,7,8301,0,219,179,"Anderson",76978,92.2341448205981,0.0448143405889885,102.626724518694,11.6916521603575,142.897970848814,4.48143405889885
2021-04-27,8592,10,6402,6,2190,4,7184,6,63368,68,70552,74,0,171,-3,107,13,8314,0,219,179,"Anderson",76978,97.4304346696459,0.050464807436919,96.1313622073839,12.9907246226195,139.000753462028,5.0464807436919
2021-04-28,8609,17,6414,12,2195,5,7197,13,63506,138,70703,151,0,171,1,108,16,8330,1,220,180,"Anderson",76978,103.925796980956,0.0605652759084791,196.159941801554,22.0842318584531,140.29982592429,6.05652759084791
2021-04-29,8615,6,6416,2,2199,4,7200,3,63655,149,70855,152,0,171,-1,107,7,8337,0,220,180,"Anderson",76978,88.3369274338123,0.0551075268817204,197.459014263816,7.79443477357167,139.000753462028,5.51075268817204
2021-04-30,8622,7,6419,3,2203,4,7204,4,63777,122,70981,126,0,171,-2,105,9,8346,0,220,180,"Anderson",76978,84.4397100470264,0.0558739255014327,163.683130245005,9.09350723583361,136.402608537504,5.58739255014327
2021-05-01,8627,5,6422,3,2205,2,7207,3,63840,63,71047,66,0,171,-1,104,6,8352,1,221,180,"Anderson",76978,75.3462028111928,0.0507246376811594,85.7387825092884,6.49536231130973,135.103536075242,5.07246376811594
2021-05-02,8630,3,6423,1,2207,2,7208,1,63891,51,71099,52,0,171,-7,97,10,8362,0,221,180,"Anderson",76978,74.0471303489309,0.0485714285714286,67.5517680376211,3.89721738678583,126.010028839409,4.85714285714286
2021-05-03,8640,10,6428,5,2212,5,7213,5,63997,106,71210,111,0,171,-3,94,13,8375,0,221,180,"Anderson",76978,75.3462028111928,0.0478142076502732,144.197043311076,12.9907246226195,122.112811452623,4.78142076502732
2021-05-04,8642,2,6428,0,2214,2,7214,1,64073,76,71287,77,0,171,-11,83,13,8388,0,221,180,"Anderson",76978,64.9536231130973,0.0408163265306122,100.02857959417,2.59814492452389,107.823014367741,4.08163265306122
2021-05-05,8650,8,6432,4,2218,4,7217,3,64190,117,71407,120,0,171,-3,80,11,8399,0,221,180,"Anderson",76978,53.2619709527397,0.0284090909090909,155.888695471433,10.3925796980956,103.925796980956,2.84090909090909
2021-05-06,8655,5,6435,3,2220,2,7223,6,64242,52,71465,58,0,171,-4,76,9,8408,1,222,180,"Anderson",76978,51.9628984904778,0.0377049180327869,75.3462028111928,6.49536231130973,98.7295071319078,3.77049180327869
2021-05-07,8660,5,6437,2,2223,3,7226,3,64363,121,71589,124,0,171,-4,72,9,8417,0,222,180,"Anderson",76978,49.3647535659539,0.0361842105263158,161.084985320481,6.49536231130973,93.53321728286,3.61842105263158
2021-05-08,8666,6,6440,3,2226,3,7228,2,64432,69,71660,71,0,171,-6,66,12,8429,1,223,181,"Anderson",76978,50.6638260282159,0.034257748776509,92.2341448205981,7.79443477357167,85.7387825092884,3.4257748776509
2021-05-09,8667,1,6440,0,2227,1,7229,1,64460,28,71689,29,0,171,-4,62,5,8434,0,223,181,"Anderson",76978,48.065681103692,0.0355932203389831,37.6731014055964,1.29907246226194,80.5424926602406,3.55932203389831
2021-05-10,8672,5,6440,0,2232,5,7229,0,64548,88,71777,88,0,171,-5,57,10,8444,0,223,181,"Anderson",76978,41.5703187923822,0.0282186948853616,114.318376679051,6.49536231130973,74.0471303489309,2.82186948853616
2021-05-11,8680,8,6441,1,2239,7,7231,2,64590,42,71821,44,0,171,3,60,5,8449,0,223,182,"Anderson",76978,49.3647535659539,0.0318352059925094,57.1591883395256,10.3925796980956,77.9443477357167,3.18352059925094
2021-05-12,8693,13,6448,7,2245,6,7237,6,64694,104,71931,110,0,171,8,68,5,8454,2,225,182,"Anderson",76978,55.8601158772636,0.0381679389312977,142.897970848814,16.8879420094053,88.3369274338123,3.81679389312977
2021-05-13,8697,4,6450,2,2247,2,7239,2,64797,103,72036,105,0,171,-3,65,7,8461,2,227,182,"Anderson",76978,54.5610434150017,0.0280210157618214,136.402608537504,5.19628984904778,84.4397100470264,2.80210157618214
2021-05-14,8705,8,6453,3,2252,5,7244,5,64884,87,72128,92,0,171,2,67,6,8467,0,227,182,"Anderson",76978,58.4582608017875,0.0333951762523191,119.514666528099,10.3925796980956,87.0378549715503,3.33951762523191
2021-05-15,8710,5,6455,2,2255,3,7246,2,64949,65,72195,67,0,171,1,68,4,8471,0,227,182,"Anderson",76978,57.1591883395256,0.0336448598130841,87.0378549715503,6.49536231130973,88.3369274338123,3.36448598130841
2021-05-16,8712,2,6456,1,2256,1,7247,1,64985,36,72232,37,0,171,-5,63,7,8478,0,227,182,"Anderson",76978,58.4582608017875,0.0331491712707182,48.065681103692,2.59814492452389,81.8415651225025,3.31491712707182
2021-05-17,8718,6,6461,5,2257,1,7252,5,65044,59,72296,64,1,172,0,63,5,8483,0,227,182,"Anderson",76978,59.7573332640495,0.0443159922928709,83.1406375847645,7.79443477357167,81.8415651225025,4.43159922928709
2021-05-18,8722,4,6461,0,2261,4,7252,0,65135,91,72387,91,0,172,0,63,4,8487,1,228,182,"Anderson",76978,54.5610434150017,0.0371024734982332,118.215594065837,5.19628984904778,81.8415651225025,3.71024734982332
2021-05-19,8729,7,6466,5,2263,2,7258,6,65254,119,72512,125,0,172,5,68,2,8489,0,228,182,"Anderson",76978,46.76660864143,0.036144578313253,162.384057782743,9.09350723583361,88.3369274338123,3.6144578313253
2021-05-20,8731,2,6468,2,2263,0,7260,2,65373,119,72633,121,0,172,-1,67,3,8492,0,228,182,"Anderson",76978,44.1684637169061,0.0351758793969849,157.187767933695,2.59814492452389,87.0378549715503,3.51758793969849
2021-05-21,8733,2,6468,0,2265,2,7260,0,65443,70,72703,70,0,172,-7,60,9,8501,0,228,182,"Anderson",76978,36.3740289433345,0.0278260869565217,90.9350723583361,2.59814492452389,77.9443477357167,2.78260869565217
2021-05-22,8738,5,6470,2,2268,3,7262,2,65483,40,72745,42,0,172,-3,57,8,8509,0,228,182,"Anderson",76978,36.3740289433345,0.0290909090909091,54.5610434150017,6.49536231130973,74.0471303489309,2.90909090909091
2021-05-23,8738,0,6470,0,2268,0,7262,0,65512,29,72774,29,0,172,-3,54,3,8512,0,228,182,"Anderson",76978,33.7758840188106,0.0276752767527675,37.6731014055964,0,70.149912962145,2.76752767527675
2021-05-24,8746,8,6474,4,2272,4,7265,3,65571,59,72836,62,0,172,1,55,7,8519,0,228,182,"Anderson",76978,36.3740289433345,0.0240740740740741,80.5424926602406,10.3925796980956,71.448985424407,2.40740740740741
2021-05-25,8748,2,6474,0,2274,2,7266,1,65616,45,72882,46,0,172,-10,45,12,8531,0,228,182,"Anderson",76978,33.7758840188106,0.0282828282828283,59.7573332640495,2.59814492452389,58.4582608017875,2.82828282828283
2021-05-26,8755,7,6479,5,2276,2,7272,6,65716,100,72988,106,0,172,0,45,7,8538,0,228,182,"Anderson",76978,33.7758840188106,0.0294117647058824,137.701680999766,9.09350723583361,58.4582608017875,2.94117647058824
2021-05-27,8757,2,6480,1,2277,1,7273,1,65766,50,73039,51,0,172,-1,44,3,8541,1,229,182,"Anderson",76978,33.7758840188106,0.0320197044334975,66.2526955753592,2.59814492452389,57.1591883395256,3.20197044334975
2021-05-28,8762,5,6484,4,2278,1,7278,5,65849,83,73127,88,0,172,0,44,5,8546,0,229,182,"Anderson",76978,37.6731014055964,0.0424528301886792,114.318376679051,6.49536231130973,57.1591883395256,4.24528301886792
2021-05-29,8763,1,6484,0,2279,1,7278,0,65886,37,73164,37,0,172,-5,39,6,8552,0,229,182,"Anderson",76978,32.4768115565486,0.0381861575178998,48.065681103692,1.29907246226194,50.6638260282159,3.81861575178998
2021-05-30,8766,3,6485,1,2281,2,7279,1,65936,50,73215,51,0,172,0,39,3,8555,0,229,182,"Anderson",76978,36.3740289433345,0.0385487528344671,66.2526955753592,3.89721738678583,50.6638260282159,3.85487528344671
2021-05-31,8770,4,6488,3,2282,1,7282,3,65987,51,73269,54,0,172,1,40,3,8558,0,229,182,"Anderson",76978,31.1777390942867,0.0392609699769053,70.149912962145,5.19628984904778,51.9628984904778,3.92609699769053
2021-06-01,8773,3,6490,2,2283,1,7283,1,66035,48,73318,49,0,172,1,41,2,8560,1,230,182,"Anderson",76978,32.4768115565486,0.0389908256880734,63.6545506508353,3.89721738678583,53.2619709527397,3.89908256880734
2021-06-02,8777,4,6491,1,2286,3,7285,2,66076,41,73361,43,0,172,-2,39,6,8566,0,230,182,"Anderson",76978,28.5795941697628,0.0348525469168901,55.8601158772636,5.19628984904778,50.6638260282159,3.48525469168901
2021-06-03,8778,1,6491,0,2287,1,7288,3,66166,90,73454,93,1,173,-3,36,3,8569,0,230,183,"Anderson",76978,27.2805217075008,0.036144578313253,120.813738990361,1.29907246226194,46.76660864143,3.6144578313253
2021-06-04,8779,1,6492,1,2287,0,7290,2,66219,53,73509,55,-1,172,-2,34,4,8573,0,230,183,"Anderson",76978,22.0842318584531,0.031413612565445,71.448985424407,1.29907246226194,44.1684637169061,3.1413612565445
2021-06-05,8780,1,6493,1,2287,0,7291,1,66276,57,73567,58,0,172,-3,31,4,8577,0,230,183,"Anderson",76978,22.0842318584531,0.032258064516129,75.3462028111928,1.29907246226194,40.2712463301203,3.2258064516129
2021-06-06,8780,0,6493,0,2287,0,7291,0,66301,25,73592,25,0,172,-4,27,4,8581,0,230,183,"Anderson",76978,18.1870144716672,0.0318302387267905,32.4768115565486,0,35.0749564810725,3.18302387267904
2021-06-07,8781,1,6493,0,2288,1,7291,0,66365,64,73656,64,0,172,-1,26,2,8583,0,230,183,"Anderson",76978,14.2897970848814,0.0232558139534884,83.1406375847645,1.29907246226194,33.7758840188106,2.32558139534884
2021-06-08,8782,1,6493,0,2289,1,7291,0,66402,37,73693,37,0,172,-1,25,2,8585,1,231,184,"Anderson",76978,11.6916521603575,0.0213333333333333,48.065681103692,1.29907246226194,32.4768115565486,2.13333333333333
2021-06-09,8782,0,6493,0,2289,0,7291,0,66484,82,73775,82,0,172,-4,21,4,8589,0,231,184,"Anderson",76978,6.49536231130972,0.0144927536231884,106.523941905479,0,27.2805217075008,1.44927536231884
2021-06-10,8786,4,6494,1,2292,3,7292,1,66541,57,73833,58,0,172,4,25,0,8589,0,231,184,"Anderson",76978,10.3925796980956,0.0105540897097625,75.3462028111928,5.19628984904778,32.4768115565486,1.05540897097625
2021-06-11,8787,1,6494,0,2293,1,7293,1,66596,55,73889,56,1,173,-3,22,3,8592,0,231,184,"Anderson",76978,10.3925796980956,0.00789473684210526,72.7480578866689,1.29907246226194,28.5795941697628,0.789473684210526
2021-06-12,8788,1,6494,0,2294,1,7294,1,66651,55,73945,56,2,175,-4,18,3,8595,0,231,184,"Anderson",76978,10.3925796980956,0.00793650793650794,72.7480578866689,1.29907246226194,23.383304320715,0.793650793650794
2021-06-13,8789,1,6494,0,2295,1,7295,1,66689,38,73984,39,0,175,-3,15,4,8599,0,231,184,"Anderson",76978,11.6916521603575,0.0102040816326531,50.6638260282159,1.29907246226194,19.4860869339292,1.02040816326531
2021-06-14,8791,2,6496,2,2295,0,7297,2,66775,86,74072,88,0,175,1,16,1,8600,0,231,184,"Anderson",76978,12.9907246226194,0.0144230769230769,114.318376679051,2.59814492452389,20.7851593961911,1.44230769230769
2021-06-15,8791,0,6496,0,2295,0,7298,1,66806,31,74104,32,0,175,-2,14,2,8602,0,231,184,"Anderson",76978,11.6916521603575,0.0170316301703163,41.5703187923822,0,18.1870144716672,1.70316301703163
2021-06-16,8792,1,6497,1,2295,0,7299,1,66850,44,74149,45,0,175,0,14,1,8603,0,231,184,"Anderson",76978,12.9907246226194,0.0213903743315508,58.4582608017875,1.29907246226194,18.1870144716672,2.13903743315508
2021-06-17,8792,0,6497,0,2295,0,7299,0,66936,86,74235,86,0,175,-1,13,1,8604,0,231,184,"Anderson",76978,7.79443477357167,0.0174129353233831,111.720231754527,0,16.8879420094053,1.74129353233831
2021-06-18,8794,2,6498,1,2296,1,7303,4,66986,50,74289,54,0,175,1,14,1,8605,0,231,184,"Anderson",76978,9.09350723583361,0.025,70.149912962145,2.59814492452389,18.1870144716672,2.5
2021-06-19,8794,0,6498,0,2296,0,7303,0,67034,48,74337,48,0,175,-1,13,1,8606,0,231,184,"Anderson",76978,7.79443477357167,0.0229591836734694,62.3554781885734,0,16.8879420094053,2.29591836734694
2021-06-20,8794,0,6498,0,2296,0,7304,1,67057,23,74361,24,0,175,-2,11,2,8608,0,231,184,"Anderson",76978,6.49536231130972,0.0238726790450928,31.1777390942867,0,14.2897970848814,2.38726790450928
2021-06-21,8795,1,6498,0,2297,1,7304,0,67097,40,74401,40,0,175,0,11,1,8609,0,231,184,"Anderson",76978,5.19628984904778,0.0212765957446809,51.9628984904778,1.29907246226194,14.2897970848814,2.12765957446809
2021-06-22,8799,4,6499,1,2300,3,7304,0,67139,42,74443,42,0,175,2,13,2,8611,1,232,184,"Anderson",76978,10.3925796980956,0.0176991150442478,54.5610434150017,5.19628984904778,16.8879420094053,1.76991150442478
2021-06-23,8800,1,6500,1,2300,0,7305,1,67187,48,74492,49,0,175,1,14,0,8611,0,232,184,"Anderson",76978,10.3925796980956,0.0174927113702624,63.6545506508353,1.29907246226194,18.1870144716672,1.74927113702624
2021-06-24,8800,0,6500,0,2300,0,7306,1,67232,45,74538,46,0,175,-3,11,3,8614,0,232,184,"Anderson",76978,10.3925796980956,0.0231023102310231,59.7573332640495,0,14.2897970848814,2.31023102310231
2021-06-25,8801,1,6501,1,2300,0,7307,1,67268,36,74575,37,0,175,1,12,0,8614,0,232,184,"Anderson",76978,9.09350723583361,0.013986013986014,48.065681103692,1.29907246226194,15.5888695471433,1.3986013986014
2021-06-26,8802,1,6502,1,2300,0,7308,1,67301,33,74609,34,0,175,0,12,1,8615,0,232,184,"Anderson",76978,10.3925796980956,0.0183823529411765,44.1684637169061,1.29907246226194,15.5888695471433,1.83823529411765
2021-06-27,8802,0,6502,0,2300,0,7308,0,67333,32,74641,32,0,175,0,12,0,8615,0,232,184,"Anderson",76978,10.3925796980956,0.0142857142857143,41.5703187923822,0,15.5888695471433,1.42857142857143
2021-06-28,8803,1,6502,0,2301,1,7309,1,67349,16,74658,17,0,175,1,13,0,8615,0,232,184,"Anderson",76978,10.3925796980956,0.0194552529182879,22.0842318584531,1.29907246226194,16.8879420094053,1.94552529182879
2021-06-29,8806,3,6505,3,2301,0,7312,3,67408,59,74720,62,0,175,2,15,1,8616,0,232,184,"Anderson",76978,9.09350723583361,0.0288808664259928,80.5424926602406,3.89721738678583,19.4860869339292,2.88808664259928
2021-06-30,8806,0,6505,0,2301,0,7312,0,67454,46,74766,46,0,175,-1,14,1,8617,0,232,184,"Anderson",76978,7.79443477357167,0.0255474452554745,59.7573332640495,0,18.1870144716672,2.55474452554745
2021-07-01,8807,1,6506,1,2301,0,7313,1,67491,37,74804,38,0,175,1,15,0,8617,0,232,184,"Anderson",76978,9.09350723583361,0.0263157894736842,49.3647535659539,1.29907246226194,19.4860869339292,2.63157894736842
2021-07-02,8807,0,6506,0,2301,0,7313,0,67534,43,74847,43,0,175,0,15,0,8617,0,232,184,"Anderson",76978,7.79443477357167,0.0220588235294118,55.8601158772636,0,19.4860869339292,2.20588235294118
2021-07-03,8807,0,6506,0,2301,0,7313,0,67555,21,74868,21,0,175,-1,14,1,8618,0,232,184,"Anderson",76978,6.49536231130972,0.0193050193050193,27.2805217075008,0,18.1870144716672,1.93050193050193
2021-07-04,8808,1,6506,0,2302,1,7314,1,67580,25,74894,26,0,175,0,14,1,8619,0,232,184,"Anderson",76978,7.79443477357167,0.0237154150197628,33.7758840188106,1.29907246226194,18.1870144716672,2.37154150197628
2021-07-05,8808,0,6506,0,2302,0,7315,1,67595,15,74910,16,0,175,-1,13,1,8620,0,232,184,"Anderson",76978,6.49536231130972,0.0238095238095238,20.7851593961911,0,16.8879420094053,2.38095238095238
2021-07-06,8809,1,6506,0,2303,1,7315,0,67625,30,74940,30,1,176,-3,10,3,8623,0,232,184,"Anderson",76978,3.89721738678583,0.0136363636363636,38.9721738678584,1.29907246226194,12.9907246226195,1.36363636363636
2021-07-07,8810,1,6506,0,2304,1,7315,0,67671,46,74986,46,0,176,-2,8,3,8626,0,232,184,"Anderson",76978,5.19628984904778,0.0136363636363636,59.7573332640495,1.29907246226194,10.3925796980956,1.36363636363636
2021-07-08,8811,1,6507,1,2304,0,7316,1,67712,41,75028,42,0,176,-1,7,2,8628,0,232,184,"Anderson",76978,5.19628984904778,0.0133928571428571,54.5610434150017,1.29907246226194,9.09350723583361,1.33928571428571
2021-07-09,8813,2,6508,1,2305,1,7317,1,67756,44,75073,45,0,176,1,8,1,8629,0,232,184,"Anderson",76978,7.79443477357167,0.0176991150442478,58.4582608017875,2.59814492452389,10.3925796980956,1.76991150442478
2021-07-10,8815,2,6509,1,2306,1,7318,1,67778,22,75096,23,0,176,2,10,0,8629,1,233,184,"Anderson",76978,10.3925796980956,0.0219298245614035,29.8786666320247,2.59814492452389,12.9907246226195,2.19298245614035
2021-07-11,8815,0,6509,0,2306,0,7318,0,67793,15,75111,15,0,176,0,10,0,8629,0,233,184,"Anderson",76978,9.09350723583361,0.0184331797235023,19.4860869339292,0,12.9907246226195,1.84331797235023
2021-07-12,8823,8,6513,4,2310,4,7322,4,67829,36,75151,40,0,176,7,17,1,8630,1,234,184,"Anderson",76978,19.4860869339292,0.029045643153527,51.9628984904778,10.3925796980956,22.0842318584531,2.9045643153527
2021-07-13,8824,1,6513,0,2311,1,7322,0,67850,21,75172,21,0,176,0,17,1,8631,0,234,186,"Anderson",76978,19.4860869339292,0.0301724137931034,27.2805217075008,1.29907246226194,22.0842318584531,3.01724137931034
2021-07-14,8829,5,6518,5,2311,0,7327,5,67904,54,75231,59,0,176,5,22,0,8631,1,235,186,"Anderson",76978,24.682376782977,0.0489795918367347,76.6452752734548,6.49536231130973,28.5795941697628,4.89795918367347
2021-07-15,8832,3,6521,3,2311,0,7329,2,67937,33,75266,35,0,176,3,25,0,8631,0,235,186,"Anderson",76978,27.2805217075008,0.0546218487394958,45.4675361791681,3.89721738678583,32.4768115565486,5.46218487394958
2021-07-16,8842,10,6523,2,2319,8,7330,1,67965,28,75295,29,0,176,10,35,0,8631,0,235,186,"Anderson",76978,37.6731014055964,0.0585585585585586,37.6731014055964,12.9907246226195,45.4675361791681,5.85585585585586
2021-07-17,8847,5,6524,1,2323,4,7331,1,68001,36,75332,37,0,176,4,39,1,8632,0,235,186,"Anderson",76978,41.5703187923822,0.0550847457627119,48.065681103692,6.49536231130973,50.6638260282159,5.50847457627119
2021-07-18,8850,3,6526,2,2324,1,7333,2,68021,20,75354,22,0,176,-1,38,4,8636,0,235,186,"Anderson",76978,45.4675361791681,0.0617283950617284,28.5795941697628,3.89721738678583,49.3647535659539,6.17283950617284
2021-07-19,8855,5,6530,4,2325,1,7337,4,68055,34,75392,38,1,177,2,40,2,8638,0,235,186,"Anderson",76978,41.5703187923822,0.0622406639004149,49.3647535659539,6.49536231130973,51.9628984904778,6.22406639004149
2021-07-20,8870,15,6541,11,2329,4,7348,11,68090,35,75438,46,0,177,10,50,5,8643,1,236,186,"Anderson",76978,59.7573332640495,0.0977443609022556,59.7573332640495,19.4860869339292,64.9536231130973,9.77443609022556
2021-07-21,8877,7,6545,4,2332,3,7353,5,68175,85,75528,90,0,177,5,55,2,8645,0,236,187,"Anderson",76978,62.3554781885734,0.0875420875420875,116.916521603575,9.09350723583361,71.448985424407,8.75420875420875
2021-07-22,8887,10,6550,5,2337,5,7357,4,68231,56,75588,60,0,177,9,64,1,8646,0,236,187,"Anderson",76978,71.448985424407,0.0869565217391304,77.9443477357167,12.9907246226195,83.1406375847645,8.69565217391304
2021-07-23,8897,10,6554,4,2343,6,7362,5,68302,71,75664,76,0,177,10,74,0,8646,0,236,187,"Anderson",76978,71.448985424407,0.0867208672086721,98.7295071319078,12.9907246226195,96.1313622073839,8.67208672086721
2021-07-24,8905,8,6558,4,2347,4,7366,4,68356,54,75722,58,0,177,7,81,1,8647,0,236,188,"Anderson",76978,75.3462028111928,0.0897435897435897,75.3462028111928,10.3925796980956,105.224869443218,8.97435897435897
2021-07-25,8910,5,6561,3,2349,2,7367,1,68378,22,75745,23,0,177,2,83,3,8650,0,236,188,"Anderson",76978,77.9443477357167,0.0869565217391304,29.8786666320247,6.49536231130973,107.823014367741,8.69565217391304
2021-07-26,8933,23,6570,9,2363,14,7375,8,68428,50,75803,58,2,179,13,96,8,8658,0,236,188,"Anderson",76978,101.327652056432,0.0924574209245742,75.3462028111928,29.8786666320247,124.710956377147,9.24574209245742
2021-07-27,8948,15,6575,5,2373,10,7380,5,68481,53,75861,58,0,179,12,108,3,8661,0,236,188,"Anderson",76978,101.327652056432,0.0756501182033097,75.3462028111928,19.4860869339292,140.29982592429,7.56501182033097
2021-07-28,8968,20,6583,8,2385,12,7392,12,68564,83,75956,95,0,179,14,122,6,8667,0,236,188,"Anderson",76978,118.215594065837,0.0911214953271028,123.411883914885,25.9814492452389,158.486840395957,9.11214953271028
2021-07-29,8980,12,6593,10,2387,2,7404,12,68613,49,76017,61,0,179,8,130,4,8671,0,236,188,"Anderson",76978,120.813738990361,0.10955710955711,79.2434201979787,15.5888695471433,168.879420094053,10.955710955711
2021-07-30,9011,31,6614,21,2397,10,7427,23,68662,49,76089,72,0,179,19,149,12,8683,1,237,188,"Anderson",76978,148.094260697862,0.152941176470588,93.53321728286,40.2712463301203,193.56179687703,15.2941176470588
2021-07-31,9024,13,6620,6,2404,7,7433,6,68704,42,76137,48,0,179,8,157,5,8688,0,237,188,"Anderson",76978,154.589623009171,0.16144578313253,62.3554781885734,16.8879420094053,203.954376575125,16.144578313253
2021-08-01,9043,19,6631,11,2412,8,7448,15,68743,39,76191,54,0,179,14,171,5,8693,0,237,188,"Anderson",76978,172.776637480839,0.181614349775785,70.149912962145,24.682376782977,222.141391046793,18.1614349775785
2021-08-02,9054,11,6636,5,2418,6,7453,5,68822,79,76275,84,0,179,3,174,8,8701,0,237,188,"Anderson",76978,157.187767933695,0.165254237288136,109.122086830003,14.2897970848814,226.038608433578,16.5254237288136
2021-08-03,9077,23,6647,11,2430,12,7466,13,68894,72,76360,85,0,179,14,188,9,8710,1,238,188,"Anderson",76978,167.580347631791,0.172344689378758,110.421159292265,29.8786666320247,244.225622905246,17.2344689378758
2021-08-04,9103,26,6669,22,2434,4,7487,21,68996,102,76483,123,0,179,24,212,2,8712,0,238,188,"Anderson",76978,175.374782405363,0.180265654648956,159.785912858219,33.7758840188106,275.403361999532,18.0265654648956
2021-08-05,9133,30,6685,16,2448,14,7503,16,69094,98,76597,114,0,179,13,225,17,8729,1,239,188,"Anderson",76978,198.758086726078,0.170689655172414,148.094260697862,38.9721738678584,292.291304008938,17.0689655172414
2021-08-06,9158,25,6701,16,2457,9,7521,18,69237,143,76758,161,0,179,17,242,8,8737,1,240,188,"Anderson",76978,190.963651952506,0.14050822122571,209.150666424173,32.4768115565486,314.375535867391,14.050822122571
2021-08-07,9171,13,6707,6,2464,7,7528,7,69312,75,76840,82,0,179,5,247,8,8745,0,240,188,"Anderson",76978,190.963651952506,0.135135135135135,106.523941905479,16.8879420094053,320.8708981787,13.5135135135135
2021-08-08,9185,14,6715,8,2470,6,7538,10,69364,52,76902,62,0,179,6,253,8,8753,0,240,188,"Anderson",76978,184.468289641196,0.126582278481013,80.5424926602406,18.1870144716672,328.665332952272,12.6582278481013
2021-08-09,9221,36,6734,19,2487,17,7557,19,69463,99,77020,118,0,179,16,269,20,8773,0,240,188,"Anderson",76978,216.945101197745,0.139597315436242,153.29055054691,46.76660864143,349.450492348463,13.9597315436242
2021-08-10,9260,39,6754,20,2506,19,7577,20,69563,100,77140,120,0,179,20,289,19,8792,2,242,188,"Anderson",76978,237.730260593936,0.142307692307692,155.888695471433,50.6638260282159,375.431941593702,14.2307692307692
2021-08-11,9314,54,6778,24,2536,30,7606,29,69695,132,77301,161,0,179,30,319,24,8816,1,243,188,"Anderson",76978,274.10428953727,0.145476772616137,209.150666424173,70.149912962145,414.40411546156,14.5476772616137
2021-08-12,9362,48,6814,36,2548,12,7643,37,69863,168,77506,205,0,179,27,346,21,8837,0,243,190,"Anderson",76978,297.487593857985,0.154015401540154,266.309854763699,62.3554781885734,449.479071942633,15.4015401540154
2021-08-13,9425,63,6849,35,2576,28,7681,38,69977,114,77658,152,2,181,45,391,16,8853,1,244,191,"Anderson",76978,346.852347423939,0.177777777777778,197.459014263816,81.8415651225025,507.93733274442,17.7777777777778
2021-08-14,9475,50,6884,35,2591,15,7713,32,70163,186,77876,218,0,181,29,420,21,8874,0,244,191,"Anderson",76978,394.918028527631,0.178571428571429,283.197796773104,64.9536231130973,545.610434150017,17.8571428571429
2021-08-15,9498,23,6897,13,2601,10,7728,15,70252,89,77980,104,0,181,16,436,7,8881,0,244,191,"Anderson",76978,406.609680687989,0.176252319109462,135.103536075242,29.8786666320247,566.395593546208,17.6252319109462
2021-08-16,9536,38,6921,24,2615,14,7752,24,70341,89,78093,113,0,181,11,447,27,8908,0,244,192,"Anderson",76978,409.207825612513,0.181733457595527,146.7951882356,49.3647535659539,580.685390631089,18.1733457595527
2021-08-17,9579,43,6942,21,2637,22,7776,24,70449,108,78225,132,1,182,14,461,28,8936,0,244,192,"Anderson",76978,414.40411546156,0.183410138248848,171.477565018577,55.8601158772636,598.872405102757,18.3410138248848
2021-08-18,9631,52,6969,27,2662,25,7807,31,70561,112,78368,143,0,182,15,476,37,8973,0,244,193,"Anderson",76978,411.805970537037,0.188378631677601,185.767362103458,67.5517680376211,618.358492036686,18.8378631677601
2021-08-19,9705,74,7002,33,2703,41,7842,35,70713,152,78555,187,0,182,48,524,26,8999,0,244,193,"Anderson",76978,445.581854555847,0.189704480457579,242.926550442984,96.1313622073839,680.713970225259,18.9704480457579
2021-08-20,9765,60,7044,42,2721,18,7886,44,70907,194,78793,238,0,182,26,550,34,9033,2,246,193,"Anderson",76978,441.684637169061,0.180616740088106,309.179246018343,77.9443477357167,714.48985424407,18.0616740088106
2021-08-21,9846,81,7077,33,2769,48,7920,34,71181,274,79101,308,0,182,60,610,21,9054,1,247,193,"Anderson",76978,481.955883499182,0.168979591836735,400.114318376679,105.224869443218,792.434201979786,16.8979591836735
2021-08-22,9869,23,7099,22,2770,1,7948,28,71337,156,79285,184,0,182,-2,608,25,9079,0,247,193,"Anderson",76978,481.955883499182,0.168582375478927,239.029333056198,29.8786666320247,789.836057055263,16.8582375478927
2021-08-23,9917,48,7113,14,2804,34,7965,17,71472,135,79437,152,0,182,-4,604,52,9131,2,249,194,"Anderson",76978,494.946608121801,0.158482142857143,197.459014263816,62.3554781885734,784.639767206215,15.8482142857143
2021-08-24,9961,44,7140,27,2821,17,7989,24,71558,86,79547,110,1,183,-23,581,66,9197,0,249,195,"Anderson",76978,496.245680584063,0.161119515885023,142.897970848814,57.1591883395256,754.76110057419,16.1119515885023
2021-08-25,10032,71,7166,26,2866,45,8011,22,71602,44,79613,66,0,183,15,596,56,9253,1,250,195,"Anderson",76978,520.92805736704,0.163855421686747,85.7387825092884,92.2341448205981,774.247187508119,16.3855421686747
2021-08-26,10100,68,7202,36,2898,32,8055,44,71774,172,79829,216,1,184,15,611,52,9305,2,252,196,"Anderson",76978,513.133622593468,0.167189952904239,280.59965184858,88.3369274338123,793.733274442048,16.7189952904239
2021-08-27,10175,75,7257,55,2918,20,8116,61,71951,177,80067,238,0,184,29,640,46,9351,0,252,196,"Anderson",76978,532.619709527397,0.180533751962323,309.179246018343,97.4304346696459,831.406375847645,18.0533751962323
2021-08-28,10234,59,7289,32,2945,27,8156,40,72155,204,80311,244,0,184,31,671,28,9379,0,252,196,"Anderson",76978,504.040115357635,0.19504132231405,316.973680791915,76.6452752734548,871.677622177765,19.504132231405
2021-08-29,10298,64,7338,49,2960,15,8210,54,72366,211,80576,265,0,184,40,711,24,9403,1,253,197,"Anderson",76978,557.302086310374,0.20294345468629,344.254202499415,83.1406375847645,923.640520668243,20.294345468629
2021-08-30,10369,71,7384,46,2985,25,8258,48,72592,226,80850,274,0,184,3,714,68,9471,3,256,197,"Anderson",76978,587.180752942399,0.207360226468507,355.945854659773,92.2341448205981,927.537738055029,20.7360226468507
2021-08-31,10503,134,7466,82,3037,52,8345,87,72849,257,81194,344,0,184,48,762,86,9557,0,256,198,"Anderson",76978,704.097274545974,0.216150576806314,446.880927018109,174.075709943101,989.893216243602,21.6150576806314
2021-09-01,10534,31,7488,22,3046,9,8369,24,72940,91,81309,115,0,184,-17,745,48,9605,0,256,199,"Anderson",76978,652.134376055496,0.211084905660377,149.393333160124,40.2712463301203,967.808984385149,21.1084905660377
2021-09-02,10593,59,7514,26,3079,33,8398,29,73041,101,81439,130,1,185,-9,736,67,9672,0,256,199,"Anderson",76978,640.442723895139,0.21304347826087,168.879420094053,76.6452752734548,956.117332224792,21.304347826087
2021-09-03,10622,29,7532,18,3090,11,8416,18,73114,73,81530,91,0,185,-38,698,67,9739,0,256,199,"Anderson",76978,580.685390631089,0.205058099794942,118.215594065837,37.6731014055964,906.752578658838,20.5058099794942
2021-09-04,10729,107,7602,70,3127,37,8492,76,73435,321,81927,397,0,185,77,775,30,9769,1,257,199,"Anderson",76978,643.040868819663,0.207920792079208,515.731767517992,139.000753462028,1006.78115825301,20.7920792079208
2021-09-05,10841,112,7676,74,3165,38,8568,76,73739,304,82307,380,0,185,76,851,36,9805,1,258,200,"Anderson",76978,705.396347008236,0.20681686886193,493.647535659539,145.496115773338,1105.51066538492,20.681686886193
2021-09-06,10956,115,7753,77,3203,38,8655,87,74146,407,82801,494,0,185,-4,847,119,9924,3,261,201,"Anderson",76978,762.555535347762,0.203485392106612,641.741796357401,149.393333160124,1100.31437553587,20.3485392106612
2021-09-07,10993,37,7773,20,3220,17,8673,18,74245,99,82918,117,0,185,-73,774,110,10034,0,261,201,"Anderson",76978,636.545506508353,0.190255220417633,151.991478084648,48.065681103692,1005.48208579075,19.0255220417633
2021-09-08,11034,41,7804,31,3230,10,8705,32,74352,107,83057,139,0,185,-57,717,98,10132,2,263,204,"Anderson",76978,649.536231130973,0.192219679633867,180.57107225441,53.2619709527397,931.434955441815,19.2219679633867
2021-09-09,11092,58,7825,21,3267,37,8723,18,74558,206,83281,224,0,185,-42,675,100,10232,1,264,207,"Anderson",76978,648.237158668711,0.176438653637351,290.992231546676,75.3462028111928,876.873912026813,17.6438653637351
2021-09-10,11244,152,7898,73,3346,79,8804,81,74851,293,83655,374,1,186,65,740,86,10318,2,266,208,"Anderson",76978,808.02307152693,0.182588235294118,485.853100885967,197.459014263816,961.313622073839,18.2588235294118
2021-09-11,11359,115,7960,62,3399,53,8873,69,75197,346,84070,415,0,186,82,822,33,10351,1,267,208,"Anderson",76978,818.415651225025,0.177788147456836,539.115071838707,149.393333160124,1067.83756397932,17.7788147456836
2021-09-12,11397,38,7992,32,3405,6,8908,35,75340,143,84248,178,0,186,5,827,33,10384,4,271,209,"Anderson",76978,722.284289017641,0.175167439464194,231.234898282626,49.3647535659539,1074.33292629063,17.5167439464194
2021-09-13,11485,88,8026,34,3459,54,8942,34,75470,130,84412,164,4,190,-48,779,132,10516,3,274,209,"Anderson",76978,687.209332536569,0.178150217256363,213.047883810959,114.318376679051,1011.97744810206,17.8150217256363
2021-09-14,11545,60,8056,30,3489,30,8977,35,75629,159,84606,194,1,191,-47,732,106,10622,1,275,209,"Anderson",76978,717.087999168594,0.180094786729858,252.020057678817,77.9443477357167,950.921042375744,18.0094786729858
2021-09-15,11585,40,8072,16,3513,24,8991,14,75690,61,84681,75,0,191,-42,690,82,10704,1,276,210,"Anderson",76978,715.788926706332,0.176108374384236,97.4304346696459,51.9628984904778,896.359998960742,17.6108374384236
2021-09-16,11671,86,8126,54,3545,32,9047,56,75912,222,84959,278,0,191,26,716,60,10764,1,277,210,"Anderson",76978,752.162955649666,0.193087008343266,361.142144508821,111.720231754527,930.135882979553,19.3087008343266
2021-09-17,11744,73,8168,42,3576,31,9084,37,76075,163,85159,200,0,191,14,730,59,10823,1,278,214,"Anderson",76978,649.536231130973,0.186170212765957,259.814492452389,94.832289745122,948.32289745122,18.6170212765957
2021-09-18,11796,52,8198,30,3598,22,9117,33,76229,154,85346,187,0,191,7,737,45,10868,1,279,215,"Anderson",76978,567.69466600847,0.191222570532915,242.926550442984,67.5517680376211,957.416404687054,19.1222570532915
2021-09-19,11819,23,8207,9,3612,14,9127,10,76297,68,85424,78,0,191,-18,719,41,10909,0,279,215,"Anderson",76978,548.208579074541,0.186224489795918,101.327652056432,29.8786666320247,934.033100366338,18.6224489795918
2021-09-20,11882,63,8242,35,3640,28,9163,36,76483,186,85646,222,0,191,24,743,39,10948,3,282,215,"Anderson",76978,515.731767517992,0.179092382495948,288.394086622152,81.8415651225025,965.210839460625,17.9092382495948
2021-09-21,11936,54,8268,26,3668,28,9187,24,76601,118,85788,142,0,191,-55,688,109,11057,1,283,216,"Anderson",76978,507.93733274442,0.177664974619289,184.468289641196,70.149912962145,893.761854036218,17.7664974619289
2021-09-22,11987,51,8302,34,3685,17,9227,40,76873,272,86100,312,0,191,-39,649,90,11147,0,283,218,"Anderson",76978,522.227129829302,0.16631430584919,405.310608225727,66.2526955753592,843.098028008002,16.631430584919
2021-09-23,12062,75,8350,48,3712,27,9278,51,77081,208,86359,259,2,193,-11,638,84,11231,1,284,218,"Anderson",76978,507.93733274442,0.165,336.459767725844,97.4304346696459,828.808230923121,16.5
2021-09-24,12103,41,8372,22,3731,19,9303,25,77221,140,86524,165,2,195,-18,620,57,11288,1,285,221,"Anderson",76978,466.367013952038,0.16043956043956,214.346956273221,53.2619709527397,805.424926602406,16.043956043956
2021-09-25,12113,10,8376,4,3737,6,9309,6,77316,95,86625,101,0,195,-35,585,45,11333,0,285,221,"Anderson",76978,411.805970537037,0.150117279124316,131.206318688456,12.9907246226195,759.957390423238,15.0117279124316
2021-09-26,12131,18,8391,15,3740,3,9327,18,77453,137,86780,155,1,196,-12,573,29,11362,0,285,221,"Anderson",76978,405.310608225727,0.147492625368732,201.356231650601,23.383304320715,744.368520876094,14.7492625368732
2021-09-27,12181,50,8412,21,3769,29,9349,22,77539,86,86888,108,1,197,-44,529,93,11455,1,286,222,"Anderson",76978,388.422666216322,0.14975845410628,140.29982592429,64.9536231130973,687.209332536569,14.975845410628
2021-09-28,12230,49,8436,24,3794,25,9376,27,77634,95,87010,122,0,197,-29,500,78,11533,1,287,222,"Anderson",76978,381.927303905012,0.154664484451718,158.486840395957,63.6545506508353,649.536231130973,15.4664484451718
2021-09-29,12266,36,8452,16,3814,20,9393,17,77825,191,87218,208,2,199,-37,463,71,11604,0,287,224,"Anderson",76978,362.441216971083,0.148479427549195,270.207072150485,46.76660864143,601.470550027281,14.8479427549195
2021-09-30,12328,62,8490,38,3838,24,9433,40,77997,172,87430,212,0,199,2,465,60,11664,1,288,225,"Anderson",76978,345.553274961677,0.144724556489262,275.403361999532,80.5424926602406,604.068694951804,14.4724556489262
2021-10-01,12379,51,8517,27,3862,24,9462,29,78148,151,87610,180,0,199,-10,455,61,11725,1,289,226,"Anderson",76978,358.543999584297,0.146408839779006,233.83304320715,66.2526955753592,591.077970329185,14.6408839779006
2021-10-02,12396,17,8524,7,3872,10,9468,6,78228,80,87696,86,1,200,-10,445,26,11751,0,289,228,"Anderson",76978,367.63750682013,0.148459383753501,111.720231754527,22.0842318584531,578.087245706565,14.8459383753501
2021-10-03,12409,13,8533,9,3876,4,9477,9,78326,98,87803,107,4,204,-10,435,19,11770,0,289,228,"Anderson",76978,361.142144508821,0.146627565982405,139.000753462028,16.8879420094053,565.096521083946,14.6627565982405
2021-10-04,12453,44,8556,23,3897,21,9503,26,78446,120,87949,146,1,205,-22,413,65,11835,0,289,230,"Anderson",76978,353.347709735249,0.145146088595664,189.664579490244,57.1591883395256,536.516926914183,14.5146088595664
2021-10-05,12506,53,8585,29,3921,24,9533,30,78574,128,88107,158,2,207,-15,398,66,11901,0,289,231,"Anderson",76978,358.543999584297,0.143117593436645,205.253449037387,68.8508404998831,517.030839980254,14.3117593436645
2021-10-06,12536,30,8608,23,3928,7,9559,26,78739,165,88298,191,1,208,-5,393,34,11935,0,289,232,"Anderson",76978,350.749564810725,0.153703703703704,248.122840292031,38.9721738678584,510.535477668944,15.3703703703704
2021-10-07,12568,32,8630,22,3938,10,9584,25,78878,139,88462,164,0,208,-10,383,42,11977,0,289,234,"Anderson",76978,311.777390942867,0.146317829457364,213.047883810959,41.5703187923822,497.544753046325,14.6317829457364
2021-10-08,12585,17,8635,5,3950,12,9594,10,79008,130,88602,140,1,209,-13,370,29,12006,1,290,234,"Anderson",76978,267.608927225961,0.133064516129032,181.870144716672,22.0842318584531,480.65681103692,13.3064516129032
2021-10-09,12600,15,8638,3,3962,12,9601,7,79070,62,88671,69,0,209,-12,358,27,12033,0,290,235,"Anderson",76978,265.010782301437,0.136410256410256,89.6359998960742,19.4860869339292,465.067941489776,13.6410256410256
2021-10-10,12610,10,8646,8,3964,2,9610,9,79157,87,88767,96,0,209,-15,343,25,12058,0,290,235,"Anderson",76978,261.113564914651,0.137966804979253,124.710956377147,12.9907246226195,445.581854555847,13.7966804979253
2021-10-11,12650,40,8660,14,3990,26,9623,13,79258,101,88881,114,0,209,-12,331,52,12110,1,291,235,"Anderson",76978,255.917275065603,0.128755364806867,148.094260697862,51.9628984904778,429.992985008704,12.8755364806867
2021-10-12,12685,35,8684,24,4001,11,9645,22,79357,99,89002,121,2,211,-9,322,42,12152,3,294,235,"Anderson",76978,232.533970744888,0.125139664804469,157.187767933695,45.4675361791681,418.301332848346,12.5139664804469
2021-10-13,12711,26,8698,14,4013,12,9663,18,79469,112,89132,130,0,211,-15,307,41,12193,1,295,238,"Anderson",76978,227.33768089584,0.124700239808153,168.879420094053,33.7758840188106,398.815245914417,12.4700239808153
2021-10-14,12730,19,8708,10,4022,9,9677,14,79572,103,89249,117,1,212,-21,286,39,12232,0,295,238,"Anderson",76978,210.449738886435,0.118170266836086,151.991478084648,24.682376782977,371.534724206916,11.8170266836086
2021-10-15,12753,23,8720,12,4033,11,9690,13,79694,122,89384,135,0,212,-15,271,38,12270,1,296,238,"Anderson",76978,218.244173660007,0.122762148337596,175.374782405363,29.8786666320247,352.048637272987,12.2762148337596
2021-10-16,12761,8,8725,5,4036,3,9697,7,79749,55,89446,62,0,212,-15,256,23,12293,1,297,238,"Anderson",76978,209.150666424173,0.123870967741935,80.5424926602406,10.3925796980956,332.562550339058,12.3870967741935
2021-10-17,12763,2,8726,1,4037,1,9698,1,79800,51,89498,52,0,212,-11,245,13,12306,0,297,238,"Anderson",76978,198.758086726078,0.120383036935705,67.5517680376211,2.59814492452389,318.272753254177,12.0383036935705
2021-10-18,12787,24,8736,10,4051,14,9709,11,79868,68,89577,79,1,213,-26,219,49,12355,1,298,238,"Anderson",76978,177.972927329886,0.123563218390805,102.626724518694,31.1777390942867,284.496869235366,12.3563218390805
2021-10-19,12816,29,8749,13,4067,16,9720,11,79979,111,89699,122,2,215,-17,202,44,12399,0,298,238,"Anderson",76978,170.178492556315,0.107604017216643,158.486840395957,37.6731014055964,262.412637376913,10.7604017216643
2021-10-20,12851,35,8775,26,4076,9,9749,29,80090,111,89839,140,0,215,12,214,23,12422,1,299,239,"Anderson",76978,181.870144716672,0.121640735502122,181.870144716672,45.4675361791681,278.001506924056,12.1640735502122
2021-10-21,12883,32,8793,18,4090,14,9767,18,80183,93,89950,111,0,215,11,225,21,12443,1,300,240,"Anderson",76978,198.758086726078,0.128388017118402,144.197043311076,41.5703187923822,292.291304008938,12.8388017118402
2021-10-22,12892,9,8799,6,4093,3,9775,8,80259,76,90034,84,0,215,-22,203,31,12474,1,301,240,"Anderson",76978,180.57107225441,0.130769230769231,109.122086830003,11.6916521603575,263.711709839175,13.0769230769231
2021-10-23,12909,17,8803,4,4106,13,9779,4,80312,53,90091,57,0,215,3,206,14,12488,1,302,240,"Anderson",76978,192.262724414768,0.127131782945736,74.0471303489309,22.0842318584531,267.608927225961,12.7131782945736
2021-10-24,12915,6,8808,5,4107,1,9786,7,80364,52,90150,59,0,215,-10,196,16,12504,0,302,241,"Anderson",76978,197.459014263816,0.134969325153374,76.6452752734548,7.79443477357167,254.618202603341,13.4969325153374
2021-10-25,12939,24,8821,13,4118,11,9800,14,80435,71,90235,85,1,216,-8,188,31,12535,2,304,241,"Anderson",76978,197.459014263816,0.138297872340426,110.421159292265,31.1777390942867,244.225622905246,13.8297872340426
2021-10-26,12951,12,8827,6,4124,6,9806,6,80499,64,90305,70,0,216,-9,179,21,12556,0,304,242,"Anderson",76978,175.374782405363,0.141914191419142,90.9350723583361,15.5888695471433,232.533970744888,14.1914191419142
2021-10-27,12968,17,8837,10,4131,7,9819,13,80620,121,90439,134,1,217,-5,174,21,12577,2,306,244,"Anderson",76978,151.991478084648,0.116666666666667,174.075709943101,22.0842318584531,226.038608433578,11.6666666666667
2021-10-28,12990,22,8851,14,4139,8,9836,17,80702,82,90538,99,1,218,7,181,14,12591,0,306,245,"Anderson",76978,139.000753462028,0.11734693877551,128.608173763933,28.5795941697628,235.132115669412,11.734693877551
2021-10-29,13011,21,8862,11,4149,10,9848,12,80816,114,90664,126,0,218,7,188,14,12605,1,307,245,"Anderson",76978,154.589623009171,0.115873015873016,163.683130245005,27.2805217075008,244.225622905246,11.5873015873016
2021-10-30,13023,12,8866,4,4157,8,9853,5,80903,87,90756,92,0,218,0,188,12,12617,1,308,245,"Anderson",76978,148.094260697862,0.111278195488722,119.514666528099,15.5888695471433,244.225622905246,11.1278195488722
2021-10-31,13026,3,8868,2,4158,1,9856,3,80942,39,90798,42,0,218,-8,180,11,12628,0,308,245,"Anderson",76978,144.197043311076,0.108024691358025,54.5610434150017,3.89721738678583,233.83304320715,10.8024691358025
2021-11-01,13053,27,8873,5,4180,22,9860,4,81030,88,90890,92,1,219,-15,165,41,12669,1,309,246,"Anderson",76978,148.094260697862,0.0916030534351145,119.514666528099,35.0749564810725,214.346956273221,9.16030534351145
2021-11-02,13073,20,8878,5,4195,15,9865,5,81106,76,90971,81,2,221,-6,159,24,12693,1,310,246,"Anderson",76978,158.486840395957,0.0885885885885886,105.224869443218,25.9814492452389,206.552521499649,8.85885885885886
2021-11-03,13103,30,8896,18,4207,12,9883,18,81306,200,91189,218,1,222,11,170,18,12711,0,310,246,"Anderson",76978,175.374782405363,0.0853333333333333,283.197796773104,38.9721738678584,220.842318584531,8.53333333333333
2021-11-04,13125,22,8911,15,4214,7,9899,16,81439,133,91338,149,0,222,6,176,16,12727,0,310,246,"Anderson",76978,175.374782405363,0.07875,193.56179687703,28.5795941697628,228.636753358102,7.875
2021-11-05,13135,10,8914,3,4221,7,9900,1,81561,122,91461,123,0,222,3,179,7,12734,0,310,246,"Anderson",76978,161.084985320481,0.0652446675031368,159.785912858219,12.9907246226195,232.533970744888,6.52446675031368
2021-11-06,13144,9,8918,4,4226,5,9905,5,81648,87,91553,92,0,222,-4,175,13,12747,3,313,247,"Anderson",76978,157.187767933695,0.0652446675031368,119.514666528099,11.6916521603575,227.33768089584,6.52446675031368
2021-11-07,13150,6,8923,5,4227,1,9911,6,81696,48,91607,54,0,222,-4,171,10,12757,0,313,247,"Anderson",76978,161.084985320481,0.0679851668726823,70.149912962145,7.79443477357167,222.141391046793,6.79851668726823
2021-11-08,13175,25,8934,11,4241,14,9924,13,81784,88,91708,101,1,223,-1,170,25,12782,0,313,247,"Anderson",76978,158.486840395957,0.078239608801956,131.206318688456,32.4768115565486,220.842318584531,7.8239608801956
2021-11-09,13198,23,8941,7,4257,16,9930,6,81942,158,91872,164,1,224,6,176,16,12798,0,313,248,"Anderson",76978,162.384057782743,0.072142064372919,213.047883810959,29.8786666320247,228.636753358102,7.2142064372919
2021-11-10,13216,18,8953,12,4263,6,9943,13,82058,116,92001,129,0,224,4,180,14,12812,1,314,250,"Anderson",76978,146.7951882356,0.0738916256157636,167.580347631791,23.383304320715,233.83304320715,7.38916256157635
2021-11-11,13239,23,8971,18,4268,5,9961,18,82248,190,92209,208,0,224,2,182,21,12833,0,314,251,"Anderson",76978,148.094260697862,0.0711825487944891,270.207072150485,29.8786666320247,236.431188131674,7.11825487944891
2021-11-12,13252,13,8979,8,4273,5,9969,8,82381,133,92350,141,0,224,1,183,12,12845,1,315,251,"Anderson",76978,151.991478084648,0.077615298087739,183.169217178934,16.8879420094053,237.730260593936,7.7615298087739
2021-11-13,13259,7,8983,4,4276,3,9973,4,82432,51,92405,55,3,227,-10,173,14,12859,1,316,252,"Anderson",76978,149.393333160124,0.07981220657277,71.448985424407,9.09350723583361,224.739535971316,7.981220657277
2021-11-14,13261,2,8985,2,4276,0,9976,3,82511,79,92487,82,0,227,-4,169,6,12865,0,316,252,"Anderson",76978,144.197043311076,0.0738636363636364,106.523941905479,2.59814492452389,219.543246122269,7.38636363636364
2021-11-15,13293,32,8999,14,4294,18,9990,14,82596,85,92586,99,0,227,5,174,27,12892,0,316,253,"Anderson",76978,153.29055054691,0.0751708428246014,128.608173763933,41.5703187923822,226.038608433578,7.51708428246014
2021-11-16,13318,25,9012,13,4306,12,10003,13,82722,126,92725,139,1,228,-2,172,26,12918,0,316,254,"Anderson",76978,155.888695471433,0.0855803048065651,180.57107225441,32.4768115565486,223.440463509055,8.55803048065651
2021-11-17,13335,17,9021,9,4314,8,10012,9,82836,114,92848,123,0,228,-3,169,20,12938,2,318,256,"Anderson",76978,154.589623009171,0.0814639905548996,159.785912858219,22.0842318584531,219.543246122269,8.14639905548996
2021-11-18,13358,23,9035,14,4323,9,10030,18,82971,135,93001,153,4,232,4,173,15,12953,0,318,258,"Anderson",76978,154.589623009171,0.0871212121212121,198.758086726078,29.8786666320247,224.739535971316,8.71212121212121
2021-11-19,13372,14,9041,6,4331,8,10037,7,83080,109,93117,116,1,233,2,175,11,12964,0,318,258,"Anderson",76978,155.888695471433,0.0886571056062582,150.692405622386,18.1870144716672,227.33768089584,8.86571056062582
2021-11-20,13381,9,9046,5,4335,4,10042,5,83173,93,93215,98,0,233,-9,166,18,12982,0,318,259,"Anderson",76978,158.486840395957,0.0851851851851852,127.309101301671,11.6916521603575,215.646028735483,8.51851851851852
2021-11-21,13393,12,9052,6,4341,6,10048,6,83213,40,93261,46,0,233,4,170,8,12990,0,318,259,"Anderson",76978,171.477565018577,0.0930232558139535,59.7573332640495,15.5888695471433,220.842318584531,9.30232558139535
2021-11-22,13421,28,9069,17,4352,11,10066,18,83335,122,93401,140,1,234,6,176,21,13011,0,318,259,"Anderson",76978,166.281275169529,0.0932515337423313,181.870144716672,36.3740289433345,228.636753358102,9.32515337423313
2021-11-23,13438,17,9075,6,4363,11,10071,5,83432,97,93503,102,0,234,-4,172,21,13032,1,319,261,"Anderson",76978,155.888695471433,0.0874035989717224,132.505391150718,22.0842318584531,223.440463509055,8.74035989717224
2021-11-24,13463,25,9091,16,4372,9,10083,12,83542,110,93625,122,1,235,6,178,18,13050,1,320,261,"Anderson",76978,166.281275169529,0.0913770913770914,158.486840395957,32.4768115565486,231.234898282626,9.13770913770914
2021-11-25,13468,5,9093,2,4375,3,10084,1,83587,45,93671,46,0,235,-12,166,17,13067,2,322,261,"Anderson",76978,142.897970848814,0.0805970149253731,59.7573332640495,6.49536231130973,215.646028735483,8.05970149253731
2021-11-26,13475,7,9099,6,4376,1,10093,9,83630,43,93723,52,0,235,-7,159,14,13081,0,322,262,"Anderson",76978,133.80446361298,0.0924092409240924,67.5517680376211,9.09350723583361,206.552521499649,9.24092409240924
2021-11-27,13480,5,9101,2,4379,3,10095,2,83666,36,93761,38,0,235,-8,151,13,13094,0,322,262,"Anderson",76978,128.608173763933,0.0970695970695971,49.3647535659539,6.49536231130973,196.159941801554,9.70695970695971
2021-11-28,13490,10,9102,1,4388,9,10096,1,83704,38,93800,39,0,235,-10,141,20,13114,0,322,262,"Anderson",76978,126.010028839409,0.0890538033395176,50.6638260282159,12.9907246226195,183.169217178934,8.90538033395176
2021-11-29,13517,27,9117,15,4400,12,10112,16,83783,79,93895,95,0,235,13,154,14,13128,0,322,262,"Anderson",76978,124.710956377147,0.0931174089068826,123.411883914885,35.0749564810725,200.05715918834,9.31174089068826
2021-11-30,13544,27,9131,14,4413,13,10124,12,83885,102,94009,114,0,235,14,168,13,13141,1,323,262,"Anderson",76978,137.701680999766,0.104743083003953,148.094260697862,35.0749564810725,218.244173660007,10.4743083003953
2021-12-01,13575,31,9149,18,4426,13,10142,18,83992,107,94134,125,0,235,15,183,16,13157,2,325,262,"Anderson",76978,145.496115773338,0.115913555992141,162.384057782743,40.2712463301203,237.730260593936,11.5913555992141
2021-12-02,13617,42,9173,24,4444,18,10168,26,84130,138,94298,164,0,235,23,206,19,13176,0,325,265,"Anderson",76978,193.56179687703,0.133971291866029,213.047883810959,54.5610434150017,267.608927225961,13.3971291866029
2021-12-03,13648,31,9191,18,4457,13,10187,19,84317,187,94504,206,1,236,18,224,12,13188,1,326,265,"Anderson",76978,224.739535971316,0.120358514724712,267.608927225961,40.2712463301203,290.992231546676,12.0358514724712
2021-12-04,13668,20,9204,13,4464,7,10201,14,84386,69,94587,83,0,236,8,232,12,13200,0,326,265,"Anderson",76978,244.225622905246,0.128329297820823,107.823014367741,25.9814492452389,301.384811244771,12.8329297820823
2021-12-05,13681,13,9206,2,4475,11,10203,2,84428,42,94631,44,0,236,0,232,13,13213,0,326,265,"Anderson",76978,248.122840292031,0.128760529482551,57.1591883395256,16.8879420094053,301.384811244771,12.8760529482551
2021-12-06,13716,35,9226,20,4490,15,10225,22,84530,102,94755,124,2,238,7,239,26,13239,1,327,265,"Anderson",76978,258.515419990127,0.131395348837209,161.084985320481,45.4675361791681,310.478318480605,13.1395348837209
2021-12-07,13745,29,9241,15,4504,14,10241,16,84625,95,94866,111,0,238,19,258,10,13249,0,327,265,"Anderson",76978,261.113564914651,0.136522753792299,144.197043311076,37.6731014055964,335.160695263582,13.6522753792299
2021-12-08,13772,27,9262,21,4510,6,10261,20,84746,121,95007,141,0,238,17,275,10,13259,2,329,265,"Anderson",76978,255.917275065603,0.13631156930126,183.169217178934,35.0749564810725,357.244927122035,13.631156930126
2021-12-09,13800,28,9278,16,4522,12,10278,17,84956,210,95234,227,0,238,13,288,15,13274,1,330,265,"Anderson",76978,237.730260593936,0.117521367521368,294.889448933461,36.3740289433345,374.13286913144,11.7521367521368
2021-12-10,13829,29,9295,17,4534,12,10295,17,85109,153,95404,170,0,238,9,297,20,13294,2,332,265,"Anderson",76978,235.132115669412,0.12,220.842318584531,37.6731014055964,385.824521291798,12
2021-12-11,13839,10,9300,5,4539,5,10301,6,85184,75,95485,81,0,238,-2,295,12,13306,0,332,266,"Anderson",76978,222.141391046793,0.111358574610245,105.224869443218,12.9907246226195,383.226376367274,11.1358574610245
2021-12-12,13859,20,9311,11,4548,9,10313,12,85254,70,95567,82,0,238,2,297,18,13324,0,332,266,"Anderson",76978,231.234898282626,0.117521367521368,106.523941905479,25.9814492452389,385.824521291798,11.7521367521368
2021-12-13,13888,29,9317,6,4571,23,10320,7,85329,75,95649,82,0,238,-10,287,39,13363,0,332,269,"Anderson",76978,223.440463509055,0.106263982102908,106.523941905479,37.6731014055964,372.833796669178,10.6263982102908
2021-12-14,13902,14,9322,5,4580,9,10326,6,85408,79,95734,85,3,241,-10,277,21,13384,1,333,269,"Anderson",76978,203.954376575125,0.097926267281106,110.421159292265,18.1870144716672,359.843072046559,9.7926267281106
2021-12-15,13928,26,9336,14,4592,12,10341,15,85537,129,95878,144,0,241,-2,275,28,13412,0,333,270,"Anderson",76978,202.655304112863,0.0918484500574053,187.06643456572,33.7758840188106,357.244927122035,9.18484500574053
2021-12-16,13956,28,9346,10,4610,18,10356,15,85632,95,95988,110,0,241,5,280,23,13435,2,335,270,"Anderson",76978,202.655304112863,0.103448275862069,142.897970848814,36.3740289433345,363.740289433345,10.3448275862069
2021-12-17,13987,31,9369,23,4618,8,10378,22,85787,155,96165,177,1,242,0,280,30,13465,0,335,271,"Anderson",76978,205.253449037387,0.109067017082786,229.935825820364,40.2712463301203,363.740289433345,10.9067017082786
2021-12-18,13999,12,9379,10,4620,2,10388,10,85869,82,96257,92,0,242,2,282,10,13475,0,335,271,"Anderson",76978,207.851593961911,0.112694300518135,119.514666528099,15.5888695471433,366.338434357868,11.2694300518135
2021-12-19,14013,14,9387,8,4626,6,10399,11,85949,80,96348,91,0,242,-9,273,23,13498,0,335,271,"Anderson",76978,200.05715918834,0.1101152368758,118.215594065837,18.1870144716672,354.646782197511,11.01152368758
2021-12-20,14037,24,9403,16,4634,8,10413,14,86035,86,96448,100,0,242,-5,268,29,13527,0,335,272,"Anderson",76978,193.56179687703,0.11639549436796,129.907246226195,31.1777390942867,348.151419886201,11.639549436796
2021-12-21,14065,28,9411,8,4654,20,10424,11,86116,81,96540,92,0,242,2,270,26,13553,0,335,272,"Anderson",76978,211.748811348697,0.121588089330025,119.514666528099,36.3740289433345,350.749564810725,12.1588089330025
2021-12-22,14113,48,9425,14,4688,34,10435,11,86231,115,96666,126,19,261,1,271,28,13581,1,336,273,"Anderson",76978,240.32840551846,0.119289340101523,163.683130245005,62.3554781885734,352.048637272987,11.9289340101523
2021-12-23,14140,27,9440,15,4700,12,10452,17,86331,100,96783,117,-1,260,3,274,25,13606,1,337,274,"Anderson",76978,239.029333056198,0.120754716981132,151.991478084648,35.0749564810725,355.945854659773,12.0754716981132
2021-12-24,14166,26,9455,15,4711,11,10469,17,86418,87,96887,104,0,260,6,280,20,13626,1,338,274,"Anderson",76978,232.533970744888,0.126038781163435,135.103536075242,33.7758840188106,363.740289433345,12.6038781163435
2021-12-25,14180,14,9462,7,4718,7,10479,10,86476,58,96955,68,1,261,-3,277,16,13642,0,338,275,"Anderson",76978,235.132115669412,0.130372492836676,88.3369274338123,18.1870144716672,359.843072046559,13.0372492836676
2021-12-26,14191,11,9466,4,4725,7,10485,6,86520,44,97005,50,1,262,-8,269,18,13660,0,338,275,"Anderson",76978,231.234898282626,0.13089802130898,64.9536231130973,14.2897970848814,349.450492348463,13.089802130898
2021-12-27,14238,47,9485,19,4753,28,10505,20,86624,104,97129,124,1,263,19,288,27,13687,1,339,276,"Anderson",76978,261.113564914651,0.135095447870778,161.084985320481,61.0564057263114,374.13286913144,13.5095447870778
2021-12-28,14325,87,9521,36,4804,51,10541,36,86733,109,97274,145,0,263,68,356,19,13706,0,339,276,"Anderson",76978,337.758840188106,0.159400544959128,188.365507027982,113.019304216789,462.469796565252,15.9400544959128
2021-12-29,14406,81,9565,44,4841,37,10588,47,86891,158,97479,205,2,265,51,407,28,13734,0,339,276,"Anderson",76978,380.62823144275,0.188191881918819,266.309854763699,105.224869443218,528.722492140612,18.8191881918819
2021-12-30,14498,92,9607,42,4891,50,10626,38,87010,119,97636,157,1,266,70,477,21,13755,0,339,276,"Anderson",76978,465.067941489776,0.203985932004689,203.954376575125,119.514666528099,619.657564498948,20.3985932004689
2021-12-31,14564,66,9647,40,4917,26,10670,44,87127,117,97797,161,0,266,48,525,18,13773,0,339,277,"Anderson",76978,517.030839980254,0.220879120879121,209.150666424173,85.7387825092884,682.013042687521,22.0879120879121
2022-01-01,14625,61,9681,34,4944,27,10707,37,87226,99,97933,136,0,266,50,575,11,13784,0,339,277,"Anderson",76978,578.087245706566,0.233128834355828,176.673854867625,79.2434201979787,746.966665800618,23.3128834355828
2022-01-02,14657,32,9704,23,4953,9,10740,33,87342,116,98082,149,0,266,15,590,17,13801,0,339,278,"Anderson",76978,605.367767414066,0.236768802228412,193.56179687703,41.5703187923822,766.452752734548,23.6768802228412
2022-01-03,14718,61,9725,21,4993,40,10763,23,87418,76,98181,99,1,267,36,626,24,13825,0,339,278,"Anderson",76978,623.554781885734,0.245247148288973,128.608173763933,79.2434201979787,813.219361375978,24.5247148288973
2022-01-04,14845,127,9790,65,5055,62,10826,63,87592,174,98418,237,1,268,77,703,49,13874,0,339,279,"Anderson",76978,675.517680376211,0.249125874125874,307.880173556081,164.982202707267,913.247940970147,24.9125874125874
2022-01-05,15012,167,9876,86,5136,81,10912,86,87738,146,98650,232,1,269,135,838,31,13905,0,339,280,"Anderson",76978,787.237912130739,0.27668659265585,301.384811244771,216.945101197745,1088.62272337551,27.668659265585
2022-01-06,15154,142,9948,72,5206,70,10983,71,87858,120,98841,191,1,270,115,953,26,13931,1,340,280,"Anderson",76978,852.191535243836,0.296265560165975,248.122840292031,184.468289641196,1238.01605653563,29.6265560165975
2022-01-07,15293,139,10018,70,5275,69,11059,76,87998,140,99057,216,0,270,123,1076,16,13947,1,341,280,"Anderson",76978,947.023824988958,0.308730158730159,280.59965184858,180.57107225441,1397.80196939385,30.8730158730159
2022-01-08,15396,103,10060,42,5336,61,11104,45,88073,75,99177,120,0,270,97,1173,6,13953,1,342,282,"Anderson",76978,1001.58486840396,0.319131832797428,155.888695471433,133.80446361298,1523.81199823326,31.9131832797428
2022-01-09,15481,85,10115,55,5366,30,11166,62,88216,143,99382,205,0,270,54,1227,31,13984,0,342,282,"Anderson",76978,1070.43570890384,0.327692307692308,266.309854763699,110.421159292265,1593.96191119541,32.7692307692308
2022-01-10,15637,156,10190,75,5447,81,11245,79,88329,113,99574,192,1,271,69,1296,86,14070,3,345,284,"Anderson",76978,1193.84759281873,0.346015793251974,249.421912754293,202.655304112863,1683.59791109148,34.6015793251974
2022-01-11,15811,174,10299,109,5512,65,11347,102,88470,141,99817,243,0,271,53,1349,121,14191,0,345,285,"Anderson",76978,1254.90399854504,0.37240886347391,315.674608329653,226.038608433578,1752.44875159136,37.240886347391
2022-01-12,16065,254,10461,162,5604,92,11510,163,88661,191,100171,354,0,271,170,1519,84,14275,1,346,285,"Anderson",76978,1367.92330276183,0.393162393162393,459.871651640728,329.964405414534,1973.29107017589,39.3162393162393
2022-01-13,16296,231,10613,152,5683,79,11665,155,88893,232,100558,387,4,275,112,1631,115,14390,0,346,285,"Anderson",76978,1483.54075190314,0.397204426324985,502.741042895373,300.085738782509,2118.78718594923,39.7204426324985
2022-01-14,16553,257,10757,144,5796,113,11813,148,89049,156,100862,304,2,277,207,1838,48,14438,1,347,285,"Anderson",76978,1636.83130245005,0.417728531855956,394.918028527631,333.86162280132,2387.69518563745,41.7728531855956
2022-01-15,16649,96,10815,58,5834,38,11874,61,89167,118,101041,179,1,278,72,1910,23,14461,1,348,285,"Anderson",76978,1627.73779521422,0.413090128755365,232.533970744888,124.710956377147,2481.22840292031,41.3090128755365
2022-01-16,16801,152,10943,128,5858,24,12007,133,89364,197,101371,330,0,278,101,2011,51,14512,0,348,285,"Anderson",76978,1714.77565018577,0.422825540472599,428.693912546442,197.459014263816,2612.43472160877,42.2825540472599
2022-01-17,16982,181,11055,112,5927,69,12123,116,89483,119,101606,235,0,278,23,2034,158,14670,1,349,285,"Anderson",76978,1747.25246174232,0.432086614173228,305.282028631557,235.132115669412,2642.3133882408,43.2086614173228
2022-01-18,17197,215,11195,140,6002,75,12265,142,89620,137,101885,279,0,278,15,2049,200,14870,0,349,287,"Anderson",76978,1800.51443269506,0.443907156673114,362.441216971083,279.300579386318,2661.79947517473,44.3907156673114
2022-01-19,17498,301,11405,210,6093,91,12479,214,89840,220,102319,434,3,281,116,2165,182,15052,0,349,287,"Anderson",76978,1861.57083842137,0.451117318435754,563.797448621684,391.020811140845,2812.49188079711,45.1117318435754
2022-01-20,17794,296,11646,241,6148,55,12739,260,89997,157,102736,417,1,282,181,2346,114,15166,1,350,288,"Anderson",76978,1946.01054846839,0.493112947658402,541.713216763231,384.525448829536,3047.62399646652,49.3112947658402
2022-01-21,18040,246,11861,215,6179,31,12964,225,90216,219,103180,444,2,284,112,2458,132,15298,0,350,290,"Anderson",76978,1931.72075138351,0.496548748921484,576.788173244304,319.571825716438,3193.12011223986,49.6548748921484
2022-01-22,18168,128,11953,92,6215,36,13068,104,90335,119,103403,223,0,284,37,2495,91,15389,0,350,290,"Anderson",76978,1973.29107017589,0.505503810330229,289.693159084414,166.281275169529,3241.18579334355,50.5503810330229
2022-01-23,18295,127,12063,110,6232,17,13181,113,90442,107,103623,220,0,284,65,2560,62,15451,0,350,291,"Anderson",76978,1940.81425861935,0.521314387211368,285.795941697628,164.982202707267,3325.62550339058,52.1314387211368
2022-01-24,18563,268,12213,150,6350,118,13342,161,90620,178,103962,339,1,285,-13,2547,280,15731,1,351,292,"Anderson",76978,2053.83356283614,0.517402376910017,440.385564706799,348.151419886201,3308.73756138117,51.7402376910017
2022-01-25,18746,183,12346,133,6400,50,13487,145,90740,120,104227,265,1,286,-87,2460,269,16000,0,351,293,"Anderson",76978,2012.26324404375,0.521776259607173,344.254202499415,237.730260593936,3195.71825716438,52.1776259607173
2022-01-26,18951,205,12500,154,6451,51,13653,166,90892,152,104545,318,1,287,-50,2410,254,16254,1,352,293,"Anderson",76978,1887.55228766661,0.527403414195867,413.105042999298,266.309854763699,3130.76463405129,52.7403414195867
2022-01-27,19172,221,12672,172,6500,49,13831,178,91112,220,104943,398,0,287,-68,2342,289,16543,0,352,293,"Anderson",76978,1790.12185299696,0.494789306751246,517.030839980254,287.09501415989,3042.42770661748,49.4789306751246
2022-01-28,19363,191,12810,138,6553,53,13975,144,91275,163,105250,307,1,288,-135,2207,325,16868,1,353,294,"Anderson",76978,1718.67286757255,0.488405797101449,398.815245914417,248.122840292031,2867.05292421211,48.8405797101449
2022-01-29,19506,143,12910,100,6596,43,14080,105,91392,117,105472,222,0,288,-8,2199,151,17019,0,353,296,"Anderson",76978,1738.15895450648,0.489125181246979,288.394086622152,185.767362103458,2856.66034451402,48.9125181246979
2022-01-30,19573,67,12955,45,6618,22,14130,50,91483,91,105613,141,0,288,-14,2185,81,17100,1,354,297,"Anderson",76978,1660.21460677077,0.476884422110553,183.169217178934,87.0378549715503,2838.47333004235,47.6884422110553
2022-01-31,19769,196,13076,121,6693,75,14271,141,91633,150,105904,291,4,292,-90,2095,282,17382,1,355,299,"Anderson",76978,1566.68138948791,0.478372811534501,378.030086518226,254.618202603341,2721.55680843877,47.83728115345
2022-02-01,19932,163,13171,95,6761,68,14378,107,91753,120,106131,227,1,293,-235,1860,397,17779,1,356,299,"Anderson",76978,1540.69994024267,0.46796218487395,294.889448933461,211.748811348697,2416.27477980722,46.796218487395
2022-02-02,20076,144,13258,87,6818,57,14471,93,91894,141,106365,234,1,294,-230,1630,373,18152,0,356,300,"Anderson",76978,1461.45652004469,0.449450549450549,303.982956169295,187.06643456572,2117.48811348697,44.9450549450549
2022-02-03,20708,632,13349,91,7359,541,14569,98,92102,208,106671,306,2,296,346,1976,284,18436,1,357,301,"Anderson",76978,1995.37530203435,0.427083333333333,397.516173452155,821.013796149549,2566.9671854296,42.7083333333333
2022-02-04,20854,146,13459,110,7395,36,14679,110,92226,124,106905,234,0,296,-70,1906,216,18652,0,357,303,"Anderson",76978,1936.91704123256,0.425377643504532,303.982956169295,189.664579490244,2476.03211307127,42.5377643504532
2022-02-05,20903,49,13485,26,7418,23,14709,30,92302,76,107011,106,0,296,-50,1856,99,18751,0,357,303,"Anderson",76978,1814.80422977994,0.408706952566602,137.701680999766,63.6545506508353,2411.07848995817,40.8706952566602
2022-02-06,20961,58,13527,42,7434,16,14757,48,92376,74,107133,122,0,296,-11,1845,69,18820,0,357,304,"Anderson",76978,1803.11257761958,0.4125,158.486840395957,75.3462028111928,2396.78869287329,41.25
2022-02-07,21047,86,13580,53,7467,33,14815,58,92478,102,107293,160,3,299,-262,1583,345,19165,0,357,305,"Anderson",76978,1660.21460677077,0.391648668106551,207.851593961911,111.720231754527,2056.43170776066,39.1648668106551
2022-02-08,21133,86,13627,47,7506,39,14872,57,92575,97,107447,154,0,299,-203,1380,289,19454,0,357,305,"Anderson",76978,1560.1860271766,0.375379939209726,200.05715918834,111.720231754527,1792.71999792148,37.5379939209726
2022-02-09,21232,99,13691,64,7541,35,14946,74,92682,107,107628,181,0,299,-104,1276,203,19657,0,357,306,"Anderson",76978,1501.72776637481,0.376088677751386,235.132115669412,128.608173763933,1657.61646184624,37.6088677751386
2022-02-10,21320,88,13741,50,7579,38,15000,54,92808,126,107808,180,2,301,-99,1177,185,19842,0,357,306,"Anderson",76978,795.03234690431,0.379067722075638,233.83304320715,114.318376679051,1529.00828808231,37.9067722075638
2022-02-11,21379,59,13783,42,7596,17,15045,45,92910,102,107955,147,1,302,-123,1054,181,20023,0,357,306,"Anderson",76978,682.013042687521,0.348571428571429,190.963651952506,76.6452752734548,1369.22237522409,34.8571428571429
2022-02-12,21410,31,13806,23,7604,8,15070,25,92972,62,108042,87,0,302,-42,1012,73,20096,1,358,306,"Anderson",76978,658.629738366806,0.350145489815713,113.019304216789,40.2712463301203,1314.66133180909,35.0145489815713
2022-02-13,21431,21,13820,14,7611,7,15085,15,93019,47,108104,62,0,302,-34,978,55,20151,0,358,306,"Anderson",76978,610.564057263114,0.337796086508754,80.5424926602406,27.2805217075008,1270.49286809218,33.7796086508754
2022-02-14,21482,51,13847,27,7635,24,15121,36,93076,57,108197,93,1,303,-141,837,191,20342,0,358,306,"Anderson",76978,565.096521083946,0.338495575221239,120.813738990361,66.2526955753592,1087.32365091325,33.8495575221239
2022-02-15,21538,56,13886,39,7652,17,15166,45,93153,77,108319,122,0,303,-100,737,156,20498,0,358,307,"Anderson",76978,526.124347216088,0.337155963302752,158.486840395957,72.7480578866689,957.416404687054,33.7155963302752
2022-02-16,21600,62,13919,33,7681,29,15197,31,93245,92,108442,123,0,303,-76,661,138,20636,0,358,307,"Anderson",76978,478.058666112396,0.308353808353808,159.785912858219,80.5424926602406,858.686897555146,30.8353808353808
2022-02-17,21648,48,13951,32,7697,16,15232,35,93339,94,108571,129,0,303,-68,593,116,20752,0,358,307,"Anderson",76978,426.095767621918,0.304062909567497,167.580347631791,62.3554781885734,770.349970121333,30.4062909567497
2022-02-18,21697,49,13983,32,7714,17,15269,37,93411,72,108680,109,0,303,-32,561,81,20833,0,358,308,"Anderson",76978,413.105042999299,0.308965517241379,141.598898386552,63.6545506508353,728.779651328951,30.8965517241379
2022-02-19,21725,28,13993,10,7732,18,15280,11,93466,55,108746,66,0,303,-5,556,33,20866,0,358,309,"Anderson",76978,409.207825612513,0.298295454545455,85.7387825092884,36.3740289433345,722.284289017641,29.8295454545455
2022-02-20,21735,10,13995,2,7740,8,15282,2,93503,37,108785,39,0,303,-18,538,28,20894,0,358,309,"Anderson",76978,394.918028527631,0.28928046989721,50.6638260282159,12.9907246226195,698.900984696926,28.928046989721
2022-02-21,21752,17,14005,10,7747,7,15292,10,93532,29,108824,39,0,303,-81,457,98,20992,2,360,310,"Anderson",76978,350.749564810725,0.272727272727273,50.6638260282159,22.0842318584531,593.676115253709,27.2727272727273
2022-02-22,21787,35,14020,15,7767,20,15310,18,93609,77,108919,95,2,305,-77,380,110,21102,0,360,310,"Anderson",76978,323.469043103224,0.24,123.411883914885,45.4675361791681,493.647535659539,24
2022-02-23,21822,35,14037,17,7785,18,15329,19,93675,66,109004,85,4,309,-35,345,66,21168,0,360,310,"Anderson",76978,288.394086622152,0.234875444839858,110.421159292265,45.4675361791681,448.179999480371,23.4875444839858
2022-02-24,21850,28,14051,14,7799,14,15346,17,93753,78,109099,95,1,310,-27,318,54,21222,0,360,310,"Anderson",76978,262.412637376913,0.215909090909091,123.411883914885,36.3740289433345,413.105042999298,21.5909090909091
2022-02-25,21863,13,14057,6,7806,7,15352,6,93820,67,109172,73,-1,309,-36,282,50,21272,0,360,310,"Anderson",76978,215.646028735483,0.16869918699187,94.832289745122,16.8879420094053,366.338434357868,16.869918699187
2022-02-26,21876,13,14062,5,7814,8,15359,7,93865,45,109224,52,0,309,-4,278,17,21289,0,360,310,"Anderson",76978,196.159941801554,0.165271966527197,67.5517680376211,16.8879420094053,361.142144508821,16.5271966527197
2022-02-27,21876,0,14062,0,7814,0,15360,1,93882,17,109242,18,0,309,-14,264,14,21303,0,360,310,"Anderson",76978,183.169217178934,0.170678336980306,23.383304320715,0,342.955130037153,17.0678336980306
2022-02-28,21894,18,14071,9,7823,9,15372,12,93939,57,109311,69,0,309,-26,238,44,21347,0,360,310,"Anderson",76978,184.468289641196,0.164271047227926,89.6359998960742,23.383304320715,309.179246018343,16.4271047227926
2022-03-01,21907,13,14078,7,7829,6,15380,8,93984,45,109364,53,-1,308,-36,202,50,21397,0,360,311,"Anderson",76978,155.888695471433,0.157303370786517,68.8508404998831,16.8879420094053,262.412637376913,15.7303370786517
2022-03-02,21917,10,14084,6,7833,4,15388,8,94037,53,109425,61,2,310,-23,179,31,21428,0,360,312,"Anderson",76978,123.411883914885,0.140142517814727,79.2434201979787,12.9907246226195,232.533970744888,14.0142517814727
2022-03-03,21928,11,14085,1,7843,10,15390,2,94081,44,109471,46,2,312,-28,151,37,21465,0,360,312,"Anderson",76978,101.327652056432,0.118279569892473,59.7573332640495,14.2897970848814,196.159941801554,11.8279569892473
2022-03-04,21937,9,14088,3,7849,6,15395,5,94145,64,109540,69,0,312,-15,136,24,21489,0,360,312,"Anderson",76978,96.1313622073839,0.116847826086957,89.6359998960742,11.6916521603575,176.673854867625,11.6847826086957
2022-03-05,21942,5,14089,1,7853,4,15396,1,94186,41,109582,42,0,312,-3,133,8,21497,0,360,312,"Anderson",76978,85.7387825092884,0.103351955307263,54.5610434150017,6.49536231130973,172.776637480839,10.3351955307263
2020-03-12,1,1,1,1,0,0,1,1,11,11,12,12,NA,NA,NA,NA,0,0,0,0,0,"East TN",2455501,NA,NA,0.488698640318208,0.040724886693184,NA,NA
2020-03-13,1,0,1,0,0,0,1,0,23,12,24,12,NA,NA,NA,NA,0,0,0,0,0,"East TN",2455501,NA,NA,0.488698640318208,0,NA,NA
2020-03-14,3,2,3,2,0,0,3,2,50,27,53,29,NA,NA,NA,NA,0,0,0,0,0,"East TN",2455501,NA,NA,1.18102171410234,0.081449773386368,NA,NA
2020-03-15,3,0,3,0,0,0,3,0,53,3,56,3,NA,NA,NA,NA,0,0,0,0,0,"East TN",2455501,NA,NA,0.122174660079552,0,NA,NA
2020-03-16,5,2,5,2,0,0,5,2,89,36,94,38,NA,NA,NA,NA,0,0,0,0,0,"East TN",2455501,NA,NA,1.54754569434099,0.081449773386368,NA,NA
2020-03-17,6,1,6,1,0,0,5,0,130,41,135,41,NA,NA,NA,NA,0,0,0,0,0,"East TN",2455501,NA,NA,1.66972035442054,0.040724886693184,NA,NA
2020-03-18,8,2,8,2,0,0,7,2,171,41,178,43,NA,NA,NA,NA,0,0,0,0,0,"East TN",2455501,0.325799093545472,0.0393258426966292,1.75117012780691,0.081449773386368,NA,3.93258426966292
2020-03-19,11,3,11,3,0,0,11,4,238,67,249,71,NA,NA,NA,NA,0,0,0,0,0,"East TN",2455501,0.40724886693184,0.0421940928270042,2.89146695521606,0.122174660079552,NA,4.21940928270042
2020-03-20,29,18,29,18,0,0,27,16,382,144,409,160,NA,NA,NA,NA,3,3,2,2,0,"East TN",2455501,1.14029682740915,0.0675324675324675,6.51598187090944,0.733047960477312,NA,6.75324675324675
2020-03-21,38,9,38,9,0,0,38,11,610,228,648,239,NA,NA,NA,NA,3,6,1,3,1,"East TN",2455501,1.42537103426144,0.0588235294117647,9.73324791967098,0.366523980238656,NA,5.88235294117647
2020-03-22,48,10,47,9,1,1,43,5,713,103,756,108,NA,NA,NA,NA,2,8,4,7,2,"East TN",2455501,1.83261990119328,0.0571428571428571,4.39828776286387,0.40724886693184,NA,5.71428571428571
2020-03-23,64,16,63,16,1,0,56,13,846,133,902,146,NA,NA,NA,NA,7,15,4,11,2,"East TN",2455501,2.40276831489786,0.0631188118811881,5.94583345720486,0.651598187090944,NA,6.31188118811881
2020-03-24,83,19,82,19,1,0,70,14,987,141,1057,155,NA,NA,NA,NA,7,22,5,16,2,"East TN",2455501,3.13581627537517,0.0704989154013015,6.31235743744352,0.773772847170496,NA,7.04989154013015
2020-03-25,116,33,115,33,1,0,99,29,1288,301,1387,330,NA,NA,NA,NA,15,37,12,28,3,"East TN",2455501,4.39828776286387,0.076095947063689,13.4392126087507,1.34392126087507,NA,7.6095947063689
2020-03-26,144,28,143,28,1,0,130,31,1774,486,1904,517,NA,NA,NA,NA,15,52,5,33,4,"East TN",2455501,5.41640993019347,0.0719033232628399,21.0547664203761,1.14029682740915,NA,7.19033232628399
2020-03-27,166,22,165,22,1,0,147,17,2171,397,2318,414,NA,NA,NA,NA,17,69,6,39,4,"East TN",2455501,5.57930947696621,0.0628601361969618,16.8601030909782,0.895947507250048,NA,6.28601361969618
2020-03-28,197,31,196,31,1,0,180,33,2608,437,2788,470,NA,NA,NA,NA,12,81,8,47,4,"East TN",2455501,6.47525698421626,0.0663551401869159,19.1406967457965,1.2624714874887,NA,6.63551401869159
2020-03-29,213,16,212,16,1,0,196,16,2795,187,2991,203,NA,NA,NA,NA,27,108,3,50,7,"East TN",2455501,6.71960630437536,0.0684563758389262,8.26715199871635,0.651598187090944,NA,6.84563758389262
2020-03-30,246,33,245,33,1,0,226,30,3345,550,3571,580,NA,NA,NA,NA,33,141,8,58,9,"East TN",2455501,7.41192937815949,0.0636942675159236,23.6204342820467,1.34392126087507,NA,6.36942675159236
2020-03-31,295,49,294,49,1,0,278,52,3645,300,3923,352,NA,NA,NA,NA,39,180,12,70,10,"East TN",2455501,8.63367597895501,0.0725750174459177,14.3351601160008,1.99551944796602,NA,7.25750174459177
2020-04-01,346,51,345,51,1,0,336,58,4243,598,4579,656,NA,NA,NA,NA,36,216,9,79,12,"East TN",2455501,9.36672393943232,0.0742481203007519,26.7155256707287,2.07696922135238,NA,7.42481203007519
2020-04-02,391,45,390,45,1,0,383,47,4839,596,5222,643,2,7,NA,134,34,250,5,84,14,"East TN",2455501,10.0590470132164,0.0762507534659433,26.1861021437173,1.83261990119328,5.45713481688666,7.62507534659433
2020-04-03,412,21,411,21,1,0,401,18,5124,285,5525,303,1,8,-13,121,33,283,2,86,17,"East TN",2455501,10.0183221265233,0.0792017461802308,12.3396406680348,0.855222620556864,4.92771128987526,7.92017461802307
2020-04-04,447,35,446,35,1,0,431,30,5716,592,6147,622,3,11,0,121,32,315,5,91,19,"East TN",2455501,10.181221673296,0.0747246204227449,25.3308795231604,1.42537103426144,4.92771128987526,7.47246204227449
2020-04-05,473,26,472,26,1,0,464,33,6093,377,6557,410,-1,10,1,122,26,341,2,93,20,"East TN",2455501,10.5884705402278,0.0751542344363432,16.6972035442054,1.05884705402278,4.96843617656845,7.51542344363432
2020-04-06,514,41,513,41,1,0,514,50,6626,533,7140,583,8,18,0,122,33,374,5,98,20,"East TN",2455501,10.9142696337733,0.080694872513309,23.7426089421263,1.66972035442054,4.96843617656845,8.06948725133091
2020-04-07,570,56,569,56,1,0,592,78,7755,1129,8347,1207,0,18,19,141,37,411,7,105,21,"East TN",2455501,11.1993438406256,0.0709764918625678,49.1549382386731,2.2805936548183,5.74220902373894,7.09764918625678
2020-04-08,607,37,606,37,1,0,632,40,8162,407,8794,447,1,19,4,145,32,443,8,113,25,"East TN",2455501,10.629195426921,0.0702253855278766,18.2040243518532,1.50682080764781,5.90510857051168,7.02253855278766
2020-04-09,633,26,632,26,1,0,662,30,8613,451,9275,481,3,22,3,148,20,463,2,115,25,"East TN",2455501,9.85542257975053,0.0688378978534419,19.5886704994215,1.05884705402278,6.02728323059123,6.88378978534419
2020-04-10,655,22,654,22,1,0,682,20,8941,328,9623,348,0,22,-7,141,29,492,4,119,25,"East TN",2455501,9.89614746644371,0.0685700341630063,14.172260569228,0.895947507250048,5.74220902373894,6.85700341630063
2020-04-11,679,24,678,24,1,0,728,46,10022,1081,10750,1127,2,24,-5,136,27,519,5,124,27,"East TN",2455501,9.44817371281869,0.0645231370845101,45.8969473032184,0.977397280636416,5.53858459027302,6.45231370845101
2020-04-12,709,30,708,30,1,0,761,33,11472,1450,12233,1483,0,24,18,154,12,531,1,125,28,"East TN",2455501,9.61107325959142,0.0523255813953488,60.3950069659919,1.22174660079552,6.27163255075034,5.23255813953488
2020-04-13,738,29,737,29,1,0,803,42,12435,963,13238,1005,0,24,-2,152,31,562,7,132,32,"East TN",2455501,9.12237461927321,0.0473925877336832,40.9285111266499,1.18102171410234,6.19018277736397,4.73925877336832
2020-04-14,749,11,748,11,1,0,823,20,12720,285,13543,305,4,28,-18,134,25,587,1,133,33,"East TN",2455501,7.28975471807994,0.0444572748267898,12.4210904414211,0.447973753625024,5.45713481688666,4.44572748267898
2020-04-15,773,24,772,24,1,0,850,27,13132,412,13982,439,2,30,-6,128,28,615,4,137,34,"East TN",2455501,6.76033119106854,0.0420200462606014,17.8782252583078,0.977397280636416,5.21278549672755,4.20200462606014
2020-04-16,801,28,800,28,1,0,886,36,13809,677,14695,713,1,31,1,129,26,641,6,143,34,"East TN",2455501,6.84178096445491,0.0413284132841328,29.0368442122402,1.14029682740915,5.25351038342074,4.13284132841328
2020-04-17,823,22,821,21,2,1,916,30,14138,329,15054,359,0,31,-1,128,23,664,4,147,35,"East TN",2455501,6.84178096445491,0.0430859878475419,14.6202343228531,0.895947507250048,5.21278549672755,4.30859878475419
2020-04-18,835,12,833,12,2,0,935,19,14919,781,15854,800,0,31,-11,117,23,687,0,147,35,"East TN",2455501,6.3530823241367,0.0405564263322884,32.5799093545472,0.488698640318208,4.76481174310253,4.05564263322884
2020-04-19,914,79,912,79,2,0,1016,81,15605,686,16621,767,1,32,66,183,12,699,1,148,35,"East TN",2455501,8.34860177210272,0.0581130355515041,31.2359880936721,3.21726604876154,7.45265426485267,5.81130355515041
2020-04-20,939,25,931,19,8,6,1033,17,16568,963,17601,980,0,32,10,193,15,714,2,150,35,"East TN",2455501,8.18570222532998,0.0527160210864084,39.9103889593203,1.0181221673296,7.85990313178451,5.27160210864084
2020-04-21,1045,106,1037,106,8,0,1154,121,19274,2706,20428,2827,0,32,83,276,23,737,6,156,36,"East TN",2455501,12.0545664611825,0.0480755265068991,115.129254681631,4.3168379894775,11.2400687273188,4.80755265068991
2020-04-22,1247,202,1237,200,10,2,1354,200,21826,2552,23180,2752,2,34,177,453,23,760,2,158,36,"East TN",2455501,19.3035962925692,0.0547945205479452,112.074888179642,8.22642711202317,18.4483736720124,5.47945205479452
2020-04-23,1492,245,1480,243,12,2,1601,247,22933,1107,24534,1354,0,34,236,689,9,769,3,161,36,"East TN",2455501,28.1408967049901,0.0726699867872751,55.1414965825711,9.97759723983008,28.0594469316038,7.26699867872751
2020-04-24,1540,48,1527,47,13,1,1655,54,25622,2689,27277,2743,0,34,22,711,26,795,4,165,36,"East TN",2455501,29.1997437590129,0.0604597889225231,111.708364199404,1.95479456127283,28.9553944388538,6.04597889225231
2020-04-25,1563,23,1546,19,17,4,1674,19,26397,775,28071,794,0,34,10,721,13,808,3,168,37,"East TN",2455501,29.6477175126379,0.0604894818695261,32.3355600343881,0.936672393943232,29.3626433057857,6.04894818695261
2020-04-26,1583,20,1565,19,18,1,1700,26,27514,1117,29214,1143,0,34,-1,720,21,829,0,168,37,"East TN",2455501,27.2449491977401,0.0543158897800365,46.5485454903093,0.81449773386368,29.3219184190925,5.43158897800365
2020-04-27,1652,69,1633,68,19,1,1772,72,28429,915,30201,987,0,34,50,770,19,848,8,176,38,"East TN",2455501,29.0368442122402,0.0586507936507936,40.1954631661726,2.8100171818297,31.3581627537517,5.86507936507936
2020-04-28,1689,37,1667,34,22,3,1812,40,30603,2174,32415,2214,2,36,19,789,16,864,1,177,39,"East TN",2455501,26.2268270304105,0.0548928005339117,90.1648991387094,1.50682080764781,32.1319356009222,5.48928005339117
2020-04-29,1752,63,1729,62,23,1,1878,66,33350,2747,35228,2813,1,37,39,828,23,887,6,183,40,"East TN",2455501,20.5660677800579,0.0434926958831341,114.559106267927,2.56566786167059,33.7202061819563,4.34926958831341
2020-04-30,1774,22,1750,21,24,1,1900,22,33899,549,35799,571,0,37,-1,827,23,910,1,184,40,"East TN",2455501,11.4844180474779,0.0265423879272082,23.2539103018081,0.895947507250048,33.6794812952632,2.65423879272082
2020-05-01,1814,40,1786,36,28,4,1929,29,35561,1662,37490,1691,0,37,-16,811,56,966,0,184,40,"East TN",2455501,11.1586189539324,0.0268285518456869,68.8657833981741,1.62899546772736,33.0278831081722,2.68285518456869
2020-05-02,1835,21,1807,21,28,0,1966,37,37438,1877,39404,1914,0,37,-107,704,128,1094,3,187,40,"East TN",2455501,11.077169180546,0.0257654636901085,77.9474331307542,0.855222620556864,28.6703202320015,2.57654636901085
2020-05-03,1873,38,1840,33,33,5,2003,37,39558,2120,41561,2157,0,37,-20,684,58,1152,3,190,42,"East TN",2455501,11.8102171410234,0.0245403741799627,87.8435805971979,1.54754569434099,27.8558224981379,2.45403741799627
2020-05-04,1920,47,1884,44,36,3,2060,57,41504,1946,43564,2003,0,37,-312,372,359,1511,1,191,42,"East TN",2455501,10.9142696337733,0.0215520466961012,81.5719480464475,1.91406967457965,15.1496578498644,2.15520466961012
2020-05-05,1948,28,1911,27,37,1,2092,32,44414,2910,46506,2942,2,39,-45,327,71,1582,1,192,42,"East TN",2455501,10.5477456535347,0.0198708395429707,119.812616651347,1.14029682740915,13.3170379486712,1.98708395429707
2020-05-06,1985,37,1948,37,37,0,2135,43,45458,1044,47593,1087,1,40,7,334,29,1611,0,192,42,"East TN",2455501,9.48889859951187,0.0207844723008492,44.267951835491,1.50682080764781,13.6021121555235,2.07844723008492
2020-05-07,2028,43,1989,41,39,2,2183,48,46849,1391,49032,1439,0,40,18,352,25,1636,4,196,46,"East TN",2455501,10.3441212200687,0.0213859291166024,58.6031119514918,1.75117012780691,14.3351601160008,2.13859291166024
2020-05-08,2047,19,2008,19,39,0,2219,36,48519,1670,50738,1706,1,41,-15,337,33,1669,0,196,47,"East TN",2455501,9.48889859951187,0.0218900966183575,69.4766566985719,0.773772847170496,13.724286815603,2.18900966183575
2020-05-09,2063,16,2022,14,41,2,2237,18,51337,2818,53574,2836,0,41,-32,305,48,1717,1,197,48,"East TN",2455501,9.28527416604595,0.0191249117854622,115.49577866187,0.651598187090944,12.4210904414211,1.91249117854622
2020-05-10,2079,16,2037,15,42,1,2256,19,53901,2564,56157,2583,1,42,-27,278,42,1759,3,200,48,"East TN",2455501,8.3893266587959,0.0173335160317895,105.192382328494,0.651598187090944,11.3215185007052,1.73335160317895
2020-05-11,2140,61,2097,60,43,1,2307,51,55472,1571,57779,1622,3,45,13,291,45,1804,5,205,50,"East TN",2455501,8.95947507250048,0.0173760112557158,66.0557662163444,2.48421808828422,11.8509420277165,1.73760112557158
2020-05-12,2193,53,2150,53,43,0,2373,66,59027,3555,61400,3621,3,48,30,321,20,1824,3,208,50,"East TN",2455501,9.97759723983008,0.0188666577145159,147.464814716019,2.15841899473875,13.0726886285121,1.88666577145159
2020-05-13,2247,54,2201,51,46,3,2425,52,60652,1625,63077,1677,0,48,18,339,36,1860,7,215,52,"East TN",2455501,10.6699203136142,0.0187290105915784,68.2956349844696,2.19914388143194,13.8057365889894,1.87290105915784
2020-05-14,2278,31,2232,31,46,0,2470,45,62360,1708,64830,1753,1,49,-2,337,32,1892,2,217,53,"East TN",2455501,10.181221673296,0.018166856564122,71.3907263731516,1.2624714874887,13.724286815603,1.8166856564122
2020-05-15,2306,28,2260,28,46,0,2507,37,64679,2319,67186,2356,1,50,-21,316,48,1940,4,221,53,"East TN",2455501,10.5477456535347,0.0175097276264591,95.9478330491415,1.14029682740915,12.8690641950461,1.75097276264591
2020-05-16,2316,10,2270,10,46,0,2525,18,67448,2769,69973,2787,1,51,-28,288,37,1977,1,222,53,"East TN",2455501,10.3033963333756,0.0175620464662479,113.500259213904,0.40724886693184,11.728767367637,1.75620464662479
2020-05-17,2396,80,2350,80,46,0,2604,79,69675,2227,72279,2306,0,51,59,347,21,1998,4,226,55,"East TN",2455501,12.9097890817393,0.0215854112393003,93.9115887144823,3.25799093545472,14.1315356825348,2.15854112393003
2020-05-18,2445,49,2398,48,47,1,2665,61,71553,1878,74218,1939,0,51,8,355,41,2039,3,229,55,"East TN",2455501,12.4210904414211,0.0217774803820184,78.9655552980838,1.99551944796602,14.4573347760803,2.17774803820184
2020-05-19,2486,41,2438,40,48,1,2705,40,72677,1124,75382,1164,1,52,-6,349,46,2085,3,232,55,"East TN",2455501,11.9323918011029,0.0237448147618366,47.4037681108662,1.66972035442054,14.2129854559212,2.37448147618366
2020-05-20,2528,42,2480,42,48,0,2750,45,74417,1740,77167,1785,0,52,13,362,29,2114,3,235,55,"East TN",2455501,11.4436931607847,0.0230660042583392,72.6939227473334,1.71044524111373,14.7424089829326,2.30660042583392
2020-05-21,2769,241,2720,240,49,1,2988,238,75879,1462,78867,1700,0,52,211,573,30,2144,4,239,56,"East TN",2455501,19.9959193663533,0.0369024720381848,69.2323073784128,9.81469769305734,23.3353600751944,3.69024720381848
2020-05-22,2860,91,2808,88,52,3,3066,78,77403,1524,80469,1602,0,52,40,613,51,2195,7,246,56,"East TN",2455501,22.5615872280239,0.0420838665964014,65.2412684824808,3.70596468907974,24.9643555429218,4.20838665964014
2020-05-23,2926,66,2870,62,56,4,3157,91,79618,2215,82775,2306,2,54,36,649,28,2223,7,253,57,"East TN",2455501,24.8421808828422,0.049367286361506,93.9115887144823,2.68784252175014,26.4304514638764,4.9367286361506
2020-05-24,2978,52,2922,52,56,0,3227,70,81738,2120,84965,2190,0,54,26,675,26,2249,0,253,58,"East TN",2455501,23.7018840554331,0.0491092542960744,89.187501858073,2.11769410804557,27.4892985178992,4.91092542960744
2020-05-25,3062,84,3005,83,57,1,3321,94,84388,2650,87709,2744,1,55,42,717,41,2290,2,255,58,"East TN",2455501,25.1272550896945,0.0486250092654362,111.749089086097,3.42089048222746,29.1997437590129,4.86250092654362
2020-05-26,3123,61,3057,52,66,9,3377,56,86774,2386,90151,2442,1,56,15,732,45,2335,3,258,58,"East TN",2455501,25.9417528235582,0.0455007109486086,99.4501733047553,2.48421808828422,29.8106170594107,4.55007109486086
2020-05-27,3199,76,3130,73,69,3,3444,67,88641,1867,92085,1934,0,56,40,772,36,2371,9,267,58,"East TN",2455501,27.3263989711265,0.0465209813647942,78.7619308646179,3.09509138868198,31.439612527138,4.65209813647942
2020-05-28,3273,74,3204,74,69,0,3511,67,90040,1399,93551,1466,0,56,14,786,60,2431,1,268,58,"East TN",2455501,20.5253428933647,0.0356169980931626,59.7026838922077,3.01364161529562,32.0097609408426,3.56169980931626
2020-05-29,3348,75,3278,74,70,1,3594,83,91318,1278,94912,1361,0,56,10,796,65,2496,4,272,58,"East TN",2455501,19.8737447062738,0.0365575019040366,55.4265707894234,3.0543665019888,32.4170098077745,3.65575019040366
2020-05-30,3421,73,3350,72,71,1,3675,81,93563,2245,97238,2326,0,56,-1,795,74,2570,5,277,59,"East TN",2455501,20.1588189131261,0.0358155292816152,94.726086448346,2.97291672860243,32.3762849210813,3.58155292816152
2020-05-31,3533,112,3460,110,73,2,3769,94,96346,2783,100115,2877,0,56,71,866,41,2611,1,278,60,"East TN",2455501,22.6023121147171,0.0357755775577558,117.16549901629,4.56118730963661,35.2677518762973,3.57755775577558
2020-06-01,3629,96,3553,93,76,3,3903,134,100178,3832,104081,3966,0,56,-169,697,265,2876,5,283,60,"East TN",2455501,23.0910107550353,0.0355484974346445,161.514900625168,3.90958912254566,28.3852460251492,3.55484974346445
2020-06-02,3736,107,3658,105,78,2,4018,115,104237,4059,108255,4174,1,57,16,713,90,2966,3,286,64,"East TN",2455501,24.9643555429218,0.0354065399911622,169.98567705735,4.35756287617069,29.0368442122402,3.54065399911622
2020-06-03,3786,50,3708,50,78,0,4068,50,106167,1930,110235,1980,0,57,-65,648,115,3081,4,290,65,"East TN",2455501,23.905508488899,0.0343801652892562,80.6352756525043,2.0362443346592,26.3897265771832,3.43801652892562
2020-06-04,3837,51,3757,49,80,2,4129,61,107715,1548,111844,1609,6,63,-37,611,82,3163,5,295,66,"East TN",2455501,22.9688360949558,0.0337834144208167,65.526342689333,2.07696922135238,24.8829057695354,3.37834144208167
2020-06-05,3936,99,3852,95,84,4,4211,82,109871,2156,114082,2238,1,64,-43,568,141,3304,4,299,67,"East TN",2455501,23.9462333755922,0.0321857068335942,91.1422964193458,4.03176378262522,23.1317356417285,3.21857068335942
2020-06-06,3989,53,3902,50,87,3,4286,75,112976,3105,117262,3180,1,65,-14,554,66,3370,4,303,67,"East TN",2455501,23.1317356417285,0.0305133839392729,129.505139684325,2.15841899473875,22.5615872280239,3.05133839392729
2020-06-07,4047,58,3958,56,89,2,4367,81,116935,3959,121302,4040,0,65,-8,546,66,3436,6,309,68,"East TN",2455501,20.9325917602966,0.0282248548638316,164.528542240463,2.36204342820467,22.2357881344785,2.82248548638316
2020-06-08,4207,160,4114,156,93,4,4524,157,119886,2951,124410,3108,0,65,75,621,85,3521,6,315,68,"East TN",2455501,23.5389845086604,0.0305474937281716,126.572947842416,6.51598187090944,25.2901546364673,3.05474937281716
2020-06-09,4315,108,4221,107,94,1,4642,118,122213,2327,126855,2445,1,66,-35,586,142,3663,7,322,69,"East TN",2455501,23.5797093953535,0.0335483870967742,99.5723479648349,4.39828776286387,23.8647836022058,3.35483870967742
2020-06-10,4392,77,4295,74,97,3,4716,74,125051,2838,129767,2912,0,66,-63,523,140,3803,6,328,69,"East TN",2455501,24.6792813360695,0.0331763260290805,118.590870050552,3.13581627537517,21.2991157405352,3.31763260290805
2020-06-11,4656,264,4557,262,99,2,4996,280,127342,2291,132338,2571,1,67,149,672,114,3917,8,336,69,"East TN",2455501,33.3536822017177,0.042305064897043,104.703683688176,10.7513700870006,27.3671238578196,4.2305064897043
2020-06-12,4827,171,4727,170,100,1,5168,172,129970,2628,135138,2800,2,69,24,696,145,4062,3,339,70,"East TN",2455501,36.2858740436269,0.0454502279635258,114.029682740915,6.96395562453446,28.3445211384561,4.54502279635258
2020-06-13,4975,148,4871,144,104,4,5336,168,132161,2191,137497,2359,0,69,50,746,98,4160,4,343,71,"East TN",2455501,40.1547382794794,0.0518902891030393,96.0700077092211,6.02728323059123,30.3807654731153,5.18902891030393
2020-06-14,5091,116,4986,115,105,1,5471,135,136031,3870,141502,4005,0,69,30,776,86,4246,4,347,72,"East TN",2455501,42.5167817076841,0.0546534653465347,163.103171206202,4.72408685640934,31.6025120739108,5.46534653465347
2020-06-15,5273,182,5157,171,116,11,5650,179,139205,3174,144855,3353,0,69,58,834,124,4370,9,356,77,"East TN",2455501,43.4127292149341,0.0550745903643923,136.550545082246,7.41192937815949,33.9645555021155,5.50745903643923
2020-06-16,5427,154,5309,152,118,2,5808,158,141005,1800,146813,1958,3,72,64,898,87,4457,4,360,80,"East TN",2455501,45.2860740028206,0.0584226876440525,79.7393281452543,6.27163255075034,36.5709482504792,5.84226876440525
2020-06-17,5560,133,5439,130,121,3,5930,122,142445,1440,148375,1562,3,75,-6,892,136,4593,6,366,82,"East TN",2455501,47.5666676576389,0.0652407566638005,63.6122730147534,5.41640993019347,36.3265989303201,6.52407566638005
2020-06-18,5738,178,5616,177,122,1,6136,206,146036,3591,152172,3797,1,76,42,934,135,4728,12,378,82,"East TN",2455501,44.0643274020251,0.0574770595946355,154.63239477402,7.24902983138675,38.0370441714339,5.74770595946355
2020-06-19,5873,135,5747,131,126,4,6254,118,147500,1464,153754,1582,4,80,22,956,109,4837,13,391,83,"East TN",2455501,42.5982314810705,0.0583369144821659,64.4267707486171,5.49785970357984,38.9329916786839,5.83369144821659
2020-06-20,5939,66,5812,65,127,1,6349,95,149675,2175,156024,2270,0,80,-44,912,110,4947,7,398,83,"East TN",2455501,39.2587907722294,0.0546769579532574,92.4454927935277,2.68784252175014,37.1410966641838,5.46769579532574
2020-06-21,6027,88,5899,87,128,1,6468,119,153025,3350,159493,3469,1,81,0,912,87,5034,3,401,86,"East TN",2455501,38.1184939448202,0.0554165971874826,141.274631938655,3.58379002900019,37.1410966641838,5.54165971874826
2020-06-22,6223,196,6088,189,135,7,6666,198,156436,3411,163102,3609,1,82,43,955,152,5186,7,408,87,"East TN",2455501,38.6886423585248,0.0556803858168466,146.976116075701,7.98207779186406,38.8922667919907,5.56803858168466
2020-06-23,6413,190,6272,184,141,6,6850,184,158241,1805,165091,1989,4,86,57,1012,129,5315,15,423,87,"East TN",2455501,40.1547382794794,0.0570084254294781,81.001799632743,7.73772847170496,41.2135853335022,5.70084254294781
2020-06-24,6591,178,6448,176,143,2,7033,183,159872,1631,166905,1814,2,88,38,1050,138,5453,9,432,87,"East TN",2455501,41.9873581806727,0.0595250944414463,73.8749444614358,7.24902983138675,42.7611310278432,5.95250944414463
2020-06-25,6760,169,6608,160,152,9,7217,184,163046,3174,170263,3358,0,88,22,1072,147,5600,8,440,87,"East TN",2455501,41.620834200434,0.0597534685755348,136.754169515712,6.8825058511481,43.6570785350932,5.97534685755348
2020-06-26,6974,214,6812,204,162,10,7389,172,164635,1589,172024,1761,1,89,67,1139,146,5746,16,456,87,"East TN",2455501,44.8381002491956,0.0621237000547345,71.716525466697,8.71512575234138,46.3856459435366,6.21237000547345
2020-06-27,7048,74,6881,69,167,5,7435,46,164844,209,172279,255,-1,88,-52,1087,127,5873,5,461,89,"East TN",2455501,45.1638993427411,0.066810212242387,10.3848461067619,3.01364161529562,44.267951835491,6.6810212242387
2020-06-28,7175,127,7006,125,169,2,7606,171,167931,3087,175537,3258,0,88,30,1117,97,5970,5,466,90,"East TN",2455501,46.7521699237752,0.0709299426576914,132.681680846393,5.17206061003437,45.4896984362865,7.09299426576914
2020-06-29,7518,343,7347,341,171,2,7946,340,173199,5268,181145,5608,1,89,147,1264,195,6165,22,488,91,"East TN",2455501,52.7387282676733,0.0709416394169484,228.385164575376,13.9686361357621,51.4762567801846,7.09416394169484
2020-06-30,7788,270,7613,266,175,4,8394,448,179485,6286,187879,6734,0,89,100,1364,170,6335,22,510,92,"East TN",2455501,55.996719203128,0.0677549587502194,274.241386991901,10.9957194071597,55.548745449503,6.77549587502194
2020-07-01,8063,275,7885,272,178,3,8728,334,182689,3204,191417,3538,0,89,66,1430,209,6544,17,527,95,"East TN",2455501,59.9470332123668,0.0691498041775457,144.084649120485,11.1993438406256,58.2365879712531,6.91498041775457
2020-07-02,8543,480,8360,475,183,5,9334,606,189072,6383,198406,6989,2,91,314,1744,164,6708,25,552,98,"East TN",2455501,72.6124729739471,0.0752229684113279,284.626233098663,19.5479456127283,71.0242023929129,7.52229684113279
2020-07-03,8769,226,8580,220,189,6,9562,228,192428,3356,201990,3584,5,96,24,1768,197,6905,14,566,99,"East TN",2455501,73.1011716142653,0.0725155175865981,145.957993908371,9.20382439265958,72.0015996735493,7.25155175865982
2020-07-04,8989,220,8798,218,191,2,9842,280,197192,4764,207034,5044,2,98,77,1845,141,7046,15,581,105,"East TN",2455501,79.0470050714701,0.0692562221263128,205.41632848042,8.95947507250048,75.1374159489245,6.92562221263128
2020-07-05,9309,320,9117,319,192,1,10210,368,201039,3847,211249,4215,2,100,163,2008,155,7201,12,593,108,"East TN",2455501,86.9069082032546,0.0729166666666667,171.655397411771,13.0319637418189,81.7755724799135,7.29166666666667
2020-07-06,9543,234,9340,223,203,11,10420,210,202670,1631,213090,1841,4,104,-51,1957,281,7482,26,619,108,"East TN",2455501,82.4678955536976,0.0774456096415714,74.9745164021517,9.52962348620506,79.6986032585611,7.74456096415715
2020-07-07,9991,448,9779,439,212,9,10986,566,208948,6278,219934,6844,0,104,159,2116,289,7771,32,651,109,"East TN",2455501,89.7169253850844,0.0808610201216659,278.721124528151,18.2447492385464,86.1738602427773,8.08610201216659
2020-07-08,10372,381,10150,371,222,10,11420,434,213119,4171,224539,4605,1,105,61,2177,319,8090,20,671,109,"East TN",2455501,94.0337633745619,0.0812752853088582,187.538103222112,15.5161818301031,88.6580783310616,8.12752853088582
2020-07-09,10821,449,10585,435,236,14,11892,472,219068,5949,230960,6421,1,106,149,2326,299,8389,24,695,113,"East TN",2455501,92.7712918870731,0.0785771333783867,261.494497456934,18.2854741252396,94.726086448346,7.85771333783867
2020-07-10,11288,467,11040,455,248,12,12345,453,222352,3284,234697,3737,0,106,141,2467,326,8715,29,724,115,"East TN",2455501,102.58598958013,0.0850888189072676,152.188901572429,19.0185220857169,100.468295472085,8.50888189072676
2020-07-11,11594,306,11339,299,255,7,12767,422,226830,4478,239597,4900,5,111,44,2511,257,8972,23,747,120,"East TN",2455501,106.088329835744,0.0898258759942266,199.551944796602,12.4618153281143,102.260190486585,8.98258759942266
2020-07-12,12064,470,11801,462,263,8,13400,633,232760,5930,246160,6563,1,112,222,2733,247,9219,25,772,125,"East TN",2455501,112.197062839722,0.091375211251468,267.277431367367,19.1406967457965,111.301115332472,9.1375211251468
2020-07-13,12418,354,12142,341,276,13,13743,343,236194,3434,249937,3777,3,115,-119,2614,470,9689,20,792,129,"East TN",2455501,117.084049242904,0.0901837327326512,153.817897040156,14.4166098893871,106.454853815983,9.01837327326512
2020-07-14,12933,515,12652,510,281,5,14327,584,240682,4488,255009,5072,4,119,77,2691,434,10123,34,826,133,"East TN",2455501,119.812616651347,0.0952530292230934,206.556625307829,20.9733166469898,109.590670091358,9.52530292230934
2020-07-15,13313,380,13026,374,287,6,14710,383,243779,3097,258489,3480,6,125,-106,2585,480,10603,24,850,140,"East TN",2455501,119.771891764654,0.0969072164948454,141.72260569228,15.4754569434099,105.273832101881,9.69072164948454
2020-07-16,14140,827,13838,812,302,15,15807,1097,253613,9834,269420,10931,6,131,349,2934,472,11075,44,894,142,"East TN",2455501,135.165898934678,0.101794071762871,445.163736443194,33.6794812952632,119.486817557802,10.1794071762871
2020-07-17,14608,468,14292,454,316,14,16318,511,257932,4319,274250,4830,3,134,95,3029,370,11445,24,918,147,"East TN",2455501,135.206623821371,0.100447500821682,196.701202728079,19.0592469724101,123.355681793654,10.0447500821682
2020-07-18,15117,509,14786,494,331,15,16986,668,266022,8090,283008,8758,6,140,185,3214,318,11763,27,945,150,"East TN",2455501,143.473775820087,0.0971873488286379,356.668557658905,20.7289673268307,130.889785831893,9.71873488286379
2020-07-19,15598,481,15248,462,350,19,17546,560,270876,4854,288422,5414,0,140,76,3290,405,12168,26,971,154,"East TN",2455501,143.921749573712,0.0981023141356301,220.484536556898,19.5886704994215,133.984877220575,9.81023141356301
2020-07-20,16034,436,15669,421,365,15,17957,411,273333,2457,291290,2868,2,142,-270,3020,704,12872,29,1000,158,"East TN",2455501,147.261190282553,0.101903126738084,116.798975036052,17.7560505982282,122.989157813416,10.1903126738084
2020-07-21,17035,1001,16653,984,382,17,19169,1212,281711,8378,300880,9590,1,143,381,3401,619,13491,61,1061,161,"East TN",2455501,167.053485215441,0.105556887794031,390.551663387635,40.7656115798772,138.505339643519,10.5556887794031
2020-07-22,17619,584,17221,568,398,16,19823,654,285011,3300,304834,3954,4,147,-79,3322,659,14150,29,1090,166,"East TN",2455501,175.36136210085,0.110324738375229,161.02620198485,23.7833338288195,135.288073594757,11.0324738375229
2020-07-23,18414,795,17994,773,420,22,20822,999,295214,10203,316036,11202,4,151,242,3564,549,14699,50,1140,172,"East TN",2455501,174.058165726668,0.107581088038442,456.200180737047,32.3762849210813,145.143496174508,10.7581088038442
2020-07-24,19017,603,18584,590,433,13,21506,684,301024,5810,322530,6494,2,153,7,3571,594,15293,34,1174,179,"East TN",2455501,179.556025430248,0.107456503728252,264.467414185537,24.55710667599,145.42857038136,10.7456503728252
2020-07-25,19995,978,19550,966,445,12,22708,1202,310638,9614,333346,10816,10,163,550,4121,418,15711,29,1203,187,"East TN",2455501,198.655997289352,0.1136715801184,440.480374473478,39.8289391859339,167.827258062611,11.36715801184
2020-07-26,20770,775,20310,760,460,15,23605,897,318161,7523,341766,8420,1,164,391,4512,383,16094,21,1224,194,"East TN",2455501,210.629113977148,0.113583533293341,342.903545956609,31.5617871872176,183.750688759646,11.3583533293341
2020-07-27,21416,646,20934,624,482,22,24311,706,322627,4466,346938,5172,6,170,-78,4434,718,16812,38,1262,198,"East TN",2455501,219.181340182716,0.114182001150086,210.629113977148,26.3082768037969,180.574147597578,11.4182001150086
2020-07-28,22231,815,21726,792,505,23,25283,972,330848,8221,356131,9193,7,177,170,4604,638,17450,50,1312,203,"East TN",2455501,211.606511257784,0.110658630613021,374.38388337044,33.190782654945,187.497378335419,11.0658630613021
2020-07-29,22574,343,22058,332,516,11,25599,316,332418,1570,358017,1886,5,182,-337,4267,675,18125,24,1336,212,"East TN",2455501,201.791813564727,0.108606133538913,76.807136303345,13.9686361357621,173.773091519816,10.8606133538913
2020-07-30,23762,1188,23231,1173,531,15,26980,1381,344952,12534,371932,13915,5,187,674,4941,509,18634,46,1382,219,"East TN",2455501,217.796694035148,0.110168885072277,566.686798335655,48.3811653915026,201.221665151022,11.0168885072277
2020-07-31,24384,622,23837,606,547,16,27634,654,348920,3968,376554,4622,6,193,80,5021,536,19170,27,1409,228,"East TN",2455501,218.570466882319,0.113431067673627,188.230426295896,25.3308795231604,204.479656086477,11.3431067673627
2020-08-01,24943,559,24379,542,564,17,28270,636,355895,6975,384165,7611,1,194,152,5173,406,19576,16,1425,231,"East TN",2455501,201.506739357874,0.109447253979811,309.957112621823,22.7652116614899,210.669838863841,10.9447253979811
2020-08-02,25374,431,24799,420,575,11,28754,484,359693,3798,388447,4282,4,198,50,5223,377,19953,21,1446,236,"East TN",2455501,187.497378335419,0.110301835864699,174.383964820214,17.5524261647623,212.7060831985,11.0301835864699
2020-08-03,26000,626,25407,608,593,18,29462,708,363837,4144,393299,4852,3,201,-43,5180,666,20619,39,1485,244,"East TN",2455501,186.682880601555,0.111106317810228,197.597150235329,25.4937790699332,210.954913070693,11.1106317810228
2020-08-04,26486,486,25873,466,613,20,29988,526,369208,5371,399196,5897,6,207,-218,4962,698,21317,34,1519,253,"East TN",2455501,173.284392879498,0.10925345408104,240.154656829706,19.7922949328874,202.076887771579,10.925345408104
2020-08-05,26954,468,26333,460,621,8,30509,521,373421,4213,403930,4734,9,216,-222,4740,681,21998,20,1539,259,"East TN",2455501,178.375003716146,0.106941389149043,192.791613605533,19.0592469724101,193.035962925692,10.6941389149043
2020-08-06,27685,731,27026,693,659,38,31361,852,380490,7069,411851,7921,7,223,202,4942,522,22520,37,1576,265,"East TN",2455501,159.763730497361,0.109747238157268,322.58182749671,29.7698921727175,201.262390037715,10.9747238157268
2020-08-07,28240,555,27567,541,673,14,31980,619,384460,3970,416440,4589,6,229,40,4982,509,23029,34,1610,278,"East TN",2455501,157.035163088917,0.108960537531966,186.886505035021,22.6023121147171,202.891385505443,10.8960537531966
2020-08-08,28915,675,28230,663,685,12,32780,800,394537,10077,427317,10877,8,237,290,5272,377,23406,24,1634,289,"East TN",2455501,161.759249945327,0.104514275120504,442.964592561762,27.4892985178992,214.701602646466,10.4514275120504
2020-08-09,29443,528,28746,516,697,12,33414,634,398838,4301,432252,4935,2,239,115,5387,411,23817,20,1654,296,"East TN",2455501,165.709563954566,0.106380550165506,200.977315830863,21.5027401740012,219.384964616182,10.6380550165506
2020-08-10,29746,303,29038,292,708,11,33742,328,401127,2289,434869,2617,3,242,-477,4910,777,24594,26,1680,300,"East TN",2455501,152.555425552667,0.102958864565793,106.577028476063,12.3396406680348,199.959193663533,10.2958864565793
2020-08-11,30358,612,29633,595,725,17,34427,685,407227,6100,441654,6785,17,259,-7,4903,602,25196,28,1708,305,"East TN",2455501,157.686761276008,0.104550379198267,276.318356213253,24.9236306562286,199.674119456681,10.4550379198267
2020-08-12,30803,445,30057,424,746,21,34901,474,410975,3748,445876,4222,6,265,-251,4652,690,25886,25,1733,310,"East TN",2455501,156.750088882065,0.104706050636533,171.940471618623,18.1225745784669,189.452172896692,10.4706050636533
2020-08-13,31620,817,30861,804,759,13,36018,1117,419538,8563,455556,9680,6,271,202,4854,609,26495,44,1777,318,"East TN",2455501,160.252429137679,0.106555314037295,394.216903190021,33.2722324283313,197.678600008715,10.6555314037295
2020-08-14,32081,461,31293,432,788,29,36552,534,424194,4656,460746,5190,4,275,-142,4712,599,27094,18,1795,325,"East TN",2455501,156.42428978852,0.103191441339773,211.362161937625,18.7741727655578,191.895666098283,10.3191441339773
2020-08-15,32731,650,31931,638,800,12,37429,877,431127,6933,468556,7810,4,279,216,4928,430,27524,17,1812,334,"East TN",2455501,155.40616762119,0.11273309246102,318.061365073767,26.4711763505696,200.692241624011,11.273309246102
2020-08-16,33205,474,32394,463,811,11,38022,593,436592,5465,474614,6058,2,281,110,5038,362,27886,10,1822,343,"East TN",2455501,153.207023739758,0.108776733865257,246.711363587309,19.3035962925692,205.171979160261,10.8776733865257
2020-08-17,33478,273,32597,203,881,70,38249,227,438064,1472,476313,1699,8,289,-397,4641,662,28548,12,1834,349,"East TN",2455501,151.985277138963,0.108749155486922,69.1915824917196,11.1178940672392,189.004199143067,10.8749155486922
2020-08-18,34108,630,33162,565,946,65,39061,812,448661,10597,487722,11409,8,297,52,4693,570,29118,22,1856,352,"East TN",2455501,152.71832509944,0.10059043153599,464.630232282536,25.6566786167059,191.121893251113,10.059043153599
2020-08-19,34563,455,33596,434,967,21,39558,497,453445,4784,493003,5281,7,304,-113,4580,561,29679,22,1878,359,"East TN",2455501,153.125573966372,0.0988180872960299,215.068126626705,18.5298234453987,186.519981054783,9.88180872960299
2020-08-20,35341,778,34353,757,988,21,40432,874,464984,11539,505416,12413,6,310,265,4845,507,30186,27,1905,367,"East TN",2455501,151.537303385338,0.088527878058564,505.518018522493,31.6839618472971,197.312076028476,8.8527878058564
2020-08-21,35550,209,34550,197,1000,12,40645,213,467435,2451,508080,2664,17,327,-321,4524,513,30699,17,1922,374,"East TN",2455501,141.274631938655,0.0864706130899565,108.491098150642,8.51150131887546,184.239387399964,8.64706130899565
2020-08-22,36419,869,35407,857,1012,12,41617,972,480802,13367,522419,14339,2,329,453,4977,414,31113,20,1942,381,"East TN",2455501,150.193382124463,0.077752817332863,583.954150293565,35.3899265363769,202.687761071977,7.7752817332863
2020-08-23,36672,253,35649,242,1023,11,41871,254,485908,5106,527779,5360,0,329,-94,4883,347,31460,20,1962,386,"East TN",2455501,141.193182165269,0.0723972538324085,218.285392675466,10.3033963333756,198.859621722817,7.23972538324085
2020-08-24,36864,192,35824,175,1040,17,42069,198,487251,1343,529320,1541,8,337,-485,4398,669,32129,15,1977,396,"East TN",2455501,137.894466343121,0.0720659535533043,62.7570503941965,7.81917824509133,179.108051676623,7.20659535533043
2020-08-25,37478,614,36413,589,1065,25,42754,685,496985,9734,539739,10419,16,353,120,4518,478,32607,23,2000,405,"East TN",2455501,137.24286815603,0.0709960205317492,424.312594456284,25.005080429615,183.995038079805,7.09960205317492
2020-08-26,37823,345,36733,320,1090,25,43138,384,500947,3962,544085,4346,6,359,-208,4310,547,33154,11,2011,413,"East TN",2455501,132.76313061978,0.0700833953251635,176.990357568578,14.0500859091485,175.524261647623,7.00833953251635
2020-08-27,38684,861,37577,844,1107,17,44114,976,511239,10292,555353,11268,8,367,387,4697,466,33620,29,2040,420,"East TN",2455501,136.143296215314,0.0737329034583575,458.888023258797,35.0641274428314,191.284792797885,7.37329034583575
2020-08-28,39018,334,37891,314,1127,20,44452,338,513848,2609,558300,2947,12,379,-182,4515,504,34124,10,2050,426,"East TN",2455501,141.233907051962,0.0758064516129032,120.016241084813,13.6021121555235,183.872863419726,7.58064516129032
2020-08-29,39469,451,38326,435,1143,16,44980,528,520367,6519,565347,7047,8,387,61,4576,382,34506,16,2066,435,"East TN",2455501,124.210904414211,0.0783404770778979,286.988276526868,18.366923898626,186.35708150801,7.83404770778979
2020-08-30,39732,263,38578,252,1154,11,45247,267,522248,1881,567495,2148,8,395,-55,4521,310,34816,14,2080,438,"East TN",2455501,124.618153281143,0.0850035250276966,87.4770566169592,10.7106452003074,184.117212739885,8.50035250276967
2020-08-31,40139,407,38956,378,1183,29,45697,450,525735,3487,571432,3937,2,397,-133,4388,538,35354,17,2097,443,"East TN",2455501,133.374003920178,0.0861512158054711,160.333878911065,16.5750288841259,178.700802809691,8.61512158054711
2020-09-01,40746,607,39521,565,1225,42,46371,674,531400,5665,577771,6339,6,403,105,4493,496,35850,28,2125,452,"East TN",2455501,133.088929713325,0.0951041228439209,258.155056748093,24.7200062227627,182.976915912476,9.51041228439209
2020-09-02,41234,488,39980,459,1254,29,46824,453,536193,4793,583017,5246,7,410,23,4516,458,36308,22,2147,459,"East TN",2455501,138.912588510451,0.0946778999280797,213.642755592443,19.8737447062738,183.913588306419,9.46778999280797
2020-09-03,41789,555,40502,522,1287,33,47471,647,544449,8256,591920,8903,6,416,-39,4477,588,36896,22,2169,462,"East TN",2455501,126.450773182336,0.0918040856509968,362.573666229417,22.6023121147171,182.325317725385,9.18040856509968
2020-09-04,42146,357,40845,343,1301,14,47819,348,547781,3332,595600,3680,7,423,-40,4437,390,37286,11,2180,463,"East TN",2455501,127.38744557628,0.0902680965147453,149.867583030917,14.5387845494667,180.696322257657,9.02680965147453
2020-09-05,43144,998,41828,983,1316,15,48909,1090,557100,9319,606009,10409,1,424,640,5077,357,37643,26,2206,469,"East TN",2455501,149.663958597451,0.0966258423097733,423.905345589352,40.6434369197976,206.760249741295,9.66258423097733
2020-09-06,43407,263,42075,247,1332,16,49177,268,559727,2627,608904,2895,0,424,-51,5026,314,37957,9,2215,483,"East TN",2455501,149.663958597451,0.0949069042961675,117.898546976768,10.7106452003074,204.683280519943,9.49069042961675
2020-09-07,43611,204,42272,197,1339,7,49414,237,561063,1336,610477,1573,3,427,-342,4684,543,38500,13,2228,487,"East TN",2455501,141.396806598735,0.095197848636189,64.0602467683784,8.30787688540954,190.755369270874,9.5197848636189
2020-09-08,43922,311,42561,289,1361,22,49734,320,564489,3426,614223,3746,7,434,-302,4382,606,39106,24,2252,494,"East TN",2455501,129.342240137552,0.0922583123011083,152.555425552667,12.6654397615802,178.456453489532,9.22583123011083
2020-09-09,44255,333,42877,316,1378,17,50109,375,569635,5146,619744,5521,6,440,-161,4221,488,39594,16,2268,501,"East TN",2455501,123.029882700109,0.0894437334930705,224.842099433069,13.5613872688303,171.89974673193,8.94437334930705
2020-09-10,44930,675,43515,638,1415,37,50816,707,577446,7811,628262,8518,18,458,194,4415,463,40057,39,2307,512,"East TN",2455501,127.916869103291,0.0920422651477629,346.894584852541,27.4892985178992,179.800374750407,9.20422651477629
2020-09-11,45256,326,43818,303,1438,23,51171,355,581606,4160,632777,4515,17,475,-205,4210,514,40571,26,2333,523,"East TN",2455501,126.654397615802,0.0901632729913656,183.872863419726,13.276313061978,171.451772978305,9.01632729913656
2020-09-12,45675,419,44219,401,1456,18,51683,512,588592,6986,640275,7498,10,485,92,4302,317,40888,15,2348,534,"East TN",2455501,103.074688220449,0.080954882390708,305.355200425494,17.0637275244441,175.198462554078,8.0954882390708
2020-09-13,46115,440,44639,420,1476,20,52185,502,594166,5574,646351,6076,2,487,48,4350,390,41278,21,2369,539,"East TN",2455501,110.282993165142,0.0803268619649104,247.444411547786,17.918950145001,177.15325711535,8.03268619649104
2020-09-14,46559,444,45068,429,1491,15,52670,485,599139,4973,651809,5458,9,496,-151,4199,586,41864,25,2394,549,"East TN",2455501,120.056965971506,0.0787767347333785,222.276431571398,18.0818496917737,171.00379922468,7.87767347333785
2020-09-15,47052,493,45524,456,1528,37,53210,540,607315,8176,660525,8716,7,503,-66,4133,552,42416,20,2414,552,"East TN",2455501,127.468895349666,0.0750723510863462,354.958112417792,20.0773691397397,168.315956702929,7.50723510863462
2020-09-16,47405,353,45834,310,1571,43,53604,394,610729,3414,664333,3808,6,509,-175,3958,522,42938,17,2431,561,"East TN",2455501,128.28339308353,0.0783825607212541,155.080368527645,14.375885002694,161.189101531622,7.83825607212541
2020-09-17,47956,551,46353,519,1603,32,54181,577,617904,7175,672085,7752,8,517,119,4077,424,43362,21,2452,572,"East TN",2455501,123.233507133575,0.0767861625173995,315.699321645562,22.4394125679444,166.035363048111,7.67861625173995
2020-09-18,48490,534,46839,486,1651,48,54747,566,626018,8114,680765,8680,17,534,-29,4048,546,43908,30,2482,578,"East TN",2455501,131.704283565757,0.0745186296574143,353.492016496837,21.7470894941603,164.854341334009,7.45186296574143
2020-09-19,48998,508,47324,485,1674,23,55320,573,634372,8354,689692,8927,3,537,193,4241,312,44220,30,2512,580,"East TN",2455501,135.32879848145,0.0735981544812514,363.551063510054,20.6882424401375,172.714244465793,7.35981544812514
2020-09-20,49304,306,47605,281,1699,25,55649,329,639330,4958,694979,5287,1,538,-19,4222,324,44544,13,2525,591,"East TN",2455501,129.871663664564,0.071234679608456,215.312475946864,12.4618153281143,171.940471618623,7.1234679608456
2020-09-21,49467,163,47738,133,1729,30,55801,152,640847,1517,696648,1669,3,541,-208,4014,368,44912,9,2534,596,"East TN",2455501,118.427970503779,0.0698276054327706,67.9698358909241,6.63815653098899,163.469695186441,6.98276054327706
2020-09-22,49927,460,48140,402,1787,58,56291,490,646996,6149,703287,6639,6,547,-55,3959,509,45421,29,2563,603,"East TN",2455501,117.084049242904,0.072049950890978,270.372522756049,18.7334478788646,161.229826418315,7.2049950890978
2020-09-23,50221,294,48394,254,1827,40,56573,282,649089,2093,705662,2375,8,555,-217,3742,503,45924,13,2576,612,"East TN",2455501,114.681280928006,0.0718381765830289,96.721605896312,11.9731166877961,152.392526005895,7.18381765830289
2020-09-24,50684,463,48836,442,1848,21,57054,481,655982,6893,713036,7374,11,566,-36,3706,488,46412,28,2604,617,"East TN",2455501,111.097490899006,0.0701570169226637,300.305314475539,18.8556225389442,150.92643008494,7.01570169226637
2020-09-25,51138,454,49266,430,1872,24,57540,486,662655,6673,720195,7159,11,577,14,3720,429,46841,18,2622,624,"East TN",2455501,107.839499963551,0.0708343900583312,291.549463836504,18.4890985587055,151.496578498644,7.08343900583312
2020-09-26,51696,558,49800,534,1896,24,58178,638,673211,10556,731389,11194,5,582,194,3914,359,47200,29,2651,631,"East TN",2455501,109.87574429821,0.068542101350217,455.874381643502,22.7244867747967,159.397206517122,6.8542101350217
2020-09-27,52089,393,50165,365,1924,28,58585,407,679230,6019,737815,6426,3,585,91,4005,299,47499,30,2681,638,"East TN",2455501,113.418809440517,0.0685404799701186,261.6981218904,16.0048804704213,163.103171206202,6.85404799701186
2020-09-28,52323,234,50360,195,1963,39,58810,225,680917,1687,739727,1912,4,589,-315,3690,545,48044,15,2696,645,"East TN",2455501,116.310276395733,0.0698484180227025,77.8659833573678,9.52962348620506,150.274831897849,6.98484180227025
2020-09-29,52706,383,50700,340,2006,43,59207,397,686726,5809,745933,6206,9,598,-43,3647,417,48461,33,2729,647,"East TN",2455501,113.174460120358,0.0683768700464287,252.7386468179,15.5976316034895,148.523661770042,6.83768700464287
2020-09-30,53188,482,51150,450,2038,32,59683,476,690164,3438,749847,3914,6,604,79,3726,397,48858,23,2752,651,"East TN",2455501,120.830738818677,0.070385877560258,159.397206517122,19.6293953861147,151.740927818804,7.0385877560258
2020-10-01,53576,388,51499,349,2077,39,60062,379,693444,3280,753506,3659,11,615,0,3726,377,49235,31,2783,656,"East TN",2455501,117.776372316688,0.0743266617247344,149.01236041036,15.8012560369554,151.740927818804,7.43266617247344
2020-10-02,54041,465,51936,437,2105,28,60525,463,697065,3621,757590,4084,2,617,24,3750,439,49674,17,2800,660,"East TN",2455501,118.224346070313,0.0798235058162856,166.320437254963,18.9370723123306,152.71832509944,7.98235058162856
2020-10-03,54446,405,52324,388,2122,17,61008,483,704525,7460,765533,7943,12,629,83,3833,310,49984,22,2822,666,"East TN",2455501,111.993438406256,0.0828842549203374,323.477775003961,16.4935791107395,156.098490694974,8.28842549203374
2020-10-04,54901,455,52749,425,2152,30,61547,539,714648,10123,776195,10662,4,633,144,3977,307,50291,27,2849,679,"East TN",2455501,114.518381381233,0.0771756122980719,434.208741922728,18.5298234453987,161.962874378793,7.71756122980719
2020-10-05,55572,671,53361,612,2211,59,62298,751,721896,7248,784194,7999,5,638,151,4128,515,50806,42,2891,688,"East TN",2455501,132.315156866155,0.0784401916027616,325.758368658779,27.3263989711265,168.112332269464,7.84401916027616
2020-10-06,56322,750,54027,666,2295,84,63037,739,728536,6640,791573,7379,8,646,302,4430,440,51246,46,2937,697,"East TN",2455501,147.261190282553,0.0839176161262051,300.508938909005,30.543665019888,180.411248050805,8.39176161262051
2020-10-07,57059,737,54686,659,2373,78,63745,708,735289,6753,799034,7461,3,649,293,4723,441,51687,38,2975,703,"East TN",2455501,157.646036389315,0.0825827962673064,303.848379617846,30.0142414928766,192.343639851908,8.25827962673064
2020-10-08,57777,718,55343,657,2434,61,64423,678,741750,6461,806173,7139,10,659,266,4989,442,52129,32,3007,709,"East TN",2455501,171.085248998066,0.0828032733970038,290.734966102641,29.2404686457061,203.176459712295,8.28032733970038
2020-10-09,58318,541,55842,499,2476,42,64983,560,747229,5479,812212,6039,4,663,123,5112,414,52543,20,3027,716,"East TN",2455501,174.180340386748,0.0816154662956318,245.937590740138,22.0321637010125,208.185620775557,8.16154662956318
2020-10-10,58936,618,56430,588,2506,30,65652,669,755655,8426,821307,9095,12,675,252,5364,354,52897,20,3047,730,"East TN",2455501,182.854741252396,0.0832646035787284,370.392844474508,25.1679799763877,218.448292222239,8.32646035787285
2020-10-11,59879,943,57342,912,2537,31,66681,1029,766083,10428,832764,11457,1,676,586,5950,356,53253,37,3084,737,"East TN",2455501,202.72848595867,0.0907564213615231,466.585026843809,38.4035681516725,242.313075824445,9.07564213615231
2020-10-12,60235,356,57627,285,2608,71,66998,317,769004,2921,836002,3238,6,682,-337,5613,687,53940,19,3103,748,"East TN",2455501,189.900146650317,0.0907195799876467,131.86718311253,14.4980596627735,228.588789008842,9.07195799876467
2020-10-13,60740,505,58080,453,2660,52,67482,484,773389,4385,840871,4869,9,691,7,5620,489,54429,24,3127,755,"East TN",2455501,179.922549410487,0.0901659296523186,198.289473309113,20.5660677800579,228.873863215694,9.01659296523185
2020-10-14,61614,874,58892,812,2722,62,68330,848,779573,6184,847903,7032,1,692,328,5948,545,54974,44,3171,762,"East TN",2455501,185.501858887453,0.0938222595101189,286.37740322647,35.5935509698428,242.231626051058,9.38222595101189
2020-10-15,62123,509,59332,440,2791,69,68795,465,783727,4154,852522,4619,14,706,-67,5881,562,55536,19,3190,771,"East TN",2455501,176.990357568578,0.0943278172128849,188.108251635817,20.7289673268307,239.503058642615,9.43278172128849
2020-10-16,62762,639,59928,596,2834,43,69379,584,787816,4089,857195,4673,2,708,-135,5746,772,56308,22,3212,783,"East TN",2455501,180.98139646451,0.0977258075272881,190.307395517249,26.0232025969446,234.005198939035,9.77258075272881
2020-10-17,63480,718,60609,681,2871,37,70239,860,796600,8784,866839,9644,6,714,237,5983,475,56783,37,3249,790,"East TN",2455501,185.053885133828,0.100742335061056,392.750807269066,29.2404686457061,243.65699708532,10.0742335061056
2020-10-18,64285,805,61368,759,2917,46,71110,871,804710,8110,875820,8981,3,717,348,6331,454,57237,39,3288,798,"East TN",2455501,179.433850770169,0.102866034931252,365.750207391485,32.7835337880131,257.829257654548,10.2866034931252
2020-10-19,65033,748,62053,685,2980,63,71869,759,809609,4899,881478,5658,3,720,-19,6312,764,58001,67,3355,809,"East TN",2455501,195.398006353897,0.107111443398716,230.421408910035,30.4622152465016,257.055484807377,10.7111443398716
2020-10-20,65719,686,62662,609,3057,77,72560,691,813224,3615,885784,4306,15,735,34,6346,637,58638,32,3387,822,"East TN",2455501,202.769210845363,0.113063032974863,175.36136210085,27.9372722715242,258.440130954946,11.3063032974863
2020-10-21,66313,594,63215,553,3098,41,73177,617,816968,3744,890145,4361,5,740,-128,6218,717,59355,27,3414,836,"East TN",2455501,191.366242571272,0.114743620093746,177.601230868975,24.1905826957513,253.227345458218,11.4743620093746
2020-10-22,67443,1130,64251,1036,3192,94,74278,1101,825534,8566,899812,9667,10,750,440,6658,680,60035,43,3457,851,"East TN",2455501,216.656397207739,0.115944174244026,393.68747966301,46.0191219632979,271.146295603219,11.5944174244026
2020-10-23,68414,971,65155,904,3259,67,75248,970,832650,7116,907898,8086,19,769,290,6948,662,60697,39,3496,859,"East TN",2455501,230.177059589876,0.115752519574779,329.301433801086,39.5438649790817,282.956512744242,11.5752519574779
2020-10-24,69651,1237,66330,1175,3321,62,76575,1327,843175,10525,919750,11852,12,781,644,7592,581,61278,50,3546,876,"East TN",2455501,251.313275783638,0.119748256506209,482.671357087617,50.3766848394686,309.183339774653,11.9748256506209
2020-10-25,70580,929,67202,872,3378,57,77622,1047,851052,7877,928674,8924,9,790,437,8029,483,61761,43,3589,887,"East TN",2455501,256.363161733593,0.123207325840996,363.428888849974,37.8334197379679,326.980115259574,12.3207325840996
2020-10-26,71042,462,67608,406,3434,56,78056,434,853807,2755,931863,3189,6,796,-449,7580,905,62666,21,3610,900,"East TN",2455501,244.715844139343,0.122794482484867,129.871663664564,18.814897652251,308.694641134335,12.2794482484867
2020-10-27,71884,842,68320,712,3564,130,78839,783,858192,4385,937031,5168,12,808,80,7660,750,63416,54,3664,924,"East TN",2455501,251.068926463479,0.122524245321677,210.466214430375,34.2903545956609,311.952632069789,12.2524245321677
2020-10-28,72881,997,69231,911,3650,86,79809,970,865409,7217,945218,8187,13,821,200,7860,784,64200,41,3705,938,"East TN",2455501,267.481055800833,0.120421985364879,333.414647357097,40.6027120331044,320.097609408426,12.0421985364879
2020-10-29,73789,908,70024,793,3765,115,80643,834,871912,6503,952555,7337,11,832,151,8011,746,64946,40,3745,950,"East TN",2455501,258.440130954946,0.120679521453084,298.798493667891,36.9781971174111,326.247067299097,12.0679521453084
2020-10-30,74689,900,70831,807,3858,93,81483,840,876769,4857,958252,5697,28,860,50,8061,822,65768,39,3784,966,"East TN",2455501,255.54866399973,0.12382333081781,232.009679491069,36.6523980238656,328.283311633756,12.382333081781
2020-10-31,74703,14,70845,14,3858,0,81499,16,876790,21,958289,37,5,865,-603,7458,612,66380,0,3784,977,"East TN",2455501,205.742127573966,0.127766677910688,1.50682080764781,0.570148413704576,303.726204957766,12.7766677910688
2020-11-01,75210,507,71235,390,3975,117,81969,470,883354,6564,965323,7034,0,865,-137,7321,644,67024,27,3811,993,"East TN",2455501,188.556225389442,0.118611694725641,286.458852999856,20.6475175534443,298.1468954808,11.8611694725641
2020-11-02,76022,812,71979,744,4043,68,82746,777,887582,4228,970328,5005,11,876,-228,7093,1029,68053,38,3849,1007,"East TN",2455501,202.809935732056,0.121929026387625,203.828057899386,33.0686079948654,288.861621314754,12.1929026387625
2020-11-03,77062,1040,72939,960,4123,80,83822,1076,894446,6864,978268,7940,31,907,30,7123,979,69032,29,3878,1020,"East TN",2455501,210.873463297307,0.120838082304726,323.355600343881,42.3538821609114,290.08336791555,12.0838082304726
2020-11-04,77973,911,73751,812,4222,99,84669,847,899331,4885,984000,5732,6,913,-5,7118,910,69942,35,3913,1044,"East TN",2455501,207.371123041693,0.125315868186272,233.435050525331,37.1003717774906,289.879743482084,12.5315868186272
2020-11-05,78551,578,74235,484,4316,94,85170,501,901993,2662,987163,3163,17,930,-365,6753,926,70868,27,3940,1058,"East TN",2455501,193.931910432942,0.130807905686546,128.812816610541,23.5389845086603,275.015159839072,13.0807905686546
2020-11-06,79517,966,75084,849,4433,117,86097,927,908403,6410,994500,7337,10,940,43,6796,913,71781,37,3977,1082,"East TN",2455501,196.619752954692,0.127289781505186,298.798493667891,39.3402405456157,276.766329966878,12.7289781505186
2020-11-07,80844,1327,76325,1241,4519,86,87516,1419,919324,10921,1006840,12340,21,961,649,7445,657,72438,52,4029,1092,"East TN",2455501,250.091529182843,0.123931535910692,502.54510179389,54.0419246418552,303.196781430755,12.3931535910692
2020-11-08,82401,1557,77764,1439,4637,118,89183,1667,932225,12901,1021408,14568,3,964,889,8334,665,73103,52,4081,1109,"East TN",2455501,292.852660210686,0.128626192386556,593.280149346304,63.4086485812875,339.401205700995,12.8626192386556
2020-11-09,83020,619,78303,539,4717,80,89763,580,935677,3452,1025440,4032,9,973,-467,7867,1077,74180,19,4100,1120,"East TN",2455501,284.992757078902,0.127322543184787,164.202743146918,25.2087048630809,320.382683615278,12.7322543184787
2020-11-10,83959,939,79153,850,4806,89,90686,923,940679,5002,1031365,5925,27,1000,7,7874,905,75085,44,4144,1138,"East TN",2455501,280.87954352289,0.129272840273462,241.294953657115,38.2406686048998,320.667757822131,12.9272840273462
2020-11-11,85263,1304,80253,1100,5010,204,91855,1169,947226,6547,1039081,7716,26,1026,383,8257,895,75980,59,4203,1152,"East TN",2455501,296.884423993311,0.130462409905412,314.233225724608,53.1052522479119,336.26538942562,13.0462409905412
2020-11-12,86100,837,80958,705,5142,132,92619,764,951442,4216,1044061,4980,15,1041,8,8265,814,76794,34,4237,1170,"East TN",2455501,307.432169646846,0.130918485711273,202.809935732056,34.086730162195,336.591188519166,13.0918485711273
2020-11-13,87559,1459,82246,1288,5313,171,93919,1300,957304,5862,1051223,7162,27,1068,526,8791,906,77700,47,4284,1186,"East TN",2455501,327.509538786586,0.137898207076495,291.671638496584,59.4176096853555,358.012478919781,13.7898207076495
2020-11-14,89034,1475,83637,1391,5397,84,95454,1535,966201,8897,1061655,10432,7,1075,917,9708,551,78251,52,4336,1215,"East TN",2455501,333.536822017177,0.144814375627109,424.842017983295,60.0692078724464,395.35720001743,14.4814375627109
2020-11-15,90986,1952,85370,1733,5616,219,97415,1961,977374,11173,1074789,13134,7,1082,1339,11047,606,78857,56,4392,1232,"East TN",2455501,349.623152260985,0.154212172870497,534.880661828279,79.4949788250952,449.887823299604,15.4212172870497
2020-11-16,92511,1525,86769,1399,5742,126,98952,1537,984994,7620,1083946,9157,10,1092,172,11219,1343,80200,41,4433,1251,"East TN",2455501,386.519899605009,0.157060814275459,372.917787449486,62.1054522071056,456.892503810831,15.7060814275459
2020-11-17,93723,1212,87888,1119,5835,93,100173,1221,990138,5144,1090311,6365,31,1123,89,11308,1092,81292,46,4479,1278,"East TN",2455501,397.637793672249,0.16094391476945,259.213903802116,49.358562672139,460.517018726525,16.094391476945
2020-11-18,94920,1197,88843,955,6077,242,101206,1033,995279,5141,1096485,6174,14,1137,56,11364,1127,82419,53,4532,1293,"East TN",2455501,393.280230796078,0.162898055884607,251.435450443718,48.7476893717412,462.797612381343,16.2898055884607
2020-11-19,96000,1080,89723,880,6277,200,102065,859,999940,4661,1102005,5520,45,1182,-242,11122,1277,83696,52,4584,1313,"East TN",2455501,403.176378262522,0.163019467071655,224.801374546376,43.9828776286387,452.942189801592,16.3019467071655
2020-11-20,97126,1126,90686,963,6440,163,103088,1023,1004840,4900,1107928,5923,28,1210,-126,10996,1224,84920,36,4620,1339,"East TN",2455501,389.614990993691,0.161696499426858,241.213503883729,45.8562224165252,447.810854078251,16.1696499426858
2020-11-21,98344,1218,91750,1064,6594,154,104187,1099,1011247,6407,1115434,7506,3,1213,362,11358,853,85773,47,4667,1363,"East TN",2455501,379.148695113543,0.162386805258558,305.680999519039,49.6029119922981,462.553263061184,16.2386805258558
2020-11-22,99930,1586,93179,1429,6751,157,105853,1666,1020847,9600,1126700,11266,17,1230,803,12161,766,86539,57,4724,1390,"East TN",2455501,364.243386583838,0.162547436959411,458.806573485411,64.5896702953898,495.255347075811,16.2547436959411
2020-11-23,100821,891,93937,758,6884,133,106555,702,1023963,3116,1130518,3818,18,1248,-1158,11003,2031,88570,35,4759,1417,"East TN",2455501,338.423808420359,0.16325259812763,155.487617394577,36.2858740436269,448.095928285104,16.325259812763
2020-11-24,101732,911,94670,733,7062,178,107260,705,1026990,3027,1134250,3732,13,1261,-735,10268,1633,90203,57,4816,1445,"East TN",2455501,326.165617525711,0.161291790891918,151.985277138963,37.1003717774906,418.163136565613,16.1291790891918
2020-11-25,102639,907,95356,686,7283,221,107805,545,1029298,2308,1137103,2853,38,1299,-494,9774,1363,91566,56,4872,1470,"East TN",2455501,314.355400384687,0.162464917031858,116.188101735654,36.9374722307179,398.04504253918,16.2464917031858
2020-11-26,104105,1466,96743,1387,7362,79,109475,1670,1037664,8366,1147139,10036,18,1317,-441,9333,1889,93455,25,4897,1489,"East TN",2455501,330.075206648256,0.164177781716666,408.714962852795,59.7026838922077,380.085367507486,16.4177781716666
2020-11-27,105809,1704,98310,1567,7499,137,111225,1750,1045204,7540,1156429,9290,5,1322,161,9494,1538,94993,50,4947,1517,"East TN",2455501,353.614191156917,0.16776973670646,378.334197379679,69.3952069251855,386.642074265089,16.776973670646
2020-11-28,107435,1626,99692,1382,7743,244,112719,1494,1052737,7533,1165456,9027,2,1324,569,10063,1055,96048,45,4992,1545,"East TN",2455501,370.229944927736,0.170564951421375,367.623552179372,66.2186657631172,409.814534793511,17.0564951421375
2020-11-29,109723,2288,101813,2121,7910,167,115045,2326,1063433,10696,1178478,13022,4,1328,1279,11342,1005,97053,51,5043,1570,"East TN",2455501,398.818815386351,0.177527135076674,530.319474518642,93.178540754005,461.901664874093,17.7527135076674
2020-11-30,111961,2238,103822,2009,8139,229,117266,2221,1072884,9451,1190150,11672,15,1343,-107,11235,2330,99383,53,5096,1601,"East TN",2455501,453.67523776207,0.179618325731151,475.340877482844,91.1422964193458,457.544101997922,17.9618325731151
2020-12-01,114224,2263,105830,2008,8394,255,119404,2138,1081722,8838,1201126,10976,20,1363,423,11658,1820,101203,63,5159,1629,"East TN",2455501,508.735284571255,0.181589808002871,446.996356344388,92.1604185866754,474.770729069139,18.1589808002871
2020-12-02,115281,1057,106743,913,8538,144,120280,876,1084632,2910,1204912,3786,15,1378,-688,10970,1730,102933,42,5201,1662,"East TN",2455501,514.844017575232,0.18397262900205,154.184421020395,43.0462052346955,446.752007024228,18.397262900205
2020-12-03,117090,1809,108313,1570,8777,239,122002,1722,1090622,5990,1212624,7712,33,1411,318,11288,1458,104391,45,5246,1683,"East TN",2455501,528.812653710994,0.191295716576315,314.070326177835,73.6713200279699,459.702520992661,19.1295716576315
2020-12-04,118818,1728,109700,1387,9118,341,123459,1457,1096144,5522,1219603,6979,37,1448,-302,10986,1993,106384,36,5282,1718,"East TN",2455501,529.790050991631,0.193655617817457,284.218984231731,70.3726042058219,447.403605211319,19.3655617817457
2020-12-05,119951,1133,110609,909,9342,224,124388,929,1099206,3062,1223594,3991,5,1453,123,11109,1005,107389,24,5306,1744,"East TN",2455501,509.712681851891,0.200712098799408,162.533022792497,46.1412966233775,452.412766274581,20.0712098799408
2020-12-06,121420,1469,111872,1263,9548,206,125630,1242,1103697,4491,1229327,5733,20,1473,484,11593,965,108354,40,5346,1780,"East TN",2455501,476.358999650173,0.208165352317646,233.475775412024,59.8248585522873,472.123611434082,20.8165352317646
2020-12-07,124143,2723,114277,2405,9866,318,128201,2571,1113243,9546,1241444,12117,31,1504,-211,11382,2903,111257,51,5397,1802,"East TN",2455501,496.110569696367,0.213182828400983,493.46345206131,110.89386646554,463.53066034182,21.3182828400983
2020-12-08,126908,2765,116640,2363,10268,402,130732,2531,1121604,8361,1252336,10892,45,1549,719,12101,2001,113258,71,5468,1826,"East TN",2455501,516.554462816346,0.221206795547745,443.57546586216,112.604311706654,492.81185387422,22.1206795547745
2020-12-09,129554,2646,119025,2385,10529,261,133310,2578,1128702,7098,1262012,9676,21,1570,577,12678,2048,115306,56,5524,1849,"East TN",2455501,581.266307771815,0.228196147110333,394.054003643248,107.758050190165,516.310113496187,22.8196147110333
2020-12-10,132629,3075,121707,2682,10922,393,136260,2950,1140172,11470,1276432,14420,30,1600,2512,15190,533,115839,74,5598,1886,"East TN",2455501,632.824014325386,0.223451604814443,587.252866115713,125.229026581541,618.611028869465,22.3451604814443
2020-12-11,134615,1986,123457,1750,11158,236,138050,1790,1147345,7173,1285395,8963,35,1635,440,15630,1511,117350,50,5648,1911,"East TN",2455501,643.331035092228,0.22177468385214,365.017159431008,80.8796249726634,636.529979014466,22.177468385214
2020-12-12,137876,3261,126184,2727,11692,534,141024,2974,1158578,11233,1299602,14207,21,1656,1878,17508,1362,118712,73,5721,1936,"East TN",2455501,729.993593975323,0.21887169771603,578.578465250065,132.803855506473,713.011316224265,21.887169771603
2020-12-13,142168,4292,130045,3861,12123,431,145390,4366,1175862,17284,1321252,21650,15,1671,2959,20467,1318,120030,62,5783,1970,"East TN",2455501,844.959949110182,0.214957846070166,881.693796907433,174.791213687146,833.516255949397,21.4957846070166
2020-12-14,145027,2859,132502,2457,12525,402,148063,2673,1185141,9279,1333204,11952,37,1708,-1085,19382,3907,123937,72,5855,2004,"East TN",2455501,850.498533700455,0.216455972101133,486.743845756935,116.432451055813,789.329753887292,21.6455972101133
2020-12-15,149154,4127,136043,3541,13111,586,151926,3863,1200162,15021,1352088,18884,34,1742,1612,20994,2481,126418,94,5949,2035,"East TN",2455501,905.965829376571,0.212466917956532,769.048760314087,168.07160738277,854.978271236705,21.2466917956532
2020-12-16,152372,3218,138300,2257,14072,961,154312,2386,1208057,7895,1362369,10281,19,1761,664,21658,2535,128953,60,6009,2077,"East TN",2455501,929.260464565072,0.209272895762129,418.692560092625,131.052685378666,882.019596000979,20.9272895762129
2020-12-17,156440,4068,141673,3373,14767,695,157921,3609,1218757,10700,1376678,14309,58,1819,1450,23108,2560,131513,75,6084,2116,"East TN",2455501,969.700277051404,0.21607844702033,582.73240369277,165.668839067872,941.070681706096,21.607844702033
2020-12-18,159647,3207,144409,2736,15238,471,160800,2879,1227447,8690,1388247,11569,43,1862,850,23958,2314,133827,62,6146,2146,"East TN",2455501,1019.42536370378,0.221191615136312,471.146214153446,130.604711625041,975.686835395302,22.1191615136312
2020-12-19,162287,2640,146651,2242,15636,398,163268,2468,1235812,8365,1399080,10833,27,1889,1270,25228,1343,135170,41,6187,2183,"East TN",2455501,994.135209067315,0.223607229739239,441.172697547262,107.513700870006,1027.40744149565,22.3607229739239
2020-12-20,165918,3631,149617,2966,16301,665,166586,3318,1249755,13943,1416341,17261,16,1905,2279,27507,1336,136506,55,6242,2217,"East TN",2455501,967.21605896312,0.222906960847206,702.952269211049,147.872063582951,1120.21945826941,22.2906960847206
2020-12-21,168232,2314,151359,1742,16873,572,168489,1903,1256671,6916,1425160,8819,14,1919,-1322,26185,3622,140128,35,6277,2252,"East TN",2455501,945.020995715335,0.222127974248554,359.15277574719,94.2373878080278,1066.38115806102,22.2127974248554
2020-12-22,170887,2655,153061,1702,17826,953,170290,1801,1261724,5053,1432014,6854,62,1981,-292,25893,2885,143013,60,6337,2297,"East TN",2455501,885.073962502968,0.229762530340565,279.128373395083,108.124574170404,1054.48949114661,22.9762530340565
2020-12-23,173105,2218,154507,1446,18598,772,171832,1542,1267501,5777,1439333,7319,41,2022,-557,25336,2734,145747,35,6372,2337,"East TN",2455501,844.349075809784,0.227638896107271,298.065445707414,90.3277986854821,1031.80572925851,22.7638896107271
2020-12-24,175196,2091,155964,1457,19232,634,173430,1598,1273791,6290,1447221,7888,15,2037,-584,24752,2660,148407,30,6402,2375,"East TN",2455501,763.835974817359,0.219851721644954,321.237906235835,85.1557380754477,1008.02239542969,21.9851721644954
2020-12-25,177562,2366,157943,1979,19619,387,175596,2166,1282339,8548,1457935,10714,3,2040,-292,24460,2655,151062,27,6429,2411,"East TN",2455501,729.586345108391,0.212317759155091,436.326436030773,96.3550819160733,996.130728515281,21.2317759155091
2020-12-26,179502,1940,159411,1468,20091,472,177209,1613,1287993,5654,1465202,7267,2,2042,417,24877,1521,152583,43,6472,2449,"East TN",2455501,701.078924423163,0.210837542724056,295.947751599368,79.006280184777,1013.11300626634,21.0837542724056
2020-12-27,180797,1295,160320,909,20477,386,178199,990,1290786,2793,1468985,3783,27,2069,-191,24686,1459,154042,41,6513,2480,"East TN",2455501,605.945589107885,0.220594939594256,154.062246360315,52.7387282676733,1005.33455290794,22.0594939594256
2020-12-28,182193,1396,161298,978,20895,418,179219,1020,1292605,1819,1471824,2839,25,2094,-2415,22271,3786,157828,42,6555,2517,"East TN",2455501,568.560143123542,0.229941710954912,115.617953321949,56.8519418236849,906.983951543901,22.9941710954912
2020-12-29,185099,2906,163025,1727,22074,1179,180998,1779,1296694,4089,1477692,5868,50,2144,-110,22161,2966,160794,64,6619,2559,"East TN",2455501,578.782089683531,0.234423573711634,238.973635115604,118.346520730393,902.504214007651,23.4423573711634
2020-12-30,187427,2328,164641,1616,22786,712,182679,1681,1301174,4480,1483853,6161,40,2184,-531,21630,2819,163613,44,6663,2597,"East TN",2455501,583.261827219781,0.243643306379155,250.906026916707,94.8075362217323,880.87929917357,24.3643306379155
2020-12-31,190871,3444,167320,2679,23551,765,185574,2895,1308295,7121,1493869,10016,52,2236,594,22224,2798,166411,30,6693,2640,"East TN",2455501,638.362598915659,0.260332704510376,407.900465118931,140.256509771326,905.069881869321,26.0332704510376
2021-01-01,193111,2240,169036,1716,24075,524,187430,1856,1314497,6202,1501927,8058,24,2260,-443,21781,2659,169070,30,6723,2679,"East TN",2455501,633.231263192318,0.269003455173668,328.161136973677,91.2237461927322,887.028757064241,26.9003455173668
2021-01-02,195834,2723,171145,2109,24689,614,189681,2251,1321058,6561,1510739,8812,4,2264,1166,22947,1553,170623,63,6786,2715,"East TN",2455501,665.118849473081,0.273887168676022,358.867701540337,110.89386646554,934.513974948493,27.3887168676022
2021-01-03,197148,1314,172049,904,25099,410,190618,937,1324429,3371,1515047,4308,15,2279,-187,22760,1486,172109,26,6812,2759,"East TN",2455501,665.892622320252,0.269614866918501,175.442811874237,53.5125011148438,926.898421136868,26.9614866918501
2021-01-04,198704,1556,173174,1125,25530,431,191798,1180,1326794,2365,1518592,3545,46,2325,-1566,21194,3076,175185,34,6846,2809,"East TN",2455501,672.408604191161,0.268965959630517,144.369723327337,63.3679236945943,863.123248575342,26.8965959630517
2021-01-05,201607,2903,174913,1739,26694,1164,193627,1829,1332066,5272,1525693,7101,43,2368,-428,20766,3288,178473,60,6906,2853,"East TN",2455501,672.286429531081,0.263098685444053,289.1874204083,118.224346070313,845.692997070659,26.3098685444053
2021-01-06,204152,2545,176706,1793,27446,752,195530,1903,1337650,5584,1533180,7487,52,2420,61,20827,2432,180905,62,6968,2896,"East TN",2455501,681.123729943502,0.260526689237132,304.907226671869,103.644836634153,848.177215158943,26.0526689237132
2021-01-07,206664,2512,178845,2139,27819,373,197852,2322,1344759,7109,1542611,9431,33,2453,975,21802,1504,182409,44,7012,2928,"East TN",2455501,643.168135545455,0.251897747322638,384.076406403418,102.300915373278,887.883979684798,25.1897747322638
2021-01-08,209014,2350,180705,1860,28309,490,199843,1991,1352104,7345,1551947,9336,50,2503,1668,23470,632,183041,47,7059,2983,"East TN",2455501,647.647873081705,0.248160735705718,380.207542167566,95.7034837289824,955.813090689029,24.8160735705718
2021-01-09,211590,2576,182707,2002,28883,574,202022,2179,1360295,8191,1562317,10370,27,2530,754,24224,1795,184836,33,7092,3011,"East TN",2455501,641.661314737807,0.239268680445151,422.317075008318,104.907308121642,986.519655255689,23.9268680445151
2021-01-10,213257,1667,183840,1133,29417,534,203273,1251,1366101,5806,1569374,7057,36,2566,-12,24212,1643,186479,41,7133,3051,"East TN",2455501,656.037199740501,0.232941263092017,287.395525393799,67.8883861175377,986.030956615371,23.2941263092017
2021-01-11,214681,1424,184853,1013,29828,411,204370,1097,1369374,3273,1573744,4370,28,2594,-2169,22043,3565,190044,40,7173,3091,"East TN",2455501,650.661514697001,0.227951842181607,177.967754849214,57.992238651094,897.698677377855,22.7951842181607
2021-01-12,216500,1819,185990,1137,30510,682,205565,1195,1373578,4204,1579143,5399,60,2654,-2137,19906,3896,193940,39,7212,3130,"East TN",2455501,606.515737521589,0.223348924228251,219.8736632565,74.0785688949017,810.669594514521,22.3348924228251
2021-01-13,218029,1529,187068,1078,30961,451,206701,1136,1378316,4738,1585017,5874,49,2703,-1335,18571,2815,196755,33,7245,3157,"East TN",2455501,565.139252641314,0.215502440341841,239.217984435763,62.2683517538783,756.30187077912,21.5502440341841
2021-01-14,220280,2251,188849,1781,31431,470,208667,1966,1386841,8525,1595508,10491,38,2741,-199,18372,2412,199167,50,7295,3199,"East TN",2455501,554.510057214393,0.204453938786699,427.244786298193,91.6717199463572,748.197618327176,20.4453938786699
2021-01-15,221245,965,189521,672,31724,293,209361,694,1389899,3058,1599260,3752,23,2764,-376,17996,1318,200485,30,7325,3240,"East TN",2455501,498.106089144333,0.201170925538436,152.799774872826,39.2995156589226,732.885060930539,20.1170925538436
2021-01-16,223678,2433,191272,1751,32406,682,211364,2003,1400790,10891,1612154,12894,13,2777,357,18353,2063,202548,54,7379,3283,"East TN",2455501,492.282430347208,0.18745109055521,525.106689021914,99.0836493245167,747.423845480006,18.745109055521
2021-01-17,224534,856,191878,606,32656,250,212036,672,1404409,3619,1616445,4291,13,2790,-846,17507,1689,204237,24,7403,3317,"East TN",2455501,459.254547239036,0.186165579656264,174.750488800453,34.8605030093655,712.970591337572,18.6165579656264
2021-01-18,225096,562,192197,319,32899,243,212390,354,1406493,2084,1618883,2438,13,2803,-2467,15040,3016,207253,21,7424,3348,"East TN",2455501,424.149694909511,0.177673408803917,99.2872737579826,22.8873863215694,612.502295865487,17.7673408803917
2021-01-19,226774,1678,193167,970,33607,708,213455,1065,1410701,4208,1624156,5273,21,2824,-1171,13869,2828,210081,52,7476,3387,"East TN",2455501,418.407485885772,0.175282696110013,214.742327533159,68.3363598711627,564.813453547769,17.5282696110013
2021-01-20,227758,984,193825,658,33933,326,214151,696,1414697,3996,1628848,4692,32,2856,-1012,12857,1964,212045,29,7505,3427,"East TN",2455501,396.212422637987,0.169971025073578,191.081168364419,40.073288506093,523.599868214267,16.9971025073578
2021-01-21,229324,1566,194967,1142,34357,424,215432,1281,1421630,6933,1637062,8214,65,2921,-761,12096,2262,214307,37,7542,3473,"East TN",2455501,368.315875253156,0.162800211772633,334.514219297813,63.7751725615261,492.608229440754,16.2800211772633
2021-01-22,230312,988,195674,707,34638,281,216249,817,1427074,5444,1643323,6261,32,2953,-728,11368,1684,215991,31,7573,3505,"East TN",2455501,369.252547647099,0.156321630392847,254.978515586025,40.2361880528658,462.960511928116,15.6321630392847
2021-01-23,231744,1432,196643,969,35101,463,217350,1101,1435356,8282,1652706,9383,19,2972,205,11573,1208,217199,41,7614,3530,"East TN",2455501,328.486936067222,0.147612941408562,382.121611842145,58.3180377446395,471.309113700218,14.7612941408562
2021-01-24,232369,625,197134,491,35235,134,217893,543,1438732,3376,1656625,3919,19,2991,-602,10971,1208,218407,20,7634,3557,"East TN",2455501,319.079487241097,0.145769039323046,159.600830950588,25.45305418324,446.792731910922,14.5769039323046
2021-01-25,233109,740,197645,511,35464,229,218442,549,1440489,1757,1658931,2306,44,3035,-1148,9823,1844,220251,20,7654,3588,"East TN",2455501,326.328517072483,0.151118657610867,93.9115887144823,30.1364161529562,400.040561987146,15.1118657610867
2021-01-26,234140,1031,198373,728,35767,303,219226,784,1444955,4466,1664181,5250,63,3098,-918,8905,1886,222137,25,7679,3611,"East TN",2455501,299.979515381993,0.14418488444722,213.805655139216,41.9873581806727,362.655116002803,14.418488444722
2021-01-27,235093,953,199077,704,36016,249,219981,755,1449477,4522,1669458,5277,55,3153,-390,8515,1288,223425,27,7706,3634,"East TN",2455501,298.717043894505,0.143560699335139,214.905227079932,38.8108170186043,346.772410192462,14.3560699335139
2021-01-28,236421,1328,199791,714,36630,614,220777,796,1453908,4431,1674685,5227,46,3199,-178,8337,1460,224885,28,7734,3661,"East TN",2455501,289.024520861527,0.142067352417404,212.868982745273,54.0826495285484,339.523380361075,14.2067352417404
2021-01-29,237015,594,200142,351,36873,243,221174,397,1456575,2667,1677749,3064,17,3216,-683,7654,1260,226145,17,7751,3682,"East TN",2455501,272.978915504412,0.143060477546041,124.781052827916,24.1905826957513,311.70828274963,14.3060477546041
2021-01-30,238169,1154,201108,966,37061,188,222271,1097,1465625,9050,1687896,10147,44,3260,236,7890,874,227019,29,7780,3702,"East TN",2455501,261.657397003707,0.139840863881785,413.235425275738,46.9965192439343,321.319356009222,13.9840863881785
2021-01-31,238850,681,201550,442,37300,239,222762,491,1469550,3925,1692312,4416,29,3289,-82,7808,734,227753,30,7810,3721,"East TN",2455501,263.937990658526,0.136436237285286,179.841099637101,27.7336478380583,317.979915300381,13.6436237285286
2021-02-01,239543,693,201957,407,37586,286,223203,441,1471246,1696,1694449,2137,39,3328,-543,7265,1197,228950,10,7820,3748,"East TN",2455501,262.023920983946,0.134044709724647,87.0290828633342,28.2223464783765,295.866301825982,13.4044709724647
2021-02-02,240081,538,202306,349,37775,189,223566,363,1472305,1059,1695871,1422,57,3385,-840,6425,1321,230271,12,7832,3764,"East TN",2455501,241.946551844206,0.136951719785421,57.9107888777077,21.909989040933,261.657397003707,13.6951719785421
2021-02-03,241192,1111,203064,758,38128,353,224393,827,1478310,6005,1702703,6832,46,3431,35,6460,1030,231301,39,7871,3777,"East TN",2455501,248.381083941729,0.132711685967815,278.232425887833,45.2453491161274,263.082768037969,13.2711685967815
2021-02-04,242286,1094,203843,779,38443,315,225259,866,1486024,7714,1711283,8580,58,3489,-6,6454,1042,232343,36,7907,3796,"East TN",2455501,238.851460455524,0.122465708508662,349.419527827519,44.5530260423433,262.83841871781,12.2465708508662
2021-02-05,243103,817,204402,559,38701,258,225865,606,1489830,3806,1715695,4412,67,3556,-150,6304,900,233243,28,7935,3810,"East TN",2455501,247.933110188104,0.123623043272018,179.678200090328,33.2722324283313,256.729685713832,12.3623043272018
2021-02-06,244336,1233,205224,822,39112,411,226826,961,1498485,8655,1725311,9616,27,3583,500,6804,706,233949,22,7957,3840,"East TN",2455501,251.150376236866,0.121742616597621,391.610510441657,50.2137852926959,277.092129060424,12.1742616597621
2021-02-07,244853,517,205577,353,39276,164,227232,406,1501569,3084,1728801,3490,2,3585,-129,6675,644,234593,9,7966,3857,"East TN",2455501,244.471494819184,0.122502672038148,142.129854559212,21.0547664203761,271.838618677003,12.2502672038148
2021-02-08,245365,512,205876,299,39489,213,227552,320,1502932,1363,1730484,1683,32,3617,-627,6048,1107,235700,9,7975,3873,"East TN",2455501,237.100290327717,0.120688219786319,68.5399843046287,20.8511419869102,246.304114720377,12.0688219786319
2021-02-09,246393,1028,206508,632,39885,396,228220,668,1507165,4233,1735385,4901,16,3633,-59,5989,1071,236771,38,8013,3884,"East TN",2455501,257.055484807377,0.117781039631523,199.592669683295,41.8651835205931,243.901346405479,11.7781039631523
2021-02-10,247242,849,207091,583,40151,266,228857,637,1513152,5987,1742009,6624,39,3672,-29,5960,839,237610,30,8043,3897,"East TN",2455501,246.385564493763,0.11357044725996,269.761649455651,34.5754288025132,242.720324691377,11.357044725996
2021-02-11,248109,867,207674,583,40435,284,229508,651,1518726,5574,1748234,6225,37,3709,-99,5861,929,238539,31,8074,3915,"East TN",2455501,237.14101521441,0.11499012205353,253.51241966507,35.3084767629905,238.688560908751,11.499012205353
2021-02-12,248941,832,208267,593,40674,239,230157,649,1524237,5511,1754394,6160,34,3743,59,5920,739,239278,11,8085,3924,"East TN",2455501,237.751888514808,0.110907258585493,250.865302030013,33.8831057287291,241.091329223649,11.0907258585493
2021-02-13,249535,594,208640,373,40895,221,230591,434,1528664,4427,1759255,4861,12,3755,-25,5895,607,239885,17,8102,3936,"East TN",2455501,211.728685917864,0.11091798255951,197.963674215567,24.1905826957513,240.07320705632,11.091798255951
2021-02-14,250075,540,209054,414,41021,126,231043,452,1531632,2968,1762675,3420,15,3770,-52,5843,577,240462,15,8117,3949,"East TN",2455501,212.665358311807,0.112505166204168,139.279112490689,21.9914388143194,237.955512948274,11.2505166204168
2021-02-15,250453,378,209263,209,41190,169,231271,228,1532956,1324,1764227,1552,5,3775,-575,5268,948,241410,10,8127,3960,"East TN",2455501,207.20822349492,0.110215452093768,63.2050241478216,15.3940071700236,214.538703099693,11.0215452093768
2021-02-16,251219,766,209691,428,41528,338,231743,472,1536365,3409,1768108,3881,8,3783,-39,5229,797,242207,25,8152,3970,"East TN",2455501,196.538303181306,0.107661278000183,158.053285256247,31.1952632069789,212.950432518659,10.7661278000183
2021-02-17,251840,621,210110,419,41730,202,232194,451,1539619,3254,1771813,3705,11,3794,-90,5139,700,242907,11,8163,3987,"East TN",2455501,187.25302901526,0.11196483693464,150.885705198247,25.2901546364673,209.285192716273,11.196483693464
2021-02-18,252634,794,210661,551,41973,243,232800,606,1545339,5720,1778139,6326,42,3836,23,5162,729,243636,20,8183,4004,"East TN",2455501,184.280112286658,0.110081926099314,257.625633221082,32.3355600343881,210.221865110216,11.0081926099315
2021-02-19,253113,479,210965,304,42148,175,233145,345,1548047,2708,1781192,3053,5,3841,-222,4940,696,244332,11,8194,4013,"East TN",2455501,169.904227283964,0.111500858273005,124.333079074291,19.5072207260351,201.180940264329,11.1500858273005
2021-02-20,253735,622,211412,447,42323,175,233650,505,1553274,5227,1786924,5732,18,3859,74,5014,530,244862,18,8212,4023,"East TN",2455501,171.044524111373,0.110556940980881,233.435050525331,25.3308795231604,204.194581879625,11.0556940980881
2021-02-21,254083,348,211639,227,42444,121,233913,263,1555408,2134,1789321,2397,7,3866,-83,4931,424,245286,12,8224,4041,"East TN",2455501,163.225345866281,0.107708474067402,97.617553403562,14.172260569228,200.81441628409,10.7708474067402
2021-02-22,254441,358,211835,196,42606,162,234141,228,1556790,1382,1790931,1610,7,3873,-481,4450,832,246118,22,8246,4057,"East TN",2455501,162.410848132418,0.10747453565009,65.5670675760262,14.5795094361599,181.225745784669,10.747453565009
2021-02-23,255084,643,212184,349,42900,294,234509,368,1559737,2947,1794246,3315,26,3899,-143,4307,760,246878,27,8273,4064,"East TN",2455501,157.401687069156,0.105822939781162,135.002999387905,26.1861021437173,175.402086987543,10.5822939781162
2021-02-24,255825,741,212733,549,43092,192,235119,610,1565939,6202,1801058,6812,19,3918,56,4363,666,247544,23,8296,4071,"East TN",2455501,162.288673472338,0.100017096939648,277.417928153969,30.1771410396493,177.682680642362,10.0017096939648
2021-02-25,256460,635,213178,445,43282,190,235614,495,1570707,4768,1806321,5263,21,3939,-95,4268,709,248253,16,8312,4080,"East TN",2455501,155.813416488122,0.0998509687034277,214.335078666227,25.8603030501718,173.813816406509,9.98509687034277
2021-02-26,256922,462,213502,324,43420,138,235982,368,1573830,3123,1809812,3491,14,3953,-183,4085,631,248884,11,8323,4085,"East TN",2455501,155.121093414338,0.0991264849755416,142.170579445905,18.814897652251,166.361162141657,9.91264849755416
2021-02-27,257361,439,213727,225,43634,214,236256,274,1577925,4095,1814181,4369,7,3960,10,4095,422,249306,16,8339,4094,"East TN",2455501,147.668439149485,0.0956084675496203,177.927029962521,17.8782252583078,166.768411008588,9.56084675496203
2021-02-28,257727,366,214001,274,43726,92,236569,313,1580485,2560,1817054,2873,5,3965,-51,4044,412,249718,11,8350,4103,"East TN",2455501,148.401487109962,0.0957703818555511,117.002599469518,14.9053085297053,164.691441787236,9.57703818555511
2021-03-01,257971,244,214149,148,43822,96,236725,156,1581264,779,1817989,935,4,3969,-410,3634,650,250368,11,8361,4112,"East TN",2455501,143.75885002694,0.0954985586517851,38.077769058127,9.9368723531369,147.994238243031,9.54985586517851
2021-03-02,258591,620,214539,390,44052,230,237172,447,1584720,3456,1821892,3903,7,3976,5,3639,608,250976,24,8385,4122,"East TN",2455501,142.822177632996,0.0963249656369818,158.949232763497,25.2494297497741,148.197862676497,9.63249656369818
2021-03-03,259074,483,214842,303,44232,180,237527,355,1588894,4174,1826421,4529,7,3983,-146,3493,622,251598,17,8402,4125,"East TN",2455501,132.315156866155,0.0949414501439104,184.44301183343,19.6701202728079,142.252029219292,9.49414501439104
2021-03-04,259682,608,215256,414,44426,194,237999,472,1593716,4822,1831715,5294,18,4001,46,3539,544,252142,20,8422,4130,"East TN",2455501,131.215584925439,0.0939198235803733,215.597550153716,24.7607311094559,144.125374007178,9.39198235803733
2021-03-05,260153,471,215567,311,44586,160,238353,354,1597397,3681,1835750,4035,15,4016,-63,3476,519,252661,16,8438,4135,"East TN",2455501,131.582108905678,0.0914102860667746,164.324917806997,19.1814216324897,141.559706145508,9.14102860667746
2021-03-06,260616,463,215890,323,44726,140,238725,372,1601673,4276,1840398,4648,1,4017,50,3526,412,253073,10,8448,4141,"East TN",2455501,132.559506186314,0.0941755349582332,189.289273349919,18.8556225389442,143.595950480167,9.41755349582332
2021-03-07,260871,255,216054,164,44817,91,238909,184,1603403,1730,1842312,1914,1,4018,-110,3416,364,253437,4,8452,4145,"East TN",2455501,128.039043763371,0.0926439147992715,77.9474331307542,10.3848461067619,139.116212943917,9.26439147992715
2021-03-08,261327,456,216346,292,44981,164,239221,312,1604984,1581,1844205,1893,3,4021,-127,3289,580,254017,9,8461,4153,"East TN",2455501,136.672719742325,0.0952090326518157,77.0922105101973,18.5705483320919,133.944152333882,9.52090326518157
2021-03-09,261866,539,216628,282,45238,257,239540,319,1607560,2576,1847100,2895,6,4027,26,3315,507,254524,21,8482,4165,"East TN",2455501,133.374003920178,0.0939384322437321,117.898546976768,21.9507139276262,135.002999387905,9.39384322437322
2021-03-10,262515,649,217091,463,45424,186,240047,507,1613032,5472,1853079,5979,7,4034,173,3488,469,254993,29,8511,4174,"East TN",2455501,140.134335111246,0.0945307224848076,243.494097538547,26.4304514638764,142.048404785826,9.45307224848076
2021-03-11,263048,533,217431,340,45617,193,240412,365,1616370,3338,1856782,3703,5,4039,88,3576,440,255433,9,8520,4182,"East TN",2455501,137.079968609257,0.0962620177923166,150.80425542486,21.7063646074671,145.632194814826,9.62620177923166
2021-03-12,263511,463,217799,368,45712,95,240828,416,1619717,3347,1860545,3763,5,4044,5,3581,453,255886,12,8532,4190,"East TN",2455501,136.754169515712,0.0998185117967332,153.247748626451,18.8556225389442,145.835819248292,9.98185117967332
2021-03-13,263958,447,218015,216,45943,231,241108,280,1623356,3639,1864464,3919,2,4046,42,3623,403,256289,20,8552,4196,"East TN",2455501,136.102571328621,0.0990193634172692,159.600830950588,18.2040243518532,147.546264489406,9.90193634172692
2021-03-14,264220,262,218191,176,46029,86,241319,211,1625198,1842,1866517,2053,0,4046,-52,3571,314,256603,10,8562,4202,"East TN",2455501,136.387645535473,0.0995662053294774,83.6081923811067,10.6699203136142,145.42857038136,9.95662053294774
2021-03-15,264576,356,218376,185,46200,171,241536,217,1626394,1196,1867930,1413,4,4050,-167,3404,519,257122,15,8577,4206,"East TN",2455501,132.315156866155,0.0975763962065332,57.544264897469,14.4980596627735,138.627514303598,9.75763962065332
2021-03-16,265275,699,218827,451,46448,248,242032,496,1629661,3267,1871693,3763,4,4054,190,3594,505,257627,36,8613,4207,"East TN",2455501,138.831138737064,0.10132964664742,153.247748626451,28.4666957985356,146.365242775303,10.132964664742
2021-03-17,265700,425,219159,332,46541,93,242396,364,1633385,3724,1875781,4088,1,4055,-31,3563,455,258082,16,8629,4216,"East TN",2455501,129.708764117791,0.103471059818518,166.483336801736,17.3080768446032,145.102771287815,10.3471059818518
2021-03-18,266250,550,219508,349,46742,201,242781,385,1636676,3291,1879457,3676,6,4061,99,3662,445,258527,31,8660,4223,"East TN",2455501,130.401087191575,0.104476295479603,149.704683484144,22.3986876812512,149.13453507044,10.4476295479603
2021-03-19,267042,792,220038,530,47004,262,243344,563,1641721,5045,1885065,5608,15,4076,337,3999,440,258967,25,8685,4229,"East TN",2455501,143.799574913633,0.102610114192496,228.385164575376,32.2541102610017,162.858821886043,10.2610114192496
2021-03-20,267315,273,220204,166,47111,107,243538,194,1643842,2121,1887380,2315,1,4077,-42,3957,314,259281,15,8700,4231,"East TN",2455501,136.713444629019,0.106039448420318,94.278112694721,11.1178940672392,161.148376644929,10.6039448420318
2021-03-21,267596,281,220400,196,47196,85,243763,225,1645641,1799,1889404,2024,-11,4066,-27,3930,319,259600,8,8708,4238,"East TN",2455501,137.487217476189,0.1067855114257,82.4271706670044,11.4436931607847,160.048804704213,10.67855114257
2021-03-22,268121,525,220739,339,47382,186,244119,356,1647730,2089,1891849,2445,14,4080,-16,3914,527,260127,19,8727,4245,"East TN",2455501,144.369723327337,0.107989464442493,99.5723479648349,21.3805655139216,159.397206517122,10.7989464442493
2021-03-23,268558,437,220987,248,47571,189,244386,267,1650185,2455,1894571,2722,11,4091,-78,3836,504,260631,17,8744,4251,"East TN",2455501,133.699803013723,0.102893609581257,110.853141578847,17.7967754849214,156.220665355054,10.2893609581257
2021-03-24,269155,597,221444,457,47711,140,244879,493,1654884,4699,1899763,5192,4,4095,85,3921,508,261139,26,8770,4257,"East TN",2455501,140.704483524951,0.103535985322325,211.443611711011,24.3127573558308,159.682280723974,10.3535985322325
2021-03-25,269555,400,221751,307,47804,93,245212,333,1657852,2968,1903064,3301,8,4103,-66,3855,458,261597,23,8793,4261,"East TN",2455501,134.595750520973,0.102977930274918,134.4328509742,16.2899546772736,156.994438202224,10.2977930274918
2021-03-26,269965,410,222073,322,47892,88,245558,346,1660484,2632,1906042,2978,7,4110,-63,3792,466,262063,14,8807,4271,"East TN",2455501,119.038843804177,0.105544167421462,121.278712572302,16.6972035442054,154.428770340554,10.5544167421462
2021-03-27,270168,203,222253,180,47915,23,245768,210,1662996,2512,1908764,2722,2,4112,-164,3628,365,262428,12,8819,4282,"East TN",2455501,116.188101735654,0.104283576505799,110.853141578847,8.26715199871635,147.749888922872,10.4283576505799
2021-03-28,270484,316,222472,219,48012,97,246013,245,1665068,2072,1911081,2317,5,4117,-67,3561,378,262806,17,8836,4288,"East TN",2455501,117.613472769915,0.103796650828067,94.3595624681073,12.8690641950461,145.021321514428,10.3796650828067
2021-03-29,270923,439,222709,237,48214,202,246268,255,1666923,1855,1913191,2110,18,4135,-91,3470,512,263318,18,8854,4293,"East TN",2455501,114.111132514302,0.100693468278512,85.9295109226182,17.8782252583078,141.315356825348,10.0693468278512
2021-03-30,271298,375,222967,258,48331,117,246590,322,1669400,2477,1915990,2799,5,4140,-143,3327,513,263831,20,8874,4299,"East TN",2455501,111.586189539324,0.102899295018442,113.988957854222,15.271832509944,135.491698028223,10.2899295018442
2021-03-31,271959,661,223409,442,48550,219,247078,488,1674217,4817,1921295,5305,4,4144,168,3495,489,264320,18,8892,4304,"East TN",2455501,114.192582287688,0.102127066691436,216.045523907341,26.9191501041946,142.333478992678,10.2127066691436
2021-04-01,272407,448,223730,321,48677,127,247428,350,1677045,2828,1924473,3178,1,4145,-87,3408,534,264854,18,8910,4312,"East TN",2455501,116.147376848961,0.103507870521743,129.423689910939,18.2447492385464,138.790413850371,10.3507870521743
2021-04-02,272758,351,223965,235,48793,116,247680,252,1680065,3020,1927745,3272,0,4145,-78,3330,429,265283,12,8922,4317,"East TN",2455501,113.744608534063,0.0977745012210293,133.251829260098,14.2944352293076,135.613872688303,9.77745012210293
2021-04-03,273101,343,224216,251,48885,92,247955,275,1682416,2351,1930371,2626,0,4145,-54,3276,397,265680,13,8935,4326,"East TN",2455501,119.446092671109,0.101217198130236,106.943552456301,13.9686361357621,133.414728806871,10.1217198130236
2021-04-04,273272,171,224339,123,48933,48,248096,141,1684011,1595,1932107,1736,6,4151,-179,3097,344,266024,8,8943,4330,"East TN",2455501,113.540984100597,0.0990678207933035,70.6984032993674,6.96395562453446,126.124974088791,9.90678207933035
2021-04-05,273679,407,224574,235,49105,172,248319,223,1685230,1219,1933549,1442,6,4157,-93,3004,494,266518,40,8983,4336,"East TN",2455501,112.237787726415,0.100746635229394,58.7252866115713,16.5750288841259,122.337559626325,10.0746635229394
2021-04-06,274110,431,224824,250,49286,181,248597,278,1687316,2086,1935913,2364,3,4160,-6,2998,434,266952,27,9010,4341,"East TN",2455501,114.518381381233,0.100737840686644,96.273632142687,17.5524261647623,122.093210306166,10.0737840686644
2021-04-07,274742,632,225287,463,49455,169,249104,507,1692009,4693,1941113,5200,5,4165,209,3207,418,267370,24,9034,4345,"East TN",2455501,113.337359667131,0.102230295690786,211.769410804557,25.7381283900923,130.604711625041,10.2230295690786
2021-04-08,275148,406,225542,255,49606,151,249393,289,1695020,3011,1944413,3300,-1,4164,48,3255,359,267729,21,9055,4350,"East TN",2455501,111.626914426017,0.0985456369107322,134.392126087507,16.5343039974327,132.559506186314,9.85456369107322
2021-04-09,275666,518,225948,406,49718,112,249843,450,1698896,3876,1948739,4326,4,4168,109,3364,405,268134,31,9086,4353,"East TN",2455501,118.427970503779,0.103029436981995,176.175859834714,21.0954913070693,136.998518835871,10.3029436981995
2021-04-10,275970,304,226163,215,49807,89,250090,247,1701677,2781,1951767,3028,1,4169,-11,3353,314,268448,15,9101,4358,"East TN",2455501,116.839699922745,0.0997850065432791,123.314956906961,12.3803655547279,136.550545082246,9.97850065432791
2021-04-11,276207,237,226326,163,49881,74,250264,174,1703390,1713,1953654,1887,2,4171,-85,3268,320,268768,10,9111,4362,"East TN",2455501,119.527542444495,0.100617255302362,76.8478611900382,9.65179814628461,133.088929713325,10.0617255302362
2021-04-12,276672,465,226649,323,50023,142,250594,330,1705153,1763,1955747,2093,3,4174,13,3281,449,269217,15,9126,4371,"East TN",2455501,121.8895858727,0.102486710514461,85.2371878488341,18.9370723123306,133.618353240337,10.2486710514461
2021-04-13,277050,378,226889,240,50161,138,250844,250,1707210,2057,1958054,2307,3,4177,-56,3225,431,269648,16,9142,4375,"East TN",2455501,119.731166877961,0.10148593107809,93.9523136011755,15.3940071700236,131.337759585518,10.148593107809
2021-04-14,277730,680,227391,502,50339,178,251401,557,1712031,4821,1963432,5378,0,4177,269,3494,411,270059,29,9171,4378,"East TN",2455501,121.685961439234,0.102916797347551,219.018440635944,27.6929229513651,142.292754105985,10.2916797347551
2021-04-15,278270,540,227757,366,50513,174,251781,380,1715176,3145,1966957,3525,2,4179,115,3609,423,270482,24,9195,4383,"East TN",2455501,127.14309625612,0.105926188786373,143.555225593474,21.9914388143194,146.976116075701,10.5926188786373
2021-04-16,279248,978,228652,895,50596,83,252886,1105,1722661,7485,1975547,8590,3,4182,634,4243,341,270823,32,9227,4386,"East TN",2455501,145.876544134985,0.113510892270964,349.826776694451,39.8289391859339,172.79569423918,11.3510892270964
2021-04-17,279450,202,228799,147,50651,55,253059,173,1724892,2231,1977951,2404,0,4182,-91,4152,293,271116,10,9237,4387,"East TN",2455501,141.72260569228,0.113389856400855,97.9026276104143,8.22642711202317,169.0897295501,11.3389856400855
2021-04-18,279668,218,228986,187,50682,31,253261,202,1726695,1803,1979956,2005,6,4188,-122,4030,334,271450,8,9245,4396,"East TN",2455501,140.94883284511,0.113945707550757,81.6533978198339,8.87802529911411,164.121293373532,11.3945707550757
2021-04-19,279996,328,229181,195,50815,133,253471,210,1728144,1449,1981615,1659,8,4196,-212,3818,532,271982,15,9260,4403,"East TN",2455501,135.369523368144,0.111218493892067,67.5625870239923,13.3577628353644,155.487617394577,11.1218493892067
2021-04-20,280349,353,229458,277,50891,76,253752,281,1730592,2448,1984344,2729,4,4200,-113,3705,462,272444,20,9280,4407,"East TN",2455501,134.351401200814,0.110612400152149,111.138215785699,14.375885002694,150.885705198247,11.0612400152149
2021-04-21,280862,513,229788,330,51074,183,254091,339,1734374,3782,1988465,4121,4,4204,30,3735,479,272923,14,9294,4413,"East TN",2455501,127.550345123052,0.10745815523509,167.827258062611,20.8918668736034,152.107451799042,10.745815523509
2021-04-22,281504,642,230186,398,51318,244,254542,451,1738626,4252,1993168,4703,3,4207,193,3928,446,273369,23,9317,4417,"East TN",2455501,131.704283565757,0.105337453740796,191.529142118044,26.1453772570241,159.967354930827,10.5337453740796
2021-04-23,281888,384,230464,278,51424,106,254850,308,1741829,3203,1996679,3511,0,4207,-9,3919,393,273762,11,9328,4422,"East TN",2455501,107.513700870006,0.0929396176414916,142.985077179769,15.6383564901827,159.600830950588,9.29396176414916
2021-04-24,282148,260,230652,188,51496,72,255059,209,1744827,2998,1999886,3207,0,4207,-132,3787,392,274154,20,9348,4429,"East TN",2455501,109.87574429821,0.0911784818782767,130.604711625041,10.5884705402278,154.225145907088,9.11784818782767
2021-04-25,282348,200,230800,148,51548,52,255218,159,1746478,1651,2001696,1810,4,4211,-113,3674,309,274463,17,9365,4434,"East TN",2455501,109.142696337733,0.0900183992640294,73.712044914663,8.1449773386368,149.623233710758,9.00183992640294
2021-04-26,282734,386,231044,244,51690,142,255470,252,1748450,1972,2003920,2224,6,4217,-143,3531,523,274986,16,9381,4442,"East TN",2455501,111.504739765938,0.0896211611746245,90.5721480056412,15.719806263569,143.799574913633,8.96211611746245
2021-04-27,283124,390,231248,204,51876,186,255688,218,1750814,2364,2006502,2582,3,4220,-48,3483,435,275421,25,9406,4448,"East TN",2455501,113.011560573586,0.0873725065439119,105.151657441801,15.8827058103418,141.84478035236,8.73725065439119
2021-04-28,283612,488,231594,346,52018,142,256069,381,1754942,4128,2011011,4509,6,4226,11,3494,471,275892,24,9430,4456,"East TN",2455501,111.993438406256,0.0877317484254413,183.628514099567,19.8737447062738,142.292754105985,8.77317484254413
2021-04-29,284004,392,231873,279,52131,113,256373,304,1757874,2932,2014247,3236,1,4227,18,3512,373,276265,22,9452,4461,"East TN",2455501,101.81221673296,0.0868637032117273,131.785733339143,15.9641555837281,143.025802066462,8.68637032117273
2021-04-30,284373,369,232100,227,52273,142,256613,240,1761141,3267,2017754,3507,0,4227,-1,3511,370,276635,17,9469,4466,"East TN",2455501,101.201343432562,0.0836536180308422,142.822177632996,15.0274831897849,142.985077179769,8.36536180308422
2021-05-01,284608,235,232282,182,52326,53,256802,189,1763632,2491,2020434,2680,-1,4226,-28,3483,264,276899,15,9484,4467,"East TN",2455501,100.183221265233,0.0848257737979365,109.142696337733,9.57034837289824,141.84478035236,8.48257737979365
2021-05-02,284783,175,232410,128,52373,47,256935,133,1765108,1476,2022043,1609,1,4227,-76,3407,250,277149,11,9495,4471,"East TN",2455501,99.165099097903,0.0843859045559542,65.526342689333,7.1268551713072,138.749688963678,8.43859045559542
2021-05-03,284995,212,232524,114,52471,98,257061,126,1766592,1484,2023653,1610,5,4232,-224,3183,431,277580,17,9512,4475,"East TN",2455501,92.078968813289,0.0806263619317894,65.5670675760262,8.63367597895501,129.627314344405,8.06263619317894
2021-05-04,285316,321,232745,221,52571,100,257306,245,1768992,2400,2026298,2645,7,4239,-80,3103,394,277974,12,9524,4483,"East TN",2455501,89.2689516314593,0.0817336835724389,107.717325303472,13.0726886285121,126.36932340895,8.17336835724389
2021-05-05,285780,464,233038,293,52742,171,257617,311,1773142,4150,2030759,4461,5,4244,127,3230,332,278306,22,9546,4488,"East TN",2455501,88.2915543508229,0.0783876848288434,181.673719538294,18.8963474256374,131.541384018984,7.83876848288434
2021-05-06,286066,286,233235,197,52831,89,257848,231,1775580,2438,2033428,2669,4,4248,-100,3130,382,278688,10,9556,4494,"East TN",2455501,83.9747163613454,0.076899014649914,108.694722584108,11.6473175942506,127.468895349666,7.6899014649914
2021-05-07,286432,366,233484,249,52948,117,258117,269,1779029,3449,2037146,3718,0,4248,16,3146,350,279038,15,9571,4499,"East TN",2455501,83.8525417012658,0.0775577557755776,151.415128725258,14.9053085297053,128.120493536757,7.75577557755776
2021-05-08,286603,171,233587,103,53016,68,258231,114,1780924,1895,2039155,2009,0,4248,-94,3052,265,279303,7,9578,4506,"East TN",2455501,81.2461489529021,0.0763313925538166,81.8162973666066,6.96395562453446,124.292354187598,7.63313925538166
2021-05-09,286749,146,233702,115,53047,31,258363,132,1782635,1711,2040998,1843,4,4252,-161,2891,303,279606,11,9589,4511,"East TN",2455501,80.0651272387997,0.0753363228699552,75.0559661755381,5.94583345720486,117.735647429995,7.53363228699552
2021-05-10,286984,235,233838,136,53146,99,258508,145,1784151,1516,2042659,1661,7,4259,-200,2691,428,280034,22,9611,4514,"East TN",2455501,81.001799632743,0.0761338524676418,67.6440367973786,9.57034837289824,109.590670091358,7.61338524676418
2021-05-11,287299,315,234066,228,53233,87,258752,244,1786829,2678,2045581,2922,1,4260,-57,2634,371,280405,19,9630,4518,"East TN",2455501,80.7574503125839,0.0749883316911269,118.998118917484,12.828339308353,107.269351549847,7.49883316911269
2021-05-12,287603,304,234283,217,53320,87,259003,251,1790895,4066,2049898,4317,3,4263,-53,2581,354,280759,16,9646,4520,"East TN",2455501,74.2414684416744,0.0724175766758974,175.809335854475,12.3803655547279,105.110932555108,7.24175766758974
2021-05-13,287813,210,234419,136,53394,74,259148,145,1793628,2733,2052776,2878,1,4264,-131,2450,340,281099,9,9655,4525,"East TN",2455501,71.1463770529924,0.067190407277238,117.206223902984,8.55222620556864,99.7759723983008,6.7190407277238
2021-05-14,288114,301,234638,219,53476,82,259396,248,1796313,2685,2055709,2933,1,4265,34,2484,266,281365,21,9676,4530,"East TN",2455501,68.4992594179355,0.0689005009966061,119.446092671109,12.2581908946484,101.160618545869,6.89005009966061
2021-05-15,288222,108,234719,81,53503,27,259498,102,1798301,1988,2057799,2090,0,4265,-154,2330,262,281627,6,9682,4534,"East TN",2455501,65.9335915562649,0.0679575198455267,85.1150131887546,4.39828776286387,94.8889859951187,6.79575198455267
2021-05-16,288322,100,234793,74,53529,26,259583,85,1799750,1449,2059333,1534,3,4268,-121,2209,218,281845,4,9686,4538,"East TN",2455501,64.0602467683784,0.0665394055085901,62.4719761873443,4.0724886693184,89.9612747052435,6.65394055085901
2021-05-17,288521,199,234897,104,53624,95,259693,110,1801317,1567,2061010,1677,6,4274,-117,2092,310,282155,10,9696,4545,"East TN",2455501,62.5941508474238,0.0645741376491744,68.2956349844696,8.10425245194362,85.1964629621409,6.45741376491744
2021-05-18,288734,213,235032,135,53702,78,259839,146,1803555,2238,2063394,2384,8,4282,-100,1992,305,282460,22,9718,4551,"East TN",2455501,58.440212404719,0.0610228484814461,97.0881298765507,8.67440086564819,81.1239742928225,6.10228484814461
2021-05-19,288951,217,235196,164,53755,53,260006,167,1806825,3270,2066831,3437,1,4283,-53,1939,269,282729,21,9739,4554,"East TN",2455501,54.897147262412,0.0592334494773519,139.971435564473,8.83730041242093,78.9655552980838,5.92334494773519
2021-05-20,289129,178,235329,133,53800,45,260162,156,1820993,14168,2081155,14324,3,4286,-91,1848,266,282995,7,9746,4559,"East TN",2455501,53.5939508882301,0.0357306459001374,583.343276993168,7.24902983138675,75.259590609004,3.57306459001374
2021-05-21,289293,164,235437,108,53856,56,260283,121,1823271,2278,2083554,2399,0,4286,-58,1790,222,283217,10,9756,4562,"East TN",2455501,48.0146414112639,0.0318549111151015,97.6990031769484,6.67888141768218,72.8975471807994,3.18549111151015
2021-05-22,289364,71,235485,48,53879,23,260345,62,1824857,1586,2085202,1648,0,4286,-105,1685,176,283393,12,9768,4563,"East TN",2455501,46.5078206036161,0.0309090245593548,67.1146132703672,2.89146695521606,68.621434078015,3.09090245593548
2021-05-23,289438,74,235536,51,53902,23,260406,61,1825922,1065,2086328,1126,3,4289,-128,1557,199,283592,5,9773,4565,"East TN",2455501,45.4489735495933,0.0304871272457863,45.8562224165252,3.01364161529562,63.4086485812875,3.04871272457863
2021-05-24,289598,160,235647,111,53951,49,260532,126,1827846,1924,2088378,2050,0,4289,-90,1467,250,283842,7,9780,4569,"East TN",2455501,43.8607029685592,0.0306562408652441,83.4860177210272,6.51598187090944,59.7434087789009,3.06562408652441
2021-05-25,289742,144,235743,96,53999,48,260620,88,1829573,1727,2090193,1815,0,4289,-72,1395,216,284058,9,9789,4575,"East TN",2455501,41.0506857867295,0.0291428784656144,73.915669348129,5.8643836838185,56.8112169369917,2.91428784656144
2021-05-26,289926,184,235883,140,54043,44,260785,165,1832456,2883,2093241,3048,7,4296,-33,1362,210,284268,14,9803,4580,"East TN",2455501,39.7067645258544,0.0294964028776978,124.129454640825,7.49337915154586,55.4672956761166,2.94964028776978
2021-05-27,290050,124,235959,76,54091,48,260924,139,1835428,2972,2096352,3111,4,4300,-81,1281,201,284469,11,9814,4584,"East TN",2455501,37.5076206444225,0.0501414752911759,126.695122502495,5.04988594995482,52.1685798539687,5.01414752911759
2021-05-28,290167,117,236049,90,54118,27,261022,98,1837540,2112,2098562,2210,0,4300,-59,1222,176,284645,9,9823,4587,"East TN",2455501,35.5935509698428,0.0492404051172708,90.0019995919366,4.76481174310253,49.7658115390708,4.92404051172708
2021-05-29,290218,51,236081,32,54137,19,261059,37,1838616,1076,2099675,1113,0,4300,-88,1134,139,284784,7,9830,4590,"East TN",2455501,34.7790532359791,0.0493332412077662,45.3267988895138,2.07696922135238,46.1820215100707,4.93332412077662
2021-05-30,290273,55,236121,40,54152,15,261105,46,1839703,1087,2100808,1133,0,4300,-66,1068,121,284905,7,9837,4595,"East TN",2455501,34.0052803888086,0.0482734806629834,46.1412966233775,2.23986876812512,43.4941789883205,4.82734806629834
2021-05-31,290353,80,236187,66,54166,14,261176,71,1841130,1427,2102306,1498,6,4306,-95,973,169,285074,4,9841,4600,"East TN",2455501,30.7472894533539,0.0462377943710511,61.0058802663896,3.25799093545472,39.625314752468,4.62377943710511
2021-06-01,290483,130,236280,93,54203,37,261270,94,1842446,1316,2103716,1410,3,4309,-37,936,164,285238,11,9852,4603,"East TN",2455501,30.1771410396493,0.048066257487244,57.4220902373894,5.29423527011392,38.1184939448202,4.8066257487244
2021-06-02,290602,119,236351,71,54251,48,261343,73,1844425,1979,2105768,2052,1,4310,-19,917,137,285375,9,9861,4607,"East TN",2455501,27.5300234045924,0.0445437854234853,83.5674674944136,4.8462615164889,37.3447210976497,4.45437854234853
2021-06-03,290690,88,236407,56,54283,32,261462,119,1847592,3167,2109054,3286,1,4311,-43,874,130,285505,7,9868,4612,"East TN",2455501,26.0639274836378,0.0423555345614864,133.821977673803,3.58379002900019,35.5935509698428,4.23555345614864
2021-06-04,290781,91,236466,59,54315,32,261540,78,1849744,2152,2111284,2230,1,4312,-32,842,122,285627,7,9875,4612,"East TN",2455501,25.005080429615,0.0407168684169156,90.8164973258003,3.70596468907974,34.2903545956609,4.07168684169156
2021-06-05,290822,41,236492,26,54330,15,261570,30,1851127,1383,2112697,1413,-1,4311,-67,775,109,285736,2,9877,4617,"East TN",2455501,24.5978315626831,0.0392412839809553,57.544264897469,1.66972035442054,31.5617871872176,3.92412839809553
2021-06-06,290848,26,236508,16,54340,10,261589,19,1852043,916,2113632,935,-1,4310,-56,719,83,285819,2,9879,4620,"East TN",2455501,23.4168098485808,0.0377417342482845,38.077769058127,1.05884705402278,29.2811935323993,3.77417342482845
2021-06-07,290921,73,236543,35,54378,38,261641,52,1853313,1270,2114954,1322,3,4313,-68,651,138,285957,10,9889,4622,"East TN",2455501,23.1317356417285,0.0367647058823529,53.8383002083892,2.97291672860243,26.5119012372628,3.67647058823529
2021-06-08,291008,87,236610,67,54398,20,261711,70,1854792,1479,2116503,1549,3,4316,-29,622,113,286070,4,9893,4625,"East TN",2455501,21.3805655139216,0.0344881520294049,63.082849487742,3.54306514230701,25.3308795231604,3.44881520294049
2021-06-09,291056,48,236648,38,54408,10,261765,54,1857522,2730,2119287,2784,0,4316,-63,559,111,286181,3,9896,4628,"East TN",2455501,18.4890985587055,0.0312153265774096,113.378084553824,1.95479456127283,22.7652116614899,3.12153265774096
2021-06-10,291131,75,236705,57,54426,18,261831,66,1859307,1785,2121138,1851,4,4320,-21,538,92,286273,4,9900,4631,"East TN",2455501,17.9596750316941,0.0305362462760675,75.3817652690836,3.0543665019888,21.909989040933,3.05362462760675
2021-06-11,291201,70,236751,46,54450,24,261887,56,1860792,1485,2122679,1541,2,4322,-4,534,72,286345,4,9904,4632,"East TN",2455501,17.1044524111373,0.0304519526107942,62.7570503941965,2.85074206852288,21.7470894941603,3.04519526107942
2021-06-12,291230,29,236773,22,54457,7,261918,31,1861986,1194,2123904,1225,3,4325,-24,510,50,286395,1,9905,4635,"East TN",2455501,16.6157537708191,0.0310520210582672,49.8879861991504,1.18102171410234,20.7696922135238,3.10520210582672
2021-06-13,291248,18,236787,14,54461,4,261939,21,1862829,843,2124768,864,1,4326,-41,469,58,286453,1,9906,4636,"East TN",2455501,16.2899546772736,0.0314295977011494,35.186302102911,0.733047960477312,19.0999718591033,3.14295977011494
2021-06-14,291301,53,236820,33,54481,20,261980,41,1864082,1253,2126062,1294,3,4329,-9,460,59,286512,3,9909,4638,"East TN",2455501,15.4754569434099,0.0305185451926539,52.6980033809801,2.15841899473875,18.7334478788646,3.05185451926539
2021-06-15,291389,88,236889,69,54500,19,262068,88,1865964,1882,2128032,1970,0,4329,-7,453,95,286607,4,9913,4642,"East TN",2455501,15.5161818301031,0.0309653916211293,80.2280267855725,3.58379002900019,18.4483736720124,3.09653916211293
2021-06-16,291456,67,236929,40,54527,27,262106,38,1867870,1906,2129976,1944,2,4331,-14,439,79,286686,7,9920,4645,"East TN",2455501,16.2899546772736,0.0319019552811301,79.1691797315497,2.72856740844333,17.8782252583078,3.19019552811301
2021-06-17,291507,51,236967,38,54540,13,262152,46,1870220,2350,2132372,2396,1,4332,-7,432,57,286743,1,9921,4649,"East TN",2455501,15.3125573966372,0.0285739718711056,97.5768285168689,2.07696922135238,17.5931510514555,2.85739718711056
2021-06-18,291569,62,237018,51,54551,11,262207,55,1871948,1728,2134155,1783,2,4334,-1,431,61,286804,4,9925,4651,"East TN",2455501,14.9867583030917,0.0278842802370164,72.6124729739471,2.52494297497741,17.5524261647623,2.78842802370164
2021-06-19,291597,28,237035,17,54562,11,262225,18,1873099,1151,2135324,1169,0,4334,-16,415,44,286848,5,9930,4653,"East TN",2455501,14.9460334163985,0.0268826619964974,47.6073925443321,1.14029682740915,16.9008279776714,2.68826619964974
2021-06-20,291622,25,237056,21,54566,4,262242,17,1873853,754,2136095,771,3,4337,-13,402,35,286883,2,9932,4656,"East TN",2455501,15.2311076232508,0.0267502427827315,31.3988876404449,1.0181221673296,16.37140445066,2.67502427827315
2021-06-21,291689,67,237096,40,54593,27,262294,52,1875124,1271,2137418,1323,6,4343,3,405,58,286941,2,9934,4658,"East TN",2455501,15.8012560369554,0.0276505811905601,53.8790250950824,2.72856740844333,16.4935791107395,2.76505811905601
2021-06-22,291782,93,237142,46,54640,47,262345,51,1876551,1427,2138896,1478,5,4348,36,441,52,286993,7,9941,4662,"East TN",2455501,16.0048804704213,0.0254970544918999,60.1913825325259,3.78741446246611,17.9596750316941,2.54970544918999
2021-06-23,291851,69,237190,48,54661,21,262400,55,1878340,1789,2140740,1844,2,4350,6,447,61,287054,5,9946,4666,"East TN",2455501,16.0863302438077,0.0273132664437012,75.0966910622313,2.8100171818297,18.2040243518532,2.73132664437012
2021-06-24,291934,83,237242,52,54692,31,262462,62,1880184,1844,2142646,1906,3,4353,27,474,53,287107,6,9952,4667,"East TN",2455501,17.3895266179896,0.0301732528713257,77.6216340372087,3.38016559553427,19.3035962925692,3.01732528713257
2021-06-25,292013,79,237298,56,54715,23,262531,69,1881990,1806,2144521,1875,0,4353,32,506,47,287154,3,9955,4669,"East TN",2455501,18.0818496917737,0.0312560293266448,76.35916254972,3.21726604876154,20.6067926667511,3.12560293266448
2021-06-26,292048,35,237316,18,54732,17,262552,21,1883174,1184,2145726,1205,0,4353,1,507,34,287188,2,9957,4671,"East TN",2455501,18.366923898626,0.0314362622572582,49.0734884652867,1.42537103426144,20.6475175534443,3.14362622572582
2021-06-27,292077,29,237336,20,54741,9,262576,24,1883888,714,2146464,738,2,4355,-9,498,36,287224,3,9960,4673,"East TN",2455501,18.5298234453987,0.0322113993634873,30.0549663795698,1.18102171410234,20.2809935732056,3.22113993634873
2021-06-28,292121,44,237360,24,54761,20,262601,25,1884440,552,2147041,577,4,4359,-15,483,55,287279,3,9963,4673,"East TN",2455501,17.5931510514555,0.0319027330354359,23.4982596219672,1.7918950145001,19.6701202728079,3.19027330354359
2021-06-29,292252,131,237446,86,54806,45,262698,97,1886454,2014,2149152,2111,0,4359,79,562,52,287331,7,9970,4676,"East TN",2455501,19.1406967457965,0.0344188767550702,85.9702358093114,5.3349601568071,22.8873863215694,3.44188767550702
2021-06-30,292337,85,237509,63,54828,22,262773,75,1888098,1644,2150871,1719,3,4362,29,591,53,287384,4,9974,4676,"East TN",2455501,19.7922949328874,0.0368176882834863,70.0060802255833,3.46161536892064,24.0684080356717,3.68176882834863
2021-07-01,292443,106,237562,53,54881,53,262838,65,1890650,2552,2153488,2617,1,4363,56,647,49,287433,2,9976,4679,"East TN",2455501,20.7289673268307,0.0346799483490131,106.577028476063,4.3168379894775,26.34900169049,3.46799483490131
2021-07-02,292525,82,237625,63,54900,19,262912,74,1892332,1682,2155244,1756,0,4363,32,679,50,287483,3,9979,4681,"East TN",2455501,20.8511419869102,0.035531101370885,71.5129010332311,3.33944070884109,27.6521980646719,3.5531101370885
2021-07-03,292573,48,237661,36,54912,12,262952,40,1893421,1089,2156373,1129,1,4364,1,680,46,287529,3,9982,4684,"East TN",2455501,21.3805655139216,0.0375692683384991,45.9783970766047,1.95479456127283,27.6929229513651,3.75692683384991
2021-07-04,292600,27,237682,21,54918,6,262977,25,1894121,700,2157098,725,0,4364,-13,667,40,287569,1,9983,4685,"East TN",2455501,21.2991157405352,0.0377092345307504,29.5255428525584,1.09957194071597,27.1634994243537,3.77092345307504
2021-07-05,292643,43,237706,24,54937,19,263002,25,1894603,482,2157605,507,0,4364,-30,637,73,287642,2,9985,4686,"East TN",2455501,21.258390853842,0.0379591063990913,20.6475175534443,1.75117012780691,25.9417528235582,3.79591063990913
2021-07-06,292805,162,237810,104,54995,58,263115,113,1895928,1325,2159043,1438,5,4369,82,719,75,287717,6,9991,4686,"East TN",2455501,22.5208623413308,0.0421595389748256,58.5623870647986,6.59743164429581,29.2811935323993,4.21595389748256
2021-07-07,292947,142,237890,80,55057,62,263203,88,1897387,1459,2160590,1547,4,4373,81,800,57,287774,6,9997,4688,"East TN",2455501,24.8421808828422,0.04424323490071,63.0013997143556,5.78293391043213,32.5799093545472,4.42432349007099
2021-07-08,293087,140,237992,102,55095,38,263320,117,1899241,1854,2162561,1971,2,4375,76,876,62,287836,3,10000,4690,"East TN",2455501,26.2268270304105,0.0531246555714758,80.2687516722657,5.70148413704576,35.6750007432292,5.31246555714758
2021-07-09,293251,164,238114,122,55137,42,263451,131,1900986,1745,2164437,1876,0,4375,100,976,64,287900,4,10004,4692,"East TN",2455501,29.5662677392516,0.0586315674970086,76.3998874364132,6.67888141768218,39.7474894125476,5.86315674970086
2021-07-10,293355,104,238187,73,55168,31,263525,74,1902042,1056,2165567,1130,0,4375,56,1032,48,287948,13,10017,4693,"East TN",2455501,31.8468613940699,0.0623232542962802,46.0191219632979,4.23538821609114,42.0280830673659,6.23232542962802
2021-07-11,293403,48,238222,35,55181,13,263568,43,1902797,755,2166365,798,2,4377,4,1036,42,287990,7,10024,4693,"East TN",2455501,32.7020840146267,0.0637746843638718,32.4984595811608,1.95479456127283,42.1909826141386,6.37746843638718
2021-07-12,293576,173,238339,117,55237,56,263693,125,1904163,1366,2167856,1491,1,4378,93,1129,79,288069,14,10038,4694,"East TN",2455501,37.9963192847407,0.0674080577504634,60.7208060595373,7.04540539792083,45.9783970766047,6.74080577504634
2021-07-13,293790,214,238476,137,55314,77,263838,145,1905785,1622,2169623,1767,4,4382,149,1278,61,288130,17,10055,4698,"East TN",2455501,40.1140133927862,0.0683364839319471,71.9608747868561,8.71512575234138,52.0464051938891,6.83364839319471
2021-07-14,293963,173,238612,136,55351,37,263980,142,1907347,1562,2171327,1704,0,4382,103,1381,70,288200,12,10067,4699,"East TN",2455501,41.3764848802749,0.0723665828443699,69.3952069251855,7.04540539792083,56.2410685232871,7.23665828443699
2021-07-15,294183,220,238762,150,55421,70,264147,167,1909148,1801,2173295,1968,0,4382,118,1499,102,288302,15,10082,4699,"East TN",2455501,44.6344758157297,0.0770449040432271,80.1465770121861,8.95947507250048,61.0466051530828,7.70449040432271
2021-07-16,294413,230,238904,142,55509,88,264301,154,1910677,1529,2174978,1683,0,4382,164,1663,66,288368,10,10092,4703,"East TN",2455501,47.3223183374798,0.0806375106726117,68.5399843046287,9.36672393943232,67.725486570765,8.06375106726117
2021-07-17,294557,144,239004,100,55553,44,264411,110,1911895,1218,2176306,1328,0,4382,54,1717,90,288458,5,10097,4705,"East TN",2455501,48.9513138052072,0.0825030263525468,54.0826495285484,5.8643836838185,69.9246304521969,8.25030263525468
2021-07-18,294701,144,239125,121,55576,23,264543,132,1913021,1126,2177564,1258,0,4382,50,1767,94,288552,6,10103,4707,"East TN",2455501,52.8609029277528,0.0870613447629253,51.2319074600255,5.8643836838185,71.9608747868561,8.70613447629253
2021-07-19,295004,303,239336,211,55668,92,264759,216,1914711,1690,2179470,1906,3,4385,165,1932,135,288687,14,10117,4708,"East TN",2455501,58.1551381978667,0.0917857757878423,77.6216340372087,12.3396406680348,78.6804810912315,9.17857757878423
2021-07-20,295360,356,239574,238,55786,118,265013,254,1916371,1660,2181384,1914,2,4387,213,2145,141,288828,22,10139,4710,"East TN",2455501,63.9380721082989,0.0999064705382195,77.9474331307542,14.4980596627735,87.3548819568797,9.99064705382195
2021-07-21,295761,401,239867,293,55894,108,265323,310,1918487,2116,2183810,2426,3,4390,247,2392,151,288979,28,10167,4714,"East TN",2455501,73.2233462743448,0.107586317391653,98.7985751176644,16.3306795639668,97.4139289700961,10.7586317391653
2021-07-22,296235,474,240200,333,56035,141,265690,367,1920856,2369,2186546,2736,5,4395,321,2713,148,289127,21,10188,4717,"East TN",2455501,83.5674674944136,0.116444041959097,111.423289992551,19.3035962925692,110.486617598608,11.6444041959097
2021-07-23,296696,461,240520,320,56176,141,266023,333,1922759,1903,2188782,2236,1,4396,328,3041,132,289259,27,10215,4723,"East TN",2455501,92.9749163205391,0.12474645030426,91.0608466459594,18.7741727655578,123.844380433973,12.474645030426
2021-07-24,297054,358,240769,249,56285,109,266288,265,1924510,1751,2190798,2016,0,4396,226,3267,132,289391,21,10236,4727,"East TN",2455501,101.69004207288,0.129519735026221,82.1013715734589,14.5795094361599,133.048204826632,12.9519735026221
2021-07-25,297282,228,240959,190,56323,38,266491,203,1925825,1315,2192316,1518,3,4399,97,3364,128,289519,17,10253,4732,"East TN",2455501,105.110932555108,0.13204989154013,61.8203780002533,9.28527416604595,136.998518835871,13.204989154013
2021-07-26,297949,667,241420,461,56529,206,266977,486,1927554,1729,2194531,2215,10,4409,448,3812,209,289728,36,10289,4736,"East TN",2455501,119.934791311427,0.147267777704004,90.2056240254026,27.1634994243537,155.243268074417,14.7267777704004
2021-07-27,298676,727,241910,490,56766,237,267492,515,1929875,2321,2197367,2836,2,4411,534,4346,191,289919,28,10317,4742,"East TN",2455501,135.043724274598,0.155102296189702,115.49577866187,29.6069926259448,176.990357568578,15.5102296189702
2021-07-28,299495,819,242458,548,57037,271,268105,613,1932742,2867,2200847,3480,2,4413,559,4905,258,290177,37,10354,4745,"East TN",2455501,152.066726912349,0.163291659329694,141.72260569228,33.3536822017177,199.755569230067,16.3291659329694
2021-07-29,300183,688,242913,455,57270,233,268601,496,1935170,2428,2203771,2924,3,4416,474,5379,211,290388,23,10377,4749,"East TN",2455501,160.78185266469,0.16899854862119,119.07956869087,28.0187220449106,219.059165522637,16.899854862119
2021-07-30,301181,998,243661,748,57520,250,269403,802,1936973,1803,2206376,2605,4,4420,750,6129,244,290632,41,10418,4754,"East TN",2455501,182.65111681893,0.192110946913721,106.088329835744,40.6434369197976,249.602830542525,19.2110946913721
2021-07-31,301716,535,244026,365,57690,170,269799,396,1938943,1970,2208742,2366,2,4422,319,6448,214,290846,32,10450,4764,"East TN",2455501,189.859421763624,0.195664288898796,96.3550819160733,21.7878143808534,262.59406939765,19.5664288898796
2021-08-01,302250,534,244448,422,57802,112,270260,461,1941081,2138,2211341,2599,3,4425,322,6770,209,291055,28,10478,4768,"East TN",2455501,202.321237091738,0.198107752956636,105.843980515585,21.7470894941603,275.707482912856,19.8107752956636
2021-08-02,303100,850,244985,537,58115,313,270796,536,1943416,2335,2214212,2871,9,4434,416,7186,425,291480,32,10510,4777,"East TN",2455501,209.773891356591,0.194045018037701,116.921149696131,34.6161536892064,292.64903577722,19.4045018037701
2021-08-03,304438,1338,245953,968,58485,370,271811,1015,1947191,3775,2219002,4790,4,4438,897,8083,437,291917,40,10550,4787,"East TN",2455501,234.656797126126,0.199630228795933,195.072207260351,54.4898983954802,329.179259141006,19.9630228795933
2021-08-04,305524,1086,246786,833,58738,253,272697,886,1950810,3619,2223507,4505,8,4446,646,8729,432,292349,40,10590,4793,"East TN",2455501,245.530341873206,0.202647837599294,183.465614552794,44.2272269487978,355.487535944803,20.2647837599294
2021-08-05,306702,1178,247675,889,59027,289,273648,951,1954776,3966,2228424,4917,10,4456,665,9394,503,292852,43,10633,4800,"East TN",2455501,265.485536352866,0.204721534904474,200.244267870386,47.9739165245707,382.56958559577,20.4721534904474
2021-08-06,308041,1339,248662,987,59379,352,274731,1083,1959404,4628,2234135,5711,3,4459,907,10301,429,293281,52,10685,4813,"East TN",2455501,279.372722715242,0.191937749918945,232.579827904774,54.5306232821734,419.507057826488,19.1937749918945
2021-08-07,308765,724,249186,524,59579,200,275315,584,1962406,3002,2237721,3586,0,4459,326,10627,398,293679,28,10713,4822,"East TN",2455501,287.069726300254,0.190344732392422,146.039443681758,29.4848179658652,432.783370888466,19.0344732392422
2021-08-08,309401,636,249637,451,59764,185,275841,526,1964521,2115,2240362,2641,5,4464,220,10847,411,294090,29,10742,4832,"East TN",2455501,291.223664742959,0.192309017607939,107.554425756699,25.901027936865,441.742845960967,19.2309017607939
2021-08-09,310770,1369,250597,960,60173,409,276848,1007,1968059,3538,2244907,4545,13,4477,572,11419,784,294874,66,10808,4844,"East TN",2455501,312.359880936721,0.197165662159961,185.094610020521,55.7523698829689,465.037481149468,19.7165662159961
2021-08-10,312097,1327,251445,848,60652,479,277765,917,1971311,3252,2249076,4169,6,4483,549,11968,772,295646,48,10856,4858,"East TN",2455501,311.911907183096,0.197978320143646,169.782052623884,54.0419246418552,487.395443944026,19.7978320143646
2021-08-11,313984,1887,252749,1304,61235,583,279149,1384,1976667,5356,2255816,6740,8,4491,1064,13032,815,296461,63,10919,4878,"East TN",2455501,344.532541424337,0.199696678943948,274.48573631206,76.8478611900382,530.726723385574,19.9696678943948
2021-08-12,315446,1462,253812,1063,61634,399,280311,1162,1981149,4482,2261460,5644,10,4501,586,13618,866,297327,45,10964,4892,"East TN",2455501,356.098409245201,0.201689066472939,229.85126049633,59.539784345435,554.59150698778,20.1689066472939
2021-08-13,317093,1647,254929,1117,62164,530,281485,1174,1986568,5419,2268053,6593,11,4512,794,14412,842,298169,30,10994,4916,"East TN",2455501,368.641674346702,0.199127307034613,268.499177968162,67.073888383674,586.927067022168,19.9127307034613
2021-08-14,318624,1531,256018,1089,62606,442,282685,1200,1992043,5475,2274728,6675,1,4513,912,15324,618,298787,27,11021,4930,"East TN",2455501,401.506657908101,0.199151511876132,271.838618677003,62.3498015272647,624.068163686352,19.9151511876132
2021-08-15,319769,1145,256982,964,62787,181,283742,1057,1995852,3809,2279594,4866,11,4524,426,15750,708,299495,20,11041,4943,"East TN",2455501,422.235625234932,0.201391721044046,198.167298649033,46.6299952636957,641.416965417648,20.1391721044046
2021-08-16,321210,1441,257898,916,63312,525,284704,962,1998912,3060,2283616,4022,17,4541,178,15928,1246,300741,29,11070,4961,"East TN",2455501,425.167817076841,0.202950218295487,163.795494279986,58.6845617248781,648.665995249035,20.2950218295487
2021-08-17,322947,1737,259113,1215,63834,522,286025,1321,2003771,4859,2289796,6180,10,4551,511,16439,1216,301957,25,11095,4978,"East TN",2455501,441.865020621046,0.202848722986248,251.679799763877,70.7391281860606,669.476412349252,20.2848722986248
2021-08-18,325038,2091,260499,1386,64539,705,287504,1479,2009191,5420,2296695,6899,13,4564,930,17369,1148,303105,32,11127,4993,"East TN",2455501,450.172897506456,0.20438366887644,280.960993296276,85.1557380754477,707.350556973913,20.438366887644
2021-08-19,327429,2391,261992,1493,65437,898,289082,1578,2019143,9952,2308225,11530,23,4587,1118,18487,1250,304355,43,11170,5014,"East TN",2455501,488.006317244424,0.18755479525286,469.557943572411,97.3732040834029,752.880980296893,18.755479525286
2021-08-20,329884,2455,263970,1978,65914,477,291192,2110,2026037,6894,2317229,9004,4,4591,1271,19758,1180,305535,37,11207,5047,"East TN",2455501,520.912025692517,0.197393037253945,366.686879785429,99.9795968317667,804.642311283929,19.7393037253945
2021-08-21,332806,2922,265933,1963,66873,959,293309,2117,2034966,8929,2328275,11046,0,4591,2166,21924,756,306291,57,11264,5071,"East TN",2455501,577.560343082735,0.198405139410238,449.84709841291,118.998118917484,892.852415861366,19.8405139410238
2021-08-22,334291,1485,267274,1341,67017,144,294825,1516,2040478,5512,2335303,7028,7,4598,546,22470,932,307223,17,11281,5090,"East TN",2455501,591.406804558418,0.198944515248883,286.214503679697,60.4764567393782,915.088203995844,19.8944515248883
2021-08-23,336240,1949,268402,1128,67838,821,296013,1188,2044445,3967,2340458,5155,18,4616,185,22655,1746,308969,38,11319,5111,"East TN",2455501,612.095046998556,0.198954998064811,209.936790903364,79.3728041650156,922.622308034084,19.8954998064811
2021-08-24,338223,1983,269789,1387,68434,596,297451,1438,2048224,3779,2345675,5217,15,4631,143,22798,1825,310794,25,11344,5148,"East TN",2455501,622.113369125079,0.204477531809803,212.461733878341,80.7574503125839,928.445966831209,20.4477531809803
2021-08-25,340450,2227,270999,1210,69451,1017,298698,1247,2052260,4036,2350958,5283,17,4648,614,23412,1596,312390,39,11383,5186,"East TN",2455501,627.651953715352,0.206291579897905,215.149576400091,90.6943226657208,953.451047260824,20.6291579897905
2021-08-26,343108,2658,272834,1835,70274,823,300660,1962,2059104,6844,2359764,8806,24,4672,740,24152,1894,314284,40,11423,5216,"East TN",2455501,638.525498462432,0.224645414152389,358.623352220178,108.246748830483,983.58746341378,22.4645414152389
2021-08-27,346116,3008,275107,2273,71009,735,303029,2369,2066172,7068,2369201,9437,19,4691,1303,25455,1686,315970,44,11467,5237,"East TN",2455501,661.046360803763,0.227757253905949,384.320755723577,122.500459173097,1036.651990775,22.7757253905949
2021-08-28,348260,2144,276647,1540,71613,604,304701,1672,2072038,5866,2376739,7538,1,4692,920,26375,1223,317193,33,11500,5272,"East TN",2455501,629.362398956466,0.235061076262793,306.984195893221,87.3141570701865,1074.11888653273,23.5061076262793
2021-08-29,350596,2336,278474,1827,72122,509,306721,2020,2079032,6994,2385753,9014,9,4701,1070,27445,1257,318450,45,11545,5303,"East TN",2455501,664.019277532365,0.235797819623389,367.094128652361,95.1333353152778,1117.69451529443,23.5797819623389
2021-08-30,353839,3243,280888,2414,72951,829,309327,2606,2088074,9042,2397401,11648,21,4722,478,27923,2744,321194,70,11615,5343,"East TN",2455501,716.717280913345,0.23381276012855,474.363480202207,132.070807545996,1137.16101113378,23.381276012855
2021-08-31,357426,3587,283296,2408,74130,1179,311938,2611,2096661,8587,2408599,11198,7,4729,912,28835,2668,323862,79,11694,5378,"East TN",2455501,782.039999169212,0.230230118873562,456.037281190274,146.080168568451,1174.30210779796,23.0230118873562
2021-09-01,358861,1435,284246,950,74615,485,312928,990,2098944,2283,2411872,3273,15,4744,-965,27870,2385,326247,31,11725,5420,"East TN",2455501,749.785888908211,0.233608037561152,133.292554146791,58.440212404719,1135.00259213904,23.3608037561152
2021-09-02,361176,2315,285736,1490,75440,825,314444,1516,2103206,4262,2417650,5778,19,4763,-580,27290,2876,329123,44,11769,5450,"East TN",2455501,735.817252772448,0.238123207684069,235.308395313217,94.278112694721,1111.38215785699,23.8123207684069
2021-09-03,362929,1753,286958,1222,75971,531,315739,1295,2107312,4106,2423051,5401,17,4780,-1006,26284,2742,331865,32,11801,5479,"East TN",2455501,684.707519972503,0.23602599814299,219.955113029887,71.3907263731516,1070.41292184365,23.602599814299
2021-09-04,366191,3262,289299,2341,76892,921,318315,2576,2115360,8048,2433675,10624,3,4783,1515,27799,1744,333609,56,11857,5510,"East TN",2455501,730.237943295482,0.239110580300688,432.661196228387,132.844580393166,1132.11112518382,23.9110580300688
2021-09-05,370648,4457,292552,3253,78096,1204,321803,3488,2127870,12510,2449673,15998,8,4791,2732,30531,1717,335326,58,11915,5564,"East TN",2455501,816.615427971726,0.235951188986233,651.516737317558,181.510819991521,1243.3715156296,23.5951188986233
2021-09-06,375561,4913,296491,3939,79070,974,326092,4289,2143508,15638,2469600,19927,11,4802,964,31495,3938,339264,102,12017,5600,"East TN",2455501,884.625988749343,0.232205432208202,811.524817135078,200.081368323613,1282.63030640183,23.2205432208202
2021-09-07,377643,2082,297947,1456,79696,626,327610,1518,2147934,4426,2475544,5944,34,4836,-1813,29682,3861,343125,62,12079,5632,"East TN",2455501,823.335034276101,0.234102621555008,242.068726504286,84.7892140952091,1208.79608682709,23.4102621555008
2021-09-08,379317,1674,299123,1176,80194,498,328871,1261,2152314,4380,2481185,5641,20,4856,-1783,27899,3437,346562,60,12139,5673,"East TN",2455501,833.068282195772,0.230014571581089,229.729085836251,68.17346032439,1136.18361385314,23.0014571581089
2021-09-09,381228,1911,300129,1006,81099,905,329951,1080,2155980,3666,2485931,4746,7,4863,-1604,26295,3508,350070,55,12194,5713,"East TN",2455501,816.615427971726,0.227105637000044,193.280312245851,77.8252584706746,1070.86089559727,22.7105637000044
2021-09-10,386716,5488,303964,3835,82752,1653,334085,4134,2168086,12106,2502171,16240,23,4886,2256,28551,3209,353279,142,12336,5748,"East TN",2455501,968.722879770768,0.231875631951466,661.372159897308,223.498178172194,1162.7362399771,23.1875631951466
2021-09-11,390998,4282,307073,3109,83925,1173,337404,3319,2179906,11820,2517310,15139,8,4894,2504,31055,1770,355049,119,12455,5792,"East TN",2455501,1010.26226419782,0.228241764811383,616.534059648113,174.383964820214,1264.71135625683,22.8241764811383
2021-09-12,392580,1582,308499,1426,84081,156,338959,1555,2185150,5244,2524109,6799,23,4917,-130,30925,1689,356738,49,12504,5836,"East TN",2455501,893.178214954911,0.230479875329142,276.888504626958,64.4267707486171,1259.41712098672,23.0479875329142
2021-09-13,394932,2352,309951,1452,84981,900,340464,1505,2190273,5123,2530737,6628,63,4980,-1937,28988,4226,360964,83,12587,5886,"East TN",2455501,788.881780133667,0.23507859397746,269.924549002424,95.7849335023688,1180.53301546202,23.507859397746
2021-09-14,397745,2813,311906,1955,85839,858,342539,2075,2196495,6222,2539034,8297,43,5023,-935,28053,3705,364669,64,12651,5929,"East TN",2455501,818.651672306385,0.235139392030241,337.894384893348,114.559106267927,1142.45524640389,23.5139392030241
2021-09-15,399537,1792,313101,1195,86436,597,343756,1217,2200270,3775,2544026,4992,23,5046,-1549,26504,3318,367987,36,12687,5968,"East TN",2455501,823.45720893618,0.236867650101049,203.298634372375,72.9789969541857,1079.37239691615,23.6867650101049
2021-09-16,402183,2646,314953,1852,87230,794,345713,1957,2206929,6659,2552642,8616,23,5069,-556,25948,3179,371166,65,12752,6005,"East TN",2455501,853.390000655671,0.236272878535774,350.885623748473,107.758050190165,1056.72935991474,23.6272878535774
2021-09-17,404868,2685,316829,1876,88039,809,347718,2005,2214133,7204,2561851,9209,23,5092,-53,25895,2715,373881,83,12835,6060,"East TN",2455501,739.238143254676,0.228434986595174,375.035481557531,109.346320771199,1054.57094092,22.8434986595174
2021-09-18,406323,1455,318009,1180,88314,275,349055,1337,2219605,5472,2568660,6809,3,5095,-279,25616,1731,375612,40,12875,6118,"East TN",2455501,624.108888573045,0.226893865628043,277.29575349389,59.2547101385827,1043.2086975326,22.6893865628043
2021-09-19,406967,644,318455,446,88512,198,349568,513,2221682,2077,2571250,2590,17,5112,-1069,24547,1696,377308,24,12899,6161,"East TN",2455501,585.908944854838,0.225048259476888,105.477456535347,26.2268270304105,999.673793657588,22.5048259476888
2021-09-20,408949,1982,319712,1257,89237,725,350939,1371,2227319,5637,2578258,7008,48,5160,187,24734,1747,379055,70,12969,6205,"East TN",2455501,570.84073677836,0.220428863028977,285.400005945833,80.7167254258907,1007.28934746921,22.0428863028977
2021-09-21,410821,1872,320814,1102,90007,770,352079,1140,2231624,4305,2583703,5445,31,5191,-2037,22697,3878,382933,61,13030,6252,"East TN",2455501,532.518618400074,0.213570932861716,221.747008044387,76.2369878896404,924.332753275197,21.3570932861716
2021-09-22,412412,1591,321930,1116,90482,475,353300,1221,2236982,5358,2590282,6579,14,5205,-1353,21344,2930,385863,45,13075,6290,"East TN",2455501,524.332916174744,0.206329989622968,267.929029554458,64.7932947288557,869.231981579319,20.6329989622968
2021-09-23,414761,2349,323438,1508,91323,841,354963,1663,2243338,6356,2598301,8019,32,5237,-390,20954,2707,388570,59,13134,6328,"East TN",2455501,512.237624826868,0.202588755776517,326.572866392642,95.6627588422892,853.349275768978,20.2588755776517
2021-09-24,416300,1539,324421,983,91879,556,356062,1099,2248220,4882,2604282,5981,37,5274,-916,20038,2418,390988,40,13174,6377,"East TN",2455501,465.566904676479,0.196648676675072,243.575547311933,62.6756006208102,816.045279558021,19.6648676675072
2021-09-25,416997,697,324909,488,92088,209,356624,562,2251242,3022,2607866,3584,2,5276,-916,19122,1611,392599,21,13195,6418,"East TN",2455501,434.697440563046,0.193057185124726,145.957993908371,28.3852460251492,778.741283347064,19.3057185124726
2021-09-26,417858,861,325536,627,92322,234,357347,723,2255219,3977,2612566,4700,6,5282,-431,18691,1286,393885,26,13221,6454,"East TN",2455501,443.534740975467,0.188280569270985,191.406967457965,35.0641274428314,761.188857182302,18.8280569270985
2021-09-27,419318,1460,326368,832,92950,628,358269,922,2258810,3591,2617079,4513,46,5328,-1368,17323,2782,396667,44,13265,6487,"East TN",2455501,422.276350121625,0.188815331907988,183.791413646339,59.4583345720486,705.477212186026,18.8815331907988
2021-09-28,420612,1294,327157,789,93455,505,359132,863,2262472,3662,2621604,4525,14,5342,-1018,16305,2298,398965,34,13299,6523,"East TN",2455501,398.737365612965,0.186090076778977,184.280112286658,52.6980033809801,664.019277532365,18.6090076778977
2021-09-29,422287,1675,328167,1010,94120,665,360270,1138,2267970,5498,2628240,6636,30,5372,-386,15919,2031,400996,50,13349,6567,"East TN",2455501,402.158256095192,0.183624005479741,270.250348095969,68.2141852110832,648.299471268796,18.3624005479741
2021-09-30,423496,1209,328927,760,94569,449,361089,819,2272642,4672,2633731,5491,11,5383,-787,15132,1985,402981,40,13389,6602,"East TN",2455501,355.731885264962,0.172904318374259,223.620352832273,49.2363880120595,616.24898544126,17.2904318374259
2021-10-01,424869,1373,329902,975,94967,398,362164,1075,2277615,4973,2639779,6048,14,5397,-298,14834,1657,404638,48,13437,6631,"East TN",2455501,348.971554073894,0.171901850860636,246.304114720377,55.9152694297416,604.112969206691,17.1901850860636
2021-10-02,425423,554,330254,352,95169,202,362559,395,2280285,2670,2642844,3065,11,5408,-468,14366,1011,405649,19,13456,6669,"East TN",2455501,343.147895276768,0.169678083366688,124.821777714609,22.5615872280239,585.053722234281,16.9678083366688
2021-10-03,425962,539,330719,465,95243,74,363083,524,2283377,3092,2646460,3616,13,5421,-348,14018,874,406523,15,13471,6702,"East TN",2455501,330.034481761563,0.169233492653567,147.261190282553,21.9507139276262,570.881461665053,16.9233492653567
2021-10-04,427312,1350,331577,858,95735,492,364023,940,2287515,4138,2651538,5078,22,5443,-606,13412,1934,408457,29,13500,6725,"East TN",2455501,325.554744225313,0.166981049943411,206.800974627988,54.9785970357984,546.202180328984,16.6981049943411
2021-10-05,428576,1264,332333,756,96243,508,364838,815,2291977,4462,2656815,5277,17,5460,-448,12964,1695,410152,40,13540,6765,"East TN",2455501,324.332997624517,0.1620516315924,214.905227079932,51.4762567801846,527.957431090437,16.20516315924
2021-10-06,429513,937,333040,707,96473,230,365618,780,2296398,4421,2662016,5201,18,5478,-407,12557,1326,411478,26,13566,6800,"East TN",2455501,294.278031244948,0.158337280909522,211.81013569125,38.1592188315134,511.382402206311,15.8337280909522
2021-10-07,430630,1117,333833,793,96797,324,366476,858,2301181,4783,2667657,5641,24,5502,-385,12172,1478,412956,26,13592,6830,"East TN",2455501,290.531341669175,0.158786771207923,229.729085836251,45.4896984362865,495.703320829436,15.8786771207923
2021-10-08,431684,1054,334420,587,97264,467,367120,644,2305428,4247,2672548,4891,9,5511,-130,12042,1175,414131,31,13623,6851,"East TN",2455501,277.540102814049,0.151240501693674,199.185420816363,42.9240305746159,490.409085559322,15.1240501693674
2021-10-09,432225,541,334775,355,97450,186,367537,417,2308237,2809,2675774,3226,4,5515,-295,11747,832,414963,32,13655,6880,"East TN",2455501,277.010679287038,0.151169146674765,131.378484472212,22.0321637010125,478.395243984832,15.1169146674765
2021-10-10,432545,320,335043,268,97502,52,367847,310,2310469,2232,2678316,2542,6,5521,-524,11223,838,415801,16,13671,6903,"East TN",2455501,268.09192910123,0.149547965846308,103.522661974074,13.0319637418189,457.055403357604,14.9547965846308
2021-10-11,433764,1219,335580,537,98184,682,368395,548,2313915,3446,2682310,3994,52,5573,-275,10948,1442,417243,33,13704,6917,"East TN",2455501,262.756968944423,0.142077213050825,162.655197452577,49.6436368789913,445.856059516978,14.2077213050825
2021-10-12,434699,935,336217,637,98482,298,369400,1005,2317559,3644,2686959,4649,29,5602,-367,10581,1273,418516,32,13736,6951,"East TN",2455501,249.358481222366,0.151340233545648,189.329998236612,38.077769058127,430.91002610058,15.1340233545648
2021-10-13,435546,847,336766,549,98780,298,370050,650,2321424,3865,2691474,4515,25,5627,-403,10178,1225,419741,37,13773,6974,"East TN",2455501,245.693241419979,0.150451490257315,183.872863419726,34.4939790291268,414.497896763227,15.0451490257315
2021-10-14,436495,949,337419,653,99076,296,370771,721,2325427,4003,2696198,4724,31,5658,-169,10009,1087,420828,33,13806,7006,"East TN",2455501,238.851460455524,0.150485266809152,192.384364738601,38.6479174718316,407.615390912079,15.0485266809152
2021-10-15,437297,802,337931,512,99366,290,371347,576,2329321,3894,2700668,4470,24,5682,-301,9708,1079,421907,30,13836,7031,"East TN",2455501,228.588789008842,0.150320056899004,182.040243518532,32.6613591279336,395.35720001743,15.0320056899004
2021-10-16,437604,307,338170,239,99434,68,371618,271,2331551,2230,2703169,2501,7,5689,-376,9332,676,422583,12,13848,7046,"East TN",2455501,219.059165522637,0.148968789925169,101.852941619653,12.5025402148075,380.044642620793,14.8968789925169
2021-10-17,437856,252,338380,210,99476,42,371866,248,2333214,1663,2705080,1911,7,5696,-452,8880,697,423280,14,13862,7062,"East TN",2455501,216.2898732275,0.150164399940218,77.8252584706746,10.2626714466824,361.636993835474,15.0164399940218
2021-10-18,438643,787,338847,467,99796,320,372382,516,2336405,3191,2708787,3707,23,5719,-467,8413,1231,424511,37,13899,7083,"East TN",2455501,198.696722176045,0.150583525323866,150.967154971633,32.0504858275358,342.618471749757,15.0583525323866
2021-10-19,439474,831,339288,441,100186,390,372856,474,2339733,3328,2712589,3802,25,5744,-273,8140,1079,425590,23,13922,7099,"East TN",2455501,194.461333959954,0.134841982052282,154.836019207486,33.8423808420359,331.500577682518,13.4841982052282
2021-10-20,440238,764,339778,490,100460,274,373397,541,2343754,4021,2717151,4562,15,5759,-211,7929,960,426550,21,13943,7118,"East TN",2455501,191.081168364419,0.130350118783347,185.786933094305,31.1138134335926,322.907626590256,13.0350118783347
2021-10-21,440867,629,340201,423,100666,206,373867,470,2347391,3637,2721258,4107,17,5776,-246,7683,858,427408,21,13964,7136,"East TN",2455501,178.0492046226,0.123543495610535,167.257109648907,25.6159537300127,312.889304463733,12.3543495610535
2021-10-22,441412,545,340541,340,100871,205,374253,386,2350495,3104,2724748,3490,6,5782,-317,7366,856,428264,18,13982,7154,"East TN",2455501,167.582908742452,0.120681063122924,142.129854559212,22.1950632477853,299.979515381993,12.0681063122924
2021-10-23,441769,357,340785,244,100984,113,374526,273,2352880,2385,2727406,2658,0,5782,-197,7169,554,428818,15,13997,7174,"East TN",2455501,169.619153077111,0.119981845938029,108.246748830483,14.5387845494667,291.956712703436,11.9981845938029
2021-10-24,442012,243,340947,162,101065,81,374722,196,2354777,1897,2729499,2093,7,5789,-301,6868,537,429355,14,14011,7186,"East TN",2455501,169.252629096873,0.116958106392563,85.2371878488341,9.89614746644371,279.698521808788,11.6958106392563
2021-10-25,442434,422,341195,248,101239,174,374993,271,2357208,2431,2732201,2702,28,5817,-489,6379,883,430238,21,14032,7197,"East TN",2455501,154.388045453861,0.111514478517127,110.038643844983,17.1859021845236,259.784052215821,11.1514478517127
2021-10-26,442960,526,341524,329,101436,197,375331,338,2359848,2640,2735179,2978,12,5829,-231,6148,745,430983,28,14060,7208,"East TN",2455501,141.966955012439,0.109561752988048,121.278712572302,21.4212904006148,250.376603389695,10.9561752988048
2021-10-27,443580,620,341919,395,101661,225,375755,424,2364045,4197,2739800,4621,10,5839,-87,6061,697,431680,21,14081,7229,"East TN",2455501,136.102571328621,0.104110556757473,188.189701409203,25.2494297497741,246.833538247388,10.4110556757473
2021-10-28,443996,416,342174,255,101822,161,376046,291,2366842,2797,2742888,3088,16,5855,-197,5864,597,432277,15,14096,7244,"East TN",2455501,127.428170462973,0.100739713361073,125.758450108552,16.9415528643645,238.810735568831,10.0739713361073
2021-10-29,444456,460,342479,305,101977,155,376379,333,2370360,3518,2746739,3851,4,5859,-154,5710,610,432887,10,14106,7261,"East TN",2455501,123.966555094052,0.0966759128734482,156.831538655452,18.7334478788646,232.539103018081,9.66759128734482
2021-10-30,444719,263,342681,202,102038,61,376608,229,2372934,2574,2749542,2803,0,5859,-149,5561,412,433299,16,14122,7275,"East TN",2455501,120.138415744893,0.0940549331405855,114.151857400995,10.7106452003074,226.471094900796,9.40549331405855
2021-10-31,444890,171,342808,127,102082,44,376754,146,2374559,1625,2751313,1771,0,5859,-224,5337,395,433694,5,14127,7286,"East TN",2455501,117.206223902984,0.0931511873109013,72.1237743336289,6.96395562453446,217.348720281523,9.31511873109013
2021-11-01,445486,596,343169,361,102317,235,377144,390,2377677,3118,2754821,3508,14,5873,-184,5153,766,434460,23,14150,7295,"East TN",2455501,124.292354187598,0.0950928381962865,142.862902519689,24.2720324691377,209.855341129977,9.50928381962865
2021-11-02,445898,412,343389,220,102509,192,377370,226,2379888,2211,2757258,2437,25,5898,-183,4970,570,435030,16,14166,7318,"East TN",2455501,119.649717104575,0.0923501970197926,99.2465488712894,16.7786533175918,202.402686865124,9.23501970197926
2021-11-03,446470,572,343768,379,102702,193,377763,393,2384466,4578,2762229,4971,6,5904,78,5048,488,435518,14,14180,7329,"East TN",2455501,117.694922543302,0.0895269517142984,202.443411751818,23.2946351885012,205.579228027193,8.95269517142984
2021-11-04,446887,417,344070,302,102817,115,378093,330,2388002,3536,2766095,3866,13,5917,-75,4973,479,435997,9,14189,7340,"East TN",2455501,117.735647429995,0.0882061446977205,157.442411955849,16.9822777510577,202.524861525204,8.82061446977205
2021-11-05,447322,435,344355,285,102967,150,378417,324,2391585,3583,2770002,3907,2,5919,21,4994,412,436409,13,14202,7346,"East TN",2455501,116.717525262665,0.0876069294587972,159.11213231027,17.715325711535,203.380084145761,8.76069294587972
2021-11-06,447555,233,344526,171,103029,62,378605,188,2393825,2240,2772430,2428,0,5919,-85,4909,318,436727,13,14215,7354,"East TN",2455501,115.49577866187,0.0872509612023768,98.8800248910507,9.48889859951187,199.91846877684,8.72509612023768
2021-11-07,447754,199,344654,128,103100,71,378759,154,2395726,1901,2774485,2055,6,5925,-131,4778,324,437051,8,14223,7366,"East TN",2455501,116.636075489279,0.0865268427412394,83.6896421544931,8.10425245194362,194.583508620033,8.65268427412394
2021-11-08,448295,541,344999,345,103296,196,379144,385,2399259,3533,2778403,3918,25,5950,-27,4751,543,437594,25,14248,7378,"East TN",2455501,114.396206721154,0.0848104486472733,159.560106063895,22.0321637010125,193.483936679317,8.48104486472733
2021-11-09,449164,869,345617,618,103547,251,379945,801,2406535,7276,2786480,8077,10,5960,426,5177,433,438027,27,14275,7393,"East TN",2455501,133.007479939939,0.0881185408254055,328.934909820847,35.3899265363769,210.832738410614,8.81185408254055
2021-11-10,449790,626,346054,437,103736,189,380447,502,2411786,5251,2792233,5753,7,5967,179,5356,440,438467,28,14303,7405,"East TN",2455501,135.206623821371,0.0894547393680842,234.290273145888,25.4937790699332,218.122493128693,8.94547393680842
2021-11-11,450296,506,346438,384,103858,122,380852,405,2416076,4290,2796928,4695,5,5972,83,5439,418,438885,10,14313,7418,"East TN",2455501,138.831138737064,0.0894820484545779,191.203343024499,20.6067926667511,221.502658724228,8.94820484545779
2021-11-12,450778,482,346760,322,104018,160,381184,332,2419526,3450,2800710,3782,2,5974,116,5555,364,439249,24,14337,7428,"East TN",2455501,140.745208411644,0.0901068125569884,154.021521473622,19.6293953861147,226.226745580637,9.01068125569884
2021-11-13,451015,237,346902,142,104113,95,381333,149,2421525,1999,2802858,2148,4,5978,-100,5455,333,439582,11,14348,7437,"East TN",2455501,140.908107958417,0.0896542658078086,87.4770566169592,9.65179814628461,222.154256911319,8.96542658078086
2021-11-14,451376,361,347218,316,104158,45,381678,345,2424504,2979,2806182,3324,1,5979,59,5514,301,439883,13,14361,7445,"East TN",2455501,147.505539602712,0.0920907341388775,135.369523368144,14.7016840962394,224.557025226217,9.20907341388775
2021-11-15,451953,577,347508,290,104445,287,381979,301,2427272,2768,2809251,3069,26,6005,-27,5487,578,440461,20,14381,7455,"East TN",2455501,148.971635523667,0.0919022302904564,124.984677261382,23.4982596219672,223.457453285501,9.19022302904564
2021-11-16,452625,672,347941,433,104684,239,382439,460,2430879,3607,2813318,4067,24,6029,178,5665,470,440931,17,14398,7465,"East TN",2455501,140.94883284511,0.0929279379983605,165.628114181179,27.3671238578196,230.706483116887,9.29279379983605
2021-11-17,453338,713,348408,467,104930,246,382948,509,2435524,4645,2818472,5154,5,6034,292,5957,416,441347,27,14425,7475,"East TN",2455501,144.491897987417,0.0953161324745608,209.89606601667,29.0368442122402,242.598150031297,9.53161324745608
2021-11-18,453964,626,348818,410,105146,216,383426,478,2440387,4863,2823813,5341,12,6046,184,6141,430,441777,19,14444,7484,"East TN",2455501,149.378884390599,0.0957411195834108,217.511619828296,25.4937790699332,250.091529182843,9.57411195834108
2021-11-19,454577,613,349261,443,105316,170,383886,460,2444861,4474,2828747,4934,7,6053,219,6360,387,442164,13,14457,7492,"East TN",2455501,154.713844547406,0.0963726504262225,200.93659094417,24.9643555429218,259.01027936865,9.63726504262225
2021-11-20,454899,322,349508,247,105391,75,384173,287,2447565,2704,2831738,2991,0,6053,20,6380,302,442466,14,14471,7499,"East TN",2455501,158.175459916327,0.0983379501385042,121.808136099313,13.1134135152052,259.824777102514,9.83379501385042
2021-11-21,455163,264,349660,152,105503,112,384337,164,2449049,1484,2833386,1648,9,6062,-94,6286,349,442815,10,14481,7510,"East TN",2455501,154.225145907088,0.0977429789736803,67.1146132703672,10.7513700870006,255.996637753355,9.77429789736803
2021-11-22,455915,752,350154,494,105761,258,384849,512,2452917,3868,2837766,4380,20,6082,152,6438,580,443395,38,14519,7515,"East TN",2455501,161.352001078395,0.100648781343153,178.375003716146,30.6251147932744,262.186820530719,10.0648781343153
2021-11-23,456591,676,350623,469,105968,207,385339,490,2456218,3301,2841557,3791,21,6103,119,6557,536,443931,19,14538,7522,"East TN",2455501,161.514900625168,0.102694854633663,154.388045453861,27.5300234045924,267.033082047207,10.2694854633663
2021-11-24,457329,738,351156,533,106173,205,385912,573,2460246,4028,2846158,4601,6,6109,255,6812,477,444408,21,14559,7532,"East TN",2455501,162.533022792497,0.107057718702593,187.37520367534,30.0549663795698,277.417928153969,10.7057718702593
2021-11-25,457615,286,351314,158,106301,128,386085,173,2461882,1636,2847967,1809,1,6110,-197,6615,482,444890,10,14569,7541,"East TN",2455501,148.686561316815,0.11008528608098,73.6713200279699,11.6473175942506,269.395125475412,11.008528608098
2021-11-26,457845,230,351516,202,106329,28,386328,243,2463559,1677,2849887,1920,1,6111,-287,6328,516,445406,15,14584,7545,"East TN",2455501,133.088929713325,0.115515610217597,78.1917824509133,9.36672393943232,257.707082994468,11.5515610217597
2021-11-27,458129,284,351744,228,106385,56,386582,254,2465154,1595,2851736,1849,0,6111,-96,6232,380,445786,14,14598,7556,"East TN",2455501,131.541384018984,0.12046204620462,75.3003154956972,11.5658678208643,253.797493871923,12.046204620462
2021-11-28,458443,314,351955,211,106488,103,386799,217,2466664,1510,2853463,1727,7,6118,-108,6124,415,446201,20,14618,7566,"East TN",2455501,133.577628353644,0.122627882651791,70.3318793191288,12.7876144216598,249.399206109059,12.2627882651791
2021-11-29,459541,1098,352669,714,106872,384,387537,738,2471211,4547,2858748,5285,19,6137,424,6548,655,446856,35,14653,7574,"East TN",2455501,147.668439149485,0.128109808407206,215.231026173477,44.715925589116,266.666558066969,12.8109808407206
2021-11-30,460379,838,353177,508,107202,330,388042,505,2474578,3367,2862620,3872,64,6201,186,6734,588,447444,26,14679,7586,"East TN",2455501,154.265870793781,0.128329297820823,157.686761276008,34.1274550488882,274.241386991901,12.8329297820823
2021-12-01,461462,1083,353947,770,107515,313,388849,807,2479749,5171,2868598,5978,48,6249,505,7239,530,447974,32,14711,7607,"East TN",2455501,168.315956702929,0.130882352941176,243.453372651854,44.1050522887183,294.807454771959,13.0882352941176
2021-12-02,462365,903,354570,623,107795,280,389515,666,2484410,4661,2873925,5327,39,6288,282,7521,582,448556,18,14729,7624,"East TN",2455501,193.443211792624,0.132136528237923,216.941471414591,36.7745726839452,306.291872819437,13.2136528237923
2021-12-03,463384,1019,355306,736,108078,283,390297,782,2489388,4978,2879685,5760,21,6309,520,8041,478,449034,24,14753,7636,"East TN",2455501,225.575147393546,0.133196858849587,234.57534735274,41.4986595403545,327.468813899892,13.3196858849587
2021-12-04,463807,423,355639,333,108168,90,390678,381,2492140,2752,2882818,3133,3,6312,17,8058,403,449437,29,14782,7648,"East TN",2455501,231.235906643899,0.131780451708384,127.591070009745,17.2266270712168,328.161136973677,13.1780451708384
2021-12-05,464192,385,355855,216,108337,169,390909,231,2494072,1932,2884981,2163,12,6324,-31,8027,404,449841,15,14797,7656,"East TN",2455501,234.127373599115,0.1304016752332,88.087929917357,15.6790813768758,326.898665486188,13.04016752332
2021-12-06,465147,955,356500,645,108647,310,391600,691,2498256,4184,2889856,4875,69,6393,131,8158,755,450596,32,14829,7670,"East TN",2455501,228.303714801989,0.130609489520381,198.533822629272,38.8922667919907,332.233625642995,13.0609489520381
2021-12-07,465989,842,357034,534,108955,308,392141,541,2501733,3477,2893874,4018,8,6401,216,8374,618,451214,25,14854,7675,"East TN",2455501,228.466614348762,0.131151212644781,163.632594733213,34.2903545956609,341.030201168723,13.1151212644781
2021-12-08,467037,1048,357671,637,109366,411,392798,657,2506349,4616,2899147,5273,4,6405,447,8821,597,451811,29,14883,7691,"East TN",2455501,227.041243314501,0.129267733804707,214.742327533159,42.6796812544568,359.234225520576,12.9267733804707
2021-12-09,467955,918,358289,618,109666,300,393464,666,2511326,4977,2904790,5643,19,6424,521,9342,378,452189,30,14913,7705,"East TN",2455501,227.652116614899,0.12794427344889,229.810535609637,37.3854459843429,380.451891487725,12.794427344889
2021-12-10,468750,795,358837,548,109913,247,394065,601,2515836,4510,2909901,5111,5,6429,161,9503,629,452818,22,14935,7719,"East TN",2455501,218.529741995625,0.124702144559174,208.144895888863,32.3762849210813,387.008598245328,12.4702144559174
2021-12-11,469147,397,359123,286,110024,111,394390,325,2518758,2922,2913148,3247,0,6429,-176,9327,573,453391,19,14954,7728,"East TN",2455501,217.470894941603,0.122387075502803,132.233707092768,16.167780017194,379.841018187327,12.2387075502803
2021-12-12,469578,431,359386,263,110192,168,394684,294,2521277,2519,2915961,2813,9,6438,-139,9188,561,453952,18,14972,7735,"East TN",2455501,219.344239729489,0.121852808263396,114.559106267927,17.5524261647623,374.180258936975,12.1852808263396
2021-12-13,470460,882,359960,574,110500,308,395287,603,2525879,4602,2921166,5205,23,6461,-174,9014,1033,454985,24,14996,7744,"East TN",2455501,216.371323000887,0.11775790482274,211.973035238023,35.9193500633883,367.094128652361,11.775790482274
2021-12-14,471216,756,360416,456,110800,300,395770,483,2529902,4023,2925672,4506,36,6497,-131,8883,851,455836,21,15017,7752,"East TN",2455501,212.868982745273,0.114126674633625,183.506339439487,30.7880143400471,361.759168495553,11.4126674633625
2021-12-15,472088,872,361005,589,111083,283,396399,629,2534706,4804,2931105,5433,19,6516,-8,8875,861,456697,22,15039,7767,"East TN",2455501,205.701402687272,0.112679141373052,221.258309404069,35.5121011964564,361.433369402008,11.2679141373052
2021-12-16,472883,795,361515,510,111368,285,396944,545,2538526,3820,2935470,4365,19,6535,14,8889,762,457459,22,15061,7783,"East TN",2455501,200.692241624011,0.113428943937419,177.764130415748,32.3762849210813,362.003517815713,11.3428943937419
2021-12-17,473695,812,362052,537,111643,275,397529,585,2543194,4668,2940723,5253,24,6559,40,8929,748,458207,33,15094,7797,"East TN",2455501,201.384564697795,0.112387255856207,213.927829799296,33.0686079948654,363.63251328344,11.2387255856207
2021-12-18,474267,572,362433,381,111834,191,397955,426,2546539,3345,2944494,3771,0,6559,20,8949,552,458759,28,15122,7810,"East TN",2455501,208.511419869102,0.113730619536783,153.573547719997,23.2946351885012,364.447011017304,11.3730619536783
2021-12-19,474688,421,362714,281,111974,140,398266,311,2549202,2663,2947468,2974,6,6565,-192,8757,607,459366,16,15138,7819,"East TN",2455501,208.10417100217,0.113689021487289,121.115813025529,17.1451772978305,356.627832772212,11.3689021487289
2021-12-20,475622,934,363337,623,112285,311,398903,637,2553164,3962,2952067,4599,40,6605,15,8772,879,460245,30,15168,7830,"East TN",2455501,210.221865110216,0.117018866703343,187.293753901953,38.0370441714339,357.23870607261,11.7018866703343
2021-12-21,476633,1011,363994,657,112639,354,399572,669,2557547,4383,2957119,5052,30,6635,167,8939,814,461059,28,15196,7840,"East TN",2455501,220.606711216978,0.120901834833211,205.742127573966,41.172860446809,364.039762150372,12.0901834833211
2021-12-22,478120,1487,364722,728,113398,759,400320,748,2561887,4340,2962207,5088,856,7491,-133,8806,764,461823,34,15230,7856,"East TN",2455501,245.652516533286,0.12606906308276,207.20822349492,60.5579065127646,358.623352220178,12.606906308276
2021-12-23,479287,1167,365527,805,113760,362,401183,863,2566373,4486,2967556,5349,28,7519,373,9179,766,462589,27,15257,7873,"East TN",2455501,260.80217438315,0.132113694446176,217.837418921841,47.5259427709457,373.813734956736,13.2113694446176
2021-12-24,480227,940,366176,649,114051,291,401891,708,2570210,3837,2972101,4545,0,7519,257,9436,683,463272,13,15270,7895,"East TN",2455501,266.014959879878,0.139014596213908,185.094610020521,38.281393491593,384.280030836884,13.9014596213908
2021-12-25,480708,481,366460,284,114248,197,402224,333,2572329,2119,2974553,2452,8,7527,-71,9365,544,463816,15,15285,7903,"East TN",2455501,262.308995190798,0.142020692637812,99.8574221716871,19.5886704994215,381.388563881668,14.2020692637812
2021-12-26,481051,343,366736,276,114315,67,402544,320,2574204,1875,2976748,2195,62,7589,-262,9103,543,464359,16,15301,7920,"East TN",2455501,259.13245402873,0.146106557377049,89.3911262915389,13.9686361357621,370.718643568054,14.6106557377049
2021-12-27,482931,1880,367997,1261,114934,619,403855,1311,2578958,4754,2982813,6065,64,7653,944,10047,872,465231,29,15330,7937,"East TN",2455501,297.658196840482,0.161061601509139,246.996437794161,76.5627869831859,409.16293660642,16.1061601509139
2021-12-28,485360,2429,369440,1443,115920,986,405342,1487,2583337,4379,2988679,5866,18,7671,1634,11681,777,466008,22,15352,7949,"East TN",2455501,355.406086171417,0.182826362484157,238.892185342217,98.9207497777439,475.707401463082,18.2826362484157
2021-12-29,488252,2892,371368,1928,116884,964,407345,2003,2588626,5289,2995971,7292,37,7708,2099,13780,756,466764,27,15379,7964,"East TN",2455501,412.62455197534,0.208061841014098,296.965873766698,117.776372316688,561.188938632076,20.8061841014098
2021-12-30,491079,2827,373152,1784,117927,1043,409168,1823,2593089,4463,3002257,6286,14,7722,2084,15864,729,467493,30,15409,7979,"East TN",2455501,480.227863886026,0.230108642402236,255.996637753355,115.129254681631,646.059602500671,23.0108642402236
2021-12-31,493597,2518,374962,1810,118635,708,411110,1942,2597922,4833,3009032,6775,0,7722,1784,17648,734,468227,21,15430,7998,"East TN",2455501,544.49173508787,0.249627684059462,275.911107346322,102.545264693437,718.712800361311,24.9627684059462
2022-01-01,495054,1457,376188,1226,118866,231,412448,1338,2601572,3650,3014020,4988,0,7722,901,18549,556,468783,28,15458,8006,"East TN",2455501,584.239224500418,0.259051866115996,203.135734825602,59.3361599119691,755.40592327187,25.9051866115996
2022-01-02,496518,1464,377149,961,119369,503,413671,1223,2604588,3016,3018259,4239,6,7728,817,19366,641,469424,23,15481,8026,"East TN",2455501,629.891822483477,0.268049432680494,172.632794692407,59.6212341188214,788.678155700201,26.8049432680494
2022-01-03,499418,2900,379333,2184,120085,716,415897,2226,2608759,4171,3024656,6397,33,7761,1895,21261,972,470396,29,15510,8040,"East TN",2455501,671.431206910525,0.287790072413546,260.517100176298,118.102171410234,865.851815983785,28.7790072413546
2022-01-04,503591,4173,381772,2439,121819,1734,418282,2385,2613996,5237,3032278,7622,14,7775,3082,24343,1077,471473,35,15545,8058,"East TN",2455501,742.455409303437,0.296795798068763,310.405086375448,169.944952170657,991.365916772178,29.6795798068763
2022-01-05,508523,4932,385178,3406,123345,1526,421779,3497,2619230,5234,3041009,8731,15,7790,3729,28072,1188,472661,40,15585,8083,"East TN",2455501,825.534178157533,0.320484923842089,355.568985718189,200.855141170783,1143.22901925106,32.0484923842089
2022-01-06,513695,5172,388647,3469,125048,1703,425426,3647,2624842,5612,3050268,9259,11,7801,3922,31994,1239,473900,34,15619,8103,"East TN",2455501,921.034037453049,0.338630730457603,377.071725892191,210.629113977148,1302.95202486173,33.8630730457603
2022-01-07,518072,4377,391870,3223,126202,1154,428698,3272,2629526,4684,3058224,7956,12,7813,3534,35528,831,474731,30,15649,8125,"East TN",2455501,996.741601815678,0.357537811026183,324.007198530972,178.252829056066,1446.87377443544,35.7537811026183
2022-01-08,521221,3149,394296,2426,126925,723,431302,2604,2634288,4762,3065590,7366,1,7814,2764,38292,384,475115,33,15682,8144,"East TN",2455501,1065.64811010055,0.365600155128951,299.979515381993,128.242668196836,1559.4373612554,36.5600155128951
2022-01-09,524718,3497,396972,2676,127746,821,434191,2889,2639290,5002,3073481,7891,15,7829,2108,40400,1374,476489,29,15711,8162,"East TN",2455501,1148.44180474779,0.371591032559487,321.360080895915,142.414928766064,1645.28542240463,37.1591032559487
2022-01-10,529365,4647,400041,3069,129324,1578,437433,3242,2644069,4779,3081502,8021,29,7858,1652,42052,2966,479455,47,15758,8195,"East TN",2455501,1219.58818180078,0.378848115962425,326.654316166029,189.248548463226,1712.56293522177,37.8848115962425
2022-01-11,534975,5610,404081,4040,130894,1570,441567,4134,2649258,5189,3090825,9323,30,7888,2117,44169,3463,482918,41,15799,8218,"East TN",2455501,1278.10984397889,0.39771465660068,379.678118640554,228.466614348762,1798.77752035124,39.771465660068
2022-01-12,540656,5681,408058,3977,132598,1704,445726,4159,2654028,4770,3099754,8929,16,7904,2286,46455,3379,486297,24,15823,8239,"East TN",2455501,1308.61278411208,0.407643203676909,363.63251328344,231.358081303978,1891.87461133186,40.7643203676909
2022-01-13,547985,7329,413305,5247,134680,2082,451202,5476,2660955,6927,3112157,12403,65,7969,3684,50139,3580,489877,41,15864,8255,"East TN",2455501,1396.45636470928,0.416487582607572,505.110769655561,298.472694574346,2041.90509390955,41.6487582607572
2022-01-14,554498,6513,418088,4783,136410,1730,456126,4924,2666835,5880,3122961,10804,69,8038,4440,54579,2004,491881,25,15889,8287,"East TN",2455501,1483.44472268592,0.423683519471091,439.99167583316,265.241187032707,2222.72359082729,42.3683519471091
2022-01-15,559050,4552,421484,3396,137566,1156,459737,3611,2671924,5089,3131661,8700,10,8048,3284,57863,1258,493139,25,15914,8300,"East TN",2455501,1540.58173871646,0.430370359159086,354.306514230701,185.379684227374,2356.46411872771,43.0370359159086
2022-01-16,562915,3865,424811,3327,138104,538,463233,3496,2676572,4648,3139805,8144,7,8055,1511,59374,2347,495486,23,15937,8318,"East TN",2455501,1555.56849701955,0.437880706833122,331.66347722929,157.401687069156,2417.99942252111,43.7880706833122
2022-01-17,567544,4629,428139,3328,139405,1301,466699,3466,2681307,4735,3148006,8201,15,8070,-467,58907,5081,500567,29,15966,8340,"East TN",2455501,1554.83544905907,0.440063755563575,333.984795770802,188.515500502749,2398.98090043539,44.0063755563575
2022-01-18,573502,5958,431813,3674,141689,2284,470435,3736,2684768,3461,3155203,7197,49,8119,-23,58884,5932,506499,29,15995,8369,"East TN",2455501,1569.0077096283,0.448414054490665,293.097009530845,242.63887491799,2398.04422804145,44.8414054490664
2022-01-19,581809,8307,437819,6006,143990,2301,476608,6173,2690616,5848,3167224,12021,22,8141,2682,61566,5603,512102,26,16021,8400,"East TN",2455501,1675.9512620846,0.457714539795465,489.553862938765,338.301633760279,2507.26837415257,45.7714539795465
2022-01-20,590094,8285,443875,6056,146219,2229,482875,6267,2696333,5717,3179208,11984,44,8185,3740,65306,4501,516603,29,16050,8433,"East TN",2455501,1714.88425376328,0.472371776707283,488.047042131117,337.405686253029,2659.57945038507,47.2371776707283
2022-01-21,597401,7307,449485,5610,147916,1697,488757,5882,2702056,5723,3190813,11605,53,8238,3150,68456,4104,520707,24,16074,8462,"East TN",2455501,1747.21981379767,0.480914342981784,472.6123100744,297.576747067095,2787.8628434686,48.0914342981784
2022-01-22,603409,6008,454354,4869,149055,1139,493919,5162,2708143,6087,3202062,11249,0,8238,2894,71350,3114,523821,38,16112,8489,"East TN",2455501,1806.51524882295,0.485532875953467,458.114250411627,244.675119252649,2905.72066555868,48.5532875953467
2022-01-23,607011,3602,457331,2977,149680,625,497063,3144,2711413,3270,3208476,6414,6,8244,525,71875,3071,526892,21,16133,8521,"East TN",2455501,1795.80460362264,0.492638814055424,261.209423250082,146.691041868849,2927.1012310726,49.2638814055424
2022-01-24,613700,6689,462012,4681,151688,2008,502023,4960,2716793,5380,3218816,10340,37,8281,-655,71220,7307,534199,37,16170,8555,"East TN",2455501,1879.6978702106,0.498856093772066,421.095328407523,272.408767090708,2900.42643028856,49.8856093772066
2022-01-25,619407,5707,466084,4072,153323,1635,506285,4262,2721448,4655,3227733,8917,30,8311,-1564,69656,7241,541440,26,16196,8584,"East TN",2455501,1869.47592365061,0.494278229698056,363.143814643122,232.416928358001,2836.73270750042,49.4278229698056
2022-01-26,625211,5804,470508,4424,154703,1380,510961,4676,2726342,4894,3237303,9570,27,8338,-1770,67886,7547,548987,27,16223,8615,"East TN",2455501,1767.54153225757,0.490203912727065,389.737165653771,236.36724236724,2764.64965805349,49.0203912727065
2022-01-27,632470,7259,476275,5767,156195,1492,517104,6143,2733496,7154,3250600,13297,29,8367,-350,67536,7580,556567,42,16265,8654,"East TN",2455501,1725.75779851037,0.479451479157329,541.518818359268,295.621952505823,2750.39594771087,47.9451479157329
2022-01-28,637435,4965,479978,3703,157457,1262,521034,3930,2738335,4839,3259369,8769,38,8405,-2445,65091,7372,563939,33,16298,8687,"East TN",2455501,1630.38011387493,0.470812182741117,357.11653141253,202.199062431659,2650.82359974604,47.0812182741117
2022-01-29,641502,4067,483251,3273,158251,794,524580,3546,2743767,5432,3268347,8978,5,8410,230,65321,3832,567771,25,16323,8720,"East TN",2455501,1551.33310880346,0.462563174172135,365.628032731406,165.628114181179,2660.19032368547,46.2563174172136
2022-01-30,643572,2070,484759,1508,158813,562,526174,1594,2746246,2479,3272420,4073,17,8427,-1111,64210,3164,570935,17,16340,8757,"East TN",2455501,1488.9425823895,0.455257725509821,165.872463501338,84.3005154548909,2614.94497456934,45.5257725509821
2022-01-31,647480,3908,487219,2460,160261,1448,528741,2567,2749179,2933,3277920,5500,68,8495,-3044,61166,6884,577819,32,16372,8790,"East TN",2455501,1375.68667249576,0.452050622631294,223.986876812512,159.152857196963,2490.97841947529,45.2050622631294
2022-02-01,652455,4975,490743,3524,161712,1451,532647,3906,2754438,5259,3287085,9165,28,8523,-5049,56117,9996,587815,30,16402,8819,"East TN",2455501,1345.87605543634,0.444163633912926,373.243586543031,202.60631129859,2285.35846656141,44.4163633912926
2022-02-02,657176,4721,494255,3512,162921,1209,536400,3753,2759339,4901,3295739,8654,21,8544,-5061,51056,9761,597576,32,16434,8853,"East TN",2455501,1301.77100314763,0.435330960366897,352.433169442814,192.262190078522,2079.2498150072,43.5330960366897
2022-02-03,666116,8940,496930,2675,169186,6265,539224,2824,2763692,4353,3302916,7177,26,8570,406,51462,8508,606084,26,16460,8874,"East TN",2455501,1370.22953767887,0.422815199938833,292.282511796982,364.080487037065,2095.78411900463,42.2815199938833
2022-02-04,669656,3540,499450,2520,170206,1020,541969,2745,2768283,4591,3310252,7336,12,8582,-2953,48509,6481,612565,18,16478,8897,"East TN",2455501,1312.19657414108,0.411434074248767,298.757768781198,144.166098893871,1975.52352859966,41.1434074248767
2022-02-05,671334,1678,500636,1186,170698,492,543302,1333,2770908,2625,3314210,3958,3,8585,-1793,46716,3468,616033,15,16493,8931,"East TN",2455501,1214.90481983106,0.408215773063254,161.189101531622,68.3363598711627,1902.50380675878,40.8215773063254
2022-02-06,672639,1305,501580,944,171059,361,544387,1085,2773560,2652,3317947,3737,1,8586,-1957,44759,3261,619294,22,16515,8950,"East TN",2455501,1183.75028151078,0.400048322973181,152.188901572429,53.1459771346051,1822.80520350022,40.0048322973181
2022-02-07,675448,2809,503412,1832,172036,977,546359,1972,2776446,2886,3322805,4858,50,8636,-5653,39106,8412,627706,29,16544,8971,"East TN",2455501,1138.99363103497,0.392514202963128,197.841499555488,114.396206721154,1592.58741902365,39.2514202963128
2022-02-08,678118,2670,505121,1709,172997,961,548247,1888,2779113,2667,3327360,4555,21,8657,-4767,34339,7416,635122,28,16572,8993,"East TN",2455501,1045.12276720718,0.387337057728119,185.501858887453,108.735447470801,1398.45188415725,38.7337057728119
2022-02-09,681031,2913,507203,2082,173828,831,550558,2311,2782784,3671,3333342,5982,26,8683,-3075,31264,5962,641084,16,16588,9013,"East TN",2455501,971.492172065904,0.376512512299551,243.616272198627,118.631594937245,1273.2228575757,37.6512512299551
2022-02-10,683542,2511,508986,1783,174556,728,552529,1971,2785993,3209,3338522,5180,28,8711,-2915,28349,5398,646482,25,16613,9033,"East TN",2455501,709.671875515424,0.373672976464641,210.954913070693,102.260190486585,1154.50981286507,37.3672976464641
2022-02-11,685845,2303,510714,1728,175131,575,554429,1900,2789357,3364,3343786,5264,31,8742,-1990,26359,4262,650744,29,16642,9049,"East TN",2455501,659.295190675956,0.371563189598616,214.375803552921,93.7894140544027,1073.46728834564,37.1563189598616
2022-02-12,686778,933,511399,685,175379,248,555209,780,2791859,2502,3347068,3282,3,8745,-1259,25100,2189,652933,14,16656,9070,"East TN",2455501,628.955150089534,0.362377503195569,133.65907812703,37.9963192847407,1022.19465599892,36.2377503195569
2022-02-13,687353,575,511814,415,175539,160,555692,483,2793261,1402,3348953,1885,35,8780,-1510,23590,2050,654983,8,16664,9080,"East TN",2455501,599.225982803509,0.364606850287041,76.7664114166518,23.4168098485808,960.70007709221,36.4606850287041
2022-02-14,689598,2245,513247,1433,176351,812,557311,1619,2796268,3007,3353579,4626,146,8926,-2777,20813,4876,659859,19,16683,9097,"East TN",2455501,576.257146708554,0.355884837850133,188.393325842669,91.4273706261981,847.607066745239,35.5884837850133
2022-02-15,691494,1896,514645,1398,176849,498,558844,1533,2799133,2865,3357977,4398,37,8963,-2288,18525,4147,664006,21,16704,9113,"East TN",2455501,544.736084408029,0.346114903484992,179.108051676623,77.2143851702769,754.428525991234,34.6114903484992
2022-02-16,693261,1767,515879,1234,177382,533,560217,1373,2802340,3207,3362557,4580,14,8977,-1703,16822,3456,667462,16,16720,9126,"East TN",2455501,498.06536425764,0.330617833304809,186.519981054783,71.9608747868561,685.074043952741,33.0617833304809
2022-02-17,695060,1799,517159,1280,177901,519,561623,1406,2805863,3523,3367486,4929,13,8990,-1372,15450,3158,670620,17,16737,9138,"East TN",2455501,469.069244932093,0.313975970169866,200.732966510704,73.264071161038,629.199499409693,31.3975970169866
2022-02-18,696241,1181,517884,725,178357,456,562460,837,2808828,2965,3371288,3802,8,8998,-1210,14240,2383,673003,6,16743,9157,"East TN",2455501,423.375922062341,0.292015126172642,154.836019207486,48.0960911846503,579.92238651094,29.2015126172642
2022-02-19,696779,538,518228,344,178551,194,562871,411,2810930,2102,3373801,2513,1,8999,-736,13504,1273,674276,8,16751,9176,"East TN",2455501,407.289591818533,0.286612052519358,102.341640259971,21.909989040933,549.948869904757,28.6612052519358
2022-02-20,697148,369,518461,233,178687,136,563143,272,2812366,1436,3375509,1708,8,9007,-935,12569,1296,675572,3,16754,9187,"East TN",2455501,398.900265159737,0.280576894110559,69.5581064719583,15.0274831897849,511.87110084663,28.0576894110559
2022-02-21,697879,731,518871,410,179008,321,563589,446,2813917,1551,3377506,1997,7,9014,-2038,10531,2762,678334,7,16761,9196,"East TN",2455501,337.242786706257,0.262381410122456,81.3275987262884,29.7698921727175,428.873781765921,26.2381410122456
2022-02-22,699054,1175,519522,651,179532,524,564318,729,2816268,2351,3380586,3080,44,9058,-967,9564,2098,680432,15,16776,9205,"East TN",2455501,307.880143400471,0.242115971515768,125.432651015007,47.8517418644912,389.492816333612,24.2115971515768
2022-02-23,699924,870,519993,471,179931,399,564851,533,2818865,2597,3383716,3130,80,9138,-959,8605,1749,682181,4,16780,9222,"East TN",2455501,271.349920036685,0.219008459757077,127.468895349666,35.4306514230701,350.437649994848,21.9008459757077
2022-02-24,700785,861,520483,490,180302,371,565419,568,2821367,2502,3386786,3070,50,9188,-794,7811,1605,683786,6,16786,9231,"East TN",2455501,233.149976318478,0.196683937823834,125.025402148075,35.0641274428314,318.10208996046,19.6683937823834
2022-02-25,701553,768,520938,455,180615,313,565927,508,2823744,2377,3389671,2885,5,9193,-485,7326,1248,685034,12,16798,9239,"East TN",2455501,216.330598114193,0.188598161344721,117.491298109836,31.2767129803653,298.350519914266,18.8598161344721
2022-02-26,701810,257,521120,182,180690,75,566145,218,2825481,1737,3391626,1955,0,9193,-399,6927,656,685690,2,16800,9246,"East TN",2455501,204.886904953409,0.18367461430575,79.6171534851747,10.4662958801483,282.101290123686,18.367461430575
2022-02-27,701833,23,521142,22,180691,1,566175,30,2825836,355,3392011,385,4,9197,-593,6334,612,686302,2,16802,9254,"East TN",2455501,190.796094157567,0.183735304811538,15.6790813768758,0.936672393943232,257.951432314627,18.3735304811538
2022-02-28,702702,869,521601,459,181101,410,566690,515,2828525,2689,3395215,3204,27,9224,-462,5872,1304,687606,10,16812,9264,"East TN",2455501,196.416128521226,0.17510870179005,130.482536964962,35.3899265363769,239.136534662376,17.510870179005
2022-03-01,703472,770,521965,364,181507,406,567095,405,2830744,2219,3397839,2624,29,9253,-343,5529,1084,688690,11,16823,9268,"East TN",2455501,179.922549410487,0.160957514635136,106.862102682915,31.3581627537517,225.167898526614,16.0957514635136
2022-03-02,703939,467,522236,271,181703,196,567406,311,2833057,2313,3400463,2624,8,9261,-362,5167,821,689511,5,16828,9279,"East TN",2455501,163.510420073134,0.152564638442706,106.862102682915,19.0185220857169,210.425489543682,15.2564638442706
2022-03-03,704307,368,522420,184,181887,184,567625,219,2835013,1956,3402638,2175,15,9276,-489,4678,842,690353,9,16837,9284,"East TN",2455501,143.433050933394,0.139162250820086,88.5766285576752,14.9867583030917,190.511019950715,13.9162250820086
2022-03-04,704646,339,522633,213,182013,126,567887,262,2837256,2243,3405143,2505,10,9286,-298,4380,627,690980,5,16842,9285,"East TN",2455501,125.962074542018,0.126680455015512,102.015841166426,13.8057365889894,178.375003716146,12.6680455015512
2022-03-05,704789,143,522736,103,182053,40,568001,114,2838968,1712,3406969,1826,0,9286,-198,4182,341,691321,0,16842,9285,"East TN",2455501,121.319437458995,0.120967216320146,74.363643101754,5.82365879712531,170.311476150895,12.0967216320146
