"DATE","TOTAL_CASES","NEW_CASES","TOTAL_CONFIRMED","NEW_CONFIRMED","TOTAL_PROBABLE","NEW_PROBABLE","POS_TESTS","NEW_POS_TESTS","NEG_TESTS","NEW_NEG_TESTS","TOTAL_TESTS","NEW_TESTS","NEW_DEATHS","TOTAL_DEATHS","ACTIVE_CHANGE","TOTAL_ACTIVE","NEW_INACTIVE_RECOVERED","TOTAL_INACTIVE_RECOVERED","NEW_HOSPITALIZED","TOTAL_HOSPITALIZED","TOTAL_DEATHS_BY_DOD","Region","Population","New_cases_per_100k_per_week","PositivityRate_per_week","Tests_per_100k","New_cases_per_100k","Active_cases_per_100k","PositivityPercentage_per_week"
2022-02-19,125673,89,97415,53,28258,36,105286,67,537466,322,642752,389,0,1257,-176,2706,265,121710,0,2620,1257,"Knox County",470313,NA,NA,82.7108755233217,18.9235679217883,575.361514565832,NA
2022-02-18,125584,138,97362,91,28222,47,105219,112,537144,498,642363,610,0,1257,-266,2882,404,121445,0,2620,1257,"Knox County",470313,NA,NA,129.700858789785,29.3421614967054,612.783401692065,NA
2022-02-17,125446,294,97271,230,28175,64,105107,275,536646,1208,641753,1483,1,1257,-226,3148,519,121041,1,2620,1257,"Knox County",470313,NA,NA,315.321923910247,62.5115614495028,669.341481098758,NA
2022-02-16,125152,224,97041,141,28111,83,104832,159,535438,546,640270,705,3,1256,-382,3374,603,120522,2,2619,1257,"Knox County",470313,NA,NA,149.900172863604,47.6278563424783,717.39458615858,NA
2022-02-15,124928,273,96900,213,28028,60,104673,240,534892,592,639565,832,5,1253,-468,3756,736,119919,4,2617,1255,"Knox County",470313,NA,NA,176.903466414919,58.0464499173954,798.617091171199,NA
2022-02-14,124655,341,96687,201,27968,140,104433,245,534300,602,638733,847,19,1248,-443,4224,765,119183,5,2613,1252,"Knox County",470313,NA,NA,180.092831794996,72.5049063070764,898.125291029591,NA
2022-02-13,124314,120,96486,100,27828,20,104188,116,533698,283,637886,399,1,1229,-274,4667,393,118418,1,2608,1252,"Knox County",470313,314.47142647556,0.230579297245964,84.8371191100395,25.5149230406134,992.317881921189,23.0579297245964
2022-02-12,124194,154,96386,109,27808,45,104072,127,533415,414,637487,541,0,1228,-272,4941,426,118025,1,2607,1251,"Knox County",470313,328.292009789225,0.23518552704449,115.029778041432,32.7441512354538,1050.57695619726,23.518552704449
2022-02-11,124040,341,96277,250,27763,91,103945,279,533001,631,636946,910,3,1228,-399,5213,737,117599,7,2606,1246,"Knox County",470313,371.454754599596,0.252055273744971,193.488166391318,72.5049063070764,1108.41078175598,25.2055273744971
2022-02-10,123699,425,96027,274,27672,151,103666,302,532370,555,636036,857,7,1225,-429,5612,847,116862,10,2599,1244,"Knox County",470313,399.308545585599,0.288351993714398,182.219075381714,90.3653524355057,1193.24790086602,28.8351993714398
2022-02-09,123274,438,95753,308,27521,130,103364,367,531815,606,635179,973,8,1218,-697,6041,1127,116015,3,2589,1242,"Knox County",470313,444.81015834136,0.3127449150961,206.88350098764,93.1294690982388,1284.46375073621,31.27449150961
2022-02-08,122836,457,95445,332,27391,125,102997,389,531209,462,634206,851,6,1210,-832,6738,1283,114888,7,2586,1239,"Knox County",470313,483.933040336967,0.33934548159167,180.943329229683,97.1693319130026,1432.66292873044,33.934548159167
2022-02-07,122379,589,95113,410,27266,179,102608,441,530747,625,633355,1066,10,1204,-732,7570,1311,113605,11,2579,1232,"Knox County",470313,536.663881287568,0.361086296230123,226.657566344116,125.235747257677,1609.56639514536,36.1086296230123
2022-02-06,121790,253,94703,185,27087,68,102167,215,530122,435,632289,650,0,1194,-367,8302,620,112294,14,2568,1227,"Knox County",470313,564.942920990915,0.362517099863201,138.205833136656,53.7939627439599,1765.2074256931,36.2517099863201
2022-02-05,121537,271,94518,194,27019,77,101952,220,529687,496,631639,716,0,1194,-381,8669,652,111674,5,2554,1224,"Knox County",470313,589.819970955513,0.367424871326581,152.239040808993,57.6212012000519,1843.24056532564,36.7424871326581
2022-02-04,121266,651,94324,511,26942,140,101732,578,529191,963,630923,1541,3,1194,-499,9050,1147,111022,2,2549,1214,"Knox County",470313,655.733522143764,0.377517282837391,327.65413671321,138.418457495328,1924.25044597959,37.7517282837391
2022-02-03,120615,1643,93813,500,26802,1143,101154,505,528228,741,629382,1246,1,1191,124,9549,1518,109875,12,2547,1214,"Knox County",470313,914.70999100599,0.385489138151356,264.929950905036,349.341821297731,2030.35000095681,38.5489138151356
2022-02-02,118972,719,93313,538,25659,181,100649,600,527487,904,628136,1504,7,1190,-1035,9425,1747,108357,5,2535,1213,"Knox County",470313,974.457435792759,0.389226300501716,319.787035442354,152.876913885008,2003.98458048151,38.9226300501716
2022-02-01,118253,937,92775,739,25478,198,100049,834,526583,1139,626632,1973,5,1183,-956,10460,1888,106610,10,2530,1207,"Knox County",470313,1076.51712795521,0.390179392824287,419.507859659418,199.229024075456,2224.0507917068,39.0179392824287
2022-01-31,117316,712,92036,514,25280,198,99215,519,525444,605,624659,1124,11,1178,-671,11416,1372,104722,12,2520,1199,"Knox County",470313,1102.66992407184,0.396504455106237,238.989779147079,151.388543374306,2427.31967859702,39.6504455106237
2022-01-30,116604,389,91522,318,25082,71,98696,336,524839,570,623535,906,1,1167,-241,12087,629,103350,7,2508,1197,"Knox County",470313,1131.5868368512,0.398668146503885,192.637668956631,82.7108755233217,2569.99062326578,39.8668146503885
2022-01-29,116215,679,91204,590,25011,89,98360,646,524269,912,622629,1558,0,1166,-48,12328,727,102721,5,2501,1192,"Knox County",470313,1218.33757518929,0.407835972391393,331.26875081063,144.371939538137,2621.23309370568,40.7835972391393
2022-01-28,115536,938,90614,775,24922,163,97714,834,523357,1040,621071,1874,3,1166,-385,12376,1320,101994,14,2496,1189,"Knox County",470313,1279.36076612809,0.419636720667649,398.458048150912,199.441648434128,2631.43906292193,41.9636720667649
2022-01-27,114598,1435,89839,1202,24759,233,96880,1276,522317,1472,619197,2748,7,1163,83,12761,1345,100674,12,2482,1183,"Knox County",470313,1235.13489952436,0.431676221442629,584.291737630046,305.115954694002,2713.29944101056,43.1676221442629
2022-01-26,113163,999,88637,806,24526,193,95604,854,520845,965,616449,1819,4,1156,-608,12678,1603,99329,4,2470,1175,"Knox County",470313,1294.66971995246,0.441509748375271,386.763708423964,212.411734313106,2695.6516192408,44.1509748375271
2022-01-25,112164,1025,87831,768,24333,257,94750,803,519880,931,614630,1734,7,1152,-417,13286,1435,97726,9,2466,1169,"Knox County",470313,1313.38066351557,0.44784493751594,368.690637936863,217.939967638573,2824.92722931324,44.784493751594
2022-01-24,111139,1321,87063,1082,24076,239,93947,1158,518949,1550,612896,2708,13,1145,-237,13703,1545,96291,13,2457,1163,"Knox County",470313,1442.86889794669,0.44257136435154,575.786763283175,280.876777805419,2913.59158687938,44.257136435154
2022-01-23,109818,769,85981,680,23837,89,92789,709,517399,818,610188,1527,0,1132,124,13940,645,94746,7,2444,1158,"Knox County",470313,1523.66615424196,0.449599083619702,324.677395691805,163.508131818597,2963.98355988459,44.9599083619702
2022-01-22,109049,903,85301,739,23748,164,92080,770,516581,1056,608661,1826,0,1132,189,13816,714,94101,12,2437,1148,"Knox County",470313,1571.29401058444,0.449845462208486,388.252078934667,191.999795880616,2937.61813940929,44.9845462208486
2022-01-21,108146,1517,84562,1230,23584,287,91310,1292,515525,1348,606835,2640,1,1132,577,13627,939,93387,6,2425,1145,"Knox County",470313,1694.4035142554,0.457405679242768,561.328306893494,322.551152105087,2897.43213562032,45.7405679242768
2022-01-20,106629,1410,83332,1171,23297,239,90018,1217,514177,1152,604195,2369,11,1131,479,13050,920,92448,10,2419,1139,"Knox County",470313,1689.08790528861,0.465226013813855,503.707105693442,299.800345727207,2774.7478806667,46.5226013813855
2022-01-19,105219,1675,82161,1311,23058,364,88801,1344,513025,1331,601826,2675,4,1120,369,12571,1302,91528,5,2409,1137,"Knox County",470313,1832.82197175073,0.471154467342852,568.770159447007,356.145800775228,2672.90081286292,47.1154467342852
2022-01-18,103544,1045,80850,663,22694,382,87457,692,511694,686,599151,1378,6,1116,-304,12202,1343,90226,6,2404,1135,"Knox County",470313,1837.07445892416,0.474905772664154,292.99636624971,222.192454812008,2594.44242451304,47.4905772664154
2022-01-17,102499,1088,80187,856,22312,232,86765,900,511008,1279,597773,2179,7,1110,-100,12506,1181,88883,13,2398,1132,"Knox County",470313,1787.53298335364,0.474441551322461,463.308477545805,231.335302234895,2659.08022954926,47.4441551322461
2022-01-16,101411,773,79331,693,22080,80,85865,718,509729,1073,595594,1791,0,1103,279,12606,494,87702,7,2385,1129,"Knox County",470313,1788.38348078833,0.466617310539777,380.810226381155,164.358629253285,2680.34266541644,46.6617310539777
2022-01-15,100638,751,78638,598,22000,153,85147,627,508656,816,593803,1443,1,1103,491,12327,259,87208,11,2378,1125,"Knox County",470313,1756.06457827022,0.469084628670121,306.816949563376,159.680893362505,2621.02046934701,46.9084628670121
2022-01-14,99887,1314,78040,1059,21847,255,84520,1097,507840,1188,592360,2285,6,1102,848,11836,460,86949,9,2367,1123,"Knox County",470313,1712.90183345984,0.467067988668555,485.846659565013,279.388407294717,2516.62190923917,46.7067988668555
2022-01-13,98573,1406,76981,1059,21592,347,83423,1105,506652,1402,590075,2507,6,1096,642,10988,758,86489,11,2358,1118,"Knox County",470313,1712.05133602516,0.454692102679198,533.049267190148,298.94984829252,2336.3164530855,45.4692102679198
2022-01-12,97167,1167,75922,889,21245,278,82318,935,505250,1058,587568,1993,1,1090,456,10346,710,85731,3,2347,1112,"Knox County",470313,1604.03816181989,0.447407189157336,423.760346832854,248.132626569965,2199.81161481822,44.7407189157336
2022-01-11,96000,1366,75033,1061,20967,305,81383,1096,504192,1283,585575,2379,2,1089,737,9890,627,85021,10,2344,1112,"Knox County",470313,1672.29058095354,0.444398710297043,505.83334928016,290.444873945649,2102.85490726389,44.4398710297043
2022-01-10,94634,1002,73972,685,20662,317,80287,715,502909,812,583196,1527,3,1087,413,9153,586,84394,5,2334,1109,"Knox County",470313,1654.00488610776,0.451921005385996,324.677395691805,213.049607389122,1946.15075492279,45.1921005385996
2022-01-09,93632,740,73287,627,20345,113,79572,663,502097,1205,581669,1868,5,1084,462,8740,273,83808,2,2329,1108,"Knox County",470313,1646.98828227159,0.4455077846022,397.182301998882,157.342025417116,1858.33689479134,44.55077846022
2022-01-08,92892,624,72660,477,20232,147,78909,509,500892,912,579801,1421,0,1079,527,8278,97,83535,10,2327,1106,"Knox County",470313,1619.98498872028,0.437768240343348,302.139213672597,132.67759981119,1760.10444108498,43.7768240343348
2022-01-07,92268,966,72183,748,20085,218,78400,764,499980,1091,578380,1855,0,1079,807,7751,159,83438,7,2317,1102,"Knox County",470313,1545.9917119025,0.427084870848708,394.418185336148,205.395130476938,1648.05140406495,42.7084870848709
2022-01-06,91302,1170,71435,744,19867,426,77636,781,498889,1011,576525,1792,2,1079,957,6944,211,83279,7,2310,1102,"Knox County",470313,1495.81236325596,0.425633034670822,381.022850739826,248.77049964598,1476.46354661683,42.5633034670822
2022-01-05,90132,1215,70691,904,19441,311,76855,942,497878,1255,574733,2197,1,1077,995,5987,219,83068,8,2303,1098,"Knox County",470313,1506.0183324722,0.419510698673211,467.135716001897,258.33859578621,1272.98203536794,41.9510698673211
2022-01-04,88917,925,69787,578,19130,347,75913,567,496623,1040,572536,1607,0,1076,725,4992,200,82849,5,2295,1097,"Knox County",470313,1412.25099029795,0.402787967718269,341.687344385547,196.677531771395,1061.42079848952,40.2787967718269
2022-01-03,87992,715,69209,538,18783,177,75346,505,495583,820,570929,1325,6,1076,539,4267,170,82649,6,2290,1092,"Knox County",470313,1351.22779935915,0.392125984251968,281.727275240106,152.026416450321,907.268138452477,39.2125984251969
2022-01-02,87277,290,68671,206,18606,84,74841,265,494763,651,569604,916,3,1070,181,3728,106,82479,8,2284,1090,"Knox County",470313,1255.54683795685,0.389903716368217,194.763912543349,61.6610640148157,792.663609128389,38.9903716368217
2022-01-01,86987,265,68465,215,18522,50,74576,237,494112,767,568688,1004,0,1067,170,3547,95,82373,15,2276,1087,"Knox County",470313,1179.21469319368,0.379674644727001,213.474856106465,56.3454550480212,754.178600208797,37.9674644727001
2021-12-31,86722,591,68250,429,18472,162,74339,470,493345,1008,567684,1478,0,1067,485,3377,106,82278,5,2261,1087,"Knox County",470313,1099.48055869176,0.365054753367574,314.258802116888,125.660995975021,718.032459234595,36.5054753367574
2021-12-30,86131,582,67821,403,18310,179,73869,404,492337,918,566206,1322,2,1067,472,2892,108,82172,6,2256,1084,"Knox County",470313,974.457435792759,0.344197380444715,281.089402164091,123.747376746975,614.909645278782,34.4197380444715
2021-12-29,85549,631,67418,474,18131,157,73465,502,491419,1195,564884,1697,1,1065,506,2420,124,82064,5,2250,1082,"Knox County",470313,850.284810328441,0.315541769173174,360.823536666007,134.165970321892,514.550947985703,31.5541769173174
2021-12-28,84918,429,66944,262,17974,167,72963,283,490224,979,563187,1262,1,1064,304,1914,124,81940,4,2245,1080,"Knox County",470313,744.823128427239,0.296090626388272,268.331940643784,91.2158498701928,406.963022497783,29.6090626388272
2021-12-27,84489,314,66682,234,17807,80,72680,254,489245,905,561925,1159,2,1063,201,1610,111,81816,1,2241,1080,"Knox County",470313,659.560760599856,0.273251866938221,246.431631700591,66.7640486229383,342.325217461563,27.3251866938221
2021-12-26,84175,61,66448,49,17727,12,72426,60,488340,426,560766,486,7,1061,-35,1409,89,81705,1,2240,1079,"Knox County",470313,610.869782464019,0.262844909609895,103.335438314484,12.9700858789785,299.587721368535,26.2844909609895
2021-12-25,84114,85,66399,63,17715,22,72366,74,487914,489,560280,563,1,1054,6,1444,78,81616,1,2239,1079,"Knox County",470313,572.597397903099,0.256934856282164,119.707513932211,18.0730704871011,307.029573922048,25.6934856282164
2021-12-24,84029,174,66336,122,17693,52,72292,137,487425,848,559717,985,0,1053,92,1438,82,81538,2,2238,1079,"Knox County",470313,483.933040336967,0.229328338239229,209.434993291702,36.9966384088894,305.753827770017,22.9328338239229
2021-12-23,83855,218,66214,159,17641,59,72155,166,486577,960,558732,1126,5,1053,112,1346,101,81456,5,2236,1079,"Knox County",470313,406.53777378044,0.20280296784831,239.415027864422,46.3521101904476,286.192386772213,20.280296784831
2021-12-22,83637,177,66055,102,17582,75,71989,101,485617,814,557606,915,48,1048,14,1234,115,81355,11,2231,1078,"Knox County",470313,310.006314943453,0.16548645320197,194.551288184677,37.6345114849047,262.378458600974,16.548645320197
2021-12-21,83460,176,65953,123,17507,53,71888,119,484803,912,556691,1031,3,1000,70,1220,103,81240,6,2220,1076,"Knox County",470313,256.212352199493,0.145411013567438,219.215713790603,37.421887126233,259.401717579569,14.5411013567438
2021-12-20,83284,114,65830,80,17454,34,71769,84,483891,623,555660,707,1,997,-9,1150,122,81137,3,2214,1074,"Knox County",470313,213.687480465137,0.127472905556511,150.325421580947,24.2391768885827,244.518012472545,12.7472905556511
2021-12-19,83170,70,65750,50,17420,20,71685,58,483268,557,554953,615,3,996,-18,1159,85,81015,6,2211,1073,"Knox County",470313,215.601099693183,0.124368899360485,130.763980583144,14.8837051070245,246.431631700591,12.4368899360485
2021-12-18,83100,88,65700,56,17400,32,71627,65,482711,660,554338,725,0,993,13,1177,75,80930,3,2205,1072,"Knox County",470313,216.238972769198,0.11959370904325,154.152660037039,18.7109435631165,250.258870156683,11.959370904325
2021-12-17,83012,119,65644,77,17368,42,71562,83,482051,1034,553613,1117,2,993,6,1164,111,80855,6,2202,1070,"Knox County",470313,204.544633042251,0.108402822322001,237.501408636376,25.3022986819416,247.49475349395,10.8402822322001
2021-12-16,82893,139,65567,107,17326,32,71479,108,481017,661,552496,769,2,991,34,1158,103,80744,3,2196,1068,"Knox County",470313,187.74730870718,0.105119918353461,163.508131818597,29.5547858553772,246.219007341919,10.5119918353461
2021-12-15,82754,157,65460,113,17294,44,71371,125,480356,841,551727,966,0,989,33,1124,124,80641,5,2193,1066,"Knox County",470313,183.494821533745,0.108263069139966,205.395130476938,33.3820243114692,238.989779147079,10.8263069139966
2021-12-14,82597,97,65347,59,17250,38,71246,63,479515,811,550761,874,3,989,-54,1091,148,80517,3,2188,1063,"Knox County",470313,166.697497198674,0.101507015416594,185.833689479134,20.6245627911625,231.97317531091,10.1507015416594
2021-12-13,82500,111,65288,73,17212,38,71183,79,478704,627,549887,706,4,986,-50,1145,157,80369,3,2185,1060,"Knox County",470313,166.059624122659,0.100658350658351,150.112797222275,23.6013038125674,243.454890679186,10.0658350658351
2021-12-12,82389,54,65215,29,17174,25,71104,40,478077,493,549181,533,6,982,-38,1195,86,80212,5,2182,1060,"Knox County",470313,162.65763438391,0.0989455184534271,113.328783172058,11.481715368276,254.086108612775,9.89455184534271
2021-12-11,82335,65,65186,45,17149,20,71064,51,477584,541,548648,592,0,976,-21,1233,86,80126,1,2177,1059,"Knox County",470313,157.767274134459,0.0987943134784956,125.873620333693,13.8205833136656,262.165834242302,9.87943134784956
2021-12-10,82270,84,65141,48,17129,36,71013,57,477043,856,548056,913,0,976,-13,1254,97,80040,3,2176,1056,"Knox County",470313,150.325421580947,0.0977022230524939,194.126039467333,17.8604461284294,266.63094577441,9.77022230524939
2021-12-09,82186,164,65093,96,17093,68,70956,107,476187,1017,547143,1124,3,976,101,1267,60,79943,2,2173,1054,"Knox County",470313,155.641030547742,0.0914505956552207,238.989779147079,34.8703948221716,269.395062437143,9.14505956552208
2021-12-08,82022,130,64997,67,17025,63,70849,65,475170,751,546019,816,0,973,32,1166,98,79883,7,2171,1053,"Knox County",470313,149.900172863604,0.0831234256926952,173.501476676171,27.6411666273312,247.920002211293,8.31234256926952
2021-12-07,81892,127,64930,70,16962,57,70784,76,474419,631,545203,707,2,973,17,1134,108,79785,2,2164,1052,"Knox County",470313,156.278903623757,0.0881098126507142,150.325421580947,27.0032935513158,241.116022733796,8.81098126507142
2021-12-06,81765,148,64860,106,16905,42,70708,115,473788,759,544496,874,8,971,38,1117,102,79677,4,2162,1052,"Knox County",470313,164.146004894613,0.0919230077352042,185.833689479134,31.4684050834232,237.501408636376,9.19230077352042
2021-12-05,81617,43,64754,28,16863,15,70593,33,473029,342,543622,375,2,963,-21,1079,62,79575,1,2158,1049,"Knox County",470313,161.807136949223,0.093316052582855,79.7341345019168,9.14284742288646,229.421683006849,9.3316052582855
2021-12-04,81574,69,64726,50,16848,19,70560,55,472687,499,543247,554,0,961,15,1100,54,79513,3,2157,1049,"Knox County",470313,162.65763438391,0.0947231027410032,117.793894704165,14.6710807483527,233.886794538956,9.47231027410032
2021-12-03,81505,147,64676,103,16829,44,70505,108,472188,1009,542693,1117,3,961,62,1085,82,79459,2,2154,1047,"Knox County",470313,176.052968980232,0.100413148913239,237.501408636376,31.2557807247514,230.697429158879,10.0413148913239
2021-12-02,81358,133,64573,86,16785,47,70397,85,471179,794,541576,879,0,958,31,1023,102,79377,4,2152,1045,"Knox County",470313,169.461613861407,0.100901916572717,186.896811272493,28.2790397033465,217.514718921229,10.0901916572717
2021-12-01,81225,185,64487,142,16738,43,70312,147,470385,1009,540697,1156,4,958,91,992,90,79275,7,2148,1043,"Knox County",470313,181.155953588355,0.109325326739668,245.793758624576,39.335506354279,210.923363802404,10.9325326739668
2021-11-30,81040,116,64345,66,16695,50,70165,68,469376,693,539541,761,3,954,16,901,97,79185,6,2141,1042,"Knox County",470313,178.817085642965,0.106892932120364,161.807136949223,24.6644256059263,191.574547163272,10.6892932120364
2021-11-29,80924,165,64279,128,16645,37,70097,139,468683,967,538780,1106,2,951,75,885,88,79088,5,2135,1039,"Knox County",470313,182.431699740386,0.106758574310693,235.162540690987,35.0830191808434,188.172557424524,10.6758574310693
2021-11-28,80759,33,64151,22,16608,11,69958,22,467716,270,537674,292,3,949,-24,810,54,79000,5,2130,1038,"Knox County",470313,180.305456153668,0.106393861892583,62.0863127321592,7.01660383616868,172.22573052414,10.6393861892583
2021-11-27,80726,59,64129,31,16597,28,69936,32,467446,266,537382,298,0,946,1,834,58,78946,1,2125,1037,"Knox County",470313,178.17921256695,0.107149224460688,63.3620588841899,12.5448371616349,177.328715132263,10.7149224460688
2021-11-26,80667,20,64098,18,16569,2,69904,20,467180,298,537084,318,0,946,-45,833,65,78888,4,2124,1035,"Knox County",470313,151.175919015634,0.106652806652807,67.6145460576254,4.25248717343556,177.116090773591,10.6652806652807
2021-11-25,80647,52,64080,26,16567,26,69884,29,466882,331,536766,360,0,946,-18,878,70,78823,3,2120,1034,"Knox County",470313,133.95334596322,0.106501980890235,76.5447691218401,11.0564666509325,186.684186913821,10.6501980890235
2021-11-24,80595,105,64054,66,16541,39,69855,73,466551,742,536406,815,0,946,18,896,87,78753,3,2117,1029,"Knox County",470313,116.943397269478,0.0969620253164557,173.288852317499,22.3255576605367,190.511425369913,9.69620253164557
2021-11-23,80490,99,63988,63,16502,36,69782,65,465809,674,535591,739,0,946,37,878,62,78666,2,2114,1025,"Knox County",470313,113.328783172058,0.0967413441955193,157.129401058444,21.049811508506,186.684186913821,9.67413441955193
2021-11-22,80391,107,63925,83,16466,24,69717,82,465135,740,534852,822,0,946,37,841,70,78604,3,2112,1025,"Knox County",470313,100.996570369095,0.0886388583973655,174.777222828202,22.7508063778803,178.817085642965,8.86388583973655
2021-11-21,80284,44,63842,32,16442,12,69635,37,464395,284,534030,321,0,946,-9,804,53,78534,2,2109,1025,"Knox County",470313,103.335438314484,0.0920228695888919,68.2524191336408,9.35547178155824,170.94998437211,9.20228695888919
2021-11-20,80240,54,63810,37,16430,17,69598,44,464111,537,533709,581,0,946,14,813,40,78481,1,2107,1023,"Knox County",470313,102.272316521125,0.0884732052578362,123.534752388303,11.481715368276,172.863603600156,8.84732052578362
2021-11-19,80186,112,63773,83,16413,29,69554,81,463574,825,533128,906,0,946,62,799,50,78441,0,2106,1023,"Knox County",470313,121.833757518929,0.0904489436619718,192.637668956631,23.8139281712392,169.886862578751,9.04489436619718
2021-11-18,80074,80,63690,44,16384,36,69473,49,462749,937,532222,986,3,946,18,737,59,78391,2,2106,1023,"Knox County",470313,127.787239561739,0.0833655705996132,209.647617650373,17.0099486937423,156.7041523411,8.33655705996132
2021-11-17,79994,105,63646,64,16348,41,69424,66,461812,833,531236,899,0,943,44,719,61,78332,1,2104,1023,"Knox County",470313,127.787239561739,0.0807004187285877,191.149298445929,22.3255576605367,152.876913885008,8.07004187285877
2021-11-16,79889,73,63582,51,16307,22,69358,67,460979,777,530337,844,0,943,9,675,64,78271,2,2103,1022,"Knox County",470313,122.259006236272,0.0794924426198918,179.454958718981,15.5215781830398,143.52144210345,7.94924426198918
2021-11-15,79816,84,63531,44,16285,40,69291,34,460202,460,529493,494,3,943,21,666,60,78207,0,2101,1019,"Knox County",470313,117.368645986822,0.075134168157424,105.036433183858,17.8604461284294,141.607822875404,7.5134168157424
2021-11-14,79732,72,63487,62,16245,10,69257,68,459742,624,528999,692,0,940,16,645,56,78147,2,2101,1019,"Knox County",470313,123.322128029631,0.0757126990003702,147.13605620087,15.308953824368,137.142711343297,7.57126990003702
2021-11-13,79660,29,63425,13,16235,16,69189,12,459118,317,528307,329,0,940,-14,629,43,78091,2,2099,1017,"Knox County",470313,118.006519062837,0.0732038834951456,69.953414003015,6.16610640148157,133.740721604548,7.32038834951456
2021-11-12,79631,66,63412,49,16219,17,69177,51,458801,687,527978,738,0,940,17,643,49,78048,4,2097,1017,"Knox County",470313,108.225798563935,0.069650742673625,156.916776699772,14.0332076723374,136.717462625953,6.96507426736251
2021-11-11,79565,67,63363,46,16202,21,69126,54,458114,962,527240,1016,0,940,-3,626,70,77999,0,2093,1015,"Knox County",470313,105.461681901202,0.0702314445331205,216.026348410527,14.2458320310091,133.102848528533,7.02314445331205
2021-11-10,79498,74,63317,50,16181,24,69072,69,457152,855,526224,924,1,940,7,629,66,77929,2,2093,1015,"Knox County",470313,98.8703267823768,0.0704784594004368,196.464907412723,15.7342025417116,133.740721604548,7.04784594004368
2021-11-09,79424,106,63267,76,16157,30,69003,134,456297,1174,525300,1308,1,939,34,622,71,77863,1,2091,1015,"Knox County",470313,105.886930618546,0.0767133248500273,278.112661142686,22.5381820192085,132.252351093846,7.67133248500273
2021-11-08,79318,78,63191,58,16127,20,68869,70,455123,687,523992,757,6,938,-10,588,82,77792,1,2090,1014,"Knox County",470313,104.611184466515,0.0794587092297016,160.956639514536,16.5846999763987,125.023122899006,7.94587092297016
2021-11-07,79240,31,63133,20,16107,11,68799,23,454436,390,523235,413,0,932,-20,598,51,77710,1,2089,1011,"Knox County",470313,95.8935857609719,0.0752962625341841,87.8138601314444,6.59135511882512,127.149366485723,7.52962625341841
2021-11-06,79209,41,63113,27,16096,14,68776,30,454046,453,522822,483,0,932,-2,618,43,77659,2,2088,1008,"Knox County",470313,98.4450780650333,0.0764319914878525,102.697565238469,8.7175987055429,131.401853659159,7.64319914878525
2021-11-05,79168,52,63086,32,16082,20,68746,36,453593,605,522339,641,0,932,-27,620,79,77616,2,2086,1007,"Knox County",470313,95.4683370436284,0.0750631540959942,136.29221390861,11.0564666509325,131.827102376502,7.50631540959942
2021-11-04,79116,68,63054,45,16062,23,68710,49,452988,668,521698,717,0,932,-1,647,69,77537,1,2084,1007,"Knox County",470313,95.6809614023002,0.0783902345985123,152.451665167665,14.4584563896809,137.56796006064,7.83902345985123
2021-11-03,79048,80,63009,60,16039,20,68661,66,452320,969,520981,1035,0,932,-1,648,81,77468,2,2083,1006,"Knox County",470313,96.9567075543308,0.0762047067613,220.06621122529,17.0099486937423,137.780584419312,7.62047067613
2021-11-02,78968,41,62949,19,16019,22,68595,22,451351,301,519946,323,4,932,-52,649,89,77387,1,2081,1004,"Knox County",470313,83.1361242406653,0.0677500572213321,68.6776678509843,8.7175987055429,137.993208777984,6.77500572213321
2021-11-01,78927,95,62930,71,15997,24,68573,83,451050,661,519623,744,1,928,-19,701,113,77298,3,2080,1001,"Knox County",470313,86.7507383380855,0.0709366391184573,158.192522851803,20.1993140738189,149.049675428916,7.09366391184573
2021-10-31,78832,26,62859,20,15973,6,68490,19,450389,278,518879,297,0,927,-43,720,69,77185,1,2077,1000,"Knox County",470313,85.6876165447266,0.0719339622641509,63.1494345255181,5.52823332546623,153.08953824368,7.19339622641509
2021-10-30,78806,56,62839,41,15967,15,68471,43,450111,522,518582,565,0,927,-23,763,79,77116,4,2076,999,"Knox County",470313,88.8769819248033,0.0735770476631189,120.132762649555,11.9069640856196,162.232385666567,7.35770476631189
2021-10-29,78750,73,62798,59,15952,14,68428,66,449589,846,518017,912,1,927,-37,786,109,77037,1,2072,999,"Knox County",470313,93.3420934569106,0.0757674722403658,193.913415108662,15.5215781830398,167.122745916018,7.57674722403658
2021-10-28,78677,54,62739,32,15938,22,68362,39,448743,561,517105,600,4,926,-52,823,102,76928,3,2071,998,"Knox County",470313,90.3653524355057,0.0755138516532618,127.574615203067,11.481715368276,174.989847186873,7.55138516532618
2021-10-27,78623,88,62707,57,15916,31,68323,65,448182,759,516505,824,1,922,-29,875,116,76826,3,2068,996,"Knox County",470313,92.0663473048799,0.0790152403282532,175.202471545545,18.7109435631165,186.046313837806,7.90152403282532
2021-10-26,78535,96,62650,58,15885,38,68258,55,447423,554,515681,609,0,921,-18,904,114,76710,5,2065,993,"Knox County",470313,103.760687031828,0.0813008130081301,129.488234431113,20.4119384324907,192.212420239287,8.13008130081301
2021-10-25,78439,71,62592,47,15847,24,68203,54,446869,491,515072,545,6,921,-73,922,138,76596,3,2060,991,"Knox County",470313,98.6577024237051,0.0783547794117647,115.880275476119,15.0963294656962,196.039658695379,7.83547794117647
2021-10-24,78368,38,62545,20,15823,18,68149,23,446378,337,514527,360,1,915,-73,995,110,76458,5,2057,990,"Knox County",470313,101.209194727766,0.0781426953567384,76.5447691218401,8.07972562952757,211.561236878419,7.81426953567384
2021-10-23,78330,59,62525,40,15805,19,68126,42,446041,471,514167,513,0,914,-15,1068,74,76348,1,2052,987,"Knox County",470313,101.847067803782,0.0788448315379326,109.076295998622,12.5448371616349,227.082815061459,7.88448315379326
2021-10-22,78271,90,62485,55,15786,35,68084,55,445570,551,513654,606,0,914,-69,1083,159,76274,2,2051,985,"Knox County",470313,105.461681901202,0.0820803549420754,128.850361355098,19.13619228046,230.272180441536,8.20803549420754
2021-10-21,78181,124,62430,71,15751,53,68029,78,445019,712,513048,790,3,914,-22,1152,143,76115,2,2049,983,"Knox County",470313,120.345387008226,0.0875912408759124,167.973243350705,26.3654204753005,244.943261189888,8.75912408759124
2021-10-20,78057,149,62359,83,15698,66,67951,90,444307,959,512258,1049,3,911,-46,1174,192,75972,3,2047,981,"Knox County",470313,133.315472887205,0.0887745974955277,223.042952246695,31.6810294420949,249.620997080668,8.87745974955277
2021-10-19,77908,131,62276,85,15632,46,67861,92,443348,724,511209,816,4,908,-40,1220,167,75780,4,2044,979,"Knox County",470313,140.757325440717,0.0927548621500321,173.501476676171,27.8537909860029,259.401717579569,9.27548621500321
2021-10-18,77777,121,62191,90,15586,31,67769,106,442624,607,510393,713,9,904,-74,1260,186,75613,8,2040,977,"Knox County",470313,151.388543374306,0.100268207138436,151.601167732978,25.7275473992852,267.90669192644,10.0268207138436
2021-10-17,77656,63,62101,56,15555,7,67663,61,442017,303,509680,364,1,895,-65,1334,127,75427,4,2032,974,"Knox County",470313,156.7041523411,0.108018965161822,77.3952665565272,13.395334596322,283.640894468152,10.8018965161822
2021-10-16,77593,55,62045,41,15548,14,67602,44,441714,372,509316,416,0,894,-83,1399,138,75300,1,2028,972,"Knox County",470313,155.853654906413,0.110643668489693,88.4517332074597,11.6943397269478,297.461477781818,11.0643668489693
2021-10-15,77538,125,62004,89,15534,36,67558,100,441342,794,508900,894,9,894,-68,1482,184,75162,5,2027,968,"Knox County",470313,163.295507459926,0.113248710829036,190.08617665257,26.5780448339723,315.109299551575,11.3248710829036
2021-10-14,77413,192,61915,135,15498,57,67458,143,440548,699,508006,842,0,885,8,1550,184,74978,7,2022,966,"Knox County",470313,177.753963849607,0.124852767962309,179.029710001637,40.8238768649814,329.567755941256,12.4852767962309
2021-10-13,77221,121,61780,88,15441,33,67315,99,439849,764,507164,863,7,885,-78,1542,192,74794,5,2015,961,"Knox County",470313,171.800481806797,0.131418092909535,183.494821533745,25.7275473992852,327.866761071882,13.1418092909535
2021-10-12,77100,136,61692,104,15408,32,67216,109,439085,821,506301,930,4,878,-81,1620,213,74602,3,2010,960,"Knox County",470313,172.863603600156,0.131819992035046,197.740653564754,28.9169127793618,344.451461048281,13.1819992035046
2021-10-11,76964,194,61588,136,15376,58,67107,149,438264,581,505371,730,3,874,-87,1701,278,74389,12,2007,951,"Knox County",470313,188.385181783195,0.139908712046041,155.215781830398,41.249125582325,361.674034100695,13.9908712046041
2021-10-10,76770,54,61452,41,15318,13,66958,51,437683,489,504641,540,0,871,-89,1788,143,74111,4,1995,950,"Knox County",470313,186.471562555149,0.13326941514861,114.81715368276,11.481715368276,380.172353305139,13.326941514861
2021-10-09,76716,66,61411,37,15305,29,66907,48,437194,490,504101,538,0,871,-66,1877,132,73968,7,1991,947,"Knox County",470313,188.810430500539,0.1309724564362,114.391904965417,14.0332076723374,399.095921226928,13.09724564362
2021-10-08,76650,289,61374,114,15276,175,66859,123,436704,936,503563,1059,-1,871,76,1943,214,73836,5,1984,943,"Knox County",470313,223.680825322711,0.131225009087605,225.169195833413,61.4484396561439,413.129128899265,13.1225009087605
2021-10-07,76361,259,61260,170,15101,89,66736,176,435768,1106,502504,1282,6,872,-9,1867,262,73622,9,1979,939,"Knox County",470313,237.92665735372,0.127061595422417,272.58442781722,55.0697088959905,396.96967764021,12.7061595422417
2021-10-06,76102,139,61090,103,15012,36,66560,112,434662,835,501222,947,1,866,-120,1876,258,73360,4,1970,938,"Knox County",470313,241.753895809812,0.12744772651842,201.355267662174,29.5547858553772,398.883296868256,12.744772651842
2021-10-05,75963,210,60987,118,14976,92,66448,138,433827,915,500275,1053,3,865,-71,1996,278,73102,4,1966,933,"Knox County",470313,257.488098351523,0.129614571475037,223.893449681382,44.6511153210734,424.398219908869,12.9614571475037
2021-10-04,75753,316,60869,224,14884,92,66310,245,432912,829,499222,1074,3,862,-14,2067,327,72824,4,1962,929,"Knox County",470313,283.42827010948,0.137532727552749,228.35856121349,67.1892973402819,439.494549374565,13.7532727552749
2021-10-03,75437,102,60645,93,14792,9,66065,107,432083,678,498148,785,1,859,-67,2081,168,72497,6,1958,927,"Knox County",470313,293.634239325726,0.140842980112793,166.910121557346,21.6876845845214,442.47129039597,14.0842980112793
2021-10-02,75335,67,60552,43,14783,24,65958,50,431405,472,497363,522,5,858,-144,2148,206,72329,2,1952,926,"Knox County",470313,293.846863684397,0.141475751264505,110.989915226668,14.2458320310091,456.717122426979,14.1475751264505
2021-10-01,75268,225,60509,151,14759,74,65908,167,430933,965,496841,1132,0,853,-76,2292,301,72123,9,1950,922,"Knox County",470313,280.238904729404,0.146431199411332,240.690774016453,47.8404807011501,487.335030075716,14.6431199411332
2021-09-30,75043,240,60358,166,14685,74,65741,186,429968,1104,495709,1290,1,853,-112,2368,351,71822,8,1941,919,"Knox County",470313,276.19904191464,0.147728943113332,274.285422686594,51.0298460812268,503.494481334771,14.7728943113332
2021-09-29,74803,361,60192,170,14611,191,65555,192,428864,1111,494419,1303,6,852,-96,2480,451,71471,7,1933,917,"Knox County",470313,323.401649539775,0.151557480094985,277.049539349327,76.7573934805119,527.30840950601,15.1557480094985
2021-09-28,74442,348,60022,249,14420,99,65363,270,427753,778,493116,1048,2,846,-75,2576,421,71020,1,1926,914,"Knox County",470313,352.74381103648,0.170114621190942,222.830327888024,73.9932768177788,547.720347938501,17.0114621190942
2021-09-27,74094,239,59773,162,14321,77,65093,186,426975,760,492068,946,7,844,-303,2651,535,70599,12,1925,912,"Knox County",470313,336.371735418753,0.164816396242528,201.142643303502,50.817221722555,563.667174838884,16.4816396242528
2021-09-26,73855,124,59611,99,14244,25,64907,117,426215,703,491122,820,2,837,-143,2954,265,70064,1,1913,906,"Knox County",470313,341.049471309532,0.165415663503753,174.351974110858,26.3654204753005,628.092355516433,16.5415663503753
2021-09-25,73731,110,59512,90,14219,20,64790,102,425512,705,490302,807,0,835,-178,3097,288,69799,3,1912,901,"Knox County",470313,350.192318732419,0.166076776476994,171.587857448125,23.3886794538956,658.497638806497,16.6076776476994
2021-09-24,73621,244,59422,165,14199,79,64688,182,424807,939,489495,1121,13,835,-232,3275,463,69511,5,1909,894,"Knox County",470313,354.232181547182,0.168370824812543,238.351906071063,51.8803435159139,696.344774650073,16.8370824812543
2021-09-23,73377,355,59257,246,14120,109,64506,268,423868,1370,488374,1638,14,822,-222,3507,563,69048,8,1904,891,"Knox County",470313,378.683982794437,0.171417415072237,348.278699504373,75.4816473284812,745.673625861926,17.1417415072237
2021-09-22,73022,251,59011,187,14011,64,64238,202,422498,1261,486736,1463,3,808,-329,3729,577,68485,4,1896,888,"Knox County",470313,355.295303340541,0.169195460920566,311.069436736811,53.3687140266163,792.876233487061,16.9195460920566
2021-09-21,72771,397,58824,216,13947,181,64036,230,421237,996,485273,1226,10,805,-352,4058,739,67908,7,1892,879,"Knox County",470313,365.713896915458,0.160453808752026,260.6774637316,84.4118703926959,862.829647490076,16.0453808752026
2021-09-20,72374,432,58608,310,13766,122,63806,343,420241,1295,484047,1638,5,795,113,4410,314,67169,9,1885,875,"Knox County",470313,406.750398139112,0.165729369907035,348.278699504373,91.8537229462082,937.673421742542,16.5729369907035
2021-09-19,71942,120,58298,87,13644,33,63463,97,418946,432,482409,529,1,790,-176,4297,295,66855,7,1876,868,"Knox County",470313,405.899900704425,0.169080978389931,112.478285737371,25.5149230406134,913.646869212631,16.9080978389931
2021-09-18,71822,226,58211,183,13611,43,63366,197,418514,1075,481880,1272,0,789,-107,4473,333,66560,7,1869,860,"Knox County",470313,430.564326310351,0.170923821312029,270.458184230502,48.0531050598219,951.068756338864,17.0923821312029
2021-09-17,71596,547,58028,422,13568,125,63169,449,417439,1310,480608,1759,5,789,5,4580,537,66227,12,1862,847,"Knox County",470313,494.9895069879,0.18750656167979,374.006246903658,116.305524193463,973.819562716744,18.750656167979
2021-09-16,71049,588,57606,456,13443,132,62720,487,416129,1518,478849,2005,7,784,10,4575,571,65690,16,1850,842,"Knox County",470313,544.530982558424,0.202689041649818,426.311839136915,125.023122899006,972.756440923385,20.2689041649818
2021-09-15,70461,338,57150,249,13311,89,62233,267,414611,807,476844,1074,6,777,-308,4565,640,65119,5,1834,839,"Knox County",470313,563.029301762869,0.217825949700095,228.35856121349,71.867033231061,970.630197336667,21.7825949700095
2021-09-14,70123,555,56901,443,13222,112,61966,476,413804,1406,475770,1882,12,771,-160,4873,703,64479,8,1829,835,"Knox County",470313,596.62395043301,0.227975194408899,400.159043020287,118.006519062837,1036.11849980758,22.7975194408899
2021-09-13,69568,399,56458,299,13110,100,61490,333,412398,1134,473888,1467,20,759,-434,5033,813,63776,15,1821,832,"Knox County",470313,589.607346596841,0.230877052462956,311.919934171499,84.8371191100395,1070.13839719506,23.0877052462956
2021-09-12,69169,387,56159,358,13010,29,61157,376,411264,1460,472421,1836,0,739,80,5467,307,62963,5,1806,823,"Knox County",470313,646.378050362206,0.228862328463922,390.378322521385,82.2856268059781,1162.41736885861,22.8862328463922
2021-09-11,68782,865,55801,706,12981,159,60781,763,409804,2621,470585,3384,4,739,499,5387,362,62656,26,1801,815,"Knox County",470313,782.245015553472,0.235026478705154,719.520829745297,183.920070251088,1145.40742016487,23.5026478705154
2021-09-10,67917,1026,55095,749,12822,277,60018,803,407183,2513,467201,3316,1,735,481,4888,544,62294,24,1775,805,"Knox County",470313,884.092083357254,0.234228815824646,705.062373355616,218.152591997244,1039.30786518765,23.4228815824646
2021-09-09,66891,310,54346,167,12545,143,59215,173,404670,685,463885,858,1,734,-370,4407,679,61750,18,1751,798,"Knox County",470313,824.982511646499,0.230947383657813,182.431699740386,65.9135511882512,937.035548666526,23.0947383657813
2021-09-08,66581,290,54179,226,12402,64,59042,250,403985,837,463027,1087,5,733,-405,4777,690,61071,11,1733,793,"Knox County",470313,814.776542430254,0.229501084598698,231.122677876223,61.6610640148157,1015.70656137508,22.9501084598698
2021-09-07,66291,414,53953,299,12338,115,58792,311,403148,979,461940,1290,3,728,-221,5182,632,60381,13,1722,787,"Knox County",470313,784.796507857533,0.227300196404291,274.285422686594,88.0264844901162,1101.81942663715,22.7300196404291
2021-09-06,65877,991,53654,791,12223,200,58481,844,402169,3221,460650,4065,1,725,341,5403,649,59749,20,1709,786,"Knox County",470313,910.670128191226,0.222278353119475,864.318018000778,210.710739443732,1148.80940990362,22.2278353119475
2021-09-05,64886,969,52863,799,12023,170,57637,834,398948,2999,456585,3833,2,724,623,5062,344,59100,15,1689,783,"Knox County",470313,1034.4175049382,0.223069590085796,814.989166788926,206.033003552953,1076.30450359654,22.3069590085796
2021-09-04,63917,542,52064,388,11853,154,56803,407,395949,1502,452752,1909,2,722,223,4439,317,58756,10,1674,778,"Knox County",470313,965.739837087216,0.221420711578433,405.899900704425,115.242402400104,943.839528144023,22.1420711578433
2021-09-03,63375,334,51676,238,11699,96,56396,249,394447,909,450843,1158,5,720,-155,4216,484,58439,8,1664,774,"Knox County",470313,818.603780886346,0.216056338028169,246.219007341919,71.0165357963739,896.424296160217,21.6056338028169
2021-09-02,63041,323,51438,180,11603,143,56147,200,393538,681,449685,881,3,715,-158,4371,478,57955,5,1656,769,"Knox County",470313,821.367897549079,0.217605287210856,187.322059989837,68.6776678509843,929.381071754342,21.7605287210856
2021-09-01,62718,276,51258,211,11460,65,55947,226,392857,645,448804,871,3,712,-119,4529,392,57477,2,1651,766,"Knox County",470313,818.391156527674,0.219247519097594,185.195816403119,58.6843229934108,962.975720424483,21.9247519097594
2021-08-31,62442,594,51047,433,11395,161,55721,479,392212,1894,447933,2373,2,709,190,4648,402,57085,8,1649,763,"Knox County",470313,856.663541088594,0.214645460569914,504.55760312813,126.298869051036,988.278019106425,21.4645460569914
2021-08-30,61848,513,50614,403,11234,110,55242,430,390318,1630,445560,2060,9,707,96,4458,408,56683,12,1641,759,"Knox County",470313,755.029097643484,0.215896064195644,438.006178863863,109.076295998622,947.879390958787,21.5896064195644
2021-08-29,61335,483,50211,407,11124,76,54812,439,388688,1485,443500,1924,1,698,255,4362,227,56275,5,1629,753,"Knox County",470313,651.693659329,0.217430207587688,409.089266084501,102.697565238469,927.467452526296,21.7430207587688
2021-08-28,60852,397,49804,301,11048,96,54373,320,387203,1065,441576,1385,0,697,191,4107,206,56048,4,1624,746,"Knox County",470313,620.863127321592,0.219958693203154,294.484736760413,84.4118703926959,873.248241064993,21.9958693203154
2021-08-27,60455,472,49503,373,10952,99,54053,390,386138,1166,440191,1556,5,697,195,3916,272,55842,5,1620,743,"Knox County",470313,650.205288818298,0.224796380090498,330.843502093287,100.358697293079,832.636988558683,22.4796380090498
2021-08-26,59983,449,49130,347,10853,102,53663,368,384972,1426,438635,1794,5,692,154,3721,290,55570,0,1615,742,"Knox County",470313,676.995958010942,0.221683524199615,381.44809945717,95.4683370436284,791.175238617687,22.1683524199615
2021-08-25,59534,351,48783,224,10751,127,53295,238,383546,642,436841,880,2,687,91,3567,258,55280,4,1615,737,"Knox County",470313,692.942784911325,0.222519211493485,187.109435631165,74.6311498937941,758.431087382233,22.2519211493485
2021-08-24,59183,342,48559,222,10624,120,53057,237,382904,677,435961,914,4,685,76,3476,262,55022,5,1611,727,"Knox County",470313,639.361446526037,0.230381432512128,194.338663826005,72.7175306657481,739.082270743101,23.0381432512128
2021-08-23,58841,287,48337,206,10504,81,52820,227,382227,825,435047,1052,1,681,30,3400,256,54760,1,1606,727,"Knox County",470313,591.308341466215,0.233456075749605,223.680825322711,61.0231909388003,722.922819484046,23.3456075749605
2021-08-22,58554,240,48131,217,10423,23,52593,233,381402,889,433995,1122,2,680,70,3370,168,54504,0,1605,723,"Knox County",470313,539.640622308973,0.231299551878663,238.564530429735,51.0298460812268,716.544088723892,23.1299551878663
2021-08-21,58314,496,47914,373,10400,123,52360,411,380513,1904,432873,2315,0,678,381,3300,115,54336,8,1605,721,"Knox County",470313,560.690433817479,0.218415862140558,492.225390325166,105.461681901202,701.660383616868,21.8415862140558
2021-08-20,57818,425,47541,331,10277,94,51949,357,378609,1148,430558,1505,0,678,232,2919,193,54221,6,1597,718,"Knox County",470313,550.697088959905,0.216134418701732,319.999659801026,90.3653524355057,620.65050296292,21.6134418701732
2021-08-19,57393,368,47210,254,10183,114,51592,264,377461,952,429053,1216,1,678,204,2687,163,54028,6,1591,715,"Knox County",470313,533.474515907491,0.218458462905375,258.551220144882,78.2457639912144,571.321651751068,21.8458462905375
2021-08-18,57025,263,46956,191,10069,72,51328,200,376509,914,427837,1114,2,677,98,2483,163,53865,5,1585,715,"Knox County",470313,514.763572344375,0.208811431045681,236.863535560361,55.9202063306777,527.946282582025,20.8811431045681
2021-08-17,56762,263,46765,180,9997,83,51128,197,375595,1042,426723,1239,0,675,102,2385,161,53702,5,1580,715,"Knox County",470313,497.966248009304,0.197532155181428,263.441580394333,55.9202063306777,507.109095432191,19.7532155181428
2021-08-16,56499,185,46585,126,9914,59,50931,132,374553,422,425484,554,2,675,-26,2283,209,53541,5,1575,712,"Knox County",470313,476.278563424783,0.197904026475455,117.793894704165,39.335506354279,485.42141084767,19.7904026475455
2021-08-15,56314,204,46459,181,9855,23,50799,198,374131,953,424930,1151,3,673,80,2309,121,53332,6,1570,712,"Knox County",470313,468.624086512599,0.193424235759842,244.730636831217,43.3753691690427,490.949644173136,19.3424235759842
2021-08-14,56110,219,46278,147,9832,72,50601,154,373178,794,423779,948,0,670,96,2229,123,53211,4,1564,711,"Knox County",470313,409.727139160517,0.194383331176394,201.567892020846,46.5647345491194,473.939695479393,19.4383331176394
2021-08-13,55891,266,46131,205,9760,61,50447,220,372384,1470,422831,1690,1,670,124,2133,141,53088,5,1560,709,"Knox County",470313,375.919866131704,0.172522750252781,359.335166155305,56.558079406693,453.527757046903,17.2522750252781
2021-08-12,55625,222,45926,145,9699,77,50227,153,370914,643,421141,796,2,669,82,2009,138,52947,8,1555,706,"Knox County",470313,344.876709765624,0.167378537106247,169.248989502735,47.2026076251348,427.162336571602,16.7378537106247
2021-08-11,55403,316,45781,238,9622,78,50074,248,370271,989,420345,1237,1,667,183,1927,132,52809,10,1547,704,"Knox County",470313,356.145800775228,0.170978332239002,263.01633167699,67.1892973402819,409.727139160517,17.0978332239002
2021-08-10,55087,173,45543,109,9544,64,49826,121,369282,621,419108,742,1,666,56,1744,116,52677,2,1537,701,"Knox County",470313,337.009608494768,0.172239393087946,157.767274134459,36.7840140502176,370.816881523581,17.2239393087946
2021-08-09,54914,197,45434,159,9480,38,49705,167,368661,753,418366,920,1,665,75,1688,121,52561,4,1535,697,"Knox County",470313,339.56110079883,0.168492784607162,195.614409978036,41.8869986583403,358.909917437962,16.8492784607162
2021-08-08,54717,88,45275,66,9442,22,49538,75,367908,418,417446,493,1,664,22,1613,65,52440,4,1531,696,"Knox County",470313,314.896675192903,0.166715499560504,104.823808825187,18.7109435631165,342.963090537578,16.6715499560504
2021-08-07,54629,105,45209,75,9420,30,49463,80,367490,638,416953,718,0,663,44,1591,61,52375,2,1527,696,"Knox County",470313,290.657498304321,0.161309884778654,152.664289526337,22.3255576605367,338.285354646799,16.1309884778654
2021-08-06,54524,203,45134,147,9390,56,49383,163,366852,879,416235,1042,0,663,139,1547,64,52314,11,1525,696,"Knox County",470313,277.262163707999,0.169300605245461,221.554581735993,43.162744810371,328.929882865241,16.9300605245461
2021-08-05,54321,174,44987,131,9334,43,49220,147,365973,850,415193,997,2,663,102,1408,70,52250,4,1514,695,"Knox County",470313,267.056194491753,0.162790697674419,211.986485595763,36.9966384088894,299.375097009864,16.2790697674419
2021-08-04,54147,144,44856,101,9291,43,49073,104,365123,656,414196,760,1,661,70,1306,73,52180,4,1510,693,"Knox County",470313,230.484804800208,0.151093088857546,161.594512590551,30.6179076487361,277.687412425342,15.1093088857546
2021-08-03,54003,238,44755,177,9248,61,48969,183,364467,814,413436,997,0,660,161,1236,77,52107,5,1506,692,"Knox County",470313,244.305388113873,0.155053146617176,211.986485595763,50.6045973638832,262.803707318318,15.5053146617176
2021-08-02,53765,97,44578,75,9187,22,48786,82,363653,532,412439,614,2,660,-3,1075,98,52030,3,1501,689,"Knox County",470313,223.042952246695,0.148372175769436,130.551356224472,20.6245627911625,228.571185572162,14.8372175769436
2021-08-01,53668,107,44503,91,9165,16,48704,99,363121,526,411825,625,0,658,63,1078,44,51932,2,1498,689,"Knox County",470313,227.082815061459,0.149139579349904,132.890224169861,22.7508063778803,229.209058648177,14.9139579349904
2021-07-31,53561,104,44412,64,9149,40,48605,68,362595,399,411200,467,1,658,46,1015,57,51888,6,1496,687,"Knox County",470313,226.870190702787,0.153762268266085,99.2955754997204,22.1129333018649,215.813724051855,15.3762268266085
2021-07-30,53457,118,44348,83,9109,35,48537,90,362196,339,410733,429,1,657,79,969,38,51831,0,1490,687,"Knox County",470313,208.797120215686,0.158110042953569,91.2158498701928,25.0896743232698,206.033003552953,15.8110042953569
2021-07-29,53339,117,44265,65,9074,52,48447,68,361857,483,410304,551,0,656,82,890,35,51793,1,1490,686,"Knox County",470313,196.677531771395,0.156200765248706,117.15602162815,24.877049964598,189.235679217883,15.6200765248706
2021-07-28,53222,131,44200,90,9022,41,48379,95,361374,536,409753,631,0,656,80,808,51,51758,4,1489,685,"Knox County",470313,193.913415108662,0.15878535002318,134.165970321892,27.8537909860029,171.800481806797,15.878535002318
2021-07-27,53091,117,44110,78,8981,39,48284,84,360838,499,409122,583,0,656,85,728,32,51707,4,1485,685,"Knox County",470313,168.185867709377,0.15025641025641,123.960001105647,24.877049964598,154.790533113054,15.025641025641
2021-07-26,52974,97,44032,73,8942,24,48200,79,360339,371,408539,450,1,656,61,643,35,51675,4,1481,685,"Knox County",470313,168.185867709377,0.156049250535332,95.6809614023002,20.6245627911625,136.717462625953,15.6049250535332
2021-07-25,52877,51,43959,43,8918,8,48121,44,359968,320,408089,364,3,655,22,582,26,51640,5,1477,685,"Knox County",470313,156.278903623757,0.151942446043165,77.3952665565272,10.8438422922607,123.747376746975,15.1942446043165
2021-07-24,52826,64,43916,42,8910,22,48077,44,359648,348,407725,392,0,652,39,560,25,51614,1,1472,684,"Knox County",470313,147.773929276886,0.148235294117647,83.348748599337,13.6079589549938,119.069640856196,14.8235294117647
2021-07-23,52762,56,43874,31,8888,25,48033,32,359300,321,407333,353,1,652,24,521,31,51589,3,1471,682,"Knox County",470313,134.591219039236,0.134175691937425,75.0563986111377,11.9069640856196,110.777290867996,13.4175691937425
2021-07-22,52706,94,43843,69,8863,25,48001,78,358979,474,406980,552,0,651,70,497,24,51558,3,1468,681,"Knox County",470313,129.700858789785,0.137142857142857,117.368645986822,19.9866897151471,105.674306259874,13.7142857142857
2021-07-21,52612,61,43774,47,8838,14,47923,46,358505,411,406428,457,1,651,33,427,27,51534,1,1465,681,"Knox County",470313,114.81715368276,0.129165344335132,97.1693319130026,12.9700858789785,90.7906011528493,12.9165344335132
2021-07-20,52551,78,43727,43,8824,35,47877,45,358094,299,405971,344,0,650,54,394,24,51507,3,1464,681,"Knox County",470313,106.524803694561,0.126373626373626,73.1427793830917,16.5846999763987,83.7739973166806,12.6373626373626
2021-07-19,52473,48,43684,36,8789,12,47832,42,357795,348,405627,390,0,650,28,340,20,51483,0,1461,681,"Knox County",470313,96.1062101196437,0.116058906030856,82.9234998819935,10.2059692162454,72.2922819484046,11.6058906030856
2021-07-18,52425,36,43648,30,8777,6,47790,31,357447,272,405237,303,0,650,27,312,9,51463,1,1461,681,"Knox County",470313,92.9168447395671,0.113937656753852,64.4251806775488,7.65447691218401,66.3387999055948,11.3937656753852
2021-07-17,52389,27,43618,20,8771,7,47759,21,357175,202,404934,223,0,650,12,285,15,51454,1,1460,680,"Knox County",470313,85.0497434687113,0.112509534706331,47.4152319838065,5.74085768413801,60.5979422214568,11.2509534706331
2021-07-16,52362,37,43598,21,8764,16,47738,22,356973,291,404711,313,0,650,25,273,12,51439,1,1459,680,"Knox County",470313,81.0098806539475,0.110379550735864,66.5514242642666,7.86710127085579,58.0464499173954,11.0379550735864
2021-07-15,52325,55,43577,42,8748,13,47716,44,356682,364,404398,408,-1,650,36,248,20,51427,1,1458,680,"Knox County",470313,72.7175306657481,0.102953240360952,86.7507383380855,11.6943397269478,52.730840950601,10.2953240360952
2021-07-14,52270,21,43535,17,8735,4,47672,16,356318,269,403990,285,0,651,8,212,13,51407,2,1457,680,"Knox County",470313,64.212556318877,0.0975286849073257,60.5979422214568,4.46511153210734,45.076364038417,9.75286849073257
2021-07-13,52249,42,43518,26,8731,16,47656,29,356049,355,403705,384,3,651,28,204,11,51394,3,1455,680,"Knox County",470313,56.558079406693,0.0888985255854293,81.6477537299628,8.93022306421468,43.3753691690427,8.88985255854293
2021-07-12,52207,27,43492,21,8715,6,47627,24,355694,270,403321,294,0,648,16,176,11,51383,1,1452,680,"Knox County",470313,52.0929678745856,0.0846153846153846,62.5115614495028,5.74085768413801,37.421887126233,8.46153846153846
2021-07-11,52180,8,43471,3,8709,5,47603,4,355424,136,403027,140,0,648,1,160,7,51372,0,1451,679,"Knox County",470313,46.1394858317759,0.0781631656082071,29.7674102140489,1.70099486937423,34.0198973874845,7.81631656082071
2021-07-10,52172,20,43468,16,8704,4,47599,16,355288,191,402887,207,0,648,12,159,8,51365,2,1451,679,"Knox County",470313,44.6511153210734,0.0763170851797144,44.0132422450581,4.25248717343556,33.8072730288127,7.63170851797144
2021-07-09,52152,27,43452,21,8700,6,47583,21,355097,338,402680,359,0,648,12,147,15,51357,0,1449,679,"Knox County",470313,42.5248717343556,0.0741454020221473,76.3321447631684,5.74085768413801,31.2557807247514,7.41454020221473
2021-07-08,52125,19,43431,14,8694,5,47562,16,354759,317,402321,333,0,648,6,135,13,51342,0,1449,678,"Knox County",470313,34.8703948221716,0.0629370629370629,70.8039114377021,4.03986281476378,28.7042884206901,6.29370629370629
2021-07-07,52106,18,43417,5,8689,13,47546,5,354442,333,401988,338,1,648,8,129,9,51329,1,1449,676,"Knox County",470313,34.2325217461563,0.0559610705596107,71.867033231061,3.82723845609201,27.4285422686594,5.59610705596107
2021-07-06,52088,24,43412,9,8676,15,47541,14,354109,263,401650,277,0,647,14,121,10,51320,2,1448,676,"Knox County",470313,30.4052832900643,0.0513347022587269,58.8969473520825,5.10298460812268,25.7275473992852,5.13347022587269
2021-07-05,52064,10,43403,7,8661,3,47527,6,353846,105,401373,111,0,647,0,107,10,51310,1,1446,676,"Knox County",470313,26.790669192644,0.0464589235127479,23.6013038125674,2.12624358671778,22.7508063778803,4.64589235127479
2021-07-04,52054,8,43396,7,8658,1,47521,7,353741,143,401262,150,0,647,0,107,8,51300,1,1445,676,"Knox County",470313,26.790669192644,0.047887323943662,31.8936538007667,1.70099486937423,22.7508063778803,4.7887323943662
2021-07-03,52046,9,43389,7,8657,2,47514,7,353598,185,401112,192,0,647,-2,107,11,51292,1,1444,676,"Knox County",470313,24.4518012472545,0.0431818181818182,40.8238768649814,1.913619228046,22.7508063778803,4.31818181818182
2021-07-02,52037,17,43382,13,8655,4,47507,17,353413,342,400920,359,-1,647,11,109,7,51281,0,1443,676,"Knox County",470313,22.3255576605367,0.0409090909090909,76.3321447631684,3.61461409742023,23.1760550952238,4.09090909090909
2021-07-01,52020,18,43369,15,8651,3,47490,17,353071,248,400561,265,-1,648,13,98,6,51274,1,1443,676,"Knox County",470313,22.1129333018649,0.0431442080378251,56.3454550480212,3.82723845609201,20.8371871498343,4.31442080378251
2021-06-30,52002,18,43354,12,8648,6,47473,11,352823,299,400296,310,0,649,9,85,9,51268,0,1442,676,"Knox County",470313,22.1129333018649,0.0474759615384615,65.9135511882512,3.82723845609201,18.0730704871011,4.74759615384615
2021-06-29,51984,21,43342,16,8642,5,47462,19,352524,438,399986,457,0,649,8,76,13,51259,1,1442,676,"Knox County",470313,21.4750602258496,0.0455531453362256,97.1693319130026,4.46511153210734,16.1594512590551,4.55531453362256
2021-06-28,51963,9,43326,2,8637,7,47443,2,352086,113,399529,115,0,649,-4,68,13,51246,0,1441,676,"Knox County",470313,21.2624358671778,0.0432900432900433,24.4518012472545,1.913619228046,14.4584563896809,4.32900432900433
2021-06-27,51954,5,43324,3,8630,2,47441,3,351973,151,399414,154,0,649,0,72,5,51233,0,1441,676,"Knox County",470313,20.6245627911625,0.041036717062635,32.7441512354538,1.06312179335889,15.308953824368,4.1036717062635
2021-06-26,51949,3,43321,2,8628,1,47438,2,351822,206,399260,208,0,649,0,72,3,51228,0,1441,676,"Knox County",470313,19.3488166391318,0.0380085653104925,44.2258666037299,0.637873076015334,15.308953824368,3.80085653104925
2021-06-25,51946,13,43319,9,8627,4,47436,11,351616,311,399052,322,0,649,4,72,9,51225,0,1441,676,"Knox County",470313,18.4983192044447,0.0354997269251775,68.4650434923126,2.76411666273312,15.308953824368,3.54997269251775
2021-06-24,51933,14,43310,9,8623,5,47425,10,351305,364,398730,374,1,649,8,68,5,51216,1,1441,676,"Knox County",470313,17.6478217697576,0.0298969072164948,79.521510143245,2.97674102140489,14.4584563896809,2.98969072164948
2021-06-23,51919,13,43301,6,8618,7,47415,8,350941,282,398356,290,0,648,6,60,7,51211,0,1440,675,"Knox County",470313,16.5846999763987,0.0286458333333333,61.6610640148157,2.76411666273312,12.7574615203067,2.86458333333333
2021-06-22,51906,14,43295,5,8611,9,47407,5,350659,247,398066,252,2,648,10,54,2,51204,1,1440,674,"Knox County",470313,15.0963294656962,0.0239067055393586,53.5813383852881,2.97674102140489,11.481715368276,2.39067055393586
2021-06-21,51892,9,43290,8,8602,1,47402,9,350412,289,397814,298,0,646,5,44,4,51202,1,1439,673,"Knox County",470313,15.0963294656962,0.0252897787144362,63.3620588841899,1.913619228046,9.35547178155824,2.52897787144363
2021-06-20,51883,3,43282,2,8601,1,47393,3,350123,161,397516,164,1,646,-2,39,4,51198,0,1438,673,"Knox County",470313,14.6710807483527,0.0251572327044025,34.8703948221716,0.637873076015334,8.29234998819935,2.51572327044025
2021-06-19,51880,3,43280,1,8600,2,47390,1,349962,191,397352,192,0,645,-3,41,6,51194,0,1438,673,"Knox County",470313,14.6710807483527,0.0248414376321353,40.8238768649814,0.637873076015334,8.7175987055429,2.48414376321353
2021-06-18,51877,5,43279,3,8598,2,47389,3,349771,283,397160,286,1,645,-7,44,11,51188,0,1438,673,"Knox County",470313,12.9700858789785,0.0210129310344828,60.8105665801286,1.06312179335889,9.35547178155824,2.10129310344828
2021-06-17,51872,12,43276,8,8596,4,47386,9,349488,515,396874,524,0,644,6,51,6,51177,0,1438,673,"Knox County",470313,12.5448371616349,0.0189431704885344,111.415163944012,2.55149230406134,10.8438422922607,1.89431704885344
2021-06-16,51860,7,43268,4,8592,3,47377,4,348973,362,396350,366,1,644,-6,45,12,51171,0,1438,672,"Knox County",470313,11.2690910096042,0.0163304514889529,77.8205152738708,1.48837051070245,9.56809614023002,1.63304514889529
2021-06-15,51853,13,43264,9,8589,4,47373,14,348611,428,395984,442,0,643,-2,51,15,51159,0,1438,672,"Knox County",470313,11.0564666509325,0.0189260563380282,93.9799665329259,2.76411666273312,10.8438422922607,1.89260563380282
2021-06-14,51840,7,43255,2,8585,5,47359,3,348183,260,395542,263,1,643,-5,53,11,51144,0,1438,672,"Knox County",470313,10.6312179335889,0.0165400089405454,55.9202063306777,1.48837051070245,11.2690910096042,1.65400089405454
2021-06-13,51833,3,43253,3,8580,0,47356,4,347923,128,395279,132,0,642,-5,58,8,51133,1,1438,672,"Knox County",470313,10.6312179335889,0.0172335600907029,28.0664153446747,0.637873076015334,12.3322128029631,1.72335600907029
2021-06-12,51830,2,43250,1,8580,1,47352,1,347795,226,395147,227,0,642,-6,63,8,51125,0,1437,672,"Knox County",470313,10.4185935749171,0.0169642857142857,48.2657294184936,0.425248717343556,13.395334596322,1.69642857142857
2021-06-11,51828,7,43249,3,8579,4,47351,2,347569,318,394920,320,0,642,-2,69,9,51117,0,1437,671,"Knox County",470313,10.8438422922607,0.0162708883025506,68.039794774969,1.48837051070245,14.6710807483527,1.62708883025506
2021-06-10,51821,7,43246,4,8575,3,47349,5,347251,358,394600,363,0,642,-1,71,8,51108,0,1437,670,"Knox County",470313,9.7807204989018,0.0156176053005206,77.1826421978555,1.48837051070245,15.0963294656962,1.56176053005206
2021-06-09,51814,2,43242,1,8572,1,47344,1,346893,367,394237,368,1,642,-17,72,18,51100,0,1437,670,"Knox County",470313,8.7175987055429,0.0141843971631206,78.2457639912144,0.425248717343556,15.308953824368,1.41843971631206
2021-06-08,51812,5,43241,3,8571,2,47343,4,346526,266,393869,270,1,641,-17,89,21,51082,0,1437,669,"Knox County",470313,7.01660383616868,0.0102933607822954,57.4085768413801,1.06312179335889,18.9235679217883,1.02933607822954
2021-06-07,51807,16,43238,10,8569,6,47339,10,346260,316,393599,326,0,640,-7,106,23,51061,2,1437,668,"Knox County",470313,8.93022306421468,0.0134596211365902,69.3155409269997,3.40198973874845,22.5381820192085,1.34596211365902
2021-06-06,51791,4,43228,2,8563,2,47329,2,345944,178,393273,180,0,640,-5,113,9,51038,0,1435,668,"Knox County",470313,9.14284742288646,0.0121713729308666,38.2723845609201,0.850497434687113,24.0265525299109,1.21713729308666
2021-06-05,51787,5,43226,2,8561,3,47327,3,345766,258,393093,261,0,640,-9,118,14,51029,0,1435,667,"Knox County",470313,9.7807204989018,0.0129310344827586,55.4949576133341,1.06312179335889,25.0896743232698,1.29310344827586
2021-06-04,51782,7,43224,2,8558,5,47324,3,345508,325,392832,328,1,640,-9,127,15,51015,0,1435,667,"Knox County",470313,9.7807204989018,0.0133587786259542,69.7407896443432,1.48837051070245,27.0032935513158,1.33587786259542
2021-06-03,51775,7,43222,4,8553,3,47321,6,345183,458,392504,464,0,639,-12,136,19,51000,0,1435,667,"Knox County",470313,9.7807204989018,0.0131998179335457,98.6577024237051,1.48837051070245,28.9169127793618,1.31998179335457
2021-06-02,51768,20,43218,7,8550,13,47315,6,344725,282,392040,288,0,639,5,148,15,50981,1,1435,667,"Knox County",470313,13.6079589549938,0.0160604629192253,61.2358152974721,4.25248717343556,31.4684050834232,1.60604629192253
2021-06-01,51748,12,43211,9,8537,3,47309,10,344443,291,391752,301,0,639,-10,143,22,50966,1,1434,667,"Knox County",470313,15.0963294656962,0.0186219739292365,63.9999319602052,2.55149230406134,30.4052832900643,1.86219739292365
2021-05-31,51736,17,43202,14,8534,3,47299,12,344152,354,391451,366,0,639,-1,153,18,50944,0,1433,667,"Knox County",470313,15.308953824368,0.0191956124314442,77.8205152738708,3.61461409742023,32.5315268767821,1.91956124314442
2021-05-30,51719,3,43188,1,8531,2,47287,1,343798,203,391085,204,0,639,-9,154,12,50926,0,1433,667,"Knox County",470313,15.0963294656962,0.0185352622061483,43.3753691690427,0.637873076015334,32.7441512354538,1.85352622061483
2021-05-29,51716,14,43187,8,8529,6,47286,6,343595,199,390881,205,0,639,-14,163,28,50914,1,1433,666,"Knox County",470313,17.0099486937423,0.0204081632653061,43.5879935277145,2.97674102140489,34.6577704634998,2.04081632653061
2021-05-28,51702,11,43179,6,8523,5,47280,10,343396,390,390676,400,0,639,-9,177,20,50886,1,1432,664,"Knox County",470313,17.8604461284294,0.0228904847396768,85.0497434687113,2.33886794538956,37.6345114849047,2.28904847396768
2021-05-27,51691,23,43173,8,8518,15,47270,9,343006,341,390276,350,0,639,-5,186,28,50866,1,1431,664,"Knox County",470313,21.2624358671778,0.0255439924314096,74.4185255351224,4.8903602494509,39.5481307129507,2.55439924314096
2021-05-26,51668,16,43165,8,8503,8,47261,11,342665,571,389926,582,0,639,-8,191,24,50838,0,1430,664,"Knox County",470313,20.4119384324907,0.0245016611295681,123.747376746975,3.40198973874845,40.6112525063096,2.45016611295681
2021-05-25,51652,18,43157,8,8495,10,47250,7,342094,311,389344,318,0,639,-10,199,28,50814,1,1430,664,"Knox County",470313,21.6876845845214,0.0230927835051546,67.6145460576254,3.82723845609201,42.3122473756839,2.30927835051546
2021-05-24,51634,25,43149,21,8485,4,47243,24,341783,425,389026,449,0,639,-11,209,36,50786,1,1429,664,"Knox County",470313,23.3886794538956,0.0271132376395534,95.4683370436284,5.31560896679445,44.4384909624016,2.71132376395534
2021-05-23,51609,16,43128,8,8481,8,47219,8,341358,225,388577,233,1,639,-5,220,20,50750,1,1428,663,"Knox County",470313,26.1527961166287,0.0295624753646039,49.5414755705243,3.40198973874845,46.7773589077912,2.95624753646039
2021-05-22,51593,8,43120,4,8473,4,47211,4,341133,269,388344,273,0,638,-6,225,14,50730,0,1427,662,"Knox County",470313,24.877049964598,0.0280230326295585,58.0464499173954,1.70099486937423,47.8404807011501,2.80230326295585
2021-05-21,51585,16,43116,12,8469,4,47207,14,340864,377,388071,391,0,638,-16,231,32,50716,1,1427,662,"Knox County",470313,25.9401717579569,0.0296610169491525,83.1361242406653,3.40198973874845,49.1162268531808,2.96610169491525
2021-05-20,51569,34,43104,26,8465,8,47193,27,340487,594,387680,621,0,638,6,247,28,50684,1,1426,661,"Knox County",470313,28.2790397033465,0.0331356818974538,132.039726735174,7.22922819484046,52.5182165919292,3.31356818974538
2021-05-19,51535,14,43078,6,8457,8,47166,6,339893,544,387059,550,0,638,-29,241,43,50656,1,1425,660,"Knox County",470313,27.8537909860029,0.0317460317460317,116.943397269478,2.97674102140489,51.2424704398985,3.17460317460317
2021-05-18,51521,24,43072,14,8449,10,47160,14,339349,444,386509,458,1,638,-21,270,44,50613,0,1424,660,"Knox County",470313,29.1295371380336,0.0326050420168067,97.3819562716744,5.10298460812268,57.4085768413801,3.26050420168067
2021-05-17,51497,15,43058,8,8439,7,47146,8,338905,420,386051,428,0,637,-18,291,33,50569,0,1424,659,"Knox County",470313,27.0032935513158,0.0274204468517265,91.0032255115211,3.18936538007667,61.8736883734874,2.74204468517265
2021-05-16,51482,22,43050,13,8432,9,47138,12,338485,272,385623,284,1,637,-10,309,31,50536,1,1424,659,"Knox County",470313,28.2790397033465,0.0282861896838602,60.385317862785,4.67773589077912,65.7009268295794,2.82861896838602
2021-05-15,51460,23,43037,13,8423,10,47126,17,338213,336,385339,353,0,636,-8,319,31,50505,2,1423,658,"Knox County",470313,31.4684050834232,0.0317666126418152,75.0563986111377,4.8903602494509,67.8271704162972,3.17666126418152
2021-05-14,51437,36,43024,25,8413,11,47109,26,337877,498,384986,524,0,636,4,327,32,50474,4,1421,657,"Knox County",470313,35.7208922568587,0.0341827221876942,111.415163944012,7.65447691218401,69.5281652856715,3.41827221876942
2021-05-13,51401,31,42999,17,8402,14,47083,17,337379,376,384462,393,0,636,-17,323,48,50442,0,1417,657,"Knox County",470313,35.0830191808434,0.0334448160535117,83.5613729580088,6.59135511882512,68.6776678509843,3.34448160535117
2021-05-12,51370,34,42982,28,8388,6,47066,26,337003,506,384069,532,0,636,-15,340,49,50394,0,1417,657,"Knox County",470313,39.335506354279,0.0403768506056528,113.116158813386,7.22922819484046,72.2922819484046,4.03768506056528
2021-05-11,51336,36,42954,30,8382,6,47040,31,336497,555,383537,586,0,636,-11,355,47,50345,4,1417,657,"Knox County",470313,41.8869986583403,0.0441935483870968,124.597874181662,7.65447691218401,75.4816473284812,4.41935483870968
2021-05-10,51300,21,42924,14,8376,7,47009,13,335942,277,382951,290,1,636,-26,366,46,50298,1,1413,657,"Knox County",470313,43.162744810371,0.0479405806887238,61.6610640148157,4.46511153210734,77.8205152738708,4.79405806887238
2021-05-09,51279,17,42910,14,8369,3,46996,17,335665,369,382661,386,0,635,-22,392,39,50252,1,1412,656,"Knox County",470313,42.0996230170121,0.047976501305483,82.0730024473064,3.61461409742023,83.348748599337,4.7976501305483
2021-05-08,51262,20,42896,11,8366,9,46979,14,335296,307,382275,321,0,635,-18,414,38,50213,1,1411,656,"Knox County",470313,41.4617499409967,0.0474934036939314,68.2524191336408,4.25248717343556,88.0264844901162,4.74934036939314
2021-05-07,51242,43,42885,31,8357,12,46965,33,334989,576,381954,609,0,635,3,432,40,50175,0,1410,656,"Knox County",470313,42.9501204516992,0.0484440166827077,129.488234431113,9.14284742288646,91.8537229462082,4.84440166827077
2021-05-06,51199,40,42854,26,8345,14,46932,28,334413,340,381345,368,1,635,-8,429,47,50135,0,1410,656,"Knox County",470313,44.8637396797452,0.0523932729624838,78.2457639912144,8.50497434687113,91.2158498701928,5.23932729624838
2021-05-05,51159,51,42828,32,8331,19,46904,38,334073,585,380977,623,0,634,5,437,46,50088,4,1410,655,"Knox County",470313,48.4783537771654,0.0546654099905749,132.464975452518,10.8438422922607,92.9168447395671,5.46654099905749
2021-05-04,51108,50,42796,32,8312,18,46866,34,333488,536,380354,570,0,634,6,432,44,50042,0,1406,655,"Knox County",470313,51.4550947985703,0.0558888538048626,121.195884442914,10.6312179335889,91.8537229462082,5.58888538048626
2021-05-03,51058,24,42764,9,8294,15,46832,7,332952,309,379784,316,1,634,-37,426,60,49998,1,1406,655,"Knox County",470313,52.0929678745856,0.053554650798622,67.1892973402819,5.10298460812268,90.5779767941775,5.3554650798622
2021-05-02,51034,25,42755,18,8279,7,46825,20,332643,288,379468,308,0,633,-17,463,42,49938,2,1405,654,"Knox County",470313,53.7939627439599,0.0558587479935795,65.4883024709077,5.31560896679445,98.4450780650333,5.58587479935795
2021-05-01,51009,45,42737,35,8272,10,46805,38,332355,450,379160,488,0,633,7,480,38,49896,2,1403,654,"Knox County",470313,59.1095717107543,0.0603290676416819,103.760687031828,9.56809614023002,102.059692162454,6.03290676416819
2021-04-30,50964,58,42702,30,8262,28,46767,29,331905,567,378672,596,0,633,-9,473,67,49858,3,1401,654,"Knox County",470313,62.298937090831,0.0593453655552157,126.72411776838,12.3322128029631,100.571321651751,5.93453655552157
2021-04-29,50906,54,42672,34,8234,20,46738,35,331338,571,378076,606,0,633,-2,482,56,49791,2,1398,653,"Knox County",470313,65.2756781122359,0.0573139435414885,128.850361355098,11.481715368276,102.484940879797,5.73139435414885
2021-04-28,50852,47,42638,28,8214,19,46703,34,330767,543,377470,577,4,633,-38,484,81,49735,1,1396,653,"Knox County",470313,64.4251806775488,0.0569199653279399,122.684254953616,9.99334485757357,102.910189597141,5.69199653279399
2021-04-27,50805,39,42610,17,8195,22,46669,20,330224,392,376893,412,1,629,-33,522,71,49654,2,1395,651,"Knox County",470313,62.0863127321592,0.0554041780199818,87.6012357727726,8.29234998819935,110.989915226668,5.54041780199818
2021-04-26,50766,69,42593,36,8173,33,46649,40,329832,480,376481,520,1,628,2,555,66,49583,0,1393,650,"Knox County",470313,71.6544088723892,0.0615911035072712,110.564666509325,14.6710807483527,118.006519062837,6.15911035072712
2021-04-25,50697,38,42557,25,8140,13,46609,26,329352,341,375961,367,0,627,-4,553,42,49517,3,1393,648,"Knox County",470313,74.4185255351224,0.0622546270330903,78.0331396325426,8.07972562952757,117.581270345493,6.22546270330903
2021-04-24,50659,35,42532,22,8127,13,46583,28,329011,510,375594,538,0,627,-28,557,63,49475,3,1390,648,"Knox County",470313,72.2922819484046,0.0586283185840708,114.391904965417,7.44185255351224,118.43176778018,5.86283185840708
2021-04-23,50624,43,42510,31,8114,12,46555,36,328501,553,375056,589,0,627,-4,585,47,49412,2,1387,647,"Knox County",470313,69.1029165683279,0.0606816292601829,125.235747257677,9.14284742288646,124.38524982299,6.06816292601829
2021-04-22,50581,79,42479,62,8102,17,46519,65,327948,787,374467,852,1,627,15,589,63,49365,1,1385,646,"Knox County",470313,74.4185255351224,0.064591439688716,181.155953588355,16.7973243350705,125.235747257677,6.4591439688716
2021-04-21,50502,62,42417,34,8085,28,46454,35,327161,479,373615,514,1,626,-2,574,63,49302,1,1384,645,"Knox County",470313,77.607890915199,0.0659282700421941,109.288920357294,13.1827102376502,122.046381877601,6.59282700421941
2021-04-20,50440,38,42383,34,8057,4,46419,39,326682,474,373101,513,1,625,-32,576,69,49239,1,1383,644,"Knox County",470313,77.3952665565272,0.0690983817107629,109.076295998622,8.07972562952757,122.471630594944,6.90983817107629
2021-04-19,50402,65,42349,41,8053,24,46380,39,326208,336,372588,375,0,624,-3,608,68,49170,0,1382,643,"Knox County",470313,76.5447691218401,0.0715048025613661,79.7341345019168,13.8205833136656,129.275610072441,7.15048025613661
2021-04-18,50337,38,42308,27,8029,11,46341,32,325872,364,372213,396,0,624,-12,611,50,49102,1,1382,643,"Knox County",470313,76.5447691218401,0.0725443473656341,84.1992460340241,8.07972562952757,129.913483148456,7.25443473656341
2021-04-17,50299,37,42281,18,8018,19,46309,23,325508,335,371817,358,0,624,-23,623,60,49052,1,1381,642,"Knox County",470313,76.9700178391837,0.0747845426744509,76.1195204044966,7.86710127085579,132.464975452518,7.47845426744509
2021-04-16,50262,346,42263,330,7999,16,46286,369,325173,2088,371459,2457,1,624,279,646,66,48992,4,1380,642,"Knox County",470313,141.395198516732,0.110155535224154,522.418049256559,73.5680281004352,137.355335701969,11.0155535224154
2021-04-15,49916,86,41933,54,7983,32,45917,55,323085,577,369002,632,1,623,12,367,73,48926,0,1376,641,"Knox County",470313,142.883569027435,0.112869399428027,134.378594680564,18.2856948457729,78.0331396325426,11.2869399428027
2021-04-14,49830,85,41879,60,7951,25,45862,62,322508,684,368370,746,0,622,-1,355,86,48853,3,1376,640,"Knox County",470313,147.773929276886,0.113018075588826,158.617771569146,18.0730704871011,75.4816473284812,11.3018075588826
2021-04-13,49745,68,41819,38,7926,30,45800,43,321824,339,367624,382,-5,622,-8,356,81,48767,1,1373,640,"Knox County",470313,154.152660037039,0.116535727646839,81.2225050126193,14.4584563896809,75.694271687153,11.6535727646839
2021-04-12,49677,63,41781,43,7896,20,45757,50,321485,360,367242,410,1,627,-24,364,86,48686,0,1372,640,"Knox County",470313,153.727411319696,0.11782196617729,87.175987055429,13.395334596322,77.3952665565272,11.782196617729
2021-04-11,49614,26,41738,14,7876,12,45707,14,321125,296,366832,310,2,626,-26,388,50,48600,0,1372,639,"Knox County",470313,151.175919015634,0.116336166194523,65.9135511882512,5.52823332546623,82.4982511646499,11.6336166194523
2021-04-10,49588,50,41724,33,7864,17,45693,41,320829,571,366522,612,0,624,6,414,44,48550,1,1372,639,"Knox County",470313,153.940035678367,0.114254820688412,130.126107507128,10.6312179335889,88.0264844901162,11.4254820688412
2021-04-09,49538,82,41691,62,7847,20,45652,71,320258,620,365910,691,5,624,11,408,66,48506,2,1371,638,"Knox County",470313,97.8072049890179,0.0888183980967486,146.923431842199,17.4351974110858,86.7507383380855,8.88183980967486
2021-04-08,49456,49,41629,26,7827,23,45581,26,319638,465,365219,491,-6,619,-23,397,78,48440,0,1369,638,"Knox County",470313,89.9401037181622,0.0842943437671609,104.398560107843,10.4185935749171,84.4118703926959,8.42943437671609
2021-04-07,49407,77,41603,54,7804,23,45555,57,319173,768,364728,825,2,625,9,420,66,48362,1,1369,637,"Knox County",470313,88.2391088487879,0.0811609782316582,175.415095904217,16.3720756177269,89.3022306421468,8.11609782316582
2021-04-06,49330,75,41549,41,7781,34,45498,45,318405,421,363903,466,2,623,-4,411,77,48296,0,1368,637,"Knox County",470313,89.7274793594904,0.0798948751642576,99.0829511410486,15.9468269003834,87.3886114141008,7.98948751642576
2021-04-05,49255,44,41508,32,7747,12,45453,35,317984,266,363437,301,0,621,-60,415,104,48219,3,1368,637,"Knox County",470313,85.6876165447266,0.0781926406926407,63.9999319602052,9.35547178155824,88.2391088487879,7.81926406926407
2021-04-04,49211,49,41476,31,7735,18,45418,40,317718,341,363136,381,3,621,-27,475,73,48115,0,1365,635,"Knox County",470313,90.5779767941775,0.0836209185027874,81.0098806539475,10.4185935749171,100.996570369095,8.36209185027874
2021-04-03,49162,81,41445,64,7717,17,45378,71,317377,593,362755,664,0,618,6,502,75,48042,0,1365,634,"Knox County",470313,97.1693319130026,0.0903377847604085,141.182574158061,17.222573052414,106.737428053233,9.03377847604085
2021-04-02,49081,76,41381,45,7700,31,45307,45,316784,529,362091,574,0,618,6,496,70,47967,2,1365,631,"Knox County",470313,95.8935857609719,0.0861696380334954,122.046381877601,16.1594512590551,105.461681901202,8.61696380334954
2021-04-01,49005,75,41336,63,7669,12,45262,67,316255,580,361517,647,1,618,-20,490,94,47897,1,1363,629,"Knox County",470313,101.421819086438,0.0933125972006221,137.56796006064,15.9468269003834,104.185935749171,9.33125972006221
2021-03-31,48930,87,41273,66,7657,21,45195,72,315675,765,360870,837,3,617,-16,510,100,47803,2,1362,629,"Knox County",470313,103.548062673156,0.0968992248062016,177.966588208278,18.4983192044447,108.438422922607,9.68992248062016
2021-03-30,48843,57,41207,33,7636,24,45123,38,314910,460,360033,498,1,614,-25,526,81,47703,2,1360,627,"Knox County",470313,99.7208242170639,0.0943106099436187,105.886930618546,12.1195884442914,111.840412661355,9.43106099436187
2021-03-29,48786,43,41174,21,7612,22,45085,22,314450,399,359535,421,5,613,-58,551,96,47622,0,1358,625,"Knox County",470313,99.5081998583922,0.0882645450024863,89.5148550008186,9.14284742288646,117.15602162815,8.82645450024863
2021-03-28,48743,80,41153,46,7590,34,45063,49,314051,484,359114,533,2,608,13,609,65,47526,5,1358,624,"Knox County",470313,106.099554977217,0.0872065165309056,113.328783172058,17.0099486937423,129.488234431113,8.72065165309056
2021-03-27,48663,42,41107,39,7556,3,45014,42,313567,442,358581,484,0,606,-16,596,58,47461,2,1353,623,"Knox County",470313,97.8072049890179,0.0838758137205809,102.910189597141,8.93022306421468,126.72411776838,8.38758137205809
2021-03-26,48621,79,41068,54,7553,25,44972,60,313125,416,358097,476,0,606,1,612,78,47403,2,1351,621,"Knox County",470313,98.4450780650333,0.0898357289527721,101.209194727766,16.7973243350705,130.126107507128,8.98357289527721
2021-03-25,48542,88,41014,64,7528,24,44912,67,312709,570,357621,637,0,606,6,611,82,47325,4,1349,619,"Knox County",470313,101.209194727766,0.0900669068450849,135.441716473923,18.7109435631165,129.913483148456,9.00669068450849
2021-03-24,48454,123,40950,91,7504,32,44845,95,312139,780,356984,875,1,606,39,605,83,47243,3,1345,618,"Knox County",470313,108.86367163995,0.0950560652395515,186.046313837806,26.1527961166287,128.637736996426,9.50560652395515
2021-03-23,48331,87,40859,57,7472,30,44750,63,311359,530,356109,593,1,605,16,566,70,47160,3,1342,617,"Knox County",470313,115.242402400104,0.0990296093555611,126.086244692364,18.4983192044447,120.345387008226,9.90296093555611
2021-03-22,48244,115,40802,78,7442,37,44687,81,310829,517,355516,598,2,604,31,550,82,47090,1,1339,616,"Knox County",470313,130.551356224472,0.108913250714967,127.149366485723,24.4518012472545,116.943397269478,10.8913250714967
2021-03-21,48129,50,40724,33,7405,17,44606,34,310312,330,354918,364,0,602,4,519,46,47008,1,1338,616,"Knox County",470313,124.172625464318,0.109759125900174,77.3952665565272,10.6312179335889,110.352042150653,10.9759125900174
2021-03-20,48079,59,40691,29,7388,30,44572,33,309982,315,354554,348,0,602,3,515,56,46962,4,1337,615,"Knox County",470313,127.787239561739,0.111282446671807,73.9932768177788,12.5448371616349,109.501544715966,11.1282446671807
2021-03-19,48020,146,40662,102,7358,44,44539,117,309667,955,354206,1072,3,602,51,512,92,46906,3,1333,615,"Knox County",470313,142.033071592748,0.109204368174727,227.933312496146,31.0431563660796,108.86367163995,10.9204368174727
2021-03-18,47874,68,40560,50,7314,18,44422,66,308712,627,353134,693,2,599,-16,461,82,46814,1,1330,614,"Knox County",470313,137.780584419312,0.107638124587277,147.348680559542,14.4584563896809,98.0198293476897,10.7638124587277
2021-03-17,47806,46,40510,36,7296,10,44356,41,308085,498,352441,539,1,597,-40,477,85,46732,3,1329,614,"Knox County",470313,121.408508801585,0.103399096743523,114.604529324088,9.7807204989018,101.421819086438,10.3399096743523
2021-03-16,47760,128,40474,84,7286,44,44315,100,307587,698,351902,798,0,596,47,517,81,46647,3,1326,612,"Knox County",470313,130.126107507128,0.106980961015413,169.674238220079,27.2159179099876,109.926793433309,10.6980961015413
2021-03-15,47632,44,40390,28,7242,16,44215,40,306889,290,351104,330,1,596,-65,470,108,46566,1,1323,611,"Knox County",470313,115.029778041432,0.104005791505792,70.1660383616868,9.35547178155824,99.9334485757357,10.4005791505792
2021-03-14,47588,60,40362,38,7226,22,44175,46,306599,405,350774,451,0,595,-13,535,73,46458,0,1322,610,"Knox County",470313,117.15602162815,0.104703379815646,95.893585760972,12.7574615203067,113.754031889401,10.4703379815646
2021-03-13,47528,71,40324,34,7204,37,44129,41,306194,623,350323,664,1,595,-11,548,81,46385,1,1322,610,"Knox County",470313,119.707513932211,0.0991862766659336,141.182574158061,15.0963294656962,116.518148552134,9.91862766659336
2021-03-12,47457,63,40290,60,7167,3,44088,67,305571,691,349659,758,0,594,-52,559,115,46304,1,1321,608,"Knox County",470313,102.059692162454,0.0947318686510749,161.169263873208,13.395334596322,118.857016497524,9.47318686510749
2021-03-11,47394,83,40230,56,7164,27,44021,66,304880,627,348901,693,2,594,-22,611,103,46189,0,1320,606,"Knox County",470313,105.24905754253,0.0947318686510749,147.348680559542,17.6478217697576,129.913483148456,9.47318686510749
2021-03-10,47311,95,40174,72,7137,23,43955,82,304253,1001,348208,1083,2,592,26,633,67,46086,1,1320,605,"Knox County",470313,115.667651117447,0.0925266903914591,230.272180441536,20.1993140738189,134.591219039236,9.25266903914591
2021-03-09,47216,80,40102,50,7114,30,43873,55,303252,597,347125,652,0,590,-5,607,85,46019,2,1319,605,"Knox County",470313,105.461681901202,0.085726624919024,138.631081853999,17.0099486937423,129.062985713769,8.5726624919024
2021-03-08,47136,85,40052,57,7084,28,43818,63,302655,411,346473,474,1,590,-30,612,114,45934,0,1317,600,"Knox County",470313,114.179280606745,0.0879581151832461,100.783946010423,18.0730704871011,130.126107507128,8.79581151832461
2021-03-07,47051,64,39995,40,7056,24,43755,42,302244,327,345999,369,0,589,-5,642,69,45820,0,1317,598,"Knox County",470313,115.029778041432,0.0886426592797784,78.4583883498861,13.6079589549938,136.504838267282,8.86426592797784
2021-03-06,46987,125,39955,87,7032,38,43713,95,301917,848,345630,943,0,589,40,647,85,45751,1,1317,598,"Knox County",470313,126.511493409708,0.0945293644408689,200.504770227487,26.5780448339723,137.56796006064,9.45293644408689
2021-03-05,46862,70,39868,44,6994,26,43618,49,301069,520,344687,569,2,589,-19,607,87,45666,2,1316,598,"Knox County",470313,127.99986392041,0.0945013589797198,120.983260084242,14.8837051070245,129.062985713769,9.45013589797198
2021-03-04,46792,112,39824,85,6968,27,43569,100,300549,1094,344118,1194,5,587,-1,626,108,45579,1,1314,596,"Knox County",470313,134.165970321892,0.0919757759273278,253.873484254103,23.8139281712392,133.102848528533,9.19757759273278
2021-03-03,46680,74,39739,33,6941,41,43469,40,299455,497,342924,537,1,582,-49,627,122,45471,4,1313,594,"Knox County",470313,129.700858789785,0.0937104263402279,114.179280606745,15.7342025417116,133.315472887205,9.37104263402279
2021-03-02,46606,133,39706,91,6900,42,43429,99,298958,807,342387,906,-1,581,9,676,125,45349,2,1309,593,"Knox County",470313,140.969949799389,0.0977564102564103,192.637668956631,28.2790397033465,143.734066462122,9.77564102564103
2021-03-01,46473,59,39615,33,6858,26,43330,35,298151,165,341481,200,1,582,-58,667,116,45224,1,1307,588,"Knox County",470313,135.441716473923,0.0974989402289105,42.5248717343556,12.5448371616349,141.820447234076,9.74989402289106
2021-02-28,46414,77,39582,53,6832,24,43295,63,297986,563,341281,626,2,581,-18,725,93,45108,2,1306,588,"Knox County",470313,138.205833136656,0.0966834170854271,133.102848528533,16.3720756177269,154.152660037039,9.66834170854271
2021-02-27,46337,82,39529,47,6808,35,43232,58,297423,670,340655,728,1,579,-33,743,114,45015,3,1304,587,"Knox County",470313,129.062985713769,0.0932773109243697,154.790533113054,17.4351974110858,157.979898493131,9.32773109243698
2021-02-26,46255,107,39482,70,6773,37,43174,80,296753,506,339927,586,5,578,-17,776,119,44901,1,1301,586,"Knox County",470313,136.930086984625,0.0994347917102784,124.597874181662,22.7508063778803,164.9965023293,9.94347917102784
2021-02-25,46148,131,39412,92,6736,39,43094,97,296247,1029,339341,1126,2,573,-7,793,136,44782,5,1300,586,"Knox County",470313,140.969949799389,0.100233595243151,239.415027864422,27.8537909860029,168.61111642672,10.0233595243151
2021-02-24,46017,102,39320,72,6697,30,42997,80,295218,969,338215,1049,2,571,-30,800,130,44646,2,1295,585,"Knox County",470313,146.923431842199,0.0980655046925876,223.042952246695,21.6876845845214,170.099486937423,9.80655046925876
2021-02-23,45915,122,39248,68,6667,54,42917,75,294249,758,337166,833,5,569,-32,830,149,44516,6,1293,584,"Knox County",470313,144.584563896809,0.0947940947940948,177.116090773591,25.9401717579569,176.478217697576,9.47940947940948
2021-02-22,45793,62,39180,33,6613,29,42842,38,293491,306,336333,344,3,564,-110,862,169,44367,3,1287,582,"Knox County",470313,145.222436972824,0.0927815570672714,73.1427793830917,13.1827102376502,183.282197175073,9.27815570672714
2021-02-21,45731,82,39147,41,6584,41,42804,45,293185,499,335989,544,2,561,-31,972,111,44198,3,1284,580,"Knox County",470313,146.285558766183,0.0907869481765835,115.667651117447,17.4351974110858,206.670876628968,9.07869481765835
2021-02-20,45649,137,39106,98,6543,39,42759,115,292686,1007,335445,1122,1,559,8,1003,128,44087,2,1281,577,"Knox County",470313,157.979898493131,0.0945753033547466,238.564530429735,29.1295371380336,213.262231747793,9.45753033547466
2021-02-19,45512,95,39008,43,6504,52,42644,48,291679,274,334323,322,1,558,-83,995,177,43959,2,1279,576,"Knox County",470313,155.42840618907,0.0932584269662921,68.4650434923126,20.1993140738189,211.561236878419,9.32584269662921
2021-02-18,45417,155,38965,111,6452,44,42596,119,291405,987,334001,1106,4,557,-37,1078,188,43782,6,1277,574,"Knox County",470313,160.531390797193,0.0977443609022556,235.162540690987,32.9567755941256,229.209058648177,9.77443609022556
2021-02-17,45262,114,38854,68,6408,46,42477,76,290418,892,332895,968,1,553,-50,1115,163,43594,4,1271,568,"Knox County",470313,163.082883101254,0.098492078640962,205.820379194281,24.2391768885827,237.076159919033,9.8492078640962
2021-02-16,45148,146,38786,90,6362,56,42401,101,289526,818,331927,919,2,552,-41,1165,185,43431,4,1267,565,"Knox County",470313,168.185867709377,0.101784037558685,195.401785619364,31.0431563660796,247.707377852622,10.1784037558685
2021-02-15,45002,76,38696,36,6306,40,42300,43,288708,312,331008,355,2,550,-140,1206,214,43246,1,1263,565,"Knox County",470313,171.162608730781,0.102511244377811,75.4816473284812,16.1594512590551,256.424976558164,10.2511244377811
2021-02-14,44926,164,38660,134,6266,30,42257,134,288396,706,330653,840,2,548,19,1346,143,43032,5,1262,564,"Knox County",470313,188.597806141867,0.112926136363636,178.604461284294,34.8703948221716,286.192386772213,11.2926136363636
2021-02-13,44762,135,38526,91,6236,44,42123,106,287690,870,329813,976,4,546,-9,1327,140,42889,7,1257,563,"Knox County",470313,188.172557424524,0.114290922347794,207.521374063655,28.7042884206901,282.15252395745,11.4290922347794
2021-02-12,44627,179,38435,114,6192,65,42017,124,286820,995,328837,1119,3,542,13,1336,163,42749,3,1250,559,"Knox County",470313,206.033003552953,0.111889224892567,237.92665735372,38.0597602022483,284.066143185496,11.1889224892567
2021-02-11,44448,162,38321,112,6127,50,41893,118,285825,1133,327718,1251,5,539,-34,1323,191,42586,5,1247,558,"Knox County",470313,207.521374063655,0.109209707529558,265.993072698394,34.4451461048281,281.302026522763,10.9209707529558
2021-02-10,44286,148,38209,106,6077,42,41775,112,284692,1032,326467,1144,7,534,-48,1357,189,42395,6,1242,556,"Knox County",470313,214.750602258496,0.111750454270139,243.242266320514,31.4684050834232,288.531254717603,11.1750454270139
2021-02-09,44138,209,38103,154,6035,55,41663,165,283660,1022,325323,1187,0,527,12,1405,197,42206,6,1236,554,"Knox County",470313,228.145936854818,0.116705471478463,252.385113743401,44.4384909624016,298.737223933848,11.6705471478463
2021-02-08,43929,107,37949,72,5980,35,41498,76,282638,371,324136,447,4,527,-159,1393,262,42009,2,1230,549,"Knox County",470313,234.737291973643,0.119902354968409,95.0430883262848,22.7508063778803,296.185731629787,11.9902354968409
2021-02-07,43822,108,37877,75,5945,33,41422,83,282267,716,323689,799,1,523,-28,1552,135,41747,2,1228,546,"Knox County",470313,222.830327888024,0.11324570273003,169.886862578751,22.963430736552,329.9930046586,11.324570273003
2021-02-06,43714,304,37802,176,5912,128,41339,197,281551,1396,322890,1593,2,522,136,1580,166,41612,6,1226,545,"Knox County",470313,258.763844503554,0.11604774535809,338.710603364143,64.6378050362206,335.94648670141,11.604774535809
2021-02-05,43410,177,37626,131,5784,46,41142,143,280155,727,321297,870,8,520,-5,1444,174,41446,4,1220,541,"Knox County",470313,258.33859578621,0.122616924975998,184.983192044447,37.6345114849047,307.029573922048,12.2616924975998
2021-02-04,43233,199,37495,148,5738,51,40999,161,279428,1581,320427,1742,2,512,-1,1449,198,41272,7,1216,538,"Knox County",470313,266.205697057066,0.120406065278849,370.391632806238,42.3122473756839,308.092695715407,12.0406065278849
2021-02-03,43034,230,37347,165,5687,65,40838,172,277847,1634,318685,1806,5,510,-9,1450,234,41074,7,1209,530,"Knox County",470313,283.640894468152,0.118072003789673,383.999591761231,48.903602494509,308.305320074078,11.8072003789673
2021-02-02,42804,91,37182,70,5622,21,40666,77,276213,291,316879,368,7,505,-159,1459,243,40840,1,1202,530,"Knox County",470313,258.551220144882,0.119213114754098,78.2457639912144,19.3488166391318,310.218939302124,11.9213114754098
2021-02-01,42713,153,37112,82,5601,71,40589,97,275922,425,316511,522,4,498,-125,1618,274,40597,2,1201,528,"Knox County",470313,268.331940643784,0.120779220779221,110.989915226668,32.5315268767821,344.026212330937,12.0779220779221
2021-01-31,42560,174,37030,120,5530,54,40492,129,275497,939,315989,1068,7,494,13,1743,154,40323,4,1199,525,"Knox County",470313,282.365148316121,0.122474589032501,227.082815061459,36.9966384088894,370.604257164909,12.2474589032501
2021-01-30,42386,277,36910,233,5476,44,40363,250,274558,1518,314921,1768,7,487,92,1730,178,40169,9,1195,523,"Knox County",470313,276.624290631983,0.12635068762279,375.919866131704,58.8969473520825,367.840140502176,12.635068762279
2021-01-29,42109,101,36677,52,5432,49,40113,62,273040,376,313153,438,4,480,-140,1638,237,39991,1,1186,517,"Knox County",470313,260.464839372928,0.122925311203319,93.1294690982388,21.4750602258496,348.278699504373,12.2925311203319
2021-01-28,42008,157,36625,116,5383,41,40051,129,272664,656,312715,785,9,476,-75,1778,223,39754,5,1185,512,"Knox County",470313,251.534616308714,0.13560325684678,166.910121557346,33.3820243114692,378.046109718422,13.560325684678
2021-01-27,41851,168,36509,123,5342,45,39922,125,272008,893,311930,1018,12,467,-73,1853,229,39531,2,1180,508,"Knox County",470313,238.351906071063,0.14563432210491,216.45159712787,35.7208922568587,393.992936618805,14.563432210491
2021-01-26,41683,234,36386,173,5297,61,39797,193,271115,1041,310912,1234,3,455,-26,1926,257,39302,7,1178,504,"Knox County",470313,268.757189361128,0.144153373335285,262.378458600974,49.7540999291961,409.514514801845,14.4153373335285
2021-01-25,41449,157,36213,105,5236,52,39604,115,270074,415,309678,530,9,452,-201,1952,349,39045,1,1171,497,"Knox County",470313,269.607686795815,0.146615991814062,112.690910096042,33.3820243114692,415.042748127311,14.6615991814062
2021-01-24,41292,157,36108,104,5184,53,39489,111,269659,791,309148,902,4,443,-98,2153,251,38696,2,1170,493,"Knox County",470313,265.993072698394,0.147565543071161,191.787171521944,33.3820243114692,457.780244220338,14.7565543071161
2021-01-23,41135,309,36004,222,5131,87,39378,232,268868,1492,308246,1724,7,439,63,2251,239,38445,7,1168,487,"Knox County",470313,272.797052175891,0.145830191524657,366.564394350146,65.7009268295794,478.617431370173,14.5830191524657
2021-01-22,40826,178,35782,143,5044,35,39146,176,267376,1173,306522,1349,3,432,-151,2188,326,38206,8,1161,483,"Knox County",470313,289.169127793618,0.143330681516839,286.830259848229,37.8471358435765,465.222096773851,14.3330681516839
2021-01-21,40648,268,35639,195,5009,73,38970,203,266203,1080,305173,1283,11,429,-124,2339,381,37880,6,1153,475,"Knox County",470313,312.770431606186,0.14365671641791,272.797052175891,56.9833281240365,497.328374933289,14.365671641791
2021-01-20,40380,192,35444,131,4936,61,38767,131,265123,736,303890,867,10,418,-156,2463,338,37499,8,1147,469,"Knox County",470313,317.873416214308,0.147166941310686,184.345318968432,40.8238768649814,523.69379540859,14.7166941310686
2021-01-19,40188,310,35313,195,4875,115,38636,219,264387,957,303023,1176,8,408,-86,2619,388,37161,14,1139,459,"Knox County",470313,334.032867473363,0.151577065508875,250.046245798011,65.9135511882512,556.863195361387,15.1577065508875
2021-01-18,39878,129,35118,80,4760,49,38417,87,263430,472,301847,559,7,400,-365,2705,487,36773,4,1125,456,"Knox County",470313,328.079385430554,0.147455470737913,118.857016497524,27.4285422686594,575.14889020716,14.7455470737913
2021-01-17,39749,181,35038,138,4711,43,38330,151,262958,690,301288,841,3,393,-208,3070,386,36286,8,1121,447,"Knox County",470313,333.182370038676,0.153737658674189,178.817085642965,38.4850089195918,652.756781122359,15.3737658674189
2021-01-16,39568,421,34900,340,4668,81,38179,389,262268,1757,300447,2146,1,390,8,3278,412,35900,7,1113,441,"Knox County",470313,356.996298209916,0.164943437538012,456.291873709636,89.5148550008186,696.982647726089,16.4943437538012
2021-01-15,39147,187,34560,149,4587,38,37790,153,260511,755,298301,908,0,389,-94,3270,281,35488,4,1106,433,"Knox County",470313,358.909917437962,0.17133676092545,193.062917673975,39.7607550716225,695.281652856715,17.133676092545
2021-01-14,38960,338,34411,267,4549,71,37637,290,259756,1479,297393,1769,6,389,-92,3364,424,35207,8,1102,423,"Knox County",470313,373.793622544986,0.171788047423179,376.132490490376,71.867033231061,715.268342571862,17.1788047423179
2021-01-13,38622,249,34144,201,4478,48,37347,206,258277,946,295624,1152,12,383,-249,3456,486,34783,6,1094,416,"Knox County",470313,385.913210989277,0.174833352824231,244.943261189888,52.9434653092728,734.829783569665,17.4833352824231
2021-01-12,38373,332,33943,261,4430,71,37141,283,257331,1181,294472,1464,10,371,-176,3705,498,34297,6,1088,414,"Knox County",470313,390.590946880056,0.176377418259984,311.282061095483,70.5912870790304,787.773248878938,17.6377418259984
2021-01-11,38041,244,33682,197,4359,47,36858,228,256150,726,293008,954,4,361,-396,3881,636,33799,5,1082,409,"Knox County",470313,415.042748127311,0.184102230885857,202.843638172876,51.8803435159139,825.195136005171,18.4102230885857
2021-01-10,37797,328,33485,205,4312,123,36630,222,255424,1013,292054,1235,5,357,-4,4277,327,33163,17,1077,403,"Knox County",470313,446.298528852062,0.183942667220607,262.591082959646,69.7407896443432,909.394382039195,18.3942667220607
2021-01-09,37469,475,33280,393,4189,82,36408,426,254411,1384,290819,1810,5,352,101,4281,369,32836,12,1060,397,"Knox County",470313,457.780244220338,0.194575979337064,384.850089195918,100.996570369095,910.244879473882,19.4575979337064
2021-01-08,36994,459,32887,371,4107,88,35982,392,253027,1432,289009,1824,7,347,267,4180,185,32467,6,1048,395,"Knox County",470313,515.614069779062,0.200528996865204,387.826830217323,97.5945806303462,888.769819248033,20.0528996865204
2021-01-07,36535,389,32516,346,4019,43,35590,354,251595,1309,287185,1663,10,340,73,3913,306,32282,10,1042,387,"Knox County",470313,526.457912071323,0.208968521084934,353.594308471167,82.7108755233217,831.999115482668,20.8968521084934
2021-01-06,36146,496,32170,362,3976,134,35236,378,250286,1187,285522,1565,9,330,58,3840,429,31976,15,1032,384,"Knox County",470313,578.976128663252,0.217118402282454,332.757121321333,105.461681901202,816.477537299628,21.7118402282454
2021-01-05,35650,520,31808,328,3842,192,34858,345,249099,1193,283957,1538,14,321,32,3782,474,31547,14,1017,375,"Knox County",470313,618.949508093546,0.221456228161299,327.016263637195,110.564666509325,804.145324496665,22.1456228161299
2021-01-04,35130,322,31480,228,3650,94,34513,249,247906,654,282419,903,6,307,-222,3750,538,31073,6,1003,369,"Knox County",470313,635.534208069945,0.224520781932055,191.999795880616,68.4650434923126,797.341345019168,22.4520781932055
2021-01-03,34808,285,31252,182,3556,103,34264,195,247252,608,281516,803,2,301,-15,3972,298,30535,10,997,361,"Knox County",470313,626.391360647058,0.231446665347318,170.737360013438,60.5979422214568,844.543952644303,23.1446665347318
2021-01-02,34523,422,31070,319,3453,103,34069,345,246644,1095,280713,1440,0,299,105,3987,317,30237,22,987,352,"Knox County",470313,615.122269637454,0.231922760887428,306.179076487361,89.7274793594904,847.73331802438,23.1922760887428
2021-01-01,34101,419,30751,349,3350,70,33724,374,245549,1297,279273,1671,2,299,2,3882,415,29920,8,965,348,"Knox County",470313,606.617295290583,0.233747260774288,355.295303340541,89.089606283475,825.407760363843,23.3747260774288
2020-12-31,33682,448,30402,311,3280,137,33350,322,244252,929,277602,1251,12,297,0,3880,436,29505,8,957,342,"Knox County",470313,619.162132452218,0.240758913967942,265.993072698394,95.2557126849566,824.982511646499,24.0758913967942
2020-12-30,33234,363,30091,248,3143,115,33028,271,243323,931,276351,1202,6,285,-146,3880,503,29069,9,949,339,"Knox County",470313,590.883092748871,0.238533151680291,255.574479123477,77.1826421978555,824.982511646499,23.8533151680291
2020-12-29,32871,590,29843,398,3028,192,32757,420,242392,1081,275149,1501,7,279,111,4026,472,28566,14,940,335,"Knox County",470313,605.766797855896,0.248090297571543,319.149162366339,125.448371616349,856.025668012579,24.8090297571543
2020-12-28,32281,252,29445,174,2836,78,32337,185,241311,565,273648,750,4,272,-331,3915,579,28094,4,926,327,"Knox County",470313,590.883092748871,0.245068461359944,159.468269003834,53.5813383852881,832.424364200011,24.5068461359944
2020-12-27,32029,230,29271,156,2758,74,32152,172,240746,489,272898,661,3,268,-74,4246,301,27515,8,922,322,"Knox County",470313,579.188753021924,0.246460594620104,140.544701082045,48.903602494509,902.80302692037,24.6460594620104
2020-12-26,31799,358,29115,288,2684,70,31980,328,240257,1064,272237,1392,0,265,59,4320,299,27214,10,914,315,"Knox County",470313,565.58079406693,0.245847176079734,295.973107271115,76.1195204044966,918.537229462082,24.5847176079734
2020-12-25,31441,353,28827,287,2614,66,31652,308,239193,1070,270845,1378,1,265,-101,4261,453,26915,5,904,309,"Knox County",470313,551.547586394592,0.246588813767671,292.99636624971,75.0563986111377,905.992392300447,24.6588813767671
2020-12-24,31088,351,28540,277,2548,74,31344,311,238123,1273,269467,1584,5,264,-111,4362,457,26462,8,899,302,"Knox County",470313,530.92302360343,0.235592820028342,336.796984136097,74.6311498937941,927.467452526296,23.5592820028342
2020-12-23,30737,472,28263,351,2474,121,31033,371,236850,1411,267883,1782,6,259,-14,4473,480,26005,9,891,295,"Knox County",470313,554.099078698654,0.231542882404951,378.896607153109,100.358697293079,951.068756338864,23.1542882404951
2020-12-22,30265,530,27912,392,2353,138,30662,432,235439,1470,266101,1902,7,253,-26,4487,549,25525,15,882,289,"Knox County",470313,541.341617178347,0.222986559424278,404.411530193722,112.690910096042,954.045497360269,22.2986559424278
2020-12-21,29735,442,27520,361,2215,81,30230,391,233969,1423,264199,1814,2,246,-136,4513,576,24976,5,867,283,"Knox County",470313,581.740245325985,0.22001331684581,385.700586630606,93.9799665329259,959.573730685735,22.001331684581
2020-12-20,29293,514,27159,431,2134,83,29839,478,232546,2245,262385,2723,2,244,235,4649,277,24400,7,862,280,"Knox County",470313,642.12556318877,0.208270377733598,578.976128663252,109.288920357294,988.490643465097,20.8270377733598
2020-12-19,28779,525,26728,441,2051,84,29361,489,230301,1445,259662,1934,6,242,252,4414,267,24123,14,855,274,"Knox County",470313,677.633831086957,0.211938705496684,411.215509671219,111.627788302684,938.523919177229,21.1938705496684
2020-12-18,28254,480,26287,420,1967,60,28872,430,228856,1358,257728,1788,4,236,98,4162,378,23856,11,841,267,"Knox County",470313,704.637124638273,0.214533895172618,380.172353305139,102.059692162454,884.942580791941,21.4533895172618
2020-12-17,27774,733,25867,635,1907,98,28442,663,227498,1898,255940,2561,11,232,288,4064,434,23478,11,830,261,"Knox County",470313,785.859629650892,0.224351902923331,544.530982558424,155.853654906413,864.105393642106,22.4351902923332
2020-12-16,27041,564,25232,453,1809,111,27779,472,225600,1729,253379,2201,8,221,99,3776,457,23044,11,819,257,"Knox County",470313,805.421070648696,0.224820746498693,467.986213436584,119.920138290883,802.869578344634,22.4820746498693
2020-12-15,26477,765,24779,675,1698,90,27307,716,223871,2415,251178,3131,2,213,324,3677,439,22587,15,808,253,"Knox County",470313,855.387794936564,0.225297176820208,665.726867001337,162.65763438391,781.819766836128,22.5297176820208
2020-12-14,25712,472,24104,411,1608,61,26591,461,221456,1624,248047,2085,6,211,-11,3353,477,22148,7,793,245,"Knox County",470313,861.766525696717,0.225841807221579,443.321787830657,100.358697293079,712.929474626472,22.5841807221579
2020-12-13,25240,628,23693,572,1547,56,26130,754,219832,2935,245962,3689,2,205,400,3364,226,21671,10,786,237,"Knox County",470313,886.0057025853,0.229167864742078,784.37125914019,133.528097245877,715.268342571862,22.9167864742078
2020-12-12,24612,464,23121,392,1491,72,25376,454,216897,2171,242273,2625,3,203,182,2964,279,21445,19,776,231,"Knox County",470313,873.035616706321,0.218473451327434,558.138941513418,98.6577024237051,630.21859910315,21.8473451327434
2020-12-11,24148,557,22729,523,1419,34,24922,429,214726,1407,239648,1836,6,200,281,2782,270,21166,10,757,227,"Knox County",470313,889.407692324048,0.217839805825243,390.378322521385,118.43176778018,591.520965824887,21.7839805825243
2020-12-10,23591,473,22206,415,1385,58,24493,538,213319,1910,237812,2448,8,194,325,2501,140,20896,9,747,225,"Knox County",470313,834.125359069386,0.212267554815432,520.504430028513,100.571321651751,531.773521038117,21.2267554815432
2020-12-09,23118,407,21791,337,1327,70,23955,359,211409,924,235364,1283,2,186,77,2176,328,20756,13,738,215,"Knox County",470313,800.743334757917,0.217055623793648,272.797052175891,86.5381139794137,462.670604469789,21.7055623793648
2020-12-08,22711,491,21454,446,1257,45,23596,538,210485,2077,234081,2615,9,184,126,2099,356,20428,10,725,212,"Knox County",470313,742.484260481849,0.213075206561727,556.0126979267,104.398560107843,446.298528852062,21.3075206561727
2020-12-07,22220,323,21008,271,1212,52,23058,317,208408,1135,231466,1452,3,175,-128,1973,448,20072,6,715,210,"Knox County",470313,710.803231039754,0.212503135189365,308.730568791422,68.6776678509843,419.507859659418,21.2503135189365
2020-12-06,21897,332,20737,291,1160,41,22741,187,207273,668,230014,855,6,172,103,2101,223,19624,6,709,207,"Knox County",470313,647.866420872908,0.215189873417722,181.79382666437,70.5912870790304,446.723777569406,21.5189873417722
2020-12-05,21565,289,20446,263,1119,26,22554,213,206605,714,229159,927,2,166,55,1998,232,19401,8,703,203,"Knox County",470313,610.657158105347,0.226086194814296,197.102780488738,61.4484396561439,424.823468626213,22.6086194814296
2020-12-04,21276,354,20183,322,1093,32,22341,297,205891,1091,228232,1388,5,164,17,1943,332,19169,11,695,201,"Knox County",470313,567.494413294976,0.223285922684172,295.122609836428,75.2690229698095,413.129128899265,22.3285922684172
2020-12-03,20922,441,19861,424,1061,17,22044,448,204800,1215,226844,1663,2,159,180,1926,259,18837,10,684,196,"Knox County",470313,560.690433817479,0.231660610821958,353.594308471167,93.7673421742542,409.514514801845,23.1660610821958
2020-12-02,20481,192,19437,170,1044,22,21596,185,203585,575,225181,760,2,157,-144,1746,334,18578,7,674,194,"Knox County",470313,514.976196703047,0.226190476190476,161.594512590551,40.8238768649814,371.242130240925,22.6190476190476
2020-12-01,20289,403,19267,380,1022,23,21411,409,203010,1832,224421,2241,5,155,89,1890,309,18244,7,667,189,"Knox County",470313,496.26525313993,0.221408572043937,476.491187783455,85.6876165447266,401.860037889661,22.1408572043937
2020-11-30,19886,385,18887,371,999,14,21002,436,201178,1815,222180,2251,1,150,24,1801,360,17935,3,660,186,"Knox County",470313,509.44796337758,0.215666831928607,478.617431370173,81.8603780886346,382.936469967872,21.5666831928607
2020-11-29,19501,226,18516,218,985,8,20566,261,199363,1465,219929,1726,0,149,41,1777,185,17575,5,657,183,"Knox County",470313,486.909781358372,0.205275648046732,366.989643067489,48.0531050598219,377.83348535975,20.5275648046732
2020-11-28,19275,271,18298,257,977,14,20305,299,197898,1967,218203,2266,0,149,72,1736,199,17390,8,652,177,"Knox County",470313,483.08254290228,0.189914599430663,481.806796750249,57.6212012000519,369.115886654207,18.9914599430663
2020-11-27,19004,235,18041,215,963,20,20006,249,195931,1247,215937,1496,3,149,-6,1664,238,17191,12,644,173,"Knox County",470313,457.780244220338,0.184390873175845,318.08604057298,49.9667242878679,353.806932829839,18.4390873175845
2020-11-26,18769,344,17826,341,943,3,19757,441,194684,1429,214441,1870,4,146,48,1670,292,16953,5,632,170,"Knox County",470313,437.155681429176,0.18080888183981,397.607550716225,73.1427793830917,355.08267898187,18.080888183981
2020-11-25,18425,219,17485,193,940,26,19316,123,193255,325,212571,448,0,142,-58,1622,277,16661,3,627,164,"Knox County",470313,442.896539113314,0.180354529191738,95.2557126849566,46.5647345491194,344.876709765624,18.0354529191738
2020-11-24,18206,153,17292,130,914,23,19193,116,192930,673,212123,789,2,142,-111,1680,262,16384,6,624,162,"Knox County",470313,389.740449445369,0.177484787018256,167.760618992033,32.5315268767821,357.208922568587,17.7484787018256
2020-11-23,18053,167,17162,147,891,20,19077,100,192257,391,211334,491,3,140,-97,1791,261,16122,7,618,160,"Knox County",470313,343.388339254922,0.174884437596302,104.398560107843,35.508267898187,380.810226381155,17.4884437596302
2020-11-22,17886,220,17015,212,871,8,18977,258,191866,1804,210843,2062,2,137,86,1888,132,15861,5,611,153,"Knox County",470313,342.112593102891,0.168329441732116,438.431427581207,46.7773589077912,401.434789172317,16.8329441732116
2020-11-21,17666,173,16803,169,863,4,18719,198,190062,1465,208781,1663,0,135,2,1802,171,15729,4,606,151,"Knox County",470313,321.275405953057,0.168386438371697,353.594308471167,36.7840140502176,383.149094326544,16.8386438371697
2020-11-20,17493,178,16634,169,859,9,18521,163,188597,791,207118,954,7,135,-17,1800,188,15558,5,602,149,"Knox County",470313,309.155817508765,0.169022592726833,202.843638172876,37.8471358435765,382.723845609201,16.9022592726833
2020-11-19,17315,166,16465,148,850,18,18358,128,187806,663,206164,791,2,128,-28,1817,192,15370,4,597,145,"Knox County",470313,271.308681665189,0.15087524312309,168.185867709377,35.2956435395152,386.338459706621,15.087524312309
2020-11-18,17149,168,16317,163,832,5,18230,179,187143,874,205373,1053,0,126,-9,1845,177,15178,7,593,140,"Knox County",470313,260.464839372928,0.146353966423171,223.893449681382,35.7208922568587,392.291941749431,14.6353966423171
2020-11-17,16981,248,16154,240,827,8,18051,260,186269,1033,204320,1293,9,126,86,1854,153,15001,7,586,138,"Knox County",470313,280.664153446747,0.154809197062718,274.923295762609,52.730840950601,394.205560977477,15.4809197062718
2020-11-16,16733,272,15914,261,819,11,17791,286,185236,1409,203027,1695,2,117,79,1768,191,14848,6,579,137,"Knox County",470313,302.989711107284,0.154768163179476,360.398287948664,57.8338255587237,375.919866131704,15.4768163179476
2020-11-15,16461,274,15653,247,808,27,17505,295,183827,2278,201332,2573,2,115,162,1689,110,14657,3,573,135,"Knox County",470313,314.47142647556,0.150568748752744,547.082474862485,58.2590742760672,359.122541796633,15.0568748752744
2020-11-14,16187,306,15406,293,781,13,17210,321,181549,1699,198759,2020,0,113,188,1527,118,14547,7,570,131,"Knox County",470313,342.750466178906,0.157240581944311,429.501204516992,65.0630537535641,324.677395691805,15.7240581944311
2020-11-13,15881,219,15113,200,768,19,16889,190,179850,965,196739,1155,4,113,73,1339,142,14429,6,563,128,"Knox County",470313,351.468064884449,0.156805293005671,245.581134265904,46.5647345491194,284.704016261511,15.6805293005671
2020-11-12,15662,143,14913,130,749,13,16699,136,178885,955,195584,1091,1,109,-3,1266,145,14287,3,557,127,"Knox County",470313,346.577704634998,0.153216911764706,231.97317531091,30.4052832900643,269.182438078471,15.3216911764706
2020-11-11,15519,191,14783,177,736,14,16563,191,177930,1229,194493,1420,3,108,23,1269,165,14142,7,554,125,"Knox County",470313,351.468064884449,0.149284253578732,301.926589313925,40.6112525063096,269.820311154486,14.9284253578732
2020-11-10,15328,168,14606,163,722,5,16372,186,176701,1131,193073,1317,2,105,24,1246,142,13977,4,547,123,"Knox County",470313,334.458116190707,0.142400851743412,280.026280370732,35.7208922568587,264.929950905036,14.2400851743412
2020-11-09,15160,135,14443,121,717,14,16186,131,175570,490,191756,621,1,103,-15,1222,149,13835,2,543,121,"Knox County",470313,305.328579052673,0.142198685888006,132.039726735174,28.7042884206901,259.826966296913,14.2198685888006
2020-11-08,15025,215,14322,203,703,12,16055,252,175080,2625,191135,2877,1,102,94,1237,120,13686,3,541,119,"Knox County",470313,292.783741891039,0.133987239310542,611.720279898706,45.7142371144323,263.01633167699,13.3987239310542
2020-11-07,14810,169,14119,161,691,8,15803,187,172455,1918,188258,2105,1,101,59,1143,109,13566,5,538,114,"Knox County",470313,263.654204753005,0.120253164556962,447.574275004093,35.9335166155305,243.029641961842,12.0253164556962
2020-11-06,14641,155,13958,138,683,17,15616,160,170537,1236,186153,1396,0,100,24,1084,131,13457,5,533,114,"Knox County",470313,250.046245798011,0.114805578645978,296.823604705802,32.9567755941256,230.484804800208,11.4805578645978
2020-11-05,14486,158,13820,142,666,16,15456,151,169301,613,184757,764,1,100,34,1060,123,13326,6,528,111,"Knox County",470313,253.235611178088,0.119809523809524,162.445010025239,33.5946486701409,225.381820192085,11.9809523809524
2020-11-04,14328,145,13678,133,650,12,15305,148,168688,934,183993,1082,-1,99,20,1026,126,13203,5,522,110,"Knox County",470313,243.454890679186,0.119563078134226,230.059556082864,30.8305320074078,218.152591997244,11.9563078134226
2020-11-03,14183,196,13545,183,638,13,15157,195,167754,836,182911,1031,3,100,44,1006,149,13077,5,517,108,"Knox County",470313,249.408372721996,0.123936816524909,219.215713790603,41.6743742996685,213.900104823809,12.3936816524909
2020-11-02,13987,116,13362,110,625,6,14962,115,166918,807,181880,922,1,97,-36,962,151,12928,2,512,107,"Knox County",470313,245.368509907232,0.118699027218237,196.039658695379,24.6644256059263,204.544633042251,11.8699027218237
2020-11-01,13871,124,13252,116,619,8,14847,131,166111,1273,180958,1404,0,96,15,998,109,12777,3,510,105,"Knox County",470313,226.0196932681,0.124885110294118,298.524599575177,26.3654204753005,212.199109954435,12.4885110294118
2020-10-31,13747,5,13136,5,611,0,14716,7,164838,4,179554,11,0,96,-99,983,104,12668,0,507,103,"Knox County",470313,191.149298445929,0.137216338880484,2.33886794538956,1.06312179335889,209.009744574358,13.7216338880484
2020-10-30,13742,156,13131,146,611,10,14709,148,164834,853,179543,1001,1,96,27,1082,128,12564,4,507,102,"Knox County",470313,191.3619228046,0.144006436041834,212.83698303045,33.1693999527974,230.059556082864,14.4006436041834
2020-10-29,13586,152,12985,138,601,14,14561,136,163981,1569,178542,1705,0,95,49,1055,103,12436,4,503,102,"Knox County",470313,190.08617665257,0.122973728339855,362.524531535382,32.3189025181103,224.318698398726,12.2973728339855
2020-10-28,13434,103,12847,96,587,7,14425,102,162412,1055,176837,1157,3,95,-47,1006,147,12333,8,499,101,"Knox County",470313,181.155953588355,0.115336744571982,246.006382983247,21.9003089431931,213.900104823809,11.5336744571982
2020-10-27,13331,119,12751,113,580,6,14323,127,161357,799,175680,926,1,92,-6,1053,124,12186,3,491,100,"Knox County",470313,164.783877970628,0.107493685096829,196.890156130067,25.3022986819416,223.893449681382,10.7493685096829
2020-10-26,13212,81,12638,74,574,7,14196,73,160558,372,174754,445,2,91,-72,1059,151,12062,2,488,98,"Knox County",470313,157.342025417116,0.108888554669875,94.6178396089413,17.222573052414,225.169195833413,10.8888554669875
2020-10-25,13131,132,12564,121,567,11,14123,151,160186,1365,174309,1516,0,89,53,1131,79,11911,3,486,98,"Knox County",470313,159.04302028649,0.110042893063156,322.338527746416,28.0664153446747,240.478149657781,11.0042893063156
2020-10-24,12999,172,12443,167,556,5,13972,202,158821,1789,172793,1991,0,89,56,1078,116,11832,5,483,97,"Knox County",470313,194.551288184677,0.107424779773481,423.33509811551,36.5713896915458,229.209058648177,10.7424779773481
2020-10-23,12827,159,12276,148,551,11,13770,172,157032,1239,170802,1411,1,89,40,1022,118,11716,5,478,96,"Knox County",470313,195.189161260692,0.105234400611955,300.012970085879,33.8072730288127,217.302094562557,10.5234400611955
2020-10-22,12668,182,12128,168,540,14,13598,169,155793,1607,169391,1776,1,88,59,982,122,11598,5,473,96,"Knox County",470313,201.567892020846,0.108002602472349,377.620861001078,38.6976332782636,208.797120215686,10.8002602472349
2020-10-21,12486,72,11960,68,526,4,13429,74,154186,682,167615,756,0,87,-32,923,104,11476,1,468,96,"Knox County",470313,194.976536902021,0.109738124929146,160.744015155864,15.308953824368,196.252283054051,10.9738124929146
2020-10-20,12414,127,11892,121,522,6,13355,150,153504,739,166859,889,0,87,13,955,114,11372,7,467,95,"Knox County",470313,196.677531771395,0.112818761384335,189.023054859211,27.0032935513158,203.056262531548,11.2818761384335
2020-10-19,12287,112,11771,107,516,5,13205,117,152765,939,165970,1056,1,87,-9,942,120,11258,6,460,94,"Knox County",470313,203.26888689022,0.110164981373071,224.531322757398,23.8139281712392,200.292145868815,11.0164981373071
2020-10-18,12175,140,11664,135,511,5,13088,168,151826,1431,164914,1599,0,86,51,951,89,11138,7,454,94,"Knox County",470313,204.969881759594,0.11099388056552,339.986349516173,29.7674102140489,202.205765096861,11.099388056552
2020-10-17,12035,128,11529,125,506,3,12920,154,150395,1458,163315,1612,1,86,42,900,85,11049,3,447,93,"Knox County",470313,195.614409978036,0.110341795801736,342.750466178906,27.2159179099876,191.3619228046,11.0341795801736
2020-10-16,11907,72,11404,71,503,1,12766,61,148937,390,161703,451,1,85,-26,858,97,10964,3,444,92,"Knox County",470313,177.116090773591,0.109718638653397,95.893585760972,15.308953824368,182.431699740386,10.9718638653397
2020-10-15,11835,74,11333,62,502,12,12705,66,148547,941,161252,1007,1,84,-56,884,129,10867,3,441,90,"Knox County",470313,154.152660037039,0.10719131614654,214.112729182481,15.7342025417116,187.959933065852,10.719131614654
2020-10-14,11761,149,11271,143,490,6,12639,150,147606,1086,160245,1236,0,83,57,940,92,10738,5,438,88,"Knox County",470313,170.524735654766,0.11031847133758,262.803707318318,31.6810294420949,199.866897151471,11.031847133758
2020-10-13,11612,71,11128,68,484,3,12489,63,146520,581,159009,644,1,83,-36,883,106,10646,6,433,88,"Knox County",470313,158.617771569146,0.102432610124918,136.930086984625,15.0963294656962,187.74730870718,10.2432610124918
2020-10-12,11541,79,11060,66,481,13,12426,87,145939,806,158365,893,0,82,-42,919,121,10540,5,427,87,"Knox County",470313,151.601167732978,0.100644987906477,189.873552293898,16.7973243350705,195.401785619364,10.0644987906477
2020-10-11,11462,170,10994,163,468,7,12339,179,145133,1612,157472,1791,0,82,94,961,76,10419,8,422,85,"Knox County",470313,157.979898493131,0.0995546240503013,380.810226381155,36.1461409742023,204.332008683579,9.95546240503013
2020-10-10,11292,130,10831,122,461,8,12160,132,143521,1393,155681,1525,0,82,46,867,84,10343,3,414,85,"Knox County",470313,158.405147210475,0.0977872002120048,324.252146974462,27.6411666273312,184.345318968432,9.77872002120048
2020-10-09,11162,120,10709,118,453,2,12028,134,142128,1336,154156,1470,0,82,34,821,86,10259,3,411,85,"Knox County",470313,168.61111642672,0.0946766285314032,312.557807247514,25.5149230406134,174.56459846953,9.46766285314032
2020-10-08,11042,110,10591,102,451,8,11894,103,140792,943,152686,1046,1,82,32,787,77,10173,4,408,85,"Knox County",470313,176.265593338904,0.0985473561882626,222.40507917068,23.3886794538956,167.335370274689,9.85473561882626
2020-10-07,10932,104,10489,88,443,16,11791,95,139849,1650,151640,1745,0,81,11,755,93,10096,5,404,85,"Knox County",470313,166.697497198674,0.087008997147246,371.029505882253,22.1129333018649,160.531390797193,8.7008997147246
2020-10-06,10828,115,10401,102,427,13,11696,114,138199,1393,149895,1507,0,81,3,744,112,10003,4,399,84,"Knox County",470313,176.052968980232,0.0845945675052621,320.42490851837,24.4518012472545,158.192522851803,8.45945675052621
2020-10-05,10713,118,10299,109,414,9,11582,123,136806,1238,148388,1361,0,81,11,741,107,9891,5,395,84,"Knox County",470313,184.345318968432,0.0842508377213978,289.38175215229,25.0896743232698,157.554649775788,8.42508377213978
2020-10-04,10595,96,10190,89,405,7,11459,99,135568,1827,147027,1926,1,81,31,730,64,9784,2,390,82,"Knox County",470313,168.61111642672,0.0756143667296786,409.514514801845,20.4119384324907,155.215781830398,7.56143667296786
2020-10-03,10499,77,10101,76,398,1,11360,92,133741,1864,145101,1956,0,80,6,699,71,9720,2,388,82,"Knox County",470313,157.342025417116,0.0690218872037054,415.893245561998,16.3720756177269,148.624426711573,6.90218872037054
2020-10-02,10422,82,10025,79,397,3,11268,82,131877,602,143145,684,0,80,-17,693,99,9649,1,386,82,"Knox County",470313,149.262299787588,0.0692420537897311,145.435061331496,17.4351974110858,147.348680559542,6.92420537897311
2020-10-01,10340,71,9946,68,394,3,11186,73,131275,683,142461,756,0,80,2,710,69,9550,1,385,82,"Knox County",470313,140.969949799389,0.0682435832913941,160.744015155864,15.0963294656962,150.963294656962,6.82435832913941
2020-09-30,10269,75,9878,72,391,3,11113,70,130592,675,141705,745,1,80,-32,708,106,9481,2,384,82,"Knox County",470313,134.803843397907,0.0730833799664242,158.405147210475,15.9468269003834,150.538045939619,7.30833799664242
2020-09-29,10194,80,9806,75,388,5,11043,87,129917,1140,140960,1227,-1,79,-16,740,97,9375,2,382,82,"Knox County",470313,127.361990844395,0.0723281340265742,260.890088090272,17.0099486937423,157.342025417116,7.23281340265742
2020-09-28,10114,57,9731,51,383,6,10956,49,128777,431,139733,480,1,80,-70,756,126,9278,3,380,81,"Knox County",470313,114.391904965417,0.0710059171597633,102.059692162454,12.1195884442914,160.744015155864,7.10059171597633
2020-09-27,10057,72,9680,67,377,5,10907,79,128346,978,139253,1057,0,79,-18,826,90,9152,3,377,79,"Knox County",470313,109.288920357294,0.0770456191165822,224.74394711607,15.308953824368,175.627720262889,7.70456191165822
2020-09-26,9985,127,9613,122,372,5,10828,136,127368,2087,138196,2223,4,79,9,844,114,9062,5,374,79,"Knox County",470313,119.920138290883,0.0803123257110987,472.663949327363,27.0032935513158,179.454958718981,8.03123257110987
2020-09-25,9858,102,9491,100,367,2,10692,103,125281,1439,135973,1542,0,75,-3,835,105,8948,1,369,79,"Knox County",470313,124.172625464318,0.074346201743462,327.866761071882,21.6876845845214,177.541339490935,7.4346201743462
2020-09-24,9756,92,9391,89,365,3,10589,105,123842,1717,134431,1822,0,75,-52,838,144,8843,3,368,76,"Knox County",470313,128.637736996426,0.0691512752858399,387.40158149998,19.5614409978036,178.17921256695,6.91512752858399
2020-09-23,9664,53,9302,52,362,1,10484,49,122125,432,132609,481,2,75,-123,890,174,8699,2,365,76,"Knox County",470313,123.960001105647,0.0688405797101449,102.272316521125,11.2690910096042,189.235679217883,6.88405797101449
2020-09-22,9611,82,9250,75,361,7,10435,88,121693,1140,132128,1228,1,73,-53,1013,134,8525,3,363,76,"Knox County",470313,124.38524982299,0.0689459979621873,261.102712448944,17.4351974110858,215.388475334511,6.89459979621873
2020-09-21,9529,34,9175,30,354,4,10347,32,120553,379,130900,411,0,72,-103,1066,137,8391,2,360,76,"Knox County",470313,119.494889573539,0.0675490643541762,87.3886114141008,7.22922819484046,226.657566344116,6.75490643541762
2020-09-20,9495,97,9145,78,350,19,10315,88,120174,707,130489,795,0,72,-17,1169,114,8254,1,358,76,"Knox County",470313,124.810498540334,0.0706892495883322,169.036365144064,20.6245627911625,248.557875287309,7.06892495883322
2020-09-19,9398,132,9067,129,331,3,10227,136,119467,1466,129694,1602,1,72,31,1186,100,8140,5,357,74,"Knox County",470313,125.873620333693,0.0762593579494988,340.624222592189,28.0664153446747,252.172489384729,7.62593579494988
2020-09-18,9266,118,8938,114,328,4,10091,129,118001,1606,128092,1735,3,71,-16,1155,131,8040,3,352,74,"Knox County",470313,129.275610072441,0.0776566757493188,368.903262295535,25.0896743232698,245.581134265904,7.76566757493188
2020-09-17,9148,126,8824,119,324,7,9962,124,116395,1516,126357,1640,0,68,-15,1171,141,7909,6,349,74,"Knox County",470313,136.504838267282,0.0818550430816016,348.703948221716,26.790669192644,248.983124004652,8.18550430816016
2020-09-16,9022,99,8705,77,317,22,9838,117,114879,768,124717,885,1,68,-90,1186,188,7768,3,343,72,"Knox County",470313,146.285558766183,0.0860655737704918,188.172557424524,21.049811508506,252.172489384729,8.60655737704918
2020-09-15,8923,132,8628,126,295,6,9721,136,114111,1338,123832,1474,0,67,-65,1276,197,7580,3,340,71,"Knox County",470313,156.916776699772,0.089206274877078,313.408304682201,28.0664153446747,271.308681665189,8.9206274877078
2020-09-14,8791,127,8502,124,289,3,9585,136,112773,902,122358,1038,0,67,-68,1341,195,7383,5,337,71,"Knox County",470313,176.690842056248,0.0944486857890719,220.704084301306,27.0032935513158,285.129264978855,9.44486857890719
2020-09-13,8664,143,8378,136,286,7,9449,148,111871,1008,121320,1156,0,67,-8,1409,151,7188,0,332,71,"Knox County",470313,186.471562555149,0.0971668415529906,245.793758624576,30.4052832900643,299.587721368535,9.71668415529906
2020-09-12,8521,130,8242,123,279,7,9301,141,110863,1177,120164,1318,1,67,29,1417,100,7037,1,332,71,"Knox County",470313,186.046313837806,0.100692191217824,280.238904729404,27.6411666273312,301.28871623791,10.0692191217824
2020-09-11,8391,104,8119,95,272,9,9160,106,109686,773,118846,879,0,66,-17,1388,121,6937,5,331,69,"Knox County",470313,183.069572816401,0.108224076281287,186.896811272493,22.1129333018649,295.122609836428,10.8224076281287
2020-09-10,8287,192,8024,189,263,3,9054,192,108913,1501,117967,1693,0,66,89,1405,103,6816,5,326,67,"Knox County",470313,197.102780488738,0.115598720833827,359.97303923132,40.8238768649814,298.737223933848,11.5598720833827
2020-09-09,8095,91,7835,82,260,9,8862,93,107412,1710,116274,1803,0,66,-23,1316,114,6713,2,321,67,"Knox County",470313,195.401785619364,0.101698536481145,383.361718685216,19.3488166391318,279.81365601206,10.1698536481145
2020-09-08,8004,126,7753,124,251,2,8769,133,105702,702,114471,835,1,66,30,1339,95,6599,8,319,67,"Knox County",470313,194.126039467333,0.108805319880761,177.541339490935,26.790669192644,284.704016261511,10.8805319880761
2020-09-07,7878,95,7629,92,249,3,8636,98,105000,347,113636,445,1,65,11,1309,83,6504,0,311,67,"Knox County",470313,187.322059989837,0.112067905031369,94.6178396089413,20.1993140738189,278.325285501358,11.2067905031369
2020-09-06,7783,96,7537,92,246,4,8538,94,104653,476,113191,570,0,64,23,1298,73,6421,1,311,67,"Knox County",470313,177.328715132263,0.113615272438022,121.195884442914,20.4119384324907,275.986417555968,11.3615272438022
2020-09-05,7687,284,7445,282,242,2,8444,295,104177,1506,112621,1801,0,64,215,1275,69,6348,4,310,64,"Knox County",470313,210.072866367717,0.125965611761774,382.936469967872,60.385317862785,271.096057306517,12.5965611761774
2020-09-04,7403,93,7163,89,240,4,8149,97,102671,565,110820,662,1,64,16,1060,76,6279,0,306,64,"Knox County",470313,207.733998422327,0.12831348444103,140.757325440717,19.7740653564754,225.381820192085,12.831348444103
2020-09-03,7310,190,7074,184,236,6,8052,198,102106,1798,110158,1996,2,63,107,1044,81,6203,6,306,64,"Knox County",470313,207.308749704984,0.124260355029586,424.398219908869,40.3986281476379,221.979830453336,12.4260355029586
2020-09-02,7120,124,6890,120,230,4,7854,121,100308,1461,108162,1582,2,61,41,937,81,6122,5,300,63,"Knox County",470313,214.325353541152,0.131288810036751,336.371735418753,26.3654204753005,199.229024075456,13.1288810036751
2020-09-01,6996,153,6770,146,226,7,7733,158,98847,660,106580,818,2,59,64,896,87,6041,4,295,62,"Knox County",470313,220.06621122529,0.134747269494539,173.926725393515,32.5315268767821,190.511425369913,13.4747269494539
2020-08-31,6843,99,6624,93,219,6,7575,94,98187,431,105762,525,0,57,18,832,81,5954,3,291,59,"Knox County",470313,220.916708659978,0.132889112396279,111.627788302684,21.049811508506,176.903466414919,13.2889112396279
2020-08-30,6744,72,6531,71,213,1,7481,76,97756,423,105237,499,1,57,5,814,66,5873,1,288,59,"Knox County",470313,215.813724051855,0.131802613218318,106.099554977217,15.308953824368,173.076227958827,13.1802613218318
2020-08-29,6672,118,6460,113,212,5,7405,125,97333,1391,104738,1516,5,56,37,809,76,5807,3,287,57,"Knox County",470313,180.51808051234,0.114372203211371,322.338527746416,25.0896743232698,172.013106165469,11.4372203211371
2020-08-28,6554,89,6347,85,207,4,7280,91,95942,309,103222,400,0,51,-7,772,96,5731,3,284,57,"Knox County",470313,179.667583077653,0.117639040348964,85.0497434687113,18.9235679217883,164.146004894613,11.7639040348964
2020-08-27,6465,116,6262,112,203,4,7189,134,95633,1987,102822,2121,0,51,24,779,92,5635,2,281,57,"Knox County",470313,163.933380535941,0.107090202385739,450.976264742841,24.6644256059263,165.634375405315,10.7090202385739
2020-08-26,6349,77,6150,76,199,1,7055,86,93646,794,100701,880,0,51,-15,755,92,5543,3,279,56,"Knox County",470313,153.940035678367,0.113034472555112,187.109435631165,16.3720756177269,160.531390797193,11.3034472555112
2020-08-25,6272,87,6074,82,198,5,6969,96,92852,896,99821,992,2,51,-6,770,91,5451,3,276,55,"Knox County",470313,139.90682800603,0.101254868022501,210.923363802404,18.4983192044447,163.720756177269,10.1254868022501
2020-08-24,6185,32,5992,28,193,4,6873,29,91956,261,98829,290,0,49,-66,776,98,5360,1,273,55,"Knox County",470313,125.660995975021,0.0951030158256196,61.6610640148157,6.8039794774969,164.9965023293,9.51030158256196
2020-08-23,6153,76,5964,75,189,1,6844,74,91695,566,98539,640,0,49,13,842,63,5262,3,272,55,"Knox County",470313,126.511493409708,0.0928498318467612,136.079589549938,16.1594512590551,179.029710001637,9.28498318467612
2020-08-22,6077,136,5889,135,188,1,6770,153,91129,1892,97899,2045,0,49,69,829,67,5199,4,269,55,"Knox County",470313,130.3387318658,0.0899837133550489,434.816813483786,28.9169127793618,176.265593338904,8.99837133550489
2020-08-21,5941,30,5754,30,187,0,6617,41,89237,262,95854,303,1,49,-62,760,91,5132,1,265,55,"Knox County",470313,117.793894704165,0.0843075230367212,64.4251806775488,6.37873076015334,161.594512590551,8.43075230367212
2020-08-20,5911,119,5724,117,187,2,6576,130,88975,2068,95551,2198,3,48,24,822,92,5041,3,264,55,"Knox County",470313,118.43176778018,0.0828796951551443,467.348340360568,25.3022986819416,174.777222828202,8.28796951551443
2020-08-19,5792,46,5607,41,185,5,6446,48,86907,608,93353,656,2,45,-50,798,94,4949,4,261,55,"Knox County",470313,111.840412661355,0.0801516002245929,139.481579288686,9.7807204989018,169.674238220079,8.01516002245929
2020-08-18,5746,134,5566,132,180,2,6398,152,86299,1164,92697,1316,0,43,3,848,131,4855,4,257,55,"Knox County",470313,121.833757518929,0.0841836734693878,279.81365601206,28.4916640620183,180.305456153668,8.41836734693877
2020-08-17,5612,50,5434,42,178,8,6246,50,85135,289,91381,339,1,43,-70,845,119,4724,0,253,54,"Knox County",470313,125.660995975021,0.0864345738295318,72.0796575897328,10.6312179335889,179.667583077653,8.64345738295318
2020-08-16,5562,83,5392,78,170,5,6196,82,84846,587,91042,669,0,42,11,915,72,4605,1,253,53,"Knox County",470313,127.149366485723,0.0871644964124369,142.24569595142,17.6478217697576,194.551288184677,8.71644964124369
2020-08-15,5479,119,5314,116,165,3,6114,132,84259,1223,90373,1355,1,42,42,904,76,4533,2,252,52,"Knox County",470313,123.534752388303,0.0928905792861322,288.106006000259,25.3022986819416,192.212420239287,9.28905792861323
2020-08-14,5360,91,5198,83,162,8,5982,96,83036,1024,89018,1120,0,41,5,862,86,4457,2,250,52,"Knox County",470313,136.504838267282,0.0901607212857703,238.139281712392,19.3488166391318,183.282197175073,9.01607212857703
2020-08-13,5269,127,5115,126,154,1,5886,229,82012,1778,87898,2007,1,41,13,857,113,4371,4,248,51,"Knox County",470313,138.205833136656,0.105735727686947,426.737087854259,27.0032935513158,182.219075381714,10.5735727686947
2020-08-12,5142,79,4989,72,153,7,5657,88,80234,892,85891,980,0,40,-40,844,119,4258,1,244,50,"Knox County",470313,145.222436972824,0.106473156948369,208.371871498343,16.7973243350705,179.454958718981,10.6473156948369
2020-08-11,5063,111,4917,108,146,3,5569,117,79342,1121,84911,1238,0,40,2,884,109,4139,5,243,50,"Knox County",470313,140.332076723374,0.103009859885833,263.228956035661,23.6013038125674,187.959933065852,10.3009859885833
2020-08-10,4952,37,4809,35,143,2,5452,35,78221,365,83673,400,1,40,-94,882,130,4030,0,238,48,"Knox County",470313,137.56796006064,0.100270305058566,85.0497434687113,7.86710127085579,187.534684348508,10.0270305058566
2020-08-09,4915,85,4774,81,141,4,5417,109,77856,826,83273,935,1,39,25,976,59,3900,4,238,48,"Knox County",470313,137.993208777984,0.10031113876789,198.803775358113,18.0730704871011,207.521374063655,10.031113876789
2020-08-08,4830,157,4693,156,137,1,5308,176,77030,2284,82338,2460,1,38,96,951,60,3841,4,234,47,"Knox County",470313,146.072934407512,0.0929978118161926,523.055922332574,33.3820243114692,202.205765096861,9.29978118161926
2020-08-07,4673,50,4537,46,136,4,5132,44,74746,403,79878,447,0,37,-34,855,84,3781,0,230,45,"Knox County",470313,137.355335701969,0.0942482579426007,95.0430883262848,10.6312179335889,181.79382666437,9.42482579426007
2020-08-06,4623,113,4491,105,132,8,5088,121,74343,1463,79431,1584,-1,37,41,889,73,3697,5,230,43,"Knox County",470313,134.378594680564,0.0857782197911487,336.796984136097,24.0265525299109,189.023054859211,8.57782197911487
2020-08-05,4510,99,4386,99,124,0,4967,100,72880,1107,77847,1207,1,38,-1,848,99,3624,3,225,42,"Knox County",470313,138.631081853999,0.0848748639825898,256.637600916836,21.049811508506,180.305456153668,8.48748639825898
2020-08-04,4411,112,4287,111,124,1,4867,106,71773,1082,76640,1188,1,37,-31,849,142,3525,9,222,41,"Knox County",470313,138.843706212671,0.0840530349105948,252.597738102072,23.8139281712392,180.51808051234,8.40530349105948
2020-08-03,4299,50,4176,50,123,0,4761,81,70691,593,75452,674,2,36,-59,880,107,3383,1,213,41,"Knox County",470313,141.607822875404,0.0867569158328429,143.308817744778,10.6312179335889,187.109435631165,8.67569158328429
2020-08-02,4249,97,4126,91,123,6,4680,95,70098,692,74778,787,3,34,28,939,66,3276,2,212,40,"Knox County",470313,144.159315179466,0.0866179465676291,167.335370274689,20.6245627911625,199.6542727928,8.66179465676291
2020-08-01,4152,118,4035,110,117,8,4585,118,69406,1417,73991,1535,1,31,29,911,88,3210,1,210,40,"Knox County",470313,135.866965191266,0.0895984909727836,326.37839056118,25.0896743232698,193.70079074999,8.95984909727836
2020-07-31,4034,117,3925,114,109,3,4467,116,67989,1060,72456,1176,2,30,9,882,106,3122,1,209,39,"Knox County",470313,150.112797222275,0.0904183535762483,250.046245798011,24.877049964598,187.534684348508,9.04183535762483
2020-07-30,3917,189,3811,186,106,3,4351,227,66929,2420,71280,2647,1,28,78,873,110,3016,7,208,36,"Knox County",470313,166.272248481331,0.0914912090297374,562.816677404197,40.1860037889661,185.621065120462,9.14912090297373
2020-07-29,3728,75,3625,71,103,4,4124,60,64509,438,68633,498,0,27,-40,795,115,2906,3,201,34,"Knox County",470313,161.169263873208,0.0944150499706055,105.886930618546,15.9468269003834,169.036365144064,9.44150499706055
2020-07-28,3653,154,3554,152,99,2,4064,186,64071,1211,68135,1397,1,27,46,835,107,2791,3,198,30,"Knox County",470313,170.099486937423,0.101331191186596,297.036229064474,32.7441512354538,177.541339490935,10.1331191186596
2020-07-27,3499,83,3402,76,97,7,3878,85,62860,677,66738,762,3,26,-36,789,116,2684,2,195,30,"Knox County",470313,177.116090773591,0.100772551692797,162.019761307895,17.6478217697576,167.760618992033,10.0772551692797
2020-07-26,3416,118,3326,113,90,5,3793,132,62183,1473,65976,1605,0,23,49,825,69,2568,2,193,29,"Knox County",470313,181.581202305699,0.0960498960498961,341.262095668204,25.0896743232698,175.415095904217,9.6049896049896
2020-07-25,3298,175,3213,172,85,3,3661,197,60710,1949,64371,2146,2,23,95,776,78,2499,3,191,28,"Knox County",470313,193.70079074999,0.0980353826605415,456.291873709636,37.2092627675612,164.9965023293,9.80353826605415
2020-07-24,3123,106,3041,99,82,7,3464,113,58761,916,62225,1029,0,21,-15,681,121,2421,4,188,25,"Knox County",470313,191.3619228046,0.0991669972233241,218.79046507326,22.5381820192085,144.797188255481,9.91669972233241
2020-07-23,3017,205,2942,197,75,8,3351,254,57845,2389,61196,2643,0,21,89,696,116,2300,4,184,25,"Knox County",470313,194.763912543349,0.101884920634921,561.96617996951,43.5879935277145,147.986553635558,10.1884920634921
2020-07-22,2812,69,2745,61,67,8,3097,63,55456,437,58553,500,3,21,-68,607,134,2184,3,180,24,"Knox County",470313,193.488166391318,0.102162269390994,106.312179335889,14.6710807483527,129.062985713769,10.2162269390994
2020-07-21,2743,232,2684,228,59,4,3034,280,55019,1691,58053,1971,0,18,120,675,112,2050,12,177,24,"Knox County",470313,210.072866367717,0.10548048048048,419.082610942075,49.3288512118525,143.52144210345,10.548048048048
2020-07-20,2511,74,2456,70,55,4,2754,57,53328,364,56082,421,0,18,-59,555,133,1938,4,165,23,"Knox County",470313,208.159247139671,0.106253029568589,89.5148550008186,15.7342025417116,118.006519062837,10.6253029568589
2020-07-19,2437,84,2386,74,51,10,2697,74,52964,577,55661,651,0,18,-16,614,100,1805,0,161,22,"Knox County",470313,200.93001894483,0.110885589146459,138.418457495328,17.8604461284294,130.551356224472,11.0885589146459
2020-07-18,2353,112,2312,109,41,3,2623,146,52387,2258,55010,2404,1,18,36,630,75,1705,8,161,20,"Knox County",470313,187.534684348508,0.102609418858509,511.148958246955,23.8139281712392,133.95334596322,10.2609418858509
2020-07-17,2241,74,2203,74,38,0,2477,80,50129,347,52606,427,0,17,3,594,71,1630,6,153,19,"Knox County",470313,180.730704871011,0.105800155262282,90.7906011528493,15.7342025417116,126.298869051036,10.5800155262282
2020-07-16,2167,187,2129,185,38,2,2397,228,49782,2035,52179,2263,2,17,97,591,88,1559,3,147,17,"Knox County",470313,176.903466414919,0.107444714599977,481.168923674234,39.7607550716225,125.660995975021,10.7444714599977
2020-07-15,1980,78,1944,78,36,0,2169,80,47747,511,49916,591,3,15,-14,494,89,1471,4,144,17,"Knox County",470313,178.817085642965,0.10827222731439,125.660995975021,16.5846999763987,105.036433183858,10.827222731439
2020-07-14,1902,95,1866,95,36,0,2089,127,47236,777,49325,904,2,12,12,508,81,1382,1,140,16,"Knox County",470313,149.687548504932,0.103380759691946,192.212420239287,20.1993140738189,108.013174205263,10.3380759691946
2020-07-13,1807,94,1771,92,36,2,1962,59,46459,655,48421,714,1,10,20,496,73,1301,2,139,15,"Knox County",470313,153.940035678367,0.099823987930601,151.81379209165,19.9866897151471,105.461681901202,9.9823987930601
2020-07-12,1713,69,1679,67,34,2,1903,87,45804,916,47707,1003,0,9,27,476,42,1228,4,137,12,"Knox County",470313,150.750670298291,0.097158680471948,213.262231747793,14.6710807483527,101.209194727766,9.7158680471948
2020-07-11,1644,28,1612,27,32,1,1816,36,44888,883,46704,919,0,9,-16,449,44,1186,2,133,11,"Knox County",470313,132.890224169861,0.10218443043542,195.401785619364,5.95348204280979,95.4683370436284,10.218443043542
2020-07-10,1616,78,1585,74,31,4,1780,68,44005,418,45785,486,0,9,29,465,49,1142,6,131,10,"Knox County",470313,133.740721604548,0.0995639534883721,103.335438314484,16.5846999763987,98.8703267823768,9.95639534883721
2020-07-09,1538,70,1511,66,27,4,1712,88,43587,1652,45299,1740,0,9,23,436,47,1093,8,125,10,"Knox County",470313,108.86367163995,0.0857322636463741,369.966384088894,14.8837051070245,92.7042203808953,8.57322636463741
2020-07-08,1468,70,1445,65,23,5,1624,63,41935,594,43559,657,1,9,15,413,54,1046,5,117,10,"Knox County",470313,107.162676770576,0.0822045773003269,139.694203647358,14.8837051070245,87.8138601314444,8.2204577300327
2020-07-07,1398,79,1380,79,18,0,1561,104,41341,1304,42902,1408,0,8,38,398,41,992,7,112,10,"Knox County",470313,103.760687031828,0.0729031326692652,299.375097009864,16.7973243350705,84.6244947513677,7.29031326692652
2020-07-06,1319,35,1301,35,18,0,1457,34,40037,658,41494,692,1,8,-19,360,53,951,6,105,9,"Knox County",470313,91.2158498701928,0.0695148443157133,147.13605620087,7.44185255351224,76.5447691218401,6.95148443157133
2020-07-05,1284,77,1266,77,18,0,1423,109,39379,1080,40802,1189,2,7,34,379,41,898,6,99,9,"Knox County",470313,92.9168447395671,0.0707939641799464,252.810362460744,16.3720756177269,80.5846319366039,7.07939641799464
2020-07-04,1207,41,1189,40,18,1,1314,50,38299,1141,39613,1191,0,5,4,345,37,857,1,93,8,"Knox County",470313,95.6809614023002,0.0700801303816379,253.235611178088,8.7175987055429,73.3554037417635,7.00801303816379
2020-07-03,1166,62,1149,61,17,1,1264,49,37158,910,38422,959,0,5,27,341,35,820,4,92,6,"Knox County",470313,92.2789716635517,0.0634252169474222,203.906759966235,13.1827102376502,72.5049063070764,6.34252169474222
2020-07-02,1104,68,1088,68,16,0,1215,102,36248,1228,37463,1330,0,5,33,314,35,785,2,88,6,"Knox County",470313,91.8537229462082,0.0688122811742526,282.790397033465,14.4584563896809,66.7640486229383,6.88122811742526
2020-07-01,1036,49,1020,49,16,0,1113,34,35020,737,36133,771,0,5,25,281,24,750,4,86,6,"Knox County",470313,87.3886114141008,0.0639257294429708,163.933380535941,10.4185935749171,59.7474447867697,6.39257294429708
2020-06-30,987,40,971,39,16,1,1079,73,34283,1514,35362,1587,0,5,18,256,22,726,3,82,5,"Knox County",470313,79.0962614259015,0.0584272574167638,337.434857212112,8.50497434687113,54.4318358199752,5.84272574167638
2020-06-29,947,51,932,51,15,0,1006,79,32769,1333,33775,1412,0,5,20,238,31,704,3,79,5,"Knox County",470313,82.4982511646499,0.0587747363431686,300.225594444551,10.8438422922607,50.6045973638832,5.87747363431686
2020-06-28,896,10,881,10,15,0,927,30,31436,684,32363,714,0,5,-5,218,15,673,1,76,5,"Knox County",470313,68.2524191336408,0.0523606228026118,151.81379209165,2.12624358671778,46.3521101904476,5.23606228026117
2020-06-27,886,29,871,29,15,0,897,16,30752,111,31649,127,0,5,18,223,11,658,3,75,5,"Knox County",470313,65.7009268295794,0.0555072463768116,27.0032935513158,6.16610640148157,47.4152319838065,5.55072463768116
2020-06-26,857,37,842,37,15,0,881,14,30641,319,31522,333,0,5,17,205,20,647,8,72,5,"Knox County",470313,60.385317862785,0.0554670066942939,70.8039114377021,7.86710127085579,43.5879935277145,5.54670066942939
2020-06-25,820,32,805,32,15,0,867,52,30322,702,31189,754,0,5,13,188,19,627,1,64,5,"Knox County",470313,52.730840950601,0.0522990522990523,160.318766438521,6.8039794774969,39.9733794302943,5.22990522990523
2020-06-24,788,35,773,34,15,1,815,32,29620,272,30435,304,0,5,22,175,13,608,1,63,5,"Knox County",470313,49.7540999291961,0.0565857388644619,64.6378050362206,7.44185255351224,37.2092627675612,5.65857388644619
2020-06-23,753,27,739,24,14,3,783,25,29348,216,30131,241,0,5,18,153,9,595,4,62,5,"Knox County",470313,46.989983266463,0.0638352638352638,51.2424704398985,5.74085768413801,32.5315268767821,6.38352638352638
2020-06-22,726,36,715,36,11,0,758,31,29132,572,29890,603,0,5,20,135,16,586,0,58,5,"Knox County",470313,43.8006178863863,0.0650195058517555,128.212488279082,7.65447691218401,28.7042884206901,6.50195058517555
2020-06-21,690,31,679,31,11,0,727,37,28560,815,29287,852,0,5,16,115,15,570,1,58,5,"Knox County",470313,48.2657294184936,0.0644057249533292,181.155953588355,6.59135511882512,24.4518012472545,6.44057249533292
2020-06-20,659,17,648,17,11,0,690,9,27745,437,28435,446,0,5,11,99,6,555,2,57,5,"Knox County",470313,45.7142371144323,0.0566091140673648,94.8304639676131,3.61461409742023,21.049811508506,5.66091140673648
2020-06-19,642,30,631,28,11,2,681,10,27308,334,27989,344,0,5,8,88,22,549,1,55,5,"Knox County",470313,44.2258666037299,0.0553047404063205,73.1427793830917,6.37873076015334,18.7109435631165,5.53047404063205
2020-06-18,612,15,603,15,9,0,671,18,26974,804,27645,822,0,5,2,80,13,527,0,54,5,"Knox County",470313,40.6112525063096,0.0448504983388704,174.777222828202,3.18936538007667,17.0099486937423,4.48504983388704
2020-06-17,597,17,588,17,9,0,653,13,26170,282,26823,295,0,5,-3,78,20,514,0,54,5,"Knox County",470313,36.7840140502176,0.0396891479322787,62.7241858081746,3.61461409742023,16.5846999763987,3.96891479322787
2020-06-16,580,9,571,8,9,1,640,9,25888,178,26528,187,0,5,-2,81,11,494,0,54,5,"Knox County",470313,32.9567755941256,0.0357847280924204,39.7607550716225,1.913619228046,17.222573052414,3.57847280924204
2020-06-15,571,8,563,8,8,0,631,9,25710,218,26341,227,0,5,-5,83,13,483,0,54,5,"Knox County",470313,27.0032935513158,0.0330917113142137,48.2657294184936,1.70099486937423,17.6478217697576,3.30917113142137
2020-06-14,563,8,555,8,8,0,622,9,25492,624,26114,633,0,5,4,88,4,470,0,54,5,"Knox County",470313,22.1129333018649,0.0260663507109005,134.591219039236,1.70099486937423,18.7109435631165,2.60663507109005
2020-06-13,555,10,547,8,8,2,613,9,24868,213,25481,222,0,5,0,84,10,466,3,54,5,"Knox County",470313,20.6245627911625,0.0282051282051282,47.2026076251348,2.12624358671778,17.8604461284294,2.82051282051282
2020-06-12,545,19,539,19,6,0,604,19,24655,750,25259,769,0,5,1,84,18,456,0,51,5,"Knox County",470313,18.2856948457729,0.0272583201267829,163.508131818597,4.03986281476378,17.8604461284294,2.72583201267829
2020-06-11,526,7,520,7,6,0,585,10,23905,379,24490,389,0,5,1,83,6,438,2,51,5,"Knox County",470313,16.5846999763987,0.0286554004408523,82.7108755233217,1.48837051070245,17.6478217697576,2.86554004408523
2020-06-10,519,12,513,12,6,0,575,12,23526,706,24101,718,0,5,-6,82,18,432,0,49,5,"Knox County",470313,15.5215781830398,0.024483306836248,152.664289526337,2.55149230406134,17.4351974110858,2.4483306836248
2020-06-09,507,16,501,16,6,0,563,19,22820,508,23383,527,0,5,5,88,11,414,1,49,5,"Knox County",470313,17.0099486937423,0.0249641319942611,112.053037020027,3.40198973874845,18.7109435631165,2.49641319942611
2020-06-08,491,8,485,8,6,0,544,8,22312,336,22856,344,0,5,4,83,4,403,1,48,5,"Knox County",470313,17.0099486937423,0.0238756246529706,73.1427793830917,1.70099486937423,17.6478217697576,2.38756246529706
2020-06-07,483,7,477,7,6,0,536,8,21976,849,22512,857,0,5,0,79,7,399,1,47,5,"Knox County",470313,16.7973243350705,0.0222164140094093,182.219075381714,1.48837051070245,16.7973243350705,2.22164140094093
2020-06-06,476,11,470,11,6,0,528,12,21127,478,21655,490,0,5,5,79,6,392,0,46,5,"Knox County",470313,17.0099486937423,0.021494870542257,104.185935749171,2.33886794538956,16.7973243350705,2.1494870542257
2020-06-05,465,18,459,18,6,0,516,17,20649,518,21165,535,0,5,7,74,11,386,1,46,5,"Knox County",470313,16.7973243350705,0.022279792746114,113.754031889401,3.82723845609201,15.7342025417116,2.2279792746114
2020-06-04,447,4,441,4,6,0,499,4,20131,338,20630,342,0,5,-1,67,5,375,0,45,5,"Knox County",470313,16.1594512590551,0.02098085496984,72.7175306657481,0.850497434687113,14.2458320310091,2.098085496984
2020-06-03,443,4,437,4,6,0,495,4,19793,399,20288,403,0,5,-3,68,7,370,0,45,5,"Knox County",470313,14.4584563896809,0.0205831903945112,85.6876165447266,0.850497434687113,14.4584563896809,2.05831903945112
2020-06-02,439,26,433,25,6,1,491,24,19394,939,19885,963,0,5,21,71,5,363,2,45,5,"Knox County",470313,16.5846999763987,0.0195729537366548,204.757257400922,5.52823332546623,15.0963294656962,1.95729537366548
2020-06-01,413,17,408,17,5,0,467,20,18455,972,18922,992,0,5,4,50,13,358,0,43,5,"Knox County",470313,18.4983192044447,0.0194238323876037,210.923363802404,3.61461409742023,10.6312179335889,1.94238323876037
2020-05-31,396,7,391,7,5,0,447,7,17483,317,17930,324,0,5,3,46,4,345,0,43,5,"Knox County",470313,18.4983192044447,0.0217337614225735,68.8902922096561,1.48837051070245,9.7807204989018,2.17337614225735
2020-05-30,389,6,384,6,5,0,440,6,17166,294,17606,300,0,5,-1,43,7,341,2,43,5,"Knox County",470313,17.4351974110858,0.0212490282456595,63.7873076015334,1.27574615203067,9.14284742288646,2.12490282456595
2020-05-29,383,8,378,8,5,0,434,7,16872,205,17306,212,0,5,0,44,8,334,0,41,5,"Knox County",470313,15.308953824368,0.0203619909502262,45.076364038417,1.70099486937423,9.35547178155824,2.03619909502262
2020-05-28,375,11,370,11,5,0,427,11,16667,336,17094,347,0,5,7,44,4,326,0,41,5,"Knox County",470313,16.7973243350705,0.022310081897769,73.780652459107,2.33886794538956,9.35547178155824,2.2310081897769
2020-05-27,364,5,359,5,5,0,416,6,16331,420,16747,426,0,5,0,37,5,322,1,41,5,"Knox County",470313,17.0099486937423,0.0227272727272727,90.5779767941775,1.06312179335889,7.86710127085579,2.27272727272727
2020-05-26,359,9,354,9,5,0,410,10,15911,1142,16321,1152,0,5,7,37,2,317,0,40,5,"Knox County",470313,13.395334596322,0.0178523847588596,244.943261189888,1.913619228046,7.86710127085579,1.78523847588596
2020-05-25,350,9,345,9,5,0,400,11,14769,381,15169,392,0,5,5,30,4,315,1,40,5,"Knox County",470313,11.6943397269478,0.018395179194418,83.348748599337,1.913619228046,6.37873076015334,1.8395179194418
2020-05-24,341,2,336,2,5,0,389,3,14388,273,14777,276,0,5,1,25,1,311,0,39,5,"Knox County",470313,10.6312179335889,0.0173913043478261,58.6843229934108,0.425248717343556,5.31560896679445,1.73913043478261
2020-05-23,339,7,334,7,5,0,386,10,14115,360,14501,370,0,5,4,24,3,310,2,39,5,"Knox County",470313,10.8438422922607,0.0182677165354331,78.6710127085579,1.48837051070245,5.10298460812268,1.82677165354331
2020-05-22,332,1,327,1,5,0,376,1,13755,253,14131,254,0,5,-14,20,15,307,0,37,5,"Knox County",470313,9.35547178155824,0.0161641280696301,54.0065871026317,0.212624358671778,4.25248717343556,1.61641280696301
2020-05-21,331,0,326,0,5,0,375,0,13502,250,13877,250,0,5,-1,34,1,292,0,37,5,"Knox County",470313,7.01660383616868,0.0131410256410256,53.1560896679445,0,7.22922819484046,1.31410256410256
2020-05-20,331,7,326,7,5,0,375,7,13252,360,13627,367,0,5,4,35,3,291,0,37,5,"Knox County",470313,7.44185255351224,0.0137210062071219,78.0331396325426,1.48837051070245,7.44185255351224,1.37210062071219
2020-05-19,324,7,319,7,5,0,368,7,12892,369,13260,376,0,5,4,31,3,288,2,37,5,"Knox County",470313,7.01660383616868,0.0170678336980306,79.9467588605886,1.48837051070245,6.59135511882512,1.70678336980306
2020-05-18,317,3,312,3,5,0,361,4,12523,478,12884,482,0,5,0,27,3,285,0,35,5,"Knox County",470313,5.74085768413801,0.0134736842105263,102.484940879797,0.637873076015334,5.74085768413801,1.34736842105263
2020-05-17,314,3,309,3,5,0,357,5,12045,216,12402,221,0,5,1,27,2,282,1,35,5,"Knox County",470313,5.95348204280979,0.0146551724137931,46.989983266463,0.637873076015334,5.74085768413801,1.46551724137931
2020-05-16,311,0,306,0,5,0,352,0,11829,349,12181,349,0,5,-4,26,4,280,0,34,5,"Knox County",470313,4.46511153210734,0.0104393214441061,74.2059011764506,0,5.52823332546623,1.04393214441061
2020-05-15,311,1,306,1,5,0,352,4,11480,540,11832,544,0,5,-4,30,5,276,0,34,5,"Knox County",470313,4.46511153210734,0.0104287369640788,115.667651117447,0.212624358671778,6.37873076015334,1.04287369640788
2020-05-14,310,3,305,3,5,0,348,7,10940,458,11288,465,0,5,0,34,3,271,0,34,5,"Knox County",470313,5.10298460812268,0.0121255349500713,98.8703267823768,0.637873076015334,7.22922819484046,1.21255349500713
2020-05-13,307,7,302,7,5,0,341,5,10482,341,10823,346,0,5,1,34,6,268,0,34,5,"Knox County",470313,5.10298460812268,0.011498383039885,73.5680281004352,1.48837051070245,7.22922819484046,1.1498383039885
2020-05-12,300,6,295,6,5,0,336,8,10141,401,10477,409,0,5,3,33,3,262,0,34,5,"Knox County",470313,4.8903602494509,0.01171875,86.9633626967573,1.27574615203067,7.01660383616868,1.171875
2020-05-11,294,16,289,16,5,0,328,12,9740,254,10068,266,0,5,9,30,7,259,1,34,5,"Knox County",470313,7.65447691218401,0.0157692307692308,56.558079406693,3.40198973874845,6.37873076015334,1.57692307692308
2020-05-10,278,5,273,5,5,0,316,5,9486,221,9802,226,0,5,1,21,4,252,1,33,5,"Knox County",470313,8.07972562952757,0.0157389635316699,48.0531050598219,1.06312179335889,4.46511153210734,1.57389635316699
2020-05-09,273,2,268,2,5,0,311,4,9265,352,9576,356,0,5,-1,20,3,248,0,32,5,"Knox County",470313,8.50497434687113,0.0172281776416539,75.694271687153,0.425248717343556,4.25248717343556,1.72281776416539
2020-05-08,271,3,266,3,5,0,307,4,8913,265,9220,269,0,5,-2,21,5,245,0,32,5,"Knox County",470313,8.93022306421468,0.0192554557124519,57.1959524827083,0.637873076015334,4.46511153210734,1.92554557124519
2020-05-07,268,3,263,3,5,0,303,3,8648,220,8951,223,0,5,-2,23,5,240,0,32,5,"Knox County",470313,8.93022306421468,0.0195704057279236,47.4152319838065,0.637873076015334,4.8903602494509,1.95704057279236
2020-05-06,265,1,260,1,5,0,300,1,8428,185,8728,186,0,5,-7,25,8,235,0,32,5,"Knox County",470313,7.65447691218401,0.0191214470284238,39.5481307129507,0.212624358671778,5.31560896679445,1.91214470284238
2020-05-05,264,4,259,4,5,0,299,5,8243,305,8542,310,0,5,-1,32,5,227,0,32,5,"Knox County",470313,7.22922819484046,0.0185185185185185,65.9135511882512,0.850497434687113,6.8039794774969,1.85185185185185
2020-05-04,260,4,255,4,5,0,294,7,7938,259,8232,266,0,5,-3,33,7,222,0,32,5,"Knox County",470313,4.67773589077912,0.0157952069716776,56.558079406693,0.850497434687113,7.01660383616868,1.57952069716776
2020-05-03,256,7,251,5,5,2,287,6,7679,290,7966,296,0,5,6,36,1,215,2,32,5,"Knox County",470313,5.10298460812268,0.0157397691500525,62.9368101668463,1.48837051070245,7.65447691218401,1.57397691500525
2020-05-02,249,3,246,3,3,0,281,5,7389,308,7670,313,0,5,1,30,2,214,1,30,5,"Knox County",470313,5.31560896679445,0.0166398282340311,66.5514242642666,0.637873076015334,6.37873076015334,1.66398282340311
2020-05-01,246,9,243,8,3,1,276,7,7081,354,7357,361,0,5,4,29,5,212,0,29,5,"Knox County",470313,6.59135511882512,0.0173913043478261,76.7573934805119,1.913619228046,6.16610640148157,1.73913043478261
2020-04-30,237,4,235,4,2,0,269,3,6727,119,6996,122,0,5,-1,25,5,207,0,29,5,"Knox County",470313,6.8039794774969,0.0183387270765912,25.9401717579569,0.850497434687113,5.31560896679445,1.83387270765912
2020-04-29,233,8,231,8,2,0,266,10,6608,671,6874,681,0,5,5,26,3,202,0,29,5,"Knox County",470313,8.29234998819935,0.0183056619838229,144.797188255481,1.70099486937423,5.52823332546623,1.83056619838229
2020-04-28,225,8,223,8,2,0,256,10,5937,391,6193,401,1,5,4,21,3,199,0,29,5,"Knox County",470313,9.14284742288646,0.019672131147541,85.262367827383,1.70099486937423,4.46511153210734,1.9672131147541
2020-04-27,217,2,215,2,2,0,246,4,5546,161,5792,165,0,4,1,17,1,196,0,29,5,"Knox County",470313,8.7175987055429,0.0192389910218042,35.0830191808434,0.425248717343556,3.61461409742023,1.92389910218042
2020-04-26,215,1,213,1,2,0,242,1,5385,172,5627,173,0,4,-2,16,3,195,0,29,4,"Knox County",470313,7.44185255351224,0.0180505415162455,36.7840140502176,0.212624358671778,3.40198973874845,1.80505415162455
2020-04-25,214,0,212,0,2,0,241,0,5213,53,5454,53,0,4,-6,18,6,192,0,29,4,"Knox County",470313,6.8039794774969,0.0178936605316973,11.2690910096042,0,3.82723845609201,1.78936605316973
2020-04-24,214,8,212,8,2,0,241,10,5160,836,5401,846,0,4,5,24,3,186,1,29,4,"Knox County",470313,6.59135511882512,0.0155673904137649,179.880207436324,1.70099486937423,5.10298460812268,1.55673904137648
2020-04-23,206,1,204,1,2,0,231,2,4324,137,4555,139,0,4,0,19,1,183,0,28,4,"Knox County",470313,5.95348204280979,0.0150528885272579,29.5547858553772,0.212624358671778,4.03986281476378,1.50528885272579
2020-04-22,205,5,203,3,2,2,229,2,4187,189,4416,191,0,4,1,19,4,182,0,28,4,"Knox County",470313,5.31560896679445,0.0147357723577236,40.6112525063096,1.06312179335889,4.03986281476378,1.47357723577236
2020-04-21,200,4,200,4,0,0,227,5,3998,475,4225,480,0,4,-2,18,6,178,1,28,4,"Knox County",470313,4.46511153210734,0.0117244748412311,102.059692162454,0.850497434687113,3.82723845609201,1.17244748412311
2020-04-20,196,3,196,3,0,0,222,2,3523,175,3745,177,0,4,-1,20,4,172,1,27,4,"Knox County",470313,4.67773589077912,0.0106847984458475,37.6345114849047,0.637873076015334,4.25248717343556,1.06847984458475
2020-04-19,193,0,193,0,0,0,220,0,3348,72,3568,72,0,4,-4,21,4,168,0,26,4,"Knox County",470313,4.46511153210734,0.0107252298263534,15.308953824368,0,4.46511153210734,1.07252298263534
2020-04-18,193,0,193,0,0,0,220,1,3276,135,3496,136,0,4,-5,25,5,164,0,26,4,"Knox County",470313,4.46511153210734,0.0107790298873101,28.9169127793618,0,5.31560896679445,1.07790298873101
2020-04-17,193,2,193,2,0,0,219,3,3141,104,3360,107,0,4,-2,30,4,159,1,26,4,"Knox County",470313,3.18936538007667,0.0115207373271889,22.7508063778803,0.425248717343556,6.37873076015334,1.15207373271889
2020-04-16,191,7,191,7,0,0,216,9,3037,213,3253,222,0,4,2,32,5,155,2,25,4,"Knox County",470313,4.46511153210734,0.015884476534296,47.2026076251348,1.48837051070245,6.8039794774969,1.5884476534296
2020-04-15,184,9,184,9,0,0,207,10,2824,84,3031,94,0,4,3,30,6,150,1,23,4,"Knox County",470313,5.31560896679445,0.0232919254658385,19.9866897151471,1.913619228046,6.37873076015334,2.32919254658385
2020-04-14,175,4,175,4,0,0,197,4,2740,102,2937,106,0,4,1,27,3,144,1,22,4,"Knox County",470313,5.31560896679445,0.0317286652078775,22.5381820192085,0.850497434687113,5.74085768413801,3.17286652078775
2020-04-13,171,4,171,4,0,0,193,9,2638,242,2831,251,0,4,-2,26,6,141,1,21,4,"Knox County",470313,5.52823332546623,0.0364372469635627,53.3687140266163,0.850497434687113,5.52823332546623,3.64372469635628
2020-04-12,167,5,167,5,0,0,184,6,2396,166,2580,172,0,4,1,28,4,135,0,20,4,"Knox County",470313,6.59135511882512,0.0386029411764706,36.5713896915458,1.06312179335889,5.95348204280979,3.86029411764706
2020-04-11,162,5,162,5,0,0,178,8,2230,313,2408,321,1,4,-4,27,8,131,1,20,4,"Knox County",470313,7.65447691218401,0.0384917517674784,68.2524191336408,1.06312179335889,5.74085768413801,3.84917517674784
2020-04-10,157,4,157,4,0,0,170,5,1917,123,2087,128,0,3,0,31,4,123,0,19,4,"Knox County",470313,8.07972562952757,0.0394126738794436,27.2159179099876,0.850497434687113,6.59135511882512,3.94126738794436
2020-04-09,153,1,153,1,0,0,165,1,1794,81,1959,82,0,3,-2,31,3,119,0,19,4,"Knox County",470313,6.8039794774969,0.037261698440208,17.4351974110858,0.212624358671778,6.59135511882512,3.7261698440208
2020-04-08,152,8,152,8,0,0,164,12,1713,111,1877,123,0,3,-3,33,11,116,1,19,4,"Knox County",470313,6.59135511882512,0.0380388841927303,26.1527961166287,1.70099486937423,7.01660383616868,3.80388841927303
2020-04-07,144,20,144,20,0,0,152,25,1602,366,1754,391,0,3,11,36,9,105,2,18,3,"Knox County",470313,9.99334485757357,0.0449591280653951,83.1361242406653,4.25248717343556,7.65447691218401,4.49591280653951
2020-04-06,124,8,124,8,0,0,127,14,1236,54,1363,68,2,3,-2,25,8,96,1,16,3,"Knox County",470313,10.8438422922607,0.0552529182879377,14.4584563896809,1.70099486937423,5.31560896679445,5.52529182879377
2020-04-05,116,4,116,4,0,0,113,10,1182,75,1295,85,0,1,-2,27,6,88,0,15,3,"Knox County",470313,10.6312179335889,0.0626043405676127,18.0730704871011,0.850497434687113,5.74085768413801,6.26043405676127
2020-04-04,112,15,112,15,0,0,103,6,1107,127,1210,133,0,1,4,29,11,82,1,15,2,"Knox County",470313,12.7574615203067,0.0722772277227723,28.2790397033465,3.18936538007667,6.16610640148157,7.22772277227723
2020-04-03,97,4,97,4,0,0,97,3,980,51,1077,54,0,1,-8,25,12,71,1,14,1,"Knox County",470313,12.7574615203067,0.0758547008547008,11.481715368276,0.850497434687113,5.31560896679445,7.58547008547009
2020-04-02,93,7,93,7,0,0,94,7,929,106,1023,113,0,1,NA,33,8,59,0,13,1,"Knox County",470313,14.0332076723374,0.0796277145811789,24.0265525299109,1.48837051070245,7.01660383616868,7.96277145811789
2020-04-01,86,15,86,15,0,0,87,15,823,140,910,155,NA,NA,NA,NA,7,51,1,13,1,"Knox County",470313,15.5215781830398,0.0800800800800801,32.9567755941256,3.18936538007667,NA,8.00800800800801
2020-03-31,71,8,71,8,0,0,72,11,683,58,755,69,NA,NA,NA,NA,12,44,1,12,1,"Knox County",470313,12.9700858789785,0.0974889217134417,14.6710807483527,1.70099486937423,NA,9.74889217134417
2020-03-30,63,13,63,13,0,0,61,15,625,130,686,145,NA,NA,NA,NA,9,32,2,11,1,"Knox County",470313,14.0332076723374,0.0888594164456233,30.8305320074078,2.76411666273312,NA,8.88594164456233
2020-03-29,50,8,50,8,0,0,46,8,495,55,541,63,NA,NA,NA,NA,6,23,1,9,1,"Knox County",470313,14.8837051070245,0.0887978142076503,13.395334596322,1.70099486937423,NA,8.87978142076503
2020-03-28,42,7,42,7,0,0,38,6,440,62,478,68,NA,NA,NA,NA,1,17,1,8,0,"Knox County",470313,13.1827102376502,0.0974512743628186,14.4584563896809,1.48837051070245,NA,9.74512743628186
2020-03-27,35,2,35,2,0,0,32,2,378,54,410,56,NA,NA,NA,NA,5,16,1,7,0,"Knox County",470313,12.7574615203067,0.0956651718983558,11.9069640856196,0.425248717343556,NA,9.56651718983558
2020-03-26,33,7,33,7,0,0,30,7,324,82,354,89,NA,NA,NA,NA,3,11,2,6,0,"Knox County",470313,12.7574615203067,0.0992248062015504,18.9235679217883,1.48837051070245,NA,9.92248062015504
2020-03-25,26,6,26,6,0,0,23,7,242,68,265,75,NA,NA,NA,NA,3,8,1,4,0,"Knox County",470313,10.8438422922607,0.0991150442477876,15.9468269003834,1.27574615203067,NA,9.91150442477876
2020-03-24,20,7,20,7,0,0,16,7,174,43,190,50,NA,NA,NA,NA,2,5,0,3,0,"Knox County",470313,10.6312179335889,0.0952380952380952,10.6312179335889,1.48837051070245,NA,9.52380952380952
2020-03-23,13,4,13,4,0,0,9,4,131,22,140,26,NA,NA,NA,NA,3,3,2,3,0,"Knox County",470313,8.7175987055429,0.0960187353629977,5.52823332546623,0.850497434687113,NA,9.60187353629976
2020-03-22,9,2,9,2,0,0,5,0,109,9,114,9,NA,NA,NA,NA,0,0,1,1,0,"Knox County",470313,7.44185255351224,0.0884718498659517,1.913619228046,0.425248717343556,NA,8.84718498659517
2020-03-21,7,1,7,1,0,0,5,2,100,17,105,19,NA,NA,NA,NA,0,0,0,0,0,"Knox County",470313,6.16610640148157,0.0895061728395062,4.03986281476378,0.212624358671778,NA,8.95061728395062
2020-03-20,6,5,6,5,0,0,3,2,83,38,86,40,NA,NA,NA,NA,0,0,0,0,0,"Knox County",470313,6.8039794774969,0.0941558441558442,8.50497434687113,1.06312179335889,NA,9.41558441558442
2020-03-19,1,0,1,0,0,0,1,0,45,11,46,11,NA,NA,NA,NA,0,0,0,0,0,"Knox County",470313,5.31560896679445,0.0956521739130435,2.33886794538956,0,NA,9.56521739130435
2020-03-18,1,0,1,0,0,0,1,0,34,15,35,15,NA,NA,NA,NA,0,0,0,0,0,"Knox County",470313,4.03986281476378,0.0882352941176471,3.18936538007667,0,NA,8.82352941176471
2020-03-17,1,0,1,0,0,0,1,0,19,5,20,5,NA,NA,NA,NA,0,0,0,0,0,"Knox County",470313,2.55149230406134,0.064,1.06312179335889,0,NA,6.4
2020-03-16,1,1,1,1,0,0,1,1,14,3,15,4,NA,NA,NA,NA,0,0,0,0,0,"Knox County",470313,1.913619228046,0.0485436893203883,0.850497434687113,0.212624358671778,NA,4.85436893203883
2020-03-15,0,0,0,0,0,0,0,0,11,1,11,1,NA,NA,NA,NA,0,0,0,0,0,"Knox County",470313,1.48837051070245,0.0526315789473684,0.212624358671778,0,NA,5.26315789473684
2020-03-14,0,0,0,0,0,0,0,0,10,8,10,8,NA,NA,NA,NA,0,0,0,0,0,"Knox County",470313,1.27574615203067,0.0357142857142857,1.70099486937423,0,NA,3.57142857142857
2020-03-13,0,0,0,0,0,0,0,0,2,0,2,0,NA,NA,NA,NA,0,0,0,0,0,"Knox County",470313,0.212624358671778,0.0227272727272727,0,0,NA,2.27272727272727
2020-03-12,0,0,0,0,0,0,0,0,2,2,2,2,NA,NA,NA,NA,0,0,0,0,0,"Knox County",470313,0.212624358671778,0.0285714285714286,0.425248717343556,0,NA,2.85714285714286
2020-03-12,0,0,0,0,0,0,0,0,0,0,0,0,NA,NA,NA,NA,0,0,0,0,0,"Anderson",76978,NA,NA,0,0,NA,NA
2020-03-13,0,0,0,0,0,0,0,0,1,1,1,1,NA,NA,NA,NA,0,0,0,0,0,"Anderson",76978,NA,NA,1.29907246226194,0,NA,NA
2020-03-14,0,0,0,0,0,0,0,0,1,0,1,0,NA,NA,NA,NA,0,0,0,0,0,"Anderson",76978,NA,NA,0,0,NA,NA
2020-03-15,0,0,0,0,0,0,0,0,1,0,1,0,NA,NA,NA,NA,0,0,0,0,0,"Anderson",76978,NA,NA,0,0,NA,NA
2020-03-16,0,0,0,0,0,0,0,0,2,1,2,1,NA,NA,NA,NA,0,0,0,0,0,"Anderson",76978,NA,NA,1.29907246226194,0,NA,NA
2020-03-17,0,0,0,0,0,0,0,0,4,2,4,2,NA,NA,NA,NA,0,0,0,0,0,"Anderson",76978,NA,NA,2.59814492452389,0,NA,NA
2020-03-18,0,0,0,0,0,0,0,0,4,0,4,0,NA,NA,NA,NA,0,0,0,0,0,"Anderson",76978,0,0,0,0,NA,0
2020-03-19,1,1,1,1,0,0,2,2,5,1,7,3,NA,NA,NA,NA,0,0,0,0,0,"Anderson",76978,1.29907246226194,0.285714285714286,3.89721738678583,1.29907246226194,NA,28.5714285714286
2020-03-20,1,0,1,0,0,0,2,0,7,2,9,2,NA,NA,NA,NA,0,0,0,0,0,"Anderson",76978,1.29907246226194,0.25,2.59814492452389,0,NA,25
2020-03-21,1,0,1,0,0,0,2,0,7,0,9,0,NA,NA,NA,NA,0,0,0,0,0,"Anderson",76978,1.29907246226194,0.25,0,0,NA,25
2020-03-22,1,0,1,0,0,0,2,0,10,3,12,3,NA,NA,NA,NA,0,0,0,0,0,"Anderson",76978,1.29907246226194,0.181818181818182,3.89721738678583,0,NA,18.1818181818182
2020-03-23,1,0,1,0,0,0,2,0,15,5,17,5,NA,NA,NA,NA,0,0,0,0,0,"Anderson",76978,1.29907246226194,0.133333333333333,6.49536231130973,0,NA,13.3333333333333
2020-03-24,1,0,1,0,0,0,2,0,20,5,22,5,NA,NA,NA,NA,0,0,0,0,0,"Anderson",76978,1.29907246226194,0.111111111111111,6.49536231130973,0,NA,11.1111111111111
2020-03-25,2,1,2,1,0,0,4,2,29,9,33,11,NA,NA,NA,NA,1,1,0,0,0,"Anderson",76978,2.59814492452389,0.137931034482759,14.2897970848814,1.29907246226194,NA,13.7931034482759
2020-03-26,3,1,3,1,0,0,5,1,44,15,49,16,NA,NA,NA,NA,0,1,1,1,0,"Anderson",76978,2.59814492452389,0.0714285714285714,20.7851593961911,1.29907246226194,NA,7.14285714285714
2020-03-27,4,1,4,1,0,0,6,1,53,9,59,10,NA,NA,NA,NA,3,4,0,1,0,"Anderson",76978,3.89721738678583,0.08,12.9907246226195,1.29907246226194,NA,8
2020-03-28,7,3,7,3,0,0,9,3,72,19,81,22,NA,NA,NA,NA,0,4,1,2,0,"Anderson",76978,7.79443477357167,0.0972222222222222,28.5795941697628,3.89721738678583,NA,9.72222222222222
2020-03-29,7,0,7,0,0,0,9,0,83,11,92,11,NA,NA,NA,NA,0,4,0,2,0,"Anderson",76978,7.79443477357167,0.0875,14.2897970848814,0,NA,8.75
2020-03-30,8,1,8,1,0,0,10,1,127,44,137,45,NA,NA,NA,NA,1,5,0,2,0,"Anderson",76978,9.09350723583361,0.0666666666666667,58.4582608017875,1.29907246226194,NA,6.66666666666667
2020-03-31,9,1,9,1,0,0,11,1,142,15,153,16,NA,NA,NA,NA,1,6,0,2,0,"Anderson",76978,10.3925796980956,0.0687022900763359,20.7851593961911,1.29907246226194,NA,6.87022900763359
2020-04-01,9,0,9,0,0,0,11,0,163,21,174,21,NA,NA,NA,NA,0,6,0,2,0,"Anderson",76978,9.09350723583361,0.049645390070922,27.2805217075008,0,NA,4.9645390070922
2020-04-02,9,0,9,0,0,0,11,0,179,16,190,16,0,0,NA,3,0,6,0,2,0,"Anderson",76978,7.79443477357167,0.0425531914893617,20.7851593961911,0,3.89721738678583,4.25531914893617
2020-04-03,9,0,9,0,0,0,11,0,192,13,203,13,0,0,-2,1,2,8,0,2,0,"Anderson",76978,6.49536231130972,0.0347222222222222,16.8879420094053,0,1.29907246226194,3.47222222222222
2020-04-04,9,0,9,0,0,0,11,0,219,27,230,27,0,0,0,1,0,8,0,2,0,"Anderson",76978,2.59814492452389,0.0134228187919463,35.0749564810725,0,1.29907246226194,1.34228187919463
2020-04-05,9,0,9,0,0,0,11,0,248,29,259,29,0,0,0,1,0,8,0,2,0,"Anderson",76978,2.59814492452389,0.0119760479041916,37.6731014055964,0,1.29907246226194,1.19760479041916
2020-04-06,9,0,9,0,0,0,11,0,262,14,273,14,0,0,-1,0,1,9,0,2,0,"Anderson",76978,1.29907246226194,0.00735294117647059,18.1870144716672,0,0,0.735294117647059
2020-04-07,10,1,10,1,0,0,12,1,304,42,316,43,0,0,1,1,0,9,0,2,0,"Anderson",76978,1.29907246226194,0.00613496932515337,55.8601158772636,1.29907246226194,1.29907246226194,0.613496932515337
2020-04-08,10,0,10,0,0,0,12,0,322,18,334,18,1,1,-1,0,0,9,0,2,1,"Anderson",76978,1.29907246226194,0.00625,23.383304320715,0,0,0.625
2020-04-09,10,0,10,0,0,0,12,0,350,28,362,28,0,1,0,0,0,9,0,2,1,"Anderson",76978,1.29907246226194,0.00581395348837209,36.3740289433345,0,0,0.581395348837209
2020-04-10,10,0,10,0,0,0,12,0,366,16,378,16,0,1,0,0,0,9,0,2,1,"Anderson",76978,1.29907246226194,0.00571428571428571,20.7851593961911,0,0,0.571428571428571
2020-04-11,10,0,10,0,0,0,12,0,439,73,451,73,0,1,0,0,0,9,0,2,1,"Anderson",76978,1.29907246226194,0.00452488687782805,94.832289745122,0,0,0.452488687782805
2020-04-12,12,2,12,2,0,0,14,2,477,38,491,40,0,1,2,2,0,9,0,2,1,"Anderson",76978,3.89721738678583,0.0129310344827586,51.9628984904778,2.59814492452389,2.59814492452389,1.29310344827586
2020-04-13,13,1,13,1,0,0,15,1,514,37,529,38,0,1,0,2,1,10,0,2,1,"Anderson",76978,5.19628984904778,0.015625,49.3647535659539,1.29907246226194,2.59814492452389,1.5625
2020-04-14,13,0,13,0,0,0,15,0,526,12,541,12,0,1,0,2,0,10,0,2,1,"Anderson",76978,3.89721738678583,0.0133333333333333,15.5888695471433,0,2.59814492452389,1.33333333333333
2020-04-15,13,0,13,0,0,0,15,0,544,18,559,18,0,1,-2,0,2,12,0,2,1,"Anderson",76978,3.89721738678583,0.0133333333333333,23.383304320715,0,0,1.33333333333333
2020-04-16,13,0,13,0,0,0,15,0,566,22,581,22,0,1,0,0,0,12,0,2,1,"Anderson",76978,3.89721738678583,0.0136986301369863,28.5795941697628,0,0,1.36986301369863
2020-04-17,13,0,13,0,0,0,15,0,586,20,601,20,0,1,0,0,0,12,0,2,1,"Anderson",76978,3.89721738678583,0.0134529147982063,25.9814492452389,0,0,1.34529147982063
2020-04-18,13,0,13,0,0,0,15,0,616,30,631,30,0,1,0,0,0,12,0,2,1,"Anderson",76978,3.89721738678583,0.0166666666666667,38.9721738678584,0,0,1.66666666666667
2020-04-19,14,1,14,1,0,0,16,1,628,12,644,13,0,1,0,0,1,13,0,2,1,"Anderson",76978,2.59814492452389,0.0130718954248366,16.8879420094053,1.29907246226194,0,1.30718954248366
2020-04-20,19,5,18,4,1,1,19,3,648,20,667,23,0,1,5,5,0,13,0,2,1,"Anderson",76978,7.79443477357167,0.0289855072463768,29.8786666320247,6.49536231130973,6.49536231130973,2.89855072463768
2020-04-21,20,1,19,1,1,0,22,3,1071,423,1093,426,0,1,1,6,0,13,0,2,1,"Anderson",76978,9.09350723583361,0.0126811594202899,553.404868923589,1.29907246226194,7.79443477357167,1.26811594202899
2020-04-22,21,1,20,1,1,0,24,2,1141,70,1165,72,0,1,0,6,1,14,0,2,1,"Anderson",76978,10.3925796980956,0.0148514851485149,93.53321728286,1.29907246226194,7.79443477357167,1.48514851485149
2020-04-23,21,0,20,0,1,0,24,0,1191,50,1215,50,0,1,-1,5,1,15,0,2,1,"Anderson",76978,10.3925796980956,0.0141955835962145,64.9536231130973,0,6.49536231130973,1.41955835962145
2020-04-24,22,1,21,1,1,0,25,1,1299,108,1324,109,0,1,1,6,0,15,0,2,1,"Anderson",76978,11.6916521603575,0.0138312586445367,141.598898386552,1.29907246226194,7.79443477357167,1.38312586445367
2020-04-25,22,0,21,0,1,0,25,0,1336,37,1361,37,0,1,0,6,0,15,0,2,1,"Anderson",76978,11.6916521603575,0.0136986301369863,48.065681103692,0,7.79443477357167,1.36986301369863
2020-04-26,22,0,21,0,1,0,25,0,1372,36,1397,36,0,1,0,6,0,15,0,2,1,"Anderson",76978,10.3925796980956,0.0119521912350598,46.76660864143,0,7.79443477357167,1.19521912350598
2020-04-27,22,0,21,0,1,0,25,0,1411,39,1436,39,0,1,-1,5,1,16,0,2,1,"Anderson",76978,3.89721738678583,0.00780234070221066,50.6638260282159,0,6.49536231130973,0.780234070221066
2020-04-28,22,0,21,0,1,0,25,0,1690,279,1715,279,0,1,0,5,0,16,0,2,1,"Anderson",76978,2.59814492452389,0.00482315112540193,362.441216971083,0,6.49536231130973,0.482315112540193
2020-04-29,26,4,25,4,1,0,28,3,2070,380,2098,383,0,1,4,9,0,16,0,2,1,"Anderson",76978,6.49536231130972,0.00428724544480171,497.544753046325,5.19628984904778,11.6916521603575,0.428724544480171
2020-04-30,26,0,25,0,1,0,29,1,2102,32,2131,33,0,1,-1,8,1,17,0,2,1,"Anderson",76978,6.49536231130972,0.00545851528384279,42.8693912546442,0,10.3925796980956,0.545851528384279
2020-05-01,26,0,25,0,1,0,29,0,2154,52,2183,52,0,1,-2,6,2,19,0,2,1,"Anderson",76978,5.19628984904778,0.00465657741559953,67.5517680376211,0,7.79443477357167,0.465657741559953
2020-05-02,26,0,25,0,1,0,29,0,2221,67,2250,67,0,1,0,6,0,19,0,2,1,"Anderson",76978,5.19628984904778,0.00449943757030371,87.0378549715503,0,7.79443477357167,0.449943757030371
2020-05-03,27,1,26,1,1,0,30,1,2314,93,2344,94,0,1,1,7,0,19,0,2,1,"Anderson",76978,6.49536231130972,0.00527983104540655,122.112811452623,1.29907246226194,9.09350723583361,0.527983104540655
2020-05-04,27,0,26,0,1,0,30,0,2406,92,2436,92,0,1,-1,6,1,20,0,2,1,"Anderson",76978,6.49536231130972,0.005,119.514666528099,0,7.79443477357167,0.5
2020-05-05,28,1,27,1,1,0,30,0,2475,69,2505,69,0,1,-1,5,2,22,0,2,1,"Anderson",76978,7.79443477357167,0.00632911392405063,89.6359998960742,1.29907246226194,6.49536231130973,0.632911392405063
2020-05-06,30,2,29,2,1,0,31,1,2525,50,2556,51,0,1,2,7,0,22,0,2,1,"Anderson",76978,5.19628984904778,0.00655021834061135,66.2526955753592,2.59814492452389,9.09350723583361,0.655021834061135
2020-05-07,30,0,29,0,1,0,33,2,2597,72,2630,74,0,1,-1,6,1,23,0,2,1,"Anderson",76978,5.19628984904778,0.00801603206412826,96.1313622073839,0,7.79443477357167,0.801603206412826
2020-05-08,30,0,29,0,1,0,33,0,2652,55,2685,55,0,1,0,6,0,23,0,2,1,"Anderson",76978,5.19628984904778,0.00796812749003984,71.448985424407,0,7.79443477357167,0.796812749003984
2020-05-09,30,0,29,0,1,0,33,0,2734,82,2767,82,0,1,0,6,0,23,0,2,1,"Anderson",76978,5.19628984904778,0.00773694390715667,106.523941905479,0,7.79443477357167,0.773694390715667
2020-05-10,30,0,29,0,1,0,33,0,2827,93,2860,93,0,1,-3,3,3,26,0,2,1,"Anderson",76978,3.89721738678583,0.00581395348837209,120.813738990361,0,3.89721738678583,0.581395348837209
2020-05-11,32,2,31,2,1,0,33,0,2909,82,2942,82,0,1,2,5,0,26,0,2,1,"Anderson",76978,6.49536231130972,0.00592885375494071,106.523941905479,2.59814492452389,6.49536231130973,0.592885375494071
2020-05-12,33,1,32,1,1,0,35,2,3042,133,3077,135,0,1,1,6,0,26,0,2,1,"Anderson",76978,6.49536231130972,0.00874125874125874,175.374782405363,1.29907246226194,7.79443477357167,0.874125874125874
2020-05-13,35,2,34,2,1,0,38,3,3220,178,3258,181,0,1,1,7,1,27,1,3,1,"Anderson",76978,6.49536231130972,0.00997150997150997,235.132115669412,2.59814492452389,9.09350723583361,0.997150997150997
2020-05-14,35,0,34,0,1,0,39,1,3346,126,3385,127,0,1,-1,6,1,28,0,3,1,"Anderson",76978,6.49536231130972,0.00794701986754967,164.982202707267,0,7.79443477357167,0.794701986754967
2020-05-15,36,1,35,1,1,0,39,0,3417,71,3456,71,0,1,1,7,0,28,0,3,1,"Anderson",76978,7.79443477357167,0.00778210116731518,92.2341448205981,1.29907246226194,9.09350723583361,0.778210116731518
2020-05-16,36,0,35,0,1,0,41,2,3657,240,3698,242,0,1,-1,6,1,29,0,3,1,"Anderson",76978,7.79443477357167,0.00859291084854995,314.375535867391,0,7.79443477357167,0.859291084854995
2020-05-17,36,0,35,0,1,0,41,0,3727,70,3768,70,0,1,0,6,0,29,0,3,1,"Anderson",76978,7.79443477357167,0.00881057268722467,90.9350723583361,0,7.79443477357167,0.881057268722467
2020-05-18,37,1,36,1,1,0,42,1,3804,77,3846,78,0,1,-2,4,3,32,0,3,1,"Anderson",76978,6.49536231130972,0.00995575221238938,101.327652056432,1.29907246226194,5.19628984904778,0.995575221238938
2020-05-19,37,0,36,0,1,0,42,0,3856,52,3898,52,0,1,0,4,0,32,0,3,1,"Anderson",76978,5.19628984904778,0.00852618757612668,67.5517680376211,0,5.19628984904778,0.852618757612667
2020-05-20,37,0,36,0,1,0,43,1,3921,65,3964,66,0,1,0,4,0,32,0,3,1,"Anderson",76978,2.59814492452389,0.00708215297450425,85.7387825092884,0,5.19628984904778,0.708215297450425
2020-05-21,37,0,36,0,1,0,44,1,4001,80,4045,81,0,1,-1,3,1,33,0,3,1,"Anderson",76978,2.59814492452389,0.00757575757575758,105.224869443218,0,3.89721738678583,0.757575757575758
2020-05-22,38,1,37,1,1,0,45,1,4029,28,4074,29,0,1,-1,2,2,35,1,4,1,"Anderson",76978,2.59814492452389,0.00970873786407767,37.6731014055964,1.29907246226194,2.59814492452389,0.970873786407767
2020-05-23,38,0,37,0,1,0,46,1,4192,163,4238,164,0,1,0,2,0,35,0,4,1,"Anderson",76978,2.59814492452389,0.00925925925925926,213.047883810959,0,2.59814492452389,0.925925925925926
2020-05-24,38,0,37,0,1,0,46,0,4247,55,4293,55,0,1,0,2,0,35,0,4,1,"Anderson",76978,2.59814492452389,0.00952380952380952,71.448985424407,0,2.59814492452389,0.952380952380952
2020-05-25,38,0,37,0,1,0,47,1,4281,34,4328,35,0,1,0,2,0,35,0,4,1,"Anderson",76978,1.29907246226194,0.0103734439834025,45.4675361791681,0,2.59814492452389,1.03734439834025
2020-05-26,38,0,37,0,1,0,47,0,4412,131,4459,131,0,1,-1,1,1,36,0,4,1,"Anderson",76978,1.29907246226194,0.0089126559714795,170.178492556315,0,1.29907246226194,0.89126559714795
2020-05-27,38,0,37,0,1,0,47,0,4515,103,4562,103,0,1,0,1,0,36,0,4,1,"Anderson",76978,1.29907246226194,0.00668896321070234,133.80446361298,0,1.29907246226194,0.668896321070234
2020-05-28,38,0,37,0,1,0,47,0,4563,48,4610,48,0,1,0,1,0,36,0,4,1,"Anderson",76978,1.29907246226194,0.00530973451327434,62.3554781885734,0,1.29907246226194,0.530973451327434
2020-05-29,39,1,38,1,1,0,47,0,4613,50,4660,50,0,1,0,1,1,37,0,4,1,"Anderson",76978,1.29907246226194,0.00341296928327645,64.9536231130973,1.29907246226194,1.29907246226194,0.341296928327645
2020-05-30,39,0,38,0,1,0,48,1,4665,52,4713,53,0,1,0,1,0,37,0,4,1,"Anderson",76978,1.29907246226194,0.00421052631578947,68.8508404998831,0,1.29907246226194,0.421052631578947
2020-05-31,40,1,39,1,1,0,49,1,4731,66,4780,67,0,1,1,2,0,37,0,4,1,"Anderson",76978,2.59814492452389,0.00616016427104723,87.0378549715503,1.29907246226194,2.59814492452389,0.616016427104723
2020-06-01,40,0,39,0,1,0,49,0,4855,124,4904,124,0,1,0,2,0,37,0,4,1,"Anderson",76978,2.59814492452389,0.00347222222222222,161.084985320481,0,2.59814492452389,0.347222222222222
2020-06-02,40,0,39,0,1,0,49,0,4982,127,5031,127,0,1,0,2,0,37,0,4,1,"Anderson",76978,2.59814492452389,0.0034965034965035,164.982202707267,0,2.59814492452389,0.34965034965035
2020-06-03,41,1,40,1,1,0,50,1,5042,60,5092,61,0,1,1,3,0,37,0,4,2,"Anderson",76978,3.89721738678583,0.00566037735849057,79.2434201979787,1.29907246226194,3.89721738678583,0.566037735849057
2020-06-04,41,0,40,0,1,0,50,0,5090,48,5140,48,1,2,-2,1,1,38,0,4,2,"Anderson",76978,3.89721738678583,0.00566037735849057,62.3554781885734,0,1.29907246226194,0.566037735849057
2020-06-05,42,1,41,1,1,0,53,3,5147,57,5200,60,0,2,1,2,0,38,0,4,2,"Anderson",76978,3.89721738678583,0.0111111111111111,77.9443477357167,1.29907246226194,2.59814492452389,1.11111111111111
2020-06-06,43,1,42,1,1,0,54,1,5200,53,5254,54,0,2,1,3,0,38,0,4,2,"Anderson",76978,5.19628984904778,0.011090573012939,70.149912962145,1.29907246226194,3.89721738678583,1.1090573012939
2020-06-07,45,2,43,1,2,1,57,3,5295,95,5352,98,0,2,2,5,0,38,0,4,2,"Anderson",76978,6.49536231130972,0.013986013986014,127.309101301671,2.59814492452389,6.49536231130973,1.3986013986014
2020-06-08,46,1,44,1,2,0,57,0,5336,41,5393,41,0,2,1,6,0,38,0,4,2,"Anderson",76978,7.79443477357167,0.016359918200409,53.2619709527397,1.29907246226194,7.79443477357167,1.6359918200409
2020-06-09,47,1,45,1,2,0,60,3,5517,181,5577,184,0,2,1,7,0,38,0,4,2,"Anderson",76978,9.09350723583361,0.0201465201465201,239.029333056198,1.29907246226194,9.09350723583361,2.01465201465201
2020-06-10,52,5,50,5,2,0,63,3,5725,208,5788,211,0,2,2,9,3,41,0,4,2,"Anderson",76978,14.2897970848814,0.0186781609195402,274.10428953727,6.49536231130973,11.6916521603575,1.86781609195402
2020-06-11,55,3,53,3,2,0,66,3,5870,145,5936,148,0,2,2,11,1,42,1,5,2,"Anderson",76978,18.1870144716672,0.0201005025125628,192.262724414768,3.89721738678583,14.2897970848814,2.01005025125628
2020-06-12,57,2,55,2,2,0,70,4,5952,82,6022,86,0,2,2,13,0,42,0,5,2,"Anderson",76978,19.4860869339292,0.0206812652068127,111.720231754527,2.59814492452389,16.8879420094053,2.06812652068127
2020-06-13,58,1,55,0,3,1,70,0,5995,43,6065,43,0,2,0,13,1,43,0,5,2,"Anderson",76978,19.4860869339292,0.0197287299630086,55.8601158772636,1.29907246226194,16.8879420094053,1.97287299630086
2020-06-14,60,2,57,2,3,0,70,0,6170,175,6240,175,0,2,1,14,1,44,1,6,2,"Anderson",76978,19.4860869339292,0.0146396396396396,227.33768089584,2.59814492452389,18.1870144716672,1.46396396396396
2020-06-15,60,0,57,0,3,0,71,1,6228,58,6299,59,0,2,0,14,0,44,0,6,2,"Anderson",76978,18.1870144716672,0.0154525386313466,76.6452752734548,0,18.1870144716672,1.54525386313466
2020-06-16,64,4,61,4,3,0,75,4,6289,61,6364,65,0,2,3,17,1,45,0,6,2,"Anderson",76978,22.0842318584531,0.0190597204574333,84.4397100470264,5.19628984904778,22.0842318584531,1.90597204574333
2020-06-17,66,2,63,2,3,0,79,4,6326,37,6405,41,0,2,0,17,2,47,0,6,2,"Anderson",76978,18.1870144716672,0.0259319286871961,53.2619709527397,2.59814492452389,22.0842318584531,2.59319286871961
2020-06-18,70,4,67,4,3,0,84,5,6456,130,6540,135,0,2,2,19,2,49,0,6,2,"Anderson",76978,19.4860869339292,0.0298013245033113,175.374782405363,5.19628984904778,24.682376782977,2.98013245033113
2020-06-19,72,2,69,2,3,0,86,2,6521,65,6607,67,0,2,0,19,2,51,0,6,2,"Anderson",76978,19.4860869339292,0.0273504273504274,87.0378549715503,2.59814492452389,24.682376782977,2.73504273504274
2020-06-20,73,1,70,1,3,0,87,1,6559,38,6646,39,0,2,-1,18,2,53,0,6,2,"Anderson",76978,19.4860869339292,0.0292598967297762,50.6638260282159,1.29907246226194,23.383304320715,2.92598967297762
2020-06-21,74,1,71,1,3,0,88,1,6619,60,6707,61,0,2,-1,17,2,55,0,6,2,"Anderson",76978,18.1870144716672,0.0385438972162741,79.2434201979787,1.29907246226194,22.0842318584531,3.85438972162741
2020-06-22,76,2,73,2,3,0,90,2,6711,92,6801,94,0,2,0,17,2,57,1,7,2,"Anderson",76978,20.7851593961911,0.0378486055776892,122.112811452623,2.59814492452389,22.0842318584531,3.78486055776892
2020-06-23,76,0,73,0,3,0,90,0,6800,89,6890,89,0,2,-1,16,1,58,0,7,2,"Anderson",76978,15.5888695471433,0.0285171102661597,115.617449141313,0,20.7851593961911,2.85171102661597
2020-06-24,77,1,74,1,3,0,91,1,6831,31,6922,32,0,2,-2,14,3,61,0,7,2,"Anderson",76978,14.2897970848814,0.02321083172147,41.5703187923822,1.29907246226194,18.1870144716672,2.321083172147
2020-06-25,81,4,78,4,3,0,92,1,6944,113,7036,114,0,2,0,14,4,65,0,7,2,"Anderson",76978,14.2897970848814,0.0161290322580645,148.094260697862,5.19628984904778,18.1870144716672,1.61290322580645
2020-06-26,86,5,83,5,3,0,98,6,6972,28,7070,34,0,2,3,17,2,67,0,7,2,"Anderson",76978,18.1870144716672,0.0259179265658747,44.1684637169061,6.49536231130973,22.0842318584531,2.59179265658747
2020-06-27,87,1,83,0,4,1,98,0,6984,12,7082,12,0,2,-4,13,5,72,0,7,2,"Anderson",76978,18.1870144716672,0.0252293577981651,15.5888695471433,1.29907246226194,16.8879420094053,2.52293577981651
2020-06-28,91,4,87,4,4,0,106,8,7093,109,7199,117,0,2,3,16,1,73,0,7,2,"Anderson",76978,22.0842318584531,0.0365853658536585,151.991478084648,5.19628984904778,20.7851593961911,3.65853658536585
2020-06-29,97,6,92,5,5,1,114,8,7315,222,7429,230,0,2,3,19,3,76,1,8,2,"Anderson",76978,27.2805217075008,0.0382165605095541,298.786666320247,7.79443477357167,24.682376782977,3.82165605095541
2020-06-30,102,5,96,4,6,1,120,6,7479,164,7599,170,0,2,2,21,3,79,0,8,2,"Anderson",76978,33.7758840188106,0.0423131170662905,220.842318584531,6.49536231130973,27.2805217075008,4.23131170662905
2020-07-01,104,2,98,2,6,0,124,4,7600,121,7724,125,0,2,-2,19,4,83,0,8,2,"Anderson",76978,35.0749564810725,0.0411471321695761,162.384057782743,2.59814492452389,24.682376782977,4.11471321695761
2020-07-02,110,6,104,6,6,0,130,6,7839,239,7969,245,0,2,4,23,2,85,0,8,2,"Anderson",76978,37.6731014055964,0.0407288317256163,318.272753254177,7.79443477357167,29.8786666320247,4.07288317256163
2020-07-03,120,10,113,9,7,1,142,12,7964,125,8106,137,0,2,7,30,3,88,0,8,2,"Anderson",76978,44.1684637169061,0.0424710424710425,177.972927329886,12.9907246226195,38.9721738678584,4.24710424710425
2020-07-04,131,11,124,11,7,0,156,14,8148,184,8304,198,0,2,8,38,3,91,2,10,2,"Anderson",76978,57.1591883395256,0.0474631751227496,257.216347527865,14.2897970848814,49.3647535659539,4.74631751227496
2020-07-05,140,9,133,9,7,0,169,13,8304,156,8473,169,0,2,8,46,1,92,1,11,2,"Anderson",76978,63.6545506508353,0.0494505494505494,219.543246122269,11.6916521603575,59.7573332640495,4.94505494505495
2020-07-06,141,1,134,1,7,0,170,1,8331,27,8501,28,0,2,-4,42,5,97,0,11,2,"Anderson",76978,57.1591883395256,0.0522388059701493,36.3740289433345,1.29907246226194,54.5610434150017,5.22388059701492
2020-07-07,157,16,150,16,7,0,190,20,8564,233,8754,253,0,2,12,54,4,101,0,11,2,"Anderson",76978,71.448985424407,0.0606060606060606,328.665332952272,20.7851593961911,70.149912962145,6.06060606060606
2020-07-08,173,16,165,15,8,1,206,16,8704,140,8910,156,0,2,10,64,6,107,0,11,2,"Anderson",76978,89.6359998960742,0.0691399662731872,202.655304112863,20.7851593961911,83.1406375847645,6.91399662731872
2020-07-09,187,14,179,14,8,0,220,14,8972,268,9192,282,0,2,11,75,3,110,0,11,2,"Anderson",76978,100.02857959417,0.0735895339329518,366.338434357868,18.1870144716672,97.4304346696459,7.35895339329518
2020-07-10,193,6,185,6,8,0,227,7,9002,30,9229,37,0,2,1,76,5,115,1,12,2,"Anderson",76978,94.832289745122,0.0756901157613535,48.065681103692,7.79443477357167,98.7295071319078,7.56901157613535
2020-07-11,201,8,193,8,8,0,235,8,9171,169,9406,177,0,2,1,77,7,122,1,13,2,"Anderson",76978,90.9350723583361,0.0716878402903811,229.935825820364,10.3925796980956,100.02857959417,7.16878402903811
2020-07-12,212,11,204,11,8,0,248,13,9354,183,9602,196,0,2,6,83,5,127,0,13,2,"Anderson",76978,93.53321728286,0.0699734278122232,254.618202603341,14.2897970848814,107.823014367741,6.99734278122232
2020-07-13,218,6,209,5,9,1,255,7,9393,39,9648,46,0,2,-6,77,12,139,2,15,2,"Anderson",76978,100.02857959417,0.0741063644289451,59.7573332640495,7.79443477357167,100.02857959417,7.41063644289451
2020-07-14,229,11,219,10,10,1,266,11,9533,140,9799,151,0,2,0,77,11,150,0,15,2,"Anderson",76978,93.53321728286,0.0727272727272727,196.159941801554,14.2897970848814,100.02857959417,7.27272727272727
2020-07-15,245,16,234,15,11,1,285,19,9635,102,9920,121,0,2,0,77,16,166,0,15,2,"Anderson",76978,93.53321728286,0.0782178217821782,157.187767933695,20.7851593961911,100.02857959417,7.82178217821782
2020-07-16,263,18,252,18,11,0,308,23,9924,289,10232,312,0,2,4,81,14,180,1,16,2,"Anderson",76978,98.7295071319078,0.0846153846153846,405.310608225727,23.383304320715,105.224869443218,8.46153846153846
2020-07-17,270,7,259,7,11,0,317,9,9995,71,10312,80,0,2,-8,73,15,195,1,17,3,"Anderson",76978,100.02857959417,0.0831024930747922,103.925796980956,9.09350723583361,94.832289745122,8.31024930747922
2020-07-18,277,7,266,7,11,0,328,11,10209,214,10537,225,0,2,-4,69,11,206,0,17,3,"Anderson",76978,98.7295071319078,0.0822281167108753,292.291304008938,9.09350723583361,89.6359998960742,8.22281167108753
2020-07-19,285,8,274,8,11,0,337,9,10290,81,10627,90,0,2,-5,64,13,219,2,19,3,"Anderson",76978,94.832289745122,0.0868292682926829,116.916521603575,10.3925796980956,83.1406375847645,8.68292682926829
2020-07-20,313,28,302,28,11,0,367,30,10459,169,10826,199,1,3,9,73,18,237,0,19,3,"Anderson",76978,123.411883914885,0.0950764006791171,258.515419990127,36.3740289433345,94.832289745122,9.50764006791171
2020-07-21,336,23,324,22,12,1,391,24,10751,292,11142,316,0,3,12,85,11,248,1,20,3,"Anderson",76978,139.000753462028,0.0930752047654505,410.506898074775,29.8786666320247,110.421159292265,9.30752047654505
2020-07-22,365,29,353,29,12,0,424,33,10886,135,11310,168,0,3,13,98,16,264,0,20,3,"Anderson",76978,155.888695471433,0.1,218.244173660007,37.6731014055964,127.309101301671,10
2020-07-23,388,23,376,23,12,0,455,31,11313,427,11768,458,0,3,9,107,14,278,2,22,3,"Anderson",76978,162.384057782743,0.095703125,594.975187715971,29.8786666320247,139.000753462028,9.5703125
2020-07-24,394,6,382,6,12,0,463,8,11425,112,11888,120,0,3,-16,91,22,300,0,22,4,"Anderson",76978,161.084985320481,0.0926395939086294,155.888695471433,7.79443477357167,118.215594065837,9.26395939086294
2020-07-25,426,32,413,31,13,1,499,36,11682,257,12181,293,1,4,26,117,5,305,1,23,4,"Anderson",76978,193.56179687703,0.104014598540146,380.62823144275,41.5703187923822,151.991478084648,10.4014598540146
2020-07-26,465,39,451,38,14,1,541,42,12085,403,12626,445,0,4,31,148,8,313,2,25,4,"Anderson",76978,233.83304320715,0.102051025512756,578.087245706565,50.6638260282159,192.262724414768,10.2051025512756
2020-07-27,483,18,468,17,15,1,562,21,12265,180,12827,201,0,4,-19,129,37,350,1,26,4,"Anderson",76978,220.842318584531,0.0974512743628186,261.113564914651,23.383304320715,167.580347631791,9.74512743628186
2020-07-28,523,40,508,40,15,0,608,46,12645,380,13253,426,0,4,24,153,16,366,1,27,5,"Anderson",76978,242.926550442984,0.10279488394126,553.404868923589,51.9628984904778,198.758086726078,10.279488394126
2020-07-29,527,4,512,4,15,0,612,4,12681,36,13293,40,1,5,-15,138,18,384,0,27,5,"Anderson",76978,210.449738886435,0.0948058497226425,51.9628984904778,5.19628984904778,179.271999792148,9.48058497226425
2020-07-30,564,37,549,37,15,0,665,53,13166,485,13831,538,0,5,20,158,17,401,0,27,5,"Anderson",76978,228.636753358102,0.101793504604944,698.900984696926,48.065681103692,205.253449037387,10.1793504604944
2020-07-31,576,12,561,12,15,0,679,14,13348,182,14027,196,0,5,-8,150,20,421,0,27,5,"Anderson",76978,236.431188131674,0.100981767180926,254.618202603341,15.5888695471433,194.860869339292,10.0981767180926
2020-08-01,599,23,584,23,15,0,704,25,13757,409,14461,434,0,5,17,167,6,427,1,28,5,"Anderson",76978,224.739535971316,0.0899122807017544,563.797448621684,29.8786666320247,216.945101197745,8.99122807017544
2020-08-02,606,7,591,7,15,0,711,7,13885,128,14596,135,0,5,2,169,5,432,1,29,6,"Anderson",76978,183.169217178934,0.0862944162436548,175.374782405363,9.09350723583361,219.543246122269,8.62944162436548
2020-08-03,631,25,615,24,16,1,742,31,14112,227,14854,258,0,5,14,183,11,443,0,29,6,"Anderson",76978,192.262724414768,0.0888011840157869,335.160695263582,32.4768115565486,237.730260593936,8.88011840157869
2020-08-04,638,7,622,7,16,0,750,8,14355,243,15105,251,2,7,-19,164,24,467,0,29,6,"Anderson",76978,149.393333160124,0.0766738660907127,326.067188027748,9.09350723583361,213.047883810959,7.66738660907127
2020-08-05,653,15,637,15,16,0,769,19,14564,209,15333,228,-1,6,-1,163,17,484,0,29,6,"Anderson",76978,163.683130245005,0.0769607843137255,296.188521395723,19.4860869339292,211.748811348697,7.69607843137255
2020-08-06,675,22,659,22,16,0,799,30,14885,321,15684,351,0,6,3,166,19,503,1,30,6,"Anderson",76978,144.197043311076,0.0723151645979493,455.974434253943,28.5795941697628,215.646028735483,7.23151645979493
2020-08-07,679,4,663,4,16,0,803,4,14966,81,15769,85,0,6,-21,145,25,528,0,30,6,"Anderson",76978,133.80446361298,0.0711825487944891,110.421159292265,5.19628984904778,188.365507027982,7.11825487944891
2020-08-08,690,11,674,11,16,0,819,16,15286,320,16105,336,0,6,1,146,10,538,0,30,6,"Anderson",76978,118.215594065837,0.0699513381995134,436.488347320014,14.2897970848814,189.664579490244,6.99513381995134
2020-08-09,697,7,681,7,16,0,828,9,15423,137,16251,146,0,6,-9,137,16,554,0,30,6,"Anderson",76978,118.215594065837,0.0706948640483384,189.664579490244,9.09350723583361,177.972927329886,7.06948640483384
2020-08-10,702,5,686,5,16,0,834,6,15562,139,16396,145,0,6,-11,126,16,570,0,30,6,"Anderson",76978,92.2341448205981,0.059662775616083,188.365507027982,6.49536231130973,163.683130245005,5.9662775616083
2020-08-11,723,21,707,21,16,0,856,22,15765,203,16621,225,0,6,9,135,12,582,1,31,6,"Anderson",76978,110.421159292265,0.0699208443271768,292.291304008938,27.2805217075008,175.374782405363,6.99208443271768
2020-08-12,731,8,715,8,16,0,864,8,16004,239,16868,247,0,6,-8,127,16,598,0,31,6,"Anderson",76978,101.327652056432,0.0618892508143322,320.8708981787,10.3925796980956,164.982202707267,6.18892508143322
2020-08-13,749,18,733,18,16,0,888,24,16232,228,17120,252,1,7,3,130,14,612,2,33,6,"Anderson",76978,96.1313622073839,0.0619777158774373,327.36626049001,23.383304320715,168.879420094053,6.19777158774373
2020-08-14,766,17,749,16,17,1,910,22,16561,329,17471,351,0,7,-9,121,26,638,0,33,6,"Anderson",76978,113.019304216789,0.0628672150411281,455.974434253943,22.0842318584531,157.187767933695,6.28672150411281
2020-08-15,776,10,759,10,17,0,922,12,16784,223,17706,235,-1,6,5,126,6,644,0,33,6,"Anderson",76978,111.720231754527,0.0643347907557776,305.282028631557,12.9907246226195,163.683130245005,6.43347907557776
2020-08-16,788,12,771,12,17,0,936,14,16926,142,17862,156,0,6,7,133,5,649,0,33,7,"Anderson",76978,118.215594065837,0.0670391061452514,202.655304112863,15.5888695471433,172.776637480839,6.70391061452514
2020-08-17,792,4,775,4,17,0,939,3,16969,43,17908,46,0,6,-13,120,17,666,0,33,7,"Anderson",76978,116.916521603575,0.0694444444444444,59.7573332640495,5.19628984904778,155.888695471433,6.94444444444444
2020-08-18,806,14,789,14,17,0,956,17,17133,164,18089,181,0,6,5,125,9,675,0,33,7,"Anderson",76978,107.823014367741,0.0681198910081744,235.132115669412,18.1870144716672,162.384057782743,6.81198910081744
2020-08-19,820,14,803,14,17,0,970,14,17307,174,18277,188,0,6,0,125,14,689,0,33,7,"Anderson",76978,115.617449141313,0.0752306600425834,244.225622905246,18.1870144716672,162.384057782743,7.52306600425834
2020-08-20,835,15,818,15,17,0,986,16,17749,442,18735,458,0,6,5,130,10,699,0,33,8,"Anderson",76978,111.720231754527,0.0606811145510836,594.975187715971,19.4860869339292,168.879420094053,6.06811145510836
2020-08-21,838,3,821,3,17,0,989,3,17785,36,18774,39,1,7,-7,123,9,708,0,33,8,"Anderson",76978,93.53321728286,0.0606293169608596,50.6638260282159,3.89721738678583,159.785912858219,6.06293169608596
2020-08-22,856,18,839,18,17,0,1008,19,18329,544,19337,563,1,8,10,133,7,715,1,34,8,"Anderson",76978,103.925796980956,0.052728387492336,731.377796253475,23.383304320715,172.776637480839,5.2728387492336
2020-08-23,857,1,840,1,17,0,1009,1,18413,84,19422,85,0,8,-5,128,6,721,0,34,8,"Anderson",76978,89.6359998960742,0.0467948717948718,110.421159292265,1.29907246226194,166.281275169529,4.67948717948718
2020-08-24,858,1,840,0,18,1,1009,0,18452,39,19461,39,0,8,-19,109,20,741,0,34,8,"Anderson",76978,85.7387825092884,0.0450740502253702,50.6638260282159,1.29907246226194,141.598898386552,4.50740502253703
2020-08-25,866,8,848,8,18,0,1017,8,18604,152,19621,160,0,8,-2,107,10,751,1,35,8,"Anderson",76978,77.9443477357167,0.0398172323759791,207.851593961911,10.3925796980956,139.000753462028,3.98172323759791
2020-08-26,872,6,854,6,18,0,1023,6,18784,180,19807,186,0,8,-14,93,20,771,0,35,8,"Anderson",76978,67.5517680376211,0.034640522875817,241.627477980722,7.79443477357167,120.813738990361,3.4640522875817
2020-08-27,875,3,857,3,18,0,1026,3,19195,411,20221,414,0,8,-16,77,19,790,0,35,8,"Anderson",76978,51.9628984904778,0.0269179004037685,537.815999376445,3.89721738678583,100.02857959417,2.69179004037685
2020-08-28,875,0,857,0,18,0,1026,0,19233,38,20259,38,0,8,-20,57,20,810,0,35,8,"Anderson",76978,48.065681103692,0.0249158249158249,49.3647535659539,0,74.0471303489309,2.49158249158249
2020-08-29,884,9,865,8,19,1,1034,8,19495,262,20529,270,0,8,3,60,6,816,0,35,8,"Anderson",76978,36.3740289433345,0.0218120805369128,350.749564810725,11.6916521603575,77.9443477357167,2.18120805369128
2020-08-30,900,16,881,16,19,0,1050,16,19578,83,20628,99,0,8,8,68,8,824,0,35,8,"Anderson",76978,55.8601158772636,0.0339966832504146,128.608173763933,20.7851593961911,88.3369274338123,3.39966832504146
2020-08-31,902,2,883,2,19,0,1052,2,19636,58,20688,60,0,8,-15,53,17,841,0,35,8,"Anderson",76978,57.1591883395256,0.0350448247758761,77.9443477357167,2.59814492452389,68.8508404998831,3.50448247758761
2020-09-01,909,7,889,6,20,1,1058,6,19747,111,20805,117,0,8,0,53,7,848,0,35,8,"Anderson",76978,55.8601158772636,0.0346283783783784,151.991478084648,9.09350723583361,68.8508404998831,3.46283783783784
2020-09-02,917,8,895,6,22,2,1068,10,20063,316,21131,326,0,8,5,58,3,851,0,35,8,"Anderson",76978,58.4582608017875,0.033987915407855,423.497622697394,10.3925796980956,75.3462028111928,3.3987915407855
2020-09-03,933,16,909,14,24,2,1084,16,20387,324,21471,340,0,8,10,68,6,857,0,35,9,"Anderson",76978,75.3462028111928,0.0464,441.684637169061,20.7851593961911,88.3369274338123,4.64
2020-09-04,942,9,917,8,25,1,1094,10,20576,189,21670,199,0,8,6,74,3,860,0,35,9,"Anderson",76978,87.0378549715503,0.0481927710843374,258.515419990127,11.6916521603575,96.1313622073839,4.81927710843374
2020-09-05,961,19,936,19,25,0,1115,21,20845,269,21960,290,0,8,16,90,3,863,1,36,10,"Anderson",76978,100.02857959417,0.0566037735849057,376.731014055964,24.682376782977,116.916521603575,5.66037735849057
2020-09-06,963,2,938,2,25,0,1117,2,20901,56,22018,58,0,8,-1,89,3,866,0,36,10,"Anderson",76978,81.8415651225025,0.0482014388489209,75.3462028111928,2.59814492452389,115.617449141313,4.82014388489209
2020-09-07,966,3,941,3,25,0,1122,5,20989,88,22111,93,0,8,-8,81,11,877,0,36,10,"Anderson",76978,83.1406375847645,0.0491918482080112,120.813738990361,3.89721738678583,105.224869443218,4.91918482080112
2020-09-08,975,9,944,3,31,6,1126,4,21164,175,22290,179,1,9,4,85,4,881,0,36,10,"Anderson",76978,85.7387825092884,0.0457912457912458,232.533970744888,11.6916521603575,110.421159292265,4.57912457912458
2020-09-09,984,9,953,9,31,0,1135,9,21405,241,22540,250,0,9,-3,82,12,893,1,37,11,"Anderson",76978,87.0378549715503,0.0475514549325763,324.768115565486,11.6916521603575,106.523941905479,4.75514549325763
2020-09-10,1013,29,981,28,32,1,1165,30,21774,369,22939,399,1,10,25,107,3,896,0,37,11,"Anderson",76978,103.925796980956,0.0551771117166213,518.329912442516,37.6731014055964,139.000753462028,5.51771117166213
2020-09-11,1014,1,982,1,32,0,1167,2,21907,133,23074,135,0,10,-13,94,14,910,0,37,11,"Anderson",76978,93.53321728286,0.051994301994302,175.374782405363,1.29907246226194,122.112811452623,5.1994301994302
2020-09-12,1017,3,985,3,32,0,1172,5,22049,142,23221,147,0,10,-5,89,8,918,0,37,11,"Anderson",76978,72.7480578866689,0.0452022204599524,190.963651952506,3.89721738678583,115.617449141313,4.52022204599524
2020-09-13,1038,21,1005,20,33,1,1193,21,22293,244,23486,265,0,10,16,105,5,923,1,38,11,"Anderson",76978,97.4304346696459,0.0517711171662125,344.254202499415,27.2805217075008,136.402608537504,5.17711171662125
2020-09-14,1044,6,1010,5,34,1,1199,6,22399,106,23598,112,0,10,-7,98,13,936,1,39,11,"Anderson",76978,101.327652056432,0.0517821116341627,145.496115773338,7.79443477357167,127.309101301671,5.17821116341627
2020-09-15,1060,16,1026,16,34,0,1216,17,22639,240,23855,257,1,11,5,103,10,946,1,40,12,"Anderson",76978,110.421159292265,0.0575079872204473,333.86162280132,20.7851593961911,133.80446361298,5.75079872204473
2020-09-16,1068,8,1034,8,34,0,1228,12,22775,136,24003,148,0,11,-5,98,13,959,0,40,12,"Anderson",76978,109.122086830003,0.063568010936432,192.262724414768,10.3925796980956,127.309101301671,6.3568010936432
2020-09-17,1090,22,1054,20,36,2,1248,20,23196,421,24444,441,0,11,15,113,7,966,1,41,12,"Anderson",76978,100.02857959417,0.0551495016611296,572.890955857518,28.5795941697628,146.7951882356,5.51495016611296
2020-09-18,1109,19,1073,19,36,0,1266,18,23420,224,24686,242,0,11,6,119,13,979,0,41,12,"Anderson",76978,123.411883914885,0.0614143920595533,314.375535867391,24.682376782977,154.589623009171,6.14143920595533
2020-09-19,1124,15,1088,15,36,0,1287,21,23702,282,24989,303,0,11,9,128,6,985,1,42,12,"Anderson",76978,139.000753462028,0.0650452488687783,393.618956065369,19.4860869339292,166.281275169529,6.50452488687783
2020-09-20,1131,7,1095,7,36,0,1297,10,23854,152,25151,162,0,11,0,128,7,992,0,42,13,"Anderson",76978,120.813738990361,0.0624624624624625,210.449738886435,9.09350723583361,166.281275169529,6.24624624624625
2020-09-21,1133,2,1097,2,36,0,1299,2,23887,33,25186,35,0,11,-6,122,8,1000,0,42,13,"Anderson",76978,115.617449141313,0.0629722921914358,45.4675361791681,2.59814492452389,158.486840395957,6.29722921914358
2020-09-22,1147,14,1111,14,36,0,1316,17,24135,248,25451,265,0,11,0,122,14,1014,1,43,13,"Anderson",76978,113.019304216789,0.06265664160401,344.254202499415,18.1870144716672,158.486840395957,6.265664160401
2020-09-23,1147,0,1111,0,36,0,1316,0,24176,41,25492,41,0,11,-12,110,12,1026,0,43,13,"Anderson",76978,102.626724518694,0.0591000671591672,53.2619709527397,0,142.897970848814,5.91000671591672
2020-09-24,1160,13,1124,13,36,0,1331,15,24500,324,25831,339,1,12,0,110,12,1038,0,43,13,"Anderson",76978,90.9350723583361,0.0598413842826244,440.385564706799,16.8879420094053,142.897970848814,5.98413842826244
2020-09-25,1174,14,1137,13,37,1,1344,13,24736,236,26080,249,1,13,-2,108,15,1053,0,43,13,"Anderson",76978,84.4397100470264,0.0559540889526542,323.469043103224,18.1870144716672,140.29982592429,5.59540889526542
2020-09-26,1188,14,1151,14,37,0,1361,17,25036,300,26397,317,0,13,8,116,6,1059,0,43,13,"Anderson",76978,83.1406375847645,0.0525568181818182,411.805970537037,18.1870144716672,150.692405622386,5.25568181818182
2020-09-27,1207,19,1168,17,39,2,1377,16,25243,207,26620,223,0,13,12,128,7,1066,0,43,13,"Anderson",76978,98.7295071319078,0.0544588155207624,289.693159084414,24.682376782977,166.281275169529,5.44588155207624
2020-09-28,1210,3,1170,2,40,1,1379,2,25280,37,26659,39,0,13,-9,119,12,1078,0,43,13,"Anderson",76978,100.02857959417,0.0543109300746775,50.6638260282159,3.89721738678583,154.589623009171,5.43109300746775
2020-09-29,1221,11,1180,10,41,1,1389,10,25574,294,26963,304,0,13,-7,112,18,1096,0,43,13,"Anderson",76978,96.1313622073839,0.0482804232804233,394.918028527631,14.2897970848814,145.496115773338,4.82804232804233
2020-09-30,1233,12,1190,10,43,2,1399,10,25640,66,27039,76,0,13,3,115,9,1105,0,43,13,"Anderson",76978,111.720231754527,0.0536522301228184,98.7295071319078,15.5888695471433,149.393333160124,5.36522301228184
2020-10-01,1249,16,1204,14,45,2,1414,15,25920,280,27334,295,0,13,4,119,12,1117,0,43,13,"Anderson",76978,115.617449141313,0.0552228875582169,383.226376367274,20.7851593961911,154.589623009171,5.52228875582169
2020-10-02,1256,7,1210,6,46,1,1421,7,26002,82,27423,89,0,13,1,120,6,1123,0,43,13,"Anderson",76978,106.523941905479,0.0573343261355175,115.617449141313,9.09350723583361,155.888695471433,5.73343261355175
2020-10-03,1272,16,1226,16,46,0,1445,24,26266,264,27711,288,0,13,3,123,13,1136,0,43,13,"Anderson",76978,109.122086830003,0.0639269406392694,374.13286913144,20.7851593961911,159.785912858219,6.39269406392694
2020-10-04,1288,16,1240,14,48,2,1461,16,26603,337,28064,353,0,13,8,131,8,1144,0,43,13,"Anderson",76978,105.224869443218,0.0581717451523546,458.572579178467,20.7851593961911,170.178492556315,5.81717451523546
2020-10-05,1314,26,1265,25,49,1,1488,27,26814,211,28302,238,0,13,11,142,15,1159,1,44,13,"Anderson",76978,135.103536075242,0.0663420572124163,309.179246018343,33.7758840188106,184.468289641196,6.63420572124163
2020-10-06,1342,28,1292,27,50,1,1519,31,27151,337,28670,368,0,13,15,157,13,1172,1,45,13,"Anderson",76978,157.187767933695,0.0761570005858231,478.058666112396,36.3740289433345,203.954376575125,7.61570005858231
2020-10-07,1348,6,1298,6,50,0,1527,8,27386,235,28913,243,0,13,-3,154,9,1181,0,45,13,"Anderson",76978,149.393333160124,0.0683030949839915,315.674608329653,7.79443477357167,200.05715918834,6.83030949839915
2020-10-08,1358,10,1306,8,52,2,1536,9,27625,239,29161,248,0,13,-3,151,13,1194,1,46,13,"Anderson",76978,141.598898386552,0.066776135741653,322.169970640962,12.9907246226195,196.159941801554,6.6776135741653
2020-10-09,1373,15,1319,13,54,2,1552,16,27798,173,29350,189,0,13,-2,149,17,1211,0,46,13,"Anderson",76978,151.991478084648,0.0679813181110535,245.524695367508,19.4860869339292,193.56179687703,6.79813181110535
2020-10-10,1389,16,1335,16,54,0,1572,20,28010,212,29582,232,0,13,3,152,13,1224,1,47,14,"Anderson",76978,151.991478084648,0.0678781400320684,301.384811244771,20.7851593961911,197.459014263816,6.78781400320684
2020-10-11,1417,28,1363,28,54,0,1603,31,28299,289,29902,320,0,13,18,170,10,1234,0,47,14,"Anderson",76978,167.580347631791,0.0772578890097933,415.703187923822,36.3740289433345,220.842318584531,7.72578890097933
2020-10-12,1433,16,1378,15,55,1,1619,16,28378,79,29997,95,0,13,-11,159,27,1261,0,47,14,"Anderson",76978,154.589623009171,0.0772861356932153,123.411883914885,20.7851593961911,206.552521499649,7.72861356932153
2020-10-13,1453,20,1396,18,57,2,1637,18,28499,121,30136,139,0,13,7,166,13,1274,0,47,14,"Anderson",76978,144.197043311076,0.0804911323328786,180.57107225441,25.9814492452389,215.646028735483,8.04911323328786
2020-10-14,1475,22,1418,22,57,0,1661,24,28799,300,30460,324,0,13,12,178,10,1284,0,47,14,"Anderson",76978,164.982202707267,0.0866192630898513,420.89947777287,28.5795941697628,231.234898282626,8.66192630898513
2020-10-15,1497,22,1434,16,63,6,1675,14,28950,151,30625,165,0,13,2,180,20,1304,1,48,14,"Anderson",76978,180.57107225441,0.0949453551912568,214.346956273221,28.5795941697628,233.83304320715,9.49453551912568
2020-10-16,1504,7,1437,3,67,4,1679,4,29049,99,30728,103,0,13,-11,169,18,1322,0,48,15,"Anderson",76978,170.178492556315,0.0921625544267054,133.80446361298,9.09350723583361,219.543246122269,9.21625544267054
2020-10-17,1532,28,1464,27,68,1,1709,30,29297,248,31006,278,0,13,14,183,14,1336,2,50,15,"Anderson",76978,185.767362103458,0.0962078651685393,361.142144508821,36.3740289433345,237.730260593936,9.62078651685393
2020-10-18,1551,19,1483,19,68,0,1731,22,29536,239,31267,261,0,13,4,187,15,1351,0,50,15,"Anderson",76978,174.075709943101,0.0937728937728938,339.057912650368,24.682376782977,242.926550442984,9.37728937728938
2020-10-19,1555,4,1487,4,68,0,1736,5,29613,77,31349,82,0,13,-16,171,20,1371,1,51,15,"Anderson",76978,158.486840395957,0.0865384615384615,106.523941905479,5.19628984904778,222.141391046793,8.65384615384615
2020-10-20,1582,27,1514,27,68,0,1771,35,29812,199,31583,234,0,13,6,177,21,1392,0,51,15,"Anderson",76978,167.580347631791,0.0926053904630269,303.982956169295,35.0749564810725,229.935825820364,9.26053904630269
2020-10-21,1599,17,1531,17,68,0,1790,19,30028,216,31818,235,0,13,8,185,9,1401,1,52,15,"Anderson",76978,161.084985320481,0.0949926362297496,305.282028631557,22.0842318584531,240.32840551846,9.49926362297496
2020-10-22,1620,21,1552,21,68,0,1815,25,30360,332,32175,357,1,14,-4,181,24,1425,0,52,15,"Anderson",76978,159.785912858219,0.0903225806451613,463.768869027514,27.2805217075008,235.132115669412,9.03225806451613
2020-10-23,1635,15,1566,14,69,1,1831,16,30635,275,32466,291,0,14,-7,174,22,1447,0,52,15,"Anderson",76978,170.178492556315,0.0874568469505178,378.030086518226,19.4860869339292,226.038608433578,8.74568469505178
2020-10-24,1666,31,1596,30,70,1,1864,33,31011,376,32875,409,0,14,19,193,12,1459,2,54,17,"Anderson",76978,174.075709943101,0.0829320492241841,531.320637065136,40.2712463301203,250.720985216555,8.29320492241841
2020-10-25,1683,17,1612,16,71,1,1883,19,31207,196,33090,215,0,14,0,193,17,1476,4,58,17,"Anderson",76978,171.477565018577,0.0833790455293472,279.300579386318,22.0842318584531,250.720985216555,8.33790455293472
2020-10-26,1699,16,1627,15,72,1,1901,18,31341,134,33242,152,-1,13,-11,182,28,1504,1,59,17,"Anderson",76978,187.06643456572,0.0871632329635499,197.459014263816,20.7851593961911,236.431188131674,8.71632329635499
2020-10-27,1728,29,1651,24,77,5,1925,24,31496,155,33421,179,1,14,10,192,18,1522,2,61,17,"Anderson",76978,189.664579490244,0.0837867247007617,232.533970744888,37.6731014055964,249.421912754293,8.37867247007617
2020-10-28,1784,56,1705,54,79,2,1984,59,31930,434,33914,493,0,14,34,226,22,1544,0,61,17,"Anderson",76978,240.32840551846,0.0925572519083969,640.442723895139,72.7480578866689,293.5903764712,9.25572519083969
2020-10-29,1813,29,1726,21,87,8,2003,19,32136,206,34139,225,0,14,6,232,23,1567,2,63,17,"Anderson",76978,250.720985216555,0.0957230142566191,292.291304008938,37.6731014055964,301.384811244771,9.57230142566191
2020-10-30,1850,37,1760,34,90,3,2041,38,32287,151,34328,189,2,16,20,252,15,1582,1,64,17,"Anderson",76978,279.300579386318,0.112781954887218,245.524695367508,48.065681103692,327.36626049001,11.2781954887218
2020-10-31,1850,0,1760,0,90,0,2041,0,32288,1,34329,1,0,16,-10,242,10,1592,0,64,19,"Anderson",76978,239.029333056198,0.121733149931224,1.29907246226194,0,314.375535867391,12.1733149931224
2020-11-01,1855,5,1765,5,90,0,2049,8,32532,244,34581,252,0,16,-10,232,15,1607,0,64,19,"Anderson",76978,223.440463509055,0.111334674714956,327.36626049001,6.49536231130973,301.384811244771,11.1334674714956
2020-11-02,1888,33,1796,31,92,2,2084,35,32799,267,34883,302,0,16,8,240,25,1632,0,64,20,"Anderson",76978,245.524695367508,0.111517367458867,392.319883603107,42.8693912546442,311.777390942867,11.1517367458867
2020-11-03,1914,26,1821,25,93,1,2109,25,32979,180,35088,205,0,16,6,246,20,1652,0,64,21,"Anderson",76978,241.627477980722,0.110377924415117,266.309854763699,33.7758840188106,319.571825716438,11.0377924415117
2020-11-04,1932,18,1836,15,96,3,2127,18,33058,79,35185,97,2,18,1,247,15,1667,1,65,21,"Anderson",76978,192.262724414768,0.112509834775767,126.010028839409,23.383304320715,320.8708981787,11.2509834775767
2020-11-05,1956,24,1854,18,102,6,2147,20,33157,99,35304,119,0,18,1,248,23,1690,0,65,22,"Anderson",76978,185.767362103458,0.123605150214592,154.589623009171,31.1777390942867,322.169970640962,12.3605150214592
2020-11-06,2005,49,1900,46,105,3,2196,49,33524,367,35720,416,0,18,24,272,25,1715,2,67,23,"Anderson",76978,201.356231650601,0.111350574712644,540.414144300969,63.6545506508353,353.347709735249,11.1350574712644
2020-11-07,2085,80,1977,77,108,3,2273,77,33971,447,36244,524,0,18,50,322,30,1745,0,67,23,"Anderson",76978,305.282028631557,0.121148825065274,680.713970225259,103.925796980956,418.301332848346,12.1148825065274
2020-11-08,2139,54,2028,51,111,3,2335,62,34581,610,36916,672,0,18,39,361,15,1760,1,68,23,"Anderson",76978,368.936579282392,0.122483940042827,872.976694640027,70.149912962145,468.965158876562,12.2483940042827
2020-11-09,2147,8,2035,7,112,1,2344,9,34655,74,36999,83,0,18,-46,315,54,1814,0,68,23,"Anderson",76978,336.459767725844,0.122873345935728,107.823014367741,10.3925796980956,409.207825612513,12.2873345935728
2020-11-10,2166,19,2053,18,113,1,2366,22,34826,171,37192,193,0,18,-16,299,35,1849,1,69,23,"Anderson",76978,327.36626049001,0.122148288973384,250.720985216555,24.682376782977,388.422666216322,12.2148288973384
2020-11-11,2205,39,2089,36,116,3,2408,42,35099,273,37507,315,1,19,13,312,25,1874,1,70,23,"Anderson",76978,354.646782197511,0.121016365202412,409.207825612513,50.6638260282159,405.310608225727,12.1016365202412
2020-11-12,2212,7,2095,6,117,1,2416,8,35297,198,37713,206,0,19,-13,299,20,1894,0,70,24,"Anderson",76978,332.562550339058,0.111664591116646,267.608927225961,9.09350723583361,388.422666216322,11.1664591116646
2020-11-13,2268,56,2148,53,120,3,2475,59,35559,262,38034,321,2,21,31,330,23,1917,2,72,24,"Anderson",76978,341.656057574892,0.12057044079516,417.002260386084,72.7480578866689,428.693912546442,12.057044079516
2020-11-14,2309,41,2188,40,121,1,2520,45,35955,396,38475,441,1,22,20,350,20,1937,1,73,25,"Anderson",76978,290.992231546676,0.110712684894666,572.890955857518,53.2619709527397,454.675361791681,11.0712684894666
2020-11-15,2407,98,2286,98,121,0,2628,108,36537,582,39165,690,1,23,79,429,18,1955,1,74,25,"Anderson",76978,348.151419886201,0.130280124499778,896.359998960742,127.309101301671,557.302086310374,13.0280124499778
2020-11-16,2456,49,2315,29,141,20,2657,29,36814,277,39471,306,0,23,-6,423,55,2010,1,75,25,"Anderson",76978,401.413390838941,0.126618122977346,397.516173452155,63.6545506508353,549.507651536803,12.6618122977346
2020-11-17,2472,16,2330,15,142,1,2673,16,37020,206,39693,222,2,25,-37,386,51,2061,1,76,26,"Anderson",76978,397.516173452155,0.122750899640144,288.394086622152,20.7851593961911,501.441970433111,12.2750899640144
2020-11-18,2502,30,2356,26,146,4,2699,26,37314,294,40013,320,0,25,-5,381,35,2096,0,76,27,"Anderson",76978,385.824521291798,0.116121308858739,415.703187923822,38.9721738678584,494.946608121801,11.6121308858739
2020-11-19,2560,58,2410,54,150,4,2761,62,37730,416,40491,478,0,25,19,400,39,2135,1,77,27,"Anderson",76978,452.077216867157,0.124190064794816,620.95663696121,75.3462028111928,519.628984904778,12.4190064794816
2020-11-20,2590,30,2437,27,153,3,2792,31,37843,113,40635,144,0,25,-10,390,40,2175,0,77,28,"Anderson",76978,418.301332848346,0.121876201460977,187.06643456572,38.9721738678584,506.638260282159,12.1876201460977
2020-11-21,2647,57,2486,49,161,8,2840,48,38187,344,41027,392,0,25,33,423,24,2199,1,78,28,"Anderson",76978,439.086492244537,0.125391849529781,509.236405206682,74.0471303489309,549.507651536803,12.5391849529781
2020-11-22,2703,56,2535,49,168,7,2897,57,38670,483,41567,540,0,25,42,465,14,2213,1,79,31,"Anderson",76978,384.525448829536,0.111990008326395,701.49912962145,72.7480578866689,604.068694951804,11.1990008326395
2020-11-23,2710,7,2541,6,169,1,2903,6,38692,22,41595,28,0,25,-64,401,71,2284,0,79,32,"Anderson",76978,329.964405414534,0.115819209039548,36.3740289433345,9.09350723583361,520.92805736704,11.5819209039548
2020-11-24,2723,13,2553,12,170,1,2915,12,38849,157,41764,169,2,27,-35,366,46,2330,0,79,32,"Anderson",76978,326.067188027748,0.116851762433607,219.543246122269,16.8879420094053,475.460521187872,11.6851762433607
2020-11-25,2751,28,2574,21,177,7,2936,21,38886,37,41822,58,1,28,-11,355,38,2368,0,79,32,"Anderson",76978,323.469043103224,0.131011608623549,75.3462028111928,36.3740289433345,461.170724102991,13.1011608623549
2020-11-26,2796,45,2616,42,180,3,2981,45,39236,350,42217,395,0,28,-30,325,75,2443,1,80,33,"Anderson",76978,306.581101093819,0.127462340672074,513.133622593468,58.4582608017875,422.198550235132,12.7462340672074
2020-11-27,2895,99,2706,90,189,9,3076,95,39662,426,42738,521,0,28,56,381,43,2486,3,83,35,"Anderson",76978,396.217100989893,0.135045173561579,676.816752838473,128.608173763933,494.946608121801,13.5045173561579
2020-11-28,2926,31,2731,25,195,6,3106,30,39805,143,42911,173,1,29,5,386,25,2511,2,85,35,"Anderson",76978,362.441216971083,0.141188959660297,224.739535971316,40.2712463301203,501.441970433111,14.1188959660297
2020-11-29,3017,91,2820,89,197,2,3202,96,40242,437,43444,533,0,29,65,451,26,2537,1,86,35,"Anderson",76978,407.908753150251,0.162493340436867,692.405622385617,118.215594065837,585.881680480137,16.2493340436867
2020-11-30,3087,70,2886,66,201,4,3275,73,40494,252,43769,325,0,29,1,452,69,2606,0,86,37,"Anderson",76978,489.750318272753,0.171113155473781,422.198550235132,90.9350723583361,587.180752942399,17.1113155473781
2020-12-01,3163,76,2952,66,211,10,3347,72,40925,431,44272,503,1,30,14,466,61,2667,6,92,38,"Anderson",76978,571.591883395256,0.172248803827751,653.433448517758,98.7295071319078,605.367767414066,17.2248803827751
2020-12-02,3178,15,2966,14,212,1,3363,16,41033,108,44396,124,0,30,-40,426,55,2722,0,92,38,"Anderson",76978,554.70394138585,0.165889665889666,161.084985320481,19.4860869339292,553.404868923589,16.5889665889666
2020-12-03,3219,41,2995,29,224,12,3396,33,41257,224,44653,257,1,31,-14,412,54,2776,1,93,39,"Anderson",76978,549.507651536803,0.170361247947455,333.86162280132,53.2619709527397,535.217854451921,17.0361247947455
2020-12-04,3286,67,3055,60,231,7,3459,63,41415,158,44874,221,1,32,-25,387,91,2867,0,93,39,"Anderson",76978,507.93733274442,0.179307116104869,287.09501415989,87.0378549715503,502.741042895373,17.9307116104869
2020-12-05,3317,31,3074,19,243,12,3477,18,41482,67,44959,85,0,32,1,388,30,2897,0,93,39,"Anderson",76978,507.93733274442,0.18115234375,110.421159292265,40.2712463301203,504.040115357635,18.115234375
2020-12-06,3353,36,3103,29,250,7,3505,28,41690,208,45195,236,0,32,12,400,24,2921,2,95,40,"Anderson",76978,436.488347320014,0.173043974871502,306.581101093819,46.76660864143,519.628984904778,17.3043974871502
2020-12-07,3493,140,3227,124,266,16,3641,136,42283,593,45924,729,2,34,28,428,110,3031,4,99,41,"Anderson",76978,527.42341967835,0.169837587006961,947.023824988958,181.870144716672,556.003013848112,16.9837587006961
2020-12-08,3564,71,3276,49,288,22,3693,52,42581,298,46274,350,1,35,-8,420,78,3109,2,101,43,"Anderson",76978,520.92805736704,0.172827172827173,454.675361791681,92.2341448205981,545.610434150017,17.2827172827173
2020-12-09,3669,105,3367,91,302,14,3797,104,42842,261,46639,365,0,35,46,466,59,3168,3,104,44,"Anderson",76978,637.844578970615,0.193490860454748,474.16144872561,136.402608537504,605.367767414066,19.3490860454748
2020-12-10,3763,94,3445,78,318,16,3884,87,43374,532,47258,619,3,38,81,547,10,3178,3,107,45,"Anderson",76978,706.695419470498,0.187332053742802,804.125854140144,122.112811452623,710.592636857284,18.7332053742802
2020-12-11,3836,73,3498,53,338,20,3935,51,43540,166,47475,217,1,39,30,577,42,3220,2,109,45,"Anderson",76978,714.48985424407,0.183006535947712,281.898724310842,94.832289745122,749.564810725142,18.3006535947712
2020-12-12,3924,88,3559,61,365,27,4000,65,44053,513,48053,578,0,39,55,632,33,3253,2,111,45,"Anderson",76978,788.536984593001,0.169036845507434,750.863883187404,114.318376679051,821.013796149549,16.9036845507434
2020-12-13,4156,232,3742,183,414,49,4204,204,44925,872,49129,1076,1,40,188,820,43,3296,0,111,47,"Anderson",76978,1043.15518719634,0.177681748856126,1397.80196939385,301.384811244771,1065.23941905479,17.7681748856126
2020-12-14,4271,115,3828,86,443,29,4303,99,45216,291,49519,390,0,40,-37,783,152,3448,1,112,48,"Anderson",76978,1010.67837563979,0.184144645340751,506.638260282159,149.393333160124,1017.1737379511,18.4144645340751
2020-12-15,4406,135,3913,85,493,50,4399,96,45743,527,50142,623,1,41,42,825,92,3540,6,118,51,"Anderson",76978,1093.81901322456,0.182523267838676,809.322143989192,175.374782405363,1071.7347813661,18.2523267838676
2020-12-16,4475,69,3943,30,532,39,4435,36,46066,323,50501,359,2,43,-17,808,84,3624,4,122,52,"Anderson",76978,1047.05240458313,0.165199378560331,466.367013952038,89.6359998960742,1049.65054950765,16.5199378560331
2020-12-17,4676,201,4117,174,559,27,4629,194,46594,528,51223,722,2,45,114,922,85,3709,2,124,54,"Anderson",76978,1186.05315804516,0.187894073139975,937.930317753124,261.113564914651,1197.74481020551,18.7894073139975
2020-12-18,4774,98,4193,76,581,22,4716,87,46960,366,51676,453,1,46,23,945,74,3783,2,126,54,"Anderson",76978,1218.5299696017,0.185908117114973,588.479825404661,127.309101301671,1227.62347683754,18.5908117114973
2020-12-19,4879,105,4274,81,605,24,4803,87,47218,258,52021,345,0,46,74,1019,31,3814,1,127,55,"Anderson",76978,1240.61420146016,0.202368951612903,448.179999480371,136.402608537504,1323.75483904492,20.2368951612903
2020-12-20,5019,140,4396,122,623,18,4940,137,47682,464,52622,601,2,48,84,1103,54,3868,3,130,56,"Anderson",76978,1121.09953493206,0.2107071285428,780.742549819429,181.870144716672,1432.87692587493,21.07071285428
2020-12-21,5067,48,4414,18,653,30,4963,23,47902,220,52865,243,3,51,-83,1020,128,3996,2,132,59,"Anderson",76978,1034.06167996051,0.197250448296473,315.674608329653,62.3554781885734,1325.05391150718,19.7250448296473
2020-12-22,5137,70,4458,44,679,26,5010,47,48008,106,53018,153,1,52,-31,989,100,4096,2,134,64,"Anderson",76978,949.621969913482,0.212447844228095,198.758086726078,90.9350723583361,1284.78266517706,21.2447844228095
2020-12-23,5211,74,4500,42,711,32,5053,43,48324,316,53377,359,2,54,-8,981,80,4176,2,136,66,"Anderson",76978,956.117332224792,0.214881780250348,466.367013952038,96.1313622073839,1274.39008547897,21.4881780250348
2020-12-24,5269,58,4524,24,745,34,5080,27,48476,152,53556,179,1,55,-47,934,104,4280,1,137,71,"Anderson",76978,770.349970121333,0.193313330475782,232.533970744888,75.3462028111928,1213.33367975266,19.3313330475782
2020-12-25,5362,93,4601,77,761,16,5172,92,48885,409,54057,501,0,55,-16,918,109,4389,1,138,72,"Anderson",76978,763.854607810024,0.191516169676606,650.835303593234,120.813738990361,1192.54852035647,19.1516169676606
2020-12-26,5418,56,4630,29,788,27,5200,28,49004,119,54204,147,0,55,6,924,50,4439,3,141,74,"Anderson",76978,700.200057159188,0.181859825927623,190.963651952506,72.7480578866689,1200.34295513004,18.1859825927623
2020-12-27,5478,60,4667,37,811,23,5236,36,49140,136,54376,172,1,56,30,954,29,4468,6,147,75,"Anderson",76978,596.274260178233,0.168757126567845,223.440463509055,77.9443477357167,1239.3151289979,16.8757126567845
2020-12-28,5525,47,4688,21,837,26,5256,20,49209,69,54465,89,2,58,-85,869,130,4598,4,151,82,"Anderson",76978,594.975187715971,0.183125,115.617449141313,61.0564057263114,1128.89396970563,18.3125
2020-12-29,5621,96,4740,52,881,44,5304,48,49304,95,54608,143,2,60,-34,835,128,4726,5,156,85,"Anderson",76978,628.751071734781,0.184905660377358,185.767362103458,124.710956377147,1084.72550598872,18.4905660377358
2020-12-30,5656,35,4758,18,898,17,5321,17,49432,128,54753,145,6,66,-89,746,118,4844,1,157,88,"Anderson",76978,578.087245706566,0.194767441860465,188.365507027982,45.4675361791681,969.108056847411,19.4767441860465
2020-12-31,5819,163,4858,100,961,63,5423,102,49736,304,55159,406,6,72,63,809,94,4938,1,158,93,"Anderson",76978,714.48985424407,0.213973799126638,527.42341967835,211.748811348697,1050.94962196991,21.3973799126638
2021-01-01,5884,65,4900,42,984,23,5478,55,50012,276,55490,331,0,72,-25,784,90,5028,2,160,94,"Anderson",76978,678.115825300735,0.213538032100488,429.992985008704,84.4397100470264,1018.47281041336,21.3538032100488
2021-01-02,5977,93,4941,41,1036,52,5519,41,50297,285,55816,326,0,72,49,833,44,5072,2,162,96,"Anderson",76978,726.181506404427,0.197890818858561,423.497622697394,120.813738990361,1082.1273610642,19.7890818858561
2021-01-03,6002,25,4953,12,1049,13,5535,16,50349,52,55884,68,0,72,-9,824,34,5106,1,163,98,"Anderson",76978,680.713970225259,0.198275862068966,88.3369274338123,32.4768115565486,1070.43570890384,19.8275862068966
2021-01-04,6039,37,4977,24,1062,13,5566,31,50456,107,56022,138,1,73,-57,767,93,5199,0,163,103,"Anderson",76978,667.72324560264,0.199100834938985,179.271999792148,48.065681103692,996.388578554912,19.9100834938985
2021-01-05,6111,72,5008,31,1103,41,5597,31,50574,118,56171,149,2,75,-47,720,117,5316,2,165,106,"Anderson",76978,636.545506508353,0.187460012795905,193.56179687703,93.53321728286,935.3321728286,18.7460012795905
2021-01-06,6185,74,5048,40,1137,34,5640,43,50735,161,56375,204,5,80,-12,708,81,5397,2,167,108,"Anderson",76978,687.209332536569,0.196670776818742,265.010782301437,96.1313622073839,919.743303281457,19.6670776818742
2021-01-07,6290,105,5128,80,1162,25,5732,92,50956,221,56688,313,1,81,65,773,39,5436,1,168,111,"Anderson",76978,611.863129725376,0.202092871157619,406.609680687989,136.402608537504,1004.18301332848,20.2092871157619
2021-01-08,6372,82,5178,50,1194,32,5784,52,51155,199,56939,251,5,86,61,834,16,5452,2,170,114,"Anderson",76978,633.947361583829,0.211180124223602,326.067188027748,106.523941905479,1083.42643352646,21.1180124223602
2021-01-09,6482,110,5247,69,1235,41,5859,75,51586,431,57445,506,2,88,44,878,64,5516,0,170,116,"Anderson",76978,656.031593442282,0.208717004297115,657.330665904544,142.897970848814,1140.58562186599,20.8717004297115
2021-01-10,6542,60,5272,25,1270,35,5884,25,51680,94,57564,119,2,90,28,906,30,5546,3,173,117,"Anderson",76978,701.49912962145,0.207738095238095,154.589623009171,77.9443477357167,1176.95965080932,20.7738095238095
2021-01-11,6575,33,5282,10,1293,23,5897,13,51751,71,57648,84,1,91,-93,813,125,5671,1,174,119,"Anderson",76978,696.302839772403,0.203567035670357,109.122086830003,42.8693912546442,1056.14591181896,20.3567035670357
2021-01-12,6628,53,5316,34,1312,19,5935,38,51923,172,57858,210,2,93,-100,713,151,5822,1,175,119,"Anderson",76978,671.620462989426,0.200355660936574,272.805217075008,68.8508404998831,926.238665592767,20.0355660936574
2021-01-13,6654,26,5333,17,1321,9,5954,19,52013,90,57967,109,3,96,-44,669,67,5889,0,175,120,"Anderson",76978,609.264984800852,0.197236180904523,141.598898386552,33.7758840188106,869.079477253241,19.7236180904523
2021-01-14,6751,97,5395,62,1356,35,6028,74,52420,407,58448,481,5,101,9,678,83,5972,2,177,122,"Anderson",76978,598.872405102757,0.168181818181818,624.853854347995,126.010028839409,880.771129413599,16.8181818181818
2021-01-15,6785,34,5415,20,1370,14,6052,24,52575,155,58627,179,0,101,-16,662,50,6022,1,178,125,"Anderson",76978,536.516926914183,0.158767772511848,232.533970744888,44.1684637169061,859.985970017408,15.8767772511848
2021-01-16,6849,64,5445,30,1404,34,6085,33,52819,244,58904,277,1,102,2,664,61,6083,1,179,128,"Anderson",76978,476.759593650134,0.154900616860864,359.843072046559,83.1406375847645,862.584114941931,15.4900616860864
2021-01-17,6886,37,5465,20,1421,17,6108,23,52923,104,59031,127,0,102,-7,657,44,6127,0,179,130,"Anderson",76978,446.880927018109,0.152692569870484,164.982202707267,48.065681103692,853.490607706098,15.2692569870484
2021-01-18,6905,19,5473,8,1432,11,6118,10,53019,96,59137,106,1,103,-68,589,86,6213,0,179,131,"Anderson",76978,428.693912546442,0.148421759570181,137.701680999766,24.682376782977,765.153680272286,14.8421759570181
2021-01-19,6947,42,5490,17,1457,25,6138,20,53131,112,59269,132,1,104,-78,511,119,6332,0,179,133,"Anderson",76978,414.40411546156,0.143869596031184,171.477565018577,54.5610434150017,663.826028215854,14.3869596031184
2021-01-20,6975,28,5506,16,1469,12,6157,19,53283,152,59440,171,3,107,-29,482,54,6386,0,179,136,"Anderson",76978,417.002260386084,0.137813985064494,222.141391046793,36.3740289433345,626.152926810257,13.7813985064494
2021-01-21,7031,56,5546,40,1485,16,6196,39,53524,241,59720,280,5,112,-43,439,94,6480,2,181,137,"Anderson",76978,363.740289433345,0.132075471698113,363.740289433345,72.7480578866689,570.292810932994,13.2075471698113
2021-01-22,7069,38,5564,18,1505,20,6218,22,53669,145,59887,167,2,114,-16,423,52,6532,0,181,140,"Anderson",76978,368.936579282392,0.131746031746032,216.945101197745,49.3647535659539,549.507651536803,13.1746031746032
2021-01-23,7107,38,5578,14,1529,24,6231,13,53929,260,60160,273,0,114,8,431,30,6562,1,182,140,"Anderson",76978,335.160695263582,0.116242038216561,354.646782197511,49.3647535659539,559.900231234898,11.6242038216561
2021-01-24,7120,13,5590,12,1530,1,6245,14,53996,67,60241,81,0,114,-21,410,34,6596,0,182,142,"Anderson",76978,303.982956169295,0.113223140495868,105.224869443218,16.8879420094053,532.619709527397,11.3223140495868
2021-01-25,7137,17,5601,11,1536,6,6256,11,54056,60,60312,71,2,116,-47,363,62,6658,1,183,144,"Anderson",76978,301.384811244771,0.117446808510638,92.2341448205981,22.0842318584531,471.563303801086,11.7446808510638
2021-01-26,7164,27,5622,21,1542,6,6281,25,54219,163,60500,188,0,116,-36,327,63,6721,1,184,147,"Anderson",76978,281.898724310842,0.116165718927701,244.225622905246,35.0749564810725,424.796695159656,11.6165718927701
2021-01-27,7181,17,5630,8,1551,9,6290,9,54305,86,60595,95,4,120,-17,310,30,6751,0,184,149,"Anderson",76978,267.608927225961,0.115151515151515,123.411883914885,22.0842318584531,402.712463301203,11.5151515151515
2021-01-28,7268,87,5670,40,1598,47,6337,47,54531,226,60868,273,4,124,24,334,59,6810,0,184,150,"Anderson",76978,307.880173556081,0.122822299651568,354.646782197511,113.019304216789,433.89020239549,12.2822299651568
2021-01-29,7281,13,5674,4,1607,9,6342,5,54576,45,60918,50,1,125,-34,300,46,6856,1,185,150,"Anderson",76978,275.403361999532,0.120271580989331,64.9536231130973,16.8879420094053,389.721738678584,12.0271580989331
2021-01-30,7321,40,5709,35,1612,5,6378,36,54835,259,61213,295,2,127,1,301,37,6893,2,187,151,"Anderson",76978,278.001506924056,0.13960113960114,383.226376367274,51.9628984904778,391.020811140845,13.960113960114
2021-01-31,7337,16,5716,7,1621,9,6389,11,55004,169,61393,180,1,128,-4,297,19,6912,0,187,153,"Anderson",76978,281.898724310842,0.125,233.83304320715,20.7851593961911,385.824521291798,12.5
2021-02-01,7357,20,5728,12,1629,8,6402,13,55057,53,61459,66,1,129,-26,271,45,6957,1,188,155,"Anderson",76978,285.795941697628,0.127288578901482,85.7387825092884,25.9814492452389,352.048637272987,12.7288578901482
2021-02-02,7364,7,5734,6,1630,1,6408,6,55126,69,61534,75,5,134,-45,226,47,7004,0,188,156,"Anderson",76978,259.814492452389,0.122823984526112,97.4304346696459,9.09350723583361,293.5903764712,12.2823984526112
2021-02-03,7386,22,5740,6,1646,16,6418,10,55318,192,61736,202,4,138,1,227,17,7021,0,188,157,"Anderson",76978,266.309854763699,0.112182296231376,262.412637376913,28.5795941697628,294.889448933461,11.2182296231376
2021-02-04,7416,30,5754,14,1662,16,6435,17,55642,324,62077,341,2,140,-5,222,33,7054,0,188,157,"Anderson",76978,192.262724414768,0.0810587262200165,442.983709631323,38.9721738678584,288.394086622152,8.10587262200166
2021-02-05,7434,18,5765,11,1669,7,6452,17,55799,157,62251,174,2,142,-13,209,29,7083,0,188,158,"Anderson",76978,198.758086726078,0.0825206301575394,226.038608433578,23.383304320715,271.506144612746,8.25206301575394
2021-02-06,7460,26,5781,16,1679,10,6472,20,56021,222,62493,242,1,143,8,217,17,7100,1,189,158,"Anderson",76978,180.57107225441,0.0734375,314.375535867391,33.7758840188106,281.898724310842,7.34375
2021-02-07,7473,13,5788,7,1685,6,6480,8,56128,107,62608,115,0,143,-10,207,23,7123,0,189,158,"Anderson",76978,176.673854867625,0.0748971193415638,149.393333160124,16.8879420094053,268.907999688223,7.48971193415638
2021-02-08,7498,25,5794,6,1704,19,6485,5,56150,22,62635,27,2,145,-12,195,35,7158,0,189,158,"Anderson",76978,183.169217178934,0.070578231292517,35.0749564810725,32.4768115565486,253.319130141079,7.0578231292517
2021-02-09,7522,24,5804,10,1718,14,6496,11,56319,169,62815,180,2,147,-24,171,46,7204,2,191,158,"Anderson",76978,205.253449037387,0.068696330991413,233.83304320715,31.1777390942867,222.141391046793,6.8696330991413
2021-02-10,7547,25,5819,15,1728,10,6515,19,56514,195,63029,214,1,148,8,179,16,7220,1,192,158,"Anderson",76978,209.150666424173,0.0750193348801237,278.001506924056,32.4768115565486,232.533970744888,7.50193348801237
2021-02-11,7560,13,5827,8,1733,5,6527,12,56694,180,63221,192,-1,147,-16,163,30,7250,0,192,159,"Anderson",76978,187.06643456572,0.0804195804195804,249.421912754293,16.8879420094053,211.748811348697,8.04195804195804
2021-02-12,7587,27,5842,15,1745,12,6542,15,56888,194,63430,209,0,147,13,176,14,7264,0,192,159,"Anderson",76978,198.758086726078,0.0763358778625954,271.506144612746,35.0749564810725,228.636753358102,7.63358778625954
2021-02-13,7613,26,5852,10,1761,16,6552,10,57077,189,63629,199,0,147,11,187,15,7279,0,192,159,"Anderson",76978,198.758086726078,0.0704225352112676,258.515419990127,33.7758840188106,242.926550442984,7.04225352112676
2021-02-14,7627,14,5862,10,1765,4,6563,11,57138,61,63701,72,2,149,1,188,11,7290,0,192,159,"Anderson",76978,200.05715918834,0.0759377859103385,93.53321728286,18.1870144716672,244.225622905246,7.59377859103385
2021-02-15,7643,16,5870,8,1773,8,6572,9,57211,73,63783,82,0,149,-6,182,22,7312,1,193,160,"Anderson",76978,188.365507027982,0.0757839721254355,106.523941905479,20.7851593961911,236.431188131674,7.57839721254355
2021-02-16,7672,29,5884,14,1788,15,6589,17,57295,84,63884,101,0,149,11,193,18,7330,0,193,160,"Anderson",76978,194.860869339292,0.0869971936389149,131.206318688456,37.6731014055964,250.720985216555,8.69971936389149
2021-02-17,7691,19,5896,12,1795,7,6601,12,57403,108,64004,120,0,149,-8,185,27,7357,0,193,162,"Anderson",76978,187.06643456572,0.0882051282051282,155.888695471433,24.682376782977,240.32840551846,8.82051282051282
2021-02-18,7715,24,5918,22,1797,2,6627,26,57559,156,64186,182,0,149,9,194,15,7372,0,193,162,"Anderson",76978,201.356231650601,0.103626943005181,236.431188131674,31.1777390942867,252.020057678817,10.3626943005181
2021-02-19,7728,13,5929,11,1799,2,6642,15,57605,46,64247,61,0,149,0,194,13,7385,0,193,163,"Anderson",76978,183.169217178934,0.122399020807834,79.2434201979787,16.8879420094053,252.020057678817,12.2399020807834
2021-02-20,7747,19,5936,7,1811,12,6651,9,57727,122,64378,131,1,150,3,197,15,7400,0,193,164,"Anderson",76978,174.075709943101,0.132176234979973,170.178492556315,24.682376782977,255.917275065603,13.2176234979973
2021-02-21,7759,12,5943,7,1816,5,6658,7,57791,64,64449,71,2,152,-1,196,11,7411,1,194,164,"Anderson",76978,171.477565018577,0.127005347593583,92.2341448205981,15.5888695471433,254.618202603341,12.7005347593583
2021-02-22,7764,5,5945,2,1819,3,6664,6,57828,37,64492,43,1,153,-17,179,21,7432,0,194,165,"Anderson",76978,157.187767933695,0.129760225669958,55.8601158772636,6.49536231130973,232.533970744888,12.9760225669958
2021-02-23,7788,24,5954,9,1834,15,6672,8,57971,143,64643,151,2,155,-2,177,24,7456,0,194,167,"Anderson",76978,150.692405622386,0.10935441370224,196.159941801554,31.1777390942867,229.935825820364,10.935441370224
2021-02-24,7820,32,5973,19,1847,13,6695,23,58145,174,64840,197,0,155,15,192,17,7473,0,194,167,"Anderson",76978,167.580347631791,0.11244019138756,255.917275065603,41.5703187923822,249.421912754293,11.244019138756
2021-02-25,7837,17,5981,8,1856,9,6706,11,58272,127,64978,138,1,156,-3,189,19,7492,0,194,167,"Anderson",76978,158.486840395957,0.0997474747474748,179.271999792148,22.0842318584531,245.524695367508,9.97474747474748
2021-02-26,7849,12,5989,8,1860,4,6715,9,58371,99,65086,108,0,156,-17,172,29,7521,0,194,167,"Anderson",76978,157.187767933695,0.0870083432657926,140.29982592429,15.5888695471433,223.440463509055,8.70083432657926
2021-02-27,7858,9,5996,7,1862,2,6721,6,58463,92,65184,98,0,156,-6,166,15,7536,0,194,167,"Anderson",76978,144.197043311076,0.086848635235732,127.309101301671,11.6916521603575,215.646028735483,8.6848635235732
2021-02-28,7872,14,6006,10,1866,4,6732,11,58534,71,65266,82,0,156,0,166,14,7550,0,194,167,"Anderson",76978,146.7951882356,0.0905752753977968,106.523941905479,18.1870144716672,215.646028735483,9.05752753977968
2021-03-01,7880,8,6011,5,1869,3,6739,7,58569,35,65308,42,0,156,-11,155,19,7569,0,194,168,"Anderson",76978,150.692405622386,0.0919117647058824,54.5610434150017,10.3925796980956,201.356231650601,9.19117647058824
2021-03-02,7903,23,6022,11,1881,12,6749,10,58685,116,65434,126,1,157,-2,153,24,7593,1,195,168,"Anderson",76978,149.393333160124,0.0973451327433628,163.683130245005,29.8786666320247,198.758086726078,9.73451327433628
2021-03-03,7936,33,6043,21,1893,12,6774,25,58801,116,65575,141,1,158,13,166,19,7612,0,195,169,"Anderson",76978,150.692405622386,0.107482993197279,183.169217178934,42.8693912546442,215.646028735483,10.7482993197279
2021-03-04,7961,25,6056,13,1905,12,6791,17,58964,163,65755,180,0,158,13,179,12,7624,0,195,169,"Anderson",76978,161.084985320481,0.109395109395109,233.83304320715,32.4768115565486,232.533970744888,10.9395109395109
2021-03-05,7994,33,6073,17,1921,16,6813,22,59098,134,65911,156,0,158,18,197,15,7639,2,197,169,"Anderson",76978,188.365507027982,0.118787878787879,202.655304112863,42.8693912546442,255.917275065603,11.8787878787879
2021-03-06,8004,10,6078,5,1926,5,6821,8,59187,89,66008,97,0,158,-1,196,11,7650,0,197,169,"Anderson",76978,189.664579490244,0.121359223300971,126.010028839409,12.9907246226195,254.618202603341,12.1359223300971
2021-03-07,8010,6,6081,3,1929,3,6824,3,59226,39,66050,42,0,158,-10,186,16,7666,0,197,169,"Anderson",76978,179.271999792148,0.11734693877551,54.5610434150017,7.79443477357167,241.627477980722,11.734693877551
2021-03-08,8026,16,6088,7,1938,9,6833,9,59303,77,66136,86,1,159,-4,182,19,7685,0,197,169,"Anderson",76978,189.664579490244,0.113526570048309,111.720231754527,20.7851593961911,236.431188131674,11.3526570048309
2021-03-09,8047,21,6096,8,1951,13,6841,8,59368,65,66209,73,0,159,3,185,18,7703,3,200,170,"Anderson",76978,187.06643456572,0.118709677419355,94.832289745122,27.2805217075008,240.32840551846,11.8709677419355
2021-03-10,8069,22,6109,13,1960,9,6857,16,59525,157,66382,173,0,159,11,196,11,7714,1,201,170,"Anderson",76978,172.776637480839,0.102850061957869,224.739535971316,28.5795941697628,254.618202603341,10.2850061957869
2021-03-11,8092,23,6119,10,1973,13,6867,10,59622,97,66489,107,0,159,1,197,22,7736,1,202,171,"Anderson",76978,170.178492556315,0.103542234332425,139.000753462028,29.8786666320247,255.917275065603,10.3542234332425
2021-03-12,8112,20,6136,17,1976,3,6887,20,59728,106,66615,126,0,159,8,205,12,7748,0,202,171,"Anderson",76978,153.29055054691,0.105113636363636,163.683130245005,25.9814492452389,266.309854763699,10.5113636363636
2021-03-13,8123,11,6140,4,1983,7,6891,4,59804,76,66695,80,0,159,2,207,9,7757,1,203,171,"Anderson",76978,154.589623009171,0.101892285298399,103.925796980956,14.2897970848814,268.907999688223,10.1892285298399
2021-03-14,8129,6,6144,4,1985,2,6897,6,59840,36,66737,42,0,159,-13,194,19,7776,1,204,171,"Anderson",76978,154.589623009171,0.106259097525473,54.5610434150017,7.79443477357167,252.020057678817,10.6259097525473
2021-03-15,8147,18,6150,6,1997,12,6903,6,59873,33,66776,39,0,159,-9,185,27,7803,1,205,171,"Anderson",76978,157.187767933695,0.109375,50.6638260282159,23.383304320715,240.32840551846,10.9375
2021-03-16,8180,33,6163,13,2017,20,6918,15,59966,93,66884,108,0,159,-2,183,35,7838,2,207,171,"Anderson",76978,172.776637480839,0.114074074074074,140.29982592429,42.8693912546442,237.730260593936,11.4074074074074
2021-03-17,8197,17,6174,11,2023,6,6931,13,60053,87,66984,100,0,159,-5,178,22,7860,0,207,172,"Anderson",76978,166.281275169529,0.122923588039867,129.907246226195,22.0842318584531,231.234898282626,12.2923588039867
2021-03-18,8213,16,6186,12,2027,4,6946,15,60134,81,67080,96,1,160,-1,177,16,7876,0,207,172,"Anderson",76978,157.187767933695,0.133671742808799,124.710956377147,20.7851593961911,229.935825820364,13.3671742808799
2021-03-19,8237,24,6200,14,2037,10,6959,13,60253,119,67212,132,0,160,13,190,11,7887,1,208,172,"Anderson",76978,162.384057782743,0.120603015075377,171.477565018577,31.1777390942867,246.82376782977,12.0603015075377
2021-03-20,8249,12,6206,6,2043,6,6967,8,60292,39,67259,47,0,160,3,193,9,7896,1,209,172,"Anderson",76978,163.683130245005,0.134751773049645,61.0564057263114,15.5888695471433,250.720985216555,13.4751773049645
2021-03-21,8259,10,6212,6,2047,4,6974,7,60354,62,67328,69,-1,159,-5,188,16,7912,0,209,172,"Anderson",76978,168.879420094053,0.130287648054146,89.6359998960742,12.9907246226195,244.225622905246,13.0287648054146
2021-03-22,8265,6,6213,1,2052,5,6975,1,60420,66,67395,67,0,159,-9,179,15,7927,1,210,172,"Anderson",76978,153.29055054691,0.116316639741519,87.0378549715503,7.79443477357167,232.533970744888,11.6316639741519
2021-03-23,8271,6,6214,1,2057,5,6976,1,60463,43,67439,44,0,159,-15,164,21,7948,0,210,173,"Anderson",76978,118.215594065837,0.104504504504505,57.1591883395256,7.79443477357167,213.047883810959,10.4504504504505
2021-03-24,8279,8,6221,7,2058,1,6983,7,60584,121,67567,128,1,160,-11,153,18,7966,0,210,173,"Anderson",76978,106.523941905479,0.0891938250428816,166.281275169529,10.3925796980956,198.758086726078,8.91938250428817
2021-03-25,8289,10,6226,5,2063,5,6989,6,60685,101,67674,107,0,160,-10,143,20,7986,0,210,173,"Anderson",76978,98.7295071319078,0.0723905723905724,139.000753462028,12.9907246226195,185.767362103458,7.23905723905724
2021-03-26,8306,17,6238,12,2068,5,7000,11,60751,66,67751,77,0,160,2,145,15,8001,0,210,174,"Anderson",76978,89.6359998960742,0.0760667903525046,100.02857959417,22.0842318584531,188.365507027982,7.60667903525046
2021-03-27,8310,4,6242,4,2068,0,7006,6,60815,64,67821,70,1,161,-12,133,15,8016,2,212,174,"Anderson",76978,79.2434201979786,0.0693950177935943,90.9350723583361,5.19628984904778,172.776637480839,6.93950177935943
2021-03-28,8313,3,6242,0,2071,3,7006,0,60844,29,67850,29,1,162,-12,121,14,8030,0,212,175,"Anderson",76978,70.149912962145,0.0613026819923372,37.6731014055964,3.89721738678583,157.187767933695,6.13026819923372
2021-03-29,8328,15,6246,4,2082,11,7010,4,60930,86,67940,90,1,163,-16,105,30,8060,0,212,176,"Anderson",76978,81.8415651225025,0.0642201834862385,116.916521603575,19.4860869339292,136.402608537504,6.42201834862385
2021-03-30,8333,5,6249,3,2084,2,7013,3,60988,58,68001,61,1,164,-12,93,16,8076,0,212,176,"Anderson",76978,80.5424926602406,0.0658362989323843,79.2434201979787,6.49536231130973,120.813738990361,6.58362989323843
2021-03-31,8356,23,6263,14,2093,9,7029,16,61152,164,68181,180,1,165,10,103,12,8088,1,213,176,"Anderson",76978,100.02857959417,0.0749185667752443,233.83304320715,29.8786666320247,133.80446361298,7.49185667752443
2021-04-01,8365,9,6267,4,2098,5,7033,4,61209,57,68242,61,0,165,-8,95,17,8105,0,213,176,"Anderson",76978,98.7295071319078,0.0774647887323944,79.2434201979787,11.6916521603575,123.411883914885,7.74647887323944
2021-04-02,8374,9,6274,7,2100,2,7040,7,61279,70,68319,77,0,165,-1,94,10,8115,0,213,176,"Anderson",76978,88.3369274338123,0.0704225352112676,100.02857959417,11.6916521603575,122.112811452623,7.04225352112676
2021-04-03,8380,6,6279,5,2101,1,7046,6,61329,50,68375,56,0,165,-8,86,14,8129,0,213,176,"Anderson",76978,90.9350723583361,0.0722021660649819,72.7480578866689,7.79443477357167,111.720231754527,7.22021660649819
2021-04-04,8382,2,6281,2,2101,0,7048,2,61367,38,68415,40,0,165,-5,81,7,8136,0,213,176,"Anderson",76978,89.6359998960742,0.0743362831858407,51.9628984904778,2.59814492452389,105.224869443218,7.43362831858407
2021-04-05,8396,14,6284,3,2112,11,7050,2,61425,58,68475,60,0,165,4,85,10,8146,2,215,176,"Anderson",76978,88.3369274338123,0.0747663551401869,77.9443477357167,18.1870144716672,110.421159292265,7.47663551401869
2021-04-06,8401,5,6288,4,2113,1,7056,6,61467,42,68523,48,0,165,3,88,2,8148,0,215,176,"Anderson",76978,88.3369274338123,0.0823754789272031,62.3554781885734,6.49536231130973,114.318376679051,8.23754789272031
2021-04-07,8421,20,6301,13,2120,7,7070,14,61626,159,68696,173,0,165,10,98,10,8158,2,217,176,"Anderson",76978,84.4397100470264,0.0796116504854369,224.739535971316,25.9814492452389,127.309101301671,7.96116504854369
2021-04-08,8424,3,6303,2,2121,1,7073,3,61717,91,68790,94,5,170,-17,81,15,8173,1,218,176,"Anderson",76978,76.6452752734548,0.072992700729927,122.112811452623,3.89721738678583,105.224869443218,7.2992700729927
2021-04-09,8432,8,6309,6,2123,2,7082,9,61804,87,68886,96,-4,166,8,89,4,8177,0,218,176,"Anderson",76978,75.3462028111928,0.0740740740740741,124.710956377147,10.3925796980956,115.617449141313,7.40740740740741
2021-04-10,8437,5,6314,5,2123,0,7087,5,61875,71,68962,76,0,166,-6,83,11,8188,0,218,176,"Anderson",76978,74.0471303489309,0.0698466780238501,98.7295071319078,6.49536231130973,107.823014367741,6.98466780238501
2021-04-11,8444,7,6319,5,2125,2,7092,5,61919,44,69011,49,-1,165,0,83,8,8196,0,218,176,"Anderson",76978,80.5424926602406,0.0738255033557047,63.6545506508353,9.09350723583361,107.823014367741,7.38255033557047
2021-04-12,8447,3,6322,3,2125,0,7095,3,61988,69,69083,72,0,165,-7,76,10,8206,0,218,176,"Anderson",76978,66.2526955753592,0.0740131578947368,93.53321728286,3.89721738678583,98.7295071319078,7.40131578947368
2021-04-13,8457,10,6327,5,2130,5,7101,6,62049,61,69150,67,5,170,-7,69,12,8218,0,218,176,"Anderson",76978,72.7480578866689,0.0717703349282297,87.0378549715503,12.9907246226195,89.6359998960742,7.17703349282297
2021-04-14,8471,14,6336,9,2135,5,7112,11,62187,138,69299,149,0,170,7,76,7,8225,0,218,176,"Anderson",76978,64.9536231130973,0.0696517412935323,193.56179687703,18.1870144716672,98.7295071319078,6.96517412935323
2021-04-15,8480,9,6341,5,2139,4,7117,5,62268,81,69385,86,0,170,6,82,3,8228,0,218,176,"Anderson",76978,72.7480578866689,0.0739495798319328,111.720231754527,11.6916521603575,106.523941905479,7.39495798319328
2021-04-16,8493,13,6352,11,2141,2,7130,13,62421,153,69551,166,0,170,6,88,7,8235,0,218,176,"Anderson",76978,79.2434201979786,0.0721804511278196,215.646028735483,16.8879420094053,114.318376679051,7.21804511278196
2021-04-17,8498,5,6355,3,2143,2,7134,4,62486,65,69620,69,0,170,0,88,5,8240,0,218,176,"Anderson",76978,79.2434201979786,0.0714285714285714,89.6359998960742,6.49536231130973,114.318376679051,7.14285714285714
2021-04-18,8505,7,6361,6,2144,1,7140,6,62531,45,69671,51,0,170,0,88,7,8247,0,218,176,"Anderson",76978,79.2434201979786,0.0727272727272727,66.2526955753592,9.09350723583361,114.318376679051,7.27272727272727
2021-04-19,8511,6,6364,3,2147,3,7143,3,62554,23,69697,26,0,170,-6,82,12,8259,0,218,177,"Anderson",76978,83.1406375847645,0.0781758957654723,33.7758840188106,7.79443477357167,106.523941905479,7.81758957654723
2021-04-20,8517,6,6367,3,2150,3,7146,3,62653,99,69799,102,0,170,-1,81,7,8266,0,218,177,"Anderson",76978,77.9443477357167,0.0693374422187981,132.505391150718,7.79443477357167,105.224869443218,6.93374422187981
2021-04-21,8529,12,6373,6,2156,6,7152,6,62808,155,69960,161,1,171,-2,79,13,8279,0,218,177,"Anderson",76978,75.3462028111928,0.0605143721633888,209.150666424173,15.5888695471433,102.626724518694,6.05143721633888
2021-04-22,8547,18,6379,6,2168,12,7159,7,62952,144,70111,151,0,171,12,91,6,8285,0,218,177,"Anderson",76978,87.0378549715503,0.0578512396694215,196.159941801554,23.383304320715,118.215594065837,5.78512396694215
2021-04-23,8557,10,6384,5,2173,5,7165,6,63118,166,70283,172,0,171,8,99,2,8287,0,218,177,"Anderson",76978,83.1406375847645,0.0478142076502732,223.440463509055,12.9907246226195,128.608173763933,4.78142076502732
2021-04-24,8569,12,6390,6,2179,6,7172,7,63185,67,70357,74,0,171,8,107,4,8291,1,219,177,"Anderson",76978,92.2341448205981,0.0515603799185889,96.1313622073839,15.5888695471433,139.000753462028,5.15603799185889
2021-04-25,8573,4,6392,2,2181,2,7174,2,63225,40,70399,42,0,171,0,107,4,8295,0,219,177,"Anderson",76978,88.3369274338123,0.0467032967032967,54.5610434150017,5.19628984904778,139.000753462028,4.67032967032967
2021-04-26,8582,9,6396,4,2186,5,7178,4,63300,75,70478,79,0,171,2,109,7,8302,0,219,178,"Anderson",76978,92.2341448205981,0.0448143405889885,102.626724518694,11.6916521603575,141.598898386552,4.48143405889885
2021-04-27,8592,10,6402,6,2190,4,7184,6,63368,68,70552,74,0,171,-3,106,13,8315,0,219,178,"Anderson",76978,97.4304346696459,0.050464807436919,96.1313622073839,12.9907246226195,137.701680999766,5.0464807436919
2021-04-28,8609,17,6414,12,2195,5,7197,13,63506,138,70703,151,0,171,1,107,16,8331,1,220,179,"Anderson",76978,103.925796980956,0.0605652759084791,196.159941801554,22.0842318584531,139.000753462028,6.05652759084791
2021-04-29,8615,6,6416,2,2199,4,7200,3,63655,149,70855,152,0,171,-1,106,7,8338,0,220,179,"Anderson",76978,88.3369274338123,0.0551075268817204,197.459014263816,7.79443477357167,137.701680999766,5.51075268817204
2021-04-30,8622,7,6419,3,2203,4,7204,4,63777,122,70981,126,0,171,-2,104,9,8347,0,220,179,"Anderson",76978,84.4397100470264,0.0558739255014327,163.683130245005,9.09350723583361,135.103536075242,5.58739255014327
2021-05-01,8627,5,6422,3,2205,2,7207,3,63840,63,71047,66,0,171,-1,103,6,8353,1,221,179,"Anderson",76978,75.3462028111928,0.0507246376811594,85.7387825092884,6.49536231130973,133.80446361298,5.07246376811594
2021-05-02,8630,3,6423,1,2207,2,7208,1,63891,51,71099,52,0,171,-7,96,10,8363,0,221,179,"Anderson",76978,74.0471303489309,0.0485714285714286,67.5517680376211,3.89721738678583,124.710956377147,4.85714285714286
2021-05-03,8640,10,6428,5,2212,5,7213,5,63997,106,71210,111,0,171,-3,93,13,8376,0,221,179,"Anderson",76978,75.3462028111928,0.0478142076502732,144.197043311076,12.9907246226195,120.813738990361,4.78142076502732
2021-05-04,8642,2,6428,0,2214,2,7214,1,64073,76,71287,77,0,171,-11,82,13,8389,0,221,179,"Anderson",76978,64.9536231130973,0.0408163265306122,100.02857959417,2.59814492452389,106.523941905479,4.08163265306122
2021-05-05,8650,8,6432,4,2218,4,7217,3,64190,117,71407,120,0,171,-3,79,11,8400,0,221,179,"Anderson",76978,53.2619709527397,0.0284090909090909,155.888695471433,10.3925796980956,102.626724518694,2.84090909090909
2021-05-06,8655,5,6435,3,2220,2,7223,6,64242,52,71465,58,0,171,-4,75,9,8409,1,222,179,"Anderson",76978,51.9628984904778,0.0377049180327869,75.3462028111928,6.49536231130973,97.4304346696459,3.77049180327869
2021-05-07,8660,5,6437,2,2223,3,7226,3,64363,121,71589,124,0,171,-4,71,9,8418,0,222,179,"Anderson",76978,49.3647535659539,0.0361842105263158,161.084985320481,6.49536231130973,92.2341448205981,3.61842105263158
2021-05-08,8666,6,6440,3,2226,3,7228,2,64432,69,71660,71,0,171,-6,65,12,8430,1,223,180,"Anderson",76978,50.6638260282159,0.034257748776509,92.2341448205981,7.79443477357167,84.4397100470264,3.4257748776509
2021-05-09,8667,1,6440,0,2227,1,7229,1,64460,28,71689,29,0,171,-4,61,5,8435,0,223,180,"Anderson",76978,48.065681103692,0.0355932203389831,37.6731014055964,1.29907246226194,79.2434201979787,3.55932203389831
2021-05-10,8672,5,6440,0,2232,5,7229,0,64548,88,71777,88,0,171,-5,56,10,8445,0,223,180,"Anderson",76978,41.5703187923822,0.0282186948853616,114.318376679051,6.49536231130973,72.7480578866689,2.82186948853616
2021-05-11,8680,8,6441,1,2239,7,7231,2,64590,42,71821,44,0,171,3,59,5,8450,0,223,181,"Anderson",76978,49.3647535659539,0.0318352059925094,57.1591883395256,10.3925796980956,76.6452752734548,3.18352059925094
2021-05-12,8693,13,6448,7,2245,6,7237,6,64694,104,71931,110,0,171,8,67,5,8455,2,225,181,"Anderson",76978,55.8601158772636,0.0381679389312977,142.897970848814,16.8879420094053,87.0378549715503,3.81679389312977
2021-05-13,8697,4,6450,2,2247,2,7239,2,64797,103,72036,105,0,171,-3,64,7,8462,2,227,181,"Anderson",76978,54.5610434150017,0.0280210157618214,136.402608537504,5.19628984904778,83.1406375847645,2.80210157618214
2021-05-14,8705,8,6453,3,2252,5,7244,5,64884,87,72128,92,0,171,2,66,6,8468,0,227,181,"Anderson",76978,58.4582608017875,0.0333951762523191,119.514666528099,10.3925796980956,85.7387825092884,3.33951762523191
2021-05-15,8710,5,6455,2,2255,3,7246,2,64949,65,72195,67,0,171,1,67,4,8472,0,227,181,"Anderson",76978,57.1591883395256,0.0336448598130841,87.0378549715503,6.49536231130973,87.0378549715503,3.36448598130841
2021-05-16,8712,2,6456,1,2256,1,7247,1,64985,36,72232,37,0,171,-5,62,7,8479,0,227,181,"Anderson",76978,58.4582608017875,0.0331491712707182,48.065681103692,2.59814492452389,80.5424926602406,3.31491712707182
2021-05-17,8718,6,6461,5,2257,1,7252,5,65044,59,72296,64,1,172,0,62,5,8484,0,227,181,"Anderson",76978,59.7573332640495,0.0443159922928709,83.1406375847645,7.79443477357167,80.5424926602406,4.43159922928709
2021-05-18,8722,4,6461,0,2261,4,7252,0,65135,91,72387,91,0,172,0,62,4,8488,1,228,181,"Anderson",76978,54.5610434150017,0.0371024734982332,118.215594065837,5.19628984904778,80.5424926602406,3.71024734982332
2021-05-19,8729,7,6466,5,2263,2,7258,6,65254,119,72512,125,0,172,5,67,2,8490,0,228,181,"Anderson",76978,46.76660864143,0.036144578313253,162.384057782743,9.09350723583361,87.0378549715503,3.6144578313253
2021-05-20,8731,2,6468,2,2263,0,7260,2,65373,119,72633,121,0,172,-1,66,3,8493,0,228,181,"Anderson",76978,44.1684637169061,0.0351758793969849,157.187767933695,2.59814492452389,85.7387825092884,3.51758793969849
2021-05-21,8733,2,6468,0,2265,2,7260,0,65443,70,72703,70,0,172,-7,59,9,8502,0,228,181,"Anderson",76978,36.3740289433345,0.0278260869565217,90.9350723583361,2.59814492452389,76.6452752734548,2.78260869565217
2021-05-22,8738,5,6470,2,2268,3,7262,2,65483,40,72745,42,0,172,-3,56,8,8510,0,228,181,"Anderson",76978,36.3740289433345,0.0290909090909091,54.5610434150017,6.49536231130973,72.7480578866689,2.90909090909091
2021-05-23,8738,0,6470,0,2268,0,7262,0,65512,29,72774,29,0,172,-3,53,3,8513,0,228,181,"Anderson",76978,33.7758840188106,0.0276752767527675,37.6731014055964,0,68.8508404998831,2.76752767527675
2021-05-24,8746,8,6474,4,2272,4,7265,3,65571,59,72836,62,0,172,1,54,7,8520,0,228,181,"Anderson",76978,36.3740289433345,0.0240740740740741,80.5424926602406,10.3925796980956,70.149912962145,2.40740740740741
2021-05-25,8748,2,6474,0,2274,2,7266,1,65616,45,72882,46,0,172,-10,44,12,8532,0,228,181,"Anderson",76978,33.7758840188106,0.0282828282828283,59.7573332640495,2.59814492452389,57.1591883395256,2.82828282828283
2021-05-26,8755,7,6479,5,2276,2,7272,6,65716,100,72988,106,0,172,0,44,7,8539,0,228,181,"Anderson",76978,33.7758840188106,0.0294117647058824,137.701680999766,9.09350723583361,57.1591883395256,2.94117647058824
2021-05-27,8757,2,6480,1,2277,1,7273,1,65766,50,73039,51,0,172,-1,43,3,8542,1,229,181,"Anderson",76978,33.7758840188106,0.0320197044334975,66.2526955753592,2.59814492452389,55.8601158772636,3.20197044334975
2021-05-28,8762,5,6484,4,2278,1,7278,5,65849,83,73127,88,0,172,0,43,5,8547,0,229,181,"Anderson",76978,37.6731014055964,0.0424528301886792,114.318376679051,6.49536231130973,55.8601158772636,4.24528301886792
2021-05-29,8763,1,6484,0,2279,1,7278,0,65886,37,73164,37,0,172,-5,38,6,8553,0,229,181,"Anderson",76978,32.4768115565486,0.0381861575178998,48.065681103692,1.29907246226194,49.3647535659539,3.81861575178998
2021-05-30,8766,3,6485,1,2281,2,7279,1,65936,50,73215,51,0,172,0,38,3,8556,0,229,181,"Anderson",76978,36.3740289433345,0.0385487528344671,66.2526955753592,3.89721738678583,49.3647535659539,3.85487528344671
2021-05-31,8770,4,6488,3,2282,1,7282,3,65987,51,73269,54,0,172,1,39,3,8559,0,229,181,"Anderson",76978,31.1777390942867,0.0392609699769053,70.149912962145,5.19628984904778,50.6638260282159,3.92609699769053
2021-06-01,8773,3,6490,2,2283,1,7283,1,66035,48,73318,49,0,172,1,40,2,8561,1,230,181,"Anderson",76978,32.4768115565486,0.0389908256880734,63.6545506508353,3.89721738678583,51.9628984904778,3.89908256880734
2021-06-02,8777,4,6491,1,2286,3,7285,2,66076,41,73361,43,0,172,-2,38,6,8567,0,230,181,"Anderson",76978,28.5795941697628,0.0348525469168901,55.8601158772636,5.19628984904778,49.3647535659539,3.48525469168901
2021-06-03,8778,1,6491,0,2287,1,7288,3,66166,90,73454,93,1,173,-3,35,3,8570,0,230,182,"Anderson",76978,27.2805217075008,0.036144578313253,120.813738990361,1.29907246226194,45.4675361791681,3.6144578313253
2021-06-04,8779,1,6492,1,2287,0,7290,2,66219,53,73509,55,-1,172,-2,33,4,8574,0,230,182,"Anderson",76978,22.0842318584531,0.031413612565445,71.448985424407,1.29907246226194,42.8693912546442,3.1413612565445
2021-06-05,8780,1,6493,1,2287,0,7291,1,66276,57,73567,58,0,172,-3,30,4,8578,0,230,182,"Anderson",76978,22.0842318584531,0.032258064516129,75.3462028111928,1.29907246226194,38.9721738678584,3.2258064516129
2021-06-06,8780,0,6493,0,2287,0,7291,0,66301,25,73592,25,0,172,-4,26,4,8582,0,230,182,"Anderson",76978,18.1870144716672,0.0318302387267905,32.4768115565486,0,33.7758840188106,3.18302387267904
2021-06-07,8781,1,6493,0,2288,1,7291,0,66365,64,73656,64,0,172,-1,25,2,8584,0,230,182,"Anderson",76978,14.2897970848814,0.0232558139534884,83.1406375847645,1.29907246226194,32.4768115565486,2.32558139534884
2021-06-08,8782,1,6493,0,2289,1,7291,0,66402,37,73693,37,0,172,-1,24,2,8586,1,231,183,"Anderson",76978,11.6916521603575,0.0213333333333333,48.065681103692,1.29907246226194,31.1777390942867,2.13333333333333
2021-06-09,8782,0,6493,0,2289,0,7291,0,66484,82,73775,82,0,172,-4,20,4,8590,0,231,183,"Anderson",76978,6.49536231130972,0.0144927536231884,106.523941905479,0,25.9814492452389,1.44927536231884
2021-06-10,8786,4,6494,1,2292,3,7292,1,66541,57,73833,58,0,172,4,24,0,8590,0,231,183,"Anderson",76978,10.3925796980956,0.0105540897097625,75.3462028111928,5.19628984904778,31.1777390942867,1.05540897097625
2021-06-11,8787,1,6494,0,2293,1,7293,1,66596,55,73889,56,1,173,-3,21,3,8593,0,231,183,"Anderson",76978,10.3925796980956,0.00789473684210526,72.7480578866689,1.29907246226194,27.2805217075008,0.789473684210526
2021-06-12,8788,1,6494,0,2294,1,7294,1,66651,55,73945,56,2,175,-4,17,3,8596,0,231,183,"Anderson",76978,10.3925796980956,0.00793650793650794,72.7480578866689,1.29907246226194,22.0842318584531,0.793650793650794
2021-06-13,8789,1,6494,0,2295,1,7295,1,66689,38,73984,39,0,175,-3,14,4,8600,0,231,183,"Anderson",76978,11.6916521603575,0.0102040816326531,50.6638260282159,1.29907246226194,18.1870144716672,1.02040816326531
2021-06-14,8791,2,6496,2,2295,0,7297,2,66775,86,74072,88,0,175,1,15,1,8601,0,231,183,"Anderson",76978,12.9907246226194,0.0144230769230769,114.318376679051,2.59814492452389,19.4860869339292,1.44230769230769
2021-06-15,8791,0,6496,0,2295,0,7298,1,66806,31,74104,32,0,175,-2,13,2,8603,0,231,183,"Anderson",76978,11.6916521603575,0.0170316301703163,41.5703187923822,0,16.8879420094053,1.70316301703163
2021-06-16,8792,1,6497,1,2295,0,7299,1,66850,44,74149,45,0,175,0,13,1,8604,0,231,183,"Anderson",76978,12.9907246226194,0.0213903743315508,58.4582608017875,1.29907246226194,16.8879420094053,2.13903743315508
2021-06-17,8792,0,6497,0,2295,0,7299,0,66936,86,74235,86,0,175,-1,12,1,8605,0,231,183,"Anderson",76978,7.79443477357167,0.0174129353233831,111.720231754527,0,15.5888695471433,1.74129353233831
2021-06-18,8794,2,6498,1,2296,1,7303,4,66986,50,74289,54,0,175,1,13,1,8606,0,231,183,"Anderson",76978,9.09350723583361,0.025,70.149912962145,2.59814492452389,16.8879420094053,2.5
2021-06-19,8794,0,6498,0,2296,0,7303,0,67034,48,74337,48,0,175,-1,12,1,8607,0,231,183,"Anderson",76978,7.79443477357167,0.0229591836734694,62.3554781885734,0,15.5888695471433,2.29591836734694
2021-06-20,8794,0,6498,0,2296,0,7304,1,67057,23,74361,24,0,175,-2,10,2,8609,0,231,183,"Anderson",76978,6.49536231130972,0.0238726790450928,31.1777390942867,0,12.9907246226195,2.38726790450928
2021-06-21,8795,1,6498,0,2297,1,7304,0,67097,40,74401,40,0,175,0,10,1,8610,0,231,183,"Anderson",76978,5.19628984904778,0.0212765957446809,51.9628984904778,1.29907246226194,12.9907246226195,2.12765957446809
2021-06-22,8799,4,6499,1,2300,3,7304,0,67139,42,74443,42,0,175,2,12,2,8612,1,232,183,"Anderson",76978,10.3925796980956,0.0176991150442478,54.5610434150017,5.19628984904778,15.5888695471433,1.76991150442478
2021-06-23,8800,1,6500,1,2300,0,7305,1,67187,48,74492,49,0,175,1,13,0,8612,0,232,183,"Anderson",76978,10.3925796980956,0.0174927113702624,63.6545506508353,1.29907246226194,16.8879420094053,1.74927113702624
2021-06-24,8800,0,6500,0,2300,0,7306,1,67232,45,74538,46,0,175,-3,10,3,8615,0,232,183,"Anderson",76978,10.3925796980956,0.0231023102310231,59.7573332640495,0,12.9907246226195,2.31023102310231
2021-06-25,8801,1,6501,1,2300,0,7307,1,67268,36,74575,37,0,175,1,11,0,8615,0,232,183,"Anderson",76978,9.09350723583361,0.013986013986014,48.065681103692,1.29907246226194,14.2897970848814,1.3986013986014
2021-06-26,8802,1,6502,1,2300,0,7308,1,67301,33,74609,34,0,175,0,11,1,8616,0,232,183,"Anderson",76978,10.3925796980956,0.0183823529411765,44.1684637169061,1.29907246226194,14.2897970848814,1.83823529411765
2021-06-27,8802,0,6502,0,2300,0,7308,0,67333,32,74641,32,0,175,0,11,0,8616,0,232,183,"Anderson",76978,10.3925796980956,0.0142857142857143,41.5703187923822,0,14.2897970848814,1.42857142857143
2021-06-28,8803,1,6502,0,2301,1,7309,1,67349,16,74658,17,0,175,1,12,0,8616,0,232,183,"Anderson",76978,10.3925796980956,0.0194552529182879,22.0842318584531,1.29907246226194,15.5888695471433,1.94552529182879
2021-06-29,8806,3,6505,3,2301,0,7312,3,67408,59,74720,62,0,175,2,14,1,8617,0,232,183,"Anderson",76978,9.09350723583361,0.0288808664259928,80.5424926602406,3.89721738678583,18.1870144716672,2.88808664259928
2021-06-30,8806,0,6505,0,2301,0,7312,0,67454,46,74766,46,0,175,-1,13,1,8618,0,232,183,"Anderson",76978,7.79443477357167,0.0255474452554745,59.7573332640495,0,16.8879420094053,2.55474452554745
2021-07-01,8807,1,6506,1,2301,0,7313,1,67491,37,74804,38,0,175,1,14,0,8618,0,232,183,"Anderson",76978,9.09350723583361,0.0263157894736842,49.3647535659539,1.29907246226194,18.1870144716672,2.63157894736842
2021-07-02,8807,0,6506,0,2301,0,7313,0,67534,43,74847,43,0,175,0,14,0,8618,0,232,183,"Anderson",76978,7.79443477357167,0.0220588235294118,55.8601158772636,0,18.1870144716672,2.20588235294118
2021-07-03,8807,0,6506,0,2301,0,7313,0,67555,21,74868,21,0,175,-1,13,1,8619,0,232,183,"Anderson",76978,6.49536231130972,0.0193050193050193,27.2805217075008,0,16.8879420094053,1.93050193050193
2021-07-04,8808,1,6506,0,2302,1,7314,1,67580,25,74894,26,0,175,0,13,1,8620,0,232,183,"Anderson",76978,7.79443477357167,0.0237154150197628,33.7758840188106,1.29907246226194,16.8879420094053,2.37154150197628
2021-07-05,8808,0,6506,0,2302,0,7315,1,67595,15,74910,16,0,175,-1,12,1,8621,0,232,183,"Anderson",76978,6.49536231130972,0.0238095238095238,20.7851593961911,0,15.5888695471433,2.38095238095238
2021-07-06,8809,1,6506,0,2303,1,7315,0,67625,30,74940,30,1,176,-3,9,3,8624,0,232,183,"Anderson",76978,3.89721738678583,0.0136363636363636,38.9721738678584,1.29907246226194,11.6916521603575,1.36363636363636
2021-07-07,8810,1,6506,0,2304,1,7315,0,67671,46,74986,46,0,176,-2,7,3,8627,0,232,183,"Anderson",76978,5.19628984904778,0.0136363636363636,59.7573332640495,1.29907246226194,9.09350723583361,1.36363636363636
2021-07-08,8811,1,6507,1,2304,0,7316,1,67712,41,75028,42,0,176,-1,6,2,8629,0,232,183,"Anderson",76978,5.19628984904778,0.0133928571428571,54.5610434150017,1.29907246226194,7.79443477357167,1.33928571428571
2021-07-09,8813,2,6508,1,2305,1,7317,1,67756,44,75073,45,0,176,1,7,1,8630,0,232,183,"Anderson",76978,7.79443477357167,0.0176991150442478,58.4582608017875,2.59814492452389,9.09350723583361,1.76991150442478
2021-07-10,8815,2,6509,1,2306,1,7318,1,67778,22,75096,23,0,176,2,9,0,8630,1,233,183,"Anderson",76978,10.3925796980956,0.0219298245614035,29.8786666320247,2.59814492452389,11.6916521603575,2.19298245614035
2021-07-11,8815,0,6509,0,2306,0,7318,0,67793,15,75111,15,0,176,0,9,0,8630,0,233,183,"Anderson",76978,9.09350723583361,0.0184331797235023,19.4860869339292,0,11.6916521603575,1.84331797235023
2021-07-12,8823,8,6513,4,2310,4,7322,4,67829,36,75151,40,0,176,7,16,1,8631,1,234,183,"Anderson",76978,19.4860869339292,0.029045643153527,51.9628984904778,10.3925796980956,20.7851593961911,2.9045643153527
2021-07-13,8824,1,6513,0,2311,1,7322,0,67850,21,75172,21,0,176,0,16,1,8632,0,234,185,"Anderson",76978,19.4860869339292,0.0301724137931034,27.2805217075008,1.29907246226194,20.7851593961911,3.01724137931034
2021-07-14,8829,5,6518,5,2311,0,7327,5,67904,54,75231,59,0,176,5,21,0,8632,1,235,185,"Anderson",76978,24.682376782977,0.0489795918367347,76.6452752734548,6.49536231130973,27.2805217075008,4.89795918367347
2021-07-15,8832,3,6521,3,2311,0,7329,2,67937,33,75266,35,0,176,3,24,0,8632,0,235,185,"Anderson",76978,27.2805217075008,0.0546218487394958,45.4675361791681,3.89721738678583,31.1777390942867,5.46218487394958
2021-07-16,8842,10,6523,2,2319,8,7330,1,67965,28,75295,29,0,176,10,34,0,8632,0,235,185,"Anderson",76978,37.6731014055964,0.0585585585585586,37.6731014055964,12.9907246226195,44.1684637169061,5.85585585585586
2021-07-17,8847,5,6524,1,2323,4,7331,1,68001,36,75332,37,0,176,4,38,1,8633,0,235,185,"Anderson",76978,41.5703187923822,0.0550847457627119,48.065681103692,6.49536231130973,49.3647535659539,5.50847457627119
2021-07-18,8850,3,6526,2,2324,1,7333,2,68021,20,75354,22,0,176,-1,37,4,8637,0,235,185,"Anderson",76978,45.4675361791681,0.0617283950617284,28.5795941697628,3.89721738678583,48.065681103692,6.17283950617284
2021-07-19,8855,5,6530,4,2325,1,7337,4,68055,34,75392,38,1,177,2,39,2,8639,0,235,185,"Anderson",76978,41.5703187923822,0.0622406639004149,49.3647535659539,6.49536231130973,50.6638260282159,6.22406639004149
2021-07-20,8870,15,6541,11,2329,4,7348,11,68090,35,75438,46,0,177,10,49,5,8644,1,236,185,"Anderson",76978,59.7573332640495,0.0977443609022556,59.7573332640495,19.4860869339292,63.6545506508353,9.77443609022556
2021-07-21,8877,7,6545,4,2332,3,7353,5,68175,85,75528,90,0,177,5,54,2,8646,0,236,186,"Anderson",76978,62.3554781885734,0.0875420875420875,116.916521603575,9.09350723583361,70.149912962145,8.75420875420875
2021-07-22,8887,10,6550,5,2337,5,7357,4,68231,56,75588,60,0,177,9,63,1,8647,0,236,186,"Anderson",76978,71.448985424407,0.0869565217391304,77.9443477357167,12.9907246226195,81.8415651225025,8.69565217391304
2021-07-23,8897,10,6554,4,2343,6,7362,5,68302,71,75664,76,0,177,10,73,0,8647,0,236,186,"Anderson",76978,71.448985424407,0.0867208672086721,98.7295071319078,12.9907246226195,94.832289745122,8.67208672086721
2021-07-24,8905,8,6558,4,2347,4,7366,4,68356,54,75722,58,0,177,7,80,1,8648,0,236,187,"Anderson",76978,75.3462028111928,0.0897435897435897,75.3462028111928,10.3925796980956,103.925796980956,8.97435897435897
2021-07-25,8910,5,6561,3,2349,2,7367,1,68378,22,75745,23,0,177,2,82,3,8651,0,236,187,"Anderson",76978,77.9443477357167,0.0869565217391304,29.8786666320247,6.49536231130973,106.523941905479,8.69565217391304
2021-07-26,8933,23,6570,9,2363,14,7375,8,68428,50,75803,58,2,179,13,95,8,8659,0,236,187,"Anderson",76978,101.327652056432,0.0924574209245742,75.3462028111928,29.8786666320247,123.411883914885,9.24574209245742
2021-07-27,8948,15,6575,5,2373,10,7380,5,68481,53,75861,58,0,179,12,107,3,8662,0,236,187,"Anderson",76978,101.327652056432,0.0756501182033097,75.3462028111928,19.4860869339292,139.000753462028,7.56501182033097
2021-07-28,8968,20,6583,8,2385,12,7392,12,68564,83,75956,95,0,179,14,121,6,8668,0,236,187,"Anderson",76978,118.215594065837,0.0911214953271028,123.411883914885,25.9814492452389,157.187767933695,9.11214953271028
2021-07-29,8980,12,6593,10,2387,2,7404,12,68613,49,76017,61,0,179,8,129,4,8672,0,236,187,"Anderson",76978,120.813738990361,0.10955710955711,79.2434201979787,15.5888695471433,167.580347631791,10.955710955711
2021-07-30,9011,31,6614,21,2397,10,7427,23,68662,49,76089,72,0,179,19,148,12,8684,1,237,187,"Anderson",76978,148.094260697862,0.152941176470588,93.53321728286,40.2712463301203,192.262724414768,15.2941176470588
2021-07-31,9024,13,6620,6,2404,7,7433,6,68704,42,76137,48,0,179,8,156,5,8689,0,237,187,"Anderson",76978,154.589623009171,0.16144578313253,62.3554781885734,16.8879420094053,202.655304112863,16.144578313253
2021-08-01,9043,19,6631,11,2412,8,7448,15,68743,39,76191,54,0,179,14,170,5,8694,0,237,187,"Anderson",76978,172.776637480839,0.181614349775785,70.149912962145,24.682376782977,220.842318584531,18.1614349775785
2021-08-02,9054,11,6636,5,2418,6,7453,5,68822,79,76275,84,0,179,3,173,8,8702,0,237,187,"Anderson",76978,157.187767933695,0.165254237288136,109.122086830003,14.2897970848814,224.739535971316,16.5254237288136
2021-08-03,9077,23,6647,11,2430,12,7466,13,68894,72,76360,85,0,179,14,187,9,8711,1,238,187,"Anderson",76978,167.580347631791,0.172344689378758,110.421159292265,29.8786666320247,242.926550442984,17.2344689378758
2021-08-04,9103,26,6669,22,2434,4,7487,21,68996,102,76483,123,0,179,24,211,2,8713,0,238,187,"Anderson",76978,175.374782405363,0.180265654648956,159.785912858219,33.7758840188106,274.10428953727,18.0265654648956
2021-08-05,9133,30,6685,16,2448,14,7503,16,69094,98,76597,114,0,179,13,224,17,8730,1,239,187,"Anderson",76978,198.758086726078,0.170689655172414,148.094260697862,38.9721738678584,290.992231546676,17.0689655172414
2021-08-06,9158,25,6701,16,2457,9,7521,18,69237,143,76758,161,0,179,17,241,8,8738,1,240,187,"Anderson",76978,190.963651952506,0.14050822122571,209.150666424173,32.4768115565486,313.076463405129,14.050822122571
2021-08-07,9171,13,6707,6,2464,7,7528,7,69312,75,76840,82,0,179,5,246,8,8746,0,240,187,"Anderson",76978,190.963651952506,0.135135135135135,106.523941905479,16.8879420094053,319.571825716438,13.5135135135135
2021-08-08,9185,14,6715,8,2470,6,7538,10,69364,52,76902,62,0,179,6,252,8,8754,0,240,187,"Anderson",76978,184.468289641196,0.126582278481013,80.5424926602406,18.1870144716672,327.36626049001,12.6582278481013
2021-08-09,9221,36,6734,19,2487,17,7557,19,69463,99,77020,118,0,179,16,268,20,8774,0,240,187,"Anderson",76978,216.945101197745,0.139597315436242,153.29055054691,46.76660864143,348.151419886201,13.9597315436242
2021-08-10,9260,39,6754,20,2506,19,7577,20,69563,100,77140,120,0,179,20,288,19,8793,2,242,187,"Anderson",76978,237.730260593936,0.142307692307692,155.888695471433,50.6638260282159,374.13286913144,14.2307692307692
2021-08-11,9314,54,6778,24,2536,30,7606,29,69695,132,77301,161,0,179,30,318,24,8817,1,243,187,"Anderson",76978,274.10428953727,0.145476772616137,209.150666424173,70.149912962145,413.105042999298,14.5476772616137
2021-08-12,9362,48,6814,36,2548,12,7643,37,69863,168,77506,205,0,179,27,345,21,8838,0,243,189,"Anderson",76978,297.487593857985,0.154015401540154,266.309854763699,62.3554781885734,448.179999480371,15.4015401540154
2021-08-13,9425,63,6849,35,2576,28,7681,38,69977,114,77658,152,2,181,45,390,16,8854,1,244,190,"Anderson",76978,346.852347423939,0.177777777777778,197.459014263816,81.8415651225025,506.638260282159,17.7777777777778
2021-08-14,9475,50,6884,35,2591,15,7713,32,70163,186,77876,218,0,181,29,419,21,8875,0,244,190,"Anderson",76978,394.918028527631,0.178571428571429,283.197796773104,64.9536231130973,544.311361687755,17.8571428571429
2021-08-15,9498,23,6897,13,2601,10,7728,15,70252,89,77980,104,0,181,16,435,7,8882,0,244,190,"Anderson",76978,406.609680687989,0.176252319109462,135.103536075242,29.8786666320247,565.096521083946,17.6252319109462
2021-08-16,9536,38,6921,24,2615,14,7752,24,70341,89,78093,113,0,181,11,446,27,8909,0,244,191,"Anderson",76978,409.207825612513,0.181733457595527,146.7951882356,49.3647535659539,579.386318168827,18.1733457595527
2021-08-17,9579,43,6942,21,2637,22,7776,24,70449,108,78225,132,1,182,14,460,28,8937,0,244,191,"Anderson",76978,414.40411546156,0.183410138248848,171.477565018577,55.8601158772636,597.573332640495,18.3410138248848
2021-08-18,9631,52,6969,27,2662,25,7807,31,70561,112,78368,143,0,182,15,475,37,8974,0,244,191,"Anderson",76978,411.805970537037,0.188378631677601,185.767362103458,67.5517680376211,617.059419574424,18.8378631677601
2021-08-19,9705,74,7002,33,2703,41,7842,35,70713,152,78555,187,0,182,48,523,26,9000,0,244,191,"Anderson",76978,445.581854555847,0.189704480457579,242.926550442984,96.1313622073839,679.414897762997,18.9704480457579
2021-08-20,9765,60,7044,42,2721,18,7886,44,70907,194,78793,238,0,182,27,550,33,9033,2,246,191,"Anderson",76978,441.684637169061,0.180616740088106,309.179246018343,77.9443477357167,714.48985424407,18.0616740088106
2021-08-21,9846,81,7077,33,2769,48,7920,34,71181,274,79101,308,0,182,60,610,21,9054,1,247,191,"Anderson",76978,481.955883499182,0.168979591836735,400.114318376679,105.224869443218,792.434201979786,16.8979591836735
2021-08-22,9869,23,7099,22,2770,1,7948,28,71337,156,79285,184,0,182,-2,608,25,9079,0,247,191,"Anderson",76978,481.955883499182,0.168582375478927,239.029333056198,29.8786666320247,789.836057055263,16.8582375478927
2021-08-23,9917,48,7113,14,2804,34,7965,17,71472,135,79437,152,0,182,-4,604,52,9131,2,249,192,"Anderson",76978,494.946608121801,0.158482142857143,197.459014263816,62.3554781885734,784.639767206215,15.8482142857143
2021-08-24,9961,44,7140,27,2821,17,7989,24,71558,86,79547,110,1,183,-23,581,66,9197,0,249,193,"Anderson",76978,496.245680584063,0.161119515885023,142.897970848814,57.1591883395256,754.76110057419,16.1119515885023
2021-08-25,10032,71,7166,26,2866,45,8011,22,71602,44,79613,66,0,183,15,596,56,9253,1,250,193,"Anderson",76978,520.92805736704,0.163855421686747,85.7387825092884,92.2341448205981,774.247187508119,16.3855421686747
2021-08-26,10100,68,7202,36,2898,32,8055,44,71774,172,79829,216,1,184,15,611,52,9305,2,252,194,"Anderson",76978,513.133622593468,0.167189952904239,280.59965184858,88.3369274338123,793.733274442048,16.7189952904239
2021-08-27,10175,75,7257,55,2918,20,8116,61,71951,177,80067,238,0,184,30,641,45,9350,0,252,194,"Anderson",76978,532.619709527397,0.180533751962323,309.179246018343,97.4304346696459,832.705448309907,18.0533751962323
2021-08-28,10234,59,7289,32,2945,27,8156,40,72155,204,80311,244,0,184,31,672,28,9378,0,252,194,"Anderson",76978,504.040115357635,0.19504132231405,316.973680791915,76.6452752734548,872.976694640027,19.504132231405
2021-08-29,10298,64,7338,49,2960,15,8210,54,72366,211,80576,265,0,184,40,712,24,9402,1,253,195,"Anderson",76978,557.302086310374,0.20294345468629,344.254202499415,83.1406375847645,924.939593130505,20.294345468629
2021-08-30,10369,71,7384,46,2985,25,8258,48,72592,226,80850,274,0,184,3,715,68,9470,3,256,195,"Anderson",76978,587.180752942399,0.207360226468507,355.945854659773,92.2341448205981,928.836810517291,20.7360226468507
2021-08-31,10503,134,7466,82,3037,52,8345,87,72849,257,81194,344,0,184,48,763,86,9556,0,256,196,"Anderson",76978,704.097274545974,0.216150576806314,446.880927018109,174.075709943101,991.192288705864,21.6150576806314
2021-09-01,10534,31,7488,22,3046,9,8369,24,72940,91,81309,115,0,184,-17,746,48,9604,0,256,197,"Anderson",76978,652.134376055496,0.211084905660377,149.393333160124,40.2712463301203,969.108056847411,21.1084905660377
2021-09-02,10593,59,7514,26,3079,33,8398,29,73041,101,81439,130,1,185,-9,737,67,9671,0,256,197,"Anderson",76978,640.442723895139,0.21304347826087,168.879420094053,76.6452752734548,957.416404687054,21.304347826087
2021-09-03,10622,29,7532,18,3090,11,8416,18,73114,73,81530,91,0,185,-38,699,67,9738,0,256,197,"Anderson",76978,580.685390631089,0.205058099794942,118.215594065837,37.6731014055964,908.0516511211,20.5058099794942
2021-09-04,10729,107,7602,70,3127,37,8492,76,73435,321,81927,397,0,185,77,776,30,9768,1,257,197,"Anderson",76978,643.040868819663,0.207920792079208,515.731767517992,139.000753462028,1008.08023071527,20.7920792079208
2021-09-05,10841,112,7676,74,3165,38,8568,76,73739,304,82307,380,0,185,76,852,36,9804,1,258,198,"Anderson",76978,705.396347008236,0.20681686886193,493.647535659539,145.496115773338,1106.80973784718,20.681686886193
2021-09-06,10956,115,7753,77,3203,38,8655,87,74146,407,82801,494,0,185,-5,847,120,9924,3,261,199,"Anderson",76978,762.555535347762,0.203485392106612,641.741796357401,149.393333160124,1100.31437553587,20.3485392106612
2021-09-07,10993,37,7773,20,3220,17,8673,18,74245,99,82918,117,0,185,-73,774,110,10034,0,261,199,"Anderson",76978,636.545506508353,0.190255220417633,151.991478084648,48.065681103692,1005.48208579075,19.0255220417633
2021-09-08,11034,41,7804,31,3230,10,8705,32,74352,107,83057,139,0,185,-57,717,98,10132,2,263,202,"Anderson",76978,649.536231130973,0.192219679633867,180.57107225441,53.2619709527397,931.434955441815,19.2219679633867
2021-09-09,11092,58,7825,21,3267,37,8723,18,74558,206,83281,224,0,185,-42,675,100,10232,1,264,205,"Anderson",76978,648.237158668711,0.176438653637351,290.992231546676,75.3462028111928,876.873912026813,17.6438653637351
2021-09-10,11244,152,7898,73,3346,79,8804,81,74851,293,83655,374,1,186,65,740,86,10318,2,266,206,"Anderson",76978,808.02307152693,0.182588235294118,485.853100885967,197.459014263816,961.313622073839,18.2588235294118
2021-09-11,11359,115,7960,62,3399,53,8873,69,75197,346,84070,415,0,186,82,822,33,10351,1,267,206,"Anderson",76978,818.415651225025,0.177788147456836,539.115071838707,149.393333160124,1067.83756397932,17.7788147456836
2021-09-12,11397,38,7992,32,3405,6,8908,35,75340,143,84248,178,0,186,5,827,33,10384,4,271,207,"Anderson",76978,722.284289017641,0.175167439464194,231.234898282626,49.3647535659539,1074.33292629063,17.5167439464194
2021-09-13,11485,88,8026,34,3459,54,8942,34,75470,130,84412,164,4,190,-48,779,132,10516,3,274,207,"Anderson",76978,687.209332536569,0.178150217256363,213.047883810959,114.318376679051,1011.97744810206,17.8150217256363
2021-09-14,11545,60,8056,30,3489,30,8977,35,75629,159,84606,194,1,191,-47,732,106,10622,1,275,207,"Anderson",76978,717.087999168594,0.180094786729858,252.020057678817,77.9443477357167,950.921042375744,18.0094786729858
2021-09-15,11585,40,8072,16,3513,24,8991,14,75690,61,84681,75,0,191,-42,690,82,10704,1,276,208,"Anderson",76978,715.788926706332,0.176108374384236,97.4304346696459,51.9628984904778,896.359998960742,17.6108374384236
2021-09-16,11671,86,8126,54,3545,32,9047,56,75912,222,84959,278,0,191,26,716,60,10764,1,277,208,"Anderson",76978,752.162955649666,0.193087008343266,361.142144508821,111.720231754527,930.135882979553,19.3087008343266
2021-09-17,11744,73,8168,42,3576,31,9084,37,76075,163,85159,200,0,191,15,731,58,10822,1,278,212,"Anderson",76978,649.536231130973,0.186170212765957,259.814492452389,94.832289745122,949.621969913482,18.6170212765957
2021-09-18,11796,52,8198,30,3598,22,9117,33,76229,154,85346,187,0,191,7,738,45,10867,1,279,213,"Anderson",76978,567.69466600847,0.191222570532915,242.926550442984,67.5517680376211,958.715477149315,19.1222570532915
2021-09-19,11819,23,8207,9,3612,14,9127,10,76297,68,85424,78,0,191,-18,720,41,10908,0,279,213,"Anderson",76978,548.208579074541,0.186224489795918,101.327652056432,29.8786666320247,935.3321728286,18.6224489795918
2021-09-20,11882,63,8242,35,3640,28,9163,36,76483,186,85646,222,0,191,25,745,38,10946,3,282,213,"Anderson",76978,515.731767517992,0.179092382495948,288.394086622152,81.8415651225025,967.808984385149,17.9092382495948
2021-09-21,11936,54,8268,26,3668,28,9187,24,76601,118,85788,142,0,191,-55,690,109,11055,1,283,214,"Anderson",76978,507.93733274442,0.177664974619289,184.468289641196,70.149912962145,896.359998960742,17.7664974619289
2021-09-22,11987,51,8302,34,3685,17,9227,40,76873,272,86100,312,0,191,-39,651,90,11145,0,283,216,"Anderson",76978,522.227129829302,0.16631430584919,405.310608225727,66.2526955753592,845.696172932526,16.631430584919
2021-09-23,12062,75,8350,48,3712,27,9278,51,77081,208,86359,259,2,193,-11,640,84,11229,1,284,216,"Anderson",76978,507.93733274442,0.165,336.459767725844,97.4304346696459,831.406375847645,16.5
2021-09-24,12103,41,8372,22,3731,19,9303,25,77221,140,86524,165,2,195,-18,622,57,11286,1,285,218,"Anderson",76978,466.367013952038,0.16043956043956,214.346956273221,53.2619709527397,808.02307152693,16.043956043956
2021-09-25,12113,10,8376,4,3737,6,9309,6,77316,95,86625,101,0,195,-35,587,45,11331,0,285,218,"Anderson",76978,411.805970537037,0.150117279124316,131.206318688456,12.9907246226195,762.555535347762,15.0117279124316
2021-09-26,12131,18,8391,15,3740,3,9327,18,77453,137,86780,155,1,196,-12,575,29,11360,0,285,218,"Anderson",76978,405.310608225727,0.147492625368732,201.356231650601,23.383304320715,746.966665800618,14.7492625368732
2021-09-27,12181,50,8412,21,3769,29,9349,22,77539,86,86888,108,1,197,-43,532,92,11452,1,286,219,"Anderson",76978,388.422666216322,0.14975845410628,140.29982592429,64.9536231130973,691.106549923355,14.975845410628
2021-09-28,12230,49,8436,24,3794,25,9376,27,77634,95,87010,122,0,197,-29,503,78,11530,1,287,219,"Anderson",76978,381.927303905012,0.154664484451718,158.486840395957,63.6545506508353,653.433448517758,15.4664484451718
2021-09-29,12266,36,8452,16,3814,20,9393,17,77825,191,87218,208,2,199,-38,465,72,11602,0,287,221,"Anderson",76978,362.441216971083,0.148479427549195,270.207072150485,46.76660864143,604.068694951804,14.8479427549195
2021-09-30,12328,62,8490,38,3838,24,9433,40,77997,172,87430,212,0,199,2,467,60,11662,1,288,222,"Anderson",76978,345.553274961677,0.144724556489262,275.403361999532,80.5424926602406,606.666839876328,14.4724556489262
2021-10-01,12379,51,8517,27,3862,24,9462,29,78148,151,87610,180,0,199,-10,457,61,11723,1,289,223,"Anderson",76978,358.543999584297,0.146408839779006,233.83304320715,66.2526955753592,593.676115253709,14.6408839779006
2021-10-02,12396,17,8524,7,3872,10,9468,6,78228,80,87696,86,1,200,-10,447,26,11749,0,289,225,"Anderson",76978,367.63750682013,0.148459383753501,111.720231754527,22.0842318584531,580.685390631089,14.8459383753501
2021-10-03,12409,13,8533,9,3876,4,9477,9,78326,98,87803,107,4,204,-10,437,19,11768,0,289,225,"Anderson",76978,361.142144508821,0.146627565982405,139.000753462028,16.8879420094053,567.69466600847,14.6627565982405
2021-10-04,12453,44,8556,23,3897,21,9503,26,78446,120,87949,146,1,205,-22,415,65,11833,0,289,227,"Anderson",76978,353.347709735249,0.145146088595664,189.664579490244,57.1591883395256,539.115071838707,14.5146088595664
2021-10-05,12506,53,8585,29,3921,24,9533,30,78574,128,88107,158,2,207,-15,400,66,11899,0,289,228,"Anderson",76978,358.543999584297,0.143117593436645,205.253449037387,68.8508404998831,519.628984904778,14.3117593436645
2021-10-06,12536,30,8608,23,3928,7,9559,26,78739,165,88298,191,1,208,-5,395,34,11933,0,289,229,"Anderson",76978,350.749564810725,0.153703703703704,248.122840292031,38.9721738678584,513.133622593468,15.3703703703704
2021-10-07,12568,32,8630,22,3938,10,9584,25,78878,139,88462,164,0,208,-10,385,42,11975,0,289,231,"Anderson",76978,311.777390942867,0.146317829457364,213.047883810959,41.5703187923822,500.142897970849,14.6317829457364
2021-10-08,12585,17,8635,5,3950,12,9594,10,79008,130,88602,140,1,209,-13,372,29,12004,1,290,231,"Anderson",76978,267.608927225961,0.133064516129032,181.870144716672,22.0842318584531,483.254955961443,13.3064516129032
2021-10-09,12600,15,8638,3,3962,12,9601,7,79070,62,88671,69,0,209,-12,360,27,12031,0,290,232,"Anderson",76978,265.010782301437,0.136410256410256,89.6359998960742,19.4860869339292,467.6660864143,13.6410256410256
2021-10-10,12610,10,8646,8,3964,2,9610,9,79157,87,88767,96,0,209,-15,345,25,12056,0,290,232,"Anderson",76978,261.113564914651,0.137966804979253,124.710956377147,12.9907246226195,448.179999480371,13.7966804979253
2021-10-11,12650,40,8660,14,3990,26,9623,13,79258,101,88881,114,0,209,-12,333,52,12108,1,291,232,"Anderson",76978,255.917275065603,0.128755364806867,148.094260697862,51.9628984904778,432.591129933228,12.8755364806867
2021-10-12,12685,35,8684,24,4001,11,9645,22,79357,99,89002,121,2,211,-9,324,42,12150,3,294,232,"Anderson",76978,232.533970744888,0.125139664804469,157.187767933695,45.4675361791681,420.89947777287,12.5139664804469
2021-10-13,12711,26,8698,14,4013,12,9663,18,79469,112,89132,130,0,211,-15,309,41,12191,1,295,235,"Anderson",76978,227.33768089584,0.124700239808153,168.879420094053,33.7758840188106,401.413390838941,12.4700239808153
2021-10-14,12730,19,8708,10,4022,9,9677,14,79572,103,89249,117,1,212,-21,288,39,12230,0,295,235,"Anderson",76978,210.449738886435,0.118170266836086,151.991478084648,24.682376782977,374.13286913144,11.8170266836086
2021-10-15,12753,23,8720,12,4033,11,9690,13,79694,122,89384,135,0,212,-15,273,38,12268,1,296,235,"Anderson",76978,218.244173660007,0.122762148337596,175.374782405363,29.8786666320247,354.646782197511,12.2762148337596
2021-10-16,12761,8,8725,5,4036,3,9697,7,79749,55,89446,62,0,212,-15,258,23,12291,1,297,235,"Anderson",76978,209.150666424173,0.123870967741935,80.5424926602406,10.3925796980956,335.160695263582,12.3870967741935
2021-10-17,12763,2,8726,1,4037,1,9698,1,79800,51,89498,52,0,212,-11,247,13,12304,0,297,235,"Anderson",76978,198.758086726078,0.120383036935705,67.5517680376211,2.59814492452389,320.8708981787,12.0383036935705
2021-10-18,12787,24,8736,10,4051,14,9709,11,79868,68,89577,79,1,213,-26,221,49,12353,1,298,235,"Anderson",76978,177.972927329886,0.123563218390805,102.626724518694,31.1777390942867,287.09501415989,12.3563218390805
2021-10-19,12816,29,8749,13,4067,16,9720,11,79979,111,89699,122,2,215,-17,204,44,12397,0,298,235,"Anderson",76978,170.178492556315,0.107604017216643,158.486840395957,37.6731014055964,265.010782301437,10.7604017216643
2021-10-20,12851,35,8775,26,4076,9,9749,29,80090,111,89839,140,0,215,12,216,23,12420,1,299,236,"Anderson",76978,181.870144716672,0.121640735502122,181.870144716672,45.4675361791681,280.59965184858,12.1640735502122
2021-10-21,12883,32,8793,18,4090,14,9767,18,80183,93,89950,111,0,215,11,227,21,12441,1,300,237,"Anderson",76978,198.758086726078,0.128388017118402,144.197043311076,41.5703187923822,294.889448933461,12.8388017118402
2021-10-22,12892,9,8799,6,4093,3,9775,8,80259,76,90034,84,0,215,-22,205,31,12472,1,301,237,"Anderson",76978,180.57107225441,0.130769230769231,109.122086830003,11.6916521603575,266.309854763699,13.0769230769231
2021-10-23,12909,17,8803,4,4106,13,9779,4,80312,53,90091,57,0,215,3,208,14,12486,1,302,237,"Anderson",76978,192.262724414768,0.127131782945736,74.0471303489309,22.0842318584531,270.207072150485,12.7131782945736
2021-10-24,12915,6,8808,5,4107,1,9786,7,80364,52,90150,59,0,215,-10,198,16,12502,0,302,238,"Anderson",76978,197.459014263816,0.134969325153374,76.6452752734548,7.79443477357167,257.216347527865,13.4969325153374
2021-10-25,12939,24,8821,13,4118,11,9800,14,80435,71,90235,85,1,216,-8,190,31,12533,2,304,238,"Anderson",76978,197.459014263816,0.138297872340426,110.421159292265,31.1777390942867,246.82376782977,13.8297872340426
2021-10-26,12951,12,8827,6,4124,6,9806,6,80499,64,90305,70,0,216,-9,181,21,12554,0,304,239,"Anderson",76978,175.374782405363,0.141914191419142,90.9350723583361,15.5888695471433,235.132115669412,14.1914191419142
2021-10-27,12969,18,8837,10,4132,8,9819,13,80620,121,90439,134,1,217,-4,177,21,12575,2,306,241,"Anderson",76978,153.29055054691,0.116666666666667,174.075709943101,23.383304320715,229.935825820364,11.6666666666667
2021-10-28,12991,22,8851,14,4140,8,9836,17,80702,82,90538,99,1,218,7,184,14,12589,0,306,242,"Anderson",76978,140.29982592429,0.11734693877551,128.608173763933,28.5795941697628,239.029333056198,11.734693877551
2021-10-29,13012,21,8862,11,4150,10,9848,12,80816,114,90664,126,0,218,7,191,14,12603,1,307,242,"Anderson",76978,155.888695471433,0.115873015873016,163.683130245005,27.2805217075008,248.122840292031,11.5873015873016
2021-10-30,13024,12,8866,4,4158,8,9853,5,80903,87,90756,92,0,218,0,191,12,12615,1,308,242,"Anderson",76978,149.393333160124,0.111278195488722,119.514666528099,15.5888695471433,248.122840292031,11.1278195488722
2021-10-31,13027,3,8868,2,4159,1,9856,3,80942,39,90798,42,0,218,-8,183,11,12626,0,308,242,"Anderson",76978,145.496115773338,0.108024691358025,54.5610434150017,3.89721738678583,237.730260593936,10.8024691358025
2021-11-01,13054,27,8873,5,4181,22,9860,4,81030,88,90890,92,1,219,-15,168,41,12667,1,309,243,"Anderson",76978,149.393333160124,0.0916030534351145,119.514666528099,35.0749564810725,218.244173660007,9.16030534351145
2021-11-02,13074,20,8878,5,4196,15,9865,5,81106,76,90971,81,2,221,-6,162,24,12691,1,310,243,"Anderson",76978,159.785912858219,0.0885885885885886,105.224869443218,25.9814492452389,210.449738886435,8.85885885885886
2021-11-03,13103,29,8895,17,4208,12,9882,17,81306,200,91188,217,1,222,10,172,18,12709,0,310,243,"Anderson",76978,174.075709943101,0.0841121495327103,281.898724310842,37.6731014055964,223.440463509055,8.41121495327103
2021-11-04,13125,22,8910,15,4215,7,9898,16,81439,133,91337,149,0,222,6,178,16,12725,0,310,243,"Anderson",76978,174.075709943101,0.0775969962453066,193.56179687703,28.5795941697628,231.234898282626,7.75969962453066
2021-11-05,13135,10,8913,3,4222,7,9899,1,81561,122,91460,123,0,222,3,181,7,12732,0,310,243,"Anderson",76978,159.785912858219,0.064070351758794,159.785912858219,12.9907246226195,235.132115669412,6.4070351758794
2021-11-06,13144,9,8917,4,4227,5,9904,5,81648,87,91552,92,0,222,-4,177,13,12745,3,313,244,"Anderson",76978,155.888695471433,0.064070351758794,119.514666528099,11.6916521603575,229.935825820364,6.4070351758794
2021-11-07,13150,6,8922,5,4228,1,9910,6,81696,48,91606,54,0,222,-4,173,10,12755,0,313,244,"Anderson",76978,159.785912858219,0.0668316831683168,70.149912962145,7.79443477357167,224.739535971316,6.68316831683168
2021-11-08,13175,25,8933,11,4242,14,9923,13,81784,88,91707,101,1,223,-1,172,25,12780,0,313,244,"Anderson",76978,157.187767933695,0.0771113831089351,131.206318688456,32.4768115565486,223.440463509055,7.71113831089351
2021-11-09,13198,23,8940,7,4258,16,9929,6,81942,158,91871,164,1,224,6,178,16,12796,0,313,245,"Anderson",76978,161.084985320481,0.0711111111111111,213.047883810959,29.8786666320247,231.234898282626,7.11111111111111
2021-11-10,13217,19,8952,12,4265,7,9942,13,82058,116,92000,129,0,224,4,182,15,12811,1,314,247,"Anderson",76978,148.094260697862,0.0738916256157636,167.580347631791,24.682376782977,236.431188131674,7.38916256157635
2021-11-11,13239,22,8969,17,4270,5,9959,17,82248,190,92207,207,0,224,1,183,21,12832,0,314,248,"Anderson",76978,148.094260697862,0.0701149425287356,268.907999688223,28.5795941697628,237.730260593936,7.01149425287356
2021-11-12,13252,13,8977,8,4275,5,9967,8,82381,133,92348,141,0,224,1,184,12,12844,1,315,248,"Anderson",76978,151.991478084648,0.0765765765765766,183.169217178934,16.8879420094053,239.029333056198,7.65765765765766
2021-11-13,13259,7,8981,4,4278,3,9971,4,82432,51,92403,55,3,227,-10,174,14,12858,1,316,249,"Anderson",76978,149.393333160124,0.0787309048178613,71.448985424407,9.09350723583361,226.038608433578,7.87309048178613
2021-11-14,13261,2,8983,2,4278,0,9974,3,82511,79,92485,82,0,227,-4,170,6,12864,0,316,249,"Anderson",76978,144.197043311076,0.0728100113765643,106.523941905479,2.59814492452389,220.842318584531,7.28100113765643
2021-11-15,13293,32,8997,14,4296,18,9988,14,82596,85,92584,99,0,227,5,175,27,12891,0,316,250,"Anderson",76978,153.29055054691,0.0741163055872292,128.608173763933,41.5703187923822,227.33768089584,7.41163055872292
2021-11-16,13318,25,9010,13,4308,12,10001,13,82722,126,92723,139,1,228,-2,173,26,12917,0,316,251,"Anderson",76978,155.888695471433,0.0845070422535211,180.57107225441,32.4768115565486,224.739535971316,8.45070422535211
2021-11-17,13335,17,9019,9,4316,8,10010,9,82836,114,92846,123,0,228,-2,171,19,12936,2,318,253,"Anderson",76978,153.29055054691,0.0803782505910166,159.785912858219,22.0842318584531,222.141391046793,8.03782505910165
2021-11-18,13358,23,9033,14,4325,9,10028,18,82971,135,92999,153,4,232,4,175,15,12951,0,318,255,"Anderson",76978,154.589623009171,0.0871212121212121,198.758086726078,29.8786666320247,227.33768089584,8.71212121212121
2021-11-19,13372,14,9039,6,4333,8,10035,7,83080,109,93115,116,1,233,2,177,11,12962,0,318,255,"Anderson",76978,155.888695471433,0.0886571056062582,150.692405622386,18.1870144716672,229.935825820364,8.86571056062582
2021-11-20,13381,9,9044,5,4337,4,10040,5,83173,93,93213,98,0,233,-9,168,18,12980,0,318,256,"Anderson",76978,158.486840395957,0.0851851851851852,127.309101301671,11.6916521603575,218.244173660007,8.51851851851852
2021-11-21,13393,12,9050,6,4343,6,10046,6,83213,40,93259,46,0,233,4,172,8,12988,0,318,256,"Anderson",76978,171.477565018577,0.0930232558139535,59.7573332640495,15.5888695471433,223.440463509055,9.30232558139535
2021-11-22,13421,28,9067,17,4354,11,10064,18,83335,122,93399,140,1,234,6,178,21,13009,0,318,256,"Anderson",76978,166.281275169529,0.0932515337423313,181.870144716672,36.3740289433345,231.234898282626,9.32515337423313
2021-11-23,13438,17,9073,6,4365,11,10069,5,83432,97,93501,102,0,234,-5,173,22,13031,1,319,257,"Anderson",76978,155.888695471433,0.0874035989717224,132.505391150718,22.0842318584531,224.739535971316,8.74035989717224
2021-11-24,13463,25,9089,16,4374,9,10081,12,83542,110,93623,122,1,235,6,179,18,13049,1,320,257,"Anderson",76978,166.281275169529,0.0913770913770914,158.486840395957,32.4768115565486,232.533970744888,9.13770913770914
2021-11-25,13468,5,9091,2,4377,3,10082,1,83587,45,93669,46,0,235,-12,167,17,13066,2,322,257,"Anderson",76978,142.897970848814,0.0805970149253731,59.7573332640495,6.49536231130973,216.945101197745,8.05970149253731
2021-11-26,13475,7,9097,6,4378,1,10091,9,83630,43,93721,52,0,235,-7,160,14,13080,0,322,258,"Anderson",76978,133.80446361298,0.0924092409240924,67.5517680376211,9.09350723583361,207.851593961911,9.24092409240924
2021-11-27,13480,5,9099,2,4381,3,10093,2,83666,36,93759,38,0,235,-8,152,13,13093,0,322,258,"Anderson",76978,128.608173763933,0.0970695970695971,49.3647535659539,6.49536231130973,197.459014263816,9.70695970695971
2021-11-28,13490,10,9100,1,4390,9,10094,1,83704,38,93798,39,0,235,-10,142,20,13113,0,322,258,"Anderson",76978,126.010028839409,0.0890538033395176,50.6638260282159,12.9907246226195,184.468289641196,8.90538033395176
2021-11-29,13517,27,9115,15,4402,12,10110,16,83783,79,93893,95,0,235,13,155,14,13127,0,322,258,"Anderson",76978,124.710956377147,0.0931174089068826,123.411883914885,35.0749564810725,201.356231650601,9.31174089068826
2021-11-30,13544,27,9129,14,4415,13,10122,12,83885,102,94007,114,0,235,14,169,13,13140,1,323,258,"Anderson",76978,137.701680999766,0.104743083003953,148.094260697862,35.0749564810725,219.543246122269,10.4743083003953
2021-12-01,13575,31,9147,18,4428,13,10140,18,83992,107,94132,125,0,235,15,184,16,13156,2,325,258,"Anderson",76978,145.496115773338,0.115913555992141,162.384057782743,40.2712463301203,239.029333056198,11.5913555992141
2021-12-02,13617,42,9171,24,4446,18,10166,26,84130,138,94296,164,0,235,23,207,19,13175,0,325,261,"Anderson",76978,193.56179687703,0.133971291866029,213.047883810959,54.5610434150017,268.907999688223,13.3971291866029
2021-12-03,13648,31,9189,18,4459,13,10185,19,84317,187,94502,206,1,236,18,225,12,13187,1,326,261,"Anderson",76978,224.739535971316,0.120358514724712,267.608927225961,40.2712463301203,292.291304008938,12.0358514724712
2021-12-04,13668,20,9202,13,4466,7,10199,14,84386,69,94585,83,0,236,8,233,12,13199,0,326,261,"Anderson",76978,244.225622905246,0.128329297820823,107.823014367741,25.9814492452389,302.683883707033,12.8329297820823
2021-12-05,13681,13,9204,2,4477,11,10201,2,84428,42,94629,44,0,236,0,233,13,13212,0,326,261,"Anderson",76978,248.122840292031,0.128760529482551,57.1591883395256,16.8879420094053,302.683883707033,12.8760529482551
2021-12-06,13716,35,9224,20,4492,15,10223,22,84530,102,94753,124,2,238,7,240,26,13238,1,327,261,"Anderson",76978,258.515419990127,0.131395348837209,161.084985320481,45.4675361791681,311.777390942867,13.1395348837209
2021-12-07,13745,29,9239,15,4506,14,10239,16,84625,95,94864,111,0,238,19,259,10,13248,0,327,261,"Anderson",76978,261.113564914651,0.136522753792299,144.197043311076,37.6731014055964,336.459767725844,13.6522753792299
2021-12-08,13772,27,9260,21,4512,6,10259,20,84746,121,95005,141,0,238,17,276,10,13258,1,328,261,"Anderson",76978,255.917275065603,0.13631156930126,183.169217178934,35.0749564810725,358.543999584297,13.631156930126
2021-12-09,13800,28,9276,16,4524,12,10276,17,84956,210,95232,227,0,238,13,289,15,13273,1,329,261,"Anderson",76978,237.730260593936,0.117521367521368,294.889448933461,36.3740289433345,375.431941593702,11.7521367521368
2021-12-10,13829,29,9293,17,4536,12,10293,17,85109,153,95402,170,0,238,9,298,20,13293,1,330,261,"Anderson",76978,235.132115669412,0.12,220.842318584531,37.6731014055964,387.12359375406,12
2021-12-11,13839,10,9298,5,4541,5,10299,6,85184,75,95483,81,0,238,-2,296,12,13305,0,330,262,"Anderson",76978,222.141391046793,0.111358574610245,105.224869443218,12.9907246226195,384.525448829536,11.1358574610245
2021-12-12,13859,20,9309,11,4550,9,10311,12,85254,70,95565,82,0,238,3,299,17,13322,0,330,262,"Anderson",76978,231.234898282626,0.117521367521368,106.523941905479,25.9814492452389,388.422666216322,11.7521367521368
2021-12-13,13889,30,9315,6,4574,24,10318,7,85329,75,95647,82,0,238,-9,290,39,13361,0,330,265,"Anderson",76978,224.739535971316,0.106263982102908,106.523941905479,38.9721738678584,376.731014055964,10.6263982102908
2021-12-14,13903,14,9320,5,4583,9,10324,6,85408,79,95732,85,3,241,-10,280,21,13382,1,331,265,"Anderson",76978,205.253449037387,0.097926267281106,110.421159292265,18.1870144716672,363.740289433345,9.7926267281106
2021-12-15,13929,26,9334,14,4595,12,10339,15,85537,129,95876,144,0,241,-1,279,27,13409,0,331,266,"Anderson",76978,203.954376575125,0.0918484500574053,187.06643456572,33.7758840188106,362.441216971083,9.18484500574053
2021-12-16,13957,28,9344,10,4613,18,10354,15,85632,95,95986,110,0,241,7,286,21,13430,2,333,266,"Anderson",76978,203.954376575125,0.103448275862069,142.897970848814,36.3740289433345,371.534724206916,10.3448275862069
2021-12-17,13988,31,9367,23,4621,8,10376,22,85787,155,96163,177,1,242,0,286,30,13460,0,333,267,"Anderson",76978,206.552521499649,0.109067017082786,229.935825820364,40.2712463301203,371.534724206916,10.9067017082786
2021-12-18,14000,12,9377,10,4623,2,10386,10,85869,82,96255,92,0,242,2,288,10,13470,0,333,267,"Anderson",76978,209.150666424173,0.112694300518135,119.514666528099,15.5888695471433,374.13286913144,11.2694300518135
2021-12-19,14014,14,9385,8,4629,6,10397,11,85949,80,96346,91,0,242,-8,280,22,13492,0,333,267,"Anderson",76978,201.356231650601,0.1101152368758,118.215594065837,18.1870144716672,363.740289433345,11.01152368758
2021-12-20,14038,24,9401,16,4637,8,10411,14,86035,86,96446,100,0,242,-4,276,28,13520,0,333,268,"Anderson",76978,193.56179687703,0.11639549436796,129.907246226195,31.1777390942867,358.543999584297,11.639549436796
2021-12-21,14066,28,9409,8,4657,20,10422,11,86116,81,96538,92,0,242,3,279,25,13545,0,333,268,"Anderson",76978,211.748811348697,0.121588089330025,119.514666528099,36.3740289433345,362.441216971083,12.1588089330025
2021-12-22,14114,48,9423,14,4691,34,10433,11,86231,115,96664,126,19,261,1,280,28,13573,0,333,269,"Anderson",76978,240.32840551846,0.119289340101523,163.683130245005,62.3554781885734,363.740289433345,11.9289340101523
2021-12-23,14141,27,9438,15,4703,12,10450,17,86331,100,96781,117,-1,260,7,287,21,13594,1,334,270,"Anderson",76978,239.029333056198,0.120754716981132,151.991478084648,35.0749564810725,372.833796669178,12.0754716981132
2021-12-24,14167,26,9453,15,4714,11,10467,17,86418,87,96885,104,0,260,6,293,20,13614,1,335,270,"Anderson",76978,232.533970744888,0.126038781163435,135.103536075242,33.7758840188106,380.62823144275,12.6038781163435
2021-12-25,14181,14,9460,7,4721,7,10477,10,86476,58,96953,68,1,261,2,295,11,13625,0,335,271,"Anderson",76978,235.132115669412,0.130372492836676,88.3369274338123,18.1870144716672,383.226376367274,13.0372492836676
2021-12-26,14192,11,9464,4,4728,7,10483,6,86520,44,97003,50,1,262,-7,288,17,13642,0,335,271,"Anderson",76978,231.234898282626,0.13089802130898,64.9536231130973,14.2897970848814,374.13286913144,13.089802130898
2021-12-27,14239,47,9483,19,4756,28,10503,20,86624,104,97127,124,1,263,13,301,33,13675,1,336,272,"Anderson",76978,261.113564914651,0.135095447870778,161.084985320481,61.0564057263114,391.020811140845,13.5095447870778
2021-12-28,14326,87,9519,36,4807,51,10539,36,86733,109,97272,145,0,263,70,371,17,13692,0,336,272,"Anderson",76978,337.758840188106,0.159400544959128,188.365507027982,113.019304216789,481.955883499182,15.9400544959128
2021-12-29,14407,81,9563,44,4844,37,10586,47,86891,158,97477,205,2,265,49,420,30,13722,0,336,272,"Anderson",76978,380.62823144275,0.188191881918819,266.309854763699,105.224869443218,545.610434150017,18.8191881918819
2021-12-30,14499,92,9605,42,4894,50,10624,38,87010,119,97634,157,1,266,70,490,21,13743,0,336,272,"Anderson",76978,465.067941489776,0.203985932004689,203.954376575125,119.514666528099,636.545506508353,20.3985932004689
2021-12-31,14565,66,9645,40,4920,26,10668,44,87127,117,97795,161,0,266,49,539,17,13760,0,336,273,"Anderson",76978,517.030839980254,0.220879120879121,209.150666424173,85.7387825092884,700.200057159188,22.0879120879121
2022-01-01,14626,61,9679,34,4947,27,10705,37,87226,99,97931,136,0,266,48,587,13,13773,0,336,273,"Anderson",76978,578.087245706566,0.233128834355828,176.673854867625,79.2434201979787,762.555535347762,23.3128834355828
2022-01-02,14658,32,9702,23,4956,9,10738,33,87342,116,98080,149,0,266,16,603,16,13789,0,336,274,"Anderson",76978,605.367767414066,0.236768802228412,193.56179687703,41.5703187923822,783.340694743953,23.6768802228412
2022-01-03,14719,61,9723,21,4996,40,10761,23,87418,76,98179,99,1,267,31,634,29,13818,0,336,274,"Anderson",76978,623.554781885734,0.245247148288973,128.608173763933,79.2434201979787,823.611941074073,24.5247148288973
2022-01-04,14846,127,9788,65,5058,62,10824,63,87592,174,98416,237,1,268,73,707,53,13871,0,336,275,"Anderson",76978,675.517680376211,0.249125874125874,307.880173556081,164.982202707267,918.444230819195,24.9125874125874
2022-01-05,15013,167,9874,86,5139,81,10910,86,87738,146,98648,232,1,269,132,839,34,13905,0,336,276,"Anderson",76978,787.237912130739,0.27668659265585,301.384811244771,216.945101197745,1089.92179583777,27.668659265585
2022-01-06,15155,142,9946,72,5209,70,10981,71,87858,120,98839,191,1,270,114,953,27,13932,1,337,276,"Anderson",76978,852.191535243836,0.296265560165975,248.122840292031,184.468289641196,1238.01605653563,29.6265560165975
2022-01-07,15294,139,10016,70,5278,69,11057,76,87998,140,99055,216,0,270,125,1078,14,13946,1,338,276,"Anderson",76978,947.023824988958,0.308730158730159,280.59965184858,180.57107225441,1400.40011431838,30.8730158730159
2022-01-08,15397,103,10058,42,5339,61,11102,45,88073,75,99175,120,0,270,97,1175,6,13952,1,339,278,"Anderson",76978,1001.58486840396,0.319131832797428,155.888695471433,133.80446361298,1526.41014315779,31.9131832797428
2022-01-09,15482,85,10113,55,5369,30,11164,62,88216,143,99380,205,0,270,53,1228,32,13984,0,339,278,"Anderson",76978,1070.43570890384,0.327692307692308,266.309854763699,110.421159292265,1595.26098365767,32.7692307692308
2022-01-10,15638,156,10188,75,5450,81,11243,79,88329,113,99572,192,1,271,68,1296,87,14071,3,342,280,"Anderson",76978,1193.84759281873,0.346015793251974,249.421912754293,202.655304112863,1683.59791109148,34.6015793251974
2022-01-11,15812,174,10297,109,5515,65,11345,102,88470,141,99815,243,0,271,54,1350,120,14191,0,342,281,"Anderson",76978,1254.90399854504,0.37240886347391,315.674608329653,226.038608433578,1753.74782405363,37.240886347391
2022-01-12,16066,254,10459,162,5607,92,11508,163,88661,191,100169,354,0,271,170,1520,84,14275,0,342,281,"Anderson",76978,1367.92330276183,0.393162393162393,459.871651640728,329.964405414534,1974.59014263816,39.3162393162393
2022-01-13,16297,231,10611,152,5686,79,11663,155,88893,232,100556,387,4,275,112,1632,115,14390,0,342,281,"Anderson",76978,1483.54075190314,0.397204426324985,502.741042895373,300.085738782509,2120.08625841149,39.7204426324985
2022-01-14,16555,258,10756,145,5799,113,11812,149,89049,156,100861,305,2,277,208,1840,48,14438,2,344,281,"Anderson",76978,1638.13037491231,0.418050941306755,396.217100989893,335.160695263582,2390.29333056198,41.8050941306755
2022-01-15,16651,96,10814,58,5837,38,11873,61,89167,118,101040,179,1,278,72,1912,23,14461,1,345,281,"Anderson",76978,1629.03686767648,0.413404825737265,232.533970744888,124.710956377147,2483.82654784484,41.3404825737265
2022-01-16,16803,152,10942,128,5861,24,12006,133,89364,197,101370,330,0,278,101,2013,51,14512,0,345,281,"Anderson",76978,1716.07472264803,0.423115577889447,428.693912546442,197.459014263816,2615.0328665333,42.3115577889447
2022-01-17,16984,181,11054,112,5930,69,12122,116,89483,119,101605,235,0,278,24,2037,157,14669,1,346,281,"Anderson",76978,1748.55153420458,0.432365961633055,305.282028631557,235.132115669412,2646.21060562758,43.2365961633055
2022-01-18,17199,215,11194,140,6005,75,12264,142,89620,137,101884,279,0,278,15,2052,200,14869,0,346,283,"Anderson",76978,1801.81350515732,0.44417593040116,362.441216971083,279.300579386318,2665.69669256151,44.417593040116
2022-01-19,17500,301,11404,210,6096,91,12478,214,89840,220,102318,434,3,281,116,2168,182,15051,0,346,283,"Anderson",76978,1862.86991088363,0.451372731503025,563.797448621684,391.020811140845,2816.3890981839,45.1372731503025
2022-01-20,17796,296,11645,241,6151,55,12738,260,89997,157,102735,417,1,282,181,2349,114,15165,1,347,284,"Anderson",76978,1947.30962093066,0.493345571363011,541.713216763231,384.525448829536,3051.52121385331,49.3345571363011
2022-01-21,18042,246,11860,215,6182,31,12963,225,90216,219,103179,444,2,284,112,2461,132,15297,0,347,286,"Anderson",76978,1931.72075138351,0.496548748921484,576.788173244304,319.571825716438,3197.01732962665,49.6548748921484
2022-01-22,18170,128,11952,92,6218,36,13067,104,90335,119,103402,223,0,284,38,2499,90,15387,0,347,286,"Anderson",76978,1973.29107017589,0.505503810330229,289.693159084414,166.281275169529,3246.3820831926,50.5503810330229
2022-01-23,18297,127,12062,110,6235,17,13180,113,90442,107,103622,220,0,284,66,2565,61,15448,0,347,287,"Anderson",76978,1940.81425861935,0.521314387211368,285.795941697628,164.982202707267,3332.12086570189,52.1314387211368
2022-01-24,18565,268,12212,150,6353,118,13341,161,90620,178,103961,339,1,285,-12,2553,279,15727,1,348,289,"Anderson",76978,2053.83356283614,0.517402376910017,440.385564706799,348.151419886201,3316.53199615475,51.7402376910017
2022-01-25,18748,183,12345,133,6403,50,13486,145,90740,120,104226,265,1,286,-87,2466,269,15996,0,348,290,"Anderson",76978,2012.26324404375,0.521776259607173,344.254202499415,237.730260593936,3203.51269193796,52.1776259607173
2022-01-26,18953,205,12499,154,6454,51,13652,166,90892,152,104544,318,1,287,-47,2419,251,16247,0,348,291,"Anderson",76978,1887.55228766661,0.527403414195867,413.105042999298,266.309854763699,3142.45628621164,52.7403414195867
2022-01-27,19174,221,12671,172,6503,49,13830,178,91112,220,104942,398,0,287,-68,2351,289,16536,0,348,291,"Anderson",76978,1790.12185299696,0.494789306751246,517.030839980254,287.09501415989,3054.11935877783,49.4789306751246
2022-01-28,19364,190,12809,138,6555,52,13974,144,91275,163,105249,307,1,288,-135,2216,324,16860,0,348,291,"Anderson",76978,1717.37379511029,0.488405797101449,398.815245914417,246.82376782977,2878.74457637247,48.8405797101449
2022-01-29,19507,143,12909,100,6598,43,14079,105,91392,117,105471,222,0,288,-7,2209,150,17010,0,348,293,"Anderson",76978,1736.85988204422,0.489125181246979,288.394086622152,185.767362103458,2869.65106913664,48.9125181246979
2022-01-30,19574,67,12954,45,6620,22,14129,50,91483,91,105612,141,0,288,-13,2196,80,17090,1,349,294,"Anderson",76978,1658.9155343085,0.476884422110553,183.169217178934,87.0378549715503,2852.76312712723,47.6884422110553
2022-01-31,19770,196,13075,121,6695,75,14270,141,91633,150,105903,291,4,292,-89,2107,281,17371,1,350,296,"Anderson",76978,1565.38231702564,0.478372811534501,378.030086518226,254.618202603341,2737.14567798592,47.83728115345
2022-02-01,19933,163,13170,95,6763,68,14377,107,91753,120,106130,227,1,293,-233,1874,395,17766,1,351,296,"Anderson",76978,1539.4008677804,0.46796218487395,294.889448933461,211.748811348697,2434.46179427889,46.796218487395
2022-02-02,20077,144,13257,87,6820,57,14470,93,91894,141,106364,234,1,294,-231,1643,374,18140,0,351,297,"Anderson",76978,1460.15744758243,0.449450549450549,303.982956169295,187.06643456572,2134.37605549638,44.9450549450549
2022-02-03,20709,632,13348,91,7361,541,14568,98,92102,208,106670,306,2,296,346,1989,284,18424,1,352,298,"Anderson",76978,1994.07622957209,0.427083333333333,397.516173452155,821.013796149549,2583.85512743901,42.7083333333333
2022-02-04,20855,146,13458,110,7397,36,14678,110,92226,124,106904,234,0,296,-69,1920,215,18639,0,352,300,"Anderson",76978,1936.91704123256,0.425377643504532,303.982956169295,189.664579490244,2494.21912754293,42.5377643504532
2022-02-05,20904,49,13484,26,7420,23,14708,30,92302,76,107010,106,0,296,-47,1873,96,18735,0,352,300,"Anderson",76978,1814.80422977994,0.408706952566602,137.701680999766,63.6545506508353,2433.16272181662,40.8706952566602
2022-02-06,20962,58,13526,42,7436,16,14756,48,92376,74,107132,122,0,296,-10,1863,68,18803,0,352,301,"Anderson",76978,1803.11257761958,0.4125,158.486840395957,75.3462028111928,2420.171997194,41.25
2022-02-07,21048,86,13579,53,7469,33,14814,58,92478,102,107292,160,3,299,-257,1606,340,19143,0,352,302,"Anderson",76978,1660.21460677077,0.391648668106551,207.851593961911,111.720231754527,2086.31037439268,39.1648668106551
2022-02-08,21134,86,13626,47,7508,39,14871,57,92575,97,107446,154,0,299,-195,1411,281,19424,0,352,302,"Anderson",76978,1560.1860271766,0.375379939209726,200.05715918834,111.720231754527,1832.9912442516,37.5379939209726
2022-02-09,21233,99,13690,64,7543,35,14945,74,92682,107,107627,181,0,299,-99,1312,198,19622,0,352,303,"Anderson",76978,1501.72776637481,0.376088677751386,235.132115669412,128.608173763933,1704.38307048767,37.6088677751386
2022-02-10,21321,88,13740,50,7581,38,14999,54,92808,126,107807,180,2,301,-95,1217,181,19803,0,352,303,"Anderson",76978,795.03234690431,0.379067722075638,233.83304320715,114.318376679051,1580.97118657279,37.9067722075638
2022-02-11,21380,59,13782,42,7598,17,15044,45,92910,102,107954,147,1,302,-123,1094,181,19984,0,352,303,"Anderson",76978,682.013042687521,0.348571428571429,190.963651952506,76.6452752734548,1421.18527371457,34.8571428571429
2022-02-12,21411,31,13805,23,7606,8,15069,25,92972,62,108041,87,0,302,-42,1052,73,20057,1,353,303,"Anderson",76978,658.629738366806,0.350145489815713,113.019304216789,40.2712463301203,1366.62423029957,35.0145489815713
2022-02-13,21432,21,13819,14,7613,7,15084,15,93019,47,108103,62,0,302,-34,1018,55,20112,0,353,303,"Anderson",76978,610.564057263114,0.337796086508754,80.5424926602406,27.2805217075008,1322.45576658266,33.7796086508754
2022-02-14,21483,51,13845,26,7638,25,15120,36,93076,57,108196,93,1,303,-140,878,190,20302,0,353,303,"Anderson",76978,565.096521083946,0.338495575221239,120.813738990361,66.2526955753592,1140.58562186599,33.8495575221239
2022-02-15,21539,56,13884,39,7655,17,15164,44,93153,77,108317,121,0,303,-100,778,156,20458,0,353,303,"Anderson",76978,526.124347216088,0.336394948335247,157.187767933695,72.7480578866689,1010.67837563979,33.6394948335247
2022-02-16,21601,62,13913,29,7688,33,15195,31,93245,92,108440,123,0,303,-75,703,137,20595,0,353,303,"Anderson",76978,478.058666112396,0.30750307503075,159.785912858219,80.5424926602406,913.247940970147,30.750307503075
2022-02-17,21649,48,13944,31,7705,17,15230,35,93339,94,108569,129,0,303,-68,635,116,20711,0,353,303,"Anderson",76978,426.095767621918,0.303149606299213,167.580347631791,62.3554781885734,824.911013536335,30.3149606299213
2022-02-18,21696,47,13973,29,7723,18,15265,35,93411,72,108676,107,0,303,-34,601,81,20792,0,353,303,"Anderson",76978,410.506898074775,0.306094182825485,139.000753462028,61.0564057263114,780.742549819429,30.6094182825485
2022-02-19,21724,28,13983,10,7741,18,15276,11,93466,55,108742,66,0,303,-5,596,33,20825,0,353,303,"Anderson",76978,406.609680687989,0.295292439372325,85.7387825092884,36.3740289433345,774.247187508119,29.5292439372325
2020-03-12,1,1,1,1,0,0,1,1,11,11,12,12,NA,NA,NA,NA,0,0,0,0,0,"East TN",2455501,NA,NA,0.488698640318208,0.040724886693184,NA,NA
2020-03-13,1,0,1,0,0,0,1,0,23,12,24,12,NA,NA,NA,NA,0,0,0,0,0,"East TN",2455501,NA,NA,0.488698640318208,0,NA,NA
2020-03-14,3,2,3,2,0,0,3,2,50,27,53,29,NA,NA,NA,NA,0,0,0,0,0,"East TN",2455501,NA,NA,1.18102171410234,0.081449773386368,NA,NA
2020-03-15,3,0,3,0,0,0,3,0,53,3,56,3,NA,NA,NA,NA,0,0,0,0,0,"East TN",2455501,NA,NA,0.122174660079552,0,NA,NA
2020-03-16,5,2,5,2,0,0,5,2,89,36,94,38,NA,NA,NA,NA,0,0,0,0,0,"East TN",2455501,NA,NA,1.54754569434099,0.081449773386368,NA,NA
2020-03-17,6,1,6,1,0,0,5,0,130,41,135,41,NA,NA,NA,NA,0,0,0,0,0,"East TN",2455501,NA,NA,1.66972035442054,0.040724886693184,NA,NA
2020-03-18,8,2,8,2,0,0,7,2,171,41,178,43,NA,NA,NA,NA,0,0,0,0,0,"East TN",2455501,0.325799093545472,0.0393258426966292,1.75117012780691,0.081449773386368,NA,3.93258426966292
2020-03-19,11,3,11,3,0,0,11,4,238,67,249,71,NA,NA,NA,NA,0,0,0,0,0,"East TN",2455501,0.40724886693184,0.0421940928270042,2.89146695521606,0.122174660079552,NA,4.21940928270042
2020-03-20,29,18,29,18,0,0,27,16,382,144,409,160,NA,NA,NA,NA,3,3,2,2,0,"East TN",2455501,1.14029682740915,0.0675324675324675,6.51598187090944,0.733047960477312,NA,6.75324675324675
2020-03-21,38,9,38,9,0,0,38,11,610,228,648,239,NA,NA,NA,NA,3,6,1,3,1,"East TN",2455501,1.42537103426144,0.0588235294117647,9.73324791967098,0.366523980238656,NA,5.88235294117647
2020-03-22,48,10,47,9,1,1,43,5,713,103,756,108,NA,NA,NA,NA,2,8,4,7,2,"East TN",2455501,1.83261990119328,0.0571428571428571,4.39828776286387,0.40724886693184,NA,5.71428571428571
2020-03-23,64,16,63,16,1,0,56,13,846,133,902,146,NA,NA,NA,NA,7,15,4,11,2,"East TN",2455501,2.40276831489786,0.0631188118811881,5.94583345720486,0.651598187090944,NA,6.31188118811881
2020-03-24,83,19,82,19,1,0,70,14,987,141,1057,155,NA,NA,NA,NA,7,22,5,16,2,"East TN",2455501,3.13581627537517,0.0704989154013015,6.31235743744352,0.773772847170496,NA,7.04989154013015
2020-03-25,116,33,115,33,1,0,99,29,1288,301,1387,330,NA,NA,NA,NA,15,37,12,28,3,"East TN",2455501,4.39828776286387,0.076095947063689,13.4392126087507,1.34392126087507,NA,7.6095947063689
2020-03-26,144,28,143,28,1,0,130,31,1774,486,1904,517,NA,NA,NA,NA,15,52,5,33,4,"East TN",2455501,5.41640993019347,0.0719033232628399,21.0547664203761,1.14029682740915,NA,7.19033232628399
2020-03-27,166,22,165,22,1,0,147,17,2171,397,2318,414,NA,NA,NA,NA,17,69,6,39,4,"East TN",2455501,5.57930947696621,0.0628601361969618,16.8601030909782,0.895947507250048,NA,6.28601361969618
2020-03-28,197,31,196,31,1,0,180,33,2608,437,2788,470,NA,NA,NA,NA,12,81,8,47,4,"East TN",2455501,6.47525698421626,0.0663551401869159,19.1406967457965,1.2624714874887,NA,6.63551401869159
2020-03-29,213,16,212,16,1,0,196,16,2795,187,2991,203,NA,NA,NA,NA,27,108,3,50,7,"East TN",2455501,6.71960630437536,0.0684563758389262,8.26715199871635,0.651598187090944,NA,6.84563758389262
2020-03-30,246,33,245,33,1,0,226,30,3345,550,3571,580,NA,NA,NA,NA,33,141,8,58,9,"East TN",2455501,7.41192937815949,0.0636942675159236,23.6204342820467,1.34392126087507,NA,6.36942675159236
2020-03-31,295,49,294,49,1,0,278,52,3645,300,3923,352,NA,NA,NA,NA,39,180,12,70,10,"East TN",2455501,8.63367597895501,0.0725750174459177,14.3351601160008,1.99551944796602,NA,7.25750174459177
2020-04-01,346,51,345,51,1,0,336,58,4243,598,4579,656,NA,NA,NA,NA,36,216,9,79,12,"East TN",2455501,9.36672393943232,0.0742481203007519,26.7155256707287,2.07696922135238,NA,7.42481203007519
2020-04-02,391,45,390,45,1,0,383,47,4839,596,5222,643,2,7,NA,134,34,250,5,84,14,"East TN",2455501,10.0590470132164,0.0762507534659433,26.1861021437173,1.83261990119328,5.45713481688666,7.62507534659433
2020-04-03,412,21,411,21,1,0,401,18,5124,285,5525,303,1,8,-13,121,33,283,2,86,17,"East TN",2455501,10.0183221265233,0.0792017461802308,12.3396406680348,0.855222620556864,4.92771128987526,7.92017461802307
2020-04-04,447,35,446,35,1,0,431,30,5716,592,6147,622,3,11,0,121,32,315,5,91,19,"East TN",2455501,10.181221673296,0.0747246204227449,25.3308795231604,1.42537103426144,4.92771128987526,7.47246204227449
2020-04-05,473,26,472,26,1,0,464,33,6093,377,6557,410,-1,10,1,122,26,341,2,93,20,"East TN",2455501,10.5884705402278,0.0751542344363432,16.6972035442054,1.05884705402278,4.96843617656845,7.51542344363432
2020-04-06,514,41,513,41,1,0,514,50,6626,533,7140,583,8,18,0,122,33,374,5,98,20,"East TN",2455501,10.9142696337733,0.080694872513309,23.7426089421263,1.66972035442054,4.96843617656845,8.06948725133091
2020-04-07,570,56,569,56,1,0,592,78,7755,1129,8347,1207,0,18,19,141,37,411,7,105,21,"East TN",2455501,11.1993438406256,0.0709764918625678,49.1549382386731,2.2805936548183,5.74220902373894,7.09764918625678
2020-04-08,607,37,606,37,1,0,632,40,8162,407,8794,447,1,19,4,145,32,443,8,113,25,"East TN",2455501,10.629195426921,0.0702253855278766,18.2040243518532,1.50682080764781,5.90510857051168,7.02253855278766
2020-04-09,633,26,632,26,1,0,662,30,8613,451,9275,481,3,22,3,148,20,463,2,115,25,"East TN",2455501,9.85542257975053,0.0688378978534419,19.5886704994215,1.05884705402278,6.02728323059123,6.88378978534419
2020-04-10,655,22,654,22,1,0,682,20,8941,328,9623,348,0,22,-7,141,29,492,4,119,25,"East TN",2455501,9.89614746644371,0.0685700341630063,14.172260569228,0.895947507250048,5.74220902373894,6.85700341630063
2020-04-11,679,24,678,24,1,0,728,46,10022,1081,10750,1127,2,24,-5,136,27,519,5,124,27,"East TN",2455501,9.44817371281869,0.0645231370845101,45.8969473032184,0.977397280636416,5.53858459027302,6.45231370845101
2020-04-12,709,30,708,30,1,0,761,33,11472,1450,12233,1483,0,24,18,154,12,531,1,125,28,"East TN",2455501,9.61107325959142,0.0523255813953488,60.3950069659919,1.22174660079552,6.27163255075034,5.23255813953488
2020-04-13,738,29,737,29,1,0,803,42,12435,963,13238,1005,0,24,-2,152,31,562,7,132,32,"East TN",2455501,9.12237461927321,0.0473925877336832,40.9285111266499,1.18102171410234,6.19018277736397,4.73925877336832
2020-04-14,749,11,748,11,1,0,823,20,12720,285,13543,305,4,28,-18,134,25,587,1,133,33,"East TN",2455501,7.28975471807994,0.0444572748267898,12.4210904414211,0.447973753625024,5.45713481688666,4.44572748267898
2020-04-15,773,24,772,24,1,0,850,27,13132,412,13982,439,2,30,-6,128,28,615,4,137,34,"East TN",2455501,6.76033119106854,0.0420200462606014,17.8782252583078,0.977397280636416,5.21278549672755,4.20200462606014
2020-04-16,801,28,800,28,1,0,886,36,13809,677,14695,713,1,31,1,129,26,641,6,143,34,"East TN",2455501,6.84178096445491,0.0413284132841328,29.0368442122402,1.14029682740915,5.25351038342074,4.13284132841328
2020-04-17,823,22,821,21,2,1,916,30,14138,329,15054,359,0,31,-1,128,23,664,4,147,35,"East TN",2455501,6.84178096445491,0.0430859878475419,14.6202343228531,0.895947507250048,5.21278549672755,4.30859878475419
2020-04-18,835,12,833,12,2,0,935,19,14919,781,15854,800,0,31,-11,117,23,687,0,147,35,"East TN",2455501,6.3530823241367,0.0405564263322884,32.5799093545472,0.488698640318208,4.76481174310253,4.05564263322884
2020-04-19,914,79,912,79,2,0,1016,81,15605,686,16621,767,1,32,66,183,12,699,1,148,35,"East TN",2455501,8.34860177210272,0.0581130355515041,31.2359880936721,3.21726604876154,7.45265426485267,5.81130355515041
2020-04-20,939,25,931,19,8,6,1033,17,16568,963,17601,980,0,32,10,193,15,714,2,150,35,"East TN",2455501,8.18570222532998,0.0527160210864084,39.9103889593203,1.0181221673296,7.85990313178451,5.27160210864084
2020-04-21,1045,106,1037,106,8,0,1154,121,19274,2706,20428,2827,0,32,83,276,23,737,6,156,36,"East TN",2455501,12.0545664611825,0.0480755265068991,115.129254681631,4.3168379894775,11.2400687273188,4.80755265068991
2020-04-22,1247,202,1237,200,10,2,1354,200,21826,2552,23180,2752,2,34,177,453,23,760,2,158,36,"East TN",2455501,19.3035962925692,0.0547945205479452,112.074888179642,8.22642711202317,18.4483736720124,5.47945205479452
2020-04-23,1492,245,1480,243,12,2,1601,247,22933,1107,24534,1354,0,34,236,689,9,769,3,161,36,"East TN",2455501,28.1408967049901,0.0726699867872751,55.1414965825711,9.97759723983008,28.0594469316038,7.26699867872751
2020-04-24,1540,48,1527,47,13,1,1655,54,25622,2689,27277,2743,0,34,22,711,26,795,4,165,36,"East TN",2455501,29.1997437590129,0.0604597889225231,111.708364199404,1.95479456127283,28.9553944388538,6.04597889225231
2020-04-25,1563,23,1546,19,17,4,1674,19,26397,775,28071,794,0,34,10,721,13,808,3,168,37,"East TN",2455501,29.6477175126379,0.0604894818695261,32.3355600343881,0.936672393943232,29.3626433057857,6.04894818695261
2020-04-26,1583,20,1565,19,18,1,1700,26,27514,1117,29214,1143,0,34,-1,720,21,829,0,168,37,"East TN",2455501,27.2449491977401,0.0543158897800365,46.5485454903093,0.81449773386368,29.3219184190925,5.43158897800365
2020-04-27,1652,69,1633,68,19,1,1772,72,28429,915,30201,987,0,34,50,770,19,848,8,176,38,"East TN",2455501,29.0368442122402,0.0586507936507936,40.1954631661726,2.8100171818297,31.3581627537517,5.86507936507936
2020-04-28,1689,37,1667,34,22,3,1812,40,30603,2174,32415,2214,2,36,19,789,16,864,1,177,39,"East TN",2455501,26.2268270304105,0.0548928005339117,90.1648991387094,1.50682080764781,32.1319356009222,5.48928005339117
2020-04-29,1752,63,1729,62,23,1,1878,66,33351,2748,35229,2814,1,37,39,828,23,887,6,183,40,"East TN",2455501,20.5660677800579,0.0434890862312225,114.59983115462,2.56566786167059,33.7202061819563,4.34890862312225
2020-04-30,1774,22,1750,21,24,1,1900,22,33900,549,35800,571,0,37,-1,827,23,910,1,184,40,"East TN",2455501,11.4844180474779,0.0265400319545535,23.2539103018081,0.895947507250048,33.6794812952632,2.65400319545535
2020-05-01,1814,40,1786,36,28,4,1929,29,35562,1662,37491,1691,0,37,-16,811,56,966,0,184,40,"East TN",2455501,11.1586189539324,0.0268259252007049,68.8657833981741,1.62899546772736,33.0278831081722,2.68259252007049
2020-05-02,1835,21,1807,21,28,0,1966,37,37439,1877,39405,1914,0,37,-107,704,128,1094,3,187,40,"East TN",2455501,11.077169180546,0.0257631904005647,77.9474331307542,0.855222620556864,28.6703202320015,2.57631904005647
2020-05-03,1873,38,1840,33,33,5,2003,37,39559,2120,41562,2157,0,37,-20,684,58,1152,3,190,42,"East TN",2455501,11.8102171410234,0.0245383867832847,87.8435805971979,1.54754569434099,27.8558224981379,2.45383867832847
2020-05-04,1920,47,1884,44,36,3,2060,57,41505,1946,43565,2003,0,37,-312,372,359,1511,1,191,42,"East TN",2455501,10.9142696337733,0.0215504340017959,81.5719480464475,1.91406967457965,15.1496578498644,2.15504340017959
2020-05-05,1948,28,1911,27,37,1,2092,32,44415,2910,46507,2942,2,39,-45,327,71,1582,1,192,42,"East TN",2455501,10.5477456535347,0.0198694294635254,119.812616651347,1.14029682740915,13.3170379486712,1.98694294635254
2020-05-06,1985,37,1948,37,37,0,2135,43,45459,1044,47594,1087,1,40,7,334,29,1611,0,192,42,"East TN",2455501,9.48889859951187,0.0207844723008492,44.267951835491,1.50682080764781,13.6021121555235,2.07844723008492
2020-05-07,2028,43,1989,41,39,2,2183,48,46850,1391,49033,1439,0,40,18,352,25,1636,4,196,46,"East TN",2455501,10.3441212200687,0.0213859291166024,58.6031119514918,1.75117012780691,14.3351601160008,2.13859291166024
2020-05-08,2047,19,2008,19,39,0,2219,36,48520,1670,50739,1706,1,41,-15,337,33,1669,0,196,47,"East TN",2455501,9.48889859951187,0.0218900966183575,69.4766566985719,0.773772847170496,13.724286815603,2.18900966183575
2020-05-09,2063,16,2022,14,41,2,2237,18,51338,2818,53575,2836,0,41,-32,305,48,1717,1,197,48,"East TN",2455501,9.28527416604595,0.0191249117854622,115.49577866187,0.651598187090944,12.4210904414211,1.91249117854622
2020-05-10,2079,16,2037,15,42,1,2256,19,53902,2564,56158,2583,1,42,-27,278,42,1759,3,200,48,"East TN",2455501,8.3893266587959,0.0173335160317895,105.192382328494,0.651598187090944,11.3215185007052,1.73335160317895
2020-05-11,2140,61,2097,60,43,1,2307,51,55473,1571,57780,1622,3,45,13,291,45,1804,5,205,50,"East TN",2455501,8.95947507250048,0.0173760112557158,66.0557662163444,2.48421808828422,11.8509420277165,1.73760112557158
2020-05-12,2193,53,2150,53,43,0,2373,66,59028,3555,61401,3621,3,48,30,321,20,1824,3,208,50,"East TN",2455501,9.97759723983008,0.0188666577145159,147.464814716019,2.15841899473875,13.0726886285121,1.88666577145159
2020-05-13,2247,54,2201,51,46,3,2425,52,60653,1625,63078,1677,0,48,18,339,36,1860,7,215,52,"East TN",2455501,10.6699203136142,0.0187290105915784,68.2956349844696,2.19914388143194,13.8057365889894,1.87290105915784
2020-05-14,2278,31,2232,31,46,0,2470,45,62361,1708,64831,1753,1,49,-2,337,32,1892,2,217,53,"East TN",2455501,10.181221673296,0.018166856564122,71.3907263731516,1.2624714874887,13.724286815603,1.8166856564122
2020-05-15,2306,28,2260,28,46,0,2507,37,64680,2319,67187,2356,1,50,-21,316,48,1940,4,221,53,"East TN",2455501,10.5477456535347,0.0175097276264591,95.9478330491415,1.14029682740915,12.8690641950461,1.75097276264591
2020-05-16,2316,10,2270,10,46,0,2525,18,67449,2769,69974,2787,1,51,-28,288,37,1977,1,222,53,"East TN",2455501,10.3033963333756,0.0175620464662479,113.500259213904,0.40724886693184,11.728767367637,1.75620464662479
2020-05-17,2396,80,2350,80,46,0,2604,79,69676,2227,72280,2306,0,51,59,347,21,1998,4,226,55,"East TN",2455501,12.9097890817393,0.0215854112393003,93.9115887144823,3.25799093545472,14.1315356825348,2.15854112393003
2020-05-18,2445,49,2398,48,47,1,2665,61,71554,1878,74219,1939,0,51,8,355,41,2039,3,229,55,"East TN",2455501,12.4210904414211,0.0217774803820184,78.9655552980838,1.99551944796602,14.4573347760803,2.17774803820184
2020-05-19,2486,41,2438,40,48,1,2705,40,72678,1124,75383,1164,1,52,-6,349,46,2085,3,232,55,"East TN",2455501,11.9323918011029,0.0237448147618366,47.4037681108662,1.66972035442054,14.2129854559212,2.37448147618366
2020-05-20,2528,42,2480,42,48,0,2750,45,74418,1740,77168,1785,0,52,13,362,29,2114,3,235,55,"East TN",2455501,11.4436931607847,0.0230660042583392,72.6939227473334,1.71044524111373,14.7424089829326,2.30660042583392
2020-05-21,2769,241,2720,240,49,1,2988,238,75880,1462,78868,1700,0,52,211,573,30,2144,4,239,56,"East TN",2455501,19.9959193663533,0.0369024720381848,69.2323073784128,9.81469769305734,23.3353600751944,3.69024720381848
2020-05-22,2860,91,2808,88,52,3,3066,78,77404,1524,80470,1602,0,52,40,613,51,2195,7,246,56,"East TN",2455501,22.5615872280239,0.0420838665964014,65.2412684824808,3.70596468907974,24.9643555429218,4.20838665964014
2020-05-23,2926,66,2870,62,56,4,3157,91,79619,2215,82776,2306,2,54,36,649,28,2223,7,253,57,"East TN",2455501,24.8421808828422,0.049367286361506,93.9115887144823,2.68784252175014,26.4304514638764,4.9367286361506
2020-05-24,2978,52,2922,52,56,0,3227,70,81739,2120,84966,2190,0,54,26,675,26,2249,0,253,58,"East TN",2455501,23.7018840554331,0.0491092542960744,89.187501858073,2.11769410804557,27.4892985178992,4.91092542960744
2020-05-25,3062,84,3005,83,57,1,3321,94,84389,2650,87710,2744,1,55,42,717,41,2290,2,255,58,"East TN",2455501,25.1272550896945,0.0486250092654362,111.749089086097,3.42089048222746,29.1997437590129,4.86250092654362
2020-05-26,3123,61,3057,52,66,9,3377,56,86775,2386,90152,2442,1,56,15,732,45,2335,3,258,58,"East TN",2455501,25.9417528235582,0.0455007109486086,99.4501733047553,2.48421808828422,29.8106170594107,4.55007109486086
2020-05-27,3199,76,3130,73,69,3,3444,67,88642,1867,92086,1934,0,56,40,772,36,2371,9,267,58,"East TN",2455501,27.3263989711265,0.0465209813647942,78.7619308646179,3.09509138868198,31.439612527138,4.65209813647942
2020-05-28,3273,74,3204,74,69,0,3511,67,90041,1399,93552,1466,0,56,14,786,60,2431,1,268,58,"East TN",2455501,20.5253428933647,0.0356169980931626,59.7026838922077,3.01364161529562,32.0097609408426,3.56169980931626
2020-05-29,3348,75,3278,74,70,1,3594,83,91319,1278,94913,1361,0,56,10,796,65,2496,4,272,58,"East TN",2455501,19.8737447062738,0.0365575019040366,55.4265707894234,3.0543665019888,32.4170098077745,3.65575019040366
2020-05-30,3421,73,3350,72,71,1,3675,81,93564,2245,97239,2326,0,56,-1,795,74,2570,5,277,59,"East TN",2455501,20.1588189131261,0.0358155292816152,94.726086448346,2.97291672860243,32.3762849210813,3.58155292816152
2020-05-31,3533,112,3460,110,73,2,3769,94,96347,2783,100116,2877,0,56,71,866,41,2611,1,278,60,"East TN",2455501,22.6023121147171,0.0357755775577558,117.16549901629,4.56118730963661,35.2677518762973,3.57755775577558
2020-06-01,3629,96,3553,93,76,3,3903,134,100179,3832,104082,3966,0,56,-169,697,265,2876,5,283,60,"East TN",2455501,23.0910107550353,0.0355484974346445,161.514900625168,3.90958912254566,28.3852460251492,3.55484974346445
2020-06-02,3736,107,3658,105,78,2,4018,115,104238,4059,108256,4174,1,57,16,713,90,2966,3,286,64,"East TN",2455501,24.9643555429218,0.0354065399911622,169.98567705735,4.35756287617069,29.0368442122402,3.54065399911622
2020-06-03,3786,50,3708,50,78,0,4068,50,106168,1930,110236,1980,0,57,-65,648,115,3081,4,290,65,"East TN",2455501,23.905508488899,0.0343801652892562,80.6352756525043,2.0362443346592,26.3897265771832,3.43801652892562
2020-06-04,3837,51,3757,49,80,2,4129,61,107716,1548,111845,1609,6,63,-37,611,82,3163,5,295,66,"East TN",2455501,22.9688360949558,0.0337834144208167,65.526342689333,2.07696922135238,24.8829057695354,3.37834144208167
2020-06-05,3936,99,3852,95,84,4,4211,82,109872,2156,114083,2238,1,64,-43,568,141,3304,4,299,67,"East TN",2455501,23.9462333755922,0.0321857068335942,91.1422964193458,4.03176378262522,23.1317356417285,3.21857068335942
2020-06-06,3989,53,3902,50,87,3,4286,75,112977,3105,117263,3180,1,65,-14,554,66,3370,4,303,67,"East TN",2455501,23.1317356417285,0.0305133839392729,129.505139684325,2.15841899473875,22.5615872280239,3.05133839392729
2020-06-07,4047,58,3958,56,89,2,4367,81,116937,3960,121304,4041,0,65,-8,546,66,3436,6,309,68,"East TN",2455501,20.9325917602966,0.0282235227487257,164.569267127157,2.36204342820467,22.2357881344785,2.82235227487257
2020-06-08,4207,160,4114,156,93,4,4524,157,119888,2951,124412,3108,0,65,75,621,85,3521,6,315,68,"East TN",2455501,23.5389845086604,0.0305459911460895,126.572947842416,6.51598187090944,25.2901546364673,3.05459911460895
2020-06-09,4315,108,4221,107,94,1,4642,118,122215,2327,126857,2445,1,66,-35,586,142,3663,7,322,69,"East TN",2455501,23.5797093953535,0.0335465835170152,99.5723479648349,4.39828776286387,23.8647836022058,3.35465835170152
2020-06-10,4392,77,4295,74,97,3,4716,74,125053,2838,129769,2912,0,66,-63,523,140,3803,6,328,69,"East TN",2455501,24.6792813360695,0.0331746275533712,118.590870050552,3.13581627537517,21.2991157405352,3.31746275533712
2020-06-11,4656,264,4557,262,99,2,4996,280,127344,2291,132340,2571,1,67,149,672,114,3917,8,336,69,"East TN",2455501,33.3536822017177,0.0423030007318858,104.703683688176,10.7513700870006,27.3671238578196,4.23030007318858
2020-06-12,4827,171,4727,170,100,1,5168,172,129972,2628,135140,2800,2,69,24,696,145,4062,3,339,70,"East TN",2455501,36.2858740436269,0.0454480695255734,114.029682740915,6.96395562453446,28.3445211384561,4.54480695255734
2020-06-13,4975,148,4871,144,104,4,5336,168,132163,2191,137499,2359,0,69,50,746,98,4160,4,343,71,"East TN",2455501,40.1547382794794,0.0518877248468077,96.0700077092211,6.02728323059123,30.3807654731153,5.18877248468077
2020-06-14,5091,116,4986,115,105,1,5471,135,136033,3870,141504,4005,0,69,30,776,86,4246,4,347,72,"East TN",2455501,42.5167817076841,0.0546534653465347,163.103171206202,4.72408685640934,31.6025120739108,5.46534653465347
2020-06-15,5274,183,5158,172,116,11,5650,179,139207,3174,144857,3353,0,69,59,835,124,4370,9,356,77,"East TN",2455501,43.4534541016273,0.0550745903643923,136.550545082246,7.45265426485267,34.0052803888086,5.50745903643923
2020-06-16,5428,154,5310,152,118,2,5808,158,141007,1800,146815,1958,3,72,64,899,87,4457,4,360,80,"East TN",2455501,45.3267988895138,0.0584226876440525,79.7393281452543,6.27163255075034,36.6116731371724,5.84226876440525
2020-06-17,5561,133,5440,130,121,3,5930,122,142447,1440,148377,1562,3,75,-6,893,136,4593,6,366,82,"East TN",2455501,47.6073925443321,0.0652407566638005,63.6122730147534,5.41640993019347,36.3673238170133,6.52407566638005
2020-06-18,5739,178,5617,177,122,1,6136,206,146038,3591,152174,3797,1,76,42,935,135,4728,12,378,82,"East TN",2455501,44.1050522887183,0.0574770595946355,154.63239477402,7.24902983138675,38.077769058127,5.74770595946355
2020-06-19,5874,135,5748,131,126,4,6254,118,147502,1464,153756,1582,4,80,22,957,109,4837,13,391,83,"East TN",2455501,42.6389563677636,0.0583369144821659,64.4267707486171,5.49785970357984,38.9737165653771,5.83369144821659
2020-06-20,5940,66,5813,65,127,1,6349,95,149677,2175,156026,2270,0,80,-44,913,110,4947,7,398,83,"East TN",2455501,39.2995156589226,0.0546769579532574,92.4454927935277,2.68784252175014,37.181821550877,5.46769579532574
2020-06-21,6028,88,5900,87,128,1,6468,119,153027,3350,159495,3469,1,81,0,913,87,5034,3,401,86,"East TN",2455501,38.1592188315134,0.0554165971874826,141.274631938655,3.58379002900019,37.181821550877,5.54165971874826
2020-06-22,6224,196,6089,189,135,7,6666,198,156438,3411,163104,3609,1,82,43,956,152,5186,7,408,87,"East TN",2455501,38.6886423585248,0.0556803858168466,146.976116075701,7.98207779186406,38.9329916786839,5.56803858168466
2020-06-23,6414,190,6273,184,141,6,6850,184,158243,1805,165093,1989,4,86,57,1013,129,5315,15,423,87,"East TN",2455501,40.1547382794794,0.0570084254294781,81.001799632743,7.73772847170496,41.2543102201954,5.70084254294781
2020-06-24,6592,178,6449,176,143,2,7033,183,159874,1631,166907,1814,2,88,37,1050,139,5454,9,432,87,"East TN",2455501,41.9873581806727,0.0595250944414463,73.8749444614358,7.24902983138675,42.7611310278432,5.95250944414463
2020-06-25,6761,169,6609,160,152,9,7217,184,163048,3174,170265,3358,0,88,22,1072,147,5601,8,440,87,"East TN",2455501,41.620834200434,0.0597534685755348,136.754169515712,6.8825058511481,43.6570785350932,5.97534685755348
2020-06-26,6975,214,6813,204,162,10,7389,172,164637,1589,172026,1761,1,89,67,1139,146,5747,16,456,87,"East TN",2455501,44.8381002491956,0.0621237000547345,71.716525466697,8.71512575234138,46.3856459435366,6.21237000547345
2020-06-27,7049,74,6882,69,167,5,7435,46,164846,209,172281,255,-1,88,-52,1087,127,5874,5,461,89,"East TN",2455501,45.1638993427411,0.066810212242387,10.3848461067619,3.01364161529562,44.267951835491,6.6810212242387
2020-06-28,7176,127,7007,125,169,2,7606,171,167933,3087,175539,3258,0,88,30,1117,97,5971,5,466,90,"East TN",2455501,46.7521699237752,0.0709299426576914,132.681680846393,5.17206061003437,45.4896984362865,7.09299426576914
2020-06-29,7519,343,7348,341,171,2,7946,340,173201,5268,181147,5608,1,89,147,1264,195,6166,22,488,91,"East TN",2455501,52.7387282676733,0.0709416394169484,228.385164575376,13.9686361357621,51.4762567801846,7.09416394169484
2020-06-30,7789,270,7614,266,175,4,8394,448,179487,6286,187881,6734,0,89,100,1364,170,6336,22,510,92,"East TN",2455501,55.996719203128,0.0677549587502194,274.241386991901,10.9957194071597,55.548745449503,6.77549587502194
2020-07-01,8064,275,7886,272,178,3,8728,334,182691,3204,191419,3538,0,89,66,1430,209,6545,17,527,95,"East TN",2455501,59.9470332123668,0.0691498041775457,144.084649120485,11.1993438406256,58.2365879712531,6.91498041775457
2020-07-02,8544,480,8361,475,183,5,9334,606,189074,6383,198408,6989,2,91,314,1744,164,6709,25,552,98,"East TN",2455501,72.6124729739471,0.0752229684113279,284.626233098663,19.5479456127283,71.0242023929129,7.52229684113279
2020-07-03,8770,226,8581,220,189,6,9562,228,192430,3356,201992,3584,5,96,24,1768,197,6906,14,566,99,"East TN",2455501,73.1011716142653,0.0725155175865981,145.957993908371,9.20382439265958,72.0015996735493,7.25155175865982
2020-07-04,8990,220,8799,218,191,2,9842,280,197194,4764,207036,5044,2,98,77,1845,141,7047,15,581,105,"East TN",2455501,79.0470050714701,0.0692562221263128,205.41632848042,8.95947507250048,75.1374159489245,6.92562221263128
2020-07-05,9310,320,9118,319,192,1,10210,368,201041,3847,211251,4215,2,100,163,2008,155,7202,12,593,108,"East TN",2455501,86.9069082032546,0.0729166666666667,171.655397411771,13.0319637418189,81.7755724799135,7.29166666666667
2020-07-06,9544,234,9341,223,203,11,10420,210,202672,1631,213092,1841,4,104,-51,1957,281,7483,26,619,108,"East TN",2455501,82.4678955536976,0.0774456096415714,74.9745164021517,9.52962348620506,79.6986032585611,7.74456096415715
2020-07-07,9992,448,9780,439,212,9,10986,566,208950,6278,219936,6844,0,104,159,2116,289,7772,32,651,109,"East TN",2455501,89.7169253850844,0.0808610201216659,278.721124528151,18.2447492385464,86.1738602427773,8.08610201216659
2020-07-08,10373,381,10151,371,222,10,11420,434,213121,4171,224541,4605,1,105,61,2177,319,8091,20,671,109,"East TN",2455501,94.0337633745619,0.0812752853088582,187.538103222112,15.5161818301031,88.6580783310616,8.12752853088582
2020-07-09,10822,449,10586,435,236,14,11892,472,219070,5949,230962,6421,1,106,149,2326,299,8390,24,695,113,"East TN",2455501,92.7712918870731,0.0785771333783867,261.494497456934,18.2854741252396,94.726086448346,7.85771333783867
2020-07-10,11289,467,11041,455,248,12,12345,453,222354,3284,234699,3737,0,106,141,2467,326,8716,29,724,115,"East TN",2455501,102.58598958013,0.0850888189072676,152.188901572429,19.0185220857169,100.468295472085,8.50888189072676
2020-07-11,11595,306,11340,299,255,7,12767,422,226832,4478,239599,4900,5,111,44,2511,257,8973,23,747,120,"East TN",2455501,106.088329835744,0.0898258759942266,199.551944796602,12.4618153281143,102.260190486585,8.98258759942266
2020-07-12,12065,470,11802,462,263,8,13400,633,232762,5930,246162,6563,1,112,222,2733,247,9220,25,772,125,"East TN",2455501,112.197062839722,0.091375211251468,267.277431367367,19.1406967457965,111.301115332472,9.1375211251468
2020-07-13,12419,354,12143,341,276,13,13743,343,236196,3434,249939,3777,3,115,-119,2614,470,9690,20,792,129,"East TN",2455501,117.084049242904,0.0901837327326512,153.817897040156,14.4166098893871,106.454853815983,9.01837327326512
2020-07-14,12934,515,12653,510,281,5,14327,584,240684,4488,255011,5072,4,119,77,2691,434,10124,34,826,133,"East TN",2455501,119.812616651347,0.0952530292230934,206.556625307829,20.9733166469898,109.590670091358,9.52530292230934
2020-07-15,13314,380,13027,374,287,6,14710,383,243781,3097,258491,3480,6,125,-106,2585,480,10604,24,850,140,"East TN",2455501,119.771891764654,0.0969072164948454,141.72260569228,15.4754569434099,105.273832101881,9.69072164948454
2020-07-16,14141,827,13839,812,302,15,15807,1097,253615,9834,269422,10931,6,131,349,2934,472,11076,44,894,142,"East TN",2455501,135.165898934678,0.101794071762871,445.163736443194,33.6794812952632,119.486817557802,10.1794071762871
2020-07-17,14609,468,14293,454,316,14,16318,511,257934,4319,274252,4830,3,134,95,3029,370,11446,24,918,147,"East TN",2455501,135.206623821371,0.100447500821682,196.701202728079,19.0592469724101,123.355681793654,10.0447500821682
2020-07-18,15118,509,14787,494,331,15,16986,668,266024,8090,283010,8758,6,140,185,3214,318,11764,27,945,150,"East TN",2455501,143.473775820087,0.0971873488286379,356.668557658905,20.7289673268307,130.889785831893,9.71873488286379
2020-07-19,15599,481,15249,462,350,19,17546,560,270878,4854,288424,5414,0,140,76,3290,405,12169,26,971,154,"East TN",2455501,143.921749573712,0.0981023141356301,220.484536556898,19.5886704994215,133.984877220575,9.81023141356301
2020-07-20,16035,436,15670,421,365,15,17957,411,273335,2457,291292,2868,2,142,-270,3020,704,12873,29,1000,158,"East TN",2455501,147.261190282553,0.101903126738084,116.798975036052,17.7560505982282,122.989157813416,10.1903126738084
2020-07-21,17036,1001,16654,984,382,17,19169,1212,281713,8378,300882,9590,1,143,381,3401,619,13492,61,1061,161,"East TN",2455501,167.053485215441,0.105556887794031,390.551663387635,40.7656115798772,138.505339643519,10.5556887794031
2020-07-22,17620,584,17222,568,398,16,19823,654,285013,3300,304836,3954,4,147,-79,3322,659,14151,29,1090,166,"East TN",2455501,175.36136210085,0.110324738375229,161.02620198485,23.7833338288195,135.288073594757,11.0324738375229
2020-07-23,18415,795,17995,773,420,22,20822,999,295216,10203,316038,11202,4,151,242,3564,549,14700,50,1140,172,"East TN",2455501,174.058165726668,0.107581088038442,456.200180737047,32.3762849210813,145.143496174508,10.7581088038442
2020-07-24,19018,603,18585,590,433,13,21506,684,301026,5810,322532,6494,2,153,7,3571,594,15294,34,1174,179,"East TN",2455501,179.556025430248,0.107456503728252,264.467414185537,24.55710667599,145.42857038136,10.7456503728252
2020-07-25,19996,978,19551,966,445,12,22708,1202,310640,9614,333348,10816,10,163,550,4121,418,15712,29,1203,187,"East TN",2455501,198.655997289352,0.1136715801184,440.480374473478,39.8289391859339,167.827258062611,11.36715801184
2020-07-26,20771,775,20311,760,460,15,23605,897,318163,7523,341768,8420,1,164,391,4512,383,16095,21,1224,194,"East TN",2455501,210.629113977148,0.113583533293341,342.903545956609,31.5617871872176,183.750688759646,11.3583533293341
2020-07-27,21417,646,20935,624,482,22,24311,706,322629,4466,346940,5172,6,170,-78,4434,718,16813,38,1262,198,"East TN",2455501,219.181340182716,0.114182001150086,210.629113977148,26.3082768037969,180.574147597578,11.4182001150086
2020-07-28,22232,815,21727,792,505,23,25283,972,330850,8221,356133,9193,7,177,170,4604,638,17451,50,1312,203,"East TN",2455501,211.606511257784,0.110658630613021,374.38388337044,33.190782654945,187.497378335419,11.0658630613021
2020-07-29,22575,343,22059,332,516,11,25599,316,332420,1570,358019,1886,5,182,-337,4267,675,18126,24,1336,212,"East TN",2455501,201.791813564727,0.108606133538913,76.807136303345,13.9686361357621,173.773091519816,10.8606133538913
2020-07-30,23763,1188,23232,1173,531,15,26980,1381,344954,12534,371934,13915,5,187,674,4941,509,18635,46,1382,219,"East TN",2455501,217.796694035148,0.110168885072277,566.686798335655,48.3811653915026,201.221665151022,11.0168885072277
2020-07-31,24385,622,23838,606,547,16,27634,654,348922,3968,376556,4622,6,193,80,5021,536,19171,27,1409,228,"East TN",2455501,218.570466882319,0.113431067673627,188.230426295896,25.3308795231604,204.479656086477,11.3431067673627
2020-08-01,24944,559,24380,542,564,17,28270,636,355897,6975,384167,7611,1,194,152,5173,406,19577,16,1425,231,"East TN",2455501,201.506739357874,0.109447253979811,309.957112621823,22.7652116614899,210.669838863841,10.9447253979811
2020-08-02,25375,431,24800,420,575,11,28754,484,359695,3798,388449,4282,4,198,49,5222,378,19955,21,1446,236,"East TN",2455501,187.497378335419,0.110301835864699,174.383964820214,17.5524261647623,212.665358311807,11.0301835864699
2020-08-03,26001,626,25408,608,593,18,29462,708,363839,4144,393301,4852,3,201,-43,5179,666,20621,39,1485,244,"East TN",2455501,186.682880601555,0.111106317810228,197.597150235329,25.4937790699332,210.914188184,11.1106317810228
2020-08-04,26487,486,25874,466,613,20,29988,526,369210,5371,399198,5897,6,207,-218,4961,698,21319,34,1519,253,"East TN",2455501,173.284392879498,0.10925345408104,240.154656829706,19.7922949328874,202.036162884886,10.925345408104
2020-08-05,26955,468,26334,460,621,8,30509,521,373423,4213,403932,4734,9,216,-222,4739,681,22000,20,1539,259,"East TN",2455501,178.375003716146,0.106941389149043,192.791613605533,19.0592469724101,192.995238038999,10.6941389149043
2020-08-06,27686,731,27027,693,659,38,31361,852,380492,7069,411853,7921,7,223,202,4941,522,22522,37,1576,265,"East TN",2455501,159.763730497361,0.109747238157268,322.58182749671,29.7698921727175,201.221665151022,10.9747238157268
2020-08-07,28241,555,27568,541,673,14,31980,619,384462,3970,416442,4589,6,229,40,4981,509,23031,34,1610,278,"East TN",2455501,157.035163088917,0.108960537531966,186.886505035021,22.6023121147171,202.850660618749,10.8960537531966
2020-08-08,28916,675,28231,663,685,12,32780,800,394539,10077,427319,10877,8,237,290,5271,377,23408,24,1634,289,"East TN",2455501,161.759249945327,0.104514275120504,442.964592561762,27.4892985178992,214.660877759773,10.4514275120504
2020-08-09,29444,528,28747,516,697,12,33414,634,398840,4301,432254,4935,2,239,115,5386,411,23819,20,1654,296,"East TN",2455501,165.709563954566,0.106380550165506,200.977315830863,21.5027401740012,219.344239729489,10.6380550165506
2020-08-10,29747,303,29039,292,708,11,33742,328,401129,2289,434871,2617,3,242,-477,4909,777,24596,26,1680,300,"East TN",2455501,152.555425552667,0.102958864565793,106.577028476063,12.3396406680348,199.91846877684,10.2958864565793
2020-08-11,30359,612,29634,595,725,17,34427,685,407229,6100,441656,6785,17,259,-7,4902,602,25198,28,1708,305,"East TN",2455501,157.686761276008,0.104550379198267,276.318356213253,24.9236306562286,199.633394569988,10.4550379198267
2020-08-12,30804,445,30058,424,746,21,34901,474,410977,3748,445878,4222,6,265,-251,4651,690,25888,25,1733,310,"East TN",2455501,156.750088882065,0.104706050636533,171.940471618623,18.1225745784669,189.411448009999,10.4706050636533
2020-08-13,31621,817,30862,804,759,13,36018,1117,419540,8563,455558,9680,6,271,202,4853,609,26497,44,1777,318,"East TN",2455501,160.252429137679,0.106555314037295,394.216903190021,33.2722324283313,197.637875122022,10.6555314037295
2020-08-14,32082,461,31294,432,788,29,36552,534,424196,4656,460748,5190,4,275,-142,4711,599,27096,18,1795,325,"East TN",2455501,156.42428978852,0.103191441339773,211.362161937625,18.7741727655578,191.85494121159,10.3191441339773
2020-08-15,32732,650,31932,638,800,12,37429,877,431129,6933,468558,7810,4,279,216,4927,430,27526,17,1812,334,"East TN",2455501,155.40616762119,0.11273309246102,318.061365073767,26.4711763505696,200.651516737318,11.273309246102
2020-08-16,33206,474,32395,463,811,11,38022,593,436594,5465,474616,6058,2,281,110,5037,362,27888,10,1822,343,"East TN",2455501,153.207023739758,0.108776733865257,246.711363587309,19.3035962925692,205.131254273568,10.8776733865257
2020-08-17,33479,273,32598,203,881,70,38249,227,438066,1472,476315,1699,8,289,-397,4640,662,28550,12,1834,349,"East TN",2455501,151.985277138963,0.108749155486922,69.1915824917196,11.1178940672392,188.963474256374,10.8749155486922
2020-08-18,34109,630,33163,565,946,65,39061,812,448663,10597,487724,11409,8,297,52,4692,570,29120,22,1856,352,"East TN",2455501,152.71832509944,0.10059043153599,464.630232282536,25.6566786167059,191.081168364419,10.059043153599
2020-08-19,34564,455,33597,434,967,21,39558,497,453447,4784,493005,5281,7,304,-113,4579,561,29681,22,1878,359,"East TN",2455501,153.125573966372,0.0988180872960299,215.068126626705,18.5298234453987,186.47925616809,9.88180872960299
2020-08-20,35342,778,34354,757,988,21,40432,874,464986,11539,505418,12413,6,310,265,4844,507,30188,27,1905,367,"East TN",2455501,151.537303385338,0.088527878058564,505.518018522493,31.6839618472971,197.271351141783,8.8527878058564
2020-08-21,35551,209,34551,197,1000,12,40645,213,467437,2451,508082,2664,17,327,-321,4523,513,30701,17,1922,374,"East TN",2455501,141.274631938655,0.0864706130899565,108.491098150642,8.51150131887546,184.198662513271,8.64706130899565
2020-08-22,36420,869,35408,857,1012,12,41617,972,480804,13367,522421,14339,2,329,453,4976,414,31115,20,1942,381,"East TN",2455501,150.193382124463,0.077752817332863,583.954150293565,35.3899265363769,202.647036185284,7.7752817332863
2020-08-23,36673,253,35650,242,1023,11,41871,254,485910,5106,527781,5360,0,329,-94,4882,347,31462,20,1962,386,"East TN",2455501,141.193182165269,0.0723972538324085,218.285392675466,10.3033963333756,198.818896836124,7.23972538324085
2020-08-24,36865,192,35825,175,1040,17,42069,198,487253,1343,529322,1541,8,337,-485,4397,669,32131,15,1977,396,"East TN",2455501,137.894466343121,0.0720659535533043,62.7570503941965,7.81917824509133,179.06732678993,7.20659535533043
2020-08-25,37479,614,36414,589,1065,25,42754,685,496987,9734,539741,10419,16,353,120,4517,478,32609,23,2000,405,"East TN",2455501,137.24286815603,0.0709960205317492,424.312594456284,25.005080429615,183.954313193112,7.09960205317492
2020-08-26,37824,345,36734,320,1090,25,43138,384,500949,3962,544087,4346,6,359,-208,4309,547,33156,11,2011,413,"East TN",2455501,132.76313061978,0.0700833953251635,176.990357568578,14.0500859091485,175.48353676093,7.00833953251635
2020-08-27,38685,861,37578,844,1107,17,44114,976,511241,10292,555355,11268,8,367,387,4696,466,33622,29,2040,420,"East TN",2455501,136.143296215314,0.0737329034583575,458.888023258797,35.0641274428314,191.244067911192,7.37329034583575
2020-08-28,39019,334,37892,314,1127,20,44452,338,513850,2609,558302,2947,12,379,-182,4514,504,34126,10,2050,426,"East TN",2455501,141.233907051962,0.0758064516129032,120.016241084813,13.6021121555235,183.832138533033,7.58064516129032
2020-08-29,39470,451,38327,435,1143,16,44980,528,520369,6519,565349,7047,8,387,61,4575,382,34508,16,2066,435,"East TN",2455501,124.210904414211,0.0783404770778979,286.988276526868,18.366923898626,186.316356621317,7.83404770778979
2020-08-30,39733,263,38579,252,1154,11,45247,267,522250,1881,567497,2148,8,395,-55,4520,310,34818,14,2080,438,"East TN",2455501,124.618153281143,0.0850035250276966,87.4770566169592,10.7106452003074,184.076487853192,8.50035250276967
2020-08-31,40140,407,38957,378,1183,29,45697,450,525737,3487,571434,3937,2,397,-133,4387,538,35356,17,2097,443,"East TN",2455501,133.374003920178,0.0861512158054711,160.333878911065,16.5750288841259,178.660077922998,8.61512158054711
2020-09-01,40747,607,39522,565,1225,42,46371,674,531402,5665,577773,6339,6,403,105,4492,496,35852,28,2125,452,"East TN",2455501,133.088929713325,0.0951041228439209,258.155056748093,24.7200062227627,182.936191025783,9.51041228439209
2020-09-02,41235,488,39981,459,1254,29,46824,453,536195,4793,583019,5246,7,410,23,4515,458,36310,22,2147,459,"East TN",2455501,138.912588510451,0.0946778999280797,213.642755592443,19.8737447062738,183.872863419726,9.46778999280797
2020-09-03,41790,555,40503,522,1287,33,47471,647,544451,8256,591922,8903,6,416,-39,4476,588,36898,22,2169,462,"East TN",2455501,126.450773182336,0.0918040856509968,362.573666229417,22.6023121147171,182.284592838692,9.18040856509968
2020-09-04,42147,357,40846,343,1301,14,47819,348,547783,3332,595602,3680,7,423,-40,4436,390,37288,11,2180,463,"East TN",2455501,127.38744557628,0.0902680965147453,149.867583030917,14.5387845494667,180.655597370964,9.02680965147453
2020-09-05,43145,998,41829,983,1316,15,48909,1090,557102,9319,606011,10409,1,424,640,5076,357,37645,26,2206,469,"East TN",2455501,149.663958597451,0.0966258423097733,423.905345589352,40.6434369197976,206.719524854602,9.66258423097733
2020-09-06,43408,263,42076,247,1332,16,49177,268,559729,2627,608906,2895,0,424,-51,5025,314,37959,9,2215,483,"East TN",2455501,149.663958597451,0.0949069042961675,117.898546976768,10.7106452003074,204.64255563325,9.49069042961675
2020-09-07,43612,204,42273,197,1339,7,49414,237,561065,1336,610479,1573,3,427,-342,4683,543,38502,13,2228,487,"East TN",2455501,141.396806598735,0.095197848636189,64.0602467683784,8.30787688540954,190.714644384181,9.5197848636189
2020-09-08,43923,311,42562,289,1361,22,49734,320,564491,3426,614225,3746,7,434,-302,4381,606,39108,24,2252,494,"East TN",2455501,129.342240137552,0.0922583123011083,152.555425552667,12.6654397615802,178.415728602839,9.22583123011083
2020-09-09,44256,333,42878,316,1378,17,50109,375,569637,5146,619746,5521,6,440,-161,4220,488,39596,16,2268,501,"East TN",2455501,123.029882700109,0.0894437334930705,224.842099433069,13.5613872688303,171.859021845236,8.94437334930705
2020-09-10,44931,675,43516,638,1415,37,50816,707,577448,7811,628264,8518,18,458,194,4414,463,40059,39,2307,512,"East TN",2455501,127.916869103291,0.0920422651477629,346.894584852541,27.4892985178992,179.759649863714,9.20422651477629
2020-09-11,45257,326,43819,303,1438,23,51171,355,581608,4160,632779,4515,17,475,-205,4209,514,40573,26,2333,523,"East TN",2455501,126.654397615802,0.0901632729913656,183.872863419726,13.276313061978,171.411048091611,9.01632729913656
2020-09-12,45676,419,44220,401,1456,18,51683,512,588594,6986,640277,7498,10,485,92,4301,317,40890,15,2348,534,"East TN",2455501,103.074688220449,0.080954882390708,305.355200425494,17.0637275244441,175.157737667384,8.0954882390708
2020-09-13,46116,440,44640,420,1476,20,52185,502,594168,5574,646353,6076,2,487,48,4349,390,41280,21,2369,539,"East TN",2455501,110.282993165142,0.0803268619649104,247.444411547786,17.918950145001,177.112532228657,8.03268619649104
2020-09-14,46560,444,45069,429,1491,15,52670,485,599141,4973,651811,5458,9,496,-151,4198,586,41866,25,2394,549,"East TN",2455501,120.056965971506,0.0787767347333785,222.276431571398,18.0818496917737,170.963074337986,7.87767347333785
2020-09-15,47053,493,45525,456,1528,37,53210,540,607317,8176,660527,8716,7,503,-66,4132,552,42418,20,2414,552,"East TN",2455501,127.468895349666,0.0750723510863462,354.958112417792,20.0773691397397,168.275231816236,7.50723510863462
2020-09-16,47406,353,45835,310,1571,43,53604,394,610731,3414,664335,3808,6,509,-175,3957,522,42940,17,2431,561,"East TN",2455501,128.28339308353,0.0783825607212541,155.080368527645,14.375885002694,161.148376644929,7.83825607212541
2020-09-17,47957,551,46354,519,1603,32,54181,577,617906,7175,672087,7752,8,517,119,4076,424,43364,21,2452,572,"East TN",2455501,123.233507133575,0.0767861625173995,315.699321645562,22.4394125679444,165.994638161418,7.67861625173995
2020-09-18,48491,534,46840,486,1651,48,54747,566,626020,8114,680767,8680,17,534,-29,4047,546,43910,30,2482,578,"East TN",2455501,131.704283565757,0.0745186296574143,353.492016496837,21.7470894941603,164.813616447316,7.45186296574143
2020-09-19,48999,508,47325,485,1674,23,55320,573,634374,8354,689694,8927,3,537,193,4240,312,44222,30,2512,580,"East TN",2455501,135.32879848145,0.0735981544812514,363.551063510054,20.6882424401375,172.6735195791,7.35981544812514
2020-09-20,49305,306,47606,281,1699,25,55649,329,639332,4958,694981,5287,1,538,-19,4221,324,44546,13,2525,591,"East TN",2455501,129.871663664564,0.071234679608456,215.312475946864,12.4618153281143,171.89974673193,7.1234679608456
2020-09-21,49468,163,47739,133,1729,30,55801,152,640849,1517,696650,1669,3,541,-208,4013,368,44914,9,2534,596,"East TN",2455501,118.427970503779,0.0698276054327706,67.9698358909241,6.63815653098899,163.428970299747,6.98276054327706
2020-09-22,49928,460,48141,402,1787,58,56291,490,646998,6149,703289,6639,6,547,-55,3958,509,45423,29,2563,603,"East TN",2455501,117.084049242904,0.072049950890978,270.372522756049,18.7334478788646,161.189101531622,7.2049950890978
2020-09-23,50222,294,48395,254,1827,40,56573,282,649091,2093,705664,2375,8,555,-217,3741,503,45926,13,2576,612,"East TN",2455501,114.681280928006,0.0718381765830289,96.721605896312,11.9731166877961,152.351801119201,7.18381765830289
2020-09-24,50685,463,48837,442,1848,21,57054,481,655984,6893,713038,7374,11,566,-36,3705,488,46414,28,2604,617,"East TN",2455501,111.097490899006,0.0701570169226637,300.305314475539,18.8556225389442,150.885705198247,7.01570169226637
2020-09-25,51139,454,49267,430,1872,24,57540,486,662657,6673,720197,7159,11,577,14,3719,429,46843,18,2622,624,"East TN",2455501,107.839499963551,0.0708343900583312,291.549463836504,18.4890985587055,151.455853611951,7.08343900583312
2020-09-26,51697,558,49801,534,1896,24,58178,638,673213,10556,731391,11194,5,582,194,3913,359,47202,29,2651,631,"East TN",2455501,109.87574429821,0.068542101350217,455.874381643502,22.7244867747967,159.356481630429,6.8542101350217
2020-09-27,52090,393,50166,365,1924,28,58585,407,679232,6019,737817,6426,3,585,91,4004,299,47501,30,2681,638,"East TN",2455501,113.418809440517,0.0685404799701186,261.6981218904,16.0048804704213,163.062446319509,6.85404799701186
2020-09-28,52324,234,50361,195,1963,39,58810,225,680919,1687,739729,1912,4,589,-315,3689,545,48046,15,2696,645,"East TN",2455501,116.310276395733,0.0698484180227025,77.8659833573678,9.52962348620506,150.234107011156,6.98484180227025
2020-09-29,52707,383,50701,340,2006,43,59207,397,686728,5809,745935,6206,9,598,-43,3646,417,48463,33,2729,647,"East TN",2455501,113.174460120358,0.0683768700464287,252.7386468179,15.5976316034895,148.482936883349,6.83768700464287
2020-09-30,53189,482,51151,450,2038,32,59683,476,690166,3438,749849,3914,6,604,79,3725,397,48860,23,2752,651,"East TN",2455501,120.830738818677,0.070385877560258,159.397206517122,19.6293953861147,151.70020293211,7.0385877560258
2020-10-01,53577,388,51500,349,2077,39,60062,379,693446,3280,753508,3659,11,615,0,3725,377,49237,31,2783,656,"East TN",2455501,117.776372316688,0.0743266617247344,149.01236041036,15.8012560369554,151.70020293211,7.43266617247344
2020-10-02,54042,465,51937,437,2105,28,60525,463,697067,3621,757592,4084,2,617,24,3749,439,49676,17,2800,660,"East TN",2455501,118.224346070313,0.0798235058162856,166.320437254963,18.9370723123306,152.677600212747,7.98235058162856
2020-10-03,54447,405,52325,388,2122,17,61008,483,704527,7460,765535,7943,12,629,83,3832,310,49986,22,2822,666,"East TN",2455501,111.993438406256,0.0828842549203374,323.477775003961,16.4935791107395,156.057765808281,8.28842549203374
2020-10-04,54902,455,52750,425,2152,30,61547,539,714650,10123,776197,10662,4,633,144,3976,307,50293,27,2849,679,"East TN",2455501,114.518381381233,0.0771756122980719,434.208741922728,18.5298234453987,161.9221494921,7.71756122980719
2020-10-05,55573,671,53362,612,2211,59,62298,751,721898,7248,784196,7999,5,638,151,4127,515,50808,42,2891,688,"East TN",2455501,132.315156866155,0.0784401916027616,325.758368658779,27.3263989711265,168.07160738277,7.84401916027616
2020-10-06,56323,750,54028,666,2295,84,63037,739,728538,6640,791575,7379,8,646,302,4429,440,51248,46,2937,697,"East TN",2455501,147.261190282553,0.0839176161262051,300.508938909005,30.543665019888,180.370523164112,8.39176161262051
2020-10-07,57060,737,54687,659,2373,78,63745,708,735291,6753,799036,7461,3,649,293,4722,441,51689,38,2975,703,"East TN",2455501,157.646036389315,0.0825827962673064,303.848379617846,30.0142414928766,192.302914965215,8.25827962673064
2020-10-08,57778,718,55344,657,2434,61,64423,678,741752,6461,806175,7139,10,659,266,4988,442,52131,32,3007,709,"East TN",2455501,171.085248998066,0.0828032733970038,290.734966102641,29.2404686457061,203.135734825602,8.28032733970038
2020-10-09,58319,541,55843,499,2476,42,64983,560,747231,5479,812214,6039,4,663,123,5111,414,52545,20,3027,716,"East TN",2455501,174.180340386748,0.0816154662956318,245.937590740138,22.0321637010125,208.144895888863,8.16154662956318
2020-10-10,58937,618,56431,588,2506,30,65652,669,755657,8426,821309,9095,12,675,252,5363,354,52899,20,3047,730,"East TN",2455501,182.854741252396,0.0832646035787284,370.392844474508,25.1679799763877,218.407567335546,8.32646035787285
2020-10-11,59880,943,57343,912,2537,31,66681,1029,766085,10428,832766,11457,1,676,586,5949,356,53255,37,3084,737,"East TN",2455501,202.72848595867,0.0907564213615231,466.585026843809,38.4035681516725,242.272350937752,9.07564213615231
2020-10-12,60236,356,57628,285,2608,71,66998,317,769006,2921,836004,3238,6,682,-337,5612,687,53942,19,3103,748,"East TN",2455501,189.900146650317,0.0907195799876467,131.86718311253,14.4980596627735,228.548064122149,9.07195799876467
2020-10-13,60741,505,58081,453,2660,52,67482,484,773391,4385,840873,4869,9,691,7,5619,489,54431,24,3127,755,"East TN",2455501,179.922549410487,0.0901659296523186,198.289473309113,20.5660677800579,228.833138329001,9.01659296523185
2020-10-14,61615,874,58893,812,2722,62,68330,848,779575,6184,847905,7032,1,692,328,5947,545,54976,44,3171,762,"East TN",2455501,185.501858887453,0.0938222595101189,286.37740322647,35.5935509698428,242.190901164365,9.38222595101189
2020-10-15,62124,509,59333,440,2791,69,68795,465,783729,4154,852524,4619,14,706,-67,5880,562,55538,19,3190,771,"East TN",2455501,176.990357568578,0.0943278172128849,188.108251635817,20.7289673268307,239.462333755922,9.43278172128849
2020-10-16,62763,639,59929,596,2834,43,69379,584,787818,4089,857197,4673,2,708,-135,5745,772,56310,22,3212,783,"East TN",2455501,180.98139646451,0.0977258075272881,190.307395517249,26.0232025969446,233.964474052342,9.77258075272881
2020-10-17,63481,718,60610,681,2871,37,70239,860,796602,8784,866841,9644,6,714,237,5982,475,56785,37,3249,790,"East TN",2455501,185.053885133828,0.100742335061056,392.750807269066,29.2404686457061,243.616272198627,10.0742335061056
2020-10-18,64286,805,61369,759,2917,46,71110,871,804712,8110,875822,8981,3,717,348,6330,454,57239,39,3288,798,"East TN",2455501,179.433850770169,0.102866034931252,365.750207391485,32.7835337880131,257.788532767855,10.2866034931252
2020-10-19,65034,748,62054,685,2980,63,71869,759,809611,4899,881480,5658,3,720,-19,6311,764,58003,67,3355,809,"East TN",2455501,195.398006353897,0.107111443398716,230.421408910035,30.4622152465016,257.014759920684,10.7111443398716
2020-10-20,65720,686,62663,609,3057,77,72560,691,813226,3615,885786,4306,15,735,34,6345,637,58640,32,3387,822,"East TN",2455501,202.769210845363,0.113063032974863,175.36136210085,27.9372722715242,258.399406068252,11.3063032974863
2020-10-21,66314,594,63216,553,3098,41,73177,617,816970,3744,890147,4361,5,740,-128,6217,717,59357,27,3414,836,"East TN",2455501,191.366242571272,0.114743620093746,177.601230868975,24.1905826957513,253.186620571525,11.4743620093746
2020-10-22,67444,1130,64252,1036,3192,94,74278,1101,825536,8566,899814,9667,10,750,440,6657,680,60037,43,3457,851,"East TN",2455501,216.656397207739,0.115944174244026,393.68747966301,46.0191219632979,271.105570716526,11.5944174244026
2020-10-23,68415,971,65156,904,3259,67,75248,970,832652,7116,907900,8086,19,769,290,6947,662,60699,39,3496,859,"East TN",2455501,230.177059589876,0.115752519574779,329.301433801086,39.5438649790817,282.915787857549,11.5752519574779
2020-10-24,69652,1237,66331,1175,3321,62,76575,1327,843177,10525,919752,11852,12,781,644,7591,581,61280,50,3546,876,"East TN",2455501,251.313275783638,0.119748256506209,482.671357087617,50.3766848394686,309.14261488796,11.9748256506209
2020-10-25,70581,929,67203,872,3378,57,77622,1047,851054,7877,928676,8924,9,790,437,8028,483,61763,43,3589,887,"East TN",2455501,256.363161733593,0.123207325840996,363.428888849974,37.8334197379679,326.939390372881,12.3207325840996
2020-10-26,71043,462,67609,406,3434,56,78056,434,853809,2755,931865,3189,6,796,-449,7579,905,62668,21,3610,900,"East TN",2455501,244.715844139343,0.122794482484867,129.871663664564,18.814897652251,308.653916247642,12.2794482484867
2020-10-27,71885,842,68321,712,3564,130,78839,783,858194,4385,937033,5168,12,808,80,7659,750,63418,54,3664,924,"East TN",2455501,251.068926463479,0.122524245321677,210.466214430375,34.2903545956609,311.911907183096,12.2524245321677
2020-10-28,72882,997,69232,911,3650,86,79809,970,865411,7217,945220,8187,13,821,200,7859,784,64202,41,3705,938,"East TN",2455501,267.481055800833,0.120421985364879,333.414647357097,40.6027120331044,320.056884521733,12.0421985364879
2020-10-29,73790,908,70025,793,3765,115,80643,834,871914,6503,952557,7337,11,832,151,8010,746,64948,40,3745,950,"East TN",2455501,258.440130954946,0.120679521453084,298.798493667891,36.9781971174111,326.206342412404,12.0679521453084
2020-10-30,74690,900,70832,807,3858,93,81483,840,876771,4857,958254,5697,28,860,50,8060,822,65770,39,3784,966,"East TN",2455501,255.54866399973,0.12382333081781,232.009679491069,36.6523980238656,328.242586747063,12.382333081781
2020-10-31,74704,14,70846,14,3858,0,81499,16,876792,21,958291,37,5,865,-603,7457,612,66382,0,3784,977,"East TN",2455501,205.742127573966,0.127766677910688,1.50682080764781,0.570148413704576,303.685480071073,12.7766677910688
2020-11-01,75211,507,71236,390,3975,117,81969,470,883356,6564,965325,7034,0,865,-137,7320,644,67026,27,3811,993,"East TN",2455501,188.556225389442,0.118611694725641,286.458852999856,20.6475175534443,298.106170594107,11.8611694725641
2020-11-02,76023,812,71980,744,4043,68,82746,777,887584,4228,970330,5005,11,876,-228,7092,1029,68055,38,3849,1007,"East TN",2455501,202.809935732056,0.121929026387625,203.828057899386,33.0686079948654,288.820896428061,12.1929026387625
2020-11-03,77063,1040,72940,960,4123,80,83822,1076,894448,6864,978270,7940,31,907,30,7122,979,69034,29,3878,1020,"East TN",2455501,210.873463297307,0.120838082304726,323.355600343881,42.3538821609114,290.042643028856,12.0838082304726
2020-11-04,77974,911,73752,812,4222,99,84669,847,899333,4885,984002,5732,6,913,-5,7117,910,69944,35,3913,1044,"East TN",2455501,207.371123041693,0.125315868186272,233.435050525331,37.1003717774906,289.839018595391,12.5315868186272
2020-11-05,78552,578,74236,484,4316,94,85170,501,901995,2662,987165,3163,17,930,-366,6751,927,70871,27,3940,1058,"East TN",2455501,193.931910432942,0.130807905686546,128.812816610541,23.5389845086603,274.933710065685,13.0807905686546
2020-11-06,79518,966,75085,849,4433,117,86097,927,908405,6410,994502,7337,10,940,43,6794,913,71784,37,3977,1082,"East TN",2455501,196.619752954692,0.127289781505186,298.798493667891,39.3402405456157,276.684880193492,12.7289781505186
2020-11-07,80845,1327,76326,1241,4519,86,87516,1419,919326,10921,1006842,12340,21,961,649,7443,657,72441,52,4029,1092,"East TN",2455501,250.091529182843,0.123931535910692,502.54510179389,54.0419246418552,303.115331657368,12.3931535910692
2020-11-08,82402,1557,77765,1439,4637,118,89183,1667,932227,12901,1021410,14568,3,964,889,8332,665,73106,52,4081,1109,"East TN",2455501,292.852660210686,0.128626192386556,593.280149346304,63.4086485812875,339.319755927609,12.8626192386556
2020-11-09,83021,619,78304,539,4717,80,89763,580,935679,3452,1025442,4032,9,973,-466,7866,1076,74182,19,4100,1120,"East TN",2455501,284.992757078902,0.127322543184787,164.202743146918,25.2087048630809,320.341958728585,12.7322543184787
2020-11-10,83960,939,79154,850,4806,89,90686,923,940681,5002,1031367,5925,27,1000,6,7872,906,75088,44,4144,1138,"East TN",2455501,280.87954352289,0.129272840273462,241.294953657115,38.2406686048998,320.586308048744,12.9272840273462
2020-11-11,85264,1304,80254,1100,5010,204,91855,1169,947228,6547,1039083,7716,26,1026,383,8255,895,75983,59,4203,1152,"East TN",2455501,296.884423993311,0.130462409905412,314.233225724608,53.1052522479119,336.183939652234,13.0462409905412
2020-11-12,86101,837,80959,705,5142,132,92619,764,951444,4216,1044063,4980,15,1041,8,8263,814,76797,34,4237,1170,"East TN",2455501,307.432169646846,0.130918485711273,202.809935732056,34.086730162195,336.509738745779,13.0918485711273
2020-11-13,87560,1459,82247,1288,5313,171,93919,1300,957306,5862,1051225,7162,27,1068,526,8789,906,77703,47,4284,1186,"East TN",2455501,327.509538786586,0.137898207076495,291.671638496584,59.4176096853555,357.931029146394,13.7898207076495
2020-11-14,89036,1476,83639,1392,5397,84,95454,1535,966203,8897,1061657,10432,7,1075,918,9707,551,78254,52,4336,1215,"East TN",2455501,333.57754690387,0.144814375627109,424.842017983295,60.1099327591396,395.316475130737,14.4814375627109
2020-11-15,90988,1952,85372,1733,5616,219,97415,1961,977376,11173,1074791,13134,7,1082,1339,11046,606,78860,56,4392,1232,"East TN",2455501,349.663877147678,0.154212172870497,534.880661828279,79.4949788250952,449.84709841291,15.4212172870497
2020-11-16,92513,1525,86771,1399,5742,126,98952,1537,984996,7620,1083948,9157,10,1092,172,11218,1343,80203,41,4433,1251,"East TN",2455501,386.560624491703,0.157060814275459,372.917787449486,62.1054522071056,456.851778924138,15.7060814275459
2020-11-17,93725,1212,87890,1119,5835,93,100173,1221,990140,5144,1090313,6365,31,1123,89,11307,1092,81295,46,4479,1278,"East TN",2455501,397.678518558942,0.16094391476945,259.213903802116,49.358562672139,460.476293839831,16.094391476945
2020-11-18,94922,1197,88845,955,6077,242,101206,1033,995281,5141,1096487,6174,14,1137,55,11362,1128,82423,53,4532,1293,"East TN",2455501,393.320955682771,0.162898055884607,251.435450443718,48.7476893717412,462.716162607957,16.2898055884607
2020-11-19,96002,1080,89725,880,6277,200,102065,859,999942,4661,1102007,5520,45,1182,-242,11120,1277,83700,52,4584,1313,"East TN",2455501,403.217103149215,0.163019467071655,224.801374546376,43.9828776286387,452.860740028206,16.3019467071655
2020-11-20,97128,1126,90688,963,6440,163,103088,1023,1004842,4900,1107930,5923,28,1210,-126,10994,1224,84924,36,4620,1339,"East TN",2455501,389.655715880384,0.161696499426858,241.213503883729,45.8562224165252,447.729404304865,16.1696499426858
2020-11-21,98346,1218,91752,1064,6594,154,104187,1099,1011249,6407,1115436,7506,3,1213,362,11356,853,85777,47,4667,1363,"East TN",2455501,379.148695113543,0.162386805258558,305.680999519039,49.6029119922981,462.471813287797,16.2386805258558
2020-11-22,99932,1586,93181,1429,6751,157,105853,1666,1020849,9600,1126702,11266,17,1230,803,12159,766,86543,57,4724,1390,"East TN",2455501,364.243386583838,0.162547436959411,458.806573485411,64.5896702953898,495.173897302424,16.2547436959411
2020-11-23,100823,891,93939,758,6884,133,106555,702,1023965,3116,1130520,3818,18,1248,-1158,11001,2031,88574,35,4759,1417,"East TN",2455501,338.423808420359,0.16325259812763,155.487617394577,36.2858740436269,448.014478511717,16.325259812763
2020-11-24,101734,911,94672,733,7062,178,107260,705,1026992,3027,1134252,3732,13,1261,-736,10265,1634,90208,57,4816,1445,"East TN",2455501,326.165617525711,0.161291790891918,151.985277138963,37.1003717774906,418.040961905534,16.1291790891918
2020-11-25,102641,907,95358,686,7283,221,107805,545,1029300,2308,1137105,2853,38,1299,-494,9771,1363,91571,56,4872,1470,"East TN",2455501,314.355400384687,0.162464917031858,116.188101735654,36.9374722307179,397.922867879101,16.2464917031858
2020-11-26,104107,1466,96745,1387,7362,79,109475,1670,1037666,8366,1147141,10036,18,1317,-441,9330,1889,93460,25,4897,1489,"East TN",2455501,330.075206648256,0.164177781716666,408.714962852795,59.7026838922077,379.963192847407,16.4177781716666
2020-11-27,105811,1704,98312,1567,7499,137,111225,1750,1045206,7540,1156431,9290,5,1322,161,9491,1538,94998,50,4947,1517,"East TN",2455501,353.614191156917,0.16776973670646,378.334197379679,69.3952069251855,386.519899605009,16.776973670646
2020-11-28,107437,1626,99694,1382,7743,244,112719,1494,1052739,7533,1165458,9027,2,1324,569,10060,1055,96053,45,4992,1545,"East TN",2455501,370.229944927736,0.170564951421375,367.623552179372,66.2186657631172,409.692360133431,17.0564951421375
2020-11-29,109725,2288,101815,2121,7910,167,115045,2326,1063435,10696,1178480,13022,4,1328,1279,11339,1005,97058,51,5043,1570,"East TN",2455501,398.818815386351,0.177527135076674,530.319474518642,93.178540754005,461.779490214013,17.7527135076674
2020-11-30,111963,2238,103824,2009,8139,229,117266,2221,1072886,9451,1190152,11672,15,1343,-107,11232,2330,99388,53,5096,1601,"East TN",2455501,453.67523776207,0.179618325731151,475.340877482844,91.1422964193458,457.421927337843,17.9618325731151
2020-12-01,114226,2263,105832,2008,8394,255,119404,2138,1081724,8838,1201128,10976,20,1363,423,11655,1820,101208,63,5159,1629,"East TN",2455501,508.735284571255,0.181589808002871,446.996356344388,92.1604185866754,474.648554409059,18.1589808002871
2020-12-02,115283,1057,106745,913,8538,144,120280,876,1084634,2910,1204914,3786,15,1378,-688,10967,1730,102938,42,5201,1662,"East TN",2455501,514.844017575232,0.18397262900205,154.184421020395,43.0462052346955,446.629832364149,18.397262900205
2020-12-03,117092,1809,108315,1570,8777,239,122002,1722,1090624,5990,1212626,7712,33,1411,318,11285,1458,104396,45,5246,1683,"East TN",2455501,528.812653710994,0.191295716576315,314.070326177835,73.6713200279699,459.580346332581,19.1295716576315
2020-12-04,118820,1728,109702,1387,9118,341,123459,1457,1096146,5522,1219605,6979,37,1448,-301,10984,1992,106388,36,5282,1718,"East TN",2455501,529.790050991631,0.193655617817457,284.218984231731,70.3726042058219,447.322155437933,19.3655617817457
2020-12-05,119953,1133,110611,909,9342,224,124388,929,1099208,3062,1223596,3991,5,1453,123,11107,1005,107393,24,5306,1744,"East TN",2455501,509.712681851891,0.200712098799408,162.533022792497,46.1412966233775,452.331316501195,20.0712098799408
2020-12-06,121421,1468,111873,1262,9548,206,125629,1241,1103699,4491,1229328,5732,20,1473,483,11590,965,108358,40,5346,1780,"East TN",2455501,476.31827476348,0.208149779735683,233.435050525331,59.7841336655941,472.001436774003,20.8149779735683
2020-12-07,124144,2723,114278,2405,9866,318,128200,2571,1113245,9546,1241445,12117,31,1504,-211,11379,2903,111261,51,5397,1802,"East TN",2455501,496.069844809674,0.213167488741154,493.46345206131,110.89386646554,463.408485681741,21.3167488741154
2020-12-08,126909,2765,116641,2363,10268,402,130731,2531,1121606,8361,1252337,10892,45,1549,720,12099,2000,113261,71,5468,1826,"East TN",2455501,516.513737929653,0.221191587416274,443.57546586216,112.604311706654,492.730404100833,22.1191587416274
2020-12-09,129555,2646,119026,2385,10529,261,133309,2578,1128704,7098,1262013,9676,21,1570,577,12676,2048,115309,56,5524,1849,"East TN",2455501,581.225582885122,0.228182630168654,394.054003643248,107.758050190165,516.2286637228,22.8182630168654
2020-12-10,132630,3075,121708,2682,10922,393,136259,2950,1140175,11471,1276434,14421,30,1600,2514,15190,531,115840,74,5598,1886,"East TN",2455501,632.783289438693,0.223435932798395,587.293591002406,125.229026581541,618.611028869465,22.3435932798395
2020-12-11,134616,1986,123458,1750,11158,236,138049,1790,1147349,7174,1285398,8964,35,1635,440,15630,1511,117351,50,5648,1911,"East TN",2455501,643.290310205534,0.221756113872296,365.057884317701,80.8796249726634,636.529979014466,22.1756113872296
2020-12-12,137877,3261,126185,2727,11692,534,141023,2974,1158582,11233,1299605,14207,21,1656,1879,17509,1361,118712,73,5721,1936,"East TN",2455501,729.95286908863,0.21885566182952,578.578465250065,132.803855506473,713.052041110959,21.885566182952
2020-12-13,142169,4292,130046,3861,12123,431,145389,4366,1175867,17285,1321256,21651,15,1671,2960,20469,1317,120029,62,5783,1970,"East TN",2455501,844.959949110182,0.214950831085197,881.734521794127,174.791213687146,833.597705722783,21.4950831085197
2020-12-14,145028,2859,132503,2457,12525,402,148062,2673,1185146,9279,1333208,11952,37,1708,-1085,19384,3907,123936,72,5855,2004,"East TN",2455501,850.498533700455,0.21644889552434,486.743845756935,116.432451055813,789.411203660679,21.644889552434
2020-12-15,149155,4127,136044,3541,13111,586,151925,3863,1200167,15021,1352092,18884,34,1742,1612,20996,2481,126417,94,5949,2035,"East TN",2455501,905.965829376571,0.212460528294321,769.048760314087,168.07160738277,855.059721010091,21.2460528294321
2020-12-16,152373,3218,138301,2257,14072,961,154311,2386,1208062,7895,1362373,10281,19,1761,663,21659,2536,128953,60,6009,2077,"East TN",2455501,929.260464565072,0.209266640095656,418.692560092625,131.052685378666,882.060320887672,20.9266640095656
2020-12-17,156441,4068,141674,3373,14767,695,157920,3609,1218762,10700,1376682,14309,58,1819,1449,23108,2561,131514,75,6084,2116,"East TN",2455501,969.700277051404,0.216074136142367,582.73240369277,165.668839067872,941.070681706096,21.6074136142367
2020-12-18,159648,3207,144410,2736,15238,471,160799,2879,1227452,8690,1388251,11569,43,1862,849,23957,2315,133829,62,6146,2146,"East TN",2455501,1019.42536370378,0.221189464575657,471.146214153446,130.604711625041,975.646110508609,22.1189464575657
2020-12-19,162288,2640,146652,2242,15636,398,163267,2468,1235817,8365,1399084,10833,27,1889,1271,25228,1342,135171,41,6187,2183,"East TN",2455501,994.135209067315,0.223604981955991,441.172697547262,107.513700870006,1027.40744149565,22.3604981955991
2020-12-20,165919,3631,149618,2966,16301,665,166585,3318,1249760,13943,1416345,17261,16,1905,2280,27508,1335,136506,55,6242,2217,"East TN",2455501,967.21605896312,0.222906960847206,702.952269211049,147.872063582951,1120.26018315611,22.2906960847206
2020-12-21,168233,2314,151360,1742,16873,572,168488,1903,1256676,6916,1425164,8819,14,1919,-1323,26185,3623,140129,35,6277,2252,"East TN",2455501,945.020995715335,0.222127974248554,359.15277574719,94.2373878080278,1066.38115806102,22.2127974248554
2020-12-22,170888,2655,153062,1702,17826,953,170289,1801,1261729,5053,1432018,6854,62,1981,-294,25891,2887,143016,60,6337,2297,"East TN",2455501,885.073962502968,0.229762530340565,279.128373395083,108.124574170404,1054.40804137323,22.9762530340565
2020-12-23,173106,2218,154508,1446,18598,772,171831,1542,1267506,5777,1439337,7319,41,2022,-557,25334,2734,145750,35,6372,2337,"East TN",2455501,844.349075809784,0.227638896107271,298.065445707414,90.3277986854821,1031.72427948512,22.7638896107271
2020-12-24,175197,2091,155965,1457,19232,634,173429,1598,1273796,6290,1447225,7888,15,2037,-585,24749,2661,148411,30,6402,2376,"East TN",2455501,763.835974817359,0.219851721644954,321.237906235835,85.1557380754477,1007.90022076961,21.9851721644954
2020-12-25,177563,2366,157944,1979,19619,387,175595,2166,1282344,8548,1457939,10714,3,2040,-292,24457,2655,151066,27,6429,2412,"East TN",2455501,729.586345108391,0.212317759155091,436.326436030773,96.3550819160733,996.008553855201,21.2317759155091
2020-12-26,179503,1940,159412,1468,20091,472,177208,1613,1287998,5654,1465206,7267,2,2042,418,24875,1520,152586,43,6472,2450,"East TN",2455501,701.078924423163,0.210837542724056,295.947751599368,79.006280184777,1013.03155649295,21.0837542724056
2020-12-27,180798,1295,160321,909,20477,386,178198,990,1290791,2793,1468989,3783,27,2069,-190,24685,1458,154044,41,6513,2481,"East TN",2455501,605.945589107885,0.220594939594256,154.062246360315,52.7387282676733,1005.29382802125,22.0594939594256
2020-12-28,182194,1396,161299,978,20895,418,179218,1020,1292610,1819,1471828,2839,25,2094,-2416,22269,3787,157831,42,6555,2518,"East TN",2455501,568.560143123542,0.229941710954912,115.617953321949,56.8519418236849,906.902501770514,22.9941710954912
2020-12-29,185100,2906,163026,1727,22074,1179,180998,1780,1296699,4089,1477697,5869,50,2144,-110,22159,2966,160797,64,6619,2560,"East TN",2455501,578.782089683531,0.234440333632523,239.014360002297,118.346520730393,902.422764234264,23.4440333632523
2020-12-30,187428,2328,164642,1616,22786,712,182679,1681,1301179,4480,1483858,6161,40,2184,-533,21626,2821,163618,44,6663,2598,"East TN",2455501,583.261827219781,0.243660295141619,250.906026916707,94.8075362217323,880.716399626797,24.3660295141619
2020-12-31,190872,3444,167321,2679,23551,765,185574,2895,1308300,7121,1493874,10016,52,2236,594,22220,2798,166416,30,6693,2641,"East TN",2455501,638.362598915659,0.260348560526485,407.900465118931,140.256509771326,904.906982322548,26.0348560526485
2021-01-01,193112,2240,169037,1716,24075,524,187430,1856,1314502,6202,1501932,8058,24,2260,-443,21777,2659,169075,30,6723,2680,"East TN",2455501,633.231263192318,0.269020071374991,328.161136973677,91.2237461927322,886.865857517468,26.9020071374991
2021-01-02,195835,2723,171146,2109,24689,614,189681,2251,1321063,6561,1510744,8812,4,2264,1166,22943,1553,170628,63,6786,2716,"East TN",2455501,665.118849473081,0.273903113882911,358.867701540337,110.89386646554,934.35107540172,27.3903113882911
2021-01-03,197149,1314,172050,904,25099,410,190618,937,1324434,3371,1515052,4308,15,2279,-187,22756,1486,172114,26,6812,2759,"East TN",2455501,665.892622320252,0.269630723140047,175.442811874237,53.5125011148438,926.735521590095,26.9630723140047
2021-01-04,198705,1556,173175,1125,25530,431,191798,1180,1326799,2365,1518597,3545,46,2325,-1566,21190,3076,175190,34,6846,2807,"East TN",2455501,672.408604191161,0.268981590369689,144.369723327337,63.3679236945943,862.960349028569,26.8981590369689
2021-01-05,201608,2903,174914,1739,26694,1164,193627,1829,1332071,5272,1525698,7101,43,2368,-426,20764,3286,178476,60,6906,2851,"East TN",2455501,672.286429531081,0.263098685444053,289.1874204083,118.224346070313,845.611547297273,26.3098685444053
2021-01-06,204153,2545,176707,1793,27446,752,195530,1903,1337655,5584,1533185,7487,52,2420,59,20823,2434,180910,62,6968,2894,"East TN",2455501,681.123729943502,0.260526689237132,304.907226671869,103.644836634153,848.01431561217,26.0526689237132
2021-01-07,206665,2512,178846,2139,27819,373,197852,2322,1344764,7109,1542616,9431,33,2453,975,21798,1504,182414,44,7012,2926,"East TN",2455501,643.168135545455,0.251897747322638,384.076406403418,102.300915373278,887.721080138025,25.1897747322638
2021-01-08,209015,2350,180706,1860,28309,490,199843,1991,1352109,7345,1551952,9336,50,2503,1668,23466,632,183046,47,7059,2980,"East TN",2455501,647.647873081705,0.248160735705718,380.207542167566,95.7034837289824,955.650191142256,24.8160735705718
2021-01-09,211592,2577,182709,2003,28883,574,202022,2179,1360300,8191,1562322,10370,27,2530,755,24221,1795,184841,33,7092,3008,"East TN",2455501,641.7020396245,0.239268680445151,422.317075008318,104.948033008335,986.39748059561,23.9268680445151
2021-01-10,213259,1667,183842,1133,29417,534,203273,1251,1366106,5806,1569379,7057,36,2566,-12,24209,1643,186484,41,7133,3048,"East TN",2455501,656.077924627194,0.232941263092017,287.395525393799,67.8883861175377,985.908781955291,23.2941263092017
2021-01-11,214683,1424,184855,1013,29828,411,204370,1097,1369379,3273,1573749,4370,28,2594,-2168,22041,3564,190048,40,7173,3088,"East TN",2455501,650.702239583694,0.227951842181607,177.967754849214,57.992238651094,897.617227604468,22.7951842181607
2021-01-12,216503,1820,185992,1137,30511,683,205565,1195,1373583,4204,1579148,5399,60,2654,-2140,19901,3900,193948,39,7212,3126,"East TN",2455501,606.597187294976,0.223348924228251,219.8736632565,74.1192937815949,810.465970081055,22.3348924228251
2021-01-13,218032,1529,187070,1078,30962,451,206701,1136,1378321,4738,1585022,5874,49,2703,-1336,18565,2816,196764,33,7245,3151,"East TN",2455501,565.220702414701,0.215502440341841,239.217984435763,62.2683517538783,756.057521458961,21.5502440341841
2021-01-14,220283,2251,188851,1781,31432,470,208667,1966,1386846,8525,1595513,10491,38,2741,-199,18366,2412,199176,50,7295,3192,"East TN",2455501,554.59150698778,0.204453938786699,427.244786298193,91.6717199463572,747.953269007017,20.4453938786699
2021-01-15,221248,965,189523,672,31725,293,209361,694,1389904,3058,1599265,3752,23,2764,-375,17991,1317,200493,30,7325,3232,"East TN",2455501,498.18753891772,0.201170925538436,152.799774872826,39.2995156589226,732.681436497073,20.1170925538436
2021-01-16,223681,2433,191274,1751,32407,682,211364,2003,1400795,10891,1612159,12894,13,2777,358,18349,2062,202555,54,7379,3273,"East TN",2455501,492.323155233901,0.18745109055521,525.106689021914,99.0836493245167,747.260945933233,18.745109055521
2021-01-17,224537,856,191880,606,32657,250,212036,672,1404414,3619,1616450,4291,13,2790,-845,17504,1688,204243,24,7403,3306,"East TN",2455501,459.295272125729,0.186165579656264,174.750488800453,34.8605030093655,712.848416677493,18.6165579656264
2021-01-18,225099,562,192199,319,32900,243,212390,354,1406498,2084,1618888,2438,13,2803,-2467,15037,3016,207259,21,7424,3337,"East TN",2455501,424.190419796205,0.177673408803917,99.2872737579826,22.8873863215694,612.380121205408,17.7673408803917
2021-01-19,226777,1678,193169,970,33608,708,213455,1065,1410706,4208,1624161,5273,21,2824,-1173,13864,2830,210089,52,7476,3376,"East TN",2455501,418.407485885772,0.175282696110013,214.742327533159,68.3363598711627,564.609829114303,17.5282696110013
2021-01-20,227761,984,193827,658,33934,326,214152,697,1414702,3996,1628854,4693,32,2856,-1014,12850,1966,212055,29,7505,3416,"East TN",2455501,396.212422637987,0.169989961671838,191.121893251113,40.073288506093,523.314794007414,16.9989961671838
2021-01-21,229327,1566,194969,1142,34358,424,215433,1281,1421635,6933,1637068,8214,65,2921,-762,12088,2263,214318,37,7542,3462,"East TN",2455501,368.315875253156,0.162820358560943,334.514219297813,63.7751725615261,492.282430347208,16.2820358560943
2021-01-22,230315,988,195676,707,34639,281,216250,817,1427079,5444,1643329,6261,32,2953,-729,11359,1685,216003,31,7573,3493,"East TN",2455501,369.252547647099,0.156340777051561,254.978515586025,40.2361880528658,462.593987947877,15.6340777051561
2021-01-23,231747,1432,196645,969,35102,463,217351,1101,1435361,8282,1652712,9383,19,2972,206,11565,1207,217210,41,7614,3518,"East TN",2455501,328.486936067222,0.147633960496141,382.121611842145,58.3180377446395,470.983314606673,14.7633960496141
2021-01-24,232372,625,197136,491,35236,134,217894,543,1438737,3376,1656631,3919,19,2991,-602,10963,1208,218418,20,7634,3546,"East TN",2455501,319.079487241097,0.145790298897489,159.600830950588,25.45305418324,446.466932817376,14.5790298897489
2021-01-25,233112,740,197647,511,35465,229,218443,549,1440494,1757,1658937,2306,44,3035,-1150,9813,1846,220264,20,7654,3577,"East TN",2455501,326.328517072483,0.151139853679243,93.9115887144823,30.1364161529562,399.633313120215,15.1139853679243
2021-01-26,234144,1032,198376,729,35768,303,219227,784,1444960,4466,1664187,5250,63,3098,-918,8895,1887,222151,25,7679,3599,"East TN",2455501,300.020240268687,0.144206265927147,213.805655139216,42.0280830673659,362.247867135872,14.4206265927147
2021-01-27,235097,953,199080,704,36017,249,219982,755,1449482,4522,1669464,5277,55,3153,-390,8505,1288,223439,27,7706,3622,"East TN",2455501,298.757768781198,0.143560699335139,214.905227079932,38.8108170186043,346.36516132553,14.3560699335139
2021-01-28,236425,1328,199794,714,36631,614,220778,796,1453913,4431,1674691,5227,46,3199,-178,8327,1460,224899,28,7734,3649,"East TN",2455501,289.06524574822,0.142067352417404,212.868982745273,54.0826495285484,339.116131494143,14.2067352417404
2021-01-29,237019,594,200145,351,36874,243,221175,397,1456580,2667,1677755,3064,17,3216,-683,7644,1260,226159,17,7751,3669,"East TN",2455501,273.019640391105,0.143060477546041,124.781052827916,24.1905826957513,311.301033882699,14.3060477546041
2021-01-30,238173,1154,201111,966,37062,188,222272,1097,1465630,9050,1687902,10147,44,3260,236,7880,874,227033,29,7780,3689,"East TN",2455501,261.6981218904,0.139840863881785,413.235425275738,46.9965192439343,320.91210714229,13.9840863881785
2021-01-31,238854,681,201553,442,37301,239,222763,491,1469555,3925,1692318,4416,29,3289,-82,7798,734,227767,30,7810,3708,"East TN",2455501,263.978715545219,0.136436237285286,179.841099637101,27.7336478380583,317.572666433449,13.6436237285286
2021-02-01,239547,693,201960,407,37587,286,223204,441,1471251,1696,1694455,2137,39,3328,-543,7255,1197,228964,10,7820,3735,"East TN",2455501,262.064645870639,0.134044709724647,87.0290828633342,28.2223464783765,295.45905295905,13.4044709724647
2021-02-02,240085,538,202309,349,37776,189,223567,363,1472310,1059,1695877,1422,57,3385,-840,6415,1321,230285,12,7832,3751,"East TN",2455501,241.946551844206,0.136951719785421,57.9107888777077,21.909989040933,261.250148136775,13.6951719785421
2021-02-03,241196,1111,203067,758,38129,353,224394,827,1478315,6005,1702709,6832,46,3431,35,6450,1030,231315,39,7871,3763,"East TN",2455501,248.381083941729,0.132711685967815,278.232425887833,45.2453491161274,262.675519171037,13.2711685967815
2021-02-04,242290,1094,203846,779,38444,315,225260,866,1486029,7714,1711289,8580,58,3489,-6,6444,1042,232357,36,7907,3782,"East TN",2455501,238.851460455524,0.122465708508662,349.419527827519,44.5530260423433,262.431169850878,12.2465708508662
2021-02-05,243107,817,204405,559,38702,258,225866,606,1489835,3806,1715701,4412,67,3556,-150,6294,900,233257,28,7935,3796,"East TN",2455501,247.933110188104,0.123623043272018,179.678200090328,33.2722324283313,256.3224368469,12.3623043272018
2021-02-06,244340,1233,205227,822,39113,411,226827,961,1498490,8655,1725317,9616,27,3583,500,6794,706,233963,22,7957,3826,"East TN",2455501,251.150376236866,0.121742616597621,391.610510441657,50.2137852926959,276.684880193492,12.1742616597621
2021-02-07,244857,517,205580,353,39277,164,227233,406,1501574,3084,1728807,3490,2,3585,-129,6665,644,234607,9,7966,3841,"East TN",2455501,244.471494819184,0.122502672038148,142.129854559212,21.0547664203761,271.431369810071,12.2502672038148
2021-02-08,245369,512,205879,299,39490,213,227553,320,1502937,1363,1730490,1683,32,3617,-629,6036,1109,235716,9,7975,3857,"East TN",2455501,237.100290327717,0.120688219786319,68.5399843046287,20.8511419869102,245.815416080059,12.0688219786319
2021-02-09,246397,1028,206511,632,39886,396,228221,668,1507170,4233,1735391,4901,16,3633,-59,5977,1071,236787,38,8013,3868,"East TN",2455501,257.055484807377,0.117781039631523,199.592669683295,41.8651835205931,243.412647765161,11.7781039631523
2021-02-10,247246,849,207094,583,40152,266,228858,637,1513157,5987,1742015,6624,39,3672,-29,5948,839,237626,30,8043,3881,"East TN",2455501,246.385564493763,0.11357044725996,269.761649455651,34.5754288025132,242.231626051058,11.357044725996
2021-02-11,248113,867,207677,583,40436,284,229509,651,1518731,5574,1748240,6225,37,3709,-99,5849,929,238555,31,8074,3899,"East TN",2455501,237.14101521441,0.11499012205353,253.51241966507,35.3084767629905,238.199862268433,11.499012205353
2021-02-12,248945,832,208270,593,40675,239,230158,649,1524242,5511,1754400,6160,34,3743,59,5908,739,239294,11,8085,3908,"East TN",2455501,237.751888514808,0.110907258585493,250.865302030013,33.8831057287291,240.602630583331,11.0907258585493
2021-02-13,249539,594,208643,373,40896,221,230592,434,1528669,4427,1759261,4861,12,3755,-25,5883,607,239901,17,8102,3920,"East TN",2455501,211.728685917864,0.11091798255951,197.963674215567,24.1905826957513,239.584508416001,11.091798255951
2021-02-14,250079,540,209057,414,41022,126,231044,452,1531637,2968,1762681,3420,15,3770,-52,5831,577,240478,15,8117,3933,"East TN",2455501,212.665358311807,0.112505166204168,139.279112490689,21.9914388143194,237.466814307956,11.2505166204168
2021-02-15,250457,378,209266,209,41191,169,231272,228,1532961,1324,1764233,1552,5,3775,-575,5256,948,241426,10,8127,3944,"East TN",2455501,207.20822349492,0.110215452093768,63.2050241478216,15.3940071700236,214.050004459375,11.0215452093768
2021-02-16,251223,766,209694,428,41529,338,231744,472,1536370,3409,1768114,3881,8,3783,-39,5217,797,242223,25,8152,3954,"East TN",2455501,196.538303181306,0.107661278000183,158.053285256247,31.1952632069789,212.461733878341,10.7661278000183
2021-02-17,251844,621,210113,419,41731,202,232195,451,1539624,3254,1771819,3705,11,3794,-91,5126,701,242924,11,8163,3971,"East TN",2455501,187.25302901526,0.11196483693464,150.885705198247,25.2901546364673,208.755769189261,11.196483693464
2021-02-18,252638,794,210664,551,41974,243,232801,606,1545344,5720,1778145,6326,42,3836,23,5149,729,243653,20,8183,3987,"East TN",2455501,184.280112286658,0.110081926099314,257.625633221082,32.3355600343881,209.692441583204,11.0081926099315
2021-02-19,253117,479,210968,304,42149,175,233146,345,1548052,2708,1781198,3053,5,3841,-222,4927,696,244349,11,8194,3996,"East TN",2455501,169.904227283964,0.111500858273005,124.333079074291,19.5072207260351,200.651516737318,11.1500858273005
2021-02-20,253739,622,211415,447,42324,175,233651,505,1553279,5227,1786930,5732,18,3859,74,5001,530,244879,18,8212,4006,"East TN",2455501,171.044524111373,0.110556940980881,233.435050525331,25.3308795231604,203.665158352613,11.0556940980881
2021-02-21,254087,348,211642,227,42445,121,233914,263,1555413,2134,1789327,2397,7,3866,-83,4918,424,245303,12,8224,4024,"East TN",2455501,163.225345866281,0.107708474067402,97.617553403562,14.172260569228,200.284992757079,10.7708474067402
2021-02-22,254445,358,211838,196,42607,162,234142,228,1556795,1382,1790937,1610,7,3873,-481,4437,832,246135,22,8246,4040,"East TN",2455501,162.410848132418,0.10747453565009,65.5670675760262,14.5795094361599,180.696322257657,10.747453565009
2021-02-23,255088,643,212187,349,42901,294,234510,368,1559742,2947,1794252,3315,26,3899,-143,4294,760,246895,27,8273,4046,"East TN",2455501,157.401687069156,0.105822939781162,135.002999387905,26.1861021437173,174.872663460532,10.5822939781162
2021-02-24,255829,741,212736,549,43093,192,235120,610,1565944,6202,1801064,6812,19,3918,56,4350,666,247561,23,8296,4053,"East TN",2455501,162.288673472338,0.100017096939648,277.417928153969,30.1771410396493,177.15325711535,10.0017096939648
2021-02-25,256464,635,213181,445,43283,190,235615,495,1570712,4768,1806327,5263,21,3939,-95,4255,709,248270,16,8312,4062,"East TN",2455501,155.813416488122,0.0998509687034277,214.335078666227,25.8603030501718,173.284392879498,9.98509687034277
2021-02-26,256926,462,213505,324,43421,138,235983,368,1573835,3123,1809818,3491,14,3953,-183,4072,631,248901,11,8323,4067,"East TN",2455501,155.121093414338,0.0991264849755416,142.170579445905,18.814897652251,165.831738614645,9.91264849755416
2021-02-27,257365,439,213730,225,43635,214,236257,274,1577930,4095,1814187,4369,7,3960,10,4082,422,249323,16,8339,4075,"East TN",2455501,147.668439149485,0.0956084675496203,177.927029962521,17.8782252583078,166.238987481577,9.56084675496203
2021-02-28,257731,366,214004,274,43727,92,236570,313,1580490,2560,1817060,2873,5,3965,-52,4030,413,249736,11,8350,4084,"East TN",2455501,148.401487109962,0.0957703818555511,117.002599469518,14.9053085297053,164.121293373532,9.57703818555511
2021-03-01,257975,244,214152,148,43823,96,236726,156,1581269,779,1817995,935,4,3969,-410,3620,650,250386,11,8361,4093,"East TN",2455501,143.75885002694,0.0954985586517851,38.077769058127,9.9368723531369,147.424089829326,9.54985586517851
2021-03-02,258595,620,214542,390,44053,230,237173,447,1584725,3456,1821898,3903,7,3976,5,3625,608,250994,24,8385,4103,"East TN",2455501,142.822177632996,0.0963249656369818,158.949232763497,25.2494297497741,147.627714262792,9.63249656369818
2021-03-03,259078,483,214845,303,44233,180,237528,355,1588899,4174,1826427,4529,7,3983,-145,3480,621,251615,17,8402,4106,"East TN",2455501,132.315156866155,0.0949414501439104,184.44301183343,19.6701202728079,141.72260569228,9.49414501439104
2021-03-04,259686,608,215259,414,44427,194,238000,472,1593721,4822,1831721,5294,18,4001,47,3527,543,252158,20,8422,4111,"East TN",2455501,131.215584925439,0.0939198235803733,215.597550153716,24.7607311094559,143.63667536686,9.39198235803733
2021-03-05,260157,471,215570,311,44587,160,238354,354,1597402,3681,1835756,4035,15,4016,-63,3464,519,252677,16,8438,4116,"East TN",2455501,131.582108905678,0.0914102860667746,164.324917806997,19.1814216324897,141.071007505189,9.14102860667746
2021-03-06,260620,463,215893,323,44727,140,238726,372,1601678,4276,1840404,4648,1,4017,50,3514,412,253089,10,8448,4122,"East TN",2455501,132.559506186314,0.0941755349582332,189.289273349919,18.8556225389442,143.107251839849,9.41755349582332
2021-03-07,260875,255,216057,164,44818,91,238910,184,1603408,1730,1842318,1914,1,4018,-110,3404,364,253453,4,8452,4126,"East TN",2455501,128.039043763371,0.0926439147992715,77.9474331307542,10.3848461067619,138.627514303598,9.26439147992715
2021-03-08,261331,456,216349,292,44982,164,239222,312,1604989,1581,1844211,1893,3,4021,-127,3277,580,254033,9,8461,4134,"East TN",2455501,136.672719742325,0.0952090326518157,77.0922105101973,18.5705483320919,133.455453693564,9.52090326518157
2021-03-09,261870,539,216631,282,45239,257,239541,319,1607565,2576,1847106,2895,6,4027,26,3303,507,254540,21,8482,4146,"East TN",2455501,133.374003920178,0.0939384322437321,117.898546976768,21.9507139276262,134.514300747587,9.39384322437322
2021-03-10,262519,649,217094,463,45425,186,240048,507,1613037,5472,1853085,5979,7,4034,173,3476,469,255009,29,8511,4155,"East TN",2455501,140.134335111246,0.0945307224848076,243.494097538547,26.4304514638764,141.559706145508,9.45307224848076
2021-03-11,263053,534,217434,340,45619,194,240413,365,1616375,3338,1856788,3703,5,4039,88,3564,441,255450,9,8520,4163,"East TN",2455501,137.120693495951,0.0962620177923166,150.80425542486,21.7470894941603,145.143496174508,9.62620177923166
2021-03-12,263516,463,217802,368,45714,95,240829,416,1619722,3347,1860551,3763,5,4044,5,3569,453,255903,12,8532,4171,"East TN",2455501,136.794894402405,0.0998185117967332,153.247748626451,18.8556225389442,145.347120607974,9.98185117967332
2021-03-13,263963,447,218018,216,45945,231,241109,280,1623361,3639,1864470,3919,2,4046,42,3611,403,256306,20,8552,4177,"East TN",2455501,136.143296215314,0.0990193634172692,159.600830950588,18.2040243518532,147.057565849087,9.90193634172692
2021-03-14,264225,262,218194,176,46031,86,241320,211,1625203,1842,1866523,2053,0,4046,-51,3560,313,256619,10,8562,4183,"East TN",2455501,136.428370422166,0.0995662053294774,83.6081923811067,10.6699203136142,144.980596627735,9.95662053294774
2021-03-15,264581,356,218379,185,46202,171,241537,217,1626399,1196,1867936,1413,4,4050,-167,3393,519,257138,15,8577,4187,"East TN",2455501,132.355881752848,0.0975763962065332,57.544264897469,14.4980596627735,138.179540549973,9.75763962065332
2021-03-16,265280,699,218830,451,46450,248,242033,496,1629666,3267,1871699,3763,4,4054,190,3583,505,257643,36,8613,4188,"East TN",2455501,138.871863623757,0.10132964664742,153.247748626451,28.4666957985356,145.917269021678,10.132964664742
2021-03-17,265705,425,219162,332,46543,93,242397,364,1633390,3724,1875787,4088,1,4055,-31,3552,455,258098,16,8629,4197,"East TN",2455501,129.749489004484,0.103471059818518,166.483336801736,17.3080768446032,144.65479753419,10.3471059818518
2021-03-18,266255,550,219511,349,46744,201,242782,385,1636681,3291,1879463,3676,6,4061,99,3651,445,258543,31,8660,4204,"East TN",2455501,130.401087191575,0.104476295479603,149.704683484144,22.3986876812512,148.686561316815,10.4476295479603
2021-03-19,267047,792,220041,530,47006,262,243345,563,1641726,5045,1885071,5608,15,4076,337,3988,440,258983,25,8685,4210,"East TN",2455501,143.799574913633,0.102610114192496,228.385164575376,32.2541102610017,162.410848132418,10.2610114192496
2021-03-20,267320,273,220207,166,47113,107,243539,194,1643847,2121,1887386,2315,1,4077,-42,3946,314,259297,15,8700,4212,"East TN",2455501,136.713444629019,0.106039448420318,94.278112694721,11.1178940672392,160.700402891304,10.6039448420318
2021-03-21,267601,281,220403,196,47198,85,243764,225,1645646,1799,1889410,2024,-10,4067,-28,3918,319,259616,8,8708,4219,"East TN",2455501,137.487217476189,0.1067855114257,82.4271706670044,11.4436931607847,159.560106063895,10.67855114257
2021-03-22,268126,525,220742,339,47384,186,244120,356,1647735,2089,1891855,2445,14,4081,-16,3902,527,260143,19,8727,4226,"East TN",2455501,144.369723327337,0.107989464442493,99.5723479648349,21.3805655139216,158.908507876804,10.7989464442493
2021-03-23,268563,437,220990,248,47573,189,244387,267,1650190,2455,1894577,2722,11,4092,-78,3824,504,260647,17,8744,4231,"East TN",2455501,133.699803013723,0.102893609581257,110.853141578847,17.7967754849214,155.731966714736,10.2893609581257
2021-03-24,269160,597,221447,457,47713,140,244880,493,1654889,4699,1899769,5192,4,4096,85,3909,508,261155,26,8770,4237,"East TN",2455501,140.704483524951,0.103535985322325,211.443611711011,24.3127573558308,159.193582083656,10.3535985322325
2021-03-25,269560,400,221754,307,47806,93,245213,333,1657857,2968,1903070,3301,8,4104,-66,3843,458,261613,23,8793,4241,"East TN",2455501,134.595750520973,0.102977930274918,134.4328509742,16.2899546772736,156.505739561906,10.2977930274918
2021-03-26,269970,410,222076,322,47894,88,245559,346,1660489,2632,1906048,2978,7,4111,-63,3780,466,262079,14,8807,4251,"East TN",2455501,119.038843804177,0.105544167421462,121.278712572302,16.6972035442054,153.940071700236,10.5544167421462
2021-03-27,270173,203,222256,180,47917,23,245769,210,1663001,2512,1908770,2722,2,4113,-164,3616,365,262444,12,8819,4262,"East TN",2455501,116.188101735654,0.104283576505799,110.853141578847,8.26715199871635,147.261190282553,10.4283576505799
2021-03-28,270489,316,222475,219,48014,97,246014,245,1665073,2072,1911087,2317,5,4118,-67,3549,378,262822,17,8836,4268,"East TN",2455501,117.613472769915,0.103796650828067,94.3595624681073,12.8690641950461,144.53262287411,10.3796650828067
2021-03-29,270928,439,222712,237,48216,202,246269,255,1666928,1855,1913197,2110,18,4136,-92,3457,513,263335,18,8854,4273,"East TN",2455501,114.111132514302,0.100693468278512,85.9295109226182,17.8782252583078,140.785933298337,10.0693468278512
2021-03-30,271303,375,222970,258,48333,117,246591,322,1669405,2477,1915996,2799,5,4141,-143,3314,513,263848,20,8874,4279,"East TN",2455501,111.586189539324,0.102899295018442,113.988957854222,15.271832509944,134.962274501212,10.2899295018442
2021-03-31,271964,661,223412,442,48552,219,247079,488,1674222,4817,1921301,5305,4,4145,168,3482,489,264337,18,8892,4284,"East TN",2455501,114.192582287688,0.102127066691436,216.045523907341,26.9191501041946,141.804055465667,10.2127066691436
2021-04-01,272412,448,223733,321,48679,127,247429,350,1677050,2828,1924479,3178,1,4146,-87,3395,534,264871,18,8910,4290,"East TN",2455501,116.147376848961,0.103507870521743,129.423689910939,18.2447492385464,138.26099032336,10.3507870521743
2021-04-02,272763,351,223968,235,48795,116,247681,252,1680070,3020,1927751,3272,0,4146,-78,3317,429,265300,12,8922,4295,"East TN",2455501,113.744608534063,0.0977745012210293,133.251829260098,14.2944352293076,135.084449161291,9.77745012210293
2021-04-03,273106,343,224219,251,48887,92,247956,275,1682421,2351,1930377,2626,0,4146,-55,3262,398,265698,13,8935,4304,"East TN",2455501,119.446092671109,0.101217198130236,106.943552456301,13.9686361357621,132.844580393166,10.1217198130236
2021-04-04,273277,171,224342,123,48935,48,248097,141,1684016,1595,1932113,1736,6,4152,-179,3083,344,266042,8,8943,4308,"East TN",2455501,113.540984100597,0.0990678207933035,70.6984032993674,6.96395562453446,125.554825675086,9.90678207933035
2021-04-05,273684,407,224577,235,49107,172,248320,223,1685235,1219,1933555,1442,6,4158,-93,2990,494,266536,40,8983,4314,"East TN",2455501,112.237787726415,0.100746635229394,58.7252866115713,16.5750288841259,121.76741121262,10.0746635229394
2021-04-06,274115,431,224827,250,49288,181,248598,278,1687321,2086,1935919,2364,3,4161,-6,2984,434,266970,27,9010,4319,"East TN",2455501,114.518381381233,0.100737840686644,96.273632142687,17.5524261647623,121.523061892461,10.0737840686644
2021-04-07,274747,632,225290,463,49457,169,249105,507,1692014,4693,1941119,5200,5,4166,209,3193,418,267388,24,9034,4323,"East TN",2455501,113.337359667131,0.102230295690786,211.769410804557,25.7381283900923,130.034563211336,10.2230295690786
2021-04-08,275153,406,225545,255,49608,151,249394,289,1695025,3011,1944419,3300,-1,4165,47,3240,360,267748,21,9055,4328,"East TN",2455501,111.626914426017,0.0985456369107322,134.392126087507,16.5343039974327,131.948632885916,9.85456369107322
2021-04-09,275671,518,225951,406,49720,112,249844,450,1698901,3876,1948745,4326,4,4169,109,3349,405,268153,31,9086,4331,"East TN",2455501,118.427970503779,0.103029436981995,176.175859834714,21.0954913070693,136.387645535473,10.3029436981995
2021-04-10,275975,304,226166,215,49809,89,250091,247,1701682,2781,1951773,3028,1,4170,-11,3338,314,268467,15,9101,4336,"East TN",2455501,116.839699922745,0.0997850065432791,123.314956906961,12.3803655547279,135.939671781848,9.97850065432791
2021-04-11,276212,237,226329,163,49883,74,250265,174,1703395,1713,1953660,1887,2,4172,-85,3253,320,268787,10,9111,4339,"East TN",2455501,119.527542444495,0.100617255302362,76.8478611900382,9.65179814628461,132.478056412928,10.0617255302362
2021-04-12,276677,465,226652,323,50025,142,250595,330,1705158,1763,1955753,2093,3,4175,13,3266,449,269236,15,9126,4348,"East TN",2455501,121.8895858727,0.102486710514461,85.2371878488341,18.9370723123306,133.007479939939,10.2486710514461
2021-04-13,277055,378,226892,240,50163,138,250845,250,1707215,2057,1958060,2307,3,4178,-56,3210,431,269667,16,9142,4352,"East TN",2455501,119.731166877961,0.10148593107809,93.9523136011755,15.3940071700236,130.726886285121,10.148593107809
2021-04-14,277735,680,227394,502,50341,178,251402,557,1712036,4821,1963438,5378,0,4178,269,3479,411,270078,29,9171,4355,"East TN",2455501,121.685961439234,0.102916797347551,219.018440635944,27.6929229513651,141.681880805587,10.2916797347551
2021-04-15,278275,540,227760,366,50515,174,251782,380,1715181,3145,1966963,3525,2,4180,115,3594,423,270501,24,9195,4360,"East TN",2455501,127.14309625612,0.105926188786373,143.555225593474,21.9914388143194,146.365242775303,10.5926188786373
2021-04-16,279253,978,228655,895,50598,83,252887,1105,1722666,7485,1975553,8590,3,4183,634,4228,341,270842,32,9227,4363,"East TN",2455501,145.876544134985,0.113510892270964,349.826776694451,39.8289391859339,172.184820938782,11.3510892270964
2021-04-17,279455,202,228802,147,50653,55,253060,173,1724897,2231,1977957,2404,0,4183,-91,4137,293,271135,10,9237,4364,"East TN",2455501,141.72260569228,0.113389856400855,97.9026276104143,8.22642711202317,168.478856249702,11.3389856400855
2021-04-18,279673,218,228989,187,50684,31,253262,202,1726700,1803,1979962,2005,6,4189,-122,4015,334,271469,8,9245,4373,"East TN",2455501,140.94883284511,0.113945707550757,81.6533978198339,8.87802529911411,163.510420073134,11.3945707550757
2021-04-19,280001,328,229184,195,50817,133,253472,210,1728149,1449,1981621,1659,8,4197,-212,3803,532,272001,15,9260,4380,"East TN",2455501,135.369523368144,0.111218493892067,67.5625870239923,13.3577628353644,154.876744094179,11.1218493892067
2021-04-20,280354,353,229461,277,50893,76,253753,281,1730597,2448,1984350,2729,4,4201,-113,3690,462,272463,20,9280,4384,"East TN",2455501,134.351401200814,0.110612400152149,111.138215785699,14.375885002694,150.274831897849,11.0612400152149
2021-04-21,280867,513,229791,330,51076,183,254092,339,1734379,3782,1988471,4121,4,4205,30,3720,479,272942,14,9294,4390,"East TN",2455501,127.550345123052,0.10745815523509,167.827258062611,20.8918668736034,151.496578498644,10.745815523509
2021-04-22,281509,642,230189,398,51320,244,254543,451,1738631,4252,1993174,4703,3,4208,193,3913,446,273388,23,9317,4394,"East TN",2455501,131.704283565757,0.105337453740796,191.529142118044,26.1453772570241,159.356481630429,10.5337453740796
2021-04-23,281893,384,230467,278,51426,106,254851,308,1741834,3203,1996685,3511,0,4208,-9,3904,393,273781,11,9328,4398,"East TN",2455501,107.513700870006,0.0929396176414916,142.985077179769,15.6383564901827,158.98995765019,9.29396176414916
2021-04-24,282153,260,230655,188,51498,72,255060,209,1744832,2998,1999892,3207,0,4208,-132,3772,392,274173,20,9348,4405,"East TN",2455501,109.87574429821,0.0911784818782767,130.604711625041,10.5884705402278,153.61427260669,9.11784818782767
2021-04-25,282353,200,230803,148,51550,52,255219,159,1746483,1651,2001702,1810,4,4212,-113,3659,309,274482,17,9365,4410,"East TN",2455501,109.142696337733,0.0900183992640294,73.712044914663,8.1449773386368,149.01236041036,9.00183992640294
2021-04-26,282739,386,231047,244,51692,142,255471,252,1748455,1972,2003926,2224,6,4218,-143,3516,523,275005,15,9380,4418,"East TN",2455501,111.504739765938,0.0896211611746245,90.5721480056412,15.719806263569,143.188701613235,8.96211611746245
2021-04-27,283129,390,231251,204,51878,186,255689,218,1750819,2364,2006508,2582,3,4221,-48,3468,435,275440,25,9405,4424,"East TN",2455501,113.011560573586,0.0873725065439119,105.151657441801,15.8827058103418,141.233907051962,8.73725065439119
2021-04-28,283617,488,231597,346,52020,142,256070,381,1754947,4128,2011017,4509,6,4227,11,3479,471,275911,24,9429,4432,"East TN",2455501,111.993438406256,0.0877317484254413,183.628514099567,19.8737447062738,141.681880805587,8.77317484254413
2021-04-29,284009,392,231876,279,52133,113,256374,304,1757879,2932,2014253,3236,1,4228,18,3497,373,276284,22,9451,4436,"East TN",2455501,101.81221673296,0.0868637032117273,131.785733339143,15.9641555837281,142.414928766064,8.68637032117273
2021-04-30,284378,369,232103,227,52275,142,256614,240,1761146,3267,2017760,3507,0,4228,-1,3496,370,276654,17,9468,4441,"East TN",2455501,101.201343432562,0.0836536180308422,142.822177632996,15.0274831897849,142.374203879371,8.36536180308422
2021-05-01,284613,235,232285,182,52328,53,256803,189,1763637,2491,2020440,2680,-1,4227,-28,3468,264,276918,15,9483,4442,"East TN",2455501,100.183221265233,0.0848257737979365,109.142696337733,9.57034837289824,141.233907051962,8.48257737979365
2021-05-02,284788,175,232413,128,52375,47,256936,133,1765113,1476,2022049,1609,1,4228,-76,3392,250,277168,11,9494,4446,"East TN",2455501,99.165099097903,0.0843859045559542,65.526342689333,7.1268551713072,138.13881566328,8.43859045559542
2021-05-03,285000,212,232527,114,52473,98,257062,126,1766597,1484,2023659,1610,5,4233,-224,3168,431,277599,17,9511,4450,"East TN",2455501,92.078968813289,0.0806263619317894,65.5670675760262,8.63367597895501,129.016441044007,8.06263619317894
2021-05-04,285321,321,232748,221,52573,100,257307,245,1768997,2400,2026304,2645,7,4240,-80,3088,394,277993,12,9523,4458,"East TN",2455501,89.2689516314593,0.0817336835724389,107.717325303472,13.0726886285121,125.758450108552,8.17336835724389
2021-05-05,285785,464,233041,293,52744,171,257618,311,1773147,4150,2030765,4461,5,4245,127,3215,332,278325,22,9545,4463,"East TN",2455501,88.2915543508229,0.0783876848288434,181.673719538294,18.8963474256374,130.930510718587,7.83876848288434
2021-05-06,286071,286,233238,197,52833,89,257849,231,1775585,2438,2033434,2669,4,4249,-100,3115,382,278707,10,9555,4469,"East TN",2455501,83.9747163613454,0.076899014649914,108.694722584108,11.6473175942506,126.858022049268,7.6899014649914
2021-05-07,286437,366,233487,249,52950,117,258118,269,1779034,3449,2037152,3718,0,4249,16,3131,350,279057,15,9570,4474,"East TN",2455501,83.8525417012658,0.0775577557755776,151.415128725258,14.9053085297053,127.509620236359,7.75577557755776
2021-05-08,286608,171,233590,103,53018,68,258232,114,1780929,1895,2039161,2009,0,4249,-94,3037,265,279322,7,9577,4481,"East TN",2455501,81.2461489529021,0.0763313925538166,81.8162973666066,6.96395562453446,123.6814808872,7.63313925538166
2021-05-09,286754,146,233705,115,53049,31,258364,132,1782640,1711,2041004,1843,4,4253,-161,2876,303,279625,11,9588,4486,"East TN",2455501,80.0651272387997,0.0753363228699552,75.0559661755381,5.94583345720486,117.124774129597,7.53363228699552
2021-05-10,286989,235,233841,136,53148,99,258509,145,1784156,1516,2042665,1661,7,4260,-200,2676,428,280053,22,9610,4489,"East TN",2455501,81.001799632743,0.0761338524676418,67.6440367973786,9.57034837289824,108.97979679096,7.61338524676418
2021-05-11,287304,315,234069,228,53235,87,258753,244,1786834,2678,2045587,2922,1,4261,-57,2619,371,280424,19,9629,4493,"East TN",2455501,80.7574503125839,0.0749883316911269,118.998118917484,12.828339308353,106.658478249449,7.49883316911269
2021-05-12,287608,304,234286,217,53322,87,259004,251,1790900,4066,2049904,4317,3,4264,-53,2566,354,280778,16,9645,4495,"East TN",2455501,74.2414684416744,0.0724175766758974,175.809335854475,12.3803655547279,104.50005925471,7.24175766758974
2021-05-13,287818,210,234422,136,53396,74,259149,145,1793633,2733,2052782,2878,1,4265,-131,2435,340,281118,9,9654,4500,"East TN",2455501,71.1463770529924,0.067190407277238,117.206223902984,8.55222620556864,99.165099097903,6.7190407277238
2021-05-14,288119,301,234641,219,53478,82,259397,248,1796318,2685,2055715,2933,1,4266,34,2469,266,281384,21,9675,4505,"East TN",2455501,68.4992594179355,0.0689005009966061,119.446092671109,12.2581908946484,100.549745245471,6.89005009966061
2021-05-15,288227,108,234722,81,53505,27,259499,102,1798306,1988,2057805,2090,0,4266,-154,2315,262,281646,6,9681,4509,"East TN",2455501,65.9335915562649,0.0679575198455267,85.1150131887546,4.39828776286387,94.278112694721,6.79575198455267
2021-05-16,288327,100,234796,74,53531,26,259584,85,1799755,1449,2059339,1534,3,4269,-121,2194,218,281864,4,9685,4513,"East TN",2455501,64.0602467683784,0.0665394055085901,62.4719761873443,4.0724886693184,89.3504014048457,6.65394055085901
2021-05-17,288526,199,234900,104,53626,95,259694,110,1801322,1567,2061016,1677,6,4275,-117,2077,310,282174,10,9695,4520,"East TN",2455501,62.5941508474238,0.0645741376491744,68.2956349844696,8.10425245194362,84.5855896617432,6.45741376491744
2021-05-18,288739,213,235035,135,53704,78,259840,146,1803560,2238,2063400,2384,8,4283,-100,1977,305,282479,22,9717,4526,"East TN",2455501,58.440212404719,0.0610228484814461,97.0881298765507,8.67440086564819,80.5131009924248,6.10228484814461
2021-05-19,288956,217,235199,164,53757,53,260007,167,1806830,3270,2066837,3437,1,4284,-53,1924,269,282748,21,9738,4529,"East TN",2455501,54.897147262412,0.0592334494773519,139.971435564473,8.83730041242093,78.354681997686,5.92334494773519
2021-05-20,289134,178,235332,133,53802,45,260163,156,1820998,14168,2081161,14324,3,4287,-91,1833,266,283014,7,9745,4534,"East TN",2455501,53.5939508882301,0.0357306459001374,583.343276993168,7.24902983138675,74.6487173086063,3.57306459001374
2021-05-21,289298,164,235440,108,53858,56,260284,121,1823276,2278,2083560,2399,0,4287,-58,1775,222,283236,10,9755,4537,"East TN",2455501,48.0146414112639,0.0318549111151015,97.6990031769484,6.67888141768218,72.2866738804016,3.18549111151015
2021-05-22,289369,71,235488,48,53881,23,260346,62,1824862,1586,2085208,1648,0,4287,-105,1670,176,283412,12,9767,4538,"East TN",2455501,46.5078206036161,0.0309090245593548,67.1146132703672,2.89146695521606,68.0105607776173,3.09090245593548
2021-05-23,289443,74,235539,51,53904,23,260407,61,1825927,1065,2086334,1126,3,4290,-128,1542,199,283611,5,9772,4540,"East TN",2455501,45.4489735495933,0.0304871272457863,45.8562224165252,3.01364161529562,62.7977752808897,3.04871272457863
2021-05-24,289603,160,235650,111,53953,49,260533,126,1827851,1924,2088384,2050,0,4290,-90,1452,250,283861,7,9779,4544,"East TN",2455501,43.8607029685592,0.0306562408652441,83.4860177210272,6.51598187090944,59.1325354785032,3.06562408652441
2021-05-25,289747,144,235746,96,54001,48,260621,88,1829578,1727,2090199,1815,0,4290,-72,1380,216,284077,9,9788,4550,"East TN",2455501,41.0506857867295,0.0291428784656144,73.915669348129,5.8643836838185,56.2003436365939,2.91428784656144
2021-05-26,289931,184,235886,140,54045,44,260786,165,1832461,2883,2093247,3048,7,4297,-33,1347,210,284287,14,9802,4555,"East TN",2455501,39.7067645258544,0.0294964028776978,124.129454640825,7.49337915154586,54.8564223757188,2.94964028776978
2021-05-27,290055,124,235962,76,54093,48,260925,139,1835433,2972,2096358,3111,4,4301,-81,1266,201,284488,11,9813,4559,"East TN",2455501,37.5076206444225,0.0501414752911759,126.695122502495,5.04988594995482,51.5577065535709,5.01414752911759
2021-05-28,290172,117,236052,90,54120,27,261023,98,1837545,2112,2098568,2210,0,4301,-59,1207,176,284664,9,9822,4562,"East TN",2455501,35.5935509698428,0.0492404051172708,90.0019995919366,4.76481174310253,49.1549382386731,4.92404051172708
2021-05-29,290223,51,236084,32,54139,19,261060,37,1838621,1076,2099681,1113,0,4301,-88,1119,139,284803,7,9829,4565,"East TN",2455501,34.7790532359791,0.0493332412077662,45.3267988895138,2.07696922135238,45.5711482096729,4.93332412077662
2021-05-30,290278,55,236124,40,54154,15,261106,46,1839708,1087,2100814,1133,0,4301,-66,1053,121,284924,7,9836,4569,"East TN",2455501,34.0052803888086,0.0482734806629834,46.1412966233775,2.23986876812512,42.8833056879227,4.82734806629834
2021-05-31,290358,80,236190,66,54168,14,261177,71,1841135,1427,2102312,1498,6,4307,-95,958,169,285093,4,9840,4574,"East TN",2455501,30.7472894533539,0.0462377943710511,61.0058802663896,3.25799093545472,39.0144414520703,4.62377943710511
2021-06-01,290488,130,236283,93,54205,37,261271,94,1842451,1316,2103722,1410,3,4310,-37,921,164,285257,11,9851,4577,"East TN",2455501,30.1771410396493,0.048066257487244,57.4220902373894,5.29423527011392,37.5076206444225,4.8066257487244
2021-06-02,290607,119,236354,71,54253,48,261344,73,1844430,1979,2105774,2052,1,4311,-19,902,137,285394,9,9860,4581,"East TN",2455501,27.5300234045924,0.0445437854234853,83.5674674944136,4.8462615164889,36.733847797252,4.45437854234853
2021-06-03,290695,88,236410,56,54285,32,261463,119,1847597,3167,2109060,3286,1,4312,-43,859,130,285524,7,9867,4586,"East TN",2455501,26.0639274836378,0.0423555345614864,133.821977673803,3.58379002900019,34.9826776694451,4.23555345614864
2021-06-04,290786,91,236469,59,54317,32,261541,78,1849749,2152,2111290,2230,1,4313,-32,827,122,285646,7,9874,4586,"East TN",2455501,25.005080429615,0.0407168684169156,90.8164973258003,3.70596468907974,33.6794812952632,4.07168684169156
2021-06-05,290827,41,236495,26,54332,15,261571,30,1851132,1383,2112703,1413,-1,4312,-67,760,109,285755,2,9876,4591,"East TN",2455501,24.5978315626831,0.0392412839809553,57.544264897469,1.66972035442054,30.9509138868198,3.92412839809553
2021-06-06,290853,26,236511,16,54342,10,261590,19,1852048,916,2113638,935,-1,4311,-57,703,84,285839,2,9878,4594,"East TN",2455501,23.4168098485808,0.0377417342482845,38.077769058127,1.05884705402278,28.6295953453084,3.77417342482845
2021-06-07,290926,73,236546,35,54380,38,261642,52,1853318,1270,2114960,1322,3,4314,-68,635,138,285977,10,9888,4596,"East TN",2455501,23.1317356417285,0.0367647058823529,53.8383002083892,2.97291672860243,25.8603030501718,3.67647058823529
2021-06-08,291013,87,236613,67,54400,20,261712,70,1854797,1479,2116509,1549,3,4317,-29,606,113,286090,4,9892,4599,"East TN",2455501,21.3805655139216,0.0344881520294049,63.082849487742,3.54306514230701,24.6792813360695,3.44881520294049
2021-06-09,291061,48,236651,38,54410,10,261766,54,1857527,2730,2119293,2784,0,4317,-63,543,111,286201,3,9895,4602,"East TN",2455501,18.4890985587055,0.0312153265774096,113.378084553824,1.95479456127283,22.1136134743989,3.12153265774096
2021-06-10,291136,75,236708,57,54428,18,261832,66,1859312,1785,2121144,1851,4,4321,-21,522,92,286293,4,9899,4605,"East TN",2455501,17.9596750316941,0.0305362462760675,75.3817652690836,3.0543665019888,21.258390853842,3.05362462760675
2021-06-11,291206,70,236754,46,54452,24,261888,56,1860797,1485,2122685,1541,2,4323,-4,518,72,286365,4,9903,4606,"East TN",2455501,17.1044524111373,0.0304519526107942,62.7570503941965,2.85074206852288,21.0954913070693,3.04519526107942
2021-06-12,291235,29,236776,22,54459,7,261919,31,1861991,1194,2123910,1225,3,4326,-24,494,50,286415,1,9904,4609,"East TN",2455501,16.6157537708191,0.0310520210582672,49.8879861991504,1.18102171410234,20.1180940264329,3.10520210582672
2021-06-13,291253,18,236790,14,54463,4,261940,21,1862834,843,2124774,864,1,4327,-41,453,58,286473,1,9905,4610,"East TN",2455501,16.2899546772736,0.0314295977011494,35.186302102911,0.733047960477312,18.4483736720124,3.14295977011494
2021-06-14,291306,53,236823,33,54483,20,261981,41,1864087,1253,2126068,1294,3,4330,-9,444,59,286532,3,9908,4611,"East TN",2455501,15.4754569434099,0.0305185451926539,52.6980033809801,2.15841899473875,18.0818496917737,3.05185451926539
2021-06-15,291394,88,236892,69,54502,19,262069,88,1865969,1882,2128038,1970,0,4330,-7,437,95,286627,4,9912,4614,"East TN",2455501,15.5161818301031,0.0309653916211293,80.2280267855725,3.58379002900019,17.7967754849214,3.09653916211293
2021-06-16,291461,67,236932,40,54529,27,262107,38,1867875,1906,2129982,1944,2,4332,-14,423,79,286706,7,9919,4617,"East TN",2455501,16.2899546772736,0.0319019552811301,79.1691797315497,2.72856740844333,17.2266270712168,3.19019552811301
2021-06-17,291512,51,236970,38,54542,13,262153,46,1870225,2350,2132378,2396,1,4333,-7,416,57,286763,1,9920,4621,"East TN",2455501,15.3125573966372,0.0285739718711056,97.5768285168689,2.07696922135238,16.9415528643645,2.85739718711056
2021-06-18,291574,62,237021,51,54553,11,262208,55,1871953,1728,2134161,1783,2,4335,-1,415,61,286824,4,9924,4623,"East TN",2455501,14.9867583030917,0.0278842802370164,72.6124729739471,2.52494297497741,16.9008279776714,2.78842802370164
2021-06-19,291602,28,237038,17,54564,11,262226,18,1873104,1151,2135330,1169,0,4335,-16,399,44,286868,5,9929,4625,"East TN",2455501,14.9460334163985,0.0268826619964974,47.6073925443321,1.14029682740915,16.2492297905804,2.68826619964974
2021-06-20,291627,25,237059,21,54568,4,262243,17,1873858,754,2136101,771,3,4338,-13,386,35,286903,2,9931,4628,"East TN",2455501,15.2311076232508,0.0267502427827315,31.3988876404449,1.0181221673296,15.719806263569,2.67502427827315
2021-06-21,291694,67,237099,40,54595,27,262295,52,1875130,1272,2137425,1324,6,4344,3,389,58,286961,2,9933,4629,"East TN",2455501,15.8012560369554,0.0276481465175663,53.9197499817756,2.72856740844333,15.8419809236486,2.76481465175663
2021-06-22,291787,93,237145,46,54642,47,262346,51,1876557,1427,2138903,1478,5,4349,36,425,52,287013,7,9940,4633,"East TN",2455501,16.0048804704213,0.0254947077772665,60.1913825325259,3.78741446246611,17.3080768446032,2.54947077772665
2021-06-23,291856,69,237193,48,54663,21,262401,55,1878346,1789,2140747,1844,2,4351,6,431,61,287074,5,9945,4637,"East TN",2455501,16.0863302438077,0.0273107292150488,75.0966910622313,2.8100171818297,17.5524261647623,2.73107292150488
2021-06-24,291939,83,237245,52,54694,31,262463,62,1880190,1844,2142653,1906,3,4354,27,458,53,287127,6,9951,4638,"East TN",2455501,17.3895266179896,0.0301703163017032,77.6216340372087,3.38016559553427,18.6519981054783,3.01703163017032
2021-06-25,292018,79,237301,56,54717,23,262532,69,1881996,1806,2144528,1875,0,4354,32,490,47,287174,3,9954,4640,"East TN",2455501,18.0818496917737,0.0312530143725282,76.35916254972,3.21726604876154,19.9551944796602,3.12530143725282
2021-06-26,292053,35,237319,18,54734,17,262553,21,1883180,1184,2145733,1205,0,4354,1,491,34,287208,2,9956,4642,"East TN",2455501,18.366923898626,0.0314332404114198,49.0734884652867,1.42537103426144,19.9959193663533,3.14332404114198
2021-06-27,292082,29,237339,20,54743,9,262577,24,1883894,714,2146471,738,2,4356,-9,482,36,287244,3,9959,4644,"East TN",2455501,18.5298234453987,0.0322082931533269,30.0549663795698,1.18102171410234,19.6293953861147,3.22082931533269
2021-06-28,292126,44,237363,24,54763,20,262602,25,1884446,552,2147048,577,4,4360,-15,467,55,287299,3,9962,4644,"East TN",2455501,17.5931510514555,0.0319027330354359,23.4982596219672,1.7918950145001,19.0185220857169,3.19027330354359
2021-06-29,292257,131,237449,86,54808,45,262699,97,1886460,2014,2149159,2111,0,4360,79,546,52,287351,7,9969,4647,"East TN",2455501,19.1406967457965,0.0344188767550702,85.9702358093114,5.3349601568071,22.2357881344785,3.44188767550702
2021-06-30,292342,85,237512,63,54830,22,262774,75,1888104,1644,2150878,1719,3,4363,29,575,53,287404,4,9973,4647,"East TN",2455501,19.7922949328874,0.0368176882834863,70.0060802255833,3.46161536892064,23.4168098485808,3.68176882834863
2021-07-01,292448,106,237565,53,54883,53,262839,65,1890656,2552,2153495,2617,1,4364,56,631,49,287453,2,9975,4650,"East TN",2455501,20.7289673268307,0.0346799483490131,106.577028476063,4.3168379894775,25.6974035033991,3.46799483490131
2021-07-02,292530,82,237628,63,54902,19,262913,74,1892338,1682,2155251,1756,0,4364,32,663,50,287503,3,9978,4652,"East TN",2455501,20.8511419869102,0.035531101370885,71.5129010332311,3.33944070884109,27.000599877581,3.5531101370885
2021-07-03,292578,48,237664,36,54914,12,262953,40,1893427,1089,2156380,1129,1,4365,1,664,46,287549,3,9981,4655,"East TN",2455501,21.3805655139216,0.0375692683384991,45.9783970766047,1.95479456127283,27.0413247642742,3.75692683384991
2021-07-04,292605,27,237685,21,54920,6,262978,25,1894127,700,2157105,725,0,4365,-13,651,40,287589,1,9982,4656,"East TN",2455501,21.2991157405352,0.0377092345307504,29.5255428525584,1.09957194071597,26.5119012372628,3.77092345307504
2021-07-05,292648,43,237709,24,54939,19,263003,25,1894609,482,2157612,507,0,4365,-30,621,73,287662,2,9984,4657,"East TN",2455501,21.258390853842,0.0379591063990913,20.6475175534443,1.75117012780691,25.2901546364673,3.79591063990913
2021-07-06,292810,162,237813,104,54997,58,263116,113,1895934,1325,2159050,1438,5,4370,82,703,75,287737,6,9990,4657,"East TN",2455501,22.5208623413308,0.0421595389748256,58.5623870647986,6.59743164429581,28.6295953453084,4.21595389748256
2021-07-07,292952,142,237893,80,55059,62,263204,88,1897393,1459,2160597,1547,4,4374,81,784,57,287794,6,9996,4659,"East TN",2455501,24.8421808828422,0.04424323490071,63.0013997143556,5.78293391043213,31.9283111674563,4.42432349007099
2021-07-08,293092,140,237995,102,55097,38,263321,117,1899247,1854,2162568,1971,2,4376,76,860,62,287856,3,9999,4661,"East TN",2455501,26.2268270304105,0.0531246555714758,80.2687516722657,5.70148413704576,35.0234025561382,5.31246555714758
2021-07-09,293256,164,238117,122,55139,42,263452,131,1900992,1745,2164444,1876,0,4376,100,960,64,287920,4,10003,4663,"East TN",2455501,29.5662677392516,0.0586315674970086,76.3998874364132,6.67888141768218,39.0958912254566,5.86315674970086
2021-07-10,293360,104,238190,73,55170,31,263526,74,1902048,1056,2165574,1130,0,4376,56,1016,48,287968,13,10016,4664,"East TN",2455501,31.8468613940699,0.0623232542962802,46.0191219632979,4.23538821609114,41.3764848802749,6.23232542962802
2021-07-11,293408,48,238225,35,55183,13,263569,43,1902803,755,2166372,798,2,4378,4,1020,42,288010,7,10023,4664,"East TN",2455501,32.7020840146267,0.0637746843638718,32.4984595811608,1.95479456127283,41.5393844270477,6.37746843638718
2021-07-12,293581,173,238342,117,55239,56,263694,125,1904169,1366,2167863,1491,1,4379,92,1112,80,288090,14,10037,4665,"East TN",2455501,37.9963192847407,0.0674080577504634,60.7208060595373,7.04540539792083,45.2860740028206,6.74080577504634
2021-07-13,293795,214,238479,137,55316,77,263839,145,1905791,1622,2169630,1767,4,4383,149,1261,61,288151,17,10054,4669,"East TN",2455501,40.1140133927862,0.0683364839319471,71.9608747868561,8.71512575234138,51.354082120105,6.83364839319471
2021-07-14,293968,173,238615,136,55353,37,263981,142,1907353,1562,2171334,1704,0,4383,103,1364,70,288221,12,10066,4670,"East TN",2455501,41.3764848802749,0.0723665828443699,69.3952069251855,7.04540539792083,55.548745449503,7.23665828443699
2021-07-15,294188,220,238765,150,55423,70,264148,167,1909154,1801,2173302,1968,0,4383,118,1482,102,288323,15,10081,4670,"East TN",2455501,44.6344758157297,0.0770449040432271,80.1465770121861,8.95947507250048,60.3542820792987,7.70449040432271
2021-07-16,294418,230,238907,142,55511,88,264302,154,1910683,1529,2174985,1683,0,4383,164,1646,66,288389,10,10091,4674,"East TN",2455501,47.3223183374798,0.0806375106726117,68.5399843046287,9.36672393943232,67.0331634969809,8.06375106726117
2021-07-17,294562,144,239007,100,55555,44,264412,110,1911901,1218,2176313,1328,0,4383,54,1700,90,288479,5,10096,4676,"East TN",2455501,48.9513138052072,0.0825030263525468,54.0826495285484,5.8643836838185,69.2323073784128,8.25030263525468
2021-07-18,294706,144,239128,121,55578,23,264544,132,1913027,1126,2177571,1258,0,4383,50,1750,94,288573,6,10102,4678,"East TN",2455501,52.8609029277528,0.0870613447629253,51.2319074600255,5.8643836838185,71.268551713072,8.70613447629253
2021-07-19,295009,303,239339,211,55670,92,264760,216,1914717,1690,2179477,1906,3,4386,165,1915,135,288708,14,10116,4679,"East TN",2455501,58.1551381978667,0.0917857757878423,77.6216340372087,12.3396406680348,77.9881580174473,9.17857757878423
2021-07-20,295365,356,239577,238,55788,118,265014,254,1916377,1660,2181391,1914,2,4388,213,2128,141,288849,22,10138,4681,"East TN",2455501,63.9380721082989,0.0999064705382195,77.9474331307542,14.4980596627735,86.6625588830955,9.99064705382195
2021-07-21,295766,401,239870,293,55896,108,265324,310,1918493,2116,2183817,2426,3,4391,247,2375,151,289000,28,10166,4685,"East TN",2455501,73.2233462743448,0.107586317391653,98.7985751176644,16.3306795639668,96.721605896312,10.7586317391653
2021-07-22,296240,474,240203,333,56037,141,265691,367,1920862,2369,2186553,2736,5,4396,321,2696,148,289148,21,10187,4688,"East TN",2455501,83.5674674944136,0.116444041959097,111.423289992551,19.3035962925692,109.794294524824,11.6444041959097
2021-07-23,296701,461,240523,320,56178,141,266024,333,1922765,1903,2188789,2236,1,4397,328,3024,132,289280,27,10214,4694,"East TN",2455501,92.9749163205391,0.12474645030426,91.0608466459594,18.7741727655578,123.152057360188,12.474645030426
2021-07-24,297059,358,240772,249,56287,109,266289,265,1924516,1751,2190805,2016,0,4397,226,3250,132,289412,21,10235,4698,"East TN",2455501,101.69004207288,0.129519735026221,82.1013715734589,14.5795094361599,132.355881752848,12.9519735026221
2021-07-25,297287,228,240962,190,56325,38,266492,203,1925831,1315,2192323,1518,3,4400,97,3347,128,289540,17,10252,4703,"East TN",2455501,105.110932555108,0.13204989154013,61.8203780002533,9.28527416604595,136.306195762087,13.204989154013
2021-07-26,297954,667,241423,461,56531,206,266978,486,1927560,1729,2194538,2215,10,4410,448,3795,209,289749,36,10288,4707,"East TN",2455501,119.934791311427,0.147267777704004,90.2056240254026,27.1634994243537,154.550945000633,14.7267777704004
2021-07-27,298681,727,241913,490,56768,237,267493,515,1929881,2321,2197374,2836,2,4412,534,4329,191,289940,28,10316,4713,"East TN",2455501,135.043724274598,0.155102296189702,115.49577866187,29.6069926259448,176.298034494794,15.5102296189702
2021-07-28,299500,819,242461,548,57039,271,268106,613,1932748,2867,2200854,3480,2,4414,559,4888,258,290198,37,10353,4716,"East TN",2455501,152.066726912349,0.163291659329694,141.72260569228,33.3536822017177,199.063246156283,16.3291659329694
2021-07-29,300188,688,242916,455,57272,233,268602,496,1935176,2428,2203778,2924,3,4417,474,5362,211,290409,23,10376,4720,"East TN",2455501,160.78185266469,0.16899854862119,119.07956869087,28.0187220449106,218.366842448853,16.899854862119
2021-07-30,301186,998,243664,748,57522,250,269404,802,1936979,1803,2206383,2605,4,4421,750,6112,244,290653,41,10417,4725,"East TN",2455501,182.65111681893,0.192110946913721,106.088329835744,40.6434369197976,248.910507468741,19.2110946913721
2021-07-31,301721,535,244029,365,57692,170,269800,396,1938949,1970,2208749,2366,2,4423,319,6431,214,290867,32,10449,4735,"East TN",2455501,189.859421763624,0.195664288898796,96.3550819160733,21.7878143808534,261.901746323866,19.5664288898796
2021-08-01,302255,534,244451,422,57804,112,270261,461,1941087,2138,2211348,2599,3,4426,322,6753,209,291076,28,10477,4739,"East TN",2455501,202.321237091738,0.198107752956636,105.843980515585,21.7470894941603,275.015159839072,19.8107752956636
2021-08-02,303105,850,244988,537,58117,313,270797,536,1943422,2335,2214219,2871,9,4435,416,7169,425,291501,32,10509,4747,"East TN",2455501,209.773891356591,0.194045018037701,116.921149696131,34.6161536892064,291.956712703436,19.4045018037701
2021-08-03,304443,1338,245956,968,58487,370,271812,1015,1947197,3775,2219009,4790,4,4439,897,8066,437,291938,40,10549,4757,"East TN",2455501,234.656797126126,0.199630228795933,195.072207260351,54.4898983954802,328.486936067222,19.9630228795933
2021-08-04,305529,1086,246789,833,58740,253,272698,886,1950816,3619,2223514,4505,8,4447,646,8712,432,292370,40,10589,4763,"East TN",2455501,245.530341873206,0.202647837599294,183.465614552794,44.2272269487978,354.795212871019,20.2647837599294
2021-08-05,306707,1178,247678,889,59029,289,273649,951,1954782,3966,2228431,4917,10,4457,665,9377,503,292873,43,10632,4770,"East TN",2455501,265.485536352866,0.204721534904474,200.244267870386,47.9739165245707,381.877262521986,20.4721534904474
2021-08-06,308046,1339,248665,987,59381,352,274732,1083,1959410,4628,2234142,5711,3,4460,907,10284,429,293302,52,10684,4783,"East TN",2455501,279.372722715242,0.191937749918945,232.579827904774,54.5306232821734,418.814734752704,19.1937749918945
2021-08-07,308770,724,249189,524,59581,200,275316,584,1962412,3002,2237728,3586,0,4460,327,10611,397,293699,28,10712,4792,"East TN",2455501,287.069726300254,0.190344732392422,146.039443681758,29.4848179658652,432.131772701375,19.0344732392422
2021-08-08,309406,636,249640,451,59766,185,275842,526,1964527,2115,2240369,2641,5,4465,220,10831,411,294110,29,10741,4802,"East TN",2455501,291.223664742959,0.192309017607939,107.554425756699,25.901027936865,441.091247773876,19.2309017607939
2021-08-09,310775,1369,250600,960,60175,409,276849,1007,1968065,3538,2244914,4545,13,4478,572,11403,784,294894,66,10807,4814,"East TN",2455501,312.359880936721,0.197165662159961,185.094610020521,55.7523698829689,464.385882962377,19.7165662159961
2021-08-10,312102,1327,251448,848,60654,479,277766,917,1971317,3252,2249083,4169,6,4484,549,11952,772,295666,48,10855,4828,"East TN",2455501,311.911907183096,0.197978320143646,169.782052623884,54.0419246418552,486.743845756935,19.7978320143646
2021-08-11,313989,1887,252752,1304,61237,583,279150,1384,1976673,5356,2255823,6740,8,4492,1064,13016,815,296481,63,10918,4847,"East TN",2455501,344.532541424337,0.199696678943948,274.48573631206,76.8478611900382,530.075125198483,19.9696678943948
2021-08-12,315451,1462,253815,1063,61636,399,280312,1162,1981155,4482,2261467,5644,10,4502,586,13602,866,297347,45,10963,4861,"East TN",2455501,356.098409245201,0.201689066472939,229.85126049633,59.539784345435,553.939908800689,20.1689066472939
2021-08-13,317098,1647,254932,1117,62166,530,281486,1174,1986574,5419,2268060,6593,11,4513,794,14396,842,298189,30,10993,4885,"East TN",2455501,368.641674346702,0.199127307034613,268.499177968162,67.073888383674,586.275468835077,19.9127307034613
2021-08-14,318629,1531,256021,1089,62608,442,282686,1200,1992049,5475,2274735,6675,1,4514,912,15308,618,298807,27,11020,4899,"East TN",2455501,401.506657908101,0.199151511876132,271.838618677003,62.3498015272647,623.416565499261,19.9151511876132
2021-08-15,319774,1145,256985,964,62789,181,283743,1057,1995858,3809,2279601,4866,11,4525,426,15734,708,299515,20,11040,4912,"East TN",2455501,422.235625234932,0.201391721044046,198.167298649033,46.6299952636957,640.765367230557,20.1391721044046
2021-08-16,321215,1441,257901,916,63314,525,284705,962,1998918,3060,2283623,4022,17,4542,177,15911,1247,300762,29,11069,4930,"East TN",2455501,425.167817076841,0.202950218295487,163.795494279986,58.6845617248781,647.973672175251,20.2950218295487
2021-08-17,322952,1737,259116,1215,63836,522,286026,1321,2003777,4859,2289803,6180,10,4552,513,16424,1214,301976,25,11094,4945,"East TN",2455501,441.865020621046,0.202848722986248,251.679799763877,70.7391281860606,668.865539048854,20.2848722986248
2021-08-18,325043,2091,260502,1386,64541,705,287505,1479,2009197,5420,2296702,6899,13,4565,933,17357,1145,303121,32,11126,4959,"East TN",2455501,450.172897506456,0.20438366887644,280.960993296276,85.1557380754477,706.861858333595,20.438366887644
2021-08-19,327434,2391,261995,1493,65439,898,289083,1578,2019149,9952,2308232,11530,23,4588,1120,18477,1248,304369,43,11169,4979,"East TN",2455501,488.006317244424,0.18755479525286,469.557943572411,97.3732040834029,752.473731429961,18.755479525286
2021-08-20,329889,2455,263973,1978,65916,477,291193,2110,2026043,6894,2317236,9004,4,4592,1274,19751,1177,305546,37,11206,5012,"East TN",2455501,520.912025692517,0.197393037253945,366.686879785429,99.9795968317667,804.357237077077,19.7393037253945
2021-08-21,332811,2922,265936,1963,66875,959,293310,2117,2034972,8929,2328282,11046,0,4592,2167,21918,755,306301,57,11263,5036,"East TN",2455501,577.560343082735,0.198405139410238,449.84709841291,118.998118917484,892.608066541207,19.8405139410238
2021-08-22,334296,1485,267277,1341,67019,144,294826,1516,2040484,5512,2335310,7028,7,4599,546,22464,932,307233,17,11280,5055,"East TN",2455501,591.406804558418,0.198944515248883,286.214503679697,60.4764567393782,914.843854675685,19.8944515248883
2021-08-23,336245,1949,268405,1128,67840,821,296014,1188,2044451,3967,2340465,5155,18,4617,186,22650,1745,308978,38,11318,5076,"East TN",2455501,612.095046998556,0.198954998064811,209.936790903364,79.3728041650156,922.418683600618,19.8954998064811
2021-08-24,338228,1983,269792,1387,68436,596,297452,1438,2048230,3779,2345682,5217,15,4632,145,22795,1823,310801,25,11343,5112,"East TN",2455501,622.113369125079,0.204477531809803,212.461733878341,80.7574503125839,928.323792171129,20.4477531809803
2021-08-25,340455,2227,271002,1210,69453,1017,298699,1247,2052266,4036,2350965,5283,17,4649,614,23409,1596,312397,39,11382,5149,"East TN",2455501,627.651953715352,0.206291579897905,215.149576400091,90.6943226657208,953.328872600744,20.6291579897905
2021-08-26,343112,2657,272837,1835,70275,822,300661,1962,2059110,6844,2359771,8806,24,4673,739,24148,1894,314291,40,11422,5178,"East TN",2455501,638.484773575739,0.224645414152389,358.623352220178,108.20602394379,983.424563867007,22.4645414152389
2021-08-27,346120,3008,275110,2273,71010,735,303030,2369,2066178,7068,2369208,9437,19,4692,1304,25452,1685,315976,44,11466,5199,"East TN",2455501,661.00563591707,0.227757253905949,384.320755723577,122.500459173097,1036.52981611492,22.7757253905949
2021-08-28,348264,2144,276650,1540,71614,604,304702,1672,2072045,5867,2376747,7539,1,4693,920,26372,1223,317199,33,11499,5234,"East TN",2455501,629.321674069772,0.235056226142577,307.024920779914,87.3141570701865,1073.99671187265,23.5056226142577
2021-08-29,350600,2336,278477,1827,72123,509,306722,2020,2079039,6994,2385761,9014,9,4702,1071,27443,1256,318455,45,11544,5265,"East TN",2455501,663.978552645672,0.235793145824662,367.094128652361,95.1333353152778,1117.61306552105,23.5793145824662
2021-08-30,353843,3243,280891,2414,72952,829,309328,2606,2088081,9042,2397409,11648,21,4723,478,27921,2744,321199,70,11614,5305,"East TN",2455501,716.676556026652,0.233808654116325,474.363480202207,132.070807545996,1137.07956136039,23.3808654116325
2021-08-31,357430,3587,283299,2408,74131,1179,311939,2611,2096668,8587,2408607,11198,7,4730,914,28835,2666,323865,79,11693,5340,"East TN",2455501,781.999274282519,0.230226460071514,456.037281190274,146.080168568451,1174.30210779796,23.0226460071514
2021-09-01,358864,1434,284248,949,74616,485,312928,989,2098951,2283,2411879,3272,15,4745,-965,27870,2384,326249,31,11724,5382,"East TN",2455501,749.704439134824,0.233591620973832,133.251829260098,58.3994875180259,1135.00259213904,23.3591620973832
2021-09-02,361179,2315,285738,1490,75441,825,314444,1516,2103214,4263,2417658,5779,19,4764,-579,27291,2875,329124,44,11768,5412,"East TN",2455501,735.776527885755,0.238101819061275,235.34912019991,94.278112694721,1111.42288274368,23.8101819061275
2021-09-03,362932,1753,286960,1222,75972,531,315739,1295,2107320,4106,2423059,5401,17,4781,-1007,26284,2743,331867,32,11800,5440,"East TN",2455501,684.666795085809,0.236003045440196,219.955113029887,71.3907263731516,1070.41292184365,23.6003045440196
2021-09-04,366195,3263,289302,2342,76893,921,318316,2577,2115368,8048,2433684,10625,3,4784,1517,27801,1743,333610,56,11856,5471,"East TN",2455501,730.237943295482,0.239106380736604,432.70192111508,132.885305279859,1132.19257495721,23.9106380736604
2021-09-05,370652,4457,292555,3253,78097,1204,321804,3488,2127878,12510,2449682,15998,8,4792,2736,30537,1713,335323,58,11914,5523,"East TN",2455501,816.615427971726,0.235947497692464,651.516737317558,181.510819991521,1243.61586494976,23.5947497692464
2021-09-06,375565,4913,296494,3939,79071,974,326093,4289,2143517,15639,2469610,19928,11,4803,961,31498,3941,339264,102,12016,5558,"East TN",2455501,884.625988749343,0.23219900001385,811.565542021771,200.081368323613,1282.75248106191,23.219900001385
2021-09-07,377647,2082,297950,1456,79697,626,327611,1518,2147943,4426,2475554,5944,34,4837,-1809,29689,3857,343121,62,12078,5590,"East TN",2455501,823.335034276101,0.234095627884745,242.068726504286,84.7892140952091,1209.08116103394,23.4095627884745
2021-09-08,379321,1674,299126,1176,80195,498,328872,1261,2152323,4380,2481195,5641,20,4857,-1782,27907,3436,346557,60,12138,5631,"East TN",2455501,833.109007082465,0.230019043222344,229.729085836251,68.17346032439,1136.50941294669,23.0019043222344
2021-09-09,381232,1911,300132,1006,81100,905,329952,1080,2155989,3666,2485941,4746,7,4864,-1609,26298,3513,350070,55,12193,5670,"East TN",2455501,816.656152858419,0.227113630039688,193.280312245851,77.8252584706746,1070.98307025735,22.7113630039688
2021-09-10,386720,5488,303967,3835,82753,1653,334086,4134,2168095,12106,2502181,16240,23,4887,2260,28558,3205,353275,142,12335,5705,"East TN",2455501,968.763604657461,0.231882409443644,661.372159897308,223.498178172194,1163.02131418395,23.1882409443644
2021-09-11,391002,4282,307076,3109,83926,1173,337405,3319,2179916,11821,2517321,15140,8,4895,2503,31061,1771,355046,119,12454,5749,"East TN",2455501,1010.26226419782,0.228236306897665,616.574784534806,174.383964820214,1264.95570557699,22.8236306897665
2021-09-12,392584,1582,308502,1426,84082,156,338960,1555,2185160,5244,2524120,6799,23,4918,-129,30932,1688,356734,49,12503,5793,"East TN",2455501,893.178214954911,0.230473682796421,276.888504626958,64.4267707486171,1259.70219519357,23.0473682796421
2021-09-13,394936,2352,309954,1452,84982,900,340466,1506,2190283,5123,2530749,6629,63,4981,-1933,28999,4222,360956,83,12586,5843,"East TN",2455501,788.881780133667,0.235087260177628,269.965273889117,95.7849335023688,1180.98098921564,23.5087260177628
2021-09-14,397749,2813,311909,1955,85840,858,342541,2075,2196505,6222,2539046,8297,43,5024,-938,28061,3708,364664,64,12650,5886,"East TN",2455501,818.651672306385,0.235147735147735,337.894384893348,114.559106267927,1142.78104549744,23.5147735147735
2021-09-15,399541,1792,313104,1195,86437,597,343758,1217,2200280,3775,2544038,4992,23,5047,-1550,26511,3319,367983,36,12686,5924,"East TN",2455501,823.45720893618,0.236876024378212,203.298634372375,72.9789969541857,1079.657471123,23.6876024378212
2021-09-16,402187,2646,314956,1852,87231,794,345715,1957,2206939,6659,2552654,8616,23,5070,-557,25954,3180,371163,65,12751,5960,"East TN",2455501,853.390000655671,0.236280784854526,350.885623748473,107.758050190165,1056.9737092349,23.6280784854526
2021-09-17,404872,2685,316832,1876,88040,809,347720,2005,2214143,7204,2561863,9209,23,5093,-53,25901,2715,373878,83,12834,6015,"East TN",2455501,739.238143254676,0.228444086994404,375.035481557531,109.346320771199,1054.81529024016,22.8444086994404
2021-09-18,406327,1455,318012,1180,88315,275,349057,1337,2219615,5472,2568672,6809,3,5096,-278,25623,1730,375608,40,12874,6073,"East TN",2455501,624.108888573045,0.226908920955775,277.29575349389,59.2547101385827,1043.49377173945,22.6908920955775
2021-09-19,406971,644,318458,446,88513,198,349570,513,2221692,2077,2571262,2590,17,5113,-1069,24554,1696,377304,24,12898,6116,"East TN",2455501,585.908944854838,0.225064698146027,105.477456535347,26.2268270304105,999.95886786444,22.5064698146027
2021-09-20,408953,1982,319715,1257,89238,725,350941,1371,2227329,5637,2578270,7008,48,5161,187,24741,1747,379051,70,12968,6158,"East TN",2455501,570.84073677836,0.220428863028977,285.400005945833,80.7167254258907,1007.57442167607,22.0428863028977
2021-09-21,410825,1872,320817,1102,90008,770,352081,1140,2231634,4305,2583715,5445,31,5192,-2036,22705,3877,382928,61,13029,6204,"East TN",2455501,532.518618400074,0.213570932861716,221.747008044387,76.2369878896404,924.658552368743,21.3570932861716
2021-09-22,412416,1591,321933,1116,90483,475,353302,1221,2236992,5358,2590294,6579,14,5206,-1351,21354,2928,385856,45,13074,6240,"East TN",2455501,524.332916174744,0.206329989622968,267.929029554458,64.7932947288557,869.639230446251,20.6329989622968
2021-09-23,414765,2349,323441,1508,91324,841,354965,1663,2243348,6356,2598313,8019,32,5238,-391,20963,2708,388564,59,13133,6277,"East TN",2455501,512.237624826868,0.202588755776517,326.572866392642,95.6627588422892,853.715799749216,20.2588755776517
2021-09-24,416304,1539,324424,983,91880,556,356064,1099,2248231,4883,2604295,5982,37,5275,-915,20048,2417,390981,40,13173,6325,"East TN",2455501,465.566904676479,0.196644042232278,243.616272198627,62.6756006208102,816.452528424953,19.6644042232278
2021-09-25,417001,697,324912,488,92089,209,356626,562,2251253,3022,2607879,3584,2,5277,-915,19133,1610,392591,21,13194,6366,"East TN",2455501,434.697440563046,0.193052261075828,145.957993908371,28.3852460251492,779.189257100689,19.3052261075828
2021-09-26,417862,861,325539,627,92323,234,357349,723,2255230,3977,2612579,4700,6,5283,-430,18703,1285,393876,26,13220,6401,"East TN",2455501,443.534740975467,0.188276012295181,191.406967457965,35.0641274428314,761.67755582262,18.8276012295181
2021-09-27,419321,1459,326371,832,92950,627,358271,922,2258821,3591,2617092,4513,46,5329,-1367,17336,2780,396656,44,13264,6433,"East TN",2455501,422.235625234932,0.188810468291175,183.791413646339,59.4176096853555,706.006635713038,18.8810468291175
2021-09-28,420616,1295,327160,789,93456,506,359134,863,2262483,3662,2621617,4525,14,5343,-1018,16318,2299,398955,34,13298,6467,"East TN",2455501,398.737365612965,0.186085167009656,184.280112286658,52.7387282676733,664.548701059377,18.6085167009656
2021-09-29,422291,1675,328170,1010,94121,665,360272,1138,2267981,5498,2628253,6636,30,5373,-389,15929,2034,400989,50,13348,6511,"East TN",2455501,402.158256095192,0.183619168049738,270.250348095969,68.2141852110832,648.706720135728,18.3619168049738
2021-09-30,423500,1209,328929,759,94571,450,361091,819,2272653,4672,2633744,5491,11,5384,-785,15144,1983,402972,40,13388,6546,"East TN",2455501,355.731885264962,0.172899438344952,223.620352832273,49.2363880120595,616.737684081578,17.2899438344952
2021-10-01,424874,1374,329902,973,94972,401,362166,1075,2277626,4973,2639792,6048,14,5398,-295,14849,1655,404627,48,13436,6574,"East TN",2455501,349.012278960587,0.171901850860636,246.304114720377,55.9559943164348,604.723842507089,17.1901850860636
2021-10-02,425428,554,330254,352,95174,202,362561,395,2280296,2670,2642857,3065,11,5409,-467,14382,1010,405637,19,13455,6612,"East TN",2455501,343.188620163462,0.169678083366688,124.821777714609,22.5615872280239,585.705320421372,16.9678083366688
2021-10-03,425967,539,330719,465,95248,74,363085,524,2283388,3092,2646473,3616,13,5422,-348,14034,874,406511,15,13470,6644,"East TN",2455501,330.075206648256,0.169233492653567,147.261190282553,21.9507139276262,571.533059852144,16.9233492653567
2021-10-04,427318,1351,331578,859,95740,492,364026,941,2287526,4138,2651552,5079,22,5444,-605,13429,1934,408445,29,13499,6667,"East TN",2455501,325.676918885392,0.167005223447475,206.841699514682,55.0193219224916,546.894503402768,16.7005223447475
2021-10-05,428584,1266,332333,755,96251,511,364841,815,2291988,4462,2656829,5277,17,5461,-445,12984,1694,410139,40,13539,6707,"East TN",2455501,324.49589717129,0.16207542883108,214.905227079932,51.5577065535709,528.771928824301,16.207542883108
2021-10-06,429521,937,333040,707,96481,230,365622,781,2296409,4421,2662031,5202,18,5479,-403,12581,1322,411461,26,13565,6742,"East TN",2455501,294.44093079172,0.158387115874238,211.850860577943,38.1592188315134,512.359799486948,15.8387115874238
2021-10-07,430638,1117,333833,793,96805,324,366480,858,2301192,4783,2667672,5641,24,5503,-383,12198,1476,412937,26,13591,6772,"East TN",2455501,290.694241215947,0.15883635934921,229.729085836251,45.4896984362865,496.762167883458,15.883635934921
2021-10-08,431692,1054,334419,586,97273,468,367124,644,2305439,4247,2672563,4891,9,5512,-126,12072,1171,414108,31,13622,6793,"East TN",2455501,277.662277474128,0.151292301119893,199.185420816363,42.9240305746159,491.630832160117,15.1292301119893
2021-10-09,432233,541,334774,355,97459,186,367541,417,2308248,2809,2675789,3226,4,5516,-293,11779,830,414938,32,13654,6822,"East TN",2455501,277.132853947117,0.151220697194218,131.378484472212,22.0321637010125,479.698440359014,15.1220697194218
2021-10-10,432553,320,335042,268,97511,52,367851,310,2310480,2232,2678331,2542,6,5522,-525,11254,839,415777,16,13670,6845,"East TN",2455501,268.21410376131,0.149601356017327,103.522661974074,13.0319637418189,458.317874845093,14.9601356017327
2021-10-11,433773,1220,335580,538,98193,682,368399,548,2313926,3446,2682325,3994,52,5574,-276,10978,1444,417221,33,13703,6859,"East TN",2455501,262.879143604503,0.142105092126215,162.655197452577,49.6843617656845,447.077806117774,14.2105092126215
2021-10-12,434708,935,336217,637,98491,298,369404,1005,2317570,3644,2686974,4649,29,5603,-366,10612,1272,418493,32,13735,6892,"East TN",2455501,249.399206109059,0.151368386133687,189.329998236612,38.077769058127,432.172497588069,15.1368386133687
2021-10-13,435556,848,336765,548,98791,300,370054,650,2321435,3865,2691489,4515,25,5628,-402,10210,1225,419718,37,13772,6915,"East TN",2455501,245.774691193365,0.150451490257315,183.872863419726,34.53470391582,415.801093137409,15.0451490257315
2021-10-14,436506,950,337418,653,99088,297,370775,721,2325438,4003,2696213,4724,31,5659,-168,10042,1087,420805,33,13805,6946,"East TN",2455501,238.973635115604,0.150485266809152,192.384364738601,38.6886423585248,408.959312172954,15.0485266809152
2021-10-15,437308,802,337929,511,99379,291,371351,576,2329332,3894,2700683,4470,24,5683,-301,9741,1079,421884,29,13834,6968,"East TN",2455501,228.710963668921,0.150320056899004,182.040243518532,32.6613591279336,396.701121278305,15.0320056899004
2021-10-16,437615,307,338168,239,99447,68,371622,271,2331562,2230,2703184,2501,7,5690,-375,9366,675,422559,12,13846,6982,"East TN",2455501,219.181340182716,0.148968789925169,101.852941619653,12.5025402148075,381.429288768361,14.8968789925169
2021-10-17,437867,252,338378,210,99489,42,371870,248,2333225,1663,2705095,1911,7,5697,-449,8917,694,423253,14,13860,6998,"East TN",2455501,216.41204788758,0.150164399940218,77.8252584706746,10.2626714466824,363.143814643122,15.0164399940218
2021-10-18,438657,790,338845,467,99812,323,372386,516,2336416,3191,2708802,3707,23,5720,-469,8448,1236,424489,37,13897,7019,"East TN",2455501,198.900346609511,0.150583525323866,150.967154971633,32.1726604876154,344.043842784018,15.0583525323866
2021-10-19,439489,832,339286,441,100203,391,372860,474,2339744,3328,2712604,3802,25,5745,-268,8180,1075,425564,23,13920,7035,"East TN",2455501,194.705683280113,0.134841982052282,154.836019207486,33.8831057287291,333.129573150245,13.4841982052282
2021-10-20,440253,764,339776,490,100477,274,373401,541,2343765,4021,2717166,4562,15,5760,-211,7969,960,426524,21,13941,7054,"East TN",2455501,191.284792797885,0.130350118783347,185.786933094305,31.1138134335926,324.536622057983,13.0350118783347
2021-10-21,440882,629,340199,423,100683,206,373871,470,2347402,3637,2721273,4107,17,5777,-244,7725,856,427380,21,13962,7072,"East TN",2455501,178.212104169373,0.123543495610535,167.257109648907,25.6159537300127,314.599749704846,12.3543495610535
2021-10-22,441428,546,340539,340,100889,206,374257,386,2350506,3104,2724763,3490,6,5783,-317,7408,857,428237,18,13980,7090,"East TN",2455501,167.786533175918,0.120681063122924,142.129854559212,22.2357881344785,301.689960623107,12.0681063122924
2021-10-23,441787,359,340783,244,101004,115,374530,273,2352891,2385,2727421,2658,0,5783,-196,7212,555,428792,15,13995,7110,"East TN",2455501,169.904227283964,0.119981845938029,108.246748830483,14.6202343228531,293.707882831243,11.9981845938029
2021-10-24,442031,244,340946,163,101085,81,374726,196,2354788,1897,2729514,2093,7,5790,-300,6912,537,429329,15,14010,7122,"East TN",2455501,169.578428190418,0.116958106392563,85.2371878488341,9.9368723531369,281.490416823288,11.6958106392563
2021-10-25,442454,423,341194,248,101260,175,374997,271,2357219,2431,2732216,2702,28,5818,-489,6423,884,430213,21,14031,7133,"East TN",2455501,154.63239477402,0.111514478517127,110.038643844983,17.2266270712168,261.575947230321,11.1514478517127
2021-10-26,442980,526,341523,329,101457,197,375335,338,2359859,2640,2735194,2978,12,5830,-230,6193,744,430957,28,14059,7141,"East TN",2455501,142.170579445905,0.109561752988048,121.278712572302,21.4212904006148,252.209223290889,10.9561752988048
2021-10-27,443601,621,341917,394,101684,227,375759,424,2364056,4197,2739815,4621,10,5840,-84,6109,695,431652,21,14080,7161,"East TN",2455501,136.34692064878,0.104110556757473,188.189701409203,25.2901546364673,248.788332808661,10.4110556757473
2021-10-28,444017,416,342172,255,101845,161,376050,291,2366853,2797,2742903,3088,16,5856,-197,5912,597,432249,15,14095,7176,"East TN",2455501,127.672519783132,0.100739713361073,125.758450108552,16.9415528643645,240.765530130104,10.0739713361073
2021-10-29,444477,460,342477,305,102000,155,376383,333,2370371,3518,2746754,3851,4,5860,-152,5760,608,432857,10,14105,7192,"East TN",2455501,124.170179527518,0.0966759128734482,156.831538655452,18.7334478788646,234.57534735274,9.66759128734482
2021-10-30,444740,263,342678,201,102062,62,376612,229,2372945,2574,2749557,2803,0,5860,-148,5612,411,433268,16,14121,7206,"East TN",2455501,120.260590404972,0.0940549331405855,114.151857400995,10.7106452003074,228.548064122149,9.40549331405855
2021-10-31,444911,171,342805,127,102106,44,376758,146,2374570,1625,2751328,1771,0,5860,-224,5388,395,433663,5,14126,7216,"East TN",2455501,117.28767367637,0.0931511873109013,72.1237743336289,6.96395562453446,219.425689502875,9.31511873109013
2021-11-01,445507,596,343166,361,102341,235,377148,390,2377688,3118,2754836,3508,14,5874,-184,5204,766,434429,23,14149,7225,"East TN",2455501,124.333079074291,0.0950928381962865,142.862902519689,24.2720324691377,211.93231035133,9.50928381962865
2021-11-02,445919,412,343385,219,102534,193,377373,225,2379899,2211,2757272,2436,25,5899,-184,5020,571,435000,16,14165,7248,"East TN",2455501,119.690441991268,0.0923090859679319,99.2058239845962,16.7786533175918,204.438931199784,9.23090859679319
2021-11-03,446493,574,343764,379,102729,195,377766,393,2384477,4578,2762243,4971,6,5905,82,5102,486,435486,14,14179,7259,"East TN",2455501,117.776372316688,0.0894863563402889,202.443411751818,23.3760849618876,207.778371908625,8.94863563402889
2021-11-04,446913,420,344066,302,102847,118,378096,330,2388013,3536,2766109,3866,13,5918,-68,5034,475,435961,9,14188,7269,"East TN",2455501,117.939271863461,0.0881668533999828,157.442411955849,17.1044524111373,205.009079613488,8.81668533999828
2021-11-05,447348,435,344351,285,102997,150,378420,324,2391595,3582,2770015,3906,2,5920,25,5059,408,436369,13,14201,7275,"East TN",2455501,116.921149696131,0.0875714715618417,159.071407423577,17.715325711535,206.027201780818,8.75714715618417
2021-11-06,447581,233,344522,171,103059,62,378608,188,2393835,2240,2772443,2428,0,5920,-86,4973,319,436688,13,14214,7283,"East TN",2455501,115.699403095336,0.0872148911998602,98.8800248910507,9.48889859951187,202.524861525204,8.72148911998602
2021-11-07,447780,199,344649,127,103131,72,378762,154,2395737,1902,2774499,2056,6,5926,-130,4843,323,437011,8,14222,7295,"East TN",2455501,116.839699922745,0.0864874196193518,83.7303670411863,8.10425245194362,197.23062625509,8.64874196193518
2021-11-08,448322,542,344995,346,103327,196,379148,386,2399270,3533,2778418,3919,25,5951,-27,4816,544,437555,25,14247,7307,"East TN",2455501,114.640556041313,0.0848104486472733,159.600830950588,22.0728885877057,196.131054314374,8.48104486472733
2021-11-09,449191,869,345612,617,103579,252,379949,801,2406546,7276,2786495,8077,10,5961,427,5243,432,437987,27,14274,7322,"East TN",2455501,133.251829260098,0.0881497450638196,328.934909820847,35.3899265363769,213.520580932364,8.81497450638196
2021-11-10,449820,629,346049,437,103771,192,380451,502,2411797,5251,2792248,5753,7,5968,184,5427,438,438425,28,14302,7334,"East TN",2455501,135.491698028223,0.0894850858190302,234.290273145888,25.6159537300127,221.01396008391,8.94850858190302
2021-11-11,450325,505,346432,383,103893,122,380855,404,2416087,4290,2796942,4694,5,5973,83,5510,417,438842,10,14312,7347,"East TN",2455501,138.953313397144,0.0894820484545779,191.162618137806,20.5660677800579,224.394125679444,8.94820484545779
2021-11-12,450807,482,346754,322,104053,160,381187,332,2419537,3450,2800724,3782,2,5975,119,5629,361,439203,24,14336,7357,"East TN",2455501,140.867383071723,0.0901038783418542,154.021521473622,19.6293953861147,229.240387195933,9.01038783418542
2021-11-13,451045,238,346896,142,104149,96,381336,149,2421536,1999,2802872,2148,4,5979,-100,5529,334,439537,11,14347,7366,"East TN",2455501,141.071007505189,0.0896513194649841,87.4770566169592,9.69252303297779,225.167898526614,8.96513194649841
2021-11-14,451406,361,347212,316,104194,45,381681,345,2424515,2979,2806196,3324,1,5980,59,5588,301,439838,13,14360,7374,"East TN",2455501,147.668439149485,0.0920907341388775,135.369523368144,14.7016840962394,227.570666841512,9.20907341388775
2021-11-15,451983,577,347502,290,104481,287,381982,301,2427283,2768,2809265,3069,26,6006,-29,5559,580,440418,20,14380,7383,"East TN",2455501,149.093810183747,0.0918727915194346,124.984677261382,23.4982596219672,226.38964512741,9.18727915194346
2021-11-16,452655,672,347935,433,104720,239,382442,460,2430890,3607,2813332,4067,24,6030,180,5739,468,440886,17,14397,7393,"East TN",2455501,141.071007505189,0.0928941386891232,165.628114181179,27.3671238578196,233.720124732183,9.28941386891232
2021-11-17,453368,713,348401,466,104967,247,382951,509,2435535,4645,2818486,5154,5,6035,295,6034,413,441299,27,14424,7403,"East TN",2455501,144.491897987417,0.0952816525649821,209.89606601667,29.0368442122402,245.733966306672,9.52816525649821
2021-11-18,453995,627,348812,411,105183,216,383429,478,2440398,4863,2823827,5341,12,6047,183,6217,432,441731,19,14443,7412,"East TN",2455501,149.460334163985,0.0957411195834108,217.511619828296,25.5345039566264,253.186620571525,9.57411195834108
2021-11-19,454608,613,349255,443,105353,170,383889,460,2444872,4474,2828761,4934,7,6054,219,6436,387,442118,13,14456,7420,"East TN",2455501,154.795294320792,0.0963726504262225,200.93659094417,24.9643555429218,262.105370757332,9.63726504262225
2021-11-20,454930,322,349501,246,105429,76,384176,287,2447576,2704,2831752,2991,0,6054,21,6457,301,442419,14,14470,7427,"East TN",2455501,158.21618480302,0.0983379501385042,121.808136099313,13.1134135152052,262.960593377889,9.83379501385042
2021-11-21,455194,264,349653,152,105541,112,384340,164,2449060,1484,2833400,1648,9,6063,-94,6363,349,442768,10,14480,7438,"East TN",2455501,154.265870793781,0.0977429789736803,67.1146132703672,10.7513700870006,259.13245402873,9.77429789736803
2021-11-22,455947,753,350147,494,105800,259,384852,512,2452928,3868,2837780,4380,20,6083,153,6516,580,443348,38,14518,7443,"East TN",2455501,161.433450851781,0.100648781343153,178.375003716146,30.6658396799676,265.363361692787,10.0648781343153
2021-11-23,456623,676,350614,467,106009,209,385342,490,2456229,3301,2841571,3791,21,6104,120,6636,535,443883,18,14536,7449,"East TN",2455501,161.596350398554,0.102694854633663,154.388045453861,27.5300234045924,270.250348095969,10.2694854633663
2021-11-24,457360,737,351146,532,106214,205,385915,573,2460257,4028,2846172,4601,6,6110,254,6890,477,444360,21,14557,7459,"East TN",2455501,162.573747679191,0.107057718702593,187.37520367534,30.0142414928766,280.594469316038,10.7057718702593
2021-11-25,457646,286,351304,158,106342,128,386088,173,2461893,1636,2847981,1809,1,6111,-197,6693,482,444842,10,14567,7468,"East TN",2455501,148.686561316815,0.11008528608098,73.6713200279699,11.6473175942506,272.571666637481,11.008528608098
2021-11-26,457878,232,351506,202,106372,30,386331,243,2463570,1677,2849901,1920,1,6112,-286,6407,517,445359,16,14583,7472,"East TN",2455501,133.170379486712,0.115515610217597,78.1917824509133,9.44817371281869,260.92434904323,11.5515610217597
2021-11-27,458162,284,351734,228,106428,56,386585,254,2465165,1595,2851750,1849,0,6112,-96,6311,380,445739,14,14597,7483,"East TN",2455501,131.622833792371,0.12046204620462,75.3003154956972,11.5658678208643,257.014759920684,12.046204620462
2021-11-28,458476,314,351945,211,106531,103,386802,217,2466675,1510,2853477,1727,7,6119,-108,6203,415,446154,20,14617,7493,"East TN",2455501,133.65907812703,0.122627882651791,70.3318793191288,12.7876144216598,252.61647215782,12.2627882651791
2021-11-29,459575,1099,352658,713,106917,386,387540,738,2471222,4547,2858762,5285,19,6138,425,6628,655,446809,36,14653,7501,"East TN",2455501,147.749888922872,0.128109808407206,215.231026173477,44.7566504758092,269.924549002424,12.8109808407206
2021-11-30,460413,838,353166,508,107247,330,388045,505,2474589,3367,2862634,3872,64,6202,186,6814,588,447397,26,14679,7513,"East TN",2455501,154.347320567167,0.128329297820823,157.686761276008,34.1274550488882,277.499377927356,12.8329297820823
2021-12-01,461496,1083,353936,770,107560,313,388852,807,2479761,5172,2868613,5979,48,6250,505,7319,530,447927,32,14711,7534,"East TN",2455501,168.438131363009,0.13087652065416,243.494097538547,44.1050522887183,298.065445707414,13.087652065416
2021-12-02,462399,903,354559,623,107840,280,389518,666,2484422,4661,2873940,5327,39,6289,282,7601,582,448509,18,14729,7550,"East TN",2455501,193.565386452704,0.132131438036904,216.941471414591,36.7745726839452,309.549863754892,13.2131438036904
2021-12-03,463418,1019,355295,736,108123,283,390300,782,2489400,4978,2879700,5760,21,6310,519,8120,479,448988,24,14753,7562,"East TN",2455501,225.615872280239,0.133192389006343,234.57534735274,41.4986595403545,330.686079948654,13.3192389006343
2021-12-04,463841,423,355628,333,108213,90,390681,381,2492152,2752,2882833,3133,3,6313,18,8138,402,449390,29,14782,7574,"East TN",2455501,231.276631530592,0.131776212077341,127.591070009745,17.2266270712168,331.419127909131,13.1776212077341
2021-12-05,464226,385,355844,216,108382,169,390912,231,2494084,1932,2884996,2163,12,6325,-31,8107,404,449794,15,14797,7582,"East TN",2455501,234.168098485808,0.130397537992957,88.087929917357,15.6790813768758,330.156656421643,13.0397537992957
2021-12-06,465182,956,356489,645,108693,311,391603,691,2498268,4184,2889871,4875,69,6394,134,8241,753,450547,32,14829,7596,"East TN",2455501,228.344439688683,0.130605291073323,198.533822629272,38.9329916786839,335.613791238529,13.0605291073323
2021-12-07,466024,842,357023,534,109001,308,392144,541,2501745,3477,2893889,4018,8,6402,219,8460,615,451162,25,14854,7601,"East TN",2455501,228.507339235455,0.131147016477364,163.632594733213,34.2903545956609,344.532541424337,13.1147016477364
2021-12-08,467072,1048,357658,635,109414,413,392801,657,2506361,4616,2899162,5273,4,6406,449,8909,595,451757,28,14882,7616,"East TN",2455501,227.081968201194,0.129267733804707,214.742327533159,42.6796812544568,362.818015549576,12.9267733804707
2021-12-09,467991,919,358276,618,109715,301,393467,666,2511338,4977,2904805,5643,19,6425,526,9435,374,452131,28,14910,7630,"East TN",2455501,227.733566388285,0.12794427344889,229.810535609637,37.4261708710361,384.239305950191,12.794427344889
2021-12-10,468785,794,358824,548,109961,246,394068,601,2515848,4510,2909916,5111,5,6430,160,9595,629,452760,19,14929,7644,"East TN",2455501,218.570466882319,0.124702144559174,208.144895888863,32.3355600343881,390.7552878211,12.4702144559174
2021-12-11,469182,397,359110,286,110072,111,394393,325,2518770,2922,2913163,3247,0,6430,-174,9421,571,453331,18,14947,7653,"East TN",2455501,217.511619828296,0.122387075502803,132.233707092768,16.167780017194,383.669157536486,12.2387075502803
2021-12-12,469613,431,359373,263,110240,168,394687,294,2521289,2519,2915976,2813,9,6439,-137,9284,559,453890,17,14964,7659,"East TN",2455501,219.384964616182,0.121852808263396,114.559106267927,17.5524261647623,378.08984805952,12.1852808263396
2021-12-13,470496,883,359946,573,110550,310,395290,603,2525891,4602,2921181,5205,24,6463,-166,9118,1025,454915,20,14984,7668,"East TN",2455501,216.41204788758,0.11775790482274,211.973035238023,35.9600749500815,371.329516868452,11.775790482274
2021-12-14,471252,756,360402,456,110850,300,395773,483,2529914,4023,2925687,4506,36,6499,-124,8994,844,455759,18,15002,7676,"East TN",2455501,212.909707631966,0.114126674633625,183.506339439487,30.7880143400471,366.279630918497,11.4126674633625
2021-12-15,472123,871,360990,588,111133,283,396401,628,2534718,4804,2931119,5432,19,6518,4,8998,848,456607,20,15022,7690,"East TN",2455501,205.701402687272,0.11265137528554,221.217584517375,35.4713763097633,366.44253046527,11.265137528554
2021-12-16,472918,795,361499,509,111419,286,396946,545,2538538,3820,2935484,4365,19,6537,24,9022,752,457359,21,15043,7705,"East TN",2455501,200.651516737318,0.113400045633821,177.764130415748,32.3762849210813,367.419927745906,11.3400045633821
2021-12-17,473731,813,362037,538,111694,275,397531,585,2543206,4668,2940737,5253,24,6561,52,9074,737,458096,29,15072,7719,"East TN",2455501,201.425289584488,0.112358456896272,213.927829799296,33.1093328815586,369.537621853952,11.2358456896272
2021-12-18,474303,572,362418,381,111885,191,397957,426,2546551,3345,2944508,3771,0,6561,36,9110,536,458632,19,15091,7732,"East TN",2455501,208.552144755795,0.11370234487159,153.573547719997,23.2946351885012,371.003717774906,11.370234487159
2021-12-19,474724,421,362699,281,112025,140,398268,311,2549214,2663,2947482,2974,6,6567,-163,8947,578,459210,16,15107,7741,"East TN",2455501,208.144895888863,0.113660889989208,121.115813025529,17.1451772978305,364.365561243917,11.3660889989208
2021-12-20,475659,935,363323,624,112336,311,398906,638,2553176,3962,2952082,4600,40,6607,54,9001,841,460051,27,15134,7752,"East TN",2455501,210.262589996909,0.117018866703343,187.334478788646,38.077769058127,366.564705125349,11.7018866703343
2021-12-21,476669,1010,363980,657,112689,353,399575,669,2557559,4383,2957134,5052,30,6637,211,9212,769,460820,22,15156,7762,"East TN",2455501,220.606711216978,0.120901834833211,205.742127573966,41.1321355601158,375.157656217611,12.0901834833211
2021-12-22,478162,1493,364707,727,113455,766,400323,748,2561899,4340,2962222,5088,857,7494,-108,9104,744,461564,33,15189,7777,"East TN",2455501,245.937590740138,0.126097161045558,207.20822349492,60.8022558329237,370.759368454747,12.6097161045558
2021-12-23,479331,1169,365512,805,113819,364,401186,863,2566385,4486,2967571,5349,28,7522,395,9499,746,462310,25,15214,7793,"East TN",2455501,261.168698363389,0.132140742356718,217.837418921841,47.6073925443321,386.845698698555,13.2140742356718
2021-12-24,480271,940,366161,649,114110,291,401894,708,2570222,3837,2972116,4545,0,7522,284,9783,656,462966,13,15227,7815,"East TN",2455501,266.340758973423,0.13904203448166,185.094610020521,38.281393491593,398.411566519419,13.904203448166
2021-12-25,480752,481,366445,284,114307,197,402227,333,2572341,2119,2974568,2452,8,7530,-23,9760,496,463462,15,15242,7823,"East TN",2455501,262.634794284344,0.142049234863606,99.8574221716871,19.5886704994215,397.474894125476,14.2049234863606
2021-12-26,481095,343,366721,276,114374,67,402547,320,2574216,1875,2976763,2195,62,7592,-226,9534,507,463969,16,15258,7840,"East TN",2455501,259.458253122275,0.14613571940849,89.3911262915389,13.9686361357621,388.271069732816,14.613571940849
2021-12-27,482978,1883,367981,1260,114997,623,403858,1311,2578970,4754,2982828,6065,64,7656,937,10471,882,464851,29,15287,7857,"East TN",2455501,298.065445707414,0.161061601509139,246.996437794161,76.6849616432655,426.43028856433,16.1061601509139
2021-12-28,485406,2428,369423,1442,115983,986,405344,1486,2583349,4379,2988693,5865,18,7674,1656,12127,754,465605,21,15308,7868,"East TN",2455501,355.813335038349,0.182800468962895,238.851460455524,98.8800248910507,493.870700928242,18.2800468962895
2021-12-29,488300,2894,371350,1927,116950,967,407347,2003,2588638,5289,2995985,7292,37,7711,2078,14205,779,466384,27,15335,7882,"East TN",2455501,412.868901295499,0.208038385214584,296.965873766698,117.857822090074,578.497015476679,20.8038385214584
2021-12-30,491126,2826,373134,1784,117992,1042,409170,1823,2593101,4463,3002271,6286,14,7725,2054,16259,758,467142,30,15365,7895,"East TN",2455501,480.350038546105,0.230086455331412,255.996637753355,115.088529794938,662.145932744479,23.0086455331412
2021-12-31,493645,2519,374945,1811,118700,708,411112,1942,2597934,4833,3009046,6775,0,7725,1797,18056,722,467864,21,15386,7914,"East TN",2455501,544.654634634643,0.249607365285676,275.911107346322,102.58598958013,735.32855413213,24.9607365285676
2022-01-01,495103,1458,376171,1226,118932,232,412450,1338,2601584,3650,3014034,4988,0,7725,928,18984,530,468394,27,15413,7922,"East TN",2455501,584.442848933884,0.259033091775199,203.135734825602,59.3768847986623,773.121248983405,25.9033091775199
2022-01-02,496567,1464,377131,960,119436,504,413673,1223,2604600,3016,3018273,4239,6,7731,841,19825,617,469011,23,15436,7941,"East TN",2455501,630.095446916943,0.26803179956637,172.632794692407,59.6212341188214,807.370878692373,26.803179956637
2022-01-03,499463,2896,379310,2179,120153,717,415894,2221,2608771,4171,3024665,6392,33,7764,1799,21624,1064,470075,28,15464,7955,"East TN",2455501,671.349757137138,0.287687931735067,260.313475742832,117.939271863461,880.634949853411,28.7687931735067
2022-01-04,503636,4173,381747,2437,121889,1736,418279,2385,2614008,5237,3032287,7622,14,7778,2936,24560,1223,471298,31,15495,7973,"East TN",2455501,742.414684416744,0.296715144285911,310.405086375448,169.944952170657,1000.2032171846,29.6715144285911
2022-01-05,508567,4931,385154,3407,123413,1524,421776,3497,2619242,5234,3041018,8731,15,7793,3655,28215,1261,472559,40,15535,7998,"East TN",2455501,825.37127861076,0.320409477494282,355.568985718189,200.81441628409,1149.05267804819,32.0409477494282
2022-01-06,513738,5171,388619,3465,125119,1706,425422,3646,2624854,5612,3050276,9258,11,7804,3910,32125,1250,473809,33,15568,8016,"East TN",2455501,920.871137906277,0.338548067909593,377.031001005497,210.588389090454,1308.28698501854,33.8548067909593
2022-01-07,518113,4375,391841,3222,126272,1153,428693,3271,2629538,4684,3058231,7955,12,7816,3535,35660,828,474637,29,15597,8037,"East TN",2455501,996.456527608826,0.35744637592762,323.966473644279,178.17137928268,1452.24945947894,35.744637592762
2022-01-08,521261,3148,394265,2424,126996,724,431296,2603,2634300,4762,3065596,7365,1,7817,2789,38449,358,474995,33,15630,8056,"East TN",2455501,1065.28158612031,0.365501726077344,299.9387904953,128.201943310143,1565.83116846623,36.5501726077344
2022-01-09,524758,3497,396941,2676,127817,821,434184,2888,2639302,5002,3073486,7890,15,7832,2119,40568,1363,476358,28,15658,8073,"East TN",2455501,1148.07528076755,0.371488598699582,321.319356009222,142.414928766064,1652.12720336909,37.1488598699582
2022-01-10,529406,4648,400010,3069,129396,1579,437426,3242,2644081,4779,3081507,8021,29,7861,1643,42211,2976,479334,47,15705,8105,"East TN",2455501,1219.42528225401,0.378804405193343,326.654316166029,189.289273349919,1719.03819220599,37.8804405193343
2022-01-11,535015,5609,404046,4036,130969,1573,441559,4133,2649270,5189,3090829,9322,30,7891,2164,44375,3415,482749,39,15744,8128,"East TN",2455501,1277.90621954542,0.397663216152506,379.637393753861,228.425889462069,1807.16684701004,39.7663216152506
2022-01-12,540695,5680,408021,3975,132674,1705,445717,4158,2654040,4770,3099757,8928,16,7907,2315,46690,3349,486098,23,15767,8148,"East TN",2455501,1308.40915967862,0.407582696334633,363.591788396747,231.317356417285,1901.44495970476,40.7582696334633
2022-01-13,548024,7329,413266,5245,134758,2084,451193,5476,2660967,6927,3112160,12403,65,7972,3750,50440,3514,489612,41,15808,8164,"East TN",2455501,1396.29346516251,0.416440436946545,505.110769655561,298.472694574346,2054.1632848042,41.6440436946545
2022-01-14,554539,6515,418049,4783,136490,1732,456120,4927,2666847,5880,3122967,10807,69,8041,4482,54922,1964,491576,25,15833,8196,"East TN",2455501,1483.44472268592,0.423674616905586,440.113850493239,265.322636806094,2236.69222696305,42.3674616905586
2022-01-15,559090,4551,421444,3395,137646,1156,459730,3610,2671936,5089,3131666,8699,10,8051,3338,58260,1203,492779,24,15857,8208,"East TN",2455501,1540.58173871646,0.430361737551082,354.265789344008,185.33895934068,2372.6318987449,43.0361737551082
2022-01-16,562955,3865,424770,3326,138185,539,463226,3496,2676584,4648,3139810,8144,7,8058,1577,59837,2281,495060,21,15878,8224,"East TN",2455501,1555.56849701955,0.437880706833122,331.66347722929,157.401687069156,2436.85504506005,43.7880706833122
2022-01-17,567584,4629,428097,3327,139487,1302,466692,3466,2681319,4735,3148011,8201,15,8073,-419,59418,5033,500093,28,15906,8244,"East TN",2455501,1554.79472417238,0.440063755563575,333.984795770802,188.515500502749,2419.79131753561,44.0063755563575
2022-01-18,573542,5958,431769,3672,141773,2286,470428,3736,2684780,3461,3155208,7197,49,8122,21,59439,5888,505981,29,15935,8270,"East TN",2455501,1569.0077096283,0.448422622283664,293.097009530845,242.63887491799,2420.64654015616,44.8422622283664
2022-01-19,581848,8306,437772,6003,144076,2303,476600,6172,2690628,5848,3167228,12020,22,8144,2650,62089,5634,511615,25,15960,8298,"East TN",2455501,1675.9512620846,0.457722577107202,489.513138052072,338.260908873586,2528.5674898931,45.7722577107202
2022-01-20,590132,8284,443826,6054,146306,2230,482864,6264,2696345,5717,3179209,11981,44,8188,3733,65822,4507,516122,26,15986,8331,"East TN",2455501,1714.84352887659,0.472356038121374,487.924867471037,337.364961366336,2680.59349191876,47.2356038121374
2022-01-21,597439,7307,449435,5609,148004,1698,488747,5883,2702068,5723,3190815,11606,53,8241,3175,68997,4079,520201,23,16009,8359,"East TN",2455501,1747.09763913759,0.480883740124985,472.653034961093,297.576747067095,2809.89500716962,48.0883740124985
2022-01-22,603447,6008,454303,4868,149144,1140,493909,5162,2708155,6087,3202064,11249,0,8241,2916,71913,3092,523293,36,16045,8384,"East TN",2455501,1806.43379904956,0.485510952015682,458.114250411627,244.675119252649,2928.64877676694,48.5510952015682
2022-01-23,607049,3602,457280,2977,149769,625,497053,3144,2711424,3269,3208477,6413,6,8247,559,72472,3037,526330,20,16065,8415,"East TN",2455501,1795.72315384926,0.492623822214455,261.168698363389,146.691041868849,2951.41398842843,49.2623822214455
2022-01-24,613740,6691,461960,4680,151780,2011,502013,4960,2716804,5380,3218817,10340,37,8284,-576,71896,7230,533560,36,16101,8447,"East TN",2455501,1879.6978702106,0.498841906053159,421.095328407523,272.490216864094,2927.95645369316,49.8841906053159
2022-01-25,619446,5706,466029,4069,153417,1637,506274,4261,2721459,4655,3227733,8916,30,8314,-1449,70447,7125,540685,22,16123,8476,"East TN",2455501,1869.43519876392,0.494257152705963,363.103089756429,232.376203471308,2868.94609287473,49.4257152705963
2022-01-26,625249,5803,470450,4421,154799,1382,510949,4675,2726353,4894,3237302,9569,27,8341,-1630,68817,7406,548091,25,16148,8507,"East TN",2455501,1767.50080737088,0.490181807803179,389.696440767078,236.326517480547,2802.56452756484,49.0181807803179
2022-01-27,632507,7258,476215,5765,156292,1493,517088,6139,2733507,7154,3250595,13293,29,8370,-222,68595,7451,555542,37,16185,8545,"East TN",2455501,1725.71707362367,0.479421735354271,541.355918812495,295.581227619129,2793.52360271896,47.9421735354271
2022-01-28,637473,4966,479917,3702,157556,1264,521017,3929,2738346,4839,3259363,8768,38,8408,-2376,66219,7304,562846,30,16215,8575,"East TN",2455501,1630.38011387493,0.470765011378888,357.075806525837,202.239787318352,2696.76127193595,47.0765011378888
2022-01-29,641541,4068,483191,3274,158350,794,524563,3546,2743778,5432,3268341,8978,5,8413,285,66504,3778,566624,22,16237,8605,"East TN",2455501,1551.37383369015,0.462513390769045,365.628032731406,165.668839067872,2708.36786464351,46.2513390769045
2022-01-30,643611,2070,484696,1505,158915,565,526157,1594,2746257,2479,3272414,4073,17,8430,-1072,65432,3125,569749,14,16251,8638,"East TN",2455501,1488.98330727619,0.455198085615528,165.872463501338,84.3005154548909,2664.71078610842,45.5198085615528
2022-01-31,647519,3908,487155,2459,160364,1449,528724,2567,2749190,2933,3277914,5500,68,8498,-2925,62507,6765,576514,29,16280,8668,"East TN",2455501,1375.64594760906,0.451985718395181,223.986876812512,159.152857196963,2545.59049253085,45.1985718395181
2022-02-01,652493,4974,490676,3521,161817,1453,532630,3906,2754449,5259,3287079,9165,28,8526,-4921,57586,9867,586381,29,16309,8696,"East TN",2455501,1345.83533054965,0.444107437738011,373.243586543031,202.565586411897,2345.18332511369,44.4107437738011
2022-02-02,657214,4721,494186,3510,163028,1211,536383,3753,2759350,4901,3295733,8654,21,8547,-4953,52633,9653,596034,29,16338,8726,"East TN",2455501,1301.77100314763,0.435282641063819,352.433169442814,192.262190078522,2143.47296132235,43.5282641063819
2022-02-03,666154,8940,496855,2669,169299,6271,539208,2825,2763703,4353,3302911,7178,26,8573,489,53122,8425,604459,23,16361,8745,"East TN",2455501,1370.27026256556,0.422815199938833,292.323236683675,364.080487037065,2163.38743091532,42.2815199938833
2022-02-04,669696,3542,499376,2521,170320,1021,541951,2743,2768294,4591,3310245,7334,12,8585,-2835,50287,6365,610824,15,16376,8768,"East TN",2455501,1312.27802391447,0.411422506976927,298.676319007811,144.247548667258,2047.93237714014,41.1422506976927
2022-02-05,671373,1677,500561,1185,170812,492,543283,1332,2770919,2625,3314202,3957,3,8588,-1704,48583,3378,614202,11,16387,8801,"East TN",2455501,1214.90481983106,0.408189965330019,161.148376644929,68.2956349844696,1978.53717021496,40.8189965330019
2022-02-06,672678,1305,501505,944,171173,361,544368,1085,2773571,2652,3317939,3737,1,8589,-1908,46675,3212,617414,21,16408,8820,"East TN",2455501,1183.75028151078,0.400021965952773,152.188901572429,53.1459771346051,1900.83408640436,40.0021965952773
2022-02-07,675488,2810,503336,1831,172152,979,546340,1972,2776457,2886,3322797,4858,50,8639,-5375,41300,8135,625549,23,16431,8841,"East TN",2455501,1139.03435592166,0.392487133213021,197.841499555488,114.436931607847,1681.9378204285,39.2487133213021
2022-02-08,678159,2671,505042,1706,173117,965,548228,1888,2779124,2667,3327352,4555,21,8660,-4593,36707,7243,632792,22,16453,8862,"East TN",2455501,1045.24494186726,0.387306632234996,185.501858887453,108.776172357494,1494.8884158467,38.7306632234996
2022-02-09,681073,2914,507121,2079,173952,835,550539,2311,2782795,3671,3333334,5982,26,8686,-2987,33720,5875,638667,14,16467,8882,"East TN",2455501,971.655071612677,0.376479348953485,243.616272198627,118.672319823938,1373.24317929416,37.6479348953485
2022-02-10,683586,2513,508902,1781,174684,732,552510,1971,2786004,3209,3338514,5180,28,8714,-2832,30888,5317,643984,17,16484,8902,"East TN",2455501,709.916224835583,0.373620200544898,210.954913070693,102.341640259971,1257.91030017907,37.3620200544898
2022-02-11,685885,2299,510625,1723,175260,576,554408,1898,2789369,3365,3343777,5263,31,8745,-1943,28945,4211,648195,21,16505,8918,"East TN",2455501,659.295190675956,0.371495884528212,214.335078666227,93.62651450763,1178.78184533421,37.1495884528212
2022-02-12,686817,932,511308,683,175509,249,555187,779,2791871,2502,3347058,3281,3,8748,-1245,27700,2174,650369,11,16516,8939,"East TN",2455501,628.955150089534,0.362308254200146,133.618353240337,37.9555943980475,1128.0793614012,36.2308254200146
2022-02-13,687392,575,511722,414,175670,161,555670,483,2793273,1402,3348943,1885,35,8783,-1506,26194,2046,652415,5,16521,8949,"East TN",2455501,599.225982803509,0.364533608566637,76.7664114166518,23.4168098485808,1066.74768204126,36.4533608566637
2022-02-14,689636,2244,513133,1411,176503,833,557289,1619,2796280,3007,3353569,4626,146,8929,-2751,23443,4849,657264,12,16533,8966,"East TN",2455501,576.175696935167,0.355810477057065,188.393325842669,91.3866457395049,954.713518748312,35.5810477057065
2022-02-15,691534,1898,514527,1394,177007,504,558821,1532,2799145,2865,3357966,4397,39,8968,-2265,21178,4124,661388,17,16550,8981,"East TN",2455501,544.695359521336,0.3460181616254,179.06732678993,77.2958349436632,862.471650388251,34.60181616254
2022-02-16,693302,1768,515752,1225,177550,543,560194,1373,2802352,3207,3362546,4580,14,8982,-1700,19478,3454,664842,15,16565,8991,"East TN",2455501,498.024639370947,0.33051485690812,186.519981054783,72.0015996735493,793.239343009838,33.051485690812
2022-02-17,695102,1800,517026,1274,178076,526,561599,1405,2805875,3523,3367474,4928,13,8995,-1345,18133,3132,667974,10,16575,9001,"East TN",2455501,468.987795158707,0.313846685082873,200.692241624011,73.3047960477312,738.464370407505,31.3846685082873
2022-02-18,696255,1153,517739,713,178516,440,562429,830,2808840,2965,3371269,3795,8,9003,-1232,16901,2377,670351,1,16576,9006,"East TN",2455501,422.317075008318,0.291757602211552,154.550945000633,46.9557943572412,688.291310001503,29.1757602211552
2022-02-19,696781,526,518079,340,178702,186,562835,406,2810942,2102,3373777,2508,1,9004,-740,16161,1265,671616,2,16578,9009,"East TN",2455501,405.782771010885,0.286238257419814,102.138015826505,21.4212904006148,658.154893848547,28.6238257419814
