"DATE","TOTAL_CASES","NEW_CASES","TOTAL_CONFIRMED","NEW_CONFIRMED","TOTAL_PROBABLE","NEW_PROBABLE","POS_TESTS","NEW_POS_TESTS","NEG_TESTS","NEW_NEG_TESTS","TOTAL_TESTS","NEW_TESTS","NEW_DEATHS","TOTAL_DEATHS","ACTIVE_CHANGE","TOTAL_ACTIVE","NEW_INACTIVE_RECOVERED","TOTAL_INACTIVE_RECOVERED","NEW_HOSPITALIZED","TOTAL_HOSPITALIZED","TOTAL_DEATHS_BY_DOD","Region","Population","New_cases_per_100k_per_week","PositivityRate_per_week","Tests_per_100k","New_cases_per_100k","Active_cases_per_100k","PositivityPercentage_per_week"
2022-02-12,124205,153,96370,106,27835,47,104082,126,533415,414,637497,540,0,1228,-271,5174,424,117803,0,2581,1229,"Knox County",470313,NA,NA,114.81715368276,32.5315268767821,1100.11843176778,NA
2022-02-11,124052,346,96264,252,27788,94,103956,279,533001,631,636957,910,3,1228,-389,5445,732,117379,0,2581,1229,"Knox County",470313,NA,NA,193.488166391318,73.5680281004352,1157.73963296783,NA
2022-02-10,123706,430,96012,274,27694,156,103677,303,532370,555,636047,858,7,1225,-409,5834,832,116647,2,2581,1229,"Knox County",470313,NA,NA,182.431699740386,91.4284742288646,1240.45050849115,NA
2022-02-09,123276,439,95738,305,27538,134,103374,368,531815,606,635189,974,8,1218,-688,6243,1119,115815,3,2579,1228,"Knox County",470313,NA,NA,207.096125346312,93.3420934569106,1327.41387118791,NA
2022-02-08,122837,457,95433,331,27404,126,103006,389,531209,462,634215,851,6,1210,-827,6931,1278,114696,7,2576,1226,"Knox County",470313,NA,NA,180.943329229683,97.1693319130026,1473.69942995409,NA
2022-02-07,122380,589,95102,409,27278,180,102617,441,530747,625,633364,1066,10,1204,-723,7758,1302,113418,11,2569,1219,"Knox County",470313,NA,NA,226.657566344116,125.235747257677,1649.53977457565,NA
2022-02-06,121791,253,94693,185,27098,68,102176,215,530122,435,632298,650,0,1194,-366,8481,619,112116,14,2558,1215,"Knox County",470313,567.069164577632,0.362626089929903,138.205833136656,53.7939627439599,1803.26718589535,36.2626089929903
2022-02-05,121538,271,94508,193,27030,78,101961,220,529687,496,631648,716,0,1194,-381,8847,652,111497,5,2544,1212,"Knox County",470313,592.158838900902,0.367634854771784,152.239040808993,57.6212012000519,1881.08770116922,36.7634854771784
2022-02-04,121267,651,94315,509,26952,142,101741,578,529191,963,630932,1541,3,1194,-496,9228,1144,110845,2,2539,1204,"Knox County",470313,657.009268295795,0.377704326923077,327.65413671321,138.418457495328,1962.09758182317,37.7704326923077
2022-02-03,120616,1643,93806,500,26810,1143,101163,505,528228,741,629391,1246,1,1191,124,9724,1518,109701,12,2537,1204,"Knox County",470313,914.922615364661,0.38557637705849,264.929950905036,349.341821297731,2067.55926372437,38.557637705849
2022-02-02,118973,719,93306,537,25667,182,100658,600,527487,904,628145,1504,7,1190,-1020,9600,1732,108183,5,2525,1203,"Knox County",470313,974.457435792759,0.389226300501716,319.787035442354,152.876913885008,2041.19384324907,38.9226300501716
2022-02-01,118254,937,92769,737,25485,200,100058,835,526583,1139,626641,1974,5,1183,-936,10620,1868,106451,10,2520,1198,"Knox County",470313,1076.51712795521,0.390249511325745,419.72048401809,199.229024075456,2258.07068909428,39.0249511325745
2022-01-31,117317,712,92032,514,25285,198,99223,519,525444,605,624667,1124,11,1178,-662,11556,1363,104583,12,2510,1190,"Knox County",470313,1102.66992407184,0.396573386636208,238.989779147079,151.388543374306,2457.08708881107,39.6573386636208
2022-01-30,116605,389,91518,318,25087,71,98704,336,524839,570,623543,906,1,1167,-233,12218,621,103220,7,2498,1188,"Knox County",470313,1131.5868368512,0.39873487959161,192.637668956631,82.7108755233217,2597.84441425179,39.873487959161
2022-01-29,116216,679,91200,591,25016,88,98368,646,524269,912,622637,1558,0,1166,-44,12451,723,102599,4,2491,1183,"Knox County",470313,1218.33757518929,0.407896072262255,331.26875081063,144.371939538137,2647.38588982231,40.7896072262255
2022-01-28,115537,938,90609,774,24928,164,97722,834,523357,1040,621079,1874,3,1166,-374,12495,1309,101876,14,2487,1181,"Knox County",470313,1279.36076612809,0.419693697231494,398.458048150912,199.441648434128,2656.74136160387,41.9693697231494
2022-01-27,114599,1435,89835,1201,24764,234,96888,1276,522317,1472,619205,2748,7,1163,99,12869,1329,100567,11,2473,1177,"Knox County",470313,1235.13489952436,0.431724845995893,584.291737630046,305.115954694002,2736.26287174711,43.1724845995893
2022-01-26,113164,999,88634,806,24530,193,95612,854,520845,965,616457,1819,4,1156,-595,12770,1590,99238,4,2462,1171,"Knox County",470313,1294.66971995246,0.441556277597267,386.763708423964,212.411734313106,2715.21306023861,44.1556277597267
2022-01-25,112165,1025,87828,768,24337,257,94758,803,519880,931,614638,1734,7,1152,-414,13365,1432,97648,8,2458,1165,"Knox County",470313,1313.38066351557,0.44784493751594,368.690637936863,217.939967638573,2841.72455364832,44.784493751594
2022-01-24,111140,1321,87060,1082,24080,239,93955,1165,518949,1550,612904,2715,13,1145,-219,13779,1527,96216,13,2450,1160,"Knox County",470313,1442.86889794669,0.442863561479706,577.275133793878,280.876777805419,2929.75103813843,44.2863561479706
2022-01-23,109819,769,85978,680,23841,89,92790,709,517399,818,610189,1527,0,1132,123,13998,646,94689,7,2437,1156,"Knox County",470313,1523.66615424196,0.449874776386404,324.677395691805,163.508131818597,2976.31577268755,44.9874776386404
2022-01-22,109050,903,85298,739,23752,164,92081,770,516581,1056,608662,1826,0,1132,192,13875,711,94043,12,2430,1147,"Knox County",470313,1571.29401058444,0.450115846380678,388.252078934667,191.999795880616,2950.16297657092,45.0115846380678
2022-01-21,108147,1517,84559,1230,23588,287,91311,1292,515525,1348,606836,2640,1,1132,587,13683,929,93332,4,2418,1144,"Knox County",470313,1694.4035142554,0.457658738090479,561.328306893494,322.551152105087,2909.33909970594,45.7658738090479
2022-01-20,106630,1410,83329,1171,23301,239,90019,1217,514177,1152,604196,2369,11,1131,483,13096,916,92403,8,2414,1138,"Knox County",470313,1689.08790528861,0.465481886534518,503.707105693442,299.800345727207,2784.52860116561,46.5481886534518
2022-01-19,105220,1675,82158,1311,23062,364,88802,1344,513025,1331,601827,2675,4,1120,386,12613,1285,91487,4,2406,1136,"Knox County",470313,1832.82197175073,0.471393516724784,568.770159447007,356.145800775228,2681.83103592714,47.1393516724784
2022-01-18,103545,1045,80847,663,22698,382,87458,692,511694,686,599152,1378,6,1116,-298,12227,1337,90202,6,2402,1134,"Knox County",470313,1837.07445892416,0.475148711169861,292.99636624971,222.192454812008,2599.75803347983,47.5148711169861
2022-01-17,102500,1088,80184,856,22316,232,86766,900,511008,1279,597774,2179,7,1110,-93,12525,1174,88865,12,2396,1131,"Knox County",470313,1787.53298335364,0.474441551322461,463.308477545805,231.335302234895,2663.12009236402,47.4441551322461
2022-01-16,101412,773,79328,693,22084,80,85866,718,509729,1073,595595,1791,0,1103,280,12618,493,87691,7,2384,1128,"Knox County",470313,1788.38348078833,0.466617310539777,380.810226381155,164.358629253285,2682.8941577205,46.6617310539777
2022-01-15,100639,751,78635,598,22004,153,85148,627,508656,816,593804,1443,1,1103,492,12338,258,87198,11,2377,1124,"Knox County",470313,1756.06457827022,0.469084628670121,306.816949563376,159.680893362505,2623.3593372924,46.9084628670121
2022-01-14,99888,1314,78037,1059,21851,255,84521,1097,507840,1188,592361,2285,6,1102,848,11846,460,86940,9,2366,1122,"Knox County",470313,1712.90183345984,0.467067988668555,485.846659565013,279.388407294717,2518.74815282588,46.7067988668555
2022-01-13,98574,1406,76978,1058,21596,348,83424,1105,506652,1402,590076,2507,6,1096,646,10998,754,86480,11,2357,1117,"Knox County",470313,1712.05133602516,0.454692102679198,533.049267190148,298.94984829252,2338.44269667222,45.4692102679198
2022-01-12,97168,1167,75920,889,21248,278,82319,936,505250,1058,587569,1994,1,1090,458,10352,708,85726,3,2346,1111,"Knox County",470313,1604.03816181989,0.447447889813655,423.972971191526,248.132626569965,2201.08736097025,44.7447889813655
2022-01-11,96001,1366,75031,1061,20970,305,81383,1096,504192,1283,585575,2379,2,1089,738,9894,626,85018,10,2343,1111,"Knox County",470313,1672.29058095354,0.444436822609411,505.83334928016,290.444873945649,2103.70540469857,44.4436822609411
2022-01-10,94635,1002,73970,685,20665,317,80287,715,502909,812,583196,1527,3,1087,414,9156,585,84392,5,2333,1108,"Knox County",470313,1654.00488610776,0.451960361912969,324.677395691805,213.049607389122,1946.7886279988,45.1960361912969
2022-01-09,93633,740,73285,626,20348,114,79572,663,502097,1205,581669,1868,5,1084,463,8742,272,83807,2,2328,1107,"Knox County",470313,1646.98828227159,0.445547382703706,397.182301998882,157.342025417116,1858.76214350868,44.5547382703706
2022-01-08,92893,624,72659,477,20234,147,78909,509,500892,912,579801,1421,0,1079,527,8279,97,83535,9,2326,1105,"Knox County",470313,1619.98498872028,0.437808454330878,302.139213672597,132.67759981119,1760.31706544365,43.7808454330878
2022-01-07,92269,965,72182,748,20087,217,78400,763,499980,1091,578380,1854,0,1079,806,7752,159,83438,7,2317,1101,"Knox County",470313,1545.77908754383,0.427084870848708,394.205560977477,205.182506118266,1648.26402842362,42.7084870848709
2022-01-06,91304,1170,71434,744,19870,426,77637,781,498889,1011,576526,1792,2,1079,957,6946,211,83279,7,2310,1101,"Knox County",470313,1495.59973889729,0.425633034670822,381.022850739826,248.77049964598,1476.88879533417,42.5633034670822
2022-01-05,90134,1215,70690,904,19444,311,76856,942,497878,1255,574734,2197,1,1077,996,5989,218,83068,8,2303,1097,"Knox County",470313,1505.80570811353,0.419466175793833,467.135716001897,258.33859578621,1273.40728408528,41.9466175793833
2022-01-04,88919,925,69786,578,19133,347,75914,567,496623,1040,572537,1607,0,1076,725,4993,200,82850,5,2295,1096,"Knox County",470313,1412.03836593928,0.402739279308658,341.687344385547,196.677531771395,1061.63342284819,40.2739279308658
2022-01-03,87994,715,69208,538,18786,177,75347,505,495583,820,570930,1325,6,1076,539,4268,170,82650,6,2290,1091,"Knox County",470313,1351.01517500048,0.392075596816976,281.727275240106,152.026416450321,907.480762811149,39.2075596816976
2022-01-02,87279,290,68670,206,18609,84,74842,265,494763,651,569605,916,3,1070,181,3729,106,82480,8,2284,1089,"Knox County",470313,1255.33421359818,0.389848812095032,194.763912543349,61.6610640148157,792.876233487061,38.9848812095032
2022-01-01,86989,265,68464,215,18525,50,74577,237,494112,767,568689,1004,0,1067,170,3548,95,82374,15,2276,1087,"Knox County",470313,1179.00206883501,0.379616643291258,213.474856106465,56.3454550480212,754.391224567469,37.9616643291258
2021-12-31,86724,591,68249,429,18475,162,74340,470,493345,1008,567685,1478,0,1067,485,3378,106,82279,5,2261,1087,"Knox County",470313,1099.48055869176,0.365054753367574,314.258802116888,125.660995975021,718.245083593267,36.5054753367574
2021-12-30,86133,582,67820,403,18313,179,73870,404,492337,918,566207,1322,2,1067,472,2893,108,82173,6,2256,1084,"Knox County",470313,974.457435792759,0.344197380444715,281.089402164091,123.747376746975,615.122269637454,34.4197380444715
2021-12-29,85551,631,67417,474,18134,157,73466,502,491419,1195,564885,1697,1,1065,506,2421,124,82065,5,2250,1082,"Knox County",470313,850.284810328441,0.315541769173174,360.823536666007,134.165970321892,514.763572344375,31.5541769173174
2021-12-28,84920,429,66943,262,17977,167,72964,283,490224,979,563188,1262,1,1064,305,1915,123,81941,4,2245,1080,"Knox County",470313,744.823128427239,0.296090626388272,268.331940643784,91.2158498701928,407.175646856455,29.6090626388272
2021-12-27,84491,314,66681,234,17810,80,72681,254,489245,905,561926,1159,2,1063,201,1610,111,81818,1,2241,1080,"Knox County",470313,659.560760599856,0.273251866938221,246.431631700591,66.7640486229383,342.325217461563,27.3251866938221
2021-12-26,84177,61,66447,49,17730,12,72427,60,488340,426,560767,486,7,1061,-35,1409,89,81707,1,2240,1079,"Knox County",470313,610.869782464019,0.262844909609895,103.335438314484,12.9700858789785,299.587721368535,26.2844909609895
2021-12-25,84116,85,66398,63,17718,22,72367,74,487914,489,560281,563,1,1054,5,1444,79,81618,1,2239,1079,"Knox County",470313,572.597397903099,0.256934856282164,119.707513932211,18.0730704871011,307.029573922048,25.6934856282164
2021-12-24,84031,174,66335,122,17696,52,72293,137,487425,848,559718,985,0,1053,92,1439,82,81539,2,2238,1079,"Knox County",470313,483.933040336967,0.229328338239229,209.434993291702,36.9966384088894,305.966452128689,22.9328338239229
2021-12-23,83857,218,66213,159,17644,59,72156,166,486577,960,558733,1126,5,1053,112,1347,101,81457,5,2236,1079,"Knox County",470313,406.53777378044,0.20280296784831,239.415027864422,46.3521101904476,286.405011130885,20.280296784831
2021-12-22,83639,177,66054,102,17585,75,71990,101,485617,814,557607,915,48,1048,14,1235,115,81356,11,2231,1078,"Knox County",470313,310.006314943453,0.16548645320197,194.551288184677,37.6345114849047,262.591082959646,16.548645320197
2021-12-21,83462,176,65952,123,17510,53,71889,119,484803,912,556692,1031,3,1000,70,1221,103,81241,6,2220,1076,"Knox County",470313,256.212352199493,0.145411013567438,219.215713790603,37.421887126233,259.614341938241,14.5411013567438
2021-12-20,83286,114,65829,80,17457,34,71770,84,483891,623,555661,707,1,997,-8,1151,121,81138,3,2214,1074,"Knox County",470313,213.687480465137,0.127472905556511,150.325421580947,24.2391768885827,244.730636831217,12.7472905556511
2021-12-19,83172,70,65749,50,17423,20,71686,58,483268,557,554954,615,3,996,-18,1159,85,81017,6,2211,1073,"Knox County",470313,215.601099693183,0.124368899360485,130.763980583144,14.8837051070245,246.431631700591,12.4368899360485
2021-12-18,83102,88,65699,56,17403,32,71628,65,482711,660,554339,725,0,993,13,1177,75,80932,3,2205,1072,"Knox County",470313,216.238972769198,0.11959370904325,154.152660037039,18.7109435631165,250.258870156683,11.959370904325
2021-12-17,83014,119,65643,77,17371,42,71563,83,482051,1034,553614,1117,2,993,6,1164,111,80857,6,2202,1070,"Knox County",470313,204.544633042251,0.108402822322001,237.501408636376,25.3022986819416,247.49475349395,10.8402822322001
2021-12-16,82895,139,65566,107,17329,32,71480,108,481017,661,552497,769,2,991,34,1158,103,80746,3,2196,1068,"Knox County",470313,187.74730870718,0.105119918353461,163.508131818597,29.5547858553772,246.219007341919,10.5119918353461
2021-12-15,82756,157,65459,113,17297,44,71372,125,480356,841,551728,966,0,989,33,1124,124,80643,5,2193,1066,"Knox County",470313,183.494821533745,0.108263069139966,205.395130476938,33.3820243114692,238.989779147079,10.8263069139966
2021-12-14,82599,97,65346,59,17253,38,71247,63,479515,811,550762,874,3,989,-54,1091,148,80519,3,2188,1063,"Knox County",470313,166.697497198674,0.101507015416594,185.833689479134,20.6245627911625,231.97317531091,10.1507015416594
2021-12-13,82502,111,65287,73,17215,38,71184,79,478704,627,549888,706,4,986,-50,1145,157,80371,3,2185,1060,"Knox County",470313,166.059624122659,0.100658350658351,150.112797222275,23.6013038125674,243.454890679186,10.0658350658351
2021-12-12,82391,54,65214,30,17177,24,71105,40,478077,493,549182,533,6,982,-38,1195,86,80214,5,2182,1060,"Knox County",470313,162.65763438391,0.0989455184534271,113.328783172058,11.481715368276,254.086108612775,9.89455184534271
2021-12-11,82337,65,65184,45,17153,20,71065,51,477584,541,548649,592,0,976,-21,1233,86,80128,1,2177,1059,"Knox County",470313,157.767274134459,0.0987943134784956,125.873620333693,13.8205833136656,262.165834242302,9.87943134784956
2021-12-10,82272,84,65139,48,17133,36,71014,57,477043,856,548057,913,0,976,-13,1254,97,80042,3,2176,1056,"Knox County",470313,150.325421580947,0.0977022230524939,194.126039467333,17.8604461284294,266.63094577441,9.77022230524939
2021-12-09,82188,164,65091,96,17097,68,70957,107,476187,1017,547144,1124,3,976,101,1267,60,79945,2,2173,1055,"Knox County",470313,155.641030547742,0.0914505956552207,238.989779147079,34.8703948221716,269.395062437143,9.14505956552208
2021-12-08,82024,130,64995,66,17029,64,70850,65,475170,751,546020,816,0,973,32,1166,98,79885,7,2171,1054,"Knox County",470313,149.900172863604,0.0831234256926952,173.501476676171,27.6411666273312,247.920002211293,8.31234256926952
2021-12-07,81894,127,64929,70,16965,57,70785,76,474419,631,545204,707,2,973,17,1134,108,79787,2,2164,1053,"Knox County",470313,156.278903623757,0.0881098126507142,150.325421580947,27.0032935513158,241.116022733796,8.81098126507142
2021-12-06,81767,148,64859,106,16908,42,70709,115,473788,759,544497,874,8,971,38,1117,102,79679,4,2162,1053,"Knox County",470313,164.146004894613,0.0919230077352042,185.833689479134,31.4684050834232,237.501408636376,9.19230077352042
2021-12-05,81619,43,64753,28,16866,15,70594,33,473029,342,543623,375,2,963,-21,1079,62,79577,1,2158,1050,"Knox County",470313,161.807136949223,0.093316052582855,79.7341345019168,9.14284742288646,229.421683006849,9.3316052582855
2021-12-04,81576,69,64725,49,16851,20,70561,55,472687,499,543248,554,0,961,15,1100,54,79515,3,2157,1050,"Knox County",470313,162.65763438391,0.0947231027410032,117.793894704165,14.6710807483527,233.886794538956,9.47231027410032
2021-12-03,81507,147,64676,103,16831,44,70506,108,472188,1009,542694,1117,3,961,62,1085,82,79461,2,2154,1048,"Knox County",470313,176.052968980232,0.100413148913239,237.501408636376,31.2557807247514,230.697429158879,10.0413148913239
2021-12-02,81360,133,64573,86,16787,47,70398,85,471179,794,541577,879,0,958,31,1023,102,79379,4,2152,1046,"Knox County",470313,169.461613861407,0.100901916572717,186.896811272493,28.2790397033465,217.514718921229,10.0901916572717
2021-12-01,81227,185,64487,142,16740,43,70313,147,470385,1009,540698,1156,4,958,91,992,90,79277,7,2148,1044,"Knox County",470313,181.155953588355,0.109325326739668,245.793758624576,39.335506354279,210.923363802404,10.9325326739668
2021-11-30,81042,116,64345,65,16697,51,70166,68,469376,693,539542,761,3,954,16,901,97,79187,6,2141,1043,"Knox County",470313,178.817085642965,0.106892932120364,161.807136949223,24.6644256059263,191.574547163272,10.6892932120364
2021-11-29,80926,165,64280,128,16646,37,70098,139,468683,967,538781,1106,2,951,75,885,88,79090,5,2135,1040,"Knox County",470313,182.431699740386,0.106758574310693,235.162540690987,35.0830191808434,188.172557424524,10.6758574310693
2021-11-28,80761,33,64152,22,16609,11,69959,22,467716,270,537675,292,3,949,-24,810,54,79002,5,2130,1039,"Knox County",470313,180.305456153668,0.106393861892583,62.0863127321592,7.01660383616868,172.22573052414,10.6393861892583
2021-11-27,80728,59,64130,31,16598,28,69937,32,467446,266,537383,298,0,946,1,834,58,78948,1,2125,1038,"Knox County",470313,178.17921256695,0.107149224460688,63.3620588841899,12.5448371616349,177.328715132263,10.7149224460688
2021-11-26,80669,20,64099,18,16570,2,69905,20,467180,298,537085,318,0,946,-45,833,65,78890,4,2124,1036,"Knox County",470313,151.175919015634,0.106652806652807,67.6145460576254,4.25248717343556,177.116090773591,10.6652806652807
2021-11-25,80649,52,64081,26,16568,26,69885,29,466882,331,536767,360,0,946,-18,878,70,78825,3,2120,1035,"Knox County",470313,133.95334596322,0.106501980890235,76.5447691218401,11.0564666509325,186.684186913821,10.6501980890235
2021-11-24,80597,105,64055,66,16542,39,69856,73,466551,742,536407,815,0,946,18,896,87,78755,3,2117,1030,"Knox County",470313,116.943397269478,0.0969620253164557,173.288852317499,22.3255576605367,190.511425369913,9.69620253164557
2021-11-23,80492,99,63989,63,16503,36,69783,65,465809,674,535592,739,0,946,37,878,62,78668,2,2114,1026,"Knox County",470313,113.328783172058,0.0967413441955193,157.129401058444,21.049811508506,186.684186913821,9.67413441955193
2021-11-22,80393,107,63926,83,16467,24,69718,82,465135,740,534853,822,0,946,37,841,70,78606,3,2112,1026,"Knox County",470313,100.996570369095,0.0886388583973655,174.777222828202,22.7508063778803,178.817085642965,8.86388583973655
2021-11-21,80286,44,63843,32,16443,12,69636,37,464395,284,534031,321,0,946,-9,804,53,78536,2,2109,1026,"Knox County",470313,103.335438314484,0.0920228695888919,68.2524191336408,9.35547178155824,170.94998437211,9.20228695888919
2021-11-20,80242,54,63811,37,16431,17,69599,44,464111,537,533710,581,0,946,14,813,40,78483,1,2107,1024,"Knox County",470313,102.272316521125,0.0884732052578362,123.534752388303,11.481715368276,172.863603600156,8.84732052578362
2021-11-19,80188,112,63774,83,16414,29,69555,81,463574,825,533129,906,0,946,62,799,50,78443,0,2106,1024,"Knox County",470313,121.833757518929,0.0904489436619718,192.637668956631,23.8139281712392,169.886862578751,9.04489436619718
2021-11-18,80076,80,63691,44,16385,36,69474,49,462749,937,532223,986,3,946,18,737,59,78393,2,2106,1024,"Knox County",470313,127.787239561739,0.0833655705996132,209.647617650373,17.0099486937423,156.7041523411,8.33655705996132
2021-11-17,79996,105,63647,64,16349,41,69425,66,461812,833,531237,899,0,943,44,719,61,78334,1,2104,1024,"Knox County",470313,127.787239561739,0.0807004187285877,191.149298445929,22.3255576605367,152.876913885008,8.07004187285877
2021-11-16,79891,73,63583,51,16308,22,69359,67,460979,777,530338,844,0,943,8,675,65,78273,2,2103,1023,"Knox County",470313,122.259006236272,0.0794924426198918,179.454958718981,15.5215781830398,143.52144210345,7.94924426198918
2021-11-15,79818,84,63532,44,16286,40,69292,34,460202,460,529494,494,3,943,21,667,60,78208,0,2101,1020,"Knox County",470313,117.368645986822,0.075134168157424,105.036433183858,17.8604461284294,141.820447234076,7.5134168157424
2021-11-14,79734,72,63488,62,16246,10,69258,68,459742,624,529000,692,0,940,16,646,56,78148,2,2101,1020,"Knox County",470313,123.322128029631,0.0757126990003702,147.13605620087,15.308953824368,137.355335701969,7.57126990003702
2021-11-13,79662,29,63426,13,16236,16,69190,12,459118,317,528308,329,0,940,-14,630,43,78092,2,2099,1018,"Knox County",470313,118.006519062837,0.0732038834951456,69.953414003015,6.16610640148157,133.95334596322,7.32038834951456
2021-11-12,79633,66,63413,49,16220,17,69178,51,458801,687,527979,738,0,940,17,644,49,78049,4,2097,1018,"Knox County",470313,108.225798563935,0.069650742673625,156.916776699772,14.0332076723374,136.930086984625,6.96507426736251
2021-11-11,79567,67,63364,46,16203,21,69127,54,458114,962,527241,1016,0,940,-3,627,70,78000,0,2093,1016,"Knox County",470313,105.461681901202,0.0702314445331205,216.026348410527,14.2458320310091,133.315472887205,7.02314445331205
2021-11-10,79500,74,63318,50,16182,24,69073,69,457152,855,526225,924,1,940,7,630,66,77930,2,2093,1016,"Knox County",470313,98.8703267823768,0.0704784594004368,196.464907412723,15.7342025417116,133.95334596322,7.04784594004368
2021-11-09,79426,106,63268,76,16158,30,69004,134,456297,1174,525301,1308,1,939,34,623,71,77864,1,2091,1016,"Knox County",470313,105.886930618546,0.0767133248500273,278.112661142686,22.5381820192085,132.464975452518,7.67133248500273
2021-11-08,79320,78,63192,58,16128,20,68870,70,455123,687,523993,757,6,938,-10,589,82,77793,1,2090,1015,"Knox County",470313,104.611184466515,0.0794587092297016,160.956639514536,16.5846999763987,125.235747257677,7.94587092297016
2021-11-07,79242,31,63134,20,16108,11,68800,23,454436,390,523236,413,0,932,-20,599,51,77711,1,2089,1012,"Knox County",470313,95.8935857609719,0.0752962625341841,87.8138601314444,6.59135511882512,127.361990844395,7.52962625341841
2021-11-06,79211,41,63114,27,16097,14,68777,30,454046,453,522823,483,0,932,-2,619,43,77660,2,2088,1009,"Knox County",470313,98.4450780650333,0.0764319914878525,102.697565238469,8.7175987055429,131.614478017831,7.64319914878525
2021-11-05,79170,52,63087,32,16083,20,68747,36,453593,605,522340,641,0,932,-27,621,79,77617,2,2086,1008,"Knox County",470313,95.4683370436284,0.0750631540959942,136.29221390861,11.0564666509325,132.039726735174,7.50631540959942
2021-11-04,79118,68,63055,45,16063,23,68711,49,452988,668,521699,717,0,932,-1,648,69,77538,1,2084,1008,"Knox County",470313,95.6809614023002,0.0783902345985123,152.451665167665,14.4584563896809,137.780584419312,7.83902345985123
2021-11-03,79050,80,63010,60,16040,20,68662,66,452320,969,520982,1035,0,932,-1,649,81,77469,2,2083,1007,"Knox County",470313,96.9567075543308,0.0762047067613,220.06621122529,17.0099486937423,137.993208777984,7.62047067613
2021-11-02,78970,41,62950,19,16020,22,68596,22,451351,301,519947,323,4,932,-52,650,89,77388,1,2081,1005,"Knox County",470313,83.1361242406653,0.0677500572213321,68.6776678509843,8.7175987055429,138.205833136656,6.77500572213321
2021-11-01,78929,95,62931,71,15998,24,68574,83,451050,661,519624,744,1,928,-19,702,113,77299,3,2080,1002,"Knox County",470313,86.7507383380855,0.0709366391184573,158.192522851803,20.1993140738189,149.262299787588,7.09366391184573
2021-10-31,78834,26,62860,20,15974,6,68491,19,450389,278,518880,297,0,927,-43,721,69,77186,1,2077,1001,"Knox County",470313,85.6876165447266,0.0719339622641509,63.1494345255181,5.52823332546623,153.302162602352,7.19339622641509
2021-10-30,78808,56,62840,41,15968,15,68472,43,450111,522,518583,565,0,927,-23,764,79,77117,4,2076,1000,"Knox County",470313,88.8769819248033,0.0735770476631189,120.132762649555,11.9069640856196,162.445010025239,7.35770476631189
2021-10-29,78752,73,62799,59,15953,14,68429,66,449589,846,518018,912,1,927,-37,787,109,77038,1,2072,1000,"Knox County",470313,93.3420934569106,0.0757674722403658,193.913415108662,15.5215781830398,167.335370274689,7.57674722403658
2021-10-28,78679,54,62740,32,15939,22,68363,39,448743,561,517106,600,4,926,-52,824,102,76929,3,2071,999,"Knox County",470313,90.3653524355057,0.0755138516532618,127.574615203067,11.481715368276,175.202471545545,7.55138516532618
2021-10-27,78625,88,62708,57,15917,31,68324,65,448182,759,516506,824,1,922,-29,876,116,76827,3,2068,997,"Knox County",470313,92.0663473048799,0.0790152403282532,175.202471545545,18.7109435631165,186.258938196478,7.90152403282532
2021-10-26,78537,96,62651,58,15886,38,68259,55,447423,554,515682,609,0,921,-18,905,114,76711,5,2065,994,"Knox County",470313,103.760687031828,0.0813008130081301,129.488234431113,20.4119384324907,192.425044597959,8.13008130081301
2021-10-25,78441,71,62593,47,15848,24,68204,54,446869,491,515073,545,6,921,-73,923,138,76597,3,2060,992,"Knox County",470313,98.6577024237051,0.0783547794117647,115.880275476119,15.0963294656962,196.252283054051,7.83547794117647
2021-10-24,78370,38,62546,20,15824,18,68150,23,446378,337,514528,360,1,915,-73,996,110,76459,5,2057,991,"Knox County",470313,101.209194727766,0.0781426953567384,76.5447691218401,8.07972562952757,211.773861237091,7.81426953567384
2021-10-23,78332,59,62526,40,15806,19,68127,42,446041,471,514168,513,0,914,-15,1069,74,76349,1,2052,988,"Knox County",470313,101.847067803782,0.0788448315379326,109.076295998622,12.5448371616349,227.295439420131,7.88448315379326
2021-10-22,78273,90,62486,55,15787,35,68085,55,445570,551,513655,606,0,914,-69,1084,159,76275,2,2051,986,"Knox County",470313,105.461681901202,0.0820803549420754,128.850361355098,19.13619228046,230.484804800208,8.20803549420754
2021-10-21,78183,124,62431,71,15752,53,68030,78,445019,712,513049,790,3,914,-22,1153,143,76116,2,2049,984,"Knox County",470313,120.345387008226,0.0875912408759124,167.973243350705,26.3654204753005,245.15588554856,8.75912408759124
2021-10-20,78059,149,62360,83,15699,66,67952,90,444307,959,512259,1049,3,911,-46,1175,192,75973,3,2047,982,"Knox County",470313,133.315472887205,0.0887745974955277,223.042952246695,31.6810294420949,249.833621439339,8.87745974955277
2021-10-19,77910,131,62277,85,15633,46,67862,92,443348,724,511210,816,4,908,-40,1221,167,75781,4,2044,980,"Knox County",470313,140.757325440717,0.0927548621500321,173.501476676171,27.8537909860029,259.614341938241,9.27548621500321
2021-10-18,77779,121,62192,90,15587,31,67770,106,442624,607,510394,713,9,904,-74,1261,186,75614,8,2040,978,"Knox County",470313,151.388543374306,0.100268207138436,151.601167732978,25.7275473992852,268.119316285112,10.0268207138436
2021-10-17,77658,63,62102,56,15556,7,67664,61,442017,303,509681,364,1,895,-65,1335,127,75428,4,2032,975,"Knox County",470313,156.7041523411,0.108018965161822,77.3952665565272,13.395334596322,283.853518826824,10.8018965161822
2021-10-16,77595,55,62046,41,15549,14,67603,44,441714,372,509317,416,0,894,-83,1400,138,75301,1,2028,973,"Knox County",470313,155.853654906413,0.110643668489693,88.4517332074597,11.6943397269478,297.674102140489,11.0643668489693
2021-10-15,77540,125,62005,89,15535,36,67559,100,441342,794,508901,894,9,894,-68,1483,184,75163,5,2027,969,"Knox County",470313,163.295507459926,0.113248710829036,190.08617665257,26.5780448339723,315.321923910247,11.3248710829036
2021-10-14,77415,192,61916,135,15499,57,67459,143,440548,699,508007,842,0,885,8,1551,184,74979,7,2022,967,"Knox County",470313,177.753963849607,0.124852767962309,179.029710001637,40.8238768649814,329.780380299928,12.4852767962309
2021-10-13,77223,121,61781,88,15442,33,67316,99,439849,764,507165,863,7,885,-78,1543,192,74795,5,2015,962,"Knox County",470313,171.800481806797,0.131418092909535,183.494821533745,25.7275473992852,328.079385430554,13.1418092909535
2021-10-12,77102,136,61693,104,15409,32,67217,109,439085,821,506302,930,4,878,-81,1621,213,74603,3,2010,961,"Knox County",470313,172.863603600156,0.131819992035046,197.740653564754,28.9169127793618,344.664085406952,13.1819992035046
2021-10-11,76966,194,61589,136,15377,58,67108,149,438264,581,505372,730,3,874,-87,1702,278,74390,12,2007,952,"Knox County",470313,188.385181783195,0.139908712046041,155.215781830398,41.249125582325,361.886658459366,13.9908712046041
2021-10-10,76772,54,61453,41,15319,13,66959,51,437683,489,504642,540,0,871,-89,1789,143,74112,4,1995,951,"Knox County",470313,186.471562555149,0.13326941514861,114.81715368276,11.481715368276,380.384977663811,13.326941514861
2021-10-09,76718,66,61412,37,15306,29,66908,48,437194,490,504102,538,0,871,-66,1878,132,73969,7,1991,948,"Knox County",470313,188.810430500539,0.1309724564362,114.391904965417,14.0332076723374,399.308545585599,13.09724564362
2021-10-08,76652,289,61375,114,15277,175,66860,123,436704,936,503564,1059,-1,871,76,1944,214,73837,5,1984,944,"Knox County",470313,223.680825322711,0.131225009087605,225.169195833413,61.4484396561439,413.341753257937,13.1225009087605
2021-10-07,76363,259,61261,170,15102,89,66737,176,435768,1106,502505,1282,6,872,-9,1868,262,73623,9,1979,940,"Knox County",470313,237.92665735372,0.127061595422417,272.58442781722,55.0697088959905,397.182301998882,12.7061595422417
2021-10-06,76104,139,61091,103,15013,36,66561,112,434662,835,501223,947,1,866,-120,1877,258,73361,4,1970,939,"Knox County",470313,241.753895809812,0.12744772651842,201.355267662174,29.5547858553772,399.095921226928,12.744772651842
2021-10-05,75965,210,60988,118,14977,92,66449,138,433827,915,500276,1053,3,865,-71,1997,278,73103,4,1966,934,"Knox County",470313,257.488098351523,0.129614571475037,223.893449681382,44.6511153210734,424.610844267541,12.9614571475037
2021-10-04,75755,316,60870,224,14885,92,66311,245,432912,829,499223,1074,3,862,-14,2068,327,72825,4,1962,930,"Knox County",470313,283.42827010948,0.137532727552749,228.35856121349,67.1892973402819,439.707173733237,13.7532727552749
2021-10-03,75439,102,60646,93,14793,9,66066,107,432083,678,498149,785,1,859,-67,2082,168,72498,6,1958,928,"Knox County",470313,293.634239325726,0.140842980112793,166.910121557346,21.6876845845214,442.683914754642,14.0842980112793
2021-10-02,75337,67,60553,43,14784,24,65959,50,431405,472,497364,522,5,858,-144,2149,206,72330,2,1952,927,"Knox County",470313,293.846863684397,0.141475751264505,110.989915226668,14.2458320310091,456.929746785651,14.1475751264505
2021-10-01,75270,225,60510,151,14760,74,65909,167,430933,965,496842,1132,0,853,-76,2293,301,72124,9,1950,923,"Knox County",470313,280.238904729404,0.146431199411332,240.690774016453,47.8404807011501,487.547654434387,14.6431199411332
2021-09-30,75045,240,60359,166,14686,74,65742,186,429968,1104,495710,1290,1,853,-112,2369,351,71823,8,1941,920,"Knox County",470313,276.19904191464,0.147728943113332,274.285422686594,51.0298460812268,503.707105693442,14.7728943113332
2021-09-29,74805,361,60193,170,14612,191,65556,192,428864,1111,494420,1303,6,852,-96,2481,451,71472,7,1933,918,"Knox County",470313,323.401649539775,0.151557480094985,277.049539349327,76.7573934805119,527.521033864682,15.1557480094985
2021-09-28,74444,348,60023,249,14421,99,65364,270,427753,778,493117,1048,2,846,-75,2577,421,71021,1,1926,915,"Knox County",470313,352.74381103648,0.170114621190942,222.830327888024,73.9932768177788,547.932972297172,17.0114621190942
2021-09-27,74096,239,59774,162,14322,77,65094,186,426975,760,492069,946,7,844,-303,2652,535,70600,12,1925,913,"Knox County",470313,336.371735418753,0.164816396242528,201.142643303502,50.817221722555,563.879799197556,16.4816396242528
2021-09-26,73857,124,59612,99,14245,25,64908,117,426215,703,491123,820,2,837,-143,2955,265,70065,1,1913,907,"Knox County",470313,341.049471309532,0.165415663503753,174.351974110858,26.3654204753005,628.304979875104,16.5415663503753
2021-09-25,73733,110,59513,90,14220,20,64791,102,425512,705,490303,807,0,835,-178,3098,288,69800,3,1912,902,"Knox County",470313,350.192318732419,0.166076776476994,171.587857448125,23.3886794538956,658.710263165169,16.6076776476994
2021-09-24,73623,244,59423,165,14200,79,64689,182,424807,939,489496,1121,13,835,-233,3276,464,69512,5,1909,895,"Knox County",470313,354.232181547182,0.168370824812543,238.351906071063,51.8803435159139,696.557399008745,16.8370824812543
2021-09-23,73379,355,59258,246,14121,109,64507,268,423868,1370,488375,1638,14,822,-222,3509,563,69048,8,1904,892,"Knox County",470313,378.683982794437,0.171417415072237,348.278699504373,75.4816473284812,746.09887457927,17.1417415072237
2021-09-22,73024,251,59012,187,14012,64,64239,202,422498,1261,486737,1463,3,808,-329,3731,577,68485,4,1896,889,"Knox County",470313,355.295303340541,0.169195460920566,311.069436736811,53.3687140266163,793.301482204404,16.9195460920566
2021-09-21,72773,397,58825,216,13948,181,64037,230,421237,996,485274,1226,10,805,-352,4060,739,67908,7,1892,880,"Knox County",470313,365.713896915458,0.160453808752026,260.6774637316,84.4118703926959,863.254896207419,16.0453808752026
2021-09-20,72376,432,58609,310,13767,122,63807,343,420241,1295,484048,1638,5,795,113,4412,314,67169,9,1885,876,"Knox County",470313,406.750398139112,0.165729369907035,348.278699504373,91.8537229462082,938.098670459885,16.5729369907035
2021-09-19,71944,120,58299,87,13645,33,63464,97,418946,432,482410,529,1,790,-176,4299,295,66855,7,1876,869,"Knox County",470313,405.899900704425,0.169080978389931,112.478285737371,25.5149230406134,914.072117929974,16.9080978389931
2021-09-18,71824,226,58212,183,13612,43,63367,197,418514,1075,481881,1272,0,789,-107,4475,333,66560,7,1869,861,"Knox County",470313,430.564326310351,0.170923821312029,270.458184230502,48.0531050598219,951.494005056207,17.0923821312029
2021-09-17,71598,547,58029,422,13569,125,63170,449,417439,1310,480609,1759,5,789,5,4582,537,66227,12,1862,848,"Knox County",470313,494.9895069879,0.18750656167979,374.006246903658,116.305524193463,974.244811434087,18.750656167979
2021-09-16,71051,588,57607,456,13444,132,62721,487,416129,1518,478850,2005,7,784,10,4577,571,65690,16,1850,843,"Knox County",470313,544.530982558424,0.202689041649818,426.311839136915,125.023122899006,973.181689640729,20.2689041649818
2021-09-15,70463,338,57151,249,13312,89,62234,267,414611,807,476845,1074,6,777,-308,4567,640,65119,5,1834,840,"Knox County",470313,563.029301762869,0.217825949700095,228.35856121349,71.867033231061,971.055446054011,21.7825949700095
2021-09-14,70125,555,56902,443,13223,112,61967,476,413804,1406,475771,1882,12,771,-160,4875,703,64479,8,1829,836,"Knox County",470313,596.62395043301,0.227975194408899,400.159043020287,118.006519062837,1036.54374852492,22.7975194408899
2021-09-13,69570,399,56459,299,13111,100,61491,333,412398,1134,473889,1467,20,759,-434,5035,813,63776,15,1821,833,"Knox County",470313,589.607346596841,0.230877052462956,311.919934171499,84.8371191100395,1070.5636459124,23.0877052462956
2021-09-12,69171,387,56160,358,13011,29,61158,376,411264,1460,472422,1836,0,739,80,5469,307,62963,5,1806,824,"Knox County",470313,646.378050362206,0.228862328463922,390.378322521385,82.2856268059781,1162.84261757595,22.8862328463922
2021-09-11,68784,866,55802,707,12982,159,60782,763,409804,2621,470586,3384,4,739,500,5389,362,62656,26,1801,816,"Knox County",470313,782.457639912144,0.235026478705154,719.520829745297,184.13269460976,1145.83266888221,23.5026478705154
2021-09-10,67918,1026,55095,748,12823,278,60019,803,407183,2513,467202,3316,1,735,481,4889,544,62294,24,1775,806,"Knox County",470313,884.304707715925,0.234228815824646,705.062373355616,218.152591997244,1039.52048954632,23.4228815824646
2021-09-09,66892,310,54347,167,12545,143,59216,173,404670,685,463886,858,1,734,-370,4408,679,61750,18,1751,799,"Knox County",470313,825.195136005171,0.230947383657813,182.431699740386,65.9135511882512,937.248173025198,23.0947383657813
2021-09-08,66582,290,54180,226,12402,64,59043,250,403985,837,463028,1087,5,733,-405,4778,690,61071,11,1733,794,"Knox County",470313,814.989166788926,0.229501084598698,231.122677876223,61.6610640148157,1015.91918573376,22.9501084598698
2021-09-07,66292,414,53954,299,12338,115,58793,311,403148,979,461941,1290,3,728,-221,5183,632,60381,13,1722,788,"Knox County",470313,785.009132216205,0.227300196404291,274.285422686594,88.0264844901162,1102.03205099583,22.7300196404291
2021-09-06,65878,991,53655,791,12223,200,58482,844,402169,3221,460651,4065,1,725,341,5404,649,59749,20,1709,787,"Knox County",470313,910.882752549898,0.222278353119475,864.318018000778,210.710739443732,1149.02203426229,22.2278353119475
2021-09-05,64887,969,52864,799,12023,170,57638,834,398948,2999,456586,3833,2,724,623,5063,344,59100,15,1689,784,"Knox County",470313,1034.63012929687,0.223069590085796,814.989166788926,206.033003552953,1076.51712795521,22.3069590085796
2021-09-04,63918,542,52065,388,11853,154,56804,407,395949,1502,452753,1909,2,722,223,4440,317,58756,10,1674,779,"Knox County",470313,965.739837087216,0.221420711578433,405.899900704425,115.242402400104,944.052152502695,22.1420711578433
2021-09-03,63376,334,51677,238,11699,96,56397,249,394447,909,450844,1158,5,720,-155,4217,484,58439,8,1664,775,"Knox County",470313,818.603780886346,0.216056338028169,246.219007341919,71.0165357963739,896.636920518888,21.6056338028169
2021-09-02,63042,323,51439,180,11603,143,56148,200,393538,681,449686,881,3,715,-158,4372,478,57955,5,1656,770,"Knox County",470313,821.367897549079,0.217605287210856,187.322059989837,68.6776678509843,929.593696113014,21.7605287210856
2021-09-01,62719,276,51259,211,11460,65,55948,226,392857,645,448805,871,3,712,-119,4530,392,57477,2,1651,767,"Knox County",470313,818.391156527674,0.219247519097594,185.195816403119,58.6843229934108,963.188344783155,21.9247519097594
2021-08-31,62443,594,51048,433,11395,161,55722,479,392212,1894,447934,2373,2,709,190,4649,402,57085,8,1649,764,"Knox County",470313,856.663541088594,0.214645460569914,504.55760312813,126.298869051036,988.490643465097,21.4645460569914
2021-08-30,61849,513,50615,403,11234,110,55243,430,390318,1630,445561,2060,9,707,96,4459,408,56683,12,1641,760,"Knox County",470313,755.029097643484,0.215896064195644,438.006178863863,109.076295998622,948.092015317459,21.5896064195644
2021-08-29,61336,483,50212,407,11124,76,54813,439,388688,1485,443501,1924,1,698,255,4363,227,56275,5,1629,754,"Knox County",470313,651.693659329,0.217430207587688,409.089266084501,102.697565238469,927.680076884968,21.7430207587688
2021-08-28,60853,397,49805,301,11048,96,54374,320,387203,1065,441577,1385,0,697,191,4108,206,56048,4,1624,747,"Knox County",470313,620.863127321592,0.219958693203154,294.484736760413,84.4118703926959,873.460865423665,21.9958693203154
2021-08-27,60456,472,49504,373,10952,99,54054,390,386138,1166,440192,1556,5,697,195,3917,272,55842,5,1620,744,"Knox County",470313,650.205288818298,0.224796380090498,330.843502093287,100.358697293079,832.849612917355,22.4796380090498
2021-08-26,59984,449,49131,347,10853,102,53664,368,384972,1426,438636,1794,5,692,154,3722,290,55570,0,1615,743,"Knox County",470313,676.995958010942,0.221683524199615,381.44809945717,95.4683370436284,791.387862976358,22.1683524199615
2021-08-25,59535,351,48784,224,10751,127,53296,238,383546,642,436842,880,2,687,91,3568,258,55280,4,1615,738,"Knox County",470313,692.942784911325,0.222519211493485,187.109435631165,74.6311498937941,758.643711740904,22.2519211493485
2021-08-24,59184,342,48560,222,10624,120,53058,237,382904,677,435962,914,4,685,76,3477,262,55022,5,1611,728,"Knox County",470313,639.361446526037,0.230381432512128,194.338663826005,72.7175306657481,739.294895101773,23.0381432512128
2021-08-23,58842,287,48338,206,10504,81,52821,227,382227,825,435048,1052,1,681,30,3401,256,54760,1,1606,728,"Knox County",470313,591.308341466215,0.233456075749605,223.680825322711,61.0231909388003,723.135443842718,23.3456075749605
2021-08-22,58555,240,48132,217,10423,23,52594,233,381402,889,433996,1122,2,680,70,3371,168,54504,0,1605,724,"Knox County",470313,539.640622308973,0.231299551878663,238.564530429735,51.0298460812268,716.756713082564,23.1299551878663
2021-08-21,58315,496,47915,373,10400,123,52361,411,380513,1904,432874,2315,0,678,381,3301,115,54336,8,1605,722,"Knox County",470313,560.690433817479,0.218415862140558,492.225390325166,105.461681901202,701.87300797554,21.8415862140558
2021-08-20,57819,425,47542,331,10277,94,51950,357,378609,1148,430559,1505,0,678,232,2920,193,54221,6,1597,719,"Knox County",470313,550.697088959905,0.216134418701732,319.999659801026,90.3653524355057,620.863127321592,21.6134418701732
2021-08-19,57394,368,47211,254,10183,114,51593,264,377461,952,429054,1216,1,678,204,2688,163,54028,6,1591,716,"Knox County",470313,533.474515907491,0.218458462905375,258.551220144882,78.2457639912144,571.53427610974,21.8458462905375
2021-08-18,57026,263,46957,191,10069,72,51329,200,376509,914,427838,1114,2,677,98,2484,163,53865,5,1585,716,"Knox County",470313,514.763572344375,0.208811431045681,236.863535560361,55.9202063306777,528.158906940697,20.8811431045681
2021-08-17,56763,263,46766,180,9997,83,51129,197,375595,1042,426724,1239,0,675,102,2386,161,53702,5,1580,716,"Knox County",470313,497.966248009304,0.197532155181428,263.441580394333,55.9202063306777,507.321719790863,19.7532155181428
2021-08-16,56500,185,46586,126,9914,59,50932,132,374553,422,425485,554,2,675,-26,2284,209,53541,5,1575,713,"Knox County",470313,476.278563424783,0.197904026475455,117.793894704165,39.335506354279,485.634035206341,19.7904026475455
2021-08-15,56315,204,46460,181,9855,23,50800,198,374131,953,424931,1151,3,673,80,2310,121,53332,6,1570,713,"Knox County",470313,468.624086512599,0.193424235759842,244.730636831217,43.3753691690427,491.162268531808,19.3424235759842
2021-08-14,56111,219,46279,147,9832,72,50602,154,373178,794,423780,948,0,670,96,2230,123,53211,4,1564,712,"Knox County",470313,409.727139160517,0.194383331176394,201.567892020846,46.5647345491194,474.152319838065,19.4383331176394
2021-08-13,55892,266,46132,205,9760,61,50448,220,372384,1470,422832,1690,1,670,124,2134,141,53088,5,1560,710,"Knox County",470313,375.919866131704,0.172522750252781,359.335166155305,56.558079406693,453.740381405575,17.2522750252781
2021-08-12,55626,222,45927,145,9699,77,50228,153,370914,643,421142,796,2,669,82,2010,138,52947,8,1555,707,"Knox County",470313,344.876709765624,0.167378537106247,169.248989502735,47.2026076251348,427.374960930274,16.7378537106247
2021-08-11,55404,316,45782,238,9622,78,50075,248,370271,989,420346,1237,1,667,183,1928,132,52809,10,1547,705,"Knox County",470313,356.145800775228,0.170978332239002,263.01633167699,67.1892973402819,409.939763519188,17.0978332239002
2021-08-10,55088,173,45544,109,9544,64,49827,121,369282,621,419109,742,1,666,56,1745,116,52677,2,1537,702,"Knox County",470313,337.009608494768,0.172239393087946,157.767274134459,36.7840140502176,371.029505882253,17.2239393087946
2021-08-09,54915,197,45435,159,9480,38,49706,167,368661,753,418367,920,1,665,75,1689,121,52561,4,1535,698,"Knox County",470313,339.56110079883,0.168492784607162,195.614409978036,41.8869986583403,359.122541796633,16.8492784607162
2021-08-08,54718,88,45276,66,9442,22,49539,75,367908,418,417447,493,1,664,22,1614,65,52440,4,1531,697,"Knox County",470313,314.896675192903,0.166715499560504,104.823808825187,18.7109435631165,343.17571489625,16.6715499560504
2021-08-07,54630,105,45210,75,9420,30,49464,80,367490,638,416954,718,0,663,44,1592,61,52375,2,1527,697,"Knox County",470313,290.657498304321,0.161309884778654,152.664289526337,22.3255576605367,338.497979005471,16.1309884778654
2021-08-06,54525,203,45135,147,9390,56,49384,163,366852,879,416236,1042,0,663,139,1548,64,52314,11,1525,697,"Knox County",470313,277.262163707999,0.169300605245461,221.554581735993,43.162744810371,329.142507223913,16.9300605245461
2021-08-05,54322,174,44988,131,9334,43,49221,147,365973,850,415194,997,2,663,102,1409,70,52250,4,1514,696,"Knox County",470313,267.056194491753,0.162790697674419,211.986485595763,36.9966384088894,299.587721368535,16.2790697674419
2021-08-04,54148,144,44857,101,9291,43,49074,104,365123,656,414197,760,1,661,70,1307,73,52180,4,1510,694,"Knox County",470313,230.484804800208,0.151093088857546,161.594512590551,30.6179076487361,277.900036784014,15.1093088857546
2021-08-03,54004,238,44756,177,9248,61,48970,183,364467,814,413437,997,0,660,161,1237,77,52107,5,1506,693,"Knox County",470313,244.305388113873,0.155053146617176,211.986485595763,50.6045973638832,263.01633167699,15.5053146617176
2021-08-02,53766,97,44579,75,9187,22,48787,82,363653,532,412440,614,2,660,-3,1076,98,52030,3,1501,690,"Knox County",470313,223.042952246695,0.148372175769436,130.551356224472,20.6245627911625,228.783809930833,14.8372175769436
2021-08-01,53669,107,44504,91,9165,16,48705,99,363121,526,411826,625,0,658,63,1079,44,51932,2,1498,690,"Knox County",470313,227.082815061459,0.149139579349904,132.890224169861,22.7508063778803,229.421683006849,14.9139579349904
2021-07-31,53562,104,44413,64,9149,40,48606,68,362595,399,411201,467,1,658,46,1016,57,51888,6,1496,688,"Knox County",470313,226.870190702787,0.153762268266085,99.2955754997204,22.1129333018649,216.026348410527,15.3762268266085
2021-07-30,53458,118,44349,83,9109,35,48538,90,362196,339,410734,429,1,657,79,970,38,51831,0,1490,688,"Knox County",470313,208.797120215686,0.158110042953569,91.2158498701928,25.0896743232698,206.245627911625,15.8110042953569
2021-07-29,53340,117,44266,65,9074,52,48448,68,361857,483,410305,551,0,656,82,891,35,51793,1,1490,687,"Knox County",470313,196.677531771395,0.156200765248706,117.15602162815,24.877049964598,189.448303576554,15.6200765248706
2021-07-28,53223,131,44201,90,9022,41,48380,95,361374,536,409754,631,0,656,80,809,51,51758,4,1489,686,"Knox County",470313,193.913415108662,0.15878535002318,134.165970321892,27.8537909860029,172.013106165469,15.878535002318
2021-07-27,53092,117,44111,78,8981,39,48285,84,360838,499,409123,583,0,656,85,729,32,51707,4,1485,686,"Knox County",470313,168.185867709377,0.15025641025641,123.960001105647,24.877049964598,155.003157471726,15.025641025641
2021-07-26,52975,97,44033,73,8942,24,48201,79,360339,371,408540,450,1,656,61,644,35,51675,4,1481,686,"Knox County",470313,168.185867709377,0.156049250535332,95.6809614023002,20.6245627911625,136.930086984625,15.6049250535332
2021-07-25,52878,51,43960,43,8918,8,48122,44,359968,320,408090,364,3,655,22,583,26,51640,5,1477,686,"Knox County",470313,156.278903623757,0.151942446043165,77.3952665565272,10.8438422922607,123.960001105647,15.1942446043165
2021-07-24,52827,64,43917,42,8910,22,48078,44,359648,348,407726,392,0,652,39,561,25,51614,1,1472,685,"Knox County",470313,147.773929276886,0.148235294117647,83.348748599337,13.6079589549938,119.282265214868,14.8235294117647
2021-07-23,52763,56,43875,31,8888,25,48034,32,359300,321,407334,353,1,652,24,522,31,51589,3,1471,683,"Knox County",470313,134.591219039236,0.134175691937425,75.0563986111377,11.9069640856196,110.989915226668,13.4175691937425
2021-07-22,52707,94,43844,69,8863,25,48002,78,358979,474,406981,552,0,651,70,498,24,51558,3,1468,682,"Knox County",470313,129.700858789785,0.137142857142857,117.368645986822,19.9866897151471,105.886930618546,13.7142857142857
2021-07-21,52613,61,43775,47,8838,14,47924,46,358505,411,406429,457,1,651,33,428,27,51534,1,1465,682,"Knox County",470313,114.81715368276,0.129165344335132,97.1693319130026,12.9700858789785,91.0032255115211,12.9165344335132
2021-07-20,52552,78,43728,43,8824,35,47878,45,358094,299,405972,344,0,650,54,395,24,51507,3,1464,682,"Knox County",470313,106.524803694561,0.126373626373626,73.1427793830917,16.5846999763987,83.9866216753524,12.6373626373626
2021-07-19,52474,48,43685,36,8789,12,47833,42,357795,348,405628,390,0,650,28,341,20,51483,0,1461,682,"Knox County",470313,96.1062101196437,0.116058906030856,82.9234998819935,10.2059692162454,72.5049063070764,11.6058906030856
2021-07-18,52426,36,43649,30,8777,6,47791,31,357447,272,405238,303,0,650,27,313,9,51463,1,1461,682,"Knox County",470313,92.9168447395671,0.113937656753852,64.4251806775488,7.65447691218401,66.5514242642666,11.3937656753852
2021-07-17,52390,27,43619,20,8771,7,47760,21,357175,202,404935,223,0,650,12,286,15,51454,1,1460,681,"Knox County",470313,85.0497434687113,0.112509534706331,47.4152319838065,5.74085768413801,60.8105665801286,11.2509534706331
2021-07-16,52363,37,43599,21,8764,16,47739,22,356973,291,404712,313,0,650,25,274,12,51439,1,1459,681,"Knox County",470313,81.0098806539475,0.110379550735864,66.5514242642666,7.86710127085579,58.2590742760672,11.0379550735864
2021-07-15,52326,55,43578,42,8748,13,47717,44,356682,364,404399,408,-1,650,36,249,20,51427,1,1458,681,"Knox County",470313,72.7175306657481,0.102953240360952,86.7507383380855,11.6943397269478,52.9434653092728,10.2953240360952
2021-07-14,52271,21,43536,17,8735,4,47673,16,356318,269,403991,285,0,651,8,213,13,51407,2,1457,681,"Knox County",470313,64.212556318877,0.0975286849073257,60.5979422214568,4.46511153210734,45.2889883970888,9.75286849073257
2021-07-13,52250,42,43519,26,8731,16,47657,29,356049,355,403706,384,3,651,28,205,11,51394,3,1455,681,"Knox County",470313,56.558079406693,0.0888985255854293,81.6477537299628,8.93022306421468,43.5879935277145,8.88985255854293
2021-07-12,52208,27,43493,21,8715,6,47628,24,355694,270,403322,294,0,648,16,177,11,51383,1,1452,681,"Knox County",470313,52.0929678745856,0.0846153846153846,62.5115614495028,5.74085768413801,37.6345114849047,8.46153846153846
2021-07-11,52181,8,43472,3,8709,5,47604,4,355424,136,403028,140,0,648,1,161,7,51372,0,1451,680,"Knox County",470313,46.1394858317759,0.0781631656082071,29.7674102140489,1.70099486937423,34.2325217461563,7.81631656082071
2021-07-10,52173,20,43469,16,8704,4,47600,16,355288,191,402888,207,0,648,12,160,8,51365,2,1451,680,"Knox County",470313,44.6511153210734,0.0763170851797144,44.0132422450581,4.25248717343556,34.0198973874845,7.63170851797144
2021-07-09,52153,27,43453,21,8700,6,47584,21,355097,338,402681,359,0,648,12,148,15,51357,0,1449,680,"Knox County",470313,42.5248717343556,0.0741454020221473,76.3321447631684,5.74085768413801,31.4684050834232,7.41454020221473
2021-07-08,52126,19,43432,14,8694,5,47563,16,354759,317,402322,333,0,648,6,136,13,51342,0,1449,679,"Knox County",470313,34.8703948221716,0.0629370629370629,70.8039114377021,4.03986281476378,28.9169127793618,6.29370629370629
2021-07-07,52107,18,43418,5,8689,13,47547,5,354442,333,401989,338,1,648,8,130,9,51329,1,1449,677,"Knox County",470313,34.2325217461563,0.0559610705596107,71.867033231061,3.82723845609201,27.6411666273312,5.59610705596107
2021-07-06,52089,24,43413,9,8676,15,47542,14,354109,263,401651,277,0,647,14,122,10,51320,2,1448,677,"Knox County",470313,30.4052832900643,0.0513347022587269,58.8969473520825,5.10298460812268,25.9401717579569,5.13347022587269
2021-07-05,52065,10,43404,7,8661,3,47528,6,353846,105,401374,111,0,647,0,108,10,51310,1,1446,677,"Knox County",470313,26.790669192644,0.0464589235127479,23.6013038125674,2.12624358671778,22.963430736552,4.64589235127479
2021-07-04,52055,8,43397,7,8658,1,47522,7,353741,143,401263,150,0,647,0,108,8,51300,1,1445,677,"Knox County",470313,26.790669192644,0.047887323943662,31.8936538007667,1.70099486937423,22.963430736552,4.7887323943662
2021-07-03,52047,9,43390,7,8657,2,47515,7,353598,185,401113,192,0,647,-2,108,11,51292,1,1444,677,"Knox County",470313,24.4518012472545,0.0431818181818182,40.8238768649814,1.913619228046,22.963430736552,4.31818181818182
2021-07-02,52038,17,43383,13,8655,4,47508,17,353413,342,400921,359,-1,647,11,110,7,51281,0,1443,677,"Knox County",470313,22.3255576605367,0.0409090909090909,76.3321447631684,3.61461409742023,23.3886794538956,4.09090909090909
2021-07-01,52021,18,43370,15,8651,3,47491,17,353071,248,400562,265,-1,648,13,99,6,51274,1,1443,677,"Knox County",470313,22.1129333018649,0.0431442080378251,56.3454550480212,3.82723845609201,21.049811508506,4.31442080378251
2021-06-30,52003,18,43355,12,8648,6,47474,11,352823,299,400297,310,0,649,9,86,9,51268,0,1442,677,"Knox County",470313,22.1129333018649,0.0474759615384615,65.9135511882512,3.82723845609201,18.2856948457729,4.74759615384615
2021-06-29,51985,21,43343,16,8642,5,47463,19,352524,438,399987,457,0,649,8,77,13,51259,1,1442,677,"Knox County",470313,21.4750602258496,0.0455531453362256,97.1693319130026,4.46511153210734,16.3720756177269,4.55531453362256
2021-06-28,51964,9,43327,2,8637,7,47444,2,352086,113,399530,115,0,649,-4,69,13,51246,0,1441,677,"Knox County",470313,21.2624358671778,0.0432900432900433,24.4518012472545,1.913619228046,14.6710807483527,4.32900432900433
2021-06-27,51955,5,43325,3,8630,2,47442,3,351973,151,399415,154,0,649,0,73,5,51233,0,1441,677,"Knox County",470313,20.6245627911625,0.041036717062635,32.7441512354538,1.06312179335889,15.5215781830398,4.1036717062635
2021-06-26,51950,3,43322,2,8628,1,47439,2,351822,206,399261,208,0,649,0,73,3,51228,0,1441,677,"Knox County",470313,19.3488166391318,0.0380085653104925,44.2258666037299,0.637873076015334,15.5215781830398,3.80085653104925
2021-06-25,51947,13,43320,9,8627,4,47437,11,351616,311,399053,322,0,649,4,73,9,51225,0,1441,677,"Knox County",470313,18.4983192044447,0.0354997269251775,68.4650434923126,2.76411666273312,15.5215781830398,3.54997269251775
2021-06-24,51934,14,43311,9,8623,5,47426,10,351305,364,398731,374,1,649,8,69,5,51216,1,1441,677,"Knox County",470313,17.6478217697576,0.0298969072164948,79.521510143245,2.97674102140489,14.6710807483527,2.98969072164948
2021-06-23,51920,13,43302,6,8618,7,47416,8,350941,282,398357,290,0,648,6,61,7,51211,0,1440,676,"Knox County",470313,16.5846999763987,0.0286458333333333,61.6610640148157,2.76411666273312,12.9700858789785,2.86458333333333
2021-06-22,51907,14,43296,5,8611,9,47408,5,350659,247,398067,252,2,648,10,55,2,51204,1,1440,675,"Knox County",470313,15.0963294656962,0.0239067055393586,53.5813383852881,2.97674102140489,11.6943397269478,2.39067055393586
2021-06-21,51893,9,43291,8,8602,1,47403,9,350412,289,397815,298,0,646,5,45,4,51202,1,1439,674,"Knox County",470313,15.0963294656962,0.0252897787144362,63.3620588841899,1.913619228046,9.56809614023002,2.52897787144363
2021-06-20,51884,3,43283,2,8601,1,47394,3,350123,161,397517,164,1,646,-2,40,4,51198,0,1438,674,"Knox County",470313,14.6710807483527,0.0251572327044025,34.8703948221716,0.637873076015334,8.50497434687113,2.51572327044025
2021-06-19,51881,3,43281,1,8600,2,47391,1,349962,191,397353,192,0,645,-3,42,6,51194,0,1438,674,"Knox County",470313,14.6710807483527,0.0248414376321353,40.8238768649814,0.637873076015334,8.93022306421468,2.48414376321353
2021-06-18,51878,5,43280,3,8598,2,47390,3,349771,283,397161,286,1,645,-7,45,11,51188,0,1438,674,"Knox County",470313,12.9700858789785,0.0210129310344828,60.8105665801286,1.06312179335889,9.56809614023002,2.10129310344828
2021-06-17,51873,12,43277,8,8596,4,47387,9,349488,515,396875,524,0,644,6,52,6,51177,0,1438,674,"Knox County",470313,12.5448371616349,0.0189431704885344,111.415163944012,2.55149230406134,11.0564666509325,1.89431704885344
2021-06-16,51861,7,43269,4,8592,3,47378,4,348973,362,396351,366,1,644,-6,46,12,51171,0,1438,673,"Knox County",470313,11.2690910096042,0.0163304514889529,77.8205152738708,1.48837051070245,9.7807204989018,1.63304514889529
2021-06-15,51854,13,43265,9,8589,4,47374,14,348611,428,395985,442,0,643,-2,52,15,51159,0,1438,673,"Knox County",470313,11.0564666509325,0.0189260563380282,93.9799665329259,2.76411666273312,11.0564666509325,1.89260563380282
2021-06-14,51841,7,43256,2,8585,5,47360,3,348183,260,395543,263,1,643,-5,54,11,51144,0,1438,673,"Knox County",470313,10.6312179335889,0.0165400089405454,55.9202063306777,1.48837051070245,11.481715368276,1.65400089405454
2021-06-13,51834,3,43254,3,8580,0,47357,4,347923,128,395280,132,0,642,-5,59,8,51133,1,1438,673,"Knox County",470313,10.6312179335889,0.0172335600907029,28.0664153446747,0.637873076015334,12.5448371616349,1.72335600907029
2021-06-12,51831,2,43251,1,8580,1,47353,1,347795,226,395148,227,0,642,-6,64,8,51125,0,1437,673,"Knox County",470313,10.4185935749171,0.0169642857142857,48.2657294184936,0.425248717343556,13.6079589549938,1.69642857142857
2021-06-11,51829,7,43250,3,8579,4,47352,2,347569,318,394921,320,0,642,-2,70,9,51117,0,1437,672,"Knox County",470313,10.8438422922607,0.0162708883025506,68.039794774969,1.48837051070245,14.8837051070245,1.62708883025506
2021-06-10,51822,7,43247,4,8575,3,47350,5,347251,358,394601,363,0,642,-1,72,8,51108,0,1437,671,"Knox County",470313,9.7807204989018,0.0156176053005206,77.1826421978555,1.48837051070245,15.308953824368,1.56176053005206
2021-06-09,51815,2,43243,1,8572,1,47345,1,346893,367,394238,368,1,642,-17,73,18,51100,0,1437,671,"Knox County",470313,8.7175987055429,0.0141843971631206,78.2457639912144,0.425248717343556,15.5215781830398,1.41843971631206
2021-06-08,51813,5,43242,3,8571,2,47344,4,346526,266,393870,270,1,641,-17,90,21,51082,0,1437,670,"Knox County",470313,7.01660383616868,0.0102933607822954,57.4085768413801,1.06312179335889,19.13619228046,1.02933607822954
2021-06-07,51808,16,43239,10,8569,6,47340,10,346260,316,393600,326,0,640,-7,107,23,51061,2,1437,669,"Knox County",470313,8.93022306421468,0.0134596211365902,69.3155409269997,3.40198973874845,22.7508063778803,1.34596211365902
2021-06-06,51792,4,43229,2,8563,2,47330,2,345944,178,393274,180,0,640,-5,114,9,51038,0,1435,669,"Knox County",470313,9.14284742288646,0.0121713729308666,38.2723845609201,0.850497434687113,24.2391768885827,1.21713729308666
2021-06-05,51788,5,43227,2,8561,3,47328,3,345766,258,393094,261,0,640,-9,119,14,51029,0,1435,668,"Knox County",470313,9.7807204989018,0.0129310344827586,55.4949576133341,1.06312179335889,25.3022986819416,1.29310344827586
2021-06-04,51783,7,43225,2,8558,5,47325,3,345508,325,392833,328,1,640,-9,128,15,51015,0,1435,668,"Knox County",470313,9.7807204989018,0.0133587786259542,69.7407896443432,1.48837051070245,27.2159179099876,1.33587786259542
2021-06-03,51776,7,43223,4,8553,3,47322,6,345183,458,392505,464,0,639,-12,137,19,51000,0,1435,668,"Knox County",470313,9.7807204989018,0.0131998179335457,98.6577024237051,1.48837051070245,29.1295371380336,1.31998179335457
2021-06-02,51769,20,43219,7,8550,13,47316,6,344725,282,392041,288,0,639,5,149,15,50981,1,1435,668,"Knox County",470313,13.6079589549938,0.0160604629192253,61.2358152974721,4.25248717343556,31.6810294420949,1.60604629192253
2021-06-01,51749,12,43212,9,8537,3,47310,10,344443,291,391753,301,0,639,-10,144,22,50966,1,1434,668,"Knox County",470313,15.0963294656962,0.0186219739292365,63.9999319602052,2.55149230406134,30.6179076487361,1.86219739292365
2021-05-31,51737,17,43203,14,8534,3,47300,12,344152,354,391452,366,0,639,-1,154,18,50944,0,1433,668,"Knox County",470313,15.308953824368,0.0191956124314442,77.8205152738708,3.61461409742023,32.7441512354538,1.91956124314442
2021-05-30,51720,3,43189,1,8531,2,47288,1,343798,203,391086,204,0,639,-9,155,12,50926,0,1433,668,"Knox County",470313,15.0963294656962,0.0185352622061483,43.3753691690427,0.637873076015334,32.9567755941256,1.85352622061483
2021-05-29,51717,14,43188,8,8529,6,47287,6,343595,199,390882,205,0,639,-14,164,28,50914,1,1433,667,"Knox County",470313,17.0099486937423,0.0204081632653061,43.5879935277145,2.97674102140489,34.8703948221716,2.04081632653061
2021-05-28,51703,11,43180,6,8523,5,47281,10,343396,390,390677,400,0,639,-9,178,20,50886,1,1432,665,"Knox County",470313,17.8604461284294,0.0228904847396768,85.0497434687113,2.33886794538956,37.8471358435765,2.28904847396768
2021-05-27,51692,23,43174,8,8518,15,47271,9,343006,341,390277,350,0,639,-5,187,28,50866,1,1431,665,"Knox County",470313,21.2624358671778,0.0255439924314096,74.4185255351224,4.8903602494509,39.7607550716225,2.55439924314096
2021-05-26,51669,16,43166,8,8503,8,47262,11,342665,571,389927,582,0,639,-8,192,24,50838,0,1430,665,"Knox County",470313,20.4119384324907,0.0245016611295681,123.747376746975,3.40198973874845,40.8238768649814,2.45016611295681
2021-05-25,51653,18,43158,8,8495,10,47251,7,342094,311,389345,318,0,639,-10,200,28,50814,1,1430,665,"Knox County",470313,21.6876845845214,0.0230927835051546,67.6145460576254,3.82723845609201,42.5248717343556,2.30927835051546
2021-05-24,51635,25,43150,21,8485,4,47244,24,341783,425,389027,449,0,639,-11,210,36,50786,1,1429,665,"Knox County",470313,23.3886794538956,0.0271132376395534,95.4683370436284,5.31560896679445,44.6511153210734,2.71132376395534
2021-05-23,51610,16,43129,8,8481,8,47220,8,341358,225,388578,233,1,639,-5,221,20,50750,1,1428,664,"Knox County",470313,26.1527961166287,0.0295624753646039,49.5414755705243,3.40198973874845,46.989983266463,2.95624753646039
2021-05-22,51594,8,43121,4,8473,4,47212,4,341133,269,388345,273,0,638,-6,226,14,50730,0,1427,663,"Knox County",470313,24.877049964598,0.0280230326295585,58.0464499173954,1.70099486937423,48.0531050598219,2.80230326295585
2021-05-21,51586,16,43117,12,8469,4,47208,14,340864,377,388072,391,0,638,-16,232,32,50716,1,1427,663,"Knox County",470313,25.9401717579569,0.0296610169491525,83.1361242406653,3.40198973874845,49.3288512118525,2.96610169491525
2021-05-20,51570,34,43105,26,8465,8,47194,27,340487,594,387681,621,0,638,6,248,28,50684,1,1426,662,"Knox County",470313,28.2790397033465,0.0331356818974538,132.039726735174,7.22922819484046,52.730840950601,3.31356818974538
2021-05-19,51536,14,43079,6,8457,8,47167,6,339893,544,387060,550,0,638,-29,242,43,50656,1,1425,661,"Knox County",470313,27.8537909860029,0.0317460317460317,116.943397269478,2.97674102140489,51.4550947985703,3.17460317460317
2021-05-18,51522,24,43073,14,8449,10,47161,14,339349,444,386510,458,1,638,-21,271,44,50613,0,1424,661,"Knox County",470313,29.1295371380336,0.0326050420168067,97.3819562716744,5.10298460812268,57.6212012000519,3.26050420168067
2021-05-17,51498,15,43059,8,8439,7,47147,8,338905,420,386052,428,0,637,-18,292,33,50569,0,1424,660,"Knox County",470313,27.0032935513158,0.0274204468517265,91.0032255115211,3.18936538007667,62.0863127321592,2.74204468517265
2021-05-16,51483,22,43051,13,8432,9,47139,12,338485,272,385624,284,1,637,-10,310,31,50536,1,1424,660,"Knox County",470313,28.2790397033465,0.0282861896838602,60.385317862785,4.67773589077912,65.9135511882512,2.82861896838602
2021-05-15,51461,23,43038,13,8423,10,47127,17,338213,336,385340,353,0,636,-8,320,31,50505,2,1423,659,"Knox County",470313,31.4684050834232,0.0317666126418152,75.0563986111377,4.8903602494509,68.039794774969,3.17666126418152
2021-05-14,51438,36,43025,25,8413,11,47110,26,337877,498,384987,524,0,636,4,328,32,50474,4,1421,658,"Knox County",470313,35.7208922568587,0.0341827221876942,111.415163944012,7.65447691218401,69.7407896443432,3.41827221876942
2021-05-13,51402,31,43000,17,8402,14,47084,17,337379,376,384463,393,0,636,-17,324,48,50442,0,1417,658,"Knox County",470313,35.0830191808434,0.0334448160535117,83.5613729580088,6.59135511882512,68.8902922096561,3.34448160535117
2021-05-12,51371,34,42983,28,8388,6,47067,26,337003,506,384070,532,0,636,-15,341,49,50394,0,1417,658,"Knox County",470313,39.335506354279,0.0403768506056528,113.116158813386,7.22922819484046,72.5049063070764,4.03768506056528
2021-05-11,51337,36,42955,30,8382,6,47041,31,336497,555,383538,586,0,636,-11,356,47,50345,4,1417,658,"Knox County",470313,41.8869986583403,0.0441935483870968,124.597874181662,7.65447691218401,75.694271687153,4.41935483870968
2021-05-10,51301,21,42925,14,8376,7,47010,13,335942,277,382952,290,1,636,-26,367,46,50298,1,1413,658,"Knox County",470313,43.162744810371,0.0479405806887238,61.6610640148157,4.46511153210734,78.0331396325426,4.79405806887238
2021-05-09,51280,17,42911,14,8369,3,46997,17,335665,369,382662,386,0,635,-22,393,39,50252,1,1412,657,"Knox County",470313,42.0996230170121,0.047976501305483,82.0730024473064,3.61461409742023,83.5613729580088,4.7976501305483
2021-05-08,51263,20,42897,11,8366,9,46980,14,335296,307,382276,321,0,635,-18,415,38,50213,1,1411,657,"Knox County",470313,41.4617499409967,0.0474934036939314,68.2524191336408,4.25248717343556,88.2391088487879,4.74934036939314
2021-05-07,51243,43,42886,31,8357,12,46966,33,334989,576,381955,609,0,635,3,433,40,50175,0,1410,657,"Knox County",470313,42.9501204516992,0.0484440166827077,129.488234431113,9.14284742288646,92.0663473048799,4.84440166827077
2021-05-06,51200,40,42855,26,8345,14,46933,28,334413,340,381346,368,1,635,-8,430,47,50135,0,1410,657,"Knox County",470313,44.8637396797452,0.0523932729624838,78.2457639912144,8.50497434687113,91.4284742288646,5.23932729624838
2021-05-05,51160,51,42829,32,8331,19,46905,38,334073,585,380978,623,0,634,5,438,46,50088,4,1410,656,"Knox County",470313,48.4783537771654,0.0546654099905749,132.464975452518,10.8438422922607,93.1294690982388,5.46654099905749
2021-05-04,51109,50,42797,32,8312,18,46867,34,333488,536,380355,570,0,634,6,433,44,50042,0,1406,656,"Knox County",470313,51.4550947985703,0.0558888538048626,121.195884442914,10.6312179335889,92.0663473048799,5.58888538048626
2021-05-03,51059,24,42765,9,8294,15,46833,7,332952,309,379785,316,1,634,-37,427,60,49998,1,1406,656,"Knox County",470313,52.0929678745856,0.053554650798622,67.1892973402819,5.10298460812268,90.7906011528493,5.3554650798622
2021-05-02,51035,25,42756,18,8279,7,46826,20,332643,288,379469,308,0,633,-17,464,42,49938,2,1405,655,"Knox County",470313,53.7939627439599,0.0558587479935795,65.4883024709077,5.31560896679445,98.6577024237051,5.58587479935795
2021-05-01,51010,45,42738,35,8272,10,46806,38,332355,450,379161,488,0,633,7,481,38,49896,2,1403,655,"Knox County",470313,59.1095717107543,0.0603290676416819,103.760687031828,9.56809614023002,102.272316521125,6.03290676416819
2021-04-30,50965,58,42703,30,8262,28,46768,29,331905,567,378673,596,0,633,-9,474,67,49858,3,1401,655,"Knox County",470313,62.298937090831,0.0593453655552157,126.72411776838,12.3322128029631,100.783946010423,5.93453655552157
2021-04-29,50907,54,42673,34,8234,20,46739,35,331338,571,378077,606,0,633,-2,483,56,49791,2,1398,654,"Knox County",470313,65.2756781122359,0.0573139435414885,128.850361355098,11.481715368276,102.697565238469,5.73139435414885
2021-04-28,50853,47,42639,28,8214,19,46704,34,330767,543,377471,577,4,633,-38,485,81,49735,1,1396,654,"Knox County",470313,64.4251806775488,0.0569199653279399,122.684254953616,9.99334485757357,103.122813955812,5.69199653279399
2021-04-27,50806,39,42611,17,8195,22,46670,20,330224,392,376894,412,1,629,-33,523,71,49654,2,1395,652,"Knox County",470313,62.0863127321592,0.0554041780199818,87.6012357727726,8.29234998819935,111.20253958534,5.54041780199818
2021-04-26,50767,69,42594,36,8173,33,46650,40,329832,480,376482,520,1,628,2,556,66,49583,0,1393,651,"Knox County",470313,71.6544088723892,0.0615911035072712,110.564666509325,14.6710807483527,118.219143421509,6.15911035072712
2021-04-25,50698,38,42558,25,8140,13,46610,26,329352,341,375962,367,0,627,-4,554,42,49517,3,1393,649,"Knox County",470313,74.4185255351224,0.0622546270330903,78.0331396325426,8.07972562952757,117.793894704165,6.22546270330903
2021-04-24,50660,35,42533,22,8127,13,46584,28,329011,510,375595,538,0,627,-28,558,63,49475,3,1390,649,"Knox County",470313,72.2922819484046,0.0586283185840708,114.391904965417,7.44185255351224,118.644392138852,5.86283185840708
2021-04-23,50625,43,42511,31,8114,12,46556,36,328501,553,375057,589,0,627,-4,586,47,49412,2,1387,648,"Knox County",470313,69.1029165683279,0.0606816292601829,125.235747257677,9.14284742288646,124.597874181662,6.06816292601829
2021-04-22,50582,79,42480,62,8102,17,46520,65,327948,787,374468,852,1,627,15,590,63,49365,1,1385,647,"Knox County",470313,74.4185255351224,0.064591439688716,181.155953588355,16.7973243350705,125.448371616349,6.4591439688716
2021-04-21,50503,62,42418,34,8085,28,46455,35,327161,479,373616,514,1,626,-2,575,63,49302,1,1384,646,"Knox County",470313,77.607890915199,0.0659282700421941,109.288920357294,13.1827102376502,122.259006236272,6.59282700421941
2021-04-20,50441,38,42384,34,8057,4,46420,39,326682,474,373102,513,1,625,-32,577,69,49239,1,1383,645,"Knox County",470313,77.3952665565272,0.0690983817107629,109.076295998622,8.07972562952757,122.684254953616,6.90983817107629
2021-04-19,50403,65,42350,41,8053,24,46381,39,326208,336,372589,375,0,624,-3,609,68,49170,0,1382,644,"Knox County",470313,76.5447691218401,0.0715048025613661,79.7341345019168,13.8205833136656,129.488234431113,7.15048025613661
2021-04-18,50338,38,42309,27,8029,11,46342,32,325872,364,372214,396,0,624,-12,612,50,49102,1,1382,644,"Knox County",470313,76.5447691218401,0.0725443473656341,84.1992460340241,8.07972562952757,130.126107507128,7.25443473656341
2021-04-17,50300,37,42282,18,8018,19,46310,23,325508,335,371818,358,0,624,-23,624,60,49052,1,1381,643,"Knox County",470313,76.9700178391837,0.0747845426744509,76.1195204044966,7.86710127085579,132.67759981119,7.47845426744509
2021-04-16,50263,346,42264,330,7999,16,46287,369,325173,2088,371460,2457,1,624,279,647,66,48992,4,1380,643,"Knox County",470313,141.395198516732,0.110155535224154,522.418049256559,73.5680281004352,137.56796006064,11.0155535224154
2021-04-15,49917,86,41934,54,7983,32,45918,55,323085,577,369003,632,1,623,12,368,73,48926,0,1376,642,"Knox County",470313,142.883569027435,0.112869399428027,134.378594680564,18.2856948457729,78.2457639912144,11.2869399428027
2021-04-14,49831,85,41880,60,7951,25,45863,62,322508,684,368371,746,0,622,-1,356,86,48853,3,1376,641,"Knox County",470313,147.773929276886,0.113018075588826,158.617771569146,18.0730704871011,75.694271687153,11.3018075588826
2021-04-13,49746,68,41820,38,7926,30,45801,43,321824,339,367625,382,-5,622,-8,357,81,48767,1,1373,641,"Knox County",470313,154.152660037039,0.116535727646839,81.2225050126193,14.4584563896809,75.9068960458248,11.6535727646839
2021-04-12,49678,63,41782,43,7896,20,45758,50,321485,360,367243,410,1,627,-24,365,86,48686,0,1372,641,"Knox County",470313,153.727411319696,0.11782196617729,87.175987055429,13.395334596322,77.607890915199,11.782196617729
2021-04-11,49615,26,41739,14,7876,12,45708,14,321125,296,366833,310,2,626,-26,389,50,48600,0,1372,640,"Knox County",470313,151.175919015634,0.116336166194523,65.9135511882512,5.52823332546623,82.7108755233217,11.6336166194523
2021-04-10,49589,50,41725,33,7864,17,45694,41,320829,571,366523,612,0,624,6,415,44,48550,1,1372,640,"Knox County",470313,153.940035678367,0.114254820688412,130.126107507128,10.6312179335889,88.2391088487879,11.4254820688412
2021-04-09,49539,82,41692,62,7847,20,45653,71,320258,620,365911,691,5,624,11,409,66,48506,2,1371,639,"Knox County",470313,97.8072049890179,0.0888183980967486,146.923431842199,17.4351974110858,86.9633626967573,8.88183980967486
2021-04-08,49457,49,41630,26,7827,23,45582,26,319638,465,365220,491,-6,619,-23,398,78,48440,0,1369,639,"Knox County",470313,89.9401037181622,0.0842943437671609,104.398560107843,10.4185935749171,84.6244947513677,8.42943437671609
2021-04-07,49408,77,41604,54,7804,23,45556,57,319173,768,364729,825,2,625,9,421,66,48362,1,1369,638,"Knox County",470313,88.2391088487879,0.0811609782316582,175.415095904217,16.3720756177269,89.5148550008186,8.11609782316582
2021-04-06,49331,75,41550,41,7781,34,45499,45,318405,421,363904,466,2,623,-4,412,77,48296,0,1368,638,"Knox County",470313,89.7274793594904,0.0798948751642576,99.0829511410486,15.9468269003834,87.6012357727726,7.98948751642576
2021-04-05,49256,44,41509,32,7747,12,45454,35,317984,266,363438,301,0,621,-60,416,104,48219,3,1368,638,"Knox County",470313,85.6876165447266,0.0781926406926407,63.9999319602052,9.35547178155824,88.4517332074597,7.81926406926407
2021-04-04,49212,49,41477,31,7735,18,45419,40,317718,341,363137,381,3,621,-27,476,73,48115,0,1365,636,"Knox County",470313,90.5779767941775,0.0836209185027874,81.0098806539475,10.4185935749171,101.209194727766,8.36209185027874
2021-04-03,49163,81,41446,64,7717,17,45379,71,317377,593,362756,664,0,618,6,503,75,48042,0,1365,635,"Knox County",470313,97.1693319130026,0.0903377847604085,141.182574158061,17.222573052414,106.950052411904,9.03377847604085
2021-04-02,49082,76,41382,45,7700,31,45308,45,316784,529,362092,574,0,618,6,497,70,47967,2,1365,632,"Knox County",470313,95.8935857609719,0.0861696380334954,122.046381877601,16.1594512590551,105.674306259874,8.61696380334954
2021-04-01,49006,75,41337,63,7669,12,45263,67,316255,580,361518,647,1,618,-20,491,94,47897,1,1363,630,"Knox County",470313,101.421819086438,0.0933125972006221,137.56796006064,15.9468269003834,104.398560107843,9.33125972006221
2021-03-31,48931,87,41274,66,7657,21,45196,72,315675,765,360871,837,3,617,-16,511,100,47803,2,1362,630,"Knox County",470313,103.548062673156,0.0968992248062016,177.966588208278,18.4983192044447,108.651047281279,9.68992248062016
2021-03-30,48844,57,41208,33,7636,24,45124,38,314910,460,360034,498,1,614,-25,527,81,47703,2,1360,628,"Knox County",470313,99.7208242170639,0.0943106099436187,105.886930618546,12.1195884442914,112.053037020027,9.43106099436187
2021-03-29,48787,43,41175,21,7612,22,45086,22,314450,399,359536,421,5,613,-58,552,96,47622,0,1358,626,"Knox County",470313,99.5081998583922,0.0882645450024863,89.5148550008186,9.14284742288646,117.368645986822,8.82645450024863
2021-03-28,48744,80,41154,46,7590,34,45064,49,314051,484,359115,533,2,608,13,610,65,47526,5,1358,625,"Knox County",470313,106.099554977217,0.0872065165309056,113.328783172058,17.0099486937423,129.700858789785,8.72065165309056
2021-03-27,48664,42,41108,39,7556,3,45015,42,313567,442,358582,484,0,606,-16,597,58,47461,2,1353,624,"Knox County",470313,97.8072049890179,0.0838758137205809,102.910189597141,8.93022306421468,126.936742127052,8.38758137205809
2021-03-26,48622,79,41069,54,7553,25,44973,60,313125,416,358098,476,0,606,1,613,78,47403,2,1351,622,"Knox County",470313,98.4450780650333,0.0898357289527721,101.209194727766,16.7973243350705,130.3387318658,8.98357289527721
2021-03-25,48543,88,41015,64,7528,24,44913,67,312709,570,357622,637,0,606,6,612,82,47325,4,1349,620,"Knox County",470313,101.209194727766,0.0900669068450849,135.441716473923,18.7109435631165,130.126107507128,9.00669068450849
2021-03-24,48455,123,40951,91,7504,32,44846,95,312139,780,356985,875,1,606,39,606,83,47243,3,1345,619,"Knox County",470313,108.86367163995,0.0950560652395515,186.046313837806,26.1527961166287,128.850361355098,9.50560652395515
2021-03-23,48332,87,40860,57,7472,30,44751,63,311359,530,356110,593,1,605,16,567,70,47160,3,1342,618,"Knox County",470313,115.242402400104,0.0990296093555611,126.086244692364,18.4983192044447,120.558011366898,9.90296093555611
2021-03-22,48245,115,40803,78,7442,37,44688,81,310829,517,355517,598,2,604,31,551,82,47090,1,1339,617,"Knox County",470313,130.551356224472,0.108913250714967,127.149366485723,24.4518012472545,117.15602162815,10.8913250714967
2021-03-21,48130,50,40725,33,7405,17,44607,34,310312,330,354919,364,0,602,4,520,46,47008,1,1338,617,"Knox County",470313,124.172625464318,0.109759125900174,77.3952665565272,10.6312179335889,110.564666509325,10.9759125900174
2021-03-20,48080,59,40692,29,7388,30,44573,33,309982,315,354555,348,0,602,3,516,56,46962,4,1337,616,"Knox County",470313,127.787239561739,0.111282446671807,73.9932768177788,12.5448371616349,109.714169074638,11.1282446671807
2021-03-19,48021,146,40663,102,7358,44,44540,117,309667,955,354207,1072,3,602,51,513,92,46906,3,1333,616,"Knox County",470313,142.033071592748,0.109204368174727,227.933312496146,31.0431563660796,109.076295998622,10.9204368174727
2021-03-18,47875,68,40561,50,7314,18,44423,66,308712,627,353135,693,2,599,-16,462,82,46814,1,1330,615,"Knox County",470313,137.780584419312,0.107638124587277,147.348680559542,14.4584563896809,98.2324537063615,10.7638124587277
2021-03-17,47807,46,40511,36,7296,10,44357,41,308085,498,352442,539,1,597,-40,478,85,46732,3,1329,615,"Knox County",470313,121.408508801585,0.103399096743523,114.604529324088,9.7807204989018,101.63444344511,10.3399096743523
2021-03-16,47761,128,40475,84,7286,44,44316,100,307587,698,351903,798,0,596,47,518,81,46647,3,1326,613,"Knox County",470313,130.126107507128,0.106980961015413,169.674238220079,27.2159179099876,110.139417791981,10.6980961015413
2021-03-15,47633,44,40391,28,7242,16,44216,40,306889,290,351105,330,1,596,-65,471,108,46566,1,1323,612,"Knox County",470313,115.029778041432,0.104005791505792,70.1660383616868,9.35547178155824,100.146072934408,10.4005791505792
2021-03-14,47589,60,40363,38,7226,22,44176,46,306599,405,350775,451,0,595,-13,536,73,46458,0,1322,611,"Knox County",470313,117.15602162815,0.104703379815646,95.893585760972,12.7574615203067,113.966656248073,10.4703379815646
2021-03-13,47529,71,40325,34,7204,37,44130,41,306194,623,350324,664,1,595,-11,549,81,46385,1,1322,611,"Knox County",470313,119.707513932211,0.0991862766659336,141.182574158061,15.0963294656962,116.730772910806,9.91862766659336
2021-03-12,47458,63,40291,60,7167,3,44089,67,305571,691,349660,758,0,594,-52,560,115,46304,1,1321,609,"Knox County",470313,102.059692162454,0.0947318686510749,161.169263873208,13.395334596322,119.069640856196,9.47318686510749
2021-03-11,47395,83,40231,56,7164,27,44022,66,304880,627,348902,693,2,594,-22,612,103,46189,0,1320,607,"Knox County",470313,105.24905754253,0.0947318686510749,147.348680559542,17.6478217697576,130.126107507128,9.47318686510749
2021-03-10,47312,95,40175,72,7137,23,43956,82,304253,1001,348209,1083,2,592,26,634,67,46086,1,1320,606,"Knox County",470313,115.667651117447,0.0925266903914591,230.272180441536,20.1993140738189,134.803843397907,9.25266903914591
2021-03-09,47217,80,40103,50,7114,30,43874,55,303252,597,347126,652,0,590,-5,608,85,46019,2,1319,606,"Knox County",470313,105.461681901202,0.085726624919024,138.631081853999,17.0099486937423,129.275610072441,8.5726624919024
2021-03-08,47137,85,40053,57,7084,28,43819,63,302655,411,346474,474,1,590,-30,613,114,45934,0,1317,601,"Knox County",470313,114.179280606745,0.0879581151832461,100.783946010423,18.0730704871011,130.3387318658,8.79581151832461
2021-03-07,47052,64,39996,40,7056,24,43756,42,302244,327,346000,369,0,589,-5,643,69,45820,0,1317,599,"Knox County",470313,115.029778041432,0.0886426592797784,78.4583883498861,13.6079589549938,136.717462625953,8.86426592797784
2021-03-06,46988,125,39956,87,7032,38,43714,95,301917,848,345631,943,0,589,40,648,85,45751,1,1317,599,"Knox County",470313,126.511493409708,0.0945293644408689,200.504770227487,26.5780448339723,137.780584419312,9.45293644408689
2021-03-05,46863,70,39869,44,6994,26,43619,49,301069,520,344688,569,2,589,-19,608,87,45666,2,1316,599,"Knox County",470313,127.99986392041,0.0945013589797198,120.983260084242,14.8837051070245,129.275610072441,9.45013589797198
2021-03-04,46793,112,39825,85,6968,27,43570,100,300549,1094,344119,1194,5,587,-1,627,108,45579,1,1314,597,"Knox County",470313,134.165970321892,0.0919757759273278,253.873484254103,23.8139281712392,133.315472887205,9.19757759273278
2021-03-03,46681,74,39740,33,6941,41,43470,40,299455,497,342925,537,1,582,-49,628,122,45471,4,1313,595,"Knox County",470313,129.700858789785,0.0937104263402279,114.179280606745,15.7342025417116,133.528097245877,9.37104263402279
2021-03-02,46607,133,39707,91,6900,42,43430,99,298958,807,342388,906,-1,581,9,677,125,45349,2,1309,594,"Knox County",470313,140.969949799389,0.0977564102564103,192.637668956631,28.2790397033465,143.946690820794,9.77564102564103
2021-03-01,46474,59,39616,33,6858,26,43331,35,298151,165,341482,200,1,582,-58,668,116,45224,1,1307,589,"Knox County",470313,135.441716473923,0.0974989402289105,42.5248717343556,12.5448371616349,142.033071592748,9.74989402289106
2021-02-28,46415,77,39583,53,6832,24,43296,63,297986,563,341282,626,2,581,-19,726,94,45108,2,1306,589,"Knox County",470313,138.205833136656,0.0966834170854271,133.102848528533,16.3720756177269,154.365284395711,9.66834170854271
2021-02-27,46338,82,39530,47,6808,35,43233,58,297423,670,340656,728,1,579,-33,745,114,45014,3,1304,588,"Knox County",470313,129.062985713769,0.0932773109243697,154.790533113054,17.4351974110858,158.405147210475,9.32773109243698
2021-02-26,46256,107,39483,70,6773,37,43175,80,296753,506,339928,586,5,578,-17,778,119,44900,1,1301,587,"Knox County",470313,136.930086984625,0.0994347917102784,124.597874181662,22.7508063778803,165.421751046643,9.94347917102784
2021-02-25,46149,131,39413,92,6736,39,43095,97,296247,1029,339342,1126,2,573,-7,795,136,44781,5,1300,587,"Knox County",470313,140.969949799389,0.100233595243151,239.415027864422,27.8537909860029,169.036365144064,10.0233595243151
2021-02-24,46018,102,39321,72,6697,30,42998,80,295218,969,338216,1049,2,571,-30,802,130,44645,2,1295,586,"Knox County",470313,146.923431842199,0.0980655046925876,223.042952246695,21.6876845845214,170.524735654766,9.80655046925876
2021-02-23,45916,122,39249,68,6667,54,42918,75,294249,758,337167,833,5,569,-32,832,149,44515,6,1293,585,"Knox County",470313,144.584563896809,0.0947940947940948,177.116090773591,25.9401717579569,176.903466414919,9.47940947940948
2021-02-22,45794,62,39181,33,6613,29,42843,38,293491,306,336334,344,3,564,-110,864,169,44366,3,1287,583,"Knox County",470313,145.222436972824,0.0927815570672714,73.1427793830917,13.1827102376502,183.707445892416,9.27815570672714
2021-02-21,45732,82,39148,41,6584,41,42805,45,293185,499,335990,544,2,561,-31,974,111,44197,3,1284,581,"Knox County",470313,146.285558766183,0.0907869481765835,115.667651117447,17.4351974110858,207.096125346312,9.07869481765835
2021-02-20,45650,137,39107,98,6543,39,42760,115,292686,1007,335446,1122,1,559,8,1005,128,44086,2,1281,578,"Knox County",470313,157.979898493131,0.0945753033547466,238.564530429735,29.1295371380336,213.687480465137,9.45753033547466
2021-02-19,45513,95,39009,43,6504,52,42645,48,291679,274,334324,322,1,558,-83,997,177,43958,2,1279,577,"Knox County",470313,155.42840618907,0.0932584269662921,68.4650434923126,20.1993140738189,211.986485595763,9.32584269662921
2021-02-18,45418,155,38966,111,6452,44,42597,119,291405,987,334002,1106,4,557,-37,1080,188,43781,6,1277,575,"Knox County",470313,160.531390797193,0.0977443609022556,235.162540690987,32.9567755941256,229.63430736552,9.77443609022556
2021-02-17,45263,114,38855,68,6408,46,42478,76,290418,892,332896,968,1,553,-50,1117,163,43593,4,1271,569,"Knox County",470313,163.082883101254,0.098492078640962,205.820379194281,24.2391768885827,237.501408636376,9.8492078640962
2021-02-16,45149,146,38787,90,6362,56,42402,101,289526,818,331928,919,2,552,-41,1167,185,43430,4,1267,566,"Knox County",470313,168.185867709377,0.101784037558685,195.401785619364,31.0431563660796,248.132626569965,10.1784037558685
2021-02-15,45003,76,38697,36,6306,40,42301,43,288708,312,331009,355,2,550,-140,1208,214,43245,1,1263,566,"Knox County",470313,171.162608730781,0.102511244377811,75.4816473284812,16.1594512590551,256.850225275508,10.2511244377811
2021-02-14,44927,165,38661,135,6266,30,42258,135,288396,706,330654,841,2,548,20,1348,143,43031,5,1262,565,"Knox County",470313,188.810430500539,0.113083614415054,178.817085642965,35.0830191808434,286.617635489557,11.3083614415054
2021-02-13,44762,135,38526,91,6236,44,42123,106,287690,870,329813,976,4,546,-9,1328,140,42888,7,1257,564,"Knox County",470313,188.385181783195,0.114452341899034,207.521374063655,28.7042884206901,282.365148316121,11.4452341899034
2021-02-12,44627,179,38435,114,6192,65,42017,124,286820,995,328837,1119,3,542,13,1337,163,42748,3,1250,560,"Knox County",470313,206.245627911625,0.112030553787397,237.92665735372,38.0597602022483,284.278767544167,11.2030553787397
2021-02-11,44448,162,38321,112,6127,50,41893,118,285825,1133,327718,1251,5,539,-34,1324,191,42585,5,1247,559,"Knox County",470313,207.733998422327,0.109348265671177,265.993072698394,34.4451461048281,281.514650881434,10.9348265671177
2021-02-10,44286,148,38209,106,6077,42,41775,112,284692,1032,326467,1144,7,534,-48,1358,189,42394,6,1242,557,"Knox County",470313,214.963226617168,0.111884935654807,243.242266320514,31.4684050834232,288.743879076275,11.1884935654807
2021-02-09,44138,209,38103,154,6035,55,41663,165,283660,1022,325323,1187,0,527,12,1406,197,42205,6,1236,555,"Knox County",470313,228.35856121349,0.116833988069257,252.385113743401,44.4384909624016,298.94984829252,11.6833988069257
2021-02-08,43929,107,37949,72,5980,35,41498,76,282638,371,324136,447,4,527,-159,1394,262,42008,2,1230,550,"Knox County",470313,234.949916332315,0.120028715003589,95.0430883262848,22.7508063778803,296.398355988459,12.0028715003589
2021-02-07,43822,108,37877,75,5945,33,41422,83,282267,716,323689,799,1,523,-28,1553,135,41746,2,1228,547,"Knox County",470313,222.830327888024,0.11324570273003,169.886862578751,22.963430736552,330.205629017271,11.324570273003
2021-02-06,43714,304,37802,176,5912,128,41339,197,281551,1396,322890,1593,2,522,136,1581,166,41611,6,1226,546,"Knox County",470313,258.763844503554,0.11604774535809,338.710603364143,64.6378050362206,336.159111060081,11.604774535809
2021-02-05,43410,177,37626,131,5784,46,41142,143,280155,727,321297,870,8,520,-5,1445,174,41445,4,1220,542,"Knox County",470313,258.33859578621,0.122616924975998,184.983192044447,37.6345114849047,307.242198280719,12.2616924975998
2021-02-04,43233,199,37495,148,5738,51,40999,161,279428,1581,320427,1742,2,512,-1,1450,198,41271,7,1216,539,"Knox County",470313,266.205697057066,0.120406065278849,370.391632806238,42.3122473756839,308.305320074078,12.0406065278849
2021-02-03,43034,230,37347,165,5687,65,40838,172,277847,1634,318685,1806,5,510,-9,1451,234,41073,7,1209,531,"Knox County",470313,283.640894468152,0.118072003789673,383.999591761231,48.903602494509,308.51794443275,11.8072003789673
2021-02-02,42804,91,37182,70,5622,21,40666,77,276213,291,316879,368,7,505,-159,1460,243,40839,1,1202,531,"Knox County",470313,258.551220144882,0.119213114754098,78.2457639912144,19.3488166391318,310.431563660796,11.9213114754098
2021-02-01,42713,153,37112,82,5601,71,40589,97,275922,425,316511,522,4,498,-125,1619,274,40596,2,1201,529,"Knox County",470313,268.331940643784,0.120779220779221,110.989915226668,32.5315268767821,344.238836689609,12.0779220779221
2021-01-31,42560,174,37030,120,5530,54,40492,129,275497,939,315989,1068,7,494,13,1744,154,40322,4,1199,526,"Knox County",470313,282.365148316121,0.122474589032501,227.082815061459,36.9966384088894,370.816881523581,12.2474589032501
2021-01-30,42386,277,36910,233,5476,44,40363,250,274558,1518,314921,1768,7,487,92,1731,178,40168,9,1195,524,"Knox County",470313,276.624290631983,0.12635068762279,375.919866131704,58.8969473520825,368.052764860848,12.635068762279
2021-01-29,42109,101,36677,52,5432,49,40113,62,273040,376,313153,438,4,480,-140,1639,237,39990,1,1186,518,"Knox County",470313,260.464839372928,0.122925311203319,93.1294690982388,21.4750602258496,348.491323863044,12.2925311203319
2021-01-28,42008,157,36625,116,5383,41,40051,129,272664,656,312715,785,9,476,-75,1779,223,39753,5,1185,513,"Knox County",470313,251.534616308714,0.13560325684678,166.910121557346,33.3820243114692,378.258734077093,13.560325684678
2021-01-27,41851,168,36509,123,5342,45,39922,125,272008,893,311930,1018,12,467,-73,1854,229,39530,2,1180,509,"Knox County",470313,238.351906071063,0.14563432210491,216.45159712787,35.7208922568587,394.205560977477,14.563432210491
2021-01-26,41683,234,36386,173,5297,61,39797,193,271115,1041,310912,1234,3,455,-26,1927,257,39301,7,1178,505,"Knox County",470313,268.757189361128,0.144153373335285,262.378458600974,49.7540999291961,409.727139160517,14.4153373335285
2021-01-25,41449,157,36213,105,5236,52,39604,115,270074,415,309678,530,9,452,-201,1953,349,39044,1,1171,498,"Knox County",470313,269.607686795815,0.146615991814062,112.690910096042,33.3820243114692,415.255372485983,14.6615991814062
2021-01-24,41292,157,36108,104,5184,53,39489,111,269659,791,309148,902,4,443,-98,2154,251,38695,2,1170,494,"Knox County",470313,265.993072698394,0.147565543071161,191.787171521944,33.3820243114692,457.99286857901,14.7565543071161
2021-01-23,41135,309,36004,222,5131,87,39378,232,268868,1492,308246,1724,7,439,63,2252,239,38444,7,1168,488,"Knox County",470313,272.797052175891,0.145830191524657,366.564394350146,65.7009268295794,478.830055728844,14.5830191524657
2021-01-22,40826,178,35782,143,5044,35,39146,176,267376,1173,306522,1349,3,432,-151,2189,326,38205,8,1161,484,"Knox County",470313,289.169127793618,0.143330681516839,286.830259848229,37.8471358435765,465.434721132522,14.3330681516839
2021-01-21,40648,268,35639,195,5009,73,38970,203,266203,1080,305173,1283,11,429,-124,2340,381,37879,6,1153,476,"Knox County",470313,312.770431606186,0.14365671641791,272.797052175891,56.9833281240365,497.540999291961,14.365671641791
2021-01-20,40380,192,35444,131,4936,61,38767,131,265123,736,303890,867,10,418,-156,2464,338,37498,8,1147,470,"Knox County",470313,317.873416214308,0.147166941310686,184.345318968432,40.8238768649814,523.906419767261,14.7166941310686
2021-01-19,40188,310,35313,195,4875,115,38636,219,264387,957,303023,1176,8,408,-86,2620,388,37160,14,1139,460,"Knox County",470313,334.032867473363,0.151577065508875,250.046245798011,65.9135511882512,557.075819720059,15.1577065508875
2021-01-18,39878,129,35118,80,4760,49,38417,87,263430,472,301847,559,7,400,-365,2706,487,36772,4,1125,457,"Knox County",470313,328.079385430554,0.147455470737913,118.857016497524,27.4285422686594,575.361514565832,14.7455470737913
2021-01-17,39749,181,35038,138,4711,43,38330,151,262958,690,301288,841,3,393,-208,3071,386,36285,8,1121,448,"Knox County",470313,333.182370038676,0.153737658674189,178.817085642965,38.4850089195918,652.969405481031,15.3737658674189
2021-01-16,39568,421,34900,340,4668,81,38179,389,262268,1757,300447,2146,1,390,8,3279,412,35899,7,1113,442,"Knox County",470313,356.996298209916,0.164943437538012,456.291873709636,89.5148550008186,697.195272084761,16.4943437538012
2021-01-15,39147,187,34560,149,4587,38,37790,153,260511,755,298301,908,0,389,-94,3271,281,35487,4,1106,434,"Knox County",470313,358.909917437962,0.17133676092545,193.062917673975,39.7607550716225,695.494277215386,17.133676092545
2021-01-14,38960,338,34411,267,4549,71,37637,290,259756,1479,297393,1769,6,389,-92,3365,424,35206,8,1102,424,"Knox County",470313,373.793622544986,0.171788047423179,376.132490490376,71.867033231061,715.480966930533,17.1788047423179
2021-01-13,38622,249,34144,201,4478,48,37347,206,258277,946,295624,1152,12,383,-249,3457,486,34782,6,1094,417,"Knox County",470313,385.913210989277,0.174833352824231,244.943261189888,52.9434653092728,735.042407928337,17.4833352824231
2021-01-12,38373,332,33943,261,4430,71,37141,283,257331,1181,294472,1464,10,371,-176,3706,498,34296,6,1088,415,"Knox County",470313,390.590946880056,0.176377418259984,311.282061095483,70.5912870790304,787.98587323761,17.6377418259984
2021-01-11,38041,244,33682,197,4359,47,36858,228,256150,726,293008,954,4,361,-396,3882,636,33798,5,1082,410,"Knox County",470313,415.042748127311,0.184102230885857,202.843638172876,51.8803435159139,825.407760363843,18.4102230885857
2021-01-10,37797,328,33485,205,4312,123,36630,222,255424,1013,292054,1235,5,357,-4,4278,327,33162,17,1077,404,"Knox County",470313,446.298528852062,0.183942667220607,262.591082959646,69.7407896443432,909.607006397867,18.3942667220607
2021-01-09,37469,475,33280,393,4189,82,36408,426,254411,1384,290819,1810,5,352,101,4282,369,32835,12,1060,398,"Knox County",470313,457.780244220338,0.194575979337064,384.850089195918,100.996570369095,910.457503832554,19.4575979337064
2021-01-08,36994,459,32887,371,4107,88,35982,392,253027,1432,289009,1824,7,347,267,4181,185,32466,6,1048,396,"Knox County",470313,515.614069779062,0.200528996865204,387.826830217323,97.5945806303462,888.982443606704,20.0528996865204
2021-01-07,36535,389,32516,346,4019,43,35590,354,251595,1309,287185,1663,10,340,73,3914,306,32281,10,1042,388,"Knox County",470313,526.457912071323,0.208968521084934,353.594308471167,82.7108755233217,832.21173984134,20.8968521084934
2021-01-06,36146,496,32170,362,3976,134,35236,378,250286,1187,285522,1565,9,330,58,3841,429,31975,15,1032,385,"Knox County",470313,578.976128663252,0.217118402282454,332.757121321333,105.461681901202,816.6901616583,21.7118402282454
2021-01-05,35650,520,31808,328,3842,192,34858,345,249099,1193,283957,1538,14,321,32,3783,474,31546,14,1017,376,"Knox County",470313,618.949508093546,0.221456228161299,327.016263637195,110.564666509325,804.357948855337,22.1456228161299
2021-01-04,35130,322,31480,228,3650,94,34513,249,247906,654,282419,903,6,307,-222,3751,538,31072,6,1003,370,"Knox County",470313,635.534208069945,0.224520781932055,191.999795880616,68.4650434923126,797.55396937784,22.4520781932055
2021-01-03,34808,285,31252,182,3556,103,34264,195,247252,608,281516,803,2,301,-15,3973,298,30534,10,997,362,"Knox County",470313,626.391360647058,0.231446665347318,170.737360013438,60.5979422214568,844.756577002974,23.1446665347318
2021-01-02,34523,422,31070,319,3453,103,34069,345,246644,1095,280713,1440,0,299,105,3988,317,30236,22,987,353,"Knox County",470313,615.122269637454,0.231922760887428,306.179076487361,89.7274793594904,847.945942383051,23.1922760887428
2021-01-01,34101,419,30751,349,3350,70,33724,374,245549,1297,279273,1671,2,299,2,3883,415,29919,8,965,349,"Knox County",470313,606.617295290583,0.233747260774288,355.295303340541,89.089606283475,825.620384722515,23.3747260774288
2020-12-31,33682,448,30402,311,3280,137,33350,322,244252,929,277602,1251,12,297,0,3881,436,29504,8,957,343,"Knox County",470313,619.162132452218,0.240758913967942,265.993072698394,95.2557126849566,825.195136005171,24.0758913967942
2020-12-30,33234,363,30091,248,3143,115,33028,271,243323,931,276351,1202,6,285,-146,3881,503,29068,9,949,340,"Knox County",470313,590.883092748871,0.238533151680291,255.574479123477,77.1826421978555,825.195136005171,23.8533151680291
2020-12-29,32871,590,29843,398,3028,192,32757,420,242392,1081,275149,1501,7,279,111,4027,472,28565,14,940,336,"Knox County",470313,605.766797855896,0.248090297571543,319.149162366339,125.448371616349,856.238292371251,24.8090297571543
2020-12-28,32281,252,29445,174,2836,78,32337,185,241311,565,273648,750,4,272,-331,3916,579,28093,4,926,328,"Knox County",470313,590.883092748871,0.245068461359944,159.468269003834,53.5813383852881,832.636988558683,24.5068461359944
2020-12-27,32029,230,29271,156,2758,74,32152,172,240746,489,272898,661,3,268,-74,4247,301,27514,8,922,323,"Knox County",470313,579.188753021924,0.246460594620104,140.544701082045,48.903602494509,903.015651279042,24.6460594620104
2020-12-26,31799,358,29115,288,2684,70,31980,328,240257,1064,272237,1392,0,265,59,4321,299,27213,10,914,316,"Knox County",470313,565.58079406693,0.245847176079734,295.973107271115,76.1195204044966,918.749853820754,24.5847176079734
2020-12-25,31441,353,28827,287,2614,66,31652,308,239193,1070,270845,1378,1,265,-101,4262,453,26914,5,904,310,"Knox County",470313,551.547586394592,0.246588813767671,292.99636624971,75.0563986111377,906.205016659119,24.6588813767671
2020-12-24,31088,351,28540,277,2548,74,31344,311,238123,1273,269467,1584,5,264,-111,4363,457,26461,8,899,303,"Knox County",470313,530.92302360343,0.235592820028342,336.796984136097,74.6311498937941,927.680076884968,23.5592820028342
2020-12-23,30737,472,28263,351,2474,121,31033,371,236850,1411,267883,1782,6,259,-14,4474,480,26004,9,891,296,"Knox County",470313,554.099078698654,0.231542882404951,378.896607153109,100.358697293079,951.281380697535,23.1542882404951
2020-12-22,30265,530,27912,392,2353,138,30662,432,235439,1470,266101,1902,7,253,-26,4488,549,25524,15,882,289,"Knox County",470313,541.341617178347,0.222986559424278,404.411530193722,112.690910096042,954.25812171894,22.2986559424278
2020-12-21,29735,442,27520,361,2215,81,30230,391,233969,1423,264199,1814,2,246,-136,4514,576,24975,5,867,283,"Knox County",470313,581.740245325985,0.22001331684581,385.700586630606,93.9799665329259,959.786355044406,22.001331684581
2020-12-20,29293,514,27159,431,2134,83,29839,478,232546,2245,262385,2723,2,244,235,4650,277,24399,7,862,280,"Knox County",470313,642.12556318877,0.208270377733598,578.976128663252,109.288920357294,988.703267823768,20.8270377733598
2020-12-19,28779,525,26728,441,2051,84,29361,489,230301,1445,259662,1934,6,242,252,4415,267,24122,14,855,274,"Knox County",470313,677.633831086957,0.211938705496684,411.215509671219,111.627788302684,938.736543535901,21.1938705496684
2020-12-18,28254,480,26287,420,1967,60,28872,430,228856,1358,257728,1788,4,236,98,4163,378,23855,11,841,267,"Knox County",470313,704.637124638273,0.214533895172618,380.172353305139,102.059692162454,885.155205150612,21.4533895172618
2020-12-17,27774,733,25867,635,1907,98,28442,663,227498,1898,255940,2561,11,232,288,4065,434,23477,11,830,261,"Knox County",470313,785.859629650892,0.224351902923331,544.530982558424,155.853654906413,864.318018000778,22.4351902923332
2020-12-16,27041,564,25232,453,1809,111,27779,472,225600,1729,253379,2201,8,221,99,3777,457,23043,11,819,257,"Knox County",470313,805.421070648696,0.224820746498693,467.986213436584,119.920138290883,803.082202703306,22.4820746498693
2020-12-15,26477,765,24779,675,1698,90,27307,716,223871,2415,251178,3131,2,213,324,3678,439,22586,15,808,253,"Knox County",470313,855.387794936564,0.225297176820208,665.726867001337,162.65763438391,782.0323911948,22.5297176820208
2020-12-14,25712,472,24104,411,1608,61,26591,461,221456,1624,248047,2085,6,211,-11,3354,477,22147,7,793,245,"Knox County",470313,861.766525696717,0.225841807221579,443.321787830657,100.358697293079,713.142098985144,22.5841807221579
2020-12-13,25240,628,23693,572,1547,56,26130,754,219832,2935,245962,3689,2,205,400,3365,226,21670,10,786,237,"Knox County",470313,886.0057025853,0.229167864742078,784.37125914019,133.528097245877,715.480966930533,22.9167864742078
2020-12-12,24612,464,23121,392,1491,72,25376,454,216897,2171,242273,2625,3,203,182,2965,279,21444,19,776,231,"Knox County",470313,873.035616706321,0.218473451327434,558.138941513418,98.6577024237051,630.431223461822,21.8473451327434
2020-12-11,24148,557,22729,523,1419,34,24922,429,214726,1407,239648,1836,6,200,281,2783,270,21165,10,757,227,"Knox County",470313,889.407692324048,0.217839805825243,390.378322521385,118.43176778018,591.733590183559,21.7839805825243
2020-12-10,23591,473,22206,415,1385,58,24493,538,213319,1910,237812,2448,8,194,325,2502,140,20895,9,747,225,"Knox County",470313,834.125359069386,0.212267554815432,520.504430028513,100.571321651751,531.986145396789,21.2267554815432
2020-12-09,23118,407,21791,337,1327,70,23955,359,211409,924,235364,1283,2,186,77,2177,328,20755,13,738,215,"Knox County",470313,800.743334757917,0.217055623793648,272.797052175891,86.5381139794137,462.883228828461,21.7055623793648
2020-12-08,22711,491,21454,446,1257,45,23596,538,210485,2077,234081,2615,9,184,126,2100,356,20427,10,725,212,"Knox County",470313,742.484260481849,0.213075206561727,556.0126979267,104.398560107843,446.511153210734,21.3075206561727
2020-12-07,22220,323,21008,271,1212,52,23058,317,208408,1135,231466,1452,3,175,-128,1974,448,20071,6,715,210,"Knox County",470313,710.803231039754,0.212503135189365,308.730568791422,68.6776678509843,419.72048401809,21.2503135189365
2020-12-06,21897,332,20737,291,1160,41,22741,187,207273,668,230014,855,6,172,103,2102,223,19623,6,709,207,"Knox County",470313,647.866420872908,0.215189873417722,181.79382666437,70.5912870790304,446.936401928078,21.5189873417722
2020-12-05,21565,289,20446,263,1119,26,22554,213,206605,714,229159,927,2,166,55,1999,232,19400,8,703,203,"Knox County",470313,610.657158105347,0.226086194814296,197.102780488738,61.4484396561439,425.036092984885,22.6086194814296
2020-12-04,21276,354,20183,322,1093,32,22341,297,205891,1091,228232,1388,5,164,17,1944,332,19168,11,695,201,"Knox County",470313,567.494413294976,0.223285922684172,295.122609836428,75.2690229698095,413.341753257937,22.3285922684172
2020-12-03,20922,441,19861,424,1061,17,22044,448,204800,1215,226844,1663,2,159,180,1927,259,18836,10,684,196,"Knox County",470313,560.690433817479,0.231660610821958,353.594308471167,93.7673421742542,409.727139160517,23.1660610821958
2020-12-02,20481,192,19437,170,1044,22,21596,185,203585,575,225181,760,2,157,-144,1747,334,18577,7,674,194,"Knox County",470313,514.976196703047,0.226190476190476,161.594512590551,40.8238768649814,371.454754599596,22.6190476190476
2020-12-01,20289,403,19267,380,1022,23,21411,409,203010,1832,224421,2241,5,155,89,1891,309,18243,7,667,189,"Knox County",470313,496.26525313993,0.221408572043937,476.491187783455,85.6876165447266,402.072662248333,22.1408572043937
2020-11-30,19886,385,18887,371,999,14,21002,436,201178,1815,222180,2251,1,150,24,1802,360,17934,3,660,186,"Knox County",470313,509.44796337758,0.215666831928607,478.617431370173,81.8603780886346,383.149094326544,21.5666831928607
2020-11-29,19501,226,18516,218,985,8,20566,261,199363,1465,219929,1726,0,149,41,1778,185,17574,5,657,183,"Knox County",470313,486.909781358372,0.205275648046732,366.989643067489,48.0531050598219,378.046109718422,20.5275648046732
2020-11-28,19275,271,18298,257,977,14,20305,299,197898,1967,218203,2266,0,149,72,1737,199,17389,8,652,177,"Knox County",470313,483.08254290228,0.189914599430663,481.806796750249,57.6212012000519,369.328511012879,18.9914599430663
2020-11-27,19004,235,18041,215,963,20,20006,249,195931,1247,215937,1496,3,149,-6,1665,238,17190,12,644,173,"Knox County",470313,457.780244220338,0.184390873175845,318.08604057298,49.9667242878679,354.019557188511,18.4390873175845
2020-11-26,18769,344,17826,341,943,3,19757,441,194684,1429,214441,1870,4,146,48,1671,292,16952,5,632,170,"Knox County",470313,437.155681429176,0.18080888183981,397.607550716225,73.1427793830917,355.295303340541,18.080888183981
2020-11-25,18425,219,17485,193,940,26,19316,123,193255,325,212571,448,0,142,-58,1623,277,16660,3,627,164,"Knox County",470313,442.896539113314,0.180354529191738,95.2557126849566,46.5647345491194,345.089334124296,18.0354529191738
2020-11-24,18206,153,17292,130,914,23,19193,116,192930,673,212123,789,2,142,-111,1681,262,16383,6,624,162,"Knox County",470313,389.740449445369,0.177484787018256,167.760618992033,32.5315268767821,357.421546927259,17.7484787018256
2020-11-23,18053,167,17162,147,891,20,19077,100,192257,391,211334,491,3,140,-97,1792,261,16121,7,618,160,"Knox County",470313,343.388339254922,0.174884437596302,104.398560107843,35.508267898187,381.022850739826,17.4884437596302
2020-11-22,17886,220,17015,212,871,8,18977,258,191866,1804,210843,2062,2,137,86,1889,132,15860,5,611,153,"Knox County",470313,342.112593102891,0.168329441732116,438.431427581207,46.7773589077912,401.647413530989,16.8329441732116
2020-11-21,17666,173,16803,169,863,4,18719,198,190062,1465,208781,1663,0,135,2,1803,171,15728,4,606,151,"Knox County",470313,321.275405953057,0.168386438371697,353.594308471167,36.7840140502176,383.361718685216,16.8386438371697
2020-11-20,17493,178,16634,169,859,9,18521,163,188597,791,207118,954,7,135,-17,1801,188,15557,5,602,149,"Knox County",470313,309.155817508765,0.169022592726833,202.843638172876,37.8471358435765,382.936469967872,16.9022592726833
2020-11-19,17315,166,16465,148,850,18,18358,128,187806,663,206164,791,2,128,-28,1818,192,15369,4,597,145,"Knox County",470313,271.308681665189,0.15087524312309,168.185867709377,35.2956435395152,386.551084065293,15.087524312309
2020-11-18,17149,168,16317,163,832,5,18230,179,187143,874,205373,1053,0,126,-9,1846,177,15177,7,593,140,"Knox County",470313,260.464839372928,0.146353966423171,223.893449681382,35.7208922568587,392.504566108102,14.6353966423171
2020-11-17,16981,248,16154,240,827,8,18051,260,186269,1033,204320,1293,9,126,86,1855,153,15000,7,586,138,"Knox County",470313,280.664153446747,0.154809197062718,274.923295762609,52.730840950601,394.418185336148,15.4809197062718
2020-11-16,16733,272,15914,261,819,11,17791,286,185236,1409,203027,1695,2,117,79,1769,191,14847,6,579,137,"Knox County",470313,302.989711107284,0.154768163179476,360.398287948664,57.8338255587237,376.132490490376,15.4768163179476
2020-11-15,16461,274,15653,247,808,27,17505,295,183827,2278,201332,2573,2,115,162,1690,110,14656,3,573,135,"Knox County",470313,314.47142647556,0.150568748752744,547.082474862485,58.2590742760672,359.335166155305,15.0568748752744
2020-11-14,16187,306,15406,293,781,13,17210,321,181549,1699,198759,2020,0,113,188,1528,118,14546,7,570,131,"Knox County",470313,342.750466178906,0.157240581944311,429.501204516992,65.0630537535641,324.890020050477,15.7240581944311
2020-11-13,15881,219,15113,200,768,19,16889,190,179850,965,196739,1155,4,113,73,1340,142,14428,6,563,128,"Knox County",470313,351.468064884449,0.156805293005671,245.581134265904,46.5647345491194,284.916640620183,15.6805293005671
2020-11-12,15662,143,14913,130,749,13,16699,136,178885,955,195584,1091,1,109,-3,1267,145,14286,3,557,127,"Knox County",470313,346.577704634998,0.153216911764706,231.97317531091,30.4052832900643,269.395062437143,15.3216911764706
2020-11-11,15519,191,14783,177,736,14,16563,191,177930,1229,194493,1420,3,108,23,1270,165,14141,7,554,125,"Knox County",470313,351.468064884449,0.149284253578732,301.926589313925,40.6112525063096,270.032935513158,14.9284253578732
2020-11-10,15328,168,14606,163,722,5,16372,186,176701,1131,193073,1317,2,105,24,1247,142,13976,4,547,123,"Knox County",470313,334.458116190707,0.142400851743412,280.026280370732,35.7208922568587,265.142575263707,14.2400851743412
2020-11-09,15160,135,14443,121,717,14,16186,131,175570,490,191756,621,1,103,-15,1223,149,13834,2,543,121,"Knox County",470313,305.328579052673,0.142198685888006,132.039726735174,28.7042884206901,260.039590655585,14.2198685888006
2020-11-08,15025,215,14322,203,703,12,16055,252,175080,2625,191135,2877,1,102,94,1238,120,13685,3,541,119,"Knox County",470313,292.783741891039,0.133987239310542,611.720279898706,45.7142371144323,263.228956035661,13.3987239310542
2020-11-07,14810,169,14119,161,691,8,15803,187,172455,1918,188258,2105,1,101,59,1144,109,13565,5,538,114,"Knox County",470313,263.654204753005,0.120253164556962,447.574275004093,35.9335166155305,243.242266320514,12.0253164556962
2020-11-06,14641,155,13958,138,683,17,15616,160,170537,1236,186153,1396,0,100,24,1085,131,13456,5,533,114,"Knox County",470313,250.046245798011,0.114805578645978,296.823604705802,32.9567755941256,230.697429158879,11.4805578645978
2020-11-05,14486,158,13820,142,666,16,15456,151,169301,613,184757,764,1,100,34,1061,123,13325,6,528,111,"Knox County",470313,253.235611178088,0.119809523809524,162.445010025239,33.5946486701409,225.594444550757,11.9809523809524
2020-11-04,14328,145,13678,133,650,12,15305,148,168688,934,183993,1082,-1,99,20,1027,126,13202,5,522,110,"Knox County",470313,243.454890679186,0.119563078134226,230.059556082864,30.8305320074078,218.365216355916,11.9563078134226
2020-11-03,14183,196,13545,183,638,13,15157,195,167754,836,182911,1031,3,100,44,1007,149,13076,5,517,108,"Knox County",470313,249.408372721996,0.123936816524909,219.215713790603,41.6743742996685,214.112729182481,12.3936816524909
2020-11-02,13987,116,13362,110,625,6,14962,115,166918,807,181880,922,1,97,-36,963,151,12927,2,512,107,"Knox County",470313,245.368509907232,0.118699027218237,196.039658695379,24.6644256059263,204.757257400922,11.8699027218237
2020-11-01,13871,124,13252,116,619,8,14847,131,166111,1273,180958,1404,0,96,15,999,109,12776,3,510,105,"Knox County",470313,226.0196932681,0.124885110294118,298.524599575177,26.3654204753005,212.411734313106,12.4885110294118
2020-10-31,13747,5,13136,5,611,0,14716,7,164838,4,179554,11,0,96,-99,984,104,12667,0,507,103,"Knox County",470313,191.149298445929,0.137216338880484,2.33886794538956,1.06312179335889,209.22236893303,13.7216338880484
2020-10-30,13742,156,13131,146,611,10,14709,148,164834,853,179543,1001,1,96,27,1083,128,12563,4,507,102,"Knox County",470313,191.3619228046,0.144006436041834,212.83698303045,33.1693999527974,230.272180441536,14.4006436041834
2020-10-29,13586,152,12985,138,601,14,14561,136,163981,1569,178542,1705,0,95,49,1056,103,12435,4,503,102,"Knox County",470313,190.08617665257,0.122973728339855,362.524531535382,32.3189025181103,224.531322757398,12.2973728339855
2020-10-28,13434,103,12847,96,587,7,14425,102,162412,1055,176837,1157,3,95,-47,1007,147,12332,8,499,101,"Knox County",470313,181.155953588355,0.115336744571982,246.006382983247,21.9003089431931,214.112729182481,11.5336744571982
2020-10-27,13331,119,12751,113,580,6,14323,127,161357,799,175680,926,1,92,-6,1054,124,12185,3,491,100,"Knox County",470313,164.783877970628,0.107493685096829,196.890156130067,25.3022986819416,224.106074040054,10.7493685096829
2020-10-26,13212,81,12638,74,574,7,14196,73,160558,372,174754,445,2,91,-72,1060,151,12061,2,488,98,"Knox County",470313,157.342025417116,0.108888554669875,94.6178396089413,17.222573052414,225.381820192085,10.8888554669875
2020-10-25,13131,132,12564,121,567,11,14123,151,160186,1365,174309,1516,0,89,53,1132,79,11910,3,486,98,"Knox County",470313,159.04302028649,0.110042893063156,322.338527746416,28.0664153446747,240.690774016453,11.0042893063156
2020-10-24,12999,172,12443,167,556,5,13972,202,158821,1789,172793,1991,0,89,56,1079,116,11831,5,483,97,"Knox County",470313,194.551288184677,0.107424779773481,423.33509811551,36.5713896915458,229.421683006849,10.7424779773481
2020-10-23,12827,159,12276,148,551,11,13770,172,157032,1239,170802,1411,1,89,40,1023,118,11715,5,478,96,"Knox County",470313,195.189161260692,0.105234400611955,300.012970085879,33.8072730288127,217.514718921229,10.5234400611955
2020-10-22,12668,182,12128,168,540,14,13598,169,155793,1607,169391,1776,1,88,59,983,122,11597,5,473,96,"Knox County",470313,201.567892020846,0.108002602472349,377.620861001078,38.6976332782636,209.009744574358,10.8002602472349
2020-10-21,12486,72,11960,68,526,4,13429,74,154186,682,167615,756,0,87,-32,924,104,11475,1,468,96,"Knox County",470313,194.976536902021,0.109738124929146,160.744015155864,15.308953824368,196.464907412723,10.9738124929146
2020-10-20,12414,127,11892,121,522,6,13355,150,153504,739,166859,889,0,87,13,956,114,11371,7,467,95,"Knox County",470313,196.677531771395,0.112818761384335,189.023054859211,27.0032935513158,203.26888689022,11.2818761384335
2020-10-19,12287,112,11771,107,516,5,13205,117,152765,939,165970,1056,1,87,-9,943,120,11257,6,460,94,"Knox County",470313,203.26888689022,0.110164981373071,224.531322757398,23.8139281712392,200.504770227487,11.0164981373071
2020-10-18,12175,140,11664,135,511,5,13088,168,151826,1431,164914,1599,0,86,51,952,89,11137,7,454,94,"Knox County",470313,204.969881759594,0.11099388056552,339.986349516173,29.7674102140489,202.418389455533,11.099388056552
2020-10-17,12035,128,11529,125,506,3,12920,154,150395,1458,163315,1612,1,86,42,901,85,11048,3,447,93,"Knox County",470313,195.614409978036,0.110341795801736,342.750466178906,27.2159179099876,191.574547163272,11.0341795801736
2020-10-16,11907,72,11404,71,503,1,12766,61,148937,390,161703,451,1,85,-26,859,97,10963,3,444,92,"Knox County",470313,177.116090773591,0.109718638653397,95.893585760972,15.308953824368,182.644324099057,10.9718638653397
2020-10-15,11835,74,11333,62,502,12,12705,66,148547,941,161252,1007,1,84,-56,885,129,10866,3,441,90,"Knox County",470313,154.152660037039,0.10719131614654,214.112729182481,15.7342025417116,188.172557424524,10.719131614654
2020-10-14,11761,149,11271,143,490,6,12639,150,147606,1086,160245,1236,0,83,58,941,91,10737,5,438,88,"Knox County",470313,170.524735654766,0.11031847133758,262.803707318318,31.6810294420949,200.079521510143,11.031847133758
2020-10-13,11612,71,11128,68,484,3,12489,63,146520,581,159009,644,1,83,-36,883,106,10646,6,433,88,"Knox County",470313,158.617771569146,0.102432610124918,136.930086984625,15.0963294656962,187.74730870718,10.2432610124918
2020-10-12,11541,79,11060,66,481,13,12426,87,145939,806,158365,893,0,82,-42,919,121,10540,5,427,87,"Knox County",470313,151.601167732978,0.100644987906477,189.873552293898,16.7973243350705,195.401785619364,10.0644987906477
2020-10-11,11462,170,10994,163,468,7,12339,179,145133,1612,157472,1791,0,82,94,961,76,10419,8,422,85,"Knox County",470313,157.979898493131,0.0995546240503013,380.810226381155,36.1461409742023,204.332008683579,9.95546240503013
2020-10-10,11292,130,10831,122,461,8,12160,132,143521,1393,155681,1525,0,82,46,867,84,10343,3,414,85,"Knox County",470313,158.405147210475,0.0977872002120048,324.252146974462,27.6411666273312,184.345318968432,9.77872002120048
2020-10-09,11162,120,10709,118,453,2,12028,134,142128,1336,154156,1470,0,82,34,821,86,10259,3,411,85,"Knox County",470313,168.61111642672,0.0946766285314032,312.557807247514,25.5149230406134,174.56459846953,9.46766285314032
2020-10-08,11042,110,10591,102,451,8,11894,103,140792,943,152686,1046,1,82,32,787,77,10173,4,408,85,"Knox County",470313,176.265593338904,0.0985473561882626,222.40507917068,23.3886794538956,167.335370274689,9.85473561882626
2020-10-07,10932,104,10489,88,443,16,11791,95,139849,1650,151640,1745,0,81,11,755,93,10096,5,404,85,"Knox County",470313,166.697497198674,0.087008997147246,371.029505882253,22.1129333018649,160.531390797193,8.7008997147246
2020-10-06,10828,115,10401,102,427,13,11696,114,138199,1393,149895,1507,0,81,3,744,112,10003,4,399,84,"Knox County",470313,176.052968980232,0.0845945675052621,320.42490851837,24.4518012472545,158.192522851803,8.45945675052621
2020-10-05,10713,118,10299,109,414,9,11582,123,136806,1238,148388,1361,0,81,11,741,107,9891,5,395,84,"Knox County",470313,184.345318968432,0.0842508377213978,289.38175215229,25.0896743232698,157.554649775788,8.42508377213978
2020-10-04,10595,96,10190,89,405,7,11459,99,135568,1827,147027,1926,1,81,31,730,64,9784,2,390,82,"Knox County",470313,168.61111642672,0.0756143667296786,409.514514801845,20.4119384324907,155.215781830398,7.56143667296786
2020-10-03,10499,77,10101,76,398,1,11360,92,133741,1864,145101,1956,0,80,6,699,71,9720,2,388,82,"Knox County",470313,157.342025417116,0.0690218872037054,415.893245561998,16.3720756177269,148.624426711573,6.90218872037054
2020-10-02,10422,82,10025,79,397,3,11268,82,131877,602,143145,684,0,80,-17,693,99,9649,1,386,82,"Knox County",470313,149.262299787588,0.0692420537897311,145.435061331496,17.4351974110858,147.348680559542,6.92420537897311
2020-10-01,10340,71,9946,68,394,3,11186,73,131275,683,142461,756,0,80,2,710,69,9550,1,385,82,"Knox County",470313,140.969949799389,0.0682435832913941,160.744015155864,15.0963294656962,150.963294656962,6.82435832913941
2020-09-30,10269,75,9878,72,391,3,11113,70,130592,675,141705,745,1,80,-32,708,106,9481,2,384,82,"Knox County",470313,134.803843397907,0.0730833799664242,158.405147210475,15.9468269003834,150.538045939619,7.30833799664242
2020-09-29,10194,80,9806,75,388,5,11043,87,129917,1140,140960,1227,-1,79,-16,740,97,9375,2,382,82,"Knox County",470313,127.361990844395,0.0723281340265742,260.890088090272,17.0099486937423,157.342025417116,7.23281340265742
2020-09-28,10114,57,9731,51,383,6,10956,49,128777,431,139733,480,1,80,-70,756,126,9278,3,380,81,"Knox County",470313,114.391904965417,0.0710059171597633,102.059692162454,12.1195884442914,160.744015155864,7.10059171597633
2020-09-27,10057,72,9680,67,377,5,10907,79,128346,978,139253,1057,0,79,-18,826,90,9152,3,377,79,"Knox County",470313,109.288920357294,0.0770456191165822,224.74394711607,15.308953824368,175.627720262889,7.70456191165822
2020-09-26,9985,127,9613,122,372,5,10828,136,127368,2087,138196,2223,4,79,9,844,114,9062,5,374,79,"Knox County",470313,119.920138290883,0.0803123257110987,472.663949327363,27.0032935513158,179.454958718981,8.03123257110987
2020-09-25,9858,102,9491,100,367,2,10692,103,125281,1439,135973,1542,0,75,-3,835,105,8948,1,369,79,"Knox County",470313,124.172625464318,0.074346201743462,327.866761071882,21.6876845845214,177.541339490935,7.4346201743462
2020-09-24,9756,92,9391,89,365,3,10589,105,123842,1717,134431,1822,0,75,-52,838,144,8843,3,368,76,"Knox County",470313,128.637736996426,0.0691512752858399,387.40158149998,19.5614409978036,178.17921256695,6.91512752858399
2020-09-23,9664,53,9302,52,362,1,10484,49,122125,432,132609,481,2,75,-123,890,174,8699,2,365,76,"Knox County",470313,123.960001105647,0.0688405797101449,102.272316521125,11.2690910096042,189.235679217883,6.88405797101449
2020-09-22,9611,82,9250,75,361,7,10435,88,121693,1140,132128,1228,1,73,-53,1013,134,8525,3,363,76,"Knox County",470313,124.38524982299,0.0689459979621873,261.102712448944,17.4351974110858,215.388475334511,6.89459979621873
2020-09-21,9529,34,9175,30,354,4,10347,32,120553,379,130900,411,0,72,-103,1066,137,8391,2,360,76,"Knox County",470313,119.494889573539,0.0675490643541762,87.3886114141008,7.22922819484046,226.657566344116,6.75490643541762
2020-09-20,9495,97,9145,78,350,19,10315,88,120174,707,130489,795,0,72,-17,1169,114,8254,1,358,76,"Knox County",470313,124.810498540334,0.0706892495883322,169.036365144064,20.6245627911625,248.557875287309,7.06892495883322
2020-09-19,9398,132,9067,129,331,3,10227,136,119467,1466,129694,1602,1,72,31,1186,100,8140,5,357,74,"Knox County",470313,125.873620333693,0.0762593579494988,340.624222592189,28.0664153446747,252.172489384729,7.62593579494988
2020-09-18,9266,118,8938,114,328,4,10091,129,118001,1606,128092,1735,3,71,-16,1155,131,8040,3,352,74,"Knox County",470313,129.275610072441,0.0776566757493188,368.903262295535,25.0896743232698,245.581134265904,7.76566757493188
2020-09-17,9148,126,8824,119,324,7,9962,124,116395,1516,126357,1640,0,68,-15,1171,141,7909,6,349,74,"Knox County",470313,136.504838267282,0.0818550430816016,348.703948221716,26.790669192644,248.983124004652,8.18550430816016
2020-09-16,9022,99,8705,77,317,22,9838,117,114879,768,124717,885,1,68,-90,1186,188,7768,3,343,72,"Knox County",470313,146.285558766183,0.0860655737704918,188.172557424524,21.049811508506,252.172489384729,8.60655737704918
2020-09-15,8923,132,8628,126,295,6,9721,136,114111,1338,123832,1474,0,67,-65,1276,197,7580,3,340,71,"Knox County",470313,156.916776699772,0.089206274877078,313.408304682201,28.0664153446747,271.308681665189,8.9206274877078
2020-09-14,8791,127,8502,124,289,3,9585,136,112773,902,122358,1038,0,67,-68,1341,195,7383,5,337,71,"Knox County",470313,176.690842056248,0.0944486857890719,220.704084301306,27.0032935513158,285.129264978855,9.44486857890719
2020-09-13,8664,143,8378,136,286,7,9449,148,111871,1008,121320,1156,0,67,-8,1409,151,7188,0,332,71,"Knox County",470313,186.471562555149,0.0971668415529906,245.793758624576,30.4052832900643,299.587721368535,9.71668415529906
2020-09-12,8521,130,8242,123,279,7,9301,141,110863,1177,120164,1318,1,67,29,1417,100,7037,1,332,71,"Knox County",470313,186.046313837806,0.100692191217824,280.238904729404,27.6411666273312,301.28871623791,10.0692191217824
2020-09-11,8391,104,8119,95,272,9,9160,106,109686,773,118846,879,0,66,-17,1388,121,6937,5,331,69,"Knox County",470313,183.069572816401,0.108224076281287,186.896811272493,22.1129333018649,295.122609836428,10.8224076281287
2020-09-10,8287,192,8024,189,263,3,9054,192,108913,1501,117967,1693,0,66,89,1405,103,6816,5,326,67,"Knox County",470313,197.102780488738,0.115598720833827,359.97303923132,40.8238768649814,298.737223933848,11.5598720833827
2020-09-09,8095,91,7835,82,260,9,8862,93,107412,1710,116274,1803,0,66,-23,1316,114,6713,2,321,67,"Knox County",470313,195.401785619364,0.101698536481145,383.361718685216,19.3488166391318,279.81365601206,10.1698536481145
2020-09-08,8004,126,7753,124,251,2,8769,133,105702,702,114471,835,1,66,30,1339,95,6599,8,319,67,"Knox County",470313,194.126039467333,0.108805319880761,177.541339490935,26.790669192644,284.704016261511,10.8805319880761
2020-09-07,7878,95,7629,92,249,3,8636,98,105000,347,113636,445,1,65,11,1309,83,6504,0,311,67,"Knox County",470313,187.322059989837,0.112067905031369,94.6178396089413,20.1993140738189,278.325285501358,11.2067905031369
2020-09-06,7783,96,7537,92,246,4,8538,94,104653,476,113191,570,0,64,23,1298,73,6421,1,311,67,"Knox County",470313,177.328715132263,0.113615272438022,121.195884442914,20.4119384324907,275.986417555968,11.3615272438022
2020-09-05,7687,284,7445,282,242,2,8444,295,104177,1506,112621,1801,0,64,215,1275,69,6348,4,310,64,"Knox County",470313,210.072866367717,0.125965611761774,382.936469967872,60.385317862785,271.096057306517,12.5965611761774
2020-09-04,7403,93,7163,89,240,4,8149,97,102671,565,110820,662,1,64,16,1060,76,6279,0,306,64,"Knox County",470313,207.733998422327,0.12831348444103,140.757325440717,19.7740653564754,225.381820192085,12.831348444103
2020-09-03,7310,190,7074,184,236,6,8052,198,102106,1798,110158,1996,2,63,107,1044,81,6203,6,306,64,"Knox County",470313,207.308749704984,0.124260355029586,424.398219908869,40.3986281476379,221.979830453336,12.4260355029586
2020-09-02,7120,124,6890,120,230,4,7854,121,100308,1461,108162,1582,2,61,41,937,81,6122,5,300,63,"Knox County",470313,214.325353541152,0.131288810036751,336.371735418753,26.3654204753005,199.229024075456,13.1288810036751
2020-09-01,6996,153,6770,146,226,7,7733,158,98847,660,106580,818,2,59,64,896,87,6041,4,295,62,"Knox County",470313,220.06621122529,0.134747269494539,173.926725393515,32.5315268767821,190.511425369913,13.4747269494539
2020-08-31,6843,99,6624,93,219,6,7575,94,98187,431,105762,525,0,57,18,832,81,5954,3,291,59,"Knox County",470313,220.916708659978,0.132889112396279,111.627788302684,21.049811508506,176.903466414919,13.2889112396279
2020-08-30,6744,72,6531,71,213,1,7481,76,97756,423,105237,499,1,57,5,814,66,5873,1,288,59,"Knox County",470313,215.813724051855,0.131802613218318,106.099554977217,15.308953824368,173.076227958827,13.1802613218318
2020-08-29,6672,118,6460,113,212,5,7405,125,97333,1391,104738,1516,5,56,37,809,76,5807,3,287,57,"Knox County",470313,180.51808051234,0.114372203211371,322.338527746416,25.0896743232698,172.013106165469,11.4372203211371
2020-08-28,6554,89,6347,85,207,4,7280,91,95942,309,103222,400,0,51,-7,772,96,5731,3,284,57,"Knox County",470313,179.667583077653,0.117639040348964,85.0497434687113,18.9235679217883,164.146004894613,11.7639040348964
2020-08-27,6465,116,6262,112,203,4,7189,134,95633,1987,102822,2121,0,51,24,779,92,5635,2,281,57,"Knox County",470313,163.933380535941,0.107090202385739,450.976264742841,24.6644256059263,165.634375405315,10.7090202385739
2020-08-26,6349,77,6150,76,199,1,7055,86,93646,794,100701,880,0,51,-15,755,92,5543,3,279,56,"Knox County",470313,153.940035678367,0.113034472555112,187.109435631165,16.3720756177269,160.531390797193,11.3034472555112
2020-08-25,6272,87,6074,82,198,5,6969,96,92852,896,99821,992,2,51,-6,770,91,5451,3,276,55,"Knox County",470313,139.90682800603,0.101254868022501,210.923363802404,18.4983192044447,163.720756177269,10.1254868022501
2020-08-24,6185,32,5992,28,193,4,6873,29,91956,261,98829,290,0,49,-66,776,98,5360,1,273,55,"Knox County",470313,125.660995975021,0.0951030158256196,61.6610640148157,6.8039794774969,164.9965023293,9.51030158256196
2020-08-23,6153,76,5964,75,189,1,6844,74,91695,566,98539,640,0,49,13,842,63,5262,3,272,55,"Knox County",470313,126.511493409708,0.0928498318467612,136.079589549938,16.1594512590551,179.029710001637,9.28498318467612
2020-08-22,6077,136,5889,135,188,1,6770,153,91129,1892,97899,2045,0,49,69,829,67,5199,4,269,55,"Knox County",470313,130.3387318658,0.0899837133550489,434.816813483786,28.9169127793618,176.265593338904,8.99837133550489
2020-08-21,5941,30,5754,30,187,0,6617,41,89237,262,95854,303,1,49,-62,760,91,5132,1,265,55,"Knox County",470313,117.793894704165,0.0843075230367212,64.4251806775488,6.37873076015334,161.594512590551,8.43075230367212
2020-08-20,5911,119,5724,117,187,2,6576,130,88975,2068,95551,2198,3,48,24,822,92,5041,3,264,55,"Knox County",470313,118.43176778018,0.0828796951551443,467.348340360568,25.3022986819416,174.777222828202,8.28796951551443
2020-08-19,5792,46,5607,41,185,5,6446,48,86907,608,93353,656,2,45,-50,798,94,4949,4,261,55,"Knox County",470313,111.840412661355,0.0801516002245929,139.481579288686,9.7807204989018,169.674238220079,8.01516002245929
2020-08-18,5746,134,5566,132,180,2,6398,152,86299,1164,92697,1316,0,43,3,848,131,4855,4,257,55,"Knox County",470313,121.833757518929,0.0841836734693878,279.81365601206,28.4916640620183,180.305456153668,8.41836734693877
2020-08-17,5612,50,5434,42,178,8,6246,50,85135,289,91381,339,1,43,-70,845,119,4724,0,253,54,"Knox County",470313,125.660995975021,0.0864345738295318,72.0796575897328,10.6312179335889,179.667583077653,8.64345738295318
2020-08-16,5562,83,5392,78,170,5,6196,82,84846,587,91042,669,0,42,11,915,72,4605,1,253,53,"Knox County",470313,127.149366485723,0.0871644964124369,142.24569595142,17.6478217697576,194.551288184677,8.71644964124369
2020-08-15,5479,119,5314,116,165,3,6114,132,84259,1223,90373,1355,1,42,42,904,76,4533,2,252,52,"Knox County",470313,123.534752388303,0.0928905792861322,288.106006000259,25.3022986819416,192.212420239287,9.28905792861323
2020-08-14,5360,91,5198,83,162,8,5982,96,83036,1024,89018,1120,0,41,5,862,86,4457,2,250,52,"Knox County",470313,136.504838267282,0.0901607212857703,238.139281712392,19.3488166391318,183.282197175073,9.01607212857703
2020-08-13,5269,127,5115,126,154,1,5886,229,82012,1778,87898,2007,1,41,13,857,113,4371,4,248,51,"Knox County",470313,138.205833136656,0.105735727686947,426.737087854259,27.0032935513158,182.219075381714,10.5735727686947
2020-08-12,5142,79,4989,72,153,7,5657,88,80234,892,85891,980,0,40,-40,844,119,4258,1,244,50,"Knox County",470313,145.222436972824,0.106473156948369,208.371871498343,16.7973243350705,179.454958718981,10.6473156948369
2020-08-11,5063,111,4917,108,146,3,5569,117,79342,1121,84911,1238,0,40,2,884,109,4139,5,243,50,"Knox County",470313,140.332076723374,0.103009859885833,263.228956035661,23.6013038125674,187.959933065852,10.3009859885833
2020-08-10,4952,37,4809,35,143,2,5452,35,78221,365,83673,400,1,40,-94,882,130,4030,0,238,48,"Knox County",470313,137.56796006064,0.100270305058566,85.0497434687113,7.86710127085579,187.534684348508,10.0270305058566
2020-08-09,4915,85,4774,81,141,4,5417,109,77856,826,83273,935,1,39,25,976,59,3900,4,238,48,"Knox County",470313,137.993208777984,0.10031113876789,198.803775358113,18.0730704871011,207.521374063655,10.031113876789
2020-08-08,4830,157,4693,156,137,1,5308,176,77030,2284,82338,2460,1,38,96,951,60,3841,4,234,47,"Knox County",470313,146.072934407512,0.0929978118161926,523.055922332574,33.3820243114692,202.205765096861,9.29978118161926
2020-08-07,4673,50,4537,46,136,4,5132,44,74746,403,79878,447,0,37,-34,855,84,3781,0,230,45,"Knox County",470313,137.355335701969,0.0942482579426007,95.0430883262848,10.6312179335889,181.79382666437,9.42482579426007
2020-08-06,4623,113,4491,105,132,8,5088,121,74343,1463,79431,1584,-1,37,41,889,73,3697,5,230,43,"Knox County",470313,134.378594680564,0.0857782197911487,336.796984136097,24.0265525299109,189.023054859211,8.57782197911487
2020-08-05,4510,99,4386,99,124,0,4967,100,72880,1107,77847,1207,1,38,-1,848,99,3624,3,225,42,"Knox County",470313,138.631081853999,0.0848748639825898,256.637600916836,21.049811508506,180.305456153668,8.48748639825898
2020-08-04,4411,112,4287,111,124,1,4867,106,71773,1082,76640,1188,1,37,-31,849,142,3525,9,222,41,"Knox County",470313,138.843706212671,0.0840530349105948,252.597738102072,23.8139281712392,180.51808051234,8.40530349105948
2020-08-03,4299,50,4176,50,123,0,4761,81,70691,593,75452,674,2,36,-59,880,107,3383,1,213,41,"Knox County",470313,141.607822875404,0.0867569158328429,143.308817744778,10.6312179335889,187.109435631165,8.67569158328429
2020-08-02,4249,97,4126,91,123,6,4680,95,70098,692,74778,787,3,34,28,939,66,3276,2,212,40,"Knox County",470313,144.159315179466,0.0866179465676291,167.335370274689,20.6245627911625,199.6542727928,8.66179465676291
2020-08-01,4152,118,4035,110,117,8,4585,118,69406,1417,73991,1535,1,31,29,911,88,3210,1,210,40,"Knox County",470313,135.866965191266,0.0895984909727836,326.37839056118,25.0896743232698,193.70079074999,8.95984909727836
2020-07-31,4034,117,3925,114,109,3,4467,116,67989,1060,72456,1176,2,30,9,882,106,3122,1,209,39,"Knox County",470313,150.112797222275,0.0904183535762483,250.046245798011,24.877049964598,187.534684348508,9.04183535762483
2020-07-30,3917,189,3811,186,106,3,4351,227,66929,2420,71280,2647,1,28,78,873,110,3016,7,208,36,"Knox County",470313,166.272248481331,0.0914912090297374,562.816677404197,40.1860037889661,185.621065120462,9.14912090297373
2020-07-29,3728,75,3625,71,103,4,4124,60,64509,438,68633,498,0,27,-40,795,115,2906,3,201,34,"Knox County",470313,161.169263873208,0.0944150499706055,105.886930618546,15.9468269003834,169.036365144064,9.44150499706055
2020-07-28,3653,154,3554,152,99,2,4064,186,64071,1211,68135,1397,1,27,46,835,107,2791,3,198,30,"Knox County",470313,170.099486937423,0.101331191186596,297.036229064474,32.7441512354538,177.541339490935,10.1331191186596
2020-07-27,3499,83,3402,76,97,7,3878,85,62860,677,66738,762,3,26,-36,789,116,2684,2,195,30,"Knox County",470313,177.116090773591,0.100772551692797,162.019761307895,17.6478217697576,167.760618992033,10.0772551692797
2020-07-26,3416,118,3326,113,90,5,3793,132,62183,1473,65976,1605,0,23,49,825,69,2568,2,193,29,"Knox County",470313,181.581202305699,0.0960498960498961,341.262095668204,25.0896743232698,175.415095904217,9.6049896049896
2020-07-25,3298,175,3213,172,85,3,3661,197,60710,1949,64371,2146,2,23,95,776,78,2499,3,191,28,"Knox County",470313,193.70079074999,0.0980353826605415,456.291873709636,37.2092627675612,164.9965023293,9.80353826605415
2020-07-24,3123,106,3041,99,82,7,3464,113,58761,916,62225,1029,0,21,-15,681,121,2421,4,188,25,"Knox County",470313,191.3619228046,0.0991669972233241,218.79046507326,22.5381820192085,144.797188255481,9.91669972233241
2020-07-23,3017,205,2942,197,75,8,3351,254,57845,2389,61196,2643,0,21,89,696,116,2300,4,184,25,"Knox County",470313,194.763912543349,0.101884920634921,561.96617996951,43.5879935277145,147.986553635558,10.1884920634921
2020-07-22,2812,69,2745,61,67,8,3097,63,55456,437,58553,500,3,21,-68,607,134,2184,3,180,24,"Knox County",470313,193.488166391318,0.102162269390994,106.312179335889,14.6710807483527,129.062985713769,10.2162269390994
2020-07-21,2743,232,2684,228,59,4,3034,280,55019,1691,58053,1971,0,18,120,675,112,2050,12,177,24,"Knox County",470313,210.072866367717,0.10548048048048,419.082610942075,49.3288512118525,143.52144210345,10.548048048048
2020-07-20,2511,74,2456,70,55,4,2754,57,53328,364,56082,421,0,18,-59,555,133,1938,4,165,23,"Knox County",470313,208.159247139671,0.106253029568589,89.5148550008186,15.7342025417116,118.006519062837,10.6253029568589
2020-07-19,2437,84,2386,74,51,10,2697,74,52964,577,55661,651,0,18,-16,614,100,1805,0,161,22,"Knox County",470313,200.93001894483,0.110885589146459,138.418457495328,17.8604461284294,130.551356224472,11.0885589146459
2020-07-18,2353,112,2312,109,41,3,2623,146,52387,2258,55010,2404,1,18,36,630,75,1705,8,161,20,"Knox County",470313,187.534684348508,0.102609418858509,511.148958246955,23.8139281712392,133.95334596322,10.2609418858509
2020-07-17,2241,74,2203,74,38,0,2477,80,50129,347,52606,427,0,17,3,594,71,1630,6,153,19,"Knox County",470313,180.730704871011,0.105800155262282,90.7906011528493,15.7342025417116,126.298869051036,10.5800155262282
2020-07-16,2167,187,2129,185,38,2,2397,228,49782,2035,52179,2263,2,17,97,591,88,1559,3,147,17,"Knox County",470313,176.903466414919,0.107444714599977,481.168923674234,39.7607550716225,125.660995975021,10.7444714599977
2020-07-15,1980,78,1944,78,36,0,2169,80,47747,511,49916,591,3,15,-14,494,89,1471,4,144,17,"Knox County",470313,178.817085642965,0.10827222731439,125.660995975021,16.5846999763987,105.036433183858,10.827222731439
2020-07-14,1902,95,1866,95,36,0,2089,127,47236,777,49325,904,2,12,12,508,81,1382,1,140,16,"Knox County",470313,149.687548504932,0.103380759691946,192.212420239287,20.1993140738189,108.013174205263,10.3380759691946
2020-07-13,1807,94,1771,92,36,2,1962,59,46459,655,48421,714,1,10,20,496,73,1301,2,139,15,"Knox County",470313,153.940035678367,0.099823987930601,151.81379209165,19.9866897151471,105.461681901202,9.9823987930601
2020-07-12,1713,69,1679,67,34,2,1903,87,45804,916,47707,1003,0,9,27,476,42,1228,4,137,12,"Knox County",470313,150.750670298291,0.097158680471948,213.262231747793,14.6710807483527,101.209194727766,9.7158680471948
2020-07-11,1644,28,1612,27,32,1,1816,36,44888,883,46704,919,0,9,-16,449,44,1186,2,133,11,"Knox County",470313,132.890224169861,0.10218443043542,195.401785619364,5.95348204280979,95.4683370436284,10.218443043542
2020-07-10,1616,78,1585,74,31,4,1780,68,44005,418,45785,486,0,9,29,465,49,1142,6,131,10,"Knox County",470313,133.740721604548,0.0995639534883721,103.335438314484,16.5846999763987,98.8703267823768,9.95639534883721
2020-07-09,1538,70,1511,66,27,4,1712,88,43587,1652,45299,1740,0,9,23,436,47,1093,8,125,10,"Knox County",470313,108.86367163995,0.0857322636463741,369.966384088894,14.8837051070245,92.7042203808953,8.57322636463741
2020-07-08,1468,70,1445,65,23,5,1624,63,41935,594,43559,657,1,9,15,413,54,1046,5,117,10,"Knox County",470313,107.162676770576,0.0822045773003269,139.694203647358,14.8837051070245,87.8138601314444,8.2204577300327
2020-07-07,1398,79,1380,79,18,0,1561,104,41341,1304,42902,1408,0,8,38,398,41,992,7,112,10,"Knox County",470313,103.760687031828,0.0729031326692652,299.375097009864,16.7973243350705,84.6244947513677,7.29031326692652
2020-07-06,1319,35,1301,35,18,0,1457,34,40037,658,41494,692,1,8,-19,360,53,951,6,105,9,"Knox County",470313,91.2158498701928,0.0695148443157133,147.13605620087,7.44185255351224,76.5447691218401,6.95148443157133
2020-07-05,1284,77,1266,77,18,0,1423,109,39379,1080,40802,1189,2,7,34,379,41,898,6,99,9,"Knox County",470313,92.9168447395671,0.0707939641799464,252.810362460744,16.3720756177269,80.5846319366039,7.07939641799464
2020-07-04,1207,41,1189,40,18,1,1314,50,38299,1141,39613,1191,0,5,4,345,37,857,1,93,8,"Knox County",470313,95.6809614023002,0.0700801303816379,253.235611178088,8.7175987055429,73.3554037417635,7.00801303816379
2020-07-03,1166,62,1149,61,17,1,1264,49,37158,910,38422,959,0,5,27,341,35,820,4,92,6,"Knox County",470313,92.2789716635517,0.0634252169474222,203.906759966235,13.1827102376502,72.5049063070764,6.34252169474222
2020-07-02,1104,68,1088,68,16,0,1215,102,36248,1228,37463,1330,0,5,33,314,35,785,2,88,6,"Knox County",470313,91.8537229462082,0.0688122811742526,282.790397033465,14.4584563896809,66.7640486229383,6.88122811742526
2020-07-01,1036,49,1020,49,16,0,1113,34,35020,737,36133,771,0,5,25,281,24,750,4,86,6,"Knox County",470313,87.3886114141008,0.0639257294429708,163.933380535941,10.4185935749171,59.7474447867697,6.39257294429708
2020-06-30,987,40,971,39,16,1,1079,73,34283,1514,35362,1587,0,5,18,256,22,726,3,82,5,"Knox County",470313,79.0962614259015,0.0584272574167638,337.434857212112,8.50497434687113,54.4318358199752,5.84272574167638
2020-06-29,947,51,932,51,15,0,1006,79,32769,1333,33775,1412,0,5,20,238,31,704,3,79,5,"Knox County",470313,82.4982511646499,0.0587747363431686,300.225594444551,10.8438422922607,50.6045973638832,5.87747363431686
2020-06-28,896,10,881,10,15,0,927,30,31436,684,32363,714,0,5,-5,218,15,673,1,76,5,"Knox County",470313,68.2524191336408,0.0523606228026118,151.81379209165,2.12624358671778,46.3521101904476,5.23606228026117
2020-06-27,886,29,871,29,15,0,897,16,30752,111,31649,127,0,5,18,223,11,658,3,75,5,"Knox County",470313,65.7009268295794,0.0555072463768116,27.0032935513158,6.16610640148157,47.4152319838065,5.55072463768116
2020-06-26,857,37,842,37,15,0,881,14,30641,319,31522,333,0,5,17,205,20,647,8,72,5,"Knox County",470313,60.385317862785,0.0554670066942939,70.8039114377021,7.86710127085579,43.5879935277145,5.54670066942939
2020-06-25,820,32,805,32,15,0,867,52,30322,702,31189,754,0,5,13,188,19,627,1,64,5,"Knox County",470313,52.730840950601,0.0522990522990523,160.318766438521,6.8039794774969,39.9733794302943,5.22990522990523
2020-06-24,788,35,773,34,15,1,815,32,29620,272,30435,304,0,5,22,175,13,608,1,63,5,"Knox County",470313,49.7540999291961,0.0565857388644619,64.6378050362206,7.44185255351224,37.2092627675612,5.65857388644619
2020-06-23,753,27,739,24,14,3,783,25,29348,216,30131,241,0,5,18,153,9,595,4,62,5,"Knox County",470313,46.989983266463,0.0638352638352638,51.2424704398985,5.74085768413801,32.5315268767821,6.38352638352638
2020-06-22,726,36,715,36,11,0,758,31,29132,572,29890,603,0,5,20,135,16,586,0,58,5,"Knox County",470313,43.8006178863863,0.0650195058517555,128.212488279082,7.65447691218401,28.7042884206901,6.50195058517555
2020-06-21,690,31,679,31,11,0,727,37,28560,815,29287,852,0,5,16,115,15,570,1,58,5,"Knox County",470313,48.2657294184936,0.0644057249533292,181.155953588355,6.59135511882512,24.4518012472545,6.44057249533292
2020-06-20,659,17,648,17,11,0,690,9,27745,437,28435,446,0,5,11,99,6,555,2,57,5,"Knox County",470313,45.7142371144323,0.0566091140673648,94.8304639676131,3.61461409742023,21.049811508506,5.66091140673648
2020-06-19,642,30,631,28,11,2,681,10,27308,334,27989,344,0,5,8,88,22,549,1,55,5,"Knox County",470313,44.2258666037299,0.0553047404063205,73.1427793830917,6.37873076015334,18.7109435631165,5.53047404063205
2020-06-18,612,15,603,15,9,0,671,18,26974,804,27645,822,0,5,2,80,13,527,0,54,5,"Knox County",470313,40.6112525063096,0.0448504983388704,174.777222828202,3.18936538007667,17.0099486937423,4.48504983388704
2020-06-17,597,17,588,17,9,0,653,13,26170,282,26823,295,0,5,-3,78,20,514,0,54,5,"Knox County",470313,36.7840140502176,0.0396891479322787,62.7241858081746,3.61461409742023,16.5846999763987,3.96891479322787
2020-06-16,580,9,571,8,9,1,640,9,25888,178,26528,187,0,5,-2,81,11,494,0,54,5,"Knox County",470313,32.9567755941256,0.0357847280924204,39.7607550716225,1.913619228046,17.222573052414,3.57847280924204
2020-06-15,571,8,563,8,8,0,631,9,25710,218,26341,227,0,5,-5,83,13,483,0,54,5,"Knox County",470313,27.0032935513158,0.0330917113142137,48.2657294184936,1.70099486937423,17.6478217697576,3.30917113142137
2020-06-14,563,8,555,8,8,0,622,9,25492,624,26114,633,0,5,4,88,4,470,0,54,5,"Knox County",470313,22.1129333018649,0.0260663507109005,134.591219039236,1.70099486937423,18.7109435631165,2.60663507109005
2020-06-13,555,10,547,8,8,2,613,9,24868,213,25481,222,0,5,0,84,10,466,3,54,5,"Knox County",470313,20.6245627911625,0.0282051282051282,47.2026076251348,2.12624358671778,17.8604461284294,2.82051282051282
2020-06-12,545,19,539,19,6,0,604,19,24655,750,25259,769,0,5,1,84,18,456,0,51,5,"Knox County",470313,18.2856948457729,0.0272583201267829,163.508131818597,4.03986281476378,17.8604461284294,2.72583201267829
2020-06-11,526,7,520,7,6,0,585,10,23905,379,24490,389,0,5,1,83,6,438,2,51,5,"Knox County",470313,16.5846999763987,0.0286554004408523,82.7108755233217,1.48837051070245,17.6478217697576,2.86554004408523
2020-06-10,519,12,513,12,6,0,575,12,23526,706,24101,718,0,5,-6,82,18,432,0,49,5,"Knox County",470313,15.5215781830398,0.024483306836248,152.664289526337,2.55149230406134,17.4351974110858,2.4483306836248
2020-06-09,507,16,501,16,6,0,563,19,22820,508,23383,527,0,5,5,88,11,414,1,49,5,"Knox County",470313,17.0099486937423,0.0249641319942611,112.053037020027,3.40198973874845,18.7109435631165,2.49641319942611
2020-06-08,491,8,485,8,6,0,544,8,22312,336,22856,344,0,5,4,83,4,403,1,48,5,"Knox County",470313,17.0099486937423,0.0238756246529706,73.1427793830917,1.70099486937423,17.6478217697576,2.38756246529706
2020-06-07,483,7,477,7,6,0,536,8,21976,849,22512,857,0,5,0,79,7,399,1,47,5,"Knox County",470313,16.7973243350705,0.0222164140094093,182.219075381714,1.48837051070245,16.7973243350705,2.22164140094093
2020-06-06,476,11,470,11,6,0,528,12,21127,478,21655,490,0,5,5,79,6,392,0,46,5,"Knox County",470313,17.0099486937423,0.021494870542257,104.185935749171,2.33886794538956,16.7973243350705,2.1494870542257
2020-06-05,465,18,459,18,6,0,516,17,20649,518,21165,535,0,5,7,74,11,386,1,46,5,"Knox County",470313,16.7973243350705,0.022279792746114,113.754031889401,3.82723845609201,15.7342025417116,2.2279792746114
2020-06-04,447,4,441,4,6,0,499,4,20131,338,20630,342,0,5,-1,67,5,375,0,45,5,"Knox County",470313,16.1594512590551,0.02098085496984,72.7175306657481,0.850497434687113,14.2458320310091,2.098085496984
2020-06-03,443,4,437,4,6,0,495,4,19793,399,20288,403,0,5,-3,68,7,370,0,45,5,"Knox County",470313,14.4584563896809,0.0205831903945112,85.6876165447266,0.850497434687113,14.4584563896809,2.05831903945112
2020-06-02,439,26,433,25,6,1,491,24,19394,939,19885,963,0,5,21,71,5,363,2,45,5,"Knox County",470313,16.5846999763987,0.0195729537366548,204.757257400922,5.52823332546623,15.0963294656962,1.95729537366548
2020-06-01,413,17,408,17,5,0,467,20,18455,972,18922,992,0,5,4,50,13,358,0,43,5,"Knox County",470313,18.4983192044447,0.0194238323876037,210.923363802404,3.61461409742023,10.6312179335889,1.94238323876037
2020-05-31,396,7,391,7,5,0,447,7,17483,317,17930,324,0,5,3,46,4,345,0,43,5,"Knox County",470313,18.4983192044447,0.0217337614225735,68.8902922096561,1.48837051070245,9.7807204989018,2.17337614225735
2020-05-30,389,6,384,6,5,0,440,6,17166,294,17606,300,0,5,-1,43,7,341,2,43,5,"Knox County",470313,17.4351974110858,0.0212490282456595,63.7873076015334,1.27574615203067,9.14284742288646,2.12490282456595
2020-05-29,383,8,378,8,5,0,434,7,16872,205,17306,212,0,5,0,44,8,334,0,41,5,"Knox County",470313,15.308953824368,0.0203619909502262,45.076364038417,1.70099486937423,9.35547178155824,2.03619909502262
2020-05-28,375,11,370,11,5,0,427,11,16667,336,17094,347,0,5,7,44,4,326,0,41,5,"Knox County",470313,16.7973243350705,0.022310081897769,73.780652459107,2.33886794538956,9.35547178155824,2.2310081897769
2020-05-27,364,5,359,5,5,0,416,6,16331,420,16747,426,0,5,0,37,5,322,1,41,5,"Knox County",470313,17.0099486937423,0.0227272727272727,90.5779767941775,1.06312179335889,7.86710127085579,2.27272727272727
2020-05-26,359,9,354,9,5,0,410,10,15911,1142,16321,1152,0,5,7,37,2,317,0,40,5,"Knox County",470313,13.395334596322,0.0178523847588596,244.943261189888,1.913619228046,7.86710127085579,1.78523847588596
2020-05-25,350,9,345,9,5,0,400,11,14769,381,15169,392,0,5,5,30,4,315,1,40,5,"Knox County",470313,11.6943397269478,0.018395179194418,83.348748599337,1.913619228046,6.37873076015334,1.8395179194418
2020-05-24,341,2,336,2,5,0,389,3,14388,273,14777,276,0,5,1,25,1,311,0,39,5,"Knox County",470313,10.6312179335889,0.0173913043478261,58.6843229934108,0.425248717343556,5.31560896679445,1.73913043478261
2020-05-23,339,7,334,7,5,0,386,10,14115,360,14501,370,0,5,4,24,3,310,2,39,5,"Knox County",470313,10.8438422922607,0.0182677165354331,78.6710127085579,1.48837051070245,5.10298460812268,1.82677165354331
2020-05-22,332,1,327,1,5,0,376,1,13755,253,14131,254,0,5,-14,20,15,307,0,37,5,"Knox County",470313,9.35547178155824,0.0161641280696301,54.0065871026317,0.212624358671778,4.25248717343556,1.61641280696301
2020-05-21,331,0,326,0,5,0,375,0,13502,250,13877,250,0,5,-1,34,1,292,0,37,5,"Knox County",470313,7.01660383616868,0.0131410256410256,53.1560896679445,0,7.22922819484046,1.31410256410256
2020-05-20,331,7,326,7,5,0,375,7,13252,360,13627,367,0,5,4,35,3,291,0,37,5,"Knox County",470313,7.44185255351224,0.0137210062071219,78.0331396325426,1.48837051070245,7.44185255351224,1.37210062071219
2020-05-19,324,7,319,7,5,0,368,7,12892,369,13260,376,0,5,4,31,3,288,2,37,5,"Knox County",470313,7.01660383616868,0.0170678336980306,79.9467588605886,1.48837051070245,6.59135511882512,1.70678336980306
2020-05-18,317,3,312,3,5,0,361,4,12523,478,12884,482,0,5,0,27,3,285,0,35,5,"Knox County",470313,5.74085768413801,0.0134736842105263,102.484940879797,0.637873076015334,5.74085768413801,1.34736842105263
2020-05-17,314,3,309,3,5,0,357,5,12045,216,12402,221,0,5,1,27,2,282,1,35,5,"Knox County",470313,5.95348204280979,0.0146551724137931,46.989983266463,0.637873076015334,5.74085768413801,1.46551724137931
2020-05-16,311,0,306,0,5,0,352,0,11829,349,12181,349,0,5,-4,26,4,280,0,34,5,"Knox County",470313,4.46511153210734,0.0104393214441061,74.2059011764506,0,5.52823332546623,1.04393214441061
2020-05-15,311,1,306,1,5,0,352,4,11480,540,11832,544,0,5,-4,30,5,276,0,34,5,"Knox County",470313,4.46511153210734,0.0104287369640788,115.667651117447,0.212624358671778,6.37873076015334,1.04287369640788
2020-05-14,310,3,305,3,5,0,348,7,10940,458,11288,465,0,5,0,34,3,271,0,34,5,"Knox County",470313,5.10298460812268,0.0121255349500713,98.8703267823768,0.637873076015334,7.22922819484046,1.21255349500713
2020-05-13,307,7,302,7,5,0,341,5,10482,341,10823,346,0,5,1,34,6,268,0,34,5,"Knox County",470313,5.10298460812268,0.011498383039885,73.5680281004352,1.48837051070245,7.22922819484046,1.1498383039885
2020-05-12,300,6,295,6,5,0,336,8,10141,401,10477,409,0,5,3,33,3,262,0,34,5,"Knox County",470313,4.8903602494509,0.01171875,86.9633626967573,1.27574615203067,7.01660383616868,1.171875
2020-05-11,294,16,289,16,5,0,328,12,9740,254,10068,266,0,5,9,30,7,259,1,34,5,"Knox County",470313,7.65447691218401,0.0157692307692308,56.558079406693,3.40198973874845,6.37873076015334,1.57692307692308
2020-05-10,278,5,273,5,5,0,316,5,9486,221,9802,226,0,5,1,21,4,252,1,33,5,"Knox County",470313,8.07972562952757,0.0157389635316699,48.0531050598219,1.06312179335889,4.46511153210734,1.57389635316699
2020-05-09,273,2,268,2,5,0,311,4,9265,352,9576,356,0,5,-1,20,3,248,0,32,5,"Knox County",470313,8.50497434687113,0.0172281776416539,75.694271687153,0.425248717343556,4.25248717343556,1.72281776416539
2020-05-08,271,3,266,3,5,0,307,4,8913,265,9220,269,0,5,-2,21,5,245,0,32,5,"Knox County",470313,8.93022306421468,0.0192554557124519,57.1959524827083,0.637873076015334,4.46511153210734,1.92554557124519
2020-05-07,268,3,263,3,5,0,303,3,8648,220,8951,223,0,5,-2,23,5,240,0,32,5,"Knox County",470313,8.93022306421468,0.0195704057279236,47.4152319838065,0.637873076015334,4.8903602494509,1.95704057279236
2020-05-06,265,1,260,1,5,0,300,1,8428,185,8728,186,0,5,-7,25,8,235,0,32,5,"Knox County",470313,7.65447691218401,0.0191214470284238,39.5481307129507,0.212624358671778,5.31560896679445,1.91214470284238
2020-05-05,264,4,259,4,5,0,299,5,8243,305,8542,310,0,5,-1,32,5,227,0,32,5,"Knox County",470313,7.22922819484046,0.0185185185185185,65.9135511882512,0.850497434687113,6.8039794774969,1.85185185185185
2020-05-04,260,4,255,4,5,0,294,7,7938,259,8232,266,0,5,-3,33,7,222,0,32,5,"Knox County",470313,4.67773589077912,0.0157952069716776,56.558079406693,0.850497434687113,7.01660383616868,1.57952069716776
2020-05-03,256,7,251,5,5,2,287,6,7679,290,7966,296,0,5,6,36,1,215,2,32,5,"Knox County",470313,5.10298460812268,0.0157397691500525,62.9368101668463,1.48837051070245,7.65447691218401,1.57397691500525
2020-05-02,249,3,246,3,3,0,281,5,7389,308,7670,313,0,5,1,30,2,214,1,30,5,"Knox County",470313,5.31560896679445,0.0166398282340311,66.5514242642666,0.637873076015334,6.37873076015334,1.66398282340311
2020-05-01,246,9,243,8,3,1,276,7,7081,354,7357,361,0,5,4,29,5,212,0,29,5,"Knox County",470313,6.59135511882512,0.0173913043478261,76.7573934805119,1.913619228046,6.16610640148157,1.73913043478261
2020-04-30,237,4,235,4,2,0,269,3,6727,119,6996,122,0,5,-1,25,5,207,0,29,5,"Knox County",470313,6.8039794774969,0.0183387270765912,25.9401717579569,0.850497434687113,5.31560896679445,1.83387270765912
2020-04-29,233,8,231,8,2,0,266,10,6608,671,6874,681,0,5,5,26,3,202,0,29,5,"Knox County",470313,8.29234998819935,0.0183056619838229,144.797188255481,1.70099486937423,5.52823332546623,1.83056619838229
2020-04-28,225,8,223,8,2,0,256,10,5937,391,6193,401,1,5,4,21,3,199,0,29,5,"Knox County",470313,9.14284742288646,0.019672131147541,85.262367827383,1.70099486937423,4.46511153210734,1.9672131147541
2020-04-27,217,2,215,2,2,0,246,4,5546,161,5792,165,0,4,1,17,1,196,0,29,5,"Knox County",470313,8.7175987055429,0.0192389910218042,35.0830191808434,0.425248717343556,3.61461409742023,1.92389910218042
2020-04-26,215,1,213,1,2,0,242,1,5385,172,5627,173,0,4,-2,16,3,195,0,29,4,"Knox County",470313,7.44185255351224,0.0180505415162455,36.7840140502176,0.212624358671778,3.40198973874845,1.80505415162455
2020-04-25,214,0,212,0,2,0,241,0,5213,53,5454,53,0,4,-6,18,6,192,0,29,4,"Knox County",470313,6.8039794774969,0.0178936605316973,11.2690910096042,0,3.82723845609201,1.78936605316973
2020-04-24,214,8,212,8,2,0,241,10,5160,836,5401,846,0,4,5,24,3,186,1,29,4,"Knox County",470313,6.59135511882512,0.0155673904137649,179.880207436324,1.70099486937423,5.10298460812268,1.55673904137648
2020-04-23,206,1,204,1,2,0,231,2,4324,137,4555,139,0,4,0,19,1,183,0,28,4,"Knox County",470313,5.95348204280979,0.0150528885272579,29.5547858553772,0.212624358671778,4.03986281476378,1.50528885272579
2020-04-22,205,5,203,3,2,2,229,2,4187,189,4416,191,0,4,1,19,4,182,0,28,4,"Knox County",470313,5.31560896679445,0.0147357723577236,40.6112525063096,1.06312179335889,4.03986281476378,1.47357723577236
2020-04-21,200,4,200,4,0,0,227,5,3998,475,4225,480,0,4,-2,18,6,178,1,28,4,"Knox County",470313,4.46511153210734,0.0117244748412311,102.059692162454,0.850497434687113,3.82723845609201,1.17244748412311
2020-04-20,196,3,196,3,0,0,222,2,3523,175,3745,177,0,4,-1,20,4,172,1,27,4,"Knox County",470313,4.67773589077912,0.0106847984458475,37.6345114849047,0.637873076015334,4.25248717343556,1.06847984458475
2020-04-19,193,0,193,0,0,0,220,0,3348,72,3568,72,0,4,-4,21,4,168,0,26,4,"Knox County",470313,4.46511153210734,0.0107252298263534,15.308953824368,0,4.46511153210734,1.07252298263534
2020-04-18,193,0,193,0,0,0,220,1,3276,135,3496,136,0,4,-5,25,5,164,0,26,4,"Knox County",470313,4.46511153210734,0.0107790298873101,28.9169127793618,0,5.31560896679445,1.07790298873101
2020-04-17,193,2,193,2,0,0,219,3,3141,104,3360,107,0,4,-2,30,4,159,1,26,4,"Knox County",470313,3.18936538007667,0.0115207373271889,22.7508063778803,0.425248717343556,6.37873076015334,1.15207373271889
2020-04-16,191,7,191,7,0,0,216,9,3037,213,3253,222,0,4,2,32,5,155,2,25,4,"Knox County",470313,4.46511153210734,0.015884476534296,47.2026076251348,1.48837051070245,6.8039794774969,1.5884476534296
2020-04-15,184,9,184,9,0,0,207,10,2824,84,3031,94,0,4,3,30,6,150,1,23,4,"Knox County",470313,5.31560896679445,0.0232919254658385,19.9866897151471,1.913619228046,6.37873076015334,2.32919254658385
2020-04-14,175,4,175,4,0,0,197,4,2740,102,2937,106,0,4,1,27,3,144,1,22,4,"Knox County",470313,5.31560896679445,0.0317286652078775,22.5381820192085,0.850497434687113,5.74085768413801,3.17286652078775
2020-04-13,171,4,171,4,0,0,193,9,2638,242,2831,251,0,4,-2,26,6,141,1,21,4,"Knox County",470313,5.52823332546623,0.0364372469635627,53.3687140266163,0.850497434687113,5.52823332546623,3.64372469635628
2020-04-12,167,5,167,5,0,0,184,6,2396,166,2580,172,0,4,1,28,4,135,0,20,4,"Knox County",470313,6.59135511882512,0.0386029411764706,36.5713896915458,1.06312179335889,5.95348204280979,3.86029411764706
2020-04-11,162,5,162,5,0,0,178,8,2230,313,2408,321,1,4,-4,27,8,131,1,20,4,"Knox County",470313,7.65447691218401,0.0384917517674784,68.2524191336408,1.06312179335889,5.74085768413801,3.84917517674784
2020-04-10,157,4,157,4,0,0,170,5,1917,123,2087,128,0,3,0,31,4,123,0,19,4,"Knox County",470313,8.07972562952757,0.0394126738794436,27.2159179099876,0.850497434687113,6.59135511882512,3.94126738794436
2020-04-09,153,1,153,1,0,0,165,1,1794,81,1959,82,0,3,-2,31,3,119,0,19,4,"Knox County",470313,6.8039794774969,0.037261698440208,17.4351974110858,0.212624358671778,6.59135511882512,3.7261698440208
2020-04-08,152,8,152,8,0,0,164,12,1713,111,1877,123,0,3,-3,33,11,116,1,19,4,"Knox County",470313,6.59135511882512,0.0380388841927303,26.1527961166287,1.70099486937423,7.01660383616868,3.80388841927303
2020-04-07,144,20,144,20,0,0,152,25,1602,366,1754,391,0,3,11,36,9,105,2,18,3,"Knox County",470313,9.99334485757357,0.0449591280653951,83.1361242406653,4.25248717343556,7.65447691218401,4.49591280653951
2020-04-06,124,8,124,8,0,0,127,14,1236,54,1363,68,2,3,-2,25,8,96,1,16,3,"Knox County",470313,10.8438422922607,0.0552529182879377,14.4584563896809,1.70099486937423,5.31560896679445,5.52529182879377
2020-04-05,116,4,116,4,0,0,113,10,1182,75,1295,85,0,1,-2,27,6,88,0,15,3,"Knox County",470313,10.6312179335889,0.0626043405676127,18.0730704871011,0.850497434687113,5.74085768413801,6.26043405676127
2020-04-04,112,15,112,15,0,0,103,6,1107,127,1210,133,0,1,4,29,11,82,1,15,2,"Knox County",470313,12.7574615203067,0.0722772277227723,28.2790397033465,3.18936538007667,6.16610640148157,7.22772277227723
2020-04-03,97,4,97,4,0,0,97,3,980,51,1077,54,0,1,-8,25,12,71,1,14,1,"Knox County",470313,12.7574615203067,0.0758547008547008,11.481715368276,0.850497434687113,5.31560896679445,7.58547008547009
2020-04-02,93,7,93,7,0,0,94,7,929,106,1023,113,0,1,NA,33,8,59,0,13,1,"Knox County",470313,14.0332076723374,0.0796277145811789,24.0265525299109,1.48837051070245,7.01660383616868,7.96277145811789
2020-04-01,86,15,86,15,0,0,87,15,823,140,910,155,NA,NA,NA,NA,7,51,1,13,1,"Knox County",470313,15.5215781830398,0.0800800800800801,32.9567755941256,3.18936538007667,NA,8.00800800800801
2020-03-31,71,8,71,8,0,0,72,11,683,58,755,69,NA,NA,NA,NA,12,44,1,12,1,"Knox County",470313,12.9700858789785,0.0974889217134417,14.6710807483527,1.70099486937423,NA,9.74889217134417
2020-03-30,63,13,63,13,0,0,61,15,625,130,686,145,NA,NA,NA,NA,9,32,2,11,1,"Knox County",470313,14.0332076723374,0.0888594164456233,30.8305320074078,2.76411666273312,NA,8.88594164456233
2020-03-29,50,8,50,8,0,0,46,8,495,55,541,63,NA,NA,NA,NA,6,23,1,9,1,"Knox County",470313,14.8837051070245,0.0887978142076503,13.395334596322,1.70099486937423,NA,8.87978142076503
2020-03-28,42,7,42,7,0,0,38,6,440,62,478,68,NA,NA,NA,NA,1,17,1,8,0,"Knox County",470313,13.1827102376502,0.0974512743628186,14.4584563896809,1.48837051070245,NA,9.74512743628186
2020-03-27,35,2,35,2,0,0,32,2,378,54,410,56,NA,NA,NA,NA,5,16,1,7,0,"Knox County",470313,12.7574615203067,0.0956651718983558,11.9069640856196,0.425248717343556,NA,9.56651718983558
2020-03-26,33,7,33,7,0,0,30,7,324,82,354,89,NA,NA,NA,NA,3,11,2,6,0,"Knox County",470313,12.7574615203067,0.0992248062015504,18.9235679217883,1.48837051070245,NA,9.92248062015504
2020-03-25,26,6,26,6,0,0,23,7,242,68,265,75,NA,NA,NA,NA,3,8,1,4,0,"Knox County",470313,10.8438422922607,0.0991150442477876,15.9468269003834,1.27574615203067,NA,9.91150442477876
2020-03-24,20,7,20,7,0,0,16,7,174,43,190,50,NA,NA,NA,NA,2,5,0,3,0,"Knox County",470313,10.6312179335889,0.0952380952380952,10.6312179335889,1.48837051070245,NA,9.52380952380952
2020-03-23,13,4,13,4,0,0,9,4,131,22,140,26,NA,NA,NA,NA,3,3,2,3,0,"Knox County",470313,8.7175987055429,0.0960187353629977,5.52823332546623,0.850497434687113,NA,9.60187353629976
2020-03-22,9,2,9,2,0,0,5,0,109,9,114,9,NA,NA,NA,NA,0,0,1,1,0,"Knox County",470313,7.44185255351224,0.0884718498659517,1.913619228046,0.425248717343556,NA,8.84718498659517
2020-03-21,7,1,7,1,0,0,5,2,100,17,105,19,NA,NA,NA,NA,0,0,0,0,0,"Knox County",470313,6.16610640148157,0.0895061728395062,4.03986281476378,0.212624358671778,NA,8.95061728395062
2020-03-20,6,5,6,5,0,0,3,2,83,38,86,40,NA,NA,NA,NA,0,0,0,0,0,"Knox County",470313,6.8039794774969,0.0941558441558442,8.50497434687113,1.06312179335889,NA,9.41558441558442
2020-03-19,1,0,1,0,0,0,1,0,45,11,46,11,NA,NA,NA,NA,0,0,0,0,0,"Knox County",470313,5.31560896679445,0.0956521739130435,2.33886794538956,0,NA,9.56521739130435
2020-03-18,1,0,1,0,0,0,1,0,34,15,35,15,NA,NA,NA,NA,0,0,0,0,0,"Knox County",470313,4.03986281476378,0.0882352941176471,3.18936538007667,0,NA,8.82352941176471
2020-03-17,1,0,1,0,0,0,1,0,19,5,20,5,NA,NA,NA,NA,0,0,0,0,0,"Knox County",470313,2.55149230406134,0.064,1.06312179335889,0,NA,6.4
2020-03-16,1,1,1,1,0,0,1,1,14,3,15,4,NA,NA,NA,NA,0,0,0,0,0,"Knox County",470313,1.913619228046,0.0485436893203883,0.850497434687113,0.212624358671778,NA,4.85436893203883
2020-03-15,0,0,0,0,0,0,0,0,11,1,11,1,NA,NA,NA,NA,0,0,0,0,0,"Knox County",470313,1.48837051070245,0.0526315789473684,0.212624358671778,0,NA,5.26315789473684
2020-03-14,0,0,0,0,0,0,0,0,10,8,10,8,NA,NA,NA,NA,0,0,0,0,0,"Knox County",470313,1.27574615203067,0.0357142857142857,1.70099486937423,0,NA,3.57142857142857
2020-03-13,0,0,0,0,0,0,0,0,2,0,2,0,NA,NA,NA,NA,0,0,0,0,0,"Knox County",470313,0.212624358671778,0.0227272727272727,0,0,NA,2.27272727272727
2020-03-12,0,0,0,0,0,0,0,0,2,2,2,2,NA,NA,NA,NA,0,0,0,0,0,"Knox County",470313,0.212624358671778,0.0285714285714286,0.425248717343556,0,NA,2.85714285714286
2020-03-12,0,0,0,0,0,0,0,0,0,0,0,0,NA,NA,NA,NA,0,0,0,0,0,"Anderson",76978,NA,NA,0,0,NA,NA
2020-03-13,0,0,0,0,0,0,0,0,1,1,1,1,NA,NA,NA,NA,0,0,0,0,0,"Anderson",76978,NA,NA,1.29907246226194,0,NA,NA
2020-03-14,0,0,0,0,0,0,0,0,1,0,1,0,NA,NA,NA,NA,0,0,0,0,0,"Anderson",76978,NA,NA,0,0,NA,NA
2020-03-15,0,0,0,0,0,0,0,0,1,0,1,0,NA,NA,NA,NA,0,0,0,0,0,"Anderson",76978,NA,NA,0,0,NA,NA
2020-03-16,0,0,0,0,0,0,0,0,2,1,2,1,NA,NA,NA,NA,0,0,0,0,0,"Anderson",76978,NA,NA,1.29907246226194,0,NA,NA
2020-03-17,0,0,0,0,0,0,0,0,4,2,4,2,NA,NA,NA,NA,0,0,0,0,0,"Anderson",76978,NA,NA,2.59814492452389,0,NA,NA
2020-03-18,0,0,0,0,0,0,0,0,4,0,4,0,NA,NA,NA,NA,0,0,0,0,0,"Anderson",76978,0,0,0,0,NA,0
2020-03-19,1,1,1,1,0,0,2,2,5,1,7,3,NA,NA,NA,NA,0,0,0,0,0,"Anderson",76978,1.29907246226194,0.285714285714286,3.89721738678583,1.29907246226194,NA,28.5714285714286
2020-03-20,1,0,1,0,0,0,2,0,7,2,9,2,NA,NA,NA,NA,0,0,0,0,0,"Anderson",76978,1.29907246226194,0.25,2.59814492452389,0,NA,25
2020-03-21,1,0,1,0,0,0,2,0,7,0,9,0,NA,NA,NA,NA,0,0,0,0,0,"Anderson",76978,1.29907246226194,0.25,0,0,NA,25
2020-03-22,1,0,1,0,0,0,2,0,10,3,12,3,NA,NA,NA,NA,0,0,0,0,0,"Anderson",76978,1.29907246226194,0.181818181818182,3.89721738678583,0,NA,18.1818181818182
2020-03-23,1,0,1,0,0,0,2,0,15,5,17,5,NA,NA,NA,NA,0,0,0,0,0,"Anderson",76978,1.29907246226194,0.133333333333333,6.49536231130973,0,NA,13.3333333333333
2020-03-24,1,0,1,0,0,0,2,0,20,5,22,5,NA,NA,NA,NA,0,0,0,0,0,"Anderson",76978,1.29907246226194,0.111111111111111,6.49536231130973,0,NA,11.1111111111111
2020-03-25,2,1,2,1,0,0,4,2,29,9,33,11,NA,NA,NA,NA,1,1,0,0,0,"Anderson",76978,2.59814492452389,0.137931034482759,14.2897970848814,1.29907246226194,NA,13.7931034482759
2020-03-26,3,1,3,1,0,0,5,1,44,15,49,16,NA,NA,NA,NA,0,1,1,1,0,"Anderson",76978,2.59814492452389,0.0714285714285714,20.7851593961911,1.29907246226194,NA,7.14285714285714
2020-03-27,4,1,4,1,0,0,6,1,53,9,59,10,NA,NA,NA,NA,3,4,0,1,0,"Anderson",76978,3.89721738678583,0.08,12.9907246226195,1.29907246226194,NA,8
2020-03-28,7,3,7,3,0,0,9,3,72,19,81,22,NA,NA,NA,NA,0,4,1,2,0,"Anderson",76978,7.79443477357167,0.0972222222222222,28.5795941697628,3.89721738678583,NA,9.72222222222222
2020-03-29,7,0,7,0,0,0,9,0,83,11,92,11,NA,NA,NA,NA,0,4,0,2,0,"Anderson",76978,7.79443477357167,0.0875,14.2897970848814,0,NA,8.75
2020-03-30,8,1,8,1,0,0,10,1,127,44,137,45,NA,NA,NA,NA,1,5,0,2,0,"Anderson",76978,9.09350723583361,0.0666666666666667,58.4582608017875,1.29907246226194,NA,6.66666666666667
2020-03-31,9,1,9,1,0,0,11,1,142,15,153,16,NA,NA,NA,NA,1,6,0,2,0,"Anderson",76978,10.3925796980956,0.0687022900763359,20.7851593961911,1.29907246226194,NA,6.87022900763359
2020-04-01,9,0,9,0,0,0,11,0,163,21,174,21,NA,NA,NA,NA,0,6,0,2,0,"Anderson",76978,9.09350723583361,0.049645390070922,27.2805217075008,0,NA,4.9645390070922
2020-04-02,9,0,9,0,0,0,11,0,179,16,190,16,0,0,NA,3,0,6,0,2,0,"Anderson",76978,7.79443477357167,0.0425531914893617,20.7851593961911,0,3.89721738678583,4.25531914893617
2020-04-03,9,0,9,0,0,0,11,0,192,13,203,13,0,0,-2,1,2,8,0,2,0,"Anderson",76978,6.49536231130972,0.0347222222222222,16.8879420094053,0,1.29907246226194,3.47222222222222
2020-04-04,9,0,9,0,0,0,11,0,219,27,230,27,0,0,0,1,0,8,0,2,0,"Anderson",76978,2.59814492452389,0.0134228187919463,35.0749564810725,0,1.29907246226194,1.34228187919463
2020-04-05,9,0,9,0,0,0,11,0,248,29,259,29,0,0,0,1,0,8,0,2,0,"Anderson",76978,2.59814492452389,0.0119760479041916,37.6731014055964,0,1.29907246226194,1.19760479041916
2020-04-06,9,0,9,0,0,0,11,0,262,14,273,14,0,0,-1,0,1,9,0,2,0,"Anderson",76978,1.29907246226194,0.00735294117647059,18.1870144716672,0,0,0.735294117647059
2020-04-07,10,1,10,1,0,0,12,1,304,42,316,43,0,0,1,1,0,9,0,2,0,"Anderson",76978,1.29907246226194,0.00613496932515337,55.8601158772636,1.29907246226194,1.29907246226194,0.613496932515337
2020-04-08,10,0,10,0,0,0,12,0,322,18,334,18,1,1,-1,0,0,9,0,2,1,"Anderson",76978,1.29907246226194,0.00625,23.383304320715,0,0,0.625
2020-04-09,10,0,10,0,0,0,12,0,350,28,362,28,0,1,0,0,0,9,0,2,1,"Anderson",76978,1.29907246226194,0.00581395348837209,36.3740289433345,0,0,0.581395348837209
2020-04-10,10,0,10,0,0,0,12,0,366,16,378,16,0,1,0,0,0,9,0,2,1,"Anderson",76978,1.29907246226194,0.00571428571428571,20.7851593961911,0,0,0.571428571428571
2020-04-11,10,0,10,0,0,0,12,0,439,73,451,73,0,1,0,0,0,9,0,2,1,"Anderson",76978,1.29907246226194,0.00452488687782805,94.832289745122,0,0,0.452488687782805
2020-04-12,12,2,12,2,0,0,14,2,477,38,491,40,0,1,2,2,0,9,0,2,1,"Anderson",76978,3.89721738678583,0.0129310344827586,51.9628984904778,2.59814492452389,2.59814492452389,1.29310344827586
2020-04-13,13,1,13,1,0,0,15,1,514,37,529,38,0,1,0,2,1,10,0,2,1,"Anderson",76978,5.19628984904778,0.015625,49.3647535659539,1.29907246226194,2.59814492452389,1.5625
2020-04-14,13,0,13,0,0,0,15,0,526,12,541,12,0,1,0,2,0,10,0,2,1,"Anderson",76978,3.89721738678583,0.0133333333333333,15.5888695471433,0,2.59814492452389,1.33333333333333
2020-04-15,13,0,13,0,0,0,15,0,544,18,559,18,0,1,-2,0,2,12,0,2,1,"Anderson",76978,3.89721738678583,0.0133333333333333,23.383304320715,0,0,1.33333333333333
2020-04-16,13,0,13,0,0,0,15,0,566,22,581,22,0,1,0,0,0,12,0,2,1,"Anderson",76978,3.89721738678583,0.0136986301369863,28.5795941697628,0,0,1.36986301369863
2020-04-17,13,0,13,0,0,0,15,0,586,20,601,20,0,1,0,0,0,12,0,2,1,"Anderson",76978,3.89721738678583,0.0134529147982063,25.9814492452389,0,0,1.34529147982063
2020-04-18,13,0,13,0,0,0,15,0,616,30,631,30,0,1,0,0,0,12,0,2,1,"Anderson",76978,3.89721738678583,0.0166666666666667,38.9721738678584,0,0,1.66666666666667
2020-04-19,14,1,14,1,0,0,16,1,628,12,644,13,0,1,0,0,1,13,0,2,1,"Anderson",76978,2.59814492452389,0.0130718954248366,16.8879420094053,1.29907246226194,0,1.30718954248366
2020-04-20,19,5,18,4,1,1,19,3,648,20,667,23,0,1,5,5,0,13,0,2,1,"Anderson",76978,7.79443477357167,0.0289855072463768,29.8786666320247,6.49536231130973,6.49536231130973,2.89855072463768
2020-04-21,20,1,19,1,1,0,22,3,1071,423,1093,426,0,1,1,6,0,13,0,2,1,"Anderson",76978,9.09350723583361,0.0126811594202899,553.404868923589,1.29907246226194,7.79443477357167,1.26811594202899
2020-04-22,21,1,20,1,1,0,24,2,1141,70,1165,72,0,1,0,6,1,14,0,2,1,"Anderson",76978,10.3925796980956,0.0148514851485149,93.53321728286,1.29907246226194,7.79443477357167,1.48514851485149
2020-04-23,21,0,20,0,1,0,24,0,1191,50,1215,50,0,1,-1,5,1,15,0,2,1,"Anderson",76978,10.3925796980956,0.0141955835962145,64.9536231130973,0,6.49536231130973,1.41955835962145
2020-04-24,22,1,21,1,1,0,25,1,1299,108,1324,109,0,1,1,6,0,15,0,2,1,"Anderson",76978,11.6916521603575,0.0138312586445367,141.598898386552,1.29907246226194,7.79443477357167,1.38312586445367
2020-04-25,22,0,21,0,1,0,25,0,1336,37,1361,37,0,1,0,6,0,15,0,2,1,"Anderson",76978,11.6916521603575,0.0136986301369863,48.065681103692,0,7.79443477357167,1.36986301369863
2020-04-26,22,0,21,0,1,0,25,0,1372,36,1397,36,0,1,0,6,0,15,0,2,1,"Anderson",76978,10.3925796980956,0.0119521912350598,46.76660864143,0,7.79443477357167,1.19521912350598
2020-04-27,22,0,21,0,1,0,25,0,1411,39,1436,39,0,1,-1,5,1,16,0,2,1,"Anderson",76978,3.89721738678583,0.00780234070221066,50.6638260282159,0,6.49536231130973,0.780234070221066
2020-04-28,22,0,21,0,1,0,25,0,1690,279,1715,279,0,1,0,5,0,16,0,2,1,"Anderson",76978,2.59814492452389,0.00482315112540193,362.441216971083,0,6.49536231130973,0.482315112540193
2020-04-29,26,4,25,4,1,0,28,3,2070,380,2098,383,0,1,4,9,0,16,0,2,1,"Anderson",76978,6.49536231130972,0.00428724544480171,497.544753046325,5.19628984904778,11.6916521603575,0.428724544480171
2020-04-30,26,0,25,0,1,0,29,1,2102,32,2131,33,0,1,-1,8,1,17,0,2,1,"Anderson",76978,6.49536231130972,0.00545851528384279,42.8693912546442,0,10.3925796980956,0.545851528384279
2020-05-01,26,0,25,0,1,0,29,0,2154,52,2183,52,0,1,-2,6,2,19,0,2,1,"Anderson",76978,5.19628984904778,0.00465657741559953,67.5517680376211,0,7.79443477357167,0.465657741559953
2020-05-02,26,0,25,0,1,0,29,0,2221,67,2250,67,0,1,0,6,0,19,0,2,1,"Anderson",76978,5.19628984904778,0.00449943757030371,87.0378549715503,0,7.79443477357167,0.449943757030371
2020-05-03,27,1,26,1,1,0,30,1,2314,93,2344,94,0,1,1,7,0,19,0,2,1,"Anderson",76978,6.49536231130972,0.00527983104540655,122.112811452623,1.29907246226194,9.09350723583361,0.527983104540655
2020-05-04,27,0,26,0,1,0,30,0,2406,92,2436,92,0,1,-1,6,1,20,0,2,1,"Anderson",76978,6.49536231130972,0.005,119.514666528099,0,7.79443477357167,0.5
2020-05-05,28,1,27,1,1,0,30,0,2475,69,2505,69,0,1,-1,5,2,22,0,2,1,"Anderson",76978,7.79443477357167,0.00632911392405063,89.6359998960742,1.29907246226194,6.49536231130973,0.632911392405063
2020-05-06,30,2,29,2,1,0,31,1,2525,50,2556,51,0,1,2,7,0,22,0,2,1,"Anderson",76978,5.19628984904778,0.00655021834061135,66.2526955753592,2.59814492452389,9.09350723583361,0.655021834061135
2020-05-07,30,0,29,0,1,0,33,2,2597,72,2630,74,0,1,-1,6,1,23,0,2,1,"Anderson",76978,5.19628984904778,0.00801603206412826,96.1313622073839,0,7.79443477357167,0.801603206412826
2020-05-08,30,0,29,0,1,0,33,0,2652,55,2685,55,0,1,0,6,0,23,0,2,1,"Anderson",76978,5.19628984904778,0.00796812749003984,71.448985424407,0,7.79443477357167,0.796812749003984
2020-05-09,30,0,29,0,1,0,33,0,2734,82,2767,82,0,1,0,6,0,23,0,2,1,"Anderson",76978,5.19628984904778,0.00773694390715667,106.523941905479,0,7.79443477357167,0.773694390715667
2020-05-10,30,0,29,0,1,0,33,0,2827,93,2860,93,0,1,-3,3,3,26,0,2,1,"Anderson",76978,3.89721738678583,0.00581395348837209,120.813738990361,0,3.89721738678583,0.581395348837209
2020-05-11,32,2,31,2,1,0,33,0,2909,82,2942,82,0,1,2,5,0,26,0,2,1,"Anderson",76978,6.49536231130972,0.00592885375494071,106.523941905479,2.59814492452389,6.49536231130973,0.592885375494071
2020-05-12,33,1,32,1,1,0,35,2,3042,133,3077,135,0,1,1,6,0,26,0,2,1,"Anderson",76978,6.49536231130972,0.00874125874125874,175.374782405363,1.29907246226194,7.79443477357167,0.874125874125874
2020-05-13,35,2,34,2,1,0,38,3,3220,178,3258,181,0,1,1,7,1,27,1,3,1,"Anderson",76978,6.49536231130972,0.00997150997150997,235.132115669412,2.59814492452389,9.09350723583361,0.997150997150997
2020-05-14,35,0,34,0,1,0,39,1,3346,126,3385,127,0,1,-1,6,1,28,0,3,1,"Anderson",76978,6.49536231130972,0.00794701986754967,164.982202707267,0,7.79443477357167,0.794701986754967
2020-05-15,36,1,35,1,1,0,39,0,3417,71,3456,71,0,1,1,7,0,28,0,3,1,"Anderson",76978,7.79443477357167,0.00778210116731518,92.2341448205981,1.29907246226194,9.09350723583361,0.778210116731518
2020-05-16,36,0,35,0,1,0,41,2,3657,240,3698,242,0,1,-1,6,1,29,0,3,1,"Anderson",76978,7.79443477357167,0.00859291084854995,314.375535867391,0,7.79443477357167,0.859291084854995
2020-05-17,36,0,35,0,1,0,41,0,3727,70,3768,70,0,1,0,6,0,29,0,3,1,"Anderson",76978,7.79443477357167,0.00881057268722467,90.9350723583361,0,7.79443477357167,0.881057268722467
2020-05-18,37,1,36,1,1,0,42,1,3804,77,3846,78,0,1,-2,4,3,32,0,3,1,"Anderson",76978,6.49536231130972,0.00995575221238938,101.327652056432,1.29907246226194,5.19628984904778,0.995575221238938
2020-05-19,37,0,36,0,1,0,42,0,3856,52,3898,52,0,1,0,4,0,32,0,3,1,"Anderson",76978,5.19628984904778,0.00852618757612668,67.5517680376211,0,5.19628984904778,0.852618757612667
2020-05-20,37,0,36,0,1,0,43,1,3921,65,3964,66,0,1,0,4,0,32,0,3,1,"Anderson",76978,2.59814492452389,0.00708215297450425,85.7387825092884,0,5.19628984904778,0.708215297450425
2020-05-21,37,0,36,0,1,0,44,1,4001,80,4045,81,0,1,-1,3,1,33,0,3,1,"Anderson",76978,2.59814492452389,0.00757575757575758,105.224869443218,0,3.89721738678583,0.757575757575758
2020-05-22,38,1,37,1,1,0,45,1,4029,28,4074,29,0,1,-1,2,2,35,1,4,1,"Anderson",76978,2.59814492452389,0.00970873786407767,37.6731014055964,1.29907246226194,2.59814492452389,0.970873786407767
2020-05-23,38,0,37,0,1,0,46,1,4192,163,4238,164,0,1,0,2,0,35,0,4,1,"Anderson",76978,2.59814492452389,0.00925925925925926,213.047883810959,0,2.59814492452389,0.925925925925926
2020-05-24,38,0,37,0,1,0,46,0,4247,55,4293,55,0,1,0,2,0,35,0,4,1,"Anderson",76978,2.59814492452389,0.00952380952380952,71.448985424407,0,2.59814492452389,0.952380952380952
2020-05-25,38,0,37,0,1,0,47,1,4281,34,4328,35,0,1,0,2,0,35,0,4,1,"Anderson",76978,1.29907246226194,0.0103734439834025,45.4675361791681,0,2.59814492452389,1.03734439834025
2020-05-26,38,0,37,0,1,0,47,0,4412,131,4459,131,0,1,-1,1,1,36,0,4,1,"Anderson",76978,1.29907246226194,0.0089126559714795,170.178492556315,0,1.29907246226194,0.89126559714795
2020-05-27,38,0,37,0,1,0,47,0,4515,103,4562,103,0,1,0,1,0,36,0,4,1,"Anderson",76978,1.29907246226194,0.00668896321070234,133.80446361298,0,1.29907246226194,0.668896321070234
2020-05-28,38,0,37,0,1,0,47,0,4563,48,4610,48,0,1,0,1,0,36,0,4,1,"Anderson",76978,1.29907246226194,0.00530973451327434,62.3554781885734,0,1.29907246226194,0.530973451327434
2020-05-29,39,1,38,1,1,0,47,0,4613,50,4660,50,0,1,0,1,1,37,0,4,1,"Anderson",76978,1.29907246226194,0.00341296928327645,64.9536231130973,1.29907246226194,1.29907246226194,0.341296928327645
2020-05-30,39,0,38,0,1,0,48,1,4665,52,4713,53,0,1,0,1,0,37,0,4,1,"Anderson",76978,1.29907246226194,0.00421052631578947,68.8508404998831,0,1.29907246226194,0.421052631578947
2020-05-31,40,1,39,1,1,0,49,1,4731,66,4780,67,0,1,1,2,0,37,0,4,1,"Anderson",76978,2.59814492452389,0.00616016427104723,87.0378549715503,1.29907246226194,2.59814492452389,0.616016427104723
2020-06-01,40,0,39,0,1,0,49,0,4855,124,4904,124,0,1,0,2,0,37,0,4,1,"Anderson",76978,2.59814492452389,0.00347222222222222,161.084985320481,0,2.59814492452389,0.347222222222222
2020-06-02,40,0,39,0,1,0,49,0,4982,127,5031,127,0,1,0,2,0,37,0,4,1,"Anderson",76978,2.59814492452389,0.0034965034965035,164.982202707267,0,2.59814492452389,0.34965034965035
2020-06-03,41,1,40,1,1,0,50,1,5042,60,5092,61,0,1,1,3,0,37,0,4,2,"Anderson",76978,3.89721738678583,0.00566037735849057,79.2434201979787,1.29907246226194,3.89721738678583,0.566037735849057
2020-06-04,41,0,40,0,1,0,50,0,5090,48,5140,48,1,2,-2,1,1,38,0,4,2,"Anderson",76978,3.89721738678583,0.00566037735849057,62.3554781885734,0,1.29907246226194,0.566037735849057
2020-06-05,42,1,41,1,1,0,53,3,5147,57,5200,60,0,2,1,2,0,38,0,4,2,"Anderson",76978,3.89721738678583,0.0111111111111111,77.9443477357167,1.29907246226194,2.59814492452389,1.11111111111111
2020-06-06,43,1,42,1,1,0,54,1,5200,53,5254,54,0,2,1,3,0,38,0,4,2,"Anderson",76978,5.19628984904778,0.011090573012939,70.149912962145,1.29907246226194,3.89721738678583,1.1090573012939
2020-06-07,45,2,43,1,2,1,57,3,5295,95,5352,98,0,2,2,5,0,38,0,4,2,"Anderson",76978,6.49536231130972,0.013986013986014,127.309101301671,2.59814492452389,6.49536231130973,1.3986013986014
2020-06-08,46,1,44,1,2,0,57,0,5336,41,5393,41,0,2,1,6,0,38,0,4,2,"Anderson",76978,7.79443477357167,0.016359918200409,53.2619709527397,1.29907246226194,7.79443477357167,1.6359918200409
2020-06-09,47,1,45,1,2,0,60,3,5517,181,5577,184,0,2,1,7,0,38,0,4,2,"Anderson",76978,9.09350723583361,0.0201465201465201,239.029333056198,1.29907246226194,9.09350723583361,2.01465201465201
2020-06-10,52,5,50,5,2,0,63,3,5725,208,5788,211,0,2,2,9,3,41,0,4,2,"Anderson",76978,14.2897970848814,0.0186781609195402,274.10428953727,6.49536231130973,11.6916521603575,1.86781609195402
2020-06-11,55,3,53,3,2,0,66,3,5870,145,5936,148,0,2,2,11,1,42,1,5,2,"Anderson",76978,18.1870144716672,0.0201005025125628,192.262724414768,3.89721738678583,14.2897970848814,2.01005025125628
2020-06-12,57,2,55,2,2,0,70,4,5952,82,6022,86,0,2,2,13,0,42,0,5,2,"Anderson",76978,19.4860869339292,0.0206812652068127,111.720231754527,2.59814492452389,16.8879420094053,2.06812652068127
2020-06-13,58,1,55,0,3,1,70,0,5995,43,6065,43,0,2,0,13,1,43,0,5,2,"Anderson",76978,19.4860869339292,0.0197287299630086,55.8601158772636,1.29907246226194,16.8879420094053,1.97287299630086
2020-06-14,60,2,57,2,3,0,70,0,6170,175,6240,175,0,2,1,14,1,44,1,6,2,"Anderson",76978,19.4860869339292,0.0146396396396396,227.33768089584,2.59814492452389,18.1870144716672,1.46396396396396
2020-06-15,60,0,57,0,3,0,71,1,6228,58,6299,59,0,2,0,14,0,44,0,6,2,"Anderson",76978,18.1870144716672,0.0154525386313466,76.6452752734548,0,18.1870144716672,1.54525386313466
2020-06-16,64,4,61,4,3,0,75,4,6289,61,6364,65,0,2,3,17,1,45,0,6,2,"Anderson",76978,22.0842318584531,0.0190597204574333,84.4397100470264,5.19628984904778,22.0842318584531,1.90597204574333
2020-06-17,66,2,63,2,3,0,79,4,6326,37,6405,41,0,2,0,17,2,47,0,6,2,"Anderson",76978,18.1870144716672,0.0259319286871961,53.2619709527397,2.59814492452389,22.0842318584531,2.59319286871961
2020-06-18,70,4,67,4,3,0,84,5,6456,130,6540,135,0,2,2,19,2,49,0,6,2,"Anderson",76978,19.4860869339292,0.0298013245033113,175.374782405363,5.19628984904778,24.682376782977,2.98013245033113
2020-06-19,72,2,69,2,3,0,86,2,6521,65,6607,67,0,2,0,19,2,51,0,6,2,"Anderson",76978,19.4860869339292,0.0273504273504274,87.0378549715503,2.59814492452389,24.682376782977,2.73504273504274
2020-06-20,73,1,70,1,3,0,87,1,6559,38,6646,39,0,2,-1,18,2,53,0,6,2,"Anderson",76978,19.4860869339292,0.0292598967297762,50.6638260282159,1.29907246226194,23.383304320715,2.92598967297762
2020-06-21,74,1,71,1,3,0,88,1,6619,60,6707,61,0,2,-1,17,2,55,0,6,2,"Anderson",76978,18.1870144716672,0.0385438972162741,79.2434201979787,1.29907246226194,22.0842318584531,3.85438972162741
2020-06-22,76,2,73,2,3,0,90,2,6711,92,6801,94,0,2,0,17,2,57,1,7,2,"Anderson",76978,20.7851593961911,0.0378486055776892,122.112811452623,2.59814492452389,22.0842318584531,3.78486055776892
2020-06-23,76,0,73,0,3,0,90,0,6800,89,6890,89,0,2,-1,16,1,58,0,7,2,"Anderson",76978,15.5888695471433,0.0285171102661597,115.617449141313,0,20.7851593961911,2.85171102661597
2020-06-24,77,1,74,1,3,0,91,1,6831,31,6922,32,0,2,-2,14,3,61,0,7,2,"Anderson",76978,14.2897970848814,0.02321083172147,41.5703187923822,1.29907246226194,18.1870144716672,2.321083172147
2020-06-25,81,4,78,4,3,0,92,1,6944,113,7036,114,0,2,0,14,4,65,0,7,2,"Anderson",76978,14.2897970848814,0.0161290322580645,148.094260697862,5.19628984904778,18.1870144716672,1.61290322580645
2020-06-26,86,5,83,5,3,0,98,6,6972,28,7070,34,0,2,3,17,2,67,0,7,2,"Anderson",76978,18.1870144716672,0.0259179265658747,44.1684637169061,6.49536231130973,22.0842318584531,2.59179265658747
2020-06-27,87,1,83,0,4,1,98,0,6984,12,7082,12,0,2,-4,13,5,72,0,7,2,"Anderson",76978,18.1870144716672,0.0252293577981651,15.5888695471433,1.29907246226194,16.8879420094053,2.52293577981651
2020-06-28,91,4,87,4,4,0,106,8,7093,109,7199,117,0,2,3,16,1,73,0,7,2,"Anderson",76978,22.0842318584531,0.0365853658536585,151.991478084648,5.19628984904778,20.7851593961911,3.65853658536585
2020-06-29,97,6,92,5,5,1,114,8,7315,222,7429,230,0,2,3,19,3,76,1,8,2,"Anderson",76978,27.2805217075008,0.0382165605095541,298.786666320247,7.79443477357167,24.682376782977,3.82165605095541
2020-06-30,102,5,96,4,6,1,120,6,7479,164,7599,170,0,2,2,21,3,79,0,8,2,"Anderson",76978,33.7758840188106,0.0423131170662905,220.842318584531,6.49536231130973,27.2805217075008,4.23131170662905
2020-07-01,104,2,98,2,6,0,124,4,7600,121,7724,125,0,2,-2,19,4,83,0,8,2,"Anderson",76978,35.0749564810725,0.0411471321695761,162.384057782743,2.59814492452389,24.682376782977,4.11471321695761
2020-07-02,110,6,104,6,6,0,130,6,7839,239,7969,245,0,2,4,23,2,85,0,8,2,"Anderson",76978,37.6731014055964,0.0407288317256163,318.272753254177,7.79443477357167,29.8786666320247,4.07288317256163
2020-07-03,120,10,113,9,7,1,142,12,7964,125,8106,137,0,2,7,30,3,88,0,8,2,"Anderson",76978,44.1684637169061,0.0424710424710425,177.972927329886,12.9907246226195,38.9721738678584,4.24710424710425
2020-07-04,131,11,124,11,7,0,156,14,8148,184,8304,198,0,2,8,38,3,91,2,10,2,"Anderson",76978,57.1591883395256,0.0474631751227496,257.216347527865,14.2897970848814,49.3647535659539,4.74631751227496
2020-07-05,140,9,133,9,7,0,169,13,8304,156,8473,169,0,2,8,46,1,92,1,11,2,"Anderson",76978,63.6545506508353,0.0494505494505494,219.543246122269,11.6916521603575,59.7573332640495,4.94505494505495
2020-07-06,141,1,134,1,7,0,170,1,8331,27,8501,28,0,2,-4,42,5,97,0,11,2,"Anderson",76978,57.1591883395256,0.0522388059701493,36.3740289433345,1.29907246226194,54.5610434150017,5.22388059701492
2020-07-07,157,16,150,16,7,0,190,20,8564,233,8754,253,0,2,12,54,4,101,0,11,2,"Anderson",76978,71.448985424407,0.0606060606060606,328.665332952272,20.7851593961911,70.149912962145,6.06060606060606
2020-07-08,173,16,165,15,8,1,206,16,8704,140,8910,156,0,2,10,64,6,107,0,11,2,"Anderson",76978,89.6359998960742,0.0691399662731872,202.655304112863,20.7851593961911,83.1406375847645,6.91399662731872
2020-07-09,187,14,179,14,8,0,220,14,8972,268,9192,282,0,2,11,75,3,110,0,11,2,"Anderson",76978,100.02857959417,0.0735895339329518,366.338434357868,18.1870144716672,97.4304346696459,7.35895339329518
2020-07-10,193,6,185,6,8,0,227,7,9002,30,9229,37,0,2,1,76,5,115,1,12,2,"Anderson",76978,94.832289745122,0.0756901157613535,48.065681103692,7.79443477357167,98.7295071319078,7.56901157613535
2020-07-11,201,8,193,8,8,0,235,8,9171,169,9406,177,0,2,1,77,7,122,1,13,2,"Anderson",76978,90.9350723583361,0.0716878402903811,229.935825820364,10.3925796980956,100.02857959417,7.16878402903811
2020-07-12,212,11,204,11,8,0,248,13,9354,183,9602,196,0,2,6,83,5,127,0,13,2,"Anderson",76978,93.53321728286,0.0699734278122232,254.618202603341,14.2897970848814,107.823014367741,6.99734278122232
2020-07-13,218,6,209,5,9,1,255,7,9393,39,9648,46,0,2,-6,77,12,139,2,15,2,"Anderson",76978,100.02857959417,0.0741063644289451,59.7573332640495,7.79443477357167,100.02857959417,7.41063644289451
2020-07-14,229,11,219,10,10,1,266,11,9533,140,9799,151,0,2,0,77,11,150,0,15,2,"Anderson",76978,93.53321728286,0.0727272727272727,196.159941801554,14.2897970848814,100.02857959417,7.27272727272727
2020-07-15,245,16,234,15,11,1,285,19,9635,102,9920,121,0,2,0,77,16,166,0,15,2,"Anderson",76978,93.53321728286,0.0782178217821782,157.187767933695,20.7851593961911,100.02857959417,7.82178217821782
2020-07-16,263,18,252,18,11,0,308,23,9924,289,10232,312,0,2,4,81,14,180,1,16,2,"Anderson",76978,98.7295071319078,0.0846153846153846,405.310608225727,23.383304320715,105.224869443218,8.46153846153846
2020-07-17,270,7,259,7,11,0,317,9,9995,71,10312,80,0,2,-8,73,15,195,1,17,3,"Anderson",76978,100.02857959417,0.0831024930747922,103.925796980956,9.09350723583361,94.832289745122,8.31024930747922
2020-07-18,277,7,266,7,11,0,328,11,10209,214,10537,225,0,2,-4,69,11,206,0,17,3,"Anderson",76978,98.7295071319078,0.0822281167108753,292.291304008938,9.09350723583361,89.6359998960742,8.22281167108753
2020-07-19,285,8,274,8,11,0,337,9,10290,81,10627,90,0,2,-5,64,13,219,2,19,3,"Anderson",76978,94.832289745122,0.0868292682926829,116.916521603575,10.3925796980956,83.1406375847645,8.68292682926829
2020-07-20,313,28,302,28,11,0,367,30,10459,169,10826,199,1,3,9,73,18,237,0,19,3,"Anderson",76978,123.411883914885,0.0950764006791171,258.515419990127,36.3740289433345,94.832289745122,9.50764006791171
2020-07-21,336,23,324,22,12,1,391,24,10751,292,11142,316,0,3,12,85,11,248,1,20,3,"Anderson",76978,139.000753462028,0.0930752047654505,410.506898074775,29.8786666320247,110.421159292265,9.30752047654505
2020-07-22,365,29,353,29,12,0,424,33,10886,135,11310,168,0,3,13,98,16,264,0,20,3,"Anderson",76978,155.888695471433,0.1,218.244173660007,37.6731014055964,127.309101301671,10
2020-07-23,388,23,376,23,12,0,455,31,11313,427,11768,458,0,3,9,107,14,278,2,22,3,"Anderson",76978,162.384057782743,0.095703125,594.975187715971,29.8786666320247,139.000753462028,9.5703125
2020-07-24,394,6,382,6,12,0,463,8,11425,112,11888,120,0,3,-16,91,22,300,0,22,4,"Anderson",76978,161.084985320481,0.0926395939086294,155.888695471433,7.79443477357167,118.215594065837,9.26395939086294
2020-07-25,426,32,413,31,13,1,499,36,11682,257,12181,293,1,4,26,117,5,305,1,23,4,"Anderson",76978,193.56179687703,0.104014598540146,380.62823144275,41.5703187923822,151.991478084648,10.4014598540146
2020-07-26,465,39,451,38,14,1,541,42,12085,403,12626,445,0,4,31,148,8,313,2,25,4,"Anderson",76978,233.83304320715,0.102051025512756,578.087245706565,50.6638260282159,192.262724414768,10.2051025512756
2020-07-27,483,18,468,17,15,1,562,21,12265,180,12827,201,0,4,-19,129,37,350,1,26,4,"Anderson",76978,220.842318584531,0.0974512743628186,261.113564914651,23.383304320715,167.580347631791,9.74512743628186
2020-07-28,523,40,508,40,15,0,608,46,12645,380,13253,426,0,4,24,153,16,366,1,27,5,"Anderson",76978,242.926550442984,0.10279488394126,553.404868923589,51.9628984904778,198.758086726078,10.279488394126
2020-07-29,527,4,512,4,15,0,612,4,12681,36,13293,40,1,5,-15,138,18,384,0,27,5,"Anderson",76978,210.449738886435,0.0948058497226425,51.9628984904778,5.19628984904778,179.271999792148,9.48058497226425
2020-07-30,564,37,549,37,15,0,665,53,13166,485,13831,538,0,5,20,158,17,401,0,27,5,"Anderson",76978,228.636753358102,0.101793504604944,698.900984696926,48.065681103692,205.253449037387,10.1793504604944
2020-07-31,576,12,561,12,15,0,679,14,13348,182,14027,196,0,5,-8,150,20,421,0,27,5,"Anderson",76978,236.431188131674,0.100981767180926,254.618202603341,15.5888695471433,194.860869339292,10.0981767180926
2020-08-01,599,23,584,23,15,0,704,25,13757,409,14461,434,0,5,17,167,6,427,1,28,5,"Anderson",76978,224.739535971316,0.0899122807017544,563.797448621684,29.8786666320247,216.945101197745,8.99122807017544
2020-08-02,606,7,591,7,15,0,711,7,13885,128,14596,135,0,5,2,169,5,432,1,29,6,"Anderson",76978,183.169217178934,0.0862944162436548,175.374782405363,9.09350723583361,219.543246122269,8.62944162436548
2020-08-03,631,25,615,24,16,1,742,31,14112,227,14854,258,0,5,14,183,11,443,0,29,6,"Anderson",76978,192.262724414768,0.0888011840157869,335.160695263582,32.4768115565486,237.730260593936,8.88011840157869
2020-08-04,638,7,622,7,16,0,750,8,14355,243,15105,251,2,7,-19,164,24,467,0,29,6,"Anderson",76978,149.393333160124,0.0766738660907127,326.067188027748,9.09350723583361,213.047883810959,7.66738660907127
2020-08-05,653,15,637,15,16,0,769,19,14564,209,15333,228,-1,6,-1,163,17,484,0,29,6,"Anderson",76978,163.683130245005,0.0769607843137255,296.188521395723,19.4860869339292,211.748811348697,7.69607843137255
2020-08-06,675,22,659,22,16,0,799,30,14885,321,15684,351,0,6,3,166,19,503,1,30,6,"Anderson",76978,144.197043311076,0.0723151645979493,455.974434253943,28.5795941697628,215.646028735483,7.23151645979493
2020-08-07,679,4,663,4,16,0,803,4,14966,81,15769,85,0,6,-21,145,25,528,0,30,6,"Anderson",76978,133.80446361298,0.0711825487944891,110.421159292265,5.19628984904778,188.365507027982,7.11825487944891
2020-08-08,690,11,674,11,16,0,819,16,15286,320,16105,336,0,6,1,146,10,538,0,30,6,"Anderson",76978,118.215594065837,0.0699513381995134,436.488347320014,14.2897970848814,189.664579490244,6.99513381995134
2020-08-09,697,7,681,7,16,0,828,9,15423,137,16251,146,0,6,-9,137,16,554,0,30,6,"Anderson",76978,118.215594065837,0.0706948640483384,189.664579490244,9.09350723583361,177.972927329886,7.06948640483384
2020-08-10,702,5,686,5,16,0,834,6,15562,139,16396,145,0,6,-11,126,16,570,0,30,6,"Anderson",76978,92.2341448205981,0.059662775616083,188.365507027982,6.49536231130973,163.683130245005,5.9662775616083
2020-08-11,723,21,707,21,16,0,856,22,15765,203,16621,225,0,6,9,135,12,582,1,31,6,"Anderson",76978,110.421159292265,0.0699208443271768,292.291304008938,27.2805217075008,175.374782405363,6.99208443271768
2020-08-12,731,8,715,8,16,0,864,8,16004,239,16868,247,0,6,-8,127,16,598,0,31,6,"Anderson",76978,101.327652056432,0.0618892508143322,320.8708981787,10.3925796980956,164.982202707267,6.18892508143322
2020-08-13,749,18,733,18,16,0,888,24,16232,228,17120,252,1,7,3,130,14,612,2,33,6,"Anderson",76978,96.1313622073839,0.0619777158774373,327.36626049001,23.383304320715,168.879420094053,6.19777158774373
2020-08-14,766,17,749,16,17,1,910,22,16561,329,17471,351,0,7,-9,121,26,638,0,33,6,"Anderson",76978,113.019304216789,0.0628672150411281,455.974434253943,22.0842318584531,157.187767933695,6.28672150411281
2020-08-15,776,10,759,10,17,0,922,12,16784,223,17706,235,-1,6,5,126,6,644,0,33,6,"Anderson",76978,111.720231754527,0.0643347907557776,305.282028631557,12.9907246226195,163.683130245005,6.43347907557776
2020-08-16,788,12,771,12,17,0,936,14,16926,142,17862,156,0,6,7,133,5,649,0,33,7,"Anderson",76978,118.215594065837,0.0670391061452514,202.655304112863,15.5888695471433,172.776637480839,6.70391061452514
2020-08-17,792,4,775,4,17,0,939,3,16969,43,17908,46,0,6,-13,120,17,666,0,33,7,"Anderson",76978,116.916521603575,0.0694444444444444,59.7573332640495,5.19628984904778,155.888695471433,6.94444444444444
2020-08-18,806,14,789,14,17,0,956,17,17133,164,18089,181,0,6,5,125,9,675,0,33,7,"Anderson",76978,107.823014367741,0.0681198910081744,235.132115669412,18.1870144716672,162.384057782743,6.81198910081744
2020-08-19,820,14,803,14,17,0,970,14,17307,174,18277,188,0,6,0,125,14,689,0,33,7,"Anderson",76978,115.617449141313,0.0752306600425834,244.225622905246,18.1870144716672,162.384057782743,7.52306600425834
2020-08-20,835,15,818,15,17,0,986,16,17749,442,18735,458,0,6,5,130,10,699,0,33,8,"Anderson",76978,111.720231754527,0.0606811145510836,594.975187715971,19.4860869339292,168.879420094053,6.06811145510836
2020-08-21,838,3,821,3,17,0,989,3,17785,36,18774,39,1,7,-7,123,9,708,0,33,8,"Anderson",76978,93.53321728286,0.0606293169608596,50.6638260282159,3.89721738678583,159.785912858219,6.06293169608596
2020-08-22,856,18,839,18,17,0,1008,19,18329,544,19337,563,1,8,10,133,7,715,1,34,8,"Anderson",76978,103.925796980956,0.052728387492336,731.377796253475,23.383304320715,172.776637480839,5.2728387492336
2020-08-23,857,1,840,1,17,0,1009,1,18413,84,19422,85,0,8,-5,128,6,721,0,34,8,"Anderson",76978,89.6359998960742,0.0467948717948718,110.421159292265,1.29907246226194,166.281275169529,4.67948717948718
2020-08-24,858,1,840,0,18,1,1009,0,18452,39,19461,39,0,8,-19,109,20,741,0,34,8,"Anderson",76978,85.7387825092884,0.0450740502253702,50.6638260282159,1.29907246226194,141.598898386552,4.50740502253703
2020-08-25,866,8,848,8,18,0,1017,8,18604,152,19621,160,0,8,-2,107,10,751,1,35,8,"Anderson",76978,77.9443477357167,0.0398172323759791,207.851593961911,10.3925796980956,139.000753462028,3.98172323759791
2020-08-26,872,6,854,6,18,0,1023,6,18784,180,19807,186,0,8,-14,93,20,771,0,35,8,"Anderson",76978,67.5517680376211,0.034640522875817,241.627477980722,7.79443477357167,120.813738990361,3.4640522875817
2020-08-27,875,3,857,3,18,0,1026,3,19195,411,20221,414,0,8,-16,77,19,790,0,35,8,"Anderson",76978,51.9628984904778,0.0269179004037685,537.815999376445,3.89721738678583,100.02857959417,2.69179004037685
2020-08-28,875,0,857,0,18,0,1026,0,19233,38,20259,38,0,8,-20,57,20,810,0,35,8,"Anderson",76978,48.065681103692,0.0249158249158249,49.3647535659539,0,74.0471303489309,2.49158249158249
2020-08-29,884,9,865,8,19,1,1034,8,19495,262,20529,270,0,8,3,60,6,816,0,35,8,"Anderson",76978,36.3740289433345,0.0218120805369128,350.749564810725,11.6916521603575,77.9443477357167,2.18120805369128
2020-08-30,900,16,881,16,19,0,1050,16,19578,83,20628,99,0,8,8,68,8,824,0,35,8,"Anderson",76978,55.8601158772636,0.0339966832504146,128.608173763933,20.7851593961911,88.3369274338123,3.39966832504146
2020-08-31,902,2,883,2,19,0,1052,2,19636,58,20688,60,0,8,-15,53,17,841,0,35,8,"Anderson",76978,57.1591883395256,0.0350448247758761,77.9443477357167,2.59814492452389,68.8508404998831,3.50448247758761
2020-09-01,909,7,889,6,20,1,1058,6,19747,111,20805,117,0,8,0,53,7,848,0,35,8,"Anderson",76978,55.8601158772636,0.0346283783783784,151.991478084648,9.09350723583361,68.8508404998831,3.46283783783784
2020-09-02,917,8,895,6,22,2,1068,10,20063,316,21131,326,0,8,5,58,3,851,0,35,8,"Anderson",76978,58.4582608017875,0.033987915407855,423.497622697394,10.3925796980956,75.3462028111928,3.3987915407855
2020-09-03,933,16,909,14,24,2,1084,16,20387,324,21471,340,0,8,10,68,6,857,0,35,9,"Anderson",76978,75.3462028111928,0.0464,441.684637169061,20.7851593961911,88.3369274338123,4.64
2020-09-04,942,9,917,8,25,1,1094,10,20576,189,21670,199,0,8,6,74,3,860,0,35,9,"Anderson",76978,87.0378549715503,0.0481927710843374,258.515419990127,11.6916521603575,96.1313622073839,4.81927710843374
2020-09-05,961,19,936,19,25,0,1115,21,20845,269,21960,290,0,8,16,90,3,863,1,36,10,"Anderson",76978,100.02857959417,0.0566037735849057,376.731014055964,24.682376782977,116.916521603575,5.66037735849057
2020-09-06,963,2,938,2,25,0,1117,2,20901,56,22018,58,0,8,-1,89,3,866,0,36,10,"Anderson",76978,81.8415651225025,0.0482014388489209,75.3462028111928,2.59814492452389,115.617449141313,4.82014388489209
2020-09-07,966,3,941,3,25,0,1122,5,20989,88,22111,93,0,8,-8,81,11,877,0,36,10,"Anderson",76978,83.1406375847645,0.0491918482080112,120.813738990361,3.89721738678583,105.224869443218,4.91918482080112
2020-09-08,975,9,944,3,31,6,1126,4,21164,175,22290,179,1,9,4,85,4,881,0,36,10,"Anderson",76978,85.7387825092884,0.0457912457912458,232.533970744888,11.6916521603575,110.421159292265,4.57912457912458
2020-09-09,984,9,953,9,31,0,1135,9,21405,241,22540,250,0,9,-3,82,12,893,1,37,11,"Anderson",76978,87.0378549715503,0.0475514549325763,324.768115565486,11.6916521603575,106.523941905479,4.75514549325763
2020-09-10,1013,29,981,28,32,1,1165,30,21774,369,22939,399,1,10,25,107,3,896,0,37,11,"Anderson",76978,103.925796980956,0.0551771117166213,518.329912442516,37.6731014055964,139.000753462028,5.51771117166213
2020-09-11,1014,1,982,1,32,0,1167,2,21907,133,23074,135,0,10,-13,94,14,910,0,37,11,"Anderson",76978,93.53321728286,0.051994301994302,175.374782405363,1.29907246226194,122.112811452623,5.1994301994302
2020-09-12,1017,3,985,3,32,0,1172,5,22049,142,23221,147,0,10,-5,89,8,918,0,37,11,"Anderson",76978,72.7480578866689,0.0452022204599524,190.963651952506,3.89721738678583,115.617449141313,4.52022204599524
2020-09-13,1038,21,1005,20,33,1,1193,21,22293,244,23486,265,0,10,16,105,5,923,1,38,11,"Anderson",76978,97.4304346696459,0.0517711171662125,344.254202499415,27.2805217075008,136.402608537504,5.17711171662125
2020-09-14,1044,6,1010,5,34,1,1199,6,22399,106,23598,112,0,10,-7,98,13,936,1,39,11,"Anderson",76978,101.327652056432,0.0517821116341627,145.496115773338,7.79443477357167,127.309101301671,5.17821116341627
2020-09-15,1060,16,1026,16,34,0,1216,17,22639,240,23855,257,1,11,5,103,10,946,1,40,12,"Anderson",76978,110.421159292265,0.0575079872204473,333.86162280132,20.7851593961911,133.80446361298,5.75079872204473
2020-09-16,1068,8,1034,8,34,0,1228,12,22775,136,24003,148,0,11,-5,98,13,959,0,40,12,"Anderson",76978,109.122086830003,0.063568010936432,192.262724414768,10.3925796980956,127.309101301671,6.3568010936432
2020-09-17,1090,22,1054,20,36,2,1248,20,23196,421,24444,441,0,11,15,113,7,966,1,41,12,"Anderson",76978,100.02857959417,0.0551495016611296,572.890955857518,28.5795941697628,146.7951882356,5.51495016611296
2020-09-18,1109,19,1073,19,36,0,1266,18,23420,224,24686,242,0,11,6,119,13,979,0,41,12,"Anderson",76978,123.411883914885,0.0614143920595533,314.375535867391,24.682376782977,154.589623009171,6.14143920595533
2020-09-19,1124,15,1088,15,36,0,1287,21,23702,282,24989,303,0,11,9,128,6,985,1,42,12,"Anderson",76978,139.000753462028,0.0650452488687783,393.618956065369,19.4860869339292,166.281275169529,6.50452488687783
2020-09-20,1131,7,1095,7,36,0,1297,10,23854,152,25151,162,0,11,0,128,7,992,0,42,13,"Anderson",76978,120.813738990361,0.0624624624624625,210.449738886435,9.09350723583361,166.281275169529,6.24624624624625
2020-09-21,1133,2,1097,2,36,0,1299,2,23887,33,25186,35,0,11,-6,122,8,1000,0,42,13,"Anderson",76978,115.617449141313,0.0629722921914358,45.4675361791681,2.59814492452389,158.486840395957,6.29722921914358
2020-09-22,1147,14,1111,14,36,0,1316,17,24135,248,25451,265,0,11,0,122,14,1014,1,43,13,"Anderson",76978,113.019304216789,0.06265664160401,344.254202499415,18.1870144716672,158.486840395957,6.265664160401
2020-09-23,1147,0,1111,0,36,0,1316,0,24176,41,25492,41,0,11,-12,110,12,1026,0,43,13,"Anderson",76978,102.626724518694,0.0591000671591672,53.2619709527397,0,142.897970848814,5.91000671591672
2020-09-24,1160,13,1124,13,36,0,1331,15,24500,324,25831,339,1,12,0,110,12,1038,0,43,13,"Anderson",76978,90.9350723583361,0.0598413842826244,440.385564706799,16.8879420094053,142.897970848814,5.98413842826244
2020-09-25,1174,14,1137,13,37,1,1344,13,24736,236,26080,249,1,13,-2,108,15,1053,0,43,13,"Anderson",76978,84.4397100470264,0.0559540889526542,323.469043103224,18.1870144716672,140.29982592429,5.59540889526542
2020-09-26,1188,14,1151,14,37,0,1361,17,25036,300,26397,317,0,13,8,116,6,1059,0,43,13,"Anderson",76978,83.1406375847645,0.0525568181818182,411.805970537037,18.1870144716672,150.692405622386,5.25568181818182
2020-09-27,1207,19,1168,17,39,2,1377,16,25243,207,26620,223,0,13,12,128,7,1066,0,43,13,"Anderson",76978,98.7295071319078,0.0544588155207624,289.693159084414,24.682376782977,166.281275169529,5.44588155207624
2020-09-28,1210,3,1170,2,40,1,1379,2,25280,37,26659,39,0,13,-9,119,12,1078,0,43,13,"Anderson",76978,100.02857959417,0.0543109300746775,50.6638260282159,3.89721738678583,154.589623009171,5.43109300746775
2020-09-29,1221,11,1180,10,41,1,1389,10,25574,294,26963,304,0,13,-7,112,18,1096,0,43,13,"Anderson",76978,96.1313622073839,0.0482804232804233,394.918028527631,14.2897970848814,145.496115773338,4.82804232804233
2020-09-30,1233,12,1190,10,43,2,1399,10,25640,66,27039,76,0,13,3,115,9,1105,0,43,13,"Anderson",76978,111.720231754527,0.0536522301228184,98.7295071319078,15.5888695471433,149.393333160124,5.36522301228184
2020-10-01,1249,16,1204,14,45,2,1414,15,25920,280,27334,295,0,13,4,119,12,1117,0,43,13,"Anderson",76978,115.617449141313,0.0552228875582169,383.226376367274,20.7851593961911,154.589623009171,5.52228875582169
2020-10-02,1256,7,1210,6,46,1,1421,7,26002,82,27423,89,0,13,1,120,6,1123,0,43,13,"Anderson",76978,106.523941905479,0.0573343261355175,115.617449141313,9.09350723583361,155.888695471433,5.73343261355175
2020-10-03,1272,16,1226,16,46,0,1445,24,26266,264,27711,288,0,13,3,123,13,1136,0,43,13,"Anderson",76978,109.122086830003,0.0639269406392694,374.13286913144,20.7851593961911,159.785912858219,6.39269406392694
2020-10-04,1288,16,1240,14,48,2,1461,16,26603,337,28064,353,0,13,8,131,8,1144,0,43,13,"Anderson",76978,105.224869443218,0.0581717451523546,458.572579178467,20.7851593961911,170.178492556315,5.81717451523546
2020-10-05,1314,26,1265,25,49,1,1488,27,26814,211,28302,238,0,13,11,142,15,1159,1,44,13,"Anderson",76978,135.103536075242,0.0663420572124163,309.179246018343,33.7758840188106,184.468289641196,6.63420572124163
2020-10-06,1342,28,1292,27,50,1,1520,32,27151,337,28671,369,0,13,15,157,13,1172,1,45,13,"Anderson",76978,157.187767933695,0.0766978922716628,479.357738574658,36.3740289433345,203.954376575125,7.66978922716628
2020-10-07,1348,6,1298,6,50,0,1528,8,27386,235,28914,243,0,13,-3,154,9,1181,0,45,13,"Anderson",76978,149.393333160124,0.0688,315.674608329653,7.79443477357167,200.05715918834,6.88
2020-10-08,1358,10,1306,8,52,2,1537,9,27625,239,29162,248,0,13,-3,151,13,1194,1,46,13,"Anderson",76978,141.598898386552,0.0672866520787746,322.169970640962,12.9907246226195,196.159941801554,6.72866520787746
2020-10-09,1373,15,1319,13,54,2,1553,16,27798,173,29351,189,0,13,-2,149,17,1211,0,46,13,"Anderson",76978,151.991478084648,0.0684647302904564,245.524695367508,19.4860869339292,193.56179687703,6.84647302904564
2020-10-10,1389,16,1335,16,54,0,1573,20,28010,212,29583,232,0,13,3,152,13,1224,1,47,14,"Anderson",76978,151.991478084648,0.0683760683760684,301.384811244771,20.7851593961911,197.459014263816,6.83760683760684
2020-10-11,1417,28,1363,28,54,0,1604,31,28299,289,29903,320,0,13,18,170,10,1234,0,47,14,"Anderson",76978,167.580347631791,0.0777596519847743,415.703187923822,36.3740289433345,220.842318584531,7.77596519847743
2020-10-12,1433,16,1378,15,55,1,1620,16,28378,79,29998,95,0,13,-11,159,27,1261,0,47,14,"Anderson",76978,154.589623009171,0.0778301886792453,123.411883914885,20.7851593961911,206.552521499649,7.78301886792453
2020-10-13,1453,20,1396,18,57,2,1638,18,28499,121,30137,139,0,13,7,166,13,1274,0,47,14,"Anderson",76978,144.197043311076,0.0804911323328786,180.57107225441,25.9814492452389,215.646028735483,8.04911323328786
2020-10-14,1475,22,1418,22,57,0,1662,24,28799,300,30461,324,0,13,12,178,10,1284,0,47,14,"Anderson",76978,164.982202707267,0.0866192630898513,420.89947777287,28.5795941697628,231.234898282626,8.66192630898513
2020-10-15,1497,22,1434,16,63,6,1676,14,28950,151,30626,165,0,13,2,180,20,1304,1,48,14,"Anderson",76978,180.57107225441,0.0949453551912568,214.346956273221,28.5795941697628,233.83304320715,9.49453551912568
2020-10-16,1504,7,1437,3,67,4,1680,4,29049,99,30729,103,0,13,-11,169,18,1322,0,48,15,"Anderson",76978,170.178492556315,0.0921625544267054,133.80446361298,9.09350723583361,219.543246122269,9.21625544267054
2020-10-17,1532,28,1464,27,68,1,1710,30,29297,248,31007,278,0,13,14,183,14,1336,2,50,15,"Anderson",76978,185.767362103458,0.0962078651685393,361.142144508821,36.3740289433345,237.730260593936,9.62078651685393
2020-10-18,1551,19,1483,19,68,0,1732,22,29536,239,31268,261,0,13,4,187,15,1351,0,50,15,"Anderson",76978,174.075709943101,0.0937728937728938,339.057912650368,24.682376782977,242.926550442984,9.37728937728938
2020-10-19,1555,4,1487,4,68,0,1737,5,29613,77,31350,82,0,13,-16,171,20,1371,1,51,15,"Anderson",76978,158.486840395957,0.0865384615384615,106.523941905479,5.19628984904778,222.141391046793,8.65384615384615
2020-10-20,1582,27,1514,27,68,0,1772,35,29812,199,31584,234,0,13,6,177,21,1392,0,51,15,"Anderson",76978,167.580347631791,0.0926053904630269,303.982956169295,35.0749564810725,229.935825820364,9.26053904630269
2020-10-21,1599,17,1531,17,68,0,1791,19,30028,216,31819,235,0,13,8,185,9,1401,1,52,15,"Anderson",76978,161.084985320481,0.0949926362297496,305.282028631557,22.0842318584531,240.32840551846,9.49926362297496
2020-10-22,1620,21,1552,21,68,0,1816,25,30360,332,32176,357,1,14,-4,181,24,1425,0,52,15,"Anderson",76978,159.785912858219,0.0903225806451613,463.768869027514,27.2805217075008,235.132115669412,9.03225806451613
2020-10-23,1635,15,1566,14,69,1,1832,16,30635,275,32467,291,0,14,-7,174,22,1447,0,52,15,"Anderson",76978,170.178492556315,0.0874568469505178,378.030086518226,19.4860869339292,226.038608433578,8.74568469505178
2020-10-24,1666,31,1596,30,70,1,1865,33,31011,376,32876,409,0,14,19,193,12,1459,2,54,17,"Anderson",76978,174.075709943101,0.0829320492241841,531.320637065136,40.2712463301203,250.720985216555,8.29320492241841
2020-10-25,1683,17,1612,16,71,1,1884,19,31207,196,33091,215,0,14,0,193,17,1476,4,58,17,"Anderson",76978,171.477565018577,0.0833790455293472,279.300579386318,22.0842318584531,250.720985216555,8.33790455293472
2020-10-26,1699,16,1627,15,72,1,1902,18,31341,134,33243,152,-1,13,-11,182,28,1504,1,59,17,"Anderson",76978,187.06643456572,0.0871632329635499,197.459014263816,20.7851593961911,236.431188131674,8.71632329635499
2020-10-27,1728,29,1651,24,77,5,1926,24,31496,155,33422,179,1,14,10,192,18,1522,2,61,17,"Anderson",76978,189.664579490244,0.0837867247007617,232.533970744888,37.6731014055964,249.421912754293,8.37867247007617
2020-10-28,1784,56,1705,54,79,2,1985,59,31930,434,33915,493,0,14,34,226,22,1544,0,61,17,"Anderson",76978,240.32840551846,0.0925572519083969,640.442723895139,72.7480578866689,293.5903764712,9.25572519083969
2020-10-29,1813,29,1726,21,87,8,2004,19,32136,206,34140,225,0,14,6,232,23,1567,2,63,17,"Anderson",76978,250.720985216555,0.0957230142566191,292.291304008938,37.6731014055964,301.384811244771,9.57230142566191
2020-10-30,1850,37,1760,34,90,3,2042,38,32287,151,34329,189,2,16,20,252,15,1582,1,64,17,"Anderson",76978,279.300579386318,0.112781954887218,245.524695367508,48.065681103692,327.36626049001,11.2781954887218
2020-10-31,1850,0,1760,0,90,0,2042,0,32288,1,34330,1,0,16,-10,242,10,1592,0,64,19,"Anderson",76978,239.029333056198,0.121733149931224,1.29907246226194,0,314.375535867391,12.1733149931224
2020-11-01,1855,5,1765,5,90,0,2050,8,32532,244,34582,252,0,16,-10,232,15,1607,0,64,19,"Anderson",76978,223.440463509055,0.111334674714956,327.36626049001,6.49536231130973,301.384811244771,11.1334674714956
2020-11-02,1888,33,1796,31,92,2,2085,35,32799,267,34884,302,0,16,8,240,25,1632,0,64,20,"Anderson",76978,245.524695367508,0.111517367458867,392.319883603107,42.8693912546442,311.777390942867,11.1517367458867
2020-11-03,1914,26,1821,25,93,1,2110,25,32979,180,35089,205,0,16,6,246,20,1652,0,64,21,"Anderson",76978,241.627477980722,0.110377924415117,266.309854763699,33.7758840188106,319.571825716438,11.0377924415117
2020-11-04,1932,18,1836,15,96,3,2128,18,33058,79,35186,97,2,18,1,247,15,1667,1,65,21,"Anderson",76978,192.262724414768,0.112509834775767,126.010028839409,23.383304320715,320.8708981787,11.2509834775767
2020-11-05,1956,24,1854,18,102,6,2148,20,33157,99,35305,119,0,18,1,248,23,1690,0,65,22,"Anderson",76978,185.767362103458,0.123605150214592,154.589623009171,31.1777390942867,322.169970640962,12.3605150214592
2020-11-06,2005,49,1900,46,105,3,2197,49,33524,367,35721,416,0,18,24,272,25,1715,2,67,23,"Anderson",76978,201.356231650601,0.111350574712644,540.414144300969,63.6545506508353,353.347709735249,11.1350574712644
2020-11-07,2085,80,1977,77,108,3,2274,77,33971,447,36245,524,0,18,50,322,30,1745,0,67,23,"Anderson",76978,305.282028631557,0.121148825065274,680.713970225259,103.925796980956,418.301332848346,12.1148825065274
2020-11-08,2139,54,2028,51,111,3,2336,62,34581,610,36917,672,0,18,39,361,15,1760,1,68,23,"Anderson",76978,368.936579282392,0.122483940042827,872.976694640027,70.149912962145,468.965158876562,12.2483940042827
2020-11-09,2147,8,2035,7,112,1,2345,9,34655,74,37000,83,0,18,-46,315,54,1814,0,68,23,"Anderson",76978,336.459767725844,0.122873345935728,107.823014367741,10.3925796980956,409.207825612513,12.2873345935728
2020-11-10,2166,19,2053,18,113,1,2367,22,34826,171,37193,193,0,18,-16,299,35,1849,1,69,23,"Anderson",76978,327.36626049001,0.122148288973384,250.720985216555,24.682376782977,388.422666216322,12.2148288973384
2020-11-11,2205,39,2089,36,116,3,2409,42,35099,273,37508,315,1,19,13,312,25,1874,1,70,23,"Anderson",76978,354.646782197511,0.121016365202412,409.207825612513,50.6638260282159,405.310608225727,12.1016365202412
2020-11-12,2212,7,2095,6,117,1,2417,8,35297,198,37714,206,0,19,-13,299,20,1894,0,70,24,"Anderson",76978,332.562550339058,0.111664591116646,267.608927225961,9.09350723583361,388.422666216322,11.1664591116646
2020-11-13,2268,56,2148,53,120,3,2476,59,35559,262,38035,321,2,21,31,330,23,1917,2,72,24,"Anderson",76978,341.656057574892,0.12057044079516,417.002260386084,72.7480578866689,428.693912546442,12.057044079516
2020-11-14,2309,41,2188,40,121,1,2521,45,35955,396,38476,441,1,22,20,350,20,1937,1,73,25,"Anderson",76978,290.992231546676,0.110712684894666,572.890955857518,53.2619709527397,454.675361791681,11.0712684894666
2020-11-15,2407,98,2286,98,121,0,2629,108,36537,582,39166,690,1,23,79,429,18,1955,1,74,25,"Anderson",76978,348.151419886201,0.130280124499778,896.359998960742,127.309101301671,557.302086310374,13.0280124499778
2020-11-16,2456,49,2315,29,141,20,2658,29,36814,277,39472,306,0,23,-6,423,55,2010,1,75,25,"Anderson",76978,401.413390838941,0.126618122977346,397.516173452155,63.6545506508353,549.507651536803,12.6618122977346
2020-11-17,2472,16,2330,15,142,1,2674,16,37020,206,39694,222,2,25,-37,386,51,2061,1,76,26,"Anderson",76978,397.516173452155,0.122750899640144,288.394086622152,20.7851593961911,501.441970433111,12.2750899640144
2020-11-18,2502,30,2356,26,146,4,2700,26,37314,294,40014,320,0,25,-5,381,35,2096,0,76,27,"Anderson",76978,385.824521291798,0.116121308858739,415.703187923822,38.9721738678584,494.946608121801,11.6121308858739
2020-11-19,2560,58,2410,54,150,4,2762,62,37730,416,40492,478,0,25,19,400,39,2135,1,77,27,"Anderson",76978,452.077216867157,0.124190064794816,620.95663696121,75.3462028111928,519.628984904778,12.4190064794816
2020-11-20,2590,30,2437,27,153,3,2793,31,37843,113,40636,144,0,25,-10,390,40,2175,0,77,28,"Anderson",76978,418.301332848346,0.121876201460977,187.06643456572,38.9721738678584,506.638260282159,12.1876201460977
2020-11-21,2647,57,2486,49,161,8,2841,48,38187,344,41028,392,0,25,33,423,24,2199,1,78,28,"Anderson",76978,439.086492244537,0.125391849529781,509.236405206682,74.0471303489309,549.507651536803,12.5391849529781
2020-11-22,2703,56,2535,49,168,7,2898,57,38670,483,41568,540,0,25,42,465,14,2213,1,79,31,"Anderson",76978,384.525448829536,0.111990008326395,701.49912962145,72.7480578866689,604.068694951804,11.1990008326395
2020-11-23,2710,7,2541,6,169,1,2904,6,38692,22,41596,28,0,25,-64,401,71,2284,0,79,32,"Anderson",76978,329.964405414534,0.115819209039548,36.3740289433345,9.09350723583361,520.92805736704,11.5819209039548
2020-11-24,2723,13,2553,12,170,1,2916,12,38849,157,41765,169,2,27,-35,366,46,2330,0,79,32,"Anderson",76978,326.067188027748,0.116851762433607,219.543246122269,16.8879420094053,475.460521187872,11.6851762433607
2020-11-25,2751,28,2574,21,177,7,2937,21,38886,37,41823,58,1,28,-11,355,38,2368,0,79,32,"Anderson",76978,323.469043103224,0.131011608623549,75.3462028111928,36.3740289433345,461.170724102991,13.1011608623549
2020-11-26,2796,45,2616,42,180,3,2982,45,39236,350,42218,395,0,28,-30,325,75,2443,1,80,33,"Anderson",76978,306.581101093819,0.127462340672074,513.133622593468,58.4582608017875,422.198550235132,12.7462340672074
2020-11-27,2895,99,2706,90,189,9,3077,95,39662,426,42739,521,0,28,56,381,43,2486,3,83,35,"Anderson",76978,396.217100989893,0.135045173561579,676.816752838473,128.608173763933,494.946608121801,13.5045173561579
2020-11-28,2926,31,2731,25,195,6,3107,30,39805,143,42912,173,1,29,5,386,25,2511,2,85,35,"Anderson",76978,362.441216971083,0.141188959660297,224.739535971316,40.2712463301203,501.441970433111,14.1188959660297
2020-11-29,3017,91,2820,89,197,2,3203,96,40242,437,43445,533,0,29,65,451,26,2537,1,86,35,"Anderson",76978,407.908753150251,0.162493340436867,692.405622385617,118.215594065837,585.881680480137,16.2493340436867
2020-11-30,3087,70,2886,66,201,4,3276,73,40494,252,43770,325,0,29,1,452,69,2606,0,86,37,"Anderson",76978,489.750318272753,0.171113155473781,422.198550235132,90.9350723583361,587.180752942399,17.1113155473781
2020-12-01,3163,76,2952,66,211,10,3348,72,40925,431,44273,503,1,30,14,466,61,2667,6,92,38,"Anderson",76978,571.591883395256,0.172248803827751,653.433448517758,98.7295071319078,605.367767414066,17.2248803827751
2020-12-02,3178,15,2966,14,212,1,3364,16,41033,108,44397,124,0,30,-40,426,55,2722,0,92,38,"Anderson",76978,554.70394138585,0.165889665889666,161.084985320481,19.4860869339292,553.404868923589,16.5889665889666
2020-12-03,3219,41,2995,29,224,12,3397,33,41257,224,44654,257,1,31,-14,412,54,2776,1,93,39,"Anderson",76978,549.507651536803,0.170361247947455,333.86162280132,53.2619709527397,535.217854451921,17.0361247947455
2020-12-04,3286,67,3055,60,231,7,3460,63,41415,158,44875,221,1,32,-25,387,91,2867,0,93,39,"Anderson",76978,507.93733274442,0.179307116104869,287.09501415989,87.0378549715503,502.741042895373,17.9307116104869
2020-12-05,3317,31,3074,19,243,12,3478,18,41482,67,44960,85,0,32,1,388,30,2897,0,93,39,"Anderson",76978,507.93733274442,0.18115234375,110.421159292265,40.2712463301203,504.040115357635,18.115234375
2020-12-06,3353,36,3103,29,250,7,3506,28,41690,208,45196,236,0,32,12,400,24,2921,2,95,40,"Anderson",76978,436.488347320014,0.173043974871502,306.581101093819,46.76660864143,519.628984904778,17.3043974871502
2020-12-07,3493,140,3227,124,266,16,3642,136,42283,593,45925,729,2,34,28,428,110,3031,4,99,41,"Anderson",76978,527.42341967835,0.169837587006961,947.023824988958,181.870144716672,556.003013848112,16.9837587006961
2020-12-08,3564,71,3276,49,288,22,3694,52,42581,298,46275,350,1,35,-8,420,78,3109,2,101,43,"Anderson",76978,520.92805736704,0.172827172827173,454.675361791681,92.2341448205981,545.610434150017,17.2827172827173
2020-12-09,3669,105,3367,91,302,14,3798,104,42842,261,46640,365,0,35,46,466,59,3168,3,104,44,"Anderson",76978,637.844578970615,0.193490860454748,474.16144872561,136.402608537504,605.367767414066,19.3490860454748
2020-12-10,3763,94,3445,78,318,16,3885,87,43374,532,47259,619,3,38,81,547,10,3178,3,107,45,"Anderson",76978,706.695419470498,0.187332053742802,804.125854140144,122.112811452623,710.592636857284,18.7332053742802
2020-12-11,3836,73,3498,53,338,20,3936,51,43540,166,47476,217,1,39,30,577,42,3220,2,109,45,"Anderson",76978,714.48985424407,0.183006535947712,281.898724310842,94.832289745122,749.564810725142,18.3006535947712
2020-12-12,3924,88,3559,61,365,27,4001,65,44053,513,48054,578,0,39,55,632,33,3253,2,111,45,"Anderson",76978,788.536984593001,0.169036845507434,750.863883187404,114.318376679051,821.013796149549,16.9036845507434
2020-12-13,4156,232,3742,183,414,49,4205,204,44925,872,49130,1076,1,40,188,820,43,3296,0,111,47,"Anderson",76978,1043.15518719634,0.177681748856126,1397.80196939385,301.384811244771,1065.23941905479,17.7681748856126
2020-12-14,4271,115,3828,86,443,29,4304,99,45216,291,49520,390,0,40,-37,783,152,3448,1,112,48,"Anderson",76978,1010.67837563979,0.184144645340751,506.638260282159,149.393333160124,1017.1737379511,18.4144645340751
2020-12-15,4406,135,3913,85,493,50,4400,96,45743,527,50143,623,1,41,42,825,92,3540,6,118,51,"Anderson",76978,1093.81901322456,0.182523267838676,809.322143989192,175.374782405363,1071.7347813661,18.2523267838676
2020-12-16,4475,69,3943,30,532,39,4436,36,46066,323,50502,359,2,43,-17,808,84,3624,4,122,52,"Anderson",76978,1047.05240458313,0.165199378560331,466.367013952038,89.6359998960742,1049.65054950765,16.5199378560331
2020-12-17,4676,201,4117,174,559,27,4630,194,46594,528,51224,722,2,45,114,922,85,3709,2,124,54,"Anderson",76978,1186.05315804516,0.187894073139975,937.930317753124,261.113564914651,1197.74481020551,18.7894073139975
2020-12-18,4774,98,4193,76,581,22,4717,87,46960,366,51677,453,1,46,23,945,74,3783,2,126,54,"Anderson",76978,1218.5299696017,0.185908117114973,588.479825404661,127.309101301671,1227.62347683754,18.5908117114973
2020-12-19,4879,105,4274,81,605,24,4804,87,47218,258,52022,345,0,46,74,1019,31,3814,1,127,55,"Anderson",76978,1240.61420146016,0.202368951612903,448.179999480371,136.402608537504,1323.75483904492,20.2368951612903
2020-12-20,5019,140,4396,122,623,18,4941,137,47682,464,52623,601,2,48,84,1103,54,3868,3,130,56,"Anderson",76978,1121.09953493206,0.2107071285428,780.742549819429,181.870144716672,1432.87692587493,21.07071285428
2020-12-21,5067,48,4414,18,653,30,4964,23,47902,220,52866,243,3,51,-83,1020,128,3996,2,132,59,"Anderson",76978,1034.06167996051,0.197250448296473,315.674608329653,62.3554781885734,1325.05391150718,19.7250448296473
2020-12-22,5137,70,4458,44,679,26,5011,47,48008,106,53019,153,1,52,-31,989,100,4096,2,134,64,"Anderson",76978,949.621969913482,0.212447844228095,198.758086726078,90.9350723583361,1284.78266517706,21.2447844228095
2020-12-23,5211,74,4500,42,711,32,5054,43,48324,316,53378,359,2,54,-8,981,80,4176,2,136,66,"Anderson",76978,956.117332224792,0.214881780250348,466.367013952038,96.1313622073839,1274.39008547897,21.4881780250348
2020-12-24,5269,58,4524,24,745,34,5081,27,48476,152,53557,179,1,55,-47,934,104,4280,1,137,71,"Anderson",76978,770.349970121333,0.193313330475782,232.533970744888,75.3462028111928,1213.33367975266,19.3313330475782
2020-12-25,5362,93,4601,77,761,16,5173,92,48885,409,54058,501,0,55,-16,918,109,4389,1,138,72,"Anderson",76978,763.854607810024,0.191516169676606,650.835303593234,120.813738990361,1192.54852035647,19.1516169676606
2020-12-26,5418,56,4630,29,788,27,5201,28,49004,119,54205,147,0,55,6,924,50,4439,3,141,74,"Anderson",76978,700.200057159188,0.181859825927623,190.963651952506,72.7480578866689,1200.34295513004,18.1859825927623
2020-12-27,5478,60,4667,37,811,23,5237,36,49140,136,54377,172,1,56,30,954,29,4468,6,147,75,"Anderson",76978,596.274260178233,0.168757126567845,223.440463509055,77.9443477357167,1239.3151289979,16.8757126567845
2020-12-28,5525,47,4688,21,837,26,5257,20,49209,69,54466,89,2,58,-85,869,130,4598,4,151,82,"Anderson",76978,594.975187715971,0.183125,115.617449141313,61.0564057263114,1128.89396970563,18.3125
2020-12-29,5621,96,4740,52,881,44,5305,48,49304,95,54609,143,2,60,-34,835,128,4726,5,156,85,"Anderson",76978,628.751071734781,0.184905660377358,185.767362103458,124.710956377147,1084.72550598872,18.4905660377358
2020-12-30,5656,35,4758,18,898,17,5322,17,49432,128,54754,145,6,66,-89,746,118,4844,1,157,88,"Anderson",76978,578.087245706566,0.194767441860465,188.365507027982,45.4675361791681,969.108056847411,19.4767441860465
2020-12-31,5819,163,4858,100,961,63,5424,102,49736,304,55160,406,6,72,63,809,94,4938,1,158,93,"Anderson",76978,714.48985424407,0.213973799126638,527.42341967835,211.748811348697,1050.94962196991,21.3973799126638
2021-01-01,5884,65,4900,42,984,23,5479,55,50012,276,55491,331,0,72,-25,784,90,5028,2,160,94,"Anderson",76978,678.115825300735,0.213538032100488,429.992985008704,84.4397100470264,1018.47281041336,21.3538032100488
2021-01-02,5977,93,4941,41,1036,52,5520,41,50297,285,55817,326,0,72,49,833,44,5072,2,162,96,"Anderson",76978,726.181506404427,0.197890818858561,423.497622697394,120.813738990361,1082.1273610642,19.7890818858561
2021-01-03,6002,25,4953,12,1049,13,5536,16,50349,52,55885,68,0,72,-9,824,34,5106,1,163,98,"Anderson",76978,680.713970225259,0.198275862068966,88.3369274338123,32.4768115565486,1070.43570890384,19.8275862068966
2021-01-04,6039,37,4977,24,1062,13,5567,31,50456,107,56023,138,1,73,-57,767,93,5199,0,163,103,"Anderson",76978,667.72324560264,0.199100834938985,179.271999792148,48.065681103692,996.388578554912,19.9100834938985
2021-01-05,6111,72,5008,31,1103,41,5598,31,50574,118,56172,149,2,75,-47,720,117,5316,2,165,106,"Anderson",76978,636.545506508353,0.187460012795905,193.56179687703,93.53321728286,935.3321728286,18.7460012795905
2021-01-06,6185,74,5048,40,1137,34,5641,43,50735,161,56376,204,5,80,-12,708,81,5397,2,167,108,"Anderson",76978,687.209332536569,0.196670776818742,265.010782301437,96.1313622073839,919.743303281457,19.6670776818742
2021-01-07,6290,105,5128,80,1162,25,5733,92,50956,221,56689,313,1,81,65,773,39,5436,1,168,111,"Anderson",76978,611.863129725376,0.202092871157619,406.609680687989,136.402608537504,1004.18301332848,20.2092871157619
2021-01-08,6372,82,5178,50,1194,32,5785,52,51155,199,56940,251,5,86,61,834,16,5452,2,170,114,"Anderson",76978,633.947361583829,0.211180124223602,326.067188027748,106.523941905479,1083.42643352646,21.1180124223602
2021-01-09,6482,110,5247,69,1235,41,5860,75,51586,431,57446,506,2,88,44,878,64,5516,0,170,116,"Anderson",76978,656.031593442282,0.208717004297115,657.330665904544,142.897970848814,1140.58562186599,20.8717004297115
2021-01-10,6542,60,5272,25,1270,35,5885,25,51680,94,57565,119,2,90,28,906,30,5546,3,173,117,"Anderson",76978,701.49912962145,0.207738095238095,154.589623009171,77.9443477357167,1176.95965080932,20.7738095238095
2021-01-11,6575,33,5282,10,1293,23,5898,13,51751,71,57649,84,1,91,-93,813,125,5671,1,174,119,"Anderson",76978,696.302839772403,0.203567035670357,109.122086830003,42.8693912546442,1056.14591181896,20.3567035670357
2021-01-12,6628,53,5316,34,1312,19,5936,38,51923,172,57859,210,2,93,-100,713,151,5822,1,175,119,"Anderson",76978,671.620462989426,0.200355660936574,272.805217075008,68.8508404998831,926.238665592767,20.0355660936574
2021-01-13,6654,26,5333,17,1321,9,5955,19,52013,90,57968,109,3,96,-44,669,67,5889,0,175,120,"Anderson",76978,609.264984800852,0.197236180904523,141.598898386552,33.7758840188106,869.079477253241,19.7236180904523
2021-01-14,6751,97,5395,62,1356,35,6029,74,52420,407,58449,481,5,101,9,678,83,5972,2,177,122,"Anderson",76978,598.872405102757,0.168181818181818,624.853854347995,126.010028839409,880.771129413599,16.8181818181818
2021-01-15,6785,34,5415,20,1370,14,6053,24,52575,155,58628,179,0,101,-16,662,50,6022,1,178,125,"Anderson",76978,536.516926914183,0.158767772511848,232.533970744888,44.1684637169061,859.985970017408,15.8767772511848
2021-01-16,6849,64,5445,30,1404,34,6086,33,52819,244,58905,277,1,102,2,664,61,6083,1,179,128,"Anderson",76978,476.759593650134,0.154900616860864,359.843072046559,83.1406375847645,862.584114941931,15.4900616860864
2021-01-17,6886,37,5465,20,1421,17,6109,23,52923,104,59032,127,0,102,-7,657,44,6127,0,179,130,"Anderson",76978,446.880927018109,0.152692569870484,164.982202707267,48.065681103692,853.490607706098,15.2692569870484
2021-01-18,6905,19,5473,8,1432,11,6119,10,53019,96,59138,106,1,103,-68,589,86,6213,0,179,131,"Anderson",76978,428.693912546442,0.148421759570181,137.701680999766,24.682376782977,765.153680272286,14.8421759570181
2021-01-19,6947,42,5490,17,1457,25,6139,20,53131,112,59270,132,1,104,-78,511,119,6332,0,179,133,"Anderson",76978,414.40411546156,0.143869596031184,171.477565018577,54.5610434150017,663.826028215854,14.3869596031184
2021-01-20,6975,28,5506,16,1469,12,6158,19,53283,152,59441,171,3,107,-29,482,54,6386,0,179,136,"Anderson",76978,417.002260386084,0.137813985064494,222.141391046793,36.3740289433345,626.152926810257,13.7813985064494
2021-01-21,7031,56,5546,40,1485,16,6197,39,53524,241,59721,280,5,112,-43,439,94,6480,2,181,137,"Anderson",76978,363.740289433345,0.132075471698113,363.740289433345,72.7480578866689,570.292810932994,13.2075471698113
2021-01-22,7069,38,5564,18,1505,20,6219,22,53669,145,59888,167,2,114,-16,423,52,6532,0,181,140,"Anderson",76978,368.936579282392,0.131746031746032,216.945101197745,49.3647535659539,549.507651536803,13.1746031746032
2021-01-23,7107,38,5578,14,1529,24,6232,13,53929,260,60161,273,0,114,8,431,30,6562,1,182,140,"Anderson",76978,335.160695263582,0.116242038216561,354.646782197511,49.3647535659539,559.900231234898,11.6242038216561
2021-01-24,7120,13,5590,12,1530,1,6246,14,53996,67,60242,81,0,114,-21,410,34,6596,0,182,142,"Anderson",76978,303.982956169295,0.113223140495868,105.224869443218,16.8879420094053,532.619709527397,11.3223140495868
2021-01-25,7137,17,5601,11,1536,6,6257,11,54056,60,60313,71,2,116,-47,363,62,6658,1,183,144,"Anderson",76978,301.384811244771,0.117446808510638,92.2341448205981,22.0842318584531,471.563303801086,11.7446808510638
2021-01-26,7164,27,5622,21,1542,6,6282,25,54219,163,60501,188,0,116,-36,327,63,6721,1,184,147,"Anderson",76978,281.898724310842,0.116165718927701,244.225622905246,35.0749564810725,424.796695159656,11.6165718927701
2021-01-27,7181,17,5630,8,1551,9,6291,9,54305,86,60596,95,4,120,-17,310,30,6751,0,184,149,"Anderson",76978,267.608927225961,0.115151515151515,123.411883914885,22.0842318584531,402.712463301203,11.5151515151515
2021-01-28,7268,87,5670,40,1598,47,6338,47,54531,226,60869,273,4,124,24,334,59,6810,0,184,150,"Anderson",76978,307.880173556081,0.122822299651568,354.646782197511,113.019304216789,433.89020239549,12.2822299651568
2021-01-29,7281,13,5674,4,1607,9,6343,5,54576,45,60919,50,1,125,-34,300,46,6856,1,185,150,"Anderson",76978,275.403361999532,0.120271580989331,64.9536231130973,16.8879420094053,389.721738678584,12.0271580989331
2021-01-30,7321,40,5709,35,1612,5,6379,36,54835,259,61214,295,2,127,1,301,37,6893,2,187,151,"Anderson",76978,278.001506924056,0.13960113960114,383.226376367274,51.9628984904778,391.020811140845,13.960113960114
2021-01-31,7337,16,5716,7,1621,9,6390,11,55004,169,61394,180,1,128,-4,297,19,6912,0,187,153,"Anderson",76978,281.898724310842,0.125,233.83304320715,20.7851593961911,385.824521291798,12.5
2021-02-01,7357,20,5728,12,1629,8,6403,13,55057,53,61460,66,1,129,-26,271,45,6957,1,188,155,"Anderson",76978,285.795941697628,0.127288578901482,85.7387825092884,25.9814492452389,352.048637272987,12.7288578901482
2021-02-02,7364,7,5734,6,1630,1,6409,6,55126,69,61535,75,5,134,-45,226,47,7004,0,188,156,"Anderson",76978,259.814492452389,0.122823984526112,97.4304346696459,9.09350723583361,293.5903764712,12.2823984526112
2021-02-03,7386,22,5740,6,1646,16,6419,10,55318,192,61737,202,4,138,1,227,17,7021,0,188,157,"Anderson",76978,266.309854763699,0.112182296231376,262.412637376913,28.5795941697628,294.889448933461,11.2182296231376
2021-02-04,7416,30,5754,14,1662,16,6436,17,55642,324,62078,341,2,140,-5,222,33,7054,0,188,157,"Anderson",76978,192.262724414768,0.0810587262200165,442.983709631323,38.9721738678584,288.394086622152,8.10587262200166
2021-02-05,7434,18,5765,11,1669,7,6453,17,55799,157,62252,174,2,142,-13,209,29,7083,0,188,158,"Anderson",76978,198.758086726078,0.0825206301575394,226.038608433578,23.383304320715,271.506144612746,8.25206301575394
2021-02-06,7460,26,5781,16,1679,10,6473,20,56021,222,62494,242,1,143,8,217,17,7100,1,189,158,"Anderson",76978,180.57107225441,0.0734375,314.375535867391,33.7758840188106,281.898724310842,7.34375
2021-02-07,7473,13,5788,7,1685,6,6481,8,56128,107,62609,115,0,143,-10,207,23,7123,0,189,158,"Anderson",76978,176.673854867625,0.0748971193415638,149.393333160124,16.8879420094053,268.907999688223,7.48971193415638
2021-02-08,7498,25,5794,6,1704,19,6486,5,56150,22,62636,27,2,145,-12,195,35,7158,0,189,158,"Anderson",76978,183.169217178934,0.070578231292517,35.0749564810725,32.4768115565486,253.319130141079,7.0578231292517
2021-02-09,7522,24,5804,10,1718,14,6497,11,56319,169,62816,180,2,147,-24,171,46,7204,2,191,158,"Anderson",76978,205.253449037387,0.068696330991413,233.83304320715,31.1777390942867,222.141391046793,6.8696330991413
2021-02-10,7547,25,5819,15,1728,10,6516,19,56514,195,63030,214,1,148,8,179,16,7220,1,192,158,"Anderson",76978,209.150666424173,0.0750193348801237,278.001506924056,32.4768115565486,232.533970744888,7.50193348801237
2021-02-11,7560,13,5827,8,1733,5,6528,12,56694,180,63222,192,-1,147,-16,163,30,7250,0,192,159,"Anderson",76978,187.06643456572,0.0804195804195804,249.421912754293,16.8879420094053,211.748811348697,8.04195804195804
2021-02-12,7587,27,5842,15,1745,12,6543,15,56888,194,63431,209,0,147,13,176,14,7264,0,192,159,"Anderson",76978,198.758086726078,0.0763358778625954,271.506144612746,35.0749564810725,228.636753358102,7.63358778625954
2021-02-13,7613,26,5852,10,1761,16,6553,10,57077,189,63630,199,0,147,11,187,15,7279,0,192,159,"Anderson",76978,198.758086726078,0.0704225352112676,258.515419990127,33.7758840188106,242.926550442984,7.04225352112676
2021-02-14,7627,14,5862,10,1765,4,6564,11,57138,61,63702,72,2,149,1,188,11,7290,0,192,159,"Anderson",76978,200.05715918834,0.0759377859103385,93.53321728286,18.1870144716672,244.225622905246,7.59377859103385
2021-02-15,7643,16,5870,8,1773,8,6573,9,57211,73,63784,82,0,149,-6,182,22,7312,1,193,160,"Anderson",76978,188.365507027982,0.0757839721254355,106.523941905479,20.7851593961911,236.431188131674,7.57839721254355
2021-02-16,7672,29,5884,14,1788,15,6590,17,57295,84,63885,101,0,149,11,193,18,7330,0,193,160,"Anderson",76978,194.860869339292,0.0869971936389149,131.206318688456,37.6731014055964,250.720985216555,8.69971936389149
2021-02-17,7691,19,5896,12,1795,7,6602,12,57403,108,64005,120,0,149,-8,185,27,7357,0,193,162,"Anderson",76978,187.06643456572,0.0882051282051282,155.888695471433,24.682376782977,240.32840551846,8.82051282051282
2021-02-18,7715,24,5918,22,1797,2,6628,26,57559,156,64187,182,0,149,9,194,15,7372,0,193,162,"Anderson",76978,201.356231650601,0.103626943005181,236.431188131674,31.1777390942867,252.020057678817,10.3626943005181
2021-02-19,7728,13,5929,11,1799,2,6643,15,57605,46,64248,61,0,149,0,194,13,7385,0,193,163,"Anderson",76978,183.169217178934,0.122399020807834,79.2434201979787,16.8879420094053,252.020057678817,12.2399020807834
2021-02-20,7747,19,5936,7,1811,12,6652,9,57727,122,64379,131,1,150,3,197,15,7400,0,193,164,"Anderson",76978,174.075709943101,0.132176234979973,170.178492556315,24.682376782977,255.917275065603,13.2176234979973
2021-02-21,7759,12,5943,7,1816,5,6659,7,57791,64,64450,71,2,152,-1,196,11,7411,1,194,164,"Anderson",76978,171.477565018577,0.127005347593583,92.2341448205981,15.5888695471433,254.618202603341,12.7005347593583
2021-02-22,7764,5,5945,2,1819,3,6665,6,57828,37,64493,43,1,153,-17,179,21,7432,0,194,165,"Anderson",76978,157.187767933695,0.129760225669958,55.8601158772636,6.49536231130973,232.533970744888,12.9760225669958
2021-02-23,7788,24,5954,9,1834,15,6673,8,57971,143,64644,151,2,155,-2,177,24,7456,0,194,167,"Anderson",76978,150.692405622386,0.10935441370224,196.159941801554,31.1777390942867,229.935825820364,10.935441370224
2021-02-24,7820,32,5973,19,1847,13,6696,23,58145,174,64841,197,0,155,15,192,17,7473,0,194,167,"Anderson",76978,167.580347631791,0.11244019138756,255.917275065603,41.5703187923822,249.421912754293,11.244019138756
2021-02-25,7837,17,5981,8,1856,9,6707,11,58272,127,64979,138,1,156,-3,189,19,7492,0,194,167,"Anderson",76978,158.486840395957,0.0997474747474748,179.271999792148,22.0842318584531,245.524695367508,9.97474747474748
2021-02-26,7849,12,5989,8,1860,4,6716,9,58371,99,65087,108,0,156,-17,172,29,7521,0,194,167,"Anderson",76978,157.187767933695,0.0870083432657926,140.29982592429,15.5888695471433,223.440463509055,8.70083432657926
2021-02-27,7858,9,5996,7,1862,2,6722,6,58463,92,65185,98,0,156,-6,166,15,7536,0,194,167,"Anderson",76978,144.197043311076,0.086848635235732,127.309101301671,11.6916521603575,215.646028735483,8.6848635235732
2021-02-28,7872,14,6006,10,1866,4,6733,11,58534,71,65267,82,0,156,0,166,14,7550,0,194,167,"Anderson",76978,146.7951882356,0.0905752753977968,106.523941905479,18.1870144716672,215.646028735483,9.05752753977968
2021-03-01,7880,8,6011,5,1869,3,6740,7,58569,35,65309,42,0,156,-11,155,19,7569,0,194,168,"Anderson",76978,150.692405622386,0.0919117647058824,54.5610434150017,10.3925796980956,201.356231650601,9.19117647058824
2021-03-02,7903,23,6022,11,1881,12,6750,10,58685,116,65435,126,1,157,-2,153,24,7593,1,195,168,"Anderson",76978,149.393333160124,0.0973451327433628,163.683130245005,29.8786666320247,198.758086726078,9.73451327433628
2021-03-03,7936,33,6043,21,1893,12,6775,25,58801,116,65576,141,1,158,13,166,19,7612,0,195,169,"Anderson",76978,150.692405622386,0.107482993197279,183.169217178934,42.8693912546442,215.646028735483,10.7482993197279
2021-03-04,7961,25,6056,13,1905,12,6792,17,58964,163,65756,180,0,158,13,179,12,7624,0,195,169,"Anderson",76978,161.084985320481,0.109395109395109,233.83304320715,32.4768115565486,232.533970744888,10.9395109395109
2021-03-05,7994,33,6073,17,1921,16,6814,22,59098,134,65912,156,0,158,18,197,15,7639,2,197,169,"Anderson",76978,188.365507027982,0.118787878787879,202.655304112863,42.8693912546442,255.917275065603,11.8787878787879
2021-03-06,8004,10,6078,5,1926,5,6822,8,59187,89,66009,97,0,158,-1,196,11,7650,0,197,169,"Anderson",76978,189.664579490244,0.121359223300971,126.010028839409,12.9907246226195,254.618202603341,12.1359223300971
2021-03-07,8010,6,6081,3,1929,3,6825,3,59226,39,66051,42,0,158,-10,186,16,7666,0,197,169,"Anderson",76978,179.271999792148,0.11734693877551,54.5610434150017,7.79443477357167,241.627477980722,11.734693877551
2021-03-08,8026,16,6088,7,1938,9,6834,9,59303,77,66137,86,1,159,-4,182,19,7685,0,197,169,"Anderson",76978,189.664579490244,0.113526570048309,111.720231754527,20.7851593961911,236.431188131674,11.3526570048309
2021-03-09,8047,21,6096,8,1951,13,6842,8,59368,65,66210,73,0,159,3,185,18,7703,3,200,170,"Anderson",76978,187.06643456572,0.118709677419355,94.832289745122,27.2805217075008,240.32840551846,11.8709677419355
2021-03-10,8069,22,6109,13,1960,9,6858,16,59525,157,66383,173,0,159,11,196,11,7714,1,201,170,"Anderson",76978,172.776637480839,0.102850061957869,224.739535971316,28.5795941697628,254.618202603341,10.2850061957869
2021-03-11,8092,23,6119,10,1973,13,6868,10,59622,97,66490,107,0,159,1,197,22,7736,1,202,171,"Anderson",76978,170.178492556315,0.103542234332425,139.000753462028,29.8786666320247,255.917275065603,10.3542234332425
2021-03-12,8112,20,6136,17,1976,3,6888,20,59728,106,66616,126,0,159,8,205,12,7748,0,202,171,"Anderson",76978,153.29055054691,0.105113636363636,163.683130245005,25.9814492452389,266.309854763699,10.5113636363636
2021-03-13,8123,11,6140,4,1983,7,6892,4,59804,76,66696,80,0,159,2,207,9,7757,1,203,171,"Anderson",76978,154.589623009171,0.101892285298399,103.925796980956,14.2897970848814,268.907999688223,10.1892285298399
2021-03-14,8129,6,6144,4,1985,2,6898,6,59840,36,66738,42,0,159,-13,194,19,7776,1,204,171,"Anderson",76978,154.589623009171,0.106259097525473,54.5610434150017,7.79443477357167,252.020057678817,10.6259097525473
2021-03-15,8147,18,6150,6,1997,12,6904,6,59873,33,66777,39,0,159,-9,185,27,7803,1,205,171,"Anderson",76978,157.187767933695,0.109375,50.6638260282159,23.383304320715,240.32840551846,10.9375
2021-03-16,8180,33,6163,13,2017,20,6919,15,59966,93,66885,108,0,159,-2,183,35,7838,2,207,171,"Anderson",76978,172.776637480839,0.114074074074074,140.29982592429,42.8693912546442,237.730260593936,11.4074074074074
2021-03-17,8197,17,6174,11,2023,6,6932,13,60053,87,66985,100,0,159,-5,178,22,7860,0,207,172,"Anderson",76978,166.281275169529,0.122923588039867,129.907246226195,22.0842318584531,231.234898282626,12.2923588039867
2021-03-18,8213,16,6186,12,2027,4,6947,15,60134,81,67081,96,1,160,-1,177,16,7876,0,207,172,"Anderson",76978,157.187767933695,0.133671742808799,124.710956377147,20.7851593961911,229.935825820364,13.3671742808799
2021-03-19,8237,24,6200,14,2037,10,6960,13,60253,119,67213,132,0,160,13,190,11,7887,1,208,172,"Anderson",76978,162.384057782743,0.120603015075377,171.477565018577,31.1777390942867,246.82376782977,12.0603015075377
2021-03-20,8249,12,6206,6,2043,6,6968,8,60292,39,67260,47,0,160,3,193,9,7896,1,209,172,"Anderson",76978,163.683130245005,0.134751773049645,61.0564057263114,15.5888695471433,250.720985216555,13.4751773049645
2021-03-21,8259,10,6212,6,2047,4,6975,7,60354,62,67329,69,-1,159,-5,188,16,7912,0,209,172,"Anderson",76978,168.879420094053,0.130287648054146,89.6359998960742,12.9907246226195,244.225622905246,13.0287648054146
2021-03-22,8265,6,6213,1,2052,5,6976,1,60420,66,67396,67,0,159,-9,179,15,7927,1,210,172,"Anderson",76978,153.29055054691,0.116316639741519,87.0378549715503,7.79443477357167,232.533970744888,11.6316639741519
2021-03-23,8271,6,6214,1,2057,5,6977,1,60463,43,67440,44,0,159,-15,164,21,7948,0,210,173,"Anderson",76978,118.215594065837,0.104504504504505,57.1591883395256,7.79443477357167,213.047883810959,10.4504504504505
2021-03-24,8279,8,6221,7,2058,1,6984,7,60584,121,67568,128,1,160,-11,153,18,7966,0,210,173,"Anderson",76978,106.523941905479,0.0891938250428816,166.281275169529,10.3925796980956,198.758086726078,8.91938250428817
2021-03-25,8289,10,6226,5,2063,5,6990,6,60685,101,67675,107,0,160,-10,143,20,7986,0,210,173,"Anderson",76978,98.7295071319078,0.0723905723905724,139.000753462028,12.9907246226195,185.767362103458,7.23905723905724
2021-03-26,8306,17,6238,12,2068,5,7001,11,60751,66,67752,77,0,160,2,145,15,8001,0,210,174,"Anderson",76978,89.6359998960742,0.0760667903525046,100.02857959417,22.0842318584531,188.365507027982,7.60667903525046
2021-03-27,8310,4,6242,4,2068,0,7007,6,60815,64,67822,70,1,161,-12,133,15,8016,2,212,174,"Anderson",76978,79.2434201979786,0.0693950177935943,90.9350723583361,5.19628984904778,172.776637480839,6.93950177935943
2021-03-28,8313,3,6242,0,2071,3,7007,0,60844,29,67851,29,1,162,-12,121,14,8030,0,212,175,"Anderson",76978,70.149912962145,0.0613026819923372,37.6731014055964,3.89721738678583,157.187767933695,6.13026819923372
2021-03-29,8328,15,6246,4,2082,11,7011,4,60930,86,67941,90,1,163,-16,105,30,8060,0,212,176,"Anderson",76978,81.8415651225025,0.0642201834862385,116.916521603575,19.4860869339292,136.402608537504,6.42201834862385
2021-03-30,8333,5,6249,3,2084,2,7014,3,60988,58,68002,61,1,164,-12,93,16,8076,0,212,176,"Anderson",76978,80.5424926602406,0.0658362989323843,79.2434201979787,6.49536231130973,120.813738990361,6.58362989323843
2021-03-31,8356,23,6263,14,2093,9,7030,16,61152,164,68182,180,1,165,10,103,12,8088,1,213,176,"Anderson",76978,100.02857959417,0.0749185667752443,233.83304320715,29.8786666320247,133.80446361298,7.49185667752443
2021-04-01,8365,9,6267,4,2098,5,7034,4,61209,57,68243,61,0,165,-8,95,17,8105,0,213,176,"Anderson",76978,98.7295071319078,0.0774647887323944,79.2434201979787,11.6916521603575,123.411883914885,7.74647887323944
2021-04-02,8374,9,6274,7,2100,2,7041,7,61279,70,68320,77,0,165,-1,94,10,8115,0,213,176,"Anderson",76978,88.3369274338123,0.0704225352112676,100.02857959417,11.6916521603575,122.112811452623,7.04225352112676
2021-04-03,8380,6,6279,5,2101,1,7047,6,61329,50,68376,56,0,165,-8,86,14,8129,0,213,176,"Anderson",76978,90.9350723583361,0.0722021660649819,72.7480578866689,7.79443477357167,111.720231754527,7.22021660649819
2021-04-04,8382,2,6281,2,2101,0,7049,2,61367,38,68416,40,0,165,-5,81,7,8136,0,213,176,"Anderson",76978,89.6359998960742,0.0743362831858407,51.9628984904778,2.59814492452389,105.224869443218,7.43362831858407
2021-04-05,8396,14,6284,3,2112,11,7051,2,61425,58,68476,60,0,165,4,85,10,8146,2,215,176,"Anderson",76978,88.3369274338123,0.0747663551401869,77.9443477357167,18.1870144716672,110.421159292265,7.47663551401869
2021-04-06,8401,5,6288,4,2113,1,7057,6,61467,42,68524,48,0,165,3,88,2,8148,0,215,176,"Anderson",76978,88.3369274338123,0.0823754789272031,62.3554781885734,6.49536231130973,114.318376679051,8.23754789272031
2021-04-07,8421,20,6301,13,2120,7,7071,14,61626,159,68697,173,0,165,10,98,10,8158,2,217,176,"Anderson",76978,84.4397100470264,0.0796116504854369,224.739535971316,25.9814492452389,127.309101301671,7.96116504854369
2021-04-08,8424,3,6303,2,2121,1,7074,3,61717,91,68791,94,5,170,-17,81,15,8173,1,218,176,"Anderson",76978,76.6452752734548,0.072992700729927,122.112811452623,3.89721738678583,105.224869443218,7.2992700729927
2021-04-09,8432,8,6309,6,2123,2,7083,9,61804,87,68887,96,-4,166,8,89,4,8177,0,218,176,"Anderson",76978,75.3462028111928,0.0740740740740741,124.710956377147,10.3925796980956,115.617449141313,7.40740740740741
2021-04-10,8437,5,6314,5,2123,0,7088,5,61875,71,68963,76,0,166,-6,83,11,8188,0,218,176,"Anderson",76978,74.0471303489309,0.0698466780238501,98.7295071319078,6.49536231130973,107.823014367741,6.98466780238501
2021-04-11,8444,7,6319,5,2125,2,7093,5,61919,44,69012,49,-1,165,0,83,8,8196,0,218,176,"Anderson",76978,80.5424926602406,0.0738255033557047,63.6545506508353,9.09350723583361,107.823014367741,7.38255033557047
2021-04-12,8447,3,6322,3,2125,0,7096,3,61988,69,69084,72,0,165,-7,76,10,8206,0,218,176,"Anderson",76978,66.2526955753592,0.0740131578947368,93.53321728286,3.89721738678583,98.7295071319078,7.40131578947368
2021-04-13,8457,10,6327,5,2130,5,7102,6,62049,61,69151,67,5,170,-7,69,12,8218,0,218,176,"Anderson",76978,72.7480578866689,0.0717703349282297,87.0378549715503,12.9907246226195,89.6359998960742,7.17703349282297
2021-04-14,8471,14,6336,9,2135,5,7113,11,62187,138,69300,149,0,170,7,76,7,8225,0,218,176,"Anderson",76978,64.9536231130973,0.0696517412935323,193.56179687703,18.1870144716672,98.7295071319078,6.96517412935323
2021-04-15,8480,9,6341,5,2139,4,7118,5,62268,81,69386,86,0,170,6,82,3,8228,0,218,176,"Anderson",76978,72.7480578866689,0.0739495798319328,111.720231754527,11.6916521603575,106.523941905479,7.39495798319328
2021-04-16,8493,13,6352,11,2141,2,7131,13,62421,153,69552,166,0,170,6,88,7,8235,0,218,176,"Anderson",76978,79.2434201979786,0.0721804511278196,215.646028735483,16.8879420094053,114.318376679051,7.21804511278196
2021-04-17,8498,5,6355,3,2143,2,7135,4,62486,65,69621,69,0,170,0,88,5,8240,0,218,176,"Anderson",76978,79.2434201979786,0.0714285714285714,89.6359998960742,6.49536231130973,114.318376679051,7.14285714285714
2021-04-18,8505,7,6361,6,2144,1,7141,6,62531,45,69672,51,0,170,0,88,7,8247,0,218,176,"Anderson",76978,79.2434201979786,0.0727272727272727,66.2526955753592,9.09350723583361,114.318376679051,7.27272727272727
2021-04-19,8511,6,6364,3,2147,3,7144,3,62554,23,69698,26,0,170,-6,82,12,8259,0,218,177,"Anderson",76978,83.1406375847645,0.0781758957654723,33.7758840188106,7.79443477357167,106.523941905479,7.81758957654723
2021-04-20,8517,6,6367,3,2150,3,7147,3,62653,99,69800,102,0,170,-1,81,7,8266,0,218,177,"Anderson",76978,77.9443477357167,0.0693374422187981,132.505391150718,7.79443477357167,105.224869443218,6.93374422187981
2021-04-21,8529,12,6373,6,2156,6,7153,6,62808,155,69961,161,1,171,-2,79,13,8279,0,218,177,"Anderson",76978,75.3462028111928,0.0605143721633888,209.150666424173,15.5888695471433,102.626724518694,6.05143721633888
2021-04-22,8547,18,6379,6,2168,12,7160,7,62952,144,70112,151,0,171,12,91,6,8285,0,218,177,"Anderson",76978,87.0378549715503,0.0578512396694215,196.159941801554,23.383304320715,118.215594065837,5.78512396694215
2021-04-23,8557,10,6384,5,2173,5,7166,6,63118,166,70284,172,0,171,8,99,2,8287,0,218,177,"Anderson",76978,83.1406375847645,0.0478142076502732,223.440463509055,12.9907246226195,128.608173763933,4.78142076502732
2021-04-24,8569,12,6390,6,2179,6,7173,7,63185,67,70358,74,0,171,8,107,4,8291,1,219,177,"Anderson",76978,92.2341448205981,0.0515603799185889,96.1313622073839,15.5888695471433,139.000753462028,5.15603799185889
2021-04-25,8573,4,6392,2,2181,2,7175,2,63225,40,70400,42,0,171,0,107,4,8295,0,219,177,"Anderson",76978,88.3369274338123,0.0467032967032967,54.5610434150017,5.19628984904778,139.000753462028,4.67032967032967
2021-04-26,8582,9,6396,4,2186,5,7179,4,63300,75,70479,79,0,171,2,109,7,8302,0,219,178,"Anderson",76978,92.2341448205981,0.0448143405889885,102.626724518694,11.6916521603575,141.598898386552,4.48143405889885
2021-04-27,8592,10,6402,6,2190,4,7185,6,63368,68,70553,74,0,171,-3,106,13,8315,0,219,178,"Anderson",76978,97.4304346696459,0.050464807436919,96.1313622073839,12.9907246226195,137.701680999766,5.0464807436919
2021-04-28,8609,17,6414,12,2195,5,7198,13,63506,138,70704,151,0,171,1,107,16,8331,1,220,179,"Anderson",76978,103.925796980956,0.0605652759084791,196.159941801554,22.0842318584531,139.000753462028,6.05652759084791
2021-04-29,8615,6,6416,2,2199,4,7201,3,63655,149,70856,152,0,171,-1,106,7,8338,0,220,179,"Anderson",76978,88.3369274338123,0.0551075268817204,197.459014263816,7.79443477357167,137.701680999766,5.51075268817204
2021-04-30,8622,7,6419,3,2203,4,7205,4,63777,122,70982,126,0,171,-2,104,9,8347,0,220,179,"Anderson",76978,84.4397100470264,0.0558739255014327,163.683130245005,9.09350723583361,135.103536075242,5.58739255014327
2021-05-01,8627,5,6422,3,2205,2,7208,3,63840,63,71048,66,0,171,-1,103,6,8353,1,221,179,"Anderson",76978,75.3462028111928,0.0507246376811594,85.7387825092884,6.49536231130973,133.80446361298,5.07246376811594
2021-05-02,8630,3,6423,1,2207,2,7209,1,63891,51,71100,52,0,171,-7,96,10,8363,0,221,179,"Anderson",76978,74.0471303489309,0.0485714285714286,67.5517680376211,3.89721738678583,124.710956377147,4.85714285714286
2021-05-03,8640,10,6428,5,2212,5,7214,5,63997,106,71211,111,0,171,-3,93,13,8376,0,221,179,"Anderson",76978,75.3462028111928,0.0478142076502732,144.197043311076,12.9907246226195,120.813738990361,4.78142076502732
2021-05-04,8642,2,6428,0,2214,2,7215,1,64073,76,71288,77,0,171,-11,82,13,8389,0,221,179,"Anderson",76978,64.9536231130973,0.0408163265306122,100.02857959417,2.59814492452389,106.523941905479,4.08163265306122
2021-05-05,8650,8,6432,4,2218,4,7218,3,64190,117,71408,120,0,171,-3,79,11,8400,0,221,179,"Anderson",76978,53.2619709527397,0.0284090909090909,155.888695471433,10.3925796980956,102.626724518694,2.84090909090909
2021-05-06,8655,5,6435,3,2220,2,7224,6,64242,52,71466,58,0,171,-4,75,9,8409,1,222,179,"Anderson",76978,51.9628984904778,0.0377049180327869,75.3462028111928,6.49536231130973,97.4304346696459,3.77049180327869
2021-05-07,8660,5,6437,2,2223,3,7227,3,64363,121,71590,124,0,171,-4,71,9,8418,0,222,179,"Anderson",76978,49.3647535659539,0.0361842105263158,161.084985320481,6.49536231130973,92.2341448205981,3.61842105263158
2021-05-08,8666,6,6440,3,2226,3,7229,2,64432,69,71661,71,0,171,-6,65,12,8430,1,223,180,"Anderson",76978,50.6638260282159,0.034257748776509,92.2341448205981,7.79443477357167,84.4397100470264,3.4257748776509
2021-05-09,8667,1,6440,0,2227,1,7230,1,64460,28,71690,29,0,171,-4,61,5,8435,0,223,180,"Anderson",76978,48.065681103692,0.0355932203389831,37.6731014055964,1.29907246226194,79.2434201979787,3.55932203389831
2021-05-10,8672,5,6440,0,2232,5,7230,0,64548,88,71778,88,0,171,-5,56,10,8445,0,223,180,"Anderson",76978,41.5703187923822,0.0282186948853616,114.318376679051,6.49536231130973,72.7480578866689,2.82186948853616
2021-05-11,8680,8,6441,1,2239,7,7232,2,64590,42,71822,44,0,171,3,59,5,8450,0,223,181,"Anderson",76978,49.3647535659539,0.0318352059925094,57.1591883395256,10.3925796980956,76.6452752734548,3.18352059925094
2021-05-12,8693,13,6448,7,2245,6,7238,6,64694,104,71932,110,0,171,8,67,5,8455,2,225,181,"Anderson",76978,55.8601158772636,0.0381679389312977,142.897970848814,16.8879420094053,87.0378549715503,3.81679389312977
2021-05-13,8697,4,6450,2,2247,2,7240,2,64797,103,72037,105,0,171,-3,64,7,8462,2,227,181,"Anderson",76978,54.5610434150017,0.0280210157618214,136.402608537504,5.19628984904778,83.1406375847645,2.80210157618214
2021-05-14,8705,8,6453,3,2252,5,7245,5,64884,87,72129,92,0,171,2,66,6,8468,0,227,181,"Anderson",76978,58.4582608017875,0.0333951762523191,119.514666528099,10.3925796980956,85.7387825092884,3.33951762523191
2021-05-15,8710,5,6455,2,2255,3,7247,2,64949,65,72196,67,0,171,1,67,4,8472,0,227,181,"Anderson",76978,57.1591883395256,0.0336448598130841,87.0378549715503,6.49536231130973,87.0378549715503,3.36448598130841
2021-05-16,8712,2,6456,1,2256,1,7248,1,64985,36,72233,37,0,171,-5,62,7,8479,0,227,181,"Anderson",76978,58.4582608017875,0.0331491712707182,48.065681103692,2.59814492452389,80.5424926602406,3.31491712707182
2021-05-17,8718,6,6461,5,2257,1,7253,5,65044,59,72297,64,1,172,0,62,5,8484,0,227,181,"Anderson",76978,59.7573332640495,0.0443159922928709,83.1406375847645,7.79443477357167,80.5424926602406,4.43159922928709
2021-05-18,8722,4,6461,0,2261,4,7253,0,65135,91,72388,91,0,172,0,62,4,8488,1,228,181,"Anderson",76978,54.5610434150017,0.0371024734982332,118.215594065837,5.19628984904778,80.5424926602406,3.71024734982332
2021-05-19,8729,7,6466,5,2263,2,7259,6,65254,119,72513,125,0,172,5,67,2,8490,0,228,181,"Anderson",76978,46.76660864143,0.036144578313253,162.384057782743,9.09350723583361,87.0378549715503,3.6144578313253
2021-05-20,8731,2,6468,2,2263,0,7261,2,65373,119,72634,121,0,172,-1,66,3,8493,0,228,181,"Anderson",76978,44.1684637169061,0.0351758793969849,157.187767933695,2.59814492452389,85.7387825092884,3.51758793969849
2021-05-21,8733,2,6468,0,2265,2,7261,0,65443,70,72704,70,0,172,-7,59,9,8502,0,228,181,"Anderson",76978,36.3740289433345,0.0278260869565217,90.9350723583361,2.59814492452389,76.6452752734548,2.78260869565217
2021-05-22,8738,5,6470,2,2268,3,7263,2,65483,40,72746,42,0,172,-3,56,8,8510,0,228,181,"Anderson",76978,36.3740289433345,0.0290909090909091,54.5610434150017,6.49536231130973,72.7480578866689,2.90909090909091
2021-05-23,8738,0,6470,0,2268,0,7263,0,65512,29,72775,29,0,172,-3,53,3,8513,0,228,181,"Anderson",76978,33.7758840188106,0.0276752767527675,37.6731014055964,0,68.8508404998831,2.76752767527675
2021-05-24,8746,8,6474,4,2272,4,7266,3,65571,59,72837,62,0,172,1,54,7,8520,0,228,181,"Anderson",76978,36.3740289433345,0.0240740740740741,80.5424926602406,10.3925796980956,70.149912962145,2.40740740740741
2021-05-25,8748,2,6474,0,2274,2,7267,1,65616,45,72883,46,0,172,-10,44,12,8532,0,228,181,"Anderson",76978,33.7758840188106,0.0282828282828283,59.7573332640495,2.59814492452389,57.1591883395256,2.82828282828283
2021-05-26,8755,7,6479,5,2276,2,7273,6,65716,100,72989,106,0,172,0,44,7,8539,0,228,181,"Anderson",76978,33.7758840188106,0.0294117647058824,137.701680999766,9.09350723583361,57.1591883395256,2.94117647058824
2021-05-27,8757,2,6480,1,2277,1,7274,1,65766,50,73040,51,0,172,-1,43,3,8542,1,229,181,"Anderson",76978,33.7758840188106,0.0320197044334975,66.2526955753592,2.59814492452389,55.8601158772636,3.20197044334975
2021-05-28,8762,5,6484,4,2278,1,7279,5,65849,83,73128,88,0,172,0,43,5,8547,0,229,181,"Anderson",76978,37.6731014055964,0.0424528301886792,114.318376679051,6.49536231130973,55.8601158772636,4.24528301886792
2021-05-29,8763,1,6484,0,2279,1,7279,0,65886,37,73165,37,0,172,-5,38,6,8553,0,229,181,"Anderson",76978,32.4768115565486,0.0381861575178998,48.065681103692,1.29907246226194,49.3647535659539,3.81861575178998
2021-05-30,8766,3,6485,1,2281,2,7280,1,65936,50,73216,51,0,172,0,38,3,8556,0,229,181,"Anderson",76978,36.3740289433345,0.0385487528344671,66.2526955753592,3.89721738678583,49.3647535659539,3.85487528344671
2021-05-31,8770,4,6488,3,2282,1,7283,3,65987,51,73270,54,0,172,1,39,3,8559,0,229,181,"Anderson",76978,31.1777390942867,0.0392609699769053,70.149912962145,5.19628984904778,50.6638260282159,3.92609699769053
2021-06-01,8773,3,6490,2,2283,1,7284,1,66035,48,73319,49,0,172,1,40,2,8561,1,230,181,"Anderson",76978,32.4768115565486,0.0389908256880734,63.6545506508353,3.89721738678583,51.9628984904778,3.89908256880734
2021-06-02,8777,4,6491,1,2286,3,7286,2,66076,41,73362,43,0,172,-2,38,6,8567,0,230,181,"Anderson",76978,28.5795941697628,0.0348525469168901,55.8601158772636,5.19628984904778,49.3647535659539,3.48525469168901
2021-06-03,8778,1,6491,0,2287,1,7289,3,66166,90,73455,93,1,173,-3,35,3,8570,0,230,182,"Anderson",76978,27.2805217075008,0.036144578313253,120.813738990361,1.29907246226194,45.4675361791681,3.6144578313253
2021-06-04,8779,1,6492,1,2287,0,7291,2,66219,53,73510,55,-1,172,-2,33,4,8574,0,230,182,"Anderson",76978,22.0842318584531,0.031413612565445,71.448985424407,1.29907246226194,42.8693912546442,3.1413612565445
2021-06-05,8780,1,6493,1,2287,0,7292,1,66276,57,73568,58,0,172,-3,30,4,8578,0,230,182,"Anderson",76978,22.0842318584531,0.032258064516129,75.3462028111928,1.29907246226194,38.9721738678584,3.2258064516129
2021-06-06,8780,0,6493,0,2287,0,7292,0,66301,25,73593,25,0,172,-4,26,4,8582,0,230,182,"Anderson",76978,18.1870144716672,0.0318302387267905,32.4768115565486,0,33.7758840188106,3.18302387267904
2021-06-07,8781,1,6493,0,2288,1,7292,0,66365,64,73657,64,0,172,-1,25,2,8584,0,230,182,"Anderson",76978,14.2897970848814,0.0232558139534884,83.1406375847645,1.29907246226194,32.4768115565486,2.32558139534884
2021-06-08,8782,1,6493,0,2289,1,7292,0,66402,37,73694,37,0,172,-1,24,2,8586,1,231,183,"Anderson",76978,11.6916521603575,0.0213333333333333,48.065681103692,1.29907246226194,31.1777390942867,2.13333333333333
2021-06-09,8782,0,6493,0,2289,0,7292,0,66484,82,73776,82,0,172,-4,20,4,8590,0,231,183,"Anderson",76978,6.49536231130972,0.0144927536231884,106.523941905479,0,25.9814492452389,1.44927536231884
2021-06-10,8786,4,6494,1,2292,3,7293,1,66541,57,73834,58,0,172,4,24,0,8590,0,231,183,"Anderson",76978,10.3925796980956,0.0105540897097625,75.3462028111928,5.19628984904778,31.1777390942867,1.05540897097625
2021-06-11,8787,1,6494,0,2293,1,7294,1,66596,55,73890,56,1,173,-3,21,3,8593,0,231,183,"Anderson",76978,10.3925796980956,0.00789473684210526,72.7480578866689,1.29907246226194,27.2805217075008,0.789473684210526
2021-06-12,8788,1,6494,0,2294,1,7295,1,66651,55,73946,56,2,175,-4,17,3,8596,0,231,183,"Anderson",76978,10.3925796980956,0.00793650793650794,72.7480578866689,1.29907246226194,22.0842318584531,0.793650793650794
2021-06-13,8789,1,6494,0,2295,1,7296,1,66689,38,73985,39,0,175,-3,14,4,8600,0,231,183,"Anderson",76978,11.6916521603575,0.0102040816326531,50.6638260282159,1.29907246226194,18.1870144716672,1.02040816326531
2021-06-14,8791,2,6496,2,2295,0,7298,2,66775,86,74073,88,0,175,1,15,1,8601,0,231,183,"Anderson",76978,12.9907246226194,0.0144230769230769,114.318376679051,2.59814492452389,19.4860869339292,1.44230769230769
2021-06-15,8791,0,6496,0,2295,0,7299,1,66806,31,74105,32,0,175,-2,13,2,8603,0,231,183,"Anderson",76978,11.6916521603575,0.0170316301703163,41.5703187923822,0,16.8879420094053,1.70316301703163
2021-06-16,8792,1,6497,1,2295,0,7300,1,66850,44,74150,45,0,175,0,13,1,8604,0,231,183,"Anderson",76978,12.9907246226194,0.0213903743315508,58.4582608017875,1.29907246226194,16.8879420094053,2.13903743315508
2021-06-17,8792,0,6497,0,2295,0,7300,0,66936,86,74236,86,0,175,-1,12,1,8605,0,231,183,"Anderson",76978,7.79443477357167,0.0174129353233831,111.720231754527,0,15.5888695471433,1.74129353233831
2021-06-18,8794,2,6498,1,2296,1,7304,4,66986,50,74290,54,0,175,1,13,1,8606,0,231,183,"Anderson",76978,9.09350723583361,0.025,70.149912962145,2.59814492452389,16.8879420094053,2.5
2021-06-19,8794,0,6498,0,2296,0,7304,0,67034,48,74338,48,0,175,-1,12,1,8607,0,231,183,"Anderson",76978,7.79443477357167,0.0229591836734694,62.3554781885734,0,15.5888695471433,2.29591836734694
2021-06-20,8794,0,6498,0,2296,0,7305,1,67057,23,74362,24,0,175,-2,10,2,8609,0,231,183,"Anderson",76978,6.49536231130972,0.0238726790450928,31.1777390942867,0,12.9907246226195,2.38726790450928
2021-06-21,8795,1,6498,0,2297,1,7305,0,67097,40,74402,40,0,175,0,10,1,8610,0,231,183,"Anderson",76978,5.19628984904778,0.0212765957446809,51.9628984904778,1.29907246226194,12.9907246226195,2.12765957446809
2021-06-22,8799,4,6499,1,2300,3,7305,0,67139,42,74444,42,0,175,2,12,2,8612,1,232,183,"Anderson",76978,10.3925796980956,0.0176991150442478,54.5610434150017,5.19628984904778,15.5888695471433,1.76991150442478
2021-06-23,8800,1,6500,1,2300,0,7306,1,67187,48,74493,49,0,175,1,13,0,8612,0,232,183,"Anderson",76978,10.3925796980956,0.0174927113702624,63.6545506508353,1.29907246226194,16.8879420094053,1.74927113702624
2021-06-24,8800,0,6500,0,2300,0,7307,1,67232,45,74539,46,0,175,-3,10,3,8615,0,232,183,"Anderson",76978,10.3925796980956,0.0231023102310231,59.7573332640495,0,12.9907246226195,2.31023102310231
2021-06-25,8801,1,6501,1,2300,0,7308,1,67268,36,74576,37,0,175,1,11,0,8615,0,232,183,"Anderson",76978,9.09350723583361,0.013986013986014,48.065681103692,1.29907246226194,14.2897970848814,1.3986013986014
2021-06-26,8802,1,6502,1,2300,0,7309,1,67301,33,74610,34,0,175,0,11,1,8616,0,232,183,"Anderson",76978,10.3925796980956,0.0183823529411765,44.1684637169061,1.29907246226194,14.2897970848814,1.83823529411765
2021-06-27,8802,0,6502,0,2300,0,7309,0,67333,32,74642,32,0,175,0,11,0,8616,0,232,183,"Anderson",76978,10.3925796980956,0.0142857142857143,41.5703187923822,0,14.2897970848814,1.42857142857143
2021-06-28,8803,1,6502,0,2301,1,7310,1,67349,16,74659,17,0,175,1,12,0,8616,0,232,183,"Anderson",76978,10.3925796980956,0.0194552529182879,22.0842318584531,1.29907246226194,15.5888695471433,1.94552529182879
2021-06-29,8806,3,6505,3,2301,0,7313,3,67408,59,74721,62,0,175,2,14,1,8617,0,232,183,"Anderson",76978,9.09350723583361,0.0288808664259928,80.5424926602406,3.89721738678583,18.1870144716672,2.88808664259928
2021-06-30,8806,0,6505,0,2301,0,7313,0,67454,46,74767,46,0,175,-1,13,1,8618,0,232,183,"Anderson",76978,7.79443477357167,0.0255474452554745,59.7573332640495,0,16.8879420094053,2.55474452554745
2021-07-01,8807,1,6506,1,2301,0,7314,1,67491,37,74805,38,0,175,1,14,0,8618,0,232,183,"Anderson",76978,9.09350723583361,0.0263157894736842,49.3647535659539,1.29907246226194,18.1870144716672,2.63157894736842
2021-07-02,8807,0,6506,0,2301,0,7314,0,67534,43,74848,43,0,175,0,14,0,8618,0,232,183,"Anderson",76978,7.79443477357167,0.0220588235294118,55.8601158772636,0,18.1870144716672,2.20588235294118
2021-07-03,8807,0,6506,0,2301,0,7314,0,67555,21,74869,21,0,175,-1,13,1,8619,0,232,183,"Anderson",76978,6.49536231130972,0.0193050193050193,27.2805217075008,0,16.8879420094053,1.93050193050193
2021-07-04,8808,1,6506,0,2302,1,7315,1,67580,25,74895,26,0,175,0,13,1,8620,0,232,183,"Anderson",76978,7.79443477357167,0.0237154150197628,33.7758840188106,1.29907246226194,16.8879420094053,2.37154150197628
2021-07-05,8808,0,6506,0,2302,0,7316,1,67595,15,74911,16,0,175,-1,12,1,8621,0,232,183,"Anderson",76978,6.49536231130972,0.0238095238095238,20.7851593961911,0,15.5888695471433,2.38095238095238
2021-07-06,8809,1,6506,0,2303,1,7316,0,67625,30,74941,30,1,176,-3,9,3,8624,0,232,183,"Anderson",76978,3.89721738678583,0.0136363636363636,38.9721738678584,1.29907246226194,11.6916521603575,1.36363636363636
2021-07-07,8810,1,6506,0,2304,1,7316,0,67671,46,74987,46,0,176,-2,7,3,8627,0,232,183,"Anderson",76978,5.19628984904778,0.0136363636363636,59.7573332640495,1.29907246226194,9.09350723583361,1.36363636363636
2021-07-08,8811,1,6507,1,2304,0,7317,1,67712,41,75029,42,0,176,-1,6,2,8629,0,232,183,"Anderson",76978,5.19628984904778,0.0133928571428571,54.5610434150017,1.29907246226194,7.79443477357167,1.33928571428571
2021-07-09,8813,2,6508,1,2305,1,7318,1,67756,44,75074,45,0,176,1,7,1,8630,0,232,183,"Anderson",76978,7.79443477357167,0.0176991150442478,58.4582608017875,2.59814492452389,9.09350723583361,1.76991150442478
2021-07-10,8815,2,6509,1,2306,1,7319,1,67778,22,75097,23,0,176,2,9,0,8630,1,233,183,"Anderson",76978,10.3925796980956,0.0219298245614035,29.8786666320247,2.59814492452389,11.6916521603575,2.19298245614035
2021-07-11,8815,0,6509,0,2306,0,7319,0,67793,15,75112,15,0,176,0,9,0,8630,0,233,183,"Anderson",76978,9.09350723583361,0.0184331797235023,19.4860869339292,0,11.6916521603575,1.84331797235023
2021-07-12,8823,8,6513,4,2310,4,7323,4,67829,36,75152,40,0,176,7,16,1,8631,1,234,183,"Anderson",76978,19.4860869339292,0.029045643153527,51.9628984904778,10.3925796980956,20.7851593961911,2.9045643153527
2021-07-13,8824,1,6513,0,2311,1,7323,0,67850,21,75173,21,0,176,0,16,1,8632,0,234,185,"Anderson",76978,19.4860869339292,0.0301724137931034,27.2805217075008,1.29907246226194,20.7851593961911,3.01724137931034
2021-07-14,8829,5,6518,5,2311,0,7328,5,67904,54,75232,59,0,176,5,21,0,8632,1,235,185,"Anderson",76978,24.682376782977,0.0489795918367347,76.6452752734548,6.49536231130973,27.2805217075008,4.89795918367347
2021-07-15,8832,3,6521,3,2311,0,7330,2,67937,33,75267,35,0,176,3,24,0,8632,0,235,185,"Anderson",76978,27.2805217075008,0.0546218487394958,45.4675361791681,3.89721738678583,31.1777390942867,5.46218487394958
2021-07-16,8842,10,6523,2,2319,8,7331,1,67965,28,75296,29,0,176,10,34,0,8632,0,235,185,"Anderson",76978,37.6731014055964,0.0585585585585586,37.6731014055964,12.9907246226195,44.1684637169061,5.85585585585586
2021-07-17,8847,5,6524,1,2323,4,7332,1,68001,36,75333,37,0,176,4,38,1,8633,0,235,185,"Anderson",76978,41.5703187923822,0.0550847457627119,48.065681103692,6.49536231130973,49.3647535659539,5.50847457627119
2021-07-18,8850,3,6526,2,2324,1,7334,2,68021,20,75355,22,0,176,-1,37,4,8637,0,235,185,"Anderson",76978,45.4675361791681,0.0617283950617284,28.5795941697628,3.89721738678583,48.065681103692,6.17283950617284
2021-07-19,8855,5,6530,4,2325,1,7338,4,68055,34,75393,38,1,177,2,39,2,8639,0,235,185,"Anderson",76978,41.5703187923822,0.0622406639004149,49.3647535659539,6.49536231130973,50.6638260282159,6.22406639004149
2021-07-20,8870,15,6541,11,2329,4,7349,11,68090,35,75439,46,0,177,10,49,5,8644,1,236,185,"Anderson",76978,59.7573332640495,0.0977443609022556,59.7573332640495,19.4860869339292,63.6545506508353,9.77443609022556
2021-07-21,8877,7,6545,4,2332,3,7354,5,68175,85,75529,90,0,177,5,54,2,8646,0,236,186,"Anderson",76978,62.3554781885734,0.0875420875420875,116.916521603575,9.09350723583361,70.149912962145,8.75420875420875
2021-07-22,8887,10,6550,5,2337,5,7358,4,68231,56,75589,60,0,177,9,63,1,8647,0,236,186,"Anderson",76978,71.448985424407,0.0869565217391304,77.9443477357167,12.9907246226195,81.8415651225025,8.69565217391304
2021-07-23,8897,10,6554,4,2343,6,7363,5,68302,71,75665,76,0,177,10,73,0,8647,0,236,186,"Anderson",76978,71.448985424407,0.0867208672086721,98.7295071319078,12.9907246226195,94.832289745122,8.67208672086721
2021-07-24,8905,8,6558,4,2347,4,7367,4,68356,54,75723,58,0,177,7,80,1,8648,0,236,187,"Anderson",76978,75.3462028111928,0.0897435897435897,75.3462028111928,10.3925796980956,103.925796980956,8.97435897435897
2021-07-25,8910,5,6561,3,2349,2,7368,1,68378,22,75746,23,0,177,2,82,3,8651,0,236,187,"Anderson",76978,77.9443477357167,0.0869565217391304,29.8786666320247,6.49536231130973,106.523941905479,8.69565217391304
2021-07-26,8933,23,6570,9,2363,14,7376,8,68428,50,75804,58,2,179,13,95,8,8659,0,236,187,"Anderson",76978,101.327652056432,0.0924574209245742,75.3462028111928,29.8786666320247,123.411883914885,9.24574209245742
2021-07-27,8948,15,6575,5,2373,10,7381,5,68481,53,75862,58,0,179,12,107,3,8662,0,236,187,"Anderson",76978,101.327652056432,0.0756501182033097,75.3462028111928,19.4860869339292,139.000753462028,7.56501182033097
2021-07-28,8968,20,6583,8,2385,12,7393,12,68564,83,75957,95,0,179,14,121,6,8668,0,236,187,"Anderson",76978,118.215594065837,0.0911214953271028,123.411883914885,25.9814492452389,157.187767933695,9.11214953271028
2021-07-29,8980,12,6593,10,2387,2,7405,12,68613,49,76018,61,0,179,8,129,4,8672,0,236,187,"Anderson",76978,120.813738990361,0.10955710955711,79.2434201979787,15.5888695471433,167.580347631791,10.955710955711
2021-07-30,9011,31,6614,21,2397,10,7428,23,68662,49,76090,72,0,179,19,148,12,8684,1,237,187,"Anderson",76978,148.094260697862,0.152941176470588,93.53321728286,40.2712463301203,192.262724414768,15.2941176470588
2021-07-31,9024,13,6620,6,2404,7,7434,6,68704,42,76138,48,0,179,8,156,5,8689,0,237,187,"Anderson",76978,154.589623009171,0.16144578313253,62.3554781885734,16.8879420094053,202.655304112863,16.144578313253
2021-08-01,9043,19,6631,11,2412,8,7449,15,68743,39,76192,54,0,179,14,170,5,8694,0,237,187,"Anderson",76978,172.776637480839,0.181614349775785,70.149912962145,24.682376782977,220.842318584531,18.1614349775785
2021-08-02,9054,11,6636,5,2418,6,7454,5,68822,79,76276,84,0,179,3,173,8,8702,0,237,187,"Anderson",76978,157.187767933695,0.165254237288136,109.122086830003,14.2897970848814,224.739535971316,16.5254237288136
2021-08-03,9077,23,6647,11,2430,12,7467,13,68894,72,76361,85,0,179,14,187,9,8711,1,238,187,"Anderson",76978,167.580347631791,0.172344689378758,110.421159292265,29.8786666320247,242.926550442984,17.2344689378758
2021-08-04,9103,26,6669,22,2434,4,7488,21,68996,102,76484,123,0,179,24,211,2,8713,0,238,187,"Anderson",76978,175.374782405363,0.180265654648956,159.785912858219,33.7758840188106,274.10428953727,18.0265654648956
2021-08-05,9133,30,6685,16,2448,14,7504,16,69094,98,76598,114,0,179,13,224,17,8730,1,239,187,"Anderson",76978,198.758086726078,0.170689655172414,148.094260697862,38.9721738678584,290.992231546676,17.0689655172414
2021-08-06,9158,25,6701,16,2457,9,7522,18,69237,143,76759,161,0,179,17,241,8,8738,1,240,187,"Anderson",76978,190.963651952506,0.14050822122571,209.150666424173,32.4768115565486,313.076463405129,14.050822122571
2021-08-07,9171,13,6707,6,2464,7,7529,7,69312,75,76841,82,0,179,5,246,8,8746,0,240,187,"Anderson",76978,190.963651952506,0.135135135135135,106.523941905479,16.8879420094053,319.571825716438,13.5135135135135
2021-08-08,9185,14,6715,8,2470,6,7539,10,69364,52,76903,62,0,179,6,252,8,8754,0,240,187,"Anderson",76978,184.468289641196,0.126582278481013,80.5424926602406,18.1870144716672,327.36626049001,12.6582278481013
2021-08-09,9221,36,6734,19,2487,17,7558,19,69463,99,77021,118,0,179,16,268,20,8774,0,240,187,"Anderson",76978,216.945101197745,0.139597315436242,153.29055054691,46.76660864143,348.151419886201,13.9597315436242
2021-08-10,9260,39,6754,20,2506,19,7578,20,69563,100,77141,120,0,179,20,288,19,8793,2,242,187,"Anderson",76978,237.730260593936,0.142307692307692,155.888695471433,50.6638260282159,374.13286913144,14.2307692307692
2021-08-11,9314,54,6778,24,2536,30,7607,29,69695,132,77302,161,0,179,30,318,24,8817,1,243,187,"Anderson",76978,274.10428953727,0.145476772616137,209.150666424173,70.149912962145,413.105042999298,14.5476772616137
2021-08-12,9362,48,6814,36,2548,12,7644,37,69863,168,77507,205,0,179,27,345,21,8838,0,243,189,"Anderson",76978,297.487593857985,0.154015401540154,266.309854763699,62.3554781885734,448.179999480371,15.4015401540154
2021-08-13,9425,63,6849,35,2576,28,7682,38,69977,114,77659,152,2,181,45,390,16,8854,1,244,190,"Anderson",76978,346.852347423939,0.177777777777778,197.459014263816,81.8415651225025,506.638260282159,17.7777777777778
2021-08-14,9475,50,6884,35,2591,15,7714,32,70163,186,77877,218,0,181,29,419,21,8875,0,244,190,"Anderson",76978,394.918028527631,0.178571428571429,283.197796773104,64.9536231130973,544.311361687755,17.8571428571429
2021-08-15,9498,23,6897,13,2601,10,7729,15,70252,89,77981,104,0,181,16,435,7,8882,0,244,190,"Anderson",76978,406.609680687989,0.176252319109462,135.103536075242,29.8786666320247,565.096521083946,17.6252319109462
2021-08-16,9536,38,6921,24,2615,14,7753,24,70341,89,78094,113,0,181,11,446,27,8909,0,244,191,"Anderson",76978,409.207825612513,0.181733457595527,146.7951882356,49.3647535659539,579.386318168827,18.1733457595527
2021-08-17,9579,43,6942,21,2637,22,7777,24,70449,108,78226,132,1,182,14,460,28,8937,0,244,191,"Anderson",76978,414.40411546156,0.183410138248848,171.477565018577,55.8601158772636,597.573332640495,18.3410138248848
2021-08-18,9631,52,6969,27,2662,25,7808,31,70561,112,78369,143,0,182,15,475,37,8974,0,244,191,"Anderson",76978,411.805970537037,0.188378631677601,185.767362103458,67.5517680376211,617.059419574424,18.8378631677601
2021-08-19,9705,74,7002,33,2703,41,7843,35,70713,152,78556,187,0,182,48,523,26,9000,0,244,191,"Anderson",76978,445.581854555847,0.189704480457579,242.926550442984,96.1313622073839,679.414897762997,18.9704480457579
2021-08-20,9765,60,7044,42,2721,18,7887,44,70907,194,78794,238,0,182,27,550,33,9033,2,246,191,"Anderson",76978,441.684637169061,0.180616740088106,309.179246018343,77.9443477357167,714.48985424407,18.0616740088106
2021-08-21,9846,81,7077,33,2769,48,7921,34,71181,274,79102,308,0,182,60,610,21,9054,1,247,191,"Anderson",76978,481.955883499182,0.168979591836735,400.114318376679,105.224869443218,792.434201979786,16.8979591836735
2021-08-22,9869,23,7099,22,2770,1,7949,28,71337,156,79286,184,0,182,-2,608,25,9079,0,247,191,"Anderson",76978,481.955883499182,0.168582375478927,239.029333056198,29.8786666320247,789.836057055263,16.8582375478927
2021-08-23,9917,48,7113,14,2804,34,7966,17,71472,135,79438,152,0,182,-4,604,52,9131,2,249,192,"Anderson",76978,494.946608121801,0.158482142857143,197.459014263816,62.3554781885734,784.639767206215,15.8482142857143
2021-08-24,9961,44,7140,27,2821,17,7990,24,71558,86,79548,110,1,183,-23,581,66,9197,0,249,193,"Anderson",76978,496.245680584063,0.161119515885023,142.897970848814,57.1591883395256,754.76110057419,16.1119515885023
2021-08-25,10032,71,7166,26,2866,45,8012,22,71602,44,79614,66,0,183,15,596,56,9253,1,250,193,"Anderson",76978,520.92805736704,0.163855421686747,85.7387825092884,92.2341448205981,774.247187508119,16.3855421686747
2021-08-26,10100,68,7202,36,2898,32,8056,44,71774,172,79830,216,1,184,15,611,52,9305,2,252,194,"Anderson",76978,513.133622593468,0.167189952904239,280.59965184858,88.3369274338123,793.733274442048,16.7189952904239
2021-08-27,10175,75,7257,55,2918,20,8117,61,71951,177,80068,238,0,184,30,641,45,9350,0,252,194,"Anderson",76978,532.619709527397,0.180533751962323,309.179246018343,97.4304346696459,832.705448309907,18.0533751962323
2021-08-28,10234,59,7289,32,2945,27,8157,40,72155,204,80312,244,0,184,31,672,28,9378,0,252,194,"Anderson",76978,504.040115357635,0.19504132231405,316.973680791915,76.6452752734548,872.976694640027,19.504132231405
2021-08-29,10298,64,7338,49,2960,15,8211,54,72366,211,80577,265,0,184,40,712,24,9402,1,253,195,"Anderson",76978,557.302086310374,0.20294345468629,344.254202499415,83.1406375847645,924.939593130505,20.294345468629
2021-08-30,10369,71,7384,46,2985,25,8259,48,72592,226,80851,274,0,184,3,715,68,9470,3,256,195,"Anderson",76978,587.180752942399,0.207360226468507,355.945854659773,92.2341448205981,928.836810517291,20.7360226468507
2021-08-31,10503,134,7466,82,3037,52,8346,87,72849,257,81195,344,0,184,48,763,86,9556,0,256,196,"Anderson",76978,704.097274545974,0.216150576806314,446.880927018109,174.075709943101,991.192288705864,21.6150576806314
2021-09-01,10534,31,7488,22,3046,9,8370,24,72940,91,81310,115,0,184,-17,746,48,9604,0,256,197,"Anderson",76978,652.134376055496,0.211084905660377,149.393333160124,40.2712463301203,969.108056847411,21.1084905660377
2021-09-02,10593,59,7514,26,3079,33,8399,29,73041,101,81440,130,1,185,-9,737,67,9671,0,256,197,"Anderson",76978,640.442723895139,0.21304347826087,168.879420094053,76.6452752734548,957.416404687054,21.304347826087
2021-09-03,10622,29,7532,18,3090,11,8417,18,73114,73,81531,91,0,185,-38,699,67,9738,0,256,197,"Anderson",76978,580.685390631089,0.205058099794942,118.215594065837,37.6731014055964,908.0516511211,20.5058099794942
2021-09-04,10729,107,7602,70,3127,37,8493,76,73435,321,81928,397,0,185,77,776,30,9768,1,257,197,"Anderson",76978,643.040868819663,0.207920792079208,515.731767517992,139.000753462028,1008.08023071527,20.7920792079208
2021-09-05,10841,112,7676,74,3165,38,8569,76,73739,304,82308,380,0,185,76,852,36,9804,1,258,198,"Anderson",76978,705.396347008236,0.20681686886193,493.647535659539,145.496115773338,1106.80973784718,20.681686886193
2021-09-06,10956,115,7753,77,3203,38,8656,87,74146,407,82802,494,0,185,-5,847,120,9924,3,261,199,"Anderson",76978,762.555535347762,0.203485392106612,641.741796357401,149.393333160124,1100.31437553587,20.3485392106612
2021-09-07,10993,37,7773,20,3220,17,8674,18,74245,99,82919,117,0,185,-73,774,110,10034,0,261,199,"Anderson",76978,636.545506508353,0.190255220417633,151.991478084648,48.065681103692,1005.48208579075,19.0255220417633
2021-09-08,11034,41,7804,31,3230,10,8706,32,74352,107,83058,139,0,185,-57,717,98,10132,2,263,202,"Anderson",76978,649.536231130973,0.192219679633867,180.57107225441,53.2619709527397,931.434955441815,19.2219679633867
2021-09-09,11092,58,7825,21,3267,37,8724,18,74558,206,83282,224,0,185,-41,676,99,10231,1,264,205,"Anderson",76978,648.237158668711,0.176438653637351,290.992231546676,75.3462028111928,878.172984489075,17.6438653637351
2021-09-10,11244,152,7898,73,3346,79,8805,81,74851,293,83656,374,1,186,65,741,86,10317,2,266,206,"Anderson",76978,808.02307152693,0.182588235294118,485.853100885967,197.459014263816,962.612694536101,18.2588235294118
2021-09-11,11359,115,7960,62,3399,53,8874,69,75197,346,84071,415,0,186,82,823,33,10350,1,267,206,"Anderson",76978,818.415651225025,0.177788147456836,539.115071838707,149.393333160124,1069.13663644158,17.7788147456836
2021-09-12,11397,38,7992,32,3405,6,8909,35,75340,143,84249,178,0,186,5,828,33,10383,4,271,207,"Anderson",76978,722.284289017641,0.175167439464194,231.234898282626,49.3647535659539,1075.63199875289,17.5167439464194
2021-09-13,11485,88,8026,34,3459,54,8943,34,75470,130,84413,164,4,190,-47,781,131,10514,3,274,207,"Anderson",76978,687.209332536569,0.178150217256363,213.047883810959,114.318376679051,1014.57559302658,17.8150217256363
2021-09-14,11545,60,8056,30,3489,30,8978,35,75629,159,84607,194,1,191,-47,734,106,10620,1,275,207,"Anderson",76978,717.087999168594,0.180094786729858,252.020057678817,77.9443477357167,953.519187300268,18.0094786729858
2021-09-15,11585,40,8072,16,3513,24,8992,14,75690,61,84682,75,0,191,-42,692,82,10702,1,276,208,"Anderson",76978,715.788926706332,0.176108374384236,97.4304346696459,51.9628984904778,898.958143885266,17.6108374384236
2021-09-16,11671,86,8126,54,3545,32,9048,56,75912,222,84960,278,0,191,26,718,60,10762,1,277,208,"Anderson",76978,752.162955649666,0.193087008343266,361.142144508821,111.720231754527,932.734027904076,19.3087008343266
2021-09-17,11744,73,8168,42,3576,31,9085,37,76075,163,85160,200,0,191,15,733,58,10820,1,278,212,"Anderson",76978,649.536231130973,0.186170212765957,259.814492452389,94.832289745122,952.220114838006,18.6170212765957
2021-09-18,11796,52,8198,30,3598,22,9118,33,76229,154,85347,187,0,191,7,740,45,10865,1,279,213,"Anderson",76978,567.69466600847,0.191222570532915,242.926550442984,67.5517680376211,961.313622073839,19.1222570532915
2021-09-19,11819,23,8207,9,3612,14,9128,10,76297,68,85425,78,0,191,-18,722,41,10906,0,279,213,"Anderson",76978,548.208579074541,0.186224489795918,101.327652056432,29.8786666320247,937.930317753124,18.6224489795918
2021-09-20,11882,63,8242,35,3640,28,9164,36,76483,186,85647,222,0,191,25,747,38,10944,3,282,213,"Anderson",76978,515.731767517992,0.179092382495948,288.394086622152,81.8415651225025,970.407129309673,17.9092382495948
2021-09-21,11936,54,8268,26,3668,28,9188,24,76601,118,85789,142,0,191,-55,692,109,11053,1,283,214,"Anderson",76978,507.93733274442,0.177664974619289,184.468289641196,70.149912962145,898.958143885266,17.7664974619289
2021-09-22,11987,51,8302,34,3685,17,9228,40,76873,272,86101,312,0,191,-39,653,90,11143,0,283,216,"Anderson",76978,522.227129829302,0.16631430584919,405.310608225727,66.2526955753592,848.29431785705,16.631430584919
2021-09-23,12062,75,8350,48,3712,27,9279,51,77081,208,86360,259,2,193,-11,642,84,11227,1,284,216,"Anderson",76978,507.93733274442,0.165,336.459767725844,97.4304346696459,834.004520772169,16.5
2021-09-24,12103,41,8372,22,3731,19,9304,25,77221,140,86525,165,2,195,-18,624,57,11284,1,285,218,"Anderson",76978,466.367013952038,0.16043956043956,214.346956273221,53.2619709527397,810.621216451454,16.043956043956
2021-09-25,12113,10,8376,4,3737,6,9310,6,77316,95,86626,101,0,195,-35,589,45,11329,0,285,218,"Anderson",76978,411.805970537037,0.150117279124316,131.206318688456,12.9907246226195,765.153680272286,15.0117279124316
2021-09-26,12131,18,8391,15,3740,3,9328,18,77453,137,86781,155,1,196,-12,577,29,11358,0,285,218,"Anderson",76978,405.310608225727,0.147492625368732,201.356231650601,23.383304320715,749.564810725142,14.7492625368732
2021-09-27,12181,50,8412,21,3769,29,9350,22,77539,86,86889,108,1,197,-43,534,92,11450,1,286,219,"Anderson",76978,388.422666216322,0.14975845410628,140.29982592429,64.9536231130973,693.704694847879,14.975845410628
2021-09-28,12230,49,8436,24,3794,25,9377,27,77634,95,87011,122,0,197,-29,505,78,11528,1,287,219,"Anderson",76978,381.927303905012,0.154664484451718,158.486840395957,63.6545506508353,656.031593442282,15.4664484451718
2021-09-29,12266,36,8452,16,3814,20,9394,17,77825,191,87219,208,2,199,-38,467,72,11600,0,287,221,"Anderson",76978,362.441216971083,0.148479427549195,270.207072150485,46.76660864143,606.666839876328,14.8479427549195
2021-09-30,12328,62,8490,38,3838,24,9434,40,77997,172,87431,212,0,199,2,469,60,11660,1,288,222,"Anderson",76978,345.553274961677,0.144724556489262,275.403361999532,80.5424926602406,609.264984800852,14.4724556489262
2021-10-01,12379,51,8517,27,3862,24,9463,29,78148,151,87611,180,0,199,-10,459,61,11721,1,289,223,"Anderson",76978,358.543999584297,0.146408839779006,233.83304320715,66.2526955753592,596.274260178233,14.6408839779006
2021-10-02,12396,17,8524,7,3872,10,9469,6,78228,80,87697,86,1,200,-10,449,26,11747,0,289,225,"Anderson",76978,367.63750682013,0.148459383753501,111.720231754527,22.0842318584531,583.283535555613,14.8459383753501
2021-10-03,12409,13,8533,9,3876,4,9478,9,78326,98,87804,107,4,204,-10,439,19,11766,0,289,225,"Anderson",76978,361.142144508821,0.146627565982405,139.000753462028,16.8879420094053,570.292810932994,14.6627565982405
2021-10-04,12453,44,8556,23,3897,21,9504,26,78446,120,87950,146,1,205,-22,417,65,11831,0,289,227,"Anderson",76978,353.347709735249,0.145146088595664,189.664579490244,57.1591883395256,541.713216763231,14.5146088595664
2021-10-05,12506,53,8585,29,3921,24,9534,30,78574,128,88108,158,2,207,-15,402,66,11897,0,289,228,"Anderson",76978,358.543999584297,0.143117593436645,205.253449037387,68.8508404998831,522.227129829302,14.3117593436645
2021-10-06,12536,30,8608,23,3928,7,9560,26,78739,165,88299,191,1,208,-5,397,34,11931,0,289,229,"Anderson",76978,350.749564810725,0.153703703703704,248.122840292031,38.9721738678584,515.731767517992,15.3703703703704
2021-10-07,12568,32,8630,22,3938,10,9585,25,78878,139,88463,164,0,208,-10,387,42,11973,0,289,231,"Anderson",76978,311.777390942867,0.146317829457364,213.047883810959,41.5703187923822,502.741042895373,14.6317829457364
2021-10-08,12585,17,8635,5,3950,12,9595,10,79008,130,88603,140,1,209,-13,374,29,12002,1,290,231,"Anderson",76978,267.608927225961,0.133064516129032,181.870144716672,22.0842318584531,485.853100885967,13.3064516129032
2021-10-09,12600,15,8638,3,3962,12,9602,7,79070,62,88672,69,0,209,-12,362,27,12029,0,290,232,"Anderson",76978,265.010782301437,0.136410256410256,89.6359998960742,19.4860869339292,470.264231338824,13.6410256410256
2021-10-10,12610,10,8646,8,3964,2,9611,9,79157,87,88768,96,0,209,-15,347,25,12054,0,290,232,"Anderson",76978,261.113564914651,0.137966804979253,124.710956377147,12.9907246226195,450.778144404895,13.7966804979253
2021-10-11,12651,41,8660,14,3991,27,9624,13,79258,101,88882,114,0,209,-11,336,52,12106,1,291,232,"Anderson",76978,257.216347527865,0.128755364806867,148.094260697862,53.2619709527397,436.488347320014,12.8755364806867
2021-10-12,12686,35,8684,24,4002,11,9646,22,79357,99,89003,121,2,211,-9,327,42,12148,3,294,232,"Anderson",76978,233.83304320715,0.125139664804469,157.187767933695,45.4675361791681,424.796695159656,12.5139664804469
2021-10-13,12712,26,8698,14,4014,12,9664,18,79469,112,89133,130,0,211,-15,312,41,12189,1,295,235,"Anderson",76978,228.636753358102,0.124700239808153,168.879420094053,33.7758840188106,405.310608225727,12.4700239808153
2021-10-14,12731,19,8708,10,4023,9,9678,14,79572,103,89250,117,1,212,-21,291,39,12228,0,295,235,"Anderson",76978,211.748811348697,0.118170266836086,151.991478084648,24.682376782977,378.030086518226,11.8170266836086
2021-10-15,12754,23,8720,12,4034,11,9691,13,79694,122,89385,135,0,212,-15,276,38,12266,1,296,235,"Anderson",76978,219.543246122269,0.122762148337596,175.374782405363,29.8786666320247,358.543999584297,12.2762148337596
2021-10-16,12762,8,8725,5,4037,3,9698,7,79749,55,89447,62,0,212,-15,261,23,12289,1,297,235,"Anderson",76978,210.449738886435,0.123870967741935,80.5424926602406,10.3925796980956,339.057912650368,12.3870967741935
2021-10-17,12764,2,8726,1,4038,1,9699,1,79800,51,89499,52,0,212,-11,250,13,12302,0,297,235,"Anderson",76978,200.05715918834,0.120383036935705,67.5517680376211,2.59814492452389,324.768115565486,12.0383036935705
2021-10-18,12788,24,8736,10,4052,14,9710,11,79868,68,89578,79,1,213,-26,224,49,12351,1,298,235,"Anderson",76978,177.972927329886,0.123563218390805,102.626724518694,31.1777390942867,290.992231546676,12.3563218390805
2021-10-19,12817,29,8749,13,4068,16,9721,11,79979,111,89700,122,2,215,-17,207,44,12395,0,298,235,"Anderson",76978,170.178492556315,0.107604017216643,158.486840395957,37.6731014055964,268.907999688223,10.7604017216643
2021-10-20,12852,35,8775,26,4077,9,9750,29,80090,111,89840,140,0,215,12,219,23,12418,1,299,236,"Anderson",76978,181.870144716672,0.121640735502122,181.870144716672,45.4675361791681,284.496869235366,12.1640735502122
2021-10-21,12884,32,8793,18,4091,14,9768,18,80183,93,89951,111,0,215,11,230,21,12439,1,300,237,"Anderson",76978,198.758086726078,0.128388017118402,144.197043311076,41.5703187923822,298.786666320247,12.8388017118402
2021-10-22,12893,9,8799,6,4094,3,9776,8,80259,76,90035,84,0,215,-23,207,32,12471,1,301,237,"Anderson",76978,180.57107225441,0.130769230769231,109.122086830003,11.6916521603575,268.907999688223,13.0769230769231
2021-10-23,12910,17,8803,4,4107,13,9780,4,80312,53,90092,57,0,215,3,210,14,12485,1,302,237,"Anderson",76978,192.262724414768,0.127131782945736,74.0471303489309,22.0842318584531,272.805217075008,12.7131782945736
2021-10-24,12916,6,8808,5,4108,1,9787,7,80364,52,90151,59,0,215,-10,200,16,12501,0,302,238,"Anderson",76978,197.459014263816,0.134969325153374,76.6452752734548,7.79443477357167,259.814492452389,13.4969325153374
2021-10-25,12940,24,8821,13,4119,11,9801,14,80435,71,90236,85,1,216,-8,192,31,12532,2,304,238,"Anderson",76978,197.459014263816,0.138297872340426,110.421159292265,31.1777390942867,249.421912754293,13.8297872340426
2021-10-26,12952,12,8827,6,4125,6,9807,6,80499,64,90306,70,0,216,-9,183,21,12553,0,304,239,"Anderson",76978,175.374782405363,0.141914191419142,90.9350723583361,15.5888695471433,237.730260593936,14.1914191419142
2021-10-27,12970,18,8837,10,4133,8,9820,13,80620,121,90440,134,1,217,-4,179,21,12574,2,306,241,"Anderson",76978,153.29055054691,0.116666666666667,174.075709943101,23.383304320715,232.533970744888,11.6666666666667
2021-10-28,12992,22,8851,14,4141,8,9837,17,80702,82,90539,99,1,218,7,186,14,12588,0,306,242,"Anderson",76978,140.29982592429,0.11734693877551,128.608173763933,28.5795941697628,241.627477980722,11.734693877551
2021-10-29,13013,21,8862,11,4151,10,9849,12,80816,114,90665,126,0,218,7,193,14,12602,1,307,242,"Anderson",76978,155.888695471433,0.115873015873016,163.683130245005,27.2805217075008,250.720985216555,11.5873015873016
2021-10-30,13025,12,8866,4,4159,8,9854,5,80903,87,90757,92,0,218,0,193,12,12614,1,308,242,"Anderson",76978,149.393333160124,0.111278195488722,119.514666528099,15.5888695471433,250.720985216555,11.1278195488722
2021-10-31,13028,3,8868,2,4160,1,9857,3,80942,39,90799,42,0,218,-8,185,11,12625,0,308,242,"Anderson",76978,145.496115773338,0.108024691358025,54.5610434150017,3.89721738678583,240.32840551846,10.8024691358025
2021-11-01,13055,27,8873,5,4182,22,9861,4,81030,88,90891,92,1,219,-15,170,41,12666,1,309,243,"Anderson",76978,149.393333160124,0.0916030534351145,119.514666528099,35.0749564810725,220.842318584531,9.16030534351145
2021-11-02,13075,20,8878,5,4197,15,9866,5,81106,76,90972,81,2,221,-6,164,24,12690,1,310,243,"Anderson",76978,159.785912858219,0.0885885885885886,105.224869443218,25.9814492452389,213.047883810959,8.85885885885886
2021-11-03,13104,29,8895,17,4209,12,9883,17,81306,200,91189,217,1,222,10,174,18,12708,0,310,243,"Anderson",76978,174.075709943101,0.0841121495327103,281.898724310842,37.6731014055964,226.038608433578,8.41121495327103
2021-11-04,13126,22,8910,15,4216,7,9899,16,81439,133,91338,149,0,222,6,180,16,12724,0,310,243,"Anderson",76978,174.075709943101,0.0775969962453066,193.56179687703,28.5795941697628,233.83304320715,7.75969962453066
2021-11-05,13136,10,8913,3,4223,7,9900,1,81561,122,91461,123,0,222,3,183,7,12731,0,310,243,"Anderson",76978,159.785912858219,0.064070351758794,159.785912858219,12.9907246226195,237.730260593936,6.4070351758794
2021-11-06,13145,9,8917,4,4228,5,9905,5,81648,87,91553,92,0,222,-4,179,13,12744,3,313,244,"Anderson",76978,155.888695471433,0.064070351758794,119.514666528099,11.6916521603575,232.533970744888,6.4070351758794
2021-11-07,13151,6,8922,5,4229,1,9911,6,81696,48,91607,54,0,222,-4,175,10,12754,0,313,244,"Anderson",76978,159.785912858219,0.0668316831683168,70.149912962145,7.79443477357167,227.33768089584,6.68316831683168
2021-11-08,13176,25,8933,11,4243,14,9924,13,81784,88,91708,101,1,223,-1,174,25,12779,0,313,244,"Anderson",76978,157.187767933695,0.0771113831089351,131.206318688456,32.4768115565486,226.038608433578,7.71113831089351
2021-11-09,13199,23,8940,7,4259,16,9930,6,81942,158,91872,164,1,224,6,180,16,12795,0,313,245,"Anderson",76978,161.084985320481,0.0711111111111111,213.047883810959,29.8786666320247,233.83304320715,7.11111111111111
2021-11-10,13218,19,8952,12,4266,7,9943,13,82058,116,92001,129,0,224,4,184,15,12810,1,314,247,"Anderson",76978,148.094260697862,0.0738916256157636,167.580347631791,24.682376782977,239.029333056198,7.38916256157635
2021-11-11,13240,22,8969,17,4271,5,9960,17,82248,190,92208,207,0,224,1,185,21,12831,0,314,248,"Anderson",76978,148.094260697862,0.0701149425287356,268.907999688223,28.5795941697628,240.32840551846,7.01149425287356
2021-11-12,13253,13,8977,8,4276,5,9968,8,82381,133,92349,141,0,224,1,186,12,12843,1,315,248,"Anderson",76978,151.991478084648,0.0765765765765766,183.169217178934,16.8879420094053,241.627477980722,7.65765765765766
2021-11-13,13260,7,8981,4,4279,3,9972,4,82432,51,92404,55,3,227,-10,176,14,12857,1,316,249,"Anderson",76978,149.393333160124,0.0787309048178613,71.448985424407,9.09350723583361,228.636753358102,7.87309048178613
2021-11-14,13262,2,8983,2,4279,0,9975,3,82511,79,92486,82,0,227,-4,172,6,12863,0,316,249,"Anderson",76978,144.197043311076,0.0728100113765643,106.523941905479,2.59814492452389,223.440463509055,7.28100113765643
2021-11-15,13294,32,8997,14,4297,18,9989,14,82596,85,92585,99,0,227,5,177,27,12890,0,316,250,"Anderson",76978,153.29055054691,0.0741163055872292,128.608173763933,41.5703187923822,229.935825820364,7.41163055872292
2021-11-16,13319,25,9010,13,4309,12,10002,13,82722,126,92724,139,1,228,-2,175,26,12916,0,316,251,"Anderson",76978,155.888695471433,0.0845070422535211,180.57107225441,32.4768115565486,227.33768089584,8.45070422535211
2021-11-17,13336,17,9019,9,4317,8,10011,9,82836,114,92847,123,0,228,-2,173,19,12935,2,318,253,"Anderson",76978,153.29055054691,0.0803782505910166,159.785912858219,22.0842318584531,224.739535971316,8.03782505910165
2021-11-18,13359,23,9033,14,4326,9,10029,18,82971,135,93000,153,4,232,4,177,15,12950,0,318,255,"Anderson",76978,154.589623009171,0.0871212121212121,198.758086726078,29.8786666320247,229.935825820364,8.71212121212121
2021-11-19,13373,14,9039,6,4334,8,10036,7,83080,109,93116,116,1,233,2,179,11,12961,0,318,255,"Anderson",76978,155.888695471433,0.0886571056062582,150.692405622386,18.1870144716672,232.533970744888,8.86571056062582
2021-11-20,13382,9,9044,5,4338,4,10041,5,83173,93,93214,98,0,233,-9,170,18,12979,0,318,256,"Anderson",76978,158.486840395957,0.0851851851851852,127.309101301671,11.6916521603575,220.842318584531,8.51851851851852
2021-11-21,13394,12,9050,6,4344,6,10047,6,83213,40,93260,46,0,233,4,174,8,12987,0,318,256,"Anderson",76978,171.477565018577,0.0930232558139535,59.7573332640495,15.5888695471433,226.038608433578,9.30232558139535
2021-11-22,13422,28,9067,17,4355,11,10065,18,83335,122,93400,140,1,234,6,180,21,13008,0,318,256,"Anderson",76978,166.281275169529,0.0932515337423313,181.870144716672,36.3740289433345,233.83304320715,9.32515337423313
2021-11-23,13439,17,9073,6,4366,11,10070,5,83432,97,93502,102,0,234,-5,175,22,13030,1,319,257,"Anderson",76978,155.888695471433,0.0874035989717224,132.505391150718,22.0842318584531,227.33768089584,8.74035989717224
2021-11-24,13464,25,9089,16,4375,9,10082,12,83542,110,93624,122,1,235,6,181,18,13048,1,320,257,"Anderson",76978,166.281275169529,0.0913770913770914,158.486840395957,32.4768115565486,235.132115669412,9.13770913770914
2021-11-25,13469,5,9091,2,4378,3,10083,1,83587,45,93670,46,0,235,-12,169,17,13065,2,322,257,"Anderson",76978,142.897970848814,0.0805970149253731,59.7573332640495,6.49536231130973,219.543246122269,8.05970149253731
2021-11-26,13476,7,9097,6,4379,1,10092,9,83630,43,93722,52,0,235,-7,162,14,13079,0,322,258,"Anderson",76978,133.80446361298,0.0924092409240924,67.5517680376211,9.09350723583361,210.449738886435,9.24092409240924
2021-11-27,13481,5,9099,2,4382,3,10094,2,83666,36,93760,38,0,235,-8,154,13,13092,0,322,258,"Anderson",76978,128.608173763933,0.0970695970695971,49.3647535659539,6.49536231130973,200.05715918834,9.70695970695971
2021-11-28,13491,10,9100,1,4391,9,10095,1,83704,38,93799,39,0,235,-10,144,20,13112,0,322,258,"Anderson",76978,126.010028839409,0.0890538033395176,50.6638260282159,12.9907246226195,187.06643456572,8.90538033395176
2021-11-29,13518,27,9115,15,4403,12,10111,16,83783,79,93894,95,0,235,13,157,14,13126,0,322,258,"Anderson",76978,124.710956377147,0.0931174089068826,123.411883914885,35.0749564810725,203.954376575125,9.31174089068826
2021-11-30,13545,27,9129,14,4416,13,10123,12,83885,102,94008,114,0,235,14,171,13,13139,1,323,258,"Anderson",76978,137.701680999766,0.104743083003953,148.094260697862,35.0749564810725,222.141391046793,10.4743083003953
2021-12-01,13576,31,9147,18,4429,13,10141,18,83992,107,94133,125,0,235,15,186,16,13155,2,325,258,"Anderson",76978,145.496115773338,0.115913555992141,162.384057782743,40.2712463301203,241.627477980722,11.5913555992141
2021-12-02,13618,42,9171,24,4447,18,10167,26,84130,138,94297,164,0,235,23,209,19,13174,0,325,261,"Anderson",76978,193.56179687703,0.133971291866029,213.047883810959,54.5610434150017,271.506144612746,13.3971291866029
2021-12-03,13649,31,9189,18,4460,13,10186,19,84317,187,94503,206,1,236,18,227,12,13186,1,326,261,"Anderson",76978,224.739535971316,0.120358514724712,267.608927225961,40.2712463301203,294.889448933461,12.0358514724712
2021-12-04,13669,20,9202,13,4467,7,10200,14,84386,69,94586,83,0,236,8,235,12,13198,0,326,261,"Anderson",76978,244.225622905246,0.128329297820823,107.823014367741,25.9814492452389,305.282028631557,12.8329297820823
2021-12-05,13682,13,9204,2,4478,11,10202,2,84428,42,94630,44,0,236,0,235,13,13211,0,326,261,"Anderson",76978,248.122840292031,0.128760529482551,57.1591883395256,16.8879420094053,305.282028631557,12.8760529482551
2021-12-06,13717,35,9224,20,4493,15,10224,22,84530,102,94754,124,2,238,7,242,26,13237,1,327,261,"Anderson",76978,258.515419990127,0.131395348837209,161.084985320481,45.4675361791681,314.375535867391,13.1395348837209
2021-12-07,13746,29,9239,15,4507,14,10240,16,84625,95,94865,111,0,238,19,261,10,13247,0,327,261,"Anderson",76978,261.113564914651,0.136522753792299,144.197043311076,37.6731014055964,339.057912650368,13.6522753792299
2021-12-08,13773,27,9260,21,4513,6,10260,20,84746,121,95006,141,0,238,17,278,10,13257,1,328,261,"Anderson",76978,255.917275065603,0.13631156930126,183.169217178934,35.0749564810725,361.142144508821,13.631156930126
2021-12-09,13801,28,9276,16,4525,12,10277,17,84956,210,95233,227,0,238,13,291,15,13272,1,329,261,"Anderson",76978,237.730260593936,0.117521367521368,294.889448933461,36.3740289433345,378.030086518226,11.7521367521368
2021-12-10,13830,29,9293,17,4537,12,10294,17,85109,153,95403,170,0,238,9,300,20,13292,1,330,261,"Anderson",76978,235.132115669412,0.12,220.842318584531,37.6731014055964,389.721738678584,12
2021-12-11,13840,10,9298,5,4542,5,10300,6,85184,75,95484,81,0,238,-2,298,12,13304,0,330,262,"Anderson",76978,222.141391046793,0.111358574610245,105.224869443218,12.9907246226195,387.12359375406,11.1358574610245
2021-12-12,13860,20,9309,11,4551,9,10312,12,85254,70,95566,82,0,238,3,301,17,13321,0,330,262,"Anderson",76978,231.234898282626,0.117521367521368,106.523941905479,25.9814492452389,391.020811140845,11.7521367521368
2021-12-13,13890,30,9315,6,4575,24,10319,7,85329,75,95648,82,0,238,-9,292,39,13360,0,330,265,"Anderson",76978,224.739535971316,0.106263982102908,106.523941905479,38.9721738678584,379.329158980488,10.6263982102908
2021-12-14,13904,14,9320,5,4584,9,10325,6,85408,79,95733,85,3,241,-10,282,21,13381,1,331,265,"Anderson",76978,205.253449037387,0.097926267281106,110.421159292265,18.1870144716672,366.338434357868,9.7926267281106
2021-12-15,13930,26,9334,14,4596,12,10340,15,85537,129,95877,144,0,241,-1,281,27,13408,0,331,266,"Anderson",76978,203.954376575125,0.0918484500574053,187.06643456572,33.7758840188106,365.039361895607,9.18484500574053
2021-12-16,13958,28,9344,10,4614,18,10355,15,85632,95,95987,110,0,241,7,288,21,13429,2,333,266,"Anderson",76978,203.954376575125,0.103448275862069,142.897970848814,36.3740289433345,374.13286913144,10.3448275862069
2021-12-17,13989,31,9367,23,4622,8,10377,22,85787,155,96164,177,1,242,0,288,30,13459,0,333,267,"Anderson",76978,206.552521499649,0.109067017082786,229.935825820364,40.2712463301203,374.13286913144,10.9067017082786
2021-12-18,14001,12,9377,10,4624,2,10387,10,85869,82,96256,92,0,242,2,290,10,13469,0,333,267,"Anderson",76978,209.150666424173,0.112694300518135,119.514666528099,15.5888695471433,376.731014055964,11.2694300518135
2021-12-19,14015,14,9385,8,4630,6,10398,11,85949,80,96347,91,0,242,-8,282,22,13491,0,333,267,"Anderson",76978,201.356231650601,0.1101152368758,118.215594065837,18.1870144716672,366.338434357868,11.01152368758
2021-12-20,14039,24,9401,16,4638,8,10412,14,86035,86,96447,100,0,242,-4,278,28,13519,0,333,268,"Anderson",76978,193.56179687703,0.11639549436796,129.907246226195,31.1777390942867,361.142144508821,11.639549436796
2021-12-21,14067,28,9409,8,4658,20,10423,11,86116,81,96539,92,0,242,3,281,25,13544,0,333,268,"Anderson",76978,211.748811348697,0.121588089330025,119.514666528099,36.3740289433345,365.039361895607,12.1588089330025
2021-12-22,14115,48,9423,14,4692,34,10434,11,86231,115,96665,126,19,261,1,282,28,13572,0,333,269,"Anderson",76978,240.32840551846,0.119289340101523,163.683130245005,62.3554781885734,366.338434357868,11.9289340101523
2021-12-23,14142,27,9438,15,4704,12,10451,17,86331,100,96782,117,-1,260,7,289,21,13593,1,334,270,"Anderson",76978,239.029333056198,0.120754716981132,151.991478084648,35.0749564810725,375.431941593702,12.0754716981132
2021-12-24,14168,26,9453,15,4715,11,10468,17,86418,87,96886,104,0,260,6,295,20,13613,1,335,270,"Anderson",76978,232.533970744888,0.126038781163435,135.103536075242,33.7758840188106,383.226376367274,12.6038781163435
2021-12-25,14182,14,9460,7,4722,7,10478,10,86476,58,96954,68,1,261,2,297,11,13624,0,335,271,"Anderson",76978,235.132115669412,0.130372492836676,88.3369274338123,18.1870144716672,385.824521291798,13.0372492836676
2021-12-26,14193,11,9464,4,4729,7,10484,6,86520,44,97004,50,1,262,-7,290,17,13641,0,335,271,"Anderson",76978,231.234898282626,0.13089802130898,64.9536231130973,14.2897970848814,376.731014055964,13.089802130898
2021-12-27,14240,47,9483,19,4757,28,10504,20,86624,104,97128,124,1,263,14,304,32,13673,1,336,272,"Anderson",76978,261.113564914651,0.135095447870778,161.084985320481,61.0564057263114,394.918028527631,13.5095447870778
2021-12-28,14327,87,9519,36,4808,51,10540,36,86733,109,97273,145,0,263,70,374,17,13690,0,336,272,"Anderson",76978,337.758840188106,0.159400544959128,188.365507027982,113.019304216789,485.853100885967,15.9400544959128
2021-12-29,14408,81,9563,44,4845,37,10587,47,86891,158,97478,205,2,265,49,423,30,13720,0,336,272,"Anderson",76978,380.62823144275,0.188191881918819,266.309854763699,105.224869443218,549.507651536803,18.8191881918819
2021-12-30,14500,92,9605,42,4895,50,10625,38,87010,119,97635,157,1,266,70,493,21,13741,0,336,272,"Anderson",76978,465.067941489776,0.203985932004689,203.954376575125,119.514666528099,640.442723895139,20.3985932004689
2021-12-31,14566,66,9645,40,4921,26,10669,44,87127,117,97796,161,0,266,49,542,17,13758,0,336,273,"Anderson",76978,517.030839980254,0.220879120879121,209.150666424173,85.7387825092884,704.097274545974,22.0879120879121
2022-01-01,14627,61,9679,34,4948,27,10706,37,87226,99,97932,136,0,266,48,590,13,13771,0,336,273,"Anderson",76978,578.087245706566,0.233128834355828,176.673854867625,79.2434201979787,766.452752734548,23.3128834355828
2022-01-02,14659,32,9702,23,4957,9,10739,33,87342,116,98081,149,0,266,16,606,16,13787,0,336,274,"Anderson",76978,605.367767414066,0.236768802228412,193.56179687703,41.5703187923822,787.237912130739,23.6768802228412
2022-01-03,14720,61,9723,21,4997,40,10762,23,87418,76,98180,99,1,267,31,637,29,13816,0,336,274,"Anderson",76978,623.554781885734,0.245247148288973,128.608173763933,79.2434201979787,827.509158460859,24.5247148288973
2022-01-04,14847,127,9788,65,5059,62,10825,63,87592,174,98417,237,1,268,73,710,53,13869,0,336,275,"Anderson",76978,675.517680376211,0.249125874125874,307.880173556081,164.982202707267,922.341448205981,24.9125874125874
2022-01-05,15014,167,9874,86,5140,81,10911,86,87738,146,98649,232,1,269,132,842,34,13903,0,336,276,"Anderson",76978,787.237912130739,0.27668659265585,301.384811244771,216.945101197745,1093.81901322456,27.668659265585
2022-01-06,15156,142,9946,72,5210,70,10982,71,87858,120,98840,191,1,270,114,956,27,13930,1,337,276,"Anderson",76978,852.191535243836,0.296265560165975,248.122840292031,184.468289641196,1241.91327392242,29.6265560165975
2022-01-07,15295,139,10016,70,5279,69,11058,76,87998,140,99056,216,0,270,125,1081,14,13944,1,338,276,"Anderson",76978,947.023824988958,0.308730158730159,280.59965184858,180.57107225441,1404.29733170516,30.8730158730159
2022-01-08,15398,103,10058,42,5340,61,11103,45,88073,75,99176,120,0,270,97,1178,6,13950,1,339,279,"Anderson",76978,1001.58486840396,0.319131832797428,155.888695471433,133.80446361298,1530.30736054457,31.9131832797428
2022-01-09,15483,85,10113,55,5370,30,11165,62,88216,143,99381,205,0,270,53,1231,32,13982,0,339,279,"Anderson",76978,1070.43570890384,0.327692307692308,266.309854763699,110.421159292265,1599.15820104445,32.7692307692308
2022-01-10,15639,156,10188,75,5451,81,11244,79,88329,113,99573,192,1,271,68,1299,87,14069,3,342,281,"Anderson",76978,1193.84759281873,0.346015793251974,249.421912754293,202.655304112863,1687.49512847827,34.6015793251974
2022-01-11,15813,174,10297,109,5516,65,11346,102,88470,141,99816,243,0,271,54,1353,120,14189,0,342,282,"Anderson",76978,1254.90399854504,0.37240886347391,315.674608329653,226.038608433578,1757.64504144041,37.240886347391
2022-01-12,16067,254,10459,162,5608,92,11509,163,88661,191,100170,354,0,271,170,1523,84,14273,0,342,282,"Anderson",76978,1367.92330276183,0.393162393162393,459.871651640728,329.964405414534,1978.48736002494,39.3162393162393
2022-01-13,16298,231,10611,152,5687,79,11664,155,88893,232,100557,387,4,275,112,1635,115,14388,0,342,282,"Anderson",76978,1483.54075190314,0.397204426324985,502.741042895373,300.085738782509,2123.98347579828,39.7204426324985
2022-01-14,16556,258,10756,145,5800,113,11813,149,89049,156,100862,305,2,277,208,1843,48,14436,2,344,282,"Anderson",76978,1638.13037491231,0.418050941306755,396.217100989893,335.160695263582,2394.19054794876,41.8050941306755
2022-01-15,16652,96,10814,58,5838,38,11874,61,89167,118,101041,179,1,278,72,1915,23,14459,1,345,282,"Anderson",76978,1629.03686767648,0.413404825737265,232.533970744888,124.710956377147,2487.72376523162,41.3404825737265
2022-01-16,16804,152,10941,127,5863,25,12007,133,89364,197,101371,330,0,278,101,2016,51,14510,0,345,282,"Anderson",76978,1716.07472264803,0.423115577889447,428.693912546442,197.459014263816,2618.93008392008,42.3115577889447
2022-01-17,16985,181,11053,112,5932,69,12123,116,89483,119,101606,235,0,278,24,2040,157,14667,1,346,282,"Anderson",76978,1748.55153420458,0.432365961633055,305.282028631557,235.132115669412,2650.10782301437,43.2365961633055
2022-01-18,17200,215,11193,140,6007,75,12265,142,89620,137,101885,279,0,278,15,2055,200,14867,0,346,284,"Anderson",76978,1801.81350515732,0.44417593040116,362.441216971083,279.300579386318,2669.5939099483,44.417593040116
2022-01-19,17501,301,11403,210,6098,91,12479,214,89840,220,102319,434,3,281,119,2174,179,15046,0,346,284,"Anderson",76978,1862.86991088363,0.451372731503025,563.797448621684,391.020811140845,2824.18353295747,45.1372731503025
2022-01-20,17797,296,11644,241,6153,55,12739,260,89997,157,102736,417,1,282,186,2360,109,15155,1,347,285,"Anderson",76978,1947.30962093066,0.493345571363011,541.713216763231,384.525448829536,3065.81101093819,49.3345571363011
2022-01-21,18043,246,11859,215,6184,31,12964,225,90216,219,103180,444,2,284,112,2472,132,15287,0,347,287,"Anderson",76978,1931.72075138351,0.496548748921484,576.788173244304,319.571825716438,3211.30712671153,49.6548748921484
2022-01-22,18171,128,11951,92,6220,36,13068,104,90335,119,103403,223,0,284,38,2510,90,15377,0,347,287,"Anderson",76978,1973.29107017589,0.505503810330229,289.693159084414,166.281275169529,3260.67188027748,50.5503810330229
2022-01-23,18298,127,12061,110,6237,17,13181,113,90442,107,103623,220,0,284,65,2575,62,15439,0,347,288,"Anderson",76978,1940.81425861935,0.521314387211368,285.795941697628,164.982202707267,3345.11159032451,52.1314387211368
2022-01-24,18566,268,12211,150,6355,118,13342,161,90620,178,103962,339,1,285,-10,2565,277,15716,1,348,290,"Anderson",76978,2053.83356283614,0.517402376910017,440.385564706799,348.151419886201,3332.12086570189,51.7402376910017
2022-01-25,18749,183,12344,133,6405,50,13487,145,90740,120,104227,265,1,286,-87,2478,269,15985,0,348,290,"Anderson",76978,2012.26324404375,0.521776259607173,344.254202499415,237.730260593936,3219.1015614851,52.1776259607173
2022-01-26,18955,206,12498,154,6457,52,13653,166,90892,152,104545,318,2,288,-44,2434,248,16233,0,348,291,"Anderson",76978,1888.85136012887,0.527403414195867,413.105042999298,267.608927225961,3161.94237314557,52.7403414195867
2022-01-27,19176,221,12670,172,6506,49,13831,178,91112,220,104943,398,0,288,-65,2369,286,16519,0,348,291,"Anderson",76978,1791.42092545922,0.494789306751246,517.030839980254,287.09501415989,3077.50266309855,49.4789306751246
2022-01-28,19366,190,12808,138,6558,52,13975,144,91275,163,105250,307,1,289,-132,2237,321,16840,0,348,291,"Anderson",76978,1718.67286757255,0.488405797101449,398.815245914417,246.82376782977,2906.02509807997,48.8405797101449
2022-01-29,19509,143,12908,100,6601,43,14080,105,91392,117,105472,222,0,289,-8,2229,151,16991,0,348,293,"Anderson",76978,1738.15895450648,0.489125181246979,288.394086622152,185.767362103458,2895.63251838188,48.9125181246979
2022-01-30,19576,67,12953,45,6623,22,14130,50,91483,91,105613,141,0,289,-13,2216,80,17071,1,349,294,"Anderson",76978,1660.21460677077,0.476884422110553,183.169217178934,87.0378549715503,2878.74457637247,47.6884422110553
2022-01-31,19772,196,13074,121,6698,75,14271,141,91633,150,105904,291,4,293,-88,2128,280,17351,1,350,296,"Anderson",76978,1566.68138948791,0.478372811534501,378.030086518226,254.618202603341,2764.42619969342,47.83728115345
2022-02-01,19935,163,13169,95,6766,68,14378,107,91753,120,106131,227,1,294,-226,1902,388,17739,1,351,296,"Anderson",76978,1540.69994024267,0.46796218487395,294.889448933461,211.748811348697,2470.83582322222,46.796218487395
2022-02-02,20079,144,13256,87,6823,57,14471,93,91894,141,106365,234,1,295,-231,1671,374,18113,0,351,297,"Anderson",76978,1460.15744758243,0.449450549450549,303.982956169295,187.06643456572,2170.75008443971,44.9450549450549
2022-02-03,20711,632,13347,91,7364,541,14569,98,92102,208,106671,306,2,297,349,2020,281,18394,1,352,298,"Anderson",76978,1994.07622957209,0.427083333333333,397.516173452155,821.013796149549,2624.12637376913,42.7083333333333
2022-02-04,20857,146,13457,110,7400,36,14679,110,92226,124,106905,234,0,297,-53,1967,199,18593,0,352,300,"Anderson",76978,1936.91704123256,0.425377643504532,303.982956169295,189.664579490244,2555.27553326925,42.5377643504532
2022-02-05,20906,49,13483,26,7423,23,14709,30,92302,76,107011,106,0,297,-45,1922,94,18687,0,352,300,"Anderson",76978,1814.80422977994,0.408706952566602,137.701680999766,63.6545506508353,2496.81727246746,40.8706952566602
2022-02-06,20964,58,13525,42,7439,16,14757,48,92376,74,107133,122,0,297,-10,1912,68,18755,0,352,301,"Anderson",76978,1803.11257761958,0.4125,158.486840395957,75.3462028111928,2483.82654784484,41.25
2022-02-07,21050,86,13578,53,7472,33,14815,58,92478,102,107293,160,3,300,-257,1655,340,19095,0,352,302,"Anderson",76978,1660.21460677077,0.391648668106551,207.851593961911,111.720231754527,2149.96492504352,39.1648668106551
2022-02-08,21136,86,13624,46,7512,40,14872,57,92575,97,107447,154,0,300,-191,1464,277,19372,0,352,302,"Anderson",76978,1560.1860271766,0.375379939209726,200.05715918834,111.720231754527,1901.84208475149,37.5379939209726
2022-02-09,21235,99,13688,64,7547,35,14946,74,92682,107,107628,181,0,300,-97,1367,196,19568,0,352,303,"Anderson",76978,1501.72776637481,0.376088677751386,235.132115669412,128.608173763933,1775.83205591208,37.6088677751386
2022-02-10,21323,88,13737,49,7586,39,15000,54,92808,126,107808,180,2,302,-94,1273,180,19748,0,352,303,"Anderson",76978,795.03234690431,0.379067722075638,233.83304320715,114.318376679051,1653.71924445946,37.9067722075638
2022-02-11,21383,60,13779,42,7604,18,15045,45,92910,102,107955,147,1,303,-120,1153,179,19927,0,352,303,"Anderson",76978,683.312115149783,0.348571428571429,190.963651952506,77.9443477357167,1497.83054898802,34.8571428571429
2022-02-12,21413,30,13801,22,7612,8,15069,24,92972,62,108041,86,0,303,-43,1110,73,20000,0,352,303,"Anderson",76978,658.629738366806,0.349514563106796,111.720231754527,38.9721738678584,1441.97043311076,34.9514563106796
2020-03-12,1,1,1,1,0,0,1,1,11,11,12,12,NA,NA,NA,NA,0,0,0,0,0,"East TN",2455501,NA,NA,0.488698640318208,0.040724886693184,NA,NA
2020-03-13,1,0,1,0,0,0,1,0,23,12,24,12,NA,NA,NA,NA,0,0,0,0,0,"East TN",2455501,NA,NA,0.488698640318208,0,NA,NA
2020-03-14,3,2,3,2,0,0,3,2,50,27,53,29,NA,NA,NA,NA,0,0,0,0,0,"East TN",2455501,NA,NA,1.18102171410234,0.081449773386368,NA,NA
2020-03-15,3,0,3,0,0,0,3,0,53,3,56,3,NA,NA,NA,NA,0,0,0,0,0,"East TN",2455501,NA,NA,0.122174660079552,0,NA,NA
2020-03-16,5,2,5,2,0,0,5,2,89,36,94,38,NA,NA,NA,NA,0,0,0,0,0,"East TN",2455501,NA,NA,1.54754569434099,0.081449773386368,NA,NA
2020-03-17,6,1,6,1,0,0,5,0,130,41,135,41,NA,NA,NA,NA,0,0,0,0,0,"East TN",2455501,NA,NA,1.66972035442054,0.040724886693184,NA,NA
2020-03-18,8,2,8,2,0,0,7,2,171,41,178,43,NA,NA,NA,NA,0,0,0,0,0,"East TN",2455501,0.325799093545472,0.0393258426966292,1.75117012780691,0.081449773386368,NA,3.93258426966292
2020-03-19,11,3,11,3,0,0,11,4,238,67,249,71,NA,NA,NA,NA,0,0,0,0,0,"East TN",2455501,0.40724886693184,0.0421940928270042,2.89146695521606,0.122174660079552,NA,4.21940928270042
2020-03-20,29,18,29,18,0,0,27,16,382,144,409,160,NA,NA,NA,NA,3,3,2,2,0,"East TN",2455501,1.14029682740915,0.0675324675324675,6.51598187090944,0.733047960477312,NA,6.75324675324675
2020-03-21,38,9,38,9,0,0,38,11,610,228,648,239,NA,NA,NA,NA,3,6,1,3,1,"East TN",2455501,1.42537103426144,0.0588235294117647,9.73324791967098,0.366523980238656,NA,5.88235294117647
2020-03-22,48,10,47,9,1,1,43,5,713,103,756,108,NA,NA,NA,NA,2,8,4,7,2,"East TN",2455501,1.83261990119328,0.0571428571428571,4.39828776286387,0.40724886693184,NA,5.71428571428571
2020-03-23,64,16,63,16,1,0,56,13,846,133,902,146,NA,NA,NA,NA,7,15,4,11,2,"East TN",2455501,2.40276831489786,0.0631188118811881,5.94583345720486,0.651598187090944,NA,6.31188118811881
2020-03-24,83,19,82,19,1,0,70,14,987,141,1057,155,NA,NA,NA,NA,7,22,5,16,2,"East TN",2455501,3.13581627537517,0.0704989154013015,6.31235743744352,0.773772847170496,NA,7.04989154013015
2020-03-25,116,33,115,33,1,0,99,29,1288,301,1387,330,NA,NA,NA,NA,15,37,12,28,3,"East TN",2455501,4.39828776286387,0.076095947063689,13.4392126087507,1.34392126087507,NA,7.6095947063689
2020-03-26,144,28,143,28,1,0,130,31,1774,486,1904,517,NA,NA,NA,NA,15,52,5,33,4,"East TN",2455501,5.41640993019347,0.0719033232628399,21.0547664203761,1.14029682740915,NA,7.19033232628399
2020-03-27,166,22,165,22,1,0,147,17,2171,397,2318,414,NA,NA,NA,NA,17,69,6,39,4,"East TN",2455501,5.57930947696621,0.0628601361969618,16.8601030909782,0.895947507250048,NA,6.28601361969618
2020-03-28,197,31,196,31,1,0,180,33,2608,437,2788,470,NA,NA,NA,NA,12,81,8,47,4,"East TN",2455501,6.47525698421626,0.0663551401869159,19.1406967457965,1.2624714874887,NA,6.63551401869159
2020-03-29,213,16,212,16,1,0,196,16,2795,187,2991,203,NA,NA,NA,NA,27,108,3,50,7,"East TN",2455501,6.71960630437536,0.0684563758389262,8.26715199871635,0.651598187090944,NA,6.84563758389262
2020-03-30,246,33,245,33,1,0,226,30,3345,550,3571,580,NA,NA,NA,NA,33,141,8,58,9,"East TN",2455501,7.41192937815949,0.0636942675159236,23.6204342820467,1.34392126087507,NA,6.36942675159236
2020-03-31,295,49,294,49,1,0,278,52,3645,300,3923,352,NA,NA,NA,NA,39,180,12,70,10,"East TN",2455501,8.63367597895501,0.0725750174459177,14.3351601160008,1.99551944796602,NA,7.25750174459177
2020-04-01,346,51,345,51,1,0,336,58,4243,598,4579,656,NA,NA,NA,NA,36,216,9,79,12,"East TN",2455501,9.36672393943232,0.0742481203007519,26.7155256707287,2.07696922135238,NA,7.42481203007519
2020-04-02,391,45,390,45,1,0,383,47,4839,596,5222,643,2,7,NA,134,34,250,5,84,14,"East TN",2455501,10.0590470132164,0.0762507534659433,26.1861021437173,1.83261990119328,5.45713481688666,7.62507534659433
2020-04-03,412,21,411,21,1,0,401,18,5124,285,5525,303,1,8,-13,121,33,283,2,86,17,"East TN",2455501,10.0183221265233,0.0792017461802308,12.3396406680348,0.855222620556864,4.92771128987526,7.92017461802307
2020-04-04,447,35,446,35,1,0,431,30,5716,592,6147,622,3,11,0,121,32,315,5,91,19,"East TN",2455501,10.181221673296,0.0747246204227449,25.3308795231604,1.42537103426144,4.92771128987526,7.47246204227449
2020-04-05,473,26,472,26,1,0,464,33,6093,377,6557,410,-1,10,1,122,26,341,2,93,20,"East TN",2455501,10.5884705402278,0.0751542344363432,16.6972035442054,1.05884705402278,4.96843617656845,7.51542344363432
2020-04-06,514,41,513,41,1,0,514,50,6626,533,7140,583,8,18,0,122,33,374,5,98,20,"East TN",2455501,10.9142696337733,0.080694872513309,23.7426089421263,1.66972035442054,4.96843617656845,8.06948725133091
2020-04-07,570,56,569,56,1,0,592,78,7755,1129,8347,1207,0,18,19,141,37,411,7,105,21,"East TN",2455501,11.1993438406256,0.0709764918625678,49.1549382386731,2.2805936548183,5.74220902373894,7.09764918625678
2020-04-08,607,37,606,37,1,0,632,40,8162,407,8794,447,1,19,4,145,32,443,8,113,25,"East TN",2455501,10.629195426921,0.0702253855278766,18.2040243518532,1.50682080764781,5.90510857051168,7.02253855278766
2020-04-09,633,26,632,26,1,0,662,30,8613,451,9275,481,3,22,3,148,20,463,2,115,25,"East TN",2455501,9.85542257975053,0.0688378978534419,19.5886704994215,1.05884705402278,6.02728323059123,6.88378978534419
2020-04-10,655,22,654,22,1,0,682,20,8941,328,9623,348,0,22,-7,141,29,492,4,119,25,"East TN",2455501,9.89614746644371,0.0685700341630063,14.172260569228,0.895947507250048,5.74220902373894,6.85700341630063
2020-04-11,679,24,678,24,1,0,728,46,10022,1081,10750,1127,2,24,-5,136,27,519,5,124,27,"East TN",2455501,9.44817371281869,0.0645231370845101,45.8969473032184,0.977397280636416,5.53858459027302,6.45231370845101
2020-04-12,709,30,708,30,1,0,761,33,11472,1450,12233,1483,0,24,18,154,12,531,1,125,28,"East TN",2455501,9.61107325959142,0.0523255813953488,60.3950069659919,1.22174660079552,6.27163255075034,5.23255813953488
2020-04-13,738,29,737,29,1,0,803,42,12435,963,13238,1005,0,24,-2,152,31,562,7,132,32,"East TN",2455501,9.12237461927321,0.0473925877336832,40.9285111266499,1.18102171410234,6.19018277736397,4.73925877336832
2020-04-14,749,11,748,11,1,0,823,20,12720,285,13543,305,4,28,-18,134,25,587,1,133,33,"East TN",2455501,7.28975471807994,0.0444572748267898,12.4210904414211,0.447973753625024,5.45713481688666,4.44572748267898
2020-04-15,773,24,772,24,1,0,850,27,13132,412,13982,439,2,30,-6,128,28,615,4,137,34,"East TN",2455501,6.76033119106854,0.0420200462606014,17.8782252583078,0.977397280636416,5.21278549672755,4.20200462606014
2020-04-16,801,28,800,28,1,0,886,36,13809,677,14695,713,1,31,1,129,26,641,6,143,34,"East TN",2455501,6.84178096445491,0.0413284132841328,29.0368442122402,1.14029682740915,5.25351038342074,4.13284132841328
2020-04-17,823,22,821,21,2,1,916,30,14138,329,15054,359,0,31,-1,128,23,664,4,147,35,"East TN",2455501,6.84178096445491,0.0430859878475419,14.6202343228531,0.895947507250048,5.21278549672755,4.30859878475419
2020-04-18,835,12,833,12,2,0,935,19,14919,781,15854,800,0,31,-11,117,23,687,0,147,35,"East TN",2455501,6.3530823241367,0.0405564263322884,32.5799093545472,0.488698640318208,4.76481174310253,4.05564263322884
2020-04-19,914,79,912,79,2,0,1016,81,15605,686,16621,767,1,32,66,183,12,699,1,148,35,"East TN",2455501,8.34860177210272,0.0581130355515041,31.2359880936721,3.21726604876154,7.45265426485267,5.81130355515041
2020-04-20,939,25,931,19,8,6,1033,17,16568,963,17601,980,0,32,10,193,15,714,2,150,35,"East TN",2455501,8.18570222532998,0.0527160210864084,39.9103889593203,1.0181221673296,7.85990313178451,5.27160210864084
2020-04-21,1045,106,1037,106,8,0,1154,121,19274,2706,20428,2827,0,32,83,276,23,737,6,156,36,"East TN",2455501,12.0545664611825,0.0480755265068991,115.129254681631,4.3168379894775,11.2400687273188,4.80755265068991
2020-04-22,1247,202,1237,200,10,2,1354,200,21826,2552,23180,2752,2,34,177,453,23,760,2,158,36,"East TN",2455501,19.3035962925692,0.0547945205479452,112.074888179642,8.22642711202317,18.4483736720124,5.47945205479452
2020-04-23,1492,245,1480,243,12,2,1601,247,22933,1107,24534,1354,0,34,236,689,9,769,3,161,36,"East TN",2455501,28.1408967049901,0.0726699867872751,55.1414965825711,9.97759723983008,28.0594469316038,7.26699867872751
2020-04-24,1540,48,1527,47,13,1,1655,54,25622,2689,27277,2743,0,34,22,711,26,795,4,165,36,"East TN",2455501,29.1997437590129,0.0604597889225231,111.708364199404,1.95479456127283,28.9553944388538,6.04597889225231
2020-04-25,1563,23,1546,19,17,4,1674,19,26397,775,28071,794,0,34,10,721,13,808,3,168,37,"East TN",2455501,29.6477175126379,0.0604894818695261,32.3355600343881,0.936672393943232,29.3626433057857,6.04894818695261
2020-04-26,1583,20,1565,19,18,1,1700,26,27514,1117,29214,1143,0,34,-1,720,21,829,0,168,38,"East TN",2455501,27.2449491977401,0.0543158897800365,46.5485454903093,0.81449773386368,29.3219184190925,5.43158897800365
2020-04-27,1652,69,1633,68,19,1,1772,72,28429,915,30201,987,0,34,50,770,19,848,8,176,39,"East TN",2455501,29.0368442122402,0.0586507936507936,40.1954631661726,2.8100171818297,31.3581627537517,5.86507936507936
2020-04-28,1689,37,1667,34,22,3,1812,40,30603,2174,32415,2214,2,36,19,789,16,864,1,177,40,"East TN",2455501,26.2268270304105,0.0548928005339117,90.1648991387094,1.50682080764781,32.1319356009222,5.48928005339117
2020-04-29,1752,63,1729,62,23,1,1878,66,33352,2749,35230,2815,1,37,39,828,23,887,6,183,41,"East TN",2455501,20.5660677800579,0.0434854771784232,114.640556041313,2.56566786167059,33.7202061819563,4.34854771784232
2020-04-30,1774,22,1750,21,24,1,1900,22,33901,549,35801,571,0,37,-1,827,23,910,1,184,41,"East TN",2455501,11.4844180474779,0.0265376764001065,23.2539103018081,0.895947507250048,33.6794812952632,2.65376764001065
2020-05-01,1814,40,1786,36,28,4,1929,29,35563,1662,37492,1691,0,37,-16,811,56,966,0,184,41,"East TN",2455501,11.1586189539324,0.0268232990699951,68.8657833981741,1.62899546772736,33.0278831081722,2.68232990699951
2020-05-02,1835,21,1807,21,28,0,1966,37,37440,1877,39406,1914,0,37,-107,704,128,1094,3,187,41,"East TN",2455501,11.077169180546,0.0257609175121306,77.9474331307542,0.855222620556864,28.6703202320015,2.57609175121306
2020-05-03,1873,38,1840,33,33,5,2003,37,39560,2120,41563,2157,0,37,-20,684,58,1152,3,190,43,"East TN",2455501,11.8102171410234,0.0245363997084784,87.8435805971979,1.54754569434099,27.8558224981379,2.45363997084784
2020-05-04,1920,47,1884,44,36,3,2060,57,41506,1946,43566,2003,0,37,-312,372,359,1511,1,191,43,"East TN",2455501,10.9142696337733,0.0215488215488215,81.5719480464475,1.91406967457965,15.1496578498644,2.15488215488215
2020-05-05,1948,28,1911,27,37,1,2092,32,44416,2910,46508,2942,2,39,-45,327,71,1582,1,192,43,"East TN",2455501,10.5477456535347,0.0198680195841907,119.812616651347,1.14029682740915,13.3170379486712,1.98680195841907
2020-05-06,1985,37,1948,37,37,0,2135,43,45460,1044,47595,1087,1,40,7,334,29,1611,0,192,43,"East TN",2455501,9.48889859951187,0.0207844723008492,44.267951835491,1.50682080764781,13.6021121555235,2.07844723008492
2020-05-07,2028,43,1989,41,39,2,2183,48,46851,1391,49034,1439,0,40,19,353,24,1635,4,196,47,"East TN",2455501,10.3441212200687,0.0213859291166024,58.6031119514918,1.75117012780691,14.375885002694,2.13859291166024
2020-05-08,2047,19,2008,19,39,0,2219,36,48521,1670,50740,1706,1,41,-15,338,33,1668,0,196,48,"East TN",2455501,9.48889859951187,0.0218900966183575,69.4766566985719,0.773772847170496,13.7650117022962,2.18900966183575
2020-05-09,2063,16,2022,14,41,2,2237,18,51339,2818,53576,2836,0,41,-32,306,48,1716,1,197,49,"East TN",2455501,9.28527416604595,0.0191249117854622,115.49577866187,0.651598187090944,12.4618153281143,1.91249117854622
2020-05-10,2079,16,2037,15,42,1,2256,19,53903,2564,56159,2583,1,42,-27,279,42,1758,3,200,49,"East TN",2455501,8.3893266587959,0.0173335160317895,105.192382328494,0.651598187090944,11.3622433873983,1.73335160317895
2020-05-11,2140,61,2097,60,43,1,2307,51,55474,1571,57781,1622,3,45,13,292,45,1803,5,205,51,"East TN",2455501,8.95947507250048,0.0173760112557158,66.0557662163444,2.48421808828422,11.8916669144097,1.73760112557158
2020-05-12,2193,53,2150,53,43,0,2373,66,59029,3555,61402,3621,3,48,30,322,20,1823,3,208,51,"East TN",2455501,9.97759723983008,0.0188666577145159,147.464814716019,2.15841899473875,13.1134135152052,1.88666577145159
2020-05-13,2247,54,2201,51,46,3,2425,52,60654,1625,63079,1677,0,48,18,340,36,1859,7,215,53,"East TN",2455501,10.6699203136142,0.0187290105915784,68.2956349844696,2.19914388143194,13.8464614756826,1.87290105915784
2020-05-14,2278,31,2232,31,46,0,2470,45,62362,1708,64832,1753,1,49,-2,338,32,1891,2,217,54,"East TN",2455501,10.181221673296,0.018166856564122,71.3907263731516,1.2624714874887,13.7650117022962,1.8166856564122
2020-05-15,2306,28,2260,28,46,0,2507,37,64681,2319,67188,2356,1,50,-21,317,48,1939,4,221,54,"East TN",2455501,10.5477456535347,0.0175097276264591,95.9478330491415,1.14029682740915,12.9097890817393,1.75097276264591
2020-05-16,2316,10,2270,10,46,0,2525,18,67450,2769,69975,2787,1,51,-28,289,37,1976,1,222,54,"East TN",2455501,10.3033963333756,0.0175620464662479,113.500259213904,0.40724886693184,11.7694922543302,1.75620464662479
2020-05-17,2396,80,2350,80,46,0,2604,79,69677,2227,72281,2306,0,51,59,348,21,1997,4,226,56,"East TN",2455501,12.9097890817393,0.0215854112393003,93.9115887144823,3.25799093545472,14.172260569228,2.15854112393003
2020-05-18,2445,49,2398,48,47,1,2665,61,71555,1878,74220,1939,0,51,8,356,41,2038,3,229,56,"East TN",2455501,12.4210904414211,0.0217774803820184,78.9655552980838,1.99551944796602,14.4980596627735,2.17774803820184
2020-05-19,2486,41,2438,40,48,1,2705,40,72679,1124,75384,1164,1,52,-6,350,46,2084,3,232,56,"East TN",2455501,11.9323918011029,0.0237448147618366,47.4037681108662,1.66972035442054,14.2537103426144,2.37448147618366
2020-05-20,2528,42,2480,42,48,0,2750,45,74419,1740,77169,1785,0,52,13,363,29,2113,3,235,56,"East TN",2455501,11.4436931607847,0.0230660042583392,72.6939227473334,1.71044524111373,14.7831338696258,2.30660042583392
2020-05-21,2769,241,2720,240,49,1,2988,238,75881,1462,78869,1700,0,52,211,574,30,2143,4,239,57,"East TN",2455501,19.9959193663533,0.0369024720381848,69.2323073784128,9.81469769305734,23.3760849618876,3.69024720381848
2020-05-22,2860,91,2808,88,52,3,3066,78,77405,1524,80471,1602,0,52,40,614,51,2194,7,246,57,"East TN",2455501,22.5615872280239,0.0420838665964014,65.2412684824808,3.70596468907974,25.005080429615,4.20838665964014
2020-05-23,2926,66,2870,62,56,4,3157,91,79620,2215,82777,2306,2,54,36,650,28,2222,7,253,58,"East TN",2455501,24.8421808828422,0.049367286361506,93.9115887144823,2.68784252175014,26.4711763505696,4.9367286361506
2020-05-24,2978,52,2922,52,56,0,3227,70,81740,2120,84967,2190,0,54,26,676,26,2248,0,253,59,"East TN",2455501,23.7018840554331,0.0491092542960744,89.187501858073,2.11769410804557,27.5300234045924,4.91092542960744
2020-05-25,3062,84,3005,83,57,1,3321,94,84390,2650,87711,2744,1,55,42,718,41,2289,2,255,59,"East TN",2455501,25.1272550896945,0.0486250092654362,111.749089086097,3.42089048222746,29.2404686457061,4.86250092654362
2020-05-26,3123,61,3057,52,66,9,3377,56,86776,2386,90153,2442,1,56,15,733,45,2334,3,258,59,"East TN",2455501,25.9417528235582,0.0455007109486086,99.4501733047553,2.48421808828422,29.8513419461039,4.55007109486086
2020-05-27,3199,76,3130,73,69,3,3444,67,88643,1867,92087,1934,0,56,40,773,36,2370,9,267,59,"East TN",2455501,27.3263989711265,0.0465209813647942,78.7619308646179,3.09509138868198,31.4803374138312,4.65209813647942
2020-05-28,3273,74,3204,74,69,0,3511,67,90042,1399,93553,1466,0,56,14,787,60,2430,1,268,59,"East TN",2455501,20.5253428933647,0.0356169980931626,59.7026838922077,3.01364161529562,32.0504858275358,3.56169980931626
2020-05-29,3348,75,3278,74,70,1,3594,83,91320,1278,94914,1361,0,56,10,797,65,2495,4,272,59,"East TN",2455501,19.8737447062738,0.0365575019040366,55.4265707894234,3.0543665019888,32.4577346944676,3.65575019040366
2020-05-30,3421,73,3350,72,71,1,3675,81,93565,2245,97240,2326,0,56,-1,796,74,2569,5,277,60,"East TN",2455501,20.1588189131261,0.0358155292816152,94.726086448346,2.97291672860243,32.4170098077745,3.58155292816152
2020-05-31,3533,112,3460,110,73,2,3769,94,96348,2783,100117,2877,0,56,71,867,41,2610,1,278,61,"East TN",2455501,22.6023121147171,0.0357755775577558,117.16549901629,4.56118730963661,35.3084767629905,3.57755775577558
2020-06-01,3629,96,3553,93,76,3,3903,134,100180,3832,104083,3966,0,56,-169,698,265,2875,5,283,61,"East TN",2455501,23.0910107550353,0.0355484974346445,161.514900625168,3.90958912254566,28.4259709118424,3.55484974346445
2020-06-02,3736,107,3658,105,78,2,4018,115,104239,4059,108257,4174,1,57,16,714,90,2965,3,286,65,"East TN",2455501,24.9643555429218,0.0354065399911622,169.98567705735,4.35756287617069,29.0775690989334,3.54065399911622
2020-06-03,3786,50,3708,50,78,0,4068,50,106169,1930,110237,1980,0,57,-65,649,115,3080,4,290,66,"East TN",2455501,23.905508488899,0.0343801652892562,80.6352756525043,2.0362443346592,26.4304514638764,3.43801652892562
2020-06-04,3837,51,3757,49,80,2,4129,61,107717,1548,111846,1609,6,63,-37,612,82,3162,5,295,67,"East TN",2455501,22.9688360949558,0.0337834144208167,65.526342689333,2.07696922135238,24.9236306562286,3.37834144208167
2020-06-05,3936,99,3852,95,84,4,4211,82,109873,2156,114084,2238,1,64,-43,569,141,3303,4,299,68,"East TN",2455501,23.9462333755922,0.0321857068335942,91.1422964193458,4.03176378262522,23.1724605284217,3.21857068335942
2020-06-06,3989,53,3902,50,87,3,4286,75,112978,3105,117264,3180,1,65,-14,555,66,3369,4,303,68,"East TN",2455501,23.1317356417285,0.0305133839392729,129.505139684325,2.15841899473875,22.6023121147171,3.05133839392729
2020-06-07,4047,58,3958,56,89,2,4367,81,116938,3960,121305,4041,0,65,-8,547,66,3435,6,309,69,"East TN",2455501,20.9325917602966,0.0282235227487257,164.569267127157,2.36204342820467,22.2765130211716,2.82235227487257
2020-06-08,4207,160,4114,156,93,4,4524,157,119889,2951,124413,3108,0,65,75,622,85,3520,6,315,69,"East TN",2455501,23.5389845086604,0.0305459911460895,126.572947842416,6.51598187090944,25.3308795231604,3.05459911460895
2020-06-09,4315,108,4221,107,94,1,4642,118,122216,2327,126858,2445,1,66,-35,587,142,3662,7,322,70,"East TN",2455501,23.5797093953535,0.0335465835170152,99.5723479648349,4.39828776286387,23.905508488899,3.35465835170152
2020-06-10,4392,77,4295,74,97,3,4716,74,125054,2838,129770,2912,0,66,-63,524,140,3802,6,328,70,"East TN",2455501,24.6792813360695,0.0331746275533712,118.590870050552,3.13581627537517,21.3398406272284,3.31746275533712
2020-06-11,4656,264,4557,262,99,2,4996,280,127345,2291,132341,2571,1,67,149,673,114,3916,8,336,70,"East TN",2455501,33.3536822017177,0.0423030007318858,104.703683688176,10.7513700870006,27.4078487445128,4.23030007318858
2020-06-12,4827,171,4727,170,100,1,5168,172,129973,2628,135141,2800,2,69,24,697,145,4061,3,339,71,"East TN",2455501,36.2858740436269,0.0454480695255734,114.029682740915,6.96395562453446,28.3852460251492,4.54480695255734
2020-06-13,4975,148,4871,144,104,4,5336,168,132164,2191,137500,2359,0,69,50,747,98,4159,4,343,72,"East TN",2455501,40.1547382794794,0.0518877248468077,96.0700077092211,6.02728323059123,30.4214903598084,5.18877248468077
2020-06-14,5091,116,4986,115,105,1,5471,135,136034,3870,141505,4005,0,69,30,777,86,4245,4,347,73,"East TN",2455501,42.5167817076841,0.0546534653465347,163.103171206202,4.72408685640934,31.643236960604,5.46534653465347
2020-06-15,5274,183,5158,172,116,11,5650,179,139208,3174,144858,3353,0,69,59,836,124,4369,9,356,78,"East TN",2455501,43.4534541016273,0.0550745903643923,136.550545082246,7.45265426485267,34.0460052755018,5.50745903643923
2020-06-16,5428,154,5310,152,118,2,5808,158,141008,1800,146816,1958,3,72,64,900,87,4456,4,360,81,"East TN",2455501,45.3267988895138,0.0584226876440525,79.7393281452543,6.27163255075034,36.6523980238656,5.84226876440525
2020-06-17,5561,133,5440,130,121,3,5930,122,142448,1440,148378,1562,3,75,-6,894,136,4592,6,366,83,"East TN",2455501,47.6073925443321,0.0652407566638005,63.6122730147534,5.41640993019347,36.4080487037065,6.52407566638005
2020-06-18,5739,178,5617,177,122,1,6136,206,146039,3591,152175,3797,1,76,42,936,135,4727,12,378,83,"East TN",2455501,44.1050522887183,0.0574770595946355,154.63239477402,7.24902983138675,38.1184939448202,5.74770595946355
2020-06-19,5874,135,5748,131,126,4,6254,118,147503,1464,153757,1582,4,80,22,958,109,4836,13,391,84,"East TN",2455501,42.6389563677636,0.0583369144821659,64.4267707486171,5.49785970357984,39.0144414520703,5.83369144821659
2020-06-20,5940,66,5813,65,127,1,6349,95,149678,2175,156027,2270,0,80,-44,914,110,4946,7,398,84,"East TN",2455501,39.2995156589226,0.0546769579532574,92.4454927935277,2.68784252175014,37.2225464375702,5.46769579532574
2020-06-21,6028,88,5900,87,128,1,6468,119,153028,3350,159496,3469,1,81,0,914,87,5033,3,401,87,"East TN",2455501,38.1592188315134,0.0554165971874826,141.274631938655,3.58379002900019,37.2225464375702,5.54165971874826
2020-06-22,6224,196,6089,189,135,7,6666,198,156439,3411,163105,3609,1,82,43,957,152,5185,7,408,88,"East TN",2455501,38.6886423585248,0.0556803858168466,146.976116075701,7.98207779186406,38.9737165653771,5.56803858168466
2020-06-23,6414,190,6273,184,141,6,6850,184,158244,1805,165094,1989,4,86,57,1014,129,5314,15,423,88,"East TN",2455501,40.1547382794794,0.0570084254294781,81.001799632743,7.73772847170496,41.2950351068886,5.70084254294781
2020-06-24,6592,178,6449,176,143,2,7033,183,159875,1631,166908,1814,2,88,37,1051,139,5453,9,432,88,"East TN",2455501,41.9873581806727,0.0595250944414463,73.8749444614358,7.24902983138675,42.8018559145364,5.95250944414463
2020-06-25,6761,169,6609,160,152,9,7217,184,163049,3174,170266,3358,0,88,22,1073,147,5600,8,440,88,"East TN",2455501,41.620834200434,0.0597534685755348,136.754169515712,6.8825058511481,43.6978034217864,5.97534685755348
2020-06-26,6975,214,6813,204,162,10,7389,172,164638,1589,172027,1761,1,89,67,1140,146,5746,16,456,88,"East TN",2455501,44.8381002491956,0.0621237000547345,71.716525466697,8.71512575234138,46.4263708302298,6.21237000547345
2020-06-27,7049,74,6882,69,167,5,7435,46,164847,209,172282,255,-1,88,-52,1088,127,5873,5,461,90,"East TN",2455501,45.1638993427411,0.066810212242387,10.3848461067619,3.01364161529562,44.3086767221842,6.6810212242387
2020-06-28,7176,127,7007,125,169,2,7606,171,167934,3087,175540,3258,0,88,30,1118,97,5970,5,466,91,"East TN",2455501,46.7521699237752,0.0709299426576914,132.681680846393,5.17206061003437,45.5304233229797,7.09299426576914
2020-06-29,7519,343,7348,341,171,2,7946,340,173202,5268,181148,5608,1,89,147,1265,195,6165,22,488,92,"East TN",2455501,52.7387282676733,0.0709416394169484,228.385164575376,13.9686361357621,51.5169816668778,7.09416394169484
2020-06-30,7789,270,7614,266,175,4,8394,448,179488,6286,187882,6734,0,89,100,1365,170,6335,22,510,93,"East TN",2455501,55.996719203128,0.0677549587502194,274.241386991901,10.9957194071597,55.5894703361962,6.77549587502194
2020-07-01,8064,275,7886,272,178,3,8728,334,182692,3204,191420,3538,0,89,66,1431,209,6544,17,527,96,"East TN",2455501,59.9470332123668,0.0691498041775457,144.084649120485,11.1993438406256,58.2773128579463,6.91498041775457
2020-07-02,8544,480,8361,475,183,5,9334,606,189075,6383,198409,6989,2,91,314,1745,164,6708,25,552,99,"East TN",2455501,72.6124729739471,0.0752229684113279,284.626233098663,19.5479456127283,71.0649272796061,7.52229684113279
2020-07-03,8770,226,8581,220,189,6,9562,228,192431,3356,201993,3584,5,96,24,1769,197,6905,14,566,100,"East TN",2455501,73.1011716142653,0.0725155175865981,145.957993908371,9.20382439265958,72.0423245602425,7.25155175865982
2020-07-04,8990,220,8799,218,191,2,9842,280,197195,4764,207037,5044,2,98,77,1846,141,7046,15,581,106,"East TN",2455501,79.0470050714701,0.0692562221263128,205.41632848042,8.95947507250048,75.1781408356177,6.92562221263128
2020-07-05,9310,320,9118,319,192,1,10210,368,201042,3847,211252,4215,2,100,163,2009,155,7201,12,593,109,"East TN",2455501,86.9069082032546,0.0729166666666667,171.655397411771,13.0319637418189,81.8162973666066,7.29166666666667
2020-07-06,9544,234,9341,223,203,11,10420,210,202673,1631,213093,1841,4,104,-51,1958,281,7482,26,619,109,"East TN",2455501,82.4678955536976,0.0774456096415714,74.9745164021517,9.52962348620506,79.7393281452543,7.74456096415715
2020-07-07,9992,448,9780,439,212,9,10986,566,208951,6278,219937,6844,0,104,159,2117,289,7771,32,651,110,"East TN",2455501,89.7169253850844,0.0808610201216659,278.721124528151,18.2447492385464,86.2145851294705,8.08610201216659
2020-07-08,10373,381,10151,371,222,10,11420,434,213122,4171,224542,4605,1,105,61,2178,319,8090,20,671,110,"East TN",2455501,94.0337633745619,0.0812752853088582,187.538103222112,15.5161818301031,88.6988032177547,8.12752853088582
2020-07-09,10822,449,10586,435,236,14,11892,472,219071,5949,230963,6421,1,106,149,2327,299,8389,24,695,114,"East TN",2455501,92.7712918870731,0.0785771333783867,261.494497456934,18.2854741252396,94.7668113350392,7.85771333783867
2020-07-10,11289,467,11041,455,248,12,12345,453,222355,3284,234700,3737,0,106,141,2468,326,8715,29,724,116,"East TN",2455501,102.58598958013,0.0850888189072676,152.188901572429,19.0185220857169,100.509020358778,8.50888189072676
2020-07-11,11595,306,11340,299,255,7,12767,422,226833,4478,239600,4900,5,111,44,2512,257,8972,23,747,121,"East TN",2455501,106.088329835744,0.0898258759942266,199.551944796602,12.4618153281143,102.300915373278,8.98258759942266
2020-07-12,12065,470,11802,462,263,8,13400,633,232763,5930,246163,6563,1,112,222,2734,247,9219,25,772,126,"East TN",2455501,112.197062839722,0.091375211251468,267.277431367367,19.1406967457965,111.341840219165,9.1375211251468
2020-07-13,12419,354,12143,341,276,13,13743,343,236197,3434,249940,3777,3,115,-119,2615,470,9689,20,792,130,"East TN",2455501,117.084049242904,0.0901837327326512,153.817897040156,14.4166098893871,106.495578702676,9.01837327326512
2020-07-14,12934,515,12653,510,281,5,14327,584,240685,4488,255012,5072,4,119,77,2692,434,10123,34,826,134,"East TN",2455501,119.812616651347,0.0952530292230934,206.556625307829,20.9733166469898,109.631394978051,9.52530292230934
2020-07-15,13314,380,13027,374,287,6,14710,383,243782,3097,258492,3480,6,125,-106,2586,480,10603,24,850,141,"East TN",2455501,119.771891764654,0.0969072164948454,141.72260569228,15.4754569434099,105.314556988574,9.69072164948454
2020-07-16,14141,827,13839,812,302,15,15807,1097,253616,9834,269423,10931,6,131,349,2935,472,11075,44,894,143,"East TN",2455501,135.165898934678,0.101794071762871,445.163736443194,33.6794812952632,119.527542444495,10.1794071762871
2020-07-17,14609,468,14293,454,316,14,16318,511,257935,4319,274253,4830,3,134,95,3030,370,11445,24,918,148,"East TN",2455501,135.206623821371,0.100447500821682,196.701202728079,19.0592469724101,123.396406680348,10.0447500821682
2020-07-18,15118,509,14787,494,331,15,16986,668,266025,8090,283011,8758,6,140,185,3215,318,11763,27,945,151,"East TN",2455501,143.473775820087,0.0971873488286379,356.668557658905,20.7289673268307,130.930510718587,9.71873488286379
2020-07-19,15599,481,15249,462,350,19,17546,560,270879,4854,288425,5414,0,140,76,3291,405,12168,26,971,155,"East TN",2455501,143.921749573712,0.0981023141356301,220.484536556898,19.5886704994215,134.025602107269,9.81023141356301
2020-07-20,16035,436,15670,421,365,15,17957,411,273336,2457,291293,2868,2,142,-270,3021,704,12872,29,1000,159,"East TN",2455501,147.261190282553,0.101903126738084,116.798975036052,17.7560505982282,123.029882700109,10.1903126738084
2020-07-21,17036,1001,16654,984,382,17,19169,1212,281714,8378,300883,9590,1,143,381,3402,619,13491,61,1061,162,"East TN",2455501,167.053485215441,0.105556887794031,390.551663387635,40.7656115798772,138.546064530212,10.5556887794031
2020-07-22,17620,584,17222,568,398,16,19823,654,285014,3300,304837,3954,4,147,-79,3323,659,14150,29,1090,167,"East TN",2455501,175.36136210085,0.110324738375229,161.02620198485,23.7833338288195,135.32879848145,11.0324738375229
2020-07-23,18415,795,17995,773,420,22,20822,999,295218,10204,316040,11203,4,151,242,3565,549,14699,50,1140,173,"East TN",2455501,174.058165726668,0.107578780273291,456.24090562374,32.3762849210813,145.184221061201,10.7578780273291
2020-07-24,19018,603,18585,590,433,13,21506,684,301028,5810,322534,6494,2,153,7,3572,594,15293,34,1174,180,"East TN",2455501,179.556025430248,0.107454278080404,264.467414185537,24.55710667599,145.469295268053,10.7454278080404
2020-07-25,19996,978,19551,966,445,12,22708,1202,310642,9614,333350,10816,10,163,550,4122,418,15711,29,1203,188,"East TN",2455501,198.655997289352,0.113669321996861,440.480374473478,39.8289391859339,167.867982949304,11.3669321996861
2020-07-26,20771,775,20311,760,460,15,23605,897,318165,7523,341770,8420,1,164,391,4513,383,16094,21,1224,195,"East TN",2455501,210.629113977148,0.11358140406786,342.903545956609,31.5617871872176,183.791413646339,11.358140406786
2020-07-27,21417,646,20935,624,482,22,24311,706,322631,4466,346942,5172,6,170,-78,4435,718,16812,38,1262,199,"East TN",2455501,219.181340182716,0.114179949325235,210.629113977148,26.3082768037969,180.614872484271,11.4179949325235
2020-07-28,22232,815,21727,792,505,23,25283,972,330852,8221,356135,9193,7,177,170,4605,638,17450,50,1312,204,"East TN",2455501,211.606511257784,0.110656627814378,374.38388337044,33.190782654945,187.538103222112,11.0656627814378
2020-07-29,22575,343,22059,332,516,11,25599,316,332422,1570,358021,1886,5,182,-337,4268,675,18125,24,1336,213,"East TN",2455501,201.791813564727,0.108604091456077,76.807136303345,13.9686361357621,173.813816406509,10.8604091456077
2020-07-30,23763,1188,23232,1173,531,15,26980,1381,344956,12534,371936,13915,5,187,674,4942,509,18634,46,1382,220,"East TN",2455501,217.796694035148,0.110168885072277,566.686798335655,48.3811653915026,201.262390037715,11.0168885072277
2020-07-31,24385,622,23838,606,547,16,27634,654,348924,3968,376558,4622,6,193,80,5022,536,19170,27,1409,229,"East TN",2455501,218.570466882319,0.113431067673627,188.230426295896,25.3308795231604,204.52038097317,11.3431067673627
2020-08-01,24944,559,24380,542,564,17,28270,636,355899,6975,384169,7611,1,194,152,5174,406,19576,16,1425,232,"East TN",2455501,201.506739357874,0.109447253979811,309.957112621823,22.7652116614899,210.710563750534,10.9447253979811
2020-08-02,25375,431,24800,420,575,11,28754,484,359697,3798,388451,4282,4,198,49,5223,378,19954,21,1446,237,"East TN",2455501,187.497378335419,0.110301835864699,174.383964820214,17.5524261647623,212.7060831985,11.0301835864699
2020-08-03,26001,626,25408,608,593,18,29462,708,363841,4144,393303,4852,3,201,-43,5180,666,20620,39,1485,245,"East TN",2455501,186.682880601555,0.111106317810228,197.597150235329,25.4937790699332,210.954913070693,11.1106317810228
2020-08-04,26487,486,25874,466,613,20,29988,526,369212,5371,399200,5897,6,207,-218,4962,698,21318,34,1519,254,"East TN",2455501,173.284392879498,0.10925345408104,240.154656829706,19.7922949328874,202.076887771579,10.925345408104
2020-08-05,26955,468,26334,460,621,8,30509,521,373425,4213,403934,4734,9,216,-222,4740,681,21999,20,1539,260,"East TN",2455501,178.375003716146,0.106941389149043,192.791613605533,19.0592469724101,193.035962925692,10.6941389149043
2020-08-06,27686,731,27027,693,659,38,31361,852,380494,7069,411855,7921,7,223,202,4942,522,22521,37,1576,266,"East TN",2455501,159.763730497361,0.109747238157268,322.58182749671,29.7698921727175,201.262390037715,10.9747238157268
2020-08-07,28241,555,27568,541,673,14,31980,619,384464,3970,416444,4589,6,229,40,4982,509,23030,34,1610,279,"East TN",2455501,157.035163088917,0.108960537531966,186.886505035021,22.6023121147171,202.891385505443,10.8960537531966
2020-08-08,28916,675,28231,663,685,12,32780,800,394541,10077,427321,10877,8,237,290,5272,377,23407,24,1634,290,"East TN",2455501,161.759249945327,0.104514275120504,442.964592561762,27.4892985178992,214.701602646466,10.4514275120504
2020-08-09,29444,528,28747,516,697,12,33414,634,398842,4301,432256,4935,2,239,115,5387,411,23818,20,1654,297,"East TN",2455501,165.709563954566,0.106380550165506,200.977315830863,21.5027401740012,219.384964616182,10.6380550165506
2020-08-10,29747,303,29039,292,708,11,33742,328,401131,2289,434873,2617,3,242,-477,4910,777,24595,26,1680,301,"East TN",2455501,152.555425552667,0.102958864565793,106.577028476063,12.3396406680348,199.959193663533,10.2958864565793
2020-08-11,30359,612,29634,595,725,17,34427,685,407231,6100,441658,6785,17,259,-7,4903,602,25197,28,1708,306,"East TN",2455501,157.686761276008,0.104550379198267,276.318356213253,24.9236306562286,199.674119456681,10.4550379198267
2020-08-12,30804,445,30058,424,746,21,34901,474,410979,3748,445880,4222,6,265,-251,4652,690,25887,25,1733,311,"East TN",2455501,156.750088882065,0.104706050636533,171.940471618623,18.1225745784669,189.452172896692,10.4706050636533
2020-08-13,31621,817,30862,804,759,13,36018,1117,419542,8563,455560,9680,6,271,202,4854,609,26496,44,1777,319,"East TN",2455501,160.252429137679,0.106555314037295,394.216903190021,33.2722324283313,197.678600008715,10.6555314037295
2020-08-14,32082,461,31294,432,788,29,36552,534,424198,4656,460750,5190,4,275,-142,4712,599,27095,18,1795,326,"East TN",2455501,156.42428978852,0.103191441339773,211.362161937625,18.7741727655578,191.895666098283,10.3191441339773
2020-08-15,32732,650,31932,638,800,12,37429,877,431131,6933,468560,7810,4,279,216,4928,430,27525,17,1812,335,"East TN",2455501,155.40616762119,0.11273309246102,318.061365073767,26.4711763505696,200.692241624011,11.273309246102
2020-08-16,33206,474,32395,463,811,11,38022,593,436596,5465,474618,6058,2,281,110,5038,362,27887,10,1822,344,"East TN",2455501,153.207023739758,0.108776733865257,246.711363587309,19.3035962925692,205.171979160261,10.8776733865257
2020-08-17,33479,273,32598,203,881,70,38249,227,438068,1472,476317,1699,8,289,-397,4641,662,28549,12,1834,350,"East TN",2455501,151.985277138963,0.108749155486922,69.1915824917196,11.1178940672392,189.004199143067,10.8749155486922
2020-08-18,34109,630,33163,565,946,65,39061,812,448665,10597,487726,11409,8,297,52,4693,570,29119,22,1856,353,"East TN",2455501,152.71832509944,0.10059043153599,464.630232282536,25.6566786167059,191.121893251113,10.059043153599
2020-08-19,34564,455,33597,434,967,21,39558,497,453449,4784,493007,5281,7,304,-113,4580,561,29680,22,1878,360,"East TN",2455501,153.125573966372,0.0988180872960299,215.068126626705,18.5298234453987,186.519981054783,9.88180872960299
2020-08-20,35342,778,34354,757,988,21,40432,874,464988,11539,505420,12413,6,310,265,4845,507,30187,27,1905,368,"East TN",2455501,151.537303385338,0.088527878058564,505.518018522493,31.6839618472971,197.312076028476,8.8527878058564
2020-08-21,35551,209,34551,197,1000,12,40645,213,467439,2451,508084,2664,17,327,-321,4524,513,30700,17,1922,375,"East TN",2455501,141.274631938655,0.0864706130899565,108.491098150642,8.51150131887546,184.239387399964,8.64706130899565
2020-08-22,36420,869,35408,857,1012,12,41617,972,480806,13367,522423,14339,2,329,453,4977,414,31114,20,1942,382,"East TN",2455501,150.193382124463,0.077752817332863,583.954150293565,35.3899265363769,202.687761071977,7.7752817332863
2020-08-23,36673,253,35650,242,1023,11,41871,254,485912,5106,527783,5360,0,329,-94,4883,347,31461,20,1962,387,"East TN",2455501,141.193182165269,0.0723972538324085,218.285392675466,10.3033963333756,198.859621722817,7.23972538324085
2020-08-24,36865,192,35825,175,1040,17,42069,198,487255,1343,529324,1541,8,337,-485,4398,669,32130,15,1977,397,"East TN",2455501,137.894466343121,0.0720659535533043,62.7570503941965,7.81917824509133,179.108051676623,7.20659535533043
2020-08-25,37479,614,36414,589,1065,25,42754,685,496989,9734,539743,10419,16,353,120,4518,478,32608,23,2000,406,"East TN",2455501,137.24286815603,0.0709960205317492,424.312594456284,25.005080429615,183.995038079805,7.09960205317492
2020-08-26,37824,345,36734,320,1090,25,43138,384,500951,3962,544089,4346,6,359,-208,4310,547,33155,11,2011,414,"East TN",2455501,132.76313061978,0.0700833953251635,176.990357568578,14.0500859091485,175.524261647623,7.00833953251635
2020-08-27,38685,861,37578,844,1107,17,44114,976,511243,10292,555357,11268,8,367,387,4697,466,33621,29,2040,421,"East TN",2455501,136.143296215314,0.0737329034583575,458.888023258797,35.0641274428314,191.284792797885,7.37329034583575
2020-08-28,39019,334,37892,314,1127,20,44452,338,513852,2609,558304,2947,12,379,-182,4515,504,34125,10,2050,427,"East TN",2455501,141.233907051962,0.0758064516129032,120.016241084813,13.6021121555235,183.872863419726,7.58064516129032
2020-08-29,39470,451,38327,435,1143,16,44980,528,520371,6519,565351,7047,8,387,61,4576,382,34507,16,2066,436,"East TN",2455501,124.210904414211,0.0783404770778979,286.988276526868,18.366923898626,186.35708150801,7.83404770778979
2020-08-30,39733,263,38579,252,1154,11,45247,267,522252,1881,567499,2148,8,395,-55,4521,310,34817,14,2080,439,"East TN",2455501,124.618153281143,0.0850035250276966,87.4770566169592,10.7106452003074,184.117212739885,8.50035250276967
2020-08-31,40140,407,38957,378,1183,29,45697,450,525739,3487,571436,3937,2,397,-133,4388,538,35355,17,2097,444,"East TN",2455501,133.374003920178,0.0861512158054711,160.333878911065,16.5750288841259,178.700802809691,8.61512158054711
2020-09-01,40747,607,39522,565,1225,42,46371,674,531404,5665,577775,6339,6,403,105,4493,496,35851,28,2125,453,"East TN",2455501,133.088929713325,0.0951041228439209,258.155056748093,24.7200062227627,182.976915912476,9.51041228439209
2020-09-02,41235,488,39981,459,1254,29,46824,453,536197,4793,583021,5246,7,410,23,4516,458,36309,22,2147,460,"East TN",2455501,138.912588510451,0.0946778999280797,213.642755592443,19.8737447062738,183.913588306419,9.46778999280797
2020-09-03,41790,555,40503,522,1287,33,47471,647,544453,8256,591924,8903,6,416,-39,4477,588,36897,22,2169,463,"East TN",2455501,126.450773182336,0.0918040856509968,362.573666229417,22.6023121147171,182.325317725385,9.18040856509968
2020-09-04,42147,357,40846,343,1301,14,47819,348,547785,3332,595604,3680,7,423,-40,4437,390,37287,11,2180,464,"East TN",2455501,127.38744557628,0.0902680965147453,149.867583030917,14.5387845494667,180.696322257657,9.02680965147453
2020-09-05,43145,998,41829,983,1316,15,48909,1090,557104,9319,606013,10409,1,424,640,5077,357,37644,26,2206,470,"East TN",2455501,149.663958597451,0.0966258423097733,423.905345589352,40.6434369197976,206.760249741295,9.66258423097733
2020-09-06,43408,263,42076,247,1332,16,49177,268,559731,2627,608908,2895,0,424,-51,5026,314,37958,9,2215,484,"East TN",2455501,149.663958597451,0.0949069042961675,117.898546976768,10.7106452003074,204.683280519943,9.49069042961675
2020-09-07,43612,204,42273,197,1339,7,49414,237,561067,1336,610481,1573,3,427,-342,4684,543,38501,13,2228,488,"East TN",2455501,141.396806598735,0.095197848636189,64.0602467683784,8.30787688540954,190.755369270874,9.5197848636189
2020-09-08,43923,311,42562,289,1361,22,49734,320,564493,3426,614227,3746,7,434,-302,4382,606,39107,24,2252,495,"East TN",2455501,129.342240137552,0.0922583123011083,152.555425552667,12.6654397615802,178.456453489532,9.22583123011083
2020-09-09,44256,333,42878,316,1378,17,50109,375,569639,5146,619748,5521,6,440,-161,4221,488,39595,16,2268,502,"East TN",2455501,123.029882700109,0.0894437334930705,224.842099433069,13.5613872688303,171.89974673193,8.94437334930705
2020-09-10,44931,675,43516,638,1415,37,50816,707,577450,7811,628266,8518,18,458,194,4415,463,40058,39,2307,513,"East TN",2455501,127.916869103291,0.0920422651477629,346.894584852541,27.4892985178992,179.800374750407,9.20422651477629
2020-09-11,45257,326,43819,303,1438,23,51171,355,581610,4160,632781,4515,17,475,-205,4210,514,40572,26,2333,524,"East TN",2455501,126.654397615802,0.0901632729913656,183.872863419726,13.276313061978,171.451772978305,9.01632729913656
2020-09-12,45676,419,44220,401,1456,18,51683,512,588596,6986,640279,7498,10,485,92,4302,317,40889,15,2348,535,"East TN",2455501,103.074688220449,0.080954882390708,305.355200425494,17.0637275244441,175.198462554078,8.0954882390708
2020-09-13,46116,440,44640,420,1476,20,52185,502,594170,5574,646355,6076,2,487,48,4350,390,41279,21,2369,540,"East TN",2455501,110.282993165142,0.0803268619649104,247.444411547786,17.918950145001,177.15325711535,8.03268619649104
2020-09-14,46560,444,45069,429,1491,15,52670,485,599143,4973,651813,5458,9,496,-151,4199,586,41865,25,2394,550,"East TN",2455501,120.056965971506,0.0787767347333785,222.276431571398,18.0818496917737,171.00379922468,7.87767347333785
2020-09-15,47053,493,45525,456,1528,37,53210,540,607319,8176,660529,8716,7,503,-66,4133,552,42417,20,2414,553,"East TN",2455501,127.468895349666,0.0750723510863462,354.958112417792,20.0773691397397,168.315956702929,7.50723510863462
2020-09-16,47406,353,45835,310,1571,43,53604,394,610733,3414,664337,3808,6,509,-175,3958,522,42939,17,2431,562,"East TN",2455501,128.28339308353,0.0783825607212541,155.080368527645,14.375885002694,161.189101531622,7.83825607212541
2020-09-17,47957,551,46354,519,1603,32,54181,577,617908,7175,672089,7752,8,517,119,4077,424,43363,21,2452,573,"East TN",2455501,123.233507133575,0.0767861625173995,315.699321645562,22.4394125679444,166.035363048111,7.67861625173995
2020-09-18,48491,534,46840,486,1651,48,54747,566,626022,8114,680769,8680,17,534,-29,4048,546,43909,30,2482,579,"East TN",2455501,131.704283565757,0.0745186296574143,353.492016496837,21.7470894941603,164.854341334009,7.45186296574143
2020-09-19,48999,508,47325,485,1674,23,55320,573,634376,8354,689696,8927,3,537,193,4241,312,44221,30,2512,581,"East TN",2455501,135.32879848145,0.0735981544812514,363.551063510054,20.6882424401375,172.714244465793,7.35981544812514
2020-09-20,49305,306,47606,281,1699,25,55649,329,639334,4958,694983,5287,1,538,-19,4222,324,44545,13,2525,592,"East TN",2455501,129.871663664564,0.071234679608456,215.312475946864,12.4618153281143,171.940471618623,7.1234679608456
2020-09-21,49468,163,47739,133,1729,30,55801,152,640851,1517,696652,1669,3,541,-208,4014,368,44913,9,2534,597,"East TN",2455501,118.427970503779,0.0698276054327706,67.9698358909241,6.63815653098899,163.469695186441,6.98276054327706
2020-09-22,49928,460,48141,402,1787,58,56291,490,647000,6149,703291,6639,6,547,-55,3959,509,45422,29,2563,604,"East TN",2455501,117.084049242904,0.072049950890978,270.372522756049,18.7334478788646,161.229826418315,7.2049950890978
2020-09-23,50222,294,48395,254,1827,40,56573,282,649093,2093,705666,2375,8,555,-217,3742,503,45925,13,2576,613,"East TN",2455501,114.681280928006,0.0718381765830289,96.721605896312,11.9731166877961,152.392526005895,7.18381765830289
2020-09-24,50685,463,48837,442,1848,21,57054,481,655986,6893,713040,7374,11,566,-36,3706,488,46413,28,2604,618,"East TN",2455501,111.097490899006,0.0701570169226637,300.305314475539,18.8556225389442,150.92643008494,7.01570169226637
2020-09-25,51139,454,49267,430,1872,24,57540,486,662659,6673,720199,7159,11,577,14,3720,429,46842,18,2622,625,"East TN",2455501,107.839499963551,0.0708343900583312,291.549463836504,18.4890985587055,151.496578498644,7.08343900583312
2020-09-26,51697,558,49801,534,1896,24,58178,638,673215,10556,731393,11194,5,582,194,3914,359,47201,29,2651,632,"East TN",2455501,109.87574429821,0.068542101350217,455.874381643502,22.7244867747967,159.397206517122,6.8542101350217
2020-09-27,52090,393,50166,365,1924,28,58585,407,679234,6019,737819,6426,3,585,91,4005,299,47500,30,2681,639,"East TN",2455501,113.418809440517,0.0685404799701186,261.6981218904,16.0048804704213,163.103171206202,6.85404799701186
2020-09-28,52324,234,50361,195,1963,39,58810,225,680921,1687,739731,1912,4,589,-315,3690,545,48045,15,2696,646,"East TN",2455501,116.310276395733,0.0698484180227025,77.8659833573678,9.52962348620506,150.274831897849,6.98484180227025
2020-09-29,52707,383,50701,340,2006,43,59207,397,686730,5809,745937,6206,9,598,-43,3647,417,48462,33,2729,648,"East TN",2455501,113.174460120358,0.0683768700464287,252.7386468179,15.5976316034895,148.523661770042,6.83768700464287
2020-09-30,53189,482,51151,450,2038,32,59683,476,690168,3438,749851,3914,6,604,79,3726,397,48859,23,2752,652,"East TN",2455501,120.830738818677,0.070385877560258,159.397206517122,19.6293953861147,151.740927818804,7.0385877560258
2020-10-01,53577,388,51500,349,2077,39,60062,379,693448,3280,753510,3659,11,615,0,3726,377,49236,31,2783,657,"East TN",2455501,117.776372316688,0.0743266617247344,149.01236041036,15.8012560369554,151.740927818804,7.43266617247344
2020-10-02,54042,465,51937,437,2105,28,60525,463,697069,3621,757594,4084,2,617,24,3750,439,49675,17,2800,661,"East TN",2455501,118.224346070313,0.0798235058162856,166.320437254963,18.9370723123306,152.71832509944,7.98235058162856
2020-10-03,54447,405,52325,388,2122,17,61008,483,704529,7460,765537,7943,12,629,83,3833,310,49985,22,2822,667,"East TN",2455501,111.993438406256,0.0828842549203374,323.477775003961,16.4935791107395,156.098490694974,8.28842549203374
2020-10-04,54902,455,52750,425,2152,30,61547,539,714652,10123,776199,10662,4,633,144,3977,307,50292,27,2849,680,"East TN",2455501,114.518381381233,0.0771756122980719,434.208741922728,18.5298234453987,161.962874378793,7.71756122980719
2020-10-05,55573,671,53362,612,2211,59,62298,751,721900,7248,784198,7999,5,638,151,4128,515,50807,42,2891,689,"East TN",2455501,132.315156866155,0.0784401916027616,325.758368658779,27.3263989711265,168.112332269464,7.84401916027616
2020-10-06,56323,750,54028,666,2295,84,63038,740,728540,6640,791578,7380,8,646,302,4430,440,51247,46,2937,698,"East TN",2455501,147.261190282553,0.0839376876054425,300.549663795698,30.543665019888,180.411248050805,8.39376876054425
2020-10-07,57060,737,54687,659,2373,78,63746,708,735293,6753,799039,7461,3,649,293,4723,441,51688,38,2975,704,"East TN",2455501,157.646036389315,0.0826014475075222,303.848379617846,30.0142414928766,192.343639851908,8.26014475075222
2020-10-08,57778,718,55344,657,2434,61,64424,678,741754,6461,806178,7139,10,659,266,4989,442,52130,32,3007,710,"East TN",2455501,171.085248998066,0.082820688083846,290.734966102641,29.2404686457061,203.176459712295,8.2820688083846
2020-10-09,58319,541,55843,499,2476,42,64984,560,747233,5479,812217,6039,4,663,123,5112,414,52544,20,3027,717,"East TN",2455501,174.180340386748,0.0816322794427256,245.937590740138,22.0321637010125,208.185620775557,8.16322794427256
2020-10-10,58937,618,56431,588,2506,30,65653,669,755659,8426,821312,9095,12,675,252,5364,354,52898,20,3047,731,"East TN",2455501,182.854741252396,0.0832810398924249,370.392844474508,25.1679799763877,218.448292222239,8.32810398924249
2020-10-11,59880,943,57343,912,2537,31,66682,1029,766087,10428,832769,11457,1,676,586,5950,356,53254,37,3084,738,"East TN",2455501,202.72848595867,0.0907724942549054,466.585026843809,38.4035681516725,242.313075824445,9.07724942549054
2020-10-12,60236,356,57628,285,2608,71,66999,317,769008,2921,836007,3238,6,682,-337,5613,687,53941,19,3103,749,"East TN",2455501,189.900146650317,0.090737130614372,131.86718311253,14.4980596627735,228.588789008842,9.0737130614372
2020-10-13,60741,505,58081,453,2660,52,67483,484,773393,4385,840876,4869,9,691,7,5620,489,54430,24,3127,756,"East TN",2455501,179.922549410487,0.0901659296523186,198.289473309113,20.5660677800579,228.873863215694,9.01659296523185
2020-10-14,61615,874,58893,812,2722,62,68331,848,779577,6184,847908,7032,1,692,329,5949,544,54974,44,3171,763,"East TN",2455501,185.501858887453,0.0938222595101189,286.37740322647,35.5935509698428,242.272350937752,9.38222595101189
2020-10-15,62124,509,59333,440,2791,69,68796,465,783731,4154,852527,4619,14,706,-67,5882,562,55536,19,3190,772,"East TN",2455501,176.990357568578,0.0943278172128849,188.108251635817,20.7289673268307,239.543783529308,9.43278172128849
2020-10-16,62763,639,59929,596,2834,43,69380,584,787820,4089,857200,4673,2,708,-135,5747,772,56308,22,3212,784,"East TN",2455501,180.98139646451,0.0977258075272881,190.307395517249,26.0232025969446,234.045923825728,9.77258075272881
2020-10-17,63481,718,60610,681,2871,37,70240,860,796604,8784,866844,9644,6,714,237,5984,475,56783,37,3249,791,"East TN",2455501,185.053885133828,0.100742335061056,392.750807269066,29.2404686457061,243.697721972013,10.0742335061056
2020-10-18,64286,805,61369,759,2917,46,71111,871,804714,8110,875825,8981,3,717,348,6332,454,57237,39,3288,799,"East TN",2455501,179.433850770169,0.102866034931252,365.750207391485,32.7835337880131,257.869982541241,10.2866034931252
2020-10-19,65034,748,62054,685,2980,63,71870,759,809613,4899,881483,5658,3,720,-19,6313,764,58001,67,3355,810,"East TN",2455501,195.398006353897,0.107111443398716,230.421408910035,30.4622152465016,257.096209694071,10.7111443398716
2020-10-20,65720,686,62663,609,3057,77,72561,691,813228,3615,885789,4306,15,735,34,6347,637,58638,32,3387,823,"East TN",2455501,202.769210845363,0.113063032974863,175.36136210085,27.9372722715242,258.480855841639,11.3063032974863
2020-10-21,66314,594,63216,553,3098,41,73178,617,816972,3744,890150,4361,5,740,-128,6219,717,59355,27,3414,837,"East TN",2455501,191.366242571272,0.114743620093746,177.601230868975,24.1905826957513,253.268070344911,11.4743620093746
2020-10-22,67444,1130,64252,1036,3192,94,74279,1101,825538,8566,899817,9667,10,750,440,6659,680,60035,43,3457,852,"East TN",2455501,216.656397207739,0.115944174244026,393.68747966301,46.0191219632979,271.187020489912,11.5944174244026
2020-10-23,68415,971,65156,904,3259,67,75249,970,832654,7116,907903,8086,19,769,290,6949,662,60697,39,3496,860,"East TN",2455501,230.177059589876,0.115752519574779,329.301433801086,39.5438649790817,282.997237630936,11.5752519574779
2020-10-24,69652,1237,66331,1175,3321,62,76576,1327,843179,10525,919755,11852,12,781,644,7593,581,61278,50,3546,877,"East TN",2455501,251.313275783638,0.119748256506209,482.671357087617,50.3766848394686,309.224064661346,11.9748256506209
2020-10-25,70581,929,67203,872,3378,57,77623,1047,851056,7877,928679,8924,9,790,437,8030,483,61761,43,3589,888,"East TN",2455501,256.363161733593,0.123207325840996,363.428888849974,37.8334197379679,327.020840146267,12.3207325840996
2020-10-26,71043,462,67609,406,3434,56,78057,434,853811,2755,931868,3189,6,796,-449,7581,905,62666,21,3610,902,"East TN",2455501,244.715844139343,0.122794482484867,129.871663664564,18.814897652251,308.735366021028,12.2794482484867
2020-10-27,71885,842,68321,712,3564,130,78840,783,858196,4385,937036,5168,12,808,80,7661,750,63416,54,3664,926,"East TN",2455501,251.068926463479,0.122524245321677,210.466214430375,34.2903545956609,311.993356956483,12.2524245321677
2020-10-28,72882,997,69232,911,3650,86,79810,970,865413,7217,945223,8187,13,821,200,7861,784,64200,41,3705,940,"East TN",2455501,267.481055800833,0.120421985364879,333.414647357097,40.6027120331044,320.138334295119,12.0421985364879
2020-10-29,73790,908,70025,793,3765,115,80644,834,871916,6503,952560,7337,11,832,151,8012,746,64946,40,3745,952,"East TN",2455501,258.440130954946,0.120679521453084,298.798493667891,36.9781971174111,326.28779218579,12.0679521453084
2020-10-30,74690,900,70832,807,3858,93,81484,840,876773,4857,958257,5697,28,860,50,8062,822,65768,39,3784,968,"East TN",2455501,255.54866399973,0.12382333081781,232.009679491069,36.6523980238656,328.324036520449,12.382333081781
2020-10-31,74704,14,70846,14,3858,0,81500,16,876794,21,958294,37,5,865,-603,7459,612,66380,0,3784,979,"East TN",2455501,205.742127573966,0.127766677910688,1.50682080764781,0.570148413704576,303.766929844459,12.7766677910688
2020-11-01,75211,507,71236,390,3975,117,81970,470,883360,6566,965330,7036,0,865,-137,7322,644,67024,27,3811,995,"East TN",2455501,188.556225389442,0.118605222231317,286.540302773243,20.6475175534443,298.187620367493,11.8605222231317
2020-11-02,76023,812,71980,744,4043,68,82747,777,887588,4228,970335,5005,11,876,-228,7094,1029,68053,38,3849,1009,"East TN",2455501,202.809935732056,0.121922686978449,203.828057899386,33.0686079948654,288.902346201447,12.1922686978449
2020-11-03,77063,1040,72940,960,4123,80,83823,1076,894452,6864,978275,7940,31,907,30,7124,979,69032,29,3878,1022,"East TN",2455501,210.873463297307,0.120832221925847,323.355600343881,42.3538821609114,290.124092802243,12.0832221925847
2020-11-04,77974,911,73752,812,4222,99,84670,847,899337,4885,984007,5732,6,913,-5,7119,910,69942,35,3913,1046,"East TN",2455501,207.371123041693,0.125309405940594,233.435050525331,37.1003717774906,289.920468368777,12.5309405940594
2020-11-05,78552,578,74236,484,4316,94,85171,501,901999,2662,987170,3163,17,930,-366,6753,927,70869,27,3940,1060,"East TN",2455501,193.931910432942,0.130800346720601,128.812816610541,23.5389845086603,275.015159839072,13.0800346720601
2020-11-06,79518,966,75085,849,4433,117,86098,927,908409,6410,994507,7337,10,940,43,6796,913,71782,37,3977,1084,"East TN",2455501,196.619752954692,0.12728275862069,298.798493667891,39.3402405456157,276.766329966878,12.728275862069
2020-11-07,80845,1327,76326,1241,4519,86,87517,1419,919330,10921,1006847,12340,21,961,649,7445,657,72439,52,4029,1094,"East TN",2455501,250.091529182843,0.123926430910551,502.54510179389,54.0419246418552,303.196781430755,12.3926430910551
2020-11-08,82402,1557,77765,1439,4637,118,89184,1667,932231,12901,1021415,14568,3,964,889,8334,665,73104,52,4081,1111,"East TN",2455501,292.852660210686,0.128626192386556,593.280149346304,63.4086485812875,339.401205700995,12.8626192386556
2020-11-09,83022,620,78305,540,4717,80,89765,581,935683,3452,1025448,4033,9,973,-464,7870,1075,74179,19,4100,1122,"East TN",2455501,285.033481965595,0.127338377515287,164.243468033611,25.2494297497741,320.504858275358,12.7338377515287
2020-11-10,83961,939,79155,850,4806,89,90688,923,940685,5002,1031373,5925,27,1000,6,7876,906,75085,44,4144,1140,"East TN",2455501,280.920268409583,0.129289238766055,241.294953657115,38.2406686048998,320.749207595517,12.9289238766055
2020-11-11,85265,1304,80255,1100,5010,204,91857,1169,947232,6547,1039089,7716,26,1026,383,8259,895,75980,59,4203,1154,"East TN",2455501,296.925148880005,0.130478196143931,314.233225724608,53.1052522479119,336.346839199007,13.0478196143931
2020-11-12,86102,837,80960,705,5142,132,92621,764,951448,4216,1044069,4980,15,1041,8,8267,814,76794,34,4237,1172,"East TN",2455501,307.472894533539,0.130933759820032,202.809935732056,34.086730162195,336.672638292552,13.0933759820032
2020-11-13,87561,1459,82248,1288,5313,171,93921,1300,957310,5862,1051231,7162,27,1068,526,8793,906,77700,47,4284,1188,"East TN",2455501,327.550263673279,0.13791340526056,291.671638496584,59.4176096853555,358.093928693167,13.791340526056
2020-11-14,89037,1476,83640,1392,5397,84,95456,1535,966207,8897,1061663,10432,7,1075,918,9711,551,78251,52,4336,1217,"East TN",2455501,333.618271790563,0.144829976649154,424.842017983295,60.1099327591396,395.47937467751,14.4829976649154
2020-11-15,90989,1952,85373,1733,5616,219,97417,1961,977380,11173,1074797,13134,7,1082,1339,11050,606,78857,56,4392,1234,"East TN",2455501,349.704602034371,0.154228016934547,534.880661828279,79.4949788250952,450.009997959683,15.4228016934547
2020-11-16,92514,1525,86772,1399,5742,126,98954,1537,985000,7620,1083954,9157,10,1092,172,11222,1343,80200,41,4433,1253,"East TN",2455501,386.560624491703,0.157060814275459,372.917787449486,62.1054522071056,457.014678470911,15.7060814275459
2020-11-17,93726,1212,87891,1119,5835,93,100175,1221,990144,5144,1090319,6365,31,1123,89,11311,1092,81292,46,4479,1280,"East TN",2455501,397.678518558942,0.16094391476945,259.213903802116,49.358562672139,460.639193386604,16.094391476945
2020-11-18,94923,1197,88846,955,6077,242,101208,1033,995285,5141,1096493,6174,14,1137,55,11366,1128,82420,53,4532,1295,"East TN",2455501,393.320955682771,0.162898055884607,251.435450443718,48.7476893717412,462.879062154729,16.2898055884607
2020-11-19,96003,1080,89726,880,6277,200,102067,859,999946,4661,1102013,5520,45,1182,-242,11124,1277,83697,52,4584,1315,"East TN",2455501,403.217103149215,0.163019467071655,224.801374546376,43.9828776286387,453.023639574979,16.3019467071655
2020-11-20,97129,1126,90689,963,6440,163,103090,1023,1004846,4900,1107936,5923,28,1210,-126,10998,1224,84921,36,4620,1341,"East TN",2455501,389.655715880384,0.161696499426858,241.213503883729,45.8562224165252,447.892303851638,16.1696499426858
2020-11-21,98347,1218,91753,1064,6594,154,104189,1099,1011253,6407,1115442,7506,3,1213,362,11360,853,85774,47,4667,1365,"East TN",2455501,379.148695113543,0.162386805258558,305.680999519039,49.6029119922981,462.63471283457,16.2386805258558
2020-11-22,99933,1586,93182,1429,6751,157,105855,1666,1020854,9601,1126709,11267,17,1230,803,12163,766,86540,57,4724,1392,"East TN",2455501,364.243386583838,0.162544305748189,458.847298372104,64.5896702953898,495.336796849197,16.2544305748189
2020-11-23,100824,891,93940,758,6884,133,106557,702,1023970,3116,1130527,3818,18,1248,-1158,11005,2031,88571,35,4759,1419,"East TN",2455501,338.423808420359,0.163249092822021,155.487617394577,36.2858740436269,448.17737805849,16.3249092822021
2020-11-24,101735,911,94673,733,7062,178,107262,705,1026997,3027,1134259,3732,13,1261,-736,10269,1634,90205,57,4816,1447,"East TN",2455501,326.165617525711,0.16128812016386,151.985277138963,37.1003717774906,418.203861452307,16.128812016386
2020-11-25,102642,907,95359,686,7283,221,107807,545,1029305,2308,1137112,2853,38,1299,-494,9775,1363,91568,56,4872,1472,"East TN",2455501,314.355400384687,0.16246091730471,116.188101735654,36.9374722307179,398.085767425874,16.246091730471
2020-11-26,104108,1466,96746,1387,7362,79,109477,1670,1037671,8366,1147148,10036,18,1317,-441,9334,1889,93457,25,4897,1491,"East TN",2455501,330.075206648256,0.164174144233965,408.714962852795,59.7026838922077,380.126092394179,16.4174144233965
2020-11-27,105812,1704,98313,1567,7499,137,111227,1750,1045211,7540,1156438,9290,5,1322,161,9495,1538,94995,50,4947,1519,"East TN",2455501,353.614191156917,0.167766277679271,378.334197379679,69.3952069251855,386.682799151782,16.7766277679271
2020-11-28,107438,1626,99695,1382,7743,244,112721,1494,1052744,7533,1165465,9027,2,1324,569,10064,1055,96050,45,4992,1547,"East TN",2455501,370.229944927736,0.170561541690822,367.623552179372,66.2186657631172,409.855259680204,17.0561541690822
2020-11-29,109726,2288,101816,2121,7910,167,115047,2326,1063440,10696,1178487,13022,4,1328,1279,11343,1005,97055,51,5043,1572,"East TN",2455501,398.818815386351,0.177527135076674,530.319474518642,93.178540754005,461.942389760786,17.7527135076674
2020-11-30,111964,2238,103825,2009,8139,229,117268,2221,1072891,9451,1190159,11672,15,1343,-107,11236,2330,99385,53,5096,1603,"East TN",2455501,453.67523776207,0.179618325731151,475.340877482844,91.1422964193458,457.584826884615,17.9618325731151
2020-12-01,114227,2263,105833,2008,8394,255,119406,2138,1081729,8838,1201135,10976,20,1363,423,11659,1820,101205,63,5159,1631,"East TN",2455501,508.735284571255,0.181589808002871,446.996356344388,92.1604185866754,474.811453955832,18.1589808002871
2020-12-02,115284,1057,106746,913,8538,144,120282,876,1084639,2910,1204921,3786,15,1378,-688,10971,1730,102935,42,5201,1664,"East TN",2455501,514.844017575232,0.18397262900205,154.184421020395,43.0462052346955,446.792731910922,18.397262900205
2020-12-03,117093,1809,108316,1570,8777,239,122004,1722,1090629,5990,1212633,7712,33,1411,318,11289,1458,104393,45,5246,1685,"East TN",2455501,528.812653710994,0.191295716576315,314.070326177835,73.6713200279699,459.743245879354,19.1295716576315
2020-12-04,118821,1728,109703,1387,9118,341,123461,1457,1096151,5522,1219612,6979,37,1448,-301,10988,1992,106385,36,5282,1720,"East TN",2455501,529.790050991631,0.193655617817457,284.218984231731,70.3726042058219,447.485054984706,19.3655617817457
2020-12-05,119954,1133,110612,909,9342,224,124390,929,1099213,3062,1223603,3991,5,1453,123,11111,1005,107390,24,5306,1746,"East TN",2455501,509.712681851891,0.200712098799408,162.533022792497,46.1412966233775,452.494216047967,20.0712098799408
2020-12-06,121422,1468,111874,1262,9548,206,125631,1241,1103704,4491,1229335,5732,20,1473,483,11594,965,108355,40,5346,1782,"East TN",2455501,476.31827476348,0.208149779735683,233.435050525331,59.7841336655941,472.164336320775,20.8149779735683
2020-12-07,124145,2723,114279,2405,9866,318,128202,2571,1113250,9546,1241452,12117,31,1504,-211,11383,2903,111258,51,5397,1804,"East TN",2455501,496.069844809674,0.213167488741154,493.46345206131,110.89386646554,463.571385228513,21.3167488741154
2020-12-08,126910,2765,116642,2363,10268,402,130733,2531,1121611,8361,1252344,10892,45,1549,720,12103,2000,113258,71,5468,1828,"East TN",2455501,516.513737929653,0.221191587416274,443.57546586216,112.604311706654,492.893303647606,22.1191587416274
2020-12-09,129556,2646,119027,2385,10529,261,133311,2578,1128709,7098,1262020,9676,21,1570,577,12680,2048,115306,56,5524,1851,"East TN",2455501,581.225582885122,0.228182630168654,394.054003643248,107.758050190165,516.391563269573,22.8182630168654
2020-12-10,132631,3075,121709,2682,10922,393,136260,2949,1140180,11471,1276440,14420,30,1600,2514,15194,531,115837,74,5598,1888,"East TN",2455501,632.783289438693,0.223423762283135,587.252866115713,125.229026581541,618.773928416238,22.3423762283135
2020-12-11,134617,1986,123459,1750,11158,236,138050,1790,1147354,7174,1285404,8964,35,1635,440,15634,1511,117348,50,5648,1913,"East TN",2455501,643.290310205534,0.221744285019455,365.057884317701,80.8796249726634,636.692878561239,22.1744285019455
2020-12-12,137878,3261,126186,2727,11692,534,141024,2974,1158587,11233,1299611,14207,21,1656,1879,17513,1361,118709,73,5721,1938,"East TN",2455501,729.95286908863,0.218845384696348,578.578465250065,132.803855506473,713.214940657731,21.8845384696348
2020-12-13,142170,4292,130047,3861,12123,431,145390,4366,1175872,17285,1321262,21651,15,1671,2960,20473,1317,120026,62,5783,1972,"East TN",2455501,844.959949110182,0.214942291165816,881.734521794127,174.791213687146,833.760605269556,21.4942291165816
2020-12-14,145029,2859,132504,2457,12525,402,148063,2673,1185151,9279,1333214,11952,37,1708,-1085,19388,3907,123933,72,5855,2006,"East TN",2455501,850.498533700455,0.216440356574617,486.743845756935,116.432451055813,789.574103207451,21.6440356574617
2020-12-15,149157,4128,136046,3542,13111,586,151927,3864,1200172,15021,1352099,18885,34,1742,1613,21001,2481,126414,94,5949,2037,"East TN",2455501,906.006554263264,0.212460528294321,769.08948520078,168.112332269464,855.263345443557,21.2460528294321
2020-12-16,152375,3218,138303,2257,14072,961,154313,2386,1208067,7895,1362380,10281,19,1761,663,21664,2536,128950,60,6009,2079,"East TN",2455501,929.301189451766,0.209266640095656,418.692560092625,131.052685378666,882.263945321138,20.9266640095656
2020-12-17,156443,4068,141676,3373,14767,695,157922,3609,1218767,10700,1376689,14309,58,1819,1449,23113,2561,131511,75,6084,2118,"East TN",2455501,969.741001938097,0.216081955929735,582.73240369277,165.668839067872,941.274306139562,21.6081955929735
2020-12-18,159650,3207,144412,2736,15238,471,160801,2879,1227457,8690,1388258,11569,43,1862,849,23962,2315,133826,62,6146,2148,"East TN",2455501,1019.46608859048,0.221197036576118,471.146214153446,130.604711625041,975.849734942075,22.1197036576118
2020-12-19,162290,2640,146654,2242,15636,398,163269,2468,1235822,8365,1399091,10833,27,1889,1271,25233,1342,135168,41,6187,2185,"East TN",2455501,994.175933954008,0.223612786489747,441.172697547262,107.513700870006,1027.61106592911,22.3612786489747
2020-12-20,165921,3631,149620,2966,16301,665,166587,3318,1249765,13943,1416352,17261,16,1905,2280,27513,1335,136503,55,6242,2219,"East TN",2455501,967.256783849813,0.222915133031865,702.952269211049,147.872063582951,1120.46380758957,22.2915133031865
2020-12-21,168235,2314,151362,1742,16873,572,168490,1903,1256681,6916,1425171,8819,14,1919,-1323,26190,3623,140126,35,6277,2254,"East TN",2455501,945.061720602028,0.222136433332971,359.15277574719,94.2373878080278,1066.58478249449,22.2136433332971
2020-12-22,170890,2655,153064,1702,17826,953,170291,1801,1261734,5053,1432025,6854,62,1981,-294,25896,2887,143013,60,6337,2299,"East TN",2455501,885.073962502968,0.229762530340565,279.128373395083,108.124574170404,1054.61166580669,22.9762530340565
2020-12-23,173108,2218,154510,1446,18598,772,171833,1542,1267511,5777,1439344,7319,41,2022,-558,25338,2735,145748,35,6372,2340,"East TN",2455501,844.349075809784,0.227638896107271,298.065445707414,90.3277986854821,1031.8871790319,22.7638896107271
2020-12-24,175199,2091,155967,1457,19232,634,173431,1598,1273801,6290,1447232,7888,15,2037,-585,24753,2661,148409,30,6402,2380,"East TN",2455501,763.835974817359,0.219851721644954,321.237906235835,85.1557380754477,1008.06312031638,21.9851721644954
2020-12-25,177565,2366,157946,1979,19619,387,175597,2166,1282349,8548,1457946,10714,3,2040,-291,24462,2654,151063,27,6429,2416,"East TN",2455501,729.586345108391,0.212317759155091,436.326436030773,96.3550819160733,996.212178288667,21.2317759155091
2020-12-26,179505,1940,159414,1468,20091,472,177210,1613,1288003,5654,1465213,7267,2,2042,418,24880,1520,152583,43,6472,2454,"East TN",2455501,701.078924423163,0.210837542724056,295.947751599368,79.006280184777,1013.23518092642,21.0837542724056
2020-12-27,180800,1295,160323,909,20477,386,178200,990,1290796,2793,1468996,3783,27,2069,-190,24690,1458,154041,41,6513,2485,"East TN",2455501,605.945589107885,0.220594939594256,154.062246360315,52.7387282676733,1005.49745245471,22.0594939594256
2020-12-28,182196,1396,161301,978,20895,418,179220,1020,1292615,1819,1471835,2839,25,2094,-2416,22274,3787,157828,42,6555,2522,"East TN",2455501,568.560143123542,0.229941710954912,115.617953321949,56.8519418236849,907.10612620398,22.9941710954912
2020-12-29,185102,2906,163028,1727,22074,1179,181000,1780,1296704,4089,1477704,5869,50,2144,-110,22164,2966,160794,64,6619,2564,"East TN",2455501,578.782089683531,0.234440333632523,239.014360002297,118.346520730393,902.62638866773,23.4440333632523
2020-12-30,187430,2328,164644,1616,22786,712,182681,1681,1301184,4480,1483865,6161,40,2184,-533,21631,2821,163615,44,6663,2602,"East TN",2455501,583.261827219781,0.243660295141619,250.906026916707,94.8075362217323,880.920024060263,24.3660295141619
2020-12-31,190874,3444,167323,2679,23551,765,185576,2895,1308305,7121,1493881,10016,52,2236,594,22225,2798,166413,30,6693,2645,"East TN",2455501,638.362598915659,0.260348560526485,407.900465118931,140.256509771326,905.110606756014,26.0348560526485
2021-01-01,193114,2240,169039,1716,24075,524,187432,1856,1314507,6202,1501939,8058,24,2260,-443,21782,2659,169072,30,6723,2684,"East TN",2455501,633.231263192318,0.269020071374991,328.161136973677,91.2237461927322,887.069481950934,26.9020071374991
2021-01-02,195837,2723,171148,2109,24689,614,189683,2251,1321068,6561,1510751,8812,4,2264,1166,22948,1553,170625,63,6786,2720,"East TN",2455501,665.118849473081,0.273903113882911,358.867701540337,110.89386646554,934.554699835186,27.3903113882911
2021-01-03,197151,1314,172052,904,25099,410,190620,937,1324439,3371,1515059,4308,15,2279,-187,22761,1486,172111,26,6812,2763,"East TN",2455501,665.892622320252,0.269630723140047,175.442811874237,53.5125011148438,926.939146023561,26.9630723140047
2021-01-04,198707,1556,173177,1125,25530,431,191800,1180,1326804,2365,1518604,3545,46,2325,-1566,21195,3076,175187,34,6846,2811,"East TN",2455501,672.408604191161,0.268981590369689,144.369723327337,63.3679236945943,863.163973462035,26.8981590369689
2021-01-05,201610,2903,174916,1739,26694,1164,193629,1829,1332076,5272,1525705,7101,43,2368,-426,20769,3286,178473,60,6906,2855,"East TN",2455501,672.286429531081,0.263098685444053,289.1874204083,118.224346070313,845.815171730738,26.3098685444053
2021-01-06,204155,2545,176709,1793,27446,752,195532,1903,1337660,5584,1533192,7487,52,2420,59,20828,2434,180907,62,6968,2898,"East TN",2455501,681.123729943502,0.260526689237132,304.907226671869,103.644836634153,848.217940045636,26.0526689237132
2021-01-07,206667,2512,178848,2139,27819,373,197854,2322,1344769,7109,1542623,9431,33,2453,975,21803,1504,182411,44,7012,2930,"East TN",2455501,643.168135545455,0.251897747322638,384.076406403418,102.300915373278,887.924704571491,25.1897747322638
2021-01-08,209017,2350,180708,1860,28309,490,199845,1991,1352114,7345,1551959,9336,50,2503,1668,23471,632,183043,47,7059,2984,"East TN",2455501,647.647873081705,0.248160735705718,380.207542167566,95.7034837289824,955.853815575722,24.8160735705718
2021-01-09,211594,2577,182711,2003,28883,574,202024,2179,1360305,8191,1562329,10370,27,2530,755,24226,1795,184838,33,7092,3012,"East TN",2455501,641.7020396245,0.239268680445151,422.317075008318,104.948033008335,986.601105029075,23.9268680445151
2021-01-10,213261,1667,183844,1133,29417,534,203275,1251,1366111,5806,1569386,7057,36,2566,-12,24214,1643,186481,41,7133,3052,"East TN",2455501,656.077924627194,0.232941263092017,287.395525393799,67.8883861175377,986.112406388757,23.2941263092017
2021-01-11,214685,1424,184857,1013,29828,411,204372,1097,1369384,3273,1573756,4370,28,2594,-2168,22046,3564,190045,40,7173,3092,"East TN",2455501,650.702239583694,0.227951842181607,177.967754849214,57.992238651094,897.820852037934,22.7951842181607
2021-01-12,216505,1820,185994,1137,30511,683,205567,1195,1373588,4204,1579155,5399,60,2654,-2140,19906,3900,193945,39,7212,3130,"East TN",2455501,606.597187294976,0.223348924228251,219.8736632565,74.1192937815949,810.669594514521,22.3348924228251
2021-01-13,218034,1529,187072,1078,30962,451,206703,1136,1378326,4738,1585029,5874,49,2703,-1336,18570,2816,196761,33,7245,3155,"East TN",2455501,565.220702414701,0.215502440341841,239.217984435763,62.2683517538783,756.261145892427,21.5502440341841
2021-01-14,220285,2251,188853,1781,31432,470,208669,1966,1386851,8525,1595520,10491,38,2741,-199,18371,2412,199173,50,7295,3196,"East TN",2455501,554.59150698778,0.204453938786699,427.244786298193,91.6717199463572,748.156893440483,20.4453938786699
2021-01-15,221250,965,189524,671,31726,294,209363,694,1389909,3058,1599272,3752,23,2764,-375,17996,1317,200490,29,7324,3236,"East TN",2455501,498.18753891772,0.201170925538436,152.799774872826,39.2995156589226,732.885060930539,20.1170925538436
2021-01-16,223683,2433,191275,1751,32408,682,211366,2003,1400800,10891,1612166,12894,13,2777,358,18354,2062,202552,54,7378,3277,"East TN",2455501,492.323155233901,0.18745109055521,525.106689021914,99.0836493245167,747.464570366699,18.745109055521
2021-01-17,224539,856,191881,606,32658,250,212038,672,1404419,3619,1616457,4291,13,2790,-845,17509,1688,204240,24,7402,3310,"East TN",2455501,459.295272125729,0.186165579656264,174.750488800453,34.8605030093655,713.052041110959,18.6165579656264
2021-01-18,225101,562,192200,319,32901,243,212392,354,1406503,2084,1618895,2438,13,2803,-2467,15042,3016,207256,21,7423,3341,"East TN",2455501,424.190419796205,0.177673408803917,99.2872737579826,22.8873863215694,612.583745638874,17.7673408803917
2021-01-19,226779,1678,193170,970,33609,708,213457,1065,1410711,4208,1624168,5273,21,2824,-1173,13869,2830,210086,52,7475,3380,"East TN",2455501,418.407485885772,0.175282696110013,214.742327533159,68.3363598711627,564.813453547769,17.5282696110013
2021-01-20,227763,984,193828,658,33935,326,214154,697,1414707,3996,1628861,4693,32,2856,-1014,12855,1966,212052,29,7504,3420,"East TN",2455501,396.212422637987,0.169989961671838,191.121893251113,40.073288506093,523.51841844088,16.9989961671838
2021-01-21,229329,1566,194970,1142,34359,424,215435,1281,1421640,6933,1637075,8214,65,2921,-762,12093,2263,214315,37,7541,3466,"East TN",2455501,368.315875253156,0.162820358560943,334.514219297813,63.7751725615261,492.486054780674,16.2820358560943
2021-01-22,230317,988,195677,707,34640,281,216252,817,1427084,5444,1643336,6261,32,2953,-729,11364,1685,216000,31,7572,3497,"East TN",2455501,369.252547647099,0.156340777051561,254.978515586025,40.2361880528658,462.797612381343,15.6340777051561
2021-01-23,231749,1432,196646,969,35103,463,217353,1101,1435366,8282,1652719,9383,19,2972,206,11570,1207,217207,41,7613,3522,"East TN",2455501,328.486936067222,0.147633960496141,382.121611842145,58.3180377446395,471.186939040139,14.7633960496141
2021-01-24,232374,625,197137,491,35237,134,217896,543,1438742,3376,1656638,3919,19,2991,-602,10968,1208,218415,20,7633,3550,"East TN",2455501,319.079487241097,0.145790298897489,159.600830950588,25.45305418324,446.670557250842,14.5790298897489
2021-01-25,233114,740,197648,511,35466,229,218445,549,1440499,1757,1658944,2306,44,3035,-1150,9818,1846,220261,20,7653,3581,"East TN",2455501,326.328517072483,0.151139853679243,93.9115887144823,30.1364161529562,399.83693755368,15.1139853679243
2021-01-26,234146,1032,198377,729,35769,303,219229,784,1444965,4466,1664194,5250,63,3098,-918,8900,1887,222148,25,7678,3603,"East TN",2455501,300.020240268687,0.144206265927147,213.805655139216,42.0280830673659,362.451491569338,14.4206265927147
2021-01-27,235099,953,199081,704,36018,249,219984,755,1449487,4522,1669471,5277,55,3153,-390,8510,1288,223436,27,7705,3626,"East TN",2455501,298.757768781198,0.143560699335139,214.905227079932,38.8108170186043,346.568785758996,14.3560699335139
2021-01-28,236427,1328,199795,714,36632,614,220780,796,1453918,4431,1674698,5227,46,3199,-178,8332,1460,224896,28,7733,3653,"East TN",2455501,289.06524574822,0.142067352417404,212.868982745273,54.0826495285484,339.319755927609,14.2067352417404
2021-01-29,237021,594,200146,351,36875,243,221177,397,1456585,2667,1677762,3064,17,3216,-683,7649,1260,226156,17,7750,3673,"East TN",2455501,273.019640391105,0.143060477546041,124.781052827916,24.1905826957513,311.504658316164,14.3060477546041
2021-01-30,238175,1154,201112,966,37063,188,222274,1097,1465635,9050,1687909,10147,44,3260,237,7886,873,227029,28,7778,3693,"East TN",2455501,261.6981218904,0.139840863881785,413.235425275738,46.9965192439343,321.156456462449,13.9840863881785
2021-01-31,238856,681,201554,442,37302,239,222765,491,1469560,3925,1692325,4416,29,3289,-82,7804,734,227763,30,7808,3713,"East TN",2455501,263.978715545219,0.136436237285286,179.841099637101,27.7336478380583,317.817015753608,13.6436237285286
2021-02-01,239549,693,201961,407,37588,286,223206,441,1471256,1696,1694462,2137,39,3328,-544,7260,1198,228961,11,7819,3740,"East TN",2455501,262.064645870639,0.134044709724647,87.0290828633342,28.2223464783765,295.662677392516,13.4044709724647
2021-02-02,240087,538,202310,349,37777,189,223569,363,1472315,1059,1695884,1422,57,3385,-840,6420,1321,230282,12,7831,3756,"East TN",2455501,241.946551844206,0.136951719785421,57.9107888777077,21.909989040933,261.453772570241,13.6951719785421
2021-02-03,241198,1111,203068,758,38130,353,224396,827,1478320,6005,1702716,6832,46,3431,35,6455,1030,231312,39,7870,3768,"East TN",2455501,248.381083941729,0.132711685967815,278.232425887833,45.2453491161274,262.879143604503,13.2711685967815
2021-02-04,242292,1094,203847,779,38445,315,225262,866,1486034,7714,1711296,8580,58,3489,-6,6449,1042,232354,36,7906,3787,"East TN",2455501,238.851460455524,0.122465708508662,349.419527827519,44.5530260423433,262.634794284344,12.2465708508662
2021-02-05,243109,817,204406,559,38703,258,225868,606,1489840,3806,1715708,4412,67,3556,-150,6299,900,233254,28,7934,3801,"East TN",2455501,247.933110188104,0.123623043272018,179.678200090328,33.2722324283313,256.526061280366,12.3623043272018
2021-02-06,244342,1233,205228,822,39114,411,226829,961,1498495,8655,1725324,9616,27,3583,500,6799,706,233960,22,7956,3831,"East TN",2455501,251.150376236866,0.121742616597621,391.610510441657,50.2137852926959,276.888504626958,12.1742616597621
2021-02-07,244859,517,205581,353,39278,164,227235,406,1501579,3084,1728814,3490,2,3585,-129,6670,644,234604,9,7965,3846,"East TN",2455501,244.471494819184,0.122502672038148,142.129854559212,21.0547664203761,271.634994243537,12.2502672038148
2021-02-08,245371,512,205880,299,39491,213,227555,320,1502942,1363,1730497,1683,32,3617,-629,6041,1109,235713,9,7974,3862,"East TN",2455501,237.100290327717,0.120688219786319,68.5399843046287,20.8511419869102,246.019040513525,12.0688219786319
2021-02-09,246399,1028,206512,632,39887,396,228223,668,1507175,4233,1735398,4901,16,3633,-60,5981,1072,236785,38,8012,3873,"East TN",2455501,257.055484807377,0.117781039631523,199.592669683295,41.8651835205931,243.575547311933,11.7781039631523
2021-02-10,247248,849,207095,583,40153,266,228860,637,1513162,5987,1742022,6624,39,3672,-29,5952,839,237624,30,8042,3886,"East TN",2455501,246.385564493763,0.11357044725996,269.761649455651,34.5754288025132,242.394525597831,11.357044725996
2021-02-11,248115,867,207678,583,40437,284,229511,651,1518736,5574,1748247,6225,37,3709,-99,5853,929,238553,31,8073,3904,"East TN",2455501,237.14101521441,0.11499012205353,253.51241966507,35.3084767629905,238.362761815206,11.499012205353
2021-02-12,248947,832,208271,593,40676,239,230160,649,1524247,5511,1754407,6160,34,3743,59,5912,739,239292,11,8084,3913,"East TN",2455501,237.751888514808,0.110907258585493,250.865302030013,33.8831057287291,240.765530130104,11.0907258585493
2021-02-13,249541,594,208644,373,40897,221,230594,434,1528674,4427,1759268,4861,12,3755,-25,5887,607,239899,17,8101,3925,"East TN",2455501,211.728685917864,0.11091798255951,197.963674215567,24.1905826957513,239.747407962774,11.091798255951
2021-02-14,250082,541,209059,415,41023,126,231047,453,1531642,2968,1762689,3421,15,3770,-51,5836,577,240476,15,8116,3938,"East TN",2455501,212.7060831985,0.112531365313653,139.319837377382,22.0321637010125,237.670438741422,11.2531365313653
2021-02-15,250460,378,209268,209,41192,169,231275,228,1532966,1324,1764241,1552,5,3775,-575,5261,948,241424,10,8126,3949,"East TN",2455501,207.248948381613,0.110241820768137,63.2050241478216,15.3940071700236,214.253628892841,11.0241820768137
2021-02-16,251226,766,209696,428,41530,338,231747,472,1536375,3409,1768122,3881,8,3783,-39,5222,797,242221,25,8151,3959,"East TN",2455501,196.579028067999,0.107688546632441,158.053285256247,31.1952632069789,212.665358311807,10.7688546632441
2021-02-17,251847,621,210115,419,41732,202,232198,451,1539629,3254,1771827,3705,11,3794,-91,5131,701,242922,11,8162,3976,"East TN",2455501,187.293753901953,0.111994631773192,150.885705198247,25.2901546364673,208.959393622727,11.1994631773192
2021-02-18,252642,795,210667,552,41975,243,232804,606,1545349,5720,1778153,6326,42,3836,24,5155,729,243651,21,8183,3992,"East TN",2455501,184.361562060044,0.110111683274259,257.625633221082,32.3762849210813,209.936790903364,11.0111683274259
2021-02-19,253121,479,210971,304,42150,175,233149,345,1548057,2708,1781206,3053,5,3841,-222,4933,696,244347,11,8194,4001,"East TN",2455501,169.98567705735,0.111534012463152,124.333079074291,19.5072207260351,200.895866057477,11.1534012463152
2021-02-20,253743,622,211418,447,42325,175,233654,505,1553284,5227,1786938,5732,18,3859,74,5007,530,244877,18,8212,4011,"East TN",2455501,171.125973884759,0.110589085652331,233.435050525331,25.3308795231604,203.909507672772,11.0589085652331
2021-02-21,254091,348,211645,227,42446,121,233917,263,1555418,2134,1789335,2397,7,3866,-83,4924,424,245301,12,8224,4029,"East TN",2455501,163.266070752975,0.107708474067402,97.617553403562,14.172260569228,200.529342077238,10.7708474067402
2021-02-22,254449,358,211841,196,42608,162,234145,228,1556800,1382,1790945,1610,7,3873,-481,4443,832,246133,22,8246,4045,"East TN",2455501,162.451573019111,0.10747453565009,65.5670675760262,14.5795094361599,180.940671577816,10.747453565009
2021-02-23,255092,643,212190,349,42902,294,234513,368,1559747,2947,1794260,3315,26,3899,-143,4300,760,246893,27,8273,4051,"East TN",2455501,157.442411955849,0.105822939781162,135.002999387905,26.1861021437173,175.117012780691,10.5822939781162
2021-02-24,255833,741,212739,549,43094,192,235123,610,1565949,6202,1801072,6812,19,3918,56,4356,666,247559,23,8296,4058,"East TN",2455501,162.329398359031,0.100017096939648,277.417928153969,30.1771410396493,177.397606435509,10.0017096939648
2021-02-25,256468,635,213184,445,43284,190,235618,495,1570717,4768,1806335,5263,21,3939,-95,4261,709,248268,16,8312,4067,"East TN",2455501,155.813416488122,0.0998509687034277,214.335078666227,25.8603030501718,173.528742199657,9.98509687034277
2021-02-26,256930,462,213508,324,43422,138,235986,368,1573840,3123,1809826,3491,14,3953,-183,4078,631,248899,11,8323,4072,"East TN",2455501,155.121093414338,0.0991264849755416,142.170579445905,18.814897652251,166.076087934804,9.91264849755416
2021-02-27,257369,439,213733,225,43636,214,236260,274,1577935,4095,1814195,4369,7,3960,10,4088,422,249321,16,8339,4080,"East TN",2455501,147.668439149485,0.0956084675496203,177.927029962521,17.8782252583078,166.483336801736,9.56084675496203
2021-02-28,257735,366,214007,274,43728,92,236573,313,1580495,2560,1817068,2873,5,3965,-53,4035,414,249735,11,8350,4089,"East TN",2455501,148.401487109962,0.0957703818555511,117.002599469518,14.9053085297053,164.324917806997,9.57703818555511
2021-03-01,257979,244,214155,148,43824,96,236729,156,1581274,779,1818003,935,4,3969,-410,3625,650,250385,11,8361,4098,"East TN",2455501,143.75885002694,0.0954985586517851,38.077769058127,9.9368723531369,147.627714262792,9.54985586517851
2021-03-02,258599,620,214545,390,44054,230,237176,447,1584730,3456,1821906,3903,7,3976,5,3630,608,250993,24,8385,4108,"East TN",2455501,142.822177632996,0.0963249656369818,158.949232763497,25.2494297497741,147.831338696258,9.63249656369818
2021-03-03,259082,483,214848,303,44234,180,237531,355,1588904,4174,1826435,4529,7,3983,-145,3485,621,251614,17,8402,4111,"East TN",2455501,132.315156866155,0.0949414501439104,184.44301183343,19.6701202728079,141.926230125746,9.49414501439104
2021-03-04,259690,608,215262,414,44428,194,238003,472,1593726,4822,1831729,5294,18,4001,47,3532,543,252157,20,8422,4116,"East TN",2455501,131.215584925439,0.0939198235803733,215.597550153716,24.7607311094559,143.840299800326,9.39198235803733
2021-03-05,260161,471,215573,311,44588,160,238357,354,1597407,3681,1835764,4035,15,4016,-63,3469,519,252676,16,8438,4121,"East TN",2455501,131.582108905678,0.0914102860667746,164.324917806997,19.1814216324897,141.274631938655,9.14102860667746
2021-03-06,260624,463,215896,323,44728,140,238729,372,1601683,4276,1840412,4648,1,4017,50,3519,412,253088,10,8448,4127,"East TN",2455501,132.559506186314,0.0941755349582332,189.289273349919,18.8556225389442,143.310876273314,9.41755349582332
2021-03-07,260879,255,216060,164,44819,91,238913,184,1603413,1730,1842326,1914,1,4018,-110,3409,364,253452,4,8452,4131,"East TN",2455501,128.039043763371,0.0926439147992715,77.9474331307542,10.3848461067619,138.831138737064,9.26439147992715
2021-03-08,261335,456,216352,292,44983,164,239225,312,1604994,1581,1844219,1893,3,4021,-127,3282,580,254032,9,8461,4139,"East TN",2455501,136.672719742325,0.0952090326518157,77.0922105101973,18.5705483320919,133.65907812703,9.52090326518157
2021-03-09,261874,539,216634,282,45240,257,239544,319,1607570,2576,1847114,2895,6,4027,26,3308,507,254539,21,8482,4151,"East TN",2455501,133.374003920178,0.0939384322437321,117.898546976768,21.9507139276262,134.717925181053,9.39384322437322
2021-03-10,262523,649,217097,463,45426,186,240051,507,1613042,5472,1853093,5979,7,4034,173,3481,469,255008,29,8511,4160,"East TN",2455501,140.134335111246,0.0945307224848076,243.494097538547,26.4304514638764,141.763330578973,9.45307224848076
2021-03-11,263057,534,217437,340,45620,194,240416,365,1616380,3338,1856796,3703,5,4039,88,3569,441,255449,9,8520,4168,"East TN",2455501,137.120693495951,0.0962620177923166,150.80425542486,21.7470894941603,145.347120607974,9.62620177923166
2021-03-12,263520,463,217805,368,45715,95,240832,416,1619727,3347,1860559,3763,5,4044,5,3574,453,255902,12,8532,4176,"East TN",2455501,136.794894402405,0.0998185117967332,153.247748626451,18.8556225389442,145.55074504144,9.98185117967332
2021-03-13,263967,447,218021,216,45946,231,241112,280,1623366,3639,1864478,3919,2,4046,42,3616,403,256305,20,8552,4182,"East TN",2455501,136.143296215314,0.0990193634172692,159.600830950588,18.2040243518532,147.261190282553,9.90193634172692
2021-03-14,264229,262,218197,176,46032,86,241323,211,1625208,1842,1866531,2053,0,4046,-51,3565,313,256618,10,8562,4188,"East TN",2455501,136.428370422166,0.0995662053294774,83.6081923811067,10.6699203136142,145.184221061201,9.95662053294774
2021-03-15,264585,356,218382,185,46203,171,241540,217,1626404,1196,1867944,1413,4,4050,-167,3398,519,257137,15,8577,4192,"East TN",2455501,132.355881752848,0.0975763962065332,57.544264897469,14.4980596627735,138.383164983439,9.75763962065332
2021-03-16,265284,699,218833,451,46451,248,242036,496,1629671,3267,1871707,3763,4,4054,190,3588,505,257642,36,8613,4193,"East TN",2455501,138.871863623757,0.10132964664742,153.247748626451,28.4666957985356,146.120893455144,10.132964664742
2021-03-17,265709,425,219165,332,46544,93,242400,364,1633395,3724,1875795,4088,1,4055,-31,3557,455,258097,16,8629,4202,"East TN",2455501,129.749489004484,0.103471059818518,166.483336801736,17.3080768446032,144.858421967655,10.3471059818518
2021-03-18,266259,550,219514,349,46745,201,242785,385,1636686,3291,1879471,3676,6,4061,99,3656,445,258542,31,8660,4209,"East TN",2455501,130.401087191575,0.104476295479603,149.704683484144,22.3986876812512,148.890185750281,10.4476295479603
2021-03-19,267051,792,220044,530,47007,262,243348,563,1641731,5045,1885079,5608,15,4076,337,3993,440,258982,25,8685,4215,"East TN",2455501,143.799574913633,0.102610114192496,228.385164575376,32.2541102610017,162.614472565884,10.2610114192496
2021-03-20,267324,273,220210,166,47114,107,243542,194,1643852,2121,1887394,2315,1,4077,-42,3951,314,259296,15,8700,4217,"East TN",2455501,136.713444629019,0.106039448420318,94.278112694721,11.1178940672392,160.90402732477,10.6039448420318
2021-03-21,267605,281,220406,196,47199,85,243767,225,1645651,1799,1889418,2024,-7,4070,-31,3920,319,259615,8,8708,4224,"East TN",2455501,137.487217476189,0.1067855114257,82.4271706670044,11.4436931607847,159.641555837281,10.67855114257
2021-03-22,268130,525,220745,339,47385,186,244123,356,1647740,2089,1891863,2445,14,4084,-16,3904,527,260142,19,8727,4231,"East TN",2455501,144.369723327337,0.107989464442493,99.5723479648349,21.3805655139216,158.98995765019,10.7989464442493
2021-03-23,268567,437,220993,248,47574,189,244390,267,1650195,2455,1894585,2722,11,4095,-78,3826,504,260646,17,8744,4236,"East TN",2455501,133.699803013723,0.102893609581257,110.853141578847,17.7967754849214,155.813416488122,10.2893609581257
2021-03-24,269164,597,221450,457,47714,140,244883,493,1654894,4699,1899777,5192,4,4099,85,3911,508,261154,26,8770,4242,"East TN",2455501,140.704483524951,0.103535985322325,211.443611711011,24.3127573558308,159.275031857043,10.3535985322325
2021-03-25,269564,400,221757,307,47807,93,245216,333,1657862,2968,1903078,3301,8,4107,-66,3845,458,261612,23,8793,4246,"East TN",2455501,134.595750520973,0.102977930274918,134.4328509742,16.2899546772736,156.587189335292,10.2977930274918
2021-03-26,269974,410,222079,322,47895,88,245562,346,1660494,2632,1906056,2978,7,4114,-63,3782,466,262078,14,8807,4256,"East TN",2455501,119.038843804177,0.105544167421462,121.278712572302,16.6972035442054,154.021521473622,10.5544167421462
2021-03-27,270177,203,222259,180,47918,23,245772,210,1663006,2512,1908778,2722,2,4116,-164,3618,365,262443,12,8819,4267,"East TN",2455501,116.188101735654,0.104283576505799,110.853141578847,8.26715199871635,147.34264005594,10.4283576505799
2021-03-28,270493,316,222478,219,48015,97,246017,245,1665078,2072,1911095,2317,5,4121,-67,3551,378,262821,17,8836,4273,"East TN",2455501,117.613472769915,0.103796650828067,94.3595624681073,12.8690641950461,144.614072647496,10.3796650828067
2021-03-29,270932,439,222715,237,48217,202,246272,255,1666933,1855,1913205,2110,18,4139,-92,3459,513,263334,18,8854,4278,"East TN",2455501,114.111132514302,0.100693468278512,85.9295109226182,17.8782252583078,140.867383071723,10.0693468278512
2021-03-30,271307,375,222973,258,48334,117,246594,322,1669410,2477,1916004,2799,5,4144,-143,3316,513,263847,20,8874,4284,"East TN",2455501,111.586189539324,0.102899295018442,113.988957854222,15.271832509944,135.043724274598,10.2899295018442
2021-03-31,271968,661,223415,442,48553,219,247082,488,1674227,4817,1921309,5305,4,4148,168,3484,489,264336,18,8892,4289,"East TN",2455501,114.192582287688,0.102127066691436,216.045523907341,26.9191501041946,141.885505239053,10.2127066691436
2021-04-01,272416,448,223736,321,48680,127,247432,350,1677055,2828,1924487,3178,1,4149,-87,3397,534,264870,18,8910,4295,"East TN",2455501,116.147376848961,0.103507870521743,129.423689910939,18.2447492385464,138.342440096746,10.3507870521743
2021-04-02,272767,351,223971,235,48796,116,247684,252,1680075,3020,1927759,3272,0,4149,-78,3319,429,265299,12,8922,4300,"East TN",2455501,113.744608534063,0.0977745012210293,133.251829260098,14.2944352293076,135.165898934678,9.77745012210293
2021-04-03,273110,343,224222,251,48888,92,247959,275,1682426,2351,1930385,2626,0,4149,-55,3264,398,265697,13,8935,4309,"East TN",2455501,119.446092671109,0.101217198130236,106.943552456301,13.9686361357621,132.926030166553,10.1217198130236
2021-04-04,273281,171,224345,123,48936,48,248100,141,1684021,1595,1932121,1736,6,4155,-179,3085,344,266041,8,8943,4313,"East TN",2455501,113.540984100597,0.0990678207933035,70.6984032993674,6.96395562453446,125.636275448473,9.90678207933035
2021-04-05,273688,407,224580,235,49108,172,248323,223,1685240,1219,1933563,1442,6,4161,-93,2992,494,266535,40,8983,4319,"East TN",2455501,112.237787726415,0.100746635229394,58.7252866115713,16.5750288841259,121.848860986007,10.0746635229394
2021-04-06,274119,431,224830,250,49289,181,248601,278,1687326,2086,1935927,2364,3,4164,-6,2986,434,266969,27,9010,4324,"East TN",2455501,114.518381381233,0.100737840686644,96.273632142687,17.5524261647623,121.604511665847,10.0737840686644
2021-04-07,274751,632,225293,463,49458,169,249108,507,1692019,4693,1941127,5200,5,4169,209,3195,418,267387,24,9034,4328,"East TN",2455501,113.337359667131,0.102230295690786,211.769410804557,25.7381283900923,130.116012984723,10.2230295690786
2021-04-08,275157,406,225548,255,49609,151,249397,289,1695031,3012,1944428,3301,-1,4168,47,3242,360,267747,21,9055,4333,"East TN",2455501,111.626914426017,0.0985406950503987,134.4328509742,16.5343039974327,132.030082659303,9.85406950503987
2021-04-09,275675,518,225954,406,49721,112,249847,450,1698907,3876,1948754,4326,4,4172,109,3351,405,268152,31,9086,4336,"East TN",2455501,118.427970503779,0.103024529649917,176.175859834714,21.0954913070693,136.46909530886,10.3024529649917
2021-04-10,275979,304,226169,215,49810,89,250094,247,1701688,2781,1951782,3028,1,4173,-11,3340,314,268466,15,9101,4341,"East TN",2455501,116.839699922745,0.0997803430387438,123.314956906961,12.3803655547279,136.021121555235,9.97803430387438
2021-04-11,276216,237,226332,163,49884,74,250268,174,1703401,1713,1953669,1887,2,4175,-85,3255,320,268786,10,9111,4344,"East TN",2455501,119.527542444495,0.100612585854836,76.8478611900382,9.65179814628461,132.559506186314,10.0612585854836
2021-04-12,276681,465,226655,323,50026,142,250598,330,1705164,1763,1955762,2093,3,4178,13,3268,449,269235,15,9126,4353,"East TN",2455501,121.8895858727,0.102482093788008,85.2371878488341,18.9370723123306,133.088929713325,10.2482093788008
2021-04-13,277059,378,226895,240,50164,138,250848,250,1707221,2057,1958069,2307,3,4181,-56,3212,431,269666,16,9142,4357,"East TN",2455501,119.731166877961,0.101481347665071,93.9523136011755,15.3940071700236,130.808336058507,10.1481347665071
2021-04-14,277739,680,227397,502,50342,178,251405,557,1712042,4821,1963447,5378,0,4181,269,3481,411,270077,29,9171,4360,"East TN",2455501,121.685961439234,0.102912186379928,219.018440635944,27.6929229513651,141.763330578973,10.2912186379928
2021-04-15,278279,540,227763,366,50516,174,251785,380,1715187,3145,1966972,3525,2,4183,115,3596,423,270500,24,9195,4365,"East TN",2455501,127.14309625612,0.105926188786373,143.555225593474,21.9914388143194,146.44669254869,10.5926188786373
2021-04-16,279257,978,228658,895,50599,83,252890,1105,1722672,7485,1975562,8590,3,4186,634,4230,341,270841,32,9227,4368,"East TN",2455501,145.876544134985,0.113510892270964,349.826776694451,39.8289391859339,172.266270712168,11.3510892270964
2021-04-17,279459,202,228805,147,50654,55,253063,173,1724903,2231,1977966,2404,0,4186,-91,4139,293,271134,10,9237,4369,"East TN",2455501,141.72260569228,0.113389856400855,97.9026276104143,8.22642711202317,168.560306023089,11.3389856400855
2021-04-18,279677,218,228992,187,50685,31,253265,202,1726706,1803,1979971,2005,6,4192,-122,4017,334,271468,8,9245,4378,"East TN",2455501,140.94883284511,0.113945707550757,81.6533978198339,8.87802529911411,163.59186984652,11.3945707550757
2021-04-19,280005,328,229187,195,50818,133,253475,210,1728155,1449,1981630,1659,8,4200,-212,3805,532,272000,15,9260,4385,"East TN",2455501,135.369523368144,0.111218493892067,67.5625870239923,13.3577628353644,154.958193867565,11.1218493892067
2021-04-20,280358,353,229464,277,50894,76,253756,281,1730603,2448,1984359,2729,4,4204,-113,3692,462,272462,20,9280,4389,"East TN",2455501,134.351401200814,0.110612400152149,111.138215785699,14.375885002694,150.356281671235,11.0612400152149
2021-04-21,280871,513,229794,330,51077,183,254095,339,1734385,3782,1988480,4121,4,4208,30,3722,479,272941,14,9294,4395,"East TN",2455501,127.550345123052,0.10745815523509,167.827258062611,20.8918668736034,151.578028272031,10.745815523509
2021-04-22,281513,642,230192,398,51321,244,254546,451,1738637,4252,1993183,4703,3,4211,193,3915,446,273387,23,9317,4399,"East TN",2455501,131.704283565757,0.105337453740796,191.529142118044,26.1453772570241,159.437931403815,10.5337453740796
2021-04-23,281897,384,230470,278,51427,106,254854,308,1741840,3203,1996694,3511,0,4211,-9,3906,393,273780,11,9328,4403,"East TN",2455501,107.513700870006,0.0929396176414916,142.985077179769,15.6383564901827,159.071407423577,9.29396176414916
2021-04-24,282157,260,230658,188,51499,72,255063,209,1744838,2998,1999901,3207,0,4211,-132,3774,392,274172,20,9348,4410,"East TN",2455501,109.87574429821,0.0911784818782767,130.604711625041,10.5884705402278,153.695722380076,9.11784818782767
2021-04-25,282357,200,230806,148,51551,52,255222,159,1746489,1651,2001711,1810,4,4215,-113,3661,309,274481,17,9365,4415,"East TN",2455501,109.142696337733,0.0900183992640294,73.712044914663,8.1449773386368,149.093810183747,9.00183992640294
2021-04-26,282743,386,231050,244,51693,142,255474,252,1748461,1972,2003935,2224,6,4221,-143,3518,523,275004,15,9380,4423,"East TN",2455501,111.504739765938,0.0896211611746245,90.5721480056412,15.719806263569,143.270151386621,8.96211611746245
2021-04-27,283133,390,231254,204,51879,186,255692,218,1750825,2364,2006517,2582,3,4224,-48,3470,435,275439,25,9405,4429,"East TN",2455501,113.011560573586,0.0873725065439119,105.151657441801,15.8827058103418,141.315356825348,8.73725065439119
2021-04-28,283621,488,231600,346,52021,142,256073,381,1754953,4128,2011026,4509,6,4230,11,3481,471,275910,24,9429,4437,"East TN",2455501,111.993438406256,0.0877317484254413,183.628514099567,19.8737447062738,141.763330578973,8.77317484254413
2021-04-29,284013,392,231879,279,52134,113,256377,304,1757885,2932,2014262,3236,1,4231,18,3499,373,276283,22,9451,4441,"East TN",2455501,101.81221673296,0.0868637032117273,131.785733339143,15.9641555837281,142.496378539451,8.68637032117273
2021-04-30,284382,369,232106,227,52276,142,256617,240,1761152,3267,2017769,3507,0,4231,-1,3498,370,276653,17,9468,4446,"East TN",2455501,101.201343432562,0.0836536180308422,142.822177632996,15.0274831897849,142.455653652758,8.36536180308422
2021-05-01,284617,235,232288,182,52329,53,256806,189,1763643,2491,2020449,2680,-1,4230,-28,3470,264,276917,15,9483,4447,"East TN",2455501,100.183221265233,0.0848257737979365,109.142696337733,9.57034837289824,141.315356825348,8.48257737979365
2021-05-02,284792,175,232416,128,52376,47,256939,133,1765119,1476,2022058,1609,1,4231,-76,3394,250,277167,11,9494,4451,"East TN",2455501,99.165099097903,0.0843859045559542,65.526342689333,7.1268551713072,138.220265436666,8.43859045559542
2021-05-03,285004,212,232530,114,52474,98,257065,126,1766603,1484,2023668,1610,5,4236,-224,3170,431,277598,17,9511,4455,"East TN",2455501,92.078968813289,0.0806263619317894,65.5670675760262,8.63367597895501,129.097890817393,8.06263619317894
2021-05-04,285325,321,232751,221,52574,100,257310,245,1769003,2400,2026313,2645,7,4243,-80,3090,394,277992,12,9523,4463,"East TN",2455501,89.2689516314593,0.0817336835724389,107.717325303472,13.0726886285121,125.839899881939,8.17336835724389
2021-05-05,285789,464,233044,293,52745,171,257621,311,1773153,4150,2030774,4461,5,4248,127,3217,332,278324,22,9545,4468,"East TN",2455501,88.2915543508229,0.0783876848288434,181.673719538294,18.8963474256374,131.011960491973,7.83876848288434
2021-05-06,286075,286,233241,197,52834,89,257852,231,1775591,2438,2033443,2669,4,4252,-100,3117,382,278706,10,9555,4474,"East TN",2455501,83.9747163613454,0.076899014649914,108.694722584108,11.6473175942506,126.939471822655,7.6899014649914
2021-05-07,286441,366,233490,249,52951,117,258121,269,1779040,3449,2037161,3718,0,4252,16,3133,350,279056,15,9570,4479,"East TN",2455501,83.8525417012658,0.0775577557755776,151.415128725258,14.9053085297053,127.591070009745,7.75577557755776
2021-05-08,286612,171,233593,103,53019,68,258235,114,1780935,1895,2039170,2009,0,4252,-94,3039,265,279321,7,9577,4486,"East TN",2455501,81.2461489529021,0.0763313925538166,81.8162973666066,6.96395562453446,123.762930660586,7.63313925538166
2021-05-09,286758,146,233708,115,53050,31,258367,132,1782646,1711,2041013,1843,4,4256,-161,2878,303,279624,11,9588,4491,"East TN",2455501,80.0651272387997,0.0753363228699552,75.0559661755381,5.94583345720486,117.206223902984,7.53363228699552
2021-05-10,286993,235,233844,136,53149,99,258512,145,1784162,1516,2042674,1661,7,4263,-200,2678,428,280052,22,9610,4494,"East TN",2455501,81.001799632743,0.0761338524676418,67.6440367973786,9.57034837289824,109.061246564347,7.61338524676418
2021-05-11,287308,315,234072,228,53236,87,258756,244,1786840,2678,2045596,2922,1,4264,-57,2621,371,280423,19,9629,4498,"East TN",2455501,80.7574503125839,0.0749883316911269,118.998118917484,12.828339308353,106.739928022835,7.49883316911269
2021-05-12,287612,304,234289,217,53323,87,259007,251,1790906,4066,2049913,4317,3,4267,-53,2568,354,280777,16,9645,4500,"East TN",2455501,74.2414684416744,0.0724175766758974,175.809335854475,12.3803655547279,104.581509028097,7.24175766758974
2021-05-13,287822,210,234425,136,53397,74,259152,145,1793639,2733,2052791,2878,1,4268,-131,2437,340,281117,9,9654,4505,"East TN",2455501,71.1463770529924,0.067190407277238,117.206223902984,8.55222620556864,99.2465488712894,6.7190407277238
2021-05-14,288123,301,234644,219,53479,82,259400,248,1796324,2685,2055724,2933,1,4269,34,2471,266,281383,21,9675,4510,"East TN",2455501,68.4992594179355,0.0689005009966061,119.446092671109,12.2581908946484,100.631195018858,6.89005009966061
2021-05-15,288231,108,234725,81,53506,27,259502,102,1798312,1988,2057814,2090,0,4269,-154,2317,262,281645,6,9681,4514,"East TN",2455501,65.9335915562649,0.0679575198455267,85.1150131887546,4.39828776286387,94.3595624681073,6.79575198455267
2021-05-16,288331,100,234799,74,53532,26,259587,85,1799761,1449,2059348,1534,3,4272,-121,2196,218,281863,4,9685,4518,"East TN",2455501,64.0602467683784,0.0665394055085901,62.4719761873443,4.0724886693184,89.4318511782321,6.65394055085901
2021-05-17,288530,199,234903,104,53627,95,259697,110,1801329,1568,2061026,1678,6,4278,-117,2079,310,282173,10,9695,4525,"East TN",2455501,62.5941508474238,0.0645706190061029,68.3363598711627,8.10425245194362,84.6670394351295,6.45706190061029
2021-05-18,288743,213,235038,135,53705,78,259843,146,1803567,2238,2063410,2384,8,4286,-100,1979,305,282478,22,9717,4531,"East TN",2455501,58.440212404719,0.0610194229257887,97.0881298765507,8.67440086564819,80.5945507658111,6.10194229257887
2021-05-19,288960,217,235202,164,53758,53,260010,167,1806837,3270,2066847,3437,1,4287,-53,1926,269,282747,21,9738,4534,"East TN",2455501,54.897147262412,0.0592299515767096,139.971435564473,8.83730041242093,78.4361317710724,5.92299515767096
2021-05-20,289138,178,235335,133,53803,45,260166,156,1821005,14168,2081171,14324,3,4290,-91,1835,266,283013,7,9745,4539,"East TN",2455501,53.5939508882301,0.0357293868921776,583.343276993168,7.24902983138675,74.7301670819926,3.57293868921776
2021-05-21,289302,164,235443,108,53859,56,260287,121,1823283,2278,2083570,2399,0,4290,-58,1777,222,283235,10,9755,4542,"East TN",2455501,48.0146414112639,0.0318537671478848,97.6990031769484,6.67888141768218,72.368123653788,3.18537671478848
2021-05-22,289373,71,235491,48,53882,23,260349,62,1824869,1586,2085218,1648,0,4290,-105,1672,176,283411,12,9767,4543,"East TN",2455501,46.5078206036161,0.0309078966574223,67.1146132703672,2.89146695521606,68.0920105510037,3.09078966574223
2021-05-23,289447,74,235542,51,53905,23,260410,61,1825934,1065,2086344,1126,3,4293,-128,1544,199,283610,5,9772,4545,"East TN",2455501,45.4489735495933,0.0304859979256186,45.8562224165252,3.01364161529562,62.8792250542761,3.04859979256186
2021-05-24,289607,160,235653,111,53954,49,260536,126,1827858,1924,2088394,2050,0,4293,-90,1454,250,283860,7,9779,4549,"East TN",2455501,43.8607029685592,0.0306562408652441,83.4860177210272,6.51598187090944,59.2139852518895,3.06562408652441
2021-05-25,289751,144,235749,96,54002,48,260624,88,1829585,1727,2090209,1815,0,4293,-72,1382,216,284076,9,9788,4555,"East TN",2455501,41.0506857867295,0.0291428784656144,73.915669348129,5.8643836838185,56.2817934099803,2.91428784656144
2021-05-26,289935,184,235889,140,54046,44,260789,165,1832468,2883,2093257,3048,7,4300,-33,1349,210,284286,14,9802,4560,"East TN",2455501,39.7067645258544,0.0294964028776978,124.129454640825,7.49337915154586,54.9378721491052,2.94964028776978
2021-05-27,290059,124,235965,76,54094,48,260928,139,1835440,2972,2096368,3111,4,4304,-81,1268,201,284487,11,9813,4564,"East TN",2455501,37.5076206444225,0.0501414752911759,126.695122502495,5.04988594995482,51.6391563269573,5.01414752911759
2021-05-28,290176,117,236055,90,54121,27,261026,98,1837552,2112,2098578,2210,0,4304,-59,1209,176,284663,9,9822,4567,"East TN",2455501,35.5935509698428,0.0492404051172708,90.0019995919366,4.76481174310253,49.2363880120595,4.92404051172708
2021-05-29,290227,51,236087,32,54140,19,261063,37,1838628,1076,2099691,1113,0,4304,-88,1121,139,284802,7,9829,4570,"East TN",2455501,34.7790532359791,0.0493332412077662,45.3267988895138,2.07696922135238,45.6525979830593,4.93332412077662
2021-05-30,290282,55,236127,40,54155,15,261109,46,1839715,1087,2100824,1133,0,4304,-66,1055,121,284923,7,9836,4574,"East TN",2455501,34.0052803888086,0.0482734806629834,46.1412966233775,2.23986876812512,42.9647554613091,4.82734806629834
2021-05-31,290362,80,236193,66,54169,14,261180,71,1841142,1427,2102322,1498,6,4310,-95,960,169,285092,4,9840,4579,"East TN",2455501,30.7472894533539,0.0462377943710511,61.0058802663896,3.25799093545472,39.0958912254566,4.62377943710511
2021-06-01,290492,130,236286,93,54206,37,261274,94,1842458,1316,2103732,1410,3,4313,-37,923,164,285256,11,9851,4582,"East TN",2455501,30.1771410396493,0.048066257487244,57.4220902373894,5.29423527011392,37.5890704178088,4.8066257487244
2021-06-02,290611,119,236357,71,54254,48,261347,73,1844437,1979,2105784,2052,1,4314,-19,904,137,285393,9,9860,4586,"East TN",2455501,27.5300234045924,0.0445437854234853,83.5674674944136,4.8462615164889,36.8152975706383,4.45437854234853
2021-06-03,290699,88,236413,56,54286,32,261466,119,1847604,3167,2109070,3286,1,4315,-43,861,130,285523,7,9867,4591,"East TN",2455501,26.0639274836378,0.0423555345614864,133.821977673803,3.58379002900019,35.0641274428314,4.23555345614864
2021-06-04,290790,91,236472,59,54318,32,261544,78,1849756,2152,2111300,2230,1,4316,-32,829,122,285645,7,9874,4591,"East TN",2455501,25.005080429615,0.0407168684169156,90.8164973258003,3.70596468907974,33.7609310686495,4.07168684169156
2021-06-05,290831,41,236498,26,54333,15,261574,30,1851139,1383,2112713,1413,-1,4315,-67,762,109,285754,2,9876,4596,"East TN",2455501,24.5978315626831,0.0392412839809553,57.544264897469,1.66972035442054,31.0323636602062,3.92412839809553
2021-06-06,290857,26,236514,16,54343,10,261593,19,1852055,916,2113648,935,-1,4314,-57,705,84,285838,2,9878,4599,"East TN",2455501,23.4168098485808,0.0377417342482845,38.077769058127,1.05884705402278,28.7110451186947,3.77417342482845
2021-06-07,290930,73,236549,35,54381,38,261645,52,1853325,1270,2114970,1322,3,4317,-68,637,138,285976,10,9888,4601,"East TN",2455501,23.1317356417285,0.0367647058823529,53.8383002083892,2.97291672860243,25.9417528235582,3.67647058823529
2021-06-08,291017,87,236616,67,54401,20,261715,70,1854804,1479,2116519,1549,3,4320,-29,608,113,286089,4,9892,4604,"East TN",2455501,21.3805655139216,0.0344881520294049,63.082849487742,3.54306514230701,24.7607311094559,3.44881520294049
2021-06-09,291065,48,236654,38,54411,10,261769,54,1857534,2730,2119303,2784,0,4320,-63,545,111,286200,3,9895,4607,"East TN",2455501,18.4890985587055,0.0312153265774096,113.378084553824,1.95479456127283,22.1950632477853,3.12153265774096
2021-06-10,291140,75,236711,57,54429,18,261835,66,1859319,1785,2121154,1851,4,4324,-21,524,92,286292,4,9899,4610,"East TN",2455501,17.9596750316941,0.0305362462760675,75.3817652690836,3.0543665019888,21.3398406272284,3.05362462760675
2021-06-11,291210,70,236757,46,54453,24,261891,56,1860804,1485,2122695,1541,2,4326,-4,520,72,286364,4,9903,4611,"East TN",2455501,17.1044524111373,0.0304519526107942,62.7570503941965,2.85074206852288,21.1769410804557,3.04519526107942
2021-06-12,291239,29,236779,22,54460,7,261922,31,1861998,1194,2123920,1225,3,4329,-24,496,50,286414,1,9904,4614,"East TN",2455501,16.6157537708191,0.0310520210582672,49.8879861991504,1.18102171410234,20.1995437998193,3.10520210582672
2021-06-13,291257,18,236793,14,54464,4,261943,21,1862841,843,2124784,864,1,4330,-41,455,58,286472,1,9905,4615,"East TN",2455501,16.2899546772736,0.0314295977011494,35.186302102911,0.733047960477312,18.5298234453987,3.14295977011494
2021-06-14,291310,53,236826,33,54484,20,261984,41,1864094,1253,2126078,1294,3,4333,-9,446,59,286531,3,9908,4616,"East TN",2455501,15.4754569434099,0.0305185451926539,52.6980033809801,2.15841899473875,18.1632994651601,3.05185451926539
2021-06-15,291398,88,236895,69,54503,19,262072,88,1865976,1882,2128048,1970,0,4333,-7,439,95,286626,4,9912,4619,"East TN",2455501,15.5161818301031,0.0309653916211293,80.2280267855725,3.58379002900019,17.8782252583078,3.09653916211293
2021-06-16,291465,67,236935,40,54530,27,262110,38,1867882,1906,2129992,1944,2,4335,-14,425,79,286705,7,9919,4622,"East TN",2455501,16.2899546772736,0.0319019552811301,79.1691797315497,2.72856740844333,17.3080768446032,3.19019552811301
2021-06-17,291516,51,236973,38,54543,13,262156,46,1870232,2350,2132388,2396,1,4336,-7,418,57,286762,1,9920,4626,"East TN",2455501,15.3125573966372,0.0285739718711056,97.5768285168689,2.07696922135238,17.0230026377509,2.85739718711056
2021-06-18,291578,62,237024,51,54554,11,262211,55,1871960,1728,2134171,1783,2,4338,-1,417,61,286823,4,9924,4628,"East TN",2455501,14.9867583030917,0.0278842802370164,72.6124729739471,2.52494297497741,16.9822777510577,2.78842802370164
2021-06-19,291606,28,237041,17,54565,11,262229,18,1873111,1151,2135340,1169,0,4338,-16,401,44,286867,5,9929,4630,"East TN",2455501,14.9460334163985,0.0268826619964974,47.6073925443321,1.14029682740915,16.3306795639668,2.68826619964974
2021-06-20,291631,25,237062,21,54569,4,262246,17,1873865,754,2136111,771,3,4341,-13,388,35,286902,2,9931,4633,"East TN",2455501,15.2311076232508,0.0267502427827315,31.3988876404449,1.0181221673296,15.8012560369554,2.67502427827315
2021-06-21,291698,67,237102,40,54596,27,262298,52,1875137,1272,2137435,1324,6,4347,3,391,58,286960,2,9933,4634,"East TN",2455501,15.8012560369554,0.0276481465175663,53.9197499817756,2.72856740844333,15.9234306970349,2.76481465175663
2021-06-22,291791,93,237148,46,54643,47,262349,51,1876564,1427,2138913,1478,5,4352,36,427,52,287012,7,9940,4638,"East TN",2455501,16.0048804704213,0.0254947077772665,60.1913825325259,3.78741446246611,17.3895266179896,2.54947077772665
2021-06-23,291860,69,237196,48,54664,21,262404,55,1878353,1789,2140757,1844,2,4354,6,433,61,287073,5,9945,4642,"East TN",2455501,16.0863302438077,0.0273107292150488,75.0966910622313,2.8100171818297,17.6338759381487,2.73107292150488
2021-06-24,291943,83,237248,52,54695,31,262466,62,1880197,1844,2142663,1906,3,4357,27,460,53,287126,6,9951,4643,"East TN",2455501,17.3895266179896,0.0301703163017032,77.6216340372087,3.38016559553427,18.7334478788646,3.01703163017032
2021-06-25,292022,79,237304,56,54718,23,262535,69,1882003,1806,2144538,1875,0,4357,32,492,47,287173,3,9954,4645,"East TN",2455501,18.0818496917737,0.0312530143725282,76.35916254972,3.21726604876154,20.0366442530465,3.12530143725282
2021-06-26,292057,35,237322,18,54735,17,262556,21,1883187,1184,2145743,1205,0,4357,1,493,34,287207,2,9956,4647,"East TN",2455501,18.366923898626,0.0314332404114198,49.0734884652867,1.42537103426144,20.0773691397397,3.14332404114198
2021-06-27,292086,29,237342,20,54744,9,262580,24,1883901,714,2146481,738,2,4359,-9,484,36,287243,3,9959,4649,"East TN",2455501,18.5298234453987,0.0322082931533269,30.0549663795698,1.18102171410234,19.7108451595011,3.22082931533269
2021-06-28,292130,44,237366,24,54764,20,262605,25,1884453,552,2147058,577,4,4363,-15,469,55,287298,3,9962,4649,"East TN",2455501,17.5931510514555,0.0319027330354359,23.4982596219672,1.7918950145001,19.0999718591033,3.19027330354359
2021-06-29,292261,131,237452,86,54809,45,262702,97,1886467,2014,2149169,2111,0,4363,79,548,52,287350,7,9969,4652,"East TN",2455501,19.1406967457965,0.0344188767550702,85.9702358093114,5.3349601568071,22.3172379078648,3.44188767550702
2021-06-30,292346,85,237515,63,54831,22,262777,75,1888111,1644,2150888,1719,3,4366,29,577,53,287403,4,9973,4652,"East TN",2455501,19.7922949328874,0.0368176882834863,70.0060802255833,3.46161536892064,23.4982596219672,3.68176882834863
2021-07-01,292452,106,237568,53,54884,53,262842,65,1890663,2552,2153505,2617,1,4367,56,633,49,287452,2,9975,4655,"East TN",2455501,20.7289673268307,0.0346799483490131,106.577028476063,4.3168379894775,25.7788532767855,3.46799483490131
2021-07-02,292534,82,237631,63,54903,19,262916,74,1892345,1682,2155261,1756,0,4367,32,665,50,287502,3,9978,4657,"East TN",2455501,20.8511419869102,0.035531101370885,71.5129010332311,3.33944070884109,27.0820496509674,3.5531101370885
2021-07-03,292582,48,237667,36,54915,12,262956,40,1893434,1089,2156390,1129,1,4368,1,666,46,287548,3,9981,4660,"East TN",2455501,21.3805655139216,0.0375692683384991,45.9783970766047,1.95479456127283,27.1227745376605,3.75692683384991
2021-07-04,292609,27,237688,21,54921,6,262981,25,1894134,700,2157115,725,0,4368,-13,653,40,287588,1,9982,4661,"East TN",2455501,21.2991157405352,0.0377092345307504,29.5255428525584,1.09957194071597,26.5933510106491,3.77092345307504
2021-07-05,292652,43,237712,24,54940,19,263006,25,1894616,482,2157622,507,0,4368,-30,623,73,287661,2,9984,4662,"East TN",2455501,21.258390853842,0.0379591063990913,20.6475175534443,1.75117012780691,25.3716044098536,3.79591063990913
2021-07-06,292814,162,237816,104,54998,58,263119,113,1895941,1325,2159060,1438,5,4373,82,705,75,287736,6,9990,4662,"East TN",2455501,22.5208623413308,0.0421595389748256,58.5623870647986,6.59743164429581,28.7110451186947,4.21595389748256
2021-07-07,292956,142,237896,80,55060,62,263207,88,1897400,1459,2160607,1547,4,4377,81,786,57,287793,6,9996,4664,"East TN",2455501,24.8421808828422,0.04424323490071,63.0013997143556,5.78293391043213,32.0097609408426,4.42432349007099
2021-07-08,293096,140,237998,102,55098,38,263324,117,1899254,1854,2162578,1971,2,4379,76,862,62,287855,3,9999,4666,"East TN",2455501,26.2268270304105,0.0531246555714758,80.2687516722657,5.70148413704576,35.1048523295246,5.31246555714758
2021-07-09,293260,164,238120,122,55140,42,263455,131,1900999,1745,2164454,1876,0,4379,100,962,64,287919,4,10003,4668,"East TN",2455501,29.5662677392516,0.0586315674970086,76.3998874364132,6.67888141768218,39.177340998843,5.86315674970086
2021-07-10,293364,104,238193,73,55171,31,263529,74,1902055,1056,2165584,1130,0,4379,56,1018,48,287967,13,10016,4669,"East TN",2455501,31.8468613940699,0.0623232542962802,46.0191219632979,4.23538821609114,41.4579346536613,6.23232542962802
2021-07-11,293412,48,238228,35,55184,13,263572,43,1902810,755,2166382,798,2,4381,4,1022,42,288009,7,10023,4669,"East TN",2455501,32.7020840146267,0.0637746843638718,32.4984595811608,1.95479456127283,41.620834200434,6.37746843638718
2021-07-12,293585,173,238345,117,55240,56,263697,125,1904176,1366,2167873,1491,1,4382,92,1114,80,288089,14,10037,4670,"East TN",2455501,37.9963192847407,0.0674080577504634,60.7208060595373,7.04540539792083,45.367523776207,6.74080577504634
2021-07-13,293799,214,238482,137,55317,77,263842,145,1905798,1622,2169640,1767,4,4386,149,1263,61,288150,17,10054,4674,"East TN",2455501,40.1140133927862,0.0683364839319471,71.9608747868561,8.71512575234138,51.4355318934914,6.83364839319471
2021-07-14,293972,173,238618,136,55354,37,263984,142,1907360,1562,2171344,1704,0,4386,103,1366,70,288220,12,10066,4675,"East TN",2455501,41.3764848802749,0.0723665828443699,69.3952069251855,7.04540539792083,55.6301952228893,7.23665828443699
2021-07-15,294192,220,238768,150,55424,70,264151,167,1909161,1801,2173312,1968,0,4386,118,1484,102,288322,15,10081,4675,"East TN",2455501,44.6344758157297,0.0770449040432271,80.1465770121861,8.95947507250048,60.4357318526851,7.70449040432271
2021-07-16,294422,230,238910,142,55512,88,264305,154,1910690,1529,2174995,1683,0,4386,164,1648,66,288388,10,10091,4679,"East TN",2455501,47.3223183374798,0.0806375106726117,68.5399843046287,9.36672393943232,67.1146132703672,8.06375106726117
2021-07-17,294566,144,239010,100,55556,44,264415,110,1911908,1218,2176323,1328,0,4386,54,1702,90,288478,5,10096,4681,"East TN",2455501,48.9513138052072,0.0825030263525468,54.0826495285484,5.8643836838185,69.3137571517992,8.25030263525468
2021-07-18,294710,144,239131,121,55579,23,264547,132,1913034,1126,2177581,1258,0,4386,50,1752,94,288572,6,10102,4683,"East TN",2455501,52.8609029277528,0.0870613447629253,51.2319074600255,5.8643836838185,71.3500014864584,8.70613447629253
2021-07-19,295013,303,239342,211,55671,92,264763,216,1914724,1690,2179487,1906,3,4389,165,1917,135,288707,14,10116,4684,"East TN",2455501,58.1551381978667,0.0917857757878423,77.6216340372087,12.3396406680348,78.0696077908337,9.17857757878423
2021-07-20,295369,356,239580,238,55789,118,265017,254,1916384,1660,2181401,1914,2,4391,213,2130,141,288848,22,10138,4686,"East TN",2455501,63.9380721082989,0.0999064705382195,77.9474331307542,14.4980596627735,86.7440086564819,9.99064705382195
2021-07-21,295770,401,239873,293,55897,108,265327,310,1918500,2116,2183827,2426,3,4394,247,2377,151,288999,28,10166,4690,"East TN",2455501,73.2233462743448,0.107586317391653,98.7985751176644,16.3306795639668,96.8030556696984,10.7586317391653
2021-07-22,296244,474,240206,333,56038,141,265694,367,1920869,2369,2186563,2736,5,4399,321,2698,148,289147,21,10187,4693,"East TN",2455501,83.5674674944136,0.116444041959097,111.423289992551,19.3035962925692,109.87574429821,11.6444041959097
2021-07-23,296705,461,240526,320,56179,141,266027,333,1922772,1903,2188799,2236,1,4400,328,3026,132,289279,27,10214,4699,"East TN",2455501,92.9749163205391,0.12474645030426,91.0608466459594,18.7741727655578,123.233507133575,12.474645030426
2021-07-24,297063,358,240775,249,56288,109,266292,265,1924523,1751,2190815,2016,0,4400,226,3252,132,289411,21,10235,4703,"East TN",2455501,101.69004207288,0.129519735026221,82.1013715734589,14.5795094361599,132.437331526234,12.9519735026221
2021-07-25,297291,228,240965,190,56326,38,266495,203,1925838,1315,2192333,1518,3,4403,97,3349,128,289539,17,10252,4708,"East TN",2455501,105.110932555108,0.13204989154013,61.8203780002533,9.28527416604595,136.387645535473,13.204989154013
2021-07-26,297958,667,241426,461,56532,206,266981,486,1927567,1729,2194548,2215,10,4413,448,3797,209,289748,36,10288,4712,"East TN",2455501,119.934791311427,0.147267777704004,90.2056240254026,27.1634994243537,154.63239477402,14.7267777704004
2021-07-27,298685,727,241916,490,56769,237,267496,515,1929888,2321,2197384,2836,2,4415,534,4331,191,289939,28,10316,4718,"East TN",2455501,135.043724274598,0.155102296189702,115.49577866187,29.6069926259448,176.37948426818,15.5102296189702
2021-07-28,299504,819,242464,548,57040,271,268109,613,1932755,2867,2200864,3480,2,4417,559,4890,258,290197,37,10353,4721,"East TN",2455501,152.066726912349,0.163291659329694,141.72260569228,33.3536822017177,199.14469592967,16.3291659329694
2021-07-29,300192,688,242918,454,57274,234,268605,496,1935183,2428,2203788,2924,3,4420,474,5364,211,290408,22,10375,4725,"East TN",2455501,160.78185266469,0.16899854862119,119.07956869087,28.0187220449106,218.448292222239,16.899854862119
2021-07-30,301191,999,243667,749,57524,250,269407,802,1936986,1803,2206393,2605,4,4424,751,6115,244,290652,42,10417,4730,"East TN",2455501,182.691841705623,0.192110946913721,106.088329835744,40.6841618064908,249.03268212882,19.2110946913721
2021-07-31,301726,535,244032,365,57694,170,269803,396,1938956,1970,2208759,2366,2,4426,319,6434,214,290866,32,10449,4740,"East TN",2455501,189.900146650317,0.195664288898796,96.3550819160733,21.7878143808534,262.023920983946,19.5664288898796
2021-08-01,302260,534,244454,422,57806,112,270264,461,1941094,2138,2211358,2599,3,4429,322,6756,209,291075,28,10477,4744,"East TN",2455501,202.361961978431,0.198107752956636,105.843980515585,21.7470894941603,275.137334499151,19.8107752956636
2021-08-02,303110,850,244991,537,58119,313,270800,536,1943429,2335,2214229,2871,9,4438,416,7172,425,291500,32,10509,4752,"East TN",2455501,209.814616243284,0.194045018037701,116.921149696131,34.6161536892064,292.078887363516,19.4045018037701
2021-08-03,304448,1338,245959,968,58489,370,271815,1015,1947204,3775,2219019,4790,4,4442,897,8069,437,291937,40,10549,4762,"East TN",2455501,234.697522012819,0.199630228795933,195.072207260351,54.4898983954802,328.609110727302,19.9630228795933
2021-08-04,305534,1086,246792,833,58742,253,272701,886,1950823,3619,2223524,4505,8,4450,646,8715,432,292369,40,10589,4768,"East TN",2455501,245.5710667599,0.202647837599294,183.465614552794,44.2272269487978,354.917387531099,20.2647837599294
2021-08-05,306712,1178,247681,889,59031,289,273652,951,1954789,3966,2228441,4917,10,4460,665,9380,503,292872,43,10632,4775,"East TN",2455501,265.52626123956,0.204721534904474,200.244267870386,47.9739165245707,381.999437182066,20.4721534904474
2021-08-06,308051,1339,248668,987,59383,352,274735,1083,1959417,4628,2234152,5711,3,4463,907,10287,429,293301,52,10684,4788,"East TN",2455501,279.372722715242,0.191937749918945,232.579827904774,54.5306232821734,418.936909412784,19.1937749918945
2021-08-07,308775,724,249192,524,59583,200,275319,584,1962419,3002,2237738,3586,0,4463,327,10614,397,293698,28,10712,4797,"East TN",2455501,287.069726300254,0.190344732392422,146.039443681758,29.4848179658652,432.253947361455,19.0344732392422
2021-08-08,309411,636,249643,451,59768,185,275845,526,1964534,2115,2240379,2641,5,4468,220,10834,411,294109,29,10741,4808,"East TN",2455501,291.223664742959,0.192309017607939,107.554425756699,25.901027936865,441.213422433955,19.2309017607939
2021-08-09,310781,1370,250604,961,60177,409,276853,1008,1968072,3538,2244925,4546,14,4482,572,11406,784,294893,67,10808,4820,"East TN",2455501,312.400605823414,0.197191816523326,185.135334907214,55.7930947696621,464.508057622457,19.7191816523326
2021-08-10,312108,1327,251452,848,60656,479,277770,917,1971324,3252,2249094,4169,6,4488,549,11955,772,295665,48,10856,4834,"East TN",2455501,311.952632069789,0.198004987531172,169.782052623884,54.0419246418552,486.866020417015,19.8004987531172
2021-08-11,313995,1887,252756,1304,61239,583,279153,1383,1976680,5356,2255833,6739,8,4496,1064,13019,815,296480,63,10919,4853,"East TN",2455501,344.57326631103,0.199696678943948,274.445011425367,76.8478611900382,530.197299858562,19.9696678943948
2021-08-12,315457,1462,253819,1063,61638,399,280315,1162,1981162,4482,2261477,5644,10,4506,586,13605,866,297346,45,10964,4867,"East TN",2455501,356.139134131894,0.201689066472939,229.85126049633,59.539784345435,554.062083460768,20.1689066472939
2021-08-13,317104,1647,254936,1117,62168,530,281489,1174,1986581,5419,2268070,6593,11,4517,794,14399,842,298188,30,10994,4891,"East TN",2455501,368.682399233395,0.199127307034613,268.499177968162,67.073888383674,586.397643495156,19.9127307034613
2021-08-14,318635,1531,256025,1089,62610,442,282689,1200,1992056,5475,2274745,6675,1,4518,912,15311,618,298806,27,11021,4905,"East TN",2455501,401.547382794794,0.199151511876132,271.838618677003,62.3498015272647,623.53874015934,19.9151511876132
2021-08-15,319780,1145,256989,964,62791,181,283746,1057,1995865,3809,2279611,4866,11,4529,426,15737,708,299514,20,11041,4918,"East TN",2455501,422.276350121625,0.201391721044046,198.167298649033,46.6299952636957,640.887541890637,20.1391721044046
2021-08-16,321222,1442,257905,916,63317,526,284708,962,1998925,3060,2283633,4022,17,4546,178,15915,1247,300761,29,11070,4937,"East TN",2455501,425.208541963534,0.202929626950501,163.795494279986,58.7252866115713,648.136571722023,20.2929626950501
2021-08-17,322959,1737,259120,1215,63839,522,286029,1321,2003784,4859,2289813,6180,10,4556,513,16428,1214,301975,25,11095,4952,"East TN",2455501,441.90574550774,0.202829146098873,251.679799763877,70.7391281860606,669.028438595627,20.2829146098873
2021-08-18,325050,2091,260506,1386,64544,705,287508,1479,2009204,5420,2296712,6899,13,4569,933,17361,1145,303120,32,11127,4966,"East TN",2455501,450.213622393149,0.20438366887644,280.960993296276,85.1557380754477,707.024757880367,20.438366887644
2021-08-19,327441,2391,261999,1493,65442,898,289086,1578,2019156,9952,2308242,11530,23,4592,1120,18481,1248,304368,43,11170,4986,"East TN",2455501,488.047042131117,0.18755479525286,469.557943572411,97.3732040834029,752.636630976733,18.755479525286
2021-08-20,329896,2455,263977,1978,65919,477,291195,2109,2026050,6894,2317245,9003,4,4596,1274,19755,1177,305545,37,11207,5019,"East TN",2455501,520.95275057921,0.19737671581088,366.646154898736,99.9795968317667,804.52013662385,19.737671581088
2021-08-21,332818,2922,265940,1963,66878,959,293312,2117,2034979,8929,2328291,11046,0,4596,2167,21922,755,306300,57,11264,5043,"East TN",2455501,577.601067969429,0.198390169200314,449.84709841291,118.998118917484,892.77096608798,19.8390169200314
2021-08-22,334303,1485,267281,1341,67022,144,294828,1516,2040491,5512,2335319,7028,7,4603,546,22468,932,307232,17,11281,5062,"East TN",2455501,591.447529445111,0.198930135707618,286.214503679697,60.4764567393782,915.006754222458,19.8930135707618
2021-08-23,336252,1949,268409,1128,67843,821,296015,1187,2044458,3967,2340473,5154,18,4621,186,22654,1745,308977,38,11319,5083,"East TN",2455501,612.095046998556,0.198926812104152,209.89606601667,79.3728041650156,922.58158314739,19.8926812104152
2021-08-24,338235,1983,269796,1387,68439,596,297453,1438,2048237,3779,2345690,5217,15,4636,146,22800,1822,310799,25,11344,5121,"East TN",2455501,622.113369125079,0.204449057751848,212.461733878341,80.7574503125839,928.527416604595,20.4449057751848
2021-08-25,340462,2227,271006,1210,69456,1017,298700,1247,2052273,4036,2350973,5283,17,4653,613,23413,1597,312396,39,11383,5158,"East TN",2455501,627.651953715352,0.206262324689925,215.149576400091,90.6943226657208,953.491772147517,20.6262324689925
2021-08-26,343120,2658,272840,1834,70280,824,300662,1962,2059117,6844,2359779,8806,24,4677,740,24153,1894,314290,40,11423,5189,"East TN",2455501,638.525498462432,0.224615324912199,358.623352220178,108.246748830483,983.628188300473,22.4615324912199
2021-08-27,346128,3008,275113,2273,71015,735,303026,2364,2066185,7068,2369211,9432,19,4696,1304,25457,1685,315975,44,11467,5210,"East TN",2455501,661.046360803763,0.227668090674672,384.117131290112,122.500459173097,1036.73344054839,22.7668090674672
2021-08-28,348273,2145,276654,1541,71619,604,304698,1672,2072052,5867,2376750,7539,1,4697,922,26379,1222,317197,33,11500,5245,"East TN",2455501,629.403123843159,0.234961513857075,307.024920779914,87.3548819568797,1074.2817860795,23.4961513857075
2021-08-29,350609,2336,278481,1827,72128,509,306718,2020,2079046,6994,2385764,9014,9,4706,1071,27450,1256,318453,45,11545,5276,"East TN",2455501,664.060002419058,0.235702249975221,367.094128652361,95.1333353152778,1117.8981397279,23.5702249975221
2021-08-30,353852,3243,280895,2414,72957,829,309324,2606,2088089,9043,2397413,11649,21,4727,477,27927,2745,321198,70,11615,5316,"East TN",2455501,716.758005800038,0.233737267298911,474.4042050889,132.070807545996,1137.32391068055,23.3737267298911
2021-08-31,357438,3586,283303,2408,74135,1178,311935,2611,2096676,8587,2408611,11198,7,4734,913,28840,2666,323864,79,11694,5352,"East TN",2455501,782.039999169212,0.230161631251887,456.037281190274,146.039443681758,1174.50573223143,23.0161631251887
2021-09-01,358872,1434,284252,949,74620,485,312924,989,2098959,2283,2411883,3272,15,4749,-965,27875,2384,326248,31,11725,5394,"East TN",2455501,749.745164021517,0.233524872763093,133.251829260098,58.3994875180259,1135.2062165725,23.3524872763093
2021-09-02,361187,2315,285742,1490,75445,825,314440,1516,2103222,4263,2417662,5779,19,4768,-579,27296,2875,329123,44,11769,5425,"East TN",2455501,735.776527885755,0.238031891919907,235.34912019991,94.278112694721,1111.62650717715,23.8031891919907
2021-09-03,362940,1753,286964,1222,75976,531,315735,1295,2107328,4106,2423063,5401,17,4785,-1009,26287,2745,331868,32,11801,5454,"East TN",2455501,684.666795085809,0.235998663002303,219.955113029887,71.3907263731516,1070.53509650373,23.5998663002303
2021-09-04,366203,3263,289306,2342,76897,921,318312,2577,2115376,8048,2433688,10625,3,4788,1517,27804,1743,333611,56,11857,5486,"East TN",2455501,730.197218408789,0.239102181320032,432.70192111508,132.885305279859,1132.31474961729,23.9102181320032
2021-09-05,370660,4457,292559,3253,78101,1204,321800,3488,2127886,12510,2449686,15998,8,4796,2737,30541,1712,335323,58,11915,5538,"East TN",2455501,816.574703085032,0.235943806514189,651.516737317558,181.510819991521,1243.77876449653,23.5943806514189
2021-09-06,375573,4913,296498,3939,79075,974,326089,4289,2143525,15639,2469614,19928,11,4807,960,31501,3942,339265,102,12017,5573,"East TN",2455501,884.58526386265,0.23219900001385,811.565542021771,200.081368323613,1282.87465572199,23.219900001385
2021-09-07,377655,2082,297954,1456,79701,626,327607,1518,2147951,4426,2475558,5944,34,4841,-1807,29694,3855,343120,62,12079,5606,"East TN",2455501,823.335034276101,0.234095627884745,242.068726504286,84.7892140952091,1209.28478546741,23.4095627884745
2021-09-08,379329,1674,299130,1176,80199,498,328868,1261,2152331,4380,2481199,5641,20,4861,-1778,27916,3432,346552,60,12139,5647,"East TN",2455501,833.109007082465,0.230019043222344,229.729085836251,68.17346032439,1136.87593692692,23.0019043222344
2021-09-09,381240,1911,300136,1006,81104,905,329948,1080,2155997,3666,2485945,4746,7,4868,-1609,26307,3513,350065,55,12194,5686,"East TN",2455501,816.656152858419,0.227113630039688,193.280312245851,77.8252584706746,1071.34959423759,22.7113630039688
2021-09-10,386728,5488,303970,3834,82758,1654,334082,4134,2168103,12106,2502185,16240,23,4891,2253,28560,3212,353277,142,12336,5721,"East TN",2455501,968.763604657461,0.231882409443644,661.372159897308,223.498178172194,1163.10276395733,23.1882409443644
2021-09-11,391010,4282,307080,3110,83930,1172,337401,3319,2179924,11821,2517325,15140,8,4899,2503,31063,1771,355048,119,12455,5766,"East TN",2455501,1010.26226419782,0.228236306897665,616.574784534806,174.383964820214,1265.03715535037,22.8236306897665
2021-09-12,392592,1582,308506,1426,84086,156,338956,1555,2185168,5244,2524124,6799,23,4922,-129,30934,1688,356736,49,12504,5810,"East TN",2455501,893.178214954911,0.230473682796421,276.888504626958,64.4267707486171,1259.78364496695,23.0473682796421
2021-09-13,394944,2352,309958,1452,84986,900,340462,1506,2190291,5123,2530753,6629,63,4985,-1933,29001,4222,360958,83,12587,5861,"East TN",2455501,788.881780133667,0.235087260177628,269.965273889117,95.7849335023688,1181.06243898903,23.5087260177628
2021-09-14,397757,2813,311913,1955,85844,858,342537,2075,2196513,6222,2539050,8297,43,5028,-938,28063,3708,364666,64,12651,5905,"East TN",2455501,818.651672306385,0.235147735147735,337.894384893348,114.559106267927,1142.86249527082,23.5147735147735
2021-09-15,399549,1792,313108,1195,86441,597,343754,1217,2200288,3775,2544042,4992,23,5051,-1549,26514,3318,367984,36,12687,5943,"East TN",2455501,823.45720893618,0.236876024378212,203.298634372375,72.9789969541857,1079.77964578308,23.6876024378212
2021-09-16,402195,2646,314960,1852,87235,794,345711,1957,2206947,6659,2552658,8616,23,5074,-557,25957,3180,371164,65,12752,5980,"East TN",2455501,853.390000655671,0.236280784854526,350.885623748473,107.758050190165,1057.09588389498,23.6280784854526
2021-09-17,404880,2685,316836,1876,88044,809,347716,2005,2214151,7204,2561867,9209,23,5097,-53,25904,2715,373879,83,12835,6036,"East TN",2455501,739.238143254676,0.228444086994404,375.035481557531,109.346320771199,1054.93746490024,22.8444086994404
2021-09-18,406335,1455,318016,1180,88319,275,349053,1337,2219623,5472,2568676,6809,3,5100,-277,25627,1729,375608,40,12875,6094,"East TN",2455501,624.108888573045,0.226908920955775,277.29575349389,59.2547101385827,1043.65667128623,22.6908920955775
2021-09-19,406979,644,318462,446,88517,198,349566,513,2221700,2077,2571266,2590,17,5117,-1069,24558,1696,377304,24,12899,6138,"East TN",2455501,585.908944854838,0.225064698146027,105.477456535347,26.2268270304105,1000.12176741121,22.5064698146027
2021-09-20,408961,1982,319719,1257,89242,725,350937,1371,2227337,5637,2578274,7008,48,5165,187,24745,1747,379051,70,12969,6180,"East TN",2455501,570.84073677836,0.220428863028977,285.400005945833,80.7167254258907,1007.73732122284,22.0428863028977
2021-09-21,410834,1873,320821,1102,90013,771,352077,1140,2231642,4305,2583719,5445,31,5196,-2034,22711,3876,382927,61,13030,6226,"East TN",2455501,532.559343286767,0.213570932861716,221.747008044387,76.2777127763336,924.902901688902,21.3570932861716
2021-09-22,412425,1591,321937,1116,90488,475,353298,1221,2237000,5358,2590298,6579,14,5210,-1352,21359,2929,385856,45,13075,6262,"East TN",2455501,524.373641061437,0.206329989622968,267.929029554458,64.7932947288557,869.842854879717,20.6329989622968
2021-09-23,414774,2349,323445,1508,91329,841,354961,1663,2243356,6356,2598317,8019,32,5242,-389,20970,2706,388562,59,13134,6299,"East TN",2455501,512.278349713562,0.202588755776517,326.572866392642,95.6627588422892,854.000873956068,20.2588755776517
2021-09-24,416313,1539,324428,983,91885,556,356060,1099,2248239,4883,2604299,5982,37,5279,-915,20055,2417,390979,40,13174,6347,"East TN",2455501,465.607629563173,0.196644042232278,243.616272198627,62.6756006208102,816.737602631805,19.6644042232278
2021-09-25,417010,697,324916,488,92094,209,356622,562,2251261,3022,2607883,3584,2,5281,-914,19141,1609,392588,21,13195,6388,"East TN",2455501,434.738165449739,0.193052261075828,145.957993908371,28.3852460251492,779.515056194235,19.3052261075828
2021-09-26,417871,861,325543,627,92328,234,357345,723,2255238,3977,2612583,4700,6,5287,-430,18711,1285,393873,26,13221,6423,"East TN",2455501,443.57546586216,0.188276012295181,191.406967457965,35.0641274428314,762.003354916166,18.8276012295181
2021-09-27,419330,1459,326375,832,92955,627,358267,922,2258829,3591,2617096,4513,47,5334,-1368,17343,2780,396653,44,13265,6455,"East TN",2455501,422.276350121625,0.188810468291175,183.791413646339,59.4176096853555,706.29170991989,18.8810468291175
2021-09-28,420625,1295,327164,789,93461,506,359130,863,2262491,3662,2621621,4525,14,5348,-1017,16326,2298,398951,34,13299,6489,"East TN",2455501,398.737365612965,0.186085167009656,184.280112286658,52.7387282676733,664.874500152922,18.6085167009656
2021-09-29,422300,1675,328174,1010,94126,665,360268,1138,2267989,5498,2628257,6636,30,5378,-387,15939,2032,400983,50,13349,6533,"East TN",2455501,402.158256095192,0.183619168049738,270.250348095969,68.2141852110832,649.11396900266,18.3619168049738
2021-09-30,423509,1209,328933,759,94576,450,361087,819,2272661,4672,2633748,5491,11,5389,-785,15154,1983,402966,40,13389,6569,"East TN",2455501,355.731885264962,0.172899438344952,223.620352832273,49.2363880120595,617.14493294851,17.2899438344952
2021-10-01,424884,1375,329906,973,94978,402,362162,1075,2277634,4973,2639796,6048,14,5403,-294,14860,1655,404621,48,13437,6597,"East TN",2455501,349.05300384728,0.171901850860636,246.304114720377,55.996719203128,605.171816260714,17.1901850860636
2021-10-02,425438,554,330258,352,95180,202,362557,395,2280304,2670,2642861,3065,11,5414,-467,14393,1010,405631,19,13456,6634,"East TN",2455501,343.229345050155,0.169678083366688,124.821777714609,22.5615872280239,586.153294174997,16.9678083366688
2021-10-03,425977,539,330723,465,95254,74,363081,524,2283396,3092,2646477,3616,13,5427,-348,14045,874,406505,15,13471,6666,"East TN",2455501,330.115931534949,0.169233492653567,147.261190282553,21.9507139276262,571.981033605769,16.9233492653567
2021-10-04,427329,1352,331582,859,95747,493,364022,941,2287534,4138,2651556,5079,22,5449,-604,13441,1934,408439,29,13500,6689,"East TN",2455501,325.758368658779,0.167005223447475,206.841699514682,55.0600468091848,547.383202043086,16.7005223447475
2021-10-05,428595,1266,332337,755,96258,511,364837,815,2291996,4462,2656833,5277,17,5466,-445,12996,1694,410133,40,13540,6729,"East TN",2455501,324.577346944676,0.16207542883108,214.905227079932,51.5577065535709,529.260627464619,16.207542883108
2021-10-06,429532,937,333044,707,96488,230,365618,781,2296417,4421,2662035,5202,18,5484,-403,12593,1322,411455,26,13566,6764,"East TN",2455501,294.522380565107,0.158387115874238,211.850860577943,38.1592188315134,512.848498127266,15.8387115874238
2021-10-07,430649,1117,333834,790,96815,327,366476,858,2301200,4783,2667676,5641,24,5508,-381,12212,1474,412929,26,13592,6794,"East TN",2455501,290.775690989334,0.15883635934921,229.729085836251,45.4896984362865,497.332316297163,15.883635934921
2021-10-08,431708,1059,334423,589,97285,470,367120,644,2305447,4247,2672567,4891,9,5517,-121,12091,1171,414100,31,13623,6815,"East TN",2455501,277.906626794288,0.151292301119893,199.185420816363,43.1276550080819,492.404605007288,15.1292301119893
2021-10-09,432249,541,334778,355,97471,186,367537,417,2308256,2809,2675793,3226,4,5521,-293,11798,830,414930,32,13655,6844,"East TN",2455501,277.377203267276,0.151220697194218,131.378484472212,22.0321637010125,480.472213206185,15.1220697194218
2021-10-10,432569,320,335046,268,97523,52,367847,310,2310488,2232,2678335,2542,6,5527,-525,11273,839,415769,16,13671,6866,"East TN",2455501,268.458453081469,0.149601356017327,103.522661974074,13.0319637418189,459.091647692263,14.9601356017327
2021-10-11,433791,1222,335584,538,98207,684,368395,548,2313934,3446,2682329,3994,52,5579,-274,10999,1444,417213,33,13704,6880,"East TN",2455501,263.164217811355,0.142105092126215,162.655197452577,49.7658115390708,447.933028738331,14.2105092126215
2021-10-12,434727,936,336220,636,98507,300,369400,1005,2317578,3644,2686978,4649,29,5608,-365,10634,1272,418485,32,13736,6913,"East TN",2455501,249.725005202604,0.151368386133687,189.329998236612,38.1184939448202,433.068445095319,15.1368386133687
2021-10-13,435580,853,336769,549,98811,304,370050,650,2321443,3865,2691493,4515,25,5633,-397,10237,1225,419710,37,13773,6936,"East TN",2455501,246.304114720377,0.150451490257315,183.872863419726,34.738328349286,416.900665078125,15.0451490257315
2021-10-14,436531,951,337422,653,99109,298,370771,721,2325446,4003,2696217,4724,31,5664,-168,10069,1088,420798,33,13806,6967,"East TN",2455501,239.543783529308,0.150485266809152,192.384364738601,38.729367245218,410.05888411367,15.0485266809152
2021-10-15,437333,802,337933,511,99400,291,371347,576,2329340,3894,2700687,4470,24,5688,-301,9768,1079,421877,29,13835,6989,"East TN",2455501,229.07748764916,0.150320056899004,182.040243518532,32.6613591279336,397.800693219021,15.0320056899004
2021-10-16,437640,307,338172,239,99468,68,371618,271,2331570,2230,2703188,2501,7,5695,-377,9391,677,422554,12,13847,7003,"East TN",2455501,219.547864162955,0.148968789925169,101.852941619653,12.5025402148075,382.447410935691,14.8968789925169
2021-10-17,437892,252,338382,210,99510,42,371866,248,2333233,1663,2705099,1911,7,5702,-450,8941,695,423249,14,13861,7019,"East TN",2455501,216.778571867818,0.150164399940218,77.8252584706746,10.2626714466824,364.121211923758,15.0164399940218
2021-10-18,438682,790,338849,467,99833,323,372382,516,2336424,3191,2708806,3707,23,5725,-472,8469,1239,424488,37,13898,7040,"East TN",2455501,199.185420816363,0.150583525323866,150.967154971633,32.1726604876154,344.899065404575,15.0583525323866
2021-10-19,439514,832,339290,441,100224,391,372856,474,2339752,3328,2712608,3802,25,5750,-268,8201,1075,425563,23,13921,7056,"East TN",2455501,194.950032600272,0.134841982052282,154.836019207486,33.8831057287291,333.984795770802,13.4841982052282
2021-10-20,440278,764,339780,490,100498,274,373397,541,2343773,4021,2717170,4562,15,5765,-212,7989,961,426524,21,13942,7075,"East TN",2455501,191.325517684578,0.130350118783347,185.786933094305,31.1138134335926,325.351119791847,13.0350118783347
2021-10-21,440907,629,340203,423,100704,206,373867,470,2347410,3637,2721277,4107,17,5782,-244,7745,856,427380,21,13963,7093,"East TN",2455501,178.212104169373,0.123543495610535,167.257109648907,25.6159537300127,315.41424743871,12.3543495610535
2021-10-22,441453,546,340543,340,100910,206,374253,386,2350514,3104,2724767,3490,6,5788,-318,7427,858,428238,18,13981,7111,"East TN",2455501,167.786533175918,0.120681063122924,142.129854559212,22.2357881344785,302.463733470278,12.0681063122924
2021-10-23,441812,359,340787,244,101025,115,374526,273,2352899,2385,2727425,2658,0,5788,-196,7231,555,428793,15,13996,7131,"East TN",2455501,169.904227283964,0.119981845938029,108.246748830483,14.6202343228531,294.481655678413,11.9981845938029
2021-10-24,442056,244,340950,163,101106,81,374722,196,2354796,1897,2729518,2093,7,5795,-300,6931,537,429330,15,14011,7143,"East TN",2455501,169.578428190418,0.116958106392563,85.2371878488341,9.9368723531369,282.264189670458,11.6958106392563
2021-10-25,442479,423,341198,248,101281,175,374993,271,2357227,2431,2732220,2702,28,5823,-490,6441,885,430215,21,14032,7154,"East TN",2455501,154.63239477402,0.111514478517127,110.038643844983,17.2266270712168,262.308995190798,11.1514478517127
2021-10-26,443005,526,341527,329,101478,197,375331,338,2359867,2640,2735198,2978,12,5835,-232,6209,746,430961,28,14060,7162,"East TN",2455501,142.170579445905,0.109561752988048,121.278712572302,21.4212904006148,252.860821477979,10.9561752988048
2021-10-27,443626,621,341921,394,101705,227,375755,424,2364064,4197,2739819,4621,10,5845,-86,6123,697,431658,21,14081,7182,"East TN",2455501,136.34692064878,0.104110556757473,188.189701409203,25.2901546364673,249.358481222366,10.4110556757473
2021-10-28,444042,416,342176,255,101866,161,376046,291,2366861,2797,2742907,3088,16,5861,-197,5926,597,432255,15,14096,7197,"East TN",2455501,127.672519783132,0.100739713361073,125.758450108552,16.9415528643645,241.335678543808,10.0739713361073
2021-10-29,444502,460,342481,305,102021,155,376379,333,2370379,3518,2746758,3851,4,5865,-152,5774,608,432863,10,14106,7212,"East TN",2455501,124.170179527518,0.0966759128734482,156.831538655452,18.7334478788646,235.145495766444,9.66759128734482
2021-10-30,444765,263,342682,201,102083,62,376608,229,2372953,2574,2749561,2803,0,5865,-148,5626,411,433274,16,14122,7226,"East TN",2455501,120.260590404972,0.0940549331405855,114.151857400995,10.7106452003074,229.118212535853,9.40549331405855
2021-10-31,444936,171,342809,127,102127,44,376754,146,2374578,1625,2751332,1771,0,5865,-224,5402,395,433669,5,14127,7236,"East TN",2455501,117.28767367637,0.0931511873109013,72.1237743336289,6.96395562453446,219.99583791658,9.31511873109013
2021-11-01,445532,596,343170,361,102362,235,377144,390,2377696,3118,2754840,3508,14,5879,-184,5218,766,434435,23,14150,7246,"East TN",2455501,124.333079074291,0.0950928381962865,142.862902519689,24.2720324691377,212.502458765034,9.50928381962865
2021-11-02,445944,412,343389,219,102555,193,377369,225,2379907,2211,2757276,2436,25,5904,-184,5034,571,435006,16,14166,7269,"East TN",2455501,119.690441991268,0.0923090859679319,99.2058239845962,16.7786533175918,205.009079613488,9.23090859679319
2021-11-03,446518,574,343768,379,102750,195,377762,393,2384485,4578,2762247,4971,6,5910,82,5116,486,435492,14,14180,7281,"East TN",2455501,117.776372316688,0.0894863563402889,202.443411751818,23.3760849618876,208.348520322329,8.94863563402889
2021-11-04,446938,420,344070,302,102868,118,378092,330,2388021,3536,2766113,3866,13,5923,-68,5048,475,435967,9,14189,7291,"East TN",2455501,117.939271863461,0.0881668533999828,157.442411955849,17.1044524111373,205.579228027193,8.81668533999828
2021-11-05,447373,435,344355,285,103018,150,378416,324,2391603,3582,2770019,3906,2,5925,25,5073,408,436375,13,14202,7297,"East TN",2455501,116.921149696131,0.0875714715618417,159.071407423577,17.715325711535,206.597350194522,8.75714715618417
2021-11-06,447606,233,344526,171,103080,62,378604,188,2393843,2240,2772447,2428,0,5925,-86,4987,319,436694,13,14215,7305,"East TN",2455501,115.699403095336,0.0872148911998602,98.8800248910507,9.48889859951187,203.095009938909,8.72148911998602
2021-11-07,447805,199,344653,127,103152,72,378758,154,2395745,1902,2774503,2056,6,5931,-130,4857,323,437017,8,14223,7317,"East TN",2455501,116.839699922745,0.0864874196193518,83.7303670411863,8.10425245194362,197.800774668795,8.64874196193518
2021-11-08,448347,542,344999,346,103348,196,379144,386,2399278,3533,2778422,3919,25,5956,-27,4830,544,437561,25,14248,7329,"East TN",2455501,114.640556041313,0.0848104486472733,159.600830950588,22.0728885877057,196.701202728079,8.48104486472733
2021-11-09,449216,869,345616,617,103600,252,379945,801,2406554,7276,2786499,8077,10,5966,427,5257,432,437993,27,14275,7344,"East TN",2455501,133.251829260098,0.0881497450638196,328.934909820847,35.3899265363769,214.090729346068,8.81497450638196
2021-11-10,449845,629,346053,437,103792,192,380447,502,2411805,5251,2792252,5753,7,5973,185,5442,437,438430,28,14303,7356,"East TN",2455501,135.491698028223,0.0894850858190302,234.290273145888,25.6159537300127,221.624833384307,8.94850858190302
2021-11-11,450350,505,346436,383,103914,122,380851,404,2416095,4290,2796946,4694,5,5978,83,5525,417,438847,10,14313,7369,"East TN",2455501,138.953313397144,0.0894820484545779,191.162618137806,20.5660677800579,225.004998979842,8.94820484545779
2021-11-12,450832,482,346758,322,104074,160,381183,332,2419545,3450,2800728,3782,2,5980,120,5645,360,439207,24,14337,7379,"East TN",2455501,140.867383071723,0.0901038783418542,154.021521473622,19.6293953861147,229.891985383024,9.01038783418542
2021-11-13,451070,238,346900,142,104170,96,381332,149,2421544,1999,2802876,2148,4,5984,-100,5545,334,439541,11,14348,7388,"East TN",2455501,141.071007505189,0.0896513194649841,87.4770566169592,9.69252303297779,225.819496713705,8.96513194649841
2021-11-14,451431,361,347216,316,104215,45,381677,345,2424523,2979,2806200,3324,1,5985,59,5604,301,439842,12,14360,7396,"East TN",2455501,147.668439149485,0.0920907341388775,135.369523368144,14.7016840962394,228.222265028603,9.20907341388775
2021-11-15,452008,577,347506,290,104502,287,381978,301,2427291,2768,2809269,3069,26,6011,-29,5575,580,440422,20,14380,7405,"East TN",2455501,149.093810183747,0.0918727915194346,124.984677261382,23.4982596219672,227.041243314501,9.18727915194346
2021-11-16,452680,672,347939,433,104741,239,382438,460,2430898,3607,2813336,4067,24,6035,179,5754,469,440891,17,14397,7415,"East TN",2455501,141.071007505189,0.0928941386891232,165.628114181179,27.3671238578196,234.330998032581,9.28941386891232
2021-11-17,453393,713,348405,466,104988,247,382947,509,2435543,4645,2818490,5154,5,6040,295,6049,413,441304,27,14424,7425,"East TN",2455501,144.491897987417,0.0952816525649821,209.89606601667,29.0368442122402,246.34483960707,9.52816525649821
2021-11-18,454020,627,348816,411,105204,216,383425,478,2440406,4863,2823831,5341,12,6052,183,6232,432,441736,19,14443,7434,"East TN",2455501,149.460334163985,0.0957411195834108,217.511619828296,25.5345039566264,253.797493871923,9.57411195834108
2021-11-19,454633,613,349258,442,105375,171,383885,460,2444880,4474,2828765,4934,7,6059,219,6451,387,442123,13,14456,7442,"East TN",2455501,154.795294320792,0.0963726504262225,200.93659094417,24.9643555429218,262.71624405773,9.63726504262225
2021-11-20,454955,322,349503,245,105452,77,384172,287,2447584,2704,2831756,2991,0,6059,21,6472,301,442424,14,14470,7449,"East TN",2455501,158.21618480302,0.0983379501385042,121.808136099313,13.1134135152052,263.571466678287,9.83379501385042
2021-11-21,455219,264,349655,152,105564,112,384336,164,2449068,1484,2833404,1648,9,6068,-94,6378,349,442773,10,14480,7460,"East TN",2455501,154.265870793781,0.0977429789736803,67.1146132703672,10.7513700870006,259.743327329128,9.77429789736803
2021-11-22,455972,753,350149,494,105823,259,384848,512,2452936,3868,2837784,4380,21,6089,152,6530,580,443353,38,14518,7465,"East TN",2455501,161.433450851781,0.100648781343153,178.375003716146,30.6658396799676,265.933510106491,10.0648781343153
2021-11-23,456648,676,350616,467,106032,209,385338,490,2456237,3301,2841575,3791,21,6110,121,6651,534,443887,18,14536,7471,"East TN",2455501,161.596350398554,0.102694854633663,154.388045453861,27.5300234045924,270.861221396367,10.2694854633663
2021-11-24,457385,737,351147,531,106238,206,385911,573,2460265,4028,2846176,4601,6,6116,254,6905,477,444364,21,14557,7481,"East TN",2455501,162.573747679191,0.107057718702593,187.37520367534,30.0142414928766,281.205342616436,10.7057718702593
2021-11-25,457671,286,351305,158,106366,128,386084,173,2461901,1636,2847985,1809,1,6117,-196,6709,481,444845,10,14567,7490,"East TN",2455501,148.686561316815,0.11008528608098,73.6713200279699,11.6473175942506,273.223264824571,11.008528608098
2021-11-26,457903,232,351507,202,106396,30,386327,243,2463578,1677,2849905,1920,1,6118,-286,6423,517,445362,16,14583,7494,"East TN",2455501,133.170379486712,0.115515610217597,78.1917824509133,9.44817371281869,261.575947230321,11.5515610217597
2021-11-27,458187,284,351733,226,106454,58,386581,254,2465173,1595,2851754,1849,0,6118,-96,6327,380,445742,14,14597,7505,"East TN",2455501,131.622833792371,0.12046204620462,75.3003154956972,11.5658678208643,257.666358107775,12.046204620462
2021-11-28,458501,314,351944,211,106557,103,386798,217,2466683,1510,2853481,1727,7,6125,-109,6218,416,446158,20,14617,7515,"East TN",2455501,133.65907812703,0.122627882651791,70.3318793191288,12.7876144216598,253.227345458218,12.2627882651791
2021-11-29,459600,1099,352657,713,106943,386,387536,738,2471230,4547,2858766,5285,19,6144,426,6644,654,446812,36,14653,7523,"East TN",2455501,147.749888922872,0.128109808407206,215.231026173477,44.7566504758092,270.576147189515,12.8109808407206
2021-11-30,460438,838,353164,507,107274,331,388041,505,2474597,3367,2862638,3872,64,6208,186,6830,588,447400,26,14679,7535,"East TN",2455501,154.347320567167,0.128329297820823,157.686761276008,34.1274550488882,278.150976114447,12.8329297820823
2021-12-01,461521,1083,353933,769,107588,314,388848,807,2479769,5172,2868617,5979,48,6256,505,7335,530,447930,32,14711,7556,"East TN",2455501,168.438131363009,0.13087652065416,243.494097538547,44.1050522887183,298.717043894505,13.087652065416
2021-12-02,462424,903,354556,623,107868,280,389514,666,2484430,4661,2873944,5327,39,6295,282,7617,582,448512,18,14729,7572,"East TN",2455501,193.565386452704,0.132131438036904,216.941471414591,36.7745726839452,310.201461941983,13.2131438036904
2021-12-03,463443,1019,355291,735,108152,284,390296,782,2489408,4978,2879704,5760,21,6316,519,8136,479,448991,24,14753,7584,"East TN",2455501,225.615872280239,0.133192389006343,234.57534735274,41.4986595403545,331.337678135745,13.3192389006343
2021-12-04,463866,423,355623,332,108243,91,390677,381,2492160,2752,2882837,3133,3,6319,18,8154,402,449393,29,14782,7596,"East TN",2455501,231.276631530592,0.131776212077341,127.591070009745,17.2266270712168,332.070726096222,13.1776212077341
2021-12-05,464251,385,355839,216,108412,169,390908,231,2494092,1932,2885000,2163,12,6331,-31,8123,404,449797,15,14797,7604,"East TN",2455501,234.168098485808,0.130397537992957,88.087929917357,15.6790813768758,330.808254608734,13.0397537992957
2021-12-06,465207,956,356484,645,108723,311,391599,691,2498276,4184,2889875,4875,69,6400,133,8256,754,450551,32,14829,7618,"East TN",2455501,228.344439688683,0.130605291073323,198.533822629272,38.9329916786839,336.224664538927,13.0605291073323
2021-12-07,466049,842,357018,534,109031,308,392140,541,2501753,3477,2893893,4018,8,6408,219,8475,615,451166,25,14854,7623,"East TN",2455501,228.507339235455,0.131147016477364,163.632594733213,34.2903545956609,345.143414724734,13.1147016477364
2021-12-08,467097,1048,357652,634,109445,414,392797,657,2506369,4616,2899166,5273,4,6412,449,8924,595,451761,28,14882,7638,"East TN",2455501,227.081968201194,0.129267733804707,214.742327533159,42.6796812544568,363.428888849974,12.9267733804707
2021-12-09,468016,919,358270,618,109746,301,393463,666,2511346,4977,2904809,5643,19,6431,526,9450,374,452135,28,14910,7652,"East TN",2455501,227.733566388285,0.12794427344889,229.810535609637,37.4261708710361,384.850179250589,12.794427344889
2021-12-10,468810,794,358818,548,109992,246,394064,601,2515856,4510,2909920,5111,5,6436,160,9610,629,452764,19,14929,7665,"East TN",2455501,218.570466882319,0.124702144559174,208.144895888863,32.3355600343881,391.366161121498,12.4702144559174
2021-12-11,469207,397,359104,286,110103,111,394389,325,2518778,2922,2913167,3247,0,6436,-174,9436,571,453335,18,14947,7674,"East TN",2455501,217.511619828296,0.122387075502803,132.233707092768,16.167780017194,384.280030836884,12.2387075502803
2021-12-12,469638,431,359368,264,110270,167,394683,294,2521297,2519,2915980,2813,9,6445,-138,9298,560,453895,17,14964,7680,"East TN",2455501,219.384964616182,0.121852808263396,114.559106267927,17.5524261647623,378.659996473225,12.1852808263396
2021-12-13,470521,883,359940,572,110581,311,395286,603,2525899,4602,2921185,5205,24,6469,-166,9132,1025,454920,20,14984,7689,"East TN",2455501,216.41204788758,0.11775790482274,211.973035238023,35.9600749500815,371.899665282156,11.775790482274
2021-12-14,471277,756,360396,456,110881,300,395769,483,2529922,4023,2925691,4506,36,6505,-124,9008,844,455764,18,15002,7697,"East TN",2455501,212.909707631966,0.114126674633625,183.506339439487,30.7880143400471,366.849779332201,11.4126674633625
2021-12-15,472148,871,360984,588,111164,283,396397,628,2534726,4804,2931123,5432,19,6524,4,9012,848,456612,20,15022,7711,"East TN",2455501,205.701402687272,0.11265137528554,221.217584517375,35.4713763097633,367.012678878974,11.265137528554
2021-12-16,472943,795,361492,508,111451,287,396942,545,2538546,3820,2935488,4365,19,6543,24,9036,752,457364,21,15043,7726,"East TN",2455501,200.651516737318,0.113400045633821,177.764130415748,32.3762849210813,367.990076159611,11.3400045633821
2021-12-17,473756,813,362029,537,111727,276,397527,585,2543214,4668,2940741,5253,24,6567,52,9088,737,458101,29,15072,7740,"East TN",2455501,201.425289584488,0.112358456896272,213.927829799296,33.1093328815586,370.107770267656,11.2358456896272
2021-12-18,474328,572,362410,381,111918,191,397953,426,2546559,3345,2944512,3771,0,6567,36,9124,536,458637,19,15091,7753,"East TN",2455501,208.552144755795,0.11370234487159,153.573547719997,23.2946351885012,371.573866188611,11.370234487159
2021-12-19,474749,421,362691,281,112058,140,398264,311,2549222,2663,2947486,2974,6,6573,-163,8961,578,459215,16,15107,7762,"East TN",2455501,208.144895888863,0.113660889989208,121.115813025529,17.1451772978305,364.935709657622,11.3660889989208
2021-12-20,475684,935,363315,624,112369,311,398902,638,2553184,3962,2952086,4600,40,6613,55,9016,840,460055,27,15134,7773,"East TN",2455501,210.262589996909,0.117018866703343,187.334478788646,38.077769058127,367.175578425747,11.7018866703343
2021-12-21,476694,1010,363972,657,112722,353,399571,669,2557567,4383,2957138,5052,30,6643,211,9227,769,460824,22,15156,7783,"East TN",2455501,220.606711216978,0.120901834833211,205.742127573966,41.1321355601158,375.768529518009,12.0901834833211
2021-12-22,478201,1507,364699,727,113502,780,400319,748,2561907,4340,2962226,5088,872,7515,-109,9118,744,461568,32,15188,7798,"East TN",2455501,246.507739153843,0.126097161045558,207.20822349492,61.3724042466283,371.329516868452,12.6097161045558
2021-12-23,479370,1169,365504,805,113866,364,401182,863,2566392,4485,2967574,5348,28,7543,395,9513,746,462314,25,15213,7814,"East TN",2455501,261.738846777094,0.132144860686904,217.796694035148,47.6073925443321,387.415847112259,13.2144860686904
2021-12-24,480310,940,366153,649,114157,291,401890,708,2570229,3837,2972119,4545,0,7543,284,9797,656,462970,13,15226,7836,"East TN",2455501,266.910907387128,0.139046465676589,185.094610020521,38.281393491593,398.981714933124,13.9046465676589
2021-12-25,480791,481,366437,284,114354,197,402223,333,2572348,2119,2974571,2452,8,7551,-25,9772,498,463468,15,15241,7844,"East TN",2455501,263.204942698048,0.142053960544263,99.8574221716871,19.5886704994215,397.963592765794,14.2053960544263
2021-12-26,481134,343,366713,276,114421,67,402543,320,2574223,1875,2976766,2195,62,7613,-226,9546,507,463975,16,15257,7861,"East TN",2455501,260.02840153598,0.146140710382514,89.3911262915389,13.9686361357621,388.759768373134,14.6140710382514
2021-12-27,483017,1883,367973,1260,115044,623,403854,1311,2578977,4754,2982831,6065,64,7677,938,10484,881,464856,29,15286,7878,"East TN",2455501,298.635594121118,0.161066840136608,246.996437794161,76.6849616432655,426.959712091341,16.1066840136608
2021-12-28,485445,2428,369414,1441,116031,987,405340,1486,2583356,4379,2988696,5865,18,7695,1657,12141,753,465609,21,15307,7889,"East TN",2455501,356.383483452053,0.182806261486786,238.851460455524,98.8800248910507,494.440849341947,18.2806261486786
2021-12-29,488337,2892,371341,1927,116996,965,407343,2003,2588645,5289,2995988,7292,37,7732,2076,14217,779,466388,26,15333,7903,"East TN",2455501,412.787451522113,0.208044547123986,296.965873766698,117.776372316688,578.985714116997,20.8044547123986
2021-12-30,491162,2825,373124,1783,118038,1042,409165,1822,2593108,4463,3002273,6285,14,7746,2054,16271,757,467145,29,15362,7916,"East TN",2455501,480.227863886026,0.230064266981757,255.955912866661,115.047804908245,662.634631384797,23.0064266981757
2021-12-31,493681,2519,374934,1810,118747,709,411107,1942,2597941,4833,3009048,6775,0,7746,1798,18069,721,467866,18,15380,7935,"East TN",2455501,544.532459974563,0.249587045411465,275.911107346322,102.58598958013,735.857977659142,24.9587045411465
2022-01-01,495139,1458,376160,1226,118979,232,412445,1338,2601591,3650,3014036,4988,0,7746,928,18997,530,468396,27,15407,7943,"East TN",2455501,584.320674273804,0.25901431648296,203.135734825602,59.3768847986623,773.650672510416,25.901431648296
2022-01-02,496603,1464,377120,960,119483,504,413668,1223,2604607,3016,3018275,4239,6,7752,841,19838,617,469013,22,15429,7961,"East TN",2455501,629.973272256863,0.26801416560264,172.632794692407,59.6212341188214,807.900302219384,26.801416560264
2022-01-03,499499,2896,379296,2176,120203,720,415889,2221,2608778,4171,3024667,6392,33,7785,1799,21637,1064,470077,27,15456,7975,"East TN",2455501,671.227582477059,0.287670905440291,260.313475742832,117.939271863461,881.164373380422,28.7670905440291
2022-01-04,503672,4173,381731,2435,121941,1738,418274,2385,2614015,5237,3032289,7622,14,7799,2937,24574,1222,471299,31,15487,7993,"East TN",2455501,742.292509756665,0.296699011309155,310.405086375448,169.944952170657,1000.7733655983,29.6699011309155
2022-01-05,508601,4929,385134,3403,123467,1526,421768,3494,2619249,5234,3041017,8728,15,7814,3656,28230,1258,472557,40,15527,8017,"East TN",2455501,825.24910395068,0.320349108352395,355.44681105811,200.732966510704,1149.66355134858,32.0349108352395
2022-01-06,513769,5168,388595,3461,125174,1707,425410,3642,2624861,5612,3050271,9254,11,7825,3907,32137,1250,473807,32,15559,8034,"East TN",2455501,920.667513472811,0.33845160215009,376.868101458725,210.466214430375,1308.77568365885,33.845160215009
2022-01-07,518141,4372,391814,3219,126327,1153,428679,3269,2629545,4684,3058224,7953,12,7837,3538,35675,822,474629,27,15586,8055,"East TN",2455501,996.130728515281,0.357328778265821,323.885023870892,178.0492046226,1452.86033277934,35.7328778265821
2022-01-08,521288,3147,394237,2423,127051,724,431281,2602,2634307,4762,3065588,7364,1,7838,2793,38468,353,474982,32,15618,8075,"East TN",2455501,1064.91506214007,0.365378646803228,299.898065608607,128.16121842345,1566.6049413134,36.5378646803228
2022-01-09,524781,3493,396908,2671,127873,822,434165,2884,2639309,5002,3073474,7886,15,7853,2127,40595,1351,476333,27,15645,8091,"East TN",2455501,1147.54585724054,0.371329190746209,321.156456462449,142.252029219292,1653.2267753098,37.1329190746209
2022-01-10,529428,4647,399977,3069,129451,1578,437407,3242,2644088,4779,3081495,8021,29,7882,1653,42248,2965,479298,44,15689,8123,"East TN",2455501,1218.8551338403,0.378651369043429,326.654316166029,189.248548463226,1720.54501301364,37.8651369043429
2022-01-11,535035,5607,404008,4031,131027,1576,441540,4133,2649277,5189,3090817,9322,30,7912,2171,44419,3406,482704,37,15726,8146,"East TN",2455501,1277.25462135833,0.397519136139967,379.637393753861,228.344439688683,1808.95874202454,39.7519136139967
2022-01-12,540713,5678,407979,3971,132734,1707,445697,4157,2654047,4770,3099744,8927,16,7928,2328,46747,3334,486038,21,15747,8164,"East TN",2455501,1307.75756149152,0.407461644558721,363.551063510054,231.235906643899,1903.76627824627,40.7461644558721
2022-01-13,548039,7326,413220,5241,134819,2085,451170,5473,2660974,6927,3112144,12400,65,7993,3768,50515,3493,489531,36,15783,8178,"East TN",2455501,1395.64186697542,0.416336689670777,504.988594995482,298.350519914266,2057.21765130619,41.6336689670777
2022-01-14,554553,6514,418000,4780,136553,1734,456096,4926,2666854,5880,3122950,10806,69,8062,4488,55003,1957,491488,25,15808,8210,"East TN",2455501,1482.87457427222,0.423585576120879,440.073125606546,265.281911919401,2239.9909427852,42.3585576120879
2022-01-15,559104,4551,421394,3394,137710,1157,459706,3610,2671943,5089,3131649,8699,10,8072,3377,58380,1164,492652,23,15831,8222,"East TN",2455501,1540.05231518945,0.430284131333162,354.265789344008,185.33895934068,2377.51888514808,43.0284131333162
2022-01-16,562968,3864,424718,3324,138250,540,463201,3495,2676591,4648,3139792,8143,7,8079,1600,59980,2257,494909,18,15849,8238,"East TN",2455501,1555.16124815262,0.437829850116107,331.622752342597,157.360962182463,2442.67870385718,43.7829850116107
2022-01-17,567598,4630,428045,3327,139553,1303,466667,3466,2681326,4735,3147993,8201,15,8094,-267,59713,4882,499791,26,15875,8257,"East TN",2455501,1554.46892507883,0.440013233480706,333.984795770802,188.556225389442,2431.8051591101,44.0013233480706
2022-01-18,573556,5958,431715,3670,141841,2288,470403,3736,2684787,3461,3155190,7197,49,8143,157,59870,5752,505543,28,15903,8282,"East TN",2455501,1568.76336030814,0.448371211532785,293.097009530845,242.63887491799,2438.19896632093,44.8371211532785
2022-01-19,581862,8306,437717,6002,144145,2304,476575,6172,2690635,5848,3167210,12020,22,8165,2828,62698,5456,510999,23,15926,8306,"East TN",2455501,1675.78836253783,0.457682388165891,489.513138052072,338.260908873586,2553.36894588925,45.7682388165891
2022-01-20,590145,8283,443766,6049,146379,2234,482839,6264,2696352,5717,3179191,11981,44,8209,3873,66571,4366,515365,23,15949,8337,"East TN",2455501,1714.76207910321,0.472340298596507,487.924867471037,337.324236479643,2711.09643205195,47.2340298596507
2022-01-21,597452,7307,449374,5608,148078,1699,488722,5883,2702075,5723,3190797,11606,53,8262,3314,69885,3940,519305,20,15969,8364,"East TN",2455501,1747.0569142509,0.480876088846964,472.653034961093,297.576747067095,2846.05870655316,48.0876088846965
2022-01-22,603460,6008,454240,4866,149220,1142,493884,5162,2708162,6087,3202046,11249,0,8262,2969,72854,3039,522344,32,16001,8384,"East TN",2455501,1806.39307416287,0.485503643621177,458.114250411627,244.675119252649,2966.97089514523,48.5503643621177
2022-01-23,607062,3602,457217,2977,149845,625,497028,3144,2711431,3269,3208459,6413,6,8268,635,73489,2961,525305,19,16020,8411,"East TN",2455501,1795.72315384926,0.492623822214455,261.168698363389,146.691041868849,2992.8311981954,49.2623822214455
2022-01-24,613753,6691,461896,4679,151857,2012,501995,4967,2716811,5380,3218806,10347,37,8305,-332,73157,6986,532291,31,16051,8435,"East TN",2455501,1879.65714532391,0.498891446485815,421.380402614375,272.490216864094,2979.31053581326,49.8891446485815
2022-01-25,619459,5706,465961,4065,153498,1641,506256,4261,2721466,4655,3227722,8916,30,8335,-1271,71886,6947,539238,18,16069,8452,"East TN",2455501,1869.39447387722,0.494305961506645,363.103089756429,232.376203471308,2927.54920482622,49.4305961506645
2022-01-26,625263,5804,470381,4420,154882,1384,510931,4675,2726360,4894,3237291,9569,28,8363,-1377,70509,7153,546391,23,16092,8477,"East TN",2455501,1767.50080737088,0.490232730697336,389.696440767078,236.36724236724,2871.47103584971,49.0232730697336
2022-01-27,632522,7259,476141,5760,156381,1499,517070,6139,2733514,7154,3250584,13293,30,8393,43,70552,7186,553577,29,16121,8505,"East TN",2455501,1725.79852339706,0.479472777443167,541.355918812495,295.621952505823,2873.22220597752,47.9472777443167
2022-01-28,637487,4965,479840,3699,157647,1266,520999,3929,2738353,4839,3259352,8768,38,8431,-2145,68407,7072,560649,28,16149,8530,"East TN",2455501,1630.42083876162,0.470819050397491,357.075806525837,202.199062431659,2785.86732402064,47.0819050397491
2022-01-29,641555,4068,483111,3271,158444,797,524545,3546,2743785,5432,3268330,8978,5,8436,305,68712,3758,564407,17,16166,8552,"East TN",2455501,1551.41455857684,0.462570152676362,365.628032731406,165.668839067872,2798.28841446206,46.2570152676362
2022-01-30,643625,2070,484613,1502,159012,568,526139,1594,2746264,2479,3272403,4073,17,8453,-1053,67659,3106,567513,11,16177,8577,"East TN",2455501,1489.02403216289,0.455257725509821,165.872463501338,84.3005154548909,2755.40510877414,45.5257725509821
2022-01-31,647532,3907,487065,2452,160467,1455,528706,2567,2749197,2933,3277903,5500,68,8521,-2915,64744,6754,574267,23,16200,8601,"East TN",2455501,1375.64594760906,0.451985718395181,223.986876812512,159.11213231027,2636.6920640635,45.1985718395181
2022-02-01,652506,4974,490579,3514,161927,1460,532614,3908,2754456,5259,3287070,9167,28,8549,-4747,59997,9693,583960,27,16227,8622,"East TN",2455501,1345.83533054965,0.444126171058839,373.325036316418,202.565586411897,2443.37102693096,44.4126171058839
2022-02-02,657227,4721,494082,3503,163145,1218,536367,3753,2759357,4901,3295724,8654,21,8570,-4886,55111,9586,593546,20,16247,8644,"East TN",2455501,1301.73027826093,0.435301969777352,352.433169442814,192.262190078522,2244.38923054806,43.5301969777352
2022-02-03,666167,8940,496744,2662,169423,6278,539192,2825,2763710,4353,3302902,7178,26,8596,514,55625,8400,601946,20,16267,8659,"East TN",2455501,1370.18881279218,0.422837264421423,292.323236683675,364.080487037065,2265.32182230836,42.2837264421423
2022-02-04,669709,3542,499258,2514,170451,1028,541935,2743,2768301,4591,3310236,7334,12,8608,-2795,52830,6325,608271,10,16277,8677,"East TN",2455501,1312.23729902777,0.411445641065954,298.676319007811,144.247548667258,2151.49576400091,41.1445641065954
2022-02-05,671386,1677,500443,1185,170943,492,543267,1332,2770926,2625,3314193,3957,3,8611,-1682,51148,3356,611627,7,16284,8701,"East TN",2455501,1214.86409494437,0.408215773063254,161.148376644929,68.2956349844696,2082.99650458298,40.8215773063254
2022-02-06,672691,1305,501387,944,171304,361,544352,1085,2773578,2652,3317930,3737,1,8612,-1884,49264,3188,614815,18,16302,8717,"East TN",2455501,1183.70955662409,0.400048322973181,152.188901572429,53.1459771346051,2006.27081805302,40.0048322973181
2022-02-07,675502,2811,503201,1814,172301,997,546322,1970,2776465,2887,3322787,4857,50,8662,-5201,44063,7962,622777,19,16321,8734,"East TN",2455501,1139.07508080836,0.392478388735407,197.800774668795,114.47765649454,1794.46068236177,39.2478388735407
2022-02-08,678171,2669,504898,1697,173273,972,548208,1886,2779132,2667,3327340,4553,21,8683,-4561,39502,7209,629986,15,16336,8754,"East TN",2455501,1045.20421698057,0.387236155947355,185.420409114067,108.694722584108,1608.71447415415,38.7236155947355
2022-02-09,681085,2914,506968,2070,174117,844,550521,2313,2782803,3671,3333324,5984,26,8709,-2969,36533,5857,635843,9,16345,8773,"East TN",2455501,971.614346725984,0.376436170212766,243.697721972013,118.672319823938,1487.80228556209,37.6436170212766
2022-02-10,683599,2514,508742,1774,174857,740,552489,1968,2786012,3209,3338501,5177,28,8737,-2791,33742,5277,641120,6,16351,8790,"East TN",2455501,709.916224835583,0.373521728138431,210.832738410614,102.382365146665,1374.13912680141,37.3521728138431
2022-02-11,685901,2302,510483,1741,175418,561,554381,1892,2789377,3365,3343758,5257,31,8768,-1917,31825,4188,645308,9,16360,8797,"East TN",2455501,659.417365336035,0.371278563331543,214.090729346068,93.7486891677096,1296.06951901058,37.1278563331543
2022-02-12,686825,924,511161,678,175664,246,555153,772,2791880,2503,3347033,3275,3,8771,-1249,30576,2170,647478,3,16363,8800,"East TN",2455501,628.751525656068,0.361936662606577,133.374003920178,37.629795304502,1245.20413553079,36.1936662606577
