"DATE","TOTAL_CASES","NEW_CASES","TOTAL_CONFIRMED","NEW_CONFIRMED","TOTAL_PROBABLE","NEW_PROBABLE","POS_TESTS","NEW_POS_TESTS","NEG_TESTS","NEW_NEG_TESTS","TOTAL_TESTS","NEW_TESTS","NEW_DEATHS","TOTAL_DEATHS","NEW_ACTIVE","TOTAL_ACTIVE","NEW_INACTIVE_RECOVERED","TOTAL_INACTIVE_RECOVERED","NEW_HOSPITALIZED","TOTAL_HOSPITALIZED","TOTAL_DEATHS_BY_DOD","Region","Population","New_cases_per_100k_per_week","PositivityRate_per_week","Tests_per_100k","New_cases_per_100k","Active_cases_per_100k","PositivityPercentage_per_week"
2021-12-26,84190,62,66390,50,17800,12,72418,50,488348,426,560766,476,7,1061,-33,1458,88,81671,0,2213,1061,"Knox County",470313,NA,NA,101.209194727766,13.1827102376502,310.006314943453,NA
2021-12-25,84128,87,66340,63,17788,24,72368,71,487922,489,560290,560,1,1054,8,1491,78,81583,0,2213,1061,"Knox County",470313,NA,NA,119.069640856196,18.4983192044447,317.022918779621,NA
2021-12-24,84041,177,66277,119,17764,58,72297,139,487433,848,559730,987,0,1053,98,1483,79,81505,0,2213,1061,"Knox County",470313,NA,NA,209.860242009045,37.6345114849047,315.321923910247,NA
2021-12-23,83864,220,66158,153,17706,67,72158,166,486585,960,558743,1126,5,1053,117,1385,98,81426,1,2213,1061,"Knox County",470313,NA,NA,239.415027864422,46.7773589077912,294.484736760413,NA
2021-12-22,83644,177,66005,95,17639,82,71992,100,485625,814,557617,914,48,1048,14,1268,115,81328,5,2212,1061,"Knox County",470313,NA,NA,194.338663826005,37.6345114849047,269.607686795815,NA
2021-12-21,83467,176,65910,119,17557,57,71892,120,484811,912,556703,1032,3,1000,71,1254,102,81213,4,2207,1061,"Knox County",470313,NA,NA,219.428338149275,37.421887126233,266.63094577441,NA
2021-12-20,83291,113,65791,79,17500,34,71772,83,483899,623,555671,706,1,997,-5,1183,117,81111,3,2203,1059,"Knox County",470313,215.175850975839,0.125667988277883,150.112797222275,24.0265525299109,251.534616308714,12.5667988277883
2021-12-19,83178,69,65712,49,17466,20,71689,58,483276,557,554965,615,3,996,-19,1188,85,80994,5,2200,1058,"Knox County",470313,216.664221486542,0.124074074074074,130.763980583144,14.6710807483527,252.597738102072,12.4074074074074
2021-12-18,83109,88,65663,56,17446,32,71631,65,482719,660,554350,725,0,993,13,1207,75,80909,3,2195,1057,"Knox County",470313,216.876845845214,0.11973791973792,154.152660037039,18.7109435631165,256.637600916836,11.973791973792
2021-12-17,83021,119,65607,76,17414,43,71566,83,482059,1034,553625,1117,2,993,8,1194,109,80834,3,2192,1056,"Knox County",470313,204.544633042251,0.108259823576584,237.501408636376,25.3022986819416,253.873484254103,10.8259823576584
2021-12-16,82902,140,65531,106,17371,34,71483,108,481025,661,552508,769,2,991,36,1186,102,80725,3,2189,1054,"Knox County",470313,187.534684348508,0.104967676080299,163.508131818597,29.7674102140489,252.172489384729,10.4967676080299
2021-12-15,82762,158,65425,113,17337,45,71375,125,480364,841,551739,966,0,989,33,1150,125,80623,5,2186,1053,"Knox County",470313,183.494821533745,0.108263069139966,205.395130476938,33.5946486701409,244.518012472545,10.8263069139966
2021-12-14,82604,97,65312,57,17292,40,71250,63,479523,811,550773,874,3,989,-55,1117,149,80498,2,2181,1050,"Knox County",470313,166.697497198674,0.101351351351351,185.833689479134,20.6245627911625,237.501408636376,10.1351351351351
2021-12-13,82507,111,65255,72,17252,39,71187,79,478712,627,549899,706,4,986,-48,1172,155,80349,3,2179,1048,"Knox County",470313,166.272248481331,0.100658350658351,150.112797222275,23.6013038125674,249.195748363324,10.0658350658351
2021-12-12,82396,54,65183,30,17213,24,71108,40,478085,493,549193,533,6,982,-38,1220,86,80194,5,2176,1048,"Knox County",470313,163.082883101254,0.0989455184534271,113.328783172058,11.481715368276,259.401717579569,9.89455184534271
2021-12-11,82342,65,65153,45,17189,20,71068,51,477592,541,548660,592,0,976,-21,1258,86,80108,1,2171,1047,"Knox County",470313,158.192522851803,0.0987943134784956,125.873620333693,13.8205833136656,267.481443209097,9.87943134784956
2021-12-10,82277,84,65108,46,17169,38,71017,57,477051,856,548068,913,0,976,-14,1279,98,80022,3,2170,1044,"Knox County",470313,150.750670298291,0.0977022230524939,194.126039467333,17.8604461284294,271.946554741204,9.77022230524939
2021-12-09,82193,165,65062,95,17131,70,70960,107,476195,1017,547155,1124,3,976,102,1293,60,79924,2,2167,1043,"Knox County",470313,156.066279265085,0.0914505956552207,238.989779147079,35.0830191808434,274.923295762609,9.14505956552208
2021-12-08,82028,129,64967,62,17061,67,70853,65,475178,751,546031,816,0,973,31,1191,98,79864,7,2165,1042,"Knox County",470313,149.900172863604,0.0831234256926952,173.501476676171,27.4285422686594,253.235611178088,8.31234256926952
2021-12-07,81899,126,64905,68,16994,58,70788,76,474427,631,545215,707,2,973,17,1160,107,79766,2,2158,1041,"Knox County",470313,156.066279265085,0.0881098126507142,150.325421580947,26.790669192644,246.644256059263,8.81098126507142
2021-12-06,81773,148,64837,106,16936,42,70712,115,473796,759,544508,874,8,971,38,1143,102,79659,4,2156,1041,"Knox County",470313,163.933380535941,0.0919230077352042,185.833689479134,31.4684050834232,243.029641961842,9.19230077352042
2021-12-05,81625,43,64731,28,16894,15,70597,33,473037,342,543634,375,2,963,-21,1105,62,79557,1,2152,1038,"Knox County",470313,161.594512590551,0.093316052582855,79.7341345019168,9.14284742288646,234.949916332315,9.3316052582855
2021-12-04,81582,69,64703,49,16879,20,70564,55,472695,499,543259,554,0,961,15,1126,54,79495,3,2151,1038,"Knox County",470313,162.445010025239,0.0947231027410032,117.793894704165,14.6710807483527,239.415027864422,9.47231027410032
2021-12-03,81513,147,64654,103,16859,44,70509,108,472196,1009,542705,1117,3,961,62,1111,82,79441,2,2148,1037,"Knox County",470313,175.840344621561,0.100413148913239,237.501408636376,31.2557807247514,236.225662484346,10.0413148913239
2021-12-02,81366,133,64551,84,16815,49,70401,85,471187,794,541588,879,0,958,31,1049,102,79359,4,2146,1035,"Knox County",470313,169.036365144064,0.100901916572717,186.896811272493,28.2790397033465,223.042952246695,10.0901916572717
2021-12-01,81233,186,64467,141,16766,45,70316,147,470393,1009,540709,1156,4,958,92,1018,90,79257,7,2142,1033,"Knox County",470313,181.155953588355,0.109325326739668,245.793758624576,39.5481307129507,216.45159712787,10.9325326739668
2021-11-30,81047,116,64326,65,16721,51,70169,68,469384,693,539553,761,3,954,17,926,96,79167,6,2135,1032,"Knox County",470313,179.029710001637,0.106892932120364,161.807136949223,24.6644256059263,196.890156130067,10.6892932120364
2021-11-29,80931,165,64261,128,16670,37,70101,139,468691,967,538792,1106,2,951,75,909,88,79071,5,2129,1030,"Knox County",470313,182.644324099057,0.106758574310693,235.162540690987,35.0830191808434,193.275542032646,10.6758574310693
2021-11-28,80766,33,64133,22,16633,11,69962,22,467724,270,537686,292,3,949,-21,834,51,78983,5,2124,1029,"Knox County",470313,180.51808051234,0.106393861892583,62.0863127321592,7.01660383616868,177.328715132263,10.6393861892583
2021-11-27,80733,59,64111,30,16622,29,69940,32,467454,266,537394,298,0,946,-1,855,60,78932,1,2119,1028,"Knox County",470313,178.391836925622,0.107149224460688,63.3620588841899,12.5448371616349,181.79382666437,10.7149224460688
2021-11-26,80674,20,64081,18,16593,2,69908,20,467188,298,537096,318,0,946,-46,856,66,78872,4,2118,1026,"Knox County",470313,151.388543374306,0.106652806652807,67.6145460576254,4.25248717343556,182.006451023042,10.6652806652807
2021-11-25,80654,52,64063,26,16591,26,69888,29,466890,331,536778,360,0,946,-16,902,68,78806,3,2114,1026,"Knox County",470313,134.165970321892,0.106501980890235,76.5447691218401,11.0564666509325,191.787171521944,10.6501980890235
2021-11-24,80602,105,64037,66,16565,39,69859,73,466559,742,536418,815,0,946,19,918,86,78738,3,2111,1022,"Knox County",470313,116.943397269478,0.0969620253164557,173.288852317499,22.3255576605367,195.189161260692,9.69620253164557
2021-11-23,80497,99,63971,63,16526,36,69786,65,465817,674,535603,739,0,946,37,899,62,78652,2,2108,1018,"Knox County",470313,113.328783172058,0.0967413441955193,157.129401058444,21.049811508506,191.149298445929,9.67413441955193
2021-11-22,80398,107,63908,82,16490,25,69721,82,465143,740,534864,822,0,946,38,862,69,78590,3,2106,1018,"Knox County",470313,100.996570369095,0.0886388583973655,174.777222828202,22.7508063778803,183.282197175073,8.86388583973655
2021-11-21,80291,44,63826,32,16465,12,69639,37,464403,284,534042,321,0,946,-9,824,53,78521,2,2103,1018,"Knox County",470313,103.335438314484,0.0920228695888919,68.2524191336408,9.35547178155824,175.202471545545,9.20228695888919
2021-11-20,80247,54,63794,37,16453,17,69602,44,464119,537,533721,581,0,946,14,833,40,78468,1,2101,1016,"Knox County",470313,102.272316521125,0.0884732052578362,123.534752388303,11.481715368276,177.116090773591,8.84732052578362
2021-11-19,80193,112,63757,83,16436,29,69558,81,463582,825,533140,906,0,946,62,819,50,78428,0,2100,1016,"Knox County",470313,121.833757518929,0.0904489436619718,192.637668956631,23.8139281712392,174.139349752186,9.04489436619718
2021-11-18,80081,80,63674,43,16407,37,69477,49,462757,937,532234,986,3,946,18,757,59,78378,2,2100,1016,"Knox County",470313,127.787239561739,0.0833655705996132,209.647617650373,17.0099486937423,160.956639514536,8.33655705996132
2021-11-17,80001,105,63631,64,16370,41,69428,66,461820,834,531248,900,0,943,45,739,60,78319,1,2098,1016,"Knox County",470313,127.787239561739,0.0806850618458611,191.3619228046,22.3255576605367,157.129401058444,8.06850618458611
2021-11-16,79896,73,63567,50,16329,23,69362,67,460986,777,530348,844,0,943,8,694,65,78259,2,2097,1016,"Knox County",470313,122.259006236272,0.0794776119402985,179.454958718981,15.5215781830398,147.561304918214,7.94776119402985
2021-11-15,79823,84,63517,43,16306,41,69295,34,460209,460,529504,494,3,943,21,686,60,78194,0,2095,1014,"Knox County",470313,117.368645986822,0.0751192368839428,105.036433183858,17.8604461284294,145.86031004884,7.51192368839428
2021-11-14,79739,72,63474,62,16265,10,69261,68,459749,624,529010,692,0,940,16,665,56,78134,2,2095,1014,"Knox County",470313,123.322128029631,0.0756986859152323,147.13605620087,15.308953824368,141.395198516732,7.56986859152323
2021-11-13,79667,29,63412,12,16255,17,69193,12,459125,317,528318,329,0,940,-14,649,43,78078,2,2093,1012,"Knox County",470313,118.006519062837,0.0731896719083673,69.953414003015,6.16610640148157,137.993208777984,7.31896719083673
2021-11-12,79638,66,63400,49,16238,17,69181,51,458808,687,527989,738,0,940,17,663,49,78035,4,2091,1012,"Knox County",470313,108.225798563935,0.0696367650010034,156.916776699772,14.0332076723374,140.969949799389,6.96367650010034
2021-11-11,79572,68,63351,46,16221,22,69130,54,458121,962,527251,1016,0,940,-2,646,70,77986,0,2087,1011,"Knox County",470313,105.674306259874,0.0702174346698584,216.026348410527,14.4584563896809,137.355335701969,7.02174346698584
2021-11-10,79504,74,63305,50,16199,24,69076,69,457159,855,526235,924,1,940,6,648,67,77916,2,2087,1011,"Knox County",470313,99.0829511410486,0.0704784594004368,196.464907412723,15.7342025417116,137.780584419312,7.04784594004368
2021-11-09,79430,106,63255,76,16175,30,69007,134,456304,1174,525311,1308,1,939,33,642,72,77849,1,2085,1011,"Knox County",470313,106.099554977217,0.0767133248500273,278.112661142686,22.5381820192085,136.504838267282,7.67133248500273
2021-11-08,79324,78,63179,58,16145,20,68873,70,455130,687,524003,757,6,938,-10,609,82,77777,1,2084,1010,"Knox County",470313,104.823808825187,0.0794587092297016,160.956639514536,16.5846999763987,129.488234431113,7.94587092297016
2021-11-07,79246,31,63121,20,16125,11,68803,23,454443,390,523246,413,0,932,-20,619,51,77695,1,2083,1007,"Knox County",470313,96.1062101196437,0.0752962625341841,87.8138601314444,6.59135511882512,131.614478017831,7.52962625341841
2021-11-06,79215,41,63101,27,16114,14,68780,30,454053,453,522833,483,0,932,-2,639,43,77644,2,2082,1004,"Knox County",470313,98.6577024237051,0.0764319914878525,102.697565238469,8.7175987055429,135.866965191266,7.64319914878525
2021-11-05,79174,52,63074,32,16100,20,68750,36,453600,605,522350,641,0,932,-27,641,79,77601,2,2080,1003,"Knox County",470313,95.6809614023002,0.0750631540959942,136.29221390861,11.0564666509325,136.29221390861,7.50631540959942
2021-11-04,79122,68,63042,45,16080,23,68714,49,452995,668,521709,717,0,932,-1,668,69,77522,1,2078,1003,"Knox County",470313,95.6809614023002,0.0783902345985123,152.451665167665,14.4584563896809,142.033071592748,7.83902345985123
2021-11-03,79054,80,62997,60,16057,20,68665,66,452327,969,520992,1035,0,932,-1,669,81,77453,2,2077,1002,"Knox County",470313,96.9567075543308,0.0762047067613,220.06621122529,17.0099486937423,142.24569595142,7.62047067613
2021-11-02,78974,41,62937,19,16037,22,68599,22,451358,301,519957,323,4,932,-52,670,89,77372,1,2075,1000,"Knox County",470313,83.1361242406653,0.0677500572213321,68.6776678509843,8.7175987055429,142.458320310091,6.77500572213321
2021-11-01,78933,95,62918,71,16015,24,68577,83,451057,661,519634,744,1,928,-19,722,113,77283,3,2074,998,"Knox County",470313,86.7507383380855,0.0709366391184573,158.192522851803,20.1993140738189,153.514786961024,7.09366391184573
2021-10-31,78838,26,62847,19,15991,7,68494,19,450396,278,518890,297,0,927,-43,741,69,77170,1,2071,997,"Knox County",470313,85.6876165447266,0.0719339622641509,63.1494345255181,5.52823332546623,157.554649775788,7.19339622641509
2021-10-30,78812,56,62828,40,15984,16,68475,43,450118,522,518593,565,0,927,-23,784,79,77101,4,2070,996,"Knox County",470313,88.8769819248033,0.0735770476631189,120.132762649555,11.9069640856196,166.697497198674,7.35770476631189
2021-10-29,78756,73,62788,59,15968,14,68432,66,449596,846,518028,912,1,927,-37,807,109,77022,1,2066,996,"Knox County",470313,93.3420934569106,0.0757674722403658,193.913415108662,15.5215781830398,171.587857448125,7.57674722403658
2021-10-28,78683,54,62729,32,15954,22,68366,39,448750,561,517116,600,4,926,-52,844,102,76913,3,2065,995,"Knox County",470313,90.3653524355057,0.0755138516532618,127.574615203067,11.481715368276,179.454958718981,7.55138516532618
2021-10-27,78629,88,62697,56,15932,32,68327,65,448189,759,516516,824,1,922,-32,896,119,76811,3,2062,993,"Knox County",470313,92.0663473048799,0.0790152403282532,175.202471545545,18.7109435631165,190.511425369913,7.90152403282532
2021-10-26,78541,97,62641,57,15900,40,68262,55,447430,554,515692,609,0,921,-18,928,115,76692,5,2059,990,"Knox County",470313,103.9733113905,0.0813008130081301,129.488234431113,20.6245627911625,197.31540484741,8.13008130081301
2021-10-25,78444,71,62584,47,15860,24,68207,54,446876,491,515083,545,6,921,-73,946,138,76577,3,2054,988,"Knox County",470313,98.8703267823768,0.0783547794117647,115.880275476119,15.0963294656962,201.142643303502,7.83547794117647
2021-10-24,78373,38,62537,20,15836,18,68153,23,446385,337,514538,360,1,915,-72,1019,109,76439,5,2051,987,"Knox County",470313,101.421819086438,0.0781426953567384,76.5447691218401,8.07972562952757,216.664221486542,7.81426953567384
2021-10-23,78335,59,62517,40,15818,19,68130,42,446048,471,514178,513,0,914,-14,1091,73,76330,1,2046,984,"Knox County",470313,102.059692162454,0.0788448315379326,109.076295998622,12.5448371616349,231.97317531091,7.88448315379326
2021-10-22,78276,90,62477,53,15799,37,68088,55,445577,551,513665,606,0,914,-69,1105,159,76257,2,2045,982,"Knox County",470313,105.674306259874,0.0820803549420754,128.850361355098,19.13619228046,234.949916332315,8.20803549420754
2021-10-21,78186,124,62424,71,15762,53,68033,78,445026,712,513059,790,3,914,-22,1174,143,76098,2,2043,980,"Knox County",470313,120.558011366898,0.0875912408759124,167.973243350705,26.3654204753005,249.620997080668,8.75912408759124
2021-10-20,78062,149,62353,83,15709,66,67955,90,444314,959,512269,1049,3,911,-47,1196,193,75955,3,2041,978,"Knox County",470313,133.528097245877,0.0887745974955277,223.042952246695,31.6810294420949,254.298732971447,8.87745974955277
2021-10-19,77913,131,62270,85,15643,46,67865,92,443355,724,511220,816,4,908,-40,1243,167,75762,4,2038,976,"Knox County",470313,140.757325440717,0.0927548621500321,173.501476676171,27.8537909860029,264.29207782902,9.27548621500321
2021-10-18,77782,121,62185,90,15597,31,67773,106,442631,607,510404,713,9,904,-74,1283,186,75595,8,2034,974,"Knox County",470313,151.388543374306,0.100268207138436,151.601167732978,25.7275473992852,272.797052175891,10.0268207138436
2021-10-17,77661,63,62095,56,15566,7,67667,60,442024,303,509691,363,1,895,-65,1357,127,75409,4,2026,971,"Knox County",470313,156.7041523411,0.107835051546392,77.1826421978555,13.395334596322,288.531254717603,10.7835051546392
2021-10-16,77598,55,62039,41,15559,14,67607,44,441721,372,509328,416,0,894,-83,1422,138,75282,1,2022,969,"Knox County",470313,155.853654906413,0.110456553755523,88.4517332074597,11.6943397269478,302.351838031269,11.0456553755523
2021-10-15,77543,125,61998,88,15545,37,67563,101,441349,794,508912,895,9,894,-68,1505,184,75144,5,2021,965,"Knox County",470313,163.295507459926,0.113248710829036,190.298801011241,26.5780448339723,319.999659801026,11.3248710829036
2021-10-14,77418,192,61910,134,15508,58,67462,145,440555,699,508017,844,0,885,9,1573,183,74960,7,2016,963,"Knox County",470313,177.753963849607,0.125196232339089,179.454958718981,40.8238768649814,334.458116190707,12.5196232339089
2021-10-13,77226,121,61776,87,15450,34,67317,99,439856,764,507173,863,7,885,-78,1564,192,74777,5,2009,958,"Knox County",470313,171.800481806797,0.131771894093686,183.494821533745,25.7275473992852,332.544496962661,13.1771894093686
2021-10-12,77105,136,61689,104,15416,32,67218,109,439092,821,506310,930,4,878,-81,1642,213,74585,3,2004,957,"Knox County",470313,172.863603600156,0.132165605095541,197.740653564754,28.9169127793618,349.12919693906,13.2165605095541
2021-10-11,76969,194,61585,136,15384,58,67109,149,438271,581,505380,730,3,874,-87,1723,278,74372,12,2001,950,"Knox County",470313,188.385181783195,0.140249950406665,155.215781830398,41.249125582325,366.351769991474,14.0249950406665
2021-10-10,76775,54,61449,41,15326,13,66960,51,437690,489,504650,540,0,871,-89,1810,143,74094,4,1989,949,"Knox County",470313,186.471562555149,0.133767727098505,114.81715368276,11.481715368276,384.850089195918,13.3767727098505
2021-10-09,76721,66,61408,37,15313,29,66909,48,437201,490,504110,538,0,871,-66,1899,132,73951,7,1985,947,"Knox County",470313,188.810430500539,0.131460674157303,114.391904965417,14.0332076723374,403.773657117707,13.1460674157303
2021-10-08,76655,289,61371,113,15284,176,66861,123,436711,936,503572,1059,-1,871,76,1965,214,73819,5,1978,943,"Knox County",470313,223.680825322711,0.131540697674419,225.169195833413,61.4484396561439,417.806864790044,13.1540697674419
2021-10-07,76366,259,61258,170,15108,89,66738,176,435775,1106,502513,1282,6,872,-10,1889,263,73605,9,1973,939,"Knox County",470313,237.92665735372,0.127061595422417,272.58442781722,55.0697088959905,401.647413530989,12.7061595422417
2021-10-06,76107,139,61088,103,15019,36,66562,112,434669,835,501231,947,1,866,-120,1899,258,73342,4,1964,938,"Knox County",470313,241.753895809812,0.12744772651842,201.355267662174,29.5547858553772,403.773657117707,12.744772651842
2021-10-05,75968,210,60985,118,14983,92,66450,138,433834,915,500284,1053,3,865,-71,2019,278,73084,4,1960,933,"Knox County",470313,257.488098351523,0.129614571475037,223.893449681382,44.6511153210734,429.28858015832,12.9614571475037
2021-10-04,75758,317,60867,225,14891,92,66312,246,432919,829,499231,1075,3,862,-13,2090,327,72806,4,1956,929,"Knox County",470313,283.640894468152,0.137665537419156,228.571185572162,67.4019216989537,444.384909624016,13.7665537419156
2021-10-03,75441,102,60642,93,14799,9,66066,107,432090,678,498156,785,1,859,-67,2103,168,72479,6,1952,928,"Knox County",470313,293.846863684397,0.140970470396201,166.910121557346,21.6876845845214,447.14902628675,14.0970470396201
2021-10-02,75339,67,60549,43,14790,24,65959,50,431412,472,497371,522,5,858,-144,2170,206,72311,2,1946,927,"Knox County",470313,294.059488043069,0.141603450840399,110.989915226668,14.2458320310091,461.394858317759,14.1603450840399
2021-10-01,75272,225,60506,151,14766,74,65909,167,430940,965,496849,1132,0,853,-76,2314,301,72105,9,1944,923,"Knox County",470313,280.451529088075,0.146556798116539,240.690774016453,47.8404807011501,492.012765966495,14.6556798116539
2021-09-30,75047,240,60355,166,14692,74,65742,186,429975,1104,495717,1290,1,853,-112,2390,351,71804,8,1935,920,"Knox County",470313,276.411666273312,0.147854203409759,274.285422686594,51.0298460812268,508.17221722555,14.7854203409759
2021-09-29,74807,361,60189,170,14618,191,65556,192,428871,1111,494427,1303,6,852,-98,2502,453,71453,7,1927,918,"Knox County",470313,323.614273898446,0.151675977653631,277.049539349327,76.7573934805119,531.986145396789,15.1675977653631
2021-09-28,74446,348,60019,248,14427,100,65364,270,427760,778,493124,1048,2,846,-75,2600,421,71000,1,1920,915,"Knox County",470313,352.956435395152,0.170230607966457,222.830327888024,73.9932768177788,552.823332546623,17.0230607966457
2021-09-27,74098,239,59771,162,14327,77,65094,186,426982,760,492076,946,7,844,-303,2675,535,70579,12,1919,913,"Knox County",470313,336.371735418753,0.164816396242528,201.142643303502,50.817221722555,568.770159447007,16.4816396242528
2021-09-26,73859,124,59609,99,14250,25,64908,117,426222,703,491130,820,2,837,-143,2978,265,70044,1,1907,907,"Knox County",470313,341.049471309532,0.165415663503753,174.351974110858,26.3654204753005,633.195340124555,16.5415663503753
2021-09-25,73735,110,59510,90,14225,20,64791,102,425519,705,490310,807,0,835,-178,3121,288,69779,3,1906,902,"Knox County",470313,350.192318732419,0.166076776476994,171.587857448125,23.3886794538956,663.60062341462,16.6076776476994
2021-09-24,73625,244,59420,165,14205,79,64689,182,424814,939,489503,1121,13,835,-234,3299,465,69491,5,1903,895,"Knox County",470313,354.232181547182,0.168370824812543,238.351906071063,51.8803435159139,701.447759258196,16.8370824812543
2021-09-23,73381,355,59255,245,14126,110,64507,268,423875,1371,488382,1639,14,822,-220,3533,561,69026,8,1898,892,"Knox County",470313,378.683982794437,0.171395106715252,348.491323863044,75.4816473284812,751.201859187392,17.1395106715252
2021-09-22,73026,251,59010,187,14016,64,64239,202,422504,1261,486743,1463,3,808,-329,3753,577,68465,4,1890,889,"Knox County",470313,355.295303340541,0.169173890872004,311.069436736811,53.3687140266163,797.979218095183,16.9173890872004
2021-09-21,72775,397,58823,216,13952,181,64037,230,421243,996,485280,1226,10,805,-351,4082,738,67888,7,1886,880,"Knox County",470313,365.713896915458,0.160433807030666,260.6774637316,84.4118703926959,867.932632098198,16.0433807030666
2021-09-20,72378,432,58607,310,13771,122,63807,343,420247,1295,484054,1638,5,795,114,4433,313,67150,9,1879,876,"Knox County",470313,406.750398139112,0.165710351159054,348.278699504373,91.8537229462082,942.563781991993,16.5710351159054
2021-09-19,71946,120,58297,87,13649,33,63464,97,418952,432,482416,529,1,790,-176,4319,295,66837,7,1870,869,"Knox County",470313,405.899900704425,0.169060904665796,112.478285737371,25.5149230406134,918.32460510341,16.9060904665796
2021-09-18,71826,226,58210,183,13616,43,63367,197,418520,1075,481887,1272,0,789,-107,4495,333,66542,7,1863,861,"Knox County",470313,430.564326310351,0.170904590459046,270.458184230502,48.0531050598219,955.746492229643,17.0904590459046
2021-09-17,71600,547,58027,422,13573,125,63170,449,417445,1310,480615,1759,5,789,5,4602,537,66209,12,1856,847,"Knox County",470313,494.9895069879,0.187486878018056,374.006246903658,116.305524193463,978.497298607523,18.7486878018056
2021-09-16,71053,588,57605,456,13448,132,62721,487,416135,1518,478856,2005,7,784,10,4597,571,65672,16,1844,842,"Knox County",470313,544.530982558424,0.202689041649818,426.311839136915,125.023122899006,977.434176814164,20.2689041649818
2021-09-15,70465,338,57149,249,13316,89,62234,267,414617,808,476851,1075,6,777,-309,4587,641,65101,5,1828,839,"Knox County",470313,563.029301762869,0.21780303030303,228.571185572162,71.867033231061,975.307933227446,21.780303030303
2021-09-14,70127,556,56900,443,13227,113,61967,476,413809,1406,475776,1882,12,771,-158,4896,702,64460,8,1823,835,"Knox County",470313,596.836574791681,0.227952755905512,400.159043020287,118.219143421509,1041.00886005703,22.7952755905512
2021-09-13,69571,399,56457,299,13114,100,61491,333,412403,1134,473894,1467,20,759,-436,5054,815,63758,15,1815,832,"Knox County",470313,589.819970955513,0.230853939333267,311.919934171499,84.8371191100395,1074.60350872717,23.0853939333267
2021-09-12,69172,387,56158,358,13014,29,61158,376,411269,1460,472427,1836,0,739,79,5490,308,62943,5,1800,823,"Knox County",470313,646.590674720877,0.228842067988669,390.378322521385,82.2856268059781,1167.30772910806,22.8842067988669
2021-09-11,68785,866,55800,707,12985,159,60782,763,409809,2621,470591,3384,4,739,500,5411,362,62635,26,1795,815,"Knox County",470313,782.670264270815,0.235008949880668,719.520829745297,184.13269460976,1150.51040477299,23.5008949880668
2021-09-10,67919,1023,55093,745,12826,278,60019,800,407188,2513,467207,3313,1,735,478,4911,544,62273,24,1769,805,"Knox County",470313,883.879458998582,0.234059617698169,704.424500279601,217.514718921229,1044.1982254371,23.4059617698169
2021-09-09,66896,310,54348,167,12548,143,59219,173,404675,685,463894,858,1,734,-370,4433,679,61729,18,1745,798,"Knox County",470313,824.769887287827,0.230763662685487,182.431699740386,65.9135511882512,942.563781991993,23.0763662685487
2021-09-08,66586,290,54181,226,12405,64,59046,250,403990,837,463036,1087,5,733,-406,4803,691,61050,11,1727,793,"Knox County",470313,814.563918071582,0.229333911911478,231.122677876223,61.6610640148157,1021.23479470055,22.9333911911478
2021-09-07,66296,415,53955,299,12341,116,58796,311,403153,979,461949,1290,3,728,-220,5209,632,60359,13,1716,787,"Knox County",470313,784.583883498861,0.227125047223272,274.285422686594,88.2391088487879,1107.56028432129,22.7125047223272
2021-09-06,65881,991,53656,791,12225,200,58485,844,402174,3221,460659,4065,1,725,341,5429,649,59727,20,1703,786,"Knox County",470313,910.457503832554,0.222130992231415,864.318018000778,210.710739443732,1154.33764322908,22.2130992231415
2021-09-05,64890,969,52865,799,12025,170,57641,834,398953,2999,456594,3833,2,724,623,5088,344,59078,15,1683,783,"Knox County",470313,1034.20488057953,0.222938867077958,814.989166788926,206.033003552953,1081.83273692201,22.2938867077958
2021-09-04,63921,543,52066,389,11855,154,56807,408,395954,1502,452761,1910,2,722,224,4465,317,58734,10,1668,778,"Knox County",470313,965.527212728545,0.221325507459036,406.112525063096,115.455026758776,949.367761469489,22.1325507459036
2021-09-03,63378,334,51677,238,11701,96,56399,249,394452,909,450851,1158,5,720,-155,4241,484,58417,8,1658,774,"Knox County",470313,819.029029603689,0.216111541440744,246.219007341919,71.0165357963739,901.739905127011,21.6111541440744
2021-09-02,63044,323,51439,180,11605,143,56150,200,393543,681,449693,881,3,715,-158,4396,478,57933,5,1650,769,"Knox County",470313,821.793146266423,0.217660292463442,187.322059989837,68.6776678509843,934.696680721137,21.7660292463442
2021-09-01,62721,276,51259,211,11462,65,55950,226,392862,645,448812,871,3,712,-118,4554,391,57455,2,1645,766,"Knox County",470313,818.816405245018,0.219303255282696,185.195816403119,58.6843229934108,968.291329391278,21.9303255282696
2021-08-31,62445,595,51048,433,11397,162,55724,479,392217,1894,447941,2373,2,709,191,4672,402,57064,8,1643,764,"Knox County",470313,857.088789805938,0.214697501822278,504.55760312813,126.511493409708,993.381003714548,21.4697501822278
2021-08-30,61850,513,50615,403,11235,110,55245,430,390323,1630,445568,2060,9,707,95,4481,409,56662,12,1635,760,"Knox County",470313,755.454346360828,0.21595598349381,438.006178863863,109.076295998622,952.769751208238,21.595598349381
2021-08-29,61337,483,50212,407,11125,76,54815,439,388693,1485,443508,1924,1,698,255,4386,227,56253,5,1623,754,"Knox County",470313,652.118908046344,0.217500223673615,409.089266084501,102.697565238469,932.570437134419,21.7500223673615
2021-08-28,60854,397,49805,301,11049,96,54376,320,387208,1065,441584,1385,0,697,191,4131,206,56026,4,1618,747,"Knox County",470313,621.075751680264,0.219958693203154,294.484736760413,84.4118703926959,878.351225673116,21.9958693203154
2021-08-27,60457,472,49504,373,10953,99,54056,390,386143,1166,440199,1556,5,697,195,3940,272,55820,5,1614,744,"Knox County",470313,650.417913176969,0.224796380090498,330.843502093287,100.358697293079,837.739973166806,22.4796380090498
2021-08-26,59985,449,49131,347,10854,102,53666,368,384977,1426,438643,1794,5,692,154,3745,290,55548,0,1609,743,"Knox County",470313,677.208582369613,0.221683524199615,381.44809945717,95.4683370436284,796.278223225809,22.1683524199615
2021-08-25,59536,351,48784,224,10752,127,53298,238,383551,642,436849,880,2,687,91,3591,258,55258,4,1609,738,"Knox County",470313,693.155409269997,0.222519211493485,187.109435631165,74.6311498937941,763.534071990355,22.2519211493485
2021-08-24,59185,342,48560,222,10625,120,53060,237,382909,677,435969,914,4,685,76,3500,262,55000,5,1605,728,"Knox County",470313,639.361446526037,0.230381432512128,194.338663826005,72.7175306657481,744.185255351224,23.0381432512128
2021-08-23,58843,287,48338,206,10505,81,52823,227,382232,825,435055,1052,1,681,30,3424,256,54738,1,1600,728,"Knox County",470313,591.308341466215,0.233456075749605,223.680825322711,61.0231909388003,728.025804092168,23.3456075749605
2021-08-22,58556,240,48132,217,10424,23,52596,233,381407,889,434003,1122,2,680,70,3394,168,54482,0,1599,724,"Knox County",470313,539.640622308973,0.231299551878663,238.564530429735,51.0298460812268,721.647073332015,23.1299551878663
2021-08-21,58316,496,47915,373,10401,123,52363,411,380518,1905,432881,2316,0,678,381,3324,115,54314,8,1599,722,"Knox County",470313,560.690433817479,0.218393190782645,492.438014683838,105.461681901202,706.763368224991,21.8393190782645
2021-08-20,57820,424,47542,331,10278,93,51952,357,378613,1148,430565,1505,0,678,231,2943,193,54199,6,1591,719,"Knox County",470313,550.484464601234,0.216111864760513,319.999659801026,90.1527280768339,625.753487571043,21.6111864760513
2021-08-19,57396,368,47211,253,10185,115,51595,264,377465,952,429060,1216,1,678,204,2712,163,54006,6,1585,716,"Knox County",470313,533.26189154882,0.218434203220433,258.551220144882,78.2457639912144,576.637260717862,21.8434203220433
2021-08-18,57028,263,46958,191,10070,72,51331,200,376513,914,427844,1114,2,677,97,2508,164,53843,5,1579,716,"Knox County",470313,514.550947985703,0.208788829959952,236.863535560361,55.9202063306777,533.26189154882,20.8788829959952
2021-08-17,56765,263,46767,180,9998,83,51131,197,375599,1042,426730,1239,0,675,102,2411,161,53679,5,1574,716,"Knox County",470313,497.753623650633,0.197511501463823,263.441580394333,55.9202063306777,512.637328757657,19.7511501463823
2021-08-16,56502,185,46587,126,9915,59,50934,132,374557,422,425491,554,2,675,-25,2309,208,53518,5,1569,713,"Knox County",470313,476.065939066111,0.197882197220384,117.793894704165,39.335506354279,490.949644173136,19.7882197220384
2021-08-15,56317,204,46461,181,9856,23,50802,198,374135,953,424937,1151,3,673,80,2334,121,53310,6,1564,713,"Knox County",470313,468.411462153927,0.193402968664101,244.730636831217,43.3753691690427,496.26525313993,19.3402968664101
2021-08-14,56113,219,46280,147,9833,72,50604,154,373182,794,423786,948,0,670,96,2254,123,53189,4,1558,712,"Knox County",470313,409.514514801845,0.194383331176394,201.567892020846,46.5647345491194,479.255304446188,19.4383331176394
2021-08-13,55894,266,46133,205,9761,61,50450,220,372388,1470,422838,1690,1,670,124,2158,141,53066,5,1554,710,"Knox County",470313,375.919866131704,0.172522750252781,359.335166155305,56.558079406693,458.843366013697,17.2522750252781
2021-08-12,55628,222,45928,145,9700,77,50230,153,370918,643,421148,796,2,669,82,2034,138,52925,8,1549,707,"Knox County",470313,344.876709765624,0.167378537106247,169.248989502735,47.2026076251348,432.477945538397,16.7378537106247
2021-08-11,55406,316,45783,238,9623,78,50077,248,370275,989,420352,1237,1,667,183,1952,132,52787,10,1541,705,"Knox County",470313,356.145800775228,0.170978332239002,263.01633167699,67.1892973402819,415.042748127311,17.0978332239002
2021-08-10,55090,173,45545,109,9545,64,49829,121,369286,621,419115,742,1,666,56,1769,116,52655,2,1531,702,"Knox County",470313,337.009608494768,0.172239393087946,157.767274134459,36.7840140502176,376.132490490376,17.2239393087946
2021-08-09,54917,197,45436,159,9481,38,49708,167,368665,753,418373,920,1,665,75,1713,121,52539,4,1529,698,"Knox County",470313,339.56110079883,0.168492784607162,195.614409978036,41.8869986583403,364.225526404756,16.8492784607162
2021-08-08,54720,88,45277,66,9443,22,49541,75,367912,418,417453,493,1,664,22,1638,65,52418,4,1525,697,"Knox County",470313,314.896675192903,0.166715499560504,104.823808825187,18.7109435631165,348.278699504373,16.6715499560504
2021-08-07,54632,105,45211,75,9421,30,49466,80,367494,638,416960,718,0,663,44,1616,61,52353,2,1521,697,"Knox County",470313,290.657498304321,0.161309884778654,152.664289526337,22.3255576605367,343.600963613593,16.1309884778654
2021-08-06,54527,203,45136,147,9391,56,49386,163,366856,879,416242,1042,0,663,139,1572,64,52292,11,1519,697,"Knox County",470313,277.262163707999,0.169300605245461,221.554581735993,43.162744810371,334.245491832035,16.9300605245461
2021-08-05,54324,174,44989,131,9335,43,49223,147,365977,850,415200,997,2,663,102,1433,70,52228,4,1508,696,"Knox County",470313,267.056194491753,0.162790697674419,211.986485595763,36.9966384088894,304.690705976658,16.2790697674419
2021-08-04,54150,144,44858,101,9292,43,49076,105,365127,656,414203,761,1,661,70,1331,73,52158,4,1504,694,"Knox County",470313,230.484804800208,0.151242728714966,161.807136949223,30.6179076487361,283.003021392137,15.1242728714966
2021-08-03,54006,238,44757,177,9249,61,48971,183,364471,814,413442,997,0,660,161,1261,77,52085,5,1500,693,"Knox County",470313,244.305388113873,0.155195681511471,211.986485595763,50.6045973638832,268.119316285112,15.5195681511471
2021-08-02,53768,97,44580,75,9188,22,48788,82,363657,532,412445,614,2,660,-3,1100,98,52008,3,1495,690,"Knox County",470313,223.042952246695,0.148523657061544,130.551356224472,20.6245627911625,233.886794538956,14.8523657061544
2021-08-01,53671,107,44505,91,9166,16,48706,99,363125,526,411831,625,0,658,63,1103,44,51910,2,1492,690,"Knox County",470313,227.082815061459,0.14928745220716,132.890224169861,22.7508063778803,234.524667614971,14.928745220716
2021-07-31,53564,104,44414,64,9150,40,48607,68,362599,399,411206,467,1,658,46,1040,57,51866,6,1490,688,"Knox County",470313,226.870190702787,0.153916045793204,99.2955754997204,22.1129333018649,221.129333018649,15.3916045793204
2021-07-30,53460,118,44350,83,9110,35,48539,90,362200,339,410739,429,1,657,79,994,38,51809,0,1484,688,"Knox County",470313,208.797120215686,0.158282208588957,91.2158498701928,25.0896743232698,211.348612519747,15.8282208588957
2021-07-29,53342,117,44267,65,9075,52,48449,68,361861,483,410310,551,0,656,82,915,35,51771,1,1484,687,"Knox County",470313,196.677531771395,0.156390639063906,117.15602162815,24.877049964598,194.551288184677,15.6390639063906
2021-07-28,53225,131,44202,90,9023,41,48381,95,361378,536,409759,631,0,656,80,833,51,51736,4,1483,686,"Knox County",470313,193.913415108662,0.15878535002318,134.165970321892,27.8537909860029,177.116090773591,15.878535002318
2021-07-27,53094,117,44112,78,8982,39,48286,84,360842,499,409128,583,0,656,85,753,32,51685,4,1479,686,"Knox County",470313,168.185867709377,0.15025641025641,123.960001105647,24.877049964598,160.106142079849,15.025641025641
2021-07-26,52977,97,44034,73,8943,24,48202,79,360343,371,408545,450,1,656,61,668,35,51653,4,1475,686,"Knox County",470313,168.185867709377,0.156049250535332,95.6809614023002,20.6245627911625,142.033071592748,15.6049250535332
2021-07-25,52880,51,43961,43,8919,8,48123,44,359972,320,408095,364,3,655,22,607,26,51618,5,1471,686,"Knox County",470313,156.278903623757,0.151942446043165,77.3952665565272,10.8438422922607,129.062985713769,15.1942446043165
2021-07-24,52829,64,43918,42,8911,22,48079,44,359652,348,407731,392,0,652,39,585,25,51592,1,1466,685,"Knox County",470313,147.773929276886,0.148235294117647,83.348748599337,13.6079589549938,124.38524982299,14.8235294117647
2021-07-23,52765,56,43876,31,8889,25,48035,32,359304,321,407339,353,1,652,24,546,31,51567,3,1465,683,"Knox County",470313,134.591219039236,0.134175691937425,75.0563986111377,11.9069640856196,116.092899834791,13.4175691937425
2021-07-22,52709,94,43845,69,8864,25,48003,78,358983,474,406986,552,0,651,70,522,24,51536,3,1462,682,"Knox County",470313,129.700858789785,0.137142857142857,117.368645986822,19.9866897151471,110.989915226668,13.7142857142857
2021-07-21,52615,61,43776,47,8839,14,47925,46,358509,411,406434,457,1,651,33,452,27,51512,1,1459,682,"Knox County",470313,114.81715368276,0.129165344335132,97.1693319130026,12.9700858789785,96.1062101196437,12.9165344335132
2021-07-20,52554,78,43729,43,8825,35,47879,45,358098,299,405977,344,0,650,54,419,24,51485,3,1458,682,"Knox County",470313,106.524803694561,0.126373626373626,73.1427793830917,16.5846999763987,89.089606283475,12.6373626373626
2021-07-19,52476,48,43686,36,8790,12,47834,42,357799,348,405633,390,0,650,28,365,20,51461,0,1455,682,"Knox County",470313,96.1062101196437,0.116058906030856,82.9234998819935,10.2059692162454,77.607890915199,11.6058906030856
2021-07-18,52428,36,43650,30,8778,6,47792,31,357451,272,405243,303,0,650,27,337,9,51441,1,1455,682,"Knox County",470313,92.9168447395671,0.113937656753852,64.4251806775488,7.65447691218401,71.6544088723892,11.3937656753852
2021-07-17,52392,27,43620,20,8772,7,47761,21,357179,202,404940,223,0,650,12,310,15,51432,1,1454,681,"Knox County",470313,85.0497434687113,0.112509534706331,47.4152319838065,5.74085768413801,65.9135511882512,11.2509534706331
2021-07-16,52365,37,43600,21,8765,16,47740,22,356977,291,404717,313,0,650,25,298,12,51417,1,1453,681,"Knox County",470313,81.0098806539475,0.110379550735864,66.5514242642666,7.86710127085579,63.3620588841899,11.0379550735864
2021-07-15,52328,55,43579,42,8749,13,47718,44,356686,364,404404,408,-1,650,36,273,20,51405,1,1452,681,"Knox County",470313,72.7175306657481,0.102953240360952,86.7507383380855,11.6943397269478,58.0464499173954,10.2953240360952
2021-07-14,52273,21,43537,17,8736,4,47674,16,356322,269,403996,285,0,651,8,237,13,51385,2,1451,681,"Knox County",470313,64.212556318877,0.0975286849073257,60.5979422214568,4.46511153210734,50.3919730052114,9.75286849073257
2021-07-13,52252,42,43520,26,8732,16,47658,29,356053,355,403711,384,3,651,28,229,11,51372,3,1449,681,"Knox County",470313,56.558079406693,0.0888985255854293,81.6477537299628,8.93022306421468,48.6909781358372,8.88985255854293
2021-07-12,52210,27,43494,21,8716,6,47629,24,355698,270,403327,294,0,648,16,201,11,51361,1,1446,681,"Knox County",470313,52.0929678745856,0.0846153846153846,62.5115614495028,5.74085768413801,42.7374960930274,8.46153846153846
2021-07-11,52183,8,43473,3,8710,5,47605,4,355428,136,403033,140,0,648,1,185,7,51350,0,1445,680,"Knox County",470313,46.1394858317759,0.0781631656082071,29.7674102140489,1.70099486937423,39.335506354279,7.81631656082071
2021-07-10,52175,20,43470,16,8705,4,47601,16,355292,191,402893,207,0,648,12,184,8,51343,2,1445,680,"Knox County",470313,44.6511153210734,0.0763170851797144,44.0132422450581,4.25248717343556,39.1228819956072,7.63170851797144
2021-07-09,52155,27,43454,21,8701,6,47585,21,355101,338,402686,359,0,648,12,172,15,51335,0,1443,680,"Knox County",470313,42.5248717343556,0.0741454020221473,76.3321447631684,5.74085768413801,36.5713896915458,7.41454020221473
2021-07-08,52128,19,43433,14,8695,5,47564,16,354763,317,402327,333,0,648,6,160,13,51320,0,1443,679,"Knox County",470313,34.8703948221716,0.0629370629370629,70.8039114377021,4.03986281476378,34.0198973874845,6.29370629370629
2021-07-07,52109,18,43419,5,8690,13,47548,5,354446,333,401994,338,1,648,8,154,9,51307,1,1443,677,"Knox County",470313,34.2325217461563,0.0559610705596107,71.867033231061,3.82723845609201,32.7441512354538,5.59610705596107
2021-07-06,52091,24,43414,9,8677,15,47543,14,354113,263,401656,277,0,647,14,146,10,51298,2,1442,677,"Knox County",470313,30.4052832900643,0.0513347022587269,58.8969473520825,5.10298460812268,31.0431563660796,5.13347022587269
2021-07-05,52067,10,43405,7,8662,3,47529,6,353850,105,401379,111,0,647,0,132,10,51288,1,1440,677,"Knox County",470313,26.790669192644,0.0464589235127479,23.6013038125674,2.12624358671778,28.0664153446747,4.64589235127479
2021-07-04,52057,8,43398,7,8659,1,47523,7,353745,143,401268,150,0,647,0,132,8,51278,1,1439,677,"Knox County",470313,26.790669192644,0.047887323943662,31.8936538007667,1.70099486937423,28.0664153446747,4.7887323943662
2021-07-03,52049,9,43391,7,8658,2,47516,7,353602,185,401118,192,0,647,-2,132,11,51270,1,1438,677,"Knox County",470313,24.4518012472545,0.0431818181818182,40.8238768649814,1.913619228046,28.0664153446747,4.31818181818182
2021-07-02,52040,17,43384,13,8656,4,47509,17,353417,342,400926,359,-1,647,11,134,7,51259,0,1437,677,"Knox County",470313,22.3255576605367,0.0409090909090909,76.3321447631684,3.61461409742023,28.4916640620183,4.09090909090909
2021-07-01,52023,18,43371,15,8652,3,47492,17,353075,248,400567,265,-1,648,13,123,6,51252,1,1437,677,"Knox County",470313,22.1129333018649,0.0431442080378251,56.3454550480212,3.82723845609201,26.1527961166287,4.31442080378251
2021-06-30,52005,18,43356,12,8649,6,47475,11,352827,299,400302,310,0,649,9,110,9,51246,0,1436,677,"Knox County",470313,22.1129333018649,0.0474759615384615,65.9135511882512,3.82723845609201,23.3886794538956,4.74759615384615
2021-06-29,51987,21,43344,16,8643,5,47464,19,352528,438,399992,457,0,649,8,101,13,51237,1,1436,677,"Knox County",470313,21.4750602258496,0.0455531453362256,97.1693319130026,4.46511153210734,21.4750602258496,4.55531453362256
2021-06-28,51966,9,43328,2,8638,7,47445,2,352090,113,399535,115,0,649,-4,93,13,51224,0,1435,677,"Knox County",470313,21.2624358671778,0.0432900432900433,24.4518012472545,1.913619228046,19.7740653564754,4.32900432900433
2021-06-27,51957,5,43326,3,8631,2,47443,3,351977,151,399420,154,0,649,0,97,5,51211,0,1435,677,"Knox County",470313,20.6245627911625,0.041036717062635,32.7441512354538,1.06312179335889,20.6245627911625,4.1036717062635
2021-06-26,51952,3,43323,2,8629,1,47440,2,351826,206,399266,208,0,649,0,97,3,51206,0,1435,677,"Knox County",470313,19.3488166391318,0.0380085653104925,44.2258666037299,0.637873076015334,20.6245627911625,3.80085653104925
2021-06-25,51949,13,43321,9,8628,4,47438,11,351620,311,399058,322,0,649,4,97,9,51203,0,1435,677,"Knox County",470313,18.4983192044447,0.0354997269251775,68.4650434923126,2.76411666273312,20.6245627911625,3.54997269251775
2021-06-24,51936,14,43312,9,8624,5,47427,10,351309,364,398736,374,1,649,8,93,5,51194,1,1435,677,"Knox County",470313,17.6478217697576,0.0298969072164948,79.521510143245,2.97674102140489,19.7740653564754,2.98969072164948
2021-06-23,51922,13,43303,6,8619,7,47417,8,350945,282,398362,290,0,648,6,85,7,51189,0,1434,676,"Knox County",470313,16.5846999763987,0.0286458333333333,61.6610640148157,2.76411666273312,18.0730704871011,2.86458333333333
2021-06-22,51909,14,43297,5,8612,9,47409,5,350663,247,398072,252,2,648,10,79,2,51182,1,1434,675,"Knox County",470313,15.0963294656962,0.0239067055393586,53.5813383852881,2.97674102140489,16.7973243350705,2.39067055393586
2021-06-21,51895,9,43292,8,8603,1,47404,9,350416,289,397820,298,0,646,5,69,4,51180,1,1433,674,"Knox County",470313,15.0963294656962,0.0252897787144362,63.3620588841899,1.913619228046,14.6710807483527,2.52897787144363
2021-06-20,51886,3,43284,2,8602,1,47395,3,350127,161,397522,164,1,646,-2,64,4,51176,0,1432,674,"Knox County",470313,14.6710807483527,0.0251572327044025,34.8703948221716,0.637873076015334,13.6079589549938,2.51572327044025
2021-06-19,51883,3,43282,1,8601,2,47392,1,349966,191,397358,192,0,645,-3,66,6,51172,0,1432,674,"Knox County",470313,14.6710807483527,0.0248414376321353,40.8238768649814,0.637873076015334,14.0332076723374,2.48414376321353
2021-06-18,51880,5,43281,3,8599,2,47391,3,349775,283,397166,286,1,645,-7,69,11,51166,0,1432,674,"Knox County",470313,12.9700858789785,0.0210129310344828,60.8105665801286,1.06312179335889,14.6710807483527,2.10129310344828
2021-06-17,51875,12,43278,8,8597,4,47388,9,349492,515,396880,524,0,644,6,76,6,51155,0,1432,674,"Knox County",470313,12.5448371616349,0.0189431704885344,111.415163944012,2.55149230406134,16.1594512590551,1.89431704885344
2021-06-16,51863,7,43270,4,8593,3,47379,4,348977,362,396356,366,1,644,-6,70,12,51149,0,1432,673,"Knox County",470313,11.2690910096042,0.0163304514889529,77.8205152738708,1.48837051070245,14.8837051070245,1.63304514889529
2021-06-15,51856,13,43266,9,8590,4,47375,14,348615,428,395990,442,0,643,-2,76,15,51137,0,1432,673,"Knox County",470313,11.0564666509325,0.0189260563380282,93.9799665329259,2.76411666273312,16.1594512590551,1.89260563380282
2021-06-14,51843,7,43257,2,8586,5,47361,3,348187,260,395548,263,1,643,-5,78,11,51122,0,1432,673,"Knox County",470313,10.6312179335889,0.0165400089405454,55.9202063306777,1.48837051070245,16.5846999763987,1.65400089405454
2021-06-13,51836,3,43255,3,8581,0,47358,4,347927,128,395285,132,0,642,-5,83,8,51111,1,1432,673,"Knox County",470313,10.6312179335889,0.0172335600907029,28.0664153446747,0.637873076015334,17.6478217697576,1.72335600907029
2021-06-12,51833,2,43252,1,8581,1,47354,1,347799,226,395153,227,0,642,-6,88,8,51103,0,1431,673,"Knox County",470313,10.4185935749171,0.0169642857142857,48.2657294184936,0.425248717343556,18.7109435631165,1.69642857142857
2021-06-11,51831,7,43251,3,8580,4,47353,2,347573,318,394926,320,0,642,-2,94,9,51095,0,1431,672,"Knox County",470313,10.8438422922607,0.0162708883025506,68.039794774969,1.48837051070245,19.9866897151471,1.62708883025506
2021-06-10,51824,7,43248,4,8576,3,47351,5,347255,358,394606,363,0,642,-1,96,8,51086,0,1431,671,"Knox County",470313,9.7807204989018,0.0156176053005206,77.1826421978555,1.48837051070245,20.4119384324907,1.56176053005206
2021-06-09,51817,2,43244,1,8573,1,47346,1,346897,367,394243,368,1,642,-17,97,18,51078,0,1431,671,"Knox County",470313,8.7175987055429,0.0141843971631206,78.2457639912144,0.425248717343556,20.6245627911625,1.41843971631206
2021-06-08,51815,5,43243,3,8572,2,47345,4,346530,266,393875,270,1,641,-17,114,21,51060,0,1431,670,"Knox County",470313,7.01660383616868,0.0102933607822954,57.4085768413801,1.06312179335889,24.2391768885827,1.02933607822954
2021-06-07,51810,16,43240,10,8570,6,47341,10,346264,316,393605,326,0,640,-7,131,23,51039,2,1431,669,"Knox County",470313,8.93022306421468,0.0134596211365902,69.3155409269997,3.40198973874845,27.8537909860029,1.34596211365902
2021-06-06,51794,4,43230,2,8564,2,47331,2,345948,178,393279,180,0,640,-5,138,9,51016,0,1429,669,"Knox County",470313,9.14284742288646,0.0121713729308666,38.2723845609201,0.850497434687113,29.3421614967054,1.21713729308666
2021-06-05,51790,5,43228,2,8562,3,47329,3,345770,258,393099,261,0,640,-9,143,14,51007,0,1429,668,"Knox County",470313,9.7807204989018,0.0129310344827586,55.4949576133341,1.06312179335889,30.4052832900643,1.29310344827586
2021-06-04,51785,7,43226,2,8559,5,47326,3,345512,325,392838,328,1,640,-9,152,15,50993,0,1429,668,"Knox County",470313,9.7807204989018,0.0133587786259542,69.7407896443432,1.48837051070245,32.3189025181103,1.33587786259542
2021-06-03,51778,7,43224,4,8554,3,47323,6,345187,458,392510,464,0,639,-12,161,19,50978,0,1429,668,"Knox County",470313,9.7807204989018,0.0131998179335457,98.6577024237051,1.48837051070245,34.2325217461563,1.31998179335457
2021-06-02,51771,20,43220,7,8551,13,47317,6,344729,282,392046,288,0,639,5,173,15,50959,1,1429,668,"Knox County",470313,13.6079589549938,0.0160604629192253,61.2358152974721,4.25248717343556,36.7840140502176,1.60604629192253
2021-06-01,51751,12,43213,9,8538,3,47311,10,344447,291,391758,301,0,639,-10,168,22,50944,1,1428,668,"Knox County",470313,15.0963294656962,0.0186219739292365,63.9999319602052,2.55149230406134,35.7208922568587,1.86219739292365
2021-05-31,51739,17,43204,14,8535,3,47301,12,344156,354,391457,366,0,639,-1,178,18,50922,0,1427,668,"Knox County",470313,15.308953824368,0.0191956124314442,77.8205152738708,3.61461409742023,37.8471358435765,1.91956124314442
2021-05-30,51722,3,43190,1,8532,2,47289,1,343802,203,391091,204,0,639,-9,179,12,50904,0,1427,668,"Knox County",470313,15.0963294656962,0.0185352622061483,43.3753691690427,0.637873076015334,38.0597602022483,1.85352622061483
2021-05-29,51719,14,43189,8,8530,6,47288,6,343599,199,390887,205,0,639,-14,188,28,50892,1,1427,667,"Knox County",470313,17.0099486937423,0.0204081632653061,43.5879935277145,2.97674102140489,39.9733794302943,2.04081632653061
2021-05-28,51705,11,43181,6,8524,5,47282,10,343400,390,390682,400,0,639,-9,202,20,50864,1,1426,665,"Knox County",470313,17.8604461284294,0.0228904847396768,85.0497434687113,2.33886794538956,42.9501204516992,2.28904847396768
2021-05-27,51694,23,43175,8,8519,15,47272,9,343010,341,390282,350,0,639,-5,211,28,50844,1,1425,665,"Knox County",470313,21.2624358671778,0.0255439924314096,74.4185255351224,4.8903602494509,44.8637396797452,2.55439924314096
2021-05-26,51671,16,43167,8,8504,8,47263,11,342669,571,389932,582,0,639,-8,216,24,50816,0,1424,665,"Knox County",470313,20.4119384324907,0.0245016611295681,123.747376746975,3.40198973874845,45.9268614731041,2.45016611295681
2021-05-25,51655,18,43159,8,8496,10,47252,7,342098,311,389350,318,0,639,-10,224,28,50792,1,1424,665,"Knox County",470313,21.6876845845214,0.0230927835051546,67.6145460576254,3.82723845609201,47.6278563424783,2.30927835051546
2021-05-24,51637,25,43151,21,8486,4,47245,24,341787,425,389032,449,0,639,-11,234,36,50764,1,1423,665,"Knox County",470313,23.3886794538956,0.0271132376395534,95.4683370436284,5.31560896679445,49.7540999291961,2.71132376395534
2021-05-23,51612,16,43130,8,8482,8,47221,8,341362,225,388583,233,1,639,-5,245,20,50728,1,1422,664,"Knox County",470313,26.1527961166287,0.0295624753646039,49.5414755705243,3.40198973874845,52.0929678745856,2.95624753646039
2021-05-22,51596,8,43122,4,8474,4,47213,4,341137,269,388350,273,0,638,-6,250,14,50708,0,1421,663,"Knox County",470313,24.877049964598,0.0280230326295585,58.0464499173954,1.70099486937423,53.1560896679445,2.80230326295585
2021-05-21,51588,16,43118,12,8470,4,47209,14,340868,377,388077,391,0,638,-16,256,32,50694,1,1421,663,"Knox County",470313,25.9401717579569,0.0296610169491525,83.1361242406653,3.40198973874845,54.4318358199752,2.96610169491525
2021-05-20,51572,34,43106,26,8466,8,47195,27,340491,594,387686,621,0,638,6,272,28,50662,1,1420,662,"Knox County",470313,28.2790397033465,0.0331356818974538,132.039726735174,7.22922819484046,57.8338255587237,3.31356818974538
2021-05-19,51538,14,43080,6,8458,8,47168,6,339897,544,387065,550,0,638,-29,266,43,50634,1,1419,661,"Knox County",470313,27.8537909860029,0.0317460317460317,116.943397269478,2.97674102140489,56.558079406693,3.17460317460317
2021-05-18,51524,24,43074,14,8450,10,47162,14,339353,444,386515,458,1,638,-21,295,44,50591,0,1418,661,"Knox County",470313,29.1295371380336,0.0326050420168067,97.3819562716744,5.10298460812268,62.7241858081746,3.26050420168067
2021-05-17,51500,15,43060,8,8440,7,47148,8,338909,420,386057,428,0,637,-18,316,33,50547,0,1418,660,"Knox County",470313,27.0032935513158,0.0274204468517265,91.0032255115211,3.18936538007667,67.1892973402819,2.74204468517265
2021-05-16,51485,22,43052,13,8433,9,47140,12,338489,272,385629,284,1,637,-10,334,31,50514,1,1418,660,"Knox County",470313,28.2790397033465,0.0282861896838602,60.385317862785,4.67773589077912,71.0165357963739,2.82861896838602
2021-05-15,51463,23,43039,13,8424,10,47128,17,338217,336,385345,353,0,636,-8,344,31,50483,1,1417,659,"Knox County",470313,31.4684050834232,0.0317666126418152,75.0563986111377,4.8903602494509,73.1427793830917,3.17666126418152
2021-05-14,51440,36,43026,25,8414,11,47111,26,337881,498,384992,524,0,636,4,352,32,50452,4,1416,658,"Knox County",470313,35.7208922568587,0.0341827221876942,111.415163944012,7.65447691218401,74.8437742524659,3.41827221876942
2021-05-13,51404,31,43001,17,8403,14,47085,17,337383,376,384468,393,0,636,-17,348,48,50420,0,1412,658,"Knox County",470313,35.0830191808434,0.0334448160535117,83.5613729580088,6.59135511882512,73.9932768177788,3.34448160535117
2021-05-12,51373,34,42984,28,8389,6,47068,26,337007,506,384075,532,0,636,-15,365,49,50372,0,1412,658,"Knox County",470313,39.335506354279,0.0403768506056528,113.116158813386,7.22922819484046,77.607890915199,4.03768506056528
2021-05-11,51339,36,42956,30,8383,6,47042,31,336501,555,383543,586,0,636,-11,380,47,50323,4,1412,658,"Knox County",470313,41.8869986583403,0.0441935483870968,124.597874181662,7.65447691218401,80.7972562952757,4.41935483870968
2021-05-10,51303,21,42926,14,8377,7,47011,13,335946,277,382957,290,1,636,-26,391,46,50276,1,1408,658,"Knox County",470313,43.162744810371,0.0479405806887238,61.6610640148157,4.46511153210734,83.1361242406653,4.79405806887238
2021-05-09,51282,17,42912,14,8370,3,46998,17,335669,369,382667,386,0,635,-22,417,39,50230,1,1407,657,"Knox County",470313,42.0996230170121,0.047976501305483,82.0730024473064,3.61461409742023,88.6643575661315,4.7976501305483
2021-05-08,51265,20,42898,11,8367,9,46981,14,335300,307,382281,321,0,635,-18,439,38,50191,1,1406,657,"Knox County",470313,41.4617499409967,0.0474934036939314,68.2524191336408,4.25248717343556,93.3420934569106,4.74934036939314
2021-05-07,51245,43,42887,31,8358,12,46967,33,334993,576,381960,609,0,635,3,457,40,50153,0,1405,657,"Knox County",470313,42.9501204516992,0.0484440166827077,129.488234431113,9.14284742288646,97.1693319130026,4.84440166827077
2021-05-06,51202,40,42856,26,8346,14,46934,28,334417,340,381351,368,1,635,-8,454,47,50113,0,1405,657,"Knox County",470313,44.8637396797452,0.0523932729624838,78.2457639912144,8.50497434687113,96.5314588369873,5.23932729624838
2021-05-05,51162,51,42830,32,8332,19,46906,38,334077,585,380983,623,0,634,5,462,46,50066,4,1405,656,"Knox County",470313,48.4783537771654,0.0546654099905749,132.464975452518,10.8438422922607,98.2324537063615,5.46654099905749
2021-05-04,51111,50,42798,32,8313,18,46868,34,333492,536,380360,570,0,634,6,457,44,50020,0,1401,656,"Knox County",470313,51.4550947985703,0.0558888538048626,121.195884442914,10.6312179335889,97.1693319130026,5.58888538048626
2021-05-03,51061,24,42766,9,8295,15,46834,7,332956,309,379790,316,1,634,-37,451,60,49976,1,1401,656,"Knox County",470313,52.0929678745856,0.053554650798622,67.1892973402819,5.10298460812268,95.893585760972,5.3554650798622
2021-05-02,51037,25,42757,18,8280,7,46827,20,332647,288,379474,308,0,633,-17,488,42,49916,2,1400,655,"Knox County",470313,53.7939627439599,0.0558587479935795,65.4883024709077,5.31560896679445,103.760687031828,5.58587479935795
2021-05-01,51012,45,42739,35,8273,10,46807,38,332359,450,379166,488,0,633,7,505,38,49874,2,1398,655,"Knox County",470313,59.1095717107543,0.0603290676416819,103.760687031828,9.56809614023002,107.375301129248,6.03290676416819
2021-04-30,50967,58,42704,30,8263,28,46769,29,331909,567,378678,596,0,633,-9,498,67,49836,3,1396,655,"Knox County",470313,62.298937090831,0.0593453655552157,126.72411776838,12.3322128029631,105.886930618546,5.93453655552157
2021-04-29,50909,54,42674,34,8235,20,46740,35,331342,571,378082,606,0,633,-2,507,56,49769,2,1393,654,"Knox County",470313,65.2756781122359,0.0573139435414885,128.850361355098,11.481715368276,107.800549846592,5.73139435414885
2021-04-28,50855,47,42640,28,8215,19,46705,34,330771,543,377476,577,4,633,-38,509,81,49713,1,1391,654,"Knox County",470313,64.4251806775488,0.0569199653279399,122.684254953616,9.99334485757357,108.225798563935,5.69199653279399
2021-04-27,50808,39,42612,17,8196,22,46671,20,330228,392,376899,412,1,629,-33,547,71,49632,2,1390,652,"Knox County",470313,62.0863127321592,0.0554041780199818,87.6012357727726,8.29234998819935,116.305524193463,5.54041780199818
2021-04-26,50769,69,42595,36,8174,33,46651,40,329836,480,376487,520,1,628,2,580,66,49561,0,1388,651,"Knox County",470313,71.6544088723892,0.0615911035072712,110.564666509325,14.6710807483527,123.322128029631,6.15911035072712
2021-04-25,50700,38,42559,25,8141,13,46611,26,329356,341,375967,367,0,627,-4,578,42,49495,3,1388,649,"Knox County",470313,74.4185255351224,0.0622546270330903,78.0331396325426,8.07972562952757,122.896879312288,6.22546270330903
2021-04-24,50662,35,42534,22,8128,13,46585,28,329015,510,375600,538,0,627,-28,582,63,49453,3,1385,649,"Knox County",470313,72.2922819484046,0.0586283185840708,114.391904965417,7.44185255351224,123.747376746975,5.86283185840708
2021-04-23,50627,43,42512,31,8115,12,46557,36,328505,553,375062,589,0,627,-4,610,47,49390,2,1382,648,"Knox County",470313,69.1029165683279,0.0606816292601829,125.235747257677,9.14284742288646,129.700858789785,6.06816292601829
2021-04-22,50584,79,42481,62,8103,17,46521,65,327952,787,374473,852,1,627,15,614,63,49343,1,1380,647,"Knox County",470313,74.4185255351224,0.064591439688716,181.155953588355,16.7973243350705,130.551356224472,6.4591439688716
2021-04-21,50505,62,42419,34,8086,28,46456,35,327165,479,373621,514,1,626,-2,599,63,49280,1,1379,646,"Knox County",470313,77.607890915199,0.0659282700421941,109.288920357294,13.1827102376502,127.361990844395,6.59282700421941
2021-04-20,50443,38,42385,34,8058,4,46421,39,326686,474,373107,513,1,625,-32,601,69,49217,1,1378,645,"Knox County",470313,77.3952665565272,0.0690983817107629,109.076295998622,8.07972562952757,127.787239561739,6.90983817107629
2021-04-19,50405,65,42351,41,8054,24,46382,39,326212,336,372594,375,0,624,-3,633,68,49148,0,1377,644,"Knox County",470313,76.5447691218401,0.0715048025613661,79.7341345019168,13.8205833136656,134.591219039236,7.15048025613661
2021-04-18,50340,38,42310,27,8030,11,46343,32,325876,364,372219,396,0,624,-12,636,50,49080,1,1377,644,"Knox County",470313,76.5447691218401,0.0725443473656341,84.1992460340241,8.07972562952757,135.229092115251,7.25443473656341
2021-04-17,50302,37,42283,18,8019,19,46311,23,325512,335,371823,358,0,624,-23,648,60,49030,1,1376,643,"Knox County",470313,76.9700178391837,0.0747845426744509,76.1195204044966,7.86710127085579,137.780584419312,7.47845426744509
2021-04-16,50265,346,42265,330,8000,16,46288,369,325177,2088,371465,2457,1,624,279,671,66,48970,4,1375,643,"Knox County",470313,141.395198516732,0.110155535224154,522.418049256559,73.5680281004352,142.670944668763,11.0155535224154
2021-04-15,49919,86,41935,54,7984,32,45919,55,323089,577,369008,632,1,623,12,392,73,48904,0,1371,642,"Knox County",470313,142.883569027435,0.112869399428027,134.378594680564,18.2856948457729,83.348748599337,11.2869399428027
2021-04-14,49833,85,41881,60,7952,25,45864,62,322512,684,368376,746,0,622,-1,380,86,48831,3,1371,641,"Knox County",470313,147.773929276886,0.113018075588826,158.617771569146,18.0730704871011,80.7972562952757,11.3018075588826
2021-04-13,49748,68,41821,38,7927,30,45802,43,321828,339,367630,382,-5,622,-8,381,81,48745,1,1368,641,"Knox County",470313,154.152660037039,0.116535727646839,81.2225050126193,14.4584563896809,81.0098806539475,11.6535727646839
2021-04-12,49680,63,41783,43,7897,20,45759,50,321489,360,367248,410,1,627,-24,389,86,48664,0,1367,641,"Knox County",470313,153.727411319696,0.11782196617729,87.175987055429,13.395334596322,82.7108755233217,11.782196617729
2021-04-11,49617,26,41740,14,7877,12,45709,14,321129,296,366838,310,2,626,-26,413,50,48578,0,1367,640,"Knox County",470313,151.175919015634,0.116336166194523,65.9135511882512,5.52823332546623,87.8138601314444,11.6336166194523
2021-04-10,49591,50,41726,33,7865,17,45695,41,320833,571,366528,612,0,624,6,439,44,48528,1,1367,640,"Knox County",470313,153.940035678367,0.114254820688412,130.126107507128,10.6312179335889,93.3420934569106,11.4254820688412
2021-04-09,49541,82,41693,62,7848,20,45654,71,320262,620,365916,691,5,624,11,433,66,48484,2,1366,639,"Knox County",470313,97.8072049890179,0.0888183980967486,146.923431842199,17.4351974110858,92.0663473048799,8.88183980967486
2021-04-08,49459,49,41631,26,7828,23,45583,26,319642,465,365225,491,-6,619,-23,422,78,48418,0,1364,639,"Knox County",470313,89.9401037181622,0.0842943437671609,104.398560107843,10.4185935749171,89.7274793594904,8.42943437671609
2021-04-07,49410,77,41605,54,7805,23,45557,57,319177,768,364734,825,2,625,9,445,66,48340,1,1364,638,"Knox County",470313,88.2391088487879,0.0811609782316582,175.415095904217,16.3720756177269,94.6178396089413,8.11609782316582
2021-04-06,49333,75,41551,41,7782,34,45500,45,318409,421,363909,466,2,623,-4,436,77,48274,0,1363,638,"Knox County",470313,89.7274793594904,0.0798948751642576,99.0829511410486,15.9468269003834,92.7042203808953,7.98948751642576
2021-04-05,49258,44,41510,32,7748,12,45455,35,317988,266,363443,301,0,621,-60,440,104,48197,3,1363,638,"Knox County",470313,85.6876165447266,0.0781926406926407,63.9999319602052,9.35547178155824,93.5547178155824,7.81926406926407
2021-04-04,49214,49,41478,31,7736,18,45420,40,317722,341,363142,381,3,621,-27,500,73,48093,0,1360,636,"Knox County",470313,90.5779767941775,0.0836209185027874,81.0098806539475,10.4185935749171,106.312179335889,8.36209185027874
2021-04-03,49165,81,41447,64,7718,17,45380,71,317381,593,362761,664,0,618,6,527,75,48020,0,1360,635,"Knox County",470313,97.1693319130026,0.0903377847604085,141.182574158061,17.222573052414,112.053037020027,9.03377847604085
2021-04-02,49084,76,41383,45,7701,31,45309,45,316788,529,362097,574,0,618,6,521,70,47945,2,1360,632,"Knox County",470313,95.8935857609719,0.0861696380334954,122.046381877601,16.1594512590551,110.777290867996,8.61696380334954
2021-04-01,49008,75,41338,63,7670,12,45264,67,316259,580,361523,647,1,618,-20,515,94,47875,1,1358,630,"Knox County",470313,101.421819086438,0.0933125972006221,137.56796006064,15.9468269003834,109.501544715966,9.33125972006221
2021-03-31,48933,87,41275,66,7658,21,45197,72,315679,765,360876,837,3,617,-16,535,100,47781,2,1357,630,"Knox County",470313,103.548062673156,0.0968992248062016,177.966588208278,18.4983192044447,113.754031889401,9.68992248062016
2021-03-30,48846,57,41209,33,7637,24,45125,38,314914,460,360039,498,1,614,-25,551,81,47681,2,1355,628,"Knox County",470313,99.7208242170639,0.0943106099436187,105.886930618546,12.1195884442914,117.15602162815,9.43106099436187
2021-03-29,48789,43,41176,21,7613,22,45087,22,314454,399,359541,421,5,613,-58,576,96,47600,0,1353,626,"Knox County",470313,99.5081998583922,0.0882645450024863,89.5148550008186,9.14284742288646,122.471630594944,8.82645450024863
2021-03-28,48746,80,41155,46,7591,34,45065,49,314055,484,359120,533,2,608,13,634,65,47504,5,1353,625,"Knox County",470313,106.099554977217,0.0872065165309056,113.328783172058,17.0099486937423,134.803843397907,8.72065165309056
2021-03-27,48666,42,41109,39,7557,3,45016,42,313571,442,358587,484,0,606,-16,621,58,47439,2,1348,624,"Knox County",470313,97.8072049890179,0.0838758137205809,102.910189597141,8.93022306421468,132.039726735174,8.38758137205809
2021-03-26,48624,79,41070,54,7554,25,44974,60,313129,416,358103,476,0,606,1,637,78,47381,2,1346,622,"Knox County",470313,98.4450780650333,0.0898357289527721,101.209194727766,16.7973243350705,135.441716473923,8.98357289527721
2021-03-25,48545,88,41016,64,7529,24,44914,67,312713,570,357627,637,0,606,7,636,81,47303,4,1344,620,"Knox County",470313,101.209194727766,0.0900669068450849,135.441716473923,18.7109435631165,135.229092115251,9.00669068450849
2021-03-24,48457,123,40952,91,7505,32,44847,95,312143,780,356990,875,1,606,38,629,84,47222,3,1340,619,"Knox County",470313,108.86367163995,0.0950560652395515,186.046313837806,26.1527961166287,133.740721604548,9.50560652395515
2021-03-23,48334,87,40861,57,7473,30,44752,63,311363,530,356115,593,1,605,16,591,70,47138,3,1337,618,"Knox County",470313,115.242402400104,0.0990296093555611,126.086244692364,18.4983192044447,125.660995975021,9.90296093555611
2021-03-22,48247,115,40804,78,7443,37,44689,81,310833,517,355522,598,2,604,31,575,82,47068,1,1334,617,"Knox County",470313,130.551356224472,0.108913250714967,127.149366485723,24.4518012472545,122.259006236272,10.8913250714967
2021-03-21,48132,50,40726,33,7406,17,44608,34,310316,330,354924,364,0,602,4,544,46,46986,1,1333,617,"Knox County",470313,124.172625464318,0.109759125900174,77.3952665565272,10.6312179335889,115.667651117447,10.9759125900174
2021-03-20,48082,59,40693,29,7389,30,44574,33,309986,315,354560,348,0,602,3,540,56,46940,4,1332,616,"Knox County",470313,127.787239561739,0.111282446671807,73.9932768177788,12.5448371616349,114.81715368276,11.1282446671807
2021-03-19,48023,146,40664,102,7359,44,44541,117,309671,955,354212,1072,3,602,51,537,92,46884,3,1328,616,"Knox County",470313,142.033071592748,0.109204368174727,227.933312496146,31.0431563660796,114.179280606745,10.9204368174727
2021-03-18,47877,68,40562,50,7315,18,44424,66,308716,627,353140,693,2,599,-16,486,82,46792,1,1325,615,"Knox County",470313,137.780584419312,0.107638124587277,147.348680559542,14.4584563896809,103.335438314484,10.7638124587277
2021-03-17,47809,46,40512,36,7297,10,44358,41,308089,498,352447,539,1,597,-40,502,85,46710,3,1324,615,"Knox County",470313,121.408508801585,0.103399096743523,114.604529324088,9.7807204989018,106.737428053233,10.3399096743523
2021-03-16,47763,128,40476,84,7287,44,44317,100,307591,698,351908,798,0,596,48,542,80,46625,3,1321,613,"Knox County",470313,130.126107507128,0.106980961015413,169.674238220079,27.2159179099876,115.242402400104,10.6980961015413
2021-03-15,47635,44,40392,28,7243,16,44217,40,306893,290,351110,330,1,596,-65,494,108,46545,1,1318,612,"Knox County",470313,115.029778041432,0.104005791505792,70.1660383616868,9.35547178155824,105.036433183858,10.4005791505792
2021-03-14,47591,60,40364,38,7227,22,44177,46,306603,405,350780,451,0,595,-12,559,72,46437,0,1317,611,"Knox County",470313,117.15602162815,0.104703379815646,95.893585760972,12.7574615203067,118.857016497524,10.4703379815646
2021-03-13,47531,71,40326,34,7205,37,44131,41,306198,623,350329,664,1,595,-10,571,80,46365,1,1317,611,"Knox County",470313,119.707513932211,0.0991862766659336,141.182574158061,15.0963294656962,121.408508801585,9.91862766659336
2021-03-12,47460,63,40292,60,7168,3,44090,67,305575,691,349665,758,0,594,-52,581,115,46285,1,1316,609,"Knox County",470313,102.059692162454,0.0947318686510749,161.169263873208,13.395334596322,123.534752388303,9.47318686510749
2021-03-11,47397,83,40232,56,7165,27,44023,66,304884,627,348907,693,2,594,-22,633,103,46170,0,1315,607,"Knox County",470313,105.24905754253,0.0947318686510749,147.348680559542,17.6478217697576,134.591219039236,9.47318686510749
2021-03-10,47314,95,40176,72,7138,23,43957,82,304257,1001,348214,1083,2,592,26,655,67,46067,1,1315,606,"Knox County",470313,115.667651117447,0.0925266903914591,230.272180441536,20.1993140738189,139.268954930015,9.25266903914591
2021-03-09,47219,80,40104,50,7115,30,43875,55,303256,597,347131,652,0,590,-5,629,85,46000,2,1314,606,"Knox County",470313,105.461681901202,0.085726624919024,138.631081853999,17.0099486937423,133.740721604548,8.5726624919024
2021-03-08,47139,85,40054,57,7085,28,43820,63,302659,411,346479,474,1,590,-30,634,114,45915,0,1312,601,"Knox County",470313,114.179280606745,0.0879581151832461,100.783946010423,18.0730704871011,134.803843397907,8.79581151832461
2021-03-07,47054,64,39997,40,7057,24,43757,42,302248,327,346005,369,0,589,-5,664,69,45801,0,1312,599,"Knox County",470313,115.029778041432,0.0886426592797784,78.4583883498861,13.6079589549938,141.182574158061,8.86426592797784
2021-03-06,46990,125,39957,87,7033,38,43715,95,301921,848,345636,943,0,589,40,669,85,45732,1,1312,599,"Knox County",470313,126.511493409708,0.0945293644408689,200.504770227487,26.5780448339723,142.24569595142,9.45293644408689
2021-03-05,46865,70,39870,44,6995,26,43620,49,301073,520,344693,569,2,589,-19,629,87,45647,2,1311,599,"Knox County",470313,127.99986392041,0.0945013589797198,120.983260084242,14.8837051070245,133.740721604548,9.45013589797198
2021-03-04,46795,112,39826,85,6969,27,43571,100,300553,1094,344124,1194,5,587,-1,648,108,45560,1,1309,597,"Knox County",470313,134.165970321892,0.0919757759273278,253.873484254103,23.8139281712392,137.780584419312,9.19757759273278
2021-03-03,46683,74,39741,33,6942,41,43471,40,299459,497,342930,537,1,582,-49,649,122,45452,4,1308,595,"Knox County",470313,129.700858789785,0.0937104263402279,114.179280606745,15.7342025417116,137.993208777984,9.37104263402279
2021-03-02,46609,133,39708,91,6901,42,43431,99,298962,807,342393,906,-1,581,9,698,125,45330,2,1304,594,"Knox County",470313,140.969949799389,0.0977564102564103,192.637668956631,28.2790397033465,148.411802352901,9.77564102564103
2021-03-01,46476,59,39617,33,6859,26,43332,35,298155,165,341487,200,1,582,-58,689,116,45205,1,1302,589,"Knox County",470313,135.441716473923,0.0974989402289105,42.5248717343556,12.5448371616349,146.498183124855,9.74989402289106
2021-02-28,46417,77,39584,53,6833,24,43297,63,297990,563,341287,626,2,581,-19,747,94,45089,2,1301,589,"Knox County",470313,138.205833136656,0.0966834170854271,133.102848528533,16.3720756177269,158.830395927818,9.66834170854271
2021-02-27,46340,82,39531,47,6809,35,43234,58,297427,670,340661,728,1,579,-33,766,114,44995,3,1299,588,"Knox County",470313,129.062985713769,0.0932773109243697,154.790533113054,17.4351974110858,162.870258742582,9.32773109243698
2021-02-26,46258,107,39484,70,6774,37,43176,80,296757,506,339933,586,5,578,-17,799,119,44881,1,1296,587,"Knox County",470313,136.930086984625,0.0994347917102784,124.597874181662,22.7508063778803,169.886862578751,9.94347917102784
2021-02-25,46151,131,39414,92,6737,39,43096,97,296251,1029,339347,1126,2,573,-7,816,136,44762,5,1295,587,"Knox County",470313,140.969949799389,0.100233595243151,239.415027864422,27.8537909860029,173.501476676171,10.0233595243151
2021-02-24,46020,102,39322,72,6698,30,42999,80,295222,969,338221,1049,2,571,-30,823,130,44626,2,1290,586,"Knox County",470313,146.923431842199,0.0980655046925876,223.042952246695,21.6876845845214,174.989847186873,9.80655046925876
2021-02-23,45918,122,39250,68,6668,54,42919,75,294253,758,337172,833,5,569,-32,853,149,44496,6,1288,585,"Knox County",470313,144.584563896809,0.0947940947940948,177.116090773591,25.9401717579569,181.368577947027,9.47940947940948
2021-02-22,45796,62,39182,33,6614,29,42844,38,293495,306,336339,344,3,564,-110,885,169,44347,3,1282,583,"Knox County",470313,145.222436972824,0.0927815570672714,73.1427793830917,13.1827102376502,188.172557424524,9.27815570672714
2021-02-21,45734,82,39149,41,6585,41,42806,45,293189,499,335995,544,2,561,-31,995,111,44178,3,1279,581,"Knox County",470313,146.285558766183,0.0907869481765835,115.667651117447,17.4351974110858,211.561236878419,9.07869481765835
2021-02-20,45652,137,39108,98,6544,39,42761,115,292690,1007,335451,1122,1,559,8,1026,128,44067,2,1276,578,"Knox County",470313,157.979898493131,0.0945753033547466,238.564530429735,29.1295371380336,218.152591997244,9.45753033547466
2021-02-19,45515,95,39010,43,6505,52,42646,48,291683,274,334329,322,1,558,-83,1018,177,43939,2,1274,577,"Knox County",470313,155.42840618907,0.0932584269662921,68.4650434923126,20.1993140738189,216.45159712787,9.32584269662921
2021-02-18,45420,155,38967,111,6453,44,42598,119,291409,987,334007,1106,4,557,-37,1101,188,43762,6,1272,575,"Knox County",470313,160.531390797193,0.0977443609022556,235.162540690987,32.9567755941256,234.099418897628,9.77443609022556
2021-02-17,45265,114,38856,68,6409,46,42479,76,290422,892,332901,968,1,553,-49,1138,162,43574,4,1266,569,"Knox County",470313,163.082883101254,0.098492078640962,205.820379194281,24.2391768885827,241.966520168484,9.8492078640962
2021-02-16,45151,146,38788,90,6363,56,42403,101,289530,818,331933,919,2,552,-41,1187,185,43412,4,1262,566,"Knox County",470313,168.185867709377,0.101784037558685,195.401785619364,31.0431563660796,252.385113743401,10.1784037558685
2021-02-15,45005,76,38698,36,6307,40,42302,43,288712,312,331014,355,2,550,-140,1228,214,43227,1,1258,566,"Knox County",470313,171.162608730781,0.102511244377811,75.4816473284812,16.1594512590551,261.102712448944,10.2511244377811
2021-02-14,44929,165,38662,135,6267,30,42259,135,288400,706,330659,841,2,548,20,1368,143,43013,5,1257,565,"Knox County",470313,188.810430500539,0.113083614415054,178.817085642965,35.0830191808434,290.870122662993,11.3083614415054
2021-02-13,44764,135,38527,91,6237,44,42124,106,287694,870,329818,976,4,546,-9,1348,140,42870,7,1252,564,"Knox County",470313,188.385181783195,0.114452341899034,207.521374063655,28.7042884206901,286.617635489557,11.4452341899034
2021-02-12,44629,179,38436,114,6193,65,42018,124,286824,995,328842,1119,3,542,13,1357,163,42730,3,1245,560,"Knox County",470313,206.245627911625,0.112030553787397,237.92665735372,38.0597602022483,288.531254717603,11.2030553787397
2021-02-11,44450,162,38322,112,6128,50,41894,118,285829,1133,327723,1251,5,539,-34,1344,191,42567,5,1242,559,"Knox County",470313,207.733998422327,0.109348265671177,265.993072698394,34.4451461048281,285.76713805487,10.9348265671177
2021-02-10,44288,148,38210,106,6078,42,41776,112,284696,1032,326472,1144,7,534,-47,1378,188,42376,6,1237,557,"Knox County",470313,214.963226617168,0.111884935654807,243.242266320514,31.4684050834232,292.99636624971,11.1884935654807
2021-02-09,44140,209,38104,154,6036,55,41664,165,283664,1022,325328,1187,0,527,12,1425,197,42188,6,1231,555,"Knox County",470313,228.35856121349,0.116833988069257,252.385113743401,44.4384909624016,302.989711107284,11.6833988069257
2021-02-08,43931,107,37950,72,5981,35,41499,76,282642,371,324141,447,4,527,-159,1413,262,41991,2,1225,550,"Knox County",470313,234.949916332315,0.120028715003589,95.0430883262848,22.7508063778803,300.438218803223,12.0028715003589
2021-02-07,43824,108,37878,75,5946,33,41423,83,282271,716,323694,799,1,523,-28,1572,135,41729,2,1223,547,"Knox County",470313,222.830327888024,0.11324570273003,169.886862578751,22.963430736552,334.245491832035,11.324570273003
2021-02-06,43716,304,37803,176,5913,128,41340,197,281555,1396,322895,1593,2,522,136,1600,166,41594,6,1221,546,"Knox County",470313,258.763844503554,0.11604774535809,338.710603364143,64.6378050362206,340.198973874845,11.604774535809
2021-02-05,43412,177,37627,131,5785,46,41143,143,280159,727,321302,870,8,520,-4,1464,173,41428,4,1215,542,"Knox County",470313,258.33859578621,0.122616924975998,184.983192044447,37.6345114849047,311.282061095483,12.2616924975998
2021-02-04,43235,199,37496,148,5739,51,41000,161,279432,1581,320432,1742,2,512,0,1468,197,41255,7,1211,539,"Knox County",470313,266.205697057066,0.120406065278849,370.391632806238,42.3122473756839,312.13255853017,12.0406065278849
2021-02-03,43036,230,37348,165,5688,65,40839,172,277851,1634,318690,1806,5,510,-8,1468,233,41058,7,1204,531,"Knox County",470313,283.640894468152,0.118072003789673,383.999591761231,48.903602494509,312.13255853017,11.8072003789673
2021-02-02,42806,91,37183,70,5623,21,40667,77,276217,291,316884,368,7,505,-159,1476,243,40825,1,1197,531,"Knox County",470313,258.551220144882,0.119213114754098,78.2457639912144,19.3488166391318,313.833553399545,11.9213114754098
2021-02-01,42715,153,37113,82,5602,71,40590,97,275926,425,316516,522,4,498,-124,1635,273,40582,2,1196,529,"Knox County",470313,268.331940643784,0.120779220779221,110.989915226668,32.5315268767821,347.640826428357,12.0779220779221
2021-01-31,42562,174,37031,120,5531,54,40493,129,275501,939,315994,1068,7,494,13,1759,154,40309,4,1194,526,"Knox County",470313,282.365148316121,0.122474589032501,227.082815061459,36.9966384088894,374.006246903658,12.2474589032501
2021-01-30,42388,277,36911,233,5477,44,40364,250,274562,1518,314926,1768,7,487,92,1746,178,40155,9,1190,524,"Knox County",470313,276.624290631983,0.12635068762279,375.919866131704,58.8969473520825,371.242130240925,12.635068762279
2021-01-29,42111,101,36678,52,5433,49,40114,62,273044,376,313158,438,4,480,-140,1654,237,39977,1,1181,518,"Knox County",470313,260.464839372928,0.122925311203319,93.1294690982388,21.4750602258496,351.680689243121,12.2925311203319
2021-01-28,42010,157,36626,116,5384,41,40052,129,272668,656,312720,785,9,476,-74,1794,222,39740,5,1180,513,"Knox County",470313,251.534616308714,0.13560325684678,166.910121557346,33.3820243114692,381.44809945717,13.560325684678
2021-01-27,41853,168,36510,123,5343,45,39923,125,272012,894,311935,1019,12,467,-73,1868,229,39518,2,1175,509,"Knox County",470313,238.351906071063,0.145609919571046,216.664221486542,35.7208922568587,397.182301998882,14.5609919571046
2021-01-26,41685,234,36387,173,5298,61,39798,193,271118,1041,310916,1234,3,455,-26,1941,257,39289,7,1173,505,"Knox County",470313,268.757189361128,0.144132279777583,262.378458600974,49.7540999291961,412.703880181921,14.4132279777583
2021-01-25,41451,157,36214,105,5237,52,39605,115,270077,415,309682,530,9,452,-199,1967,347,39032,1,1166,498,"Knox County",470313,269.607686795815,0.146594562993277,112.690910096042,33.3820243114692,418.232113507388,14.6594562993277
2021-01-24,41294,157,36109,104,5185,53,39490,111,269662,791,309152,902,4,443,-98,2166,251,38685,2,1165,494,"Knox County",470313,265.993072698394,0.147543439185141,191.787171521944,33.3820243114692,460.544360883071,14.7543439185141
2021-01-23,41137,309,36005,222,5132,87,39379,232,268871,1492,308250,1724,7,439,63,2264,239,38434,7,1163,488,"Knox County",470313,272.797052175891,0.1458082026538,366.564394350146,65.7009268295794,481.381548032906,14.58082026538
2021-01-22,40828,178,35783,143,5045,35,39147,176,267379,1173,306526,1349,3,432,-150,2201,325,38195,7,1156,484,"Knox County",470313,289.169127793618,0.143311679703036,286.830259848229,37.8471358435765,467.986213436584,14.3311679703036
2021-01-21,40650,268,35640,195,5010,73,38971,203,266206,1080,305177,1283,11,429,-124,2351,381,37870,6,1149,476,"Knox County",470313,312.770431606186,0.143638850889193,272.797052175891,56.9833281240365,499.87986723735,14.3638850889193
2021-01-20,40382,192,35445,131,4937,61,38768,131,265126,736,303894,867,10,418,-154,2475,336,37489,8,1143,470,"Knox County",470313,317.873416214308,0.147166941310686,184.345318968432,40.8238768649814,526.245287712651,14.7166941310686
2021-01-19,40190,310,35314,195,4876,115,38637,219,264390,957,303027,1176,8,408,-84,2629,386,37153,14,1135,460,"Knox County",470313,334.032867473363,0.151577065508875,250.046245798011,65.9135511882512,558.989438948105,15.1577065508875
2021-01-18,39880,129,35119,80,4761,49,38418,87,263433,472,301851,559,7,400,-364,2713,486,36767,4,1121,457,"Knox County",470313,328.079385430554,0.147455470737913,118.857016497524,27.4285422686594,576.849885076534,14.7455470737913
2021-01-17,39751,181,35039,138,4712,43,38331,151,262961,690,301292,841,3,393,-205,3077,383,36281,8,1117,448,"Knox County",470313,333.182370038676,0.153737658674189,178.817085642965,38.4850089195918,654.245151633061,15.3737658674189
2021-01-16,39570,421,34901,340,4669,81,38180,389,262271,1757,300451,2146,1,390,9,3282,411,35898,7,1109,442,"Knox County",470313,356.996298209916,0.164943437538012,456.291873709636,89.5148550008186,697.833145160776,16.4943437538012
2021-01-15,39149,187,34561,149,4588,38,37791,153,260514,755,298305,908,0,389,-94,3273,281,35487,4,1102,434,"Knox County",470313,358.909917437962,0.17133676092545,193.062917673975,39.7607550716225,695.91952593273,17.133676092545
2021-01-14,38962,338,34412,267,4550,71,37638,290,259759,1479,297397,1769,6,389,-91,3367,423,35206,7,1098,424,"Knox County",470313,373.793622544986,0.171788047423179,376.132490490376,71.867033231061,715.906215647877,17.1788047423179
2021-01-13,38624,249,34145,201,4479,48,37348,206,258280,946,295628,1152,12,383,-249,3458,486,34783,6,1091,417,"Knox County",470313,385.913210989277,0.174833352824231,244.943261189888,52.9434653092728,735.255032287009,17.4833352824231
2021-01-12,38375,332,33944,261,4431,71,37142,283,257334,1181,294476,1464,10,371,-175,3707,497,34297,6,1085,415,"Knox County",470313,390.590946880056,0.176377418259984,311.282061095483,70.5912870790304,788.198497596282,17.6377418259984
2021-01-11,38043,244,33683,197,4360,47,36859,228,256153,726,293012,954,4,361,-396,3882,636,33800,5,1079,410,"Knox County",470313,415.042748127311,0.184102230885857,202.843638172876,51.8803435159139,825.407760363843,18.4102230885857
2021-01-10,37799,328,33486,205,4313,123,36631,222,255427,1013,292058,1235,5,357,-5,4278,328,33164,17,1074,404,"Knox County",470313,446.298528852062,0.183942667220607,262.591082959646,69.7407896443432,909.607006397867,18.3942667220607
2021-01-09,37471,475,33281,393,4190,82,36409,426,254414,1384,290823,1810,5,352,101,4283,369,32836,12,1057,398,"Knox County",470313,457.780244220338,0.194575979337064,384.850089195918,100.996570369095,910.670128191226,19.4575979337064
2021-01-08,36996,459,32888,371,4108,88,35983,392,253030,1432,289013,1824,7,347,267,4182,185,32467,6,1045,396,"Knox County",470313,515.614069779062,0.200528996865204,387.826830217323,97.5945806303462,889.195067965376,20.0528996865204
2021-01-07,36537,389,32517,346,4020,43,35591,354,251598,1309,287189,1663,10,340,73,3915,306,32282,10,1039,388,"Knox County",470313,526.457912071323,0.208968521084934,353.594308471167,82.7108755233217,832.424364200011,20.8968521084934
2021-01-06,36148,497,32171,363,3977,134,35237,378,250289,1187,285526,1565,9,330,59,3842,429,31976,15,1029,385,"Knox County",470313,579.188753021924,0.217118402282454,332.757121321333,105.674306259874,816.902786016972,21.7118402282454
2021-01-05,35651,520,31808,328,3843,192,34859,345,249102,1193,283961,1538,14,321,32,3783,474,31547,14,1014,376,"Knox County",470313,619.162132452218,0.221456228161299,327.016263637195,110.564666509325,804.357948855337,22.1456228161299
2021-01-04,35131,322,31480,228,3651,94,34514,249,247909,654,282423,903,6,307,-222,3751,538,31073,6,1000,370,"Knox County",470313,635.746832428617,0.224520781932055,191.999795880616,68.4650434923126,797.55396937784,22.4520781932055
2021-01-03,34809,285,31252,182,3557,103,34265,195,247255,608,281520,803,2,301,-15,3973,298,30535,10,994,362,"Knox County",470313,626.60398500573,0.231446665347318,170.737360013438,60.5979422214568,844.756577002974,23.1446665347318
2021-01-02,34524,422,31070,319,3454,103,34070,345,246647,1095,280717,1440,0,299,105,3988,317,30237,22,984,353,"Knox County",470313,615.334893996126,0.231922760887428,306.179076487361,89.7274793594904,847.945942383051,23.1922760887428
2021-01-01,34102,419,30751,349,3351,70,33725,374,245552,1297,279277,1671,2,299,2,3883,415,29920,7,962,349,"Knox County",470313,606.829919649255,0.233747260774288,355.295303340541,89.089606283475,825.620384722515,23.3747260774288
2020-12-31,33683,448,30402,311,3281,137,33351,322,244255,929,277606,1251,12,297,0,3881,436,29505,8,955,343,"Knox County",470313,619.37475681089,0.240758913967942,265.993072698394,95.2557126849566,825.195136005171,24.0758913967942
2020-12-30,33235,363,30091,248,3144,115,33029,271,243326,931,276355,1202,6,285,-146,3881,503,29069,9,947,340,"Knox County",470313,590.883092748871,0.238533151680291,255.574479123477,77.1826421978555,825.195136005171,23.8533151680291
2020-12-29,32872,590,29843,398,3029,192,32758,420,242395,1081,275153,1501,7,279,111,4027,472,28566,14,938,336,"Knox County",470313,605.766797855896,0.248090297571543,319.149162366339,125.448371616349,856.238292371251,24.8090297571543
2020-12-28,32282,252,29445,174,2837,78,32338,185,241314,565,273652,750,4,272,-331,3916,579,28094,4,924,328,"Knox County",470313,590.883092748871,0.245068461359944,159.468269003834,53.5813383852881,832.636988558683,24.5068461359944
2020-12-27,32030,230,29271,156,2759,74,32153,172,240749,489,272902,661,3,268,-74,4247,301,27515,8,920,323,"Knox County",470313,579.188753021924,0.246460594620104,140.544701082045,48.903602494509,903.015651279042,24.6460594620104
2020-12-26,31800,358,29115,288,2685,70,31981,328,240260,1064,272241,1392,0,265,59,4321,299,27214,10,912,316,"Knox County",470313,565.58079406693,0.245847176079734,295.973107271115,76.1195204044966,918.749853820754,24.5847176079734
2020-12-25,31442,353,28827,287,2615,66,31653,308,239196,1070,270849,1378,1,265,-101,4262,453,26915,5,902,310,"Knox County",470313,551.547586394592,0.246588813767671,292.99636624971,75.0563986111377,906.205016659119,24.6588813767671
2020-12-24,31089,351,28540,277,2549,74,31345,311,238126,1273,269471,1584,5,264,-111,4363,457,26462,8,897,303,"Knox County",470313,530.92302360343,0.235592820028342,336.796984136097,74.6311498937941,927.680076884968,23.5592820028342
2020-12-23,30738,472,28263,351,2475,121,31034,371,236853,1411,267887,1782,6,259,-14,4474,480,26005,9,889,296,"Knox County",470313,554.099078698654,0.231542882404951,378.896607153109,100.358697293079,951.281380697535,23.1542882404951
2020-12-22,30266,530,27912,392,2354,138,30663,432,235442,1470,266105,1902,7,253,-26,4488,549,25525,15,880,289,"Knox County",470313,541.341617178347,0.222986559424278,404.411530193722,112.690910096042,954.25812171894,22.2986559424278
2020-12-21,29736,442,27520,361,2216,81,30231,391,233972,1423,264203,1814,2,246,-136,4514,576,24976,5,865,283,"Knox County",470313,581.740245325985,0.22001331684581,385.700586630606,93.9799665329259,959.786355044406,22.001331684581
2020-12-20,29294,514,27159,431,2135,83,29840,478,232549,2245,262389,2723,2,244,235,4650,277,24400,7,860,280,"Knox County",470313,642.12556318877,0.208270377733598,578.976128663252,109.288920357294,988.703267823768,20.8270377733598
2020-12-19,28780,525,26728,441,2052,84,29362,489,230304,1445,259666,1934,6,242,252,4415,267,24123,14,853,274,"Knox County",470313,677.633831086957,0.211938705496684,411.215509671219,111.627788302684,938.736543535901,21.1938705496684
2020-12-18,28255,480,26287,420,1968,60,28873,430,228859,1358,257732,1788,4,236,98,4163,378,23856,11,839,267,"Knox County",470313,704.637124638273,0.214533895172618,380.172353305139,102.059692162454,885.155205150612,21.4533895172618
2020-12-17,27775,733,25867,635,1908,98,28443,663,227501,1898,255944,2561,11,232,288,4065,434,23478,11,828,261,"Knox County",470313,785.859629650892,0.224351902923331,544.530982558424,155.853654906413,864.318018000778,22.4351902923332
2020-12-16,27042,564,25232,452,1810,112,27780,472,225603,1729,253383,2201,8,221,99,3777,457,23044,11,817,257,"Knox County",470313,805.421070648696,0.224820746498693,467.986213436584,119.920138290883,803.082202703306,22.4820746498693
2020-12-15,26478,765,24780,675,1698,90,27308,716,223874,2415,251182,3131,2,213,324,3678,439,22587,15,806,253,"Knox County",470313,855.387794936564,0.225297176820208,665.726867001337,162.65763438391,782.0323911948,22.5297176820208
2020-12-14,25713,472,24105,411,1608,61,26592,461,221459,1624,248051,2085,6,211,-11,3354,477,22148,7,791,245,"Knox County",470313,861.766525696717,0.225841807221579,443.321787830657,100.358697293079,713.142098985144,22.5841807221579
2020-12-13,25241,628,23694,572,1547,56,26131,754,219835,2935,245966,3689,2,205,400,3365,226,21671,10,784,237,"Knox County",470313,886.0057025853,0.229167864742078,784.37125914019,133.528097245877,715.480966930533,22.9167864742078
2020-12-12,24613,464,23122,392,1491,72,25377,454,216900,2171,242277,2625,3,203,182,2965,279,21445,19,774,231,"Knox County",470313,873.035616706321,0.218473451327434,558.138941513418,98.6577024237051,630.431223461822,21.8473451327434
2020-12-11,24149,557,22730,523,1419,34,24923,429,214729,1407,239652,1836,6,200,281,2783,270,21166,10,755,227,"Knox County",470313,889.407692324048,0.217839805825243,390.378322521385,118.43176778018,591.733590183559,21.7839805825243
2020-12-10,23592,473,22207,415,1385,58,24494,538,213322,1910,237816,2448,8,194,325,2502,140,20896,9,745,225,"Knox County",470313,834.125359069386,0.212267554815432,520.504430028513,100.571321651751,531.986145396789,21.2267554815432
2020-12-09,23119,407,21792,337,1327,70,23956,359,211412,924,235368,1283,2,186,77,2177,328,20756,13,736,215,"Knox County",470313,800.743334757917,0.217055623793648,272.797052175891,86.5381139794137,462.883228828461,21.7055623793648
2020-12-08,22712,491,21455,446,1257,45,23597,538,210488,2077,234085,2615,9,184,126,2100,356,20428,9,723,212,"Knox County",470313,742.484260481849,0.213075206561727,556.0126979267,104.398560107843,446.511153210734,21.3075206561727
2020-12-07,22221,323,21009,271,1212,52,23059,317,208411,1135,231470,1452,3,175,-128,1974,448,20072,6,714,210,"Knox County",470313,710.803231039754,0.212503135189365,308.730568791422,68.6776678509843,419.72048401809,21.2503135189365
2020-12-06,21898,332,20738,291,1160,41,22742,187,207276,668,230018,855,6,172,103,2102,223,19624,6,708,207,"Knox County",470313,647.866420872908,0.215189873417722,181.79382666437,70.5912870790304,446.936401928078,21.5189873417722
2020-12-05,21566,289,20447,263,1119,26,22555,213,206608,714,229163,927,2,166,55,1999,232,19401,8,702,203,"Knox County",470313,610.657158105347,0.226086194814296,197.102780488738,61.4484396561439,425.036092984885,22.6086194814296
2020-12-04,21277,354,20184,322,1093,32,22342,297,205894,1091,228236,1388,5,164,17,1944,332,19169,11,694,201,"Knox County",470313,567.494413294976,0.223285922684172,295.122609836428,75.2690229698095,413.341753257937,22.3285922684172
2020-12-03,20923,441,19862,424,1061,17,22045,448,204803,1215,226848,1663,2,159,180,1927,259,18837,10,683,196,"Knox County",470313,560.690433817479,0.231660610821958,353.594308471167,93.7673421742542,409.727139160517,23.1660610821958
2020-12-02,20482,192,19438,170,1044,22,21597,185,203588,575,225185,760,2,157,-144,1747,334,18578,7,673,194,"Knox County",470313,514.976196703047,0.226190476190476,161.594512590551,40.8238768649814,371.454754599596,22.6190476190476
2020-12-01,20290,403,19268,380,1022,23,21412,409,203013,1832,224425,2241,5,155,89,1891,309,18244,7,666,189,"Knox County",470313,496.26525313993,0.221408572043937,476.491187783455,85.6876165447266,402.072662248333,22.1408572043937
2020-11-30,19887,385,18888,371,999,14,21003,436,201181,1815,222184,2251,1,150,24,1802,360,17935,3,659,186,"Knox County",470313,509.44796337758,0.215666831928607,478.617431370173,81.8603780886346,383.149094326544,21.5666831928607
2020-11-29,19502,226,18517,218,985,8,20567,261,199366,1465,219933,1726,0,149,41,1778,185,17575,5,656,183,"Knox County",470313,486.909781358372,0.205275648046732,366.989643067489,48.0531050598219,378.046109718422,20.5275648046732
2020-11-28,19276,271,18299,257,977,14,20306,299,197901,1967,218207,2266,0,149,72,1737,199,17390,8,651,177,"Knox County",470313,483.08254290228,0.189914599430663,481.806796750249,57.6212012000519,369.328511012879,18.9914599430663
2020-11-27,19005,235,18042,215,963,20,20007,249,195934,1247,215941,1496,3,149,-6,1665,238,17191,12,643,173,"Knox County",470313,457.780244220338,0.184390873175845,318.08604057298,49.9667242878679,354.019557188511,18.4390873175845
2020-11-26,18770,344,17827,341,943,3,19758,441,194687,1429,214445,1870,4,146,48,1671,292,16953,5,631,170,"Knox County",470313,437.155681429176,0.18080888183981,397.607550716225,73.1427793830917,355.295303340541,18.080888183981
2020-11-25,18426,219,17486,193,940,26,19317,123,193258,325,212575,448,0,142,-58,1623,277,16661,3,626,164,"Knox County",470313,442.896539113314,0.180354529191738,95.2557126849566,46.5647345491194,345.089334124296,18.0354529191738
2020-11-24,18207,153,17293,130,914,23,19194,116,192933,673,212127,789,2,142,-111,1681,262,16384,6,623,162,"Knox County",470313,389.740449445369,0.177484787018256,167.760618992033,32.5315268767821,357.421546927259,17.7484787018256
2020-11-23,18054,167,17163,147,891,20,19078,100,192260,391,211338,491,3,140,-97,1792,261,16122,7,617,160,"Knox County",470313,343.388339254922,0.174884437596302,104.398560107843,35.508267898187,381.022850739826,17.4884437596302
2020-11-22,17887,220,17016,212,871,8,18978,258,191869,1804,210847,2062,2,137,86,1889,132,15861,5,610,153,"Knox County",470313,342.112593102891,0.168329441732116,438.431427581207,46.7773589077912,401.647413530989,16.8329441732116
2020-11-21,17667,173,16804,169,863,4,18720,198,190065,1465,208785,1663,0,135,2,1803,171,15729,4,605,151,"Knox County",470313,321.275405953057,0.168386438371697,353.594308471167,36.7840140502176,383.361718685216,16.8386438371697
2020-11-20,17494,178,16635,169,859,9,18522,163,188600,791,207122,954,7,135,-17,1801,188,15558,5,601,149,"Knox County",470313,309.155817508765,0.169022592726833,202.843638172876,37.8471358435765,382.936469967872,16.9022592726833
2020-11-19,17316,166,16466,148,850,18,18359,128,187809,663,206168,791,2,128,-28,1818,192,15370,4,596,145,"Knox County",470313,271.308681665189,0.15087524312309,168.185867709377,35.2956435395152,386.551084065293,15.087524312309
2020-11-18,17150,168,16318,163,832,5,18231,179,187146,874,205377,1053,0,126,-9,1846,177,15178,7,592,140,"Knox County",470313,260.464839372928,0.146353966423171,223.893449681382,35.7208922568587,392.504566108102,14.6353966423171
2020-11-17,16982,248,16155,240,827,8,18052,260,186272,1033,204324,1293,9,126,86,1855,153,15001,7,585,138,"Knox County",470313,280.664153446747,0.154809197062718,274.923295762609,52.730840950601,394.418185336148,15.4809197062718
2020-11-16,16734,272,15915,261,819,11,17792,286,185239,1409,203031,1695,2,117,79,1769,191,14848,6,578,137,"Knox County",470313,302.989711107284,0.154768163179476,360.398287948664,57.8338255587237,376.132490490376,15.4768163179476
2020-11-15,16462,274,15654,247,808,27,17506,295,183830,2278,201336,2573,2,115,162,1690,110,14657,3,572,135,"Knox County",470313,314.47142647556,0.150568748752744,547.082474862485,58.2590742760672,359.335166155305,15.0568748752744
2020-11-14,16188,306,15407,293,781,13,17211,321,181552,1699,198763,2020,0,113,188,1528,118,14547,7,569,131,"Knox County",470313,342.750466178906,0.157240581944311,429.501204516992,65.0630537535641,324.890020050477,15.7240581944311
2020-11-13,15882,219,15114,200,768,19,16890,190,179853,965,196743,1155,4,113,73,1340,142,14429,6,562,128,"Knox County",470313,351.468064884449,0.156805293005671,245.581134265904,46.5647345491194,284.916640620183,15.6805293005671
2020-11-12,15663,143,14914,130,749,13,16700,136,178888,955,195588,1091,1,109,-3,1267,145,14287,3,556,127,"Knox County",470313,346.577704634998,0.153216911764706,231.97317531091,30.4052832900643,269.395062437143,15.3216911764706
2020-11-11,15520,191,14784,177,736,14,16564,191,177933,1229,194497,1420,3,108,23,1270,165,14142,7,553,125,"Knox County",470313,351.468064884449,0.149284253578732,301.926589313925,40.6112525063096,270.032935513158,14.9284253578732
2020-11-10,15329,168,14607,163,722,5,16373,186,176704,1131,193077,1317,2,105,24,1247,142,13977,4,546,123,"Knox County",470313,334.458116190707,0.142400851743412,280.026280370732,35.7208922568587,265.142575263707,14.2400851743412
2020-11-09,15161,135,14444,121,717,14,16187,131,175573,490,191760,621,1,103,-15,1223,149,13835,2,542,121,"Knox County",470313,305.328579052673,0.142198685888006,132.039726735174,28.7042884206901,260.039590655585,14.2198685888006
2020-11-08,15026,215,14323,203,703,12,16056,252,175083,2625,191139,2877,1,102,94,1238,120,13686,3,540,119,"Knox County",470313,292.783741891039,0.133987239310542,611.720279898706,45.7142371144323,263.228956035661,13.3987239310542
2020-11-07,14811,169,14120,161,691,8,15804,187,172458,1918,188262,2105,1,101,59,1144,109,13566,5,537,114,"Knox County",470313,263.654204753005,0.120253164556962,447.574275004093,35.9335166155305,243.242266320514,12.0253164556962
2020-11-06,14642,155,13959,138,683,17,15617,160,170540,1236,186157,1396,0,100,24,1085,131,13457,5,532,114,"Knox County",470313,250.046245798011,0.114805578645978,296.823604705802,32.9567755941256,230.697429158879,11.4805578645978
2020-11-05,14487,158,13821,142,666,16,15457,151,169304,613,184761,764,1,100,34,1061,123,13326,6,527,111,"Knox County",470313,253.235611178088,0.119809523809524,162.445010025239,33.5946486701409,225.594444550757,11.9809523809524
2020-11-04,14329,145,13679,133,650,12,15306,148,168691,934,183997,1082,-1,99,20,1027,126,13203,5,521,110,"Knox County",470313,243.454890679186,0.119563078134226,230.059556082864,30.8305320074078,218.365216355916,11.9563078134226
2020-11-03,14184,196,13546,183,638,13,15158,195,167757,836,182915,1031,3,100,44,1007,149,13077,5,516,108,"Knox County",470313,249.408372721996,0.123936816524909,219.215713790603,41.6743742996685,214.112729182481,12.3936816524909
2020-11-02,13988,116,13363,110,625,6,14963,115,166921,807,181884,922,1,97,-36,963,151,12928,2,511,107,"Knox County",470313,245.368509907232,0.118699027218237,196.039658695379,24.6644256059263,204.757257400922,11.8699027218237
2020-11-01,13872,124,13253,116,619,8,14848,131,166114,1273,180962,1404,0,96,15,999,109,12777,3,509,105,"Knox County",470313,226.0196932681,0.124885110294118,298.524599575177,26.3654204753005,212.411734313106,12.4885110294118
2020-10-31,13748,5,13137,5,611,0,14717,7,164841,4,179558,11,0,96,-99,984,104,12668,0,506,103,"Knox County",470313,191.149298445929,0.137216338880484,2.33886794538956,1.06312179335889,209.22236893303,13.7216338880484
2020-10-30,13743,156,13132,146,611,10,14710,148,164837,853,179547,1001,1,96,27,1083,128,12564,4,506,102,"Knox County",470313,191.3619228046,0.144006436041834,212.83698303045,33.1693999527974,230.272180441536,14.4006436041834
2020-10-29,13587,152,12986,138,601,14,14562,136,163984,1569,178546,1705,0,95,49,1056,103,12436,4,502,102,"Knox County",470313,190.08617665257,0.122973728339855,362.524531535382,32.3189025181103,224.531322757398,12.2973728339855
2020-10-28,13435,103,12848,96,587,7,14426,102,162415,1055,176841,1157,3,95,-47,1007,147,12333,8,498,101,"Knox County",470313,181.155953588355,0.115336744571982,246.006382983247,21.9003089431931,214.112729182481,11.5336744571982
2020-10-27,13332,119,12752,113,580,6,14324,127,161360,799,175684,926,1,92,-6,1054,124,12186,3,490,100,"Knox County",470313,164.783877970628,0.107493685096829,196.890156130067,25.3022986819416,224.106074040054,10.7493685096829
2020-10-26,13213,81,12639,74,574,7,14197,73,160561,372,174758,445,2,91,-72,1060,151,12062,1,487,98,"Knox County",470313,157.342025417116,0.108888554669875,94.6178396089413,17.222573052414,225.381820192085,10.8888554669875
2020-10-25,13132,132,12565,121,567,11,14124,151,160189,1365,174313,1516,0,89,53,1132,79,11911,3,486,98,"Knox County",470313,159.04302028649,0.110042893063156,322.338527746416,28.0664153446747,240.690774016453,11.0042893063156
2020-10-24,13000,172,12444,167,556,5,13973,202,158824,1789,172797,1991,0,89,56,1079,116,11832,5,483,97,"Knox County",470313,194.551288184677,0.107424779773481,423.33509811551,36.5713896915458,229.421683006849,10.7424779773481
2020-10-23,12828,159,12277,148,551,11,13771,172,157035,1239,170806,1411,1,89,40,1023,118,11716,5,478,96,"Knox County",470313,195.189161260692,0.105234400611955,300.012970085879,33.8072730288127,217.514718921229,10.5234400611955
2020-10-22,12669,182,12129,168,540,14,13599,169,155796,1607,169395,1776,1,88,59,983,122,11598,5,473,96,"Knox County",470313,201.567892020846,0.108002602472349,377.620861001078,38.6976332782636,209.009744574358,10.8002602472349
2020-10-21,12487,72,11961,68,526,4,13430,74,154189,682,167619,756,0,87,-32,924,104,11476,1,468,96,"Knox County",470313,194.976536902021,0.109738124929146,160.744015155864,15.308953824368,196.464907412723,10.9738124929146
2020-10-20,12415,127,11893,121,522,6,13356,150,153507,739,166863,889,0,87,13,956,114,11372,7,467,95,"Knox County",470313,196.677531771395,0.112818761384335,189.023054859211,27.0032935513158,203.26888689022,11.2818761384335
2020-10-19,12288,112,11772,107,516,5,13206,117,152768,939,165974,1056,1,87,-9,943,120,11258,6,460,94,"Knox County",470313,203.26888689022,0.110164981373071,224.531322757398,23.8139281712392,200.504770227487,11.0164981373071
2020-10-18,12176,140,11665,135,511,5,13089,168,151829,1431,164918,1599,0,86,51,952,89,11138,7,454,94,"Knox County",470313,204.969881759594,0.11099388056552,339.986349516173,29.7674102140489,202.418389455533,11.099388056552
2020-10-17,12036,128,11530,125,506,3,12921,154,150398,1458,163319,1612,1,86,42,901,85,11049,3,447,93,"Knox County",470313,195.614409978036,0.110341795801736,342.750466178906,27.2159179099876,191.574547163272,11.0341795801736
2020-10-16,11908,72,11405,71,503,1,12767,61,148940,390,161707,451,1,85,-26,859,97,10964,3,444,92,"Knox County",470313,177.116090773591,0.109718638653397,95.893585760972,15.308953824368,182.644324099057,10.9718638653397
2020-10-15,11836,74,11334,62,502,12,12706,66,148550,941,161256,1007,1,84,-56,885,129,10867,3,441,90,"Knox County",470313,154.152660037039,0.10719131614654,214.112729182481,15.7342025417116,188.172557424524,10.719131614654
2020-10-14,11762,149,11272,143,490,6,12640,150,147609,1086,160249,1236,0,83,58,941,91,10738,5,438,88,"Knox County",470313,170.524735654766,0.11031847133758,262.803707318318,31.6810294420949,200.079521510143,11.031847133758
2020-10-13,11613,71,11129,68,484,3,12490,63,146523,581,159013,644,1,83,-36,883,106,10647,6,433,88,"Knox County",470313,158.617771569146,0.102432610124918,136.930086984625,15.0963294656962,187.74730870718,10.2432610124918
2020-10-12,11542,79,11061,66,481,13,12427,87,145942,806,158369,893,0,82,-42,919,121,10541,5,427,87,"Knox County",470313,151.601167732978,0.100644987906477,189.873552293898,16.7973243350705,195.401785619364,10.0644987906477
2020-10-11,11463,170,10995,163,468,7,12340,179,145136,1612,157476,1791,0,82,94,961,76,10420,8,422,85,"Knox County",470313,157.979898493131,0.0995546240503013,380.810226381155,36.1461409742023,204.332008683579,9.95546240503013
2020-10-10,11293,130,10832,122,461,8,12161,132,143524,1393,155685,1525,0,82,46,867,84,10344,3,414,85,"Knox County",470313,158.405147210475,0.0977872002120048,324.252146974462,27.6411666273312,184.345318968432,9.77872002120048
2020-10-09,11163,120,10710,118,453,2,12029,134,142131,1336,154160,1470,0,82,34,821,86,10260,3,411,85,"Knox County",470313,168.61111642672,0.0946766285314032,312.557807247514,25.5149230406134,174.56459846953,9.46766285314032
2020-10-08,11043,110,10592,102,451,8,11895,103,140795,943,152690,1046,1,82,32,787,77,10174,4,408,85,"Knox County",470313,176.265593338904,0.0985473561882626,222.40507917068,23.3886794538956,167.335370274689,9.85473561882626
2020-10-07,10933,104,10490,88,443,16,11792,95,139852,1650,151644,1745,0,81,11,755,93,10097,5,404,85,"Knox County",470313,166.697497198674,0.087008997147246,371.029505882253,22.1129333018649,160.531390797193,8.7008997147246
2020-10-06,10829,115,10402,102,427,13,11697,114,138202,1393,149899,1507,0,81,3,744,112,10004,4,399,84,"Knox County",470313,176.052968980232,0.0845945675052621,320.42490851837,24.4518012472545,158.192522851803,8.45945675052621
2020-10-05,10714,118,10300,109,414,9,11583,123,136809,1238,148392,1361,0,81,11,741,107,9892,5,395,84,"Knox County",470313,184.345318968432,0.0842508377213978,289.38175215229,25.0896743232698,157.554649775788,8.42508377213978
2020-10-04,10596,96,10191,89,405,7,11460,99,135571,1827,147031,1926,1,81,31,730,64,9785,2,390,82,"Knox County",470313,168.61111642672,0.0756143667296786,409.514514801845,20.4119384324907,155.215781830398,7.56143667296786
2020-10-03,10500,77,10102,76,398,1,11361,92,133744,1864,145105,1956,0,80,6,699,71,9721,2,388,82,"Knox County",470313,157.342025417116,0.0690218872037054,415.893245561998,16.3720756177269,148.624426711573,6.90218872037054
2020-10-02,10423,82,10026,79,397,3,11269,82,131880,602,143149,684,0,80,-17,693,99,9650,1,386,82,"Knox County",470313,149.262299787588,0.0692420537897311,145.435061331496,17.4351974110858,147.348680559542,6.92420537897311
2020-10-01,10341,71,9947,68,394,3,11187,73,131278,683,142465,756,0,80,2,710,69,9551,1,385,82,"Knox County",470313,140.969949799389,0.0682435832913941,160.744015155864,15.0963294656962,150.963294656962,6.82435832913941
2020-09-30,10270,75,9879,72,391,3,11114,70,130595,675,141709,745,1,80,-32,708,106,9482,2,384,82,"Knox County",470313,134.803843397907,0.0730833799664242,158.405147210475,15.9468269003834,150.538045939619,7.30833799664242
2020-09-29,10195,80,9807,75,388,5,11044,87,129920,1140,140964,1227,-1,79,-16,740,97,9376,2,382,82,"Knox County",470313,127.361990844395,0.0723281340265742,260.890088090272,17.0099486937423,157.342025417116,7.23281340265742
2020-09-28,10115,57,9732,51,383,6,10957,49,128780,431,139737,480,1,80,-70,756,126,9279,3,380,81,"Knox County",470313,114.391904965417,0.0710059171597633,102.059692162454,12.1195884442914,160.744015155864,7.10059171597633
2020-09-27,10058,72,9681,67,377,5,10908,79,128349,978,139257,1057,0,79,-18,826,90,9153,3,377,79,"Knox County",470313,109.288920357294,0.0770456191165822,224.74394711607,15.308953824368,175.627720262889,7.70456191165822
2020-09-26,9986,127,9614,122,372,5,10829,136,127371,2087,138200,2223,4,79,9,844,114,9063,5,374,79,"Knox County",470313,119.920138290883,0.0803123257110987,472.663949327363,27.0032935513158,179.454958718981,8.03123257110987
2020-09-25,9859,102,9492,100,367,2,10693,103,125284,1439,135977,1542,0,75,-3,835,105,8949,1,369,79,"Knox County",470313,124.172625464318,0.074346201743462,327.866761071882,21.6876845845214,177.541339490935,7.4346201743462
2020-09-24,9757,92,9392,89,365,3,10590,105,123845,1717,134435,1822,0,75,-52,838,144,8844,3,368,76,"Knox County",470313,128.637736996426,0.0691512752858399,387.40158149998,19.5614409978036,178.17921256695,6.91512752858399
2020-09-23,9665,53,9303,52,362,1,10485,49,122128,432,132613,481,2,75,-123,890,174,8700,2,365,76,"Knox County",470313,123.960001105647,0.0688405797101449,102.272316521125,11.2690910096042,189.235679217883,6.88405797101449
2020-09-22,9612,82,9251,75,361,7,10436,88,121696,1140,132132,1228,1,73,-53,1013,134,8526,3,363,76,"Knox County",470313,124.38524982299,0.0689459979621873,261.102712448944,17.4351974110858,215.388475334511,6.89459979621873
2020-09-21,9530,34,9176,30,354,4,10348,32,120556,379,130904,411,0,72,-103,1066,137,8392,2,360,76,"Knox County",470313,119.494889573539,0.0675490643541762,87.3886114141008,7.22922819484046,226.657566344116,6.75490643541762
2020-09-20,9496,97,9146,78,350,19,10316,88,120177,707,130493,795,0,72,-17,1169,114,8255,1,358,76,"Knox County",470313,124.810498540334,0.0706892495883322,169.036365144064,20.6245627911625,248.557875287309,7.06892495883322
2020-09-19,9399,132,9068,129,331,3,10228,136,119470,1466,129698,1602,1,72,31,1186,100,8141,5,357,74,"Knox County",470313,125.873620333693,0.0762593579494988,340.624222592189,28.0664153446747,252.172489384729,7.62593579494988
2020-09-18,9267,118,8939,114,328,4,10092,129,118004,1606,128096,1735,3,71,-16,1155,131,8041,3,352,74,"Knox County",470313,129.275610072441,0.0776566757493188,368.903262295535,25.0896743232698,245.581134265904,7.76566757493188
2020-09-17,9149,126,8825,119,324,7,9963,124,116398,1516,126361,1640,0,68,-15,1171,141,7910,6,349,74,"Knox County",470313,136.504838267282,0.0818550430816016,348.703948221716,26.790669192644,248.983124004652,8.18550430816016
2020-09-16,9023,99,8706,77,317,22,9839,117,114882,768,124721,885,1,68,-90,1186,188,7769,3,343,72,"Knox County",470313,146.285558766183,0.0860655737704918,188.172557424524,21.049811508506,252.172489384729,8.60655737704918
2020-09-15,8924,132,8629,126,295,6,9722,136,114114,1338,123836,1474,0,67,-65,1276,197,7581,3,340,71,"Knox County",470313,156.916776699772,0.089206274877078,313.408304682201,28.0664153446747,271.308681665189,8.9206274877078
2020-09-14,8792,127,8503,124,289,3,9586,136,112776,902,122362,1038,0,67,-68,1341,195,7384,5,337,71,"Knox County",470313,176.690842056248,0.0944486857890719,220.704084301306,27.0032935513158,285.129264978855,9.44486857890719
2020-09-13,8665,143,8379,136,286,7,9450,148,111874,1008,121324,1156,0,67,-8,1409,151,7189,0,332,71,"Knox County",470313,186.471562555149,0.0971668415529906,245.793758624576,30.4052832900643,299.587721368535,9.71668415529906
2020-09-12,8522,130,8243,123,279,7,9302,141,110866,1177,120168,1318,1,67,29,1417,100,7038,1,332,71,"Knox County",470313,186.046313837806,0.100692191217824,280.238904729404,27.6411666273312,301.28871623791,10.0692191217824
2020-09-11,8392,104,8120,95,272,9,9161,106,109689,773,118850,879,0,66,-17,1388,121,6938,5,331,69,"Knox County",470313,183.069572816401,0.108224076281287,186.896811272493,22.1129333018649,295.122609836428,10.8224076281287
2020-09-10,8288,192,8025,189,263,3,9055,192,108916,1501,117971,1693,0,66,89,1405,103,6817,5,326,67,"Knox County",470313,197.102780488738,0.115598720833827,359.97303923132,40.8238768649814,298.737223933848,11.5598720833827
2020-09-09,8096,91,7836,82,260,9,8863,93,107415,1710,116278,1803,0,66,-23,1316,114,6714,2,321,67,"Knox County",470313,195.401785619364,0.101698536481145,383.361718685216,19.3488166391318,279.81365601206,10.1698536481145
2020-09-08,8005,126,7754,124,251,2,8770,133,105705,702,114475,835,1,66,30,1339,95,6600,8,319,67,"Knox County",470313,194.126039467333,0.108805319880761,177.541339490935,26.790669192644,284.704016261511,10.8805319880761
2020-09-07,7879,95,7630,92,249,3,8637,98,105003,347,113640,445,1,65,11,1309,83,6505,0,311,67,"Knox County",470313,187.322059989837,0.112067905031369,94.6178396089413,20.1993140738189,278.325285501358,11.2067905031369
2020-09-06,7784,96,7538,92,246,4,8539,94,104656,476,113195,570,0,64,23,1298,73,6422,1,311,67,"Knox County",470313,177.328715132263,0.113615272438022,121.195884442914,20.4119384324907,275.986417555968,11.3615272438022
2020-09-05,7688,284,7446,282,242,2,8445,295,104180,1506,112625,1801,0,64,215,1275,69,6349,4,310,64,"Knox County",470313,210.072866367717,0.125965611761774,382.936469967872,60.385317862785,271.096057306517,12.5965611761774
2020-09-04,7404,93,7164,89,240,4,8150,97,102674,565,110824,662,1,64,16,1060,76,6280,0,306,64,"Knox County",470313,207.733998422327,0.12831348444103,140.757325440717,19.7740653564754,225.381820192085,12.831348444103
2020-09-03,7311,190,7075,184,236,6,8053,198,102109,1798,110162,1996,2,63,107,1044,81,6204,6,306,64,"Knox County",470313,207.308749704984,0.124260355029586,424.398219908869,40.3986281476379,221.979830453336,12.4260355029586
2020-09-02,7121,124,6891,120,230,4,7855,121,100311,1461,108166,1582,2,61,40,937,82,6123,5,300,63,"Knox County",470313,214.325353541152,0.131288810036751,336.371735418753,26.3654204753005,199.229024075456,13.1288810036751
2020-09-01,6997,153,6771,146,226,7,7734,158,98850,660,106584,818,2,59,64,897,87,6041,4,295,62,"Knox County",470313,220.06621122529,0.134747269494539,173.926725393515,32.5315268767821,190.724049728585,13.4747269494539
2020-08-31,6844,99,6625,93,219,6,7576,94,98190,431,105766,525,0,57,18,833,81,5954,3,291,59,"Knox County",470313,220.916708659978,0.132889112396279,111.627788302684,21.049811508506,177.116090773591,13.2889112396279
2020-08-30,6745,72,6532,71,213,1,7482,76,97759,423,105241,499,1,57,5,815,66,5873,1,288,59,"Knox County",470313,215.813724051855,0.131802613218318,106.099554977217,15.308953824368,173.288852317499,13.1802613218318
2020-08-29,6673,118,6461,113,212,5,7406,125,97336,1391,104742,1516,5,56,37,810,76,5807,3,287,57,"Knox County",470313,180.51808051234,0.114372203211371,322.338527746416,25.0896743232698,172.22573052414,11.4372203211371
2020-08-28,6555,89,6348,85,207,4,7281,91,95945,309,103226,400,0,51,-7,773,96,5731,3,284,57,"Knox County",470313,179.667583077653,0.117639040348964,85.0497434687113,18.9235679217883,164.358629253285,11.7639040348964
2020-08-27,6466,116,6263,112,203,4,7190,134,95636,1987,102826,2121,0,51,24,780,92,5635,2,281,57,"Knox County",470313,163.933380535941,0.107090202385739,450.976264742841,24.6644256059263,165.846999763987,10.7090202385739
2020-08-26,6350,77,6151,76,199,1,7056,86,93649,794,100705,880,0,51,-15,756,92,5543,3,279,56,"Knox County",470313,153.940035678367,0.113034472555112,187.109435631165,16.3720756177269,160.744015155864,11.3034472555112
2020-08-25,6273,87,6075,82,198,5,6970,96,92855,896,99825,992,2,51,-6,771,91,5451,3,276,55,"Knox County",470313,139.90682800603,0.101254868022501,210.923363802404,18.4983192044447,163.933380535941,10.1254868022501
2020-08-24,6186,32,5993,28,193,4,6874,29,91959,261,98833,290,0,49,-66,777,98,5360,1,273,55,"Knox County",470313,125.660995975021,0.0951030158256196,61.6610640148157,6.8039794774969,165.209126687972,9.51030158256196
2020-08-23,6154,76,5965,75,189,1,6845,74,91698,566,98543,640,0,49,13,843,63,5262,3,272,55,"Knox County",470313,126.511493409708,0.0928498318467612,136.079589549938,16.1594512590551,179.242334360309,9.28498318467612
2020-08-22,6078,137,5890,136,188,1,6771,154,91132,1892,97903,2046,0,49,70,830,67,5199,4,269,55,"Knox County",470313,130.551356224472,0.0901072058623965,435.029437842458,29.1295371380336,176.478217697576,9.01072058623965
2020-08-21,5941,30,5754,30,187,0,6617,41,89240,262,95857,303,1,49,-62,760,91,5132,1,265,55,"Knox County",470313,118.006519062837,0.0844334433443344,64.4251806775488,6.37873076015334,161.594512590551,8.44334433443344
2020-08-20,5911,119,5724,117,187,2,6576,130,88978,2068,95554,2198,3,48,24,822,92,5041,3,264,55,"Knox County",470313,118.644392138852,0.0830044904068581,467.348340360568,25.3022986819416,174.777222828202,8.30044904068581
2020-08-19,5792,46,5607,41,185,5,6446,48,86910,608,93356,656,2,45,-50,798,94,4949,4,261,55,"Knox County",470313,112.053037020027,0.080280701754386,139.481579288686,9.7807204989018,169.674238220079,8.0280701754386
2020-08-18,5746,134,5566,132,180,2,6398,152,86302,1164,92700,1316,0,43,3,848,131,4855,4,257,55,"Knox County",470313,122.046381877601,0.0843066183380319,279.81365601206,28.4916640620183,180.305456153668,8.43066183380319
2020-08-17,5612,50,5434,42,178,8,6246,50,85138,289,91384,339,1,43,-70,845,119,4724,0,253,54,"Knox County",470313,125.873620333693,0.0865564150440117,72.0796575897328,10.6312179335889,179.667583077653,8.65564150440117
2020-08-16,5562,83,5392,78,170,5,6196,82,84849,587,91045,669,0,42,11,915,72,4605,1,253,53,"Knox County",470313,127.361990844395,0.0872857712235951,142.24569595142,17.6478217697576,194.551288184677,8.72857712235951
2020-08-15,5479,119,5314,116,165,3,6114,132,84262,1223,90376,1355,1,42,42,904,76,4533,2,252,52,"Knox County",470313,123.534752388303,0.0928905792861322,288.106006000259,25.3022986819416,192.212420239287,9.28905792861323
2020-08-14,5360,91,5198,83,162,8,5982,96,83039,1024,89021,1120,0,41,5,862,86,4457,2,250,52,"Knox County",470313,136.504838267282,0.0901607212857703,238.139281712392,19.3488166391318,183.282197175073,9.01607212857703
2020-08-13,5269,127,5115,126,154,1,5886,229,82015,1778,87901,2007,1,41,13,857,113,4371,4,248,51,"Knox County",470313,138.205833136656,0.105735727686947,426.737087854259,27.0032935513158,182.219075381714,10.5735727686947
2020-08-12,5142,79,4989,72,153,7,5657,88,80237,892,85894,980,0,40,-40,844,119,4258,1,244,50,"Knox County",470313,145.222436972824,0.106473156948369,208.371871498343,16.7973243350705,179.454958718981,10.6473156948369
2020-08-11,5063,111,4917,108,146,3,5569,117,79345,1121,84914,1238,0,40,2,884,109,4139,5,243,50,"Knox County",470313,140.332076723374,0.103009859885833,263.228956035661,23.6013038125674,187.959933065852,10.3009859885833
2020-08-10,4952,37,4809,35,143,2,5452,35,78224,365,83676,400,1,40,-94,882,130,4030,0,238,48,"Knox County",470313,137.56796006064,0.100270305058566,85.0497434687113,7.86710127085579,187.534684348508,10.0270305058566
2020-08-09,4915,85,4774,81,141,4,5417,109,77859,826,83276,935,1,39,25,976,59,3900,4,238,48,"Knox County",470313,137.993208777984,0.10031113876789,198.803775358113,18.0730704871011,207.521374063655,10.031113876789
2020-08-08,4830,157,4693,156,137,1,5308,176,77033,2284,82341,2460,1,38,96,951,60,3841,4,234,47,"Knox County",470313,146.072934407512,0.0929978118161926,523.055922332574,33.3820243114692,202.205765096861,9.29978118161926
2020-08-07,4673,50,4537,46,136,4,5132,44,74749,403,79881,447,0,37,-34,855,84,3781,0,230,45,"Knox County",470313,137.355335701969,0.0942482579426007,95.0430883262848,10.6312179335889,181.79382666437,9.42482579426007
2020-08-06,4623,113,4491,105,132,8,5088,121,74346,1463,79434,1584,-1,37,41,889,73,3697,5,230,43,"Knox County",470313,134.378594680564,0.0857782197911487,336.796984136097,24.0265525299109,189.023054859211,8.57782197911487
2020-08-05,4510,99,4386,99,124,0,4967,100,72883,1107,77850,1207,1,38,-1,848,99,3624,3,225,42,"Knox County",470313,138.631081853999,0.0848748639825898,256.637600916836,21.049811508506,180.305456153668,8.48748639825898
2020-08-04,4411,112,4287,111,124,1,4867,106,71776,1082,76643,1188,1,37,-31,849,142,3525,9,222,41,"Knox County",470313,138.843706212671,0.0840530349105948,252.597738102072,23.8139281712392,180.51808051234,8.40530349105948
2020-08-03,4299,50,4176,50,123,0,4761,81,70694,593,75455,674,2,36,-59,880,107,3383,1,213,41,"Knox County",470313,141.607822875404,0.0867569158328429,143.308817744778,10.6312179335889,187.109435631165,8.67569158328429
2020-08-02,4249,97,4126,91,123,6,4680,95,70101,692,74781,787,3,34,28,939,66,3276,2,212,40,"Knox County",470313,144.159315179466,0.0866179465676291,167.335370274689,20.6245627911625,199.6542727928,8.66179465676291
2020-08-01,4152,118,4035,110,117,8,4585,118,69409,1417,73994,1535,1,31,29,911,88,3210,1,210,40,"Knox County",470313,135.866965191266,0.0895984909727836,326.37839056118,25.0896743232698,193.70079074999,8.95984909727836
2020-07-31,4034,117,3925,114,109,3,4467,116,67992,1060,72459,1176,2,30,9,882,106,3122,1,209,39,"Knox County",470313,150.112797222275,0.0904183535762483,250.046245798011,24.877049964598,187.534684348508,9.04183535762483
2020-07-30,3917,189,3811,186,106,3,4351,227,66932,2420,71283,2647,1,28,78,873,110,3016,7,208,36,"Knox County",470313,166.272248481331,0.0914912090297374,562.816677404197,40.1860037889661,185.621065120462,9.14912090297373
2020-07-29,3728,75,3625,71,103,4,4124,60,64512,438,68636,498,0,27,-40,795,115,2906,3,201,34,"Knox County",470313,161.169263873208,0.0944150499706055,105.886930618546,15.9468269003834,169.036365144064,9.44150499706055
2020-07-28,3653,154,3554,152,99,2,4064,186,64074,1211,68138,1397,1,27,46,835,107,2791,3,198,30,"Knox County",470313,170.099486937423,0.101331191186596,297.036229064474,32.7441512354538,177.541339490935,10.1331191186596
2020-07-27,3499,83,3402,76,97,7,3878,85,62863,677,66741,762,3,26,-36,789,116,2684,2,195,30,"Knox County",470313,177.116090773591,0.100772551692797,162.019761307895,17.6478217697576,167.760618992033,10.0772551692797
2020-07-26,3416,118,3326,113,90,5,3793,132,62186,1473,65979,1605,0,23,49,825,69,2568,2,193,29,"Knox County",470313,181.581202305699,0.0960498960498961,341.262095668204,25.0896743232698,175.415095904217,9.6049896049896
2020-07-25,3298,175,3213,172,85,3,3661,197,60713,1949,64374,2146,2,23,95,776,78,2499,3,191,28,"Knox County",470313,193.70079074999,0.0980353826605415,456.291873709636,37.2092627675612,164.9965023293,9.80353826605415
2020-07-24,3123,106,3041,99,82,7,3464,113,58764,916,62228,1029,0,21,-15,681,121,2421,4,188,25,"Knox County",470313,191.3619228046,0.0991669972233241,218.79046507326,22.5381820192085,144.797188255481,9.91669972233241
2020-07-23,3017,205,2942,197,75,8,3351,254,57848,2389,61199,2643,0,21,89,696,116,2300,4,184,25,"Knox County",470313,194.763912543349,0.101884920634921,561.96617996951,43.5879935277145,147.986553635558,10.1884920634921
2020-07-22,2812,69,2745,61,67,8,3097,63,55459,437,58556,500,3,21,-68,607,134,2184,3,180,24,"Knox County",470313,193.488166391318,0.102162269390994,106.312179335889,14.6710807483527,129.062985713769,10.2162269390994
2020-07-21,2743,232,2684,228,59,4,3034,280,55022,1691,58056,1971,0,18,120,675,112,2050,12,177,24,"Knox County",470313,210.072866367717,0.10548048048048,419.082610942075,49.3288512118525,143.52144210345,10.548048048048
2020-07-20,2511,74,2456,70,55,4,2754,57,53331,364,56085,421,0,18,-59,555,133,1938,4,165,23,"Knox County",470313,208.159247139671,0.106253029568589,89.5148550008186,15.7342025417116,118.006519062837,10.6253029568589
2020-07-19,2437,84,2386,74,51,10,2697,74,52967,577,55664,651,0,18,-16,614,100,1805,0,161,22,"Knox County",470313,200.93001894483,0.110885589146459,138.418457495328,17.8604461284294,130.551356224472,11.0885589146459
2020-07-18,2353,112,2312,109,41,3,2623,146,52390,2258,55013,2404,1,18,36,630,75,1705,8,161,20,"Knox County",470313,187.534684348508,0.102609418858509,511.148958246955,23.8139281712392,133.95334596322,10.2609418858509
2020-07-17,2241,74,2203,74,38,0,2477,80,50132,347,52609,427,0,17,3,594,71,1630,6,153,19,"Knox County",470313,180.730704871011,0.105800155262282,90.7906011528493,15.7342025417116,126.298869051036,10.5800155262282
2020-07-16,2167,187,2129,185,38,2,2397,228,49785,2035,52182,2263,2,17,97,591,88,1559,3,147,17,"Knox County",470313,176.903466414919,0.107444714599977,481.168923674234,39.7607550716225,125.660995975021,10.7444714599977
2020-07-15,1980,78,1944,78,36,0,2169,80,47750,511,49919,591,3,15,-14,494,89,1471,4,144,17,"Knox County",470313,178.817085642965,0.10827222731439,125.660995975021,16.5846999763987,105.036433183858,10.827222731439
2020-07-14,1902,95,1866,95,36,0,2089,127,47239,777,49328,904,2,12,12,508,81,1382,1,140,16,"Knox County",470313,149.687548504932,0.103380759691946,192.212420239287,20.1993140738189,108.013174205263,10.3380759691946
2020-07-13,1807,94,1771,92,36,2,1962,59,46462,655,48424,714,1,10,20,496,73,1301,2,139,15,"Knox County",470313,153.940035678367,0.099823987930601,151.81379209165,19.9866897151471,105.461681901202,9.9823987930601
2020-07-12,1713,69,1679,67,34,2,1903,87,45807,916,47710,1003,0,9,27,476,42,1228,4,137,12,"Knox County",470313,150.750670298291,0.097158680471948,213.262231747793,14.6710807483527,101.209194727766,9.7158680471948
2020-07-11,1644,28,1612,27,32,1,1816,36,44891,883,46707,919,0,9,-16,449,44,1186,2,133,11,"Knox County",470313,132.890224169861,0.10218443043542,195.401785619364,5.95348204280979,95.4683370436284,10.218443043542
2020-07-10,1616,78,1585,74,31,4,1780,68,44008,418,45788,486,0,9,29,465,49,1142,6,131,10,"Knox County",470313,133.740721604548,0.0995639534883721,103.335438314484,16.5846999763987,98.8703267823768,9.95639534883721
2020-07-09,1538,70,1511,66,27,4,1712,88,43590,1652,45302,1740,0,9,23,436,47,1093,8,125,10,"Knox County",470313,108.86367163995,0.0857322636463741,369.966384088894,14.8837051070245,92.7042203808953,8.57322636463741
2020-07-08,1468,70,1445,65,23,5,1624,63,41938,594,43562,657,1,9,15,413,54,1046,5,117,10,"Knox County",470313,107.162676770576,0.0822045773003269,139.694203647358,14.8837051070245,87.8138601314444,8.2204577300327
2020-07-07,1398,79,1380,79,18,0,1561,104,41344,1305,42905,1409,0,8,38,398,41,992,7,112,10,"Knox County",470313,103.760687031828,0.0728926096997691,299.587721368535,16.7973243350705,84.6244947513677,7.28926096997691
2020-07-06,1319,35,1301,35,18,0,1457,34,40039,658,41496,692,1,8,-19,360,53,951,6,105,9,"Knox County",470313,91.2158498701928,0.0695047784535187,147.13605620087,7.44185255351224,76.5447691218401,6.95047784535187
2020-07-05,1284,77,1266,77,18,0,1423,109,39381,1081,40804,1190,2,7,34,379,41,898,6,99,9,"Knox County",470313,92.9168447395671,0.0707740025377132,253.022986819416,16.3720756177269,80.5846319366039,7.07740025377132
2020-07-04,1207,41,1189,40,18,1,1314,50,38300,1141,39614,1191,0,5,4,345,37,857,1,93,8,"Knox County",470313,95.6809614023002,0.070061099796334,253.235611178088,8.7175987055429,73.3554037417635,7.0061099796334
2020-07-03,1166,62,1149,61,17,1,1264,49,37159,910,38423,959,0,5,27,341,35,820,4,92,6,"Knox County",470313,92.2789716635517,0.0634090329165603,203.906759966235,13.1827102376502,72.5049063070764,6.34090329165603
2020-07-02,1104,68,1088,68,16,0,1215,102,36249,1228,37464,1330,0,5,33,314,35,785,2,88,6,"Knox County",470313,91.8537229462082,0.0687937533656435,282.790397033465,14.4584563896809,66.7640486229383,6.87937533656435
2020-07-01,1036,49,1020,49,16,0,1113,34,35021,737,36134,771,0,5,25,281,24,750,4,86,6,"Knox County",470313,87.3886114141008,0.0639087775125961,163.933380535941,10.4185935749171,59.7474447867697,6.39087775125961
2020-06-30,987,40,971,39,16,1,1079,73,34284,1514,35363,1587,0,5,18,256,22,726,3,82,5,"Knox County",470313,79.0962614259015,0.058419689119171,337.434857212112,8.50497434687113,54.4318358199752,5.8419689119171
2020-06-29,947,51,932,51,15,0,1006,79,32770,1333,33776,1412,0,5,20,238,31,704,3,79,5,"Knox County",470313,82.4982511646499,0.0587677725118483,300.225594444551,10.8438422922607,50.6045973638832,5.87677725118483
2020-06-28,896,10,881,10,15,0,927,30,31437,684,32364,714,0,5,-5,218,15,673,1,76,5,"Knox County",470313,68.2524191336408,0.0523606228026118,151.81379209165,2.12624358671778,46.3521101904476,5.23606228026117
2020-06-27,886,29,871,29,15,0,897,16,30753,111,31650,127,0,5,18,223,11,658,3,75,5,"Knox County",470313,65.7009268295794,0.0555072463768116,27.0032935513158,6.16610640148157,47.4152319838065,5.55072463768116
2020-06-26,857,37,842,37,15,0,881,14,30642,319,31523,333,0,5,17,205,20,647,8,72,5,"Knox County",470313,60.385317862785,0.0554670066942939,70.8039114377021,7.86710127085579,43.5879935277145,5.54670066942939
2020-06-25,820,32,805,32,15,0,867,52,30323,702,31190,754,0,5,13,188,19,627,1,64,5,"Knox County",470313,52.730840950601,0.0522990522990523,160.318766438521,6.8039794774969,39.9733794302943,5.22990522990523
2020-06-24,788,35,773,34,15,1,815,32,29621,272,30436,304,0,5,22,175,13,608,1,63,5,"Knox County",470313,49.7540999291961,0.0565857388644619,64.6378050362206,7.44185255351224,37.2092627675612,5.65857388644619
2020-06-23,753,27,739,24,14,3,783,25,29349,216,30132,241,0,5,18,153,9,595,4,62,5,"Knox County",470313,46.989983266463,0.0638352638352638,51.2424704398985,5.74085768413801,32.5315268767821,6.38352638352638
2020-06-22,726,36,715,36,11,0,758,31,29133,572,29891,603,0,5,20,135,16,586,0,58,5,"Knox County",470313,43.8006178863863,0.0650195058517555,128.212488279082,7.65447691218401,28.7042884206901,6.50195058517555
2020-06-21,690,31,679,31,11,0,727,37,28561,815,29288,852,0,5,16,115,15,570,1,58,5,"Knox County",470313,48.2657294184936,0.0644057249533292,181.155953588355,6.59135511882512,24.4518012472545,6.44057249533292
2020-06-20,659,17,648,17,11,0,690,9,27746,437,28436,446,0,5,11,99,6,555,2,57,5,"Knox County",470313,45.7142371144323,0.0566091140673648,94.8304639676131,3.61461409742023,21.049811508506,5.66091140673648
2020-06-19,642,30,631,28,11,2,681,10,27309,334,27990,344,0,5,8,88,22,549,1,55,5,"Knox County",470313,44.2258666037299,0.0553047404063205,73.1427793830917,6.37873076015334,18.7109435631165,5.53047404063205
2020-06-18,612,15,603,15,9,0,671,18,26975,804,27646,822,0,5,2,80,13,527,0,54,5,"Knox County",470313,40.6112525063096,0.0448504983388704,174.777222828202,3.18936538007667,17.0099486937423,4.48504983388704
2020-06-17,597,17,588,17,9,0,653,13,26171,282,26824,295,0,5,-3,78,20,514,0,54,5,"Knox County",470313,36.7840140502176,0.0396891479322787,62.7241858081746,3.61461409742023,16.5846999763987,3.96891479322787
2020-06-16,580,9,571,8,9,1,640,9,25889,178,26529,187,0,5,-2,81,11,494,0,54,5,"Knox County",470313,32.9567755941256,0.0357847280924204,39.7607550716225,1.913619228046,17.222573052414,3.57847280924204
2020-06-15,571,8,563,8,8,0,631,9,25711,218,26342,227,0,5,-5,83,13,483,0,54,5,"Knox County",470313,27.0032935513158,0.0330917113142137,48.2657294184936,1.70099486937423,17.6478217697576,3.30917113142137
2020-06-14,563,8,555,8,8,0,622,9,25493,624,26115,633,0,5,4,88,4,470,0,54,5,"Knox County",470313,22.1129333018649,0.0260663507109005,134.591219039236,1.70099486937423,18.7109435631165,2.60663507109005
2020-06-13,555,10,547,8,8,2,613,9,24869,213,25482,222,0,5,0,84,10,466,3,54,5,"Knox County",470313,20.6245627911625,0.0282051282051282,47.2026076251348,2.12624358671778,17.8604461284294,2.82051282051282
2020-06-12,545,19,539,19,6,0,604,19,24656,750,25260,769,0,5,1,84,18,456,0,51,5,"Knox County",470313,18.2856948457729,0.0272583201267829,163.508131818597,4.03986281476378,17.8604461284294,2.72583201267829
2020-06-11,526,7,520,7,6,0,585,10,23906,379,24491,389,0,5,1,83,6,438,2,51,5,"Knox County",470313,16.5846999763987,0.0286554004408523,82.7108755233217,1.48837051070245,17.6478217697576,2.86554004408523
2020-06-10,519,12,513,12,6,0,575,12,23527,706,24102,718,0,5,-6,82,18,432,0,49,5,"Knox County",470313,15.5215781830398,0.024483306836248,152.664289526337,2.55149230406134,17.4351974110858,2.4483306836248
2020-06-09,507,16,501,16,6,0,563,19,22821,508,23384,527,0,5,5,88,11,414,1,49,5,"Knox County",470313,17.0099486937423,0.0249641319942611,112.053037020027,3.40198973874845,18.7109435631165,2.49641319942611
2020-06-08,491,8,485,8,6,0,544,8,22313,336,22857,344,0,5,4,83,4,403,1,48,5,"Knox County",470313,17.0099486937423,0.0238756246529706,73.1427793830917,1.70099486937423,17.6478217697576,2.38756246529706
2020-06-07,483,7,477,7,6,0,536,8,21977,849,22513,857,0,5,0,79,7,399,1,47,5,"Knox County",470313,16.7973243350705,0.0222164140094093,182.219075381714,1.48837051070245,16.7973243350705,2.22164140094093
2020-06-06,476,11,470,11,6,0,528,12,21128,478,21656,490,0,5,5,79,6,392,0,46,5,"Knox County",470313,17.0099486937423,0.021494870542257,104.185935749171,2.33886794538956,16.7973243350705,2.1494870542257
2020-06-05,465,18,459,18,6,0,516,17,20650,518,21166,535,0,5,7,74,11,386,1,46,5,"Knox County",470313,16.7973243350705,0.022279792746114,113.754031889401,3.82723845609201,15.7342025417116,2.2279792746114
2020-06-04,447,4,441,4,6,0,499,4,20132,338,20631,342,0,5,-1,67,5,375,0,45,5,"Knox County",470313,16.1594512590551,0.02098085496984,72.7175306657481,0.850497434687113,14.2458320310091,2.098085496984
2020-06-03,443,4,437,4,6,0,495,4,19794,399,20289,403,0,5,-3,68,7,370,0,45,5,"Knox County",470313,14.4584563896809,0.0205831903945112,85.6876165447266,0.850497434687113,14.4584563896809,2.05831903945112
2020-06-02,439,26,433,25,6,1,491,24,19395,939,19886,963,0,5,21,71,5,363,2,45,5,"Knox County",470313,16.5846999763987,0.0195729537366548,204.757257400922,5.52823332546623,15.0963294656962,1.95729537366548
2020-06-01,413,17,408,17,5,0,467,20,18456,972,18923,992,0,5,4,50,13,358,0,43,5,"Knox County",470313,18.4983192044447,0.0194238323876037,210.923363802404,3.61461409742023,10.6312179335889,1.94238323876037
2020-05-31,396,7,391,7,5,0,447,7,17484,317,17931,324,0,5,3,46,4,345,0,43,5,"Knox County",470313,18.4983192044447,0.0217337614225735,68.8902922096561,1.48837051070245,9.7807204989018,2.17337614225735
2020-05-30,389,6,384,6,5,0,440,6,17167,294,17607,300,0,5,-1,43,7,341,2,43,5,"Knox County",470313,17.4351974110858,0.0212490282456595,63.7873076015334,1.27574615203067,9.14284742288646,2.12490282456595
2020-05-29,383,8,378,8,5,0,434,7,16873,205,17307,212,0,5,0,44,8,334,0,41,5,"Knox County",470313,15.308953824368,0.0203619909502262,45.076364038417,1.70099486937423,9.35547178155824,2.03619909502262
2020-05-28,375,11,370,11,5,0,427,11,16668,336,17095,347,0,5,7,44,4,326,0,41,5,"Knox County",470313,16.7973243350705,0.022310081897769,73.780652459107,2.33886794538956,9.35547178155824,2.2310081897769
2020-05-27,364,5,359,5,5,0,416,6,16332,420,16748,426,0,5,0,37,5,322,1,41,5,"Knox County",470313,17.0099486937423,0.0227272727272727,90.5779767941775,1.06312179335889,7.86710127085579,2.27272727272727
2020-05-26,359,9,354,9,5,0,410,10,15912,1142,16322,1152,0,5,7,37,2,317,0,40,5,"Knox County",470313,13.395334596322,0.0178523847588596,244.943261189888,1.913619228046,7.86710127085579,1.78523847588596
2020-05-25,350,9,345,9,5,0,400,11,14770,381,15170,392,0,5,5,30,4,315,1,40,5,"Knox County",470313,11.6943397269478,0.018395179194418,83.348748599337,1.913619228046,6.37873076015334,1.8395179194418
2020-05-24,341,2,336,2,5,0,389,3,14389,273,14778,276,0,5,1,25,1,311,0,39,5,"Knox County",470313,10.6312179335889,0.0173913043478261,58.6843229934108,0.425248717343556,5.31560896679445,1.73913043478261
2020-05-23,339,7,334,7,5,0,386,10,14116,360,14502,370,0,5,4,24,3,310,2,39,5,"Knox County",470313,10.8438422922607,0.0182677165354331,78.6710127085579,1.48837051070245,5.10298460812268,1.82677165354331
2020-05-22,332,1,327,1,5,0,376,1,13756,253,14132,254,0,5,-14,20,15,307,0,37,5,"Knox County",470313,9.35547178155824,0.0161641280696301,54.0065871026317,0.212624358671778,4.25248717343556,1.61641280696301
2020-05-21,331,0,326,0,5,0,375,0,13503,250,13878,250,0,5,-1,34,1,292,0,37,5,"Knox County",470313,7.01660383616868,0.0131410256410256,53.1560896679445,0,7.22922819484046,1.31410256410256
2020-05-20,331,7,326,7,5,0,375,7,13253,360,13628,367,0,5,4,35,3,291,0,37,5,"Knox County",470313,7.44185255351224,0.0137210062071219,78.0331396325426,1.48837051070245,7.44185255351224,1.37210062071219
2020-05-19,324,7,319,7,5,0,368,7,12893,369,13261,376,0,5,4,31,3,288,2,37,5,"Knox County",470313,7.01660383616868,0.0170678336980306,79.9467588605886,1.48837051070245,6.59135511882512,1.70678336980306
2020-05-18,317,3,312,3,5,0,361,4,12524,478,12885,482,0,5,0,27,3,285,0,35,5,"Knox County",470313,5.74085768413801,0.0134736842105263,102.484940879797,0.637873076015334,5.74085768413801,1.34736842105263
2020-05-17,314,3,309,3,5,0,357,5,12046,216,12403,221,0,5,1,27,2,282,1,35,5,"Knox County",470313,5.95348204280979,0.0146551724137931,46.989983266463,0.637873076015334,5.74085768413801,1.46551724137931
2020-05-16,311,0,306,0,5,0,352,0,11830,349,12182,349,0,5,-4,26,4,280,0,34,5,"Knox County",470313,4.46511153210734,0.0104393214441061,74.2059011764506,0,5.52823332546623,1.04393214441061
2020-05-15,311,1,306,1,5,0,352,4,11481,541,11833,545,0,5,-4,30,5,276,0,34,5,"Knox County",470313,4.46511153210734,0.0104247104247104,115.880275476119,0.212624358671778,6.37873076015334,1.04247104247104
2020-05-14,310,3,305,3,5,0,348,7,10940,458,11288,465,0,5,0,34,3,271,0,34,5,"Knox County",470313,5.10298460812268,0.0121212121212121,98.8703267823768,0.637873076015334,7.22922819484046,1.21212121212121
2020-05-13,307,7,302,7,5,0,341,5,10482,341,10823,346,0,5,1,34,6,268,0,34,5,"Knox County",470313,5.10298460812268,0.0114942528735632,73.5680281004352,1.48837051070245,7.22922819484046,1.14942528735632
2020-05-12,300,6,295,6,5,0,336,8,10141,401,10477,409,0,5,3,33,3,262,0,34,5,"Knox County",470313,4.8903602494509,0.0117145899893504,86.9633626967573,1.27574615203067,7.01660383616868,1.17145899893504
2020-05-11,294,16,289,16,5,0,328,12,9740,254,10068,266,0,5,9,30,7,259,1,34,5,"Knox County",470313,7.65447691218401,0.015763168012303,56.558079406693,3.40198973874845,6.37873076015334,1.5763168012303
2020-05-10,278,5,273,5,5,0,316,5,9486,221,9802,226,0,5,1,21,4,252,1,33,5,"Knox County",470313,8.07972562952757,0.0157329240214889,48.0531050598219,1.06312179335889,4.46511153210734,1.57329240214889
2020-05-09,273,2,268,2,5,0,311,4,9265,352,9576,356,0,5,-1,20,3,248,0,32,5,"Knox County",470313,8.50497434687113,0.0172215843857635,75.694271687153,0.425248717343556,4.25248717343556,1.72215843857635
2020-05-08,271,3,266,3,5,0,307,4,8913,265,9220,269,0,5,-2,21,5,245,0,32,5,"Knox County",470313,8.93022306421468,0.0192554557124519,57.1959524827083,0.637873076015334,4.46511153210734,1.92554557124519
2020-05-07,268,3,263,3,5,0,303,3,8648,220,8951,223,0,5,-2,23,5,240,0,32,5,"Knox County",470313,8.93022306421468,0.0195704057279236,47.4152319838065,0.637873076015334,4.8903602494509,1.95704057279236
2020-05-06,265,1,260,1,5,0,300,1,8428,185,8728,186,0,5,-7,25,8,235,0,32,5,"Knox County",470313,7.65447691218401,0.0191214470284238,39.5481307129507,0.212624358671778,5.31560896679445,1.91214470284238
2020-05-05,264,4,259,4,5,0,299,5,8243,305,8542,310,0,5,-1,32,5,227,0,32,5,"Knox County",470313,7.22922819484046,0.0185185185185185,65.9135511882512,0.850497434687113,6.8039794774969,1.85185185185185
2020-05-04,260,4,255,4,5,0,294,7,7938,259,8232,266,0,5,-3,33,7,222,0,32,5,"Knox County",470313,4.67773589077912,0.0157952069716776,56.558079406693,0.850497434687113,7.01660383616868,1.57952069716776
2020-05-03,256,7,251,5,5,2,287,6,7679,290,7966,296,0,5,6,36,1,215,2,32,5,"Knox County",470313,5.10298460812268,0.0157397691500525,62.9368101668463,1.48837051070245,7.65447691218401,1.57397691500525
2020-05-02,249,3,246,3,3,0,281,5,7389,308,7670,313,0,5,1,30,2,214,1,30,5,"Knox County",470313,5.31560896679445,0.0166398282340311,66.5514242642666,0.637873076015334,6.37873076015334,1.66398282340311
2020-05-01,246,9,243,8,3,1,276,7,7081,354,7357,361,0,5,4,29,5,212,0,29,5,"Knox County",470313,6.59135511882512,0.0173913043478261,76.7573934805119,1.913619228046,6.16610640148157,1.73913043478261
2020-04-30,237,4,235,4,2,0,269,3,6727,119,6996,122,0,5,-1,25,5,207,0,29,5,"Knox County",470313,6.8039794774969,0.0183387270765912,25.9401717579569,0.850497434687113,5.31560896679445,1.83387270765912
2020-04-29,233,8,231,8,2,0,266,10,6608,671,6874,681,0,5,5,26,3,202,0,29,5,"Knox County",470313,8.29234998819935,0.0183056619838229,144.797188255481,1.70099486937423,5.52823332546623,1.83056619838229
2020-04-28,225,8,223,8,2,0,256,10,5937,391,6193,401,1,5,4,21,3,199,0,29,5,"Knox County",470313,9.14284742288646,0.019672131147541,85.262367827383,1.70099486937423,4.46511153210734,1.9672131147541
2020-04-27,217,2,215,2,2,0,246,4,5546,161,5792,165,0,4,1,17,1,196,0,29,5,"Knox County",470313,8.7175987055429,0.0192389910218042,35.0830191808434,0.425248717343556,3.61461409742023,1.92389910218042
2020-04-26,215,1,213,1,2,0,242,1,5385,172,5627,173,0,4,-2,16,3,195,0,29,4,"Knox County",470313,7.44185255351224,0.0180505415162455,36.7840140502176,0.212624358671778,3.40198973874845,1.80505415162455
2020-04-25,214,0,212,0,2,0,241,0,5213,53,5454,53,0,4,-6,18,6,192,0,29,4,"Knox County",470313,6.8039794774969,0.0178936605316973,11.2690910096042,0,3.82723845609201,1.78936605316973
2020-04-24,214,8,212,8,2,0,241,10,5160,836,5401,846,0,4,5,24,3,186,1,29,4,"Knox County",470313,6.59135511882512,0.0155673904137649,179.880207436324,1.70099486937423,5.10298460812268,1.55673904137648
2020-04-23,206,1,204,1,2,0,231,2,4324,137,4555,139,0,4,0,19,1,183,0,28,4,"Knox County",470313,5.95348204280979,0.0150528885272579,29.5547858553772,0.212624358671778,4.03986281476378,1.50528885272579
2020-04-22,205,5,203,3,2,2,229,2,4187,189,4416,191,0,4,1,19,4,182,0,28,4,"Knox County",470313,5.31560896679445,0.0147357723577236,40.6112525063096,1.06312179335889,4.03986281476378,1.47357723577236
2020-04-21,200,4,200,4,0,0,227,5,3998,475,4225,480,0,4,-2,18,6,178,1,28,4,"Knox County",470313,4.46511153210734,0.0117244748412311,102.059692162454,0.850497434687113,3.82723845609201,1.17244748412311
2020-04-20,196,3,196,3,0,0,222,2,3523,175,3745,177,0,4,-1,20,4,172,1,27,4,"Knox County",470313,4.67773589077912,0.0106847984458475,37.6345114849047,0.637873076015334,4.25248717343556,1.06847984458475
2020-04-19,193,0,193,0,0,0,220,0,3348,72,3568,72,0,4,-4,21,4,168,0,26,4,"Knox County",470313,4.46511153210734,0.0107252298263534,15.308953824368,0,4.46511153210734,1.07252298263534
2020-04-18,193,0,193,0,0,0,220,1,3276,135,3496,136,0,4,-5,25,5,164,0,26,4,"Knox County",470313,4.46511153210734,0.0107790298873101,28.9169127793618,0,5.31560896679445,1.07790298873101
2020-04-17,193,2,193,2,0,0,219,3,3141,104,3360,107,0,4,-2,30,4,159,1,26,4,"Knox County",470313,3.18936538007667,0.0115207373271889,22.7508063778803,0.425248717343556,6.37873076015334,1.15207373271889
2020-04-16,191,7,191,7,0,0,216,9,3037,213,3253,222,0,4,2,32,5,155,2,25,4,"Knox County",470313,4.46511153210734,0.015884476534296,47.2026076251348,1.48837051070245,6.8039794774969,1.5884476534296
2020-04-15,184,9,184,9,0,0,207,10,2824,84,3031,94,0,4,3,30,6,150,1,23,4,"Knox County",470313,5.31560896679445,0.0232919254658385,19.9866897151471,1.913619228046,6.37873076015334,2.32919254658385
2020-04-14,175,4,175,4,0,0,197,4,2740,102,2937,106,0,4,1,27,3,144,1,22,4,"Knox County",470313,5.31560896679445,0.0317286652078775,22.5381820192085,0.850497434687113,5.74085768413801,3.17286652078775
2020-04-13,171,4,171,4,0,0,193,9,2638,242,2831,251,0,4,-2,26,6,141,1,21,4,"Knox County",470313,5.52823332546623,0.0364372469635627,53.3687140266163,0.850497434687113,5.52823332546623,3.64372469635628
2020-04-12,167,5,167,5,0,0,184,6,2396,166,2580,172,0,4,1,28,4,135,0,20,4,"Knox County",470313,6.59135511882512,0.0386029411764706,36.5713896915458,1.06312179335889,5.95348204280979,3.86029411764706
2020-04-11,162,5,162,5,0,0,178,8,2230,313,2408,321,1,4,-4,27,8,131,1,20,4,"Knox County",470313,7.65447691218401,0.0384917517674784,68.2524191336408,1.06312179335889,5.74085768413801,3.84917517674784
2020-04-10,157,4,157,4,0,0,170,5,1917,123,2087,128,0,3,0,31,4,123,0,19,4,"Knox County",470313,8.07972562952757,0.0394126738794436,27.2159179099876,0.850497434687113,6.59135511882512,3.94126738794436
2020-04-09,153,1,153,1,0,0,165,1,1794,81,1959,82,0,3,-2,31,3,119,0,19,4,"Knox County",470313,6.8039794774969,0.037261698440208,17.4351974110858,0.212624358671778,6.59135511882512,3.7261698440208
2020-04-08,152,8,152,8,0,0,164,12,1713,111,1877,123,0,3,-3,33,11,116,1,19,4,"Knox County",470313,6.59135511882512,0.0380388841927303,26.1527961166287,1.70099486937423,7.01660383616868,3.80388841927303
2020-04-07,144,20,144,20,0,0,152,25,1602,366,1754,391,0,3,11,36,9,105,2,18,3,"Knox County",470313,9.99334485757357,0.0449591280653951,83.1361242406653,4.25248717343556,7.65447691218401,4.49591280653951
2020-04-06,124,8,124,8,0,0,127,14,1236,54,1363,68,2,3,-2,25,8,96,1,16,3,"Knox County",470313,10.8438422922607,0.0552529182879377,14.4584563896809,1.70099486937423,5.31560896679445,5.52529182879377
2020-04-05,116,4,116,4,0,0,113,10,1182,75,1295,85,0,1,-2,27,6,88,0,15,3,"Knox County",470313,10.6312179335889,0.0626043405676127,18.0730704871011,0.850497434687113,5.74085768413801,6.26043405676127
2020-04-04,112,15,112,15,0,0,103,6,1107,127,1210,133,0,1,4,29,11,82,1,15,2,"Knox County",470313,12.7574615203067,0.0722772277227723,28.2790397033465,3.18936538007667,6.16610640148157,7.22772277227723
2020-04-03,97,4,97,4,0,0,97,3,980,51,1077,54,0,1,-8,25,12,71,1,14,1,"Knox County",470313,12.7574615203067,0.0758547008547008,11.481715368276,0.850497434687113,5.31560896679445,7.58547008547009
2020-04-02,93,7,93,7,0,0,94,7,929,106,1023,113,0,1,NA,33,8,59,0,13,1,"Knox County",470313,14.0332076723374,0.0796277145811789,24.0265525299109,1.48837051070245,7.01660383616868,7.96277145811789
2020-04-01,86,15,86,15,0,0,87,15,823,140,910,155,NA,NA,NA,NA,7,51,1,13,1,"Knox County",470313,15.5215781830398,0.0800800800800801,32.9567755941256,3.18936538007667,NA,8.00800800800801
2020-03-31,71,8,71,8,0,0,72,11,683,58,755,69,NA,NA,NA,NA,12,44,1,12,1,"Knox County",470313,12.9700858789785,0.0974889217134417,14.6710807483527,1.70099486937423,NA,9.74889217134417
2020-03-30,63,13,63,13,0,0,61,15,625,130,686,145,NA,NA,NA,NA,9,32,2,11,1,"Knox County",470313,14.0332076723374,0.0888594164456233,30.8305320074078,2.76411666273312,NA,8.88594164456233
2020-03-29,50,8,50,8,0,0,46,8,495,55,541,63,NA,NA,NA,NA,6,23,1,9,1,"Knox County",470313,14.8837051070245,0.0887978142076503,13.395334596322,1.70099486937423,NA,8.87978142076503
2020-03-28,42,7,42,7,0,0,38,6,440,62,478,68,NA,NA,NA,NA,1,17,1,8,0,"Knox County",470313,13.1827102376502,0.0974512743628186,14.4584563896809,1.48837051070245,NA,9.74512743628186
2020-03-27,35,2,35,2,0,0,32,2,378,54,410,56,NA,NA,NA,NA,5,16,1,7,0,"Knox County",470313,12.7574615203067,0.0956651718983558,11.9069640856196,0.425248717343556,NA,9.56651718983558
2020-03-26,33,7,33,7,0,0,30,7,324,82,354,89,NA,NA,NA,NA,3,11,2,6,0,"Knox County",470313,12.7574615203067,0.0992248062015504,18.9235679217883,1.48837051070245,NA,9.92248062015504
2020-03-25,26,6,26,6,0,0,23,7,242,68,265,75,NA,NA,NA,NA,3,8,1,4,0,"Knox County",470313,10.8438422922607,0.0991150442477876,15.9468269003834,1.27574615203067,NA,9.91150442477876
2020-03-24,20,7,20,7,0,0,16,7,174,43,190,50,NA,NA,NA,NA,2,5,0,3,0,"Knox County",470313,10.6312179335889,0.0952380952380952,10.6312179335889,1.48837051070245,NA,9.52380952380952
2020-03-23,13,4,13,4,0,0,9,4,131,22,140,26,NA,NA,NA,NA,3,3,2,3,0,"Knox County",470313,8.7175987055429,0.0960187353629977,5.52823332546623,0.850497434687113,NA,9.60187353629976
2020-03-22,9,2,9,2,0,0,5,0,109,9,114,9,NA,NA,NA,NA,0,0,1,1,0,"Knox County",470313,7.44185255351224,0.0884718498659517,1.913619228046,0.425248717343556,NA,8.84718498659517
2020-03-21,7,1,7,1,0,0,5,2,100,17,105,19,NA,NA,NA,NA,0,0,0,0,0,"Knox County",470313,6.16610640148157,0.0895061728395062,4.03986281476378,0.212624358671778,NA,8.95061728395062
2020-03-20,6,5,6,5,0,0,3,2,83,38,86,40,NA,NA,NA,NA,0,0,0,0,0,"Knox County",470313,6.8039794774969,0.0941558441558442,8.50497434687113,1.06312179335889,NA,9.41558441558442
2020-03-19,1,0,1,0,0,0,1,0,45,11,46,11,NA,NA,NA,NA,0,0,0,0,0,"Knox County",470313,5.31560896679445,0.0956521739130435,2.33886794538956,0,NA,9.56521739130435
2020-03-18,1,0,1,0,0,0,1,0,34,15,35,15,NA,NA,NA,NA,0,0,0,0,0,"Knox County",470313,4.03986281476378,0.0882352941176471,3.18936538007667,0,NA,8.82352941176471
2020-03-17,1,0,1,0,0,0,1,0,19,5,20,5,NA,NA,NA,NA,0,0,0,0,0,"Knox County",470313,2.55149230406134,0.064,1.06312179335889,0,NA,6.4
2020-03-16,1,1,1,1,0,0,1,1,14,3,15,4,NA,NA,NA,NA,0,0,0,0,0,"Knox County",470313,1.913619228046,0.0485436893203883,0.850497434687113,0.212624358671778,NA,4.85436893203883
2020-03-15,0,0,0,0,0,0,0,0,11,1,11,1,NA,NA,NA,NA,0,0,0,0,0,"Knox County",470313,1.48837051070245,0.0526315789473684,0.212624358671778,0,NA,5.26315789473684
2020-03-14,0,0,0,0,0,0,0,0,10,8,10,8,NA,NA,NA,NA,0,0,0,0,0,"Knox County",470313,1.27574615203067,0.0357142857142857,1.70099486937423,0,NA,3.57142857142857
2020-03-13,0,0,0,0,0,0,0,0,2,0,2,0,NA,NA,NA,NA,0,0,0,0,0,"Knox County",470313,0.212624358671778,0.0227272727272727,0,0,NA,2.27272727272727
2020-03-12,0,0,0,0,0,0,0,0,2,2,2,2,NA,NA,NA,NA,0,0,0,0,0,"Knox County",470313,0.212624358671778,0.0285714285714286,0.425248717343556,0,NA,2.85714285714286
2020-03-12,0,0,0,0,0,0,0,0,0,0,0,0,NA,NA,NA,NA,0,0,0,0,0,"Anderson",76978,NA,NA,0,0,NA,NA
2020-03-13,0,0,0,0,0,0,0,0,1,1,1,1,NA,NA,NA,NA,0,0,0,0,0,"Anderson",76978,NA,NA,1.29907246226194,0,NA,NA
2020-03-14,0,0,0,0,0,0,0,0,1,0,1,0,NA,NA,NA,NA,0,0,0,0,0,"Anderson",76978,NA,NA,0,0,NA,NA
2020-03-15,0,0,0,0,0,0,0,0,1,0,1,0,NA,NA,NA,NA,0,0,0,0,0,"Anderson",76978,NA,NA,0,0,NA,NA
2020-03-16,0,0,0,0,0,0,0,0,2,1,2,1,NA,NA,NA,NA,0,0,0,0,0,"Anderson",76978,NA,NA,1.29907246226194,0,NA,NA
2020-03-17,0,0,0,0,0,0,0,0,4,2,4,2,NA,NA,NA,NA,0,0,0,0,0,"Anderson",76978,NA,NA,2.59814492452389,0,NA,NA
2020-03-18,0,0,0,0,0,0,0,0,4,0,4,0,NA,NA,NA,NA,0,0,0,0,0,"Anderson",76978,0,0,0,0,NA,0
2020-03-19,1,1,1,1,0,0,2,2,5,1,7,3,NA,NA,NA,NA,0,0,0,0,0,"Anderson",76978,1.29907246226194,0.285714285714286,3.89721738678583,1.29907246226194,NA,28.5714285714286
2020-03-20,1,0,1,0,0,0,2,0,7,2,9,2,NA,NA,NA,NA,0,0,0,0,0,"Anderson",76978,1.29907246226194,0.25,2.59814492452389,0,NA,25
2020-03-21,1,0,1,0,0,0,2,0,7,0,9,0,NA,NA,NA,NA,0,0,0,0,0,"Anderson",76978,1.29907246226194,0.25,0,0,NA,25
2020-03-22,1,0,1,0,0,0,2,0,10,3,12,3,NA,NA,NA,NA,0,0,0,0,0,"Anderson",76978,1.29907246226194,0.181818181818182,3.89721738678583,0,NA,18.1818181818182
2020-03-23,1,0,1,0,0,0,2,0,15,5,17,5,NA,NA,NA,NA,0,0,0,0,0,"Anderson",76978,1.29907246226194,0.133333333333333,6.49536231130973,0,NA,13.3333333333333
2020-03-24,1,0,1,0,0,0,2,0,20,5,22,5,NA,NA,NA,NA,0,0,0,0,0,"Anderson",76978,1.29907246226194,0.111111111111111,6.49536231130973,0,NA,11.1111111111111
2020-03-25,2,1,2,1,0,0,4,2,29,9,33,11,NA,NA,NA,NA,1,1,0,0,0,"Anderson",76978,2.59814492452389,0.137931034482759,14.2897970848814,1.29907246226194,NA,13.7931034482759
2020-03-26,3,1,3,1,0,0,5,1,44,15,49,16,NA,NA,NA,NA,0,1,1,1,0,"Anderson",76978,2.59814492452389,0.0714285714285714,20.7851593961911,1.29907246226194,NA,7.14285714285714
2020-03-27,4,1,4,1,0,0,6,1,53,9,59,10,NA,NA,NA,NA,3,4,0,1,0,"Anderson",76978,3.89721738678583,0.08,12.9907246226195,1.29907246226194,NA,8
2020-03-28,7,3,7,3,0,0,9,3,72,19,81,22,NA,NA,NA,NA,0,4,1,2,0,"Anderson",76978,7.79443477357167,0.0972222222222222,28.5795941697628,3.89721738678583,NA,9.72222222222222
2020-03-29,7,0,7,0,0,0,9,0,83,11,92,11,NA,NA,NA,NA,0,4,0,2,0,"Anderson",76978,7.79443477357167,0.0875,14.2897970848814,0,NA,8.75
2020-03-30,8,1,8,1,0,0,10,1,127,44,137,45,NA,NA,NA,NA,1,5,0,2,0,"Anderson",76978,9.09350723583361,0.0666666666666667,58.4582608017875,1.29907246226194,NA,6.66666666666667
2020-03-31,9,1,9,1,0,0,11,1,142,15,153,16,NA,NA,NA,NA,1,6,0,2,0,"Anderson",76978,10.3925796980956,0.0687022900763359,20.7851593961911,1.29907246226194,NA,6.87022900763359
2020-04-01,9,0,9,0,0,0,11,0,163,21,174,21,NA,NA,NA,NA,0,6,0,2,0,"Anderson",76978,9.09350723583361,0.049645390070922,27.2805217075008,0,NA,4.9645390070922
2020-04-02,9,0,9,0,0,0,11,0,179,16,190,16,0,0,NA,3,0,6,0,2,0,"Anderson",76978,7.79443477357167,0.0425531914893617,20.7851593961911,0,3.89721738678583,4.25531914893617
2020-04-03,9,0,9,0,0,0,11,0,192,13,203,13,0,0,-2,1,2,8,0,2,0,"Anderson",76978,6.49536231130972,0.0347222222222222,16.8879420094053,0,1.29907246226194,3.47222222222222
2020-04-04,9,0,9,0,0,0,11,0,219,27,230,27,0,0,0,1,0,8,0,2,0,"Anderson",76978,2.59814492452389,0.0134228187919463,35.0749564810725,0,1.29907246226194,1.34228187919463
2020-04-05,9,0,9,0,0,0,11,0,248,29,259,29,0,0,0,1,0,8,0,2,0,"Anderson",76978,2.59814492452389,0.0119760479041916,37.6731014055964,0,1.29907246226194,1.19760479041916
2020-04-06,9,0,9,0,0,0,11,0,262,14,273,14,0,0,-1,0,1,9,0,2,0,"Anderson",76978,1.29907246226194,0.00735294117647059,18.1870144716672,0,0,0.735294117647059
2020-04-07,10,1,10,1,0,0,12,1,304,42,316,43,0,0,1,1,0,9,0,2,0,"Anderson",76978,1.29907246226194,0.00613496932515337,55.8601158772636,1.29907246226194,1.29907246226194,0.613496932515337
2020-04-08,10,0,10,0,0,0,12,0,322,18,334,18,1,1,-1,0,0,9,0,2,1,"Anderson",76978,1.29907246226194,0.00625,23.383304320715,0,0,0.625
2020-04-09,10,0,10,0,0,0,12,0,350,28,362,28,0,1,0,0,0,9,0,2,1,"Anderson",76978,1.29907246226194,0.00581395348837209,36.3740289433345,0,0,0.581395348837209
2020-04-10,10,0,10,0,0,0,12,0,366,16,378,16,0,1,0,0,0,9,0,2,1,"Anderson",76978,1.29907246226194,0.00571428571428571,20.7851593961911,0,0,0.571428571428571
2020-04-11,10,0,10,0,0,0,12,0,439,73,451,73,0,1,0,0,0,9,0,2,1,"Anderson",76978,1.29907246226194,0.00452488687782805,94.832289745122,0,0,0.452488687782805
2020-04-12,12,2,12,2,0,0,14,2,477,38,491,40,0,1,2,2,0,9,0,2,1,"Anderson",76978,3.89721738678583,0.0129310344827586,51.9628984904778,2.59814492452389,2.59814492452389,1.29310344827586
2020-04-13,13,1,13,1,0,0,15,1,514,37,529,38,0,1,0,2,1,10,0,2,1,"Anderson",76978,5.19628984904778,0.015625,49.3647535659539,1.29907246226194,2.59814492452389,1.5625
2020-04-14,13,0,13,0,0,0,15,0,526,12,541,12,0,1,0,2,0,10,0,2,1,"Anderson",76978,3.89721738678583,0.0133333333333333,15.5888695471433,0,2.59814492452389,1.33333333333333
2020-04-15,13,0,13,0,0,0,15,0,544,18,559,18,0,1,-2,0,2,12,0,2,1,"Anderson",76978,3.89721738678583,0.0133333333333333,23.383304320715,0,0,1.33333333333333
2020-04-16,13,0,13,0,0,0,15,0,566,22,581,22,0,1,0,0,0,12,0,2,1,"Anderson",76978,3.89721738678583,0.0136986301369863,28.5795941697628,0,0,1.36986301369863
2020-04-17,13,0,13,0,0,0,15,0,586,20,601,20,0,1,0,0,0,12,0,2,1,"Anderson",76978,3.89721738678583,0.0134529147982063,25.9814492452389,0,0,1.34529147982063
2020-04-18,13,0,13,0,0,0,15,0,616,30,631,30,0,1,0,0,0,12,0,2,1,"Anderson",76978,3.89721738678583,0.0166666666666667,38.9721738678584,0,0,1.66666666666667
2020-04-19,14,1,14,1,0,0,16,1,628,12,644,13,0,1,0,0,1,13,0,2,1,"Anderson",76978,2.59814492452389,0.0130718954248366,16.8879420094053,1.29907246226194,0,1.30718954248366
2020-04-20,19,5,18,4,1,1,19,3,648,20,667,23,0,1,5,5,0,13,0,2,1,"Anderson",76978,7.79443477357167,0.0289855072463768,29.8786666320247,6.49536231130973,6.49536231130973,2.89855072463768
2020-04-21,20,1,19,1,1,0,22,3,1071,423,1093,426,0,1,1,6,0,13,0,2,1,"Anderson",76978,9.09350723583361,0.0126811594202899,553.404868923589,1.29907246226194,7.79443477357167,1.26811594202899
2020-04-22,21,1,20,1,1,0,24,2,1141,70,1165,72,0,1,0,6,1,14,0,2,1,"Anderson",76978,10.3925796980956,0.0148514851485149,93.53321728286,1.29907246226194,7.79443477357167,1.48514851485149
2020-04-23,21,0,20,0,1,0,24,0,1191,50,1215,50,0,1,-1,5,1,15,0,2,1,"Anderson",76978,10.3925796980956,0.0141955835962145,64.9536231130973,0,6.49536231130973,1.41955835962145
2020-04-24,22,1,21,1,1,0,25,1,1299,108,1324,109,0,1,1,6,0,15,0,2,1,"Anderson",76978,11.6916521603575,0.0138312586445367,141.598898386552,1.29907246226194,7.79443477357167,1.38312586445367
2020-04-25,22,0,21,0,1,0,25,0,1336,37,1361,37,0,1,0,6,0,15,0,2,1,"Anderson",76978,11.6916521603575,0.0136986301369863,48.065681103692,0,7.79443477357167,1.36986301369863
2020-04-26,22,0,21,0,1,0,25,0,1372,36,1397,36,0,1,0,6,0,15,0,2,1,"Anderson",76978,10.3925796980956,0.0119521912350598,46.76660864143,0,7.79443477357167,1.19521912350598
2020-04-27,22,0,21,0,1,0,25,0,1411,39,1436,39,0,1,-1,5,1,16,0,2,1,"Anderson",76978,3.89721738678583,0.00780234070221066,50.6638260282159,0,6.49536231130973,0.780234070221066
2020-04-28,22,0,21,0,1,0,25,0,1690,279,1715,279,0,1,0,5,0,16,0,2,1,"Anderson",76978,2.59814492452389,0.00482315112540193,362.441216971083,0,6.49536231130973,0.482315112540193
2020-04-29,26,4,25,4,1,0,28,3,2070,380,2098,383,0,1,4,9,0,16,0,2,1,"Anderson",76978,6.49536231130972,0.00428724544480171,497.544753046325,5.19628984904778,11.6916521603575,0.428724544480171
2020-04-30,26,0,25,0,1,0,29,1,2102,32,2131,33,0,1,-1,8,1,17,0,2,1,"Anderson",76978,6.49536231130972,0.00545851528384279,42.8693912546442,0,10.3925796980956,0.545851528384279
2020-05-01,26,0,25,0,1,0,29,0,2154,52,2183,52,0,1,-2,6,2,19,0,2,1,"Anderson",76978,5.19628984904778,0.00465657741559953,67.5517680376211,0,7.79443477357167,0.465657741559953
2020-05-02,26,0,25,0,1,0,29,0,2221,67,2250,67,0,1,0,6,0,19,0,2,1,"Anderson",76978,5.19628984904778,0.00449943757030371,87.0378549715503,0,7.79443477357167,0.449943757030371
2020-05-03,27,1,26,1,1,0,30,1,2314,93,2344,94,0,1,1,7,0,19,0,2,1,"Anderson",76978,6.49536231130972,0.00527983104540655,122.112811452623,1.29907246226194,9.09350723583361,0.527983104540655
2020-05-04,27,0,26,0,1,0,30,0,2406,92,2436,92,0,1,-1,6,1,20,0,2,1,"Anderson",76978,6.49536231130972,0.005,119.514666528099,0,7.79443477357167,0.5
2020-05-05,28,1,27,1,1,0,30,0,2475,69,2505,69,0,1,-1,5,2,22,0,2,1,"Anderson",76978,7.79443477357167,0.00632911392405063,89.6359998960742,1.29907246226194,6.49536231130973,0.632911392405063
2020-05-06,30,2,29,2,1,0,31,1,2525,50,2556,51,0,1,2,7,0,22,0,2,1,"Anderson",76978,5.19628984904778,0.00655021834061135,66.2526955753592,2.59814492452389,9.09350723583361,0.655021834061135
2020-05-07,30,0,29,0,1,0,33,2,2597,72,2630,74,0,1,-1,6,1,23,0,2,1,"Anderson",76978,5.19628984904778,0.00801603206412826,96.1313622073839,0,7.79443477357167,0.801603206412826
2020-05-08,30,0,29,0,1,0,33,0,2652,55,2685,55,0,1,0,6,0,23,0,2,1,"Anderson",76978,5.19628984904778,0.00796812749003984,71.448985424407,0,7.79443477357167,0.796812749003984
2020-05-09,30,0,29,0,1,0,33,0,2734,82,2767,82,0,1,0,6,0,23,0,2,1,"Anderson",76978,5.19628984904778,0.00773694390715667,106.523941905479,0,7.79443477357167,0.773694390715667
2020-05-10,30,0,29,0,1,0,33,0,2827,93,2860,93,0,1,-3,3,3,26,0,2,1,"Anderson",76978,3.89721738678583,0.00581395348837209,120.813738990361,0,3.89721738678583,0.581395348837209
2020-05-11,32,2,31,2,1,0,33,0,2909,82,2942,82,0,1,2,5,0,26,0,2,1,"Anderson",76978,6.49536231130972,0.00592885375494071,106.523941905479,2.59814492452389,6.49536231130973,0.592885375494071
2020-05-12,33,1,32,1,1,0,35,2,3042,133,3077,135,0,1,1,6,0,26,0,2,1,"Anderson",76978,6.49536231130972,0.00874125874125874,175.374782405363,1.29907246226194,7.79443477357167,0.874125874125874
2020-05-13,35,2,34,2,1,0,38,3,3220,178,3258,181,0,1,1,7,1,27,1,3,1,"Anderson",76978,6.49536231130972,0.00997150997150997,235.132115669412,2.59814492452389,9.09350723583361,0.997150997150997
2020-05-14,35,0,34,0,1,0,39,1,3346,126,3385,127,0,1,-1,6,1,28,0,3,1,"Anderson",76978,6.49536231130972,0.00794701986754967,164.982202707267,0,7.79443477357167,0.794701986754967
2020-05-15,36,1,35,1,1,0,39,0,3417,71,3456,71,0,1,1,7,0,28,0,3,1,"Anderson",76978,7.79443477357167,0.00778210116731518,92.2341448205981,1.29907246226194,9.09350723583361,0.778210116731518
2020-05-16,36,0,35,0,1,0,41,2,3657,240,3698,242,0,1,-1,6,1,29,0,3,1,"Anderson",76978,7.79443477357167,0.00859291084854995,314.375535867391,0,7.79443477357167,0.859291084854995
2020-05-17,36,0,35,0,1,0,41,0,3727,70,3768,70,0,1,0,6,0,29,0,3,1,"Anderson",76978,7.79443477357167,0.00881057268722467,90.9350723583361,0,7.79443477357167,0.881057268722467
2020-05-18,37,1,36,1,1,0,42,1,3804,77,3846,78,0,1,-2,4,3,32,0,3,1,"Anderson",76978,6.49536231130972,0.00995575221238938,101.327652056432,1.29907246226194,5.19628984904778,0.995575221238938
2020-05-19,37,0,36,0,1,0,42,0,3856,52,3898,52,0,1,0,4,0,32,0,3,1,"Anderson",76978,5.19628984904778,0.00852618757612668,67.5517680376211,0,5.19628984904778,0.852618757612667
2020-05-20,37,0,36,0,1,0,43,1,3921,65,3964,66,0,1,0,4,0,32,0,3,1,"Anderson",76978,2.59814492452389,0.00708215297450425,85.7387825092884,0,5.19628984904778,0.708215297450425
2020-05-21,37,0,36,0,1,0,44,1,4001,80,4045,81,0,1,-1,3,1,33,0,3,1,"Anderson",76978,2.59814492452389,0.00757575757575758,105.224869443218,0,3.89721738678583,0.757575757575758
2020-05-22,38,1,37,1,1,0,45,1,4029,28,4074,29,0,1,-1,2,2,35,1,4,1,"Anderson",76978,2.59814492452389,0.00970873786407767,37.6731014055964,1.29907246226194,2.59814492452389,0.970873786407767
2020-05-23,38,0,37,0,1,0,46,1,4192,163,4238,164,0,1,0,2,0,35,0,4,1,"Anderson",76978,2.59814492452389,0.00925925925925926,213.047883810959,0,2.59814492452389,0.925925925925926
2020-05-24,38,0,37,0,1,0,46,0,4247,55,4293,55,0,1,0,2,0,35,0,4,1,"Anderson",76978,2.59814492452389,0.00952380952380952,71.448985424407,0,2.59814492452389,0.952380952380952
2020-05-25,38,0,37,0,1,0,47,1,4281,34,4328,35,0,1,0,2,0,35,0,4,1,"Anderson",76978,1.29907246226194,0.0103734439834025,45.4675361791681,0,2.59814492452389,1.03734439834025
2020-05-26,38,0,37,0,1,0,47,0,4412,131,4459,131,0,1,-1,1,1,36,0,4,1,"Anderson",76978,1.29907246226194,0.0089126559714795,170.178492556315,0,1.29907246226194,0.89126559714795
2020-05-27,38,0,37,0,1,0,47,0,4515,103,4562,103,0,1,0,1,0,36,0,4,1,"Anderson",76978,1.29907246226194,0.00668896321070234,133.80446361298,0,1.29907246226194,0.668896321070234
2020-05-28,38,0,37,0,1,0,47,0,4563,48,4610,48,0,1,0,1,0,36,0,4,1,"Anderson",76978,1.29907246226194,0.00530973451327434,62.3554781885734,0,1.29907246226194,0.530973451327434
2020-05-29,39,1,38,1,1,0,47,0,4613,50,4660,50,0,1,0,1,1,37,0,4,1,"Anderson",76978,1.29907246226194,0.00341296928327645,64.9536231130973,1.29907246226194,1.29907246226194,0.341296928327645
2020-05-30,39,0,38,0,1,0,48,1,4665,52,4713,53,0,1,0,1,0,37,0,4,1,"Anderson",76978,1.29907246226194,0.00421052631578947,68.8508404998831,0,1.29907246226194,0.421052631578947
2020-05-31,40,1,39,1,1,0,49,1,4731,66,4780,67,0,1,1,2,0,37,0,4,1,"Anderson",76978,2.59814492452389,0.00616016427104723,87.0378549715503,1.29907246226194,2.59814492452389,0.616016427104723
2020-06-01,40,0,39,0,1,0,49,0,4855,124,4904,124,0,1,0,2,0,37,0,4,1,"Anderson",76978,2.59814492452389,0.00347222222222222,161.084985320481,0,2.59814492452389,0.347222222222222
2020-06-02,40,0,39,0,1,0,49,0,4982,127,5031,127,0,1,0,2,0,37,0,4,1,"Anderson",76978,2.59814492452389,0.0034965034965035,164.982202707267,0,2.59814492452389,0.34965034965035
2020-06-03,41,1,40,1,1,0,50,1,5042,60,5092,61,0,1,1,3,0,37,0,4,2,"Anderson",76978,3.89721738678583,0.00566037735849057,79.2434201979787,1.29907246226194,3.89721738678583,0.566037735849057
2020-06-04,41,0,40,0,1,0,50,0,5090,48,5140,48,1,2,-2,1,1,38,0,4,2,"Anderson",76978,3.89721738678583,0.00566037735849057,62.3554781885734,0,1.29907246226194,0.566037735849057
2020-06-05,42,1,41,1,1,0,53,3,5147,57,5200,60,0,2,1,2,0,38,0,4,2,"Anderson",76978,3.89721738678583,0.0111111111111111,77.9443477357167,1.29907246226194,2.59814492452389,1.11111111111111
2020-06-06,43,1,42,1,1,0,54,1,5200,53,5254,54,0,2,1,3,0,38,0,4,2,"Anderson",76978,5.19628984904778,0.011090573012939,70.149912962145,1.29907246226194,3.89721738678583,1.1090573012939
2020-06-07,45,2,43,1,2,1,57,3,5295,95,5352,98,0,2,2,5,0,38,0,4,2,"Anderson",76978,6.49536231130972,0.013986013986014,127.309101301671,2.59814492452389,6.49536231130973,1.3986013986014
2020-06-08,46,1,44,1,2,0,57,0,5336,41,5393,41,0,2,1,6,0,38,0,4,2,"Anderson",76978,7.79443477357167,0.016359918200409,53.2619709527397,1.29907246226194,7.79443477357167,1.6359918200409
2020-06-09,47,1,45,1,2,0,60,3,5517,181,5577,184,0,2,1,7,0,38,0,4,2,"Anderson",76978,9.09350723583361,0.0201465201465201,239.029333056198,1.29907246226194,9.09350723583361,2.01465201465201
2020-06-10,52,5,50,5,2,0,63,3,5725,208,5788,211,0,2,2,9,3,41,0,4,2,"Anderson",76978,14.2897970848814,0.0186781609195402,274.10428953727,6.49536231130973,11.6916521603575,1.86781609195402
2020-06-11,55,3,53,3,2,0,66,3,5870,145,5936,148,0,2,2,11,1,42,1,5,2,"Anderson",76978,18.1870144716672,0.0201005025125628,192.262724414768,3.89721738678583,14.2897970848814,2.01005025125628
2020-06-12,57,2,55,2,2,0,70,4,5952,82,6022,86,0,2,2,13,0,42,0,5,2,"Anderson",76978,19.4860869339292,0.0206812652068127,111.720231754527,2.59814492452389,16.8879420094053,2.06812652068127
2020-06-13,58,1,55,0,3,1,70,0,5995,43,6065,43,0,2,0,13,1,43,0,5,2,"Anderson",76978,19.4860869339292,0.0197287299630086,55.8601158772636,1.29907246226194,16.8879420094053,1.97287299630086
2020-06-14,60,2,57,2,3,0,70,0,6170,175,6240,175,0,2,1,14,1,44,1,6,2,"Anderson",76978,19.4860869339292,0.0146396396396396,227.33768089584,2.59814492452389,18.1870144716672,1.46396396396396
2020-06-15,60,0,57,0,3,0,71,1,6228,58,6299,59,0,2,0,14,0,44,0,6,2,"Anderson",76978,18.1870144716672,0.0154525386313466,76.6452752734548,0,18.1870144716672,1.54525386313466
2020-06-16,64,4,61,4,3,0,75,4,6289,61,6364,65,0,2,3,17,1,45,0,6,2,"Anderson",76978,22.0842318584531,0.0190597204574333,84.4397100470264,5.19628984904778,22.0842318584531,1.90597204574333
2020-06-17,66,2,63,2,3,0,79,4,6326,37,6405,41,0,2,0,17,2,47,0,6,2,"Anderson",76978,18.1870144716672,0.0259319286871961,53.2619709527397,2.59814492452389,22.0842318584531,2.59319286871961
2020-06-18,70,4,67,4,3,0,84,5,6456,130,6540,135,0,2,2,19,2,49,0,6,2,"Anderson",76978,19.4860869339292,0.0298013245033113,175.374782405363,5.19628984904778,24.682376782977,2.98013245033113
2020-06-19,72,2,69,2,3,0,86,2,6521,65,6607,67,0,2,0,19,2,51,0,6,2,"Anderson",76978,19.4860869339292,0.0273504273504274,87.0378549715503,2.59814492452389,24.682376782977,2.73504273504274
2020-06-20,73,1,70,1,3,0,87,1,6559,38,6646,39,0,2,-1,18,2,53,0,6,2,"Anderson",76978,19.4860869339292,0.0292598967297762,50.6638260282159,1.29907246226194,23.383304320715,2.92598967297762
2020-06-21,74,1,71,1,3,0,88,1,6619,60,6707,61,0,2,-1,17,2,55,0,6,2,"Anderson",76978,18.1870144716672,0.0385438972162741,79.2434201979787,1.29907246226194,22.0842318584531,3.85438972162741
2020-06-22,76,2,73,2,3,0,90,2,6711,92,6801,94,0,2,0,17,2,57,1,7,2,"Anderson",76978,20.7851593961911,0.0378486055776892,122.112811452623,2.59814492452389,22.0842318584531,3.78486055776892
2020-06-23,76,0,73,0,3,0,90,0,6800,89,6890,89,0,2,-1,16,1,58,0,7,2,"Anderson",76978,15.5888695471433,0.0285171102661597,115.617449141313,0,20.7851593961911,2.85171102661597
2020-06-24,77,1,74,1,3,0,91,1,6831,31,6922,32,0,2,-2,14,3,61,0,7,2,"Anderson",76978,14.2897970848814,0.02321083172147,41.5703187923822,1.29907246226194,18.1870144716672,2.321083172147
2020-06-25,81,4,78,4,3,0,92,1,6944,113,7036,114,0,2,0,14,4,65,0,7,2,"Anderson",76978,14.2897970848814,0.0161290322580645,148.094260697862,5.19628984904778,18.1870144716672,1.61290322580645
2020-06-26,86,5,83,5,3,0,98,6,6972,28,7070,34,0,2,3,17,2,67,0,7,2,"Anderson",76978,18.1870144716672,0.0259179265658747,44.1684637169061,6.49536231130973,22.0842318584531,2.59179265658747
2020-06-27,87,1,83,0,4,1,98,0,6984,12,7082,12,0,2,-4,13,5,72,0,7,2,"Anderson",76978,18.1870144716672,0.0252293577981651,15.5888695471433,1.29907246226194,16.8879420094053,2.52293577981651
2020-06-28,91,4,87,4,4,0,106,8,7093,109,7199,117,0,2,3,16,1,73,0,7,2,"Anderson",76978,22.0842318584531,0.0365853658536585,151.991478084648,5.19628984904778,20.7851593961911,3.65853658536585
2020-06-29,97,6,92,5,5,1,114,8,7315,222,7429,230,0,2,3,19,3,76,1,8,2,"Anderson",76978,27.2805217075008,0.0382165605095541,298.786666320247,7.79443477357167,24.682376782977,3.82165605095541
2020-06-30,102,5,96,4,6,1,120,6,7479,164,7599,170,0,2,2,21,3,79,0,8,2,"Anderson",76978,33.7758840188106,0.0423131170662905,220.842318584531,6.49536231130973,27.2805217075008,4.23131170662905
2020-07-01,104,2,98,2,6,0,124,4,7600,121,7724,125,0,2,-2,19,4,83,0,8,2,"Anderson",76978,35.0749564810725,0.0411471321695761,162.384057782743,2.59814492452389,24.682376782977,4.11471321695761
2020-07-02,110,6,104,6,6,0,130,6,7839,239,7969,245,0,2,4,23,2,85,0,8,2,"Anderson",76978,37.6731014055964,0.0407288317256163,318.272753254177,7.79443477357167,29.8786666320247,4.07288317256163
2020-07-03,120,10,113,9,7,1,142,12,7964,125,8106,137,0,2,7,30,3,88,0,8,2,"Anderson",76978,44.1684637169061,0.0424710424710425,177.972927329886,12.9907246226195,38.9721738678584,4.24710424710425
2020-07-04,131,11,124,11,7,0,156,14,8148,184,8304,198,0,2,8,38,3,91,2,10,2,"Anderson",76978,57.1591883395256,0.0474631751227496,257.216347527865,14.2897970848814,49.3647535659539,4.74631751227496
2020-07-05,140,9,133,9,7,0,169,13,8304,156,8473,169,0,2,8,46,1,92,1,11,2,"Anderson",76978,63.6545506508353,0.0494505494505494,219.543246122269,11.6916521603575,59.7573332640495,4.94505494505495
2020-07-06,141,1,134,1,7,0,170,1,8331,27,8501,28,0,2,-4,42,5,97,0,11,2,"Anderson",76978,57.1591883395256,0.0522388059701493,36.3740289433345,1.29907246226194,54.5610434150017,5.22388059701492
2020-07-07,157,16,150,16,7,0,190,20,8564,233,8754,253,0,2,12,54,4,101,0,11,2,"Anderson",76978,71.448985424407,0.0606060606060606,328.665332952272,20.7851593961911,70.149912962145,6.06060606060606
2020-07-08,173,16,165,15,8,1,206,16,8704,140,8910,156,0,2,10,64,6,107,0,11,2,"Anderson",76978,89.6359998960742,0.0691399662731872,202.655304112863,20.7851593961911,83.1406375847645,6.91399662731872
2020-07-09,187,14,179,14,8,0,220,14,8972,268,9192,282,0,2,11,75,3,110,0,11,2,"Anderson",76978,100.02857959417,0.0735895339329518,366.338434357868,18.1870144716672,97.4304346696459,7.35895339329518
2020-07-10,193,6,185,6,8,0,227,7,9002,30,9229,37,0,2,1,76,5,115,1,12,2,"Anderson",76978,94.832289745122,0.0756901157613535,48.065681103692,7.79443477357167,98.7295071319078,7.56901157613535
2020-07-11,201,8,193,8,8,0,235,8,9171,169,9406,177,0,2,1,77,7,122,1,13,2,"Anderson",76978,90.9350723583361,0.0716878402903811,229.935825820364,10.3925796980956,100.02857959417,7.16878402903811
2020-07-12,212,11,204,11,8,0,248,13,9354,183,9602,196,0,2,6,83,5,127,0,13,2,"Anderson",76978,93.53321728286,0.0699734278122232,254.618202603341,14.2897970848814,107.823014367741,6.99734278122232
2020-07-13,218,6,209,5,9,1,255,7,9393,39,9648,46,0,2,-6,77,12,139,2,15,2,"Anderson",76978,100.02857959417,0.0741063644289451,59.7573332640495,7.79443477357167,100.02857959417,7.41063644289451
2020-07-14,229,11,219,10,10,1,266,11,9533,140,9799,151,0,2,0,77,11,150,0,15,2,"Anderson",76978,93.53321728286,0.0727272727272727,196.159941801554,14.2897970848814,100.02857959417,7.27272727272727
2020-07-15,245,16,234,15,11,1,285,19,9635,102,9920,121,0,2,0,77,16,166,0,15,2,"Anderson",76978,93.53321728286,0.0782178217821782,157.187767933695,20.7851593961911,100.02857959417,7.82178217821782
2020-07-16,263,18,252,18,11,0,308,23,9924,289,10232,312,0,2,4,81,14,180,1,16,2,"Anderson",76978,98.7295071319078,0.0846153846153846,405.310608225727,23.383304320715,105.224869443218,8.46153846153846
2020-07-17,270,7,259,7,11,0,317,9,9995,71,10312,80,0,2,-8,73,15,195,1,17,3,"Anderson",76978,100.02857959417,0.0831024930747922,103.925796980956,9.09350723583361,94.832289745122,8.31024930747922
2020-07-18,277,7,266,7,11,0,328,11,10209,214,10537,225,0,2,-4,69,11,206,0,17,3,"Anderson",76978,98.7295071319078,0.0822281167108753,292.291304008938,9.09350723583361,89.6359998960742,8.22281167108753
2020-07-19,285,8,274,8,11,0,337,9,10290,81,10627,90,0,2,-5,64,13,219,2,19,3,"Anderson",76978,94.832289745122,0.0868292682926829,116.916521603575,10.3925796980956,83.1406375847645,8.68292682926829
2020-07-20,313,28,302,28,11,0,367,30,10459,169,10826,199,1,3,9,73,18,237,0,19,3,"Anderson",76978,123.411883914885,0.0950764006791171,258.515419990127,36.3740289433345,94.832289745122,9.50764006791171
2020-07-21,336,23,324,22,12,1,391,24,10751,292,11142,316,0,3,12,85,11,248,1,20,3,"Anderson",76978,139.000753462028,0.0930752047654505,410.506898074775,29.8786666320247,110.421159292265,9.30752047654505
2020-07-22,365,29,353,29,12,0,424,33,10886,135,11310,168,0,3,13,98,16,264,0,20,3,"Anderson",76978,155.888695471433,0.1,218.244173660007,37.6731014055964,127.309101301671,10
2020-07-23,388,23,376,23,12,0,455,31,11313,427,11768,458,0,3,9,107,14,278,2,22,3,"Anderson",76978,162.384057782743,0.095703125,594.975187715971,29.8786666320247,139.000753462028,9.5703125
2020-07-24,394,6,382,6,12,0,463,8,11425,112,11888,120,0,3,-16,91,22,300,0,22,4,"Anderson",76978,161.084985320481,0.0926395939086294,155.888695471433,7.79443477357167,118.215594065837,9.26395939086294
2020-07-25,426,32,413,31,13,1,499,36,11682,257,12181,293,1,4,26,117,5,305,1,23,4,"Anderson",76978,193.56179687703,0.104014598540146,380.62823144275,41.5703187923822,151.991478084648,10.4014598540146
2020-07-26,465,39,451,38,14,1,541,42,12085,403,12626,445,0,4,31,148,8,313,2,25,4,"Anderson",76978,233.83304320715,0.102051025512756,578.087245706565,50.6638260282159,192.262724414768,10.2051025512756
2020-07-27,483,18,468,17,15,1,562,21,12265,180,12827,201,0,4,-19,129,37,350,1,26,4,"Anderson",76978,220.842318584531,0.0974512743628186,261.113564914651,23.383304320715,167.580347631791,9.74512743628186
2020-07-28,523,40,508,40,15,0,608,46,12645,380,13253,426,0,4,24,153,16,366,1,27,5,"Anderson",76978,242.926550442984,0.10279488394126,553.404868923589,51.9628984904778,198.758086726078,10.279488394126
2020-07-29,527,4,512,4,15,0,612,4,12681,36,13293,40,1,5,-15,138,18,384,0,27,5,"Anderson",76978,210.449738886435,0.0948058497226425,51.9628984904778,5.19628984904778,179.271999792148,9.48058497226425
2020-07-30,564,37,549,37,15,0,665,53,13166,485,13831,538,0,5,20,158,17,401,0,27,5,"Anderson",76978,228.636753358102,0.101793504604944,698.900984696926,48.065681103692,205.253449037387,10.1793504604944
2020-07-31,576,12,561,12,15,0,679,14,13348,182,14027,196,0,5,-8,150,20,421,0,27,5,"Anderson",76978,236.431188131674,0.100981767180926,254.618202603341,15.5888695471433,194.860869339292,10.0981767180926
2020-08-01,599,23,584,23,15,0,704,25,13757,409,14461,434,0,5,17,167,6,427,1,28,5,"Anderson",76978,224.739535971316,0.0899122807017544,563.797448621684,29.8786666320247,216.945101197745,8.99122807017544
2020-08-02,606,7,591,7,15,0,711,7,13885,128,14596,135,0,5,2,169,5,432,1,29,6,"Anderson",76978,183.169217178934,0.0862944162436548,175.374782405363,9.09350723583361,219.543246122269,8.62944162436548
2020-08-03,631,25,615,24,16,1,742,31,14112,227,14854,258,0,5,14,183,11,443,0,29,6,"Anderson",76978,192.262724414768,0.0888011840157869,335.160695263582,32.4768115565486,237.730260593936,8.88011840157869
2020-08-04,638,7,622,7,16,0,750,8,14355,243,15105,251,2,7,-19,164,24,467,0,29,6,"Anderson",76978,149.393333160124,0.0766738660907127,326.067188027748,9.09350723583361,213.047883810959,7.66738660907127
2020-08-05,653,15,637,15,16,0,769,19,14564,209,15333,228,-1,6,-1,163,17,484,0,29,6,"Anderson",76978,163.683130245005,0.0769607843137255,296.188521395723,19.4860869339292,211.748811348697,7.69607843137255
2020-08-06,675,22,659,22,16,0,799,30,14885,321,15684,351,0,6,3,166,19,503,1,30,6,"Anderson",76978,144.197043311076,0.0723151645979493,455.974434253943,28.5795941697628,215.646028735483,7.23151645979493
2020-08-07,679,4,663,4,16,0,803,4,14966,81,15769,85,0,6,-21,145,25,528,0,30,6,"Anderson",76978,133.80446361298,0.0711825487944891,110.421159292265,5.19628984904778,188.365507027982,7.11825487944891
2020-08-08,690,11,674,11,16,0,819,16,15286,320,16105,336,0,6,1,146,10,538,0,30,6,"Anderson",76978,118.215594065837,0.0699513381995134,436.488347320014,14.2897970848814,189.664579490244,6.99513381995134
2020-08-09,697,7,681,7,16,0,828,9,15423,137,16251,146,0,6,-9,137,16,554,0,30,6,"Anderson",76978,118.215594065837,0.0706948640483384,189.664579490244,9.09350723583361,177.972927329886,7.06948640483384
2020-08-10,702,5,686,5,16,0,834,6,15562,139,16396,145,0,6,-11,126,16,570,0,30,6,"Anderson",76978,92.2341448205981,0.059662775616083,188.365507027982,6.49536231130973,163.683130245005,5.9662775616083
2020-08-11,723,21,707,21,16,0,856,22,15765,203,16621,225,0,6,9,135,12,582,1,31,6,"Anderson",76978,110.421159292265,0.0699208443271768,292.291304008938,27.2805217075008,175.374782405363,6.99208443271768
2020-08-12,731,8,715,8,16,0,864,8,16005,240,16869,248,0,6,-8,127,16,598,0,31,6,"Anderson",76978,101.327652056432,0.0618489583333333,322.169970640962,10.3925796980956,164.982202707267,6.18489583333333
2020-08-13,749,18,733,18,16,0,888,24,16233,228,17121,252,1,7,3,130,14,612,2,33,6,"Anderson",76978,96.1313622073839,0.0619345859429367,327.36626049001,23.383304320715,168.879420094053,6.19345859429367
2020-08-14,766,17,749,16,17,1,910,22,16562,329,17472,351,0,7,-9,121,26,638,0,33,6,"Anderson",76978,113.019304216789,0.0628302994715208,455.974434253943,22.0842318584531,157.187767933695,6.28302994715208
2020-08-15,776,10,759,10,17,0,922,12,16785,223,17707,235,-1,6,5,126,6,644,0,33,6,"Anderson",76978,111.720231754527,0.0642946317103621,305.282028631557,12.9907246226195,163.683130245005,6.4294631710362
2020-08-16,788,12,771,12,17,0,936,14,16927,142,17863,156,0,6,7,133,5,649,0,33,7,"Anderson",76978,118.215594065837,0.0669975186104218,202.655304112863,15.5888695471433,172.776637480839,6.69975186104218
2020-08-17,792,4,775,4,17,0,939,3,16970,43,17909,46,0,6,-13,120,17,666,0,33,7,"Anderson",76978,116.916521603575,0.069398545935228,59.7573332640495,5.19628984904778,155.888695471433,6.9398545935228
2020-08-18,806,14,789,14,17,0,956,17,17134,164,18090,181,0,6,5,125,9,675,0,33,7,"Anderson",76978,107.823014367741,0.068073519400953,235.132115669412,18.1870144716672,162.384057782743,6.8073519400953
2020-08-19,820,14,803,14,17,0,970,14,17308,174,18278,188,0,6,0,125,14,689,0,33,7,"Anderson",76978,115.617449141313,0.0752306600425834,244.225622905246,18.1870144716672,162.384057782743,7.52306600425834
2020-08-20,835,15,818,15,17,0,986,16,17750,442,18736,458,0,6,5,130,10,699,0,33,8,"Anderson",76978,111.720231754527,0.0606811145510836,594.975187715971,19.4860869339292,168.879420094053,6.06811145510836
2020-08-21,838,3,821,3,17,0,989,3,17786,36,18775,39,1,7,-7,123,9,708,0,33,8,"Anderson",76978,93.53321728286,0.0606293169608596,50.6638260282159,3.89721738678583,159.785912858219,6.06293169608596
2020-08-22,856,18,839,18,17,0,1008,19,18330,544,19338,563,1,8,10,133,7,715,1,34,8,"Anderson",76978,103.925796980956,0.052728387492336,731.377796253475,23.383304320715,172.776637480839,5.2728387492336
2020-08-23,857,1,840,1,17,0,1009,1,18414,84,19423,85,0,8,-5,128,6,721,0,34,8,"Anderson",76978,89.6359998960742,0.0467948717948718,110.421159292265,1.29907246226194,166.281275169529,4.67948717948718
2020-08-24,858,1,840,0,18,1,1009,0,18453,39,19462,39,0,8,-19,109,20,741,0,34,8,"Anderson",76978,85.7387825092884,0.0450740502253702,50.6638260282159,1.29907246226194,141.598898386552,4.50740502253703
2020-08-25,866,8,848,8,18,0,1017,8,18605,152,19622,160,0,8,-2,107,10,751,1,35,8,"Anderson",76978,77.9443477357167,0.0398172323759791,207.851593961911,10.3925796980956,139.000753462028,3.98172323759791
2020-08-26,872,6,854,6,18,0,1023,6,18785,180,19808,186,0,8,-14,93,20,771,0,35,8,"Anderson",76978,67.5517680376211,0.034640522875817,241.627477980722,7.79443477357167,120.813738990361,3.4640522875817
2020-08-27,875,3,857,3,18,0,1026,3,19196,411,20222,414,0,8,-16,77,19,790,0,35,8,"Anderson",76978,51.9628984904778,0.0269179004037685,537.815999376445,3.89721738678583,100.02857959417,2.69179004037685
2020-08-28,875,0,857,0,18,0,1026,0,19234,38,20260,38,0,8,-20,57,20,810,0,35,8,"Anderson",76978,48.065681103692,0.0249158249158249,49.3647535659539,0,74.0471303489309,2.49158249158249
2020-08-29,884,9,865,8,19,1,1034,8,19496,262,20530,270,0,8,3,60,6,816,0,35,8,"Anderson",76978,36.3740289433345,0.0218120805369128,350.749564810725,11.6916521603575,77.9443477357167,2.18120805369128
2020-08-30,900,16,881,16,19,0,1050,16,19579,83,20629,99,0,8,8,68,8,824,0,35,8,"Anderson",76978,55.8601158772636,0.0339966832504146,128.608173763933,20.7851593961911,88.3369274338123,3.39966832504146
2020-08-31,902,2,883,2,19,0,1052,2,19637,58,20689,60,0,8,-15,53,17,841,0,35,8,"Anderson",76978,57.1591883395256,0.0350448247758761,77.9443477357167,2.59814492452389,68.8508404998831,3.50448247758761
2020-09-01,909,7,889,6,20,1,1058,6,19748,111,20806,117,0,8,0,53,7,848,0,35,8,"Anderson",76978,55.8601158772636,0.0346283783783784,151.991478084648,9.09350723583361,68.8508404998831,3.46283783783784
2020-09-02,917,8,895,6,22,2,1068,10,20064,316,21132,326,0,8,5,58,3,851,0,35,8,"Anderson",76978,58.4582608017875,0.033987915407855,423.497622697394,10.3925796980956,75.3462028111928,3.3987915407855
2020-09-03,933,16,909,14,24,2,1084,16,20388,324,21472,340,0,8,10,68,6,857,0,35,9,"Anderson",76978,75.3462028111928,0.0464,441.684637169061,20.7851593961911,88.3369274338123,4.64
2020-09-04,942,9,917,8,25,1,1094,10,20577,189,21671,199,0,8,6,74,3,860,0,35,9,"Anderson",76978,87.0378549715503,0.0481927710843374,258.515419990127,11.6916521603575,96.1313622073839,4.81927710843374
2020-09-05,961,19,936,19,25,0,1115,21,20846,269,21961,290,0,8,16,90,3,863,1,36,10,"Anderson",76978,100.02857959417,0.0566037735849057,376.731014055964,24.682376782977,116.916521603575,5.66037735849057
2020-09-06,963,2,938,2,25,0,1117,2,20902,56,22019,58,0,8,-1,89,3,866,0,36,10,"Anderson",76978,81.8415651225025,0.0482014388489209,75.3462028111928,2.59814492452389,115.617449141313,4.82014388489209
2020-09-07,966,3,941,3,25,0,1122,5,20990,88,22112,93,0,8,-8,81,11,877,0,36,10,"Anderson",76978,83.1406375847645,0.0491918482080112,120.813738990361,3.89721738678583,105.224869443218,4.91918482080112
2020-09-08,975,9,944,3,31,6,1126,4,21165,175,22291,179,1,9,4,85,4,881,0,36,10,"Anderson",76978,85.7387825092884,0.0457912457912458,232.533970744888,11.6916521603575,110.421159292265,4.57912457912458
2020-09-09,984,9,953,9,31,0,1135,9,21406,241,22541,250,0,9,-3,82,12,893,1,37,11,"Anderson",76978,87.0378549715503,0.0475514549325763,324.768115565486,11.6916521603575,106.523941905479,4.75514549325763
2020-09-10,1013,29,981,28,32,1,1165,30,21775,369,22940,399,1,10,25,107,3,896,0,37,11,"Anderson",76978,103.925796980956,0.0551771117166213,518.329912442516,37.6731014055964,139.000753462028,5.51771117166213
2020-09-11,1014,1,982,1,32,0,1167,2,21908,133,23075,135,0,10,-13,94,14,910,0,37,11,"Anderson",76978,93.53321728286,0.051994301994302,175.374782405363,1.29907246226194,122.112811452623,5.1994301994302
2020-09-12,1017,3,985,3,32,0,1172,5,22050,142,23222,147,0,10,-5,89,8,918,0,37,11,"Anderson",76978,72.7480578866689,0.0452022204599524,190.963651952506,3.89721738678583,115.617449141313,4.52022204599524
2020-09-13,1038,21,1005,20,33,1,1193,21,22294,244,23487,265,0,10,16,105,5,923,1,38,11,"Anderson",76978,97.4304346696459,0.0517711171662125,344.254202499415,27.2805217075008,136.402608537504,5.17711171662125
2020-09-14,1044,6,1010,5,34,1,1199,6,22400,106,23599,112,0,10,-7,98,13,936,1,39,11,"Anderson",76978,101.327652056432,0.0517821116341627,145.496115773338,7.79443477357167,127.309101301671,5.17821116341627
2020-09-15,1060,16,1026,16,34,0,1216,17,22640,240,23856,257,1,11,5,103,10,946,1,40,12,"Anderson",76978,110.421159292265,0.0575079872204473,333.86162280132,20.7851593961911,133.80446361298,5.75079872204473
2020-09-16,1068,8,1034,8,34,0,1228,12,22776,136,24004,148,0,11,-5,98,13,959,0,40,12,"Anderson",76978,109.122086830003,0.063568010936432,192.262724414768,10.3925796980956,127.309101301671,6.3568010936432
2020-09-17,1090,22,1054,20,36,2,1248,20,23197,421,24445,441,0,11,15,113,7,966,1,41,12,"Anderson",76978,100.02857959417,0.0551495016611296,572.890955857518,28.5795941697628,146.7951882356,5.51495016611296
2020-09-18,1109,19,1073,19,36,0,1266,18,23421,224,24687,242,0,11,6,119,13,979,0,41,12,"Anderson",76978,123.411883914885,0.0614143920595533,314.375535867391,24.682376782977,154.589623009171,6.14143920595533
2020-09-19,1124,15,1088,15,36,0,1287,21,23703,282,24990,303,0,11,9,128,6,985,1,42,12,"Anderson",76978,139.000753462028,0.0650452488687783,393.618956065369,19.4860869339292,166.281275169529,6.50452488687783
2020-09-20,1131,7,1095,7,36,0,1297,10,23855,152,25152,162,0,11,0,128,7,992,0,42,13,"Anderson",76978,120.813738990361,0.0624624624624625,210.449738886435,9.09350723583361,166.281275169529,6.24624624624625
2020-09-21,1133,2,1097,2,36,0,1299,2,23888,33,25187,35,0,11,-6,122,8,1000,0,42,13,"Anderson",76978,115.617449141313,0.0629722921914358,45.4675361791681,2.59814492452389,158.486840395957,6.29722921914358
2020-09-22,1147,14,1111,14,36,0,1316,17,24136,248,25452,265,0,11,0,122,14,1014,1,43,13,"Anderson",76978,113.019304216789,0.06265664160401,344.254202499415,18.1870144716672,158.486840395957,6.265664160401
2020-09-23,1147,0,1111,0,36,0,1316,0,24177,41,25493,41,0,11,-12,110,12,1026,0,43,13,"Anderson",76978,102.626724518694,0.0591000671591672,53.2619709527397,0,142.897970848814,5.91000671591672
2020-09-24,1160,13,1124,13,36,0,1331,15,24501,324,25832,339,1,12,0,110,12,1038,0,43,13,"Anderson",76978,90.9350723583361,0.0598413842826244,440.385564706799,16.8879420094053,142.897970848814,5.98413842826244
2020-09-25,1174,14,1137,13,37,1,1344,13,24737,236,26081,249,1,13,-2,108,15,1053,0,43,13,"Anderson",76978,84.4397100470264,0.0559540889526542,323.469043103224,18.1870144716672,140.29982592429,5.59540889526542
2020-09-26,1188,14,1151,14,37,0,1361,17,25037,300,26398,317,0,13,8,116,6,1059,0,43,13,"Anderson",76978,83.1406375847645,0.0525568181818182,411.805970537037,18.1870144716672,150.692405622386,5.25568181818182
2020-09-27,1207,19,1168,17,39,2,1377,16,25244,207,26621,223,0,13,12,128,7,1066,0,43,13,"Anderson",76978,98.7295071319078,0.0544588155207624,289.693159084414,24.682376782977,166.281275169529,5.44588155207624
2020-09-28,1210,3,1170,2,40,1,1379,2,25281,37,26660,39,0,13,-9,119,12,1078,0,43,13,"Anderson",76978,100.02857959417,0.0543109300746775,50.6638260282159,3.89721738678583,154.589623009171,5.43109300746775
2020-09-29,1221,11,1180,10,41,1,1389,10,25575,294,26964,304,0,13,-7,112,18,1096,0,43,13,"Anderson",76978,96.1313622073839,0.0482804232804233,394.918028527631,14.2897970848814,145.496115773338,4.82804232804233
2020-09-30,1233,12,1190,10,43,2,1399,10,25641,66,27040,76,0,13,3,115,9,1105,0,43,13,"Anderson",76978,111.720231754527,0.0536522301228184,98.7295071319078,15.5888695471433,149.393333160124,5.36522301228184
2020-10-01,1249,16,1204,14,45,2,1414,15,25921,280,27335,295,0,13,4,119,12,1117,0,43,13,"Anderson",76978,115.617449141313,0.0552228875582169,383.226376367274,20.7851593961911,154.589623009171,5.52228875582169
2020-10-02,1256,7,1210,6,46,1,1421,7,26003,82,27424,89,0,13,1,120,6,1123,0,43,13,"Anderson",76978,106.523941905479,0.0573343261355175,115.617449141313,9.09350723583361,155.888695471433,5.73343261355175
2020-10-03,1272,16,1226,16,46,0,1445,24,26267,264,27712,288,0,13,3,123,13,1136,0,43,13,"Anderson",76978,109.122086830003,0.0639269406392694,374.13286913144,20.7851593961911,159.785912858219,6.39269406392694
2020-10-04,1288,16,1240,14,48,2,1461,16,26604,337,28065,353,0,13,8,131,8,1144,0,43,13,"Anderson",76978,105.224869443218,0.0581717451523546,458.572579178467,20.7851593961911,170.178492556315,5.81717451523546
2020-10-05,1314,26,1265,25,49,1,1488,27,26815,211,28303,238,0,13,11,142,15,1159,1,44,13,"Anderson",76978,135.103536075242,0.0663420572124163,309.179246018343,33.7758840188106,184.468289641196,6.63420572124163
2020-10-06,1342,28,1292,27,50,1,1520,32,27152,337,28672,369,0,13,15,157,13,1172,1,45,13,"Anderson",76978,157.187767933695,0.0766978922716628,479.357738574658,36.3740289433345,203.954376575125,7.66978922716628
2020-10-07,1348,6,1298,6,50,0,1528,8,27387,235,28915,243,0,13,-3,154,9,1181,0,45,13,"Anderson",76978,149.393333160124,0.0688,315.674608329653,7.79443477357167,200.05715918834,6.88
2020-10-08,1358,10,1306,8,52,2,1537,9,27626,239,29163,248,0,13,-3,151,13,1194,1,46,13,"Anderson",76978,141.598898386552,0.0672866520787746,322.169970640962,12.9907246226195,196.159941801554,6.72866520787746
2020-10-09,1373,15,1319,13,54,2,1553,16,27799,173,29352,189,0,13,-2,149,17,1211,0,46,13,"Anderson",76978,151.991478084648,0.0684647302904564,245.524695367508,19.4860869339292,193.56179687703,6.84647302904564
2020-10-10,1389,16,1335,16,54,0,1573,20,28011,212,29584,232,0,13,3,152,13,1224,1,47,14,"Anderson",76978,151.991478084648,0.0683760683760684,301.384811244771,20.7851593961911,197.459014263816,6.83760683760684
2020-10-11,1417,28,1363,28,54,0,1604,31,28300,289,29904,320,0,13,18,170,10,1234,0,47,14,"Anderson",76978,167.580347631791,0.0777596519847743,415.703187923822,36.3740289433345,220.842318584531,7.77596519847743
2020-10-12,1433,16,1378,15,55,1,1620,16,28379,79,29999,95,0,13,-11,159,27,1261,0,47,14,"Anderson",76978,154.589623009171,0.0778301886792453,123.411883914885,20.7851593961911,206.552521499649,7.78301886792453
2020-10-13,1453,20,1396,18,57,2,1638,18,28500,121,30138,139,0,13,7,166,13,1274,0,47,14,"Anderson",76978,144.197043311076,0.0804911323328786,180.57107225441,25.9814492452389,215.646028735483,8.04911323328786
2020-10-14,1475,22,1418,22,57,0,1662,24,28800,300,30462,324,0,13,12,178,10,1284,0,47,14,"Anderson",76978,164.982202707267,0.0866192630898513,420.89947777287,28.5795941697628,231.234898282626,8.66192630898513
2020-10-15,1497,22,1434,16,63,6,1676,14,28951,151,30627,165,0,13,2,180,20,1304,1,48,14,"Anderson",76978,180.57107225441,0.0949453551912568,214.346956273221,28.5795941697628,233.83304320715,9.49453551912568
2020-10-16,1504,7,1437,3,67,4,1680,4,29050,99,30730,103,0,13,-11,169,18,1322,0,48,15,"Anderson",76978,170.178492556315,0.0921625544267054,133.80446361298,9.09350723583361,219.543246122269,9.21625544267054
2020-10-17,1532,28,1464,27,68,1,1710,30,29298,248,31008,278,0,13,14,183,14,1336,2,50,15,"Anderson",76978,185.767362103458,0.0962078651685393,361.142144508821,36.3740289433345,237.730260593936,9.62078651685393
2020-10-18,1552,20,1484,20,68,0,1733,23,29537,239,31270,262,0,13,5,188,15,1351,0,50,15,"Anderson",76978,175.374782405363,0.0944363103953148,340.35698511263,25.9814492452389,244.225622905246,9.44363103953148
2020-10-19,1556,4,1488,4,68,0,1738,5,29614,77,31352,82,0,13,-16,172,20,1371,1,51,15,"Anderson",76978,159.785912858219,0.0872135994087214,106.523941905479,5.19628984904778,223.440463509055,8.72135994087214
2020-10-20,1583,27,1515,27,68,0,1773,35,29813,199,31586,234,0,13,6,178,21,1392,0,51,15,"Anderson",76978,168.879420094053,0.093232044198895,303.982956169295,35.0749564810725,231.234898282626,9.3232044198895
2020-10-21,1600,17,1532,17,68,0,1792,19,30029,216,31821,235,0,13,8,186,9,1401,1,52,15,"Anderson",76978,162.384057782743,0.0956585724797645,305.282028631557,22.0842318584531,241.627477980722,9.56585724797645
2020-10-22,1621,21,1553,21,68,0,1817,25,30361,332,32178,357,1,14,-4,182,24,1425,0,52,15,"Anderson",76978,161.084985320481,0.0909090909090909,463.768869027514,27.2805217075008,236.431188131674,9.09090909090909
2020-10-23,1636,15,1567,14,69,1,1833,16,30636,275,32469,291,0,14,-7,175,22,1447,0,52,15,"Anderson",76978,171.477565018577,0.0879815986198965,378.030086518226,19.4860869339292,227.33768089584,8.79815986198965
2020-10-24,1667,31,1597,30,70,1,1866,33,31012,376,32878,409,0,14,19,194,12,1459,2,54,17,"Anderson",76978,175.374782405363,0.0834224598930481,531.320637065136,40.2712463301203,252.020057678817,8.34224598930481
2020-10-25,1684,17,1613,16,71,1,1885,19,31208,196,33093,215,0,14,0,194,17,1476,4,58,17,"Anderson",76978,171.477565018577,0.0833790455293472,279.300579386318,22.0842318584531,252.020057678817,8.33790455293472
2020-10-26,1700,16,1628,15,72,1,1903,18,31342,134,33245,152,-1,13,-11,183,28,1504,1,59,17,"Anderson",76978,187.06643456572,0.0871632329635499,197.459014263816,20.7851593961911,237.730260593936,8.71632329635499
2020-10-27,1729,29,1652,24,77,5,1927,24,31497,155,33424,179,1,14,10,193,18,1522,2,61,17,"Anderson",76978,189.664579490244,0.0837867247007617,232.533970744888,37.6731014055964,250.720985216555,8.37867247007617
2020-10-28,1785,56,1706,54,79,2,1986,59,31931,434,33917,493,0,14,33,226,23,1545,0,61,17,"Anderson",76978,240.32840551846,0.0925572519083969,640.442723895139,72.7480578866689,293.5903764712,9.25572519083969
2020-10-29,1814,29,1727,21,87,8,2005,19,32137,206,34142,225,0,14,6,232,23,1568,2,63,17,"Anderson",76978,250.720985216555,0.0957230142566191,292.291304008938,37.6731014055964,301.384811244771,9.57230142566191
2020-10-30,1851,37,1761,34,90,3,2043,38,32288,151,34331,189,2,16,20,252,15,1583,1,64,17,"Anderson",76978,279.300579386318,0.112781954887218,245.524695367508,48.065681103692,327.36626049001,11.2781954887218
2020-10-31,1851,0,1761,0,90,0,2043,0,32289,1,34332,1,0,16,-10,242,10,1593,0,64,19,"Anderson",76978,239.029333056198,0.121733149931224,1.29907246226194,0,314.375535867391,12.1733149931224
2020-11-01,1856,5,1766,5,90,0,2051,8,32533,244,34584,252,0,16,-10,232,15,1608,0,64,19,"Anderson",76978,223.440463509055,0.111334674714956,327.36626049001,6.49536231130973,301.384811244771,11.1334674714956
2020-11-02,1889,33,1797,31,92,2,2086,35,32800,267,34886,302,0,16,8,240,25,1633,0,64,20,"Anderson",76978,245.524695367508,0.111517367458867,392.319883603107,42.8693912546442,311.777390942867,11.1517367458867
2020-11-03,1915,26,1822,25,93,1,2111,25,32980,180,35091,205,0,16,6,246,20,1653,0,64,21,"Anderson",76978,241.627477980722,0.110377924415117,266.309854763699,33.7758840188106,319.571825716438,11.0377924415117
2020-11-04,1933,18,1837,15,96,3,2129,18,33059,79,35188,97,2,18,1,247,15,1668,1,65,21,"Anderson",76978,192.262724414768,0.112509834775767,126.010028839409,23.383304320715,320.8708981787,11.2509834775767
2020-11-05,1957,24,1855,18,102,6,2149,20,33158,99,35307,119,0,18,1,248,23,1691,0,65,22,"Anderson",76978,185.767362103458,0.123605150214592,154.589623009171,31.1777390942867,322.169970640962,12.3605150214592
2020-11-06,2006,49,1901,46,105,3,2198,49,33525,367,35723,416,0,18,24,272,25,1716,2,67,23,"Anderson",76978,201.356231650601,0.111350574712644,540.414144300969,63.6545506508353,353.347709735249,11.1350574712644
2020-11-07,2086,80,1978,77,108,3,2275,77,33972,447,36247,524,0,18,50,322,30,1746,0,67,23,"Anderson",76978,305.282028631557,0.121148825065274,680.713970225259,103.925796980956,418.301332848346,12.1148825065274
2020-11-08,2140,54,2029,51,111,3,2337,62,34582,610,36919,672,0,18,39,361,15,1761,1,68,23,"Anderson",76978,368.936579282392,0.122483940042827,872.976694640027,70.149912962145,468.965158876562,12.2483940042827
2020-11-09,2148,8,2036,7,112,1,2346,9,34656,74,37002,83,0,18,-46,315,54,1815,0,68,23,"Anderson",76978,336.459767725844,0.122873345935728,107.823014367741,10.3925796980956,409.207825612513,12.2873345935728
2020-11-10,2167,19,2054,18,113,1,2368,22,34827,171,37195,193,0,18,-16,299,35,1850,1,69,23,"Anderson",76978,327.36626049001,0.122148288973384,250.720985216555,24.682376782977,388.422666216322,12.2148288973384
2020-11-11,2206,39,2090,36,116,3,2410,42,35100,273,37510,315,1,19,13,312,25,1875,1,70,23,"Anderson",76978,354.646782197511,0.121016365202412,409.207825612513,50.6638260282159,405.310608225727,12.1016365202412
2020-11-12,2213,7,2096,6,117,1,2418,8,35298,198,37716,206,0,19,-13,299,20,1895,0,70,24,"Anderson",76978,332.562550339058,0.111664591116646,267.608927225961,9.09350723583361,388.422666216322,11.1664591116646
2020-11-13,2269,56,2149,53,120,3,2477,59,35560,262,38037,321,2,21,31,330,23,1918,2,72,24,"Anderson",76978,341.656057574892,0.12057044079516,417.002260386084,72.7480578866689,428.693912546442,12.057044079516
2020-11-14,2310,41,2189,40,121,1,2522,45,35956,396,38478,441,1,22,20,350,20,1938,1,73,25,"Anderson",76978,290.992231546676,0.110712684894666,572.890955857518,53.2619709527397,454.675361791681,11.0712684894666
2020-11-15,2408,98,2287,98,121,0,2630,108,36538,582,39168,690,1,23,79,429,18,1956,1,74,25,"Anderson",76978,348.151419886201,0.130280124499778,896.359998960742,127.309101301671,557.302086310374,13.0280124499778
2020-11-16,2457,49,2316,29,141,20,2659,29,36815,277,39474,306,0,23,-6,423,55,2011,1,75,25,"Anderson",76978,401.413390838941,0.126618122977346,397.516173452155,63.6545506508353,549.507651536803,12.6618122977346
2020-11-17,2473,16,2331,15,142,1,2675,16,37021,206,39696,222,2,25,-37,386,51,2062,1,76,26,"Anderson",76978,397.516173452155,0.122750899640144,288.394086622152,20.7851593961911,501.441970433111,12.2750899640144
2020-11-18,2503,30,2357,26,146,4,2701,26,37315,294,40016,320,0,25,-5,381,35,2097,0,76,27,"Anderson",76978,385.824521291798,0.116121308858739,415.703187923822,38.9721738678584,494.946608121801,11.6121308858739
2020-11-19,2561,58,2411,54,150,4,2763,62,37731,416,40494,478,0,25,19,400,39,2136,1,77,27,"Anderson",76978,452.077216867157,0.124190064794816,620.95663696121,75.3462028111928,519.628984904778,12.4190064794816
2020-11-20,2591,30,2438,27,153,3,2794,31,37845,114,40639,145,0,25,-10,390,40,2176,0,77,28,"Anderson",76978,418.301332848346,0.121829362029208,188.365507027982,38.9721738678584,506.638260282159,12.1829362029208
2020-11-21,2648,57,2487,49,161,8,2842,48,38189,344,41031,392,0,25,33,423,24,2200,1,78,28,"Anderson",76978,439.086492244537,0.125342734038386,509.236405206682,74.0471303489309,549.507651536803,12.5342734038386
2020-11-22,2704,56,2536,49,168,7,2899,57,38672,483,41571,540,0,25,42,465,14,2214,1,79,31,"Anderson",76978,384.525448829536,0.111943404078236,701.49912962145,72.7480578866689,604.068694951804,11.1943404078236
2020-11-23,2711,7,2542,6,169,1,2905,6,38694,22,41599,28,0,25,-64,401,71,2285,0,79,32,"Anderson",76978,329.964405414534,0.115764705882353,36.3740289433345,9.09350723583361,520.92805736704,11.5764705882353
2020-11-24,2724,13,2554,12,170,1,2917,12,38851,157,41768,169,2,27,-35,366,46,2331,0,79,32,"Anderson",76978,326.067188027748,0.116795366795367,219.543246122269,16.8879420094053,475.460521187872,11.6795366795367
2020-11-25,2752,28,2575,21,177,7,2938,21,38888,37,41826,58,1,28,-11,355,38,2369,0,79,32,"Anderson",76978,323.469043103224,0.130939226519337,75.3462028111928,36.3740289433345,461.170724102991,13.0939226519337
2020-11-26,2797,45,2617,42,180,3,2983,45,39238,350,42221,395,0,28,-30,325,75,2444,1,80,33,"Anderson",76978,306.581101093819,0.127388535031847,513.133622593468,58.4582608017875,422.198550235132,12.7388535031847
2020-11-27,2896,99,2707,90,189,9,3078,95,39664,426,42742,521,0,28,56,381,43,2487,3,83,35,"Anderson",76978,396.217100989893,0.135045173561579,676.816752838473,128.608173763933,494.946608121801,13.5045173561579
2020-11-28,2927,31,2732,25,195,6,3108,30,39807,143,42915,173,1,29,5,386,25,2512,2,85,35,"Anderson",76978,362.441216971083,0.141188959660297,224.739535971316,40.2712463301203,501.441970433111,14.1188959660297
2020-11-29,3018,91,2821,89,197,2,3204,96,40244,437,43448,533,0,29,65,451,26,2538,1,86,35,"Anderson",76978,407.908753150251,0.162493340436867,692.405622385617,118.215594065837,585.881680480137,16.2493340436867
2020-11-30,3088,70,2887,66,201,4,3277,73,40496,252,43773,325,0,29,1,452,69,2607,0,86,37,"Anderson",76978,489.750318272753,0.171113155473781,422.198550235132,90.9350723583361,587.180752942399,17.1113155473781
2020-12-01,3164,76,2953,66,211,10,3349,72,40927,431,44276,503,1,30,14,466,61,2668,6,92,38,"Anderson",76978,571.591883395256,0.172248803827751,653.433448517758,98.7295071319078,605.367767414066,17.2248803827751
2020-12-02,3179,15,2967,14,212,1,3365,16,41035,108,44400,124,0,30,-40,426,55,2723,0,92,38,"Anderson",76978,554.70394138585,0.165889665889666,161.084985320481,19.4860869339292,553.404868923589,16.5889665889666
2020-12-03,3220,41,2996,29,224,12,3398,33,41259,224,44657,257,1,31,-14,412,54,2777,1,93,39,"Anderson",76978,549.507651536803,0.170361247947455,333.86162280132,53.2619709527397,535.217854451921,17.0361247947455
2020-12-04,3287,67,3056,60,231,7,3461,63,41417,158,44878,221,1,32,-25,387,91,2868,0,93,39,"Anderson",76978,507.93733274442,0.179307116104869,287.09501415989,87.0378549715503,502.741042895373,17.9307116104869
2020-12-05,3318,31,3075,19,243,12,3479,18,41484,67,44963,85,0,32,1,388,30,2898,0,93,39,"Anderson",76978,507.93733274442,0.18115234375,110.421159292265,40.2712463301203,504.040115357635,18.115234375
2020-12-06,3354,36,3104,29,250,7,3507,28,41692,208,45199,236,0,32,12,400,24,2922,2,95,40,"Anderson",76978,436.488347320014,0.173043974871502,306.581101093819,46.76660864143,519.628984904778,17.3043974871502
2020-12-07,3494,140,3228,124,266,16,3643,136,42285,593,45928,729,2,34,28,428,110,3032,4,99,41,"Anderson",76978,527.42341967835,0.169837587006961,947.023824988958,181.870144716672,556.003013848112,16.9837587006961
2020-12-08,3565,71,3277,49,288,22,3695,52,42583,298,46278,350,1,35,-8,420,78,3110,2,101,43,"Anderson",76978,520.92805736704,0.172827172827173,454.675361791681,92.2341448205981,545.610434150017,17.2827172827173
2020-12-09,3670,105,3368,91,302,14,3799,104,42844,261,46643,365,0,35,46,466,59,3169,3,104,44,"Anderson",76978,637.844578970615,0.193490860454748,474.16144872561,136.402608537504,605.367767414066,19.3490860454748
2020-12-10,3764,94,3446,78,318,16,3886,87,43376,532,47262,619,3,38,81,547,10,3179,3,107,45,"Anderson",76978,706.695419470498,0.187332053742802,804.125854140144,122.112811452623,710.592636857284,18.7332053742802
2020-12-11,3837,73,3499,53,338,20,3937,51,43542,166,47479,217,1,39,30,577,42,3221,2,109,45,"Anderson",76978,714.48985424407,0.183006535947712,281.898724310842,94.832289745122,749.564810725142,18.3006535947712
2020-12-12,3925,88,3560,61,365,27,4002,65,44055,513,48057,578,0,39,55,632,33,3254,2,111,45,"Anderson",76978,788.536984593001,0.169036845507434,750.863883187404,114.318376679051,821.013796149549,16.9036845507434
2020-12-13,4157,232,3743,183,414,49,4206,204,44927,872,49133,1076,1,40,188,820,43,3297,0,111,47,"Anderson",76978,1043.15518719634,0.177681748856126,1397.80196939385,301.384811244771,1065.23941905479,17.7681748856126
2020-12-14,4272,115,3829,86,443,29,4305,99,45218,291,49523,390,0,40,-37,783,152,3449,1,112,48,"Anderson",76978,1010.67837563979,0.184144645340751,506.638260282159,149.393333160124,1017.1737379511,18.4144645340751
2020-12-15,4407,135,3914,85,493,50,4401,96,45745,527,50146,623,1,41,42,825,92,3541,6,118,51,"Anderson",76978,1093.81901322456,0.182523267838676,809.322143989192,175.374782405363,1071.7347813661,18.2523267838676
2020-12-16,4476,69,3944,30,532,39,4437,36,46068,323,50505,359,2,43,-17,808,84,3625,4,122,52,"Anderson",76978,1047.05240458313,0.165199378560331,466.367013952038,89.6359998960742,1049.65054950765,16.5199378560331
2020-12-17,4677,201,4118,174,559,27,4631,194,46596,528,51227,722,2,45,114,922,85,3710,2,124,54,"Anderson",76978,1186.05315804516,0.187894073139975,937.930317753124,261.113564914651,1197.74481020551,18.7894073139975
2020-12-18,4775,98,4194,76,581,22,4718,87,46962,366,51680,453,1,46,23,945,74,3784,2,126,54,"Anderson",76978,1218.5299696017,0.185908117114973,588.479825404661,127.309101301671,1227.62347683754,18.5908117114973
2020-12-19,4880,105,4275,81,605,24,4805,87,47220,258,52025,345,0,46,74,1019,31,3815,1,127,55,"Anderson",76978,1240.61420146016,0.202368951612903,448.179999480371,136.402608537504,1323.75483904492,20.2368951612903
2020-12-20,5020,140,4397,122,623,18,4942,137,47684,464,52626,601,2,48,84,1103,54,3869,3,130,56,"Anderson",76978,1121.09953493206,0.2107071285428,780.742549819429,181.870144716672,1432.87692587493,21.07071285428
2020-12-21,5068,48,4415,18,653,30,4965,23,47904,220,52869,243,3,51,-83,1020,128,3997,2,132,59,"Anderson",76978,1034.06167996051,0.197250448296473,315.674608329653,62.3554781885734,1325.05391150718,19.7250448296473
2020-12-22,5138,70,4459,44,679,26,5012,47,48010,106,53022,153,1,52,-31,989,100,4097,2,134,64,"Anderson",76978,949.621969913482,0.212447844228095,198.758086726078,90.9350723583361,1284.78266517706,21.2447844228095
2020-12-23,5212,74,4501,42,711,32,5055,43,48326,316,53381,359,2,54,-8,981,80,4177,2,136,66,"Anderson",76978,956.117332224792,0.214881780250348,466.367013952038,96.1313622073839,1274.39008547897,21.4881780250348
2020-12-24,5270,58,4525,24,745,34,5082,27,48478,152,53560,179,1,55,-47,934,104,4281,1,137,71,"Anderson",76978,770.349970121333,0.193313330475782,232.533970744888,75.3462028111928,1213.33367975266,19.3313330475782
2020-12-25,5364,94,4603,78,761,16,5175,93,48887,409,54062,502,0,55,-15,919,109,4390,1,138,72,"Anderson",76978,765.153680272286,0.191855583543241,652.134376055496,122.112811452623,1193.84759281873,19.1855583543241
2020-12-26,5420,56,4632,29,788,27,5203,28,49006,119,54209,147,0,55,6,925,50,4440,3,141,74,"Anderson",76978,701.49912962145,0.182234432234432,190.963651952506,72.7480578866689,1201.6420275923,18.2234432234432
2020-12-27,5480,60,4669,37,811,23,5239,36,49142,136,54381,172,1,56,30,955,29,4469,6,147,75,"Anderson",76978,597.573332640495,0.169230769230769,223.440463509055,77.9443477357167,1240.61420146016,16.9230769230769
2020-12-28,5527,47,4690,21,837,26,5259,20,49211,69,54470,89,2,58,-85,870,130,4599,4,151,82,"Anderson",76978,596.274260178233,0.183635227982511,115.617449141313,61.0564057263114,1130.19304216789,18.3635227982511
2020-12-29,5623,96,4742,52,881,44,5307,48,49306,95,54613,143,2,60,-34,836,128,4727,5,156,85,"Anderson",76978,630.050144197043,0.185417976115651,185.767362103458,124.710956377147,1086.02457845099,18.5417976115651
2020-12-30,5658,35,4760,18,898,17,5324,17,49434,128,54758,145,6,66,-89,747,118,4845,1,157,88,"Anderson",76978,579.386318168827,0.195352214960058,188.365507027982,45.4675361791681,970.407129309673,19.5352214960058
2020-12-31,5821,163,4860,100,961,63,5426,102,49738,304,55164,406,6,72,63,810,94,4939,1,158,93,"Anderson",76978,715.788926706332,0.214463840399002,527.42341967835,211.748811348697,1052.24869443218,21.4463840399002
2021-01-01,5886,65,4902,42,984,23,5481,55,50014,276,55495,331,0,72,-25,785,90,5029,2,160,94,"Anderson",76978,678.115825300735,0.213538032100488,429.992985008704,84.4397100470264,1019.77188287563,21.3538032100488
2021-01-02,5979,93,4943,41,1036,52,5522,41,50299,285,55821,326,0,72,49,834,44,5073,2,162,96,"Anderson",76978,726.181506404427,0.197890818858561,423.497622697394,120.813738990361,1083.42643352646,19.7890818858561
2021-01-03,6004,25,4955,12,1049,13,5538,16,50351,52,55889,68,0,72,-9,825,34,5107,1,163,98,"Anderson",76978,680.713970225259,0.198275862068966,88.3369274338123,32.4768115565486,1071.7347813661,19.8275862068966
2021-01-04,6041,37,4979,24,1062,13,5569,31,50458,107,56027,138,1,73,-57,768,93,5200,0,163,103,"Anderson",76978,667.72324560264,0.199100834938985,179.271999792148,48.065681103692,997.687651017174,19.9100834938985
2021-01-05,6113,72,5010,31,1103,41,5600,31,50576,118,56176,149,2,75,-48,720,118,5318,2,165,106,"Anderson",76978,636.545506508353,0.187460012795905,193.56179687703,93.53321728286,935.3321728286,18.7460012795905
2021-01-06,6187,74,5050,40,1137,34,5643,43,50737,161,56380,204,5,80,-12,708,81,5399,2,167,108,"Anderson",76978,687.209332536569,0.196670776818742,265.010782301437,96.1313622073839,919.743303281457,19.6670776818742
2021-01-07,6292,105,5130,80,1162,25,5735,92,50958,221,56693,313,1,81,65,773,39,5438,1,168,111,"Anderson",76978,611.863129725376,0.202092871157619,406.609680687989,136.402608537504,1004.18301332848,20.2092871157619
2021-01-08,6374,82,5180,50,1194,32,5787,52,51157,199,56944,251,5,86,61,834,16,5454,2,170,114,"Anderson",76978,633.947361583829,0.211180124223602,326.067188027748,106.523941905479,1083.42643352646,21.1180124223602
2021-01-09,6484,110,5249,69,1235,41,5862,75,51588,431,57450,506,2,88,44,878,64,5518,0,170,116,"Anderson",76978,656.031593442282,0.208717004297115,657.330665904544,142.897970848814,1140.58562186599,20.8717004297115
2021-01-10,6544,60,5274,25,1270,35,5887,25,51682,94,57569,119,2,90,28,906,30,5548,3,173,117,"Anderson",76978,701.49912962145,0.207738095238095,154.589623009171,77.9443477357167,1176.95965080932,20.7738095238095
2021-01-11,6577,33,5284,10,1293,23,5900,13,51753,71,57653,84,1,91,-93,813,125,5673,1,174,119,"Anderson",76978,696.302839772403,0.203567035670357,109.122086830003,42.8693912546442,1056.14591181896,20.3567035670357
2021-01-12,6630,53,5318,34,1312,19,5938,38,51925,172,57863,210,2,93,-100,713,151,5824,1,175,119,"Anderson",76978,671.620462989426,0.200355660936574,272.805217075008,68.8508404998831,926.238665592767,20.0355660936574
2021-01-13,6656,26,5335,17,1321,9,5957,19,52015,90,57972,109,3,96,-44,669,67,5891,0,175,120,"Anderson",76978,609.264984800852,0.197236180904523,141.598898386552,33.7758840188106,869.079477253241,19.7236180904523
2021-01-14,6753,97,5397,62,1356,35,6031,74,52422,407,58453,481,5,101,9,678,83,5974,2,177,122,"Anderson",76978,598.872405102757,0.168181818181818,624.853854347995,126.010028839409,880.771129413599,16.8181818181818
2021-01-15,6787,34,5417,20,1370,14,6055,24,52577,155,58632,179,0,101,-16,662,50,6024,1,178,125,"Anderson",76978,536.516926914183,0.158767772511848,232.533970744888,44.1684637169061,859.985970017408,15.8767772511848
2021-01-16,6851,64,5447,30,1404,34,6088,33,52821,244,58909,277,1,102,2,664,61,6085,1,179,128,"Anderson",76978,476.759593650134,0.154900616860864,359.843072046559,83.1406375847645,862.584114941931,15.4900616860864
2021-01-17,6888,37,5467,20,1421,17,6111,23,52925,104,59036,127,0,102,-6,658,43,6128,0,179,130,"Anderson",76978,446.880927018109,0.152692569870484,164.982202707267,48.065681103692,854.78968016836,15.2692569870484
2021-01-18,6907,19,5475,8,1432,11,6121,10,53021,96,59142,106,1,103,-68,590,86,6214,0,179,131,"Anderson",76978,428.693912546442,0.148421759570181,137.701680999766,24.682376782977,766.452752734548,14.8421759570181
2021-01-19,6949,42,5492,17,1457,25,6141,20,53133,112,59274,132,1,104,-78,512,119,6333,0,179,133,"Anderson",76978,414.40411546156,0.143869596031184,171.477565018577,54.5610434150017,665.125100678116,14.3869596031184
2021-01-20,6977,28,5508,16,1469,12,6160,19,53285,152,59445,171,3,107,-29,483,54,6387,0,179,136,"Anderson",76978,417.002260386084,0.137813985064494,222.141391046793,36.3740289433345,627.451999272519,13.7813985064494
2021-01-21,7033,56,5548,40,1485,16,6199,39,53526,241,59725,280,5,112,-42,441,93,6480,2,181,137,"Anderson",76978,363.740289433345,0.132075471698113,363.740289433345,72.7480578866689,572.890955857518,13.2075471698113
2021-01-22,7071,38,5566,18,1505,20,6221,22,53671,145,59892,167,2,114,-16,425,52,6532,0,181,140,"Anderson",76978,368.936579282392,0.131746031746032,216.945101197745,49.3647535659539,552.105796461327,13.1746031746032
2021-01-23,7109,38,5580,14,1529,24,6234,13,53931,260,60165,273,0,114,8,433,30,6562,1,182,140,"Anderson",76978,335.160695263582,0.116242038216561,354.646782197511,49.3647535659539,562.498376159422,11.6242038216561
2021-01-24,7122,13,5592,12,1530,1,6248,14,53998,67,60246,81,0,114,-21,412,34,6596,0,182,142,"Anderson",76978,303.982956169295,0.113223140495868,105.224869443218,16.8879420094053,535.217854451921,11.3223140495868
2021-01-25,7139,17,5603,11,1536,6,6259,11,54058,60,60317,71,2,116,-47,365,62,6658,1,183,144,"Anderson",76978,301.384811244771,0.117446808510638,92.2341448205981,22.0842318584531,474.16144872561,11.7446808510638
2021-01-26,7166,27,5624,21,1542,6,6284,25,54222,164,60506,189,0,116,-36,329,63,6721,1,184,147,"Anderson",76978,281.898724310842,0.116071428571429,245.524695367508,35.0749564810725,427.39484008418,11.6071428571429
2021-01-27,7183,17,5632,8,1551,9,6293,9,54308,86,60601,95,4,120,-17,312,30,6751,0,184,149,"Anderson",76978,267.608927225961,0.115051903114187,123.411883914885,22.0842318584531,405.310608225727,11.5051903114187
2021-01-28,7270,87,5672,40,1598,47,6340,47,54534,226,60874,273,4,124,24,336,59,6810,0,184,150,"Anderson",76978,307.880173556081,0.122715404699739,354.646782197511,113.019304216789,436.488347320014,12.2715404699739
2021-01-29,7283,13,5676,4,1607,9,6345,5,54579,45,60924,50,1,125,-34,302,46,6856,1,185,150,"Anderson",76978,275.403361999532,0.12015503875969,64.9536231130973,16.8879420094053,392.319883603107,12.015503875969
2021-01-30,7323,40,5711,35,1612,5,6381,36,54838,259,61219,295,2,127,1,303,37,6893,2,187,151,"Anderson",76978,278.001506924056,0.139468690702087,383.226376367274,51.9628984904778,393.618956065369,13.9468690702087
2021-01-31,7339,16,5718,7,1621,9,6392,11,55007,169,61399,180,1,128,-4,299,19,6912,0,187,153,"Anderson",76978,281.898724310842,0.12489158716392,233.83304320715,20.7851593961911,388.422666216322,12.489158716392
2021-02-01,7359,20,5730,12,1629,8,6405,13,55060,53,61465,66,1,129,-26,273,45,6957,1,188,155,"Anderson",76978,285.795941697628,0.127177700348432,85.7387825092884,25.9814492452389,354.646782197511,12.7177700348432
2021-02-02,7366,7,5736,6,1630,1,6411,6,55129,69,61540,75,5,134,-45,228,47,7004,0,188,156,"Anderson",76978,259.814492452389,0.122823984526112,97.4304346696459,9.09350723583361,296.188521395723,12.2823984526112
2021-02-03,7388,22,5742,6,1646,16,6421,10,55321,192,61742,202,4,138,1,229,17,7021,0,188,157,"Anderson",76978,266.309854763699,0.112182296231376,262.412637376913,28.5795941697628,297.487593857985,11.2182296231376
2021-02-04,7418,30,5756,14,1662,16,6438,17,55645,324,62083,341,2,140,-5,224,33,7054,0,188,157,"Anderson",76978,192.262724414768,0.0810587262200165,442.983709631323,38.9721738678584,290.992231546676,8.10587262200166
2021-02-05,7436,18,5767,11,1669,7,6455,17,55802,157,62257,174,2,142,-13,211,29,7083,0,188,158,"Anderson",76978,198.758086726078,0.0825206301575394,226.038608433578,23.383304320715,274.10428953727,8.25206301575394
2021-02-06,7462,26,5783,16,1679,10,6475,20,56024,222,62499,242,1,143,8,219,17,7100,1,189,158,"Anderson",76978,180.57107225441,0.0734375,314.375535867391,33.7758840188106,284.496869235366,7.34375
2021-02-07,7475,13,5790,7,1685,6,6483,8,56131,107,62614,115,0,143,-10,209,23,7123,0,189,158,"Anderson",76978,176.673854867625,0.0748971193415638,149.393333160124,16.8879420094053,271.506144612746,7.48971193415638
2021-02-08,7500,25,5796,6,1704,19,6488,5,56153,22,62641,27,2,145,-12,197,35,7158,0,189,158,"Anderson",76978,183.169217178934,0.070578231292517,35.0749564810725,32.4768115565486,255.917275065603,7.0578231292517
2021-02-09,7524,24,5806,10,1718,14,6499,11,56322,169,62821,180,2,147,-24,173,46,7204,2,191,158,"Anderson",76978,205.253449037387,0.068696330991413,233.83304320715,31.1777390942867,224.739535971316,6.8696330991413
2021-02-10,7549,25,5821,15,1728,10,6518,19,56517,195,63035,214,1,148,8,181,16,7220,1,192,158,"Anderson",76978,209.150666424173,0.0750193348801237,278.001506924056,32.4768115565486,235.132115669412,7.50193348801237
2021-02-11,7562,13,5829,8,1733,5,6530,12,56697,180,63227,192,-1,147,-16,165,30,7250,0,192,159,"Anderson",76978,187.06643456572,0.0804195804195804,249.421912754293,16.8879420094053,214.346956273221,8.04195804195804
2021-02-12,7589,27,5844,15,1745,12,6545,15,56891,194,63436,209,0,147,13,178,14,7264,0,192,159,"Anderson",76978,198.758086726078,0.0763358778625954,271.506144612746,35.0749564810725,231.234898282626,7.63358778625954
2021-02-13,7615,26,5854,10,1761,16,6555,10,57080,189,63635,199,0,147,11,189,15,7279,0,192,159,"Anderson",76978,198.758086726078,0.0704225352112676,258.515419990127,33.7758840188106,245.524695367508,7.04225352112676
2021-02-14,7629,14,5864,10,1765,4,6566,11,57141,61,63707,72,2,149,1,190,11,7290,0,192,159,"Anderson",76978,200.05715918834,0.0759377859103385,93.53321728286,18.1870144716672,246.82376782977,7.59377859103385
2021-02-15,7645,16,5872,8,1773,8,6575,9,57214,73,63789,82,0,149,-6,184,22,7312,1,193,160,"Anderson",76978,188.365507027982,0.0757839721254355,106.523941905479,20.7851593961911,239.029333056198,7.57839721254355
2021-02-16,7674,29,5886,14,1788,15,6592,17,57298,84,63890,101,0,149,11,195,18,7330,0,193,160,"Anderson",76978,194.860869339292,0.0869971936389149,131.206318688456,37.6731014055964,253.319130141079,8.69971936389149
2021-02-17,7693,19,5898,12,1795,7,6604,12,57406,108,64010,120,0,149,-8,187,27,7357,0,193,162,"Anderson",76978,187.06643456572,0.0882051282051282,155.888695471433,24.682376782977,242.926550442984,8.82051282051282
2021-02-18,7717,24,5920,22,1797,2,6630,26,57562,156,64192,182,0,149,9,196,15,7372,0,193,162,"Anderson",76978,201.356231650601,0.103626943005181,236.431188131674,31.1777390942867,254.618202603341,10.3626943005181
2021-02-19,7730,13,5931,11,1799,2,6645,15,57608,46,64253,61,0,149,0,196,13,7385,0,193,163,"Anderson",76978,183.169217178934,0.122399020807834,79.2434201979787,16.8879420094053,254.618202603341,12.2399020807834
2021-02-20,7749,19,5938,7,1811,12,6654,9,57730,122,64384,131,1,150,3,199,15,7400,0,193,164,"Anderson",76978,174.075709943101,0.132176234979973,170.178492556315,24.682376782977,258.515419990127,13.2176234979973
2021-02-21,7761,12,5945,7,1816,5,6661,7,57794,64,64455,71,2,152,-1,198,11,7411,1,194,164,"Anderson",76978,171.477565018577,0.127005347593583,92.2341448205981,15.5888695471433,257.216347527865,12.7005347593583
2021-02-22,7766,5,5947,2,1819,3,6667,6,57831,37,64498,43,1,153,-17,181,21,7432,0,194,165,"Anderson",76978,157.187767933695,0.129760225669958,55.8601158772636,6.49536231130973,235.132115669412,12.9760225669958
2021-02-23,7790,24,5956,9,1834,15,6675,8,57974,143,64649,151,2,155,-2,179,24,7456,0,194,167,"Anderson",76978,150.692405622386,0.10935441370224,196.159941801554,31.1777390942867,232.533970744888,10.935441370224
2021-02-24,7822,32,5975,19,1847,13,6698,23,58148,174,64846,197,0,155,15,194,17,7473,0,194,167,"Anderson",76978,167.580347631791,0.11244019138756,255.917275065603,41.5703187923822,252.020057678817,11.244019138756
2021-02-25,7839,17,5983,8,1856,9,6709,11,58275,127,64984,138,1,156,-3,191,19,7492,0,194,167,"Anderson",76978,158.486840395957,0.0997474747474748,179.271999792148,22.0842318584531,248.122840292031,9.97474747474748
2021-02-26,7851,12,5991,8,1860,4,6718,9,58374,99,65092,108,0,156,-17,174,29,7521,0,194,167,"Anderson",76978,157.187767933695,0.0870083432657926,140.29982592429,15.5888695471433,226.038608433578,8.70083432657926
2021-02-27,7860,9,5998,7,1862,2,6724,6,58466,92,65190,98,0,156,-6,168,15,7536,0,194,167,"Anderson",76978,144.197043311076,0.086848635235732,127.309101301671,11.6916521603575,218.244173660007,8.6848635235732
2021-02-28,7874,14,6008,10,1866,4,6735,11,58537,71,65272,82,0,156,0,168,14,7550,0,194,167,"Anderson",76978,146.7951882356,0.0905752753977968,106.523941905479,18.1870144716672,218.244173660007,9.05752753977968
2021-03-01,7882,8,6013,5,1869,3,6742,7,58572,35,65314,42,0,156,-11,157,19,7569,0,194,168,"Anderson",76978,150.692405622386,0.0919117647058824,54.5610434150017,10.3925796980956,203.954376575125,9.19117647058824
2021-03-02,7905,23,6024,11,1881,12,6752,10,58688,116,65440,126,1,157,-2,155,24,7593,1,195,168,"Anderson",76978,149.393333160124,0.0973451327433628,163.683130245005,29.8786666320247,201.356231650601,9.73451327433628
2021-03-03,7938,33,6045,21,1893,12,6777,25,58804,116,65581,141,1,158,13,168,19,7612,0,195,169,"Anderson",76978,150.692405622386,0.107482993197279,183.169217178934,42.8693912546442,218.244173660007,10.7482993197279
2021-03-04,7963,25,6058,13,1905,12,6794,17,58967,163,65761,180,0,158,13,181,12,7624,0,195,169,"Anderson",76978,161.084985320481,0.109395109395109,233.83304320715,32.4768115565486,235.132115669412,10.9395109395109
2021-03-05,7996,33,6075,17,1921,16,6816,22,59101,134,65917,156,0,158,18,199,15,7639,2,197,169,"Anderson",76978,188.365507027982,0.118787878787879,202.655304112863,42.8693912546442,258.515419990127,11.8787878787879
2021-03-06,8006,10,6080,5,1926,5,6824,8,59190,89,66014,97,0,158,-1,198,11,7650,0,197,169,"Anderson",76978,189.664579490244,0.121359223300971,126.010028839409,12.9907246226195,257.216347527865,12.1359223300971
2021-03-07,8012,6,6083,3,1929,3,6827,3,59229,39,66056,42,0,158,-10,188,16,7666,0,197,169,"Anderson",76978,179.271999792148,0.11734693877551,54.5610434150017,7.79443477357167,244.225622905246,11.734693877551
2021-03-08,8028,16,6090,7,1938,9,6836,9,59306,77,66142,86,1,159,-4,184,19,7685,0,197,169,"Anderson",76978,189.664579490244,0.113526570048309,111.720231754527,20.7851593961911,239.029333056198,11.3526570048309
2021-03-09,8049,21,6098,8,1951,13,6844,8,59371,65,66215,73,0,159,3,187,18,7703,3,200,170,"Anderson",76978,187.06643456572,0.118709677419355,94.832289745122,27.2805217075008,242.926550442984,11.8709677419355
2021-03-10,8071,22,6111,13,1960,9,6860,16,59528,157,66388,173,0,159,11,198,11,7714,1,201,170,"Anderson",76978,172.776637480839,0.102850061957869,224.739535971316,28.5795941697628,257.216347527865,10.2850061957869
2021-03-11,8094,23,6121,10,1973,13,6870,10,59625,97,66495,107,0,159,1,199,22,7736,1,202,171,"Anderson",76978,170.178492556315,0.103542234332425,139.000753462028,29.8786666320247,258.515419990127,10.3542234332425
2021-03-12,8114,20,6138,17,1976,3,6890,20,59731,106,66621,126,0,159,8,207,12,7748,0,202,171,"Anderson",76978,153.29055054691,0.105113636363636,163.683130245005,25.9814492452389,268.907999688223,10.5113636363636
2021-03-13,8125,11,6142,4,1983,7,6894,4,59807,76,66701,80,0,159,2,209,9,7757,1,203,171,"Anderson",76978,154.589623009171,0.101892285298399,103.925796980956,14.2897970848814,271.506144612746,10.1892285298399
2021-03-14,8131,6,6146,4,1985,2,6900,6,59843,36,66743,42,0,159,-13,196,19,7776,1,204,171,"Anderson",76978,154.589623009171,0.106259097525473,54.5610434150017,7.79443477357167,254.618202603341,10.6259097525473
2021-03-15,8149,18,6152,6,1997,12,6906,6,59876,33,66782,39,0,159,-9,187,27,7803,1,205,171,"Anderson",76978,157.187767933695,0.109375,50.6638260282159,23.383304320715,242.926550442984,10.9375
2021-03-16,8182,33,6165,13,2017,20,6921,15,59969,93,66890,108,0,159,-2,185,35,7838,2,207,171,"Anderson",76978,172.776637480839,0.114074074074074,140.29982592429,42.8693912546442,240.32840551846,11.4074074074074
2021-03-17,8199,17,6176,11,2023,6,6934,13,60056,87,66990,100,0,159,-5,180,22,7860,0,207,172,"Anderson",76978,166.281275169529,0.122923588039867,129.907246226195,22.0842318584531,233.83304320715,12.2923588039867
2021-03-18,8215,16,6188,12,2027,4,6949,15,60137,81,67086,96,1,160,-1,179,16,7876,0,207,172,"Anderson",76978,157.187767933695,0.133671742808799,124.710956377147,20.7851593961911,232.533970744888,13.3671742808799
2021-03-19,8239,24,6202,14,2037,10,6962,13,60256,119,67218,132,0,160,13,192,11,7887,1,208,172,"Anderson",76978,162.384057782743,0.120603015075377,171.477565018577,31.1777390942867,249.421912754293,12.0603015075377
2021-03-20,8251,12,6208,6,2043,6,6970,8,60295,39,67265,47,0,160,3,195,9,7896,1,209,172,"Anderson",76978,163.683130245005,0.134751773049645,61.0564057263114,15.5888695471433,253.319130141079,13.4751773049645
2021-03-21,8261,10,6214,6,2047,4,6977,7,60357,62,67334,69,-1,159,-5,190,16,7912,0,209,172,"Anderson",76978,168.879420094053,0.130287648054146,89.6359998960742,12.9907246226195,246.82376782977,13.0287648054146
2021-03-22,8267,6,6215,1,2052,5,6978,1,60423,66,67401,67,0,159,-9,181,15,7927,1,210,172,"Anderson",76978,153.29055054691,0.116316639741519,87.0378549715503,7.79443477357167,235.132115669412,11.6316639741519
2021-03-23,8273,6,6216,1,2057,5,6979,1,60466,43,67445,44,0,159,-15,166,21,7948,0,210,173,"Anderson",76978,118.215594065837,0.104504504504505,57.1591883395256,7.79443477357167,215.646028735483,10.4504504504505
2021-03-24,8281,8,6223,7,2058,1,6986,7,60587,121,67573,128,1,160,-11,155,18,7966,0,210,173,"Anderson",76978,106.523941905479,0.0891938250428816,166.281275169529,10.3925796980956,201.356231650601,8.91938250428817
2021-03-25,8291,10,6228,5,2063,5,6992,6,60688,101,67680,107,0,160,-10,145,20,7986,0,210,173,"Anderson",76978,98.7295071319078,0.0723905723905724,139.000753462028,12.9907246226195,188.365507027982,7.23905723905724
2021-03-26,8308,17,6240,12,2068,5,7003,11,60754,66,67757,77,0,160,2,147,15,8001,0,210,174,"Anderson",76978,89.6359998960742,0.0760667903525046,100.02857959417,22.0842318584531,190.963651952506,7.60667903525046
2021-03-27,8312,4,6244,4,2068,0,7009,6,60818,64,67827,70,1,161,-12,135,15,8016,2,212,174,"Anderson",76978,79.2434201979786,0.0693950177935943,90.9350723583361,5.19628984904778,175.374782405363,6.93950177935943
2021-03-28,8315,3,6244,0,2071,3,7009,0,60847,29,67856,29,1,162,-12,123,14,8030,0,212,175,"Anderson",76978,70.149912962145,0.0613026819923372,37.6731014055964,3.89721738678583,159.785912858219,6.13026819923372
2021-03-29,8330,15,6248,4,2082,11,7013,4,60933,86,67946,90,1,163,-16,107,30,8060,0,212,176,"Anderson",76978,81.8415651225025,0.0642201834862385,116.916521603575,19.4860869339292,139.000753462028,6.42201834862385
2021-03-30,8335,5,6251,3,2084,2,7016,3,60991,58,68007,61,1,164,-12,95,16,8076,0,212,176,"Anderson",76978,80.5424926602406,0.0658362989323843,79.2434201979787,6.49536231130973,123.411883914885,6.58362989323843
2021-03-31,8358,23,6265,14,2093,9,7032,16,61155,164,68187,180,1,165,10,105,12,8088,1,213,176,"Anderson",76978,100.02857959417,0.0749185667752443,233.83304320715,29.8786666320247,136.402608537504,7.49185667752443
2021-04-01,8367,9,6269,4,2098,5,7036,4,61212,57,68248,61,0,165,-8,97,17,8105,0,213,176,"Anderson",76978,98.7295071319078,0.0774647887323944,79.2434201979787,11.6916521603575,126.010028839409,7.74647887323944
2021-04-02,8376,9,6276,7,2100,2,7043,7,61282,70,68325,77,0,165,-1,96,10,8115,0,213,176,"Anderson",76978,88.3369274338123,0.0704225352112676,100.02857959417,11.6916521603575,124.710956377147,7.04225352112676
2021-04-03,8382,6,6281,5,2101,1,7049,6,61332,50,68381,56,0,165,-8,88,14,8129,0,213,176,"Anderson",76978,90.9350723583361,0.0722021660649819,72.7480578866689,7.79443477357167,114.318376679051,7.22021660649819
2021-04-04,8384,2,6283,2,2101,0,7051,2,61370,38,68421,40,0,165,-5,83,7,8136,0,213,176,"Anderson",76978,89.6359998960742,0.0743362831858407,51.9628984904778,2.59814492452389,107.823014367741,7.43362831858407
2021-04-05,8398,14,6286,3,2112,11,7053,2,61428,58,68481,60,0,165,4,87,10,8146,2,215,176,"Anderson",76978,88.3369274338123,0.0747663551401869,77.9443477357167,18.1870144716672,113.019304216789,7.47663551401869
2021-04-06,8403,5,6290,4,2113,1,7059,6,61470,42,68529,48,0,165,3,90,2,8148,0,215,176,"Anderson",76978,88.3369274338123,0.0823754789272031,62.3554781885734,6.49536231130973,116.916521603575,8.23754789272031
2021-04-07,8423,20,6303,13,2120,7,7073,14,61629,159,68702,173,0,165,10,100,10,8158,2,217,176,"Anderson",76978,84.4397100470264,0.0796116504854369,224.739535971316,25.9814492452389,129.907246226195,7.96116504854369
2021-04-08,8426,3,6305,2,2121,1,7076,3,61720,91,68796,94,5,170,-17,83,15,8173,1,218,176,"Anderson",76978,76.6452752734548,0.072992700729927,122.112811452623,3.89721738678583,107.823014367741,7.2992700729927
2021-04-09,8434,8,6311,6,2123,2,7085,9,61807,87,68892,96,-4,166,8,91,4,8177,0,218,176,"Anderson",76978,75.3462028111928,0.0740740740740741,124.710956377147,10.3925796980956,118.215594065837,7.40740740740741
2021-04-10,8439,5,6316,5,2123,0,7090,5,61878,71,68968,76,0,166,-6,85,11,8188,0,218,176,"Anderson",76978,74.0471303489309,0.0698466780238501,98.7295071319078,6.49536231130973,110.421159292265,6.98466780238501
2021-04-11,8446,7,6321,5,2125,2,7095,5,61922,44,69017,49,-1,165,0,85,8,8196,0,218,176,"Anderson",76978,80.5424926602406,0.0738255033557047,63.6545506508353,9.09350723583361,110.421159292265,7.38255033557047
2021-04-12,8449,3,6324,3,2125,0,7098,3,61991,69,69089,72,0,165,-7,78,10,8206,0,218,176,"Anderson",76978,66.2526955753592,0.0740131578947368,93.53321728286,3.89721738678583,101.327652056432,7.40131578947368
2021-04-13,8459,10,6329,5,2130,5,7104,6,62052,61,69156,67,5,170,-7,71,12,8218,0,218,176,"Anderson",76978,72.7480578866689,0.0717703349282297,87.0378549715503,12.9907246226195,92.2341448205981,7.17703349282297
2021-04-14,8473,14,6338,9,2135,5,7115,11,62190,138,69305,149,0,170,7,78,7,8225,0,218,176,"Anderson",76978,64.9536231130973,0.0696517412935323,193.56179687703,18.1870144716672,101.327652056432,6.96517412935323
2021-04-15,8482,9,6343,5,2139,4,7120,5,62271,81,69391,86,0,170,6,84,3,8228,0,218,176,"Anderson",76978,72.7480578866689,0.0739495798319328,111.720231754527,11.6916521603575,109.122086830003,7.39495798319328
2021-04-16,8495,13,6354,11,2141,2,7133,13,62424,153,69557,166,0,170,6,90,7,8235,0,218,176,"Anderson",76978,79.2434201979786,0.0721804511278196,215.646028735483,16.8879420094053,116.916521603575,7.21804511278196
2021-04-17,8500,5,6357,3,2143,2,7137,4,62489,65,69626,69,0,170,0,90,5,8240,0,218,176,"Anderson",76978,79.2434201979786,0.0714285714285714,89.6359998960742,6.49536231130973,116.916521603575,7.14285714285714
2021-04-18,8507,7,6363,6,2144,1,7143,6,62534,45,69677,51,0,170,0,90,7,8247,0,218,176,"Anderson",76978,79.2434201979786,0.0727272727272727,66.2526955753592,9.09350723583361,116.916521603575,7.27272727272727
2021-04-19,8513,6,6366,3,2147,3,7146,3,62557,23,69703,26,0,170,-6,84,12,8259,0,218,177,"Anderson",76978,83.1406375847645,0.0781758957654723,33.7758840188106,7.79443477357167,109.122086830003,7.81758957654723
2021-04-20,8519,6,6369,3,2150,3,7149,3,62656,99,69805,102,0,170,-1,83,7,8266,0,218,177,"Anderson",76978,77.9443477357167,0.0693374422187981,132.505391150718,7.79443477357167,107.823014367741,6.93374422187981
2021-04-21,8531,12,6375,6,2156,6,7155,6,62811,155,69966,161,1,171,-2,81,13,8279,0,218,177,"Anderson",76978,75.3462028111928,0.0605143721633888,209.150666424173,15.5888695471433,105.224869443218,6.05143721633888
2021-04-22,8549,18,6381,6,2168,12,7162,7,62955,144,70117,151,0,171,12,93,6,8285,0,218,177,"Anderson",76978,87.0378549715503,0.0578512396694215,196.159941801554,23.383304320715,120.813738990361,5.78512396694215
2021-04-23,8559,10,6386,5,2173,5,7168,6,63121,166,70289,172,0,171,8,101,2,8287,0,218,177,"Anderson",76978,83.1406375847645,0.0478142076502732,223.440463509055,12.9907246226195,131.206318688456,4.78142076502732
2021-04-24,8571,12,6392,6,2179,6,7175,7,63188,67,70363,74,0,171,8,109,4,8291,1,219,177,"Anderson",76978,92.2341448205981,0.0515603799185889,96.1313622073839,15.5888695471433,141.598898386552,5.15603799185889
2021-04-25,8575,4,6394,2,2181,2,7177,2,63228,40,70405,42,0,171,0,109,4,8295,0,219,177,"Anderson",76978,88.3369274338123,0.0467032967032967,54.5610434150017,5.19628984904778,141.598898386552,4.67032967032967
2021-04-26,8584,9,6398,4,2186,5,7181,4,63303,75,70484,79,0,171,2,111,7,8302,0,219,178,"Anderson",76978,92.2341448205981,0.0448143405889885,102.626724518694,11.6916521603575,144.197043311076,4.48143405889885
2021-04-27,8594,10,6404,6,2190,4,7187,6,63371,68,70558,74,0,171,-3,108,13,8315,0,219,178,"Anderson",76978,97.4304346696459,0.050464807436919,96.1313622073839,12.9907246226195,140.29982592429,5.0464807436919
2021-04-28,8611,17,6416,12,2195,5,7200,13,63509,138,70709,151,0,171,1,109,16,8331,1,220,179,"Anderson",76978,103.925796980956,0.0605652759084791,196.159941801554,22.0842318584531,141.598898386552,6.05652759084791
2021-04-29,8617,6,6418,2,2199,4,7203,3,63658,149,70861,152,0,171,-1,108,7,8338,0,220,179,"Anderson",76978,88.3369274338123,0.0551075268817204,197.459014263816,7.79443477357167,140.29982592429,5.51075268817204
2021-04-30,8624,7,6421,3,2203,4,7207,4,63780,122,70987,126,0,171,-2,106,9,8347,0,220,179,"Anderson",76978,84.4397100470264,0.0558739255014327,163.683130245005,9.09350723583361,137.701680999766,5.58739255014327
2021-05-01,8629,5,6424,3,2205,2,7210,3,63843,63,71053,66,0,171,-1,105,6,8353,1,221,179,"Anderson",76978,75.3462028111928,0.0507246376811594,85.7387825092884,6.49536231130973,136.402608537504,5.07246376811594
2021-05-02,8632,3,6425,1,2207,2,7211,1,63894,51,71105,52,0,171,-7,98,10,8363,0,221,179,"Anderson",76978,74.0471303489309,0.0485714285714286,67.5517680376211,3.89721738678583,127.309101301671,4.85714285714286
2021-05-03,8642,10,6430,5,2212,5,7216,5,64000,106,71216,111,0,171,-3,95,13,8376,0,221,179,"Anderson",76978,75.3462028111928,0.0478142076502732,144.197043311076,12.9907246226195,123.411883914885,4.78142076502732
2021-05-04,8644,2,6430,0,2214,2,7217,1,64076,76,71293,77,0,171,-11,84,13,8389,0,221,179,"Anderson",76978,64.9536231130973,0.0408163265306122,100.02857959417,2.59814492452389,109.122086830003,4.08163265306122
2021-05-05,8652,8,6434,4,2218,4,7220,3,64193,117,71413,120,0,171,-3,81,11,8400,0,221,179,"Anderson",76978,53.2619709527397,0.0284090909090909,155.888695471433,10.3925796980956,105.224869443218,2.84090909090909
2021-05-06,8657,5,6437,3,2220,2,7226,6,64245,52,71471,58,0,171,-4,77,9,8409,1,222,179,"Anderson",76978,51.9628984904778,0.0377049180327869,75.3462028111928,6.49536231130973,100.02857959417,3.77049180327869
2021-05-07,8662,5,6439,2,2223,3,7229,3,64366,121,71595,124,0,171,-4,73,9,8418,0,222,179,"Anderson",76978,49.3647535659539,0.0361842105263158,161.084985320481,6.49536231130973,94.832289745122,3.61842105263158
2021-05-08,8668,6,6442,3,2226,3,7231,2,64435,69,71666,71,0,171,-6,67,12,8430,1,223,180,"Anderson",76978,50.6638260282159,0.034257748776509,92.2341448205981,7.79443477357167,87.0378549715503,3.4257748776509
2021-05-09,8669,1,6442,0,2227,1,7232,1,64463,28,71695,29,0,171,-4,63,5,8435,0,223,180,"Anderson",76978,48.065681103692,0.0355932203389831,37.6731014055964,1.29907246226194,81.8415651225025,3.55932203389831
2021-05-10,8674,5,6442,0,2232,5,7232,0,64551,88,71783,88,0,171,-5,58,10,8445,0,223,180,"Anderson",76978,41.5703187923822,0.0282186948853616,114.318376679051,6.49536231130973,75.3462028111928,2.82186948853616
2021-05-11,8682,8,6443,1,2239,7,7234,2,64593,42,71827,44,0,171,3,61,5,8450,0,223,181,"Anderson",76978,49.3647535659539,0.0318352059925094,57.1591883395256,10.3925796980956,79.2434201979787,3.18352059925094
2021-05-12,8695,13,6450,7,2245,6,7240,6,64697,104,71937,110,0,171,8,69,5,8455,2,225,181,"Anderson",76978,55.8601158772636,0.0381679389312977,142.897970848814,16.8879420094053,89.6359998960742,3.81679389312977
2021-05-13,8699,4,6452,2,2247,2,7242,2,64800,103,72042,105,0,171,-3,66,7,8462,2,227,181,"Anderson",76978,54.5610434150017,0.0280210157618214,136.402608537504,5.19628984904778,85.7387825092884,2.80210157618214
2021-05-14,8707,8,6455,3,2252,5,7247,5,64887,87,72134,92,0,171,2,68,6,8468,0,227,181,"Anderson",76978,58.4582608017875,0.0333951762523191,119.514666528099,10.3925796980956,88.3369274338123,3.33951762523191
2021-05-15,8712,5,6457,2,2255,3,7249,2,64952,65,72201,67,0,171,1,69,4,8472,0,227,181,"Anderson",76978,57.1591883395256,0.0336448598130841,87.0378549715503,6.49536231130973,89.6359998960742,3.36448598130841
2021-05-16,8714,2,6458,1,2256,1,7250,1,64988,36,72238,37,0,171,-5,64,7,8479,0,227,181,"Anderson",76978,58.4582608017875,0.0331491712707182,48.065681103692,2.59814492452389,83.1406375847645,3.31491712707182
2021-05-17,8720,6,6463,5,2257,1,7255,5,65047,59,72302,64,1,172,0,64,5,8484,0,227,181,"Anderson",76978,59.7573332640495,0.0443159922928709,83.1406375847645,7.79443477357167,83.1406375847645,4.43159922928709
2021-05-18,8724,4,6463,0,2261,4,7255,0,65138,91,72393,91,0,172,0,64,4,8488,1,228,181,"Anderson",76978,54.5610434150017,0.0371024734982332,118.215594065837,5.19628984904778,83.1406375847645,3.71024734982332
2021-05-19,8731,7,6468,5,2263,2,7261,6,65257,119,72518,125,0,172,5,69,2,8490,0,228,181,"Anderson",76978,46.76660864143,0.036144578313253,162.384057782743,9.09350723583361,89.6359998960742,3.6144578313253
2021-05-20,8733,2,6470,2,2263,0,7263,2,65376,119,72639,121,0,172,-1,68,3,8493,0,228,181,"Anderson",76978,44.1684637169061,0.0351758793969849,157.187767933695,2.59814492452389,88.3369274338123,3.51758793969849
2021-05-21,8735,2,6470,0,2265,2,7263,0,65446,70,72709,70,0,172,-7,61,9,8502,0,228,181,"Anderson",76978,36.3740289433345,0.0278260869565217,90.9350723583361,2.59814492452389,79.2434201979787,2.78260869565217
2021-05-22,8740,5,6472,2,2268,3,7265,2,65486,40,72751,42,0,172,-3,58,8,8510,0,228,181,"Anderson",76978,36.3740289433345,0.0290909090909091,54.5610434150017,6.49536231130973,75.3462028111928,2.90909090909091
2021-05-23,8740,0,6472,0,2268,0,7265,0,65515,29,72780,29,0,172,-3,55,3,8513,0,228,181,"Anderson",76978,33.7758840188106,0.0276752767527675,37.6731014055964,0,71.448985424407,2.76752767527675
2021-05-24,8748,8,6476,4,2272,4,7268,3,65574,59,72842,62,0,172,1,56,7,8520,0,228,181,"Anderson",76978,36.3740289433345,0.0240740740740741,80.5424926602406,10.3925796980956,72.7480578866689,2.40740740740741
2021-05-25,8750,2,6476,0,2274,2,7269,1,65619,45,72888,46,0,172,-10,46,12,8532,0,228,181,"Anderson",76978,33.7758840188106,0.0282828282828283,59.7573332640495,2.59814492452389,59.7573332640495,2.82828282828283
2021-05-26,8757,7,6481,5,2276,2,7275,6,65719,100,72994,106,0,172,0,46,7,8539,0,228,181,"Anderson",76978,33.7758840188106,0.0294117647058824,137.701680999766,9.09350723583361,59.7573332640495,2.94117647058824
2021-05-27,8759,2,6482,1,2277,1,7276,1,65769,50,73045,51,0,172,-1,45,3,8542,1,229,181,"Anderson",76978,33.7758840188106,0.0320197044334975,66.2526955753592,2.59814492452389,58.4582608017875,3.20197044334975
2021-05-28,8764,5,6486,4,2278,1,7281,5,65852,83,73133,88,0,172,0,45,5,8547,0,229,181,"Anderson",76978,37.6731014055964,0.0424528301886792,114.318376679051,6.49536231130973,58.4582608017875,4.24528301886792
2021-05-29,8765,1,6486,0,2279,1,7281,0,65889,37,73170,37,0,172,-5,40,6,8553,0,229,181,"Anderson",76978,32.4768115565486,0.0381861575178998,48.065681103692,1.29907246226194,51.9628984904778,3.81861575178998
2021-05-30,8768,3,6487,1,2281,2,7282,1,65939,50,73221,51,0,172,0,40,3,8556,0,229,181,"Anderson",76978,36.3740289433345,0.0385487528344671,66.2526955753592,3.89721738678583,51.9628984904778,3.85487528344671
2021-05-31,8772,4,6490,3,2282,1,7285,3,65990,51,73275,54,0,172,1,41,3,8559,0,229,181,"Anderson",76978,31.1777390942867,0.0392609699769053,70.149912962145,5.19628984904778,53.2619709527397,3.92609699769053
2021-06-01,8775,3,6492,2,2283,1,7286,1,66038,48,73324,49,0,172,1,42,2,8561,1,230,181,"Anderson",76978,32.4768115565486,0.0389908256880734,63.6545506508353,3.89721738678583,54.5610434150017,3.89908256880734
2021-06-02,8779,4,6493,1,2286,3,7288,2,66079,41,73367,43,0,172,-2,40,6,8567,0,230,181,"Anderson",76978,28.5795941697628,0.0348525469168901,55.8601158772636,5.19628984904778,51.9628984904778,3.48525469168901
2021-06-03,8780,1,6493,0,2287,1,7291,3,66169,90,73460,93,1,173,-3,37,3,8570,0,230,182,"Anderson",76978,27.2805217075008,0.036144578313253,120.813738990361,1.29907246226194,48.065681103692,3.6144578313253
2021-06-04,8781,1,6494,1,2287,0,7293,2,66222,53,73515,55,-1,172,-2,35,4,8574,0,230,182,"Anderson",76978,22.0842318584531,0.031413612565445,71.448985424407,1.29907246226194,45.4675361791681,3.1413612565445
2021-06-05,8782,1,6495,1,2287,0,7294,1,66279,57,73573,58,0,172,-3,32,4,8578,0,230,182,"Anderson",76978,22.0842318584531,0.032258064516129,75.3462028111928,1.29907246226194,41.5703187923822,3.2258064516129
2021-06-06,8782,0,6495,0,2287,0,7294,0,66304,25,73598,25,0,172,-4,28,4,8582,0,230,182,"Anderson",76978,18.1870144716672,0.0318302387267905,32.4768115565486,0,36.3740289433345,3.18302387267904
2021-06-07,8783,1,6495,0,2288,1,7294,0,66368,64,73662,64,0,172,-1,27,2,8584,0,230,182,"Anderson",76978,14.2897970848814,0.0232558139534884,83.1406375847645,1.29907246226194,35.0749564810725,2.32558139534884
2021-06-08,8784,1,6495,0,2289,1,7294,0,66405,37,73699,37,0,172,-1,26,2,8586,1,231,183,"Anderson",76978,11.6916521603575,0.0213333333333333,48.065681103692,1.29907246226194,33.7758840188106,2.13333333333333
2021-06-09,8784,0,6495,0,2289,0,7294,0,66487,82,73781,82,0,172,-4,22,4,8590,0,231,183,"Anderson",76978,6.49536231130972,0.0144927536231884,106.523941905479,0,28.5795941697628,1.44927536231884
2021-06-10,8788,4,6496,1,2292,3,7295,1,66544,57,73839,58,0,172,4,26,0,8590,0,231,183,"Anderson",76978,10.3925796980956,0.0105540897097625,75.3462028111928,5.19628984904778,33.7758840188106,1.05540897097625
2021-06-11,8789,1,6496,0,2293,1,7296,1,66599,55,73895,56,1,173,-3,23,3,8593,0,231,183,"Anderson",76978,10.3925796980956,0.00789473684210526,72.7480578866689,1.29907246226194,29.8786666320247,0.789473684210526
2021-06-12,8790,1,6496,0,2294,1,7297,1,66654,55,73951,56,2,175,-4,19,3,8596,0,231,183,"Anderson",76978,10.3925796980956,0.00793650793650794,72.7480578866689,1.29907246226194,24.682376782977,0.793650793650794
2021-06-13,8791,1,6496,0,2295,1,7298,1,66692,38,73990,39,0,175,-3,16,4,8600,0,231,183,"Anderson",76978,11.6916521603575,0.0102040816326531,50.6638260282159,1.29907246226194,20.7851593961911,1.02040816326531
2021-06-14,8793,2,6498,2,2295,0,7300,2,66778,86,74078,88,0,175,1,17,1,8601,0,231,183,"Anderson",76978,12.9907246226194,0.0144230769230769,114.318376679051,2.59814492452389,22.0842318584531,1.44230769230769
2021-06-15,8793,0,6498,0,2295,0,7301,1,66809,31,74110,32,0,175,-1,16,1,8602,0,231,183,"Anderson",76978,11.6916521603575,0.0170316301703163,41.5703187923822,0,20.7851593961911,1.70316301703163
2021-06-16,8794,1,6499,1,2295,0,7302,1,66853,44,74155,45,0,175,0,16,1,8603,0,231,183,"Anderson",76978,12.9907246226194,0.0213903743315508,58.4582608017875,1.29907246226194,20.7851593961911,2.13903743315508
2021-06-17,8794,0,6499,0,2295,0,7302,0,66939,86,74241,86,0,175,-1,15,1,8604,0,231,183,"Anderson",76978,7.79443477357167,0.0174129353233831,111.720231754527,0,19.4860869339292,1.74129353233831
2021-06-18,8796,2,6500,1,2296,1,7306,4,66989,50,74295,54,0,175,1,16,1,8605,0,231,183,"Anderson",76978,9.09350723583361,0.025,70.149912962145,2.59814492452389,20.7851593961911,2.5
2021-06-19,8796,0,6500,0,2296,0,7306,0,67037,48,74343,48,0,175,-1,15,1,8606,0,231,183,"Anderson",76978,7.79443477357167,0.0229591836734694,62.3554781885734,0,19.4860869339292,2.29591836734694
2021-06-20,8796,0,6500,0,2296,0,7307,1,67060,23,74367,24,0,175,-2,13,2,8608,0,231,183,"Anderson",76978,6.49536231130972,0.0238726790450928,31.1777390942867,0,16.8879420094053,2.38726790450928
2021-06-21,8797,1,6500,0,2297,1,7307,0,67100,40,74407,40,0,175,0,13,1,8609,0,231,183,"Anderson",76978,5.19628984904778,0.0212765957446809,51.9628984904778,1.29907246226194,16.8879420094053,2.12765957446809
2021-06-22,8801,4,6501,1,2300,3,7307,0,67142,42,74449,42,0,175,2,15,2,8611,1,232,183,"Anderson",76978,10.3925796980956,0.0176991150442478,54.5610434150017,5.19628984904778,19.4860869339292,1.76991150442478
2021-06-23,8802,1,6502,1,2300,0,7308,1,67190,48,74498,49,0,175,1,16,0,8611,0,232,183,"Anderson",76978,10.3925796980956,0.0174927113702624,63.6545506508353,1.29907246226194,20.7851593961911,1.74927113702624
2021-06-24,8802,0,6502,0,2300,0,7309,1,67235,45,74544,46,0,175,-3,13,3,8614,0,232,183,"Anderson",76978,10.3925796980956,0.0231023102310231,59.7573332640495,0,16.8879420094053,2.31023102310231
2021-06-25,8803,1,6503,1,2300,0,7310,1,67271,36,74581,37,0,175,1,14,0,8614,0,232,183,"Anderson",76978,9.09350723583361,0.013986013986014,48.065681103692,1.29907246226194,18.1870144716672,1.3986013986014
2021-06-26,8804,1,6504,1,2300,0,7311,1,67304,33,74615,34,0,175,0,14,1,8615,0,232,183,"Anderson",76978,10.3925796980956,0.0183823529411765,44.1684637169061,1.29907246226194,18.1870144716672,1.83823529411765
2021-06-27,8804,0,6504,0,2300,0,7311,0,67336,32,74647,32,0,175,0,14,0,8615,0,232,183,"Anderson",76978,10.3925796980956,0.0142857142857143,41.5703187923822,0,18.1870144716672,1.42857142857143
2021-06-28,8805,1,6504,0,2301,1,7312,1,67352,16,74664,17,0,175,1,15,0,8615,0,232,183,"Anderson",76978,10.3925796980956,0.0194552529182879,22.0842318584531,1.29907246226194,19.4860869339292,1.94552529182879
2021-06-29,8808,3,6507,3,2301,0,7315,3,67411,59,74726,62,0,175,2,17,1,8616,0,232,183,"Anderson",76978,9.09350723583361,0.0288808664259928,80.5424926602406,3.89721738678583,22.0842318584531,2.88808664259928
2021-06-30,8808,0,6507,0,2301,0,7315,0,67457,46,74772,46,0,175,-1,16,1,8617,0,232,183,"Anderson",76978,7.79443477357167,0.0255474452554745,59.7573332640495,0,20.7851593961911,2.55474452554745
2021-07-01,8809,1,6508,1,2301,0,7316,1,67494,37,74810,38,0,175,1,17,0,8617,0,232,183,"Anderson",76978,9.09350723583361,0.0263157894736842,49.3647535659539,1.29907246226194,22.0842318584531,2.63157894736842
2021-07-02,8809,0,6508,0,2301,0,7316,0,67537,43,74853,43,0,175,0,17,0,8617,0,232,183,"Anderson",76978,7.79443477357167,0.0220588235294118,55.8601158772636,0,22.0842318584531,2.20588235294118
2021-07-03,8809,0,6508,0,2301,0,7316,0,67558,21,74874,21,0,175,-1,16,1,8618,0,232,183,"Anderson",76978,6.49536231130972,0.0193050193050193,27.2805217075008,0,20.7851593961911,1.93050193050193
2021-07-04,8810,1,6508,0,2302,1,7317,1,67583,25,74900,26,0,175,0,16,1,8619,0,232,183,"Anderson",76978,7.79443477357167,0.0237154150197628,33.7758840188106,1.29907246226194,20.7851593961911,2.37154150197628
2021-07-05,8810,0,6508,0,2302,0,7318,1,67598,15,74916,16,0,175,-1,15,1,8620,0,232,183,"Anderson",76978,6.49536231130972,0.0238095238095238,20.7851593961911,0,19.4860869339292,2.38095238095238
2021-07-06,8811,1,6508,0,2303,1,7318,0,67628,30,74946,30,1,176,-3,12,3,8623,0,232,183,"Anderson",76978,3.89721738678583,0.0136363636363636,38.9721738678584,1.29907246226194,15.5888695471433,1.36363636363636
2021-07-07,8812,1,6508,0,2304,1,7318,0,67674,46,74992,46,0,176,-2,10,3,8626,0,232,183,"Anderson",76978,5.19628984904778,0.0136363636363636,59.7573332640495,1.29907246226194,12.9907246226195,1.36363636363636
2021-07-08,8813,1,6509,1,2304,0,7319,1,67715,41,75034,42,0,176,-1,9,2,8628,0,232,183,"Anderson",76978,5.19628984904778,0.0133928571428571,54.5610434150017,1.29907246226194,11.6916521603575,1.33928571428571
2021-07-09,8815,2,6510,1,2305,1,7320,1,67759,44,75079,45,0,176,1,10,1,8629,0,232,183,"Anderson",76978,7.79443477357167,0.0176991150442478,58.4582608017875,2.59814492452389,12.9907246226195,1.76991150442478
2021-07-10,8817,2,6511,1,2306,1,7321,1,67781,22,75102,23,0,176,2,12,0,8629,1,233,183,"Anderson",76978,10.3925796980956,0.0219298245614035,29.8786666320247,2.59814492452389,15.5888695471433,2.19298245614035
2021-07-11,8817,0,6511,0,2306,0,7321,0,67796,15,75117,15,0,176,0,12,0,8629,0,233,183,"Anderson",76978,9.09350723583361,0.0184331797235023,19.4860869339292,0,15.5888695471433,1.84331797235023
2021-07-12,8825,8,6515,4,2310,4,7325,4,67832,36,75157,40,0,176,7,19,1,8630,1,234,183,"Anderson",76978,19.4860869339292,0.029045643153527,51.9628984904778,10.3925796980956,24.682376782977,2.9045643153527
2021-07-13,8826,1,6515,0,2311,1,7325,0,67853,21,75178,21,0,176,0,19,1,8631,0,234,185,"Anderson",76978,19.4860869339292,0.0301724137931034,27.2805217075008,1.29907246226194,24.682376782977,3.01724137931034
2021-07-14,8831,5,6520,5,2311,0,7330,5,67907,54,75237,59,0,176,5,24,0,8631,1,235,185,"Anderson",76978,24.682376782977,0.0489795918367347,76.6452752734548,6.49536231130973,31.1777390942867,4.89795918367347
2021-07-15,8834,3,6523,3,2311,0,7332,2,67940,33,75272,35,0,176,3,27,0,8631,0,235,185,"Anderson",76978,27.2805217075008,0.0546218487394958,45.4675361791681,3.89721738678583,35.0749564810725,5.46218487394958
2021-07-16,8844,10,6525,2,2319,8,7333,1,67968,28,75301,29,0,176,10,37,0,8631,0,235,185,"Anderson",76978,37.6731014055964,0.0585585585585586,37.6731014055964,12.9907246226195,48.065681103692,5.85585585585586
2021-07-17,8849,5,6526,1,2323,4,7334,1,68004,36,75338,37,0,176,4,41,1,8632,0,235,185,"Anderson",76978,41.5703187923822,0.0550847457627119,48.065681103692,6.49536231130973,53.2619709527397,5.50847457627119
2021-07-18,8852,3,6528,2,2324,1,7336,2,68024,20,75360,22,0,176,-1,40,4,8636,0,235,185,"Anderson",76978,45.4675361791681,0.0617283950617284,28.5795941697628,3.89721738678583,51.9628984904778,6.17283950617284
2021-07-19,8857,5,6532,4,2325,1,7340,4,68058,34,75398,38,1,177,2,42,2,8638,0,235,185,"Anderson",76978,41.5703187923822,0.0622406639004149,49.3647535659539,6.49536231130973,54.5610434150017,6.22406639004149
2021-07-20,8872,15,6543,11,2329,4,7351,11,68093,35,75444,46,0,177,10,52,5,8643,1,236,185,"Anderson",76978,59.7573332640495,0.0977443609022556,59.7573332640495,19.4860869339292,67.5517680376211,9.77443609022556
2021-07-21,8879,7,6547,4,2332,3,7356,5,68178,85,75534,90,0,177,6,58,1,8644,0,236,186,"Anderson",76978,62.3554781885734,0.0875420875420875,116.916521603575,9.09350723583361,75.3462028111928,8.75420875420875
2021-07-22,8889,10,6552,5,2337,5,7360,4,68234,56,75594,60,0,177,9,67,1,8645,0,236,186,"Anderson",76978,71.448985424407,0.0869565217391304,77.9443477357167,12.9907246226195,87.0378549715503,8.69565217391304
2021-07-23,8899,10,6556,4,2343,6,7365,5,68305,71,75670,76,0,177,10,77,0,8645,0,236,186,"Anderson",76978,71.448985424407,0.0867208672086721,98.7295071319078,12.9907246226195,100.02857959417,8.67208672086721
2021-07-24,8907,8,6560,4,2347,4,7369,4,68359,54,75728,58,0,177,7,84,1,8646,0,236,187,"Anderson",76978,75.3462028111928,0.0897435897435897,75.3462028111928,10.3925796980956,109.122086830003,8.97435897435897
2021-07-25,8912,5,6563,3,2349,2,7370,1,68381,22,75751,23,0,177,2,86,3,8649,0,236,187,"Anderson",76978,77.9443477357167,0.0869565217391304,29.8786666320247,6.49536231130973,111.720231754527,8.69565217391304
2021-07-26,8935,23,6572,9,2363,14,7378,8,68431,50,75809,58,2,179,13,99,8,8657,0,236,187,"Anderson",76978,101.327652056432,0.0924574209245742,75.3462028111928,29.8786666320247,128.608173763933,9.24574209245742
2021-07-27,8950,15,6577,5,2373,10,7383,5,68484,53,75867,58,0,179,12,111,3,8660,0,236,187,"Anderson",76978,101.327652056432,0.0756501182033097,75.3462028111928,19.4860869339292,144.197043311076,7.56501182033097
2021-07-28,8970,20,6585,8,2385,12,7395,12,68567,83,75962,95,0,179,14,125,6,8666,0,236,187,"Anderson",76978,118.215594065837,0.0911214953271028,123.411883914885,25.9814492452389,162.384057782743,9.11214953271028
2021-07-29,8982,12,6595,10,2387,2,7407,12,68616,49,76023,61,0,179,8,133,4,8670,0,236,187,"Anderson",76978,120.813738990361,0.10955710955711,79.2434201979787,15.5888695471433,172.776637480839,10.955710955711
2021-07-30,9013,31,6616,21,2397,10,7430,23,68665,49,76095,72,0,179,19,152,12,8682,1,237,187,"Anderson",76978,148.094260697862,0.152941176470588,93.53321728286,40.2712463301203,197.459014263816,15.2941176470588
2021-07-31,9026,13,6622,6,2404,7,7436,6,68707,42,76143,48,0,179,8,160,5,8687,0,237,187,"Anderson",76978,154.589623009171,0.16144578313253,62.3554781885734,16.8879420094053,207.851593961911,16.144578313253
2021-08-01,9045,19,6633,11,2412,8,7451,15,68746,39,76197,54,0,179,14,174,5,8692,0,237,187,"Anderson",76978,172.776637480839,0.181614349775785,70.149912962145,24.682376782977,226.038608433578,18.1614349775785
2021-08-02,9056,11,6638,5,2418,6,7456,5,68825,79,76281,84,0,179,3,177,8,8700,0,237,187,"Anderson",76978,157.187767933695,0.165254237288136,109.122086830003,14.2897970848814,229.935825820364,16.5254237288136
2021-08-03,9079,23,6649,11,2430,12,7469,13,68897,72,76366,85,0,179,14,191,9,8709,1,238,187,"Anderson",76978,167.580347631791,0.172344689378758,110.421159292265,29.8786666320247,248.122840292031,17.2344689378758
2021-08-04,9105,26,6671,22,2434,4,7490,21,68999,102,76489,123,0,179,24,215,2,8711,0,238,187,"Anderson",76978,175.374782405363,0.180265654648956,159.785912858219,33.7758840188106,279.300579386318,18.0265654648956
2021-08-05,9135,30,6687,16,2448,14,7506,16,69097,98,76603,114,0,179,13,228,17,8728,1,239,187,"Anderson",76978,198.758086726078,0.170689655172414,148.094260697862,38.9721738678584,296.188521395723,17.0689655172414
2021-08-06,9160,25,6703,16,2457,9,7524,18,69240,143,76764,161,0,179,17,245,8,8736,1,240,187,"Anderson",76978,190.963651952506,0.14050822122571,209.150666424173,32.4768115565486,318.272753254177,14.050822122571
2021-08-07,9173,13,6709,6,2464,7,7531,7,69315,75,76846,82,0,179,5,250,8,8744,0,240,187,"Anderson",76978,190.963651952506,0.135135135135135,106.523941905479,16.8879420094053,324.768115565486,13.5135135135135
2021-08-08,9187,14,6717,8,2470,6,7541,10,69367,52,76908,62,0,179,6,256,8,8752,0,240,187,"Anderson",76978,184.468289641196,0.126582278481013,80.5424926602406,18.1870144716672,332.562550339058,12.6582278481013
2021-08-09,9223,36,6737,20,2486,16,7560,19,69466,99,77026,118,0,179,16,272,20,8772,0,240,187,"Anderson",76978,216.945101197745,0.139597315436242,153.29055054691,46.76660864143,353.347709735249,13.9597315436242
2021-08-10,9262,39,6757,20,2505,19,7580,20,69566,100,77146,120,0,179,20,292,19,8791,2,242,187,"Anderson",76978,237.730260593936,0.142307692307692,155.888695471433,50.6638260282159,379.329158980488,14.2307692307692
2021-08-11,9316,54,6781,24,2535,30,7609,29,69698,132,77307,161,0,179,30,322,24,8815,1,243,187,"Anderson",76978,274.10428953727,0.145476772616137,209.150666424173,70.149912962145,418.301332848346,14.5476772616137
2021-08-12,9364,48,6817,36,2547,12,7646,37,69866,168,77512,205,0,179,27,349,21,8836,0,243,189,"Anderson",76978,297.487593857985,0.154015401540154,266.309854763699,62.3554781885734,453.376289329419,15.4015401540154
2021-08-13,9427,63,6852,35,2575,28,7684,38,69980,114,77664,152,2,181,45,394,16,8852,1,244,190,"Anderson",76978,346.852347423939,0.177777777777778,197.459014263816,81.8415651225025,511.834550131206,17.7777777777778
2021-08-14,9477,50,6887,35,2590,15,7716,32,70166,186,77882,218,0,181,29,423,21,8873,0,244,190,"Anderson",76978,394.918028527631,0.178571428571429,283.197796773104,64.9536231130973,549.507651536803,17.8571428571429
2021-08-15,9500,23,6900,13,2600,10,7731,15,70255,89,77986,104,0,181,16,439,7,8880,0,244,190,"Anderson",76978,406.609680687989,0.176252319109462,135.103536075242,29.8786666320247,570.292810932994,17.6252319109462
2021-08-16,9538,38,6924,24,2614,14,7755,24,70344,89,78099,113,0,181,11,450,27,8907,0,244,191,"Anderson",76978,409.207825612513,0.181733457595527,146.7951882356,49.3647535659539,584.582608017875,18.1733457595527
2021-08-17,9581,43,6945,21,2636,22,7779,24,70452,108,78231,132,1,182,14,464,28,8935,0,244,191,"Anderson",76978,414.40411546156,0.183410138248848,171.477565018577,55.8601158772636,602.769622489542,18.3410138248848
2021-08-18,9633,52,6972,27,2661,25,7810,31,70564,112,78374,143,0,182,16,480,36,8971,0,244,191,"Anderson",76978,411.805970537037,0.188378631677601,185.767362103458,67.5517680376211,623.554781885734,18.8378631677601
2021-08-19,9707,74,7005,33,2702,41,7845,35,70716,152,78561,187,0,182,48,528,26,8997,0,244,191,"Anderson",76978,445.581854555847,0.189704480457579,242.926550442984,96.1313622073839,685.910260074307,18.9704480457579
2021-08-20,9767,60,7047,42,2720,18,7889,44,70910,194,78799,238,0,182,27,555,33,9030,2,246,191,"Anderson",76978,441.684637169061,0.180616740088106,309.179246018343,77.9443477357167,720.985216555379,18.0616740088106
2021-08-21,9848,81,7080,33,2768,48,7923,34,71184,274,79107,308,0,182,60,615,21,9051,1,247,191,"Anderson",76978,481.955883499182,0.168979591836735,400.114318376679,105.224869443218,798.929564291096,16.8979591836735
2021-08-22,9871,23,7102,22,2769,1,7951,28,71340,156,79291,184,0,182,-2,613,25,9076,0,247,191,"Anderson",76978,481.955883499182,0.168582375478927,239.029333056198,29.8786666320247,796.331419366572,16.8582375478927
2021-08-23,9919,48,7116,14,2803,34,7968,17,71475,135,79443,152,0,182,-4,609,52,9128,2,249,192,"Anderson",76978,494.946608121801,0.158482142857143,197.459014263816,62.3554781885734,791.135129517524,15.8482142857143
2021-08-24,9963,44,7143,27,2820,17,7992,24,71561,86,79553,110,1,183,-23,586,66,9194,0,249,193,"Anderson",76978,496.245680584063,0.161119515885023,142.897970848814,57.1591883395256,761.2564628855,16.1119515885023
2021-08-25,10034,71,7169,26,2865,45,8014,22,71605,44,79619,66,0,183,15,601,56,9250,1,250,193,"Anderson",76978,520.92805736704,0.163855421686747,85.7387825092884,92.2341448205981,780.742549819429,16.3855421686747
2021-08-26,10102,68,7205,36,2897,32,8058,44,71777,172,79835,216,1,184,15,616,52,9302,2,252,194,"Anderson",76978,513.133622593468,0.167189952904239,280.59965184858,88.3369274338123,800.228636753358,16.7189952904239
2021-08-27,10177,75,7260,55,2917,20,8119,61,71954,177,80073,238,0,184,30,646,45,9347,0,252,194,"Anderson",76978,532.619709527397,0.180533751962323,309.179246018343,97.4304346696459,839.200810621217,18.0533751962323
2021-08-28,10236,59,7292,32,2944,27,8159,40,72158,204,80317,244,0,184,31,677,28,9375,0,252,194,"Anderson",76978,504.040115357635,0.19504132231405,316.973680791915,76.6452752734548,879.472056951337,19.504132231405
2021-08-29,10300,64,7341,49,2959,15,8213,54,72369,211,80582,265,0,184,40,717,24,9399,1,253,195,"Anderson",76978,557.302086310374,0.20294345468629,344.254202499415,83.1406375847645,931.434955441815,20.294345468629
2021-08-30,10371,71,7387,46,2984,25,8261,48,72595,226,80856,274,0,184,3,720,68,9467,3,256,195,"Anderson",76978,587.180752942399,0.207360226468507,355.945854659773,92.2341448205981,935.3321728286,20.7360226468507
2021-08-31,10505,134,7469,82,3036,52,8348,87,72852,257,81200,344,0,184,48,768,86,9553,0,256,196,"Anderson",76978,704.097274545974,0.216150576806314,446.880927018109,174.075709943101,997.687651017174,21.6150576806314
2021-09-01,10536,31,7491,22,3045,9,8372,24,72943,91,81315,115,0,184,-17,751,48,9601,0,256,197,"Anderson",76978,652.134376055496,0.211084905660377,149.393333160124,40.2712463301203,975.603419158721,21.1084905660377
2021-09-02,10595,59,7517,26,3078,33,8401,29,73043,100,81444,129,1,185,-9,742,67,9668,0,256,197,"Anderson",76978,640.442723895139,0.213175885643257,167.580347631791,76.6452752734548,963.911766998363,21.3175885643257
2021-09-03,10624,29,7535,18,3089,11,8419,18,73116,73,81535,91,0,185,-38,704,67,9735,0,256,197,"Anderson",76978,580.685390631089,0.205198358413133,118.215594065837,37.6731014055964,914.547013432409,20.5198358413133
2021-09-04,10731,107,7605,70,3126,37,8495,76,73437,321,81932,397,0,185,78,782,29,9764,1,257,197,"Anderson",76978,643.040868819663,0.208049535603715,515.731767517992,139.000753462028,1015.87466548884,20.8049535603715
2021-09-05,10843,112,7679,74,3164,38,8571,76,73741,304,82312,380,0,185,76,858,36,9800,1,258,198,"Anderson",76978,705.396347008236,0.206936416184971,493.647535659539,145.496115773338,1114.60417262075,20.6936416184971
2021-09-06,10958,115,7756,77,3202,38,8658,87,74148,407,82806,494,0,185,-5,853,120,9920,3,261,199,"Anderson",76978,762.555535347762,0.203589743589744,641.741796357401,149.393333160124,1108.10881030944,20.3589743589744
2021-09-07,10995,37,7776,20,3219,17,8676,18,74247,99,82923,117,0,185,-73,780,110,10030,0,261,199,"Anderson",76978,636.545506508353,0.190365641323273,151.991478084648,48.065681103692,1013.27652056432,19.0365641323273
2021-09-08,11036,41,7807,31,3229,10,8708,32,74354,107,83062,139,0,185,-57,723,98,10128,2,263,202,"Anderson",76978,649.536231130973,0.192329708070979,180.57107225441,53.2619709527397,939.229390215386,19.2329708070979
2021-09-09,11094,58,7828,21,3266,37,8726,18,74560,206,83286,224,0,185,-41,682,99,10227,1,264,205,"Anderson",76978,648.237158668711,0.176438653637351,290.992231546676,75.3462028111928,885.967419262646,17.6438653637351
2021-09-10,11246,152,7901,73,3345,79,8807,81,74853,293,83660,374,1,186,65,747,86,10313,2,266,206,"Anderson",76978,808.02307152693,0.182588235294118,485.853100885967,197.459014263816,970.407129309673,18.2588235294118
2021-09-11,11358,112,7964,63,3394,49,8876,69,75199,346,84075,415,0,186,79,826,33,10346,1,267,206,"Anderson",76978,814.51843383824,0.177788147456836,539.115071838707,145.496115773338,1073.03385382837,17.7788147456836
2021-09-12,11396,38,7996,32,3400,6,8911,35,75342,143,84253,178,0,186,5,831,33,10379,4,271,207,"Anderson",76978,718.387071630856,0.175167439464194,231.234898282626,49.3647535659539,1079.52921613968,17.5167439464194
2021-09-13,11484,88,8030,34,3454,54,8945,34,75472,130,84417,164,4,190,-47,784,131,10510,3,274,207,"Anderson",76978,683.312115149783,0.178150217256363,213.047883810959,114.318376679051,1018.47281041336,17.8150217256363
2021-09-14,11544,60,8060,30,3484,30,8980,35,75631,159,84611,194,1,191,-48,736,107,10617,1,275,207,"Anderson",76978,713.190781781808,0.180094786729858,252.020057678817,77.9443477357167,956.117332224792,18.0094786729858
2021-09-15,11584,40,8076,16,3508,24,8994,14,75692,61,84686,75,0,191,-41,695,81,10698,1,276,208,"Anderson",76978,711.891709319546,0.176108374384236,97.4304346696459,51.9628984904778,902.855361272052,17.6108374384236
2021-09-16,11671,87,8130,54,3541,33,9050,56,75914,222,84964,278,0,191,26,721,61,10759,1,277,208,"Anderson",76978,749.564810725142,0.193087008343266,361.142144508821,113.019304216789,936.631245290862,19.3087008343266
2021-09-17,11744,73,8172,42,3572,31,9087,37,76077,163,85164,200,0,191,14,735,59,10818,1,278,212,"Anderson",76978,646.938086206449,0.186170212765957,259.814492452389,94.832289745122,954.81825976253,18.6170212765957
2021-09-18,11796,52,8202,30,3594,22,9120,33,76231,154,85351,187,0,191,8,743,44,10862,1,279,213,"Anderson",76978,568.993738470732,0.191222570532915,242.926550442984,67.5517680376211,965.210839460625,19.1222570532915
2021-09-19,11819,23,8211,9,3608,14,9130,10,76299,68,85429,78,0,191,-16,727,39,10901,0,279,213,"Anderson",76978,549.507651536803,0.186224489795918,101.327652056432,29.8786666320247,944.425680064434,18.6224489795918
2021-09-20,11882,63,8246,35,3636,28,9166,36,76485,186,85651,222,0,191,27,754,36,10937,3,282,213,"Anderson",76978,517.030839980254,0.179092382495948,288.394086622152,81.8415651225025,979.500636545507,17.9092382495948
2021-09-21,11936,54,8272,26,3664,28,9190,24,76603,118,85793,142,0,191,-55,699,109,11046,1,283,214,"Anderson",76978,509.236405206682,0.177664974619289,184.468289641196,70.149912962145,908.0516511211,17.7664974619289
2021-09-22,11987,51,8306,34,3681,17,9230,40,76875,272,86105,312,0,191,-38,661,89,11135,0,283,216,"Anderson",76978,523.526202291564,0.16631430584919,405.310608225727,66.2526955753592,858.686897555146,16.631430584919
2021-09-23,12062,75,8354,48,3708,27,9281,51,77083,208,86364,259,2,193,-12,649,85,11220,1,284,216,"Anderson",76978,507.93733274442,0.165,336.459767725844,97.4304346696459,843.098028008002,16.5
2021-09-24,12103,41,8376,22,3727,19,9306,25,77223,140,86529,165,2,195,-18,631,57,11277,1,285,218,"Anderson",76978,466.367013952038,0.16043956043956,214.346956273221,53.2619709527397,819.714723687287,16.043956043956
2021-09-25,12113,10,8380,4,3733,6,9312,6,77318,95,86630,101,0,195,-33,598,43,11320,0,285,218,"Anderson",76978,411.805970537037,0.150117279124316,131.206318688456,12.9907246226195,776.845332432643,15.0117279124316
2021-09-26,12131,18,8395,15,3736,3,9330,18,77455,137,86785,155,1,196,-12,586,29,11349,0,285,218,"Anderson",76978,405.310608225727,0.147492625368732,201.356231650601,23.383304320715,761.2564628855,14.7492625368732
2021-09-27,12181,50,8416,21,3765,29,9352,22,77541,86,86893,108,1,197,-45,541,94,11443,1,286,219,"Anderson",76978,388.422666216322,0.14975845410628,140.29982592429,64.9536231130973,702.798202083712,14.975845410628
2021-09-28,12230,49,8440,24,3790,25,9379,27,77636,95,87015,122,0,197,-28,513,77,11520,1,287,219,"Anderson",76978,381.927303905012,0.154664484451718,158.486840395957,63.6545506508353,666.424173140378,15.4664484451718
2021-09-29,12266,36,8456,16,3810,20,9396,17,77827,191,87223,208,2,199,-38,475,72,11592,0,287,221,"Anderson",76978,362.441216971083,0.148479427549195,270.207072150485,46.76660864143,617.059419574424,14.8479427549195
2021-09-30,12328,62,8494,38,3834,24,9436,40,77999,172,87435,212,0,199,3,478,59,11651,1,288,222,"Anderson",76978,345.553274961677,0.144724556489262,275.403361999532,80.5424926602406,620.95663696121,14.4724556489262
2021-10-01,12379,51,8521,27,3858,24,9465,29,78150,151,87615,180,0,199,-11,467,62,11713,1,289,223,"Anderson",76978,358.543999584297,0.146408839779006,233.83304320715,66.2526955753592,606.666839876328,14.6408839779006
2021-10-02,12396,17,8528,7,3868,10,9471,6,78230,80,87701,86,1,200,-10,457,26,11739,0,289,225,"Anderson",76978,367.63750682013,0.148459383753501,111.720231754527,22.0842318584531,593.676115253709,14.8459383753501
2021-10-03,12409,13,8537,9,3872,4,9480,9,78328,98,87808,107,4,204,-9,448,18,11757,0,289,225,"Anderson",76978,361.142144508821,0.146627565982405,139.000753462028,16.8879420094053,581.984463093351,14.6627565982405
2021-10-04,12453,44,8560,23,3893,21,9506,26,78448,120,87954,146,1,205,-22,426,65,11822,0,289,227,"Anderson",76978,353.347709735249,0.145146088595664,189.664579490244,57.1591883395256,553.404868923589,14.5146088595664
2021-10-05,12506,53,8589,29,3917,24,9536,30,78576,128,88112,158,2,207,-16,410,67,11889,0,289,228,"Anderson",76978,358.543999584297,0.143117593436645,205.253449037387,68.8508404998831,532.619709527397,14.3117593436645
2021-10-06,12536,30,8612,23,3924,7,9562,26,78741,165,88303,191,1,208,-5,405,34,11923,0,289,229,"Anderson",76978,350.749564810725,0.153703703703704,248.122840292031,38.9721738678584,526.124347216088,15.3703703703704
2021-10-07,12568,32,8634,22,3934,10,9587,25,78881,140,88468,165,0,208,-9,396,41,11964,0,289,231,"Anderson",76978,311.777390942867,0.146176185866409,214.346956273221,41.5703187923822,514.43269505573,14.6176185866409
2021-10-08,12585,17,8639,5,3946,12,9597,10,79011,130,88608,140,1,209,-14,382,30,11994,1,290,231,"Anderson",76978,267.608927225961,0.132930513595166,181.870144716672,22.0842318584531,496.245680584063,13.2930513595166
2021-10-09,12600,15,8642,3,3958,12,9604,7,79073,62,88677,69,0,209,-11,371,26,12020,0,290,232,"Anderson",76978,265.010782301437,0.136270491803279,89.6359998960742,19.4860869339292,481.955883499182,13.6270491803279
2021-10-10,12610,10,8650,8,3960,2,9613,9,79160,87,88773,96,0,209,-17,354,27,12047,0,290,232,"Anderson",76978,261.113564914651,0.137823834196891,124.710956377147,12.9907246226195,459.871651640728,13.7823834196891
2021-10-11,12651,41,8664,14,3987,27,9626,13,79261,101,88887,114,0,209,-12,342,53,12100,1,291,232,"Anderson",76978,257.216347527865,0.128617363344051,148.094260697862,53.2619709527397,444.282782093585,12.8617363344051
2021-10-12,12686,35,8688,24,3998,11,9648,22,79360,99,89008,121,2,211,-8,334,41,12141,3,294,232,"Anderson",76978,233.83304320715,0.125,157.187767933695,45.4675361791681,433.89020239549,12.5
2021-10-13,12712,26,8702,14,4010,12,9666,18,79472,112,89138,130,0,211,-16,318,42,12183,1,295,235,"Anderson",76978,228.636753358102,0.124550898203593,168.879420094053,33.7758840188106,413.105042999298,12.4550898203593
2021-10-14,12731,19,8712,10,4019,9,9680,14,79575,103,89255,117,1,212,-22,296,40,12223,0,295,235,"Anderson",76978,211.748811348697,0.118170266836086,151.991478084648,24.682376782977,384.525448829536,11.8170266836086
2021-10-15,12754,23,8724,12,4030,11,9693,13,79697,122,89390,135,0,212,-15,281,38,12261,1,296,235,"Anderson",76978,219.543246122269,0.122762148337596,175.374782405363,29.8786666320247,365.039361895607,12.2762148337596
2021-10-16,12762,8,8729,5,4033,3,9700,7,79752,55,89452,62,0,212,-14,267,22,12283,1,297,235,"Anderson",76978,210.449738886435,0.123870967741935,80.5424926602406,10.3925796980956,346.852347423939,12.3870967741935
2021-10-17,12764,2,8730,1,4034,1,9701,1,79803,51,89504,52,0,212,-11,256,13,12296,0,297,235,"Anderson",76978,200.05715918834,0.120383036935705,67.5517680376211,2.59814492452389,332.562550339058,12.0383036935705
2021-10-18,12788,24,8740,10,4048,14,9712,11,79871,68,89583,79,1,213,-26,230,49,12345,1,298,235,"Anderson",76978,177.972927329886,0.123563218390805,102.626724518694,31.1777390942867,298.786666320247,12.3563218390805
2021-10-19,12817,29,8753,13,4064,16,9723,11,79982,111,89705,122,2,215,-17,213,44,12389,0,298,235,"Anderson",76978,170.178492556315,0.107604017216643,158.486840395957,37.6731014055964,276.702434461794,10.7604017216643
2021-10-20,12852,35,8778,25,4074,10,9752,29,80093,111,89845,140,0,215,12,225,23,12412,1,299,236,"Anderson",76978,181.870144716672,0.121640735502122,181.870144716672,45.4675361791681,292.291304008938,12.1640735502122
2021-10-21,12884,32,8796,18,4088,14,9770,18,80186,93,89956,111,0,215,11,236,21,12433,1,300,237,"Anderson",76978,198.758086726078,0.128388017118402,144.197043311076,41.5703187923822,306.581101093819,12.8388017118402
2021-10-22,12893,9,8802,6,4091,3,9778,8,80262,76,90040,84,0,215,-23,213,32,12465,1,301,237,"Anderson",76978,180.57107225441,0.130769230769231,109.122086830003,11.6916521603575,276.702434461794,13.0769230769231
2021-10-23,12910,17,8806,4,4104,13,9782,4,80315,53,90097,57,0,215,2,215,15,12480,1,302,237,"Anderson",76978,192.262724414768,0.127131782945736,74.0471303489309,22.0842318584531,279.300579386318,12.7131782945736
2021-10-24,12916,6,8811,5,4105,1,9789,7,80367,52,90156,59,0,215,-10,205,16,12496,0,302,237,"Anderson",76978,197.459014263816,0.134969325153374,76.6452752734548,7.79443477357167,266.309854763699,13.4969325153374
2021-10-25,12940,24,8824,13,4116,11,9803,14,80438,71,90241,85,1,216,-7,198,30,12526,2,304,237,"Anderson",76978,197.459014263816,0.138297872340426,110.421159292265,31.1777390942867,257.216347527865,13.8297872340426
2021-10-26,12952,12,8830,6,4122,6,9809,6,80502,64,90311,70,0,216,-9,189,21,12547,0,304,238,"Anderson",76978,175.374782405363,0.141914191419142,90.9350723583361,15.5888695471433,245.524695367508,14.1914191419142
2021-10-27,12970,18,8840,10,4130,8,9822,13,80623,121,90445,134,1,217,-5,184,22,12569,2,306,240,"Anderson",76978,153.29055054691,0.116666666666667,174.075709943101,23.383304320715,239.029333056198,11.6666666666667
2021-10-28,12992,22,8854,14,4138,8,9839,17,80705,82,90544,99,1,218,7,191,14,12583,0,306,241,"Anderson",76978,140.29982592429,0.11734693877551,128.608173763933,28.5795941697628,248.122840292031,11.734693877551
2021-10-29,13013,21,8865,11,4148,10,9851,12,80819,114,90670,126,0,218,7,198,14,12597,1,307,241,"Anderson",76978,155.888695471433,0.115873015873016,163.683130245005,27.2805217075008,257.216347527865,11.5873015873016
2021-10-30,13025,12,8869,4,4156,8,9856,5,80906,87,90762,92,0,218,0,198,12,12609,1,308,241,"Anderson",76978,149.393333160124,0.111278195488722,119.514666528099,15.5888695471433,257.216347527865,11.1278195488722
2021-10-31,13028,3,8871,2,4157,1,9859,3,80945,39,90804,42,0,218,-8,190,11,12620,0,308,241,"Anderson",76978,145.496115773338,0.108024691358025,54.5610434150017,3.89721738678583,246.82376782977,10.8024691358025
2021-11-01,13055,27,8876,5,4179,22,9863,4,81033,88,90896,92,1,219,-15,175,41,12661,1,309,242,"Anderson",76978,149.393333160124,0.0916030534351145,119.514666528099,35.0749564810725,227.33768089584,9.16030534351145
2021-11-02,13075,20,8881,5,4194,15,9868,5,81109,76,90977,81,2,221,-6,169,24,12685,1,310,242,"Anderson",76978,159.785912858219,0.0885885885885886,105.224869443218,25.9814492452389,219.543246122269,8.85885885885886
2021-11-03,13104,29,8898,17,4206,12,9885,17,81309,200,91194,217,1,222,10,179,18,12703,0,310,242,"Anderson",76978,174.075709943101,0.0841121495327103,281.898724310842,37.6731014055964,232.533970744888,8.41121495327103
2021-11-04,13126,22,8913,15,4213,7,9901,16,81442,133,91343,149,0,222,6,185,16,12719,0,310,242,"Anderson",76978,174.075709943101,0.0775969962453066,193.56179687703,28.5795941697628,240.32840551846,7.75969962453066
2021-11-05,13136,10,8916,3,4220,7,9902,1,81564,122,91466,123,0,222,3,188,7,12726,0,310,242,"Anderson",76978,159.785912858219,0.064070351758794,159.785912858219,12.9907246226195,244.225622905246,6.4070351758794
2021-11-06,13145,9,8920,4,4225,5,9907,5,81651,87,91558,92,0,222,-3,185,12,12738,3,313,243,"Anderson",76978,155.888695471433,0.064070351758794,119.514666528099,11.6916521603575,240.32840551846,6.4070351758794
2021-11-07,13151,6,8925,5,4226,1,9913,6,81699,48,91612,54,0,222,-3,182,9,12747,0,313,243,"Anderson",76978,159.785912858219,0.0668316831683168,70.149912962145,7.79443477357167,236.431188131674,6.68316831683168
2021-11-08,13176,25,8936,11,4240,14,9926,13,81787,88,91713,101,1,223,-1,181,25,12772,0,313,243,"Anderson",76978,157.187767933695,0.0771113831089351,131.206318688456,32.4768115565486,235.132115669412,7.71113831089351
2021-11-09,13199,23,8943,7,4256,16,9932,6,81945,158,91877,164,1,224,6,187,16,12788,0,313,244,"Anderson",76978,161.084985320481,0.0711111111111111,213.047883810959,29.8786666320247,242.926550442984,7.11111111111111
2021-11-10,13218,19,8955,12,4263,7,9945,13,82061,116,92006,129,0,224,6,193,13,12801,1,314,246,"Anderson",76978,148.094260697862,0.0738916256157636,167.580347631791,24.682376782977,250.720985216555,7.38916256157635
2021-11-11,13240,22,8972,17,4268,5,9962,17,82251,190,92213,207,0,224,1,194,21,12822,0,314,247,"Anderson",76978,148.094260697862,0.0701149425287356,268.907999688223,28.5795941697628,252.020057678817,7.01149425287356
2021-11-12,13253,13,8980,8,4273,5,9970,8,82384,133,92354,141,0,224,0,194,13,12835,1,315,247,"Anderson",76978,151.991478084648,0.0765765765765766,183.169217178934,16.8879420094053,252.020057678817,7.65765765765766
2021-11-13,13260,7,8984,4,4276,3,9974,4,82435,51,92409,55,3,227,-14,180,18,12853,1,316,248,"Anderson",76978,149.393333160124,0.0787309048178613,71.448985424407,9.09350723583361,233.83304320715,7.87309048178613
2021-11-14,13262,2,8986,2,4276,0,9977,3,82514,79,92491,82,0,227,-5,175,7,12860,0,316,248,"Anderson",76978,144.197043311076,0.0728100113765643,106.523941905479,2.59814492452389,227.33768089584,7.28100113765643
2021-11-15,13294,32,8999,13,4295,19,9991,14,82599,85,92590,99,0,227,6,181,26,12886,0,316,248,"Anderson",76978,153.29055054691,0.0741163055872292,128.608173763933,41.5703187923822,235.132115669412,7.41163055872292
2021-11-16,13319,25,9012,13,4307,12,10004,13,82725,126,92729,139,1,228,-2,179,26,12912,0,316,249,"Anderson",76978,155.888695471433,0.0845070422535211,180.57107225441,32.4768115565486,232.533970744888,8.45070422535211
2021-11-17,13336,17,9021,9,4315,8,10013,9,82839,114,92852,123,0,228,-1,178,18,12930,2,318,251,"Anderson",76978,153.29055054691,0.0803782505910166,159.785912858219,22.0842318584531,231.234898282626,8.03782505910165
2021-11-18,13359,23,9035,14,4324,9,10031,18,82974,135,93005,153,4,232,4,182,15,12945,0,318,253,"Anderson",76978,154.589623009171,0.0871212121212121,198.758086726078,29.8786666320247,236.431188131674,8.71212121212121
2021-11-19,13373,14,9040,5,4333,9,10038,7,83083,109,93121,116,1,233,2,184,11,12956,0,318,253,"Anderson",76978,155.888695471433,0.0886571056062582,150.692405622386,18.1870144716672,239.029333056198,8.86571056062582
2021-11-20,13382,9,9045,5,4337,4,10043,5,83176,93,93219,98,0,233,-9,175,18,12974,0,318,254,"Anderson",76978,158.486840395957,0.0851851851851852,127.309101301671,11.6916521603575,227.33768089584,8.51851851851852
2021-11-21,13394,12,9051,6,4343,6,10049,6,83216,40,93265,46,0,233,4,179,8,12982,0,318,254,"Anderson",76978,171.477565018577,0.0930232558139535,59.7573332640495,15.5888695471433,232.533970744888,9.30232558139535
2021-11-22,13422,28,9068,17,4354,11,10067,18,83338,122,93405,140,1,234,5,184,22,13004,0,318,254,"Anderson",76978,166.281275169529,0.0932515337423313,181.870144716672,36.3740289433345,239.029333056198,9.32515337423313
2021-11-23,13439,17,9074,6,4365,11,10072,5,83435,97,93507,102,0,234,-5,179,22,13026,1,319,255,"Anderson",76978,155.888695471433,0.0874035989717224,132.505391150718,22.0842318584531,232.533970744888,8.74035989717224
2021-11-24,13464,25,9088,14,4376,11,10084,12,83545,110,93629,122,1,235,6,185,18,13044,1,320,255,"Anderson",76978,166.281275169529,0.0913770913770914,158.486840395957,32.4768115565486,240.32840551846,9.13770913770914
2021-11-25,13469,5,9090,2,4379,3,10085,1,83590,45,93675,46,0,235,-12,173,17,13061,1,321,255,"Anderson",76978,142.897970848814,0.0805970149253731,59.7573332640495,6.49536231130973,224.739535971316,8.05970149253731
2021-11-26,13476,7,9096,6,4380,1,10094,9,83633,43,93727,52,0,235,-7,166,14,13075,0,321,256,"Anderson",76978,133.80446361298,0.0924092409240924,67.5517680376211,9.09350723583361,215.646028735483,9.24092409240924
2021-11-27,13481,5,9098,2,4383,3,10096,2,83669,36,93765,38,0,235,-8,158,13,13088,0,321,256,"Anderson",76978,128.608173763933,0.0970695970695971,49.3647535659539,6.49536231130973,205.253449037387,9.70695970695971
2021-11-28,13491,10,9099,1,4392,9,10097,1,83707,38,93804,39,0,235,-10,148,20,13108,0,321,256,"Anderson",76978,126.010028839409,0.0890538033395176,50.6638260282159,12.9907246226195,192.262724414768,8.90538033395176
2021-11-29,13518,27,9114,15,4404,12,10113,16,83786,79,93899,95,0,235,14,162,13,13121,0,321,256,"Anderson",76978,124.710956377147,0.0931174089068826,123.411883914885,35.0749564810725,210.449738886435,9.31174089068826
2021-11-30,13545,27,9127,13,4418,14,10125,12,83888,102,94013,114,0,235,14,176,13,13134,1,322,256,"Anderson",76978,137.701680999766,0.104743083003953,148.094260697862,35.0749564810725,228.636753358102,10.4743083003953
2021-12-01,13576,31,9145,18,4431,13,10143,18,83995,107,94138,125,0,235,16,192,15,13149,2,324,256,"Anderson",76978,145.496115773338,0.115913555992141,162.384057782743,40.2712463301203,249.421912754293,11.5913555992141
2021-12-02,13618,42,9169,24,4449,18,10169,26,84133,138,94302,164,0,235,22,214,20,13169,0,324,258,"Anderson",76978,193.56179687703,0.133971291866029,213.047883810959,54.5610434150017,278.001506924056,13.3971291866029
2021-12-03,13649,31,9186,17,4463,14,10188,19,84320,187,94508,206,1,236,16,230,14,13183,1,325,258,"Anderson",76978,224.739535971316,0.120358514724712,267.608927225961,40.2712463301203,298.786666320247,12.0358514724712
2021-12-04,13669,20,9199,13,4470,7,10202,14,84389,69,94591,83,0,236,12,242,8,13191,0,325,258,"Anderson",76978,244.225622905246,0.128329297820823,107.823014367741,25.9814492452389,314.375535867391,12.8329297820823
2021-12-05,13682,13,9201,2,4481,11,10204,2,84431,42,94635,44,0,236,0,242,13,13204,0,325,258,"Anderson",76978,248.122840292031,0.128760529482551,57.1591883395256,16.8879420094053,314.375535867391,12.8760529482551
2021-12-06,13717,35,9221,20,4496,15,10226,22,84533,102,94759,124,2,238,8,250,25,13229,1,326,258,"Anderson",76978,258.515419990127,0.131395348837209,161.084985320481,45.4675361791681,324.768115565486,13.1395348837209
2021-12-07,13746,29,9236,15,4510,14,10242,16,84628,95,94870,111,0,238,19,269,10,13239,0,326,258,"Anderson",76978,261.113564914651,0.136522753792299,144.197043311076,37.6731014055964,349.450492348463,13.6522753792299
2021-12-08,13773,27,9257,21,4516,6,10262,20,84749,121,95011,141,0,238,16,285,11,13250,1,327,258,"Anderson",76978,255.917275065603,0.13631156930126,183.169217178934,35.0749564810725,370.235651744654,13.631156930126
2021-12-09,13801,28,9273,16,4528,12,10279,17,84959,210,95238,227,0,238,13,298,15,13265,1,328,258,"Anderson",76978,237.730260593936,0.117521367521368,294.889448933461,36.3740289433345,387.12359375406,11.7521367521368
2021-12-10,13830,29,9290,17,4540,12,10296,17,85112,153,95408,170,0,238,7,305,22,13287,0,328,258,"Anderson",76978,235.132115669412,0.12,220.842318584531,37.6731014055964,396.217100989893,12
2021-12-11,13840,10,9295,5,4545,5,10302,6,85187,75,95489,81,0,238,-3,302,13,13300,0,328,258,"Anderson",76978,222.141391046793,0.111358574610245,105.224869443218,12.9907246226195,392.319883603107,11.1358574610245
2021-12-12,13860,20,9306,11,4554,9,10314,12,85257,70,95571,82,0,238,6,308,14,13314,0,328,258,"Anderson",76978,231.234898282626,0.117521367521368,106.523941905479,25.9814492452389,400.114318376679,11.7521367521368
2021-12-13,13890,30,9312,6,4578,24,10321,7,85332,75,95653,82,0,238,-11,297,41,13355,0,328,260,"Anderson",76978,224.739535971316,0.106263982102908,106.523941905479,38.9721738678584,385.824521291798,10.6263982102908
2021-12-14,13904,14,9317,5,4587,9,10327,6,85411,79,95738,85,3,241,-10,287,21,13376,1,329,260,"Anderson",76978,205.253449037387,0.097926267281106,110.421159292265,18.1870144716672,372.833796669178,9.7926267281106
2021-12-15,13930,26,9331,14,4599,12,10342,15,85540,129,95882,144,0,241,-1,286,27,13403,0,329,261,"Anderson",76978,203.954376575125,0.0918484500574053,187.06643456572,33.7758840188106,371.534724206916,9.18484500574053
2021-12-16,13958,28,9341,10,4617,18,10357,15,85635,95,95992,110,0,241,6,292,22,13425,0,329,261,"Anderson",76978,203.954376575125,0.103448275862069,142.897970848814,36.3740289433345,379.329158980488,10.3448275862069
2021-12-17,13989,31,9364,23,4625,8,10379,22,85790,155,96169,177,1,242,2,294,28,13453,0,329,262,"Anderson",76978,206.552521499649,0.109067017082786,229.935825820364,40.2712463301203,381.927303905012,10.9067017082786
2021-12-18,14001,12,9374,10,4627,2,10389,10,85872,82,96261,92,0,242,3,297,9,13462,0,329,262,"Anderson",76978,209.150666424173,0.112694300518135,119.514666528099,15.5888695471433,385.824521291798,11.2694300518135
2021-12-19,14015,14,9382,8,4633,6,10400,11,85952,80,96352,91,0,242,-5,292,19,13481,0,329,262,"Anderson",76978,201.356231650601,0.1101152368758,118.215594065837,18.1870144716672,379.329158980488,11.01152368758
2021-12-20,14039,24,9396,14,4643,10,10414,14,86038,86,96452,100,0,242,-9,283,33,13514,0,329,262,"Anderson",76978,193.56179687703,0.11639549436796,129.907246226195,31.1777390942867,367.63750682013,11.639549436796
2021-12-21,14067,28,9403,7,4664,21,10424,10,86119,81,96543,91,0,242,-1,282,29,13543,0,329,262,"Anderson",76978,211.748811348697,0.120496894409938,118.215594065837,36.3740289433345,366.338434357868,12.0496894409938
2021-12-22,14114,47,9415,12,4699,35,10435,11,86234,115,96669,126,19,261,1,283,27,13570,0,329,262,"Anderson",76978,239.029333056198,0.118170266836086,163.683130245005,61.0564057263114,367.63750682013,11.8170266836086
2021-12-23,14140,26,9429,14,4711,12,10452,17,86334,100,96786,117,-1,260,9,292,18,13588,0,329,262,"Anderson",76978,236.431188131674,0.119647355163728,151.991478084648,33.7758840188106,379.329158980488,11.9647355163728
2021-12-24,14166,26,9444,15,4722,11,10468,16,86421,87,96889,103,0,260,2,294,24,13612,0,329,262,"Anderson",76978,229.935825820364,0.123611111111111,133.80446361298,33.7758840188106,381.927303905012,12.3611111111111
2021-12-25,14181,15,9452,8,4729,7,10477,9,86479,58,96956,67,1,261,2,296,12,13624,0,329,262,"Anderson",76978,233.83304320715,0.126618705035971,87.0378549715503,19.4860869339292,384.525448829536,12.6618705035971
2021-12-26,14192,11,9456,4,4736,7,10481,4,86523,44,97004,48,1,262,-7,289,17,13641,0,329,262,"Anderson",76978,229.935825820364,0.124233128834356,62.3554781885734,14.2897970848814,375.431941593702,12.4233128834356
2020-03-12,1,1,1,1,0,0,1,1,11,11,12,12,NA,NA,NA,NA,0,0,0,0,0,"East TN",2455501,NA,NA,0.488698640318208,0.040724886693184,NA,NA
2020-03-13,1,0,1,0,0,0,1,0,23,12,24,12,NA,NA,NA,NA,0,0,0,0,0,"East TN",2455501,NA,NA,0.488698640318208,0,NA,NA
2020-03-14,3,2,3,2,0,0,3,2,50,27,53,29,NA,NA,NA,NA,0,0,0,0,0,"East TN",2455501,NA,NA,1.18102171410234,0.081449773386368,NA,NA
2020-03-15,3,0,3,0,0,0,3,0,53,3,56,3,NA,NA,NA,NA,0,0,0,0,0,"East TN",2455501,NA,NA,0.122174660079552,0,NA,NA
2020-03-16,5,2,5,2,0,0,5,2,89,36,94,38,NA,NA,NA,NA,0,0,0,0,0,"East TN",2455501,NA,NA,1.54754569434099,0.081449773386368,NA,NA
2020-03-17,6,1,6,1,0,0,5,0,130,41,135,41,NA,NA,NA,NA,0,0,0,0,0,"East TN",2455501,NA,NA,1.66972035442054,0.040724886693184,NA,NA
2020-03-18,8,2,8,2,0,0,7,2,171,41,178,43,NA,NA,NA,NA,0,0,0,0,0,"East TN",2455501,0.325799093545472,0.0393258426966292,1.75117012780691,0.081449773386368,NA,3.93258426966292
2020-03-19,11,3,11,3,0,0,11,4,238,67,249,71,NA,NA,NA,NA,0,0,0,0,0,"East TN",2455501,0.40724886693184,0.0421940928270042,2.89146695521606,0.122174660079552,NA,4.21940928270042
2020-03-20,29,18,29,18,0,0,27,16,382,144,409,160,NA,NA,NA,NA,3,3,2,2,0,"East TN",2455501,1.14029682740915,0.0675324675324675,6.51598187090944,0.733047960477312,NA,6.75324675324675
2020-03-21,38,9,38,9,0,0,38,11,610,228,648,239,NA,NA,NA,NA,3,6,1,3,1,"East TN",2455501,1.42537103426144,0.0588235294117647,9.73324791967098,0.366523980238656,NA,5.88235294117647
2020-03-22,48,10,47,9,1,1,43,5,713,103,756,108,NA,NA,NA,NA,2,8,4,7,2,"East TN",2455501,1.83261990119328,0.0571428571428571,4.39828776286387,0.40724886693184,NA,5.71428571428571
2020-03-23,64,16,63,16,1,0,56,13,846,133,902,146,NA,NA,NA,NA,7,15,4,11,2,"East TN",2455501,2.40276831489786,0.0631188118811881,5.94583345720486,0.651598187090944,NA,6.31188118811881
2020-03-24,83,19,82,19,1,0,70,14,987,141,1057,155,NA,NA,NA,NA,7,22,5,16,2,"East TN",2455501,3.13581627537517,0.0704989154013015,6.31235743744352,0.773772847170496,NA,7.04989154013015
2020-03-25,116,33,115,33,1,0,99,29,1288,301,1387,330,NA,NA,NA,NA,15,37,12,28,3,"East TN",2455501,4.39828776286387,0.076095947063689,13.4392126087507,1.34392126087507,NA,7.6095947063689
2020-03-26,144,28,143,28,1,0,130,31,1774,486,1904,517,NA,NA,NA,NA,15,52,5,33,4,"East TN",2455501,5.41640993019347,0.0719033232628399,21.0547664203761,1.14029682740915,NA,7.19033232628399
2020-03-27,166,22,165,22,1,0,147,17,2171,397,2318,414,NA,NA,NA,NA,17,69,6,39,4,"East TN",2455501,5.57930947696621,0.0628601361969618,16.8601030909782,0.895947507250048,NA,6.28601361969618
2020-03-28,197,31,196,31,1,0,180,33,2608,437,2788,470,NA,NA,NA,NA,12,81,8,47,4,"East TN",2455501,6.47525698421626,0.0663551401869159,19.1406967457965,1.2624714874887,NA,6.63551401869159
2020-03-29,213,16,212,16,1,0,196,16,2795,187,2991,203,NA,NA,NA,NA,27,108,3,50,7,"East TN",2455501,6.71960630437536,0.0684563758389262,8.26715199871635,0.651598187090944,NA,6.84563758389262
2020-03-30,246,33,245,33,1,0,226,30,3345,550,3571,580,NA,NA,NA,NA,33,141,8,58,9,"East TN",2455501,7.41192937815949,0.0636942675159236,23.6204342820467,1.34392126087507,NA,6.36942675159236
2020-03-31,295,49,294,49,1,0,278,52,3645,300,3923,352,NA,NA,NA,NA,39,180,12,70,10,"East TN",2455501,8.63367597895501,0.0725750174459177,14.3351601160008,1.99551944796602,NA,7.25750174459177
2020-04-01,346,51,345,51,1,0,336,58,4243,598,4579,656,NA,NA,NA,NA,36,216,9,79,12,"East TN",2455501,9.36672393943232,0.0742481203007519,26.7155256707287,2.07696922135238,NA,7.42481203007519
2020-04-02,391,45,390,45,1,0,383,47,4839,596,5222,643,2,7,NA,134,34,250,5,84,14,"East TN",2455501,10.0590470132164,0.0762507534659433,26.1861021437173,1.83261990119328,5.45713481688666,7.62507534659433
2020-04-03,412,21,411,21,1,0,401,18,5124,285,5525,303,1,8,-13,121,33,283,2,86,17,"East TN",2455501,10.0183221265233,0.0792017461802308,12.3396406680348,0.855222620556864,4.92771128987526,7.92017461802307
2020-04-04,447,35,446,35,1,0,431,30,5716,592,6147,622,3,11,0,121,32,315,5,91,19,"East TN",2455501,10.181221673296,0.0747246204227449,25.3308795231604,1.42537103426144,4.92771128987526,7.47246204227449
2020-04-05,473,26,472,26,1,0,464,33,6093,377,6557,410,-1,10,1,122,26,341,2,93,20,"East TN",2455501,10.5884705402278,0.0751542344363432,16.6972035442054,1.05884705402278,4.96843617656845,7.51542344363432
2020-04-06,514,41,513,41,1,0,514,50,6626,533,7140,583,8,18,0,122,33,374,5,98,20,"East TN",2455501,10.9142696337733,0.080694872513309,23.7426089421263,1.66972035442054,4.96843617656845,8.06948725133091
2020-04-07,570,56,569,56,1,0,592,78,7755,1129,8347,1207,0,18,19,141,37,411,7,105,21,"East TN",2455501,11.1993438406256,0.0709764918625678,49.1549382386731,2.2805936548183,5.74220902373894,7.09764918625678
2020-04-08,607,37,606,37,1,0,632,40,8162,407,8794,447,1,19,4,145,32,443,8,113,25,"East TN",2455501,10.629195426921,0.0702253855278766,18.2040243518532,1.50682080764781,5.90510857051168,7.02253855278766
2020-04-09,633,26,632,26,1,0,662,30,8613,451,9275,481,3,22,3,148,20,463,2,115,25,"East TN",2455501,9.85542257975053,0.0688378978534419,19.5886704994215,1.05884705402278,6.02728323059123,6.88378978534419
2020-04-10,655,22,654,22,1,0,682,20,8941,328,9623,348,0,22,-7,141,29,492,4,119,25,"East TN",2455501,9.89614746644371,0.0685700341630063,14.172260569228,0.895947507250048,5.74220902373894,6.85700341630063
2020-04-11,679,24,678,24,1,0,728,46,10022,1081,10750,1127,2,24,-5,136,27,519,5,124,27,"East TN",2455501,9.44817371281869,0.0645231370845101,45.8969473032184,0.977397280636416,5.53858459027302,6.45231370845101
2020-04-12,709,30,708,30,1,0,761,33,11472,1450,12233,1483,0,24,18,154,12,531,1,125,28,"East TN",2455501,9.61107325959142,0.0523255813953488,60.3950069659919,1.22174660079552,6.27163255075034,5.23255813953488
2020-04-13,738,29,737,29,1,0,803,42,12435,963,13238,1005,0,24,-2,152,31,562,7,132,32,"East TN",2455501,9.12237461927321,0.0473925877336832,40.9285111266499,1.18102171410234,6.19018277736397,4.73925877336832
2020-04-14,749,11,748,11,1,0,823,20,12720,285,13543,305,4,28,-17,135,24,586,1,133,33,"East TN",2455501,7.28975471807994,0.0444572748267898,12.4210904414211,0.447973753625024,5.49785970357984,4.44572748267898
2020-04-15,773,24,772,24,1,0,850,27,13132,412,13982,439,2,30,-6,129,28,614,4,137,34,"East TN",2455501,6.76033119106854,0.0420200462606014,17.8782252583078,0.977397280636416,5.25351038342074,4.20200462606014
2020-04-16,801,28,800,28,1,0,886,36,13809,677,14695,713,1,31,1,130,26,640,6,143,34,"East TN",2455501,6.84178096445491,0.0413284132841328,29.0368442122402,1.14029682740915,5.29423527011392,4.13284132841328
2020-04-17,823,22,821,21,2,1,916,30,14138,329,15054,359,0,31,-1,129,23,663,3,146,35,"East TN",2455501,6.84178096445491,0.0430859878475419,14.6202343228531,0.895947507250048,5.25351038342074,4.30859878475419
2020-04-18,835,12,833,12,2,0,935,19,14919,781,15854,800,0,31,-11,118,23,686,0,146,35,"East TN",2455501,6.3530823241367,0.0405564263322884,32.5799093545472,0.488698640318208,4.80553662979571,4.05564263322884
2020-04-19,914,79,912,79,2,0,1016,81,15606,687,16622,768,1,32,66,184,12,698,1,147,35,"East TN",2455501,8.34860177210272,0.0580997949419002,31.2767129803653,3.21726604876154,7.49337915154586,5.80997949419002
2020-04-20,939,25,931,19,8,6,1033,17,16569,963,17602,980,0,32,10,194,15,713,2,149,35,"East TN",2455501,8.18570222532998,0.0527039413382218,39.9103889593203,1.0181221673296,7.9006280184777,5.27039413382218
2020-04-21,1045,106,1037,106,8,0,1154,121,19275,2706,20429,2827,0,32,83,277,23,736,6,155,36,"East TN",2455501,12.0545664611825,0.0480685448736567,115.129254681631,4.3168379894775,11.280793614012,4.80685448736567
2020-04-22,1247,202,1237,200,10,2,1354,200,21827,2552,23181,2752,2,34,177,454,23,759,2,157,36,"East TN",2455501,19.3035962925692,0.054788563974345,112.074888179642,8.22642711202317,18.4890985587055,5.4788563974345
2020-04-23,1492,245,1480,243,12,2,1601,247,22934,1107,24535,1354,0,34,236,690,9,768,3,160,36,"East TN",2455501,28.1408967049901,0.0726626016260163,55.1414965825711,9.97759723983008,28.100171818297,7.26626016260163
2020-04-24,1540,48,1527,47,13,1,1655,54,25623,2689,27278,2743,0,34,22,712,26,794,4,164,36,"East TN",2455501,29.1997437590129,0.0604548429319372,111.708364199404,1.95479456127283,28.996119325547,6.04548429319372
2020-04-25,1563,23,1546,19,17,4,1674,19,26398,775,28072,794,0,34,10,722,13,807,3,167,37,"East TN",2455501,29.6477175126379,0.0604845310198068,32.3355600343881,0.936672393943232,29.4033681924788,6.04845310198068
2020-04-26,1583,20,1565,19,18,1,1700,26,27516,1118,29216,1144,0,34,-1,721,21,828,0,167,38,"East TN",2455501,27.2449491977401,0.0543115769414007,46.5892703770025,0.81449773386368,29.3626433057857,5.43115769414007
2020-04-27,1652,69,1633,68,19,1,1772,72,28431,915,30203,987,0,34,50,771,19,847,8,175,39,"East TN",2455501,29.0368442122402,0.058646139195302,40.1954631661726,2.8100171818297,31.3988876404449,5.8646139195302
2020-04-28,1689,37,1667,34,22,3,1812,40,30605,2174,32417,2214,2,36,19,790,16,863,1,176,40,"East TN",2455501,26.2268270304105,0.0548882215548882,90.1648991387094,1.50682080764781,32.1726604876154,5.48882215548882
2020-04-29,1752,63,1729,62,23,1,1878,66,33354,2749,35232,2815,1,37,39,829,23,886,6,182,41,"East TN",2455501,20.5660677800579,0.0434818687245872,114.640556041313,2.56566786167059,33.7609310686495,4.34818687245872
2020-04-30,1774,22,1750,21,24,1,1900,22,33903,549,35803,571,0,37,-1,828,23,909,1,183,41,"East TN",2455501,11.4844180474779,0.0265353212637558,23.2539103018081,0.895947507250048,33.7202061819563,2.65353212637558
2020-05-01,1814,40,1786,36,28,4,1929,29,35565,1662,37494,1691,0,37,-16,812,56,965,0,183,41,"East TN",2455501,11.1586189539324,0.0268206734534064,68.8657833981741,1.62899546772736,33.0686079948654,2.68206734534064
2020-05-02,1835,21,1807,21,28,0,1966,37,37442,1877,39408,1914,0,37,-107,705,128,1093,2,185,41,"East TN",2455501,11.077169180546,0.0257586450247001,77.9474331307542,0.855222620556864,28.7110451186947,2.57586450247001
2020-05-03,1873,38,1840,33,33,5,2003,37,39562,2120,41565,2157,0,37,-20,685,58,1151,3,188,43,"East TN",2455501,11.8102171410234,0.0245363997084784,87.8435805971979,1.54754569434099,27.896547384831,2.45363997084784
2020-05-04,1920,47,1884,44,36,3,2060,57,41508,1946,43568,2003,0,37,-312,373,359,1510,1,189,43,"East TN",2455501,10.9142696337733,0.0215488215488215,81.5719480464475,1.91406967457965,15.1903827365576,2.15488215488215
2020-05-05,1948,28,1911,27,37,1,2092,32,44418,2910,46510,2942,2,39,-45,328,71,1581,1,190,43,"East TN",2455501,10.5477456535347,0.0198680195841907,119.812616651347,1.14029682740915,13.3577628353644,1.98680195841907
2020-05-06,1985,37,1948,37,37,0,2135,43,45462,1044,47597,1087,1,40,7,335,29,1610,0,190,43,"East TN",2455501,9.48889859951187,0.0207844723008492,44.267951835491,1.50682080764781,13.6428370422166,2.07844723008492
2020-05-07,2028,43,1989,41,39,2,2183,48,46853,1391,49036,1439,0,40,19,354,24,1634,4,194,47,"East TN",2455501,10.3441212200687,0.0213859291166024,58.6031119514918,1.75117012780691,14.4166098893871,2.13859291166024
2020-05-08,2047,19,2008,19,39,0,2219,36,48523,1670,50742,1706,1,41,-15,339,33,1667,0,194,48,"East TN",2455501,9.48889859951187,0.0218900966183575,69.4766566985719,0.773772847170496,13.8057365889894,2.18900966183575
2020-05-09,2063,16,2022,14,41,2,2237,18,51342,2819,53579,2837,0,41,-32,307,48,1715,1,195,49,"East TN",2455501,9.28527416604595,0.0191235622045022,115.536503548563,0.651598187090944,12.5025402148075,1.91235622045022
2020-05-10,2079,16,2037,15,42,1,2256,19,53906,2564,56162,2583,1,42,-27,280,42,1757,3,198,49,"East TN",2455501,8.3893266587959,0.0173323285606631,105.192382328494,0.651598187090944,11.4029682740915,1.73323285606631
2020-05-11,2140,61,2097,60,43,1,2307,51,55477,1571,57784,1622,3,45,13,293,45,1802,4,202,51,"East TN",2455501,8.95947507250048,0.0173747889701744,66.0557662163444,2.48421808828422,11.9323918011029,1.73747889701745
2020-05-12,2193,53,2150,53,43,0,2373,66,59032,3555,61405,3621,3,48,30,323,20,1822,3,205,51,"East TN",2455501,9.97759723983008,0.0188653910708291,147.464814716019,2.15841899473875,13.1541384018984,1.88653910708291
2020-05-13,2247,54,2201,51,46,3,2425,52,60657,1625,63082,1677,0,48,18,341,36,1858,7,212,53,"East TN",2455501,10.6699203136142,0.0187278010978366,68.2956349844696,2.19914388143194,13.8871863623757,1.87278010978366
2020-05-14,2278,31,2232,31,46,0,2470,45,62365,1708,64835,1753,1,49,-2,339,32,1890,2,214,54,"East TN",2455501,10.181221673296,0.0181657066902969,71.3907263731516,1.2624714874887,13.8057365889894,1.81657066902969
2020-05-15,2306,28,2260,28,46,0,2507,37,64685,2320,67192,2357,1,50,-21,318,48,1938,4,218,54,"East TN",2455501,10.5477456535347,0.0175075987841945,95.9885579358347,1.14029682740915,12.9505139684325,1.75075987841945
2020-05-16,2316,10,2270,10,46,0,2525,18,67454,2769,69979,2787,1,51,-28,290,37,1975,1,219,54,"East TN",2455501,10.3033963333756,0.0175609756097561,113.500259213904,0.40724886693184,11.8102171410234,1.75609756097561
2020-05-17,2396,80,2350,80,46,0,2604,79,69681,2227,72285,2306,0,51,59,349,21,1996,4,223,56,"East TN",2455501,12.9097890817393,0.0215840724430937,93.9115887144823,3.25799093545472,14.2129854559212,2.15840724430937
2020-05-18,2445,49,2398,48,47,1,2665,61,71559,1878,74224,1939,0,51,8,357,41,2037,3,226,56,"East TN",2455501,12.4210904414211,0.0217761557177616,78.9655552980838,1.99551944796602,14.5387845494667,2.17761557177616
2020-05-19,2486,41,2438,40,48,1,2705,40,72683,1124,75388,1164,1,52,-6,351,46,2083,3,229,56,"East TN",2455501,11.9323918011029,0.0237431166416363,47.4037681108662,1.66972035442054,14.2944352293076,2.37431166416363
2020-05-20,2528,42,2480,42,48,0,2750,45,74423,1740,77173,1785,0,52,13,364,29,2112,3,232,56,"East TN",2455501,11.4436931607847,0.0230643673266624,72.6939227473334,1.71044524111373,14.823858756319,2.30643673266624
2020-05-21,2769,241,2720,240,49,1,2988,238,75885,1462,78873,1700,0,52,211,575,30,2142,4,236,57,"East TN",2455501,19.9959193663533,0.0368998432825189,69.2323073784128,9.81469769305734,23.4168098485808,3.68998432825189
2020-05-22,2860,91,2808,88,52,3,3066,78,77410,1525,80476,1603,0,52,40,615,51,2193,6,242,57,"East TN",2455501,22.5615872280239,0.0420806985847636,65.2819933691739,3.70596468907974,25.0458053163082,4.20806985847636
2020-05-23,2926,66,2870,62,56,4,3157,91,79625,2215,82782,2306,2,54,36,651,28,2221,6,248,58,"East TN",2455501,24.8421808828422,0.0493634304459892,93.9115887144823,2.68784252175014,26.5119012372628,4.93634304459892
2020-05-24,2978,52,2922,52,56,0,3227,70,81745,2120,84972,2190,0,54,26,677,26,2247,0,248,59,"East TN",2455501,23.7018840554331,0.0491053834633877,89.187501858073,2.11769410804557,27.5707482912856,4.91053834633877
2020-05-25,3062,84,3005,83,57,1,3321,94,84395,2650,87716,2744,1,55,42,719,41,2288,2,250,59,"East TN",2455501,25.1272550896945,0.0486214052772013,111.749089086097,3.42089048222746,29.2811935323993,4.86214052772013
2020-05-26,3123,61,3057,52,66,9,3377,56,86781,2386,90158,2442,1,56,15,734,45,2333,3,253,59,"East TN",2455501,25.9417528235582,0.0454976303317536,99.4501733047553,2.48421808828422,29.8920668327971,4.54976303317536
2020-05-27,3199,76,3130,73,69,3,3444,67,88648,1867,92092,1934,0,56,40,774,36,2369,8,261,59,"East TN",2455501,27.3263989711265,0.0465178631275555,78.7619308646179,3.09509138868198,31.5210623005244,4.65178631275555
2020-05-28,3273,74,3204,74,69,0,3511,67,90047,1399,93558,1466,0,56,14,788,60,2429,1,262,59,"East TN",2455501,20.5253428933647,0.0356145726932244,59.7026838922077,3.01364161529562,32.091210714229,3.56145726932244
2020-05-29,3348,75,3278,74,70,1,3594,83,91325,1278,94919,1361,0,56,10,798,65,2494,4,266,59,"East TN",2455501,19.8737447062738,0.0365575019040366,55.4265707894234,3.0543665019888,32.4984595811608,3.65575019040366
2020-05-30,3421,73,3350,72,71,1,3675,81,93570,2245,97245,2326,0,56,-1,797,74,2568,4,270,60,"East TN",2455501,20.1588189131261,0.0358155292816152,94.726086448346,2.97291672860243,32.4577346944676,3.58155292816152
2020-05-31,3533,112,3460,110,73,2,3769,94,96353,2783,100122,2877,0,56,71,868,41,2609,1,271,61,"East TN",2455501,22.6023121147171,0.0357755775577558,117.16549901629,4.56118730963661,35.3492016496837,3.57755775577558
2020-06-01,3629,96,3553,93,76,3,3903,134,100185,3832,104088,3966,0,56,-169,699,265,2874,5,276,61,"East TN",2455501,23.0910107550353,0.0355484974346445,161.514900625168,3.90958912254566,28.4666957985356,3.55484974346445
2020-06-02,3736,107,3658,105,78,2,4018,115,104244,4059,108262,4174,1,57,16,715,90,2964,3,279,65,"East TN",2455501,24.9643555429218,0.0354065399911622,169.98567705735,4.35756287617069,29.1182939856266,3.54065399911622
2020-06-03,3786,50,3708,50,78,0,4068,50,106174,1930,110242,1980,0,57,-65,650,115,3079,4,283,66,"East TN",2455501,23.905508488899,0.0343801652892562,80.6352756525043,2.0362443346592,26.4711763505696,3.43801652892562
2020-06-04,3837,51,3757,49,80,2,4129,61,107722,1548,111851,1609,6,63,-37,613,82,3161,5,288,67,"East TN",2455501,22.9688360949558,0.0337834144208167,65.526342689333,2.07696922135238,24.9643555429218,3.37834144208167
2020-06-05,3936,99,3852,95,84,4,4211,82,109878,2156,114089,2238,1,64,-43,570,141,3302,4,292,68,"East TN",2455501,23.9462333755922,0.0321857068335942,91.1422964193458,4.03176378262522,23.2131854151149,3.21857068335942
2020-06-06,3989,53,3902,50,87,3,4286,75,112983,3105,117269,3180,1,65,-14,556,66,3368,4,296,68,"East TN",2455501,23.1317356417285,0.0305133839392729,129.505139684325,2.15841899473875,22.6430370014103,3.05133839392729
2020-06-07,4047,58,3958,56,89,2,4367,81,116946,3963,121313,4044,0,65,-8,548,66,3434,6,302,69,"East TN",2455501,20.9325917602966,0.0282195271577557,164.691441787236,2.36204342820467,22.3172379078648,2.82195271577557
2020-06-08,4207,160,4114,156,93,4,4524,157,119897,2951,124421,3108,0,65,75,623,85,3519,6,308,69,"East TN",2455501,23.5389845086604,0.0305414842866276,126.572947842416,6.51598187090944,25.3716044098536,3.05414842866276
2020-06-09,4315,108,4221,107,94,1,4642,118,122224,2327,126866,2445,1,66,-35,588,142,3661,7,315,70,"East TN",2455501,23.5797093953535,0.0335411739410879,99.5723479648349,4.39828776286387,23.9462333755922,3.35411739410879
2020-06-10,4392,77,4295,74,97,3,4716,74,125062,2838,129778,2912,0,66,-63,525,140,3801,6,321,70,"East TN",2455501,24.6792813360695,0.0331695331695332,118.590870050552,3.13581627537517,21.3805655139216,3.31695331695332
2020-06-11,4656,264,4557,262,99,2,4996,280,127353,2291,132349,2571,1,67,149,674,114,3915,8,329,70,"East TN",2455501,33.3536822017177,0.0422968094448239,104.703683688176,10.7513700870006,27.448573631206,4.22968094448239
2020-06-12,4827,171,4727,170,100,1,5168,172,129981,2628,135149,2800,2,69,24,698,145,4060,3,332,71,"East TN",2455501,36.2858740436269,0.0454415954415954,114.029682740915,6.96395562453446,28.4259709118424,4.54415954415954
2020-06-13,4975,148,4871,144,104,4,5336,168,132172,2191,137508,2359,0,69,50,748,98,4158,4,336,72,"East TN",2455501,40.1547382794794,0.051880033598498,96.0700077092211,6.02728323059123,30.4622152465016,5.1880033598498
2020-06-14,5091,116,4986,115,105,1,5471,135,136042,3870,141513,4005,0,69,30,778,86,4244,4,340,73,"East TN",2455501,42.5167817076841,0.0546534653465347,163.103171206202,4.72408685640934,31.6839618472971,5.46534653465347
2020-06-15,5274,183,5158,172,116,11,5650,179,139216,3174,144866,3353,0,69,59,837,124,4368,9,349,78,"East TN",2455501,43.4534541016273,0.0550745903643923,136.550545082246,7.45265426485267,34.086730162195,5.50745903643923
2020-06-16,5428,154,5310,152,118,2,5808,158,141016,1800,146824,1958,3,72,64,901,87,4455,4,353,81,"East TN",2455501,45.3267988895138,0.0584226876440525,79.7393281452543,6.27163255075034,36.6931229105588,5.84226876440525
2020-06-17,5561,133,5440,130,121,3,5930,122,142456,1440,148386,1562,3,75,-6,895,136,4591,6,359,83,"East TN",2455501,47.6073925443321,0.0652407566638005,63.6122730147534,5.41640993019347,36.4487735903997,6.52407566638005
2020-06-18,5739,178,5617,177,122,1,6136,206,146047,3591,152183,3797,1,76,42,937,135,4726,10,369,83,"East TN",2455501,44.1050522887183,0.0574770595946355,154.63239477402,7.24902983138675,38.1592188315134,5.74770595946355
2020-06-19,5874,135,5748,131,126,4,6254,118,147511,1464,153765,1582,4,80,22,959,109,4835,12,381,84,"East TN",2455501,42.6389563677636,0.0583369144821659,64.4267707486171,5.49785970357984,39.0551663387635,5.83369144821659
2020-06-20,5940,66,5813,65,127,1,6349,95,149686,2175,156035,2270,0,80,-44,915,110,4945,6,387,84,"East TN",2455501,39.2995156589226,0.0546769579532574,92.4454927935277,2.68784252175014,37.2632713242634,5.46769579532574
2020-06-21,6028,88,5900,87,128,1,6468,119,153036,3350,159504,3469,1,81,0,915,87,5032,3,390,87,"East TN",2455501,38.1592188315134,0.0554165971874826,141.274631938655,3.58379002900019,37.2632713242634,5.54165971874826
2020-06-22,6224,196,6089,189,135,7,6666,198,156447,3411,163113,3609,1,82,43,958,152,5184,7,397,88,"East TN",2455501,38.6886423585248,0.0556803858168466,146.976116075701,7.98207779186406,39.0144414520703,5.56803858168466
2020-06-23,6414,190,6273,184,141,6,6850,184,158252,1805,165102,1989,4,86,57,1015,129,5313,15,412,88,"East TN",2455501,40.1547382794794,0.0570084254294781,81.001799632743,7.73772847170496,41.3357599935818,5.70084254294781
2020-06-24,6592,178,6449,176,143,2,7033,183,159883,1631,166916,1814,2,88,37,1052,139,5452,9,421,88,"East TN",2455501,41.9873581806727,0.0595250944414463,73.8749444614358,7.24902983138675,42.8425808012296,5.95250944414463
2020-06-25,6761,169,6609,160,152,9,7217,184,163057,3174,170274,3358,0,88,22,1074,147,5599,8,429,88,"East TN",2455501,41.620834200434,0.0597534685755348,136.754169515712,6.8825058511481,43.7385283084796,5.97534685755348
2020-06-26,6975,214,6813,204,162,10,7389,172,164646,1589,172035,1761,1,89,67,1141,146,5745,16,445,88,"East TN",2455501,44.8381002491956,0.0621237000547345,71.716525466697,8.71512575234138,46.4670957169229,6.21237000547345
2020-06-27,7049,74,6882,69,167,5,7435,46,164855,209,172290,255,-1,88,-52,1089,127,5872,5,450,90,"East TN",2455501,45.1638993427411,0.066810212242387,10.3848461067619,3.01364161529562,44.3494016088774,6.6810212242387
2020-06-28,7176,127,7007,125,169,2,7606,171,167943,3088,175549,3259,0,88,30,1119,97,5969,5,455,91,"East TN",2455501,46.7521699237752,0.0709255219694609,132.722405733087,5.17206061003437,45.5711482096729,7.09255219694609
2020-06-29,7519,343,7348,341,171,2,7946,340,173211,5268,181157,5608,1,89,147,1266,195,6164,22,477,92,"East TN",2455501,52.7387282676733,0.0709377078253159,228.385164575376,13.9686361357621,51.5577065535709,7.09377078253159
2020-06-30,7789,270,7614,266,175,4,8394,448,179498,6287,187892,6735,0,89,100,1366,170,6334,22,499,93,"East TN",2455501,55.996719203128,0.0677490127248793,274.282111878594,10.9957194071597,55.6301952228893,6.77490127248793
2020-07-01,8064,275,7886,272,178,3,8728,334,182702,3204,191430,3538,0,89,66,1432,209,6543,17,516,96,"East TN",2455501,59.9470332123668,0.0691441625193767,144.084649120485,11.1993438406256,58.3180377446395,6.91441625193767
2020-07-02,8544,480,8361,475,183,5,9334,606,189085,6383,198419,6989,2,91,314,1746,164,6707,24,540,99,"East TN",2455501,72.6124729739471,0.0752176230236276,284.626233098663,19.5479456127283,71.1056521662993,7.52176230236276
2020-07-03,8770,226,8581,220,189,6,9562,228,192441,3356,202003,3584,5,96,24,1770,197,6904,14,554,100,"East TN",2455501,73.1011716142653,0.0725106780565937,145.957993908371,9.20382439265958,72.0830494469357,7.25106780565937
2020-07-04,8990,220,8799,218,191,2,9842,280,197205,4764,207047,5044,2,98,77,1847,141,7045,14,568,106,"East TN",2455501,79.0470050714701,0.0692522369594614,205.41632848042,8.95947507250048,75.2188657223108,6.92522369594614
2020-07-05,9310,320,9118,319,192,1,10210,368,201053,3848,211263,4216,2,100,163,2010,155,7200,11,579,109,"East TN",2455501,86.9069082032546,0.0729125833006664,171.696122298464,13.0319637418189,81.8570222532998,7.29125833006664
2020-07-06,9544,234,9341,223,203,11,10420,210,202684,1631,213104,1841,4,104,-51,1959,281,7481,26,605,109,"East TN",2455501,82.4678955536976,0.0774407612608383,74.9745164021517,9.52962348620506,79.7800530319474,7.74407612608383
2020-07-07,9992,448,9780,439,212,9,10986,566,208962,6278,219948,6844,0,104,159,2118,289,7770,31,636,110,"East TN",2455501,89.7169253850844,0.080858497629149,278.721124528151,18.2447492385464,86.2553100161637,8.0858497629149
2020-07-08,10373,381,10151,371,222,10,11420,434,213134,4172,224554,4606,1,105,61,2179,319,8089,20,656,110,"East TN",2455501,94.0337633745619,0.0812703779736747,187.578828108805,15.5161818301031,88.7395281044479,8.12703779736747
2020-07-09,10822,449,10586,435,236,14,11892,472,219084,5950,230976,6422,1,106,149,2328,299,8388,24,680,114,"East TN",2455501,92.7712918870731,0.078569892803391,261.535222343628,18.2854741252396,94.8075362217323,7.8569892803391
2020-07-10,11289,467,11041,455,248,12,12345,453,222368,3284,234713,3737,0,106,141,2469,326,8714,27,707,116,"East TN",2455501,102.58598958013,0.0850810149801284,152.188901572429,19.0185220857169,100.549745245471,8.50810149801284
2020-07-11,11595,306,11340,299,255,7,12767,422,226846,4478,239613,4900,5,111,44,2513,257,8971,22,729,121,"East TN",2455501,106.088329835744,0.0898176011791439,199.551944796602,12.4618153281143,102.341640259971,8.98176011791439
2020-07-12,12065,470,11802,462,263,8,13400,633,232776,5930,246176,6563,1,112,222,2735,247,9218,24,753,126,"East TN",2455501,112.197062839722,0.091369976799473,267.277431367367,19.1406967457965,111.382565105858,9.1369976799473
2020-07-13,12419,354,12143,341,276,13,13743,343,236210,3434,249953,3777,3,115,-119,2616,470,9688,18,771,130,"East TN",2455501,117.084049242904,0.0901788379603246,153.817897040156,14.4166098893871,106.536303589369,9.01788379603246
2020-07-14,12934,515,12653,510,281,5,14327,584,240698,4488,255025,5072,4,119,77,2693,434,10122,34,805,134,"East TN",2455501,119.812616651347,0.0952475981412321,206.556625307829,20.9733166469898,109.672119864745,9.52475981412321
2020-07-15,13314,380,13027,374,287,6,14710,383,243795,3097,258505,3480,6,125,-106,2587,480,10602,24,829,141,"East TN",2455501,119.771891764654,0.0969043621690083,141.72260569228,15.4754569434099,105.355281875267,9.69043621690083
2020-07-16,14141,827,13839,812,302,15,15807,1097,253629,9834,269436,10931,6,131,349,2936,472,11074,43,872,143,"East TN",2455501,135.165898934678,0.101794071762871,445.163736443194,33.6794812952632,119.568267331188,10.1794071762871
2020-07-17,14609,468,14293,454,316,14,16318,511,257948,4319,274266,4830,3,134,95,3031,370,11444,24,896,148,"East TN",2455501,135.206623821371,0.100447500821682,196.701202728079,19.0592469724101,123.437131567041,10.0447500821682
2020-07-18,15118,509,14787,494,331,15,16986,668,266039,8091,283025,8759,6,140,185,3216,318,11762,27,923,151,"East TN",2455501,143.473775820087,0.0971851101078043,356.709282545599,20.7289673268307,130.97123560528,9.71851101078043
2020-07-19,15599,481,15249,462,350,19,17546,560,270893,4854,288439,5414,0,140,76,3292,405,12167,25,948,155,"East TN",2455501,143.921749573712,0.0980999929015924,220.484536556898,19.5886704994215,134.066326993962,9.80999929015924
2020-07-20,16035,436,15670,421,365,15,17957,411,273350,2457,291307,2868,2,142,-270,3022,704,12871,29,977,159,"East TN",2455501,147.261190282553,0.10190066257194,116.798975036052,17.7560505982282,123.070607586802,10.190066257194
2020-07-21,17036,1001,16654,984,382,17,19169,1212,281728,8378,300897,9590,1,143,381,3403,619,13490,61,1038,162,"East TN",2455501,167.053485215441,0.105554586675968,390.551663387635,40.7656115798772,138.586789416905,10.5554586675968
2020-07-22,17620,584,17222,568,398,16,19823,654,285028,3300,304851,3954,4,147,-79,3324,659,14149,29,1067,167,"East TN",2455501,175.36136210085,0.110322357916541,161.02620198485,23.7833338288195,135.369523368144,11.0322357916541
2020-07-23,18415,795,17995,773,420,22,20822,999,295232,10204,316054,11203,4,151,242,3566,549,14698,50,1117,173,"East TN",2455501,174.058165726668,0.107576472607147,456.24090562374,32.3762849210813,145.224945947894,10.7576472607147
2020-07-24,19018,603,18585,590,433,13,21506,684,301042,5810,322548,6494,2,153,7,3573,594,15292,34,1151,180,"East TN",2455501,179.556025430248,0.10745205252475,264.467414185537,24.55710667599,145.510020154746,10.745205252475
2020-07-25,19996,978,19551,966,445,12,22708,1202,310657,9615,333365,10817,10,163,550,4123,418,15710,28,1179,188,"East TN",2455501,198.655997289352,0.113667063965038,440.521099360171,39.8289391859339,167.908707835998,11.3667063965038
2020-07-26,20771,775,20311,760,460,15,23605,897,318180,7523,341785,8420,1,164,391,4514,383,16093,21,1200,195,"East TN",2455501,210.629113977148,0.113579274922206,342.903545956609,31.5617871872176,183.832138533033,11.3579274922206
2020-07-27,21417,646,20935,624,482,22,24311,706,322646,4466,346957,5172,6,170,-78,4436,718,16811,38,1238,199,"East TN",2455501,219.181340182716,0.114177897574124,210.629113977148,26.3082768037969,180.655597370964,11.4177897574124
2020-07-28,22232,815,21727,792,505,23,25283,972,330867,8221,356150,9193,7,177,170,4606,638,17449,50,1288,204,"East TN",2455501,211.606511257784,0.11065462508823,374.38388337044,33.190782654945,187.578828108805,11.065462508823
2020-07-29,22575,343,22059,332,516,11,25599,316,332439,1572,358038,1888,5,182,-337,4269,675,18124,24,1312,213,"East TN",2455501,201.791813564727,0.108597965668302,76.8885860767314,13.9686361357621,173.854541293202,10.8597965668302
2020-07-30,23763,1188,23232,1173,531,15,26980,1381,344973,12534,371953,13915,5,187,674,4943,509,18633,42,1354,220,"East TN",2455501,217.796694035148,0.11016297250398,566.686798335655,48.3811653915026,201.303114924409,11.016297250398
2020-07-31,24385,622,23838,606,547,16,27634,654,348941,3968,376575,4622,6,193,80,5023,536,19169,25,1379,229,"East TN",2455501,218.570466882319,0.113424769096933,188.230426295896,25.3308795231604,204.561105859863,11.3424769096933
2020-08-01,24944,559,24380,542,564,17,28270,636,355916,6975,384186,7611,1,194,152,5175,406,19575,16,1395,232,"East TN",2455501,201.506739357874,0.109442946813325,309.957112621823,22.7652116614899,210.751288637227,10.9442946813325
2020-08-02,25375,431,24800,420,575,11,28754,484,359714,3798,388468,4282,4,198,49,5224,378,19953,19,1414,237,"East TN",2455501,187.497378335419,0.11029711029711,174.383964820214,17.5524261647623,212.746808085193,11.029711029711
2020-08-03,26001,626,25408,608,593,18,29462,708,363858,4144,393320,4852,3,201,-43,5181,666,20619,33,1447,245,"East TN",2455501,186.682880601555,0.111101524922891,197.597150235329,25.4937790699332,210.995637957386,11.1101524922891
2020-08-04,26487,486,25874,466,613,20,29988,526,369229,5371,399217,5897,6,207,-218,4963,698,21317,34,1481,254,"East TN",2455501,173.284392879498,0.109248380430492,240.154656829706,19.7922949328874,202.117612658272,10.9248380430492
2020-08-05,26955,468,26334,460,621,8,30509,521,373442,4213,403951,4734,9,216,-222,4741,681,21998,20,1501,260,"East TN",2455501,178.375003716146,0.106941389149043,192.791613605533,19.0592469724101,193.076687812385,10.6941389149043
2020-08-06,27686,731,27027,693,659,38,31361,852,380512,7070,411873,7922,7,223,202,4943,522,22520,37,1538,266,"East TN",2455501,159.763730497361,0.109744488977956,322.622552383404,29.7698921727175,201.303114924409,10.9744488977956
2020-08-07,28241,555,27568,541,673,14,31980,619,384482,3970,416462,4589,6,229,40,4983,509,23029,34,1572,279,"East TN",2455501,157.035163088917,0.108957805801389,186.886505035021,22.6023121147171,202.932110392136,10.8957805801389
2020-08-08,28916,675,28231,663,685,12,32780,800,394559,10077,427339,10877,8,237,289,5272,378,23407,23,1595,290,"East TN",2455501,161.759249945327,0.104511853173592,442.964592561762,27.4892985178992,214.701602646466,10.4511853173592
2020-08-09,29444,528,28747,516,697,12,33414,634,398860,4301,432274,4935,2,239,115,5387,411,23818,20,1615,297,"East TN",2455501,165.709563954566,0.106378121718486,200.977315830863,21.5027401740012,219.384964616182,10.6378121718486
2020-08-10,29747,303,29039,292,708,11,33742,328,401149,2289,434891,2617,3,242,-477,4910,777,24595,26,1641,301,"East TN",2455501,152.555425552667,0.102956387866542,106.577028476063,12.3396406680348,199.959193663533,10.2956387866542
2020-08-11,30359,612,29634,595,725,17,34427,685,407249,6100,441676,6785,17,259,-7,4903,602,25197,28,1669,306,"East TN",2455501,157.686761276008,0.104547916813867,276.318356213253,24.9236306562286,199.674119456681,10.4547916813867
2020-08-12,30804,445,30058,424,746,21,34901,474,410998,3749,445899,4223,6,265,-251,4652,690,25887,25,1694,311,"East TN",2455501,156.750088882065,0.104701058453323,171.981196505316,18.1225745784669,189.452172896692,10.4701058453323
2020-08-13,31621,817,30862,804,759,13,36018,1117,419560,8562,455578,9679,6,271,202,4854,609,26496,44,1738,319,"East TN",2455501,160.252429137679,0.106555314037295,394.176178303328,33.2722324283313,197.678600008715,10.6555314037295
2020-08-14,32082,461,31294,432,788,29,36552,534,424216,4656,460768,5190,4,275,-142,4712,599,27095,18,1756,326,"East TN",2455501,156.42428978852,0.103191441339773,211.362161937625,18.7741727655578,191.895666098283,10.3191441339773
2020-08-15,32732,650,31932,638,800,12,37429,877,431149,6933,468578,7810,4,279,216,4928,430,27525,17,1773,335,"East TN",2455501,155.40616762119,0.11273309246102,318.061365073767,26.4711763505696,200.692241624011,11.273309246102
2020-08-16,33206,474,32395,463,811,11,38022,593,436615,5466,474637,6059,2,281,110,5038,362,27887,10,1783,344,"East TN",2455501,153.207023739758,0.108774166135543,246.752088474002,19.3035962925692,205.171979160261,10.8774166135543
2020-08-17,33479,273,32598,203,881,70,38249,227,438087,1472,476336,1699,8,289,-397,4641,662,28549,12,1795,350,"East TN",2455501,151.985277138963,0.108746531547834,69.1915824917196,11.1178940672392,189.004199143067,10.8746531547834
2020-08-18,34109,630,33163,565,946,65,39061,812,448684,10597,487745,11409,8,297,52,4693,570,29119,22,1817,353,"East TN",2455501,152.71832509944,0.100588248062689,464.630232282536,25.6566786167059,191.121893251113,10.0588248062689
2020-08-19,34564,455,33597,434,967,21,39558,497,453468,4784,493026,5281,7,304,-113,4580,561,29680,22,1839,360,"East TN",2455501,153.125573966372,0.0988180872960299,215.068126626705,18.5298234453987,186.519981054783,9.88180872960299
2020-08-20,35342,778,34354,757,988,21,40432,874,465007,11539,505439,12413,6,310,265,4845,507,30187,27,1866,368,"East TN",2455501,151.537303385338,0.0885261025651311,505.518018522493,31.6839618472971,197.312076028476,8.85261025651311
2020-08-21,35551,209,34551,197,1000,12,40645,213,467458,2451,508103,2664,17,327,-321,4524,513,30700,17,1883,375,"East TN",2455501,141.274631938655,0.0864687863103412,108.491098150642,8.51150131887546,184.239387399964,8.64687863103412
2020-08-22,36421,870,35409,858,1012,12,41618,973,480826,13368,522444,14341,2,329,454,4978,414,31114,20,1903,382,"East TN",2455501,150.234107011156,0.0777670515724204,584.035600066952,35.4306514230701,202.72848595867,7.77670515724204
2020-08-23,36674,253,35651,242,1023,11,41872,254,485932,5106,527804,5360,0,329,-94,4884,347,31461,20,1923,387,"East TN",2455501,141.233907051962,0.0724133391013222,218.285392675466,10.3033963333756,198.900346609511,7.24133391013222
2020-08-24,36866,192,35826,175,1040,17,42070,198,487275,1343,529345,1541,8,337,-485,4399,669,32130,15,1938,397,"East TN",2455501,137.935191229814,0.0720820992661624,62.7570503941965,7.81917824509133,179.148776563316,7.20820992661624
2020-08-25,37480,614,36415,589,1065,25,42755,685,497010,9735,539765,10420,16,353,120,4519,478,32608,23,1961,406,"East TN",2455501,137.283593042723,0.0710111495578624,424.353319342977,25.005080429615,184.035762966498,7.10111495578624
2020-08-26,37825,345,36735,320,1090,25,43139,384,500972,3962,544111,4346,6,359,-208,4311,547,33155,11,1972,414,"East TN",2455501,132.803855506473,0.0700988548497602,176.990357568578,14.0500859091485,175.564986534316,7.00988548497602
2020-08-27,38686,861,37579,844,1107,17,44115,976,511263,10291,555378,11267,8,367,387,4698,466,33621,29,2001,421,"East TN",2455501,136.184021102007,0.0737499749694627,458.847298372104,35.0641274428314,191.325517684578,7.37499749694627
2020-08-28,39020,334,37893,314,1127,20,44453,338,513872,2609,558325,2947,12,379,-182,4516,504,34125,10,2011,427,"East TN",2455501,141.274631938655,0.0758233443510812,120.016241084813,13.6021121555235,183.913588306419,7.58233443510812
2020-08-29,39471,451,38328,435,1143,16,44981,528,520391,6519,565372,7047,8,387,61,4577,382,34507,16,2027,436,"East TN",2455501,124.210904414211,0.0783404770778979,286.988276526868,18.366923898626,186.397806394703,7.83404770778979
2020-08-30,39734,263,38580,252,1154,11,45248,267,522272,1881,567520,2148,8,395,-55,4522,310,34817,14,2041,439,"East TN",2455501,124.618153281143,0.0850035250276966,87.4770566169592,10.7106452003074,184.157937626578,8.50035250276967
2020-08-31,40141,407,38958,378,1183,29,45698,450,525759,3487,571457,3937,2,397,-133,4389,538,35355,17,2058,444,"East TN",2455501,133.374003920178,0.0861512158054711,160.333878911065,16.5750288841259,178.741527696385,8.61512158054711
2020-09-01,40748,607,39523,565,1225,42,46372,674,531424,5665,577796,6339,6,403,105,4494,496,35851,28,2086,453,"East TN",2455501,133.088929713325,0.095106623543951,258.155056748093,24.7200062227627,183.017640799169,9.5106623543951
2020-09-02,41236,488,39982,459,1254,29,46825,453,536217,4793,583042,5246,7,410,22,4516,459,36310,22,2108,460,"East TN",2455501,138.912588510451,0.0946803318692045,213.642755592443,19.8737447062738,183.913588306419,9.46803318692045
2020-09-03,41791,555,40504,522,1287,33,47472,647,544474,8257,591946,8904,6,416,-39,4477,588,36898,22,2130,463,"East TN",2455501,126.450773182336,0.0918015751476701,362.61439111611,22.6023121147171,182.325317725385,9.18015751476701
2020-09-04,42148,357,40847,343,1301,14,47820,348,547806,3332,595626,3680,7,423,-40,4437,390,37288,11,2141,464,"East TN",2455501,127.38744557628,0.0902656765234176,149.867583030917,14.5387845494667,180.696322257657,9.02656765234176
2020-09-05,43146,998,41830,983,1316,15,48910,1090,557125,9319,606035,10409,1,424,640,5077,357,37645,26,2167,470,"East TN",2455501,149.663958597451,0.0966234660502176,423.905345589352,40.6434369197976,206.760249741295,9.66234660502176
2020-09-06,43409,263,42077,247,1332,16,49178,268,559753,2628,608931,2896,0,424,-51,5026,314,37959,9,2176,484,"East TN",2455501,149.663958597451,0.0949023206394436,117.939271863461,10.7106452003074,204.683280519943,9.49023206394436
2020-09-07,43613,204,42274,197,1339,7,49415,237,561089,1336,610504,1573,3,427,-342,4684,543,38502,13,2189,488,"East TN",2455501,141.396806598735,0.0951929725715164,64.0602467683784,8.30787688540954,190.755369270874,9.51929725715164
2020-09-08,43924,311,42563,289,1361,22,49735,320,564515,3426,614250,3746,7,434,-302,4382,606,39108,24,2213,495,"East TN",2455501,129.342240137552,0.0922532506720799,152.555425552667,12.6654397615802,178.456453489532,9.22532506720799
2020-09-09,44257,333,42879,316,1378,17,50110,375,569661,5146,619771,5521,6,440,-161,4221,488,39596,16,2229,502,"East TN",2455501,123.029882700109,0.0894388630237687,224.842099433069,13.5613872688303,171.89974673193,8.94388630237687
2020-09-10,44932,675,43517,638,1415,37,50817,707,577472,7811,628289,8518,18,458,194,4415,463,40059,39,2268,513,"East TN",2455501,127.916869103291,0.0920397325482211,346.894584852541,27.4892985178992,179.800374750407,9.20397325482211
2020-09-11,45258,326,43820,303,1438,23,51172,355,581632,4160,632804,4515,17,475,-205,4210,514,40573,26,2294,524,"East TN",2455501,126.654397615802,0.0901608478132229,183.872863419726,13.276313061978,171.451772978305,9.01608478132229
2020-09-12,45677,419,44221,401,1456,18,51684,512,588618,6986,640302,7498,10,485,92,4302,317,40890,15,2309,535,"East TN",2455501,103.074688220449,0.0809525199171214,305.355200425494,17.0637275244441,175.198462554078,8.09525199171214
2020-09-13,46118,441,44642,421,1476,20,52187,503,594192,5574,646379,6077,2,487,49,4351,390,41280,21,2330,540,"East TN",2455501,110.323718051835,0.0803514206366161,247.485136434479,17.9596750316941,177.193982002044,8.03514206366161
2020-09-14,46562,444,45071,429,1491,15,52672,485,599165,4973,651837,5458,9,496,-151,4200,586,41866,25,2355,550,"East TN",2455501,120.0976908582,0.0787990225727627,222.276431571398,18.0818496917737,171.044524111373,7.87990225727627
2020-09-15,47055,493,45527,456,1528,37,53212,540,607341,8176,660553,8716,7,503,-66,4134,552,42418,20,2375,553,"East TN",2455501,127.509620236359,0.0750923266311038,354.958112417792,20.0773691397397,168.356681589623,7.50923266311038
2020-09-16,47408,353,45837,310,1571,43,53606,394,610754,3413,664360,3807,6,509,-175,3959,522,42940,17,2392,562,"East TN",2455501,128.324117970223,0.0784049877772545,155.039643640951,14.375885002694,161.229826418315,7.84049877772545
2020-09-17,47959,551,46356,519,1603,32,54183,577,617930,7176,672113,7753,8,517,119,4078,424,43364,21,2413,573,"East TN",2455501,123.274232020268,0.0768072289156626,315.740046532256,22.4394125679444,166.076087934804,7.68072289156626
2020-09-18,48493,534,46842,486,1651,48,54750,567,626046,8116,680796,8683,17,534,-29,4049,546,43910,30,2443,579,"East TN",2455501,131.74500845245,0.0745540923487248,353.614191156917,21.7470894941603,164.895066220702,7.45540923487248
2020-09-19,49001,508,47327,485,1674,23,55323,573,634400,8354,689723,8927,3,537,193,4242,312,44222,30,2473,581,"East TN",2455501,135.369523368144,0.0736326662754699,363.551063510054,20.6882424401375,172.754969352487,7.36326662754699
2020-09-20,49307,306,47608,281,1699,25,55652,329,639358,4958,695010,5287,1,538,-19,4223,324,44546,13,2486,592,"East TN",2455501,129.871663664564,0.0712508482243836,215.312475946864,12.4618153281143,171.981196505316,7.12508482243836
2020-09-21,49470,163,47741,133,1729,30,55804,152,640875,1517,696679,1669,3,541,-210,4013,370,44916,9,2495,597,"East TN",2455501,118.427970503779,0.0698452343784845,67.9698358909241,6.63815653098899,163.428970299747,6.98452343784845
2020-09-22,49930,460,48143,402,1787,58,56294,490,647025,6150,703319,6640,6,547,-55,3958,509,45425,29,2524,604,"East TN",2455501,117.084049242904,0.072066594958612,270.413247642742,18.7334478788646,161.189101531622,7.2066594958612
2020-09-23,50224,294,48397,254,1827,40,56576,282,649118,2093,705694,2375,8,555,-217,3741,503,45928,13,2537,613,"East TN",2455501,114.681280928006,0.0718536797793584,96.721605896312,11.9731166877961,152.351801119201,7.18536797793584
2020-09-24,50687,463,48839,442,1848,21,57057,481,656012,6894,713069,7375,11,566,-36,3705,488,46416,28,2565,618,"East TN",2455501,111.097490899006,0.070172868444184,300.346039362232,18.8556225389442,150.885705198247,7.0172868444184
2020-09-25,51141,454,49269,430,1872,24,57543,486,662685,6673,720228,7159,11,577,14,3719,429,46845,18,2583,625,"East TN",2455501,107.839499963551,0.070830797321972,291.549463836504,18.4890985587055,151.455853611951,7.0830797321972
2020-09-26,51699,558,49803,534,1896,24,58181,638,673241,10556,731422,11194,5,582,194,3913,359,47204,29,2612,632,"East TN",2455501,109.87574429821,0.0685388138804288,455.874381643502,22.7244867747967,159.356481630429,6.85388138804288
2020-09-27,52092,393,50168,365,1924,28,58588,407,679260,6019,737848,6426,3,585,91,4004,299,47503,30,2642,639,"East TN",2455501,113.418809440517,0.06853727998506,261.6981218904,16.0048804704213,163.062446319509,6.853727998506
2020-09-28,52326,234,50363,195,1963,39,58813,225,680947,1687,739760,1912,4,589,-315,3689,545,48048,15,2657,646,"East TN",2455501,116.310276395733,0.0698451753673313,77.8659833573678,9.52962348620506,150.234107011156,6.98451753673313
2020-09-29,52709,383,50703,340,2006,43,59210,397,686758,5811,745968,6208,9,598,-43,3646,417,48465,33,2690,648,"East TN",2455501,113.174460120358,0.0683720603062205,252.820096591286,15.5976316034895,148.482936883349,6.83720603062205
2020-09-30,53191,482,51153,450,2038,32,59686,476,690196,3438,749882,3914,6,604,79,3725,397,48862,23,2713,652,"East TN",2455501,120.830738818677,0.0703810989408889,159.397206517122,19.6293953861147,151.70020293211,7.03810989408889
2020-10-01,53579,388,51502,349,2077,39,60065,379,693476,3280,753541,3659,11,615,0,3725,377,49239,31,2744,657,"East TN",2455501,117.776372316688,0.0743229887329512,149.01236041036,15.8012560369554,151.70020293211,7.43229887329512
2020-10-02,54044,465,51939,437,2105,28,60528,463,697097,3621,757625,4084,2,617,24,3749,439,49678,17,2761,661,"East TN",2455501,118.224346070313,0.0798192368371795,166.320437254963,18.9370723123306,152.677600212747,7.98192368371795
2020-10-03,54449,405,52327,388,2122,17,61011,483,704557,7460,765568,7943,12,629,83,3832,310,49988,22,2783,667,"East TN",2455501,111.993438406256,0.0828794002225737,323.477775003961,16.4935791107395,156.057765808281,8.28794002225737
2020-10-04,54904,455,52752,425,2152,30,61550,539,714680,10123,776230,10662,4,633,144,3976,307,50295,27,2810,680,"East TN",2455501,114.518381381233,0.0771715908498775,434.208741922728,18.5298234453987,161.9221494921,7.71715908498775
2020-10-05,55576,672,53365,613,2211,59,62302,752,721928,7248,784230,8000,5,638,152,4128,515,50810,42,2852,689,"East TN",2455501,132.355881752848,0.0784573870024736,325.799093545472,27.3671238578196,168.112332269464,7.84573870024736
2020-10-06,56326,750,54031,666,2295,84,63042,740,728568,6640,791610,7380,8,646,302,4430,440,51250,46,2898,698,"East TN",2455501,147.301915169247,0.0839577582051619,300.549663795698,30.543665019888,180.411248050805,8.39577582051619
2020-10-07,57063,737,54690,659,2373,78,63750,708,735321,6753,799071,7461,3,649,293,4723,441,51691,38,2936,704,"East TN",2455501,157.686761276008,0.0826200979893879,303.848379617846,30.0142414928766,192.343639851908,8.26200979893879
2020-10-08,57781,718,55347,657,2434,61,64428,678,741782,6461,806210,7139,10,659,266,4989,442,52133,32,2968,710,"East TN",2455501,171.125973884759,0.0828381021094002,290.734966102641,29.2404686457061,203.176459712295,8.28381021094002
2020-10-09,58322,541,55846,499,2476,42,64988,560,747261,5479,812249,6039,4,663,123,5112,414,52547,20,2988,717,"East TN",2455501,174.221065273441,0.0816490919742238,245.937590740138,22.0321637010125,208.185620775557,8.16490919742238
2020-10-10,58940,618,56434,588,2506,30,65657,669,755687,8426,821344,9095,12,675,252,5364,354,52901,20,3008,731,"East TN",2455501,182.895466139089,0.0832974756167527,370.392844474508,25.1679799763877,218.448292222239,8.32974756167527
2020-10-11,59883,943,57346,912,2537,31,66686,1029,766116,10429,832802,11458,1,676,586,5950,356,53257,37,3045,738,"East TN",2455501,202.769210845363,0.0907869617478611,466.625751730502,38.4035681516725,242.313075824445,9.07869617478611
2020-10-12,60239,356,57632,286,2607,70,67003,317,769037,2921,836040,3238,6,682,-337,5613,687,53944,19,3064,749,"East TN",2455501,189.900146650317,0.0907353792704111,131.86718311253,14.4980596627735,228.588789008842,9.07353792704111
2020-10-13,60744,505,58085,453,2659,52,67487,484,773422,4385,840909,4869,9,691,7,5620,489,54433,24,3088,756,"East TN",2455501,179.922549410487,0.0901641006916976,198.289473309113,20.5660677800579,228.873863215694,9.01641006916976
2020-10-14,61618,874,58897,812,2721,62,68335,848,779608,6186,847943,7034,1,692,329,5949,544,54977,44,3132,763,"East TN",2455501,185.501858887453,0.0938165002455394,286.458852999856,35.5935509698428,242.272350937752,9.38165002455394
2020-10-15,62127,509,59337,440,2790,69,68800,465,783762,4154,852562,4619,14,706,-67,5882,562,55539,19,3151,772,"East TN",2455501,176.990357568578,0.094321712115982,188.108251635817,20.7289673268307,239.543783529308,9.4321712115982
2020-10-16,62766,639,59933,596,2833,43,69384,584,787851,4089,857235,4673,2,708,-135,5747,772,56311,22,3173,784,"East TN",2455501,180.98139646451,0.0977192904459165,190.307395517249,26.0232025969446,234.045923825728,9.77192904459165
2020-10-17,63484,718,60614,681,2870,37,70243,859,796635,8784,866878,9643,6,714,236,5983,476,56787,37,3210,791,"East TN",2455501,185.053885133828,0.100715948521984,392.710082382373,29.2404686457061,243.65699708532,10.0715948521984
2020-10-18,64290,806,61374,760,2916,46,71115,872,804745,8110,875860,8982,3,717,349,6332,454,57241,39,3249,799,"East TN",2455501,179.474575656862,0.102861256909285,365.790932278179,32.8242586747063,257.869982541241,10.2861256909285
2020-10-19,65038,748,62059,685,2979,63,71874,759,809644,4899,881518,5658,3,720,-19,6313,764,58005,67,3316,810,"East TN",2455501,195.43873124059,0.10710673292581,230.421408910035,30.4622152465016,257.096209694071,10.710673292581
2020-10-20,65724,686,62668,609,3056,77,72565,691,813260,3616,885825,4307,15,735,35,6348,636,58641,32,3348,823,"East TN",2455501,202.809935732056,0.113055481342951,175.402086987543,27.9372722715242,258.521580728332,11.3055481342951
2020-10-21,66318,594,63221,553,3097,41,73182,617,817004,3744,890186,4361,5,740,-128,6220,717,59358,27,3375,837,"East TN",2455501,191.406967457965,0.114740903818384,177.601230868975,24.1905826957513,253.308795231604,11.4740903818384
2020-10-22,67448,1130,64257,1036,3191,94,74283,1101,825570,8566,899853,9667,10,750,440,6660,680,60038,43,3418,852,"East TN",2455501,216.697122094432,0.115941722526485,393.68747966301,46.0191219632979,271.227745376605,11.5941722526485
2020-10-23,68419,971,65161,904,3258,67,75253,970,832686,7116,907939,8086,19,769,290,6950,662,60700,39,3457,860,"East TN",2455501,230.217784476569,0.115750236667719,329.301433801086,39.5438649790817,283.037962517629,11.5750236667719
2020-10-24,69656,1237,66336,1175,3320,62,76580,1327,843213,10527,919793,11854,12,781,644,7594,581,61281,50,3507,877,"East TN",2455501,251.354000670332,0.119758102617405,482.752806861003,50.3766848394686,309.264789548039,11.9758102617405
2020-10-25,70586,930,67209,873,3377,57,77627,1047,851091,7878,928718,8925,9,790,438,8032,483,61764,43,3550,888,"East TN",2455501,256.403886620286,0.123198002194559,363.469613736667,37.8741446246611,327.102289919654,12.3198002194559
2020-10-26,71048,462,67615,406,3433,56,78061,434,853846,2755,931907,3189,6,796,-449,7583,905,62669,20,3570,902,"East TN",2455501,244.756569026036,0.12278473476354,129.871663664564,18.814897652251,308.816815794414,12.278473476354
2020-10-27,71890,842,68327,712,3563,130,78844,783,858231,4385,937075,5168,12,808,80,7663,750,63419,54,3624,926,"East TN",2455501,251.109651350173,0.122517073170732,210.466214430375,34.2903545956609,312.074806729869,12.2517073170732
2020-10-28,72887,997,69238,911,3649,86,79814,970,865449,7218,945263,8188,13,821,199,7862,785,64204,41,3665,940,"East TN",2455501,267.521780687526,0.120413239646313,333.455372243791,40.6027120331044,320.179059181813,12.0413239646313
2020-10-29,73795,908,70031,793,3764,115,80648,834,871952,6503,952600,7337,11,832,151,8013,746,64950,40,3705,952,"East TN",2455501,258.480855841639,0.120670369878856,298.798493667891,36.9781971174111,326.328517072483,12.0670369878856
2020-10-30,74695,900,70838,807,3857,93,81488,840,876810,4858,958298,5698,28,860,50,8063,822,65772,39,3744,968,"East TN",2455501,255.589388886423,0.123811036756091,232.050404377762,36.6523980238656,328.364761407143,12.3811036756091
2020-10-31,74709,14,70852,14,3857,0,81504,16,876831,21,958335,37,5,865,-603,7460,612,66384,0,3744,979,"East TN",2455501,205.782852460659,0.127756732914742,1.50682080764781,0.570148413704576,303.807654731153,12.7756732914742
2020-11-01,75216,507,71242,390,3974,117,81974,470,883399,6568,965373,7038,0,865,-137,7323,644,67028,27,3771,995,"East TN",2455501,188.556225389442,0.118592279361615,286.621752546629,20.6475175534443,298.228345254186,11.8592279361615
2020-11-02,76028,812,71986,744,4042,68,82751,777,887627,4228,970378,5005,11,876,-228,7095,1029,68057,38,3809,1009,"East TN",2455501,202.809935732056,0.121910010137506,203.828057899386,33.0686079948654,288.94307108814,12.1910010137506
2020-11-03,77068,1040,72946,960,4122,80,83827,1076,894491,6864,978318,7940,31,907,30,7125,979,69036,29,3838,1022,"East TN",2455501,210.873463297307,0.120820502873215,323.355600343881,42.3538821609114,290.164817688936,12.0820502873215
2020-11-04,77979,911,73758,812,4221,99,84674,847,899376,4885,984050,5732,6,913,-5,7120,910,69946,35,3873,1046,"East TN",2455501,207.371123041693,0.125299713821641,233.435050525331,37.1003717774906,289.96119325547,12.5299713821641
2020-11-05,78557,578,74242,484,4315,94,85175,501,902039,2663,987214,3164,17,930,-367,6753,928,70874,27,3900,1060,"East TN",2455501,193.931910432942,0.130785231409256,128.853541497234,23.5389845086603,275.015159839072,13.0785231409256
2020-11-06,79523,966,75090,848,4433,118,86102,927,908449,6410,994551,7337,10,940,43,6796,913,71787,37,3937,1084,"East TN",2455501,196.619752954692,0.127272225746835,298.798493667891,39.3402405456157,276.766329966878,12.7272225746835
2020-11-07,80850,1327,76331,1241,4519,86,87521,1419,919370,10921,1006891,12340,21,961,649,7445,657,72444,52,3989,1094,"East TN",2455501,250.091529182843,0.123918774198863,502.54510179389,54.0419246418552,303.196781430755,12.3918774198863
2020-11-08,82407,1557,77770,1439,4637,118,89188,1667,932271,12901,1021459,14568,3,964,889,8334,665,73109,52,4041,1111,"East TN",2455501,292.852660210686,0.128623899012231,593.280149346304,63.4086485812875,339.401205700995,12.8623899012231
2020-11-09,83027,620,78310,540,4717,80,89769,581,935723,3452,1025492,4033,9,973,-464,7870,1075,74184,19,4060,1122,"East TN",2455501,285.033481965595,0.127336067061001,164.243468033611,25.2494297497741,320.504858275358,12.7336067061001
2020-11-10,83966,939,79160,850,4806,89,90692,923,940725,5002,1031417,5925,27,1000,6,7876,906,75090,44,4104,1140,"East TN",2455501,280.920268409583,0.129286803894612,241.294953657115,38.2406686048998,320.749207595517,12.9286803894612
2020-11-11,85270,1304,80260,1100,5010,204,91861,1169,947272,6547,1039133,7716,26,1026,383,8259,895,75985,59,4163,1154,"East TN",2455501,296.925148880005,0.13047582738776,314.233225724608,53.1052522479119,336.346839199007,13.047582738776
2020-11-12,86107,837,80965,705,5142,132,92625,764,951488,4216,1044113,4980,15,1041,8,8267,814,76799,34,4197,1172,"East TN",2455501,307.472894533539,0.130933759820032,202.809935732056,34.086730162195,336.672638292552,13.0933759820032
2020-11-13,87567,1460,82254,1289,5313,171,93925,1300,957350,5862,1051275,7162,27,1068,527,8794,906,77705,47,4244,1188,"East TN",2455501,327.590988559972,0.13791340526056,291.671638496584,59.4583345720486,358.13465357986,13.791340526056
2020-11-14,89043,1476,83646,1392,5397,84,95460,1535,966247,8897,1061707,10432,7,1075,918,9712,551,78256,52,4296,1217,"East TN",2455501,333.658996677256,0.144829976649154,424.842017983295,60.1099327591396,395.520099564203,14.4829976649154
2020-11-15,90995,1952,85379,1733,5616,219,97421,1961,977421,11174,1074842,13135,7,1082,1339,11051,606,78862,56,4352,1234,"East TN",2455501,349.745326921064,0.15422512784969,534.921386714972,79.4949788250952,450.050722846376,15.422512784969
2020-11-16,92520,1525,86778,1399,5742,126,98958,1537,985043,7622,1084001,9159,10,1092,172,11223,1343,80205,41,4393,1253,"East TN",2455501,386.601349378396,0.157052761113675,372.999237222872,62.1054522071056,457.055403357604,15.7052761113675
2020-11-17,93732,1212,87897,1119,5835,93,100179,1221,990187,5144,1090366,6365,31,1123,89,11312,1092,81297,46,4439,1280,"East TN",2455501,397.719243445635,0.160935724100494,259.213903802116,49.358562672139,460.679918273297,16.0935724100494
2020-11-18,94930,1198,88853,956,6077,242,101213,1034,995328,5141,1096541,6175,14,1137,56,11368,1128,82425,53,4492,1295,"East TN",2455501,393.402405456157,0.162904124860647,251.476175330411,48.7884142584344,462.960511928116,16.2904124860647
2020-11-19,96009,1079,89732,879,6277,200,102071,858,999989,4661,1102060,5519,45,1182,-242,11126,1276,83701,52,4544,1315,"East TN",2455501,403.257828035908,0.163011027318067,224.760649659682,43.9421527419455,453.105089348365,16.3011027318067
2020-11-20,97135,1126,90695,963,6440,163,103094,1023,1004890,4901,1107984,5924,28,1210,-127,10999,1225,84926,36,4580,1341,"East TN",2455501,389.655715880384,0.161685094076778,241.254228770422,45.8562224165252,447.933028738331,16.1685094076778
2020-11-21,98353,1218,91759,1064,6594,154,104193,1099,1011297,6407,1115490,7506,3,1213,362,11361,853,85779,47,4627,1365,"East TN",2455501,379.148695113543,0.162374728073927,305.680999519039,49.6029119922981,462.675437721263,16.2374728073927
2020-11-22,99939,1586,93188,1429,6751,157,105859,1666,1020898,9601,1126757,11267,17,1230,803,12164,766,86545,57,4684,1392,"East TN",2455501,364.243386583838,0.162534912838293,458.847298372104,64.5896702953898,495.37752173589,16.2534912838293
2020-11-23,100830,891,93946,758,6884,133,106561,702,1024014,3116,1130575,3818,18,1248,-1159,11005,2032,88577,35,4719,1419,"East TN",2455501,338.423808420359,0.163245587666939,155.487617394577,36.2858740436269,448.17737805849,16.3245587666939
2020-11-24,101741,911,94679,733,7062,178,107266,705,1027041,3027,1134307,3732,13,1261,-736,10269,1634,90211,57,4776,1447,"East TN",2455501,326.165617525711,0.161284449602877,151.985277138963,37.1003717774906,418.203861452307,16.1284449602877
2020-11-25,102649,908,95366,687,7283,221,107811,545,1029349,2308,1137160,2853,38,1299,-493,9776,1363,91574,56,4832,1472,"East TN",2455501,314.355400384687,0.162436298284054,116.188101735654,36.9781971174111,398.126492312567,16.2436298284054
2020-11-26,104115,1466,96753,1387,7362,79,109482,1671,1037716,8367,1147198,10038,18,1317,-441,9335,1889,93463,25,4857,1491,"East TN",2455501,330.115931534949,0.164185387035314,408.796412626181,59.7026838922077,380.166817280873,16.4185387035314
2020-11-27,105819,1704,98320,1567,7499,137,111232,1750,1045256,7540,1156488,9290,5,1322,161,9496,1538,95001,50,4907,1519,"East TN",2455501,353.65491604361,0.167779976909121,378.334197379679,69.3952069251855,386.723524038475,16.7779976909121
2020-11-28,107445,1626,99702,1382,7743,244,112726,1494,1052789,7533,1165515,9027,2,1324,569,10065,1055,96056,45,4952,1547,"East TN",2455501,370.270669814429,0.170574712643678,367.623552179372,66.2186657631172,409.895984566897,17.0574712643678
2020-11-29,109733,2288,101823,2121,7910,167,115052,2326,1063487,10698,1178539,13024,4,1328,1279,11344,1005,97061,51,5003,1572,"East TN",2455501,398.859540273044,0.177532733382256,530.400924292028,93.178540754005,461.983114647479,17.7532733382256
2020-11-30,111971,2238,103832,2009,8139,229,117273,2221,1072938,9451,1190211,11672,15,1343,-109,11235,2332,99393,53,5056,1603,"East TN",2455501,453.715962648763,0.179623046481991,475.340877482844,91.1422964193458,457.544101997922,17.9623046481991
2020-12-01,114234,2263,105840,2008,8394,255,119411,2138,1081775,8837,1201186,10975,20,1363,423,11658,1820,101213,63,5119,1631,"East TN",2455501,508.776009457948,0.18159661478192,446.955631457694,92.1604185866754,474.770729069139,18.159661478192
2020-12-02,115291,1057,106753,913,8538,144,120287,876,1084685,2910,1204972,3786,15,1378,-688,10970,1730,102943,42,5161,1664,"East TN",2455501,514.844017575232,0.183979236713266,154.184421020395,43.0462052346955,446.752007024228,18.3979236713266
2020-12-03,117100,1809,108323,1570,8777,239,122009,1722,1090675,5990,1212684,7712,33,1411,318,11288,1458,104401,45,5206,1685,"East TN",2455501,528.812653710994,0.191292795406652,314.070326177835,73.6713200279699,459.702520992661,19.1292795406652
2020-12-04,118827,1727,109710,1387,9117,340,123466,1457,1096197,5522,1219663,6979,37,1448,-301,10987,1991,106392,36,5242,1720,"East TN",2455501,529.749326104937,0.193652552433716,284.218984231731,70.3318793191288,447.444330098013,19.3652552433716
2020-12-05,119960,1133,110619,909,9341,224,124395,929,1099259,3062,1223654,3991,5,1453,123,11110,1005,107397,24,5266,1746,"East TN",2455501,509.671956965198,0.200708646519548,162.533022792497,46.1412966233775,452.453491161274,20.0708646519548
2020-12-06,121428,1468,111881,1262,9547,206,125636,1241,1103750,4491,1229386,5732,20,1473,484,11594,964,108361,40,5306,1782,"East TN",2455501,476.277549876787,0.20815387338486,233.435050525331,59.7841336655941,472.164336320775,20.815387338486
2020-12-07,124151,2723,114286,2405,9865,318,128207,2571,1113298,9548,1241505,12119,31,1504,-212,11382,2904,111265,51,5357,1804,"East TN",2455501,496.029119922981,0.213163332943424,493.544901834697,110.89386646554,463.53066034182,21.3163332943424
2020-12-08,126916,2765,116649,2363,10267,402,130738,2531,1121659,8361,1252397,10892,45,1549,719,12101,2001,113266,70,5427,1828,"East TN",2455501,516.473013042959,0.221182948975806,443.57546586216,112.604311706654,492.81185387422,22.1182948975806
2020-12-09,129562,2646,119034,2385,10528,261,133316,2578,1128757,7098,1262073,9676,21,1570,576,12677,2049,115315,56,5483,1851,"East TN",2455501,581.184857998429,0.228174637922278,394.054003643248,107.758050190165,516.269388609494,22.8174637922278
2020-12-10,132636,3074,121715,2681,10921,393,136264,2948,1140227,11470,1276491,14418,30,1600,2513,15190,531,115846,74,5557,1888,"East TN",2455501,632.701839665307,0.223408090021471,587.171416342327,125.188301694848,618.611028869465,22.3408090021471
2020-12-11,134622,1986,123465,1750,11157,236,138056,1792,1147402,7175,1285458,8967,35,1635,440,15630,1511,117357,50,5607,1913,"East TN",2455501,643.249585318841,0.221749373052664,365.180058977781,80.8796249726634,636.529979014466,22.1749373052664
2020-12-12,137883,3261,126192,2727,11691,534,141030,2974,1158635,11233,1299665,14207,21,1656,1879,17509,1361,118718,73,5680,1938,"East TN",2455501,729.912144201937,0.218849903303469,578.578465250065,132.803855506473,713.052041110959,21.8849903303469
2020-12-13,142175,4292,130053,3861,12122,431,145396,4366,1175920,17285,1321316,21651,15,1671,2959,20468,1318,120036,62,5742,1972,"East TN",2455501,844.919224223488,0.214946154682911,881.734521794127,174.791213687146,833.55698083609,21.4946154682911
2020-12-14,145034,2859,132510,2457,12524,402,148069,2673,1185199,9279,1333268,11952,37,1708,-1085,19383,3907,123943,71,5813,2006,"East TN",2455501,850.457808813761,0.21644889552434,486.743845756935,116.432451055813,789.370478773985,21.644889552434
2020-12-15,149162,4128,136052,3542,13110,586,151933,3864,1200220,15021,1352153,18885,34,1742,1613,20996,2481,126424,94,5907,2037,"East TN",2455501,905.965829376571,0.212468422952003,769.08948520078,168.112332269464,855.059721010091,21.2468422952003
2020-12-16,152380,3218,138308,2256,14072,962,154319,2386,1208115,7895,1362434,10281,19,1761,663,21659,2536,128960,60,5967,2079,"East TN",2455501,929.260464565072,0.209274518986459,418.692560092625,131.052685378666,882.060320887672,20.9274518986459
2020-12-17,156448,4068,141680,3372,14768,696,157928,3609,1218815,10700,1376743,14309,58,1819,1449,23108,2561,131521,75,6042,2118,"East TN",2455501,969.741001938097,0.216095439492479,582.73240369277,165.668839067872,941.070681706096,21.6095439492479
2020-12-18,159655,3207,144416,2736,15239,471,160807,2879,1227505,8690,1388312,11569,43,1862,849,23957,2315,133836,62,6104,2148,"East TN",2455501,1019.46608859048,0.221197036576118,471.146214153446,130.604711625041,975.646110508609,22.1197036576118
2020-12-19,162295,2640,146658,2242,15637,398,163275,2468,1235870,8365,1399145,10833,27,1889,1271,25228,1342,135178,41,6145,2185,"East TN",2455501,994.175933954008,0.223612786489747,441.172697547262,107.513700870006,1027.40744149565,22.3612786489747
2020-12-20,165926,3631,149624,2966,16302,665,166593,3318,1249815,13945,1416408,17263,16,1905,2279,27507,1336,136514,55,6200,2219,"East TN",2455501,967.256783849813,0.22291044462205,703.033718984435,147.872063582951,1120.21945826941,22.291044462205
2020-12-21,168240,2314,151366,1742,16874,572,168496,1903,1256731,6916,1425227,8819,14,1919,-1323,26184,3623,140137,35,6235,2254,"East TN",2455501,945.061720602028,0.222131602127035,359.15277574719,94.2373878080278,1066.34043317433,22.2131602127035
2020-12-22,170895,2655,153068,1702,17827,953,170297,1801,1261785,5054,1432082,6855,62,1981,-293,25891,2886,143023,60,6295,2299,"East TN",2455501,885.073962502968,0.2297539065921,279.169098281776,108.124574170404,1054.40804137323,22.97539065921
2020-12-23,173113,2218,154514,1446,18599,772,171839,1542,1267563,5778,1439402,7320,41,2022,-558,25333,2735,145758,35,6330,2340,"East TN",2455501,844.349075809784,0.227627065793577,298.106170594107,90.3277986854821,1031.68355459843,22.7627065793577
2020-12-24,175204,2091,155971,1457,19233,634,173437,1598,1273854,6291,1447291,7889,15,2037,-585,24748,2661,148419,30,6360,2380,"East TN",2455501,763.835974817359,0.219836139933095,321.278631122529,85.1557380754477,1007.85949588292,21.9836139933095
2020-12-25,177571,2367,157951,1980,19620,387,175603,2166,1282402,8548,1458005,10714,3,2040,-291,24457,2655,151074,27,6387,2416,"East TN",2455501,729.627069995085,0.212302526796091,436.326436030773,96.3958068027665,996.008553855201,21.2302526796091
2020-12-26,179511,1940,159419,1468,20092,472,177216,1613,1288056,5654,1465272,7267,2,2042,418,24875,1520,152594,43,6430,2454,"East TN",2455501,701.119649309856,0.210821600858953,295.947751599368,79.006280184777,1013.03155649295,21.0821600858953
2020-12-27,180807,1296,160329,910,20478,386,178206,990,1290849,2793,1469055,3783,27,2069,-189,24686,1458,154052,41,6471,2485,"East TN",2455501,606.027038881271,0.220582369365776,154.062246360315,52.7794531543665,1005.33455290794,22.0582369365776
2020-12-28,182203,1396,161307,978,20896,418,179225,1019,1292669,1820,1471894,2839,25,2094,-2416,22270,3787,157839,42,6513,2522,"East TN",2455501,568.641592896928,0.229905500674995,115.617953321949,56.8519418236849,906.943226657208,22.9905500674995
2020-12-29,185109,2906,163034,1727,22075,1179,181005,1780,1296758,4089,1477763,5869,50,2144,-111,22159,2967,160806,64,6577,2564,"East TN",2455501,578.863539456917,0.234408178454937,239.014360002297,118.346520730393,902.422764234264,23.4408178454938
2020-12-30,187437,2328,164650,1616,22787,712,182686,1681,1301238,4480,1483924,6161,40,2184,-533,21626,2821,163627,44,6621,2602,"East TN",2455501,583.343276993168,0.243632361529132,250.906026916707,94.8075362217323,880.716399626797,24.3632361529132
2020-12-31,190881,3444,167329,2679,23552,765,185581,2895,1308359,7121,1493940,10016,52,2236,594,22220,2798,166425,30,6651,2645,"East TN",2455501,638.444048689046,0.260327123839739,407.900465118931,140.256509771326,904.906982322548,26.0327123839739
2021-01-01,193121,2240,169045,1716,24076,524,187437,1856,1314561,6202,1501998,8058,24,2260,-444,21776,2660,169085,29,6680,2684,"East TN",2455501,633.271988079011,0.268997340485986,328.161136973677,91.2237461927322,886.825132630775,26.8997340485986
2021-01-02,195844,2723,171154,2109,24690,614,189688,2251,1321122,6561,1510810,8812,4,2264,1166,22942,1553,170638,63,6743,2720,"East TN",2455501,665.159574359774,0.273881154200887,358.867701540337,110.89386646554,934.310350515027,27.3881154200887
2021-01-03,197158,1314,172058,904,25100,410,190625,937,1324493,3371,1515118,4308,15,2279,-187,22755,1486,172124,26,6769,2763,"East TN",2455501,665.892622320252,0.269609013742049,175.442811874237,53.5125011148438,926.694796703402,26.9609013742049
2021-01-04,198714,1556,173182,1124,25532,432,191805,1180,1326858,2365,1518663,3545,46,2325,-1567,21188,3077,175201,34,6803,2811,"East TN",2455501,672.408604191161,0.268981590369689,144.369723327337,63.3679236945943,862.878899255183,26.8981590369689
2021-01-05,201617,2903,174921,1739,26696,1164,193634,1829,1332130,5272,1525764,7101,43,2368,-426,20762,3286,178487,60,6863,2855,"East TN",2455501,672.286429531081,0.263098685444053,289.1874204083,118.224346070313,845.530097523886,26.3098685444053
2021-01-06,204163,2546,176715,1794,27448,752,195537,1903,1337714,5584,1533251,7487,52,2420,61,20823,2433,180920,62,6925,2898,"East TN",2455501,681.164454830195,0.260526689237132,304.907226671869,103.685561520846,848.01431561217,26.0526689237132
2021-01-07,206675,2512,178854,2139,27821,373,197859,2322,1344823,7109,1542682,9431,33,2453,974,21797,1505,182425,44,6969,2930,"East TN",2455501,643.208860432148,0.251897747322638,384.076406403418,102.300915373278,887.680355251332,25.1897747322638
2021-01-08,209025,2350,180714,1860,28311,490,199850,1991,1352169,7346,1552019,9337,50,2503,1668,23465,632,183057,47,7016,2984,"East TN",2455501,647.688597968398,0.248155774574679,380.248267054259,95.7034837289824,955.609466255562,24.8155774574679
2021-01-09,211601,2576,182717,2003,28884,573,202029,2179,1360360,8191,1562389,10370,27,2530,754,24219,1795,184852,32,7048,3012,"East TN",2455501,641.7020396245,0.239264041567305,422.317075008318,104.907308121642,986.316030822223,23.9264041567305
2021-01-10,213269,1668,183851,1134,29418,534,203281,1252,1366166,5806,1569447,7058,36,2566,-12,24207,1644,186496,41,7089,3052,"East TN",2455501,656.118649513887,0.232951094259051,287.436250280493,67.9291110042309,985.827332181905,23.2951094259051
2021-01-11,214694,1425,184865,1014,29829,411,204379,1098,1369439,3273,1573818,4371,28,2594,-2169,22038,3566,190062,40,7129,3092,"East TN",2455501,650.78368935708,0.227975704831838,178.008479735907,58.0329635377872,897.495052944389,22.7975704831838
2021-01-12,216514,1820,186002,1137,30512,683,205574,1195,1373643,4204,1579217,5399,60,2654,-2139,19899,3899,193961,39,7168,3130,"East TN",2455501,606.678637068362,0.223373805024975,219.8736632565,74.1192937815949,810.384520307668,22.3373805024975
2021-01-13,218043,1529,187080,1078,30963,451,206710,1136,1378381,4738,1585091,5874,49,2703,-1336,18563,2816,196777,32,7200,3155,"East TN",2455501,565.261427301394,0.215528549382716,239.217984435763,62.2683517538783,755.976071685575,21.5528549382716
2021-01-14,220294,2251,188861,1781,31433,470,208676,1966,1386906,8525,1595582,10491,38,2741,-198,18365,2411,199188,49,7249,3196,"East TN",2455501,554.632231874473,0.204480151228733,427.244786298193,91.6717199463572,747.912544120324,20.4480151228733
2021-01-15,221259,965,189532,671,31727,294,209370,694,1389964,3058,1599334,3752,23,2764,-376,17989,1318,200506,29,7278,3236,"East TN",2455501,498.228263804413,0.201204691958153,152.799774872826,39.2995156589226,732.599986723687,20.1204691958153
2021-01-16,223693,2434,191283,1751,32410,683,211373,2003,1400855,10891,1612228,12894,13,2777,360,18349,2061,202567,54,7332,3277,"East TN",2455501,492.445329893981,0.187483697505969,525.106689021914,99.1243742112099,747.260945933233,18.7483697505969
2021-01-17,224549,856,191889,606,32660,250,212045,672,1404474,3619,1616519,4291,13,2790,-830,17519,1673,204240,24,7356,3310,"East TN",2455501,459.376721899116,0.186182868796737,174.750488800453,34.8605030093655,713.45928997789,18.6182868796737
2021-01-18,225111,562,192208,319,32903,243,212399,354,1406558,2084,1618957,2438,13,2803,-2442,15077,2991,207231,21,7377,3341,"East TN",2455501,424.231144682898,0.177673408803917,99.2872737579826,22.8873863215694,614.009116673135,17.7673408803917
2021-01-19,226790,1679,193179,971,33611,708,213464,1065,1410766,4208,1624230,5273,21,2824,-1166,13911,2824,210055,52,7429,3380,"East TN",2455501,418.488935659159,0.175282696110013,214.742327533159,68.3770847578559,566.523898788883,17.5282696110013
2021-01-20,227774,984,193837,658,33937,326,214161,697,1414762,3996,1628923,4693,32,2856,-1009,12902,1961,212016,29,7458,3420,"East TN",2455501,396.293872411373,0.169989961671838,191.121893251113,40.073288506093,525.43248811546,16.9989961671838
2021-01-21,229340,1566,194979,1142,34361,424,215442,1281,1421695,6933,1637137,8214,65,2921,-759,12143,2260,214276,37,7495,3466,"East TN",2455501,368.397325026542,0.162820358560943,334.514219297813,63.7751725615261,494.522299115333,16.2820358560943
2021-01-22,230327,987,195686,707,34641,280,216259,817,1427140,5445,1643399,6262,32,2953,-729,11414,1684,215960,30,7525,3497,"East TN",2455501,369.293272533793,0.156337229093385,255.019240472718,40.1954631661726,464.833856716002,15.6337229093385
2021-01-23,231760,1433,196656,970,35104,463,217360,1101,1435422,8282,1652782,9383,19,2972,208,11622,1206,217166,41,7566,3522,"East TN",2455501,328.527660953915,0.147630320067071,382.121611842145,58.3587626313327,473.304633148184,14.7630320067071
2021-01-24,232385,625,197147,491,35238,134,217903,543,1438798,3376,1656701,3919,19,2991,-597,11025,1203,218369,20,7586,3550,"East TN",2455501,319.12021212779,0.145786670648549,159.600830950588,25.45305418324,448.991875792354,14.5786670648549
2021-01-25,233125,740,197658,511,35467,229,218452,549,1440555,1757,1659007,2306,44,3035,-1146,9879,1842,220211,20,7606,3581,"East TN",2455501,326.369241959177,0.151136079900125,93.9115887144823,30.1364161529562,402.321155641965,15.1136079900125
2021-01-26,234157,1032,198386,728,35771,304,219236,784,1445021,4466,1664257,5250,63,3098,-916,8963,1885,222096,25,7631,3603,"East TN",2455501,300.020240268687,0.144202663202338,213.805655139216,42.0280830673659,365.017159431008,14.4202663202338
2021-01-27,235110,953,199090,704,36020,249,219991,755,1449544,4523,1669535,5278,55,3153,-386,8577,1284,223380,27,7658,3626,"East TN",2455501,298.757768781198,0.143553629469122,214.945951966625,38.8108170186043,349.297353167439,14.3553629469122
2021-01-28,236438,1328,199804,714,36634,614,220787,796,1453975,4431,1674762,5227,46,3199,-174,8403,1456,224836,28,7686,3653,"East TN",2455501,289.06524574822,0.142059800664452,212.868982745273,54.0826495285484,342.211222882825,14.2059800664452
2021-01-29,237032,594,200155,351,36877,243,221184,397,1456642,2667,1677826,3064,17,3216,-683,7720,1260,226096,17,7703,3673,"East TN",2455501,273.060365277799,0.143056322072792,124.781052827916,24.1905826957513,314.39612527138,14.3056322072792
2021-01-30,238186,1154,201121,966,37065,188,222281,1097,1465693,9051,1687974,10148,44,3260,237,7957,873,226969,28,7731,3692,"East TN",2455501,261.6981218904,0.139832916571948,413.276150162431,46.9965192439343,324.047923417665,13.9832916571948
2021-01-31,238867,681,201563,442,37304,239,222772,491,1469620,3927,1692392,4418,29,3289,-82,7875,734,227703,30,7761,3713,"East TN",2455501,263.978715545219,0.13642094645709,179.922549410487,27.7336478380583,320.708482708824,13.642094645709
2021-02-01,239560,693,201970,407,37590,286,223213,441,1471316,1696,1694529,2137,39,3328,-543,7332,1197,228900,11,7772,3740,"East TN",2455501,262.064645870639,0.134029615449581,87.0290828633342,28.2223464783765,298.594869234425,13.4029615449581
2021-02-02,240098,538,202319,349,37779,189,223576,363,1472375,1059,1695951,1422,57,3385,-835,6497,1316,230216,12,7784,3755,"East TN",2455501,241.946551844206,0.13693443553985,57.9107888777077,21.909989040933,264.589588845616,13.693443553985
2021-02-03,241210,1112,203078,759,38132,353,224404,828,1478379,6004,1702783,6832,46,3431,40,6537,1026,231242,39,7823,3767,"East TN",2455501,248.421808828422,0.13272978825794,278.232425887833,45.2860740028206,266.218584313344,13.272978825794
2021-02-04,242304,1094,203857,779,38447,315,225270,866,1486093,7714,1711363,8580,58,3489,-1,6536,1037,232279,36,7859,3786,"East TN",2455501,238.892185342217,0.122482992267971,349.419527827519,44.5530260423433,266.177859426651,12.2482992267971
2021-02-05,243121,817,204416,559,38705,258,225876,606,1489899,3806,1715775,4412,67,3556,-149,6387,899,233178,28,7887,3800,"East TN",2455501,247.973835074797,0.123639621597407,179.678200090328,33.2722324283313,260.109851309366,12.3639621597407
2021-02-06,244354,1233,205238,822,39116,411,226837,961,1498554,8655,1725391,9616,27,3583,502,6889,704,233882,22,7909,3830,"East TN",2455501,251.191101123559,0.121762835074966,391.610510441657,50.2137852926959,280.553744429345,12.1762835074966
2021-02-07,244871,517,205591,353,39280,164,227243,406,1501638,3084,1728881,3490,2,3585,-118,6771,633,234515,9,7918,3845,"East TN",2455501,244.512219705877,0.12253007755762,142.129854559212,21.0547664203761,275.748207799549,12.253007755762
2021-02-08,245383,512,205890,299,39493,213,227563,320,1503001,1363,1730564,1683,32,3617,-628,6143,1108,235623,9,7927,3861,"East TN",2455501,237.14101521441,0.120715970584154,68.5399843046287,20.8511419869102,250.172978956229,12.0715970584154
2021-02-09,246411,1028,206522,632,39889,396,228231,668,1507234,4233,1735465,4901,16,3633,-57,6086,1069,236692,38,7965,3872,"East TN",2455501,257.096209694071,0.117806347117477,199.592669683295,41.8651835205931,247.851660414718,11.7806347117477
2021-02-10,247260,849,207105,583,40155,266,228868,637,1513221,5987,1742089,6624,39,3672,-26,6060,836,237528,30,7995,3885,"East TN",2455501,246.385564493763,0.11357044725996,269.761649455651,34.5754288025132,246.792813360695,11.357044725996
2021-02-11,248128,868,207688,583,40440,285,229519,651,1518795,5574,1748314,6225,37,3709,-98,5962,929,238457,31,8026,3903,"East TN",2455501,237.181740101104,0.11499012205353,253.51241966507,35.3492016496837,242.801774464763,11.499012205353
2021-02-12,248960,832,208281,593,40679,239,230168,649,1524307,5512,1754475,6161,34,3743,60,6022,738,239195,11,8037,3912,"East TN",2455501,237.792613401501,0.110904392764858,250.906026916707,33.8831057287291,245.245267666354,11.0904392764858
2021-02-13,249554,594,208654,373,40900,221,230602,434,1528734,4427,1759336,4861,12,3755,-25,5997,607,239802,17,8054,3924,"East TN",2455501,211.769410804557,0.110914714980115,197.963674215567,24.1905826957513,244.227145499024,11.0914714980115
2021-02-14,250095,541,209069,415,41026,126,231055,453,1531702,2968,1762757,3421,15,3770,-49,5948,575,240377,14,8068,3937,"East TN",2455501,212.746808085193,0.112528043452592,139.319837377382,22.0321637010125,242.231626051058,11.2528043452592
2021-02-15,250473,378,209278,209,41195,169,231283,228,1533026,1324,1764309,1552,5,3775,-575,5373,948,241325,10,8078,3948,"East TN",2455501,207.289673268307,0.110238553859831,63.2050241478216,15.3940071700236,218.814816202478,11.0238553859831
2021-02-16,251239,766,209706,428,41533,338,231755,472,1536435,3409,1768190,3881,8,3783,-39,5334,797,242122,25,8103,3958,"East TN",2455501,196.619752954692,0.10768525592055,158.053285256247,31.1952632069789,217.226545621443,10.768525592055
2021-02-17,251860,621,210125,419,41735,202,232206,451,1539689,3254,1771895,3705,11,3794,-90,5244,700,242822,11,8114,3975,"East TN",2455501,187.334478788646,0.111990874320607,150.885705198247,25.2901546364673,213.561305819057,11.1990874320607
2021-02-18,252655,795,210677,552,41978,243,232812,606,1545408,5719,1778220,6325,42,3836,24,5268,729,243551,21,8135,3991,"East TN",2455501,184.361562060044,0.110111683274259,257.584908334389,32.3762849210813,214.538703099693,11.0111683274259
2021-02-19,253134,479,210981,304,42153,175,233157,345,1548116,2708,1781273,3053,5,3841,-222,5046,696,244247,11,8146,4000,"East TN",2455501,169.98567705735,0.111538174490634,124.333079074291,19.5072207260351,205.497778253806,11.1538174490634
2021-02-20,253756,622,211428,447,42328,175,233662,505,1553343,5227,1787005,5732,18,3859,75,5121,529,244776,18,8164,4010,"East TN",2455501,171.125973884759,0.110593082511114,233.435050525331,25.3308795231604,208.552144755795,11.0593082511114
2021-02-21,254104,348,211655,227,42449,121,233925,263,1555477,2134,1789402,2397,7,3866,-83,5038,424,245200,12,8176,4028,"East TN",2455501,163.266070752975,0.107712516419591,97.617553403562,14.172260569228,205.171979160261,10.7712516419591
2021-02-22,254462,358,211851,196,42611,162,234153,228,1556859,1382,1791012,1610,7,3873,-480,4558,831,246031,22,8198,4044,"East TN",2455501,162.451573019111,0.107478560461371,65.5670675760262,14.5795094361599,185.624033547533,10.7478560461371
2021-02-23,255105,643,212200,349,42905,294,234521,368,1559805,2946,1794326,3314,26,3899,-143,4415,760,246791,27,8225,4050,"East TN",2455501,157.442411955849,0.105831037649219,134.962274501212,26.1861021437173,179.800374750407,10.5831037649219
2021-02-24,255846,741,212749,549,43097,192,235131,610,1566007,6202,1801138,6812,19,3918,55,4470,667,247458,23,8248,4057,"East TN",2455501,162.329398359031,0.100023937352529,277.417928153969,30.1771410396493,182.040243518532,10.0023937352529
2021-02-25,256481,635,213194,445,43287,190,235626,495,1570775,4768,1806401,5263,21,3939,-95,4375,709,248167,16,8264,4066,"East TN",2455501,155.813416488122,0.0998545119051843,214.335078666227,25.8603030501718,178.17137928268,9.98545119051843
2021-02-26,256943,462,213518,324,43425,138,235994,368,1573898,3123,1809892,3491,14,3953,-183,4192,631,248798,11,8275,4071,"East TN",2455501,155.121093414338,0.0991299486355219,142.170579445905,18.814897652251,170.718725017827,9.91299486355219
2021-02-27,257382,439,213743,225,43639,214,236268,274,1577993,4095,1814261,4369,7,3960,10,4202,422,249220,16,8291,4079,"East TN",2455501,147.668439149485,0.0956119753448782,177.927029962521,17.8782252583078,171.125973884759,9.56119753448782
2021-02-28,257748,366,214017,274,43731,92,236581,313,1580553,2560,1817134,2873,5,3965,-54,4148,415,249635,11,8302,4088,"East TN",2455501,148.401487109962,0.0957738352805423,117.002599469518,14.9053085297053,168.926830003327,9.57738352805423
2021-03-01,257991,243,214165,148,43826,95,236737,156,1581332,779,1818069,935,4,3969,-411,3737,650,250285,11,8313,4097,"East TN",2455501,143.718125140246,0.0955020881842037,38.077769058127,9.89614746644371,152.188901572429,9.55020881842037
2021-03-02,258611,620,214555,390,44056,230,237184,447,1584788,3456,1821972,3903,7,3976,5,3742,608,250893,24,8337,4107,"East TN",2455501,142.781452746303,0.0963249656369818,158.949232763497,25.2494297497741,152.392526005895,9.63249656369818
2021-03-03,259094,483,214858,303,44236,180,237539,355,1588961,4173,1826500,4528,7,3983,-145,3597,621,251514,17,8354,4110,"East TN",2455501,132.274431979462,0.0949451935967195,184.402286946737,19.6701202728079,146.487417435383,9.49451935967195
2021-03-04,259702,608,215272,414,44430,194,238011,472,1593783,4822,1831794,5294,18,4001,47,3644,543,252057,20,8374,4115,"East TN",2455501,131.174860038746,0.093923522230536,215.597550153716,24.7607311094559,148.401487109962,9.3923522230536
2021-03-05,260173,471,215583,311,44590,160,238365,354,1597465,3682,1835830,4036,15,4016,-63,3581,519,252576,16,8390,4120,"East TN",2455501,131.541384018984,0.0914102860667746,164.365642693691,19.1814216324897,145.835819248292,9.14102860667746
2021-03-06,260636,463,215906,323,44730,140,238737,372,1601741,4276,1840478,4648,1,4017,50,3631,412,252988,10,8400,4126,"East TN",2455501,132.518781299621,0.0941755349582332,189.289273349919,18.8556225389442,147.872063582951,9.41755349582332
2021-03-07,260891,255,216070,164,44821,91,238921,184,1603471,1730,1842392,1914,1,4018,-110,3521,364,253352,4,8404,4130,"East TN",2455501,127.998318876677,0.0926439147992715,77.9474331307542,10.3848461067619,143.392326046701,9.26439147992715
2021-03-08,261347,456,216362,292,44985,164,239233,312,1605052,1581,1844285,1893,3,4021,-127,3394,580,253932,9,8413,4138,"East TN",2455501,136.672719742325,0.0952090326518157,77.0922105101973,18.5705483320919,138.220265436666,9.52090326518157
2021-03-09,261886,539,216644,282,45242,257,239552,319,1607628,2576,1847180,2895,6,4027,26,3420,507,254439,21,8434,4150,"East TN",2455501,133.374003920178,0.0939384322437321,117.898546976768,21.9507139276262,139.279112490689,9.39384322437322
2021-03-10,262535,649,217107,463,45428,186,240059,507,1613100,5472,1853159,5979,7,4034,173,3593,469,254908,29,8463,4159,"East TN",2455501,140.134335111246,0.0945271765632619,243.494097538547,26.4304514638764,146.32451788861,9.45271765632619
2021-03-11,263069,534,217447,340,45622,194,240424,365,1616439,3339,1856863,3704,5,4039,88,3681,441,255349,9,8472,4167,"East TN",2455501,137.120693495951,0.0962543380270454,150.844980311554,21.7470894941603,149.90830791761,9.62543380270454
2021-03-12,263532,463,217815,368,45717,95,240840,416,1619786,3347,1860626,3763,5,4044,6,3687,452,255801,12,8484,4175,"East TN",2455501,136.794894402405,0.0998144862074528,153.247748626451,18.8556225389442,150.152657237769,9.98144862074528
2021-03-13,263979,447,218031,216,45948,231,241120,280,1623426,3640,1864546,3920,2,4046,43,3730,402,256203,20,8504,4181,"East TN",2455501,136.143296215314,0.099011135117168,159.641555837281,18.2040243518532,151.903827365576,9.9011135117168
2021-03-14,264241,262,218207,176,46034,86,241331,211,1625268,1842,1866599,2053,0,4046,-50,3680,312,256515,10,8514,4186,"East TN",2455501,136.428370422166,0.0995579790969554,83.6081923811067,10.6699203136142,149.867583030917,9.95579790969554
2021-03-15,264597,356,218392,185,46205,171,241548,217,1626464,1196,1868012,1413,4,4050,-167,3513,519,257034,15,8529,4190,"East TN",2455501,132.355881752848,0.0975681712816622,57.544264897469,14.4980596627735,143.066526953155,9.75681712816622
2021-03-16,265296,699,218843,451,46453,248,242044,496,1629731,3267,1871775,3763,4,4054,191,3704,504,257538,36,8565,4191,"East TN",2455501,138.871863623757,0.101321406789998,153.247748626451,28.4666957985356,150.844980311554,10.1321406789998
2021-03-17,265721,425,219175,332,46546,93,242408,364,1633455,3724,1875863,4088,1,4055,-31,3673,455,257993,16,8581,4200,"East TN",2455501,129.749489004484,0.103461945031712,166.483336801736,17.3080768446032,149.582508824065,10.3461945031712
2021-03-18,266271,550,219524,349,46747,201,242793,385,1636746,3291,1879539,3676,6,4061,99,3772,445,258438,31,8612,4207,"East TN",2455501,130.401087191575,0.104471688128418,149.704683484144,22.3986876812512,153.61427260669,10.4471688128418
2021-03-19,267063,792,220054,530,47009,262,243356,563,1641791,5045,1885147,5608,15,4076,337,4109,440,258878,25,8637,4213,"East TN",2455501,143.799574913633,0.102605929611354,228.385164575376,32.2541102610017,167.338559422293,10.2605929611354
2021-03-20,267336,273,220220,166,47116,107,243550,194,1643912,2121,1887462,2315,1,4077,-42,4067,314,259192,15,8652,4215,"East TN",2455501,136.713444629019,0.106039448420318,94.278112694721,11.1178940672392,165.628114181179,10.6039448420318
2021-03-21,267617,281,220416,196,47201,85,243775,225,1645712,1800,1889487,2025,-7,4070,-31,4036,319,259511,8,8660,4222,"East TN",2455501,137.487217476189,0.106780845858092,82.4678955536976,11.4436931607847,164.365642693691,10.6780845858092
2021-03-22,268142,525,220755,339,47387,186,244131,356,1647801,2089,1891932,2445,14,4084,-15,4021,526,260037,19,8679,4229,"East TN",2455501,144.369723327337,0.107984949832776,99.5723479648349,21.3805655139216,163.754769393293,10.7984949832776
2021-03-23,268579,437,221003,248,47576,189,244398,267,1650256,2455,1894654,2722,11,4095,-78,3943,504,260541,17,8696,4234,"East TN",2455501,133.699803013723,0.102889112286376,110.853141578847,17.7967754849214,160.578228231225,10.2889112286376
2021-03-24,269176,597,221460,457,47716,140,244891,493,1654955,4699,1899846,5192,4,4099,84,4027,509,261050,26,8722,4240,"East TN",2455501,140.704483524951,0.103531668265021,211.443611711011,24.3127573558308,163.999118713452,10.3531668265021
2021-03-25,269576,400,221767,307,47809,93,245224,333,1657923,2968,1903147,3301,8,4107,-65,3962,457,261507,23,8745,4244,"East TN",2455501,134.595750520973,0.102973568281938,134.4328509742,16.2899546772736,161.352001078395,10.2973568281938
2021-03-26,269986,410,222089,322,47897,88,245570,346,1660555,2632,1906125,2978,7,4114,-63,3899,466,261973,14,8759,4254,"East TN",2455501,119.038843804177,0.105539136237964,121.278712572302,16.6972035442054,158.786333216724,10.5539136237964
2021-03-27,270189,203,222269,180,47920,23,245780,210,1663067,2512,1908847,2722,2,4116,-164,3735,365,262338,12,8771,4265,"East TN",2455501,116.188101735654,0.104278700023381,110.853141578847,8.26715199871635,152.107451799042,10.4278700023381
2021-03-28,270505,316,222488,219,48017,97,246025,245,1665139,2072,1911164,2317,5,4121,-67,3668,378,262716,17,8788,4271,"East TN",2455501,117.613472769915,0.103796650828067,94.3595624681073,12.8690641950461,149.378884390599,10.3796650828067
2021-03-29,270944,439,222725,237,48219,202,246280,255,1666994,1855,1913274,2110,18,4139,-92,3576,513,263229,18,8806,4276,"East TN",2455501,114.111132514302,0.100693468278512,85.9295109226182,17.8782252583078,145.632194814826,10.0693468278512
2021-03-30,271319,375,222983,258,48336,117,246602,322,1669470,2476,1916072,2798,5,4144,-143,3433,513,263742,20,8826,4281,"East TN",2455501,111.586189539324,0.102904099355682,113.948232967529,15.271832509944,139.808536017701,10.2904099355682
2021-03-31,271980,661,223425,442,48555,219,247090,488,1674287,4817,1921377,5305,4,4148,168,3601,489,264231,18,8844,4286,"East TN",2455501,114.192582287688,0.102131809948446,216.045523907341,26.9191501041946,146.650316982156,10.2131809948446
2021-04-01,272428,448,223746,321,48682,127,247440,350,1677116,2829,1924556,3179,1,4149,-87,3514,534,264765,18,8862,4292,"East TN",2455501,116.147376848961,0.103507870521743,129.464414797632,18.2447492385464,143.107251839849,10.3507870521743
2021-04-02,272779,351,223981,235,48798,116,247692,252,1680137,3021,1927829,3273,0,4149,-78,3436,429,265194,12,8874,4297,"East TN",2455501,113.744608534063,0.0977699963140435,133.292554146791,14.2944352293076,139.93071067778,9.77699963140435
2021-04-03,273122,343,224232,251,48890,92,247967,275,1682488,2351,1930455,2626,0,4149,-55,3381,398,265592,13,8887,4306,"East TN",2455501,119.446092671109,0.101212513883747,106.943552456301,13.9686361357621,137.690841909655,10.1212513883747
2021-04-04,273293,171,224355,123,48938,48,248108,141,1684083,1595,1932191,1736,6,4155,-179,3202,344,265936,8,8895,4310,"East TN",2455501,113.540984100597,0.0990631093356161,70.6984032993674,6.96395562453446,130.401087191575,9.90631093356161
2021-04-05,273700,407,224590,235,49110,172,248331,223,1685302,1219,1933633,1442,6,4161,-94,3108,495,266431,40,8935,4316,"East TN",2455501,112.237787726415,0.100741686723316,58.7252866115713,16.5750288841259,126.572947842416,10.0741686723316
2021-04-06,274131,431,224840,250,49291,181,248609,278,1687389,2087,1935998,2365,3,4164,-6,3102,434,266865,27,8962,4321,"East TN",2455501,114.518381381233,0.100722673893406,96.3143570293801,17.5524261647623,126.328598522257,10.0722673893406
2021-04-07,274764,633,225304,464,49460,169,249117,508,1692082,4693,1941199,5201,5,4169,210,3312,418,267283,24,8986,4325,"East TN",2455501,113.378084553824,0.102260115023711,211.81013569125,25.7788532767855,134.880824727825,10.2260115023711
2021-04-08,275170,406,225559,255,49611,151,249406,289,1695094,3012,1944500,3301,-1,4168,47,3359,360,267643,21,9007,4330,"East TN",2455501,111.667639312711,0.0985760128359406,134.4328509742,16.5343039974327,136.794894402405,9.85760128359406
2021-04-09,275688,518,225965,406,49723,112,249856,450,1698970,3876,1948826,4326,4,4172,109,3468,405,268048,31,9038,4333,"East TN",2455501,118.468695390472,0.103062342239368,176.175859834714,21.0954913070693,141.233907051962,10.3062342239368
2021-04-10,275992,304,226180,215,49812,89,250103,247,1701751,2781,1951854,3028,1,4173,-11,3457,314,268362,15,9053,4338,"East TN",2455501,116.880424809438,0.0998177484929202,123.314956906961,12.3803655547279,140.785933298337,9.98177484929202
2021-04-11,276229,237,226343,163,49886,74,250277,174,1703464,1713,1953741,1887,2,4175,-85,3372,320,268682,10,9063,4341,"East TN",2455501,119.568267331188,0.100649651972158,76.8478611900382,9.65179814628461,137.324317929416,10.0649651972158
2021-04-12,276694,465,226666,323,50028,142,250607,330,1705227,1763,1955834,2093,3,4178,13,3385,449,269131,15,9078,4350,"East TN",2455501,121.930310759393,0.102517904598892,85.2371878488341,18.9370723123306,137.853741456428,10.2517904598892
2021-04-13,277072,378,226906,240,50166,138,250857,250,1707284,2057,1958141,2307,3,4181,-57,3328,432,269563,16,9094,4354,"East TN",2455501,119.771891764654,0.101521925664996,93.9523136011755,15.3940071700236,135.532422914916,10.1521925664996
2021-04-14,277752,680,227408,502,50344,178,251414,557,1712105,4821,1963519,5378,0,4181,269,3597,411,269974,29,9123,4357,"East TN",2455501,121.685961439234,0.102912186379928,219.018440635944,27.6929229513651,146.487417435383,10.2912186379928
2021-04-15,278292,540,227774,366,50518,174,251794,380,1715250,3145,1967044,3525,2,4183,115,3712,423,270397,24,9147,4362,"East TN",2455501,127.14309625612,0.105926188786373,143.555225593474,21.9914388143194,151.170779405099,10.5926188786373
2021-04-16,279270,978,228669,895,50601,83,252899,1105,1722735,7485,1975634,8590,3,4186,634,4346,341,270738,32,9179,4365,"East TN",2455501,145.876544134985,0.113510892270964,349.826776694451,39.8289391859339,176.990357568578,11.3510892270964
2021-04-17,279472,202,228816,147,50656,55,253072,173,1724966,2231,1978038,2404,0,4186,-91,4255,293,271031,10,9189,4366,"East TN",2455501,141.72260569228,0.113389856400855,97.9026276104143,8.22642711202317,173.284392879498,11.3389856400855
2021-04-18,279690,218,229003,187,50687,31,253275,203,1726769,1803,1980044,2006,6,4192,-122,4133,334,271365,8,9197,4375,"East TN",2455501,140.94883284511,0.113979393985477,81.6941227065271,8.87802529911411,168.315956702929,11.3979393985477
2021-04-19,280018,328,229198,195,50820,133,253485,210,1728218,1449,1981703,1659,8,4200,-213,3920,533,271898,15,9212,4382,"East TN",2455501,135.369523368144,0.111252850902625,67.5625870239923,13.3577628353644,159.641555837281,11.1252850902625
2021-04-20,280371,353,229475,277,50896,76,253766,281,1730666,2448,1984432,2729,4,4204,-113,3807,462,272360,20,9232,4386,"East TN",2455501,134.351401200814,0.11064622874748,111.138215785699,14.375885002694,155.039643640951,11.064622874748
2021-04-21,280884,513,229805,330,51079,183,254105,339,1734448,3782,1988553,4121,4,4208,30,3837,479,272839,14,9246,4392,"East TN",2455501,127.550345123052,0.107493808420548,167.827258062611,20.8918668736034,156.261390241747,10.7493808420548
2021-04-22,281526,642,230203,398,51323,244,254556,451,1738700,4252,1993256,4703,3,4211,193,4030,446,273285,23,9269,4396,"East TN",2455501,131.704283565757,0.105371585533344,191.529142118044,26.1453772570241,164.121293373532,10.5371585533344
2021-04-23,281910,384,230481,278,51429,106,254864,308,1741903,3203,1996767,3511,0,4211,-9,4021,393,273678,11,9280,4400,"East TN",2455501,107.513700870006,0.092982539156769,142.985077179769,15.6383564901827,163.754769393293,9.2982539156769
2021-04-24,282170,260,230669,188,51501,72,255073,209,1744901,2998,1999974,3207,0,4211,-132,3889,392,274070,20,9300,4407,"East TN",2455501,109.87574429821,0.0912199124726477,130.604711625041,10.5884705402278,158.379084349793,9.12199124726477
2021-04-25,282370,200,230817,148,51553,52,255232,159,1746552,1651,2001784,1810,4,4215,-113,3776,309,274379,17,9317,4412,"East TN",2455501,109.142696337733,0.0900183992640294,73.712044914663,8.1449773386368,153.777172153463,9.00183992640294
2021-04-26,282756,386,231061,244,51695,142,255484,252,1748524,1972,2004008,2224,6,4221,-143,3633,523,274902,15,9332,4420,"East TN",2455501,111.504739765938,0.0896211611746245,90.5721480056412,15.719806263569,147.953513356337,8.96211611746245
2021-04-27,283146,390,231265,204,51881,186,255702,218,1750888,2364,2006590,2582,3,4224,-48,3585,435,275337,25,9357,4426,"East TN",2455501,113.011560573586,0.0873725065439119,105.151657441801,15.8827058103418,145.998718795065,8.73725065439119
2021-04-28,283634,488,231611,346,52023,142,256083,381,1755016,4128,2011099,4509,6,4230,11,3596,471,275808,24,9381,4434,"East TN",2455501,111.993438406256,0.0877317484254413,183.628514099567,19.8737447062738,146.44669254869,8.77317484254413
2021-04-29,284026,392,231890,279,52136,113,256387,304,1757948,2932,2014335,3236,1,4231,18,3614,373,276181,22,9403,4438,"East TN",2455501,101.81221673296,0.0868637032117273,131.785733339143,15.9641555837281,147.179740509167,8.68637032117273
2021-04-30,284395,369,232117,227,52278,142,256627,240,1761215,3267,2017842,3507,0,4231,-1,3613,370,276551,17,9420,4443,"East TN",2455501,101.201343432562,0.0836536180308422,142.822177632996,15.0274831897849,147.139015622474,8.36536180308422
2021-05-01,284630,235,232299,182,52331,53,256816,189,1763706,2491,2020522,2680,-1,4230,-28,3585,264,276815,15,9435,4444,"East TN",2455501,100.183221265233,0.0848257737979365,109.142696337733,9.57034837289824,145.998718795065,8.48257737979365
2021-05-02,284805,175,232427,128,52378,47,256949,133,1765182,1476,2022131,1609,1,4231,-76,3509,250,277065,11,9446,4448,"East TN",2455501,99.165099097903,0.0843859045559542,65.526342689333,7.1268551713072,142.903627406383,8.43859045559542
2021-05-03,285017,212,232541,114,52476,98,257075,126,1766666,1484,2023741,1610,5,4236,-224,3285,431,277496,17,9463,4452,"East TN",2455501,92.078968813289,0.0806263619317894,65.5670675760262,8.63367597895501,133.781252787109,8.06263619317894
2021-05-04,285338,321,232762,221,52576,100,257320,245,1769066,2400,2026386,2645,7,4243,-80,3205,394,277890,12,9475,4460,"East TN",2455501,89.2689516314593,0.0817336835724389,107.717325303472,13.0726886285121,130.523261851655,8.17336835724389
2021-05-05,285802,464,233055,293,52747,171,257631,311,1773216,4150,2030847,4461,5,4248,127,3332,332,278222,22,9497,4465,"East TN",2455501,88.2915543508229,0.0783876848288434,181.673719538294,18.8963474256374,135.695322461689,7.83876848288434
2021-05-06,286088,286,233252,197,52836,89,257862,231,1775654,2438,2033516,2669,4,4252,-100,3232,382,278604,10,9507,4471,"East TN",2455501,83.9747163613454,0.076899014649914,108.694722584108,11.6473175942506,131.622833792371,7.6899014649914
2021-05-07,286454,366,233501,249,52953,117,258131,269,1779103,3449,2037234,3718,0,4252,16,3248,350,278954,15,9522,4476,"East TN",2455501,83.8525417012658,0.0775577557755776,151.415128725258,14.9053085297053,132.274431979462,7.75577557755776
2021-05-08,286625,171,233604,103,53021,68,258245,114,1780998,1895,2039243,2009,0,4252,-94,3154,265,279219,7,9529,4483,"East TN",2455501,81.2461489529021,0.0763313925538166,81.8162973666066,6.96395562453446,128.446292630302,7.63313925538166
2021-05-09,286771,146,233719,115,53052,31,258377,132,1782709,1711,2041086,1843,4,4256,-161,2993,303,279522,11,9540,4488,"East TN",2455501,80.0651272387997,0.0753363228699552,75.0559661755381,5.94583345720486,121.8895858727,7.53363228699552
2021-05-10,287006,235,233855,136,53151,99,258522,145,1784225,1516,2042747,1661,7,4263,-200,2793,428,279950,22,9562,4491,"East TN",2455501,81.001799632743,0.0761338524676418,67.6440367973786,9.57034837289824,113.744608534063,7.61338524676418
2021-05-11,287321,315,234083,228,53238,87,258766,244,1786904,2679,2045670,2923,1,4264,-57,2736,371,280321,19,9581,4495,"East TN",2455501,80.7574503125839,0.0749844430616055,119.038843804177,12.828339308353,111.423289992551,7.49844430616055
2021-05-12,287625,304,234300,217,53325,87,259017,251,1790970,4066,2049987,4317,3,4267,-53,2683,354,280675,16,9597,4497,"East TN",2455501,74.2414684416744,0.0724137931034483,175.809335854475,12.3803655547279,109.264870997813,7.24137931034483
2021-05-13,287835,210,234436,136,53399,74,259162,145,1793703,2733,2052865,2878,1,4268,-131,2552,340,281015,9,9606,4502,"East TN",2455501,71.1463770529924,0.0671869347253088,117.206223902984,8.55222620556864,103.929910841006,6.71869347253088
2021-05-14,288136,301,234655,219,53481,82,259410,248,1796389,2686,2055799,2934,1,4269,34,2586,266,281281,21,9627,4507,"East TN",2455501,68.4992594179355,0.0688930783732831,119.486817557802,12.2581908946484,105.314556988574,6.8893078373283
2021-05-15,288244,108,234736,81,53508,27,259512,102,1798377,1988,2057889,2090,0,4269,-154,2432,262,281543,5,9632,4511,"East TN",2455501,65.9335915562649,0.0679502306124638,85.1150131887546,4.39828776286387,99.0429244378235,6.79502306124638
2021-05-16,288344,100,234810,74,53534,26,259597,85,1799826,1449,2059423,1534,3,4272,-122,2310,219,281762,4,9636,4515,"East TN",2455501,64.0602467683784,0.0665321481158314,62.4719761873443,4.0724886693184,94.074488261255,6.65321481158314
2021-05-17,288543,199,234914,104,53629,95,259707,110,1801395,1569,2061102,1679,6,4278,-117,2193,310,282072,10,9646,4522,"East TN",2455501,62.5941508474238,0.0645600653772814,68.3770847578559,8.10425245194362,89.3096765181525,6.45600653772814
2021-05-18,288756,213,235049,135,53707,78,259853,146,1803633,2238,2063486,2384,8,4286,-100,2093,305,282377,22,9668,4528,"East TN",2455501,58.440212404719,0.0610125729681185,97.0881298765507,8.67440086564819,85.2371878488341,6.10125729681185
2021-05-19,288973,217,235213,164,53760,53,260020,167,1806903,3270,2066923,3437,1,4287,-53,2040,269,282646,21,9689,4531,"East TN",2455501,54.897147262412,0.0592229570146434,139.971435564473,8.83730041242093,83.0787688540954,5.92229570146434
2021-05-20,289151,178,235346,133,53805,45,260176,156,1821071,14168,2081247,14324,3,4290,-91,1949,266,282912,7,9696,4536,"East TN",2455501,53.5939508882301,0.0357268691424142,583.343276993168,7.24902983138675,79.3728041650156,3.57268691424142
2021-05-21,289315,164,235454,108,53861,56,260297,121,1823350,2279,2083647,2400,0,4290,-58,1891,222,283134,10,9706,4539,"East TN",2455501,48.0146414112639,0.0318514794599253,97.7397280636416,6.67888141768218,77.0107607368109,3.18514794599253
2021-05-22,289386,71,235502,48,53884,23,260359,62,1824937,1587,2085296,1649,0,4290,-105,1786,176,283310,12,9718,4540,"East TN",2455501,46.5078206036161,0.0309045134454701,67.1553381570604,2.89146695521606,72.7346476340266,3.09045134454701
2021-05-23,289460,74,235553,51,53907,23,260420,61,1826002,1065,2086422,1126,3,4293,-128,1658,199,283509,5,9723,4542,"East TN",2455501,45.4489735495933,0.0304826104670543,45.8562224165252,3.01364161529562,67.5218621372991,3.04826104670543
2021-05-24,289620,160,235664,111,53956,49,260546,126,1827927,1925,2088473,2051,0,4293,-90,1568,250,283759,7,9730,4546,"East TN",2455501,43.8607029685592,0.0306528807862336,83.5267426077204,6.51598187090944,63.8566223349125,3.06528807862336
2021-05-25,289764,144,235760,96,54004,48,260634,88,1829654,1727,2090288,1815,0,4293,-72,1496,216,283975,9,9739,4552,"East TN",2455501,41.0506857867295,0.0291396164465338,73.915669348129,5.8643836838185,60.9244304930033,2.91396164465338
2021-05-26,289948,184,235900,140,54048,44,260799,165,1832538,2884,2093337,3049,7,4300,-33,1463,210,284185,14,9753,4556,"East TN",2455501,39.7067645258544,0.0294919360944953,124.170179527518,7.49337915154586,59.5805092321282,2.94919360944953
2021-05-27,290072,124,235976,76,54096,48,260938,139,1835510,2972,2096448,3111,4,4304,-81,1382,201,284386,11,9764,4560,"East TN",2455501,37.5076206444225,0.0501282810341425,126.695122502495,5.04988594995482,56.2817934099803,5.01282810341425
2021-05-28,290189,117,236066,90,54123,27,261036,98,1837622,2112,2098658,2210,0,4304,-59,1323,176,284562,9,9773,4563,"East TN",2455501,35.5935509698428,0.0492305642528812,90.0019995919366,4.76481174310253,53.8790250950824,4.92305642528812
2021-05-29,290240,51,236098,32,54142,19,261073,37,1838699,1077,2099772,1114,0,4304,-88,1235,139,284701,7,9780,4566,"East TN",2455501,34.7790532359791,0.0493230174081238,45.367523776207,2.07696922135238,50.2952350660822,4.93230174081238
2021-05-30,290295,55,236138,40,54157,15,261119,46,1839785,1086,2100904,1132,0,4304,-66,1169,121,284822,7,9787,4570,"East TN",2455501,34.0052803888086,0.0482668139759702,46.1005717366843,2.23986876812512,47.6073925443321,4.82668139759702
2021-05-31,290375,80,236204,66,54171,14,261190,71,1841212,1427,2102402,1498,6,4310,-95,1074,169,284991,4,9791,4575,"East TN",2455501,30.7472894533539,0.0462344748366717,61.0058802663896,3.25799093545472,43.7385283084796,4.62344748366717
2021-06-01,290505,130,236297,93,54208,37,261284,94,1842528,1316,2103812,1410,3,4313,-37,1037,164,285155,11,9802,4578,"East TN",2455501,30.1771410396493,0.0480627033422064,57.4220902373894,5.29423527011392,42.2317075008318,4.80627033422064
2021-06-02,290624,119,236368,71,54256,48,261357,73,1844508,1980,2105865,2053,1,4314,-19,1018,137,285292,9,9811,4582,"East TN",2455501,27.5300234045924,0.0445402298850575,83.6081923811067,4.8462615164889,41.4579346536613,4.45402298850575
2021-06-03,290712,88,236424,56,54288,32,261476,119,1847674,3166,2109150,3285,1,4315,-43,975,130,285422,7,9818,4587,"East TN",2455501,26.0639274836378,0.0423555345614864,133.781252787109,3.58379002900019,39.7067645258544,4.23555345614864
2021-06-04,290803,91,236483,59,54320,32,261554,78,1849826,2152,2111380,2230,1,4316,-32,943,122,285544,7,9825,4587,"East TN",2455501,25.005080429615,0.0407168684169156,90.8164973258003,3.70596468907974,38.4035681516725,4.07168684169156
2021-06-05,290844,41,236509,26,54335,15,261584,30,1851209,1383,2112793,1413,-1,4315,-67,876,109,285653,2,9827,4592,"East TN",2455501,24.5978315626831,0.0392442976729898,57.544264897469,1.66972035442054,35.6750007432292,3.92442976729898
2021-06-06,290870,26,236525,16,54345,10,261603,19,1852125,916,2113728,935,-1,4314,-57,819,84,285737,2,9829,4595,"East TN",2455501,23.4168098485808,0.0377417342482845,38.077769058127,1.05884705402278,33.3536822017177,3.77417342482845
2021-06-07,290943,73,236560,35,54383,38,261655,52,1853395,1270,2115050,1322,3,4317,-68,751,138,285875,10,9839,4597,"East TN",2455501,23.1317356417285,0.0367647058823529,53.8383002083892,2.97291672860243,30.5843899065812,3.67647058823529
2021-06-08,291030,87,236627,67,54403,20,261725,70,1854874,1479,2116599,1549,3,4320,-29,722,113,285988,4,9843,4600,"East TN",2455501,21.3805655139216,0.0344881520294049,63.082849487742,3.54306514230701,29.4033681924788,3.44881520294049
2021-06-09,291078,48,236665,38,54413,10,261779,54,1857605,2731,2119384,2785,0,4320,-63,659,111,286099,3,9846,4603,"East TN",2455501,18.4890985587055,0.0312153265774096,113.418809440517,1.95479456127283,26.8377003308083,3.12153265774096
2021-06-10,291153,75,236722,57,54431,18,261845,66,1859390,1785,2121235,1851,4,4324,-21,638,92,286191,4,9850,4606,"East TN",2455501,17.9596750316941,0.0305337194869673,75.3817652690836,3.0543665019888,25.9824777102514,3.05337194869673
2021-06-11,291223,70,236768,46,54455,24,261901,56,1860875,1485,2122776,1541,2,4326,-4,634,72,286263,4,9854,4607,"East TN",2455501,17.1044524111373,0.0304492804492804,62.7570503941965,2.85074206852288,25.8195781634787,3.04492804492804
2021-06-12,291252,29,236790,22,54462,7,261932,31,1862069,1194,2124001,1225,3,4329,-24,610,50,286313,1,9855,4610,"East TN",2455501,16.6157537708191,0.0310492505353319,49.8879861991504,1.18102171410234,24.8421808828422,3.10492505353319
2021-06-13,291270,18,236804,14,54466,4,261953,21,1862913,844,2124866,865,1,4330,-41,569,58,286371,1,9856,4611,"East TN",2455501,16.2899546772736,0.0314239540312444,35.2270269896042,0.733047960477312,23.1724605284217,3.14239540312444
2021-06-14,291323,53,236837,33,54486,20,261994,41,1864166,1253,2126160,1294,3,4333,-9,560,59,286430,3,9859,4612,"East TN",2455501,15.4754569434099,0.0305130513051305,52.6980033809801,2.15841899473875,22.805936548183,3.05130513051305
2021-06-15,291411,88,236906,69,54505,19,262082,88,1866048,1882,2128130,1970,0,4333,-6,554,94,286524,4,9863,4615,"East TN",2455501,15.5161818301031,0.0309600208134594,80.2280267855725,3.58379002900019,22.5615872280239,3.09600208134594
2021-06-16,291478,67,236946,40,54532,27,262120,38,1867954,1906,2130074,1944,2,4335,-14,540,79,286603,7,9870,4618,"East TN",2455501,16.2899546772736,0.0318989710009355,79.1691797315497,2.72856740844333,21.9914388143194,3.18989710009355
2021-06-17,291529,51,236984,38,54545,13,262166,46,1870304,2350,2132470,2396,1,4336,-7,533,57,286660,1,9871,4622,"East TN",2455501,15.3125573966372,0.0285714285714286,97.5768285168689,2.07696922135238,21.7063646074671,2.85714285714286
2021-06-18,291591,62,237035,51,54556,11,262221,55,1872032,1728,2134253,1783,2,4338,-1,532,61,286721,4,9875,4624,"East TN",2455501,14.9867583030917,0.0278818506578374,72.6124729739471,2.52494297497741,21.6656397207739,2.78818506578374
2021-06-19,291619,28,237052,17,54567,11,262239,18,1873183,1151,2135422,1169,0,4338,-16,516,44,286765,5,9880,4626,"East TN",2455501,14.9460334163985,0.0268803082041853,47.6073925443321,1.14029682740915,21.0140415336829,2.68803082041853
2021-06-20,291644,25,237073,21,54571,4,262256,17,1873937,754,2136193,771,3,4341,-13,503,35,286800,2,9882,4629,"East TN",2455501,15.2311076232508,0.0267502427827315,31.3988876404449,1.0181221673296,20.4846180066715,2.67502427827315
2021-06-21,291711,67,237113,40,54598,27,262308,52,1875209,1272,2137517,1324,6,4347,3,506,58,286858,2,9884,4630,"East TN",2455501,15.8012560369554,0.0276481465175663,53.9197499817756,2.72856740844333,20.6067926667511,2.76481465175663
2021-06-22,291804,93,237159,46,54645,47,262359,51,1876636,1427,2138995,1478,5,4352,36,542,52,286910,7,9891,4634,"East TN",2455501,16.0048804704213,0.0254947077772665,60.1913825325259,3.78741446246611,22.0728885877057,2.54947077772665
2021-06-23,291873,69,237207,48,54666,21,262414,55,1878425,1789,2140839,1844,2,4354,6,548,61,286971,5,9896,4638,"East TN",2455501,16.0863302438077,0.0273107292150488,75.0966910622313,2.8100171818297,22.3172379078648,2.73107292150488
2021-06-24,291956,83,237259,52,54697,31,262476,62,1880269,1844,2142745,1906,3,4357,27,575,53,287024,6,9902,4639,"East TN",2455501,17.3895266179896,0.0301703163017032,77.6216340372087,3.38016559553427,23.4168098485808,3.01703163017032
2021-06-25,292035,79,237315,56,54720,23,262545,69,1882077,1808,2144622,1877,0,4357,32,607,47,287071,3,9905,4641,"East TN",2455501,18.0818496917737,0.0312469862088919,76.4406123231064,3.21726604876154,24.7200062227627,3.12469862088919
2021-06-26,292070,35,237333,18,54737,17,262566,21,1883261,1184,2145827,1205,0,4357,1,608,34,287105,2,9907,4643,"East TN",2455501,18.366923898626,0.0314271984622778,49.0734884652867,1.42537103426144,24.7607311094559,3.14271984622778
2021-06-27,292099,29,237353,20,54746,9,262590,24,1883975,714,2146565,738,2,4359,-9,599,36,287141,3,9910,4645,"East TN",2455501,18.5298234453987,0.0322020825298882,30.0549663795698,1.18102171410234,24.3942071292172,3.22020825298882
2021-06-28,292143,44,237377,24,54766,20,262615,25,1884527,552,2147142,577,4,4363,-15,584,55,287196,3,9913,4645,"East TN",2455501,17.5931510514555,0.0318961038961039,23.4982596219672,1.7918950145001,23.7833338288195,3.18961038961039
2021-06-29,292274,131,237463,86,54811,45,262712,97,1886541,2014,2149253,2111,0,4363,80,664,51,287247,7,9920,4648,"East TN",2455501,19.1406967457965,0.0344121661142523,85.9702358093114,5.3349601568071,27.0413247642742,3.44121661142523
2021-06-30,292359,85,237526,63,54833,22,262787,75,1888185,1644,2150972,1719,3,4366,29,693,53,287300,4,9924,4648,"East TN",2455501,19.7922949328874,0.0368104213954406,70.0060802255833,3.46161536892064,28.2223464783765,3.68104213954406
2021-07-01,292465,106,237579,53,54886,53,262852,65,1890737,2552,2153589,2617,1,4367,56,749,49,287349,2,9926,4651,"East TN",2455501,20.7289673268307,0.0346735521947621,106.577028476063,4.3168379894775,30.5029401331948,3.46735521947621
2021-07-02,292547,82,237642,63,54905,19,262926,74,1892419,1682,2155345,1756,0,4367,32,781,50,287399,3,9929,4653,"East TN",2455501,20.8511419869102,0.035531101370885,71.5129010332311,3.33944070884109,31.8061365073767,3.5531101370885
2021-07-03,292595,48,237678,36,54917,12,262966,40,1893507,1088,2156473,1128,1,4368,1,782,46,287445,3,9932,4656,"East TN",2455501,21.3805655139216,0.0375727972947586,45.9376721899116,1.95479456127283,31.8468613940699,3.75727972947586
2021-07-04,292622,27,237699,21,54923,6,262991,25,1894207,700,2157198,725,0,4368,-13,769,40,287485,1,9933,4657,"East TN",2455501,21.2991157405352,0.0377127809649205,29.5255428525584,1.09957194071597,31.3174378670585,3.77127809649205
2021-07-05,292665,43,237723,24,54942,19,263016,25,1894689,482,2157705,507,0,4368,-30,739,73,287558,2,9935,4658,"East TN",2455501,21.258390853842,0.037962699990533,20.6475175534443,1.75117012780691,30.095691266263,3.7962699990533
2021-07-06,292827,162,237827,104,55000,58,263129,113,1896014,1325,2159143,1438,5,4373,82,821,75,287633,6,9941,4658,"East TN",2455501,22.5208623413308,0.0421638018200202,58.5623870647986,6.59743164429581,33.4351319751041,4.21638018200202
2021-07-07,292969,142,237907,80,55062,62,263217,88,1897473,1459,2160690,1547,4,4377,81,902,57,287690,6,9947,4660,"East TN",2455501,24.8421808828422,0.0442477876106195,63.0013997143556,5.78293391043213,36.733847797252,4.42477876106195
2021-07-08,293109,140,238009,102,55100,38,263334,117,1899328,1855,2162662,1972,2,4379,76,978,62,287752,3,9950,4662,"East TN",2455501,26.2268270304105,0.0531246555714758,80.3094765589588,5.70148413704576,39.8289391859339,5.31246555714758
2021-07-09,293273,164,238131,122,55142,42,263465,131,1901073,1745,2164538,1876,0,4379,100,1078,64,287816,4,9954,4664,"East TN",2455501,29.5662677392516,0.0586315674970086,76.3998874364132,6.67888141768218,43.9014278552524,5.86315674970086
2021-07-10,293377,104,238204,73,55173,31,263539,74,1902129,1056,2165668,1130,0,4379,56,1134,48,287864,13,9967,4665,"East TN",2455501,31.8468613940699,0.0623164763458401,46.0191219632979,4.23538821609114,46.1820215100707,6.23164763458401
2021-07-11,293425,48,238239,35,55186,13,263582,43,1902884,755,2166466,798,2,4381,4,1138,42,287906,7,9974,4665,"East TN",2455501,32.7020840146267,0.0637678031937851,32.4984595811608,1.95479456127283,46.3449210568434,6.37678031937851
2021-07-12,293598,173,238356,117,55242,56,263707,125,1904250,1366,2167957,1491,1,4382,92,1230,80,287986,14,9988,4666,"East TN",2455501,37.9963192847407,0.0674014826375341,60.7208060595373,7.04540539792083,50.0916106326163,6.74014826375341
2021-07-13,293812,214,238493,137,55319,77,263852,145,1905871,1621,2169723,1766,4,4386,149,1379,61,288047,17,10005,4670,"East TN",2455501,40.1140133927862,0.0683364839319471,71.9201499001629,8.71512575234138,56.1596187499007,6.83364839319471
2021-07-14,293985,173,238629,136,55356,37,263994,142,1907434,1563,2171428,1705,0,4386,103,1482,70,288117,12,10017,4671,"East TN",2455501,41.3764848802749,0.0723598435462842,69.4359318118787,7.04540539792083,60.3542820792987,7.23598435462842
2021-07-15,294205,220,238779,150,55426,70,264161,167,1909235,1801,2173396,1968,0,4386,118,1600,102,288219,15,10032,4671,"East TN",2455501,44.6344758157297,0.0770449040432271,80.1465770121861,8.95947507250048,65.1598187090944,7.70449040432271
2021-07-16,294435,230,238921,142,55514,88,264315,154,1910764,1529,2175079,1683,0,4386,164,1764,66,288285,10,10042,4675,"East TN",2455501,47.3223183374798,0.0806375106726117,68.5399843046287,9.36672393943232,71.8387001267766,8.06375106726117
2021-07-17,294579,144,239021,100,55558,44,264425,110,1911982,1218,2176407,1328,0,4386,54,1818,90,288375,5,10047,4677,"East TN",2455501,48.9513138052072,0.0825030263525468,54.0826495285484,5.8643836838185,74.0378440082085,8.25030263525468
2021-07-18,294723,144,239142,121,55581,23,264557,132,1913108,1126,2177665,1258,0,4386,50,1868,94,288469,6,10053,4679,"East TN",2455501,52.8609029277528,0.0870613447629253,51.2319074600255,5.8643836838185,76.0740883428677,8.70613447629253
2021-07-19,295027,304,239354,212,55673,92,264774,217,1914798,1690,2179572,1907,3,4389,166,2034,135,288604,14,10067,4680,"East TN",2455501,58.1958630845599,0.0918639690055962,77.6623589239019,12.3803655547279,82.8344195339362,9.18639690055962
2021-07-20,295383,356,239592,238,55791,118,265028,254,1916459,1661,2181487,1915,2,4391,214,2248,140,288744,22,10089,4682,"East TN",2455501,63.9787969949921,0.0999659979598776,77.9881580174473,14.4980596627735,91.5495452862776,9.99659979598776
2021-07-21,295784,401,239885,293,55899,108,265338,310,1918575,2116,2183913,2426,3,4394,248,2496,150,288894,28,10117,4686,"East TN",2455501,73.264071161038,0.107649179014818,98.7985751176644,16.3306795639668,101.649317186187,10.7649179014818
2021-07-22,296258,474,240218,333,56040,141,265705,367,1920944,2369,2186649,2736,5,4399,321,2817,148,289042,21,10138,4689,"East TN",2455501,83.6081923811067,0.116501924092658,111.423289992551,19.3035962925692,114.722005814699,11.6501924092658
2021-07-23,296719,461,240538,320,56181,141,266038,333,1922847,1903,2188885,2236,1,4400,328,3145,132,289174,27,10165,4695,"East TN",2455501,93.0156412072322,0.124800811241489,91.0608466459594,18.7741727655578,128.079768650064,12.4800811241489
2021-07-24,297077,358,240787,249,56290,109,266303,265,1924598,1751,2190901,2016,0,4400,226,3371,132,289306,21,10186,4699,"East TN",2455501,101.730766959574,0.129570856906306,82.1013715734589,14.5795094361599,137.283593042723,12.9570856906306
2021-07-25,297305,228,240977,190,56328,38,266506,203,1925913,1315,2192419,1518,3,4403,97,3468,128,289434,17,10203,4704,"East TN",2455501,105.151657441801,0.132099769554019,61.8203780002533,9.28527416604595,141.233907051962,13.2099769554019
2021-07-26,297972,667,241438,461,56534,206,266992,486,1927642,1729,2194634,2215,10,4413,448,3916,209,289643,36,10239,4708,"East TN",2455501,119.934791311427,0.147258000265569,90.2056240254026,27.1634994243537,159.478656290509,14.7258000265569
2021-07-27,298699,727,241928,490,56771,237,267507,515,1929963,2321,2197470,2836,2,4415,534,4450,191,289834,28,10267,4714,"East TN",2455501,135.043724274598,0.155102296189702,115.49577866187,29.6069926259448,181.225745784669,15.5102296189702
2021-07-28,299518,819,242476,548,57042,271,268120,613,1932830,2867,2200950,3480,2,4417,559,5009,258,290092,37,10304,4717,"East TN",2455501,152.066726912349,0.163291659329694,141.72260569228,33.3536822017177,203.990957446159,16.3291659329694
2021-07-29,300206,688,242930,454,57276,234,268616,496,1935258,2428,2203874,2924,3,4420,474,5483,211,290303,22,10326,4721,"East TN",2455501,160.78185266469,0.16899854862119,119.07956869087,28.0187220449106,223.294553738728,16.899854862119
2021-07-30,301205,999,243679,749,57526,250,269418,802,1937061,1803,2206479,2605,4,4424,751,6234,244,290547,42,10368,4726,"East TN",2455501,182.691841705623,0.192110946913721,106.088329835744,40.6841618064908,253.878943645309,19.2110946913721
2021-07-31,301740,535,244044,365,57696,170,269814,396,1939031,1970,2208845,2366,2,4426,319,6553,214,290761,32,10400,4736,"East TN",2455501,189.900146650317,0.195664288898796,96.3550819160733,21.7878143808534,266.870182500435,19.5664288898796
2021-08-01,302274,534,244466,422,57808,112,270275,461,1941169,2138,2211444,2599,3,4429,321,6874,210,290971,28,10428,4740,"East TN",2455501,202.361961978431,0.198107752956636,105.843980515585,21.7470894941603,279.942871128947,19.8107752956636
2021-08-02,303124,850,245003,537,58121,313,270811,536,1943504,2335,2214315,2871,9,4438,416,7290,425,291396,32,10460,4748,"East TN",2455501,209.814616243284,0.194045018037701,116.921149696131,34.6161536892064,296.884423993311,19.4045018037701
2021-08-03,304462,1338,245971,968,58491,370,271826,1015,1947279,3775,2219105,4790,4,4442,897,8187,437,291833,40,10500,4758,"East TN",2455501,234.697522012819,0.199630228795933,195.072207260351,54.4898983954802,333.414647357097,19.9630228795933
2021-08-04,305548,1086,246804,833,58744,253,272713,887,1950899,3620,2223612,4507,8,4450,646,8833,432,292265,40,10540,4764,"East TN",2455501,245.5710667599,0.202674079957638,183.54706432618,44.2272269487978,359.722924160894,20.2674079957638
2021-08-05,306726,1178,247693,889,59033,289,273664,951,1954864,3965,2228528,4916,10,4460,665,9498,503,292768,43,10583,4771,"East TN",2455501,265.52626123956,0.204753792488034,200.203542983693,47.9739165245707,386.804973811862,20.4753792488034
2021-08-06,308065,1339,248680,987,59385,352,274747,1083,1959492,4628,2234239,5711,3,4463,908,10406,428,293196,52,10635,4784,"East TN",2455501,279.372722715242,0.191966858789625,232.579827904774,54.5306232821734,423.783170929273,19.1966858789625
2021-08-07,308789,724,249204,524,59585,200,275331,584,1962496,3004,2237827,3588,0,4463,327,10733,397,293593,28,10663,4793,"East TN",2455501,287.069726300254,0.190359533503554,146.120893455144,29.4848179658652,437.100208877944,19.0359533503554
2021-08-08,309425,636,249655,451,59770,185,275857,526,1964611,2115,2240468,2641,5,4468,220,10953,411,294004,29,10692,4804,"East TN",2455501,291.223664742959,0.192323594266814,107.554425756699,25.901027936865,446.059683950444,19.2323594266814
2021-08-09,310795,1370,250617,962,60178,408,276865,1008,1968150,3539,2245015,4547,14,4482,573,11526,783,294787,67,10759,4816,"East TN",2455501,312.400605823414,0.197198697068404,185.176059793908,55.7930947696621,469.395044025639,19.7198697068404
2021-08-10,312122,1327,251465,848,60657,479,277782,917,1971402,3252,2249184,4169,6,4488,550,12076,771,295558,48,10807,4830,"East TN",2455501,311.952632069789,0.198011901991423,169.782052623884,54.0419246418552,491.79373170689,19.8011901991423
2021-08-11,314009,1887,252769,1304,61240,583,279165,1383,1976758,5356,2255923,6739,8,4496,1064,13140,815,296373,63,10870,4849,"East TN",2455501,344.57326631103,0.199684318034106,274.445011425367,76.8478611900382,535.125011148438,19.9684318034106
2021-08-12,315471,1462,253831,1062,61640,400,280327,1162,1981240,4482,2261567,5644,10,4506,585,13725,867,297240,45,10915,4863,"East TN",2455501,356.139134131894,0.201670752746754,229.85126049633,59.539784345435,558.94906986395,20.1670752746754
2021-08-13,317118,1647,254948,1117,62170,530,281500,1173,1986659,5419,2268159,6592,11,4517,794,14519,842,298082,30,10945,4887,"East TN",2455501,368.682399233395,0.19908608490566,268.458453081469,67.073888383674,591.284629898338,19.908608490566
2021-08-14,318649,1531,256037,1089,62612,442,282700,1200,1992134,5475,2274834,6675,1,4518,912,15431,618,298700,27,10972,4901,"East TN",2455501,401.547382794794,0.199124489961359,271.838618677003,62.3498015272647,628.425726562522,19.9124489961359
2021-08-15,319795,1146,257002,965,62793,181,283757,1057,1995944,3810,2279701,4867,11,4529,427,15858,708,299408,20,10992,4914,"East TN",2455501,422.317075008318,0.201361099074758,198.208023535727,46.6707201503889,645.815253180512,20.1361099074758
2021-08-16,321237,1442,257918,916,63319,526,284719,962,1999004,3060,2283723,4022,17,4546,177,16035,1248,300656,29,11021,4933,"East TN",2455501,425.249266850227,0.202903792497675,163.795494279986,58.7252866115713,653.023558125205,20.2903792497675
2021-08-17,322974,1737,259133,1215,63841,522,286040,1321,2003864,4860,2289904,6181,10,4556,514,16549,1213,301869,25,11046,4948,"East TN",2455501,441.946470394433,0.202799607072692,251.72052465057,70.7391281860606,673.956149885502,20.2799607072692
2021-08-18,325066,2092,260519,1386,64547,706,287519,1479,2009284,5420,2296803,6899,13,4569,933,17482,1146,303015,32,11078,4962,"East TN",2455501,450.295072166535,0.204354207436399,280.960993296276,85.1964629621409,711.952469170243,20.4354207436399
2021-08-19,327457,2391,262009,1490,65448,901,289097,1578,2019235,9951,2308332,11529,23,4592,1119,18601,1249,304264,43,11121,4982,"East TN",2455501,488.128491904503,0.187533411739549,469.517218685718,97.3732040834029,757.523617379916,18.7533411739549
2021-08-20,329912,2455,263988,1979,65924,476,291206,2109,2026129,6894,2317335,9003,4,4596,1274,19875,1177,305441,37,11158,5015,"East TN",2455501,521.034200352596,0.197372702131121,366.646154898736,99.9795968317667,809.407123027032,19.7372702131121
2021-08-21,332834,2922,265951,1963,66883,959,293323,2117,2035059,8930,2328382,11047,0,4596,2167,22042,755,306196,57,11215,5039,"East TN",2455501,577.682517742815,0.198382759393441,449.887823299604,118.998118917484,897.657952491162,19.8382759393441
2021-08-22,334319,1485,267292,1341,67027,144,294839,1516,2040571,5512,2335410,7028,7,4603,546,22588,932,307128,17,11232,5058,"East TN",2455501,591.488254331804,0.198926564827945,286.214503679697,60.4764567393782,919.89374062564,19.8926564827945
2021-08-23,336267,1948,268419,1127,67848,821,296025,1186,2044538,3967,2340563,5153,18,4621,186,22774,1744,308872,38,11270,5079,"East TN",2455501,612.095046998556,0.198909218859958,209.855341129977,79.3320792783224,927.468569550572,19.8909218859958
2021-08-24,338251,1984,269806,1387,68445,597,297463,1438,2048317,3779,2345780,5217,15,4636,147,22921,1822,310694,25,11295,5117,"East TN",2455501,622.154094011772,0.204434819958479,212.461733878341,80.7981751992771,933.45512789447,20.4434819958479
2021-08-25,340480,2229,271014,1208,69466,1021,298710,1247,2052353,4036,2351063,5283,17,4653,615,23536,1597,312291,39,11334,5154,"East TN",2455501,627.733403488738,0.206247696277184,215.149576400091,90.7757724391071,958.500933210779,20.6247696277184
2021-08-26,343138,2658,272847,1833,70291,825,300672,1962,2059197,6844,2359869,8806,24,4677,741,24277,1893,314184,40,11374,5185,"East TN",2455501,638.606948235818,0.224595921376875,358.623352220178,108.246748830483,988.678074250428,22.4595921376875
2021-08-27,346148,3010,275118,2271,71030,739,303033,2361,2066266,7069,2369299,9430,19,4696,1307,25584,1684,315868,44,11418,5206,"East TN",2455501,661.209260350535,0.227599876837811,384.035681516725,122.581908946484,1041.90550115842,22.7599876837811
2021-08-28,348293,2145,276658,1540,71635,605,304704,1671,2072133,5867,2376837,7538,1,4697,922,26506,1222,317090,33,11451,5241,"East TN",2455501,629.566023389931,0.234877721597358,306.984195893221,87.3548819568797,1079.45384668953,23.4877721597358
2021-08-29,350630,2337,278486,1828,72144,509,306724,2020,2079127,6994,2385851,9014,9,4706,1071,27577,1257,318347,45,11496,5272,"East TN",2455501,664.263626852524,0.235621815586527,367.094128652361,95.174060201971,1123.07020033794,23.5621815586527
2021-08-30,353874,3244,280899,2413,72975,831,309330,2606,2088170,9043,2397500,11649,21,4727,475,28052,2748,321095,70,11566,5311,"East TN",2455501,717.043080006891,0.233679329785552,474.4042050889,132.111532432689,1142.4145215172,23.3679329785552
2021-08-31,357462,3588,283307,2408,74155,1180,311941,2611,2096757,8587,2408698,11198,7,4734,918,28970,2663,323758,78,11644,5347,"East TN",2455501,782.365798262758,0.230109030801996,456.037281190274,146.120893455144,1179.79996750154,23.0109030801996
2021-09-01,358898,1436,284257,950,74641,486,312930,989,2099040,2283,2411970,3272,15,4749,-961,28009,2382,326140,31,11675,5388,"East TN",2455501,750.070963115063,0.233470701233027,133.251829260098,58.4809372914122,1140.66335138939,23.3470701233027
2021-09-02,361215,2317,285747,1490,75468,827,314446,1516,2103302,4262,2417748,5778,19,4768,-578,27431,2876,329016,43,11718,5419,"East TN",2455501,736.183776752687,0.237979232536844,235.308395313217,94.3595624681073,1117.12436688073,23.7979232536844
2021-09-03,362970,1755,286964,1217,76006,538,315741,1295,2107408,4106,2423149,5401,17,4785,-1008,26423,2746,331762,31,11749,5448,"East TN",2455501,685.074043952741,0.235988857938719,219.955113029887,71.4721761465379,1076.073681094,23.5988857938719
2021-09-04,366236,3266,289308,2344,76928,922,318319,2578,2115456,8048,2433775,10626,3,4788,1523,27946,1740,333502,55,11804,5480,"East TN",2455501,730.7266419358,0.239119744283255,432.742646001773,133.007479939939,1138.09768352772,23.9119744283255
2021-09-05,370694,4458,292561,3253,78133,1205,321807,3488,2127966,12510,2449773,15998,8,4796,2736,30682,1714,335216,58,11862,5531,"East TN",2455501,817.104126612044,0.235959450580395,651.516737317558,181.551544878214,1249.52097352027,23.5959450580395
2021-09-06,375607,4913,296500,3939,79107,974,326096,4289,2143606,15640,2469702,19929,11,4807,961,31643,3941,339157,102,11964,5566,"East TN",2455501,885.073962502968,0.232209634082158,811.606266908464,200.081368323613,1288.65758963242,23.2209634082158
2021-09-07,377689,2082,297955,1455,79734,627,327613,1517,2148032,4426,2475645,5943,34,4841,-1805,29838,3853,343010,61,12025,5599,"East TN",2455501,823.742283143033,0.234095627884745,242.028001617593,84.7892140952091,1215.14916915122,23.4095627884745
2021-09-08,379364,1675,299131,1176,80233,499,328874,1261,2152412,4380,2481286,5641,20,4861,-1768,28070,3423,346433,60,12085,5640,"East TN",2455501,833.475531062704,0.230019043222344,229.729085836251,68.2141852110832,1143.14756947767,23.0019043222344
2021-09-09,381275,1911,300137,1006,81138,905,329954,1080,2156078,3666,2486032,4746,7,4868,-1610,26460,3514,349947,55,12140,5679,"East TN",2455501,816.941227065271,0.227110304024369,193.280312245851,77.8252584706746,1077.58050190165,22.7110304024369
2021-09-10,386763,5488,303970,3833,82793,1655,334084,4130,2168184,12106,2502268,16236,23,4891,2251,28711,3214,353161,143,12283,5714,"East TN",2455501,968.967229090927,0.23184064510421,661.209260350535,223.498178172194,1169.25222184801,23.184064510421
2021-09-11,391050,4287,307081,3111,83969,1176,337402,3318,2180006,11822,2517408,15140,8,4899,2506,31217,1773,354934,119,12402,5761,"East TN",2455501,1010.54733840467,0.22817548097043,616.574784534806,174.58758925368,1271.30878790112,22.817548097043
2021-09-12,392632,1582,308507,1426,84125,156,338957,1555,2185250,5244,2524207,6799,23,4922,-129,31088,1688,356622,49,12451,5805,"East TN",2455501,893.42256427507,0.230405459870489,276.888504626958,64.4267707486171,1266.0552775177,23.0405459870489
2021-09-13,394986,2354,309958,1451,85028,903,340463,1506,2190373,5123,2530836,6629,63,4985,-1933,29155,4224,360846,83,12534,5856,"East TN",2455501,789.207579227213,0.235008342329964,269.965273889117,95.8663832757551,1187.33407153978,23.5008342329964
2021-09-14,397801,2815,311912,1954,85889,861,342537,2074,2196595,6222,2539132,8296,43,5028,-943,28212,3715,364561,64,12598,5900,"East TN",2455501,819.058921173317,0.235071746971821,337.853660006654,114.640556041313,1148.93050338811,23.5071746971821
2021-09-15,399596,1795,313105,1193,86491,602,343753,1216,2200370,3775,2544123,4991,23,5051,-1541,26671,3313,367874,36,12634,5938,"East TN",2455501,823.945907576499,0.236787243184748,203.257909485681,73.1011716142653,1086.17345299391,23.6787243184748
2021-09-16,402250,2654,314955,1850,87295,804,345710,1957,2207029,6659,2552739,8616,23,5074,-548,26123,3179,371053,64,12698,5975,"East TN",2455501,854.204498389534,0.236197100754044,350.885623748473,108.08384928371,1063.85621508605,23.6197100754044
2021-09-17,404938,2688,316833,1878,88105,810,347714,2004,2214233,7204,2561947,9208,23,5097,-48,26075,2713,373766,83,12781,6031,"East TN",2455501,740.174815648619,0.228388545384474,374.994756670838,109.468495431279,1061.90142052477,22.8388545384474
2021-09-18,406395,1457,318012,1179,88383,278,349050,1336,2219705,5472,2568755,6808,3,5100,-269,25806,1723,375489,40,12821,6089,"East TN",2455501,624.923386306908,0.226848696126356,277.255028607197,59.3361599119691,1050.94642600431,22.6848696126356
2021-09-19,407039,644,318458,446,88581,198,349563,513,2221782,2077,2571345,2590,17,5117,-1057,24749,1684,377173,24,12845,6132,"East TN",2455501,586.723442588702,0.224998939284654,105.477456535347,26.2268270304105,1007.90022076961,22.4998939284654
2021-09-20,409024,1985,319715,1257,89309,728,350933,1370,2227419,5637,2578352,7007,48,5165,198,24947,1739,378912,69,12914,6174,"East TN",2455501,571.695959398917,0.220346830541291,285.35928105914,80.8389000859702,1015.96374833486,22.0346830541291
2021-09-21,410900,1876,320817,1102,90083,774,352074,1141,2231724,4305,2583798,5446,31,5196,-2047,22900,3892,382804,61,12975,6220,"East TN",2455501,533.455290794017,0.21351811221063,221.78773293108,76.3998874364132,932.599905273914,21.351811221063
2021-09-22,412492,1592,321933,1116,90559,476,353295,1221,2237083,5359,2590378,6580,14,5210,-1353,21547,2931,385735,45,13020,6256,"East TN",2455501,525.188138795301,0.206291211760891,267.969754441151,64.8340196155489,877.499133578036,20.6291211760891
2021-09-23,414846,2354,323442,1509,91404,845,354958,1663,2243440,6357,2598398,8020,32,5242,-398,21149,2720,388455,59,13079,6293,"East TN",2455501,512.970672787346,0.202544952802295,326.613591279336,95.8663832757551,861.290628674148,20.2544952802295
2021-09-24,416388,1542,324425,983,91963,559,356057,1099,2248323,4883,2604380,5982,37,5279,-908,20241,2413,390868,39,13118,6341,"East TN",2455501,466.299952636957,0.196615841444159,243.616272198627,62.7977752808897,824.312431556737,19.6615841444159
2021-09-25,417088,700,324912,487,92176,213,356619,562,2251345,3022,2607964,3584,2,5281,-901,19340,1599,392467,21,13139,6381,"East TN",2455501,435.471213410216,0.193042413731541,145.957993908371,28.5074206852288,787.619308646179,19.3042413731541
2021-09-26,417948,860,325537,625,92411,235,357340,721,2255322,3977,2612662,4698,6,5287,-423,18917,1277,393744,26,13165,6414,"East TN",2455501,444.267788935944,0.188227606070141,191.325517684578,35.0234025561382,770.392681574962,18.8227606070141
2021-09-27,419408,1460,326369,832,93039,628,358262,922,2258913,3591,2617175,4513,47,5334,-1398,17519,2811,396555,44,13209,6444,"East TN",2455501,422.887223422023,0.188779846997914,183.791413646339,59.4583345720486,713.45928997789,18.8779846997914
2021-09-28,420705,1297,327159,790,93546,507,359125,863,2262575,3662,2621700,4525,14,5348,-1024,16495,2307,398862,33,13242,6478,"East TN",2455501,399.307514026669,0.186032399345681,184.280112286658,52.8201780410596,671.75700600407,18.6032399345681
2021-09-29,422387,1682,328170,1011,94217,671,360264,1139,2268073,5498,2628337,6637,30,5378,-385,16110,2037,400899,50,13292,6522,"East TN",2455501,402.972753829056,0.183592823836244,270.291072982662,68.4992594179355,656.077924627194,18.3592823836244
2021-09-30,423596,1209,328929,759,94667,450,361083,819,2272745,4672,2633828,5491,11,5389,-791,15319,1989,402888,40,13332,6557,"East TN",2455501,356.34275856536,0.172876093705899,223.620352832273,49.2363880120595,623.864539252886,17.2876093705899
2021-10-01,424971,1375,329901,972,95070,403,362159,1076,2277718,4973,2639877,6049,14,5403,-304,15015,1665,404553,48,13380,6584,"East TN",2455501,349.541702487598,0.171901850860636,246.34483960707,55.996719203128,611.484173698158,17.1901850860636
2021-10-02,425525,554,330252,351,95273,203,362554,395,2280388,2670,2642942,3065,11,5414,-472,14543,1015,405568,19,13399,6621,"East TN",2455501,343.595869030393,0.169678083366688,124.821777714609,22.5615872280239,592.262027178975,16.9678083366688
2021-10-03,426064,539,330717,465,95347,74,363078,524,2283480,3092,2646558,3616,13,5427,-347,14196,873,406441,15,13414,6652,"East TN",2455501,330.523180401881,0.169282511210762,147.261190282553,21.9507139276262,578.13049149644,16.9282511210762
2021-10-04,427417,1353,331577,860,95840,493,364020,942,2287618,4138,2651638,5080,22,5449,-603,13593,1934,408375,29,13443,6672,"East TN",2455501,326.165617525711,0.167077735542466,206.882424401375,55.100771695878,553.57338482045,16.7077735542466
2021-10-05,428683,1266,332331,754,96352,512,364835,815,2292080,4462,2656915,5277,17,5466,-440,13153,1689,410064,40,13483,6709,"East TN",2455501,324.903146038222,0.162146812437882,214.905227079932,51.5577065535709,535.654434675449,16.2146812437882
2021-10-06,429620,937,333038,707,96582,230,365616,781,2296501,4421,2662117,5202,18,5484,-407,12746,1326,411390,25,13508,6743,"East TN",2455501,294.5631054518,0.158436944937833,211.850860577943,38.1592188315134,519.079405791323,15.8436944937833
2021-10-07,430737,1117,333828,790,96909,327,366474,858,2301285,4784,2667759,5642,24,5508,-381,12365,1474,412864,26,13534,6772,"East TN",2455501,290.816415876027,0.15888125902567,229.769810722944,45.4896984362865,503.56322396122,15.888125902567
2021-10-08,431797,1060,334415,587,97382,473,367118,644,2305532,4247,2672650,4891,9,5517,-129,12236,1180,414044,31,13565,6793,"East TN",2455501,277.988076567674,0.151313581301681,199.185420816363,43.168379894775,498.309713577799,15.1313581301681
2021-10-09,432338,541,334770,355,97568,186,367535,417,2308341,2809,2675876,3226,4,5521,-288,11948,825,414869,32,13597,6822,"East TN",2455501,277.458653040663,0.151241877694784,131.378484472212,22.0321637010125,486.580946210162,15.1241877694784
2021-10-10,432658,320,335038,268,97620,52,367845,310,2310574,2233,2678419,2543,6,5527,-531,11417,845,415714,16,13613,6843,"East TN",2455501,268.539902854855,0.149618656037161,103.563386860767,13.0319637418189,464.956031376082,14.9618656037161
2021-10-11,433880,1222,335574,536,98306,686,368393,548,2314020,3446,2682413,3994,52,5579,-284,11133,1454,417168,33,13646,6857,"East TN",2455501,263.204942698048,0.142095857026807,162.655197452577,49.7658115390708,453.390163555217,14.2095857026807
2021-10-12,434817,937,336211,637,98606,300,369398,1005,2317664,3644,2687062,4649,29,5608,-368,10765,1276,418444,31,13677,6887,"East TN",2455501,249.806454975991,0.151358344113842,189.329998236612,38.1592188315134,438.403405252126,15.1358344113842
2021-10-13,435670,853,336757,546,98913,307,370048,650,2321529,3865,2691577,4515,25,5633,-403,10362,1231,419675,37,13714,6910,"East TN",2455501,246.385564493763,0.150441276306857,183.872863419726,34.738328349286,421.991275914773,15.0441276306857
2021-10-14,436621,951,337409,652,99212,299,370771,723,2325532,4003,2696303,4726,31,5664,-165,10197,1085,420760,33,13747,6941,"East TN",2455501,239.625233302695,0.15053951793722,192.465814511988,38.729367245218,415.271669610397,15.053951793722
2021-10-15,437423,802,337918,509,99505,293,371348,577,2329426,3894,2700774,4471,24,5688,-303,9894,1081,421841,29,13776,6961,"East TN",2455501,229.118212535853,0.150405347745698,182.080968405226,32.6613591279336,402.932028942363,15.0405347745698
2021-10-16,437730,307,338157,239,99573,68,371619,271,2331656,2230,2703275,2501,7,5695,-378,9516,678,422519,12,13788,6975,"East TN",2455501,219.588589049648,0.149056534910033,101.852941619653,12.5025402148075,387.538021772339,14.9056534910033
2021-10-17,437982,252,338367,210,99615,42,371866,247,2333319,1663,2705185,1910,7,5702,-450,9066,695,423214,14,13802,6991,"East TN",2455501,216.819296754512,0.15022790106852,77.7845335839814,10.2626714466824,369.211822760406,15.022790106852
2021-10-18,438772,790,338831,464,99941,326,372382,516,2336510,3191,2708892,3707,23,5725,-473,8593,1240,424454,37,13839,7011,"East TN",2455501,199.226145703056,0.150647683069602,150.967154971633,32.1726604876154,349.94895135453,15.0647683069602
2021-10-19,439604,832,339271,440,100333,392,372856,474,2339838,3328,2712694,3802,25,5750,-270,8323,1077,425531,23,13862,7026,"East TN",2455501,194.950032600272,0.134909488139825,154.836019207486,33.8831057287291,338.95323194737,13.4909488139825
2021-10-20,440367,763,339759,488,100608,275,373397,541,2343859,4021,2717256,4562,15,5765,-217,8106,965,426496,20,13882,7045,"East TN",2455501,191.284792797885,0.130417851162428,185.786933094305,31.0730885468994,330.115931534949,13.0417851162428
2021-10-21,440995,628,340180,421,100815,207,373867,470,2347497,3638,2721364,4108,17,5782,-245,7861,856,427352,21,13903,7063,"East TN",2455501,178.130654395987,0.123538565899206,167.2978345356,25.5752288433196,320.138334295119,12.3538565899206
2021-10-22,441541,546,340517,337,101024,209,374253,386,2350601,3104,2724854,3490,6,5788,-319,7542,859,428211,18,13921,7080,"East TN",2455501,167.705083402532,0.120639534883721,142.129854559212,22.2357881344785,307.147095439994,12.0639534883721
2021-10-23,441900,359,340760,243,101140,116,374526,273,2352986,2385,2727512,2658,0,5788,-197,7345,556,428767,15,13936,7100,"East TN",2455501,169.822777510577,0.119940586706276,108.246748830483,14.6202343228531,299.124292761436,11.9940586706276
2021-10-24,442144,244,340923,163,101221,81,374722,196,2354883,1897,2729605,2093,7,5795,-300,7045,537,429304,15,13951,7111,"East TN",2455501,169.496978417032,0.116953316953317,85.2371878488341,9.9368723531369,286.906826753481,11.6953316953317
2021-10-25,442567,423,341171,248,101396,175,374993,271,2357314,2431,2732307,2702,28,5823,-488,6557,883,430187,21,13972,7121,"East TN",2455501,154.550945000633,0.111509715994021,110.038643844983,17.2266270712168,267.033082047207,11.1509715994021
2021-10-26,443095,528,341496,325,101599,203,375331,338,2359954,2640,2735285,2978,12,5835,-233,6324,749,430936,28,14000,7129,"East TN",2455501,142.170579445905,0.109556903191536,121.278712572302,21.5027401740012,257.544183447696,10.9556903191536
2021-10-27,443716,621,341886,390,101830,231,375755,424,2364151,4197,2739906,4621,10,5845,-89,6235,700,431636,21,14021,7149,"East TN",2455501,136.387645535473,0.104105960264901,188.189701409203,25.2901546364673,253.919668532002,10.4105960264901
2021-10-28,444132,416,342139,253,101993,163,376046,291,2366948,2797,2742994,3088,16,5861,-198,6037,598,432234,15,14036,7164,"East TN",2455501,127.753969556518,0.100739713361073,125.758450108552,16.9415528643645,245.856140966752,10.0739713361073
2021-10-29,444592,460,342444,305,102148,155,376379,333,2370466,3518,2746845,3851,4,5865,-155,5882,611,432845,10,14046,7179,"East TN",2455501,124.251629300904,0.0966759128734482,156.831538655452,18.7334478788646,239.543783529308,9.66759128734482
2021-10-30,444855,263,342644,200,102211,63,376608,229,2373040,2574,2749648,2803,0,5865,-146,5736,409,433254,16,14062,7193,"East TN",2455501,120.342040178359,0.0940549331405855,114.151857400995,10.7106452003074,233.597950072103,9.40549331405855
2021-10-31,445026,171,342770,126,102256,45,376754,146,2374665,1625,2751419,1771,0,5865,-225,5511,396,433650,5,14067,7203,"East TN",2455501,117.369123449756,0.0931511873109013,72.1237743336289,6.96395562453446,224.434850566137,9.31511873109013
2021-11-01,445621,595,343128,358,102493,237,377144,390,2377783,3118,2754927,3508,14,5879,-185,5326,766,434416,23,14090,7213,"East TN",2455501,124.373803960984,0.0950928381962865,142.862902519689,24.2313075824445,216.900746527898,9.50928381962865
2021-11-02,446033,412,343344,216,102689,196,377369,225,2379994,2211,2757363,2436,25,5904,-186,5140,573,434989,15,14105,7234,"East TN",2455501,119.649717104575,0.0923090859679319,99.2058239845962,16.7786533175918,209.325917602966,9.23090859679319
2021-11-03,446607,574,343719,375,102888,199,377762,393,2384572,4578,2762334,4971,6,5910,83,5223,485,435474,14,14119,7246,"East TN",2455501,117.735647429995,0.0894863563402889,202.443411751818,23.3760849618876,212.7060831985,8.94863563402889
2021-11-04,447027,420,344019,300,103008,120,378092,330,2388108,3536,2766200,3866,13,5923,-68,5155,475,435949,9,14128,7254,"East TN",2455501,117.898546976768,0.0881668533999828,157.442411955849,17.1044524111373,209.936790903364,8.81668533999828
2021-11-05,447461,434,344302,283,103159,151,378416,324,2391690,3582,2770106,3906,2,5925,22,5177,410,436359,13,14141,7259,"East TN",2455501,116.839699922745,0.0875714715618417,159.071407423577,17.6746008248419,210.832738410614,8.75714715618417
2021-11-06,447694,233,344472,170,103222,63,378604,188,2393930,2240,2772534,2428,0,5925,-85,5092,318,436677,13,14154,7267,"East TN",2455501,115.617953321949,0.0872148911998602,98.8800248910507,9.48889859951187,207.371123041693,8.72148911998602
2021-11-07,447893,199,344598,126,103295,73,378758,154,2395832,1902,2774590,2056,6,5931,-128,4964,321,436998,8,14162,7278,"East TN",2455501,116.758250149359,0.0864874196193518,83.7303670411863,8.10425245194362,202.158337544965,8.64874196193518
2021-11-08,448435,542,344943,345,103492,197,379144,386,2399365,3533,2778509,3919,25,5956,-26,4938,543,437541,25,14187,7288,"East TN",2455501,114.59983115462,0.0848104486472733,159.600830950588,22.0728885877057,201.099490490943,8.48104486472733
2021-11-09,449304,869,345557,614,103747,255,379945,801,2406641,7276,2786586,8077,10,5966,426,5364,433,437974,26,14213,7303,"East TN",2455501,133.211104373405,0.0881497450638196,328.934909820847,35.3899265363769,218.448292222239,8.81497450638196
2021-11-10,449933,629,345992,435,103941,194,380447,502,2411893,5252,2792340,5754,7,5973,181,5545,441,438415,28,14241,7313,"East TN",2455501,135.45097314153,0.0894821035792841,234.330998032581,25.6159537300127,225.819496713705,8.94821035792841
2021-11-11,450439,506,346372,380,104067,126,380851,404,2416183,4290,2797034,4694,5,5978,86,5631,415,438830,10,14251,7323,"East TN",2455501,138.953313397144,0.0894791463968347,191.162618137806,20.6067926667511,229.321836969319,8.94791463968347
2021-11-12,450923,484,346693,321,104230,163,381183,332,2419633,3450,2800816,3782,2,5980,122,5753,360,439190,24,14275,7332,"East TN",2455501,140.989557731803,0.0901009443178118,154.021521473622,19.7108451595011,234.290273145888,9.01009443178118
2021-11-13,451161,238,346833,140,104328,98,381332,149,2421632,1999,2802964,2148,4,5984,-99,5654,333,439523,11,14286,7340,"East TN",2455501,141.193182165269,0.0896483733158068,87.4770566169592,9.69252303297779,230.258509363262,8.96483733158068
2021-11-14,451522,361,347147,314,104375,47,381676,344,2424611,2979,2806287,3323,1,5985,59,5713,301,439824,12,14298,7346,"East TN",2455501,147.790613809565,0.0920591854118686,135.32879848145,14.7016840962394,232.66127767816,9.20591854118686
2021-11-15,452099,577,347434,287,104665,290,381977,301,2427379,2768,2809356,3069,26,6011,-30,5683,581,440405,18,14316,7349,"East TN",2455501,149.215984843826,0.0918403734560897,124.984677261382,23.4982596219672,231.439531077365,9.18403734560897
2021-11-16,452771,672,347861,427,104910,245,382437,460,2430986,3607,2813423,4067,24,6035,180,5863,468,440873,14,14330,7356,"East TN",2455501,141.193182165269,0.0928568767000783,165.628114181179,27.3671238578196,238.770010682138,9.28568767000782
2021-11-17,453484,713,348325,464,105159,249,382946,509,2435632,4646,2818578,5155,5,6040,299,6162,409,441282,26,14356,7361,"East TN",2455501,144.614072647496,0.0952435399039561,209.936790903364,29.0368442122402,250.9467518034,9.52435399039561
2021-11-18,454111,627,348734,409,105377,218,383424,478,2440495,4863,2823919,5341,12,6052,181,6343,434,441716,18,14374,7367,"East TN",2455501,149.541783937372,0.0957039241212572,217.511619828296,25.5345039566264,258.317956294866,9.57039241212572
2021-11-19,454724,613,349173,439,105551,174,383884,460,2444969,4474,2828853,4934,7,6059,215,6558,391,442107,13,14387,7373,"East TN",2455501,154.795294320792,0.0963369832721047,200.93659094417,24.9643555429218,267.073806933901,9.63369832721047
2021-11-20,455045,321,349418,245,105627,76,384171,287,2447673,2704,2831844,2991,0,6059,21,6579,300,442407,14,14401,7380,"East TN",2455501,158.175459916327,0.098303324099723,121.808136099313,13.0726886285121,267.929029554458,9.8303324099723
2021-11-21,455309,264,349570,152,105739,112,384335,164,2449157,1484,2833492,1648,9,6068,-93,6486,348,442755,9,14410,7390,"East TN",2455501,154.225145907088,0.0977393861422533,67.1146132703672,10.7513700870006,264.141615091991,9.77393861422533
2021-11-22,456064,755,350063,493,106001,262,384847,512,2453025,3868,2837872,4380,21,6089,157,6643,577,443332,38,14448,7395,"East TN",2455501,161.474175738475,0.10064525178847,178.375003716146,30.7472894533539,270.535422302821,10.064525178847
2021-11-23,456741,677,350527,464,106214,213,385337,490,2456326,3301,2841663,3791,21,6110,120,6763,536,443868,17,14465,7401,"East TN",2455501,161.67780017194,0.102691218130312,154.388045453861,27.5707482912856,275.422408706003,10.2691218130312
2021-11-24,457477,736,351052,525,106425,211,385910,573,2460354,4028,2846264,4601,6,6116,254,7017,476,444344,21,14486,7410,"East TN",2455501,162.614472565884,0.107057718702593,187.37520367534,29.9735166061834,285.766529926072,10.7057718702593
2021-11-25,457763,286,351209,157,106554,129,386083,173,2461990,1636,2848073,1809,1,6117,-198,6819,483,444827,8,14494,7416,"East TN",2455501,148.727286203508,0.11008528608098,73.6713200279699,11.6473175942506,277.703002360822,11.008528608098
2021-11-26,457995,232,351411,202,106584,30,386326,243,2463667,1677,2849993,1920,1,6118,-289,6530,520,445347,16,14510,7419,"East TN",2455501,133.211104373405,0.115515610217597,78.1917824509133,9.44817371281869,265.933510106491,11.5515610217597
2021-11-27,458279,284,351636,225,106643,59,386580,254,2465262,1595,2851842,1849,0,6118,-98,6432,382,445729,13,14523,7429,"East TN",2455501,131.704283565757,0.12046204620462,75.3003154956972,11.5658678208643,261.94247121056,12.046204620462
2021-11-28,458593,314,351846,210,106747,104,386797,217,2466772,1510,2853569,1727,7,6125,-108,6324,415,446144,18,14541,7437,"East TN",2455501,133.740527900416,0.122627882651791,70.3318793191288,12.7876144216598,257.544183447696,12.2627882651791
2021-11-29,459692,1099,352550,704,107142,395,387535,738,2471320,4548,2858855,5286,19,6144,432,6756,648,446792,31,14572,7441,"East TN",2455501,147.749888922872,0.128103702997665,215.271751060171,44.7566504758092,275.137334499151,12.8103702997665
2021-11-30,460530,838,353050,500,107480,338,388040,505,2474687,3367,2862727,3872,64,6208,188,6944,586,447378,25,14597,7449,"East TN",2455501,154.306595680474,0.128323205469047,157.686761276008,34.1274550488882,282.79361319747,12.8323205469047
2021-12-01,461617,1087,353815,765,107802,322,388847,807,2479860,5173,2868707,5980,48,6256,506,7450,533,447911,29,14626,7460,"East TN",2455501,168.601030909782,0.130864857639353,243.53482242524,44.267951835491,303.400405864221,13.0864857639353
2021-12-02,462520,903,354435,620,108085,283,389513,666,2484521,4661,2874034,5327,39,6295,277,7727,587,448498,16,14642,7471,"East TN",2455501,193.728285999476,0.132121258811294,216.941471414591,36.7745726839452,314.681199478233,13.2121258811294
2021-12-03,463538,1018,355165,730,108373,288,390295,782,2489499,4978,2879794,5760,21,6316,514,8241,483,448981,19,14661,7477,"East TN",2455501,225.738046940319,0.133183450219791,234.57534735274,41.4579346536613,335.613791238529,13.3183450219791
2021-12-04,463961,423,355495,330,108466,93,390676,381,2492251,2752,2882927,3133,3,6319,22,8263,398,449379,23,14684,7483,"East TN",2455501,231.398806190671,0.131767733633585,127.591070009745,17.2266270712168,336.509738745779,13.1767733633585
2021-12-05,464346,385,355703,208,108643,177,390907,231,2494183,1932,2885090,2163,12,6331,-30,8233,403,449782,13,14697,7487,"East TN",2455501,234.290273145888,0.13038926429999,88.087929917357,15.6790813768758,335.287992144984,13.038926429999
2021-12-06,465300,954,356345,642,108955,312,391597,690,2498367,4184,2889964,4874,69,6400,129,8362,756,450538,22,14719,7496,"East TN",2455501,228.385164575376,0.13057314603491,198.493097742579,38.8515419052975,340.541502528405,13.057314603491
2021-12-07,466140,840,356875,530,109265,310,392137,540,2501844,3477,2893981,4017,8,6408,217,8579,615,451153,16,14735,7500,"East TN",2455501,228.466614348762,0.131087220835733,163.59186984652,34.2089048222746,349.378802940825,13.1087220835733
2021-12-08,467187,1047,357499,624,109688,423,392794,657,2506460,4616,2899254,5273,4,6412,451,9030,592,451745,17,14752,7508,"East TN",2455501,226.837618881035,0.129210724457394,214.742327533159,42.6389563677636,367.745726839451,12.9210724457394
2021-12-09,468105,918,358110,611,109995,307,393458,664,2511437,4977,2904895,5641,19,6431,535,9565,364,452109,20,14772,7518,"East TN",2455501,227.448492181433,0.127831243316808,229.729085836251,37.3854459843429,389.533541220305,12.7831243316808
2021-12-10,468899,794,358653,543,110246,251,394059,601,2515947,4510,2910006,5111,5,6436,163,9728,626,452735,13,14785,7523,"East TN",2455501,218.326117562159,0.124586257116378,208.144895888863,32.3355600343881,396.171697751294,12.4586257116378
2021-12-11,469296,397,358937,284,110359,113,394384,325,2518869,2922,2913253,3247,0,6436,-168,9560,565,453300,13,14798,7529,"East TN",2455501,217.267270508137,0.122271318340698,132.233707092768,16.167780017194,389.329916786839,12.2271318340698
2021-12-12,469728,432,359196,259,110532,173,394678,294,2521388,2519,2916066,2813,9,6445,-124,9436,547,453847,12,14810,7534,"East TN",2455501,219.181340182716,0.121739411157025,114.559106267927,17.5931510514555,384.280030836884,12.1739411157025
2021-12-13,470611,883,359764,568,110847,315,395281,603,2525990,4602,2921271,5205,24,6469,-155,9281,1014,454861,12,14822,7540,"East TN",2455501,216.2898732275,0.117673363784457,211.973035238023,35.9600749500815,377.967673399441,11.7673363784457
2021-12-14,471367,756,360214,450,111153,306,395764,483,2530013,4023,2925777,4506,36,6505,-112,9169,832,455693,13,14835,7546,"East TN",2455501,212.868982745273,0.114070952321047,183.506339439487,30.7880143400471,373.406486089804,11.4070952321047
2021-12-15,472237,870,360800,586,111437,284,396392,628,2534817,4804,2931209,5432,19,6524,39,9208,812,456505,15,14850,7554,"East TN",2455501,205.660677800579,0.112595837897043,221.217584517375,35.4306514230701,374.994756670838,11.2595837897043
2021-12-16,473035,798,361300,500,111735,298,396936,544,2538638,3821,2935574,4365,19,6543,68,9276,711,457216,12,14862,7563,"East TN",2455501,200.773691397397,0.113367450047264,177.764130415748,32.4984595811608,377.764048965975,11.3367450047264
2021-12-17,473849,814,361833,533,112016,281,397520,584,2543306,4668,2940826,5252,24,6567,105,9381,685,457901,11,14873,7571,"East TN",2455501,201.588189131261,0.112297209604153,213.887104912602,33.1500577682518,382.040162068759,11.2297209604153
2021-12-18,474421,572,362207,374,112214,198,397946,426,2546651,3345,2944597,3771,0,6567,56,9437,516,458417,9,14882,7578,"East TN",2455501,208.715044302568,0.113642164369576,153.573547719997,23.2946351885012,384.320755723577,11.3642164369576
2021-12-19,474841,420,362482,275,112359,145,398257,311,2549314,2663,2947571,2974,6,6573,-140,9297,554,458971,8,14890,7583,"East TN",2455501,208.22634566225,0.113601015711792,121.115813025529,17.1044524111373,378.619271586532,11.3601015711792
2021-12-20,475775,934,363096,614,112679,320,398894,637,2553276,3962,2952170,4599,40,6613,19,9316,875,459846,8,14898,7588,"East TN",2455501,210.303314883602,0.116929350464416,187.293753901953,38.0370441714339,379.393044433702,11.6929350464416
2021-12-21,476785,1010,363730,634,113055,376,399560,666,2557659,4383,2957219,5049,30,6643,166,9482,814,460660,8,14906,7594,"East TN",2455501,220.647436103671,0.12073023344571,205.619952913886,41.1321355601158,386.153375624771,12.073023344571
2021-12-22,478287,1502,364424,694,113863,808,400305,745,2561999,4340,2962304,5085,874,7517,-144,9338,772,461432,13,14919,7599,"East TN",2455501,246.385564493763,0.125840167229458,207.086048834841,61.1687798131624,380.288991940952,12.5840167229458
2021-12-23,479440,1153,365192,768,114248,385,401159,854,2566484,4485,2967643,5339,28,7545,336,9674,789,462221,3,14922,7604,"East TN",2455501,260.842899269843,0.131684804639995,217.430170054909,46.9557943572412,393.972553869862,13.1684804639995
2021-12-24,480370,930,365811,619,114559,311,401858,699,2570321,3837,2972179,4536,0,7545,219,9893,711,462932,0,14922,7607,"East TN",2455501,265.566986126253,0.138359965553536,184.728086040283,37.8741446246611,402.891304055669,13.8359965553536
2021-12-25,480849,479,366086,275,114763,204,402177,319,2572440,2119,2974617,2438,8,7553,-39,9854,510,463442,0,14922,7609,"East TN",2455501,261.779571663787,0.140939373750833,99.2872737579826,19.5072207260351,401.303033474635,14.0939373750833
2021-12-26,481190,341,366360,274,114830,67,402466,289,2574315,1875,2976781,2164,62,7615,-235,9619,514,463956,0,14922,7612,"East TN",2455501,258.562305615025,0.144094488188976,88.1286548040502,13.8871863623757,391.732685101737,14.4094488188976
