"DATE","TOTAL_CASES","NEW_CASES","TOTAL_CONFIRMED","NEW_CONFIRMED","TOTAL_PROBABLE","NEW_PROBABLE","POS_TESTS","NEW_POS_TESTS","NEG_TESTS","NEW_NEG_TESTS","TOTAL_TESTS","NEW_TESTS","NEW_DEATHS","TOTAL_DEATHS","NEW_HOSPITALIZED","TOTAL_HOSPITALIZED","TOTAL_DEATHS_BY_DOD","NEW_DEATHS_BY_DOD","Region","Population","New_cases_per_100k_per_week","PositivityRate_per_week","Tests_per_100k","New_cases_per_100k","PositivityPercentage_per_week"
2022-09-03,146483,90,110675,57,35808,33,119491,68,583532,155,703023,223,0,1483,0,2785,1483,0,"Knox County",470313,NA,NA,47.4152319838065,19.13619228046,NA
2022-09-02,146393,226,110618,166,35775,60,119423,177,583377,396,702800,573,1,1483,0,2785,1483,0,"Knox County",470313,NA,NA,121.833757518929,48.0531050598219,NA
2022-09-01,146167,169,110452,88,35715,81,119246,96,582981,227,702227,323,3,1482,0,2785,1483,0,"Knox County",470313,NA,NA,68.6776678509843,35.9335166155305,NA
2022-08-31,145998,277,110364,167,35634,110,119150,182,582754,301,701904,483,1,1479,0,2785,1483,0,"Knox County",470313,NA,NA,102.697565238469,58.8969473520825,NA
2022-08-30,145721,250,110197,147,35524,103,118968,158,582453,216,701421,374,-1,1478,0,2785,1483,0,"Knox County",470313,NA,NA,79.521510143245,53.1560896679445,NA
2022-08-29,145471,239,110050,109,35421,130,118810,118,582237,123,701047,241,0,1479,0,2785,1483,1,"Knox County",470313,NA,NA,51.2424704398985,50.817221722555,NA
2022-08-28,145232,105,109941,75,35291,30,118692,82,582114,137,700806,219,1,1479,0,2785,1482,0,"Knox County",470313,288.318630358931,0.361658456486043,46.5647345491194,22.3255576605367,36.1658456486043
2022-08-27,145127,135,109866,72,35261,63,118610,77,581977,211,700587,288,0,1478,0,2785,1482,0,"Knox County",470313,297.886726499161,0.355857656937225,61.2358152974721,28.70428842069,35.5857656937225
2022-08-26,144992,230,109794,153,35198,77,118533,167,581766,352,700299,519,0,1478,0,2785,1482,0,"Knox County",470313,298.737223933848,0.359624029423784,110.352042150653,48.903602494509,35.9624029423784
2022-08-25,144762,257,109641,143,35121,114,118366,155,581414,318,699780,473,3,1478,0,2785,1482,1,"Knox County",470313,317.448167496965,0.361571043511744,100.571321651751,54.644460178647,36.1571043511744
2022-08-24,144505,281,109498,161,35007,120,118211,169,581096,272,699307,441,2,1475,0,2785,1481,0,"Knox County",470313,318.298664931652,0.362426614481409,93.7673421742542,59.7474447867697,36.2426614481409
2022-08-23,144224,282,109337,172,34887,110,118042,187,580824,292,698866,479,4,1473,0,2785,1481,0,"Knox County",470313,325.102644409149,0.359022556390977,101.847067803782,59.9600691454414,35.9022556390977
2022-08-22,143942,279,109165,148,34777,131,117855,154,580532,276,698387,430,0,1469,0,2785,1481,0,"Knox County",470313,333.60761875602,0.347841347841348,91.4284742288646,59.3221960694261,34.7841347841348
2022-08-21,143663,129,109017,90,34646,39,117701,104,580256,196,697957,300,0,1469,0,2785,1481,0,"Knox County",470313,338.710603364143,0.345733788395904,63.7873076015334,27.4285422686594,34.5733788395904
2022-08-20,143534,75,108927,52,34607,23,117597,60,580060,123,697657,183,0,1469,0,2785,1481,2,"Knox County",470313,325.953141843836,0.352566371681416,38.9102576369354,15.9468269003834,35.2566371681416
2022-08-19,143459,211,108875,146,34584,65,117537,149,579937,248,697474,397,0,1469,0,2785,1479,0,"Knox County",470313,321.913279029072,0.361820199778024,84.4118703926959,44.8637396797452,36.1820199778024
2022-08-18,143248,616,108729,212,34519,404,117388,222,579689,286,697077,508,0,1469,1,2785,1479,3,"Knox County",470313,398.24542379224,0.381665449233017,108.013174205263,130.976604941815,38.1665449233017
2022-08-17,142632,199,108517,135,34115,64,117166,149,579403,266,696569,415,3,1469,0,2784,1476,1,"Knox County",470313,380.810226381155,0.377949852507375,88.2391088487879,42.3122473756839,37.7949852507375
2022-08-16,142433,260,108382,175,34051,85,117017,191,579137,191,696154,382,4,1466,0,2784,1475,1,"Knox County",470313,376.132490490376,0.393499043977055,81.2225050126193,55.2823332546623,39.3499043977055
2022-08-15,142173,236,108207,145,33966,91,116826,147,578946,154,695772,301,1,1462,0,2784,1474,0,"Knox County",470313,366.989643067489,0.411102172164119,63.9999319602052,50.1793486465396,41.1102172164119
2022-08-14,141937,91,108062,69,33875,22,116679,79,578792,122,695471,201,1,1461,0,2784,1474,1,"Knox County",470313,358.909917437962,0.41767909509845,42.7374960930274,19.3488166391318,41.767909509845
2022-08-13,141846,98,107993,67,33853,31,116600,79,578670,154,695270,233,0,1460,0,2784,1473,0,"Knox County",470313,363.800277687412,0.416906032006565,49.5414755705243,20.8371871498343,41.6906032006565
2022-08-12,141748,209,107926,143,33822,66,116521,150,578516,338,695037,488,1,1460,0,2784,1473,1,"Knox County",470313,363.375028970069,0.402294303797468,103.760687031828,44.4384909624016,40.2294303797468
2022-08-11,141539,178,107783,128,33756,50,116371,133,578178,188,694549,321,0,1459,0,2784,1472,2,"Knox County",470313,270.24555987183,0.396411789833405,68.2524191336408,37.8471358435765,39.6411789833405
2022-08-10,141361,222,107655,158,33706,64,116238,168,577990,255,694228,423,1,1459,0,2784,1470,1,"Knox County",470313,275.135920121281,0.403150276713495,89.9401037181622,47.2026076251348,40.3150276713495
2022-08-09,141139,272,107497,192,33642,80,116070,199,577735,349,693805,548,5,1458,0,2784,1469,3,"Knox County",470313,277.687412425342,0.379721669980119,116.518148552134,57.8338255587237,37.9721669980119
2022-08-08,140867,236,107305,149,33562,87,115871,155,577386,327,693257,482,2,1453,0,2784,1466,0,"Knox County",470313,277.687412425342,0.357195845697329,102.484940879797,50.1793486465396,35.7195845697329
2022-08-07,140631,84,107156,57,33475,27,115716,61,577059,115,692775,176,1,1451,0,2784,1466,1,"Knox County",470313,276.19904191464,0.353800074878323,37.421887126233,17.8604461284294,35.3800074878323
2022-08-06,140547,96,107099,68,33448,28,115655,74,576944,102,692599,176,0,1450,1,2784,1465,1,"Knox County",470313,275.773793197296,0.359602142310635,37.421887126233,20.4119384324907,35.9602142310635
2022-08-05,140451,205,107031,121,33420,84,115581,120,576842,281,692423,401,2,1450,1,2783,1464,2,"Knox County",470313,274.923295762609,0.3601108033241,85.262367827383,43.5879935277145,36.01108033241
2022-08-04,140246,190,106910,127,33336,63,115461,135,576561,239,692022,374,5,1448,0,2782,1462,3,"Knox County",470313,277.47478806667,0.353488372093023,79.521510143245,40.3986281476379,35.3488372093023
2022-08-03,140056,205,106783,121,33273,84,115326,126,576322,289,691648,415,-2,1443,0,2782,1459,1,"Knox County",470313,273.86017396925,0.338258164852255,88.2391088487879,43.5879935277145,33.8258164852255
2022-08-02,139851,283,106662,173,33189,110,115200,181,576033,308,691233,489,0,1445,0,2782,1458,0,"Knox County",470313,276.19904191464,0.339037007560684,103.9733113905,60.1726935041132,33.9037007560684
2022-08-01,139568,175,106489,99,33079,76,115019,110,575725,133,690744,243,4,1445,1,2782,1458,1,"Knox County",470313,263.228956035661,0.354881266490765,51.6677191572421,37.2092627675612,35.4881266490765
2022-07-31,139393,99,106390,64,33003,35,114909,73,575592,153,690501,226,0,1441,0,2781,1457,1,"Knox County",470313,266.418321415738,0.352409638554217,48.0531050598219,21.049811508506,35.2409638554217
2022-07-30,139294,116,106326,85,32968,31,114836,95,575439,203,690275,298,0,1441,0,2781,1456,1,"Knox County",470313,270.670808589174,0.343417825020442,63.3620588841899,24.6644256059263,34.3417825020442
2022-07-29,139178,218,106241,150,32937,68,114741,154,575236,298,689977,452,0,1441,0,2781,1455,0,"Knox County",470313,273.434925251907,0.350020024028835,96.1062101196437,46.3521101904476,35.0020024028835
2022-07-28,138960,281,106091,187,32869,94,114587,203,574938,319,689525,522,1,1441,0,2781,1455,1,"Knox County",470313,292.783741891039,0.356143667296786,110.989915226668,59.7474447867697,35.6143667296786
2022-07-27,138679,198,105904,129,32775,69,114384,134,574619,248,689003,382,4,1440,0,2781,1454,0,"Knox County",470313,291.295371380336,0.363705972434916,81.2225050126193,42.0996230170121,36.3705972434916
2022-07-26,138481,300,105775,229,32706,71,114250,237,574371,239,688621,476,1,1436,1,2781,1454,1,"Knox County",470313,294.909985477756,0.387071950750289,101.209194727766,63.7873076015334,38.7071950750289
2022-07-25,138181,289,105546,172,32635,117,114013,181,574132,249,688145,430,1,1435,0,2780,1453,1,"Knox County",470313,319.149162366339,0.386575735821967,91.4284742288646,61.4484396561439,38.6575735821967
2022-07-24,137892,112,105374,68,32518,44,113832,73,573883,178,687715,251,0,1434,0,2780,1452,1,"Knox County",470313,321.913279029072,0.383137673425827,53.3687140266163,23.8139281712392,38.3137673425827
2022-07-23,137780,110,105306,53,32474,57,113759,59,573705,143,687464,202,0,1434,0,2780,1451,0,"Knox County",470313,320.637532877041,0.383425414364641,42.9501204516992,23.3886794538956,38.3425414364641
2022-07-22,137670,262,105253,183,32417,79,113700,190,573562,309,687262,499,0,1434,0,2780,1451,1,"Knox County",470313,329.9930046586,0.389934829833454,106.099554977217,55.7075819720059,38.9934829833454
2022-07-21,137408,286,105070,175,32338,111,113510,179,573253,354,686763,533,0,1434,2,2780,1450,2,"Knox County",470313,331.056126451959,0.379733141002524,113.328783172058,60.8105665801286,37.9733141002524
2022-07-20,137122,222,104895,141,32227,81,113331,152,572899,318,686230,470,5,1434,0,2778,1448,0,"Knox County",470313,336.159111060081,0.374344634743097,99.9334485757357,47.2026076251348,37.4344634743097
2022-07-19,136900,226,104754,144,32146,82,113179,148,572581,234,685760,382,1,1429,1,2778,1448,2,"Knox County",470313,320.42490851837,0.354897000361402,81.2225050126193,48.0531050598219,35.4897000361402
2022-07-18,136674,347,104610,205,32064,142,113031,231,572347,382,685378,613,1,1428,0,2777,1446,1,"Knox County",470313,332.757121321333,0.349830508474576,130.3387318658,73.780652459107,34.9830508474576
2022-07-17,136327,76,104405,62,31922,14,112800,69,571965,87,684765,156,0,1427,0,2777,1445,1,"Knox County",470313,325.102644409149,0.360070052539405,33.1693999527974,16.1594512590551,36.0070052539405
2022-07-16,136251,102,104343,65,31908,37,112731,67,571878,123,684609,190,1,1427,0,2777,1444,2,"Knox County",470313,323.401649539775,0.36440379880408,40.3986281476379,21.6876845845214,36.440379880408
2022-07-15,136149,191,104278,119,31871,72,112664,129,571755,326,684419,455,0,1426,2,2777,1442,2,"Knox County",470313,308.305320074078,0.348338692390139,96.7440831956591,40.6112525063096,34.8338692390139
2022-07-14,135958,205,104159,143,31799,62,112535,145,571429,239,683964,384,1,1426,0,2775,1440,5,"Knox County",470313,291.082747021664,0.355094339622642,81.6477537299628,43.5879935277145,35.5094339622642
2022-07-13,135753,267,104016,171,31737,96,112390,180,571190,320,683580,500,0,1425,0,2775,1435,1,"Knox County",470313,300.650843161894,0.361567164179104,106.312179335889,56.7707037653648,36.1567164179104
2022-07-12,135486,236,103845,162,31641,74,112210,171,570870,293,683080,464,4,1425,0,2775,1434,1,"Knox County",470313,302.777086748612,0.359160028964518,98.6577024237051,50.1793486465396,35.9160028964519
2022-07-11,135250,200,103683,135,31567,65,112039,143,570577,253,682616,396,0,1421,1,2775,1433,0,"Knox County",470313,271.521306023861,0.355206286836935,84.1992460340241,42.5248717343556,35.5206286836935
2022-07-10,135050,83,103548,43,31502,40,111896,42,570324,87,682220,129,0,1421,1,2774,1433,1,"Knox County",470313,273.009676534563,0.348292295472597,27.4285422686594,17.6478217697576,34.8292295472597
2022-07-09,134967,118,103505,78,31462,40,111854,78,570237,104,682091,182,0,1421,0,2773,1432,2,"Knox County",470313,276.411666273312,0.353784860557769,38.6976332782636,25.0896743232698,35.3784860557769
2022-07-08,134849,193,103427,125,31422,68,111776,132,570133,304,681909,436,1,1421,0,2773,1430,0,"Knox County",470313,276.836914990655,0.357687675632276,92.7042203808953,41.0365012236532,35.7687675632276
2022-07-07,134656,181,103302,105,31354,76,111644,109,569829,205,681473,314,0,1420,0,2773,1430,4,"Knox County",470313,271.733930382532,0.353159851301115,66.7640486229383,38.4850089195918,35.3159851301115
2022-07-06,134475,227,103197,156,31278,71,111535,158,569624,228,681159,386,3,1420,1,2773,1426,0,"Knox County",470313,263.228956035661,0.361074989163416,82.0730024473064,48.2657294184936,36.1074989163416
2022-07-05,134248,164,103041,118,31207,46,111377,122,569396,118,680773,240,0,1417,1,2772,1426,1,"Knox County",470313,247.920002211293,0.376380220835334,51.0298460812268,34.8703948221716,37.6380220835334
2022-07-04,134084,79,102923,44,31161,35,111255,47,569278,123,680533,170,1,1417,1,2771,1425,0,"Knox County",470313,222.192454812008,0.370490037695207,36.1461409742023,16.7973243350705,37.0490037695207
2022-07-03,134005,105,102879,65,31126,40,111208,69,569155,159,680363,228,0,1416,0,2770,1425,0,"Knox County",470313,226.870190702787,0.365541922290389,48.4783537771654,22.3255576605367,36.5541922290389
2022-07-02,133900,108,102814,75,31086,33,111139,79,568996,200,680135,279,0,1416,0,2770,1425,2,"Knox County",470313,224.74394711607,0.348757915245981,59.3221960694261,22.963430736552,34.8757915245981
2022-07-01,133792,184,102739,124,31053,60,111060,131,568796,318,679856,449,0,1416,1,2770,1423,1,"Knox County",470313,222.830327888024,0.346079380445305,95.4683370436284,39.1228819956072,34.6079380445305
2022-06-30,133608,195,102615,118,30993,77,110929,124,568478,308,679407,432,1,1416,2,2769,1422,1,"Knox County",470313,225.807068909428,0.334249084249084,91.8537229462082,41.4617499409967,33.4249084249084
2022-06-29,133413,184,102497,120,30916,64,110805,131,568170,244,678975,375,2,1415,0,2767,1421,1,"Knox County",470313,216.664221486542,0.323515876668201,79.7341345019168,39.1228819956072,32.3515876668201
2022-06-28,133229,183,102377,116,30852,67,110674,122,567926,265,678600,387,1,1413,0,2767,1420,0,"Knox County",470313,220.704084301306,0.30301724137931,82.2856268059781,38.9102576369354,30.301724137931
2022-06-27,133046,142,102261,100,30785,42,110552,102,567661,167,678213,269,0,1412,0,2767,1420,0,"Knox County",470313,234.099418897628,0.313352625051674,57.1959524827083,30.1926589313925,31.3352625051674
2022-06-26,132904,89,102161,57,30743,32,110450,62,567494,168,677944,230,0,1412,0,2767,1420,0,"Knox County",470313,230.697429158879,0.310202395704254,48.903602494509,18.9235679217883,31.0202395704254
2022-06-25,132815,104,102104,60,30711,44,110388,71,567326,203,677714,274,0,1412,0,2767,1420,0,"Knox County",470313,229.846931724192,0.307533112582781,58.2590742760672,22.1129333018649,30.7533112582781
2022-06-24,132711,145,102044,119,30667,26,110317,128,567123,386,677440,514,0,1412,1,2767,1420,2,"Knox County",470313,221.554581735993,0.298266827891979,109.288920357294,30.8305320074078,29.8266827891979
2022-06-23,132566,185,101925,128,30641,57,110189,136,566737,304,676926,440,1,1412,1,2766,1418,0,"Knox County",470313,219.428338149275,0.302129369224588,93.5547178155824,39.335506354279,30.2129369224588
2022-06-22,132381,182,101797,127,30584,55,110053,131,566433,332,676486,463,0,1411,0,2765,1418,0,"Knox County",470313,219.003089431931,0.291812184710904,98.4450780650333,38.6976332782636,29.1812184710904
2022-06-21,132199,177,101670,88,30529,89,109922,95,566101,175,676023,270,1,1411,1,2765,1418,0,"Knox County",470313,217.727343279901,0.294715447154472,57.4085768413801,37.6345114849047,29.4715447154472
2022-06-20,132022,120,101582,84,30440,36,109827,91,565926,157,675753,248,0,1410,0,2764,1418,1,"Knox County",470313,213.049607389122,0.292742927429274,52.730840950601,25.5149230406134,29.2742927429274
2022-06-19,131902,90,101498,60,30404,30,109736,65,565769,198,675505,263,0,1410,0,2764,1417,0,"Knox County",470313,213.262231747793,0.29004854368932,55.9202063306777,19.13619228046,29.004854368932
2022-06-18,131812,99,101438,81,30374,18,109671,87,565571,194,675242,281,-1,1410,0,2764,1417,0,"Knox County",470313,212.199109954435,0.295683743444937,59.7474447867697,21.049811508506,29.5683743444937
2022-06-17,131713,133,101357,84,30356,49,109584,89,565377,254,674961,343,3,1411,2,2764,1417,1,"Knox County",470313,209.647617650373,0.300693240901213,72.9301550244199,28.2790397033465,30.0693240901213
2022-06-16,131580,138,101273,104,30307,34,109495,108,565123,301,674618,409,1,1408,0,2762,1416,0,"Knox County",470313,199.6542727928,0.292490118577075,86.9633626967573,29.3421614967054,29.2490118577075
2022-06-15,131442,113,101169,81,30273,32,109387,85,564822,264,674209,349,0,1407,0,2762,1416,1,"Knox County",470313,184.983192044447,0.286638927415626,74.2059011764506,24.0265525299109,28.6638927415626
2022-06-14,131329,170,101088,106,30241,64,109302,114,564558,244,673860,358,2,1407,0,2762,1415,0,"Knox County",470313,183.494821533745,0.283873833851622,76.1195204044966,36.1461409742023,28.3873833851622
2022-06-13,131159,117,100982,71,30177,46,109188,71,564314,150,673502,221,1,1405,0,2762,1415,2,"Knox County",470313,182.856948457729,0.278327338129496,46.989983266463,24.877049964598,27.8327338129496
2022-06-12,131042,79,100911,44,30131,35,109117,48,564164,129,673281,177,1,1404,1,2762,1413,1,"Knox County",470313,180.51808051234,0.281571562207671,37.6345114849047,16.7973243350705,28.1571562207671
2022-06-11,130963,102,100867,82,30096,20,109069,93,564035,227,673104,320,0,1403,0,2761,1412,0,"Knox County",470313,181.155953588355,0.279283417547083,68.039794774969,21.6876845845214,27.9283417547083
2022-06-10,130861,122,100785,77,30076,45,108976,88,563808,368,672784,456,0,1403,1,2761,1412,0,"Knox County",470313,178.817085642965,0.265065502183406,96.9567075543308,25.9401717579569,26.5065502183406
2022-06-09,130739,161,100708,107,30031,54,108888,114,563440,330,672328,444,1,1403,0,2760,1412,0,"Knox County",470313,183.707445892416,0.263655913978495,94.4052152502695,34.2325217461563,26.3655913978495
2022-06-08,130578,150,100601,100,29977,50,108774,116,563110,324,671884,440,0,1402,0,2760,1412,0,"Knox County",470313,191.574547163272,0.266556291390728,93.5547178155824,31.8936538007667,26.6556291390728
2022-06-07,130428,121,100501,70,29927,51,108658,71,562786,169,671444,240,0,1402,0,2760,1412,0,"Knox County",470313,181.155953588355,0.261531766753699,51.0298460812268,25.7275473992852,26.1531766753699
2022-06-06,130307,116,100431,79,29876,37,108587,81,562617,280,671204,361,0,1402,1,2760,1412,0,"Knox County",470313,180.943329229683,0.250615258408532,76.7573934805119,24.6644256059263,25.0615258408532
2022-06-05,130191,75,100352,54,29839,21,108506,57,562337,233,670843,290,3,1402,1,2759,1412,0,"Knox County",470313,180.092831794996,0.243041944335555,61.6610640148157,15.9468269003834,24.3041944335555
2022-06-04,130116,86,100298,72,29818,14,108449,76,562104,300,670553,376,0,1399,0,2758,1412,1,"Knox County",470313,176.690842056248,0.231300345224396,79.9467588605886,18.2856948457729,23.1300345224396
2022-06-03,130030,132,100226,90,29804,42,108373,96,561804,346,670177,442,0,1399,1,2758,1411,3,"Knox County",470313,178.817085642965,0.235634400308523,93.9799665329259,28.0664153446747,23.5634400308523
2022-06-02,129898,114,100136,88,29762,26,108277,96,561458,284,669735,380,0,1399,0,2757,1408,0,"Knox County",470313,168.823740785392,0.234480031633057,80.7972562952757,24.2391768885827,23.4480031633057
2022-06-01,129784,169,100048,90,29736,79,108181,105,561174,303,669355,408,1,1399,1,2757,1408,0,"Knox County",470313,172.863603600156,0.233079695634762,86.7507383380855,35.9335166155305,23.3079695634762
2022-05-31,129615,129,99958,94,29657,35,108076,96,560871,214,668947,310,0,1398,2,2756,1408,0,"Knox County",470313,174.56459846953,0.236462797039346,65.9135511882512,27.4285422686594,23.6462797039346
2022-05-30,129486,57,99864,32,29622,25,107980,36,560657,118,668637,154,0,1398,3,2754,1408,0,"Knox County",470313,162.019761307895,0.238135593220339,32.7441512354538,12.1195884442914,23.8135593220339
2022-05-29,129429,56,99832,43,29597,13,107944,46,560539,200,668483,246,0,1398,0,2751,1408,1,"Knox County",470313,157.979898493131,0.237910189982729,52.3055922332574,11.9069640856196,23.7910189982729
2022-05-28,129373,69,99789,56,29584,13,107898,58,560339,229,668237,287,0,1398,0,2751,1407,0,"Knox County",470313,154.365284395711,0.23933542882802,61.0231909388003,14.6710807483527,23.933542882802
2022-05-27,129304,98,99733,66,29571,32,107840,67,560110,417,667950,484,2,1398,2,2751,1407,0,"Knox County",470313,147.13605620087,0.222124283825474,102.910189597141,20.8371871498343,22.2124283825474
2022-05-26,129206,102,99667,78,29539,24,107773,82,559693,367,667466,449,1,1396,3,2749,1407,1,"Knox County",470313,144.584563896809,0.209580838323353,95.4683370436284,21.6876845845214,20.9580838323353
2022-05-25,129104,108,99589,79,29515,29,107691,86,559326,264,667017,350,2,1395,0,2746,1406,1,"Knox County",470313,131.614478017831,0.206578947368421,74.4185255351224,22.963430736552,20.6578947368421
2022-05-24,128996,106,99510,68,29486,38,107605,73,559062,281,666667,354,0,1393,1,2746,1405,0,"Knox County",470313,126.72411776838,0.192771084337349,75.2690229698095,22.5381820192085,19.2771084337349
2022-05-23,128890,107,99442,71,29448,36,107532,70,558781,337,666313,407,1,1393,2,2745,1405,0,"Knox County",470313,137.355335701969,0.187039192859915,86.5381139794137,22.7508063778803,18.7039192859915
2022-05-22,128783,47,99371,38,29412,9,107462,40,558444,180,665906,220,1,1392,2,2743,1405,0,"Knox County",470313,135.441716473923,0.186593492747942,46.7773589077912,9.99334485757357,18.6593492747942
2022-05-21,128736,55,99333,45,29403,10,107422,49,558264,208,665686,257,0,1391,3,2741,1405,0,"Knox County",470313,132.464975452518,0.185243950813169,54.644460178647,11.6943397269478,18.5243950813169
2022-05-20,128681,87,99288,59,29393,28,107373,63,558056,225,665429,288,0,1391,1,2738,1405,0,"Knox County",470313,130.126107507128,0.199139784946237,61.2358152974721,18.4983192044447,19.9139784946237
2022-05-19,128594,95,99229,67,29365,28,107310,69,557831,254,665141,323,6,1391,1,2737,1405,0,"Knox County",470313,128.637736996426,0.204638472032742,68.6776678509843,20.1993140738189,20.4638472032742
2022-05-18,128499,82,99162,54,29337,28,107241,56,557577,239,664818,295,1,1385,1,2736,1405,0,"Knox County",470313,123.10950367096,0.19589552238806,62.7241858081746,17.4351974110858,19.589552238806
2022-05-17,128417,80,99108,51,29309,29,107185,54,557338,315,664523,369,2,1384,0,2735,1405,0,"Knox County",470313,117.581270345493,0.185734136174155,78.4583883498861,17.0099486937423,18.5734136174155
2022-05-16,128337,64,99057,40,29280,24,107131,39,557023,254,664154,293,0,1382,1,2735,1405,1,"Knox County",470313,108.438422922607,0.180929095354523,62.298937090831,13.6079589549938,18.0929095354523
2022-05-15,128273,39,99017,25,29256,14,107092,27,556769,174,663861,201,0,1382,1,2734,1404,0,"Knox County",470313,106.737428053233,0.176209279368213,42.7374960930274,8.29234998819935,17.6209279368213
2022-05-14,128234,29,98992,21,29242,8,107065,22,556595,145,663660,167,0,1382,1,2733,1404,0,"Knox County",470313,101.209194727766,0.170454545454545,35.508267898187,6.16610640148157,17.0454545454545
2022-05-13,128205,77,98971,55,29234,22,107043,58,556450,251,663493,309,-3,1382,0,2732,1404,1,"Knox County",470313,99.0829511410486,0.166070516096065,65.7009268295794,16.3720756177269,16.6070516096065
2022-05-12,128128,72,98916,45,29212,27,106985,49,556199,301,663184,350,1,1385,0,2732,1403,1,"Knox County",470313,94.1925908915977,0.153729838709677,74.4185255351224,15.308953824368,15.3729838709677
2022-05-11,128056,47,98871,33,29185,14,106936,35,555898,177,662834,212,0,1384,0,2732,1402,0,"Knox County",470313,86.7507383380855,0.149395055234087,45.076364038417,9.99334485757357,14.9395055234087
2022-05-10,128009,78,98838,40,29171,38,106901,43,555721,322,662622,365,1,1384,3,2732,1402,1,"Knox County",470313,86.3254896207419,0.143911439114391,77.607890915199,16.5846999763987,14.3911439114391
2022-05-09,127931,54,98798,31,29133,23,106858,32,555399,181,662257,213,0,1383,1,2729,1401,0,"Knox County",470313,84.1992460340242,0.146395156851954,45.2889883970888,11.481715368276,14.6395156851954
2022-05-08,127877,31,98767,23,29110,8,106826,24,555218,133,662044,157,0,1383,0,2728,1401,0,"Knox County",470313,82.4982511646499,0.148336153412296,33.3820243114692,6.59135511882512,14.8336153412296
2022-05-07,127846,17,98744,10,29102,7,106802,13,555085,174,661887,187,0,1383,0,2728,1401,0,"Knox County",470313,79.9467588605886,0.141662018962632,39.7607550716225,3.61461409742023,14.1662018962632
2022-05-06,127829,51,98734,30,29095,21,106789,34,554911,209,661700,243,0,1383,1,2728,1401,1,"Knox County",470313,74.4185255351224,0.13317892298784,51.6677191572421,10.8438422922607,13.317892298784
2022-05-05,127778,48,98704,31,29074,17,106755,34,554702,185,661457,219,1,1383,0,2727,1400,0,"Knox County",470313,69.3155409269997,0.134711779448622,46.5647345491194,10.2059692162454,13.4711779448622
2022-05-04,127730,54,98673,35,29057,19,106721,38,554517,249,661238,287,1,1382,0,2727,1400,0,"Knox County",470313,70.8039114377021,0.130460801915021,61.0231909388003,11.481715368276,13.0460801915021
2022-05-03,127676,34,98638,21,29038,13,106683,24,554268,145,660951,169,0,1381,0,2727,1400,1,"Knox County",470313,61.4484396561439,0.134915254237288,35.9335166155305,7.22922819484046,13.4915254237288
2022-05-02,127642,37,98617,28,29025,9,106659,32,554123,190,660782,222,3,1381,2,2727,1399,0,"Knox County",470313,57.8338255587237,0.134097035040431,47.2026076251348,7.86710127085579,13.4097035040431
2022-05-01,127605,14,98589,9,29016,5,106627,9,553933,82,660560,91,0,1378,0,2725,1399,0,"Knox County",470313,54.2192114613034,0.129760225669958,19.3488166391318,2.97674102140489,12.9760225669958
2022-04-30,127591,19,98580,14,29011,5,106618,15,553851,141,660469,156,0,1378,0,2725,1399,0,"Knox County",470313,54.644460178647,0.134102379235761,33.1693999527974,4.03986281476378,13.4102379235761
2022-04-29,127572,24,98566,14,29006,10,106603,13,553710,200,660313,213,0,1378,0,2725,1399,1,"Knox County",470313,48.903602494509,0.121591746499632,45.2889883970888,5.10298460812268,12.1591746499632
2022-04-28,127548,32,98552,25,28996,7,106590,26,553510,226,660100,252,1,1378,0,2725,1398,0,"Knox County",470313,45.5016127557605,0.11294964028777,53.5813383852881,6.8039794774969,11.294964028777
2022-04-27,127516,34,98527,24,28989,10,106564,26,553284,181,659848,207,0,1377,0,2725,1398,0,"Knox County",470313,41.249125582325,0.110687022900763,44.0132422450581,7.22922819484046,11.0687022900763
2022-04-26,127482,39,98503,21,28979,18,106538,21,553103,240,659641,261,0,1377,0,2725,1398,0,"Knox County",470313,42.3122473756839,0.101283880171184,55.4949576133341,8.29234998819935,10.1283880171184
2022-04-25,127443,61,98482,16,28961,45,106517,17,552863,101,659380,118,0,1377,2,2725,1398,1,"Knox County",470313,47.4152319838065,0.0978428351309707,25.0896743232698,12.9700858789785,9.78428351309707
2022-04-24,127382,15,98466,11,28916,4,106500,12,552762,148,659262,160,1,1377,0,2723,1397,1,"Knox County",470313,47.6278563424783,0.0950987564008778,34.0198973874845,3.18936538007667,9.50987564008778
2022-04-23,127367,12,98455,5,28912,7,106488,7,552614,197,659102,204,0,1376,0,2723,1396,0,"Knox County",470313,46.1394858317759,0.0862190812720848,43.3753691690427,2.55149230406134,8.62190812720848
2022-04-22,127355,25,98450,18,28905,7,106481,20,552417,210,658898,230,0,1376,0,2723,1396,0,"Knox County",470313,46.3521101904476,0.0900837988826816,48.903602494509,5.31560896679445,9.00837988826816
2022-04-21,127330,32,98432,23,28898,9,106461,23,552207,231,658668,254,0,1376,0,2723,1396,0,"Knox County",470313,46.3521101904476,0.0878661087866109,54.0065871026317,6.8039794774969,8.78661087866109
2022-04-20,127298,55,98409,32,28889,23,106438,34,551976,247,658414,281,1,1376,0,2723,1396,1,"Knox County",470313,50.817221722555,0.0888594164456233,59.7474447867697,11.6943397269478,8.88594164456233
2022-04-19,127243,30,98377,16,28866,14,106404,17,551729,151,658133,168,0,1375,0,2723,1395,0,"Knox County",470313,48.903602494509,0.0918727915194346,35.7208922568587,6.37873076015334,9.18727915194346
2022-04-18,127213,38,98361,21,28852,17,106387,21,551578,117,657965,138,0,1375,1,2723,1395,0,"Knox County",470313,44.0132422450581,0.0933797909407666,29.3421614967054,8.07972562952757,9.33797909407665
2022-04-17,127175,16,98340,10,28835,6,106366,9,551461,101,657827,110,0,1375,0,2722,1395,1,"Knox County",470313,44.2258666037299,0.0945848375451264,23.3886794538956,3.40198973874845,9.45848375451263
2022-04-16,127159,10,98330,10,28829,0,106357,12,551360,126,657717,138,0,1375,0,2722,1394,0,"Knox County",470313,43.8006178863863,0.103108415466262,29.3421614967054,2.12624358671778,10.3108415466262
2022-04-15,127149,18,98320,13,28829,5,106345,13,551234,198,657579,211,0,1375,0,2722,1394,0,"Knox County",470313,42.3122473756839,0.0992307692307692,44.8637396797452,3.82723845609201,9.92307692307692
2022-04-14,127131,18,98307,5,28824,13,106332,6,551036,158,657368,164,1,1375,0,2722,1394,1,"Knox County",470313,39.335506354279,0.0925619834710744,34.8703948221716,3.82723845609201,9.25619834710744
2022-04-13,127113,39,98302,26,28811,13,106326,28,550878,209,657204,237,-1,1374,0,2722,1393,1,"Knox County",470313,35.9335166155305,0.0909090909090909,50.3919730052114,8.29234998819935,9.09090909090909
2022-04-12,127074,23,98276,6,28798,17,106298,8,550669,192,656967,200,5,1375,0,2722,1392,0,"Knox County",470313,34.4451461048281,0.0809682804674457,42.5248717343556,4.8903602494509,8.09682804674457
2022-04-11,127051,22,98270,13,28781,9,106290,13,550477,173,656767,186,1,1370,2,2722,1392,1,"Knox County",470313,31.0431563660796,0.0714285714285714,39.5481307129507,4.67773589077912,7.14285714285714
2022-04-10,127029,9,98257,7,28772,2,106277,7,550304,110,656581,117,0,1369,1,2720,1391,0,"Knox County",470313,29.5547858553772,0.0694333599361532,24.877049964598,1.913619228046,6.94333599361532
2022-04-09,127020,7,98250,5,28770,2,106270,5,550194,148,656464,153,0,1369,0,2719,1391,0,"Knox County",470313,28.9169127793618,0.0630914826498423,32.5315268767821,1.48837051070245,6.30914826498423
2022-04-08,127013,18,98245,15,28768,3,106265,16,550046,176,656311,192,1,1369,0,2719,1391,0,"Knox County",470313,28.9169127793618,0.066453162530024,40.8238768649814,3.82723845609201,6.6453162530024
2022-04-07,126995,16,98230,7,28765,9,106249,10,549870,181,656119,191,5,1368,0,2719,1391,0,"Knox County",470313,28.4916640620183,0.0681818181818182,40.6112525063096,3.40198973874845,6.81818181818182
2022-04-06,126979,21,98223,14,28756,7,106239,16,549689,204,655928,220,-1,1363,0,2719,1391,2,"Knox County",470313,24.6644256059263,0.0595710881652105,46.7773589077912,4.46511153210734,5.95710881652105
2022-04-05,126958,15,98209,12,28749,3,106223,13,549485,198,655708,211,4,1364,0,2719,1389,2,"Knox County",470313,22.963430736552,0.062992125984252,44.8637396797452,3.18936538007667,6.2992125984252
2022-04-04,126943,16,98197,5,28746,11,106210,7,549287,158,655497,165,8,1360,2,2719,1387,0,"Knox County",470313,21.6876845845214,0.0592473979183347,35.0830191808434,3.40198973874845,5.92473979183347
2022-04-03,126927,5,98192,4,28735,1,106203,3,549129,75,655332,78,1,1352,0,2717,1387,1,"Knox County",470313,20.8371871498343,0.0578512396694215,16.5846999763987,1.06312179335889,5.78512396694215
2022-04-02,126922,2,98188,2,28734,0,106200,3,549054,116,655254,119,0,1351,0,2717,1386,1,"Knox County",470313,19.7740653564754,0.0578231292517007,25.3022986819416,0.425248717343556,5.78231292517007
2022-04-01,126920,19,98186,8,28734,11,106197,8,548938,231,655135,239,4,1351,0,2717,1385,0,"Knox County",470313,19.9866897151471,0.0490596892886345,50.817221722555,4.03986281476378,4.90596892886345
2022-03-31,126901,17,98178,7,28723,10,106189,8,548707,238,654896,246,3,1347,0,2717,1385,0,"Knox County",470313,20.1993140738189,0.0453834115805947,52.3055922332574,3.61461409742023,4.53834115805947
2022-03-30,126884,22,98171,10,28713,12,106181,9,548469,256,654650,265,0,1344,1,2717,1385,0,"Knox County",470313,20.4119384324907,0.0385487528344671,56.3454550480212,4.67773589077912,3.85487528344671
2022-03-29,126862,20,98161,8,28701,12,106172,9,548213,192,654385,201,2,1344,0,2716,1385,3,"Knox County",470313,21.4750602258496,0.0357958872810358,42.7374960930274,4.25248717343556,3.57958872810358
2022-03-28,126842,19,98153,12,28689,7,106163,16,548021,332,654184,348,3,1342,0,2716,1382,0,"Knox County",470313,22.1129333018649,0.0374331550802139,73.9932768177788,4.03986281476378,3.74331550802139
2022-03-27,126823,4,98141,3,28682,1,106147,3,547689,73,653836,76,0,1339,0,2716,1382,1,"Knox County",470313,21.9003089431931,0.037483266398929,16.1594512590551,0.850497434687113,3.7483266398929
2022-03-26,126819,8,98138,5,28681,3,106144,5,547616,166,653760,171,0,1339,1,2716,1381,1,"Knox County",470313,23.1760550952238,0.03751617076326,36.3587653328741,1.70099486937423,3.751617076326
2022-03-25,126811,14,98133,7,28678,7,106139,8,547450,244,653589,252,0,1339,1,2715,1380,1,"Knox County",470313,22.1129333018649,0.0372033354714561,53.5813383852881,2.97674102140489,3.72033354714561
2022-03-24,126797,56,98126,9,28671,47,106131,10,547206,187,653337,197,1,1339,0,2714,1379,2,"Knox County",470313,30.4052832900643,0.0397350993377483,41.8869986583403,11.9069640856196,3.97350993377483
2022-03-23,126741,11,98117,6,28624,5,106121,6,547019,201,653140,207,0,1338,0,2714,1377,1,"Knox County",470313,28.0664153446747,0.0392561983471074,44.0132422450581,2.33886794538956,3.92561983471074
2022-03-22,126730,16,98111,11,28619,5,106115,11,546818,150,652933,161,0,1338,1,2714,1376,4,"Knox County",470313,27.2159179099876,0.0417847025495751,34.2325217461563,3.40198973874845,4.17847025495751
2022-03-21,126714,12,98100,6,28614,6,106104,6,546668,125,652772,131,7,1338,1,2713,1372,0,"Knox County",470313,25.7275473992852,0.0410041841004184,27.8537909860029,2.55149230406134,4.10041841004184
2022-03-20,126702,11,98094,8,28608,3,106098,10,546543,98,652641,108,1,1331,0,2712,1372,0,"Knox County",470313,27.2159179099876,0.045639771801141,22.963430736552,2.33886794538956,4.5639771801141
2022-03-19,126691,11,98086,10,28605,1,106088,11,546445,175,652533,186,0,1330,0,2712,1372,0,"Knox County",470313,27.8537909860029,0.0499194847020934,39.5481307129507,2.33886794538956,4.99194847020934
2022-03-18,126680,24,98076,15,28604,9,106077,14,546270,219,652347,233,0,1330,1,2712,1372,2,"Knox County",470313,29.9800345727207,0.0556009811937858,49.5414755705243,5.10298460812268,5.56009811937858
2022-03-17,126656,36,98061,25,28595,11,106063,31,546051,209,652114,240,1,1330,0,2711,1370,2,"Knox County",470313,25.7275473992852,0.0703001579778831,51.0298460812268,7.65447691218401,7.03001579778831
2022-03-16,126620,21,98036,8,28584,13,106032,12,545842,236,651874,248,3,1329,2,2711,1368,2,"Knox County",470313,27.8537909860029,0.0726855394032135,52.730840950601,4.46511153210734,7.26855394032135
2022-03-15,126599,55,98028,18,28571,37,106020,19,545606,257,651626,276,1,1326,1,2709,1366,2,"Knox County",470313,36.1461409742023,0.0724331926863572,58.6843229934108,11.6943397269478,7.24331926863572
2022-03-14,126544,21,98010,16,28534,5,106001,22,545349,228,651350,250,10,1325,0,2708,1364,3,"Knox County",470313,38.0597602022483,0.0772225827384815,53.1560896679445,4.46511153210734,7.72225827384815
2022-03-13,126523,5,97994,5,28529,0,105979,10,545121,484,651100,494,2,1315,0,2708,1361,1,"Knox County",470313,36.7840140502176,0.0617540217955371,105.036433183858,1.06312179335889,6.17540217955371
2022-03-12,126518,9,97989,8,28529,1,105969,9,544637,293,650606,302,0,1313,3,2708,1360,2,"Knox County",470313,36.3587653328741,0.0572687224669604,64.212556318877,1.913619228046,5.72687224669604
2022-03-11,126509,20,97981,13,28528,7,105960,15,544344,467,650304,482,9,1313,0,2705,1358,4,"Knox County",470313,35.508267898187,0.0514834205933682,102.484940879797,4.25248717343556,5.14834205933682
2022-03-10,126489,28,97968,20,28521,8,105945,23,543877,459,649822,482,4,1304,1,2705,1354,2,"Knox County",470313,33.8072730288127,0.0434096290449882,102.484940879797,5.95348204280979,4.34096290449882
2022-03-09,126461,64,97948,20,28513,44,105922,23,543418,419,649340,442,1,1300,2,2704,1352,2,"Knox County",470313,42.9501204516992,0.0443548387096774,93.9799665329259,13.6079589549938,4.43548387096774
2022-03-08,126397,35,97928,18,28469,17,105899,19,542999,311,648898,330,1,1299,1,2702,1350,3,"Knox County",470313,38.6976332782636,0.0434938892882818,70.1660383616868,7.44185255351224,4.34938892882818
2022-03-07,126362,26,97910,21,28452,5,105880,25,542688,267,648568,292,4,1298,2,2701,1347,0,"Knox County",470313,39.7607550716225,0.0439093484419263,62.0863127321592,5.52823332546623,4.39093484419263
2022-03-06,126336,14,97889,11,28447,3,105855,13,542421,212,648276,225,2,1294,2,2699,1347,0,"Knox County",470313,41.6743742996685,0.049706457925636,47.8404807011501,2.97674102140489,4.9706457925636
2022-03-05,126322,19,97878,10,28444,9,105842,11,542209,266,648051,277,0,1292,1,2697,1347,2,"Knox County",470313,43.8006178863863,0.0509881422924901,58.8969473520825,4.03986281476378,5.09881422924901
2022-03-04,126303,53,97868,29,28435,24,105831,30,541943,380,647774,410,1,1292,1,2696,1345,2,"Knox County",470313,50.817221722555,0.0585842148087876,87.175987055429,11.2690910096042,5.85842148087876
2022-03-03,126250,45,97839,29,28411,16,105801,34,541563,326,647364,360,8,1291,4,2695,1343,2,"Knox County",470313,54.4318358199752,0.0663527397260274,76.5447691218401,9.56809614023002,6.63527397260274
2022-03-02,126205,37,97810,29,28395,8,105767,36,541237,338,647004,374,-2,1283,1,2691,1341,7,"Knox County",470313,48.6909781358372,0.0740740740740741,79.521510143245,7.86710127085579,7.40740740740741
2022-03-01,126168,91,97781,48,28387,43,105731,60,540899,391,646630,451,3,1285,3,2690,1334,2,"Knox County",470313,60.5979422214568,0.0874843030556718,95.893585760972,19.3488166391318,8.74843030556718
2022-02-28,126077,133,97733,89,28344,44,105671,96,540508,549,646179,645,10,1282,4,2687,1332,5,"Knox County",470313,83.348748599337,0.102115244347192,137.142711343297,28.2790397033465,10.2115244347192
2022-02-27,125944,3,97644,3,28300,0,105575,5,539959,75,645534,80,1,1272,1,2683,1327,5,"Knox County",470313,81.0098806539475,0.104736234116288,17.0099486937423,0.637873076015334,10.4736234116288
2022-02-26,125941,46,97641,32,28300,14,105570,35,539884,275,645454,310,0,1271,2,2682,1322,0,"Knox County",470313,86.7507383380855,0.11254752851711,65.9135511882512,9.7807204989018,11.254752851711
2022-02-25,125895,106,97609,66,28286,40,105535,74,539609,406,645144,480,2,1271,5,2680,1322,6,"Knox County",470313,98.0198293476897,0.125925925925926,102.059692162454,22.5381820192085,12.5925925925926
2022-02-24,125789,142,97543,84,28246,58,105461,94,539203,463,644664,557,1,1269,4,2675,1316,3,"Knox County",470313,118.644392138852,0.138073869520193,118.43176778018,30.1926589313925,13.8073869520193
2022-02-23,125647,142,97459,96,28188,46,105367,115,538740,413,644107,528,6,1268,1,2671,1313,4,"Knox County",470313,140.969949799389,0.156997705670272,112.265661378699,30.1926589313925,15.6997705670272
2022-02-22,125505,142,97363,87,28142,55,105252,100,538327,356,643579,456,11,1262,7,2670,1309,3,"Knox County",470313,151.81379209165,0.169829842931937,96.9567075543308,30.1926589313925,16.9829842931937
2022-02-21,125363,72,97276,47,28087,25,105152,50,537971,290,643123,340,0,1251,1,2663,1306,5,"Knox County",470313,138.843706212671,0.171937477280989,72.2922819484046,15.308953824368,17.1937477280989
2022-02-20,125291,72,97229,48,28062,24,105102,57,537681,289,642783,346,0,1251,1,2662,1301,2,"Knox County",470313,153.514786961024,0.174013921113689,73.5680281004352,15.308953824368,17.4013921113689
2022-02-19,125219,89,97181,54,28038,35,105045,68,537392,322,642437,390,0,1251,1,2661,1299,4,"Knox County",470313,162.65763438391,0.180174362286083,82.9234998819935,18.9235679217883,18.0174362286083
2022-02-18,125130,141,97127,92,28003,49,104977,113,537070,498,642047,611,0,1251,3,2660,1295,4,"Knox County",470313,170.099486937423,0.184944237918216,129.913483148456,29.9800345727207,18.4944237918216
2022-02-17,124989,278,97035,216,27954,62,104864,254,536572,1208,641436,1462,1,1251,2,2657,1291,2,"Knox County",470313,199.016399716784,0.183159932252601,310.85681237814,59.1095717107543,18.3159932252601
2022-02-16,124711,224,96819,145,27892,79,104610,160,535364,546,639974,706,3,1250,3,2655,1289,3,"Knox County",470313,216.45159712787,0.186035722570169,150.112797222275,47.6278563424783,18.6035722570169
2022-02-15,124487,273,96674,214,27813,59,104450,241,534818,592,639268,833,5,1247,6,2652,1286,4,"Knox County",470313,244.305388113873,0.201151877133106,177.116090773591,58.0464499173954,20.1151877133106
2022-02-14,124214,341,96460,205,27754,136,104209,245,534226,602,638435,847,19,1242,8,2646,1282,1,"Knox County",470313,301.501340596581,0.219056785370549,180.092831794996,72.5049063070764,21.9056785370549
2022-02-13,123873,119,96255,100,27618,19,103964,116,533624,283,637588,399,1,1223,1,2638,1281,3,"Knox County",470313,311.494685454155,0.228086890243902,84.8371191100395,25.3022986819416,22.8086890243902
2022-02-12,123754,153,96155,109,27599,44,103848,127,533341,414,637189,541,0,1222,3,2637,1278,6,"Knox County",470313,325.102644409149,0.232635673272828,115.029778041432,32.5315268767821,23.2635673272828
2022-02-11,123601,340,96046,251,27555,89,103721,280,532927,631,636648,911,3,1222,10,2634,1272,5,"Knox County",470313,367.414891784833,0.249692928583962,193.70079074999,72.2922819484046,24.9692928583962
2022-02-10,123261,423,95795,275,27466,148,103441,302,532296,555,635737,857,7,1219,12,2624,1267,3,"Knox County",470313,398.24542379224,0.288771103258736,182.219075381714,89.9401037181622,28.8771103258736
2022-02-09,122838,437,95520,306,27318,131,103139,370,531741,606,634880,976,8,1212,4,2612,1264,6,"Knox County",470313,443.534412189329,0.313385533184191,207.521374063655,92.916844739567,31.3385533184191
2022-02-08,122401,454,95214,333,27187,121,102769,390,531135,462,633904,852,6,1204,8,2608,1258,12,"Knox County",470313,482.019421108921,0.339959130596322,181.155953588355,96.5314588369873,33.9959130596322
2022-02-07,121947,588,94881,409,27066,179,102379,442,530673,624,633052,1066,10,1198,11,2600,1246,5,"Knox County",470313,534.53763770085,0.361835058907533,226.657566344116,125.023122899006,36.1835058907533
2022-02-06,121359,251,94472,185,26887,66,101937,214,530049,435,631986,649,0,1188,13,2589,1241,5,"Knox County",470313,562.604053045525,0.363123718386876,137.993208777984,53.3687140266163,36.3123718386876
2022-02-05,121108,269,94287,192,26821,77,101723,220,529614,496,631337,716,0,1188,7,2576,1236,11,"Knox County",470313,587.268478651451,0.368010618881699,152.239040808993,57.1959524827083,36.8010618881699
2022-02-04,120839,648,94095,509,26744,139,101503,580,529118,963,630621,1543,3,1188,3,2569,1225,0,"Knox County",470313,652.756781122359,0.378134855083346,328.079385430554,137.780584419312,37.8134855083346
2022-02-03,120191,1639,93586,501,26605,1138,100923,503,528155,741,629078,1244,1,1185,13,2566,1225,2,"Knox County",470313,911.308001267241,0.385892705080897,264.504702187692,348.491323863044,38.5892705080897
2022-02-02,118552,717,93085,538,25467,179,100420,602,527414,904,627834,1506,7,1184,6,2553,1223,9,"Knox County",470313,970.842821695339,0.389519535374868,320.212284159698,152.451665167665,38.9519535374868
2022-02-01,117835,934,92547,735,25288,199,99818,831,526510,1139,626328,1970,5,1177,12,2547,1214,7,"Knox County",470313,1072.90251385779,0.390154129284564,418.869986583403,198.591150999441,39.0154129284564
2022-01-31,116901,714,91812,518,25089,196,98987,522,525371,605,624358,1127,11,1172,13,2535,1207,2,"Knox County",470313,1099.69318305044,0.396573386636208,239.627652223094,151.81379209165,39.6573386636208
2022-01-30,116187,387,91294,319,24893,68,98465,336,524766,569,623231,905,1,1161,7,2522,1205,6,"Knox County",470313,1128.6100958298,0.39884585506603,192.425044597959,82.2856268059781,39.884585506603
2022-01-29,115800,677,90975,588,24825,89,98129,644,524197,912,622326,1556,0,1160,5,2515,1199,3,"Knox County",470313,1215.36083416788,0.407877372855548,330.843502093287,143.946690820794,40.7877372855548
2022-01-28,115123,934,90387,772,24736,162,97485,832,523285,1040,620770,1872,3,1160,15,2510,1196,6,"Knox County",470313,1276.17140074801,0.419449901768173,398.032799433569,198.591150999441,41.9449901768173
2022-01-27,114189,1428,89615,1198,24574,230,96653,1272,522245,1472,618898,2744,7,1157,13,2495,1190,8,"Knox County",470313,1231.30766106827,0.431421232876712,583.441240195359,303.627584183299,43.1421232876712
2022-01-26,112761,993,88417,801,24344,192,95381,850,520773,965,616154,1815,4,1150,4,2482,1182,8,"Knox County",470313,1289.99198406168,0.440987571940946,385.913210989277,211.135988161076,44.0987571940946
2022-01-25,111768,1020,87616,768,24152,252,94531,803,519808,930,614339,1733,7,1146,11,2478,1174,6,"Knox County",470313,1308.27767890745,0.447498298162015,368.478013578192,216.876845845214,44.7498298162015
2022-01-24,110748,1319,86848,1082,23900,237,93728,1161,518878,1550,612606,2711,13,1139,15,2467,1168,5,"Knox County",470313,1436.91541590388,0.442261547690462,576.424636359191,280.451529088075,44.2261547690462
2022-01-23,109429,768,85766,679,23663,89,92567,709,517328,818,609895,1527,0,1126,7,2452,1163,10,"Knox County",470313,1517.92529655782,0.449276400630463,324.677395691805,163.295507459926,44.9276400630463
2022-01-22,108661,901,85087,738,23574,163,91858,770,516510,1056,608368,1826,0,1126,14,2445,1153,3,"Knox County",470313,1565.5531529003,0.44960640989598,388.252078934667,191.574547163272,44.960640989598
2022-01-21,107760,1514,84349,1228,23411,286,91088,1289,515454,1348,606542,2637,1,1126,6,2431,1150,6,"Knox County",470313,1688.87528092993,0.457146668445274,560.690433817479,321.913279029072,45.7146668445274
2022-01-20,106246,1408,83121,1166,23125,242,89799,1214,514106,1152,603905,2366,11,1125,11,2425,1144,2,"Knox County",470313,1684.6227937565,0.465001710571331,503.069232617427,299.375097009864,46.5001710571331
2022-01-19,104838,1667,81955,1306,22883,361,88585,1342,512954,1331,601539,2673,4,1114,7,2414,1142,2,"Knox County",470313,1827.93161150128,0.471014024429652,568.344910729663,354.444805905854,47.1014024429652
2022-01-18,103171,1043,80649,663,22522,380,87243,691,511623,686,598866,1377,6,1110,7,2407,1140,4,"Knox County",470313,1832.82197175073,0.474697360587418,292.783741891039,221.767206094665,47.4697360587418
2022-01-17,102128,1090,79986,859,22142,231,86552,903,510937,1279,597489,2182,7,1104,13,2400,1136,3,"Knox County",470313,1784.13099361489,0.474225390732109,463.94635062182,231.760550952238,47.4225390732109
2022-01-16,101038,769,79127,689,21911,80,85649,716,509658,1073,595307,1789,0,1097,7,2387,1133,4,"Knox County",470313,1784.34361797356,0.466329966329966,380.384977663811,163.508131818597,46.6329966329966
2022-01-15,100269,751,78438,598,21831,153,84933,626,508585,816,593518,1442,1,1097,12,2380,1129,2,"Knox County",470313,1752.4499641728,0.468754320475598,306.604325204704,159.680893362505,46.8754320475598
2022-01-14,99518,1304,77840,1051,21678,253,84307,1095,507769,1188,592076,2283,6,1096,10,2368,1127,6,"Knox County",470313,1707.79884885172,0.466765873015873,485.42141084767,277.262163707999,46.6765873015873
2022-01-13,98214,1400,76789,1053,21425,347,83212,1104,506581,1401,589793,2505,6,1090,11,2358,1121,6,"Knox County",470313,1706.09785398235,0.454494421444109,532.624018472804,297.674102140489,45.4494421444109
2022-01-12,96814,1167,75736,888,21078,279,82108,935,505180,1058,587288,1993,1,1084,4,2347,1115,0,"Knox County",470313,1599.78567464646,0.447277282440498,423.760346832854,248.132626569965,44.7277282440498
2022-01-11,95647,1364,74848,1060,20799,304,81173,1095,504122,1283,585295,2378,2,1083,10,2343,1115,3,"Knox County",470313,1668.0380937801,0.444276695031567,505.620724921488,290.019625228305,44.4276695031567
2022-01-10,94283,1000,73788,685,20495,315,80078,714,502839,812,582917,1526,3,1081,5,2333,1112,1,"Knox County",470313,1648.90190149964,0.451638401839609,324.464771333133,212.624358671778,45.1638401839609
2022-01-09,93283,740,73103,627,20180,113,79364,664,502027,1205,581391,1869,5,1078,2,2328,1111,2,"Knox County",470313,1642.73579509816,0.445341526150329,397.394926357553,157.342025417116,44.5341526150329
2022-01-08,92543,623,72476,477,20067,146,78700,510,500822,912,579522,1422,0,1073,10,2326,1109,4,"Knox County",470313,1615.51987718817,0.437678878076703,302.351838031269,132.464975452518,43.7678878076703
2022-01-07,91920,966,71999,749,19921,217,78190,769,499910,1091,578100,1860,0,1073,7,2316,1105,0,"Knox County",470313,1543.65284395711,0.427285471851251,395.481307129507,205.395130476938,42.7285471851251
2022-01-06,90954,1162,71250,740,19704,422,77421,780,498819,1010,576240,1790,2,1073,7,2309,1105,4,"Knox County",470313,1493.04824659323,0.425845147219193,380.597602022483,247.069504776606,42.5845147219193
2022-01-05,89792,1213,70510,900,19282,313,76641,942,497809,1255,574450,2197,1,1071,8,2302,1101,1,"Knox County",470313,1502.82896709213,0.419720901702193,467.135716001897,257.913347068867,41.9720901702193
2022-01-04,88579,921,69610,575,18969,346,75699,566,496554,1040,572253,1606,0,1070,6,2294,1100,5,"Knox County",470313,1408.63637620053,0.403015484922575,341.474720026876,195.827034336708,40.3015484922575
2022-01-03,87658,713,69035,537,18623,176,75133,504,495514,820,570647,1324,6,1070,6,2288,1095,2,"Knox County",470313,1347.61318526173,0.392359960225389,281.514650881434,151.601167732978,39.2359960225389
2022-01-02,86945,290,68498,208,18447,82,74629,265,494694,651,569323,916,3,1064,9,2282,1093,4,"Knox County",470313,1251.93222385943,0.390103463787674,194.763912543349,61.6610640148157,39.0103463787674
2022-01-01,86655,265,68290,217,18365,48,74364,237,494043,767,568407,1004,0,1061,15,2273,1089,0,"Knox County",470313,1175.81270345493,0.379826119472749,213.474856106465,56.3454550480212,37.9826119472749
2021-12-31,86390,591,68073,429,18317,162,74127,470,493276,1008,567403,1478,0,1061,5,2258,1089,3,"Knox County",470313,1096.07856895302,0.36490547746001,314.258802116888,125.660995975021,36.490547746001
2021-12-30,85799,579,67644,402,18155,177,73657,403,492268,918,565925,1321,2,1061,6,2253,1086,2,"Knox County",470313,972.11856784737,0.343997562461913,280.876777805419,123.10950367096,34.3997562461914
2021-12-29,85220,631,67242,476,17978,155,73254,503,491350,1195,564604,1698,1,1059,5,2247,1084,2,"Knox County",470313,848.371191100395,0.315395314004493,361.036161024679,134.165970321892,31.5395314004493
2021-12-28,84589,427,66766,260,17823,167,72751,281,490155,977,562906,1258,1,1058,5,2242,1082,0,"Knox County",470313,743.334757916536,0.295921769085454,267.481443209097,90.7906011528493,29.5921769085454
2021-12-27,84162,313,66506,233,17656,80,72470,254,489178,905,561648,1159,2,1057,1,2237,1082,1,"Knox County",470313,658.285014447825,0.273149196287073,246.431631700591,66.5514242642666,27.3149196287073
2021-12-26,83849,61,66273,49,17576,12,72216,60,488273,426,560489,486,7,1055,1,2236,1081,0,"Knox County",470313,609.594036311988,0.26273203236554,103.335438314484,12.9700858789785,26.273203236554
2021-12-25,83788,85,66224,63,17564,22,72156,74,487847,489,560003,563,1,1048,1,2235,1081,0,"Knox County",470313,571.321651751068,0.256812759010423,119.707513932211,18.0730704871011,25.6812759010423
2021-12-24,83703,175,66161,124,17542,51,72082,138,487358,848,559440,986,0,1047,2,2234,1081,0,"Knox County",470313,482.869918543608,0.229286574755722,209.647617650373,37.2092627675612,22.9286574755722
2021-12-23,83528,218,66037,159,17491,59,71944,166,486510,959,558454,1125,5,1047,5,2232,1081,1,"Knox County",470313,406.112525063096,0.202886597938144,239.20240350575,46.3521101904476,20.2886597938144
2021-12-22,83310,175,65878,102,17432,73,71778,101,485551,812,557329,913,46,1042,10,2227,1080,2,"Knox County",470313,309.155817508765,0.165485362095532,194.126039467333,37.2092627675612,16.5485362095532
2021-12-21,83135,176,65776,123,17359,53,71677,120,484739,912,556416,1032,3,996,6,2217,1078,2,"Knox County",470313,255.787103482149,0.145753512132822,219.428338149275,37.421887126233,14.5753512132822
2021-12-20,82959,114,65653,80,17306,34,71557,84,483827,622,555384,706,1,993,3,2211,1076,1,"Knox County",470313,213.474856106465,0.127860953364309,150.112797222275,24.2391768885827,12.7860953364309
2021-12-19,82845,69,65573,49,17272,20,71473,58,483205,556,554678,614,3,992,6,2208,1075,1,"Knox County",470313,215.17585097584,0.12476847954201,130.551356224472,14.6710807483527,12.476847954201
2021-12-18,82776,88,65524,57,17252,31,71415,65,482649,660,554064,725,0,989,3,2202,1074,2,"Knox County",470313,215.813724051855,0.119980331093263,154.152660037039,18.7109435631165,11.9980331093263
2021-12-17,82688,119,65467,77,17221,42,71350,83,481989,1034,553339,1117,2,989,6,2199,1072,2,"Knox County",470313,203.906759966235,0.108632862644416,237.501408636376,25.3022986819416,10.8632862644416
2021-12-16,82569,138,65390,107,17179,31,71267,108,480955,661,552222,769,2,987,3,2193,1070,2,"Knox County",470313,186.896811272493,0.105343771272975,163.508131818597,29.3421614967054,10.5343771272975
2021-12-15,82431,156,65283,113,17148,43,71159,125,480294,841,551453,966,0,985,5,2190,1068,3,"Knox County",470313,182.856948457729,0.108449991566875,205.395130476938,33.1693999527974,10.8449991566875
2021-12-14,82275,98,65170,59,17105,39,71034,63,479453,811,550487,874,3,985,4,2185,1065,3,"Knox County",470313,166.27224848133,0.101542193727257,185.833689479134,20.8371871498343,10.1542193727257
2021-12-13,82177,111,65111,74,17066,37,70971,79,478642,627,549613,706,4,982,3,2181,1062,0,"Knox County",470313,165.634375405315,0.100675792756888,150.112797222275,23.6013038125674,10.0675792756888
2021-12-12,82066,54,65037,29,17029,25,70892,41,478015,493,548907,534,6,978,5,2178,1062,1,"Knox County",470313,162.445010025239,0.099103848181339,113.54140753073,11.481715368276,9.9103848181339
2021-12-11,82012,65,65008,45,17004,20,70851,51,477522,541,548373,592,0,972,1,2173,1061,3,"Knox County",470313,157.554649775788,0.0989564591579705,125.873620333693,13.8205833136656,9.89564591579705
2021-12-10,81947,84,64963,48,16984,36,70800,57,476981,855,547781,912,0,972,3,2172,1058,2,"Knox County",470313,150.112797222275,0.0978890341864375,193.913415108662,17.8604461284294,9.78890341864375
2021-12-09,81863,164,64915,96,16948,68,70743,107,476126,1017,546869,1124,3,972,2,2169,1056,1,"Knox County",470313,155.641030547742,0.0916257883672039,238.989779147079,34.8703948221716,9.16257883672039
2021-12-08,81699,130,64819,67,16880,63,70636,65,475109,751,545745,816,0,969,7,2167,1055,1,"Knox County",470313,150.112797222275,0.0833033465275279,173.501476676171,27.6411666273312,8.33033465275279
2021-12-07,81569,126,64752,69,16817,57,70571,76,474358,631,544929,707,2,969,2,2160,1054,0,"Knox County",470313,156.066279265085,0.0882953069931367,150.325421580947,26.790669192644,8.82953069931367
2021-12-06,81443,148,64683,107,16760,41,70495,115,473727,759,544222,874,8,967,4,2158,1054,3,"Knox County",470313,163.933380535941,0.0921028962043533,185.833689479134,31.4684050834232,9.21028962043533
2021-12-05,81295,43,64576,28,16719,15,70380,33,472968,342,543348,375,2,959,1,2154,1051,0,"Knox County",470313,161.594512590551,0.0933333333333333,79.7341345019168,9.14284742288646,9.33333333333333
2021-12-04,81252,69,64548,50,16704,19,70347,55,472626,499,542973,554,0,957,3,2153,1051,2,"Knox County",470313,162.445010025239,0.0947407683700112,117.793894704165,14.6710807483527,9.47407683700112
2021-12-03,81183,147,64498,103,16685,44,70292,108,472127,1009,542419,1117,3,957,2,2150,1049,2,"Knox County",470313,175.840344621561,0.100413148913239,237.501408636376,31.2557807247514,10.0413148913239
2021-12-02,81036,133,64395,86,16641,47,70184,85,471118,794,541302,879,0,954,4,2148,1047,2,"Knox County",470313,169.248989502735,0.100901916572717,186.896811272493,28.2790397033465,10.0901916572717
2021-12-01,80903,184,64309,141,16594,43,70099,146,470324,1008,540423,1154,4,954,7,2144,1045,1,"Knox County",470313,180.730704871011,0.109187279151943,245.368509907232,39.1228819956072,10.9187279151943
2021-11-30,80719,116,64168,67,16551,49,69953,68,469316,693,539269,761,3,950,6,2137,1044,3,"Knox County",470313,178.604461284294,0.106755337766888,161.807136949223,24.6644256059263,10.6755337766888
2021-11-29,80603,165,64101,128,16502,37,69885,139,468623,967,538508,1106,2,947,5,2131,1041,1,"Knox County",470313,182.219075381714,0.106626303397242,235.162540690987,35.0830191808434,10.6626303397242
2021-11-28,80438,33,63973,22,16465,11,69746,22,467656,270,537402,292,3,945,5,2126,1040,1,"Knox County",470313,180.092831794996,0.106259594064472,62.0863127321592,7.01660383616868,10.6259594064472
2021-11-27,80405,59,63951,31,16454,28,69724,32,467386,266,537110,298,0,942,1,2121,1039,2,"Knox County",470313,177.966588208278,0.107009095773141,63.3620588841899,12.5448371616349,10.7009095773141
2021-11-26,80346,20,63920,18,16426,2,69692,20,467120,298,536812,318,0,942,4,2120,1037,1,"Knox County",470313,150.963294656962,0.10648918469218,67.6145460576254,4.25248717343556,10.648918469218
2021-11-25,80326,52,63902,26,16424,26,69672,29,466822,331,536494,360,0,942,3,2116,1036,5,"Knox County",470313,133.740721604548,0.106318489158312,76.5447691218401,11.0564666509325,10.6318489158312
2021-11-24,80274,105,63876,66,16398,39,69643,73,466491,742,536134,815,0,942,3,2113,1031,4,"Knox County",470313,116.943397269478,0.0969620253164557,173.288852317499,22.3255576605367,9.69620253164557
2021-11-23,80169,99,63810,64,16359,35,69570,64,465749,674,535319,738,0,942,2,2110,1027,0,"Knox County",470313,113.328783172058,0.0965113318054494,156.916776699772,21.049811508506,9.65113318054494
2021-11-22,80070,107,63746,84,16324,23,69506,82,465075,740,534581,822,0,942,3,2108,1027,0,"Knox County",470313,100.996570369095,0.0883886906395828,174.777222828202,22.7508063778803,8.83886906395828
2021-11-21,79963,44,63662,32,16301,12,69424,37,464335,284,533759,321,0,942,2,2105,1027,2,"Knox County",470313,103.335438314484,0.0917755991285403,68.2524191336408,9.35547178155824,9.17755991285403
2021-11-20,79919,54,63630,37,16289,17,69387,44,464051,537,533438,581,0,942,1,2103,1025,1,"Knox County",470313,102.272316521125,0.0882427307206068,123.534752388303,11.481715368276,8.82427307206068
2021-11-19,79865,112,63593,83,16272,29,69343,81,463514,825,532857,906,0,942,0,2102,1024,0,"Knox County",470313,121.833757518929,0.0902487343165309,192.637668956631,23.8139281712392,9.02487343165309
2021-11-18,79753,81,63510,45,16243,36,69262,50,462689,937,531951,987,3,942,2,2102,1024,0,"Knox County",470313,127.99986392041,0.0833655705996132,209.860242009045,17.222573052414,8.33655705996132
2021-11-17,79672,105,63465,65,16207,40,69212,66,461752,833,530964,899,0,939,1,2100,1024,1,"Knox County",470313,127.99986392041,0.0807004187285877,191.149298445929,22.3255576605367,8.07004187285877
2021-11-16,79567,72,63400,50,16167,22,69146,67,460919,777,530065,844,0,939,2,2099,1023,3,"Knox County",470313,122.259006236272,0.0796641791044776,179.454958718981,15.308953824368,7.96641791044776
2021-11-15,79495,84,63350,45,16145,39,69079,34,460142,459,529221,493,3,939,0,2097,1020,0,"Knox County",470313,117.368645986822,0.0753329357980521,104.823808825187,17.8604461284294,7.53329357980521
2021-11-14,79411,72,63305,62,16106,10,69045,68,459683,624,528728,692,0,936,2,2097,1020,2,"Knox County",470313,123.322128029631,0.075897815623843,147.13605620087,15.308953824368,7.5897815623843
2021-11-13,79339,29,63243,13,16096,16,68977,12,459059,317,528036,329,0,936,2,2095,1018,0,"Knox County",470313,118.006519062837,0.0733980582524272,69.953414003015,6.16610640148157,7.33980582524272
2021-11-12,79310,66,63230,49,16080,17,68965,51,458742,687,527707,738,0,936,4,2093,1018,2,"Knox County",470313,108.225798563935,0.06985146527499,156.916776699772,14.0332076723374,6.985146527499
2021-11-11,79244,67,63181,46,16063,21,68914,54,458055,962,526969,1016,0,936,0,2089,1016,0,"Knox County",470313,105.24905754253,0.0702454599880263,216.026348410527,14.2458320310091,7.02454599880263
2021-11-10,79177,72,63135,49,16042,23,68860,68,457093,854,525953,922,1,936,2,2089,1016,0,"Knox County",470313,98.2324537063615,0.0703218116805721,196.039658695379,15.308953824368,7.03218116805721
2021-11-09,79105,104,63086,74,16019,30,68792,132,456239,1174,525031,1306,1,935,1,2087,1016,1,"Knox County",470313,105.036433183858,0.0762372634643377,277.687412425342,22.1129333018649,7.62372634643377
2021-11-08,79001,78,63012,58,15989,20,68660,70,455065,687,523725,757,6,934,1,2086,1015,3,"Knox County",470313,103.760687031828,0.0789930555555556,160.956639514536,16.5846999763987,7.89930555555556
2021-11-07,78923,30,62954,19,15969,11,68590,22,454378,390,522968,412,0,928,1,2085,1012,3,"Knox County",470313,94.8304639676131,0.0746350364963504,87.6012357727726,6.37873076015334,7.46350364963504
2021-11-06,78893,41,62935,27,15958,14,68568,30,453988,453,522556,483,0,928,2,2084,1009,1,"Knox County",470313,97.3819562716744,0.0757898473553426,102.697565238469,8.7175987055429,7.57898473553426
2021-11-05,78852,52,62908,32,15944,20,68538,36,453535,605,522073,641,0,928,2,2082,1008,0,"Knox County",470313,94.4052152502695,0.0744085244717356,136.29221390861,11.0564666509325,7.44085244717356
2021-11-04,78800,68,62876,45,15924,23,68502,49,452930,667,521432,716,0,928,1,2080,1008,1,"Knox County",470313,94.6178396089413,0.0777162497613137,152.239040808993,14.4584563896809,7.77162497613137
2021-11-03,78732,80,62831,60,15901,20,68453,66,452263,969,520716,1035,0,928,2,2079,1007,2,"Knox County",470313,96.3188344783155,0.0757009345794393,220.06621122529,17.0099486937423,7.57009345794393
2021-11-02,78652,41,62771,19,15881,22,68387,22,451294,301,519681,323,4,928,1,2077,1005,3,"Knox County",470313,82.9234998819935,0.0675520952599038,68.6776678509843,8.7175987055429,6.75520952599038
2021-11-01,78611,95,62752,71,15859,24,68365,83,450993,661,519358,744,1,924,3,2076,1002,1,"Knox County",470313,86.5381139794137,0.0707395498392283,158.192522851803,20.1993140738189,7.07395498392283
2021-10-31,78516,26,62681,20,15835,6,68282,19,450332,278,518614,297,0,923,1,2073,1001,1,"Knox County",470313,85.6876165447266,0.0719509318235433,63.1494345255181,5.52823332546623,7.19509318235433
2021-10-30,78490,56,62661,41,15829,15,68263,43,450054,523,518317,566,0,923,4,2072,1000,0,"Knox County",470313,88.8769819248033,0.0735770476631189,120.345387008226,11.9069640856196,7.35770476631189
2021-10-29,78434,73,62620,59,15814,14,68220,66,449531,846,517751,912,1,923,1,2068,1000,1,"Knox County",470313,93.3420934569106,0.0757674722403658,193.913415108662,15.5215781830398,7.57674722403658
2021-10-28,78361,54,62561,32,15800,22,68154,39,448685,561,516839,600,4,922,3,2067,999,2,"Knox County",470313,90.3653524355057,0.0754969845878937,127.574615203067,11.481715368276,7.54969845878937
2021-10-27,78307,88,62529,57,15778,31,68115,65,448124,759,516239,824,1,918,3,2064,997,3,"Knox County",470313,92.0663473048799,0.0789967182372246,175.202471545545,18.7109435631165,7.89967182372246
2021-10-26,78219,95,62472,57,15747,38,68050,55,447365,554,515415,609,0,917,5,2061,994,2,"Knox County",470313,103.548062673156,0.0812829525483304,129.488234431113,20.1993140738189,8.12829525483304
2021-10-25,78124,70,62415,46,15709,24,67995,53,446811,491,514806,544,6,917,3,2056,992,1,"Knox County",470313,98.2324537063615,0.078125,115.667651117447,14.8837051070245,7.8125
2021-10-24,78054,38,62369,20,15685,18,67942,23,446320,337,514262,360,1,911,5,2053,991,3,"Knox County",470313,100.783946010423,0.077916194790487,76.5447691218401,8.07972562952757,7.7916194790487
2021-10-23,78016,59,62349,40,15667,19,67919,42,445983,471,513902,513,0,910,1,2048,988,2,"Knox County",470313,101.421819086438,0.0786336542870243,109.076295998622,12.5448371616349,7.86336542870243
2021-10-22,77957,89,62309,55,15648,34,67877,54,445512,551,513389,605,0,910,2,2047,986,2,"Knox County",470313,104.823808825187,0.0816276202219482,128.637736996426,18.9235679217883,8.16276202219482
2021-10-21,77868,124,62254,71,15614,53,67823,78,444961,712,512784,790,3,910,2,2045,984,2,"Knox County",470313,119.707513932211,0.0871613663133098,167.973243350705,26.3654204753005,8.71613663133098
2021-10-20,77744,148,62183,83,15561,65,67745,90,444249,959,511994,1049,3,907,3,2043,982,2,"Knox County",470313,132.464975452518,0.0883668903803132,223.042952246695,31.4684050834232,8.83668903803132
2021-10-19,77596,130,62100,85,15496,45,67655,92,443290,724,510945,816,4,904,3,2040,980,2,"Knox County",470313,139.90682800603,0.0923669018601668,173.501476676171,27.6411666273312,9.23669018601668
2021-10-18,77466,120,62015,89,15451,31,67563,105,442566,607,510129,712,9,900,8,2037,978,3,"Knox County",470313,150.538045939619,0.0998968008255934,151.388543374306,25.5149230406134,9.98968008255934
2021-10-17,77346,63,61926,56,15420,7,67458,61,441959,303,509417,364,1,891,4,2029,975,2,"Knox County",470313,155.853654906413,0.107651062074655,77.3952665565272,13.395334596322,10.7651062074655
2021-10-16,77283,55,61870,40,15413,15,67397,43,441656,372,509053,415,0,890,1,2025,973,4,"Knox County",470313,155.003157471726,0.110082087981478,88.2391088487879,11.6943397269478,11.0082087981478
2021-10-15,77228,125,61830,90,15398,35,67354,100,441284,794,508638,894,9,890,5,2024,969,2,"Knox County",470313,162.65763438391,0.112896825396825,190.08617665257,26.5780448339723,11.2896825396825
2021-10-14,77103,190,61740,135,15363,55,67254,143,440490,699,507744,842,0,881,7,2019,967,5,"Knox County",470313,176.690842056248,0.124509033778476,179.029710001637,40.3986281476379,12.4509033778476
2021-10-13,76913,119,61605,87,15308,32,67111,99,439791,764,506902,863,7,881,5,2012,962,1,"Knox County",470313,170.524735654766,0.131064003261313,183.494821533745,25.3022986819416,13.1064003261313
2021-10-12,76794,136,61518,104,15276,32,67012,109,439027,821,506039,930,4,874,3,2007,961,9,"Knox County",470313,171.800481806797,0.131474103585657,197.740653564754,28.9169127793618,13.1474103585657
2021-10-11,76658,192,61414,135,15244,57,66903,149,438206,581,505109,730,3,870,12,2004,952,1,"Knox County",470313,187.109435631165,0.139737991266376,155.215781830398,40.8238768649814,13.9737991266376
2021-10-10,76466,55,61279,42,15187,13,66754,52,437625,489,504379,541,0,867,4,1992,951,3,"Knox County",470313,185.408440761791,0.13326941514861,115.029778041432,11.6943397269478,13.326941514861
2021-10-09,76411,64,61237,35,15174,29,66702,46,437136,490,503838,536,0,867,7,1988,948,4,"Knox County",470313,187.322059989837,0.130809595202399,113.966656248073,13.6079589549938,13.0809595202399
2021-10-08,76347,286,61202,115,15145,171,66656,122,436646,936,503302,1058,-1,867,5,1981,944,4,"Knox County",470313,221.554581735993,0.130909090909091,224.956571474741,60.8105665801286,13.0909090909091
2021-10-07,76061,257,61087,169,14974,88,66534,175,435710,1106,502244,1281,6,868,9,1976,940,1,"Knox County",470313,235.800413767002,0.126620643205927,272.371803458548,54.644460178647,12.6620643205927
2021-10-06,75804,137,60918,101,14886,36,66359,112,434604,835,500963,947,1,862,4,1967,939,5,"Knox County",470313,239.627652223094,0.127013116387182,201.355267662174,29.1295371380336,12.7013116387182
2021-10-05,75667,209,60817,118,14850,91,66247,138,433769,915,500016,1053,3,861,4,1963,934,4,"Knox County",470313,255.149230406134,0.129189716889034,223.893449681382,44.4384909624016,12.9189716889034
2021-10-04,75458,312,60699,223,14759,89,66109,245,432854,829,498963,1074,3,858,4,1959,930,2,"Knox County",470313,280.664153446747,0.13713405238829,228.35856121349,66.3387999055948,13.713405238829
2021-10-03,75146,101,60476,92,14670,9,65864,106,432025,677,497889,783,1,855,6,1955,928,1,"Knox County",470313,290.444873945649,0.140225787284611,166.484872840002,21.4750602258496,14.0225787284611
2021-10-02,75045,67,60384,43,14661,24,65758,50,431348,472,497106,522,5,854,2,1949,927,4,"Knox County",470313,291.082747021664,0.141113426615064,110.989915226668,14.2458320310091,14.1113426615064
2021-10-01,74978,221,60341,150,14637,71,65708,166,430876,965,496584,1131,0,849,8,1947,923,3,"Knox County",470313,277.262163707999,0.146075688411132,240.478149657781,46.989983266463,14.6075688411132
2021-09-30,74757,239,60191,165,14566,74,65542,185,429911,1104,495453,1289,1,849,8,1939,920,2,"Knox County",470313,273.434925251907,0.147374613913811,274.072798327922,50.817221722555,14.7374613913811
2021-09-29,74518,359,60026,168,14492,191,65357,190,428807,1110,494164,1300,6,848,7,1931,918,3,"Knox County",470313,320.637532877041,0.151006711409396,276.411666273312,76.3321447631684,15.1006711409396
2021-09-28,74159,340,59858,242,14301,98,65167,262,427697,777,492864,1039,2,842,1,1924,915,3,"Knox County",470313,348.491323863044,0.168674698795181,220.916708659978,72.2922819484046,16.8674698795181
2021-09-27,73819,238,59616,161,14203,77,64905,186,426920,760,491825,946,7,840,12,1923,912,6,"Knox County",470313,332.757121321333,0.163338088445078,201.142643303502,50.6045973638832,16.3338088445078
2021-09-26,73581,123,59455,99,14126,24,64719,117,426160,703,490879,820,2,833,1,1911,906,5,"Knox County",470313,337.434857212112,0.164041436072087,174.351974110858,26.1527961166287,16.4041436072087
2021-09-25,73458,110,59356,90,14102,20,64602,102,425457,705,490059,807,0,831,3,1910,901,7,"Knox County",470313,346.577704634998,0.164757228587016,171.587857448125,23.3886794538956,16.4757228587016
2021-09-24,73348,244,59266,165,14082,79,64500,182,424752,938,489252,1120,13,831,5,1907,894,3,"Knox County",470313,351.468064884449,0.167190274552657,238.139281712392,51.8803435159139,16.7190274552657
2021-09-23,73104,352,59101,244,14003,108,64318,267,423814,1370,488132,1637,14,818,8,1902,891,3,"Knox County",470313,375.49461741436,0.170295996870518,348.066075145701,74.8437742524659,17.0295996870518
2021-09-22,72752,250,58857,186,13895,64,64051,200,422444,1260,486495,1460,3,804,4,1894,888,9,"Knox County",470313,352.318562319136,0.168092987610167,310.431563660796,53.1560896679445,16.8092987610167
2021-09-21,72502,394,58671,215,13831,179,63851,227,421184,996,485035,1223,10,801,7,1890,879,4,"Knox County",470313,363.800277687412,0.159865219019094,260.039590655585,83.7739973166806,15.9865219019094
2021-09-20,72108,427,58456,307,13652,120,63624,340,420188,1295,483812,1635,5,791,9,1883,875,7,"Knox County",470313,403.986281476379,0.164904619627672,347.640826428357,90.7906011528493,16.4904619627672
2021-09-19,71681,120,58149,88,13532,32,63284,97,418893,432,482177,529,1,786,8,1874,868,8,"Knox County",470313,403.348408400363,0.168232077041969,112.478285737371,25.5149230406134,16.8232077041969
2021-09-18,71561,222,58061,179,13500,43,63187,194,418461,1075,481648,1269,0,785,7,1866,860,13,"Knox County",470313,427.162336571602,0.169841090950073,269.820311154486,47.2026076251348,16.9841090950073
2021-09-17,71339,544,57882,419,13457,125,62993,445,417386,1310,480379,1755,5,785,11,1859,847,5,"Knox County",470313,490.949644173136,0.186159023979806,373.155749468971,115.667651117447,18.6159023979806
2021-09-16,70795,580,57463,455,13332,125,62548,483,416076,1518,478624,2001,7,780,16,1848,842,3,"Knox County",470313,539.427997950301,0.201175040518639,425.461341702228,123.322128029631,20.1175040518639
2021-09-15,70215,338,57008,250,13207,88,62065,267,414558,807,476623,1074,6,773,5,1832,839,4,"Knox County",470313,558.138941513418,0.216424204090238,228.35856121349,71.867033231061,21.6424204090238
2021-09-14,69877,551,56758,440,13119,111,61798,474,413751,1406,475549,1880,12,767,8,1827,835,3,"Knox County",470313,591.520965824887,0.226757369614512,399.733794302943,117.15602162815,22.6757369614512
2021-09-13,69326,396,56318,295,13008,101,61324,329,412345,1134,473669,1463,20,755,15,1819,832,9,"Knox County",470313,584.929610706062,0.229565740647879,311.069436736811,84.1992460340241,22.9565740647879
2021-09-12,68930,384,56023,356,12907,28,60995,373,411211,1460,472206,1833,0,735,5,1804,823,8,"Knox County",470313,641.062441395411,0.227494456762749,389.740449445369,81.6477537299628,22.7494456762749
2021-09-11,68546,856,55667,698,12879,158,60622,757,409751,2620,470373,3377,4,735,25,1799,815,10,"Knox County",470313,775.866284793319,0.233729358140925,718.032459234595,182.006451023042,23.3729358140925
2021-09-10,67690,1020,54969,747,12721,273,59865,802,407131,2512,466996,3314,1,731,24,1774,805,7,"Knox County",470313,877.075479521085,0.23323517601392,704.637124638273,216.876845845214,23.323517601392
2021-09-09,66670,308,54222,166,12448,142,59063,171,404619,685,463682,856,1,730,18,1750,798,5,"Knox County",470313,819.241653962361,0.229977531347394,182.006451023042,65.4883024709077,22.9977531347394
2021-09-08,66362,290,54056,226,12306,64,58892,249,403934,837,462826,1086,5,729,11,1732,793,6,"Knox County",470313,809.035684746116,0.228474183503512,230.910053517551,61.6610640148157,22.8474183503512
2021-09-07,66072,407,53830,299,12242,108,58643,310,403097,979,461740,1289,3,724,12,1721,787,1,"Knox County",470313,778.41777709738,0.226282342260554,274.072798327922,86.5381139794137,22.6282342260554
2021-09-06,65665,983,53531,786,12134,197,58333,843,402118,3220,460451,4063,1,721,19,1709,786,3,"Knox County",470313,903.228275637714,0.221583006701226,863.892769283435,209.009744574358,22.1583006701226
2021-09-05,64682,965,52745,798,11937,167,57490,831,398898,2998,456388,3829,2,720,15,1690,783,6,"Knox County",470313,1026.76302802602,0.222465476591445,814.138669354239,205.182506118266,22.2465476591445
2021-09-04,63717,536,51947,383,11770,153,56659,405,395900,1502,452559,1907,2,718,10,1675,777,4,"Knox County",470313,958.723233251048,0.220937347038669,405.474651987081,113.966656248073,22.0937347038669
2021-09-03,63181,332,51564,237,11617,95,56254,249,394398,909,450652,1158,5,716,8,1665,773,5,"Knox County",470313,812.437674484864,0.215534254299408,246.219007341919,70.5912870790304,21.5534254299408
2021-09-02,62849,320,51327,180,11522,140,56005,199,393489,680,449494,879,3,711,5,1657,768,3,"Knox County",470313,814.989166788926,0.217155724438815,186.896811272493,68.039794774969,21.7155724438815
2021-09-01,62529,273,51147,210,11382,63,55806,223,392809,645,448615,868,2,708,2,1652,765,3,"Knox County",470313,811.374552691505,0.218680768955907,184.557943327103,58.0464499173954,21.8680768955907
2021-08-31,62256,591,50937,430,11319,161,55583,477,392164,1894,447747,2371,2,706,9,1650,762,4,"Knox County",470313,850.497434687113,0.214063018242123,504.132354410786,125.660995975021,21.4063018242123
2021-08-30,61665,511,50507,404,11158,107,55106,430,390270,1629,445376,2059,9,704,13,1641,758,6,"Knox County",470313,750.138737394033,0.215285747073675,437.793554505191,108.651047281279,21.5285747073675
2021-08-29,61154,481,50103,406,11051,75,54676,438,388641,1484,443317,1922,1,695,5,1628,752,7,"Knox County",470313,647.228547796893,0.216857757076317,408.664017367158,102.272316521125,21.6857757076317
2021-08-28,60673,395,49697,302,10976,93,54238,321,387157,1065,441395,1386,0,694,4,1623,745,3,"Knox County",470313,617.248513224172,0.219580945222212,294.697361119085,83.9866216753524,21.9580945222212
2021-08-27,60278,468,49395,370,10883,98,53917,386,386092,1166,440009,1552,5,694,5,1619,742,1,"Knox County",470313,646.165426003534,0.224155114614479,329.9930046586,99.5081998583922,22.4155114614479
2021-08-26,59810,446,49025,344,10785,102,53531,365,384926,1426,438457,1791,5,689,0,1614,741,5,"Knox County",470313,672.956095196178,0.22093899071052,380.810226381155,94.8304639676131,22.093899071052
2021-08-25,59364,345,48681,222,10683,123,53166,233,383500,642,436666,875,2,684,4,1614,736,10,"Knox County",470313,688.265049020546,0.221646035463366,186.046313837806,73.3554037417635,22.1646035463366
2021-08-24,59019,338,48459,222,10560,116,52933,233,382858,677,435791,910,4,682,5,1610,726,0,"Knox County",470313,634.471086276586,0.229252024773702,193.488166391318,71.867033231061,22.9252024773702
2021-08-23,58681,285,48237,206,10444,79,52700,226,382181,825,434881,1051,1,678,1,1605,726,4,"Knox County",470313,586.417981216764,0.232107093917993,223.468200964039,60.5979422214568,23.2107093917993
2021-08-22,58396,239,48031,218,10365,21,52474,234,381356,889,433830,1123,2,677,0,1604,722,2,"Knox County",470313,534.962886418194,0.229972375690608,238.777154788407,50.817221722555,22.9972375690608
2021-08-21,58157,499,47813,377,10344,122,52240,410,380467,1903,432707,2313,0,675,8,1604,720,3,"Knox County",470313,557.075819720059,0.217056682267291,491.800141607823,106.099554977217,21.7056682267291
2021-08-20,57658,425,47436,331,10222,94,51830,356,378564,1148,430394,1504,0,675,6,1596,717,3,"Knox County",470313,547.932972297172,0.215009929967597,319.787035442354,90.3653524355057,21.5009929967597
2021-08-19,57233,368,47105,254,10128,114,51474,264,377416,952,428890,1216,1,675,6,1590,714,0,"Knox County",470313,531.348272320774,0.217526690391459,258.551220144882,78.2457639912144,21.7526690391459
2021-08-18,56865,262,46851,192,10014,70,51210,199,376464,914,427674,1113,2,674,5,1584,714,0,"Knox County",470313,513.700450551016,0.208234019501625,236.650911201689,55.7075819720059,20.8234019501625
2021-08-17,56603,260,46659,179,9944,81,51011,197,375550,1042,426561,1239,0,672,5,1579,714,3,"Knox County",470313,497.115750574617,0.197300972905116,263.441580394333,55.2823332546623,19.7300972905116
2021-08-16,56343,182,46480,126,9863,56,50814,131,374508,421,425322,552,2,672,4,1574,711,0,"Knox County",470313,475.215441631424,0.197682119205298,117.368645986822,38.6976332782636,19.7682119205298
2021-08-15,56161,203,46354,180,9807,23,50683,198,374087,953,424770,1151,3,670,6,1570,711,1,"Knox County",470313,467.56096471924,0.193111795774648,244.730636831217,43.162744810371,19.3111795774648
2021-08-14,55958,219,46174,147,9784,72,50485,154,373134,795,423619,949,0,667,4,1564,710,2,"Knox County",470313,408.026144291142,0.194070429829104,201.780516379517,46.5647345491194,19.4070429829104
2021-08-13,55739,266,46027,206,9712,60,50331,219,372339,1470,422670,1689,1,667,5,1560,708,3,"Knox County",470313,374.21887126233,0.172208875964092,359.122541796633,56.558079406693,17.2208875964092
2021-08-12,55473,221,45821,145,9652,76,50112,151,370869,643,420981,794,2,666,8,1555,705,2,"Knox County",470313,342.963090537578,0.166822492320021,168.823740785392,46.989983266463,16.6822492320021
2021-08-11,55252,315,45676,236,9576,79,49961,247,370226,989,420187,1236,1,664,10,1547,703,3,"Knox County",470313,354.232181547182,0.170433639947438,262.803707318318,66.9766729816101,17.0433639947438
2021-08-10,54937,172,45440,109,9497,63,49714,121,369237,621,418951,742,1,663,2,1537,700,4,"Knox County",470313,335.521237984066,0.171657528469,157.767274134459,36.5713896915458,17.1657528469
2021-08-09,54765,196,45331,159,9434,37,49593,167,368616,752,418209,919,1,662,4,1535,696,1,"Knox County",470313,338.497979005471,0.168048128342246,195.401785619364,41.6743742996685,16.8048128342246
2021-08-08,54569,89,45172,67,9397,22,49426,75,367864,418,417290,493,1,661,5,1531,695,0,"Knox County",470313,314.258802116888,0.16622691292876,104.823808825187,18.9235679217883,16.622691292876
2021-08-07,54480,104,45105,75,9375,29,49351,79,367446,638,416797,717,0,660,2,1526,695,0,"Knox County",470313,289.807000869634,0.160698027314112,152.451665167665,22.1129333018649,16.0698027314112
2021-08-06,54376,203,45030,147,9346,56,49272,163,366808,879,416080,1042,0,660,11,1524,695,1,"Knox County",470313,276.411666273312,0.16876998149083,221.554581735993,43.162744810371,16.876998149083
2021-08-05,54173,173,44883,130,9290,43,49109,146,365929,850,415038,996,2,660,4,1513,694,2,"Knox County",470313,266.205697057066,0.162408462164361,211.773861237091,36.7840140502176,16.2408462164361
2021-08-04,54000,144,44753,101,9247,43,48963,104,365079,656,414042,760,1,658,4,1509,692,1,"Knox County",470313,229.846931724192,0.150820250485094,161.594512590551,30.6179076487361,15.0820250485094
2021-08-03,53856,238,44652,177,9204,61,48859,183,364423,812,413282,995,0,657,5,1505,691,3,"Knox County",470313,243.88013939653,0.1548463356974,211.561236878419,50.6045973638832,15.48463356974
2021-08-02,53618,97,44475,75,9143,22,48676,82,363611,532,412287,614,2,657,3,1500,688,0,"Knox County",470313,222.830327888024,0.148121773188535,130.551356224472,20.6245627911625,14.8121773188535
2021-08-01,53521,105,44400,89,9121,16,48594,99,363079,526,411673,625,0,655,2,1497,688,2,"Knox County",470313,226.232317626772,0.148895460080014,132.890224169861,22.3255576605367,14.8895460080014
2021-07-31,53416,104,44311,64,9105,40,48495,68,362553,399,411048,467,1,655,6,1495,686,0,"Knox County",470313,226.232317626772,0.153664302600473,99.2955754997204,22.1129333018649,15.3664302600473
2021-07-30,53312,118,44247,83,9065,35,48427,91,362154,339,410581,430,1,654,0,1489,686,1,"Knox County",470313,208.159247139671,0.15817474933497,91.4284742288646,25.0896743232698,15.817474933497
2021-07-29,53194,118,44164,66,9030,52,48336,69,361815,483,410151,552,0,653,2,1489,685,1,"Knox County",470313,196.464907412723,0.156650911546253,117.368645986822,25.0896743232698,15.6650911546253
2021-07-28,53076,130,44098,89,8978,41,48267,94,361332,536,409599,630,0,653,4,1487,684,0,"Knox County",470313,193.488166391318,0.159054022722003,133.95334596322,27.6411666273312,15.9054022722003
2021-07-27,52946,117,44009,78,8937,39,48173,84,360796,499,408969,583,0,653,4,1483,684,0,"Knox County",470313,167.760618992033,0.150474237375032,123.960001105647,24.877049964598,15.0474237375032
2021-07-26,52829,97,43931,73,8898,24,48089,78,360297,371,408386,449,1,653,4,1479,684,0,"Knox County",470313,167.760618992033,0.156049250535332,95.4683370436284,20.6245627911625,15.6049250535332
2021-07-25,52732,51,43858,43,8874,8,48011,44,359926,320,407937,364,3,652,5,1475,684,1,"Knox County",470313,156.278903623757,0.151942446043165,77.3952665565272,10.8438422922607,15.1942446043165
2021-07-24,52681,64,43815,43,8866,21,47967,44,359606,348,407573,392,0,649,1,1470,683,2,"Knox County",470313,147.773929276886,0.148235294117647,83.348748599337,13.6079589549938,14.8235294117647
2021-07-23,52617,55,43772,30,8845,25,47923,32,359258,321,407181,353,1,649,3,1469,681,1,"Knox County",470313,134.378594680564,0.133915136924466,75.0563986111377,11.6943397269478,13.3915136924466
2021-07-22,52562,95,43742,70,8820,25,47891,79,358937,474,406828,553,0,648,3,1466,680,0,"Knox County",470313,129.488234431113,0.136883273164862,117.581270345493,20.1993140738189,13.6883273164862
2021-07-21,52467,61,43672,47,8795,14,47812,46,358463,411,406275,457,1,648,1,1463,680,0,"Knox County",470313,114.81715368276,0.129165344335132,97.1693319130026,12.9700858789785,12.9165344335132
2021-07-20,52406,77,43625,42,8781,35,47766,44,358052,299,405818,343,0,647,3,1462,680,0,"Knox County",470313,106.312179335889,0.126073514256269,72.9301550244199,16.3720756177269,12.6073514256269
2021-07-19,52329,48,43583,36,8746,12,47722,41,357753,348,405475,389,0,647,0,1459,680,0,"Knox County",470313,95.893585760972,0.115748860049106,82.7108755233217,10.2059692162454,11.5748860049106
2021-07-18,52281,36,43547,30,8734,6,47681,31,357405,271,405086,302,0,647,1,1459,680,1,"Knox County",470313,92.7042203808953,0.113660810326282,64.212556318877,7.65447691218401,11.3660810326282
2021-07-17,52245,27,43517,20,8728,7,47650,21,357134,202,404784,223,0,647,1,1458,679,0,"Knox County",470313,84.8371191100395,0.112213740458015,47.4152319838065,5.74085768413801,11.2213740458015
2021-07-16,52218,37,43497,21,8721,16,47629,22,356932,291,404561,313,0,647,1,1457,679,0,"Knox County",470313,81.0098806539475,0.110077519379845,66.5514242642666,7.86710127085579,11.0077519379845
2021-07-15,52181,55,43476,42,8705,13,47607,44,356641,364,404248,408,-1,647,1,1456,679,0,"Knox County",470313,72.5049063070764,0.102258726899384,86.7507383380855,11.6943397269478,10.2258726899384
2021-07-14,52126,21,43434,17,8692,4,47563,16,356277,269,403840,285,0,648,2,1455,679,0,"Knox County",470313,63.9999319602052,0.0967741935483871,60.5979422214568,4.46511153210734,9.67741935483871
2021-07-13,52105,42,43417,26,8688,16,47547,29,356008,355,403555,384,3,648,3,1453,679,0,"Knox County",470313,56.558079406693,0.0885416666666667,81.6477537299628,8.93022306421468,8.85416666666667
2021-07-12,52063,28,43391,22,8672,6,47518,24,355653,270,403171,294,0,645,1,1450,679,1,"Knox County",470313,52.3055922332574,0.0846536894522408,62.5115614495028,5.95348204280979,8.46536894522408
2021-07-11,52035,8,43369,3,8666,5,47494,4,355383,136,402877,140,0,645,0,1449,678,0,"Knox County",470313,46.3521101904476,0.0781631656082071,29.7674102140489,1.70099486937423,7.81631656082071
2021-07-10,52027,19,43366,15,8661,4,47490,15,355247,191,402737,206,0,645,1,1449,678,0,"Knox County",470313,44.6511153210734,0.0758620689655172,43.8006178863863,4.03986281476378,7.58620689655172
2021-07-09,52008,27,43351,21,8657,6,47475,21,355056,338,402531,359,0,645,0,1448,678,1,"Knox County",470313,42.5248717343556,0.0736994219653179,76.3321447631684,5.74085768413801,7.36994219653179
2021-07-08,51981,19,43330,14,8651,5,47454,16,354718,317,402172,333,0,645,0,1448,677,2,"Knox County",470313,34.8703948221716,0.0624687656171914,70.8039114377021,4.03986281476378,6.24687656171914
2021-07-07,51962,18,43316,5,8646,13,47438,5,354401,333,401839,338,1,645,1,1448,675,0,"Knox County",470313,34.2325217461563,0.0555014605647517,71.867033231061,3.82723845609201,5.55014605647517
2021-07-06,51944,24,43311,9,8633,15,47433,13,354068,263,401501,276,0,644,2,1447,675,0,"Knox County",470313,30.4052832900643,0.0503597122302158,58.6843229934108,5.10298460812268,5.03597122302158
2021-07-05,51920,10,43302,7,8618,3,47420,6,353805,105,401225,111,0,644,1,1445,675,0,"Knox County",470313,26.5780448339723,0.0453771979580261,23.6013038125674,2.12624358671778,4.53771979580261
2021-07-04,51910,8,43295,7,8615,1,47414,7,353700,143,401114,150,0,644,1,1444,675,0,"Knox County",470313,26.5780448339723,0.0468133107727016,31.8936538007667,1.70099486937423,4.68133107727016
2021-07-03,51902,9,43288,7,8614,2,47407,7,353557,184,400964,191,0,644,1,1443,675,0,"Knox County",470313,24.4518012472545,0.0426621160409556,40.6112525063096,1.913619228046,4.26621160409556
2021-07-02,51893,17,43281,13,8612,4,47400,17,353373,342,400773,359,-1,644,0,1442,675,0,"Knox County",470313,22.3255576605367,0.040386803185438,76.3321447631684,3.61461409742023,4.0386803185438
2021-07-01,51876,18,43268,15,8608,3,47383,17,353031,248,400414,265,-1,645,1,1442,675,0,"Knox County",470313,22.1129333018649,0.042603550295858,56.3454550480212,3.82723845609201,4.2603550295858
2021-06-30,51858,18,43253,12,8605,6,47366,11,352783,299,400149,310,0,646,0,1441,675,0,"Knox County",470313,22.1129333018649,0.0469314079422383,65.9135511882512,3.82723845609201,4.69314079422383
2021-06-29,51840,21,43241,16,8599,5,47355,19,352484,437,399839,456,0,646,1,1441,675,0,"Knox County",470313,21.4750602258496,0.0456026058631922,96.9567075543308,4.46511153210734,4.56026058631922
2021-06-28,51819,9,43225,2,8594,7,47336,2,352047,113,399383,115,0,646,0,1440,675,0,"Knox County",470313,21.2624358671778,0.0433369447453954,24.4518012472545,1.913619228046,4.33369447453954
2021-06-27,51810,5,43223,3,8587,2,47334,3,351934,151,399268,154,0,646,0,1440,675,0,"Knox County",470313,20.6245627911625,0.0410810810810811,32.7441512354538,1.06312179335889,4.10810810810811
2021-06-26,51805,3,43220,2,8585,1,47331,2,351783,206,399114,208,0,646,0,1440,675,0,"Knox County",470313,19.3488166391318,0.0380289234065345,44.2258666037299,0.637873076015334,3.80289234065345
2021-06-25,51802,13,43218,9,8584,4,47329,11,351577,311,398906,322,0,646,0,1440,675,0,"Knox County",470313,18.4983192044447,0.0355191256830601,68.4650434923126,2.76411666273312,3.55191256830601
2021-06-24,51789,14,43209,9,8580,5,47318,10,351266,364,398584,374,1,646,1,1440,675,1,"Knox County",470313,17.6478217697576,0.0299123259412068,79.521510143245,2.97674102140489,2.99123259412068
2021-06-23,51775,13,43200,6,8575,7,47308,8,350902,282,398210,290,0,645,0,1439,674,1,"Knox County",470313,16.5846999763987,0.0286607608129234,61.6610640148157,2.76411666273312,2.86607608129234
2021-06-22,51762,14,43194,5,8568,9,47300,5,350620,247,397920,252,2,645,1,1439,673,1,"Knox County",470313,15.0963294656962,0.0239067055393586,53.5813383852881,2.97674102140489,2.39067055393586
2021-06-21,51748,9,43189,8,8559,1,47295,9,350373,289,397668,298,0,643,1,1438,672,0,"Knox County",470313,15.0963294656962,0.0252897787144362,63.3620588841899,1.913619228046,2.52897787144363
2021-06-20,51739,3,43181,2,8558,1,47286,3,350084,161,397370,164,1,643,0,1437,672,0,"Knox County",470313,14.6710807483527,0.0251572327044025,34.8703948221716,0.637873076015334,2.51572327044025
2021-06-19,51736,3,43179,1,8557,2,47283,1,349923,191,397206,192,0,642,0,1437,672,0,"Knox County",470313,14.6710807483527,0.0248414376321353,40.8238768649814,0.637873076015334,2.48414376321353
2021-06-18,51733,5,43178,3,8555,2,47282,3,349732,283,397014,286,1,642,0,1437,672,0,"Knox County",470313,12.9700858789785,0.0210129310344828,60.8105665801286,1.06312179335889,2.10129310344828
2021-06-17,51728,12,43175,8,8553,4,47279,9,349449,515,396728,524,0,641,0,1437,672,1,"Knox County",470313,12.5448371616349,0.0189431704885344,111.415163944012,2.55149230406134,1.89431704885344
2021-06-16,51716,7,43167,4,8549,3,47270,4,348934,362,396204,366,1,641,0,1437,671,0,"Knox County",470313,11.2690910096042,0.0163304514889529,77.8205152738708,1.48837051070245,1.63304514889529
2021-06-15,51709,13,43163,9,8546,4,47266,14,348572,428,395838,442,0,640,0,1437,671,0,"Knox County",470313,11.0564666509325,0.0189260563380282,93.9799665329259,2.76411666273312,1.89260563380282
2021-06-14,51696,7,43154,2,8542,5,47252,3,348144,259,395396,262,1,640,0,1437,671,0,"Knox County",470313,10.6312179335889,0.0165474060822898,55.7075819720059,1.48837051070245,1.65474060822898
2021-06-13,51689,3,43152,3,8537,0,47249,4,347885,128,395134,132,0,639,1,1437,671,0,"Knox County",470313,10.6312179335889,0.0172413793103448,28.0664153446747,0.637873076015334,1.72413793103448
2021-06-12,51686,2,43149,1,8537,1,47245,1,347757,226,395002,227,0,639,0,1436,671,1,"Knox County",470313,10.4185935749171,0.0169718624385887,48.2657294184936,0.425248717343556,1.69718624385887
2021-06-11,51684,7,43148,3,8536,4,47244,2,347531,317,394775,319,0,639,0,1436,670,1,"Knox County",470313,10.8438422922607,0.0162852112676056,67.8271704162972,1.48837051070245,1.62852112676056
2021-06-10,51677,7,43145,4,8532,3,47242,5,347214,358,394456,363,0,639,0,1436,669,0,"Knox County",470313,9.7807204989018,0.0156324017053529,77.1826421978555,1.48837051070245,1.56324017053529
2021-06-09,51670,2,43141,1,8529,1,47237,1,346856,367,394093,368,1,639,0,1436,669,1,"Knox County",470313,8.7175987055429,0.0141978230004733,78.2457639912144,0.425248717343556,1.41978230004733
2021-06-08,51668,5,43140,3,8528,2,47236,4,346489,266,393725,270,1,638,0,1436,668,1,"Knox County",470313,7.01660383616868,0.0103039670273055,57.4085768413801,1.06312179335889,1.03039670273055
2021-06-07,51663,16,43137,10,8526,6,47232,10,346223,316,393455,326,0,637,2,1436,667,0,"Knox County",470313,8.93022306421468,0.0134663341645885,69.3155409269997,3.40198973874845,1.34663341645885
2021-06-06,51647,4,43127,2,8520,2,47222,2,345907,178,393129,180,0,637,0,1434,667,1,"Knox County",470313,9.14284742288646,0.0121773015099854,38.2723845609201,0.850497434687113,1.21773015099854
2021-06-05,51643,5,43125,2,8518,3,47220,3,345729,258,392949,261,0,637,0,1434,666,0,"Knox County",470313,9.7807204989018,0.0129372304743651,55.4949576133341,1.06312179335889,1.29372304743651
2021-06-04,51638,7,43123,2,8515,5,47217,3,345471,325,392688,328,1,637,0,1434,666,0,"Knox County",470313,9.7807204989018,0.0133587786259542,69.7407896443432,1.48837051070245,1.33587786259542
2021-06-03,51631,7,43121,4,8510,3,47214,6,345146,458,392360,464,0,636,0,1434,666,0,"Knox County",470313,9.7807204989018,0.0131998179335457,98.6577024237051,1.48837051070245,1.31998179335457
2021-06-02,51624,20,43117,7,8507,13,47208,6,344688,282,391896,288,0,636,1,1434,666,0,"Knox County",470313,13.6079589549938,0.0160604629192253,61.2358152974721,4.25248717343556,1.60604629192253
2021-06-01,51604,12,43110,9,8494,3,47202,10,344406,291,391608,301,0,636,1,1433,666,0,"Knox County",470313,15.0963294656962,0.0186219739292365,63.9999319602052,2.55149230406134,1.86219739292365
2021-05-31,51592,17,43101,14,8491,3,47192,12,344115,353,391307,365,0,636,0,1432,666,0,"Knox County",470313,15.308953824368,0.0192043895747599,77.607890915199,3.61461409742023,1.92043895747599
2021-05-30,51575,3,43087,1,8488,2,47180,1,343762,203,390942,204,0,636,0,1432,666,1,"Knox County",470313,15.0963294656962,0.018543645409317,43.3753691690427,0.637873076015334,1.8543645409317
2021-05-29,51572,14,43086,8,8486,6,47179,6,343559,199,390738,205,0,636,1,1432,665,2,"Knox County",470313,17.0099486937423,0.0204176334106729,43.5879935277145,2.97674102140489,2.04176334106729
2021-05-28,51558,10,43078,6,8480,4,47173,10,343360,390,390533,400,0,636,1,1431,663,0,"Knox County",470313,17.6478217697576,0.0229007633587786,85.0497434687113,2.12624358671778,2.29007633587786
2021-05-27,51548,23,43072,8,8476,15,47163,9,342970,341,390133,350,0,636,1,1430,663,0,"Knox County",470313,21.049811508506,0.0255560814008519,74.4185255351224,4.8903602494509,2.55560814008519
2021-05-26,51525,16,43064,8,8461,8,47154,11,342629,572,389783,583,0,636,0,1429,663,0,"Knox County",470313,20.1993140738189,0.0245016611295681,123.960001105647,3.40198973874845,2.45016611295681
2021-05-25,51509,18,43056,8,8453,10,47143,7,342057,311,389200,318,0,636,1,1429,663,0,"Knox County",470313,21.4750602258496,0.0230927835051546,67.6145460576254,3.82723845609201,2.30927835051546
2021-05-24,51491,25,43048,21,8443,4,47136,24,341746,425,388882,449,0,636,1,1428,663,1,"Knox County",470313,23.1760550952238,0.027102431247509,95.4683370436284,5.31560896679445,2.7102431247509
2021-05-23,51466,16,43027,8,8439,8,47112,8,341321,225,388433,233,1,636,1,1427,662,1,"Knox County",470313,25.9401717579569,0.0295508274231678,49.5414755705243,3.40198973874845,2.95508274231678
2021-05-22,51450,8,43019,4,8431,4,47104,4,341096,269,388200,273,0,635,0,1426,661,0,"Knox County",470313,24.6644256059263,0.0280122793553338,58.0464499173954,1.70099486937423,2.80122793553338
2021-05-21,51442,15,43015,11,8427,4,47100,13,340827,377,387927,390,0,635,1,1426,661,1,"Knox County",470313,25.7275473992852,0.0292758089368259,82.9234998819935,3.18936538007667,2.92758089368259
2021-05-20,51427,34,43004,26,8423,8,47087,27,340450,594,387537,621,0,635,1,1425,660,1,"Knox County",470313,28.0664153446747,0.0327868852459016,132.039726735174,7.22922819484046,3.27868852459016
2021-05-19,51393,14,42978,6,8415,8,47060,6,339856,544,386916,550,0,635,1,1424,659,0,"Knox County",470313,27.6411666273312,0.0314043754410727,116.943397269478,2.97674102140489,3.14043754410727
2021-05-18,51379,24,42972,14,8407,10,47054,14,339312,444,386366,458,1,635,0,1423,659,1,"Knox County",470313,28.9169127793618,0.0322797579018157,97.3819562716744,5.10298460812268,3.22797579018157
2021-05-17,51355,15,42958,8,8397,7,47040,8,338868,420,385908,428,0,634,0,1423,658,0,"Knox County",470313,26.790669192644,0.0270910938029123,91.003225511521,3.18936538007667,2.70910938029123
2021-05-16,51340,22,42950,13,8390,9,47032,12,338448,272,385480,284,1,634,1,1423,658,1,"Knox County",470313,28.0664153446747,0.0279627163781625,60.385317862785,4.67773589077912,2.79627163781625
2021-05-15,51318,23,42937,13,8381,10,47020,17,338176,336,385196,353,0,633,2,1422,657,1,"Knox County",470313,31.2557807247514,0.0314526588845655,75.0563986111377,4.8903602494509,3.14526588845655
2021-05-14,51295,36,42924,25,8371,11,47003,26,337840,498,384843,524,0,633,4,1420,656,0,"Knox County",470313,35.7208922568587,0.0341827221876942,111.415163944012,7.65447691218401,3.41827221876942
2021-05-13,51259,31,42899,17,8360,14,46977,17,337342,376,384319,393,0,633,0,1416,656,0,"Knox County",470313,35.0830191808434,0.0334448160535117,83.5613729580088,6.59135511882512,3.34448160535117
2021-05-12,51228,34,42882,28,8346,6,46960,26,336966,506,383926,532,0,633,0,1416,656,0,"Knox County",470313,39.335506354279,0.0403768506056528,113.116158813386,7.22922819484046,4.03768506056528
2021-05-11,51194,36,42854,30,8340,6,46934,31,336460,555,383394,586,0,633,4,1416,656,0,"Knox County",470313,41.8869986583403,0.0441935483870968,124.597874181662,7.65447691218401,4.41935483870968
2021-05-10,51158,21,42824,14,8334,7,46903,13,335905,277,382808,290,1,633,1,1412,656,1,"Knox County",470313,43.162744810371,0.0479405806887238,61.6610640148157,4.46511153210734,4.79405806887238
2021-05-09,51137,17,42810,14,8327,3,46890,17,335628,369,382518,386,0,632,1,1411,655,0,"Knox County",470313,42.0996230170121,0.047976501305483,82.0730024473064,3.61461409742023,4.7976501305483
2021-05-08,51120,20,42796,11,8324,9,46873,14,335259,307,382132,321,0,632,1,1410,655,0,"Knox County",470313,41.4617499409967,0.0474934036939314,68.2524191336408,4.25248717343556,4.74934036939314
2021-05-07,51100,43,42785,31,8315,12,46859,33,334952,576,381811,609,0,632,0,1409,655,0,"Knox County",470313,42.9501204516992,0.0484440166827077,129.488234431113,9.14284742288646,4.84440166827077
2021-05-06,51057,40,42754,26,8303,14,46826,28,334376,340,381202,368,1,632,0,1409,655,1,"Knox County",470313,44.8637396797452,0.0523932729624838,78.2457639912144,8.50497434687113,5.23932729624838
2021-05-05,51017,51,42728,32,8289,19,46798,38,334036,585,380834,623,0,631,4,1409,654,0,"Knox County",470313,48.4783537771654,0.0546654099905749,132.464975452518,10.8438422922607,5.46654099905749
2021-05-04,50966,50,42696,32,8270,18,46760,34,333451,536,380211,570,0,631,0,1405,654,0,"Knox County",470313,51.4550947985703,0.0558888538048626,121.195884442914,10.6312179335889,5.58888538048626
2021-05-03,50916,24,42664,9,8252,15,46726,7,332915,309,379641,316,1,631,1,1405,654,1,"Knox County",470313,52.0929678745856,0.053554650798622,67.1892973402819,5.10298460812268,5.3554650798622
2021-05-02,50892,25,42655,18,8237,7,46719,20,332606,288,379325,308,0,630,2,1404,653,0,"Knox County",470313,53.7939627439599,0.0558587479935795,65.4883024709077,5.31560896679445,5.58587479935795
2021-05-01,50867,45,42637,35,8230,10,46699,37,332318,450,379017,487,0,630,2,1402,653,0,"Knox County",470313,59.1095717107543,0.060042669917708,103.548062673156,9.56809614023002,6.0042669917708
2021-04-30,50822,57,42602,30,8220,27,46662,29,331868,567,378530,596,0,630,3,1400,653,1,"Knox County",470313,62.0863127321592,0.0590575275397797,126.72411776838,12.1195884442914,5.90575275397797
2021-04-29,50765,54,42572,34,8193,20,46633,35,331301,571,377934,606,0,630,2,1397,652,0,"Knox County",470313,65.0630537535641,0.0570450656018254,128.850361355098,11.481715368276,5.70450656018254
2021-04-28,50711,47,42538,28,8173,19,46598,34,330730,543,377328,577,4,630,1,1395,652,2,"Knox County",470313,64.212556318877,0.0566473988439306,122.684254953616,9.99334485757357,5.66473988439306
2021-04-27,50664,39,42510,17,8154,22,46564,20,330187,392,376751,412,1,626,2,1394,650,1,"Knox County",470313,61.8736883734874,0.0551181102362205,87.6012357727726,8.29234998819935,5.51181102362205
2021-04-26,50625,70,42493,37,8132,33,46544,41,329795,480,376339,521,1,625,0,1392,649,2,"Knox County",470313,71.6544088723892,0.0615911035072712,110.777290867996,14.8837051070245,6.15911035072712
2021-04-25,50555,38,42456,25,8099,13,46503,25,329315,341,375818,366,0,624,3,1392,647,0,"Knox County",470313,74.4185255351224,0.0619915848527349,77.8205152738708,8.07972562952757,6.19915848527349
2021-04-24,50517,35,42431,22,8086,13,46478,28,328974,509,375452,537,0,624,3,1389,647,1,"Knox County",470313,72.2922819484046,0.0586445366528354,114.179280606745,7.44185255351224,5.86445366528354
2021-04-23,50482,43,42409,31,8073,12,46450,36,328465,553,374915,589,0,624,2,1386,646,1,"Knox County",470313,69.3155409269997,0.0606984478935698,125.235747257677,9.14284742288646,6.06984478935698
2021-04-22,50439,79,42378,62,8061,17,46414,64,327912,787,374326,851,1,624,1,1384,645,1,"Knox County",470313,74.6311498937941,0.0643654295354269,180.943329229683,16.7973243350705,6.43654295354269
2021-04-21,50360,62,42316,34,8044,28,46350,34,327125,479,373475,513,1,623,1,1383,644,1,"Knox County",470313,77.8205152738708,0.0654526260226973,109.076295998622,13.1827102376502,6.54526260226973
2021-04-20,50298,38,42282,34,8016,4,46316,38,326646,474,372962,512,1,622,1,1382,643,1,"Knox County",470313,77.607890915199,0.0683980457701209,108.86367163995,8.07972562952757,6.83980457701209
2021-04-19,50260,64,42248,40,8012,24,46278,39,326172,336,372450,375,0,621,0,1381,642,0,"Knox County",470313,76.3321447631684,0.070531659096981,79.7341345019168,13.6079589549938,7.0531659096981
2021-04-18,50196,38,42208,27,7988,11,46239,32,325836,364,372075,396,0,621,1,1381,642,1,"Knox County",470313,76.3321447631684,0.0718261330506229,84.1992460340241,8.07972562952757,7.18261330506229
2021-04-17,50158,37,42181,18,7977,19,46207,23,325472,335,371679,358,0,621,1,1380,641,0,"Knox County",470313,76.7573934805119,0.0740122426265999,76.1195204044966,7.86710127085579,7.40122426265999
2021-04-16,50121,344,42163,328,7958,16,46184,368,325137,2088,371321,2456,1,621,4,1379,641,1,"Knox County",470313,140.757325440717,0.109503753891229,522.205424897887,73.1427793830917,10.9503753891229
2021-04-15,49777,86,41835,54,7942,32,45816,55,323049,577,368865,632,1,620,0,1375,640,1,"Knox County",470313,142.24569595142,0.11236169400992,134.378594680564,18.2856948457729,11.236169400992
2021-04-14,49691,84,41781,59,7910,25,45761,61,322472,684,368233,745,0,619,3,1375,639,0,"Knox County",470313,146.923431842199,0.112531969309463,158.405147210475,17.8604461284294,11.2531969309463
2021-04-13,49607,68,41722,38,7885,30,45700,43,321788,339,367488,382,-5,619,1,1372,639,0,"Knox County",470313,153.302162602352,0.116205089820359,81.2225050126193,14.4584563896809,11.6205089820359
2021-04-12,49539,63,41684,43,7855,20,45657,50,321449,360,367106,410,1,624,0,1371,639,1,"Knox County",470313,153.08953824368,0.117493957984756,87.175987055429,13.395334596322,11.7493957984756
2021-04-11,49476,26,41641,15,7835,11,45607,14,321089,296,366696,310,2,623,0,1371,638,0,"Knox County",470313,150.538045939619,0.116002267145286,65.9135511882512,5.52823332546623,11.6002267145286
2021-04-10,49450,50,41626,33,7824,17,45593,41,320793,571,366386,612,0,621,1,1371,638,1,"Knox County",470313,153.302162602352,0.113935460609338,130.126107507128,10.6312179335889,11.3935460609338
2021-04-09,49400,82,41593,62,7807,20,45552,71,320222,620,365774,691,5,621,2,1370,637,0,"Knox County",470313,97.5945806303462,0.0885774722369117,146.923431842199,17.4351974110858,8.85774722369117
2021-04-08,49318,49,41531,26,7787,23,45481,25,319602,465,365083,490,-6,616,0,1368,637,1,"Knox County",470313,89.7274793594904,0.0837912087912088,104.185935749171,10.4185935749171,8.37912087912088
2021-04-07,49269,77,41505,54,7764,23,45456,57,319137,767,364593,824,2,622,1,1368,636,0,"Knox County",470313,88.2391088487879,0.0809357354127454,175.202471545545,16.3720756177269,8.09357354127454
2021-04-06,49192,73,41451,40,7741,33,45399,44,318370,419,363769,463,2,620,0,1367,636,0,"Knox County",470313,89.3022306421468,0.0794736842105263,98.4450780650333,15.5215781830398,7.94736842105263
2021-04-05,49119,44,41411,32,7708,12,45355,35,317951,266,363306,301,0,618,3,1367,636,2,"Knox County",470313,85.262367827383,0.0777567054998645,63.9999319602052,9.35547178155824,7.77567054998645
2021-04-04,49075,49,41379,31,7696,18,45320,40,317685,341,363005,381,3,618,0,1364,634,1,"Knox County",470313,90.1527280768339,0.0832004253056885,81.0098806539475,10.4185935749171,8.32004253056885
2021-04-03,49026,80,41348,63,7678,17,45280,70,317344,593,362624,663,0,615,0,1364,633,3,"Knox County",470313,96.5314588369873,0.0896931549960661,140.969949799389,17.0099486937423,8.96931549960661
2021-04-02,48946,73,41285,43,7661,30,45210,44,316751,529,361961,573,0,615,2,1364,630,2,"Knox County",470313,94.6178396089413,0.0852503382949932,121.833757518929,15.5215781830398,8.52503382949932
2021-04-01,48873,76,41242,64,7631,12,45166,67,316222,580,361388,647,1,615,1,1362,628,0,"Knox County",470313,100.358697293079,0.0926791277258567,137.56796006064,16.1594512590551,9.26791277258567
2021-03-31,48797,87,41178,66,7619,21,45099,71,315642,765,360741,836,3,614,2,1361,628,2,"Knox County",470313,102.484940879797,0.0960144927536232,177.753963849607,18.4983192044447,9.60144927536232
2021-03-30,48710,56,41112,32,7598,24,45028,38,314877,460,359905,498,1,611,2,1359,626,2,"Knox County",470313,98.8703267823768,0.0936137471146448,105.886930618546,11.9069640856196,9.36137471146448
2021-03-29,48654,42,41080,21,7574,21,44990,22,314417,399,359407,421,5,610,0,1357,624,1,"Knox County",470313,98.4450780650333,0.087583976113461,89.5148550008186,8.93022306421468,8.7583976113461
2021-03-28,48612,80,41059,46,7553,34,44968,49,314018,484,358986,533,2,605,5,1357,623,1,"Knox County",470313,105.036433183858,0.086549988012467,113.328783172058,17.0099486937423,8.6549988012467
2021-03-27,48532,43,41013,40,7519,3,44919,42,313534,442,358453,484,0,603,2,1352,622,2,"Knox County",470313,97.1693319130026,0.0834168336673347,102.910189597141,9.14284742288646,8.34168336673347
2021-03-26,48489,79,40973,54,7516,25,44877,60,313092,416,357969,476,0,603,2,1350,620,2,"Knox County",470313,98.4450780650333,0.089602053915276,101.209194727766,16.7973243350705,8.9602053915276
2021-03-25,48410,87,40919,63,7491,24,44817,67,312676,570,357493,637,0,603,4,1348,618,1,"Knox County",470313,100.783946010423,0.0898326898326898,135.441716473923,18.4983192044447,8.98326898326898
2021-03-24,48323,123,40856,93,7467,30,44750,95,312106,780,356856,875,1,603,3,1344,617,1,"Knox County",470313,108.438422922607,0.0950560652395515,186.046313837806,26.1527961166287,9.50560652395515
2021-03-23,48200,88,40763,58,7437,30,44655,63,311326,530,355981,593,1,602,3,1341,616,1,"Knox County",470313,115.242402400104,0.0990296093555611,126.086244692364,18.7109435631165,9.90296093555611
2021-03-22,48112,111,40705,77,7407,34,44592,79,310796,516,355388,595,2,601,1,1338,615,0,"Knox County",470313,129.913483148456,0.108514190317195,126.511493409708,23.6013038125674,10.8514190317195
2021-03-21,48001,50,40628,33,7373,17,44513,34,310280,330,354793,364,-3,599,1,1337,615,1,"Knox County",470313,123.534752388303,0.10934393638171,77.3952665565272,10.6312179335889,10.934393638171
2021-03-20,47951,59,40595,29,7356,30,44479,33,309950,315,354429,348,0,602,4,1336,614,0,"Knox County",470313,126.936742127052,0.110853909465021,73.9932768177788,12.5448371616349,11.0853909465021
2021-03-19,47892,146,40566,102,7326,44,44446,116,309635,955,354081,1071,3,602,3,1332,614,1,"Knox County",470313,141.182574158061,0.108632612090118,227.720688137474,31.0431563660796,10.8632612090118
2021-03-18,47746,68,40464,50,7282,18,44330,66,308680,627,353010,693,2,599,1,1329,613,0,"Knox County",470313,137.142711343297,0.107072042300066,147.348680559542,14.4584563896809,10.7072042300066
2021-03-17,47678,46,40414,36,7264,10,44264,41,308053,498,352317,539,1,597,3,1328,613,2,"Knox County",470313,120.77063572557,0.102783725910064,114.604529324088,9.7807204989018,10.2783725910064
2021-03-16,47632,128,40378,84,7254,44,44223,100,307555,698,351778,798,0,596,3,1325,611,1,"Knox County",470313,129.275610072441,0.106397459165154,169.674238220079,27.2159179099876,10.6397459165154
2021-03-15,47504,43,40294,28,7210,15,44123,39,306857,290,350980,329,1,596,1,1322,610,1,"Knox County",470313,114.81715368276,0.103573153066152,69.953414003015,9.14284742288646,10.3573153066152
2021-03-14,47461,59,40266,37,7195,22,44084,46,306567,405,350651,451,0,595,0,1321,609,0,"Knox County",470313,116.730772910806,0.104279971624498,95.893585760972,12.5448371616349,10.4279971624498
2021-03-13,47402,71,40229,34,7173,37,44038,41,306162,623,350200,664,1,595,1,1321,609,2,"Knox County",470313,119.282265214868,0.0987898789878988,141.182574158061,15.0963294656962,9.87898789878988
2021-03-12,47331,63,40195,60,7136,3,43997,67,305539,691,349536,758,0,594,1,1320,607,2,"Knox County",470313,101.63444344511,0.0945179584120983,161.169263873208,13.395334596322,9.45179584120983
2021-03-11,47268,81,40135,54,7133,27,43930,64,304848,627,348778,691,2,594,0,1319,605,1,"Knox County",470313,104.398560107843,0.0940898345153664,146.923431842199,17.222573052414,9.40898345153664
2021-03-10,47187,94,40081,71,7106,23,43866,81,304221,1001,348087,1082,2,592,0,1319,604,0,"Knox County",470313,114.604529324088,0.0917661847894406,230.059556082864,19.9866897151471,9.17661847894406
2021-03-09,47093,80,40010,50,7083,30,43785,55,303220,597,347005,652,0,590,2,1319,604,5,"Knox County",470313,104.398560107843,0.0849362437864707,138.631081853999,17.0099486937423,8.49362437864707
2021-03-08,47013,85,39960,57,7053,28,43730,63,302623,411,346353,474,1,590,0,1317,599,2,"Knox County",470313,113.328783172058,0.087384744341995,100.783946010423,18.0730704871011,8.7384744341995
2021-03-07,46928,64,39903,40,7025,24,43667,42,302212,327,345879,369,0,589,0,1317,597,0,"Knox County",470313,114.391904965417,0.0880597014925373,78.4583883498861,13.6079589549938,8.80597014925373
2021-03-06,46864,123,39863,86,7001,37,43625,94,301885,848,345510,942,0,589,1,1317,597,0,"Knox County",470313,125.448371616349,0.0938003220611916,200.292145868815,26.1527961166287,9.38003220611916
2021-03-05,46741,69,39777,43,6964,26,43531,48,301037,520,344568,568,2,589,2,1316,597,2,"Knox County",470313,126.72411776838,0.0935537881958979,120.77063572557,14.6710807483527,9.35537881958979
2021-03-04,46672,113,39734,86,6938,27,43483,99,300517,1094,344000,1193,5,587,2,1314,595,2,"Knox County",470313,133.528097245877,0.0912878787878788,253.660859895431,24.0265525299109,9.12878787878788
2021-03-03,46559,71,39648,30,6911,41,43384,36,299423,497,342807,533,1,582,4,1312,593,1,"Knox County",470313,128.637736996426,0.0923694779116466,113.328783172058,15.0963294656962,9.23694779116466
2021-03-02,46488,133,39618,91,6870,42,43348,99,298926,807,342274,906,-1,581,2,1308,592,5,"Knox County",470313,139.90682800603,0.0964894684052156,192.637668956631,28.2790397033465,9.64894684052156
2021-03-01,46355,56,39527,30,6828,26,43249,33,298119,165,341368,198,1,582,1,1306,587,0,"Knox County",470313,133.740721604548,0.095774049692079,42.0996230170121,11.9069640856196,9.5774049692079
2021-02-28,46299,77,39497,53,6802,24,43216,63,297954,563,341170,626,2,581,2,1305,587,1,"Knox County",470313,136.504838267282,0.0950463149416029,133.102848528533,16.3720756177269,9.50463149416029
2021-02-27,46222,82,39444,47,6778,35,43153,59,297391,670,340544,729,1,579,3,1303,586,1,"Knox County",470313,127.787239561739,0.09194193141174,155.003157471726,17.4351974110858,9.194193141174
2021-02-26,46140,105,39397,69,6743,36,43094,80,296721,505,339815,585,5,578,1,1300,585,0,"Knox County",470313,135.441716473923,0.0983228511530398,124.38524982299,22.3255576605367,9.83228511530398
2021-02-25,46035,131,39328,92,6707,39,43014,98,296216,1028,339230,1126,2,573,5,1299,585,1,"Knox County",470313,139.268954930015,0.099510950457155,239.415027864422,27.8537909860029,9.9510950457155
2021-02-24,45904,101,39236,71,6668,30,42916,79,295188,969,338104,1048,2,571,2,1294,584,1,"Knox County",470313,145.647685690168,0.0979302414718283,222.830327888024,21.4750602258496,9.79302414718283
2021-02-23,45803,115,39165,61,6638,54,42837,68,294219,758,337056,826,5,569,6,1292,583,2,"Knox County",470313,141.820447234076,0.0934215648112106,175.627720262889,24.4518012472545,9.34215648112106
2021-02-22,45688,60,39104,31,6584,29,42769,37,293461,306,336230,343,3,564,3,1286,581,2,"Knox County",470313,142.670944668763,0.0916146129093318,72.9301550244199,12.7574615203067,9.16146129093318
2021-02-21,45628,82,39073,41,6555,41,42732,45,293155,499,335887,544,2,561,3,1283,579,3,"Knox County",470313,143.734066462122,0.0895981542011152,115.667651117447,17.4351974110858,8.95981542011152
2021-02-20,45546,137,39032,98,6514,39,42687,115,292656,1007,335343,1122,1,559,2,1280,576,1,"Knox County",470313,155.42840618907,0.0933142652842331,238.564530429735,29.1295371380336,9.33142652842331
2021-02-19,45409,93,38934,41,6475,52,42572,46,291649,274,334221,320,1,558,2,1278,575,2,"Knox County",470313,152.876913885008,0.0915744042034153,68.039794774969,19.7740653564754,9.15744042034153
2021-02-18,45316,152,38893,109,6423,43,42526,115,291375,987,333901,1102,4,557,5,1276,573,6,"Knox County",470313,157.342025417116,0.0951932139491046,234.3120432563,32.3189025181103,9.51932139491046
2021-02-17,45164,113,38784,68,6380,45,42411,76,290388,891,332799,967,1,553,4,1271,567,3,"Knox County",470313,159.893517721177,0.0960949464012251,205.607754835609,24.0265525299109,9.60949464012251
2021-02-16,45051,145,38716,89,6335,56,42335,102,289497,818,331832,920,2,552,4,1267,564,0,"Knox County",470313,166.27224848133,0.100789770590448,195.614409978036,30.8305320074078,10.0789770590448
2021-02-15,44906,74,38627,35,6279,39,42233,44,288679,312,330912,356,2,550,1,1263,564,1,"Knox County",470313,169.248989502735,0.101857062464828,75.694271687153,15.7342025417116,10.1857062464828
2021-02-14,44832,162,38592,132,6240,30,42189,134,288367,706,330556,840,2,548,5,1262,563,1,"Knox County",470313,186.258938196478,0.112315621112493,178.604461284294,34.4451461048281,11.2315621112493
2021-02-13,44670,132,38460,88,6210,44,42055,104,287661,870,329716,974,4,546,6,1257,562,4,"Knox County",470313,185.195816403119,0.113341850702683,207.096125346312,28.0664153446747,11.3341850702683
2021-02-12,44538,178,38372,113,6166,65,41951,123,286791,996,328742,1119,3,542,3,1251,558,1,"Knox County",470313,203.26888689022,0.111181905065307,237.92665735372,37.8471358435765,11.1181905065307
2021-02-11,44360,162,38259,112,6101,50,41828,117,285795,1132,327623,1249,5,539,5,1248,557,2,"Knox County",470313,205.395130476938,0.108949416342412,265.567823981051,34.4451461048281,10.8949416342412
2021-02-10,44198,147,38147,105,6051,42,41711,111,284663,1032,326374,1143,7,534,6,1243,555,2,"Knox County",470313,212.624358671778,0.111346765641569,243.029641961842,31.2557807247514,11.1346765641569
2021-02-09,44051,206,38042,151,6009,55,41600,160,283631,1022,325231,1182,0,527,6,1237,553,5,"Knox County",470313,225.594444550757,0.115547136820632,251.321991950042,43.8006178863863,11.5547136820632
2021-02-08,43845,103,37891,68,5954,35,41440,72,282609,371,324049,443,4,527,2,1231,548,3,"Knox County",470313,231.760550952238,0.118129496402878,94.1925908915977,21.9003089431931,11.8129496402878
2021-02-07,43742,109,37823,76,5919,33,41368,83,282238,716,323606,799,1,523,2,1229,545,1,"Knox County",470313,220.491459942634,0.11144883485309,169.886862578751,23.1760550952238,11.144883485309
2021-02-06,43633,300,37747,174,5886,126,41285,194,281522,1396,322807,1590,2,522,6,1227,544,4,"Knox County",470313,256.212352199493,0.114285714285714,338.072730288127,63.7873076015334,11.4285714285714
2021-02-05,43333,173,37573,128,5760,45,41091,142,280126,727,321217,869,8,520,4,1221,540,3,"Knox County",470313,255.149230406134,0.120824742268041,184.770567685775,36.7840140502176,12.0824742268041
2021-02-04,43160,198,37445,148,5715,50,40949,158,279399,1581,320348,1739,2,512,7,1217,537,8,"Knox County",470313,262.803707318318,0.118480360592402,369.753759730222,42.0996230170121,11.8480360592402
2021-02-03,42962,230,37297,166,5665,64,40791,172,277818,1634,318609,1806,5,510,7,1210,529,0,"Knox County",470313,280.451529088075,0.116397721879449,383.999591761231,48.903602494509,11.6397721879449
2021-02-02,42732,89,37131,68,5601,21,40619,76,276184,291,316803,367,7,505,1,1203,529,2,"Knox County",470313,255.574479123477,0.117824773413897,78.0331396325426,18.9235679217883,11.7824773413897
2021-02-01,42643,152,37063,82,5580,70,40543,97,275893,425,316436,522,4,498,2,1202,527,3,"Knox County",470313,265.993072698394,0.119864794591784,110.989915226668,32.3189025181103,11.9864794591784
2021-01-31,42491,173,36981,119,5510,54,40446,127,275468,939,315914,1066,7,494,4,1200,524,2,"Knox County",470313,279.601031653388,0.121372031662269,226.657566344116,36.7840140502176,12.1372031662269
2021-01-30,42318,276,36862,232,5456,44,40319,250,274529,1518,314848,1768,7,487,9,1196,522,6,"Knox County",470313,274.498047045266,0.125599115153005,375.919866131704,58.6843229934108,12.5599115153005
2021-01-29,42042,101,36630,52,5412,49,40069,62,273011,376,313080,438,4,480,1,1187,516,5,"Knox County",470313,259.189093220898,0.122242408512847,93.1294690982388,21.4750602258496,12.2242408512847
2021-01-28,41941,157,36578,117,5363,40,40007,128,272635,656,312642,784,9,476,6,1186,511,4,"Knox County",470313,250.471494515355,0.135091097615168,166.697497198674,33.3820243114692,13.5091097615168
2021-01-27,41784,169,36461,124,5323,45,39879,125,271979,893,311858,1018,12,467,3,1180,507,4,"Knox County",470313,237.501408636376,0.145061210799933,216.45159712787,35.9335166155305,14.5061210799933
2021-01-26,41615,232,36337,171,5278,61,39754,191,271086,1041,310840,1232,3,455,8,1177,503,7,"Knox County",470313,267.90669192644,0.143526654950205,261.953209883631,49.3288512118525,14.3526654950205
2021-01-25,41383,157,36166,106,5217,51,39563,115,270045,415,309608,530,9,452,1,1169,496,4,"Knox County",470313,268.969813719799,0.145991808074898,112.690910096042,33.3820243114692,14.5991808074898
2021-01-24,41226,152,36060,101,5166,51,39448,109,269630,790,309078,899,4,443,2,1168,492,5,"Knox County",470313,264.504702187692,0.1469485680012,191.149298445929,32.3189025181103,14.69485680012
2021-01-23,41074,307,35959,220,5115,87,39339,231,268840,1492,308179,1723,7,439,7,1166,487,4,"Knox County",470313,271.096057306517,0.145078502415459,366.351769991474,65.2756781122359,14.5078502415459
2021-01-22,40767,177,35739,141,5028,36,39108,175,267348,1172,306456,1347,3,432,8,1159,483,8,"Knox County",470313,287.255508565572,0.142572680207089,286.405011130885,37.6345114849047,14.2572680207089
2021-01-21,40590,260,35598,190,4992,70,38933,201,266176,1078,305109,1279,11,429,5,1151,475,6,"Knox County",470313,309.155817508765,0.142874937717987,271.946554741204,55.2823332546623,14.2874937717987
2021-01-20,40330,193,35408,132,4922,61,38732,131,265098,736,303830,867,10,418,8,1146,469,10,"Knox County",470313,314.258802116888,0.146375523676527,184.345318968432,41.0365012236532,14.6375523676527
2021-01-19,40137,310,35276,195,4861,115,38601,218,264362,956,302963,1174,8,408,14,1138,459,3,"Knox County",470313,330.843502093287,0.150914439186597,249.620997080668,65.9135511882512,15.0914439186597
2021-01-18,39827,129,35081,80,4746,49,38383,86,263406,472,301789,558,7,400,4,1124,456,9,"Knox County",470313,324.890020050477,0.146680259971964,118.644392138852,27.4285422686594,14.6680259971964
2021-01-17,39698,180,35001,137,4697,43,38297,150,262934,690,301231,840,3,393,8,1120,447,6,"Knox County",470313,330.843502093287,0.153055983564458,178.604461284294,38.2723845609201,15.3055983564458
2021-01-16,39518,419,34864,339,4654,80,38147,387,262244,1757,300391,2144,1,390,7,1112,441,8,"Knox County",470313,354.657430264526,0.164210013399927,455.866624992292,89.089606283475,16.4210013399927
2021-01-15,39099,187,34525,149,4574,38,37760,153,260487,755,298247,908,0,389,4,1105,433,10,"Knox County",470313,356.783673851244,0.170656370656371,193.062917673975,39.7607550716225,17.0656370656371
2021-01-14,38912,336,34376,266,4536,70,37607,290,259732,1480,297339,1770,6,389,8,1101,423,7,"Knox County",470313,372.943125110299,0.171286769156276,376.345114849047,71.4417845137175,17.1286769156276
2021-01-13,38576,244,34110,196,4466,48,37317,202,258252,946,295569,1148,12,383,6,1093,416,2,"Knox County",470313,383.78696740256,0.173963942870522,244.092763755201,51.8803435159139,17.3963942870522
2021-01-12,38332,331,33914,260,4418,71,37115,282,257306,1180,294421,1462,10,371,6,1087,414,5,"Knox County",470313,388.252078934667,0.175537938844847,310.85681237814,70.3786627203586,17.5537938844847
2021-01-11,38001,243,33654,196,4347,47,36833,228,256126,726,292959,954,4,361,5,1081,409,6,"Knox County",470313,412.49125582325,0.183394753956211,202.843638172876,51.6677191572421,18.3394753956211
2021-01-10,37758,324,33458,203,4300,121,36605,220,255400,1013,292005,1233,5,357,17,1076,403,6,"Knox County",470313,443.109163471986,0.183179124649132,262.165834242302,68.8902922096561,18.3179124649132
2021-01-09,37434,469,33255,388,4179,81,36385,422,254387,1383,290772,1805,5,352,11,1059,397,2,"Knox County",470313,453.740381405575,0.19364224137931,383.78696740256,99.720824217064,19.364224137931
2021-01-08,36965,454,32867,366,4098,88,35963,388,253004,1431,288967,1819,7,347,6,1048,395,8,"Knox County",470313,510.511085170939,0.199391620056913,386.763708423964,96.5314588369873,19.9391620056913
2021-01-07,36511,381,32501,339,4010,42,35575,349,251573,1309,287148,1658,10,340,9,1042,387,3,"Knox County",470313,520.079181311169,0.207461057644608,352.531186677808,81.0098806539475,20.7461057644608
2021-01-06,36130,490,32162,359,3968,131,35226,375,250264,1187,285490,1562,9,330,15,1033,384,9,"Knox County",470313,572.384773544427,0.215762889545411,332.119248245317,104.185935749171,21.5762889545411
2021-01-05,35640,517,31803,326,3837,191,34851,342,249077,1192,283928,1534,14,321,14,1018,375,6,"Knox County",470313,611.932904257378,0.219971604353999,326.165766202508,109.926793433309,21.9971604353999
2021-01-04,35123,321,31477,228,3646,93,34509,249,247885,654,282394,903,6,307,6,1004,369,8,"Knox County",470313,628.517604233776,0.223035952063915,191.999795880616,68.2524191336408,22.3035952063915
2021-01-03,34802,283,31249,182,3553,101,34260,195,247231,608,281491,803,2,301,9,998,361,9,"Knox County",470313,619.800005528233,0.230067433558112,170.737360013438,60.1726935041132,23.0067433558112
2021-01-02,34519,420,31067,318,3452,102,34065,343,246623,1095,280688,1438,0,299,23,989,352,4,"Knox County",470313,609.381411953316,0.230626736647113,305.753827770017,89.3022306421468,23.0626736647113
2021-01-01,34099,417,30749,347,3350,70,33722,373,245528,1297,279250,1670,2,299,9,966,348,6,"Knox County",470313,601.51431068246,0.232650501672241,355.08267898187,88.6643575661315,23.2650501672241
2020-12-31,33682,449,30402,312,3280,137,33349,322,244231,929,277580,1251,12,297,8,957,342,3,"Knox County",470313,615.972767072141,0.240039297019976,265.993072698394,95.4683370436284,24.0039297019976
2020-12-30,33233,363,30090,248,3143,115,33027,271,243302,931,276329,1202,6,285,9,949,339,4,"Knox County",470313,588.969473520826,0.238041131689581,255.574479123477,77.1826421978555,23.8041131689581
2020-12-29,32870,590,29842,398,3028,192,32756,420,242371,1081,275127,1501,7,279,14,940,335,8,"Knox County",470313,604.491051703865,0.24783302919708,319.149162366339,125.448371616349,24.783302919708
2020-12-28,32280,252,29444,174,2836,78,32336,185,241290,565,273626,750,4,272,4,926,327,5,"Knox County",470313,589.819970955513,0.244805571677307,159.468269003834,53.5813383852881,24.4805571677307
2020-12-27,32028,230,29270,156,2758,74,32151,172,240725,489,272876,661,3,268,8,922,322,7,"Knox County",470313,578.550879945908,0.24619379204532,140.544701082045,48.903602494509,24.619379204532
2020-12-26,31798,359,29114,289,2684,70,31979,329,240236,1063,272215,1392,0,265,10,914,315,6,"Knox County",470313,565.58079406693,0.245876349827934,295.973107271115,76.3321447631684,24.5876349827934
2020-12-25,31439,353,28825,287,2614,66,31650,308,239173,1070,270823,1378,1,265,5,904,309,7,"Knox County",470313,551.972835111936,0.246711739397664,292.99636624971,75.0563986111377,24.6711739397664
2020-12-24,31086,351,28538,277,2548,74,31342,311,238103,1273,269445,1584,5,264,8,899,302,7,"Knox County",470313,531.135647962102,0.235710911667454,336.796984136097,74.6311498937941,23.5710911667454
2020-12-23,30735,472,28261,351,2474,121,31031,371,236830,1411,267861,1782,6,259,9,891,295,6,"Knox County",470313,554.311703057326,0.231653404067197,378.896607153109,100.358697293079,23.1653404067197
2020-12-22,30263,530,27910,392,2353,138,30660,432,235419,1470,266079,1902,7,253,15,882,289,6,"Knox County",470313,541.554241537019,0.223092390729178,404.411530193722,112.690910096042,22.3092390729178
2020-12-21,29733,442,27518,361,2215,81,30228,391,233949,1422,264177,1813,2,246,5,867,283,3,"Knox County",470313,581.952869684657,0.220129375951294,385.487962271934,93.9799665329259,22.0129375951294
2020-12-20,29291,514,27157,431,2134,83,29837,478,232527,2245,262364,2723,2,244,7,862,280,6,"Knox County",470313,642.338187547442,0.208366470494672,578.976128663252,109.288920357294,20.8366470494672
2020-12-19,28777,525,26726,441,2051,84,29359,489,230282,1445,259641,1934,6,242,14,855,274,7,"Knox County",470313,677.633831086957,0.211954864287893,411.215509671219,111.627788302684,21.1954864287893
2020-12-18,28252,480,26285,420,1967,60,28870,430,228837,1358,257707,1788,4,236,11,841,267,6,"Knox County",470313,704.637124638273,0.214549756025432,380.172353305139,102.059692162454,21.4549756025433
2020-12-17,27772,733,25865,635,1907,98,28440,663,227479,1898,255919,2561,11,232,11,830,261,4,"Knox County",470313,785.859629650892,0.224367372267807,544.530982558424,155.853654906413,22.4367372267807
2020-12-16,27039,564,25230,453,1809,111,27777,472,225581,1729,253358,2201,8,221,11,819,257,4,"Knox County",470313,805.421070648696,0.224835812893714,467.986213436584,119.920138290883,22.4835812893714
2020-12-15,26475,765,24777,675,1698,90,27305,716,223852,2415,251157,3131,2,213,15,808,253,8,"Knox County",470313,855.387794936564,0.225311126246053,665.726867001337,162.65763438391,22.5311126246053
2020-12-14,25710,472,24102,411,1608,61,26589,461,221437,1624,248026,2085,6,211,7,793,245,8,"Knox County",470313,861.766525696717,0.225841807221579,443.321787830657,100.358697293079,22.584180722158
2020-12-13,25238,628,23691,572,1547,56,26128,754,219813,2935,245941,3689,2,205,10,786,237,6,"Knox County",470313,886.0057025853,0.229167864742078,784.37125914019,133.528097245877,22.9167864742078
2020-12-12,24610,464,23119,392,1491,72,25374,454,216878,2171,242252,2625,3,203,19,776,231,4,"Knox County",470313,873.035616706321,0.218473451327434,558.138941513418,98.6577024237051,21.8473451327434
2020-12-11,24146,557,22727,523,1419,34,24920,429,214707,1406,239627,1835,6,200,10,757,227,2,"Knox County",470313,889.407692324048,0.21785182324709,390.165698162713,118.43176778018,21.785182324709
2020-12-10,23589,473,22204,415,1385,58,24491,538,213301,1910,237792,2448,8,194,9,747,225,10,"Knox County",470313,834.125359069386,0.212279338292439,520.504430028513,100.571321651751,21.2279338292439
2020-12-09,23116,407,21789,337,1327,70,23953,359,211391,924,235344,1283,2,186,13,738,215,3,"Knox County",470313,800.743334757917,0.217068320074871,272.797052175891,86.5381139794137,21.7068320074871
2020-12-08,22709,491,21452,446,1257,45,23594,538,210467,2077,234061,2615,9,184,10,725,212,2,"Knox County",470313,742.484260481849,0.213088057901086,556.0126979267,104.398560107843,21.3088057901086
2020-12-07,22218,323,21006,271,1212,52,23056,317,208390,1135,231446,1452,3,175,6,715,210,3,"Knox County",470313,710.803231039754,0.212516460776322,308.730568791422,68.6776678509843,21.2516460776322
2020-12-06,21895,332,20735,291,1160,41,22739,187,207255,668,229994,855,6,172,6,709,207,4,"Knox County",470313,647.866420872908,0.215206283840464,181.79382666437,70.5912870790304,21.5206283840464
2020-12-05,21563,289,20444,263,1119,26,22552,213,206587,714,229139,927,2,166,8,703,203,2,"Knox County",470313,610.657158105347,0.22610600087604,197.102780488738,61.4484396561439,22.610600087604
2020-12-04,21274,354,20181,322,1093,32,22339,297,205873,1091,228212,1388,5,164,11,695,201,5,"Knox County",470313,567.494413294976,0.223285922684172,295.122609836428,75.2690229698095,22.3285922684172
2020-12-03,20920,441,19859,424,1061,17,22042,448,204782,1215,226824,1663,2,159,10,684,196,2,"Knox County",470313,560.690433817479,0.231660610821958,353.594308471167,93.7673421742542,23.1660610821958
2020-12-02,20479,192,19435,170,1044,22,21594,185,203567,575,225161,760,2,157,7,674,194,5,"Knox County",470313,514.976196703047,0.226190476190476,161.594512590551,40.8238768649814,22.6190476190476
2020-12-01,20287,403,19265,380,1022,23,21409,409,202992,1832,224401,2241,5,155,7,667,189,3,"Knox County",470313,496.26525313993,0.221408572043937,476.491187783455,85.6876165447266,22.1408572043937
2020-11-30,19884,385,18885,371,999,14,21000,436,201160,1815,222160,2251,1,150,3,660,186,3,"Knox County",470313,509.44796337758,0.215666831928607,478.617431370173,81.8603780886346,21.5666831928607
2020-11-29,19499,226,18514,218,985,8,20564,260,199345,1464,219909,1724,0,149,5,657,183,6,"Knox County",470313,486.909781358372,0.205221836771955,366.564394350146,48.0531050598219,20.5221836771955
2020-11-28,19273,270,18296,256,977,14,20304,299,197881,1967,218185,2266,0,149,8,652,177,4,"Knox County",470313,482.869918543608,0.189864150329456,481.806796750249,57.4085768413801,18.9864150329456
2020-11-27,19003,235,18040,215,963,20,20005,249,195914,1247,215919,1496,3,149,12,644,173,3,"Knox County",470313,457.567619861667,0.184339972582856,318.08604057298,49.9667242878679,18.4339972582856
2020-11-26,18768,344,17825,341,943,3,19756,441,194667,1429,214423,1870,4,146,5,632,170,6,"Knox County",470313,436.943057070504,0.180758248730964,397.607550716225,73.1427793830917,18.0758248730964
2020-11-25,18424,219,17484,193,940,26,19315,123,193238,325,212553,448,0,142,3,627,164,2,"Knox County",470313,442.683914754642,0.18030253741054,95.2557126849566,46.5647345491194,18.030253741054
2020-11-24,18205,153,17291,130,914,23,19192,116,192913,673,212105,789,2,142,6,624,162,2,"Knox County",470313,389.527825086698,0.177425304315751,167.760618992033,32.5315268767821,17.7425304315751
2020-11-23,18052,167,17161,147,891,20,19076,100,192240,391,211316,491,3,140,7,618,160,7,"Knox County",470313,343.17571489625,0.174812857771907,104.398560107843,35.508267898187,17.4812857771907
2020-11-22,17885,220,17014,212,871,8,18976,258,191849,1804,210825,2062,2,137,5,611,153,2,"Knox County",470313,341.899968744219,0.168329441732116,438.431427581207,46.7773589077912,16.8329441732116
2020-11-21,17665,173,16802,169,863,4,18718,198,190045,1465,208763,1663,0,135,4,606,151,2,"Knox County",470313,321.275405953057,0.168386438371697,353.594308471167,36.7840140502176,16.8386438371697
2020-11-20,17492,178,16633,169,859,9,18520,163,188580,791,207100,954,7,135,5,602,149,4,"Knox County",470313,309.155817508765,0.169022592726833,202.843638172876,37.8471358435765,16.9022592726833
2020-11-19,17314,166,16464,148,850,18,18357,128,187789,663,206146,791,2,128,4,597,145,5,"Knox County",470313,271.308681665189,0.15087524312309,168.185867709377,35.2956435395152,15.087524312309
2020-11-18,17148,168,16316,163,832,5,18229,179,187126,874,205355,1053,0,126,7,593,140,2,"Knox County",470313,260.464839372928,0.146353966423171,223.893449681382,35.7208922568587,14.6353966423171
2020-11-17,16980,248,16153,240,827,8,18050,260,186252,1033,204302,1293,9,126,7,586,138,1,"Knox County",470313,280.664153446747,0.154809197062718,274.923295762609,52.730840950601,15.4809197062718
2020-11-16,16732,272,15913,261,819,11,17790,286,185219,1409,203009,1695,2,117,6,579,137,2,"Knox County",470313,302.989711107284,0.154768163179476,360.398287948664,57.8338255587237,15.4768163179476
2020-11-15,16460,274,15652,247,808,27,17504,295,183810,2278,201314,2573,2,115,3,573,135,4,"Knox County",470313,314.47142647556,0.150568748752744,547.082474862485,58.2590742760672,15.0568748752744
2020-11-14,16186,306,15405,293,781,13,17209,321,181532,1699,198741,2020,0,113,7,570,131,3,"Knox County",470313,342.750466178906,0.157240581944311,429.501204516992,65.0630537535641,15.7240581944311
2020-11-13,15880,219,15112,200,768,19,16888,190,179833,965,196721,1155,4,113,6,563,128,1,"Knox County",470313,351.468064884449,0.156805293005671,245.581134265904,46.5647345491194,15.6805293005671
2020-11-12,15661,143,14912,130,749,13,16698,136,178868,955,195566,1091,1,109,3,557,127,2,"Knox County",470313,346.577704634998,0.153216911764706,231.97317531091,30.4052832900643,15.3216911764706
2020-11-11,15518,191,14782,177,736,14,16562,191,177913,1229,194475,1420,3,108,7,554,125,2,"Knox County",470313,351.468064884449,0.149284253578732,301.926589313925,40.6112525063096,14.9284253578732
2020-11-10,15327,168,14605,163,722,5,16371,186,176684,1131,193055,1317,2,105,4,547,123,2,"Knox County",470313,334.458116190707,0.142400851743412,280.026280370732,35.7208922568587,14.2400851743412
2020-11-09,15159,135,14442,121,717,14,16185,131,175553,490,191738,621,1,103,2,543,121,2,"Knox County",470313,305.328579052673,0.142198685888006,132.039726735174,28.70428842069,14.2198685888006
2020-11-08,15024,215,14321,203,703,12,16054,252,175063,2624,191117,2876,1,102,3,541,119,5,"Knox County",470313,292.783741891039,0.134,611.507655540034,45.7142371144323,13.4
2020-11-07,14809,169,14118,161,691,8,15802,187,172439,1918,188241,2105,1,101,5,538,114,0,"Knox County",470313,263.654204753005,0.120264525271611,447.574275004093,35.9335166155305,12.0264525271611
2020-11-06,14640,155,13957,138,683,17,15615,160,170521,1235,186136,1395,0,100,5,533,114,3,"Knox County",470313,250.046245798011,0.114826789838337,296.61098034713,32.9567755941256,11.4826789838337
2020-11-05,14485,158,13819,142,666,16,15455,151,169286,613,184741,764,1,100,6,528,111,1,"Knox County",470313,253.235611178088,0.119832349018861,162.445010025239,33.594648670141,11.9832349018861
2020-11-04,14327,145,13677,133,650,12,15304,148,168673,934,183977,1082,-1,99,5,522,110,2,"Knox County",470313,243.454890679186,0.119586614173228,230.059556082864,30.8305320074078,11.9586614173228
2020-11-03,14182,196,13544,183,638,13,15156,195,167739,837,182895,1032,3,100,5,517,108,1,"Knox County",470313,249.408372721996,0.123949367088608,219.428338149275,41.6743742996685,12.3949367088608
2020-11-02,13986,116,13361,110,625,6,14961,115,166902,806,181863,921,1,97,2,512,107,2,"Knox County",470313,245.368509907232,0.118722358722359,195.827034336708,24.6644256059263,11.8722358722359
2020-11-01,13870,124,13251,116,619,8,14846,131,166096,1273,180942,1404,0,96,3,510,105,2,"Knox County",470313,226.0196932681,0.124899459956337,298.524599575177,26.3654204753005,12.4899459956337
2020-10-31,13746,5,13135,5,611,0,14715,7,164823,4,179538,11,0,96,0,507,103,1,"Knox County",470313,191.149298445929,0.137237100922984,2.33886794538956,1.06312179335889,13.7237100922984
2020-10-30,13741,156,13130,146,611,10,14708,148,164819,854,179527,1002,1,96,4,507,102,0,"Knox County",470313,191.3619228046,0.143983268983269,213.049607389122,33.1693999527974,14.3983268983269
2020-10-29,13585,152,12984,138,601,14,14560,136,163965,1569,178525,1705,0,95,4,503,102,1,"Knox County",470313,190.08617665257,0.122956546038843,362.524531535382,32.3189025181103,12.2956546038843
2020-10-28,13433,103,12846,96,587,7,14424,102,162396,1055,176820,1157,3,95,8,499,101,1,"Knox County",470313,181.155953588355,0.115320796460177,246.006382983247,21.9003089431931,11.5320796460177
2020-10-27,13330,119,12750,113,580,6,14322,127,161341,799,175663,926,1,92,3,491,100,2,"Knox County",470313,164.783877970628,0.107493685096829,196.890156130067,25.3022986819416,10.7493685096829
2020-10-26,13211,81,12637,74,574,7,14195,73,160542,372,174737,445,2,91,2,488,98,0,"Knox County",470313,157.342025417116,0.108872180451128,94.6178396089413,17.222573052414,10.8872180451128
2020-10-25,13130,132,12563,121,567,11,14122,151,160170,1365,174292,1516,0,89,3,486,98,1,"Knox County",470313,159.04302028649,0.11002661934339,322.338527746416,28.0664153446747,11.002661934339
2020-10-24,12998,172,12442,167,556,5,13971,202,158805,1788,172776,1990,0,89,5,483,97,1,"Knox County",470313,194.551288184677,0.107424779773481,423.122473756839,36.5713896915458,10.7424779773481
2020-10-23,12826,159,12275,148,551,11,13769,172,157017,1239,170786,1411,1,89,5,478,96,0,"Knox County",470313,195.189161260692,0.105245901639344,300.012970085879,33.8072730288127,10.5245901639344
2020-10-22,12667,182,12127,168,540,14,13597,169,155778,1607,169375,1776,1,88,5,473,96,0,"Knox County",470313,201.567892020846,0.108014315150201,377.620861001078,38.6976332782636,10.8014315150201
2020-10-21,12485,72,11959,68,526,4,13428,74,154171,682,167599,756,0,87,1,468,96,1,"Knox County",470313,194.976536902021,0.109750566893424,160.744015155864,15.308953824368,10.9750566893424
2020-10-20,12413,127,11891,121,522,6,13354,150,153489,739,166843,889,0,87,7,467,95,1,"Knox County",470313,196.677531771395,0.112831606512581,189.023054859211,27.0032935513158,11.2831606512581
2020-10-19,12286,112,11770,107,516,5,13204,117,152750,939,165954,1056,1,87,6,460,94,0,"Knox County",470313,203.26888689022,0.110176708537364,224.531322757398,23.8139281712392,11.0176708537364
2020-10-18,12174,140,11663,135,511,5,13087,168,151811,1431,164898,1599,0,86,7,454,94,1,"Knox County",470313,204.969881759594,0.111005592487074,339.986349516173,29.7674102140489,11.1005592487074
2020-10-17,12034,128,11528,125,506,3,12919,154,150380,1458,163299,1612,1,86,3,447,93,1,"Knox County",470313,195.614409978036,0.110341795801736,342.750466178906,27.2159179099876,11.0341795801736
2020-10-16,11906,72,11403,71,503,1,12765,61,148922,390,161687,451,1,85,3,444,92,2,"Knox County",470313,177.116090773591,0.109718638653397,95.893585760972,15.308953824368,10.9718638653397
2020-10-15,11834,74,11332,62,502,12,12704,66,148532,941,161236,1007,1,84,3,441,90,2,"Knox County",470313,154.152660037039,0.10719131614654,214.112729182481,15.7342025417116,10.719131614654
2020-10-14,11760,149,11270,143,490,6,12638,150,147591,1086,160229,1236,0,83,5,438,88,0,"Knox County",470313,170.524735654766,0.11031847133758,262.803707318318,31.6810294420949,11.031847133758
2020-10-13,11611,71,11127,68,484,3,12488,63,146505,581,158993,644,1,83,6,433,88,1,"Knox County",470313,158.617771569146,0.102432610124918,136.930086984625,15.0963294656962,10.2432610124918
2020-10-12,11540,79,11059,66,481,13,12425,87,145924,806,158349,893,0,82,5,427,87,2,"Knox County",470313,151.601167732978,0.100644987906477,189.873552293898,16.7973243350705,10.0644987906477
2020-10-11,11461,170,10993,163,468,7,12338,179,145118,1612,157456,1791,0,82,8,422,85,0,"Knox County",470313,157.979898493131,0.0995546240503013,380.810226381155,36.1461409742023,9.95546240503013
2020-10-10,11291,130,10830,122,461,8,12159,132,143506,1393,155665,1525,0,82,3,414,85,0,"Knox County",470313,158.405147210475,0.0977872002120048,324.252146974462,27.6411666273312,9.77872002120048
2020-10-09,11161,120,10708,118,453,2,12027,134,142113,1336,154140,1470,0,82,3,411,85,0,"Knox County",470313,168.61111642672,0.0946766285314032,312.557807247514,25.5149230406134,9.46766285314032
2020-10-08,11041,110,10590,102,451,8,11893,103,140777,943,152670,1046,1,82,4,408,85,0,"Knox County",470313,176.265593338904,0.0985473561882626,222.40507917068,23.3886794538956,9.85473561882626
2020-10-07,10931,104,10488,88,443,16,11790,95,139834,1649,151624,1744,0,81,5,404,85,1,"Knox County",470313,166.697497198674,0.087018544935806,370.816881523581,22.1129333018649,8.7018544935806
2020-10-06,10827,115,10400,102,427,13,11695,114,138185,1392,149880,1506,0,81,4,399,84,0,"Knox County",470313,176.052968980232,0.0846115288220551,320.212284159698,24.4518012472545,8.46115288220551
2020-10-05,10712,118,10298,109,414,9,11581,123,136793,1238,148374,1361,0,81,5,395,84,2,"Knox County",470313,184.345318968432,0.0842669730920234,289.38175215229,25.0896743232698,8.42669730920234
2020-10-04,10594,96,10189,89,405,7,11458,99,135555,1827,147013,1926,1,81,2,390,82,0,"Knox County",470313,168.61111642672,0.0756286632633768,409.514514801845,20.4119384324907,7.56286632633768
2020-10-03,10498,77,10100,76,398,1,11359,92,133728,1864,145087,1956,0,80,2,388,82,0,"Knox County",470313,157.342025417116,0.0690344263784177,415.893245561998,16.3720756177269,6.90344263784177
2020-10-02,10421,82,10024,79,397,3,11267,82,131864,602,143131,684,0,80,1,386,82,0,"Knox County",470313,149.262299787588,0.0692556001173824,145.435061331496,17.4351974110858,6.92556001173824
2020-10-01,10339,71,9945,68,394,3,11185,73,131262,683,142447,756,0,80,1,385,82,0,"Knox County",470313,140.969949799389,0.0682573240712776,160.744015155864,15.0963294656962,6.82573240712776
2020-09-30,10268,75,9877,72,391,3,11112,70,130579,675,141691,745,1,80,2,384,82,0,"Knox County",470313,134.803843397907,0.0730915603313186,158.405147210475,15.9468269003834,7.30915603313186
2020-09-29,10193,80,9805,75,388,5,11042,87,129904,1140,140946,1227,-1,79,2,382,82,1,"Knox County",470313,127.361990844395,0.0723281340265742,260.890088090272,17.0099486937423,7.23281340265742
2020-09-28,10113,57,9730,51,383,6,10955,49,128764,431,139719,480,1,80,3,380,81,2,"Knox County",470313,114.391904965417,0.0710059171597633,102.059692162454,12.1195884442914,7.10059171597633
2020-09-27,10056,72,9679,67,377,5,10906,79,128333,978,139239,1057,0,79,3,377,79,0,"Knox County",470313,109.288920357294,0.0770456191165822,224.74394711607,15.308953824368,7.70456191165822
2020-09-26,9984,127,9612,122,372,5,10827,136,127355,2087,138182,2223,4,79,5,374,79,0,"Knox County",470313,119.920138290883,0.0803123257110987,472.663949327363,27.0032935513158,8.03123257110987
2020-09-25,9857,102,9490,100,367,2,10691,103,125268,1439,135959,1542,0,75,1,369,79,3,"Knox County",470313,124.172625464318,0.074346201743462,327.866761071882,21.6876845845214,7.4346201743462
2020-09-24,9755,92,9390,89,365,3,10588,105,123829,1715,134417,1820,0,75,3,368,76,0,"Knox County",470313,128.637736996426,0.0691664833956455,386.976332782636,19.5614409978036,6.91664833956455
2020-09-23,9663,53,9301,52,362,1,10483,49,122114,432,132597,481,2,75,2,365,76,0,"Knox County",470313,123.960001105647,0.0688561721404304,102.272316521125,11.2690910096042,6.88561721404304
2020-09-22,9610,82,9249,75,361,7,10434,88,121682,1141,132116,1229,1,73,3,363,76,0,"Knox County",470313,124.38524982299,0.0689538043478261,261.315336807615,17.4351974110858,6.89538043478261
2020-09-21,9528,34,9174,30,354,4,10346,32,120541,379,130887,411,0,72,2,360,76,0,"Knox County",470313,119.494889573539,0.067556772794705,87.3886114141008,7.22922819484046,6.7556772794705
2020-09-20,9494,97,9144,78,350,19,10314,88,120162,707,130476,795,0,72,1,358,76,2,"Knox County",470313,124.810498540334,0.0706975649923538,169.036365144064,20.6245627911625,7.06975649923538
2020-09-19,9397,132,9066,129,331,3,10226,136,119455,1466,129681,1602,1,72,5,357,74,0,"Knox County",470313,125.873620333693,0.0762690355329949,340.624222592189,28.0664153446747,7.62690355329949
2020-09-18,9265,118,8937,114,328,4,10090,129,117989,1606,128079,1735,3,71,3,352,74,0,"Knox County",470313,129.275610072441,0.0776662950575994,368.903262295535,25.0896743232698,7.76662950575994
2020-09-17,9147,126,8823,119,324,7,9961,124,116383,1516,126344,1640,0,68,6,349,74,2,"Knox County",470313,136.504838267282,0.0818446724946155,348.703948221716,26.790669192644,8.18446724946155
2020-09-16,9021,99,8704,77,317,22,9837,117,114867,768,124704,885,1,68,3,343,72,1,"Knox County",470313,146.285558766183,0.0860552006749428,188.172557424524,21.049811508506,8.60552006749428
2020-09-15,8922,132,8627,126,295,6,9720,136,114099,1338,123819,1474,0,67,3,340,71,0,"Knox County",470313,156.916776699772,0.089206274877078,313.408304682201,28.0664153446747,8.9206274877078
2020-09-14,8790,127,8501,124,289,3,9584,136,112761,901,122345,1037,0,67,5,337,71,0,"Knox County",470313,176.690842056248,0.0944589877835951,220.491459942634,27.0032935513158,9.44589877835951
2020-09-13,8663,143,8377,136,286,7,9448,148,111860,1008,121308,1156,0,67,0,332,71,0,"Knox County",470313,186.471562555149,0.0971770385140099,245.793758624576,30.4052832900643,9.71770385140099
2020-09-12,8520,130,8241,123,279,7,9300,141,110852,1178,120152,1319,1,67,1,332,71,2,"Knox County",470313,186.046313837806,0.100692191217824,280.451529088075,27.6411666273312,10.0692191217824
2020-09-11,8390,103,8118,94,272,9,9159,105,109674,773,118833,878,0,66,5,331,69,2,"Knox County",470313,182.856948457729,0.108117773274526,186.684186913821,21.9003089431931,10.8117773274526
2020-09-10,8287,192,8024,189,263,3,9054,192,108901,1501,117955,1693,0,66,5,326,67,0,"Knox County",470313,196.890156130067,0.115493958777541,359.97303923132,40.8238768649814,11.5493958777541
2020-09-09,8095,91,7835,82,260,9,8862,93,107400,1710,116262,1803,0,66,2,321,67,0,"Knox County",470313,195.189161260692,0.101602564102564,383.361718685216,19.3488166391318,10.1602564102564
2020-09-08,8004,126,7753,124,251,2,8769,133,105690,702,114459,835,1,66,8,319,67,0,"Knox County",470313,193.913415108662,0.108703130374957,177.541339490935,26.790669192644,10.8703130374957
2020-09-07,7878,95,7629,92,249,3,8636,98,104988,347,113624,445,1,65,0,311,67,0,"Knox County",470313,187.109435631165,0.111944888670193,94.6178396089413,20.1993140738189,11.1944888670193
2020-09-06,7783,96,7537,92,246,4,8538,94,104641,476,113179,570,0,64,1,311,67,3,"Knox County",470313,177.116090773591,0.113482699191303,121.195884442914,20.4119384324907,11.3482699191303
2020-09-05,7687,284,7445,282,242,2,8444,295,104165,1506,112609,1801,0,64,4,310,64,0,"Knox County",470313,209.860242009045,0.125856697819315,382.936469967872,60.385317862785,12.5856697819315
2020-09-04,7403,93,7163,89,240,4,8149,97,102659,565,110808,662,1,64,0,306,64,0,"Knox County",470313,207.733998422327,0.12831348444103,140.757325440717,19.7740653564754,12.831348444103
2020-09-03,7310,190,7074,184,236,6,8052,198,102094,1798,110146,1996,2,63,6,306,64,1,"Knox County",470313,207.308749704984,0.124260355029586,424.398219908869,40.3986281476379,12.4260355029586
2020-09-02,7120,124,6890,120,230,4,7854,121,100296,1461,108150,1582,2,61,5,300,63,1,"Knox County",470313,214.325353541152,0.131288810036751,336.371735418753,26.3654204753005,13.1288810036751
2020-09-01,6996,153,6770,146,226,7,7733,158,98835,660,106568,818,2,59,4,295,62,3,"Knox County",470313,220.06621122529,0.134747269494539,173.926725393515,32.5315268767821,13.4747269494539
2020-08-31,6843,99,6624,93,219,6,7575,94,98175,431,105750,525,0,57,3,291,59,0,"Knox County",470313,220.916708659978,0.132889112396279,111.627788302684,21.049811508506,13.2889112396279
2020-08-30,6744,72,6531,71,213,1,7481,76,97744,423,105225,499,1,57,1,288,59,2,"Knox County",470313,215.813724051855,0.131802613218318,106.099554977217,15.308953824368,13.1802613218318
2020-08-29,6672,118,6460,113,212,5,7405,125,97321,1391,104726,1516,5,56,3,287,57,0,"Knox County",470313,180.51808051234,0.114372203211371,322.338527746416,25.0896743232698,11.4372203211371
2020-08-28,6554,89,6347,85,207,4,7280,91,95930,309,103210,400,0,51,3,284,57,0,"Knox County",470313,179.667583077653,0.117639040348964,85.0497434687113,18.9235679217883,11.7639040348964
2020-08-27,6465,116,6262,112,203,4,7189,134,95621,1986,102810,2120,0,51,2,281,57,1,"Knox County",470313,163.933380535941,0.107104557640751,450.76364038417,24.6644256059263,10.7104557640751
2020-08-26,6349,77,6150,76,199,1,7055,86,93635,794,100690,880,0,51,3,279,56,1,"Knox County",470313,153.940035678367,0.113051198579461,187.109435631165,16.3720756177269,11.3051198579461
2020-08-25,6272,87,6074,82,198,5,6969,96,92841,896,99810,992,2,51,3,276,55,0,"Knox County",470313,139.90682800603,0.101269474899019,210.923363802404,18.4983192044447,10.1269474899019
2020-08-24,6185,32,5992,28,193,4,6873,29,91945,261,98818,290,0,49,1,273,55,0,"Knox County",470313,125.660995975021,0.095117216664178,61.6610640148157,6.8039794774969,9.5117216664178
2020-08-23,6153,76,5964,75,189,1,6844,74,91684,565,98528,639,0,49,3,272,55,0,"Knox County",470313,126.511493409708,0.092876992833114,135.866965191266,16.1594512590551,9.28769928331139
2020-08-22,6077,136,5889,135,188,1,6770,153,91119,1892,97889,2045,0,49,4,269,55,0,"Knox County",470313,130.3387318658,0.0900081455335325,434.816813483786,28.9169127793618,9.00081455335325
2020-08-21,5941,30,5754,30,187,0,6617,41,89227,262,95844,303,1,49,1,265,55,0,"Knox County",470313,117.793894704165,0.0843307194937405,64.4251806775488,6.37873076015334,8.43307194937405
2020-08-20,5911,119,5724,117,187,2,6576,130,88965,2068,95541,2198,3,48,3,264,55,0,"Knox County",470313,118.43176778018,0.0828909759085341,467.348340360568,25.3022986819416,8.28909759085341
2020-08-19,5792,46,5607,41,185,5,6446,48,86897,608,93343,656,2,45,4,261,55,0,"Knox County",470313,111.840412661355,0.080162852730591,139.481579288686,9.7807204989018,8.0162852730591
2020-08-18,5746,134,5566,132,180,2,6398,152,86289,1163,92687,1315,0,43,4,257,55,1,"Knox County",470313,121.833757518929,0.0842062852538276,279.601031653388,28.4916640620183,8.42062852538276
2020-08-17,5612,50,5434,42,178,8,6246,50,85126,289,91372,339,1,43,0,253,54,1,"Knox County",470313,125.660995975021,0.0864576384256171,72.0796575897328,10.6312179335889,8.64576384256171
2020-08-16,5562,83,5392,78,170,5,6196,82,84837,587,91033,669,0,42,1,253,53,1,"Knox County",470313,127.149366485723,0.0871760797342193,142.24569595142,17.6478217697576,8.71760797342193
2020-08-15,5479,119,5314,116,165,3,6114,132,84250,1223,90364,1355,1,42,2,252,52,0,"Knox County",470313,123.534752388303,0.0929041697147037,288.106006000259,25.3022986819416,9.29041697147037
2020-08-14,5360,91,5198,83,162,8,5982,96,83027,1024,89009,1120,0,41,2,250,52,1,"Knox County",470313,136.504838267282,0.0901725039205436,238.139281712392,19.3488166391318,9.01725039205436
2020-08-13,5269,127,5115,126,154,1,5886,229,82003,1778,87889,2007,1,41,4,248,51,1,"Knox County",470313,138.205833136656,0.105749899477282,426.737087854259,27.0032935513158,10.5749899477282
2020-08-12,5142,79,4989,72,153,7,5657,88,80225,892,85882,980,0,40,1,244,50,0,"Knox County",470313,145.222436972824,0.106486833654464,208.371871498343,16.7973243350705,10.6486833654464
2020-08-11,5063,111,4917,108,146,3,5569,117,79333,1121,84902,1238,0,40,5,243,50,2,"Knox County",470313,140.332076723374,0.103009859885833,263.228956035661,23.6013038125674,10.3009859885833
2020-08-10,4952,37,4809,35,143,2,5452,35,78212,365,83664,400,1,40,0,238,48,0,"Knox County",470313,137.56796006064,0.100270305058566,85.0497434687113,7.86710127085579,10.0270305058566
2020-08-09,4915,85,4774,81,141,4,5417,109,77847,826,83264,935,1,39,4,238,48,1,"Knox County",470313,137.993208777984,0.10031113876789,198.803775358113,18.0730704871011,10.031113876789
2020-08-08,4830,157,4693,156,137,1,5308,176,77021,2284,82329,2460,1,38,4,234,47,2,"Knox County",470313,146.072934407512,0.0929978118161926,523.055922332574,33.3820243114692,9.29978118161926
2020-08-07,4673,50,4537,46,136,4,5132,44,74737,403,79869,447,0,37,0,230,45,2,"Knox County",470313,137.355335701969,0.0942482579426007,95.0430883262848,10.6312179335889,9.42482579426007
2020-08-06,4623,113,4491,105,132,8,5088,121,74334,1463,79422,1584,-1,37,5,230,43,1,"Knox County",470313,134.378594680564,0.0857782197911487,336.796984136097,24.0265525299109,8.57782197911487
2020-08-05,4510,99,4386,99,124,0,4967,100,72871,1107,77838,1207,1,38,3,225,42,1,"Knox County",470313,138.631081853999,0.0848748639825898,256.637600916836,21.049811508506,8.48748639825898
2020-08-04,4411,112,4287,111,124,1,4867,106,71764,1082,76631,1188,1,37,9,222,41,0,"Knox County",470313,138.843706212671,0.0840530349105948,252.597738102072,23.8139281712392,8.40530349105948
2020-08-03,4299,50,4176,50,123,0,4761,81,70682,593,75443,674,2,36,1,213,41,1,"Knox County",470313,141.607822875404,0.0867569158328429,143.308817744778,10.6312179335889,8.67569158328429
2020-08-02,4249,97,4126,91,123,6,4680,95,70089,692,74769,787,3,34,2,212,40,0,"Knox County",470313,144.159315179466,0.0866179465676291,167.335370274689,20.6245627911625,8.66179465676291
2020-08-01,4152,118,4035,110,117,8,4585,118,69397,1417,73982,1535,1,31,1,210,40,1,"Knox County",470313,135.866965191266,0.0895984909727836,326.37839056118,25.0896743232698,8.95984909727836
2020-07-31,4034,117,3925,114,109,3,4467,116,67980,1060,72447,1176,2,30,1,209,39,3,"Knox County",470313,150.112797222275,0.0904183535762483,250.046245798011,24.877049964598,9.04183535762483
2020-07-30,3917,189,3811,186,106,3,4351,227,66920,2420,71271,2647,1,28,7,208,36,2,"Knox County",470313,166.27224848133,0.0914912090297374,562.816677404197,40.1860037889661,9.14912090297373
2020-07-29,3728,75,3625,71,103,4,4124,60,64500,438,68624,498,0,27,3,201,34,4,"Knox County",470313,161.169263873208,0.0944150499706055,105.886930618546,15.9468269003834,9.44150499706055
2020-07-28,3653,154,3554,152,99,2,4064,186,64062,1211,68126,1397,1,27,3,198,30,0,"Knox County",470313,170.099486937423,0.101331191186596,297.036229064474,32.7441512354538,10.1331191186596
2020-07-27,3499,83,3402,76,97,7,3878,85,62851,677,66729,762,3,26,2,195,30,1,"Knox County",470313,177.116090773591,0.100772551692797,162.019761307895,17.6478217697576,10.0772551692797
2020-07-26,3416,118,3326,113,90,5,3793,132,62174,1472,65967,1604,0,23,2,193,29,1,"Knox County",470313,181.581202305699,0.0960598814845618,341.049471309532,25.0896743232698,9.60598814845618
2020-07-25,3298,175,3213,172,85,3,3661,197,60702,1949,64363,2146,2,23,3,191,28,3,"Knox County",470313,193.70079074999,0.0980449657869013,456.291873709636,37.2092627675612,9.80449657869013
2020-07-24,3123,106,3041,99,82,7,3464,113,58753,916,62217,1029,0,21,4,188,25,0,"Knox County",470313,191.3619228046,0.0991768322919766,218.79046507326,22.5381820192085,9.91768322919766
2020-07-23,3017,205,2942,197,75,8,3351,254,57837,2389,61188,2643,0,21,4,184,25,1,"Knox County",470313,194.763912543349,0.101895029268777,561.96617996951,43.5879935277145,10.1895029268777
2020-07-22,2812,69,2745,61,67,8,3097,63,55448,437,58545,500,3,21,3,180,24,0,"Knox County",470313,193.488166391318,0.102172403531396,106.312179335889,14.6710807483527,10.2172403531396
2020-07-21,2743,232,2684,228,59,4,3034,280,55011,1691,58045,1971,0,18,12,177,24,1,"Knox County",470313,210.072866367717,0.105490380103238,419.082610942075,49.3288512118525,10.5490380103238
2020-07-20,2511,74,2456,70,55,4,2754,57,53320,364,56074,421,0,18,4,165,23,1,"Knox County",470313,208.159247139671,0.106263331394221,89.5148550008186,15.7342025417116,10.6263331394221
2020-07-19,2437,84,2386,74,51,10,2697,74,52956,577,55653,651,0,18,0,161,22,2,"Knox County",470313,200.93001894483,0.110885589146459,138.418457495328,17.8604461284294,11.0885589146459
2020-07-18,2353,112,2312,109,41,3,2623,146,52379,2258,55002,2404,1,18,8,161,20,1,"Knox County",470313,187.534684348508,0.102609418858509,511.148958246955,23.8139281712392,10.2609418858509
2020-07-17,2241,74,2203,74,38,0,2477,80,50121,347,52598,427,0,17,6,153,19,2,"Knox County",470313,180.730704871011,0.105800155262282,90.7906011528493,15.7342025417116,10.5800155262282
2020-07-16,2167,187,2129,185,38,2,2397,228,49774,2033,52171,2261,2,17,3,147,17,0,"Knox County",470313,176.903466414919,0.107469600463231,480.74367495689,39.7607550716225,10.7469600463231
2020-07-15,1980,78,1944,78,36,0,2169,80,47741,511,49910,591,3,15,4,144,17,1,"Knox County",470313,178.817085642965,0.108297043318817,125.660995975021,16.5846999763987,10.8297043318817
2020-07-14,1902,95,1866,95,36,0,2089,127,47230,777,49319,904,2,12,1,140,16,1,"Knox County",470313,149.687548504932,0.103407755581669,192.212420239287,20.1993140738189,10.3407755581669
2020-07-13,1807,94,1771,92,36,2,1962,59,46453,655,48415,714,1,10,2,139,15,3,"Knox County",470313,153.940035678367,0.0998490945674044,151.81379209165,19.9866897151471,9.98490945674044
2020-07-12,1713,69,1679,67,34,2,1903,87,45798,916,47701,1003,0,9,4,137,12,1,"Knox County",470313,150.750670298291,0.0971820809248555,213.262231747793,14.6710807483527,9.71820809248555
2020-07-11,1644,28,1612,27,32,1,1816,36,44882,883,46698,919,0,9,2,133,11,1,"Knox County",470313,132.890224169861,0.102214400938554,195.401785619364,5.95348204280979,10.2214400938554
2020-07-10,1616,78,1585,74,31,4,1780,68,43999,418,45779,486,0,9,6,131,10,0,"Knox County",470313,133.740721604548,0.0995929049142193,103.335438314484,16.5846999763987,9.95929049142192
2020-07-09,1538,70,1511,66,27,4,1712,88,43581,1652,45293,1740,0,9,8,125,10,0,"Knox County",470313,108.86367163995,0.0857322636463741,369.966384088894,14.8837051070245,8.57322636463741
2020-07-08,1468,70,1445,65,23,5,1624,63,41929,594,43553,657,1,9,5,117,10,0,"Knox County",470313,107.162676770576,0.082204577300327,139.694203647358,14.8837051070245,8.2204577300327
2020-07-07,1398,79,1380,79,18,0,1561,104,41335,1303,42896,1407,0,8,7,112,10,1,"Knox County",470313,103.760687031828,0.0729136586774473,299.162472651192,16.7973243350705,7.29136586774473
2020-07-06,1319,35,1301,35,18,0,1457,34,40032,658,41489,692,1,8,6,105,9,0,"Knox County",470313,91.2158498701928,0.0695249130938586,147.13605620087,7.44185255351224,6.95249130938586
2020-07-05,1284,77,1266,77,18,0,1423,109,39374,1079,40797,1188,2,7,6,99,9,1,"Knox County",470313,92.916844739567,0.0708139370856256,252.597738102072,16.3720756177269,7.08139370856256
2020-07-04,1207,41,1189,40,18,1,1314,50,38295,1141,39609,1191,0,5,1,93,8,2,"Knox County",470313,95.6809614023002,0.0700991713082462,253.235611178088,8.7175987055429,7.00991713082462
2020-07-03,1166,62,1149,61,17,1,1264,49,37154,910,38418,959,0,5,4,92,6,0,"Knox County",470313,92.2789716635517,0.0634414092417667,203.906759966235,13.1827102376502,6.34414092417667
2020-07-02,1104,68,1088,68,16,0,1215,102,36244,1228,37459,1330,0,5,2,88,6,0,"Knox County",470313,91.8537229462082,0.0688308189655172,282.790397033465,14.4584563896809,6.88308189655172
2020-07-01,1036,49,1020,49,16,0,1113,34,35016,737,36129,771,0,5,4,86,6,1,"Knox County",470313,87.3886114141008,0.0639426903687981,163.933380535941,10.4185935749171,6.39426903687981
2020-06-30,987,40,971,39,16,1,1079,73,34279,1514,35358,1587,0,5,3,82,5,0,"Knox County",470313,79.0962614259015,0.0584348276755636,337.434857212112,8.50497434687113,5.84348276755636
2020-06-29,947,51,932,51,15,0,1006,79,32765,1333,33771,1412,0,5,3,79,5,0,"Knox County",470313,82.4982511646499,0.058781701825077,300.225594444551,10.8438422922607,5.8781701825077
2020-06-28,896,10,881,10,15,0,927,30,31432,684,32359,714,0,5,1,76,5,0,"Knox County",470313,68.2524191336408,0.0523606228026118,151.81379209165,2.12624358671778,5.23606228026117
2020-06-27,886,29,871,29,15,0,897,16,30748,111,31645,127,0,5,3,75,5,0,"Knox County",470313,65.7009268295794,0.0555072463768116,27.0032935513158,6.16610640148157,5.55072463768116
2020-06-26,857,37,842,37,15,0,881,14,30637,319,31518,333,0,5,8,72,5,0,"Knox County",470313,60.385317862785,0.0554670066942939,70.8039114377021,7.86710127085579,5.54670066942939
2020-06-25,820,32,805,32,15,0,867,52,30318,702,31185,754,0,5,1,64,5,0,"Knox County",470313,52.730840950601,0.0522990522990523,160.318766438521,6.8039794774969,5.22990522990523
2020-06-24,788,35,773,34,15,1,815,32,29616,272,30431,304,0,5,1,63,5,0,"Knox County",470313,49.7540999291961,0.0565857388644619,64.6378050362206,7.44185255351224,5.65857388644619
2020-06-23,753,27,739,24,14,3,783,25,29344,215,30127,240,0,5,4,62,5,0,"Knox County",470313,46.989983266463,0.0638516992790937,51.0298460812268,5.74085768413801,6.38516992790937
2020-06-22,726,36,715,36,11,0,758,31,29129,572,29887,603,0,5,0,58,5,0,"Knox County",470313,43.8006178863863,0.0650406504065041,128.212488279082,7.65447691218401,6.50406504065041
2020-06-21,690,31,679,31,11,0,727,37,28557,815,29284,852,0,5,1,58,5,0,"Knox County",470313,48.2657294184936,0.0644257703081232,181.155953588355,6.59135511882512,6.44257703081232
2020-06-20,659,17,648,17,11,0,690,9,27742,437,28432,446,0,5,2,57,5,0,"Knox County",470313,45.7142371144323,0.0566251415628539,94.8304639676131,3.61461409742023,5.66251415628539
2020-06-19,642,30,631,28,11,2,681,10,27305,334,27986,344,0,5,1,55,5,0,"Knox County",470313,44.2258666037299,0.0553203499858877,73.1427793830917,6.37873076015334,5.53203499858877
2020-06-18,612,15,603,15,9,0,671,18,26971,804,27642,822,0,5,0,54,5,0,"Knox County",470313,40.6112525063096,0.0448629188590418,174.777222828202,3.18936538007667,4.48629188590418
2020-06-17,597,17,588,17,9,0,653,13,26167,282,26820,295,0,5,0,54,5,0,"Knox County",470313,36.7840140502176,0.0397001665741255,62.7241858081746,3.61461409742023,3.97001665741255
2020-06-16,580,9,571,8,9,1,640,9,25885,178,26525,187,0,5,0,54,5,0,"Knox County",470313,32.9567755941256,0.0357847280924204,39.7607550716225,1.913619228046,3.57847280924204
2020-06-15,571,8,563,8,8,0,631,9,25707,218,26338,227,0,5,0,54,5,0,"Knox County",470313,27.0032935513158,0.0330917113142137,48.2657294184936,1.70099486937423,3.30917113142137
2020-06-14,563,8,555,8,8,0,622,9,25489,624,26111,633,0,5,0,54,5,0,"Knox County",470313,22.1129333018649,0.0260663507109005,134.591219039236,1.70099486937423,2.60663507109005
2020-06-13,555,10,547,8,8,2,613,9,24865,213,25478,222,0,5,3,54,5,0,"Knox County",470313,20.6245627911625,0.0282051282051282,47.2026076251348,2.12624358671778,2.82051282051282
2020-06-12,545,19,539,19,6,0,604,19,24652,750,25256,769,0,5,0,51,5,0,"Knox County",470313,18.2856948457729,0.0272583201267829,163.508131818597,4.03986281476378,2.72583201267829
2020-06-11,526,7,520,7,6,0,585,10,23902,379,24487,389,0,5,2,51,5,0,"Knox County",470313,16.5846999763987,0.0286554004408523,82.7108755233217,1.48837051070245,2.86554004408523
2020-06-10,519,12,513,12,6,0,575,12,23523,705,24098,717,0,5,0,49,5,0,"Knox County",470313,15.5215781830398,0.0244910941475827,152.451665167665,2.55149230406134,2.44910941475827
2020-06-09,507,16,501,16,6,0,563,19,22818,508,23381,527,0,5,1,49,5,0,"Knox County",470313,17.0099486937423,0.0249712973593571,112.053037020027,3.40198973874845,2.49712973593571
2020-06-08,491,8,485,8,6,0,544,8,22310,336,22854,344,0,5,1,48,5,0,"Knox County",470313,17.0099486937423,0.0238822549291863,73.1427793830917,1.70099486937423,2.38822549291863
2020-06-07,483,7,477,7,6,0,536,8,21974,847,22510,855,0,5,1,47,5,0,"Knox County",470313,16.7973243350705,0.0222338477635365,181.79382666437,1.48837051070245,2.22338477635365
2020-06-06,476,11,470,11,6,0,528,12,21127,478,21655,490,0,5,0,46,5,0,"Knox County",470313,17.0099486937423,0.0215106330970423,104.185935749171,2.33886794538956,2.15106330970423
2020-06-05,465,18,459,18,6,0,516,17,20649,518,21165,535,0,5,1,46,5,0,"Knox County",470313,16.7973243350705,0.0222971221156339,113.754031889401,3.82723845609201,2.22971221156339
2020-06-04,447,4,441,4,6,0,499,4,20131,338,20630,342,0,5,0,45,5,0,"Knox County",470313,16.1594512590551,0.020997375328084,72.7175306657481,0.850497434687113,2.0997375328084
2020-06-03,443,4,437,4,6,0,495,4,19793,399,20288,403,0,5,0,45,5,0,"Knox County",470313,14.4584563896809,0.0205949656750572,85.6876165447266,0.850497434687113,2.05949656750572
2020-06-02,439,26,433,25,6,1,491,24,19394,939,19885,963,0,5,2,45,5,0,"Knox County",470313,16.5846999763987,0.0195829094608342,204.757257400922,5.52823332546623,1.95829094608342
2020-06-01,413,17,408,17,5,0,467,20,18455,972,18922,992,0,5,0,43,5,0,"Knox County",470313,18.4983192044447,0.0194323144104804,210.923363802404,3.61461409742023,1.94323144104803
2020-05-31,396,7,391,7,5,0,447,7,17483,317,17930,324,0,5,0,43,5,0,"Knox County",470313,18.4983192044447,0.0217337614225735,68.8902922096561,1.48837051070245,2.17337614225735
2020-05-30,389,6,384,6,5,0,440,6,17166,294,17606,300,0,5,2,43,5,0,"Knox County",470313,17.4351974110858,0.0212490282456595,63.7873076015334,1.27574615203067,2.12490282456595
2020-05-29,383,8,378,8,5,0,434,7,16872,205,17306,212,0,5,0,41,5,0,"Knox County",470313,15.308953824368,0.0203619909502262,45.076364038417,1.70099486937423,2.03619909502262
2020-05-28,375,11,370,11,5,0,427,11,16667,336,17094,347,0,5,0,41,5,0,"Knox County",470313,16.7973243350705,0.022310081897769,73.780652459107,2.33886794538956,2.2310081897769
2020-05-27,364,5,359,5,5,0,416,6,16331,420,16747,426,0,5,1,41,5,0,"Knox County",470313,17.0099486937423,0.0227272727272727,90.5779767941775,1.06312179335889,2.27272727272727
2020-05-26,359,9,354,9,5,0,410,10,15911,1142,16321,1152,0,5,0,40,5,0,"Knox County",470313,13.395334596322,0.0178523847588596,244.943261189888,1.913619228046,1.78523847588596
2020-05-25,350,9,345,9,5,0,400,11,14769,381,15169,392,0,5,1,40,5,0,"Knox County",470313,11.6943397269478,0.018395179194418,83.348748599337,1.913619228046,1.8395179194418
2020-05-24,341,2,336,2,5,0,389,3,14388,273,14777,276,0,5,0,39,5,0,"Knox County",470313,10.6312179335889,0.0173913043478261,58.6843229934108,0.425248717343556,1.73913043478261
2020-05-23,339,7,334,7,5,0,386,10,14115,360,14501,370,0,5,2,39,5,0,"Knox County",470313,10.8438422922607,0.0182677165354331,78.6710127085579,1.48837051070245,1.82677165354331
2020-05-22,332,1,327,1,5,0,376,1,13755,253,14131,254,0,5,0,37,5,0,"Knox County",470313,9.35547178155824,0.0161641280696301,54.0065871026317,0.212624358671778,1.61641280696301
2020-05-21,331,0,326,0,5,0,375,0,13502,250,13877,250,0,5,0,37,5,0,"Knox County",470313,7.01660383616868,0.0131410256410256,53.1560896679445,0,1.31410256410256
2020-05-20,331,7,326,7,5,0,375,7,13252,360,13627,367,0,5,0,37,5,0,"Knox County",470313,7.44185255351224,0.0137210062071219,78.0331396325426,1.48837051070245,1.37210062071219
2020-05-19,324,7,319,7,5,0,368,7,12892,369,13260,376,0,5,2,37,5,0,"Knox County",470313,7.01660383616868,0.0170678336980306,79.9467588605886,1.48837051070245,1.70678336980306
2020-05-18,317,3,312,3,5,0,361,4,12523,478,12884,482,0,5,0,35,5,0,"Knox County",470313,5.74085768413801,0.0134736842105263,102.484940879797,0.637873076015334,1.34736842105263
2020-05-17,314,3,309,3,5,0,357,5,12045,216,12402,221,0,5,1,35,5,0,"Knox County",470313,5.95348204280979,0.0146551724137931,46.989983266463,0.637873076015334,1.46551724137931
2020-05-16,311,0,306,0,5,0,352,0,11829,349,12181,349,0,5,0,34,5,0,"Knox County",470313,4.46511153210734,0.0104393214441061,74.2059011764506,0,1.04393214441061
2020-05-15,311,1,306,1,5,0,352,4,11480,540,11832,544,0,5,0,34,5,0,"Knox County",470313,4.46511153210734,0.0104287369640788,115.667651117447,0.212624358671778,1.04287369640788
2020-05-14,310,3,305,3,5,0,348,7,10940,458,11288,465,0,5,0,34,5,0,"Knox County",470313,5.10298460812268,0.0121255349500713,98.8703267823768,0.637873076015334,1.21255349500713
2020-05-13,307,7,302,7,5,0,341,5,10482,341,10823,346,0,5,0,34,5,0,"Knox County",470313,5.10298460812268,0.011498383039885,73.5680281004352,1.48837051070245,1.1498383039885
2020-05-12,300,6,295,6,5,0,336,8,10141,401,10477,409,0,5,0,34,5,0,"Knox County",470313,4.8903602494509,0.01171875,86.9633626967573,1.27574615203067,1.171875
2020-05-11,294,16,289,16,5,0,328,12,9740,254,10068,266,0,5,1,34,5,0,"Knox County",470313,7.65447691218401,0.0157692307692308,56.558079406693,3.40198973874845,1.57692307692308
2020-05-10,278,5,273,5,5,0,316,5,9486,221,9802,226,0,5,1,33,5,0,"Knox County",470313,8.07972562952757,0.0157389635316699,48.0531050598219,1.06312179335889,1.57389635316699
2020-05-09,273,2,268,2,5,0,311,4,9265,352,9576,356,0,5,0,32,5,0,"Knox County",470313,8.50497434687113,0.0172281776416539,75.694271687153,0.425248717343556,1.72281776416539
2020-05-08,271,3,266,3,5,0,307,4,8913,265,9220,269,0,5,0,32,5,0,"Knox County",470313,8.93022306421468,0.0192554557124519,57.1959524827083,0.637873076015334,1.92554557124519
2020-05-07,268,3,263,3,5,0,303,3,8648,220,8951,223,0,5,0,32,5,0,"Knox County",470313,8.93022306421468,0.0195704057279236,47.4152319838065,0.637873076015334,1.95704057279236
2020-05-06,265,1,260,1,5,0,300,1,8428,185,8728,186,0,5,0,32,5,0,"Knox County",470313,7.65447691218401,0.0191214470284238,39.5481307129507,0.212624358671778,1.91214470284238
2020-05-05,264,4,259,4,5,0,299,5,8243,305,8542,310,0,5,0,32,5,0,"Knox County",470313,7.22922819484046,0.0185185185185185,65.9135511882512,0.850497434687113,1.85185185185185
2020-05-04,260,4,255,4,5,0,294,7,7938,259,8232,266,0,5,0,32,5,0,"Knox County",470313,4.67773589077912,0.0157952069716776,56.558079406693,0.850497434687113,1.57952069716776
2020-05-03,256,7,251,5,5,2,287,6,7679,290,7966,296,0,5,2,32,5,0,"Knox County",470313,5.10298460812268,0.0157397691500525,62.9368101668463,1.48837051070245,1.57397691500525
2020-05-02,249,3,246,3,3,0,281,5,7389,308,7670,313,0,5,1,30,5,0,"Knox County",470313,5.31560896679445,0.0166398282340311,66.5514242642666,0.637873076015334,1.66398282340311
2020-05-01,246,9,243,8,3,1,276,7,7081,354,7357,361,0,5,0,29,5,0,"Knox County",470313,6.59135511882512,0.0173913043478261,76.7573934805119,1.913619228046,1.73913043478261
2020-04-30,237,4,235,4,2,0,269,3,6727,119,6996,122,0,5,0,29,5,0,"Knox County",470313,6.8039794774969,0.0183387270765912,25.9401717579569,0.850497434687113,1.83387270765912
2020-04-29,233,8,231,8,2,0,266,10,6608,671,6874,681,0,5,0,29,5,0,"Knox County",470313,8.29234998819935,0.0183056619838229,144.797188255481,1.70099486937423,1.83056619838229
2020-04-28,225,8,223,8,2,0,256,10,5937,391,6193,401,1,5,0,29,5,0,"Knox County",470313,9.14284742288646,0.019672131147541,85.262367827383,1.70099486937423,1.9672131147541
2020-04-27,217,2,215,2,2,0,246,4,5546,161,5792,165,0,4,0,29,5,1,"Knox County",470313,8.7175987055429,0.0192389910218042,35.0830191808434,0.425248717343556,1.92389910218042
2020-04-26,215,1,213,1,2,0,242,1,5385,172,5627,173,0,4,0,29,4,0,"Knox County",470313,7.44185255351224,0.0180505415162455,36.7840140502176,0.212624358671778,1.80505415162455
2020-04-25,214,0,212,0,2,0,241,0,5213,53,5454,53,0,4,0,29,4,0,"Knox County",470313,6.8039794774969,0.0178936605316973,11.2690910096042,0,1.78936605316973
2020-04-24,214,8,212,8,2,0,241,10,5160,836,5401,846,0,4,1,29,4,0,"Knox County",470313,6.59135511882512,0.0155673904137649,179.880207436324,1.70099486937423,1.55673904137648
2020-04-23,206,1,204,1,2,0,231,2,4324,137,4555,139,0,4,0,28,4,0,"Knox County",470313,5.95348204280979,0.0150528885272579,29.5547858553772,0.212624358671778,1.50528885272579
2020-04-22,205,5,203,3,2,2,229,2,4187,189,4416,191,0,4,0,28,4,0,"Knox County",470313,5.31560896679445,0.0147357723577236,40.6112525063096,1.06312179335889,1.47357723577236
2020-04-21,200,4,200,4,0,0,227,5,3998,475,4225,480,0,4,1,28,4,0,"Knox County",470313,4.46511153210734,0.0117244748412311,102.059692162454,0.850497434687113,1.17244748412311
2020-04-20,196,3,196,3,0,0,222,2,3523,175,3745,177,0,4,1,27,4,0,"Knox County",470313,4.67773589077912,0.0106847984458475,37.6345114849047,0.637873076015334,1.06847984458475
2020-04-19,193,0,193,0,0,0,220,0,3348,72,3568,72,0,4,0,26,4,0,"Knox County",470313,4.46511153210734,0.0107252298263534,15.308953824368,0,1.07252298263534
2020-04-18,193,0,193,0,0,0,220,1,3276,135,3496,136,0,4,0,26,4,0,"Knox County",470313,4.46511153210734,0.0107790298873101,28.9169127793618,0,1.07790298873101
2020-04-17,193,2,193,2,0,0,219,3,3141,104,3360,107,0,4,1,26,4,0,"Knox County",470313,3.18936538007667,0.0115207373271889,22.7508063778803,0.425248717343556,1.15207373271889
2020-04-16,191,7,191,7,0,0,216,9,3037,213,3253,222,0,4,2,25,4,0,"Knox County",470313,4.46511153210734,0.015884476534296,47.2026076251348,1.48837051070245,1.5884476534296
2020-04-15,184,9,184,9,0,0,207,10,2824,84,3031,94,0,4,1,23,4,0,"Knox County",470313,5.31560896679445,0.0232919254658385,19.9866897151471,1.913619228046,2.32919254658385
2020-04-14,175,4,175,4,0,0,197,4,2740,102,2937,106,0,4,1,22,4,0,"Knox County",470313,5.31560896679445,0.0317286652078775,22.5381820192085,0.850497434687113,3.17286652078775
2020-04-13,171,4,171,4,0,0,193,9,2638,242,2831,251,0,4,1,21,4,0,"Knox County",470313,5.52823332546623,0.0364372469635627,53.3687140266163,0.850497434687113,3.64372469635628
2020-04-12,167,5,167,5,0,0,184,6,2396,166,2580,172,0,4,0,20,4,0,"Knox County",470313,6.59135511882512,0.0386029411764706,36.5713896915458,1.06312179335889,3.86029411764706
2020-04-11,162,5,162,5,0,0,178,8,2230,313,2408,321,1,4,1,20,4,0,"Knox County",470313,7.65447691218401,0.0384917517674784,68.2524191336408,1.06312179335889,3.84917517674784
2020-04-10,157,4,157,4,0,0,170,5,1917,123,2087,128,0,3,0,19,4,0,"Knox County",470313,8.07972562952757,0.0394126738794436,27.2159179099876,0.850497434687113,3.94126738794436
2020-04-09,153,1,153,1,0,0,165,1,1794,81,1959,82,0,3,0,19,4,0,"Knox County",470313,6.8039794774969,0.037261698440208,17.4351974110858,0.212624358671778,3.7261698440208
2020-04-08,152,8,152,8,0,0,164,12,1713,111,1877,123,0,3,1,19,4,1,"Knox County",470313,6.59135511882512,0.0380388841927303,26.1527961166287,1.70099486937423,3.80388841927303
2020-04-07,144,20,144,20,0,0,152,25,1602,366,1754,391,0,3,2,18,3,0,"Knox County",470313,9.99334485757357,0.0449591280653951,83.1361242406653,4.25248717343556,4.49591280653951
2020-04-06,124,8,124,8,0,0,127,14,1236,54,1363,68,2,3,1,16,3,0,"Knox County",470313,10.8438422922607,0.0552529182879377,14.4584563896809,1.70099486937423,5.52529182879377
2020-04-05,116,4,116,4,0,0,113,10,1182,75,1295,85,0,1,0,15,3,1,"Knox County",470313,10.6312179335889,0.0626043405676127,18.0730704871011,0.850497434687113,6.26043405676127
2020-04-04,112,15,112,15,0,0,103,6,1107,127,1210,133,0,1,1,15,2,1,"Knox County",470313,12.7574615203067,0.0722772277227723,28.2790397033465,3.18936538007667,7.22772277227723
2020-04-03,97,4,97,4,0,0,97,3,980,51,1077,54,0,1,1,14,1,0,"Knox County",470313,12.7574615203067,0.0758547008547008,11.481715368276,0.850497434687113,7.58547008547009
2020-04-02,93,7,93,7,0,0,94,7,929,106,1023,113,0,1,0,13,1,0,"Knox County",470313,14.0332076723374,0.0796277145811789,24.0265525299109,1.48837051070245,7.96277145811789
2020-04-01,86,15,86,15,0,0,87,15,823,140,910,155,0,0,1,13,1,0,"Knox County",470313,15.5215781830398,0.0800800800800801,32.9567755941256,3.18936538007667,8.00800800800801
2020-03-31,71,8,71,8,0,0,72,11,683,58,755,69,0,0,1,12,1,0,"Knox County",470313,12.9700858789785,0.0974889217134417,14.6710807483527,1.70099486937423,9.74889217134417
2020-03-30,63,13,63,13,0,0,61,15,625,130,686,145,0,0,2,11,1,0,"Knox County",470313,14.0332076723374,0.0888594164456233,30.8305320074078,2.76411666273312,8.88594164456233
2020-03-29,50,8,50,8,0,0,46,8,495,55,541,63,0,0,1,9,1,1,"Knox County",470313,14.8837051070245,0.0887978142076503,13.395334596322,1.70099486937423,8.87978142076503
2020-03-28,42,7,42,7,0,0,38,6,440,62,478,68,0,0,1,8,0,0,"Knox County",470313,13.1827102376502,0.0974512743628186,14.4584563896809,1.48837051070245,9.74512743628186
2020-03-27,35,2,35,2,0,0,32,2,378,54,410,56,0,0,1,7,0,0,"Knox County",470313,12.7574615203067,0.0956651718983558,11.9069640856196,0.425248717343556,9.56651718983558
2020-03-26,33,7,33,7,0,0,30,7,324,82,354,89,0,0,2,6,0,0,"Knox County",470313,12.7574615203067,0.0992248062015504,18.9235679217883,1.48837051070245,9.92248062015504
2020-03-25,26,6,26,6,0,0,23,7,242,68,265,75,0,0,1,4,0,0,"Knox County",470313,10.8438422922607,0.0991150442477876,15.9468269003834,1.27574615203067,9.91150442477876
2020-03-24,20,7,20,7,0,0,16,7,174,43,190,50,0,0,0,3,0,0,"Knox County",470313,10.6312179335889,0.0952380952380952,10.6312179335889,1.48837051070245,9.52380952380952
2020-03-23,13,4,13,4,0,0,9,4,131,22,140,26,0,0,2,3,0,0,"Knox County",470313,8.7175987055429,0.0960187353629977,5.52823332546623,0.850497434687113,9.60187353629976
2020-03-22,9,2,9,2,0,0,5,0,109,9,114,9,0,0,1,1,0,0,"Knox County",470313,7.44185255351224,0.0884718498659517,1.913619228046,0.425248717343556,8.84718498659517
2020-03-21,7,1,7,1,0,0,5,2,100,17,105,19,0,0,0,0,0,0,"Knox County",470313,6.16610640148157,0.0895061728395062,4.03986281476378,0.212624358671778,8.95061728395062
2020-03-20,6,5,6,5,0,0,3,2,83,38,86,40,0,0,0,0,0,0,"Knox County",470313,6.8039794774969,0.0941558441558442,8.50497434687113,1.06312179335889,9.41558441558442
2020-03-19,1,0,1,0,0,0,1,0,45,11,46,11,0,0,0,0,0,0,"Knox County",470313,5.31560896679445,0.0956521739130435,2.33886794538956,0,9.56521739130435
2020-03-18,1,0,1,0,0,0,1,0,34,15,35,15,0,0,0,0,0,0,"Knox County",470313,4.03986281476378,0.0882352941176471,3.18936538007667,0,8.82352941176471
2020-03-17,1,0,1,0,0,0,1,0,19,5,20,5,0,0,0,0,0,0,"Knox County",470313,2.55149230406134,0.064,1.06312179335889,0,6.4
2020-03-16,1,1,1,1,0,0,1,1,14,3,15,4,0,0,0,0,0,0,"Knox County",470313,1.913619228046,0.0485436893203883,0.850497434687113,0.212624358671778,4.85436893203883
2020-03-15,0,0,0,0,0,0,0,0,11,1,11,1,0,0,0,0,0,0,"Knox County",470313,1.48837051070245,0.0526315789473684,0.212624358671778,0,5.26315789473684
2020-03-14,0,0,0,0,0,0,0,0,10,8,10,8,0,0,0,0,0,0,"Knox County",470313,1.27574615203067,0.0357142857142857,1.70099486937423,0,3.57142857142857
2020-03-13,0,0,0,0,0,0,0,0,2,0,2,0,0,0,0,0,0,0,"Knox County",470313,0.212624358671778,0.0227272727272727,0,0,2.27272727272727
2020-03-12,0,0,0,0,0,0,0,0,2,2,2,2,0,0,0,0,0,0,"Knox County",470313,0.212624358671778,0.0285714285714286,0.425248717343556,0,2.85714285714286
2020-03-12,0,0,0,0,0,0,0,0,0,0,0,0,0,0,0,0,0,0,"Anderson",76978,NA,NA,0,0,NA
2020-03-13,0,0,0,0,0,0,0,0,1,1,1,1,0,0,0,0,0,0,"Anderson",76978,NA,NA,1.29907246226194,0,NA
2020-03-14,0,0,0,0,0,0,0,0,1,0,1,0,0,0,0,0,0,0,"Anderson",76978,NA,NA,0,0,NA
2020-03-15,0,0,0,0,0,0,0,0,1,0,1,0,0,0,0,0,0,0,"Anderson",76978,NA,NA,0,0,NA
2020-03-16,0,0,0,0,0,0,0,0,2,1,2,1,0,0,0,0,0,0,"Anderson",76978,NA,NA,1.29907246226194,0,NA
2020-03-17,0,0,0,0,0,0,0,0,4,2,4,2,0,0,0,0,0,0,"Anderson",76978,NA,NA,2.59814492452389,0,NA
2020-03-18,0,0,0,0,0,0,0,0,4,0,4,0,0,0,0,0,0,0,"Anderson",76978,0,0,0,0,0
2020-03-19,1,1,1,1,0,0,2,2,5,1,7,3,0,0,0,0,0,0,"Anderson",76978,1.29907246226194,0.285714285714286,3.89721738678583,1.29907246226194,28.5714285714286
2020-03-20,1,0,1,0,0,0,2,0,7,2,9,2,0,0,0,0,0,0,"Anderson",76978,1.29907246226194,0.25,2.59814492452389,0,25
2020-03-21,1,0,1,0,0,0,2,0,7,0,9,0,0,0,0,0,0,0,"Anderson",76978,1.29907246226194,0.25,0,0,25
2020-03-22,1,0,1,0,0,0,2,0,10,3,12,3,0,0,0,0,0,0,"Anderson",76978,1.29907246226194,0.181818181818182,3.89721738678583,0,18.1818181818182
2020-03-23,1,0,1,0,0,0,2,0,15,5,17,5,0,0,0,0,0,0,"Anderson",76978,1.29907246226194,0.133333333333333,6.49536231130973,0,13.3333333333333
2020-03-24,1,0,1,0,0,0,2,0,20,5,22,5,0,0,0,0,0,0,"Anderson",76978,1.29907246226194,0.111111111111111,6.49536231130973,0,11.1111111111111
2020-03-25,2,1,2,1,0,0,4,2,29,9,33,11,0,0,0,0,0,0,"Anderson",76978,2.59814492452389,0.137931034482759,14.2897970848814,1.29907246226194,13.7931034482759
2020-03-26,3,1,3,1,0,0,5,1,44,15,49,16,0,0,1,1,0,0,"Anderson",76978,2.59814492452389,0.0714285714285714,20.7851593961911,1.29907246226194,7.14285714285714
2020-03-27,4,1,4,1,0,0,6,1,53,9,59,10,0,0,0,1,0,0,"Anderson",76978,3.89721738678583,0.08,12.9907246226195,1.29907246226194,8
2020-03-28,7,3,7,3,0,0,9,3,72,19,81,22,0,0,1,2,0,0,"Anderson",76978,7.79443477357167,0.0972222222222222,28.5795941697628,3.89721738678583,9.72222222222222
2020-03-29,7,0,7,0,0,0,9,0,83,11,92,11,0,0,0,2,0,0,"Anderson",76978,7.79443477357167,0.0875,14.2897970848814,0,8.75
2020-03-30,8,1,8,1,0,0,10,1,127,44,137,45,0,0,0,2,0,0,"Anderson",76978,9.09350723583361,0.0666666666666667,58.4582608017875,1.29907246226194,6.66666666666667
2020-03-31,9,1,9,1,0,0,11,1,142,15,153,16,0,0,0,2,0,0,"Anderson",76978,10.3925796980956,0.0687022900763359,20.7851593961911,1.29907246226194,6.87022900763359
2020-04-01,9,0,9,0,0,0,11,0,163,21,174,21,0,0,0,2,0,0,"Anderson",76978,9.09350723583361,0.049645390070922,27.2805217075008,0,4.9645390070922
2020-04-02,9,0,9,0,0,0,11,0,179,16,190,16,0,0,0,2,0,0,"Anderson",76978,7.79443477357167,0.0425531914893617,20.7851593961911,0,4.25531914893617
2020-04-03,9,0,9,0,0,0,11,0,192,13,203,13,0,0,0,2,0,0,"Anderson",76978,6.49536231130972,0.0347222222222222,16.8879420094053,0,3.47222222222222
2020-04-04,9,0,9,0,0,0,11,0,219,27,230,27,0,0,0,2,0,0,"Anderson",76978,2.59814492452389,0.0134228187919463,35.0749564810725,0,1.34228187919463
2020-04-05,9,0,9,0,0,0,11,0,248,29,259,29,0,0,0,2,0,0,"Anderson",76978,2.59814492452389,0.0119760479041916,37.6731014055964,0,1.19760479041916
2020-04-06,9,0,9,0,0,0,11,0,262,14,273,14,0,0,0,2,0,0,"Anderson",76978,1.29907246226194,0.00735294117647059,18.1870144716672,0,0.735294117647059
2020-04-07,10,1,10,1,0,0,12,1,304,42,316,43,0,0,0,2,0,0,"Anderson",76978,1.29907246226194,0.00613496932515337,55.8601158772636,1.29907246226194,0.613496932515337
2020-04-08,10,0,10,0,0,0,12,0,322,18,334,18,1,1,0,2,1,1,"Anderson",76978,1.29907246226194,0.00625,23.383304320715,0,0.625
2020-04-09,10,0,10,0,0,0,12,0,350,28,362,28,0,1,0,2,1,0,"Anderson",76978,1.29907246226194,0.00581395348837209,36.3740289433345,0,0.581395348837209
2020-04-10,10,0,10,0,0,0,12,0,366,16,378,16,0,1,0,2,1,0,"Anderson",76978,1.29907246226194,0.00571428571428571,20.7851593961911,0,0.571428571428571
2020-04-11,10,0,10,0,0,0,12,0,439,73,451,73,0,1,0,2,1,0,"Anderson",76978,1.29907246226194,0.00452488687782805,94.832289745122,0,0.452488687782805
2020-04-12,12,2,12,2,0,0,14,2,477,38,491,40,0,1,0,2,1,0,"Anderson",76978,3.89721738678583,0.0129310344827586,51.9628984904778,2.59814492452389,1.29310344827586
2020-04-13,13,1,13,1,0,0,15,1,514,37,529,38,0,1,0,2,1,0,"Anderson",76978,5.19628984904778,0.015625,49.3647535659539,1.29907246226194,1.5625
2020-04-14,13,0,13,0,0,0,15,0,526,12,541,12,0,1,0,2,1,0,"Anderson",76978,3.89721738678583,0.0133333333333333,15.5888695471433,0,1.33333333333333
2020-04-15,13,0,13,0,0,0,15,0,544,18,559,18,0,1,0,2,1,0,"Anderson",76978,3.89721738678583,0.0133333333333333,23.383304320715,0,1.33333333333333
2020-04-16,13,0,13,0,0,0,15,0,566,22,581,22,0,1,0,2,1,0,"Anderson",76978,3.89721738678583,0.0136986301369863,28.5795941697628,0,1.36986301369863
2020-04-17,13,0,13,0,0,0,15,0,586,20,601,20,0,1,0,2,1,0,"Anderson",76978,3.89721738678583,0.0134529147982063,25.9814492452389,0,1.34529147982063
2020-04-18,13,0,13,0,0,0,15,0,616,30,631,30,0,1,0,2,1,0,"Anderson",76978,3.89721738678583,0.0166666666666667,38.9721738678584,0,1.66666666666667
2020-04-19,14,1,14,1,0,0,16,1,628,12,644,13,0,1,0,2,1,0,"Anderson",76978,2.59814492452389,0.0130718954248366,16.8879420094053,1.29907246226194,1.30718954248366
2020-04-20,19,5,18,4,1,1,19,3,648,20,667,23,0,1,0,2,1,0,"Anderson",76978,7.79443477357167,0.0289855072463768,29.8786666320247,6.49536231130973,2.89855072463768
2020-04-21,20,1,19,1,1,0,22,3,1071,423,1093,426,0,1,0,2,1,0,"Anderson",76978,9.09350723583361,0.0126811594202899,553.404868923589,1.29907246226194,1.26811594202899
2020-04-22,21,1,20,1,1,0,24,2,1141,70,1165,72,0,1,0,2,1,0,"Anderson",76978,10.3925796980956,0.0148514851485149,93.53321728286,1.29907246226194,1.48514851485149
2020-04-23,21,0,20,0,1,0,24,0,1191,50,1215,50,0,1,0,2,1,0,"Anderson",76978,10.3925796980956,0.0141955835962145,64.9536231130973,0,1.41955835962145
2020-04-24,22,1,21,1,1,0,25,1,1299,108,1324,109,0,1,0,2,1,0,"Anderson",76978,11.6916521603575,0.0138312586445367,141.598898386552,1.29907246226194,1.38312586445367
2020-04-25,22,0,21,0,1,0,25,0,1336,37,1361,37,0,1,0,2,1,0,"Anderson",76978,11.6916521603575,0.0136986301369863,48.065681103692,0,1.36986301369863
2020-04-26,22,0,21,0,1,0,25,0,1372,36,1397,36,0,1,0,2,1,0,"Anderson",76978,10.3925796980956,0.0119521912350598,46.76660864143,0,1.19521912350598
2020-04-27,22,0,21,0,1,0,25,0,1411,39,1436,39,0,1,0,2,1,0,"Anderson",76978,3.89721738678583,0.00780234070221066,50.6638260282159,0,0.780234070221066
2020-04-28,22,0,21,0,1,0,25,0,1690,279,1715,279,0,1,0,2,1,0,"Anderson",76978,2.59814492452389,0.00482315112540193,362.441216971083,0,0.482315112540193
2020-04-29,26,4,25,4,1,0,28,3,2068,378,2096,381,0,1,0,2,1,0,"Anderson",76978,6.49536231130972,0.00429645542427497,494.946608121801,5.19628984904778,0.429645542427497
2020-04-30,26,0,25,0,1,0,29,1,2100,32,2129,33,0,1,0,2,1,0,"Anderson",76978,6.49536231130972,0.00547045951859956,42.8693912546442,0,0.547045951859956
2020-05-01,26,0,25,0,1,0,29,0,2152,52,2181,52,0,1,0,2,1,0,"Anderson",76978,5.19628984904778,0.00466744457409568,67.5517680376211,0,0.466744457409568
2020-05-02,26,0,25,0,1,0,29,0,2219,67,2248,67,0,1,0,2,1,0,"Anderson",76978,5.19628984904778,0.00450958286358512,87.0378549715503,0,0.450958286358512
2020-05-03,27,1,26,1,1,0,30,1,2312,93,2342,94,0,1,0,2,1,0,"Anderson",76978,6.49536231130972,0.00529100529100529,122.112811452623,1.29907246226194,0.529100529100529
2020-05-04,27,0,26,0,1,0,30,0,2404,92,2434,92,0,1,0,2,1,0,"Anderson",76978,6.49536231130972,0.00501002004008016,119.514666528099,0,0.501002004008016
2020-05-05,28,1,27,1,1,0,30,0,2473,69,2503,69,0,1,0,2,1,0,"Anderson",76978,7.79443477357167,0.00634517766497462,89.6359998960742,1.29907246226194,0.634517766497462
2020-05-06,30,2,29,2,1,0,31,1,2523,50,2554,51,0,1,0,2,1,0,"Anderson",76978,5.19628984904778,0.00655021834061135,66.2526955753592,2.59814492452389,0.655021834061135
2020-05-07,30,0,29,0,1,0,33,2,2595,72,2628,74,0,1,0,2,1,0,"Anderson",76978,5.19628984904778,0.00801603206412826,96.1313622073839,0,0.801603206412826
2020-05-08,30,0,29,0,1,0,33,0,2650,55,2683,55,0,1,0,2,1,0,"Anderson",76978,5.19628984904778,0.00796812749003984,71.448985424407,0,0.796812749003984
2020-05-09,30,0,29,0,1,0,33,0,2732,82,2765,82,0,1,0,2,1,0,"Anderson",76978,5.19628984904778,0.00773694390715667,106.523941905479,0,0.773694390715667
2020-05-10,30,0,29,0,1,0,33,0,2825,93,2858,93,0,1,0,2,1,0,"Anderson",76978,3.89721738678583,0.00581395348837209,120.813738990361,0,0.581395348837209
2020-05-11,32,2,31,2,1,0,33,0,2907,82,2940,82,0,1,0,2,1,0,"Anderson",76978,6.49536231130972,0.00592885375494071,106.523941905479,2.59814492452389,0.592885375494071
2020-05-12,33,1,32,1,1,0,35,2,3040,133,3075,135,0,1,0,2,1,0,"Anderson",76978,6.49536231130972,0.00874125874125874,175.374782405363,1.29907246226194,0.874125874125874
2020-05-13,35,2,34,2,1,0,38,3,3218,178,3256,181,0,1,1,3,1,0,"Anderson",76978,6.49536231130972,0.00997150997150997,235.132115669412,2.59814492452389,0.997150997150997
2020-05-14,35,0,34,0,1,0,39,1,3344,126,3383,127,0,1,0,3,1,0,"Anderson",76978,6.49536231130972,0.00794701986754967,164.982202707267,0,0.794701986754967
2020-05-15,36,1,35,1,1,0,39,0,3415,71,3454,71,0,1,0,3,1,0,"Anderson",76978,7.79443477357167,0.00778210116731518,92.2341448205981,1.29907246226194,0.778210116731518
2020-05-16,36,0,35,0,1,0,41,2,3655,240,3696,242,0,1,0,3,1,0,"Anderson",76978,7.79443477357167,0.00859291084854995,314.375535867391,0,0.859291084854995
2020-05-17,36,0,35,0,1,0,41,0,3725,70,3766,70,0,1,0,3,1,0,"Anderson",76978,7.79443477357167,0.00881057268722467,90.9350723583361,0,0.881057268722467
2020-05-18,37,1,36,1,1,0,42,1,3802,77,3844,78,0,1,0,3,1,0,"Anderson",76978,6.49536231130972,0.00995575221238938,101.327652056432,1.29907246226194,0.995575221238938
2020-05-19,37,0,36,0,1,0,42,0,3854,52,3896,52,0,1,0,3,1,0,"Anderson",76978,5.19628984904778,0.00852618757612668,67.5517680376211,0,0.852618757612667
2020-05-20,37,0,36,0,1,0,43,1,3919,65,3962,66,0,1,0,3,1,0,"Anderson",76978,2.59814492452389,0.00708215297450425,85.7387825092884,0,0.708215297450425
2020-05-21,37,0,36,0,1,0,44,1,3999,80,4043,81,0,1,0,3,1,0,"Anderson",76978,2.59814492452389,0.00757575757575758,105.224869443218,0,0.757575757575758
2020-05-22,38,1,37,1,1,0,45,1,4027,28,4072,29,0,1,1,4,1,0,"Anderson",76978,2.59814492452389,0.00970873786407767,37.6731014055964,1.29907246226194,0.970873786407767
2020-05-23,38,0,37,0,1,0,46,1,4190,163,4236,164,0,1,0,4,1,0,"Anderson",76978,2.59814492452389,0.00925925925925926,213.047883810959,0,0.925925925925926
2020-05-24,38,0,37,0,1,0,46,0,4245,55,4291,55,0,1,0,4,1,0,"Anderson",76978,2.59814492452389,0.00952380952380952,71.448985424407,0,0.952380952380952
2020-05-25,38,0,37,0,1,0,47,1,4279,34,4326,35,0,1,0,4,1,0,"Anderson",76978,1.29907246226194,0.0103734439834025,45.4675361791681,0,1.03734439834025
2020-05-26,38,0,37,0,1,0,47,0,4410,131,4457,131,0,1,0,4,1,0,"Anderson",76978,1.29907246226194,0.0089126559714795,170.178492556315,0,0.89126559714795
2020-05-27,38,0,37,0,1,0,47,0,4513,103,4560,103,0,1,0,4,1,0,"Anderson",76978,1.29907246226194,0.00668896321070234,133.80446361298,0,0.668896321070234
2020-05-28,38,0,37,0,1,0,47,0,4561,48,4608,48,0,1,0,4,1,0,"Anderson",76978,1.29907246226194,0.00530973451327434,62.3554781885734,0,0.530973451327434
2020-05-29,39,1,38,1,1,0,47,0,4611,50,4658,50,0,1,0,4,1,0,"Anderson",76978,1.29907246226194,0.00341296928327645,64.9536231130973,1.29907246226194,0.341296928327645
2020-05-30,39,0,38,0,1,0,48,1,4663,52,4711,53,0,1,0,4,1,0,"Anderson",76978,1.29907246226194,0.00421052631578947,68.8508404998831,0,0.421052631578947
2020-05-31,40,1,39,1,1,0,49,1,4729,66,4778,67,0,1,0,4,1,0,"Anderson",76978,2.59814492452389,0.00616016427104723,87.0378549715503,1.29907246226194,0.616016427104723
2020-06-01,40,0,39,0,1,0,49,0,4853,124,4902,124,0,1,0,4,1,0,"Anderson",76978,2.59814492452389,0.00347222222222222,161.084985320481,0,0.347222222222222
2020-06-02,40,0,39,0,1,0,49,0,4980,127,5029,127,0,1,0,4,1,0,"Anderson",76978,2.59814492452389,0.0034965034965035,164.982202707267,0,0.34965034965035
2020-06-03,41,1,40,1,1,0,50,1,5040,60,5090,61,0,1,0,4,2,1,"Anderson",76978,3.89721738678583,0.00566037735849057,79.2434201979787,1.29907246226194,0.566037735849057
2020-06-04,41,0,40,0,1,0,50,0,5088,48,5138,48,1,2,0,4,2,0,"Anderson",76978,3.89721738678583,0.00566037735849057,62.3554781885734,0,0.566037735849057
2020-06-05,42,1,41,1,1,0,53,3,5145,57,5198,60,0,2,0,4,2,0,"Anderson",76978,3.89721738678583,0.0111111111111111,77.9443477357167,1.29907246226194,1.11111111111111
2020-06-06,43,1,42,1,1,0,54,1,5198,53,5252,54,0,2,0,4,2,0,"Anderson",76978,5.19628984904778,0.011090573012939,70.149912962145,1.29907246226194,1.1090573012939
2020-06-07,45,2,43,1,2,1,57,3,5293,95,5350,98,0,2,0,4,2,0,"Anderson",76978,6.49536231130972,0.013986013986014,127.309101301671,2.59814492452389,1.3986013986014
2020-06-08,46,1,44,1,2,0,57,0,5334,41,5391,41,0,2,0,4,2,0,"Anderson",76978,7.79443477357167,0.016359918200409,53.2619709527397,1.29907246226194,1.6359918200409
2020-06-09,47,1,45,1,2,0,60,3,5515,181,5575,184,0,2,0,4,2,0,"Anderson",76978,9.09350723583361,0.0201465201465201,239.029333056198,1.29907246226194,2.01465201465201
2020-06-10,52,5,50,5,2,0,63,3,5723,208,5786,211,0,2,0,4,2,0,"Anderson",76978,14.2897970848814,0.0186781609195402,274.10428953727,6.49536231130973,1.86781609195402
2020-06-11,55,3,53,3,2,0,66,3,5868,145,5934,148,0,2,1,5,2,0,"Anderson",76978,18.1870144716672,0.0201005025125628,192.262724414768,3.89721738678583,2.01005025125628
2020-06-12,57,2,55,2,2,0,70,4,5950,82,6020,86,0,2,0,5,2,0,"Anderson",76978,19.4860869339292,0.0206812652068127,111.720231754527,2.59814492452389,2.06812652068127
2020-06-13,58,1,55,0,3,1,70,0,5993,43,6063,43,0,2,0,5,2,0,"Anderson",76978,19.4860869339292,0.0197287299630086,55.8601158772636,1.29907246226194,1.97287299630086
2020-06-14,60,2,57,2,3,0,70,0,6168,175,6238,175,0,2,1,6,2,0,"Anderson",76978,19.4860869339292,0.0146396396396396,227.33768089584,2.59814492452389,1.46396396396396
2020-06-15,60,0,57,0,3,0,71,1,6226,58,6297,59,0,2,0,6,2,0,"Anderson",76978,18.1870144716672,0.0154525386313466,76.6452752734548,0,1.54525386313466
2020-06-16,64,4,61,4,3,0,75,4,6287,61,6362,65,0,2,0,6,2,0,"Anderson",76978,22.0842318584531,0.0190597204574333,84.4397100470264,5.19628984904778,1.90597204574333
2020-06-17,66,2,63,2,3,0,79,4,6324,37,6403,41,0,2,0,6,2,0,"Anderson",76978,18.1870144716672,0.0259319286871961,53.2619709527397,2.59814492452389,2.59319286871961
2020-06-18,70,4,67,4,3,0,84,5,6454,130,6538,135,0,2,0,6,2,0,"Anderson",76978,19.4860869339292,0.0298013245033113,175.374782405363,5.19628984904778,2.98013245033113
2020-06-19,72,2,69,2,3,0,86,2,6519,65,6605,67,0,2,0,6,2,0,"Anderson",76978,19.4860869339292,0.0273504273504274,87.0378549715503,2.59814492452389,2.73504273504274
2020-06-20,73,1,70,1,3,0,87,1,6557,38,6644,39,0,2,0,6,2,0,"Anderson",76978,19.4860869339292,0.0292598967297762,50.6638260282159,1.29907246226194,2.92598967297762
2020-06-21,74,1,71,1,3,0,88,1,6617,60,6705,61,0,2,0,6,2,0,"Anderson",76978,18.1870144716672,0.0385438972162741,79.2434201979787,1.29907246226194,3.85438972162741
2020-06-22,76,2,73,2,3,0,90,2,6709,92,6799,94,0,2,1,7,2,0,"Anderson",76978,20.7851593961911,0.0378486055776892,122.112811452623,2.59814492452389,3.78486055776892
2020-06-23,76,0,73,0,3,0,90,0,6798,89,6888,89,0,2,0,7,2,0,"Anderson",76978,15.5888695471433,0.0285171102661597,115.617449141313,0,2.85171102661597
2020-06-24,77,1,74,1,3,0,91,1,6829,31,6920,32,0,2,0,7,2,0,"Anderson",76978,14.2897970848814,0.02321083172147,41.5703187923822,1.29907246226194,2.321083172147
2020-06-25,81,4,78,4,3,0,92,1,6942,113,7034,114,0,2,0,7,2,0,"Anderson",76978,14.2897970848814,0.0161290322580645,148.094260697862,5.19628984904778,1.61290322580645
2020-06-26,86,5,83,5,3,0,98,6,6970,28,7068,34,0,2,0,7,2,0,"Anderson",76978,18.1870144716672,0.0259179265658747,44.1684637169061,6.49536231130973,2.59179265658747
2020-06-27,87,1,83,0,4,1,98,0,6982,12,7080,12,0,2,0,7,2,0,"Anderson",76978,18.1870144716672,0.0252293577981651,15.5888695471433,1.29907246226194,2.52293577981651
2020-06-28,91,4,87,4,4,0,106,8,7091,109,7197,117,0,2,0,7,2,0,"Anderson",76978,22.0842318584531,0.0365853658536585,151.991478084648,5.19628984904778,3.65853658536585
2020-06-29,97,6,92,5,5,1,114,8,7313,222,7427,230,0,2,1,8,2,0,"Anderson",76978,27.2805217075008,0.0382165605095541,298.786666320247,7.79443477357167,3.82165605095541
2020-06-30,102,5,96,4,6,1,120,6,7477,164,7597,170,0,2,0,8,2,0,"Anderson",76978,33.7758840188106,0.0423131170662905,220.842318584531,6.49536231130973,4.23131170662905
2020-07-01,104,2,98,2,6,0,124,4,7598,121,7722,125,0,2,0,8,2,0,"Anderson",76978,35.0749564810725,0.0411471321695761,162.384057782743,2.59814492452389,4.11471321695761
2020-07-02,110,6,104,6,6,0,130,6,7837,239,7967,245,0,2,0,8,2,0,"Anderson",76978,37.6731014055964,0.0407288317256163,318.272753254177,7.79443477357167,4.07288317256163
2020-07-03,120,10,113,9,7,1,142,12,7961,124,8103,136,0,2,0,8,2,0,"Anderson",76978,44.1684637169061,0.042512077294686,176.673854867625,12.9907246226195,4.2512077294686
2020-07-04,131,11,124,11,7,0,156,14,8145,184,8301,198,0,2,2,10,2,0,"Anderson",76978,57.1591883395256,0.0475020475020475,257.216347527865,14.2897970848814,4.75020475020475
2020-07-05,140,9,133,9,7,0,169,13,8301,156,8470,169,0,2,1,11,2,0,"Anderson",76978,63.6545506508353,0.0494893951296151,219.543246122269,11.6916521603575,4.94893951296151
2020-07-06,141,1,134,1,7,0,170,1,8328,27,8498,28,0,2,0,11,2,0,"Anderson",76978,57.1591883395256,0.0522875816993464,36.3740289433345,1.29907246226194,5.22875816993464
2020-07-07,157,16,150,16,7,0,190,20,8561,233,8751,253,0,2,0,11,2,0,"Anderson",76978,71.448985424407,0.0606585788561525,328.665332952272,20.7851593961911,6.06585788561525
2020-07-08,173,16,165,15,8,1,206,16,8701,140,8907,156,0,2,0,11,2,0,"Anderson",76978,89.6359998960742,0.0691983122362869,202.655304112863,20.7851593961911,6.91983122362869
2020-07-09,187,14,179,14,8,0,220,14,8969,268,9189,282,0,2,0,11,2,0,"Anderson",76978,100.02857959417,0.0736497545008183,366.338434357868,18.1870144716672,7.36497545008183
2020-07-10,193,6,185,6,8,0,227,7,8999,30,9226,37,0,2,1,12,2,0,"Anderson",76978,94.832289745122,0.0756901157613535,48.065681103692,7.79443477357167,7.56901157613535
2020-07-11,201,8,193,8,8,0,235,8,9168,169,9403,177,0,2,1,13,2,0,"Anderson",76978,90.9350723583361,0.0716878402903811,229.935825820364,10.3925796980956,7.16878402903811
2020-07-12,212,11,204,11,8,0,248,13,9351,183,9599,196,0,2,0,13,2,0,"Anderson",76978,93.53321728286,0.0699734278122232,254.618202603341,14.2897970848814,6.99734278122232
2020-07-13,218,6,209,5,9,1,255,7,9390,39,9645,46,0,2,2,15,2,0,"Anderson",76978,100.02857959417,0.0741063644289451,59.7573332640495,7.79443477357167,7.41063644289451
2020-07-14,229,11,219,10,10,1,266,11,9530,140,9796,151,0,2,0,15,2,0,"Anderson",76978,93.53321728286,0.0727272727272727,196.159941801554,14.2897970848814,7.27272727272727
2020-07-15,245,16,234,15,11,1,285,19,9632,102,9917,121,0,2,0,15,2,0,"Anderson",76978,93.53321728286,0.0782178217821782,157.187767933695,20.7851593961911,7.82178217821782
2020-07-16,263,18,252,18,11,0,308,23,9921,289,10229,312,0,2,1,16,2,0,"Anderson",76978,98.7295071319078,0.0846153846153846,405.310608225727,23.383304320715,8.46153846153846
2020-07-17,270,7,259,7,11,0,317,9,9992,71,10309,80,0,2,1,17,3,1,"Anderson",76978,100.02857959417,0.0831024930747922,103.925796980956,9.09350723583361,8.31024930747922
2020-07-18,277,7,266,7,11,0,328,11,10206,214,10534,225,0,2,0,17,3,0,"Anderson",76978,98.7295071319078,0.0822281167108753,292.291304008938,9.09350723583361,8.22281167108753
2020-07-19,285,8,274,8,11,0,337,9,10287,81,10624,90,0,2,2,19,3,0,"Anderson",76978,94.832289745122,0.0868292682926829,116.916521603575,10.3925796980956,8.68292682926829
2020-07-20,313,28,302,28,11,0,367,30,10456,169,10823,199,1,3,0,19,3,0,"Anderson",76978,123.411883914885,0.0950764006791171,258.515419990127,36.3740289433345,9.50764006791171
2020-07-21,336,23,324,22,12,1,391,24,10748,292,11139,316,0,3,1,20,3,0,"Anderson",76978,139.000753462028,0.0930752047654505,410.506898074775,29.8786666320247,9.30752047654505
2020-07-22,365,29,353,29,12,0,424,33,10883,135,11307,168,0,3,0,20,3,0,"Anderson",76978,155.888695471433,0.1,218.244173660007,37.6731014055964,10
2020-07-23,388,23,376,23,12,0,455,31,11310,427,11765,458,0,3,2,22,3,0,"Anderson",76978,162.384057782743,0.095703125,594.975187715971,29.8786666320247,9.5703125
2020-07-24,394,6,382,6,12,0,463,8,11422,112,11885,120,0,3,0,22,4,1,"Anderson",76978,161.084985320481,0.0926395939086294,155.888695471433,7.79443477357167,9.26395939086294
2020-07-25,426,32,413,31,13,1,499,36,11679,257,12178,293,1,4,1,23,4,0,"Anderson",76978,193.56179687703,0.104014598540146,380.62823144275,41.5703187923822,10.4014598540146
2020-07-26,465,39,451,38,14,1,541,42,12082,403,12623,445,0,4,2,25,4,0,"Anderson",76978,233.83304320715,0.102051025512756,578.087245706565,50.6638260282159,10.2051025512756
2020-07-27,483,18,468,17,15,1,562,21,12262,180,12824,201,0,4,1,26,4,0,"Anderson",76978,220.842318584531,0.0974512743628186,261.113564914651,23.383304320715,9.74512743628186
2020-07-28,523,40,508,40,15,0,608,46,12642,380,13250,426,0,4,1,27,5,1,"Anderson",76978,242.926550442984,0.10279488394126,553.404868923589,51.9628984904778,10.279488394126
2020-07-29,527,4,512,4,15,0,612,4,12678,36,13290,40,1,5,0,27,5,0,"Anderson",76978,210.449738886435,0.0948058497226425,51.9628984904778,5.19628984904778,9.48058497226425
2020-07-30,564,37,549,37,15,0,666,54,13163,485,13829,539,0,5,0,27,5,0,"Anderson",76978,228.636753358102,0.102228682170543,700.200057159188,48.065681103692,10.2228682170543
2020-07-31,576,12,561,12,15,0,680,14,13345,182,14025,196,0,5,0,27,5,0,"Anderson",76978,236.431188131674,0.101401869158878,254.618202603341,15.5888695471433,10.1401869158878
2020-08-01,599,23,584,23,15,0,705,25,13754,409,14459,434,0,5,1,28,5,0,"Anderson",76978,224.739535971316,0.0903112669881631,563.797448621684,29.8786666320247,9.03112669881631
2020-08-02,606,7,591,7,15,0,712,7,13882,128,14594,135,0,5,1,29,6,1,"Anderson",76978,183.169217178934,0.0867579908675799,175.374782405363,9.09350723583361,8.67579908675799
2020-08-03,631,25,615,24,16,1,743,31,14109,227,14852,258,0,5,0,29,6,0,"Anderson",76978,192.262724414768,0.0892504930966469,335.160695263582,32.4768115565486,8.92504930966469
2020-08-04,638,7,622,7,16,0,751,8,14352,243,15103,251,2,7,0,29,6,0,"Anderson",76978,149.393333160124,0.0771721532649757,326.067188027748,9.09350723583361,7.71721532649757
2020-08-05,653,15,637,15,16,0,770,19,14561,209,15331,228,-1,6,0,29,6,0,"Anderson",76978,163.683130245005,0.0774130328270456,296.188521395723,19.4860869339292,7.74130328270456
2020-08-06,675,22,659,22,16,0,800,30,14882,321,15682,351,0,6,1,30,6,0,"Anderson",76978,144.197043311076,0.0723151645979493,455.974434253943,28.5795941697628,7.23151645979493
2020-08-07,679,4,663,4,16,0,804,4,14963,81,15767,85,0,6,0,30,6,0,"Anderson",76978,133.80446361298,0.0711825487944891,110.421159292265,5.19628984904778,7.11825487944891
2020-08-08,690,11,674,11,16,0,820,16,15283,320,16103,336,0,6,0,30,6,0,"Anderson",76978,118.215594065837,0.0699513381995134,436.488347320014,14.2897970848814,6.99513381995134
2020-08-09,697,7,681,7,16,0,829,9,15420,137,16249,146,0,6,0,30,6,0,"Anderson",76978,118.215594065837,0.0706948640483384,189.664579490244,9.09350723583361,7.06948640483384
2020-08-10,702,5,686,5,16,0,835,6,15559,139,16394,145,0,6,0,30,6,0,"Anderson",76978,92.2341448205981,0.059662775616083,188.365507027982,6.49536231130973,5.9662775616083
2020-08-11,723,21,707,21,16,0,857,22,15762,203,16619,225,0,6,1,31,6,0,"Anderson",76978,110.421159292265,0.0699208443271768,292.291304008938,27.2805217075008,6.99208443271768
2020-08-12,731,8,715,8,16,0,865,8,16001,239,16866,247,0,6,0,31,6,0,"Anderson",76978,101.327652056432,0.0618892508143322,320.8708981787,10.3925796980956,6.18892508143322
2020-08-13,749,18,733,18,16,0,889,24,16229,228,17118,252,1,7,2,33,6,0,"Anderson",76978,96.1313622073839,0.0619777158774373,327.36626049001,23.383304320715,6.19777158774373
2020-08-14,766,17,749,16,17,1,911,22,16558,329,17469,351,0,7,0,33,6,0,"Anderson",76978,113.019304216789,0.0628672150411281,455.974434253943,22.0842318584531,6.28672150411281
2020-08-15,776,10,759,10,17,0,923,12,16781,223,17704,235,-1,6,0,33,6,0,"Anderson",76978,111.720231754527,0.0643347907557776,305.282028631557,12.9907246226195,6.43347907557776
2020-08-16,788,12,771,12,17,0,937,14,16923,142,17860,156,0,6,0,33,7,1,"Anderson",76978,118.215594065837,0.0670391061452514,202.655304112863,15.5888695471433,6.70391061452514
2020-08-17,792,4,775,4,17,0,940,3,16966,43,17906,46,0,6,0,33,7,0,"Anderson",76978,116.916521603575,0.0694444444444444,59.7573332640495,5.19628984904778,6.94444444444444
2020-08-18,806,14,789,14,17,0,957,17,17129,163,18086,180,0,6,0,33,7,0,"Anderson",76978,107.823014367741,0.0681663258350375,233.83304320715,18.1870144716672,6.81663258350375
2020-08-19,820,14,803,14,17,0,971,14,17303,174,18274,188,0,6,0,33,7,0,"Anderson",76978,115.617449141313,0.0752840909090909,244.225622905246,18.1870144716672,7.52840909090909
2020-08-20,835,15,818,15,17,0,987,16,17745,442,18732,458,0,6,0,33,8,1,"Anderson",76978,111.720231754527,0.0607187112763321,594.975187715971,19.4860869339292,6.07187112763321
2020-08-21,838,3,821,3,17,0,990,3,17781,36,18771,39,1,7,0,33,8,0,"Anderson",76978,93.53321728286,0.0606758832565284,50.6638260282159,3.89721738678583,6.06758832565284
2020-08-22,856,18,839,18,17,0,1009,19,18325,544,19334,563,1,8,1,34,8,0,"Anderson",76978,103.925796980956,0.052760736196319,731.377796253475,23.383304320715,5.2760736196319
2020-08-23,857,1,840,1,17,0,1010,1,18409,84,19419,85,0,8,0,34,8,0,"Anderson",76978,89.6359998960742,0.0468248877485568,110.421159292265,1.29907246226194,4.68248877485568
2020-08-24,858,1,840,0,18,1,1010,0,18448,39,19458,39,0,8,0,34,8,0,"Anderson",76978,85.7387825092884,0.0451030927835052,50.6638260282159,1.29907246226194,4.51030927835052
2020-08-25,866,8,848,8,18,0,1018,8,18600,152,19618,160,0,8,1,35,8,0,"Anderson",76978,77.9443477357167,0.0398172323759791,207.851593961911,10.3925796980956,3.98172323759791
2020-08-26,872,6,854,6,18,0,1024,6,18780,180,19804,186,0,8,0,35,8,0,"Anderson",76978,67.5517680376211,0.034640522875817,241.627477980722,7.79443477357167,3.4640522875817
2020-08-27,875,3,857,3,18,0,1027,3,19191,411,20218,414,0,8,0,35,8,0,"Anderson",76978,51.9628984904778,0.0269179004037685,537.815999376445,3.89721738678583,2.69179004037685
2020-08-28,875,0,857,0,18,0,1027,0,19229,38,20256,38,0,8,0,35,8,0,"Anderson",76978,48.065681103692,0.0249158249158249,49.3647535659539,0,2.49158249158249
2020-08-29,884,9,865,8,19,1,1035,8,19491,262,20526,270,0,8,0,35,8,0,"Anderson",76978,36.3740289433345,0.0218120805369128,350.749564810725,11.6916521603575,2.18120805369128
2020-08-30,900,16,881,16,19,0,1051,16,19574,83,20625,99,0,8,0,35,8,0,"Anderson",76978,55.8601158772636,0.0339966832504146,128.608173763933,20.7851593961911,3.39966832504146
2020-08-31,902,2,883,2,19,0,1053,2,19632,58,20685,60,0,8,0,35,8,0,"Anderson",76978,57.1591883395256,0.0350448247758761,77.9443477357167,2.59814492452389,3.50448247758761
2020-09-01,909,7,889,6,20,1,1059,6,19743,111,20802,117,0,8,0,35,8,0,"Anderson",76978,55.8601158772636,0.0346283783783784,151.991478084648,9.09350723583361,3.46283783783784
2020-09-02,917,8,895,6,22,2,1069,10,20059,316,21128,326,0,8,0,35,8,0,"Anderson",76978,58.4582608017875,0.033987915407855,423.497622697394,10.3925796980956,3.3987915407855
2020-09-03,933,16,909,14,24,2,1085,16,20383,324,21468,340,0,8,0,35,9,1,"Anderson",76978,75.3462028111928,0.0464,441.684637169061,20.7851593961911,4.64
2020-09-04,942,9,917,8,25,1,1095,10,20572,189,21667,199,0,8,0,35,9,0,"Anderson",76978,87.0378549715503,0.0481927710843374,258.515419990127,11.6916521603575,4.81927710843374
2020-09-05,961,19,936,19,25,0,1116,21,20841,269,21957,290,0,8,1,36,10,1,"Anderson",76978,100.02857959417,0.0566037735849057,376.731014055964,24.682376782977,5.66037735849057
2020-09-06,963,2,938,2,25,0,1118,2,20897,56,22015,58,0,8,0,36,10,0,"Anderson",76978,81.8415651225025,0.0482014388489209,75.3462028111928,2.59814492452389,4.82014388489209
2020-09-07,966,3,941,3,25,0,1123,5,20985,88,22108,93,0,8,0,36,10,0,"Anderson",76978,83.1406375847645,0.0491918482080112,120.813738990361,3.89721738678583,4.91918482080112
2020-09-08,975,9,944,3,31,6,1127,4,21160,175,22287,179,1,9,0,36,10,0,"Anderson",76978,85.7387825092884,0.0457912457912458,232.533970744888,11.6916521603575,4.57912457912458
2020-09-09,984,9,953,9,31,0,1136,9,21401,241,22537,250,0,9,1,37,11,1,"Anderson",76978,87.0378549715503,0.0475514549325763,324.768115565486,11.6916521603575,4.75514549325763
2020-09-10,1013,29,981,28,32,1,1166,30,21770,369,22936,399,1,10,0,37,11,0,"Anderson",76978,103.925796980956,0.0551771117166213,518.329912442516,37.6731014055964,5.51771117166213
2020-09-11,1014,1,982,1,32,0,1168,2,21903,133,23071,135,0,10,0,37,11,0,"Anderson",76978,93.53321728286,0.051994301994302,175.374782405363,1.29907246226194,5.1994301994302
2020-09-12,1017,3,985,3,32,0,1173,5,22045,142,23218,147,0,10,0,37,11,0,"Anderson",76978,72.7480578866689,0.0452022204599524,190.963651952506,3.89721738678583,4.52022204599524
2020-09-13,1038,21,1005,20,33,1,1194,21,22289,244,23483,265,0,10,1,38,11,0,"Anderson",76978,97.4304346696459,0.0517711171662125,344.254202499415,27.2805217075008,5.17711171662125
2020-09-14,1044,6,1010,5,34,1,1200,6,22395,106,23595,112,0,10,1,39,11,0,"Anderson",76978,101.327652056432,0.0517821116341627,145.496115773338,7.79443477357167,5.17821116341627
2020-09-15,1060,16,1026,16,34,0,1217,17,22635,240,23852,257,1,11,1,40,12,1,"Anderson",76978,110.421159292265,0.0575079872204473,333.86162280132,20.7851593961911,5.75079872204473
2020-09-16,1068,8,1034,8,34,0,1229,12,22771,136,24000,148,0,11,0,40,12,0,"Anderson",76978,109.122086830003,0.063568010936432,192.262724414768,10.3925796980956,6.3568010936432
2020-09-17,1090,22,1054,20,36,2,1249,20,23192,421,24441,441,0,11,1,41,12,0,"Anderson",76978,100.02857959417,0.0551495016611296,572.890955857518,28.5795941697628,5.51495016611296
2020-09-18,1109,19,1073,19,36,0,1267,18,23416,224,24683,242,0,11,0,41,12,0,"Anderson",76978,123.411883914885,0.0614143920595533,314.375535867391,24.682376782977,6.14143920595533
2020-09-19,1124,15,1088,15,36,0,1288,21,23698,282,24986,303,0,11,1,42,12,0,"Anderson",76978,139.000753462028,0.0650452488687783,393.618956065369,19.4860869339292,6.50452488687783
2020-09-20,1131,7,1095,7,36,0,1298,10,23850,152,25148,162,0,11,0,42,13,1,"Anderson",76978,120.813738990361,0.0624624624624625,210.449738886435,9.09350723583361,6.24624624624625
2020-09-21,1133,2,1097,2,36,0,1300,2,23883,33,25183,35,0,11,0,42,13,0,"Anderson",76978,115.617449141313,0.0629722921914358,45.4675361791681,2.59814492452389,6.29722921914358
2020-09-22,1147,14,1111,14,36,0,1317,17,24131,248,25448,265,0,11,1,43,13,0,"Anderson",76978,113.019304216789,0.06265664160401,344.254202499415,18.1870144716672,6.265664160401
2020-09-23,1147,0,1111,0,36,0,1317,0,24172,41,25489,41,0,11,0,43,13,0,"Anderson",76978,102.626724518694,0.0591000671591672,53.2619709527397,0,5.91000671591672
2020-09-24,1160,13,1124,13,36,0,1332,15,24496,324,25828,339,1,12,0,43,13,0,"Anderson",76978,90.9350723583361,0.0598413842826244,440.385564706799,16.8879420094053,5.98413842826244
2020-09-25,1174,14,1137,13,37,1,1345,13,24732,236,26077,249,1,13,0,43,13,0,"Anderson",76978,84.4397100470264,0.0559540889526542,323.469043103224,18.1870144716672,5.59540889526542
2020-09-26,1188,14,1151,14,37,0,1362,17,25031,299,26393,316,0,13,0,43,13,0,"Anderson",76978,83.1406375847645,0.0525941719971571,410.506898074775,18.1870144716672,5.25941719971571
2020-09-27,1207,19,1168,17,39,2,1378,16,25238,207,26616,223,0,13,0,43,13,0,"Anderson",76978,98.7295071319078,0.0544959128065395,289.693159084414,24.682376782977,5.44959128065395
2020-09-28,1210,3,1170,2,40,1,1380,2,25275,37,26655,39,0,13,0,43,13,0,"Anderson",76978,100.02857959417,0.0543478260869565,50.6638260282159,3.89721738678583,5.43478260869565
2020-09-29,1221,11,1180,10,41,1,1390,10,25569,294,26959,304,0,13,0,43,13,0,"Anderson",76978,96.1313622073839,0.0483123759099934,394.918028527631,14.2897970848814,4.83123759099934
2020-09-30,1233,12,1190,10,43,2,1400,10,25635,66,27035,76,0,13,0,43,13,0,"Anderson",76978,111.720231754527,0.0536869340232859,98.7295071319078,15.5888695471433,5.36869340232859
2020-10-01,1249,16,1204,14,45,2,1415,15,25915,280,27330,295,0,13,0,43,13,0,"Anderson",76978,115.617449141313,0.0552596537949401,383.226376367274,20.7851593961911,5.52596537949401
2020-10-02,1256,7,1210,6,46,1,1422,7,25997,82,27419,89,0,13,0,43,13,0,"Anderson",76978,106.523941905479,0.0573770491803279,115.617449141313,9.09350723583361,5.73770491803279
2020-10-03,1272,16,1226,16,46,0,1446,24,26261,264,27707,288,0,13,0,43,13,0,"Anderson",76978,109.122086830003,0.0639269406392694,374.13286913144,20.7851593961911,6.39269406392694
2020-10-04,1288,16,1240,14,48,2,1462,16,26598,337,28060,353,0,13,0,43,13,0,"Anderson",76978,105.224869443218,0.0581717451523546,458.572579178467,20.7851593961911,5.81717451523546
2020-10-05,1314,26,1265,25,49,1,1489,27,26809,211,28298,238,0,13,1,44,13,0,"Anderson",76978,135.103536075242,0.0663420572124163,309.179246018343,33.7758840188106,6.63420572124163
2020-10-06,1342,28,1292,27,50,1,1520,31,27146,337,28666,368,0,13,1,45,13,0,"Anderson",76978,157.187767933695,0.0761570005858231,478.058666112396,36.3740289433345,7.61570005858231
2020-10-07,1348,6,1298,6,50,0,1528,8,27381,235,28909,243,0,13,0,45,13,0,"Anderson",76978,149.393333160124,0.0683030949839915,315.674608329653,7.79443477357167,6.83030949839915
2020-10-08,1358,10,1306,8,52,2,1537,9,27620,239,29157,248,0,13,1,46,13,0,"Anderson",76978,141.598898386552,0.066776135741653,322.169970640962,12.9907246226195,6.6776135741653
2020-10-09,1373,15,1319,13,54,2,1553,16,27793,173,29346,189,0,13,0,46,13,0,"Anderson",76978,151.991478084648,0.0679813181110535,245.524695367508,19.4860869339292,6.79813181110535
2020-10-10,1389,16,1335,16,54,0,1573,20,28005,212,29578,232,0,13,1,47,14,1,"Anderson",76978,151.991478084648,0.0678781400320684,301.384811244771,20.7851593961911,6.78781400320684
2020-10-11,1417,28,1363,28,54,0,1604,31,28294,289,29898,320,0,13,0,47,14,0,"Anderson",76978,167.580347631791,0.0772578890097933,415.703187923822,36.3740289433345,7.72578890097933
2020-10-12,1433,16,1378,15,55,1,1620,16,28373,79,29993,95,0,13,0,47,14,0,"Anderson",76978,154.589623009171,0.0772861356932153,123.411883914885,20.7851593961911,7.72861356932153
2020-10-13,1453,20,1396,18,57,2,1638,18,28494,121,30132,139,0,13,0,47,14,0,"Anderson",76978,144.197043311076,0.0804911323328786,180.57107225441,25.9814492452389,8.04911323328786
2020-10-14,1475,22,1418,22,57,0,1662,24,28794,300,30456,324,0,13,0,47,14,0,"Anderson",76978,164.982202707267,0.0866192630898513,420.89947777287,28.5795941697628,8.66192630898513
2020-10-15,1497,22,1434,16,63,6,1676,14,28945,151,30621,165,0,13,1,48,14,0,"Anderson",76978,180.57107225441,0.0949453551912568,214.346956273221,28.5795941697628,9.49453551912568
2020-10-16,1504,7,1437,3,67,4,1680,4,29044,99,30724,103,0,13,0,48,15,1,"Anderson",76978,170.178492556315,0.0921625544267054,133.80446361298,9.09350723583361,9.21625544267054
2020-10-17,1532,28,1464,27,68,1,1710,30,29292,248,31002,278,0,13,2,50,15,0,"Anderson",76978,185.767362103458,0.0962078651685393,361.142144508821,36.3740289433345,9.62078651685393
2020-10-18,1551,19,1483,19,68,0,1732,22,29531,239,31263,261,0,13,0,50,15,0,"Anderson",76978,174.075709943101,0.0937728937728938,339.057912650368,24.682376782977,9.37728937728938
2020-10-19,1555,4,1487,4,68,0,1737,5,29608,77,31345,82,0,13,1,51,15,0,"Anderson",76978,158.486840395957,0.0865384615384615,106.523941905479,5.19628984904778,8.65384615384615
2020-10-20,1582,27,1514,27,68,0,1772,35,29807,199,31579,234,0,13,0,51,15,0,"Anderson",76978,167.580347631791,0.092605390463027,303.982956169295,35.0749564810725,9.2605390463027
2020-10-21,1599,17,1531,17,68,0,1791,19,30023,216,31814,235,0,13,1,52,15,0,"Anderson",76978,161.084985320481,0.0949926362297496,305.282028631557,22.0842318584531,9.49926362297496
2020-10-22,1620,21,1552,21,68,0,1816,25,30355,332,32171,357,1,14,0,52,15,0,"Anderson",76978,159.785912858219,0.0903225806451613,463.768869027514,27.2805217075008,9.03225806451613
2020-10-23,1635,15,1566,14,69,1,1832,16,30630,275,32462,291,0,14,0,52,15,0,"Anderson",76978,170.178492556315,0.0874568469505178,378.030086518226,19.4860869339292,8.74568469505178
2020-10-24,1666,31,1596,30,70,1,1865,33,31006,376,32871,409,0,14,2,54,17,2,"Anderson",76978,174.075709943101,0.082932049224184,531.320637065136,40.2712463301203,8.29320492241841
2020-10-25,1683,17,1612,16,71,1,1884,19,31202,196,33086,215,0,14,4,58,17,0,"Anderson",76978,171.477565018577,0.0833790455293472,279.300579386318,22.0842318584531,8.33790455293472
2020-10-26,1699,16,1627,15,72,1,1902,18,31336,134,33238,152,-1,13,1,59,17,0,"Anderson",76978,187.06643456572,0.0871632329635499,197.459014263816,20.7851593961911,8.71632329635499
2020-10-27,1728,29,1651,24,77,5,1926,24,31491,155,33417,179,1,14,2,61,17,0,"Anderson",76978,189.664579490244,0.0837867247007617,232.533970744888,37.6731014055964,8.37867247007617
2020-10-28,1784,56,1705,54,79,2,1985,59,31925,434,33910,493,0,14,0,61,17,0,"Anderson",76978,240.32840551846,0.092557251908397,640.442723895139,72.7480578866689,9.25572519083969
2020-10-29,1813,29,1726,21,87,8,2004,19,32131,206,34135,225,0,14,2,63,17,0,"Anderson",76978,250.720985216555,0.0957230142566191,292.291304008938,37.6731014055964,9.57230142566191
2020-10-30,1850,37,1760,34,90,3,2042,38,32282,151,34324,189,2,16,1,64,17,0,"Anderson",76978,279.300579386318,0.112781954887218,245.524695367508,48.065681103692,11.2781954887218
2020-10-31,1850,0,1760,0,90,0,2042,0,32283,1,34325,1,0,16,0,64,19,2,"Anderson",76978,239.029333056198,0.121733149931224,1.29907246226194,0,12.1733149931224
2020-11-01,1855,5,1765,5,90,0,2050,8,32527,244,34577,252,0,16,0,64,19,0,"Anderson",76978,223.440463509055,0.111334674714956,327.36626049001,6.49536231130973,11.1334674714956
2020-11-02,1888,33,1796,31,92,2,2085,35,32794,267,34879,302,0,16,0,64,20,1,"Anderson",76978,245.524695367508,0.111517367458867,392.319883603107,42.8693912546442,11.1517367458867
2020-11-03,1914,26,1821,25,93,1,2110,25,32974,180,35084,205,0,16,0,64,21,1,"Anderson",76978,241.627477980722,0.110377924415117,266.309854763699,33.7758840188106,11.0377924415117
2020-11-04,1932,18,1836,15,96,3,2128,18,33052,78,35180,96,2,18,1,65,21,0,"Anderson",76978,192.262724414768,0.11259842519685,124.710956377147,23.383304320715,11.259842519685
2020-11-05,1956,24,1854,18,102,6,2148,20,33151,99,35299,119,0,18,0,65,22,1,"Anderson",76978,185.767362103458,0.123711340206186,154.589623009171,31.1777390942867,12.3711340206186
2020-11-06,2005,49,1900,46,105,3,2197,49,33518,367,35715,416,0,18,2,67,23,1,"Anderson",76978,201.356231650601,0.111430625449317,540.414144300969,63.6545506508353,11.1430625449317
2020-11-07,2085,80,1977,77,108,3,2274,77,33965,447,36239,524,0,18,0,67,23,0,"Anderson",76978,305.282028631557,0.121212121212121,680.713970225259,103.925796980956,12.1212121212121
2020-11-08,2139,54,2028,51,111,3,2336,62,34575,610,36911,672,0,18,1,68,23,0,"Anderson",76978,368.936579282392,0.122536418166238,872.976694640027,70.149912962145,12.2536418166238
2020-11-09,2147,8,2035,7,112,1,2345,9,34649,74,36994,83,0,18,0,68,23,0,"Anderson",76978,336.459767725844,0.122931442080378,107.823014367741,10.3925796980956,12.2931442080378
2020-11-10,2166,19,2053,18,113,1,2367,22,34820,171,37187,193,0,18,1,69,23,0,"Anderson",76978,327.36626049001,0.122206371849738,250.720985216555,24.682376782977,12.2206371849738
2020-11-11,2205,39,2089,36,116,3,2409,42,35093,273,37502,315,1,19,1,70,23,0,"Anderson",76978,354.646782197511,0.121016365202412,409.207825612513,50.6638260282159,12.1016365202412
2020-11-12,2212,7,2095,6,117,1,2417,8,35291,198,37708,206,0,19,0,70,24,1,"Anderson",76978,332.562550339058,0.111664591116646,267.608927225961,9.09350723583361,11.1664591116646
2020-11-13,2268,56,2148,53,120,3,2476,59,35552,261,38028,320,2,21,2,72,24,0,"Anderson",76978,341.656057574892,0.120622568093385,415.703187923822,72.7480578866689,12.0622568093385
2020-11-14,2309,41,2188,40,121,1,2521,45,35948,396,38469,441,1,22,1,73,25,1,"Anderson",76978,290.992231546676,0.110762331838565,572.890955857518,53.2619709527397,11.0762331838565
2020-11-15,2407,98,2286,98,121,0,2629,108,36530,582,39159,690,1,23,1,74,25,0,"Anderson",76978,348.151419886201,0.130338078291815,896.359998960742,127.309101301671,13.0338078291815
2020-11-16,2456,49,2315,29,141,20,2658,29,36807,277,39465,306,0,23,1,75,25,0,"Anderson",76978,401.413390838941,0.126669364629705,397.516173452155,63.6545506508353,12.6669364629705
2020-11-17,2472,16,2330,15,142,1,2674,16,37012,205,39686,221,2,25,1,76,26,1,"Anderson",76978,397.516173452155,0.122849139655862,287.09501415989,20.7851593961911,12.2849139655862
2020-11-18,2502,30,2356,26,146,4,2700,26,37306,294,40006,320,0,25,0,76,27,1,"Anderson",76978,385.824521291798,0.116214057507987,415.703187923822,38.9721738678584,11.6214057507987
2020-11-19,2560,58,2410,54,150,4,2762,62,37722,416,40484,478,0,25,1,77,27,0,"Anderson",76978,452.077216867157,0.124279538904899,620.95663696121,75.3462028111928,12.4279538904899
2020-11-20,2590,30,2437,27,153,3,2793,31,37835,113,40628,144,0,25,0,77,28,1,"Anderson",76978,418.301332848346,0.121923076923077,187.06643456572,38.9721738678584,12.1923076923077
2020-11-21,2647,57,2486,49,161,8,2841,48,38179,344,41020,392,0,25,1,78,28,0,"Anderson",76978,439.086492244537,0.125441003528028,509.236405206682,74.0471303489309,12.5441003528028
2020-11-22,2703,56,2535,49,168,7,2898,57,38662,483,41560,540,0,25,1,79,31,3,"Anderson",76978,384.525448829536,0.112036651395252,701.49912962145,72.7480578866689,11.2036651395252
2020-11-23,2710,7,2541,6,169,1,2904,6,38684,22,41588,28,0,25,0,79,32,1,"Anderson",76978,329.964405414534,0.115873763542157,36.3740289433345,9.09350723583361,11.5873763542157
2020-11-24,2723,13,2553,12,170,1,2916,12,38841,157,41757,169,2,27,0,79,32,0,"Anderson",76978,326.067188027748,0.116851762433607,219.543246122269,16.8879420094053,11.6851762433607
2020-11-25,2751,28,2574,21,177,7,2937,21,38878,37,41815,58,1,28,0,79,32,0,"Anderson",76978,323.469043103224,0.131011608623549,75.3462028111928,36.3740289433345,13.1011608623549
2020-11-26,2796,45,2616,42,180,3,2982,45,39228,350,42210,395,0,28,1,80,33,1,"Anderson",76978,306.581101093819,0.127462340672074,513.133622593468,58.4582608017875,12.7462340672074
2020-11-27,2895,99,2706,90,189,9,3077,95,39654,426,42731,521,0,28,3,83,35,2,"Anderson",76978,396.217100989893,0.135045173561579,676.816752838473,128.608173763933,13.5045173561579
2020-11-28,2926,31,2731,25,195,6,3107,30,39797,143,42904,173,1,29,2,85,35,0,"Anderson",76978,362.441216971083,0.141188959660297,224.739535971316,40.2712463301203,14.1188959660297
2020-11-29,3017,91,2820,89,197,2,3203,96,40234,437,43437,533,0,29,1,86,35,0,"Anderson",76978,407.908753150251,0.162493340436867,692.405622385617,118.215594065837,16.2493340436867
2020-11-30,3087,70,2886,66,201,4,3276,73,40486,252,43762,325,0,29,0,86,37,2,"Anderson",76978,489.750318272753,0.171113155473781,422.198550235132,90.9350723583361,17.1113155473781
2020-12-01,3163,76,2952,66,211,10,3348,72,40916,430,44264,502,1,30,6,92,38,1,"Anderson",76978,571.591883395256,0.172317510969286,652.134376055496,98.7295071319078,17.2317510969286
2020-12-02,3178,15,2966,14,212,1,3364,16,41024,108,44388,124,0,30,0,92,38,0,"Anderson",76978,554.70394138585,0.165954139137194,161.084985320481,19.4860869339292,16.5954139137194
2020-12-03,3219,41,2995,29,224,12,3397,33,41249,225,44646,258,1,31,1,93,39,1,"Anderson",76978,549.507651536803,0.170361247947455,335.160695263582,53.2619709527397,17.0361247947455
2020-12-04,3286,67,3055,60,231,7,3460,63,41407,158,44867,221,1,32,0,93,39,0,"Anderson",76978,507.93733274442,0.179307116104869,287.09501415989,87.0378549715503,17.9307116104869
2020-12-05,3317,31,3074,19,243,12,3478,18,41474,67,44952,85,0,32,0,93,39,0,"Anderson",76978,507.93733274442,0.18115234375,110.421159292265,40.2712463301203,18.115234375
2020-12-06,3353,36,3103,29,250,7,3506,28,41682,208,45188,236,0,32,2,95,40,1,"Anderson",76978,436.488347320014,0.173043974871502,306.581101093819,46.76660864143,17.3043974871502
2020-12-07,3493,140,3227,124,266,16,3642,136,42275,593,45917,729,2,34,4,99,41,1,"Anderson",76978,527.42341967835,0.169837587006961,947.023824988958,181.870144716672,16.9837587006961
2020-12-08,3564,71,3276,49,288,22,3694,52,42573,298,46267,350,1,35,2,101,43,2,"Anderson",76978,520.92805736704,0.172740888667,454.675361791681,92.2341448205981,17.2740888666999
2020-12-09,3669,105,3367,91,302,14,3798,104,42834,261,46632,365,0,35,3,104,44,1,"Anderson",76978,637.844578970615,0.193404634581105,474.16144872561,136.402608537504,19.3404634581105
2020-12-10,3763,94,3445,78,318,16,3885,87,43365,531,47250,618,3,38,3,107,45,1,"Anderson",76978,706.695419470498,0.187403993855607,802.826781677882,122.112811452623,18.7403993855607
2020-12-11,3836,73,3498,53,338,20,3936,51,43531,166,47467,217,1,39,2,109,45,0,"Anderson",76978,714.48985424407,0.183076923076923,281.898724310842,94.832289745122,18.3076923076923
2020-12-12,3924,88,3559,61,365,27,4001,65,44044,513,48045,578,0,39,2,111,45,0,"Anderson",76978,788.536984593001,0.169091496928548,750.863883187404,114.318376679051,16.9091496928548
2020-12-13,4156,232,3742,183,414,49,4205,204,44916,872,49121,1076,1,40,0,111,47,2,"Anderson",76978,1043.15518719634,0.177726926010679,1397.80196939385,301.384811244771,17.7726926010679
2020-12-14,4271,115,3828,86,443,29,4304,99,45206,290,49510,389,0,40,1,112,48,1,"Anderson",76978,1010.67837563979,0.184247147230726,505.339187819897,149.393333160124,18.4247147230726
2020-12-15,4406,135,3913,85,493,50,4400,96,45733,527,50133,623,1,41,6,118,51,3,"Anderson",76978,1093.81901322456,0.182617692705639,809.322143989192,175.374782405363,18.2617692705639
2020-12-16,4475,69,3943,30,532,39,4436,36,46056,323,50492,359,2,43,4,122,52,1,"Anderson",76978,1047.05240458313,0.165284974093264,466.367013952038,89.6359998960742,16.5284974093264
2020-12-17,4676,201,4117,174,559,27,4630,194,46584,528,51214,722,2,45,2,124,54,2,"Anderson",76978,1186.05315804516,0.187941473259334,937.930317753124,261.113564914651,18.7941473259334
2020-12-18,4774,98,4193,76,581,22,4717,87,46950,366,51667,453,1,46,2,126,54,0,"Anderson",76978,1218.5299696017,0.185952380952381,588.479825404661,127.309101301671,18.5952380952381
2020-12-19,4879,105,4274,81,605,24,4804,87,47208,258,52012,345,0,46,1,127,55,1,"Anderson",76978,1240.61420146016,0.202419964708848,448.179999480371,136.402608537504,20.2419964708848
2020-12-20,5019,140,4396,122,623,18,4941,137,47672,464,52613,601,2,48,3,130,56,1,"Anderson",76978,1121.09953493206,0.210767468499427,780.742549819429,181.870144716672,21.0767468499427
2020-12-21,5066,47,4414,18,652,29,4964,23,47892,220,52856,243,3,51,2,132,59,3,"Anderson",76978,1032.76260749825,0.197250448296473,315.674608329653,61.0564057263114,19.7250448296473
2020-12-22,5136,70,4458,44,678,26,5011,47,47998,106,53009,153,1,52,2,134,64,5,"Anderson",76978,948.32289745122,0.212447844228095,198.758086726078,90.9350723583361,21.2447844228095
2020-12-23,5210,74,4500,42,710,32,5054,43,48314,316,53368,359,2,54,2,136,66,2,"Anderson",76978,954.81825976253,0.214881780250348,466.367013952038,96.1313622073839,21.4881780250348
2020-12-24,5268,58,4524,24,744,34,5081,27,48466,152,53547,179,1,55,1,137,71,5,"Anderson",76978,769.050897659071,0.193313330475782,232.533970744888,75.3462028111928,19.3313330475782
2020-12-25,5361,93,4601,77,760,16,5173,92,48875,409,54048,501,0,55,1,138,72,1,"Anderson",76978,762.555535347762,0.191516169676606,650.835303593234,120.813738990361,19.1516169676606
2020-12-26,5417,56,4630,29,787,27,5201,28,48994,119,54195,147,0,55,3,141,74,2,"Anderson",76978,698.900984696926,0.181859825927623,190.963651952506,72.7480578866689,18.1859825927623
2020-12-27,5477,60,4667,37,810,23,5237,36,49130,136,54367,172,1,56,6,147,75,1,"Anderson",76978,594.975187715971,0.168757126567845,223.440463509055,77.9443477357167,16.8757126567845
2020-12-28,5524,47,4688,21,836,26,5257,20,49199,69,54456,89,2,58,4,151,82,7,"Anderson",76978,594.975187715971,0.183125,115.617449141313,61.0564057263114,18.3125
2020-12-29,5620,96,4740,52,880,44,5305,48,49294,95,54599,143,2,60,5,156,85,3,"Anderson",76978,628.751071734781,0.184905660377358,185.767362103458,124.710956377147,18.4905660377358
2020-12-30,5655,35,4758,18,897,17,5322,17,49422,128,54744,145,6,66,1,157,88,3,"Anderson",76978,578.087245706566,0.194767441860465,188.365507027982,45.4675361791681,19.4767441860465
2020-12-31,5818,163,4858,100,960,63,5424,102,49726,304,55150,406,6,72,1,158,93,5,"Anderson",76978,714.48985424407,0.213973799126638,527.42341967835,211.748811348697,21.3973799126638
2021-01-01,5883,65,4900,42,983,23,5479,55,50002,276,55481,331,0,72,2,160,94,1,"Anderson",76978,678.115825300735,0.213538032100488,429.992985008704,84.4397100470264,21.3538032100488
2021-01-02,5976,93,4941,41,1035,52,5520,41,50287,285,55807,326,0,72,2,162,96,2,"Anderson",76978,726.181506404427,0.197890818858561,423.497622697394,120.813738990361,19.7890818858561
2021-01-03,6001,25,4953,12,1048,13,5536,16,50339,52,55875,68,0,72,1,163,99,3,"Anderson",76978,680.713970225259,0.198275862068966,88.3369274338123,32.4768115565486,19.8275862068966
2021-01-04,6038,37,4977,24,1061,13,5567,31,50446,107,56013,138,1,73,0,163,104,5,"Anderson",76978,667.72324560264,0.199100834938985,179.271999792148,48.065681103692,19.9100834938985
2021-01-05,6110,72,5008,31,1102,41,5598,31,50564,118,56162,149,2,75,2,165,107,3,"Anderson",76978,636.545506508353,0.187460012795905,193.56179687703,93.53321728286,18.7460012795905
2021-01-06,6185,75,5049,41,1136,34,5642,44,50725,161,56367,205,5,80,2,167,109,2,"Anderson",76978,688.508404998831,0.197165742452249,266.309854763699,97.4304346696459,19.7165742452249
2021-01-07,6290,105,5129,80,1161,25,5734,92,50946,221,56680,313,1,81,1,168,112,3,"Anderson",76978,613.162202187638,0.202614379084967,406.609680687989,136.402608537504,20.2614379084967
2021-01-08,6373,83,5180,51,1193,32,5786,52,51145,199,56931,251,5,86,2,170,115,3,"Anderson",76978,636.545506508353,0.211724137931034,326.067188027748,107.823014367741,21.1724137931034
2021-01-09,6483,110,5249,69,1234,41,5862,76,51576,431,57438,507,2,88,0,170,117,2,"Anderson",76978,658.629738366806,0.209687308399755,658.629738366806,142.897970848814,20.9687308399755
2021-01-10,6543,60,5274,25,1269,35,5887,25,51670,94,57557,119,2,90,3,173,118,1,"Anderson",76978,704.097274545974,0.208680142687277,154.589623009171,77.9443477357167,20.8680142687277
2021-01-11,6576,33,5284,10,1292,23,5900,13,51741,71,57641,84,1,91,1,174,120,2,"Anderson",76978,698.900984696926,0.204545454545455,109.122086830003,42.8693912546442,20.4545454545455
2021-01-12,6629,53,5318,34,1311,19,5938,38,51913,172,57851,210,2,93,1,175,120,0,"Anderson",76978,674.218607913949,0.201302545885139,272.805217075008,68.8508404998831,20.1302545885139
2021-01-13,6655,26,5335,17,1320,9,5957,19,52003,90,57960,109,3,96,0,175,121,1,"Anderson",76978,610.564057263114,0.19774011299435,141.598898386552,33.7758840188106,19.774011299435
2021-01-14,6752,97,5397,62,1355,35,6031,74,52410,407,58441,481,5,101,2,177,123,2,"Anderson",76978,600.171477565019,0.168654173764906,624.853854347995,126.010028839409,16.8654173764906
2021-01-15,6786,34,5417,20,1369,14,6055,24,52565,155,58620,179,0,101,1,178,126,3,"Anderson",76978,536.516926914183,0.159265837773831,232.533970744888,44.1684637169061,15.9265837773831
2021-01-16,6851,65,5448,31,1403,34,6089,34,52808,243,58897,277,1,102,1,179,129,3,"Anderson",76978,478.058666112396,0.155586017820425,359.843072046559,84.4397100470264,15.5586017820425
2021-01-17,6888,37,5468,20,1420,17,6112,23,52912,104,59024,127,0,102,0,179,131,2,"Anderson",76978,448.179999480371,0.153374233128834,164.982202707267,48.065681103692,15.3374233128834
2021-01-18,6907,19,5476,8,1431,11,6122,10,53008,96,59130,106,1,103,0,179,132,1,"Anderson",76978,429.992985008704,0.149093351242445,137.701680999766,24.682376782977,14.9093351242445
2021-01-19,6949,42,5493,17,1456,25,6142,20,53120,112,59262,132,1,104,0,179,134,2,"Anderson",76978,415.703187923822,0.144578313253012,171.477565018577,54.5610434150017,14.4578313253012
2021-01-20,6977,28,5509,16,1468,12,6161,19,53272,152,59433,171,3,107,0,179,137,3,"Anderson",76978,418.301332848346,0.138492871690428,222.141391046793,36.3740289433345,13.8492871690428
2021-01-21,7033,56,5549,40,1484,16,6200,39,53513,241,59713,280,5,112,2,181,138,1,"Anderson",76978,365.039361895607,0.132861635220126,363.740289433345,72.7480578866689,13.2861635220126
2021-01-22,7071,38,5567,18,1504,20,6222,22,53658,145,59880,167,2,114,0,181,141,3,"Anderson",76978,370.235651744654,0.132539682539683,216.945101197745,49.3647535659539,13.2539682539683
2021-01-23,7109,38,5581,14,1528,24,6235,13,53918,260,60153,273,0,114,1,182,141,0,"Anderson",76978,335.160695263582,0.116242038216561,354.646782197511,49.3647535659539,11.6242038216561
2021-01-24,7122,13,5593,12,1529,1,6249,14,53985,67,60234,81,0,114,0,182,143,2,"Anderson",76978,303.982956169295,0.113223140495868,105.224869443218,16.8879420094053,11.3223140495868
2021-01-25,7139,17,5604,11,1535,6,6260,11,54045,60,60305,71,2,116,1,183,145,2,"Anderson",76978,301.384811244771,0.117446808510638,92.2341448205981,22.0842318584531,11.7446808510638
2021-01-26,7166,27,5625,21,1541,6,6285,25,54208,163,60493,188,0,116,1,184,148,3,"Anderson",76978,281.898724310842,0.116165718927701,244.225622905246,35.0749564810725,11.6165718927701
2021-01-27,7183,17,5633,8,1550,9,6294,9,54294,86,60588,95,4,120,0,184,150,2,"Anderson",76978,267.608927225961,0.115151515151515,123.411883914885,22.0842318584531,11.5151515151515
2021-01-28,7270,87,5673,40,1597,47,6341,47,54520,226,60861,273,4,124,0,184,151,1,"Anderson",76978,307.880173556081,0.122822299651568,354.646782197511,113.019304216789,12.2822299651568
2021-01-29,7283,13,5677,4,1606,9,6346,5,54565,45,60911,50,1,125,1,185,151,0,"Anderson",76978,275.403361999532,0.120271580989331,64.9536231130973,16.8879420094053,12.0271580989331
2021-01-30,7323,40,5712,35,1611,5,6382,36,54824,259,61206,295,2,127,2,187,152,1,"Anderson",76978,278.001506924056,0.13960113960114,383.226376367274,51.9628984904778,13.960113960114
2021-01-31,7339,16,5719,7,1620,9,6393,11,54993,169,61386,180,1,128,0,187,154,2,"Anderson",76978,281.898724310842,0.125,233.83304320715,20.7851593961911,12.5
2021-02-01,7359,20,5732,13,1627,7,6406,13,55046,53,61452,66,1,129,1,188,156,2,"Anderson",76978,285.795941697628,0.127288578901482,85.7387825092884,25.9814492452389,12.7288578901482
2021-02-02,7366,7,5738,6,1628,1,6411,5,55114,68,61525,73,5,134,0,188,157,1,"Anderson",76978,259.814492452389,0.122093023255814,94.832289745122,9.09350723583361,12.2093023255814
2021-02-03,7388,22,5744,6,1644,16,6421,10,55306,192,61727,202,4,138,0,188,158,1,"Anderson",76978,266.309854763699,0.111501316944688,262.412637376913,28.5795941697628,11.1501316944688
2021-02-04,7419,31,5759,15,1660,16,6438,17,55630,324,62068,341,2,140,0,188,158,0,"Anderson",76978,193.56179687703,0.0803645401822701,442.983709631323,40.2712463301203,8.03645401822701
2021-02-05,7437,18,5770,11,1667,7,6455,17,55787,157,62242,174,2,142,0,188,159,1,"Anderson",76978,200.05715918834,0.081893313298272,226.038608433578,23.383304320715,8.1893313298272
2021-02-06,7464,27,5786,16,1678,11,6475,20,56009,222,62484,242,1,143,1,189,159,0,"Anderson",76978,183.169217178934,0.0727699530516432,314.375535867391,35.0749564810725,7.27699530516432
2021-02-07,7477,13,5793,7,1684,6,6483,8,56116,107,62599,115,0,143,0,189,159,0,"Anderson",76978,179.271999792148,0.0741962077493817,149.393333160124,16.8879420094053,7.41962077493817
2021-02-08,7502,25,5799,6,1703,19,6488,5,56138,22,62626,27,2,145,0,189,159,0,"Anderson",76978,185.767362103458,0.0698466780238501,35.0749564810725,32.4768115565486,6.98466780238501
2021-02-09,7526,24,5809,10,1717,14,6499,11,56307,169,62806,180,2,147,2,191,159,0,"Anderson",76978,207.851593961911,0.068696330991413,233.83304320715,31.1777390942867,6.8696330991413
2021-02-10,7551,25,5824,15,1727,10,6518,19,56502,195,63020,214,1,148,1,192,159,0,"Anderson",76978,211.748811348697,0.0750193348801237,278.001506924056,32.4768115565486,7.50193348801237
2021-02-11,7564,13,5832,8,1732,5,6529,11,56682,180,63211,191,-1,147,0,192,160,1,"Anderson",76978,188.365507027982,0.0796150481189851,248.122840292031,16.8879420094053,7.96150481189851
2021-02-12,7591,27,5847,15,1744,12,6544,15,56876,194,63420,209,0,147,0,192,160,0,"Anderson",76978,200.05715918834,0.0755517826825127,271.506144612746,35.0749564810725,7.55517826825127
2021-02-13,7618,27,5858,11,1760,16,6554,10,57065,189,63619,199,0,147,0,192,160,0,"Anderson",76978,200.05715918834,0.0696035242290749,258.515419990127,35.0749564810725,6.96035242290749
2021-02-14,7631,13,5867,9,1764,4,6565,11,57126,61,63691,72,2,149,0,192,160,0,"Anderson",76978,200.05715918834,0.0750915750915751,93.53321728286,16.8879420094053,7.50915750915751
2021-02-15,7648,17,5875,8,1773,9,6574,9,57199,73,63773,82,0,149,1,193,161,1,"Anderson",76978,189.664579490244,0.0749782040104621,106.523941905479,22.0842318584531,7.49782040104621
2021-02-16,7677,29,5889,14,1788,15,6591,17,57283,84,63874,101,0,149,0,193,161,0,"Anderson",76978,196.159941801554,0.0861423220973783,131.206318688456,37.6731014055964,8.61423220973783
2021-02-17,7696,19,5901,12,1795,7,6603,12,57391,108,63994,120,0,149,0,193,163,2,"Anderson",76978,188.365507027982,0.0872689938398357,155.888695471433,24.682376782977,8.72689938398357
2021-02-18,7720,24,5923,22,1797,2,6629,26,57547,156,64176,182,0,149,0,193,163,0,"Anderson",76978,202.655304112863,0.103626943005181,236.431188131674,31.1777390942867,10.3626943005181
2021-02-19,7733,13,5934,11,1799,2,6644,15,57593,46,64237,61,0,149,0,193,164,1,"Anderson",76978,184.468289641196,0.122399020807834,79.2434201979787,16.8879420094053,12.2399020807834
2021-02-20,7752,19,5941,7,1811,12,6653,9,57715,122,64368,131,1,150,0,193,165,1,"Anderson",76978,174.075709943101,0.132176234979973,170.178492556315,24.682376782977,13.2176234979973
2021-02-21,7764,12,5948,7,1816,5,6660,7,57779,64,64439,71,2,152,1,194,165,0,"Anderson",76978,172.776637480839,0.127005347593583,92.2341448205981,15.5888695471433,12.7005347593583
2021-02-22,7769,5,5950,2,1819,3,6666,6,57816,37,64482,43,1,153,0,194,166,1,"Anderson",76978,157.187767933695,0.129760225669958,55.8601158772636,6.49536231130973,12.9760225669958
2021-02-23,7793,24,5959,9,1834,15,6674,8,57959,143,64633,151,2,155,0,194,168,2,"Anderson",76978,150.692405622386,0.10935441370224,196.159941801554,31.1777390942867,10.935441370224
2021-02-24,7825,32,5978,19,1847,13,6697,23,58133,174,64830,197,0,155,0,194,168,0,"Anderson",76978,167.580347631791,0.11244019138756,255.917275065603,41.5703187923822,11.244019138756
2021-02-25,7842,17,5986,8,1856,9,6708,11,58260,127,64968,138,1,156,0,194,168,0,"Anderson",76978,158.486840395957,0.0997474747474748,179.271999792148,22.0842318584531,9.97474747474748
2021-02-26,7854,12,5994,8,1860,4,6717,9,58359,99,65076,108,0,156,0,194,168,0,"Anderson",76978,157.187767933695,0.0870083432657926,140.29982592429,15.5888695471433,8.70083432657926
2021-02-27,7863,9,6001,7,1862,2,6723,6,58451,92,65174,98,0,156,0,194,168,0,"Anderson",76978,144.197043311076,0.086848635235732,127.309101301671,11.6916521603575,8.6848635235732
2021-02-28,7877,14,6011,10,1866,4,6734,11,58521,70,65255,81,0,156,0,194,168,0,"Anderson",76978,146.7951882356,0.0906862745098039,105.224869443218,18.1870144716672,9.06862745098039
2021-03-01,7885,8,6016,5,1869,3,6741,7,58556,35,65297,42,0,156,0,194,169,1,"Anderson",76978,150.692405622386,0.0920245398773006,54.5610434150017,10.3925796980956,9.20245398773006
2021-03-02,7908,23,6027,11,1881,12,6751,10,58672,116,65423,126,1,157,1,195,169,0,"Anderson",76978,149.393333160124,0.0974683544303798,163.683130245005,29.8786666320247,9.74683544303798
2021-03-03,7941,33,6048,21,1893,12,6776,25,58788,116,65564,141,1,158,0,195,170,1,"Anderson",76978,150.692405622386,0.107629427792916,183.169217178934,42.8693912546442,10.7629427792916
2021-03-04,7966,25,6061,13,1905,12,6793,17,58951,163,65744,180,0,158,0,195,170,0,"Anderson",76978,161.084985320481,0.109536082474227,233.83304320715,32.4768115565486,10.9536082474227
2021-03-05,7999,33,6078,17,1921,16,6815,22,59085,134,65900,156,0,158,2,197,170,0,"Anderson",76978,188.365507027982,0.118932038834951,202.655304112863,42.8693912546442,11.8932038834951
2021-03-06,8010,11,6083,5,1927,6,6823,8,59174,89,65997,97,0,158,0,197,170,0,"Anderson",76978,190.963651952506,0.121506682867558,126.010028839409,14.2897970848814,12.1506682867558
2021-03-07,8016,6,6086,3,1930,3,6826,3,59213,39,66039,42,0,158,0,197,170,0,"Anderson",76978,180.57107225441,0.11734693877551,54.5610434150017,7.79443477357167,11.734693877551
2021-03-08,8032,16,6093,7,1939,9,6835,9,59290,77,66125,86,1,159,0,197,170,0,"Anderson",76978,190.963651952506,0.113526570048309,111.720231754527,20.7851593961911,11.3526570048309
2021-03-09,8053,21,6101,8,1952,13,6843,8,59355,65,66198,73,0,159,3,200,171,1,"Anderson",76978,188.365507027982,0.118709677419355,94.832289745122,27.2805217075008,11.8709677419355
2021-03-10,8075,22,6114,13,1961,9,6859,16,59512,157,66371,173,0,159,1,201,171,0,"Anderson",76978,174.075709943101,0.102850061957869,224.739535971316,28.5795941697628,10.2850061957869
2021-03-11,8098,23,6124,10,1974,13,6869,10,59609,97,66478,107,0,159,1,202,172,1,"Anderson",76978,171.477565018577,0.103542234332425,139.000753462028,29.8786666320247,10.3542234332425
2021-03-12,8118,20,6141,17,1977,3,6889,20,59715,106,66604,126,0,159,0,202,172,0,"Anderson",76978,154.589623009171,0.105113636363636,163.683130245005,25.9814492452389,10.5113636363636
2021-03-13,8129,11,6145,4,1984,7,6893,4,59791,76,66684,80,0,159,1,203,172,0,"Anderson",76978,154.589623009171,0.101892285298399,103.925796980956,14.2897970848814,10.1892285298399
2021-03-14,8135,6,6149,4,1986,2,6899,6,59827,36,66726,42,0,159,1,204,172,0,"Anderson",76978,154.589623009171,0.106259097525473,54.5610434150017,7.79443477357167,10.6259097525473
2021-03-15,8154,19,6155,6,1999,13,6905,6,59859,32,66764,38,0,159,1,205,172,0,"Anderson",76978,158.486840395957,0.109546165884194,49.3647535659539,24.682376782977,10.9546165884194
2021-03-16,8187,33,6168,13,2019,20,6920,15,59952,93,66872,108,0,159,2,207,172,0,"Anderson",76978,174.075709943101,0.114243323442137,140.29982592429,42.8693912546442,11.4243323442136
2021-03-17,8205,18,6180,12,2025,6,6933,13,60039,87,66972,100,0,159,0,207,173,1,"Anderson",76978,168.879420094053,0.123128119800333,129.907246226195,23.383304320715,12.3128119800333
2021-03-18,8221,16,6192,12,2029,4,6948,15,60120,81,67068,96,1,160,0,207,173,0,"Anderson",76978,159.785912858219,0.133898305084746,124.710956377147,20.7851593961911,13.3898305084746
2021-03-19,8245,24,6206,14,2039,10,6961,13,60239,119,67200,132,0,160,1,208,173,0,"Anderson",76978,164.982202707267,0.120805369127517,171.477565018577,31.1777390942867,12.0805369127517
2021-03-20,8257,12,6212,6,2045,6,6969,8,60278,39,67247,47,0,160,1,209,173,0,"Anderson",76978,166.281275169529,0.134991119005329,61.0564057263114,15.5888695471433,13.4991119005329
2021-03-21,8267,10,6218,6,2049,4,6976,7,60340,62,67316,69,-1,159,0,209,173,0,"Anderson",76978,171.477565018577,0.130508474576271,89.6359998960742,12.9907246226195,13.0508474576271
2021-03-22,8275,8,6219,1,2056,7,6977,1,60406,66,67383,67,0,159,1,210,173,0,"Anderson",76978,157.187767933695,0.116316639741519,87.0378549715503,10.3925796980956,11.6316639741519
2021-03-23,8281,6,6220,1,2061,5,6978,1,60449,43,67427,44,0,159,0,210,174,1,"Anderson",76978,122.112811452623,0.104504504504505,57.1591883395256,7.79443477357167,10.4504504504505
2021-03-24,8289,8,6227,7,2062,1,6985,7,60569,120,67554,127,1,160,0,210,174,0,"Anderson",76978,109.122086830003,0.0893470790378007,164.982202707267,10.3925796980956,8.93470790378007
2021-03-25,8299,10,6232,5,2067,5,6991,6,60670,101,67661,107,0,160,0,210,174,0,"Anderson",76978,101.327652056432,0.0725126475548061,139.000753462028,12.9907246226195,7.25126475548061
2021-03-26,8316,17,6244,12,2072,5,7002,11,60736,66,67738,77,0,160,0,210,175,1,"Anderson",76978,92.2341448205981,0.0762081784386617,100.02857959417,22.0842318584531,7.62081784386617
2021-03-27,8320,4,6248,4,2072,0,7008,6,60800,64,67808,70,1,161,2,212,175,0,"Anderson",76978,81.8415651225025,0.0695187165775401,90.9350723583361,5.19628984904778,6.95187165775401
2021-03-28,8323,3,6248,0,2075,3,7008,0,60829,29,67837,29,1,162,0,212,176,1,"Anderson",76978,72.7480578866689,0.0614203454894434,37.6731014055964,3.89721738678583,6.14203454894434
2021-03-29,8339,16,6252,4,2087,12,7012,4,60915,86,67927,90,1,163,0,212,177,1,"Anderson",76978,83.1406375847645,0.0643382352941176,116.916521603575,20.7851593961911,6.43382352941176
2021-03-30,8344,5,6255,3,2089,2,7015,3,60973,58,67988,61,1,164,0,212,177,0,"Anderson",76978,81.8415651225025,0.0659536541889483,79.2434201979787,6.49536231130973,6.59536541889483
2021-03-31,8367,23,6269,14,2098,9,7031,16,61137,164,68168,180,1,165,1,213,177,0,"Anderson",76978,101.327652056432,0.0749185667752443,233.83304320715,29.8786666320247,7.49185667752443
2021-04-01,8377,10,6274,5,2103,5,7035,4,61194,57,68229,61,0,165,0,213,177,0,"Anderson",76978,101.327652056432,0.0774647887323944,79.2434201979787,12.9907246226195,7.74647887323944
2021-04-02,8385,8,6280,6,2105,2,7043,8,61264,70,68307,78,0,165,0,213,177,0,"Anderson",76978,89.6359998960742,0.0720562390158172,101.327652056432,10.3925796980956,7.20562390158172
2021-04-03,8391,6,6285,5,2106,1,7049,6,61314,50,68363,56,0,165,0,213,177,0,"Anderson",76978,92.2341448205981,0.0738738738738739,72.7480578866689,7.79443477357167,7.38738738738739
2021-04-04,8393,2,6287,2,2106,0,7051,2,61352,38,68403,40,0,165,0,213,177,0,"Anderson",76978,90.9350723583361,0.0759717314487632,51.9628984904778,2.59814492452389,7.59717314487632
2021-04-05,8407,14,6290,3,2117,11,7053,2,61410,58,68463,60,0,165,2,215,177,0,"Anderson",76978,88.3369274338123,0.0764925373134328,77.9443477357167,18.1870144716672,7.64925373134328
2021-04-06,8412,5,6294,4,2118,1,7059,6,61452,42,68511,48,0,165,0,215,177,0,"Anderson",76978,88.3369274338123,0.0841300191204589,62.3554781885734,6.49536231130973,8.41300191204589
2021-04-07,8432,20,6307,13,2125,7,7073,14,61610,158,68683,172,0,165,2,217,177,0,"Anderson",76978,84.4397100470264,0.0815533980582524,223.440463509055,25.9814492452389,8.15533980582524
2021-04-08,8435,3,6309,2,2126,1,7076,3,61701,91,68777,94,5,170,1,218,177,0,"Anderson",76978,75.3462028111928,0.0748175182481752,122.112811452623,3.89721738678583,7.48175182481752
2021-04-09,8443,8,6315,6,2128,2,7085,9,61788,87,68873,96,-4,166,0,218,177,0,"Anderson",76978,75.3462028111928,0.0742049469964664,124.710956377147,10.3925796980956,7.42049469964664
2021-04-10,8448,5,6320,5,2128,0,7090,5,61859,71,68949,76,0,166,0,218,177,0,"Anderson",76978,74.0471303489309,0.0699658703071672,98.7295071319078,6.49536231130973,6.99658703071672
2021-04-11,8455,7,6325,5,2130,2,7095,5,61903,44,68998,49,-1,165,0,218,177,0,"Anderson",76978,80.5424926602406,0.0739495798319328,63.6545506508353,9.09350723583361,7.39495798319328
2021-04-12,8458,3,6328,3,2130,0,7098,3,61972,69,69070,72,0,165,0,218,177,0,"Anderson",76978,66.2526955753592,0.0741350906095552,93.53321728286,3.89721738678583,7.41350906095552
2021-04-13,8468,10,6333,5,2135,5,7104,6,62033,61,69137,67,5,170,0,218,177,0,"Anderson",76978,72.7480578866689,0.0718849840255591,87.0378549715503,12.9907246226195,7.18849840255591
2021-04-14,8482,14,6342,9,2140,5,7115,11,62171,138,69286,149,0,170,0,218,177,0,"Anderson",76978,64.9536231130973,0.0696517412935323,193.56179687703,18.1870144716672,6.96517412935323
2021-04-15,8491,9,6347,5,2144,4,7120,5,62252,81,69372,86,0,170,0,218,177,0,"Anderson",76978,72.7480578866689,0.0739495798319328,111.720231754527,11.6916521603575,7.39495798319328
2021-04-16,8504,13,6358,11,2146,2,7133,13,62405,153,69538,166,0,170,0,218,177,0,"Anderson",76978,79.2434201979786,0.0721804511278196,215.646028735483,16.8879420094053,7.21804511278196
2021-04-17,8509,5,6361,3,2148,2,7137,4,62470,65,69607,69,0,170,0,218,177,0,"Anderson",76978,79.2434201979786,0.0714285714285714,89.6359998960742,6.49536231130973,7.14285714285714
2021-04-18,8516,7,6367,6,2149,1,7143,6,62515,45,69658,51,0,170,0,218,177,0,"Anderson",76978,79.2434201979786,0.0727272727272727,66.2526955753592,9.09350723583361,7.27272727272727
2021-04-19,8522,6,6370,3,2152,3,7146,3,62538,23,69684,26,0,170,0,218,178,1,"Anderson",76978,83.1406375847645,0.0781758957654723,33.7758840188106,7.79443477357167,7.81758957654723
2021-04-20,8528,6,6373,3,2155,3,7149,3,62637,99,69786,102,0,170,0,218,178,0,"Anderson",76978,77.9443477357167,0.0693374422187981,132.505391150718,7.79443477357167,6.93374422187981
2021-04-21,8540,12,6379,6,2161,6,7155,6,62791,154,69946,160,1,171,0,218,178,0,"Anderson",76978,75.3462028111928,0.0606060606060606,207.851593961911,15.5888695471433,6.06060606060606
2021-04-22,8558,18,6385,6,2173,12,7162,7,62935,144,70097,151,0,171,0,218,178,0,"Anderson",76978,87.0378549715503,0.0579310344827586,196.159941801554,23.383304320715,5.79310344827586
2021-04-23,8568,10,6390,5,2178,5,7168,6,63100,165,70268,171,0,171,0,218,178,0,"Anderson",76978,83.1406375847645,0.047945205479452,222.141391046793,12.9907246226195,4.7945205479452
2021-04-24,8580,12,6396,6,2184,6,7175,7,63167,67,70342,74,0,171,1,219,178,0,"Anderson",76978,92.2341448205981,0.0517006802721088,96.1313622073839,15.5888695471433,5.17006802721088
2021-04-25,8584,4,6398,2,2186,2,7177,2,63207,40,70384,42,0,171,0,219,178,0,"Anderson",76978,88.3369274338123,0.046831955922865,54.5610434150017,5.19628984904778,4.6831955922865
2021-04-26,8593,9,6402,4,2191,5,7181,4,63282,75,70463,79,0,171,0,219,179,1,"Anderson",76978,92.2341448205981,0.0449293966623877,102.626724518694,11.6916521603575,4.49293966623877
2021-04-27,8603,10,6408,6,2195,4,7187,6,63350,68,70537,74,0,171,0,219,179,0,"Anderson",76978,97.4304346696459,0.0505992010652463,96.1313622073839,12.9907246226195,5.05992010652463
2021-04-28,8620,17,6420,12,2200,5,7200,13,63488,138,70688,151,0,171,1,220,180,1,"Anderson",76978,103.925796980956,0.0606469002695418,196.159941801554,22.0842318584531,6.06469002695418
2021-04-29,8626,6,6422,2,2204,4,7203,3,63637,149,70840,152,0,171,0,220,180,0,"Anderson",76978,88.3369274338123,0.0551816958277254,197.459014263816,7.79443477357167,5.51816958277254
2021-04-30,8634,8,6425,3,2209,5,7207,4,63759,122,70966,126,0,171,0,220,180,0,"Anderson",76978,85.7387825092884,0.0558739255014327,163.683130245005,10.3925796980956,5.58739255014327
2021-05-01,8639,5,6428,3,2211,2,7210,3,63822,63,71032,66,0,171,1,221,180,0,"Anderson",76978,76.6452752734548,0.0507246376811594,85.7387825092884,6.49536231130973,5.07246376811594
2021-05-02,8642,3,6429,1,2213,2,7211,1,63873,51,71084,52,0,171,0,221,180,0,"Anderson",76978,75.3462028111928,0.0485714285714286,67.5517680376211,3.89721738678583,4.85714285714286
2021-05-03,8652,10,6434,5,2218,5,7216,5,63979,106,71195,111,0,171,0,221,180,0,"Anderson",76978,76.6452752734548,0.0478142076502732,144.197043311076,12.9907246226195,4.78142076502732
2021-05-04,8654,2,6434,0,2220,2,7217,1,64055,76,71272,77,0,171,0,221,180,0,"Anderson",76978,66.2526955753592,0.0408163265306122,100.02857959417,2.59814492452389,4.08163265306122
2021-05-05,8662,8,6438,4,2224,4,7220,3,64172,117,71392,120,0,171,0,221,180,0,"Anderson",76978,54.5610434150017,0.0284090909090909,155.888695471433,10.3925796980956,2.84090909090909
2021-05-06,8667,5,6441,3,2226,2,7226,6,64224,52,71450,58,0,171,1,222,180,0,"Anderson",76978,53.2619709527397,0.0377049180327869,75.3462028111928,6.49536231130973,3.77049180327869
2021-05-07,8672,5,6443,2,2229,3,7229,3,64344,120,71573,123,0,171,0,222,180,0,"Anderson",76978,49.3647535659539,0.0362438220757825,159.785912858219,6.49536231130973,3.62438220757825
2021-05-08,8678,6,6446,3,2232,3,7231,2,64413,69,71644,71,0,171,1,223,181,1,"Anderson",76978,50.6638260282159,0.0343137254901961,92.2341448205981,7.79443477357167,3.43137254901961
2021-05-09,8679,1,6446,0,2233,1,7232,1,64441,28,71673,29,0,171,0,223,181,0,"Anderson",76978,48.065681103692,0.0356536502546689,37.6731014055964,1.29907246226194,3.56536502546689
2021-05-10,8684,5,6446,0,2238,5,7232,0,64529,88,71761,88,0,171,0,223,181,0,"Anderson",76978,41.5703187923822,0.0282685512367491,114.318376679051,6.49536231130973,2.82685512367491
2021-05-11,8692,8,6447,1,2245,7,7234,2,64571,42,71805,44,0,171,0,223,182,1,"Anderson",76978,49.3647535659539,0.0318949343339587,57.1591883395256,10.3925796980956,3.18949343339587
2021-05-12,8705,13,6454,7,2251,6,7240,6,64674,103,71914,109,0,171,2,225,182,0,"Anderson",76978,55.8601158772636,0.0383141762452107,141.598898386552,16.8879420094053,3.83141762452107
2021-05-13,8709,4,6456,2,2253,2,7242,2,64777,103,72019,105,0,171,2,227,182,0,"Anderson",76978,54.5610434150017,0.0281195079086116,136.402608537504,5.19628984904778,2.81195079086116
2021-05-14,8717,8,6459,3,2258,5,7247,5,64864,87,72111,92,0,171,0,227,182,0,"Anderson",76978,58.4582608017875,0.033457249070632,119.514666528099,10.3925796980956,3.3457249070632
2021-05-15,8722,5,6461,2,2261,3,7249,2,64929,65,72178,67,0,171,0,227,182,0,"Anderson",76978,57.1591883395256,0.0337078651685393,87.0378549715503,6.49536231130973,3.37078651685393
2021-05-16,8724,2,6462,1,2262,1,7250,1,64965,36,72215,37,0,171,0,227,182,0,"Anderson",76978,58.4582608017875,0.033210332103321,48.065681103692,2.59814492452389,3.3210332103321
2021-05-17,8730,6,6467,5,2263,1,7255,5,65024,59,72279,64,1,172,0,227,182,0,"Anderson",76978,59.7573332640495,0.0444015444015444,83.1406375847645,7.79443477357167,4.44015444015444
2021-05-18,8734,4,6467,0,2267,4,7255,0,65115,91,72370,91,0,172,1,228,182,0,"Anderson",76978,54.5610434150017,0.0371681415929204,118.215594065837,5.19628984904778,3.71681415929204
2021-05-19,8741,7,6472,5,2269,2,7261,6,65233,118,72494,124,0,172,0,228,182,0,"Anderson",76978,46.76660864143,0.0362068965517241,161.084985320481,9.09350723583361,3.62068965517241
2021-05-20,8743,2,6474,2,2269,0,7263,2,65352,119,72615,121,0,172,0,228,182,0,"Anderson",76978,44.1684637169061,0.0352348993288591,157.187767933695,2.59814492452389,3.52348993288591
2021-05-21,8745,2,6474,0,2271,2,7263,0,65422,70,72685,70,0,172,0,228,182,0,"Anderson",76978,36.3740289433345,0.0278745644599303,90.9350723583361,2.59814492452389,2.78745644599303
2021-05-22,8750,5,6476,2,2274,3,7265,2,65462,40,72727,42,0,172,0,228,182,0,"Anderson",76978,36.3740289433345,0.029143897996357,54.5610434150017,6.49536231130973,2.9143897996357
2021-05-23,8750,0,6476,0,2274,0,7265,0,65491,29,72756,29,0,172,0,228,182,0,"Anderson",76978,33.7758840188106,0.0277264325323475,37.6731014055964,0,2.77264325323475
2021-05-24,8758,8,6480,4,2278,4,7268,3,65550,59,72818,62,0,172,0,228,182,0,"Anderson",76978,36.3740289433345,0.0241187384044527,80.5424926602406,10.3925796980956,2.41187384044527
2021-05-25,8760,2,6480,0,2280,2,7269,1,65595,45,72864,46,0,172,0,228,182,0,"Anderson",76978,33.7758840188106,0.0283400809716599,59.7573332640495,2.59814492452389,2.83400809716599
2021-05-26,8767,7,6485,5,2282,2,7275,6,65695,100,72970,106,0,172,0,228,182,0,"Anderson",76978,33.7758840188106,0.0294117647058824,137.701680999766,9.09350723583361,2.94117647058824
2021-05-27,8769,2,6486,1,2283,1,7276,1,65745,50,73021,51,0,172,1,229,182,0,"Anderson",76978,33.7758840188106,0.0320197044334975,66.2526955753592,2.59814492452389,3.20197044334975
2021-05-28,8774,5,6490,4,2284,1,7281,5,65828,83,73109,88,0,172,0,229,182,0,"Anderson",76978,37.6731014055964,0.0424528301886792,114.318376679051,6.49536231130973,4.24528301886792
2021-05-29,8775,1,6490,0,2285,1,7281,0,65865,37,73146,37,0,172,0,229,182,0,"Anderson",76978,32.4768115565486,0.0381861575178998,48.065681103692,1.29907246226194,3.81861575178998
2021-05-30,8778,3,6491,1,2287,2,7282,1,65915,50,73197,51,0,172,0,229,182,0,"Anderson",76978,36.3740289433345,0.0385487528344671,66.2526955753592,3.89721738678583,3.85487528344671
2021-05-31,8782,4,6494,3,2288,1,7285,3,65966,51,73251,54,0,172,0,229,182,0,"Anderson",76978,31.1777390942867,0.0392609699769053,70.149912962145,5.19628984904778,3.92609699769053
2021-06-01,8785,3,6496,2,2289,1,7286,1,66014,48,73300,49,0,172,1,230,182,0,"Anderson",76978,32.4768115565486,0.0389908256880734,63.6545506508353,3.89721738678583,3.89908256880734
2021-06-02,8789,4,6497,1,2292,3,7288,2,66055,41,73343,43,0,172,0,230,182,0,"Anderson",76978,28.5795941697628,0.0348525469168901,55.8601158772636,5.19628984904778,3.48525469168901
2021-06-03,8790,1,6497,0,2293,1,7291,3,66144,89,73435,92,1,173,0,230,183,1,"Anderson",76978,27.2805217075008,0.036231884057971,119.514666528099,1.29907246226194,3.6231884057971
2021-06-04,8791,1,6498,1,2293,0,7293,2,66197,53,73490,55,-1,172,0,230,183,0,"Anderson",76978,22.0842318584531,0.031496062992126,71.448985424407,1.29907246226194,3.1496062992126
2021-06-05,8792,1,6499,1,2293,0,7294,1,66254,57,73548,58,0,172,0,230,183,0,"Anderson",76978,22.0842318584531,0.0323383084577114,75.3462028111928,1.29907246226194,3.23383084577114
2021-06-06,8792,0,6499,0,2293,0,7294,0,66279,25,73573,25,0,172,0,230,183,0,"Anderson",76978,18.1870144716672,0.0319148936170213,32.4768115565486,0,3.19148936170213
2021-06-07,8793,1,6499,0,2294,1,7294,0,66343,64,73637,64,0,172,0,230,183,0,"Anderson",76978,14.2897970848814,0.0233160621761658,83.1406375847645,1.29907246226194,2.33160621761658
2021-06-08,8794,1,6499,0,2295,1,7294,0,66380,37,73674,37,0,172,1,231,184,1,"Anderson",76978,11.6916521603575,0.0213903743315508,48.065681103692,1.29907246226194,2.13903743315508
2021-06-09,8794,0,6499,0,2295,0,7294,0,66461,81,73755,81,0,172,0,231,184,0,"Anderson",76978,6.49536231130972,0.0145631067961165,105.224869443218,0,1.45631067961165
2021-06-10,8798,4,6500,1,2298,3,7295,1,66518,57,73813,58,0,172,0,231,184,0,"Anderson",76978,10.3925796980956,0.0105820105820106,75.3462028111928,5.19628984904778,1.05820105820106
2021-06-11,8799,1,6500,0,2299,1,7296,1,66573,55,73869,56,1,173,0,231,184,0,"Anderson",76978,10.3925796980956,0.0079155672823219,72.7480578866689,1.29907246226194,0.79155672823219
2021-06-12,8800,1,6500,0,2300,1,7297,1,66628,55,73925,56,2,175,0,231,184,0,"Anderson",76978,10.3925796980956,0.00795755968169761,72.7480578866689,1.29907246226194,0.795755968169761
2021-06-13,8801,1,6500,0,2301,1,7298,1,66666,38,73964,39,0,175,0,231,184,0,"Anderson",76978,11.6916521603575,0.010230179028133,50.6638260282159,1.29907246226194,1.0230179028133
2021-06-14,8803,2,6502,2,2301,0,7300,2,66752,86,74052,88,0,175,0,231,184,0,"Anderson",76978,12.9907246226194,0.0144578313253012,114.318376679051,2.59814492452389,1.44578313253012
2021-06-15,8803,0,6502,0,2301,0,7301,1,66783,31,74084,32,0,175,0,231,184,0,"Anderson",76978,11.6916521603575,0.0170731707317073,41.5703187923822,0,1.70731707317073
2021-06-16,8804,1,6503,1,2301,0,7302,1,66826,43,74128,44,0,175,0,231,184,0,"Anderson",76978,12.9907246226194,0.0214477211796247,57.1591883395256,1.29907246226194,2.14477211796247
2021-06-17,8804,0,6503,0,2301,0,7302,0,66912,86,74214,86,0,175,0,231,184,0,"Anderson",76978,7.79443477357167,0.0174563591022444,111.720231754527,0,1.74563591022444
2021-06-18,8806,2,6504,1,2302,1,7306,4,66962,50,74268,54,0,175,0,231,184,0,"Anderson",76978,9.09350723583361,0.025062656641604,70.149912962145,2.59814492452389,2.5062656641604
2021-06-19,8806,0,6504,0,2302,0,7306,0,67010,48,74316,48,0,175,0,231,184,0,"Anderson",76978,7.79443477357167,0.0230179028132992,62.3554781885734,0,2.30179028132992
2021-06-20,8806,0,6504,0,2302,0,7307,1,67033,23,74340,24,0,175,0,231,184,0,"Anderson",76978,6.49536231130972,0.023936170212766,31.1777390942867,0,2.3936170212766
2021-06-21,8807,1,6504,0,2303,1,7307,0,67073,40,74380,40,0,175,0,231,184,0,"Anderson",76978,5.19628984904778,0.0213414634146341,51.9628984904778,1.29907246226194,2.13414634146341
2021-06-22,8811,4,6505,1,2306,3,7307,0,67115,42,74422,42,0,175,1,232,184,0,"Anderson",76978,10.3925796980956,0.0177514792899408,54.5610434150017,5.19628984904778,1.77514792899408
2021-06-23,8812,1,6506,1,2306,0,7308,1,67163,48,74471,49,0,175,0,232,184,0,"Anderson",76978,10.3925796980956,0.0174927113702624,63.6545506508353,1.29907246226194,1.74927113702624
2021-06-24,8812,0,6506,0,2306,0,7309,1,67207,44,74516,45,0,175,0,232,184,0,"Anderson",76978,10.3925796980956,0.0231788079470199,58.4582608017875,0,2.31788079470199
2021-06-25,8813,1,6507,1,2306,0,7310,1,67243,36,74553,37,0,175,0,232,184,0,"Anderson",76978,9.09350723583361,0.0140350877192982,48.065681103692,1.29907246226194,1.40350877192982
2021-06-26,8814,1,6508,1,2306,0,7311,1,67276,33,74587,34,0,175,0,232,184,0,"Anderson",76978,10.3925796980956,0.018450184501845,44.1684637169061,1.29907246226194,1.8450184501845
2021-06-27,8814,0,6508,0,2306,0,7311,0,67308,32,74619,32,0,175,0,232,184,0,"Anderson",76978,10.3925796980956,0.014336917562724,41.5703187923822,0,1.4336917562724
2021-06-28,8815,1,6508,0,2307,1,7312,1,67324,16,74636,17,0,175,0,232,184,0,"Anderson",76978,10.3925796980956,0.01953125,22.0842318584531,1.29907246226194,1.953125
2021-06-29,8818,3,6511,3,2307,0,7315,3,67382,58,74697,61,0,175,0,232,184,0,"Anderson",76978,9.09350723583361,0.0290909090909091,79.2434201979787,3.89721738678583,2.90909090909091
2021-06-30,8818,0,6511,0,2307,0,7315,0,67428,46,74743,46,0,175,0,232,184,0,"Anderson",76978,7.79443477357167,0.0257352941176471,59.7573332640495,0,2.57352941176471
2021-07-01,8819,1,6512,1,2307,0,7316,1,67465,37,74781,38,0,175,0,232,184,0,"Anderson",76978,9.09350723583361,0.0264150943396226,49.3647535659539,1.29907246226194,2.64150943396226
2021-07-02,8819,0,6512,0,2307,0,7316,0,67508,43,74824,43,0,175,0,232,184,0,"Anderson",76978,7.79443477357167,0.022140221402214,55.8601158772636,0,2.2140221402214
2021-07-03,8819,0,6512,0,2307,0,7316,0,67529,21,74845,21,0,175,0,232,184,0,"Anderson",76978,6.49536231130972,0.0193798449612403,27.2805217075008,0,1.93798449612403
2021-07-04,8820,1,6512,0,2308,1,7317,1,67554,25,74871,26,0,175,0,232,184,0,"Anderson",76978,7.79443477357167,0.0238095238095238,33.7758840188106,1.29907246226194,2.38095238095238
2021-07-05,8820,0,6512,0,2308,0,7318,1,67569,15,74887,16,0,175,0,232,184,0,"Anderson",76978,6.49536231130972,0.0239043824701195,20.7851593961911,0,2.39043824701195
2021-07-06,8821,1,6512,0,2309,1,7318,0,67599,30,74917,30,1,176,0,232,184,0,"Anderson",76978,3.89721738678583,0.0136363636363636,38.9721738678584,1.29907246226194,1.36363636363636
2021-07-07,8822,1,6512,0,2310,1,7318,0,67645,46,74963,46,0,176,0,232,184,0,"Anderson",76978,5.19628984904778,0.0136363636363636,59.7573332640495,1.29907246226194,1.36363636363636
2021-07-08,8823,1,6513,1,2310,0,7319,1,67686,41,75005,42,0,176,0,232,184,0,"Anderson",76978,5.19628984904778,0.0133928571428571,54.5610434150017,1.29907246226194,1.33928571428571
2021-07-09,8825,2,6514,1,2311,1,7320,1,67730,44,75050,45,0,176,0,232,184,0,"Anderson",76978,7.79443477357167,0.0176991150442478,58.4582608017875,2.59814492452389,1.76991150442478
2021-07-10,8827,2,6515,1,2312,1,7321,1,67752,22,75073,23,0,176,1,233,184,0,"Anderson",76978,10.3925796980956,0.0219298245614035,29.8786666320247,2.59814492452389,2.19298245614035
2021-07-11,8827,0,6515,0,2312,0,7321,0,67767,15,75088,15,0,176,0,233,184,0,"Anderson",76978,9.09350723583361,0.0184331797235023,19.4860869339292,0,1.84331797235023
2021-07-12,8835,8,6519,4,2316,4,7325,4,67803,36,75128,40,0,176,1,234,184,0,"Anderson",76978,19.4860869339292,0.029045643153527,51.9628984904778,10.3925796980956,2.9045643153527
2021-07-13,8836,1,6519,0,2317,1,7325,0,67824,21,75149,21,0,176,0,234,186,2,"Anderson",76978,19.4860869339292,0.0301724137931034,27.2805217075008,1.29907246226194,3.01724137931034
2021-07-14,8841,5,6524,5,2317,0,7330,5,67877,53,75207,58,0,176,1,235,186,0,"Anderson",76978,24.682376782977,0.0491803278688525,75.3462028111928,6.49536231130973,4.91803278688525
2021-07-15,8844,3,6527,3,2317,0,7332,2,67910,33,75242,35,0,176,0,235,186,0,"Anderson",76978,27.2805217075008,0.0548523206751055,45.4675361791681,3.89721738678583,5.48523206751055
2021-07-16,8854,10,6529,2,2325,8,7333,1,67938,28,75271,29,0,176,0,235,186,0,"Anderson",76978,37.6731014055964,0.0588235294117647,37.6731014055964,12.9907246226195,5.88235294117647
2021-07-17,8859,5,6530,1,2329,4,7334,1,67974,36,75308,37,0,176,0,235,186,0,"Anderson",76978,41.5703187923822,0.0553191489361702,48.065681103692,6.49536231130973,5.53191489361702
2021-07-18,8862,3,6532,2,2330,1,7336,2,67994,20,75330,22,0,176,0,235,186,0,"Anderson",76978,45.4675361791681,0.0619834710743802,28.5795941697628,3.89721738678583,6.19834710743802
2021-07-19,8867,5,6536,4,2331,1,7340,4,68028,34,75368,38,0,176,0,235,186,0,"Anderson",76978,41.5703187923822,0.0625,49.3647535659539,6.49536231130973,6.25
2021-07-20,8882,15,6547,11,2335,4,7351,11,68063,35,75414,46,0,176,1,236,186,0,"Anderson",76978,59.7573332640495,0.0981132075471698,59.7573332640495,19.4860869339292,9.81132075471698
2021-07-21,8889,7,6551,4,2338,3,7356,5,68148,85,75504,90,0,176,0,236,187,1,"Anderson",76978,62.3554781885734,0.0875420875420875,116.916521603575,9.09350723583361,8.75420875420875
2021-07-22,8899,10,6556,5,2343,5,7360,4,68203,55,75563,59,0,176,0,236,187,0,"Anderson",76978,71.448985424407,0.0872274143302181,76.6452752734548,12.9907246226195,8.72274143302181
2021-07-23,8909,10,6560,4,2349,6,7365,5,68274,71,75639,76,0,176,0,236,187,0,"Anderson",76978,71.448985424407,0.0869565217391304,98.7295071319078,12.9907246226195,8.69565217391304
2021-07-24,8917,8,6564,4,2353,4,7369,4,68328,54,75697,58,0,176,0,236,188,1,"Anderson",76978,75.3462028111928,0.089974293059126,75.3462028111928,10.3925796980956,8.9974293059126
2021-07-25,8922,5,6567,3,2355,2,7370,1,68350,22,75720,23,0,176,0,236,188,0,"Anderson",76978,77.9443477357167,0.0871794871794872,29.8786666320247,6.49536231130973,8.71794871794872
2021-07-26,8945,23,6576,9,2369,14,7378,8,68400,50,75778,58,2,178,0,236,188,0,"Anderson",76978,101.327652056432,0.0926829268292683,75.3462028111928,29.8786666320247,9.26829268292683
2021-07-27,8960,15,6581,5,2379,10,7383,5,68453,53,75836,58,0,178,0,236,188,0,"Anderson",76978,101.327652056432,0.0758293838862559,75.3462028111928,19.4860869339292,7.58293838862559
2021-07-28,8981,21,6590,9,2391,12,7396,13,68536,83,75932,96,0,178,0,236,188,0,"Anderson",76978,119.514666528099,0.0934579439252336,124.710956377147,27.2805217075008,9.34579439252336
2021-07-29,8993,12,6600,10,2393,2,7408,12,68585,49,75993,61,0,178,0,236,188,0,"Anderson",76978,122.112811452623,0.111627906976744,79.2434201979787,15.5888695471433,11.1627906976744
2021-07-30,9024,31,6621,21,2403,10,7431,23,68633,48,76064,71,0,178,1,237,188,0,"Anderson",76978,149.393333160124,0.155294117647059,92.2341448205981,40.2712463301203,15.5294117647059
2021-07-31,9037,13,6627,6,2410,7,7437,6,68675,42,76112,48,0,178,0,237,188,0,"Anderson",76978,155.888695471433,0.163855421686747,62.3554781885734,16.8879420094053,16.3855421686747
2021-08-01,9056,19,6639,12,2417,7,7452,15,68714,39,76166,54,0,178,0,237,188,0,"Anderson",76978,174.075709943101,0.183856502242152,70.149912962145,24.682376782977,18.3856502242152
2021-08-02,9068,12,6645,6,2423,6,7458,6,68793,79,76251,85,0,178,0,237,188,0,"Anderson",76978,159.785912858219,0.169133192389006,110.421159292265,15.5888695471433,16.9133192389006
2021-08-03,9091,23,6656,11,2435,12,7471,13,68865,72,76336,85,0,178,1,238,188,0,"Anderson",76978,170.178492556315,0.176,110.421159292265,29.8786666320247,17.6
2021-08-04,9117,26,6678,22,2439,4,7492,21,68967,102,76459,123,0,178,0,238,188,0,"Anderson",76978,176.673854867625,0.182163187855787,159.785912858219,33.7758840188106,18.2163187855787
2021-08-05,9148,31,6695,17,2453,14,7509,17,69064,97,76573,114,0,178,1,239,188,0,"Anderson",76978,201.356231650601,0.174137931034483,148.094260697862,40.2712463301203,17.4137931034483
2021-08-06,9173,25,6711,16,2462,9,7527,18,69207,143,76734,161,0,178,1,240,188,0,"Anderson",76978,193.56179687703,0.143283582089552,209.150666424173,32.4768115565486,14.3283582089552
2021-08-07,9186,13,6717,6,2469,7,7534,7,69282,75,76816,82,0,178,0,240,188,0,"Anderson",76978,193.56179687703,0.137784090909091,106.523941905479,16.8879420094053,13.7784090909091
2021-08-08,9200,14,6725,8,2475,6,7544,10,69334,52,76878,62,0,178,0,240,188,0,"Anderson",76978,187.06643456572,0.129213483146067,80.5424926602406,18.1870144716672,12.9213483146067
2021-08-09,9236,36,6744,19,2492,17,7563,19,69433,99,76996,118,0,178,0,240,188,0,"Anderson",76978,218.244173660007,0.140939597315436,153.29055054691,46.76660864143,14.0939597315436
2021-08-10,9275,39,6764,20,2511,19,7583,20,69533,100,77116,120,0,178,2,242,188,0,"Anderson",76978,239.029333056198,0.143589743589744,155.888695471433,50.6638260282159,14.3589743589744
2021-08-11,9330,55,6789,25,2541,30,7613,30,69665,132,77278,162,0,178,1,243,188,0,"Anderson",76978,276.702434461794,0.147741147741148,210.449738886435,71.448985424407,14.7741147741148
2021-08-12,9378,48,6825,36,2553,12,7650,37,69832,167,77482,204,0,178,0,243,190,2,"Anderson",76978,298.786666320247,0.155115511551155,265.010782301437,62.3554781885734,15.5115511551155
2021-08-13,9441,63,6860,35,2581,28,7688,38,69946,114,77634,152,2,180,1,244,191,1,"Anderson",76978,348.151419886201,0.178888888888889,197.459014263816,81.8415651225025,17.8888888888889
2021-08-14,9491,50,6895,35,2596,15,7720,32,70132,186,77852,218,0,180,0,244,191,0,"Anderson",76978,396.217100989893,0.17953667953668,283.197796773104,64.9536231130973,17.953667953668
2021-08-15,9514,23,6908,13,2606,10,7735,15,70221,89,77956,104,0,180,0,244,191,0,"Anderson",76978,407.908753150251,0.177179962894249,135.103536075242,29.8786666320247,17.7179962894249
2021-08-16,9552,38,6932,24,2620,14,7759,24,70310,89,78069,113,0,180,0,244,192,1,"Anderson",76978,410.506898074775,0.182665424044734,146.7951882356,49.3647535659539,18.2665424044734
2021-08-17,9595,43,6953,21,2642,22,7783,24,70418,108,78201,132,1,181,0,244,192,0,"Anderson",76978,415.703187923822,0.184331797235023,171.477565018577,55.8601158772636,18.4331797235023
2021-08-18,9647,52,6980,27,2667,25,7814,31,70529,111,78343,142,0,181,0,244,193,1,"Anderson",76978,411.805970537037,0.188732394366197,184.468289641196,67.5517680376211,18.8732394366197
2021-08-19,9721,74,7013,33,2708,41,7849,35,70681,152,78530,187,0,181,0,244,193,0,"Anderson",76978,445.581854555847,0.189885496183206,242.926550442984,96.1313622073839,18.9885496183206
2021-08-20,9781,60,7055,42,2726,18,7893,44,70875,194,78768,238,0,181,2,246,193,0,"Anderson",76978,441.684637169061,0.180776014109347,309.179246018343,77.9443477357167,18.0776014109347
2021-08-21,9863,82,7089,34,2774,48,7927,34,71149,274,79076,308,0,181,1,247,193,0,"Anderson",76978,483.254955961444,0.169117647058824,400.114318376679,106.523941905479,16.9117647058824
2021-08-22,9885,22,7110,21,2775,1,7955,28,71305,156,79260,184,0,181,0,247,193,0,"Anderson",76978,481.955883499182,0.168711656441718,239.029333056198,28.5795941697628,16.8711656441718
2021-08-23,9934,49,7125,15,2809,34,7973,18,71440,135,79413,153,0,181,2,249,194,1,"Anderson",76978,496.245680584063,0.15922619047619,198.758086726078,63.6545506508353,15.922619047619
2021-08-24,9979,45,7153,28,2826,17,7997,24,71526,86,79523,110,1,182,0,249,195,1,"Anderson",76978,498.843825508587,0.161875945537065,142.897970848814,58.4582608017875,16.1875945537065
2021-08-25,10051,72,7180,27,2871,45,8020,23,71570,44,79590,67,0,182,1,250,195,0,"Anderson",76978,524.825274753826,0.165196471531676,87.0378549715503,93.53321728286,16.5196471531676
2021-08-26,10119,68,7216,36,2903,32,8064,44,71742,172,79806,216,1,183,2,252,196,1,"Anderson",76978,517.030839980254,0.168495297805643,280.59965184858,88.3369274338123,16.8495297805643
2021-08-27,10196,77,7273,57,2923,20,8128,64,71919,177,80047,241,0,183,0,252,196,0,"Anderson",76978,539.115071838707,0.183737294761532,313.076463405129,100.02857959417,18.3737294761532
2021-08-28,10253,57,7303,30,2950,27,8167,39,72123,204,80290,243,0,183,0,252,196,0,"Anderson",76978,506.638260282159,0.197693574958814,315.674608329653,74.0471303489309,19.7693574958814
2021-08-29,10317,64,7352,49,2965,15,8220,53,72334,211,80554,264,0,183,1,253,197,1,"Anderson",76978,561.19930369716,0.204791344667697,342.955130037153,83.1406375847645,20.4791344667697
2021-08-30,10388,71,7398,46,2990,25,8268,48,72560,226,80828,274,0,183,3,256,197,0,"Anderson",76978,589.778897866923,0.208480565371025,355.945854659773,92.2341448205981,20.8480565371025
2021-08-31,10522,134,7480,82,3042,52,8355,87,72817,257,81172,344,0,183,0,256,198,1,"Anderson",76978,705.396347008236,0.21710127349909,446.880927018109,174.075709943101,21.710127349909
2021-09-01,10552,30,7502,22,3050,8,8379,24,72908,91,81287,115,0,183,0,256,199,1,"Anderson",76978,650.835303593234,0.211549793753683,149.393333160124,38.9721738678584,21.1549793753683
2021-09-02,10612,60,7529,27,3083,33,8409,30,73009,101,81418,131,1,184,0,256,199,0,"Anderson",76978,640.442723895139,0.214019851116625,170.178492556315,77.9443477357167,21.4019851116625
2021-09-03,10640,28,7546,17,3094,11,8426,17,73082,73,81508,90,0,184,0,256,199,0,"Anderson",76978,576.788173244304,0.203969883641342,116.916521603575,36.3740289433345,20.3969883641342
2021-09-04,10747,107,7615,69,3132,38,8501,75,73403,321,81904,396,0,184,1,257,199,0,"Anderson",76978,641.741796357401,0.206939281288724,514.43269505573,139.000753462028,20.6939281288724
2021-09-05,10859,112,7689,74,3170,38,8577,76,73707,304,82284,380,0,184,1,258,200,1,"Anderson",76978,704.097274545974,0.20635838150289,493.647535659539,145.496115773338,20.635838150289
2021-09-06,10977,118,7768,79,3209,39,8666,89,74114,407,82780,496,0,184,4,262,201,1,"Anderson",76978,765.153680272286,0.203893442622951,644.339941281925,153.29055054691,20.3893442622951
2021-09-07,11014,37,7788,20,3226,17,8684,18,74213,99,82897,117,0,184,0,262,201,0,"Anderson",76978,639.143651432877,0.190724637681159,151.991478084648,48.065681103692,19.0724637681159
2021-09-08,11055,41,7819,31,3236,10,8717,33,74320,107,83037,140,0,184,2,264,204,3,"Anderson",76978,653.433448517758,0.193142857142857,181.870144716672,53.2619709527397,19.3142857142857
2021-09-09,11114,59,7840,21,3274,38,8735,18,74526,206,83261,224,0,184,1,265,207,3,"Anderson",76978,652.134376055496,0.17688551275095,290.992231546676,76.6452752734548,17.688551275095
2021-09-10,11267,153,7913,73,3354,80,8815,80,74818,292,83633,372,1,185,2,267,208,1,"Anderson",76978,814.51843383824,0.183058823529412,483.254955961443,198.758086726078,18.3058823529412
2021-09-11,11387,120,7980,67,3407,53,8888,73,75164,346,84052,419,0,185,2,269,208,0,"Anderson",76978,831.406375847645,0.180167597765363,544.311361687755,155.888695471433,18.0167597765363
2021-09-12,11425,38,8012,32,3413,6,8923,35,75307,143,84230,178,0,185,4,273,209,1,"Anderson",76978,735.275013640261,0.177800616649538,231.234898282626,49.3647535659539,17.7800616649537
2021-09-13,11511,86,8045,33,3466,53,8956,33,75437,130,84393,163,4,189,3,276,209,0,"Anderson",76978,693.704694847879,0.179789212647241,211.748811348697,111.720231754527,17.9789212647241
2021-09-14,11573,62,8076,31,3497,31,8992,36,75596,159,84588,195,1,190,1,277,209,0,"Anderson",76978,726.181506404427,0.18214074512123,253.319130141079,80.5424926602406,18.214074512123
2021-09-15,11612,39,8092,16,3520,23,9006,14,75657,61,84663,75,0,190,1,278,210,1,"Anderson",76978,723.583361479903,0.177736777367774,97.4304346696459,50.6638260282159,17.7736777367774
2021-09-16,11701,89,8149,57,3552,32,9065,59,75879,222,84944,281,0,190,1,279,210,0,"Anderson",76978,762.555535347762,0.196078431372549,365.039361895607,115.617449141313,19.6078431372549
2021-09-17,11772,71,8189,40,3583,31,9103,38,76042,163,85145,201,0,190,1,280,214,4,"Anderson",76978,656.031593442282,0.19047619047619,261.113564914651,92.2341448205981,19.047619047619
2021-09-18,11824,52,8219,30,3605,22,9136,33,76196,154,85332,187,0,190,1,281,215,1,"Anderson",76978,567.69466600847,0.19375,242.926550442984,67.5517680376211,19.375
2021-09-19,11847,23,8228,9,3619,14,9146,10,76264,68,85410,78,0,190,0,281,215,0,"Anderson",76978,548.208579074541,0.188983050847458,101.327652056432,29.8786666320247,18.8983050847458
2021-09-20,11911,64,8264,36,3647,28,9183,37,76450,186,85633,223,0,190,3,284,215,0,"Anderson",76978,519.628984904778,0.183064516129032,289.693159084414,83.1406375847645,18.3064516129032
2021-09-21,11965,54,8290,26,3675,28,9207,24,76568,118,85775,142,0,190,1,285,216,1,"Anderson",76978,509.236405206682,0.181128896377422,184.468289641196,70.149912962145,18.1128896377422
2021-09-22,12016,51,8324,34,3692,17,9247,40,76840,272,86087,312,0,190,0,285,219,3,"Anderson",76978,524.825274753826,0.169241573033708,405.310608225727,66.2526955753592,16.9241573033708
2021-09-23,12091,75,8372,48,3719,27,9298,51,77048,208,86346,259,2,192,1,286,219,0,"Anderson",76978,506.638260282159,0.166191155492154,336.459767725844,97.4304346696459,16.6191155492154
2021-09-24,12130,39,8392,20,3738,19,9322,24,77188,140,86510,164,2,194,1,287,222,3,"Anderson",76978,465.067941489776,0.16043956043956,213.047883810959,50.6638260282159,16.043956043956
2021-09-25,12140,10,8396,4,3744,6,9328,6,77283,95,86611,101,0,194,0,287,222,0,"Anderson",76978,410.506898074775,0.150117279124316,131.206318688456,12.9907246226195,15.0117279124316
2021-09-26,12158,18,8411,15,3747,3,9346,18,77420,137,86766,155,1,195,0,287,222,0,"Anderson",76978,404.011535763465,0.147492625368732,201.356231650601,23.383304320715,14.7492625368732
2021-09-27,12208,50,8432,21,3776,29,9368,22,77506,86,86874,108,1,196,1,288,223,1,"Anderson",76978,385.824521291798,0.149073327961322,140.29982592429,64.9536231130973,14.9073327961322
2021-09-28,12257,49,8456,24,3801,25,9395,27,77601,95,86996,122,0,196,1,289,223,0,"Anderson",76978,379.329158980488,0.153972153972154,158.486840395957,63.6545506508353,15.3972153972154
2021-09-29,12295,38,8472,16,3823,22,9412,17,77792,191,87204,208,2,198,0,289,225,2,"Anderson",76978,362.441216971083,0.147717099373321,270.207072150485,49.3647535659539,14.7717099373321
2021-09-30,12357,62,8510,38,3847,24,9452,40,77964,172,87416,212,0,198,1,290,226,1,"Anderson",76978,345.553274961677,0.14392523364486,275.403361999532,80.5424926602406,14.392523364486
2021-10-01,12408,51,8537,27,3871,24,9481,29,78115,151,87596,180,0,198,1,291,227,1,"Anderson",76978,361.142144508821,0.146408839779006,233.83304320715,66.2526955753592,14.6408839779006
2021-10-02,12425,17,8544,7,3881,10,9487,6,78195,80,87682,86,1,199,0,291,229,2,"Anderson",76978,370.235651744654,0.148459383753501,111.720231754527,22.0842318584531,14.8459383753501
2021-10-03,12438,13,8553,9,3885,4,9496,9,78293,98,87789,107,4,203,0,291,229,0,"Anderson",76978,363.740289433345,0.146627565982405,139.000753462028,16.8879420094053,14.6627565982405
2021-10-04,12483,45,8576,23,3907,22,9522,26,78413,120,87935,146,1,204,0,291,231,2,"Anderson",76978,357.244927122035,0.145146088595664,189.664579490244,58.4582608017875,14.5146088595664
2021-10-05,12536,53,8605,29,3931,24,9552,30,78541,128,88093,158,2,206,0,291,232,1,"Anderson",76978,362.441216971083,0.143117593436645,205.253449037387,68.8508404998831,14.3117593436645
2021-10-06,12566,30,8628,23,3938,7,9578,26,78706,165,88284,191,1,207,0,291,233,1,"Anderson",76978,352.048637272987,0.153703703703704,248.122840292031,38.9721738678584,15.3703703703704
2021-10-07,12598,32,8650,22,3948,10,9603,25,78845,139,88448,164,0,207,0,291,235,2,"Anderson",76978,313.076463405129,0.146317829457364,213.047883810959,41.5703187923822,14.6317829457364
2021-10-08,12616,18,8655,5,3961,13,9613,10,78975,130,88588,140,1,208,1,292,235,0,"Anderson",76978,270.207072150485,0.133064516129032,181.870144716672,23.383304320715,13.3064516129032
2021-10-09,12631,15,8658,3,3973,12,9620,7,79037,62,88657,69,0,208,0,292,236,1,"Anderson",76978,267.608927225961,0.136410256410256,89.6359998960742,19.4860869339292,13.6410256410256
2021-10-10,12641,10,8666,8,3975,2,9629,9,79124,87,88753,96,0,208,0,292,236,0,"Anderson",76978,263.711709839175,0.137966804979253,124.710956377147,12.9907246226195,13.7966804979253
2021-10-11,12681,40,8680,14,4001,26,9642,13,79225,101,88867,114,0,208,1,293,236,0,"Anderson",76978,257.216347527865,0.128755364806867,148.094260697862,51.9628984904778,12.8755364806867
2021-10-12,12716,35,8704,24,4012,11,9664,22,79324,99,88988,121,2,210,3,296,236,0,"Anderson",76978,233.83304320715,0.125139664804469,157.187767933695,45.4675361791681,12.5139664804469
2021-10-13,12742,26,8718,14,4024,12,9682,18,79436,112,89118,130,0,210,1,297,239,3,"Anderson",76978,228.636753358102,0.124700239808153,168.879420094053,33.7758840188106,12.4700239808153
2021-10-14,12762,20,8728,10,4034,10,9696,14,79539,103,89235,117,1,211,0,297,239,0,"Anderson",76978,213.047883810959,0.118170266836086,151.991478084648,25.9814492452389,11.8170266836086
2021-10-15,12785,23,8740,12,4045,11,9709,13,79660,121,89369,134,0,211,1,298,239,0,"Anderson",76978,219.543246122269,0.12291933418694,174.075709943101,29.8786666320247,12.291933418694
2021-10-16,12794,9,8746,6,4048,3,9717,8,79715,55,89432,63,0,211,1,299,239,0,"Anderson",76978,211.748811348697,0.125161290322581,81.8415651225025,11.6916521603575,12.5161290322581
2021-10-17,12796,2,8747,1,4049,1,9718,1,79766,51,89484,52,0,211,0,299,239,0,"Anderson",76978,201.356231650601,0.121751025991792,67.5517680376211,2.59814492452389,12.1751025991792
2021-10-18,12820,24,8757,10,4063,14,9729,11,79834,68,89563,79,1,212,1,300,239,0,"Anderson",76978,180.57107225441,0.125,102.626724518694,31.1777390942867,12.5
2021-10-19,12850,30,8770,13,4080,17,9740,11,79945,111,89685,122,2,214,1,301,239,0,"Anderson",76978,174.075709943101,0.109038737446198,158.486840395957,38.9721738678584,10.9038737446198
2021-10-20,12885,35,8796,26,4089,9,9769,29,80056,111,89825,140,0,214,1,302,240,1,"Anderson",76978,185.767362103458,0.123055162659123,181.870144716672,45.4675361791681,12.3055162659123
2021-10-21,12917,32,8814,18,4103,14,9787,18,80149,93,89936,111,0,214,1,303,241,1,"Anderson",76978,201.356231650601,0.12981455064194,144.197043311076,41.5703187923822,12.981455064194
2021-10-22,12927,10,8821,7,4106,3,9796,9,80225,76,90021,85,0,214,1,304,241,0,"Anderson",76978,184.468289641196,0.133435582822086,110.421159292265,12.9907246226195,13.3435582822086
2021-10-23,12944,17,8825,4,4119,13,9800,4,80278,53,90078,57,0,214,1,305,241,0,"Anderson",76978,194.860869339292,0.128482972136223,74.0471303489309,22.0842318584531,12.8482972136223
2021-10-24,12950,6,8830,5,4120,1,9807,7,80330,52,90137,59,0,214,0,305,242,1,"Anderson",76978,200.05715918834,0.136294027565084,76.6452752734548,7.79443477357167,13.6294027565084
2021-10-25,12975,25,8844,14,4131,11,9822,15,80401,71,90223,86,1,215,2,307,242,0,"Anderson",76978,201.356231650601,0.140909090909091,111.720231754527,32.4768115565486,14.0909090909091
2021-10-26,12987,12,8850,6,4137,6,9828,6,80465,64,90293,70,0,215,0,307,243,1,"Anderson",76978,177.972927329886,0.144736842105263,90.9350723583361,15.5888695471433,14.4736842105263
2021-10-27,13004,17,8860,10,4144,7,9841,13,80586,121,90427,134,1,216,2,309,245,2,"Anderson",76978,154.589623009171,0.119601328903654,174.075709943101,22.0842318584531,11.9601328903654
2021-10-28,13026,22,8874,14,4152,8,9858,17,80668,82,90526,99,1,217,0,309,246,1,"Anderson",76978,141.598898386552,0.120338983050847,128.608173763933,28.5795941697628,12.0338983050847
2021-10-29,13047,21,8885,11,4162,10,9870,12,80782,114,90652,126,0,217,1,310,246,0,"Anderson",76978,155.888695471433,0.117274167987322,163.683130245005,27.2805217075008,11.7274167987322
2021-10-30,13059,12,8889,4,4170,8,9875,5,80869,87,90744,92,0,217,1,311,246,0,"Anderson",76978,149.393333160124,0.112612612612613,119.514666528099,15.5888695471433,11.2612612612613
2021-10-31,13062,3,8891,2,4171,1,9878,3,80908,39,90786,42,0,217,0,311,246,0,"Anderson",76978,145.496115773338,0.10939907550077,54.5610434150017,3.89721738678583,10.939907550077
2021-11-01,13089,27,8896,5,4193,22,9882,4,80996,88,90878,92,1,218,1,312,247,1,"Anderson",76978,148.094260697862,0.0916030534351145,119.514666528099,35.0749564810725,9.16030534351145
2021-11-02,13109,20,8901,5,4208,15,9887,5,81072,76,90959,81,2,220,1,313,247,0,"Anderson",76978,158.486840395957,0.0885885885885886,105.224869443218,25.9814492452389,8.85885885885886
2021-11-03,13139,30,8919,18,4220,12,9905,18,81272,200,91177,218,1,221,0,313,247,0,"Anderson",76978,175.374782405363,0.0853333333333333,283.197796773104,38.9721738678584,8.53333333333333
2021-11-04,13161,22,8934,15,4227,7,9921,16,81405,133,91326,149,0,221,0,313,247,0,"Anderson",76978,175.374782405363,0.07875,193.56179687703,28.5795941697628,7.875
2021-11-05,13171,10,8937,3,4234,7,9922,1,81527,122,91449,123,0,221,0,313,247,0,"Anderson",76978,161.084985320481,0.0652446675031368,159.785912858219,12.9907246226195,6.52446675031368
2021-11-06,13180,9,8941,4,4239,5,9927,5,81614,87,91541,92,0,221,3,316,248,1,"Anderson",76978,157.187767933695,0.0652446675031368,119.514666528099,11.6916521603575,6.52446675031368
2021-11-07,13186,6,8946,5,4240,1,9933,6,81662,48,91595,54,0,221,0,316,248,0,"Anderson",76978,161.084985320481,0.0679851668726823,70.149912962145,7.79443477357167,6.79851668726823
2021-11-08,13211,25,8957,11,4254,14,9946,13,81750,88,91696,101,1,222,0,316,248,0,"Anderson",76978,158.486840395957,0.078239608801956,131.206318688456,32.4768115565486,7.8239608801956
2021-11-09,13234,23,8964,7,4270,16,9952,6,81908,158,91860,164,1,223,0,316,249,1,"Anderson",76978,162.384057782743,0.072142064372919,213.047883810959,29.8786666320247,7.2142064372919
2021-11-10,13252,18,8976,12,4276,6,9965,13,82024,116,91989,129,0,223,1,317,250,1,"Anderson",76978,146.7951882356,0.0738916256157636,167.580347631791,23.383304320715,7.38916256157635
2021-11-11,13275,23,8994,18,4281,5,9983,18,82214,190,92197,208,0,223,0,317,251,1,"Anderson",76978,148.094260697862,0.0711825487944891,270.207072150485,29.8786666320247,7.11825487944891
2021-11-12,13288,13,9002,8,4286,5,9991,8,82347,133,92338,141,0,223,1,318,251,0,"Anderson",76978,151.991478084648,0.077615298087739,183.169217178934,16.8879420094053,7.7615298087739
2021-11-13,13295,7,9006,4,4289,3,9995,4,82398,51,92393,55,3,226,1,319,252,1,"Anderson",76978,149.393333160124,0.07981220657277,71.448985424407,9.09350723583361,7.981220657277
2021-11-14,13297,2,9008,2,4289,0,9998,3,82477,79,92475,82,0,226,0,319,252,0,"Anderson",76978,144.197043311076,0.0738636363636364,106.523941905479,2.59814492452389,7.38636363636364
2021-11-15,13329,32,9022,14,4307,18,10012,14,82562,85,92574,99,0,226,0,319,253,1,"Anderson",76978,153.29055054691,0.0751708428246014,128.608173763933,41.5703187923822,7.51708428246014
2021-11-16,13354,25,9035,13,4319,12,10025,13,82688,126,92713,139,1,227,0,319,254,1,"Anderson",76978,155.888695471433,0.0855803048065651,180.57107225441,32.4768115565486,8.5580304806565
2021-11-17,13371,17,9044,9,4327,8,10034,9,82802,114,92836,123,0,227,2,321,256,2,"Anderson",76978,154.589623009171,0.0814639905548996,159.785912858219,22.0842318584531,8.14639905548996
2021-11-18,13393,22,9057,13,4336,9,10051,17,82937,135,92988,152,4,231,0,321,258,2,"Anderson",76978,153.29055054691,0.0859671302149178,197.459014263816,28.5795941697628,8.59671302149178
2021-11-19,13407,14,9063,6,4344,8,10058,7,83046,109,93104,116,1,232,0,321,258,0,"Anderson",76978,154.589623009171,0.087467362924282,150.692405622386,18.1870144716672,8.7467362924282
2021-11-20,13416,9,9068,5,4348,4,10063,5,83139,93,93202,98,0,232,0,321,259,1,"Anderson",76978,157.187767933695,0.0840543881334982,127.309101301671,11.6916521603575,8.40543881334981
2021-11-21,13428,12,9074,6,4354,6,10069,6,83179,40,93248,46,0,232,0,321,259,0,"Anderson",76978,170.178492556315,0.091849935316947,59.7573332640495,15.5888695471433,9.1849935316947
2021-11-22,13456,28,9091,17,4365,11,10087,18,83301,122,93388,140,1,233,0,321,259,0,"Anderson",76978,164.982202707267,0.0921375921375921,181.870144716672,36.3740289433345,9.21375921375921
2021-11-23,13473,17,9097,6,4376,11,10092,5,83398,97,93490,102,0,233,1,322,261,2,"Anderson",76978,154.589623009171,0.0862290862290862,132.505391150718,22.0842318584531,8.62290862290862
2021-11-24,13498,25,9113,16,4385,9,10104,12,83508,110,93612,122,1,234,1,323,261,0,"Anderson",76978,164.982202707267,0.0902061855670103,158.486840395957,32.4768115565486,9.02061855670103
2021-11-25,13503,5,9115,2,4388,3,10105,1,83553,45,93658,46,0,234,2,325,261,0,"Anderson",76978,142.897970848814,0.0805970149253731,59.7573332640495,6.49536231130973,8.05970149253731
2021-11-26,13510,7,9121,6,4389,1,10114,9,83596,43,93710,52,0,234,0,325,262,1,"Anderson",76978,133.80446361298,0.0924092409240924,67.5517680376211,9.09350723583361,9.24092409240924
2021-11-27,13515,5,9123,2,4392,3,10116,2,83632,36,93748,38,0,234,0,325,262,0,"Anderson",76978,128.608173763933,0.0970695970695971,49.3647535659539,6.49536231130973,9.70695970695971
2021-11-28,13525,10,9124,1,4401,9,10117,1,83670,38,93787,39,0,234,0,325,262,0,"Anderson",76978,126.010028839409,0.0890538033395176,50.6638260282159,12.9907246226195,8.90538033395176
2021-11-29,13552,27,9139,15,4413,12,10133,16,83749,79,93882,95,0,234,0,325,262,0,"Anderson",76978,124.710956377147,0.0931174089068826,123.411883914885,35.0749564810725,9.31174089068826
2021-11-30,13578,26,9152,13,4426,13,10145,12,83851,102,93996,114,0,234,1,326,262,0,"Anderson",76978,136.402608537504,0.104743083003953,148.094260697862,33.7758840188106,10.4743083003953
2021-12-01,13610,32,9171,19,4439,13,10164,19,83958,107,94122,126,0,234,2,328,262,0,"Anderson",76978,145.496115773338,0.117647058823529,163.683130245005,41.5703187923822,11.7647058823529
2021-12-02,13652,42,9195,24,4457,18,10190,26,84096,138,94286,164,0,234,0,328,265,3,"Anderson",76978,193.56179687703,0.135350318471338,213.047883810959,54.5610434150017,13.5350318471338
2021-12-03,13683,31,9213,18,4470,13,10209,19,84283,187,94492,206,1,235,1,329,265,0,"Anderson",76978,224.739535971316,0.121483375959079,267.608927225961,40.2712463301203,12.1483375959079
2021-12-04,13703,20,9226,13,4477,7,10223,14,84352,69,94575,83,0,235,0,329,265,0,"Anderson",76978,244.225622905246,0.129383313180169,107.823014367741,25.9814492452389,12.9383313180169
2021-12-05,13716,13,9228,2,4488,11,10225,2,84394,42,94619,44,0,235,0,329,265,0,"Anderson",76978,248.122840292031,0.129807692307692,57.1591883395256,16.8879420094053,12.9807692307692
2021-12-06,13751,35,9248,20,4503,15,10247,22,84496,102,94743,124,2,237,1,330,265,0,"Anderson",76978,258.515419990127,0.132404181184669,161.084985320481,45.4675361791681,13.2404181184669
2021-12-07,13780,29,9263,15,4517,14,10263,16,84591,95,94854,111,0,237,0,330,265,0,"Anderson",76978,262.412637376913,0.137529137529138,144.197043311076,37.6731014055964,13.7529137529138
2021-12-08,13807,27,9284,21,4523,6,10283,20,84712,121,94995,141,0,237,2,332,265,0,"Anderson",76978,255.917275065603,0.13631156930126,183.169217178934,35.0749564810725,13.631156930126
2021-12-09,13835,28,9300,16,4535,12,10300,17,84922,210,95222,227,0,237,1,333,265,0,"Anderson",76978,237.730260593936,0.117521367521368,294.889448933461,36.3740289433345,11.7521367521368
2021-12-10,13864,29,9317,17,4547,12,10317,17,85075,153,95392,170,0,237,2,335,265,0,"Anderson",76978,235.132115669412,0.12,220.842318584531,37.6731014055964,12
2021-12-11,13873,9,9322,5,4551,4,10323,6,85150,75,95473,81,0,237,0,335,266,1,"Anderson",76978,220.842318584531,0.111358574610245,105.224869443218,11.6916521603575,11.1358574610245
2021-12-12,13893,20,9333,11,4560,9,10334,11,85220,70,95554,81,0,237,0,335,266,0,"Anderson",76978,229.935825820364,0.116577540106952,105.224869443218,25.9814492452389,11.6577540106952
2021-12-13,13922,29,9339,6,4583,23,10341,7,85295,75,95636,82,0,237,0,335,269,3,"Anderson",76978,222.141391046793,0.105263157894737,106.523941905479,37.6731014055964,10.5263157894737
2021-12-14,13936,14,9344,5,4592,9,10347,6,85374,79,95721,85,3,240,1,336,269,0,"Anderson",76978,202.655304112863,0.0968858131487889,110.421159292265,18.1870144716672,9.68858131487889
2021-12-15,13962,26,9358,14,4604,12,10362,15,85503,129,95865,144,0,240,0,336,270,1,"Anderson",76978,201.356231650601,0.0908045977011494,187.06643456572,33.7758840188106,9.08045977011494
2021-12-16,13990,28,9368,10,4622,18,10377,15,85598,95,95975,110,0,240,2,338,270,0,"Anderson",76978,201.356231650601,0.102257636122178,142.897970848814,36.3740289433345,10.2257636122178
2021-12-17,14021,31,9391,23,4630,8,10399,22,85753,155,96152,177,1,241,0,338,271,1,"Anderson",76978,203.954376575125,0.107894736842105,229.935825820364,40.2712463301203,10.7894736842105
2021-12-18,14032,11,9400,9,4632,2,10409,10,85835,82,96244,92,0,241,0,338,271,0,"Anderson",76978,206.552521499649,0.111543450064851,119.514666528099,14.2897970848814,11.1543450064851
2021-12-19,14046,14,9408,8,4638,6,10420,11,85915,80,96335,91,0,241,0,338,271,0,"Anderson",76978,198.758086726078,0.1101152368758,118.215594065837,18.1870144716672,11.01152368758
2021-12-20,14070,24,9424,16,4646,8,10434,14,86001,86,96435,100,0,241,0,338,272,1,"Anderson",76978,192.262724414768,0.11639549436796,129.907246226195,31.1777390942867,11.639549436796
2021-12-21,14098,28,9432,8,4666,20,10445,11,86082,81,96527,92,0,241,0,338,272,0,"Anderson",76978,210.449738886435,0.121588089330025,119.514666528099,36.3740289433345,12.1588089330025
2021-12-22,14146,48,9446,14,4700,34,10456,11,86197,115,96653,126,19,260,1,339,273,1,"Anderson",76978,239.029333056198,0.119289340101523,163.683130245005,62.3554781885734,11.9289340101523
2021-12-23,14173,27,9461,15,4712,12,10473,17,86297,100,96770,117,-1,259,1,340,274,1,"Anderson",76978,237.730260593936,0.120754716981132,151.991478084648,35.0749564810725,12.0754716981132
2021-12-24,14199,26,9476,15,4723,11,10490,17,86384,87,96874,104,0,259,1,341,274,0,"Anderson",76978,231.234898282626,0.126038781163435,135.103536075242,33.7758840188106,12.6038781163435
2021-12-25,14213,14,9483,7,4730,7,10500,10,86442,58,96942,68,1,260,0,341,275,1,"Anderson",76978,235.132115669412,0.130372492836676,88.3369274338123,18.1870144716672,13.0372492836676
2021-12-26,14224,11,9487,4,4737,7,10506,6,86486,44,96992,50,1,261,0,341,275,0,"Anderson",76978,231.234898282626,0.13089802130898,64.9536231130973,14.2897970848814,13.089802130898
2021-12-27,14271,47,9506,19,4765,28,10526,20,86590,104,97116,124,1,262,2,343,276,1,"Anderson",76978,261.113564914651,0.135095447870778,161.084985320481,61.0564057263114,13.5095447870778
2021-12-28,14358,87,9542,36,4816,51,10562,36,86699,109,97261,145,0,262,0,343,276,0,"Anderson",76978,337.758840188106,0.159400544959128,188.365507027982,113.019304216789,15.9400544959128
2021-12-29,14439,81,9586,44,4853,37,10609,47,86857,158,97466,205,2,264,0,343,276,0,"Anderson",76978,380.62823144275,0.188191881918819,266.309854763699,105.224869443218,18.8191881918819
2021-12-30,14531,92,9628,42,4903,50,10647,38,86976,119,97623,157,1,265,0,343,276,0,"Anderson",76978,465.067941489776,0.203985932004689,203.954376575125,119.514666528099,20.3985932004689
2021-12-31,14599,68,9669,41,4930,27,10692,45,87093,117,97785,162,0,265,0,343,277,1,"Anderson",76978,519.628984904778,0.221734357848518,210.449738886435,88.3369274338123,22.1734357848518
2022-01-01,14660,61,9703,34,4957,27,10729,37,87192,99,97921,136,0,265,0,343,277,0,"Anderson",76978,580.685390631089,0.23391215526047,176.673854867625,79.2434201979787,23.391215526047
2022-01-02,14692,32,9726,23,4966,9,10762,33,87308,116,98070,149,0,265,0,343,278,1,"Anderson",76978,607.96591233859,0.23747680890538,193.56179687703,41.5703187923822,23.747680890538
2022-01-03,14753,61,9747,21,5006,40,10785,23,87384,76,98169,99,1,266,0,343,278,0,"Anderson",76978,626.152926810257,0.245963912630579,128.608173763933,79.2434201979787,24.5963912630579
2022-01-04,14879,126,9812,65,5067,61,10848,63,87558,174,98406,237,1,267,0,343,279,1,"Anderson",76978,676.816752838473,0.249781659388646,307.880173556081,163.683130245005,24.9781659388646
2022-01-05,15046,167,9898,86,5148,81,10934,86,87704,146,98638,232,1,268,0,343,280,1,"Anderson",76978,788.536984593001,0.277303754266212,301.384811244771,216.945101197745,27.7303754266212
2022-01-06,15188,142,9970,72,5218,70,11005,71,87824,120,98829,191,1,269,1,344,280,0,"Anderson",76978,853.490607706098,0.296849087893864,248.122840292031,184.468289641196,29.6849087893864
2022-01-07,15330,142,10043,73,5287,69,11083,78,87964,140,99047,218,0,269,1,345,280,0,"Anderson",76978,949.621969913482,0.309825673534073,283.197796773104,184.468289641196,30.9825673534073
2022-01-08,15433,103,10085,42,5348,61,11128,45,88039,75,99167,120,0,269,2,347,282,2,"Anderson",76978,1004.18301332848,0.320224719101124,155.888695471433,133.80446361298,32.0224719101124
2022-01-09,15518,85,10141,56,5377,29,11190,62,88182,143,99372,205,0,269,1,348,282,0,"Anderson",76978,1073.03385382837,0.328725038402458,266.309854763699,110.421159292265,32.8725038402458
2022-01-10,15673,155,10215,74,5458,81,11268,78,88295,113,99563,191,1,270,3,351,284,2,"Anderson",76978,1195.14666528099,0.34648493543759,248.122840292031,201.356231650601,34.648493543759
2022-01-11,15848,175,10324,109,5524,66,11370,102,88436,141,99806,243,0,270,0,351,285,1,"Anderson",76978,1258.80121593182,0.372857142857143,315.674608329653,227.33768089584,37.2857142857143
2022-01-12,16105,257,10487,163,5618,94,11534,164,88627,191,100161,355,0,270,1,352,285,0,"Anderson",76978,1375.7177375354,0.393959290873276,461.17072410299,333.86162280132,39.3959290873276
2022-01-13,16336,231,10638,151,5698,80,11689,155,88859,232,100548,387,4,274,0,352,285,0,"Anderson",76978,1491.33518667671,0.397905759162304,502.741042895373,300.085738782509,39.7905759162304
2022-01-14,16590,254,10781,143,5809,111,11838,149,89015,156,100853,305,2,276,1,353,285,0,"Anderson",76978,1636.83130245005,0.418050941306755,396.217100989893,329.964405414534,41.8050941306755
2022-01-15,16687,97,10840,59,5847,38,11900,62,89133,118,101033,180,1,277,2,355,285,0,"Anderson",76978,1629.03686767648,0.413719185423365,233.83304320715,126.010028839409,41.3719185423366
2022-01-16,16839,152,10968,128,5871,24,12033,133,89330,197,101363,330,0,277,1,356,285,0,"Anderson",76978,1716.07472264803,0.42340532395781,428.693912546442,197.459014263816,42.340532395781
2022-01-17,17019,180,11080,112,5939,68,12149,116,89449,119,101598,235,0,277,2,358,285,0,"Anderson",76978,1748.55153420458,0.432923832923833,305.282028631557,233.83304320715,43.2923832923833
2022-01-18,17235,216,11220,140,6015,76,12292,143,89586,137,101878,280,0,277,0,358,287,2,"Anderson",76978,1801.81350515732,0.444980694980695,363.740289433345,280.59965184858,44.4980694980695
2022-01-19,17538,303,11432,212,6106,91,12507,215,89806,220,102313,435,3,280,0,358,287,0,"Anderson",76978,1861.57083842137,0.452137546468401,565.096521083946,393.618956065369,45.2137546468402
2022-01-20,17836,298,11675,243,6161,55,12769,262,89963,157,102732,419,1,281,2,360,288,1,"Anderson",76978,1948.60869339292,0.494505494505495,544.311361687755,387.12359375406,49.4505494505495
2022-01-21,18082,246,11890,215,6192,31,12994,225,90182,219,103176,444,2,283,1,361,290,2,"Anderson",76978,1938.21611369482,0.497632371932845,576.788173244304,319.571825716438,49.7632371932845
2022-01-22,18210,128,11982,92,6228,36,13098,104,90301,119,103399,223,0,283,0,361,290,0,"Anderson",76978,1978.48736002494,0.506339814032122,289.693159084414,166.281275169529,50.6339814032122
2022-01-23,18338,128,12093,111,6245,17,13212,114,90408,107,103620,221,0,283,0,361,291,1,"Anderson",76978,1947.30962093066,0.522374833850244,287.09501415989,166.281275169529,52.2374833850244
2022-01-24,18605,267,12243,150,6362,117,13373,161,90586,178,103959,339,1,284,1,362,292,1,"Anderson",76978,2060.32892514744,0.518424396442186,440.385564706799,346.852347423939,51.8424396442186
2022-01-25,18789,184,12376,133,6413,51,13518,145,90706,120,104224,265,1,285,0,362,293,1,"Anderson",76978,2018.75860635506,0.522591645353794,344.254202499415,239.029333056198,52.2591645353794
2022-01-26,18995,206,12531,155,6464,51,13685,167,90858,152,104543,319,1,286,2,364,293,0,"Anderson",76978,1892.74857751565,0.528251121076233,414.40411546156,267.608927225961,52.8251121076233
2022-01-27,19218,223,12705,174,6513,49,13865,180,91078,220,104943,400,0,286,0,364,293,0,"Anderson",76978,1795.31814284601,0.495703301673451,519.628984904778,289.693159084414,49.5703301673451
2022-01-28,19408,190,12843,138,6565,52,14009,144,91241,163,105250,307,1,287,1,365,294,1,"Anderson",76978,1722.57008495934,0.489392478302797,398.815245914417,246.82376782977,48.9392478302797
2022-01-29,19552,144,12944,101,6608,43,14115,106,91358,117,105473,223,0,287,0,365,296,2,"Anderson",76978,1743.35524435553,0.490356798457088,289.693159084414,187.06643456572,49.0356798457088
2022-01-30,19619,67,12990,46,6629,21,14165,50,91449,91,105614,141,0,287,2,367,297,1,"Anderson",76978,1664.11182415755,0.477933801404213,183.169217178934,87.0378549715503,47.7933801404213
2022-01-31,19814,195,13110,120,6704,75,14305,140,91599,150,105904,290,4,291,1,368,299,2,"Anderson",76978,1570.57860687469,0.479177377892031,376.731014055964,253.319130141079,47.9177377892031
2022-02-01,19977,163,13205,95,6772,68,14412,107,91719,120,106131,227,1,292,1,369,299,0,"Anderson",76978,1543.29808516719,0.468799160985842,294.889448933461,211.748811348697,46.8799160985842
2022-02-02,20121,144,13292,87,6829,57,14505,93,91860,141,106365,234,1,293,0,369,300,1,"Anderson",76978,1462.75559250695,0.450054884742042,303.982956169295,187.06643456572,45.0054884742042
2022-02-03,20755,634,13384,92,7371,542,14604,99,92068,208,106672,307,2,295,1,370,302,2,"Anderson",76978,1996.67437449661,0.427414690572585,398.815245914417,823.611941074073,42.7414690572585
2022-02-04,20901,146,13494,110,7407,36,14714,110,92192,124,106906,234,0,295,0,370,305,3,"Anderson",76978,1939.51518615708,0.425724637681159,303.982956169295,189.664579490244,42.5724637681159
2022-02-05,20950,49,13520,26,7430,23,14744,30,92268,76,107012,106,0,295,0,370,306,1,"Anderson",76978,1816.1033022422,0.408706952566602,137.701680999766,63.6545506508353,40.8706952566602
2022-02-06,21009,59,13564,44,7445,15,14793,49,92342,74,107135,123,0,295,1,371,308,2,"Anderson",76978,1805.7107225441,0.412886259040105,159.785912858219,76.6452752734548,41.2886259040105
2022-02-07,21093,84,13615,51,7478,33,14849,56,92444,102,107293,158,3,298,0,371,309,1,"Anderson",76978,1661.51367923303,0.391648668106551,205.253449037387,109.122086830003,39.1648668106551
2022-02-08,21179,86,13663,48,7516,38,14907,58,92541,97,107448,155,0,298,0,371,309,0,"Anderson",76978,1561.48509963886,0.375854214123007,201.356231650601,111.720231754527,37.5854214123007
2022-02-09,21278,99,13727,64,7551,35,14981,74,92648,107,107629,181,0,298,0,371,310,1,"Anderson",76978,1503.02683883707,0.376582278481013,235.132115669412,128.608173763933,37.6582278481013
2022-02-10,21366,88,13777,50,7589,38,15035,54,92774,126,107809,180,2,300,0,371,311,1,"Anderson",76978,793.733274442048,0.379067722075638,233.83304320715,114.318376679051,37.9067722075638
2022-02-11,21425,59,13819,42,7606,17,15080,45,92876,102,107956,147,1,301,0,371,311,0,"Anderson",76978,680.713970225259,0.348571428571429,190.963651952506,76.6452752734548,34.8571428571429
2022-02-12,21456,31,13842,23,7614,8,15105,25,92938,62,108043,87,0,301,1,372,311,0,"Anderson",76978,657.330665904544,0.350145489815713,113.019304216789,40.2712463301203,35.0145489815713
2022-02-13,21477,21,13856,14,7621,7,15120,15,92985,47,108105,62,0,301,0,372,312,1,"Anderson",76978,607.96591233859,0.337113402061856,80.5424926602406,27.2805217075008,33.7113402061856
2022-02-14,21528,51,13883,27,7645,24,15156,36,93042,57,108198,93,1,302,0,372,312,0,"Anderson",76978,565.096521083946,0.339226519337017,120.813738990361,66.2526955753592,33.9226519337017
2022-02-15,21584,56,13922,39,7662,17,15201,45,93119,77,108320,122,0,302,0,372,313,1,"Anderson",76978,526.124347216088,0.337155963302752,158.486840395957,72.7480578866689,33.7155963302752
2022-02-16,21646,62,13955,33,7691,29,15232,31,93211,92,108443,123,0,302,0,372,313,0,"Anderson",76978,478.058666112396,0.308353808353808,159.785912858219,80.5424926602406,30.8353808353808
2022-02-17,21694,48,13988,33,7706,15,15267,35,93305,94,108572,129,0,302,0,372,314,1,"Anderson",76978,426.095767621918,0.304062909567497,167.580347631791,62.3554781885734,30.4062909567497
2022-02-18,21742,48,14019,31,7723,17,15304,37,93377,72,108681,109,0,302,0,372,315,1,"Anderson",76978,411.805970537037,0.308965517241379,141.598898386552,62.3554781885734,30.8965517241379
2022-02-19,21768,26,14029,10,7739,16,15315,11,93432,55,108747,66,0,302,0,372,317,2,"Anderson",76978,405.310608225727,0.298295454545455,85.7387825092884,33.7758840188106,29.8295454545455
2022-02-20,21778,10,14032,3,7746,7,15317,2,93469,37,108786,39,0,302,0,372,317,0,"Anderson",76978,391.020811140845,0.28928046989721,50.6638260282159,12.9907246226195,28.928046989721
2022-02-21,21794,16,14041,9,7753,7,15327,10,93498,29,108825,39,0,302,2,374,318,1,"Anderson",76978,345.553274961677,0.272727272727273,50.6638260282159,20.7851593961911,27.2727272727273
2022-02-22,21829,35,14056,15,7773,20,15345,18,93575,77,108920,95,2,304,0,374,318,0,"Anderson",76978,318.272753254177,0.24,123.411883914885,45.4675361791681,24
2022-02-23,21864,35,14073,17,7791,18,15364,19,93641,66,109005,85,4,308,0,374,319,1,"Anderson",76978,283.197796773104,0.234875444839858,110.421159292265,45.4675361791681,23.4875444839858
2022-02-24,21892,28,14087,14,7805,14,15381,17,93719,78,109100,95,1,309,0,374,320,1,"Anderson",76978,257.216347527865,0.215909090909091,123.411883914885,36.3740289433345,21.5909090909091
2022-02-25,21905,13,14093,6,7812,7,15387,6,93786,67,109173,73,-1,308,0,374,320,0,"Anderson",76978,211.748811348697,0.16869918699187,94.832289745122,16.8879420094053,16.869918699187
2022-02-26,21918,13,14098,5,7820,8,15394,7,93831,45,109225,52,0,308,1,375,320,0,"Anderson",76978,194.860869339292,0.165271966527197,67.5517680376211,16.8879420094053,16.5271966527197
2022-02-27,21918,0,14098,0,7820,0,15395,1,93848,17,109243,18,0,308,0,375,320,0,"Anderson",76978,181.870144716672,0.170678336980306,23.383304320715,0,17.0678336980306
2022-02-28,21936,18,14107,9,7829,9,15407,12,93905,57,109312,69,0,308,0,375,320,0,"Anderson",76978,184.468289641196,0.164271047227926,89.6359998960742,23.383304320715,16.4271047227926
2022-03-01,21949,13,14114,7,7835,6,15415,8,93950,45,109365,53,-1,307,0,375,322,2,"Anderson",76978,155.888695471433,0.157303370786517,68.8508404998831,16.8879420094053,15.7303370786517
2022-03-02,21959,10,14120,6,7839,4,15423,8,94003,53,109426,61,2,309,0,375,323,1,"Anderson",76978,123.411883914885,0.140142517814727,79.2434201979787,12.9907246226195,14.0142517814727
2022-03-03,21969,10,14122,2,7847,8,15425,2,94047,44,109472,46,2,311,0,375,323,0,"Anderson",76978,100.02857959417,0.118279569892473,59.7573332640495,12.9907246226195,11.8279569892473
2022-03-04,21978,9,14125,3,7853,6,15430,5,94111,64,109541,69,0,311,0,375,324,1,"Anderson",76978,94.832289745122,0.116847826086957,89.6359998960742,11.6916521603575,11.6847826086957
2022-03-05,21983,5,14126,1,7857,4,15431,1,94152,41,109583,42,0,311,0,375,325,1,"Anderson",76978,84.4397100470264,0.103351955307263,54.5610434150017,6.49536231130973,10.3351955307263
2022-03-06,21985,2,14127,1,7858,1,15432,1,94176,24,109608,25,0,311,1,376,326,1,"Anderson",76978,87.0378549715503,0.101369863013699,32.4768115565486,2.59814492452389,10.1369863013699
2022-03-07,21998,13,14129,2,7869,11,15434,2,94209,33,109643,35,1,312,0,376,326,0,"Anderson",76978,80.5424926602406,0.081570996978852,45.4675361791681,16.8879420094053,8.1570996978852
2022-03-08,22049,51,14131,2,7918,49,15437,3,94239,30,109676,33,0,312,0,376,327,1,"Anderson",76978,129.907246226195,0.0707395498392283,42.8693912546442,66.2526955753592,7.07395498392283
2022-03-09,22056,7,14137,6,7919,1,15442,5,94277,38,109719,43,0,312,0,376,327,0,"Anderson",76978,126.010028839409,0.0648464163822526,55.8601158772636,9.09350723583361,6.48464163822526
2022-03-10,22061,5,14141,4,7920,1,15449,7,94323,46,109772,53,3,315,0,376,327,0,"Anderson",76978,119.514666528099,0.08,68.8508404998831,6.49536231130973,8
2022-03-11,22067,6,14141,0,7926,6,15450,1,94362,39,109812,40,1,316,1,377,327,0,"Anderson",76978,115.617449141313,0.0738007380073801,51.9628984904778,7.79443477357167,7.38007380073801
2022-03-12,22067,0,14141,0,7926,0,15450,0,94384,22,109834,22,0,316,0,377,329,2,"Anderson",76978,109.122086830003,0.0756972111553785,28.5795941697628,0,7.56972111553785
2022-03-13,22070,3,14143,2,7927,1,15451,1,94428,44,109879,45,1,317,0,377,329,0,"Anderson",76978,110.421159292265,0.0701107011070111,58.4582608017875,3.89721738678583,7.01107011070111
2022-03-14,22077,7,14147,4,7930,3,15458,7,94454,26,109912,33,2,319,1,378,329,0,"Anderson",76978,102.626724518694,0.0892193308550186,42.8693912546442,9.09350723583361,8.92193308550186
2022-03-15,22081,4,14148,1,7933,3,15458,0,94476,22,109934,22,0,319,0,378,330,1,"Anderson",76978,41.5703187923822,0.0813953488372093,28.5795941697628,5.19628984904778,8.13953488372093
2022-03-16,22083,2,14150,2,7933,0,15461,3,94500,24,109961,27,1,320,0,378,330,0,"Anderson",76978,35.0749564810725,0.0785123966942149,35.0749564810725,2.59814492452389,7.85123966942149
2022-03-17,22083,0,14150,0,7933,0,15463,2,94529,29,109992,31,0,320,0,378,330,0,"Anderson",76978,28.5795941697628,0.0636363636363636,40.2712463301203,0,6.36363636363636
2022-03-18,22085,2,14152,2,7933,0,15465,2,94573,44,110038,46,0,320,0,378,331,1,"Anderson",76978,23.383304320715,0.0663716814159292,59.7573332640495,2.59814492452389,6.63716814159292
2022-03-19,22085,0,14152,0,7933,0,15465,0,94593,20,110058,20,0,320,0,378,331,0,"Anderson",76978,23.383304320715,0.0669642857142857,25.9814492452389,0,6.69642857142857
2022-03-20,22090,5,14156,4,7934,1,15470,5,94612,19,110082,24,0,320,0,378,332,1,"Anderson",76978,25.9814492452389,0.0935960591133005,31.1777390942867,6.49536231130973,9.35960591133005
2022-03-21,22091,1,14156,0,7935,1,15470,0,94625,13,110095,13,2,322,0,378,332,0,"Anderson",76978,18.1870144716672,0.0655737704918033,16.8879420094053,1.29907246226194,6.55737704918033
2022-03-22,22091,0,14156,0,7935,0,15471,1,94631,6,110102,7,0,322,0,378,332,0,"Anderson",76978,12.9907246226194,0.0773809523809524,9.09350723583361,0,7.73809523809524
2022-03-23,22093,2,14158,2,7935,0,15473,2,94656,25,110129,27,0,322,0,378,333,1,"Anderson",76978,12.9907246226194,0.0714285714285714,35.0749564810725,2.59814492452389,7.14285714285714
2022-03-24,22094,1,14158,0,7936,1,15474,1,94672,16,110146,17,0,322,0,378,334,1,"Anderson",76978,14.2897970848814,0.0714285714285714,22.0842318584531,1.29907246226194,7.14285714285714
2022-03-25,22095,1,14159,1,7936,0,15476,2,94695,23,110171,25,0,322,0,378,334,0,"Anderson",76978,12.9907246226194,0.0827067669172932,32.4768115565486,1.29907246226194,8.27067669172932
2022-03-26,22096,1,14160,1,7936,0,15477,1,94714,19,110191,20,0,322,0,378,334,0,"Anderson",76978,14.2897970848814,0.0902255639097744,25.9814492452389,1.29907246226194,9.02255639097744
2022-03-27,22096,0,14160,0,7936,0,15477,0,94725,11,110202,11,0,322,0,378,334,0,"Anderson",76978,7.79443477357167,0.0583333333333333,14.2897970848814,0,5.83333333333333
2022-03-28,22100,4,14163,3,7937,1,15480,3,94769,44,110249,47,1,323,0,378,336,2,"Anderson",76978,11.6916521603575,0.0649350649350649,61.0564057263114,5.19628984904778,6.49350649350649
2022-03-29,22100,0,14163,0,7937,0,15480,0,94782,13,110262,13,1,324,0,378,337,1,"Anderson",76978,11.6916521603575,0.05625,16.8879420094053,0,5.625
2022-03-30,22102,2,14163,0,7939,2,15481,1,94805,23,110286,24,1,325,0,378,337,0,"Anderson",76978,11.6916521603575,0.0509554140127389,31.1777390942867,2.59814492452389,5.09554140127389
2022-03-31,22104,2,14164,1,7940,1,15482,1,94825,20,110307,21,0,325,0,378,337,0,"Anderson",76978,12.9907246226194,0.0496894409937888,27.2805217075008,2.59814492452389,4.96894409937888
2022-04-01,22107,3,14165,1,7942,2,15483,1,94862,37,110345,38,3,328,0,378,337,0,"Anderson",76978,15.5888695471433,0.0402298850574713,49.3647535659539,3.89721738678583,4.02298850574713
2022-04-02,22108,1,14166,1,7942,0,15485,2,94882,20,110367,22,0,328,0,378,337,0,"Anderson",76978,15.5888695471433,0.0454545454545455,28.5795941697628,1.29907246226194,4.54545454545455
2022-04-03,22108,0,14166,0,7942,0,15485,0,94894,12,110379,12,0,328,0,378,337,0,"Anderson",76978,15.5888695471433,0.0451977401129944,15.5888695471433,0,4.51977401129944
2022-04-04,22110,2,14167,1,7943,1,15486,1,94913,19,110399,20,0,328,0,378,337,0,"Anderson",76978,12.9907246226194,0.04,25.9814492452389,2.59814492452389,4
2022-04-05,22116,6,14168,1,7948,5,15487,1,94932,19,110419,20,3,331,0,378,338,1,"Anderson",76978,20.7851593961911,0.0445859872611465,25.9814492452389,7.79443477357167,4.45859872611465
2022-04-06,22119,3,14171,3,7948,0,15491,4,94956,24,110447,28,0,331,0,378,338,0,"Anderson",76978,22.0842318584531,0.062111801242236,36.3740289433345,3.89721738678583,6.2111801242236
2022-04-07,22122,3,14171,0,7951,3,15491,0,94979,23,110470,23,1,332,0,378,338,0,"Anderson",76978,23.383304320715,0.0552147239263804,29.8786666320247,3.89721738678583,5.52147239263804
2022-04-08,22123,1,14171,0,7952,1,15491,0,95010,31,110501,31,1,333,0,378,338,0,"Anderson",76978,20.7851593961911,0.0512820512820513,40.2712463301203,1.29907246226194,5.12820512820513
2022-04-09,22123,0,14171,0,7952,0,15491,0,95020,10,110511,10,0,333,0,378,338,0,"Anderson",76978,19.4860869339292,0.0416666666666667,12.9907246226195,0,4.16666666666667
2022-04-10,22123,0,14171,0,7952,0,15491,0,95030,10,110521,10,0,333,0,378,338,0,"Anderson",76978,19.4860869339292,0.0422535211267606,12.9907246226195,0,4.22535211267606
2022-04-11,22126,3,14171,0,7955,3,15491,0,95048,18,110539,18,0,333,0,378,338,0,"Anderson",76978,20.7851593961911,0.0357142857142857,23.383304320715,3.89721738678583,3.57142857142857
2022-04-12,22130,4,14174,3,7956,1,15495,4,95066,18,110561,22,1,334,0,378,339,1,"Anderson",76978,18.1870144716672,0.0563380281690141,28.5795941697628,5.19628984904778,5.63380281690141
2022-04-13,22133,3,14175,1,7958,2,15496,1,95088,22,110584,23,0,334,0,378,339,0,"Anderson",76978,18.1870144716672,0.0364963503649635,29.8786666320247,3.89721738678583,3.64963503649635
2022-04-14,22136,3,14175,0,7961,3,15496,0,95104,16,110600,16,0,334,0,378,339,0,"Anderson",76978,18.1870144716672,0.0384615384615385,20.7851593961911,3.89721738678583,3.84615384615385
2022-04-15,22140,4,14178,3,7962,1,15500,4,95124,20,110624,24,0,334,0,378,339,0,"Anderson",76978,22.0842318584531,0.0731707317073171,31.1777390942867,5.19628984904778,7.31707317073171
2022-04-16,22141,1,14178,0,7963,1,15500,0,95138,14,110638,14,0,334,0,378,339,0,"Anderson",76978,23.383304320715,0.0708661417322835,18.1870144716672,1.29907246226194,7.08661417322835
2022-04-17,22143,2,14178,0,7965,2,15501,1,95153,15,110654,16,0,334,0,378,339,0,"Anderson",76978,25.9814492452389,0.075187969924812,20.7851593961911,2.59814492452389,7.5187969924812
2022-04-18,22149,6,14180,2,7969,4,15503,2,95173,20,110676,22,-1,333,0,378,339,0,"Anderson",76978,29.8786666320247,0.0875912408759124,28.5795941697628,7.79443477357167,8.75912408759124
2022-04-19,22153,4,14181,1,7972,3,15504,1,95186,13,110690,14,0,333,0,378,339,0,"Anderson",76978,29.8786666320247,0.0697674418604651,18.1870144716672,5.19628984904778,6.97674418604651
2022-04-20,22159,6,14183,2,7976,4,15506,2,95219,33,110725,35,1,334,0,378,339,0,"Anderson",76978,33.7758840188106,0.0709219858156028,45.4675361791681,7.79443477357167,7.09219858156028
2022-04-21,22162,3,14184,1,7978,2,15507,1,95245,26,110752,27,0,334,0,378,339,0,"Anderson",76978,33.7758840188106,0.0723684210526316,35.0749564810725,3.89721738678583,7.23684210526316
2022-04-22,22164,2,14185,1,7979,1,15508,1,95277,32,110785,33,0,334,0,378,339,0,"Anderson",76978,31.1777390942867,0.0496894409937888,42.8693912546442,2.59814492452389,4.96894409937888
2022-04-23,22166,2,14187,2,7979,0,15509,1,95302,25,110811,26,0,334,0,378,339,0,"Anderson",76978,32.4768115565486,0.0520231213872832,33.7758840188106,2.59814492452389,5.20231213872832
2022-04-24,22169,3,14187,0,7982,3,15509,0,95319,17,110828,17,0,334,0,378,339,0,"Anderson",76978,33.7758840188106,0.0459770114942529,22.0842318584531,3.89721738678583,4.59770114942529
2022-04-25,22187,18,14189,2,7998,16,15511,2,95330,11,110841,13,0,334,0,378,340,1,"Anderson",76978,49.3647535659539,0.0484848484848485,16.8879420094053,23.383304320715,4.84848484848485
2022-04-26,22201,14,14194,5,8007,9,15517,6,95351,21,110868,27,0,334,0,378,340,0,"Anderson",76978,62.3554781885734,0.0730337078651685,35.0749564810725,18.1870144716672,7.30337078651685
2022-04-27,22215,14,14199,5,8016,9,15522,5,95387,36,110909,41,0,334,0,378,341,1,"Anderson",76978,72.7480578866689,0.0869565217391304,53.2619709527397,18.1870144716672,8.69565217391304
2022-04-28,22220,5,14201,2,8019,3,15524,2,95410,23,110934,25,0,334,0,378,341,0,"Anderson",76978,75.3462028111928,0.0934065934065934,32.4768115565486,6.49536231130973,9.34065934065934
2022-04-29,22226,6,14202,1,8024,5,15525,1,95431,21,110956,22,0,334,0,378,341,0,"Anderson",76978,80.5424926602406,0.0994152046783626,28.5795941697628,7.79443477357167,9.94152046783626
2022-04-30,22228,2,14203,1,8025,1,15525,0,95460,29,110985,29,0,334,0,378,341,0,"Anderson",76978,80.5424926602406,0.0919540229885057,37.6731014055964,2.59814492452389,9.19540229885057
2022-05-01,22230,2,14203,0,8027,2,15525,0,95468,8,110993,8,0,334,0,378,341,0,"Anderson",76978,79.2434201979786,0.096969696969697,10.3925796980956,2.59814492452389,9.6969696969697
2022-05-02,22238,8,14208,5,8030,3,15529,4,95499,31,111028,35,0,334,0,378,341,0,"Anderson",76978,66.2526955753592,0.0962566844919786,45.4675361791681,10.3925796980956,9.62566844919786
2022-05-03,22244,6,14213,5,8031,1,15534,5,95510,11,111044,16,0,334,0,378,341,0,"Anderson",76978,55.8601158772636,0.0965909090909091,20.7851593961911,7.79443477357167,9.65909090909091
2022-05-04,22256,12,14217,4,8039,8,15539,5,95534,24,111073,29,0,334,0,378,341,0,"Anderson",76978,53.2619709527397,0.103658536585366,37.6731014055964,15.5888695471433,10.3658536585366
2022-05-05,22264,8,14223,6,8041,2,15545,6,95552,18,111097,24,0,334,0,378,341,0,"Anderson",76978,57.1591883395256,0.128834355828221,31.1777390942867,10.3925796980956,12.8834355828221
2022-05-06,22265,1,14223,0,8042,1,15545,0,95576,24,111121,24,0,334,0,378,341,0,"Anderson",76978,50.6638260282159,0.121212121212121,31.1777390942867,1.29907246226194,12.1212121212121
2022-05-07,22274,9,14227,4,8047,5,15549,4,95592,16,111141,20,0,334,0,378,342,1,"Anderson",76978,59.7573332640495,0.153846153846154,25.9814492452389,11.6916521603575,15.3846153846154
2022-05-08,22275,1,14227,0,8048,1,15549,0,95606,14,111155,14,0,334,0,378,342,0,"Anderson",76978,58.4582608017875,0.148148148148148,18.1870144716672,1.29907246226194,14.8148148148148
2022-05-09,22281,6,14229,2,8052,4,15550,1,95621,15,111171,16,0,334,0,378,342,0,"Anderson",76978,55.8601158772636,0.146853146853147,20.7851593961911,7.79443477357167,14.6853146853147
2022-05-10,22291,10,14231,2,8060,8,15553,3,95653,32,111206,35,1,335,0,378,342,0,"Anderson",76978,61.0564057263114,0.117283950617284,45.4675361791681,12.9907246226195,11.7283950617284
2022-05-11,22304,13,14241,10,8063,3,15565,12,95671,18,111236,30,0,335,0,378,342,0,"Anderson",76978,62.3554781885734,0.159509202453988,38.9721738678584,16.8879420094053,15.9509202453988
2022-05-12,22310,6,14246,5,8064,1,15570,5,95699,28,111269,33,0,335,0,378,342,0,"Anderson",76978,59.7573332640495,0.145348837209302,42.8693912546442,7.79443477357167,14.5348837209302
2022-05-13,22318,8,14251,5,8067,3,15575,5,95735,36,111310,41,2,337,0,378,343,1,"Anderson",76978,68.8508404998831,0.158730158730159,53.2619709527397,10.3925796980956,15.8730158730159
2022-05-14,22321,3,14253,2,8068,1,15577,2,95744,9,111321,11,0,337,0,378,343,0,"Anderson",76978,61.0564057263114,0.155555555555556,14.2897970848814,3.89721738678583,15.5555555555556
2022-05-15,22325,4,14253,0,8072,4,15577,0,95758,14,111335,14,0,337,0,378,343,0,"Anderson",76978,64.9536231130973,0.155555555555556,18.1870144716672,5.19628984904778,15.5555555555556
2022-05-16,22335,10,14259,6,8076,4,15582,5,95781,23,111363,28,0,337,0,378,343,0,"Anderson",76978,70.149912962145,0.166666666666667,36.3740289433345,12.9907246226195,16.6666666666667
2022-05-17,22348,13,14268,9,8080,4,15592,10,95808,27,111400,37,2,339,0,378,343,0,"Anderson",76978,74.0471303489309,0.201030927835052,48.065681103692,16.8879420094053,20.1030927835052
2022-05-18,22356,8,14275,7,8081,1,15600,8,95835,27,111435,35,0,339,0,378,344,1,"Anderson",76978,67.5517680376211,0.175879396984925,45.4675361791681,10.3925796980956,17.5879396984925
2022-05-19,22366,10,14282,7,8084,3,15608,8,95862,27,111470,35,1,340,0,378,344,0,"Anderson",76978,72.7480578866689,0.189054726368159,45.4675361791681,12.9907246226195,18.9054726368159
2022-05-20,22378,12,14291,9,8087,3,15617,9,95891,29,111508,38,0,340,0,378,344,0,"Anderson",76978,77.9443477357167,0.212121212121212,49.3647535659539,15.5888695471433,21.2121212121212
2022-05-21,22384,6,14297,6,8087,0,15623,6,95917,26,111540,32,0,340,0,378,344,0,"Anderson",76978,81.8415651225025,0.210045662100457,41.5703187923822,7.79443477357167,21.0045662100457
2022-05-22,22393,9,14303,6,8090,3,15629,6,95942,25,111571,31,1,341,0,378,344,0,"Anderson",76978,88.3369274338123,0.220338983050847,40.2712463301203,11.6916521603575,22.0338983050847
2022-05-23,22404,11,14312,9,8092,2,15636,7,95975,33,111611,40,0,341,0,378,344,0,"Anderson",76978,89.6359998960742,0.217741935483871,51.9628984904778,14.2897970848814,21.7741935483871
2022-05-24,22425,21,14319,7,8106,14,15644,8,95996,21,111640,29,0,341,0,378,344,0,"Anderson",76978,100.02857959417,0.216666666666667,37.6731014055964,27.2805217075008,21.6666666666667
2022-05-25,22437,12,14325,6,8112,6,15650,6,96029,33,111679,39,1,342,0,378,344,0,"Anderson",76978,105.224869443218,0.204918032786885,50.6638260282159,15.5888695471433,20.4918032786885
2022-05-26,22454,17,14333,8,8121,9,15660,10,96070,41,111730,51,0,342,0,378,344,0,"Anderson",76978,114.318376679051,0.2,66.2526955753592,22.0842318584531,20
2022-05-27,22469,15,14342,9,8127,6,15669,9,96116,46,111785,55,0,342,0,378,344,0,"Anderson",76978,118.215594065837,0.187725631768953,71.448985424407,19.4860869339292,18.7725631768953
2022-05-28,22478,9,14348,6,8130,3,15675,6,96167,51,111842,57,0,342,0,378,344,0,"Anderson",76978,122.112811452623,0.172185430463576,74.0471303489309,11.6916521603575,17.2185430463576
2022-05-29,22486,8,14350,2,8136,6,15677,2,96189,22,111866,24,0,342,0,378,344,0,"Anderson",76978,120.813738990361,0.16271186440678,31.1777390942867,10.3925796980956,16.271186440678
2022-05-30,22491,5,14351,1,8140,4,15679,2,96204,15,111883,17,0,342,0,378,344,0,"Anderson",76978,113.019304216789,0.158088235294118,22.0842318584531,6.49536231130973,15.8088235294118
2022-05-31,22506,15,14358,7,8148,8,15685,6,96231,27,111916,33,0,342,0,378,344,0,"Anderson",76978,105.224869443218,0.148550724637681,42.8693912546442,19.4860869339292,14.8550724637681
2022-06-01,22530,24,14371,13,8159,11,15702,17,96258,27,111960,44,0,342,0,378,344,0,"Anderson",76978,120.813738990361,0.185053380782918,57.1591883395256,31.1777390942867,18.5053380782918
2022-06-02,22547,17,14380,9,8167,8,15710,8,96282,24,111992,32,0,342,0,378,344,0,"Anderson",76978,120.813738990361,0.190839694656489,41.5703187923822,22.0842318584531,19.0839694656489
2022-06-03,22561,14,14388,8,8173,6,15719,9,96332,50,112051,59,0,342,0,378,344,0,"Anderson",76978,119.514666528099,0.18796992481203,76.6452752734548,18.1870144716672,18.796992481203
2022-06-04,22568,7,14393,5,8175,2,15725,6,96361,29,112086,35,0,342,0,378,344,0,"Anderson",76978,116.916521603575,0.204918032786885,45.4675361791681,9.09350723583361,20.4918032786885
2022-06-05,22578,10,14400,7,8178,3,15733,8,96378,17,112111,25,0,342,0,378,344,0,"Anderson",76978,119.514666528099,0.228571428571429,32.4768115565486,12.9907246226195,22.8571428571429
2022-06-06,22604,26,14413,13,8191,13,15746,13,96401,23,112147,36,0,342,0,378,345,1,"Anderson",76978,146.7951882356,0.253787878787879,46.76660864143,33.7758840188106,25.3787878787879
2022-06-07,22626,22,14421,8,8205,14,15754,8,96421,20,112175,28,0,342,0,378,345,0,"Anderson",76978,155.888695471433,0.266409266409266,36.3740289433345,28.5795941697628,26.6409266409266
2022-06-08,22649,23,14436,15,8213,8,15772,18,96470,49,112242,67,0,342,0,378,345,0,"Anderson",76978,154.589623009171,0.24822695035461,87.0378549715503,29.8786666320247,24.822695035461
2022-06-09,22667,18,14448,12,8219,6,15785,13,96505,35,112290,48,0,342,1,379,346,1,"Anderson",76978,155.888695471433,0.251677852348993,62.3554781885734,23.383304320715,25.1677852348993
2022-06-10,22690,23,14464,16,8226,7,15802,17,96566,61,112368,78,0,342,0,379,346,0,"Anderson",76978,167.580347631791,0.261829652996845,101.327652056432,29.8786666320247,26.1829652996845
2022-06-11,22699,9,14468,4,8231,5,15807,5,96584,18,112391,23,0,342,0,379,346,0,"Anderson",76978,170.178492556315,0.268852459016393,29.8786666320247,11.6916521603575,26.8852459016393
2022-06-12,22707,8,14470,2,8237,6,15809,2,96598,14,112407,16,0,342,0,379,346,0,"Anderson",76978,167.580347631791,0.256756756756757,20.7851593961911,10.3925796980956,25.6756756756757
2022-06-13,22724,17,14476,6,8248,11,15815,6,96622,24,112437,30,0,342,0,379,346,0,"Anderson",76978,155.888695471433,0.237931034482759,38.9721738678584,22.0842318584531,23.7931034482759
2022-06-14,22754,30,14490,14,8264,16,15831,16,96659,37,112490,53,1,343,0,379,347,1,"Anderson",76978,166.281275169529,0.244444444444444,68.8508404998831,38.9721738678584,24.4444444444444
2022-06-15,22771,17,14502,12,8269,5,15845,14,96682,23,112527,37,1,344,0,379,347,0,"Anderson",76978,158.486840395957,0.256140350877193,48.065681103692,22.0842318584531,25.6140350877193
2022-06-16,22796,25,14514,12,8282,13,15856,11,96710,28,112566,39,1,345,0,379,347,0,"Anderson",76978,167.580347631791,0.257246376811594,50.6638260282159,32.4768115565486,25.7246376811594
2022-06-17,22818,22,14526,12,8292,10,15871,15,96733,23,112604,38,0,345,0,379,348,1,"Anderson",76978,166.281275169529,0.292372881355932,49.3647535659539,28.5795941697628,29.2372881355932
2022-06-18,22829,11,14534,8,8295,3,15880,9,96756,23,112636,32,1,346,0,379,348,0,"Anderson",76978,168.879420094053,0.297959183673469,41.5703187923822,14.2897970848814,29.7959183673469
2022-06-19,22844,15,14539,5,8305,10,15885,5,96774,18,112659,23,0,346,0,379,348,0,"Anderson",76978,177.972927329886,0.301587301587302,29.8786666320247,19.4860869339292,30.1587301587302
2022-06-20,22856,12,14543,4,8313,8,15892,7,96790,16,112682,23,0,346,0,379,348,0,"Anderson",76978,171.477565018577,0.314285714285714,29.8786666320247,15.5888695471433,31.4285714285714
2022-06-21,22881,25,14552,9,8329,16,15899,7,96802,12,112701,19,0,346,0,379,348,0,"Anderson",76978,164.982202707267,0.322274881516588,24.682376782977,32.4768115565486,32.2274881516588
2022-06-22,22921,40,14582,30,8339,10,15929,30,96852,50,112781,80,0,346,0,379,348,0,"Anderson",76978,194.860869339292,0.330708661417323,103.925796980956,51.9628984904778,33.0708661417323
2022-06-23,22939,18,14593,11,8346,7,15943,14,96875,23,112818,37,0,346,0,379,349,1,"Anderson",76978,185.767362103458,0.345238095238095,48.065681103692,23.383304320715,34.5238095238095
2022-06-24,22972,33,14604,11,8368,22,15955,12,96908,33,112863,45,0,346,0,379,349,0,"Anderson",76978,200.05715918834,0.324324324324324,58.4582608017875,42.8693912546442,32.4324324324324
2022-06-25,22983,11,14607,3,8376,8,15961,6,96937,29,112898,35,0,346,0,379,349,0,"Anderson",76978,200.05715918834,0.309160305343511,45.4675361791681,14.2897970848814,30.9160305343511
2022-06-26,22993,10,14613,6,8380,4,15966,5,96963,26,112929,31,0,346,0,379,349,0,"Anderson",76978,193.56179687703,0.3,40.2712463301203,12.9907246226195,30
2022-06-27,23016,23,14625,12,8391,11,15978,12,96979,16,112957,28,1,347,0,379,349,0,"Anderson",76978,207.851593961911,0.312727272727273,36.3740289433345,29.8786666320247,31.2727272727273
2022-06-28,23046,30,14641,16,8405,14,15994,16,97008,29,113002,45,1,348,0,379,349,0,"Anderson",76978,214.346956273221,0.315614617940199,58.4582608017875,38.9721738678584,31.5614617940199
2022-06-29,23068,22,14650,9,8418,13,16005,11,97050,42,113055,53,1,349,0,379,349,0,"Anderson",76978,190.963651952506,0.277372262773723,68.8508404998831,28.5795941697628,27.7372262773723
2022-06-30,23104,36,14662,12,8442,24,16018,13,97095,45,113113,58,0,349,0,379,349,0,"Anderson",76978,214.346956273221,0.254237288135593,75.3462028111928,46.76660864143,25.4237288135593
2022-07-01,23126,22,14674,12,8452,10,16031,13,97135,40,113166,53,0,349,0,379,349,0,"Anderson",76978,200.05715918834,0.250825082508251,68.8508404998831,28.5795941697628,25.0825082508251
2022-07-02,23154,28,14688,14,8466,14,16046,15,97155,20,113201,35,0,349,0,379,349,0,"Anderson",76978,222.141391046793,0.280528052805281,45.4675361791681,36.3740289433345,28.0528052805281
2022-07-03,23165,11,14694,6,8471,5,16052,6,97172,17,113224,23,0,349,0,379,349,0,"Anderson",76978,223.440463509055,0.291525423728814,29.8786666320247,14.2897970848814,29.1525423728814
2022-07-04,23181,16,14699,5,8482,11,16057,5,97180,8,113237,13,0,349,0,379,350,1,"Anderson",76978,214.346956273221,0.282142857142857,16.8879420094053,20.7851593961911,28.2142857142857
2022-07-05,23202,21,14709,10,8493,11,16068,11,97205,25,113273,36,0,349,0,379,351,1,"Anderson",76978,202.655304112863,0.273062730627306,46.76660864143,27.2805217075008,27.3062730627306
2022-07-06,23216,14,14715,6,8501,8,16075,7,97234,29,113309,36,0,349,0,379,351,0,"Anderson",76978,192.262724414768,0.275590551181102,46.76660864143,18.1870144716672,27.5590551181102
2022-07-07,23248,32,14730,15,8518,17,16090,15,97260,26,113350,41,0,349,0,379,351,0,"Anderson",76978,187.06643456572,0.30379746835443,53.2619709527397,41.5703187923822,30.379746835443
2022-07-08,23282,34,14741,11,8541,23,16100,10,97287,27,113387,37,0,349,0,379,351,0,"Anderson",76978,202.655304112863,0.312217194570136,48.065681103692,44.1684637169061,31.2217194570136
2022-07-09,23310,28,14746,5,8564,23,16105,5,97301,14,113406,19,0,349,0,379,351,0,"Anderson",76978,202.655304112863,0.28780487804878,24.682376782977,36.3740289433345,28.780487804878
2022-07-10,23329,19,14750,4,8579,15,16108,3,97307,6,113415,9,0,349,0,379,351,0,"Anderson",76978,213.047883810959,0.293193717277487,11.6916521603575,24.682376782977,29.3193717277487
2022-07-11,23352,23,14760,10,8592,13,16121,13,97345,38,113466,51,0,349,0,379,351,0,"Anderson",76978,222.141391046793,0.279475982532751,66.2526955753592,29.8786666320247,27.9475982532751
2022-07-12,23397,45,14778,18,8619,27,16140,19,97379,34,113519,53,0,349,0,379,351,0,"Anderson",76978,253.319130141079,0.292682926829268,68.8508404998831,58.4582608017875,29.2682926829268
2022-07-13,23434,37,14796,18,8638,19,16159,19,97426,47,113585,66,0,349,0,379,352,1,"Anderson",76978,283.197796773104,0.304347826086957,85.7387825092884,48.065681103692,30.4347826086957
2022-07-14,23475,41,14808,12,8667,29,16171,12,97448,22,113619,34,0,349,1,380,352,0,"Anderson",76978,294.889448933461,0.301115241635688,44.1684637169061,53.2619709527397,30.1115241635688
2022-07-15,23507,32,14824,16,8683,16,16187,16,97474,26,113661,42,0,349,0,380,352,0,"Anderson",76978,292.291304008938,0.317518248175182,54.5610434150017,41.5703187923822,31.7518248175182
2022-07-16,23529,22,14831,7,8698,15,16194,7,97483,9,113677,16,0,349,0,380,352,0,"Anderson",76978,284.496869235366,0.328413284132841,20.7851593961911,28.5795941697628,32.8413284132841
2022-07-17,23539,10,14835,4,8704,6,16197,3,97495,12,113692,15,0,349,0,380,352,0,"Anderson",76978,272.805217075008,0.32129963898917,19.4860869339292,12.9907246226195,32.129963898917
2022-07-18,23585,46,14856,21,8729,25,16218,21,97545,50,113763,71,0,349,0,380,352,0,"Anderson",76978,302.683883707033,0.326599326599327,92.2341448205981,59.7573332640495,32.6599326599327
2022-07-19,23635,50,14879,23,8756,27,16244,26,97561,16,113805,42,3,352,0,380,352,0,"Anderson",76978,309.179246018343,0.363636363636364,54.5610434150017,64.9536231130973,36.3636363636364
2022-07-20,23671,36,14895,16,8776,20,16260,16,97591,30,113851,46,0,352,0,380,352,0,"Anderson",76978,307.880173556081,0.379699248120301,59.7573332640495,46.76660864143,37.9699248120301
2022-07-21,23714,43,14924,29,8790,14,16290,30,97643,52,113933,82,0,352,0,380,353,1,"Anderson",76978,310.478318480605,0.378980891719745,106.523941905479,55.8601158772636,37.8980891719745
2022-07-22,23752,38,14938,14,8814,24,16305,15,97678,35,113983,50,0,352,0,380,354,1,"Anderson",76978,318.272753254177,0.366459627329193,64.9536231130973,49.3647535659539,36.6459627329193
2022-07-23,23762,10,14941,3,8821,7,16309,4,97689,11,113998,15,0,352,0,380,354,0,"Anderson",76978,302.683883707033,0.358255451713396,19.4860869339292,12.9907246226195,35.8255451713396
2022-07-24,23785,23,14950,9,8835,14,16318,9,97703,14,114021,23,0,352,0,380,354,0,"Anderson",76978,319.571825716438,0.367781155015198,29.8786666320247,29.8786666320247,36.7781155015198
2022-07-25,23831,46,14976,26,8855,20,16345,27,97735,32,114080,59,0,352,0,380,354,0,"Anderson",76978,319.571825716438,0.400630914826498,76.6452752734548,59.7573332640495,40.0630914826498
2022-07-26,23878,47,15000,24,8878,23,16369,24,97768,33,114137,57,0,352,0,380,355,1,"Anderson",76978,315.674608329653,0.376506024096386,74.0471303489309,61.0564057263114,37.6506024096386
2022-07-27,23921,43,15018,18,8903,25,16390,21,97810,42,114200,63,0,352,0,380,355,0,"Anderson",76978,324.768115565486,0.372492836676218,81.8415651225025,55.8601158772636,37.2492836676218
2022-07-28,23957,36,15035,17,8922,19,16408,18,97849,39,114257,57,0,352,0,380,355,0,"Anderson",76978,315.674608329653,0.364197530864198,74.0471303489309,46.76660864143,36.4197530864198
2022-07-29,23990,33,15056,21,8934,12,16429,21,97884,35,114313,56,0,352,0,380,355,0,"Anderson",76978,309.179246018343,0.375757575757576,72.7480578866689,42.8693912546442,37.5757575757576
2022-07-30,24014,24,15070,14,8944,10,16443,14,97900,16,114343,30,0,352,0,380,355,0,"Anderson",76978,327.36626049001,0.388405797101449,38.9721738678584,31.1777390942867,38.8405797101449
2022-07-31,24020,6,15073,3,8947,3,16448,5,97916,16,114364,21,0,352,0,380,356,1,"Anderson",76978,305.282028631557,0.379008746355685,27.2805217075008,7.79443477357167,37.9008746355685
2022-08-01,24055,35,15089,16,8966,19,16466,18,97935,19,114401,37,0,352,0,380,356,0,"Anderson",76978,290.992231546676,0.376947040498442,48.065681103692,45.4675361791681,37.6947040498442
2022-08-02,24113,58,15134,45,8979,13,16510,44,97971,36,114481,80,1,353,0,380,356,0,"Anderson",76978,305.282028631557,0.409883720930233,103.925796980956,75.3462028111928,40.9883720930233
2022-08-03,24146,33,15153,19,8993,14,16533,23,98007,36,114540,59,0,353,0,380,357,1,"Anderson",76978,292.291304008938,0.420588235294118,76.6452752734548,42.8693912546442,42.0588235294118
2022-08-04,24187,41,15181,28,9006,13,16566,33,98102,95,114668,128,1,354,0,380,357,0,"Anderson",76978,298.786666320247,0.384428223844282,166.281275169529,53.2619709527397,38.4428223844282
2022-08-05,24219,32,15203,22,9016,10,16587,21,98134,32,114721,53,0,354,0,380,357,0,"Anderson",76978,297.487593857985,0.387254901960784,68.8508404998831,41.5703187923822,38.7254901960784
2022-08-06,24237,18,15211,8,9026,10,16595,8,98149,15,114744,23,0,354,0,380,357,0,"Anderson",76978,289.693159084414,0.379052369077307,29.8786666320247,23.383304320715,37.9052369077307
2022-08-07,24253,16,15221,10,9032,6,16605,10,98165,16,114770,26,0,354,0,380,357,0,"Anderson",76978,302.683883707033,0.386699507389163,33.7758840188106,20.7851593961911,38.6699507389163
2022-08-08,24310,57,15250,29,9060,28,16633,28,98177,12,114810,40,0,354,0,380,358,1,"Anderson",76978,331.263477876796,0.408312958435208,51.9628984904778,74.0471303489309,40.8312958435208
2022-08-09,24341,31,15268,18,9073,13,16652,19,98227,50,114879,69,3,357,0,380,359,1,"Anderson",76978,296.188521395723,0.35678391959799,89.6359998960742,40.2712463301203,35.678391959799
2022-08-10,24379,38,15294,26,9085,12,16681,29,98259,32,114940,61,0,357,0,380,359,0,"Anderson",76978,302.683883707033,0.37,79.2434201979787,49.3647535659539,37
2022-08-11,24413,34,15318,24,9095,10,16706,25,98290,31,114996,56,0,357,0,380,359,0,"Anderson",76978,293.5903764712,0.426829268292683,72.7480578866689,44.1684637169061,42.6829268292683
2022-08-12,24451,38,15339,21,9112,17,16730,24,98329,39,115059,63,0,357,0,380,360,1,"Anderson",76978,301.384811244771,0.423076923076923,81.8415651225025,49.3647535659539,42.3076923076923
2022-08-13,24468,17,15349,10,9119,7,16741,11,98359,30,115100,41,0,357,0,380,361,1,"Anderson",76978,300.085738782509,0.410112359550562,53.2619709527397,22.0842318584531,41.0112359550562
2022-08-14,24480,12,15357,8,9123,4,16749,8,98379,20,115128,28,0,357,0,380,361,0,"Anderson",76978,294.889448933461,0.402234636871508,36.3740289433345,15.5888695471433,40.2234636871508
2022-08-15,24533,53,15383,26,9150,27,16776,27,98401,22,115177,49,0,357,0,380,362,1,"Anderson",76978,289.693159084414,0.389645776566757,63.6545506508353,68.8508404998831,38.9645776566758
2022-08-16,24582,49,15413,30,9169,19,16808,32,98433,32,115241,64,1,358,0,380,362,0,"Anderson",76978,313.076463405129,0.430939226519337,83.1406375847645,63.6545506508353,43.0939226519337
2022-08-17,24628,46,15439,26,9189,20,16834,26,98466,33,115300,59,0,358,0,380,362,0,"Anderson",76978,323.469043103224,0.425,76.6452752734548,59.7573332640495,42.5
2022-08-18,24912,284,15482,43,9430,241,16876,42,98510,44,115386,86,0,358,0,380,362,0,"Anderson",76978,648.23715866871,0.435897435897436,111.720231754527,368.936579282392,43.5897435897436
2022-08-19,24944,32,15497,15,9447,17,16892,16,98547,37,115439,53,0,358,0,380,362,0,"Anderson",76978,640.442723895139,0.426315789473684,68.8508404998831,41.5703187923822,42.6315789473684
2022-08-20,24959,15,15505,8,9454,7,16900,8,98576,29,115476,37,0,358,0,380,362,0,"Anderson",76978,637.844578970615,0.422872340425532,48.065681103692,19.4860869339292,42.2872340425532
2022-08-21,24973,14,15511,6,9462,8,16907,7,98607,31,115514,38,0,358,0,380,362,0,"Anderson",76978,640.442723895139,0.409326424870466,49.3647535659539,18.1870144716672,40.9326424870466
2022-08-22,25037,64,15536,25,9501,39,16932,25,98644,37,115576,62,0,358,0,380,363,1,"Anderson",76978,654.73252098002,0.390977443609023,80.5424926602406,83.1406375847645,39.0977443609023
2022-08-23,25117,80,15568,32,9549,48,16965,33,98676,32,115641,65,3,361,0,380,364,1,"Anderson",76978,695.003767310141,0.3925,84.4397100470264,103.925796980956,39.25
2022-08-24,25182,65,15591,23,9591,42,16991,26,98714,38,115705,64,0,361,0,380,364,0,"Anderson",76978,719.686144093117,0.387654320987654,83.1406375847645,84.4397100470264,38.7654320987654
2022-08-25,25226,44,15614,23,9612,21,17016,25,98751,37,115767,62,1,362,0,380,365,1,"Anderson",76978,407.908753150251,0.36745406824147,80.5424926602406,57.1591883395256,36.745406824147
2022-08-26,25258,32,15629,15,9629,17,17032,16,98808,57,115840,73,0,362,0,380,365,0,"Anderson",76978,407.908753150251,0.349127182044888,94.832289745122,41.5703187923822,34.9127182044888
2022-08-27,25298,40,15638,9,9660,31,17041,9,98844,36,115885,45,0,362,0,380,365,0,"Anderson",76978,440.385564706799,0.344743276283619,58.4582608017875,51.9628984904778,34.4743276283619
2022-08-28,25307,9,15642,4,9665,5,17045,4,98872,28,115917,32,0,362,0,380,365,0,"Anderson",76978,433.89020239549,0.3424317617866,41.5703187923822,11.6916521603575,34.24317617866
2022-08-29,25342,35,15656,14,9686,21,17061,16,98883,11,115944,27,0,362,0,380,365,0,"Anderson",76978,396.217100989893,0.35054347826087,35.0749564810725,45.4675361791681,35.054347826087
2022-08-30,25387,45,15672,16,9715,29,17078,17,98899,16,115977,33,2,364,0,380,365,0,"Anderson",76978,350.749564810725,0.336309523809524,42.8693912546442,58.4582608017875,33.6309523809524
2022-08-31,25433,46,15702,30,9731,16,17111,33,98948,49,116059,82,0,364,0,380,365,0,"Anderson",76978,326.067188027748,0.338983050847458,106.523941905479,59.7573332640495,33.8983050847458
2022-09-01,25463,30,15716,14,9747,16,17126,15,98976,28,116102,43,1,365,0,380,365,0,"Anderson",76978,307.880173556081,0.328358208955224,55.8601158772636,38.9721738678584,32.8358208955224
2022-09-02,25490,27,15730,14,9760,13,17140,14,99020,44,116160,58,0,365,0,380,365,0,"Anderson",76978,301.384811244771,0.3375,75.3462028111928,35.0749564810725,33.75
2022-09-03,25510,20,15741,11,9769,9,17151,11,99040,20,116191,31,0,365,0,380,365,0,"Anderson",76978,275.403361999532,0.359477124183007,40.2712463301203,25.9814492452389,35.9477124183007
2020-03-12,1,1,1,1,0,0,1,1,11,11,12,12,0,0,0,0,0,0,"East TN",2455501,NA,NA,0.488698640318208,0.040724886693184,NA
2020-03-13,1,0,1,0,0,0,1,0,23,12,24,12,0,0,0,0,0,0,"East TN",2455501,NA,NA,0.488698640318208,0,NA
2020-03-14,3,2,3,2,0,0,3,2,50,27,53,29,0,0,0,0,0,0,"East TN",2455501,NA,NA,1.18102171410234,0.081449773386368,NA
2020-03-15,3,0,3,0,0,0,3,0,53,3,56,3,0,0,0,0,0,0,"East TN",2455501,NA,NA,0.122174660079552,0,NA
2020-03-16,5,2,5,2,0,0,5,2,89,36,94,38,0,0,0,0,0,0,"East TN",2455501,NA,NA,1.54754569434099,0.081449773386368,NA
2020-03-17,6,1,6,1,0,0,5,0,130,41,135,41,0,0,0,0,0,0,"East TN",2455501,NA,NA,1.66972035442054,0.040724886693184,NA
2020-03-18,8,2,8,2,0,0,7,2,171,41,178,43,0,0,0,0,0,0,"East TN",2455501,0.325799093545472,0.0393258426966292,1.75117012780691,0.081449773386368,3.93258426966292
2020-03-19,11,3,11,3,0,0,11,4,238,67,249,71,0,0,0,0,0,0,"East TN",2455501,0.40724886693184,0.0421940928270042,2.89146695521606,0.122174660079552,4.21940928270042
2020-03-20,29,18,29,18,0,0,27,16,382,144,409,160,0,0,2,2,0,0,"East TN",2455501,1.14029682740915,0.0675324675324675,6.51598187090944,0.733047960477312,6.75324675324675
2020-03-21,38,9,38,9,0,0,38,11,610,228,648,239,0,0,1,3,1,1,"East TN",2455501,1.42537103426144,0.0588235294117647,9.73324791967098,0.366523980238656,5.88235294117647
2020-03-22,48,10,47,9,1,1,43,5,713,103,756,108,0,0,4,7,2,1,"East TN",2455501,1.83261990119328,0.0571428571428571,4.39828776286387,0.40724886693184,5.71428571428571
2020-03-23,64,16,63,16,1,0,56,13,846,133,902,146,0,0,4,11,2,0,"East TN",2455501,2.40276831489786,0.0631188118811881,5.94583345720486,0.651598187090944,6.31188118811881
2020-03-24,83,19,82,19,1,0,70,14,987,141,1057,155,0,0,5,16,2,0,"East TN",2455501,3.13581627537517,0.0704989154013015,6.31235743744352,0.773772847170496,7.04989154013015
2020-03-25,116,33,115,33,1,0,99,29,1288,301,1387,330,0,0,12,28,3,1,"East TN",2455501,4.39828776286387,0.076095947063689,13.4392126087507,1.34392126087507,7.6095947063689
2020-03-26,144,28,143,28,1,0,130,31,1774,486,1904,517,0,0,5,33,4,1,"East TN",2455501,5.41640993019347,0.0719033232628399,21.0547664203761,1.14029682740915,7.19033232628399
2020-03-27,166,22,165,22,1,0,147,17,2171,397,2318,414,0,0,6,39,4,0,"East TN",2455501,5.57930947696621,0.0628601361969618,16.8601030909782,0.895947507250048,6.28601361969618
2020-03-28,197,31,196,31,1,0,180,33,2608,437,2788,470,0,0,8,47,4,0,"East TN",2455501,6.47525698421626,0.0663551401869159,19.1406967457965,1.2624714874887,6.63551401869159
2020-03-29,213,16,212,16,1,0,196,16,2795,187,2991,203,0,0,3,50,7,3,"East TN",2455501,6.71960630437536,0.0684563758389262,8.26715199871635,0.651598187090944,6.84563758389262
2020-03-30,246,33,245,33,1,0,226,30,3345,550,3571,580,0,0,8,58,9,2,"East TN",2455501,7.41192937815949,0.0636942675159236,23.6204342820467,1.34392126087507,6.36942675159236
2020-03-31,295,49,294,49,1,0,278,52,3645,300,3923,352,0,0,12,70,10,1,"East TN",2455501,8.63367597895501,0.0725750174459177,14.3351601160008,1.99551944796602,7.25750174459177
2020-04-01,346,51,345,51,1,0,336,58,4243,598,4579,656,0,0,9,79,12,2,"East TN",2455501,9.36672393943232,0.0742481203007519,26.7155256707287,2.07696922135238,7.42481203007519
2020-04-02,391,45,390,45,1,0,383,47,4839,596,5222,643,2,7,5,84,14,2,"East TN",2455501,10.0590470132164,0.0762507534659433,26.1861021437173,1.83261990119328,7.62507534659433
2020-04-03,412,21,411,21,1,0,401,18,5124,285,5525,303,1,8,2,86,17,3,"East TN",2455501,10.0183221265233,0.0792017461802308,12.3396406680348,0.855222620556864,7.92017461802307
2020-04-04,447,35,446,35,1,0,431,30,5716,592,6147,622,3,11,5,91,19,2,"East TN",2455501,10.181221673296,0.0747246204227449,25.3308795231604,1.42537103426144,7.47246204227449
2020-04-05,473,26,472,26,1,0,464,33,6093,377,6557,410,-1,10,2,93,20,1,"East TN",2455501,10.5884705402278,0.0751542344363432,16.6972035442054,1.05884705402278,7.51542344363432
2020-04-06,514,41,513,41,1,0,514,50,6626,533,7140,583,8,18,5,98,20,0,"East TN",2455501,10.9142696337733,0.080694872513309,23.7426089421263,1.66972035442054,8.0694872513309
2020-04-07,570,56,569,56,1,0,592,78,7755,1129,8347,1207,0,18,7,105,21,1,"East TN",2455501,11.1993438406256,0.0709764918625678,49.1549382386731,2.2805936548183,7.09764918625678
2020-04-08,607,37,606,37,1,0,632,40,8162,407,8794,447,1,19,8,113,25,4,"East TN",2455501,10.629195426921,0.0702253855278766,18.2040243518532,1.50682080764781,7.02253855278766
2020-04-09,633,26,632,26,1,0,662,30,8613,451,9275,481,3,22,2,115,25,0,"East TN",2455501,9.85542257975053,0.0688378978534419,19.5886704994215,1.05884705402278,6.88378978534419
2020-04-10,655,22,654,22,1,0,682,20,8941,328,9623,348,0,22,4,119,25,0,"East TN",2455501,9.89614746644371,0.0685700341630063,14.172260569228,0.895947507250048,6.85700341630063
2020-04-11,679,24,678,24,1,0,728,46,10022,1081,10750,1127,2,24,5,124,27,2,"East TN",2455501,9.44817371281869,0.0645231370845101,45.8969473032184,0.977397280636416,6.45231370845101
2020-04-12,709,30,708,30,1,0,761,33,11472,1450,12233,1483,0,24,1,125,28,1,"East TN",2455501,9.61107325959142,0.0523255813953488,60.3950069659919,1.22174660079552,5.23255813953488
2020-04-13,738,29,737,29,1,0,803,42,12435,963,13238,1005,0,24,7,132,32,4,"East TN",2455501,9.12237461927321,0.0473925877336832,40.9285111266499,1.18102171410234,4.73925877336832
2020-04-14,749,11,748,11,1,0,823,20,12720,285,13543,305,4,28,1,133,33,1,"East TN",2455501,7.28975471807994,0.0444572748267898,12.4210904414211,0.447973753625024,4.44572748267898
2020-04-15,773,24,772,24,1,0,850,27,13132,412,13982,439,2,30,4,137,34,1,"East TN",2455501,6.76033119106854,0.0420200462606014,17.8782252583078,0.977397280636416,4.20200462606014
2020-04-16,801,28,800,28,1,0,886,36,13808,676,14694,712,1,31,6,143,34,0,"East TN",2455501,6.84178096445491,0.0413360398597527,28.996119325547,1.14029682740915,4.13360398597527
2020-04-17,823,22,821,21,2,1,916,30,14137,329,15053,359,0,31,4,147,35,1,"East TN",2455501,6.84178096445491,0.0430939226519337,14.6202343228531,0.895947507250048,4.30939226519337
2020-04-18,835,12,833,12,2,0,935,19,14918,781,15853,800,0,31,0,147,35,0,"East TN",2455501,6.3530823241367,0.0405643738977072,32.5799093545472,0.488698640318208,4.05643738977072
2020-04-19,914,79,912,79,2,0,1016,81,15604,686,16620,767,1,32,1,148,35,0,"East TN",2455501,8.34860177210272,0.0581262821974014,31.2359880936721,3.21726604876154,5.81262821974014
2020-04-20,939,25,931,19,8,6,1033,17,16567,963,17600,980,0,32,2,150,35,0,"East TN",2455501,8.18570222532998,0.0527281063732233,39.9103889593203,1.0181221673296,5.27281063732233
2020-04-21,1045,106,1037,106,8,0,1154,121,19273,2706,20427,2827,0,32,6,156,36,1,"East TN",2455501,12.0545664611825,0.0480825101685067,115.129254681631,4.3168379894775,4.80825101685067
2020-04-22,1247,202,1237,200,10,2,1354,200,21825,2552,23179,2752,2,34,2,158,36,0,"East TN",2455501,19.3035962925692,0.0548004784168751,112.074888179642,8.22642711202317,5.48004784168751
2020-04-23,1492,245,1480,243,12,2,1601,247,22932,1107,24533,1354,0,34,3,161,36,0,"East TN",2455501,28.1408967049901,0.0726699867872751,55.1414965825711,9.97759723983008,7.26699867872751
2020-04-24,1540,48,1527,47,13,1,1655,54,25621,2689,27276,2743,0,34,4,165,36,0,"East TN",2455501,29.1997437590129,0.0604597889225231,111.708364199404,1.95479456127283,6.04597889225231
2020-04-25,1563,23,1546,19,17,4,1674,19,26396,775,28070,794,0,34,3,168,37,1,"East TN",2455501,29.647717512638,0.0604894818695261,32.3355600343881,0.936672393943232,6.04894818695261
2020-04-26,1583,20,1565,19,18,1,1700,26,27513,1117,29213,1143,0,34,0,168,37,0,"East TN",2455501,27.2449491977401,0.0543158897800365,46.5485454903093,0.81449773386368,5.43158897800365
2020-04-27,1652,69,1633,68,19,1,1772,72,28428,915,30200,987,0,34,8,176,38,1,"East TN",2455501,29.0368442122402,0.0586507936507936,40.1954631661726,2.8100171818297,5.86507936507936
2020-04-28,1689,37,1667,34,22,3,1812,40,30602,2174,32414,2214,2,36,1,177,39,1,"East TN",2455501,26.2268270304105,0.0548928005339117,90.1648991387094,1.50682080764781,5.48928005339117
2020-04-29,1752,63,1729,62,23,1,1878,66,33345,2743,35223,2809,1,37,6,183,40,1,"East TN",2455501,20.5660677800579,0.0435071404848887,114.396206721154,2.56566786167059,4.35071404848887
2020-04-30,1774,22,1750,21,24,1,1900,22,33894,549,35794,571,0,37,1,184,40,0,"East TN",2455501,11.4844180474779,0.0265518160021312,23.2539103018081,0.895947507250048,2.65518160021312
2020-05-01,1814,40,1786,36,28,4,1929,29,35556,1662,37485,1691,0,37,0,184,40,0,"East TN",2455501,11.1586189539324,0.0268390635713586,68.8657833981741,1.62899546772736,2.68390635713586
2020-05-02,1835,21,1807,21,28,0,1966,37,37433,1877,39399,1914,0,37,3,187,40,0,"East TN",2455501,11.077169180546,0.0257745608615059,77.9474331307542,0.855222620556864,2.57745608615059
2020-05-03,1873,38,1840,33,33,5,2003,37,39553,2120,41556,2157,0,37,3,190,42,2,"East TN",2455501,11.8102171410234,0.0245483269869562,87.8435805971979,1.54754569434099,2.45483269869562
2020-05-04,1920,47,1884,44,36,3,2060,57,41499,1946,43559,2003,0,37,1,191,42,0,"East TN",2455501,10.9142696337733,0.0215584998877161,81.5719480464475,1.91406967457965,2.15584998877161
2020-05-05,1948,28,1911,27,37,1,2092,32,44409,2910,46501,2942,2,39,1,192,42,0,"East TN",2455501,10.5477456535347,0.0198764818627103,119.812616651347,1.14029682740915,1.98764818627103
2020-05-06,1985,37,1948,37,37,0,2135,43,45453,1044,47588,1087,1,40,0,192,42,0,"East TN",2455501,9.48889859951187,0.0207844723008492,44.267951835491,1.50682080764781,2.07844723008492
2020-05-07,2028,43,1989,41,39,2,2183,48,46845,1392,49028,1440,0,40,4,196,46,4,"East TN",2455501,10.3441212200687,0.0213843131328397,58.643836838185,1.75117012780691,2.13843131328397
2020-05-08,2047,19,2008,19,39,0,2219,36,48515,1670,50734,1706,1,41,0,196,47,1,"East TN",2455501,9.48889859951187,0.0218884444108989,69.4766566985719,0.773772847170496,2.18884444108989
2020-05-09,2063,16,2022,14,41,2,2237,18,51333,2818,53570,2836,0,41,1,197,48,1,"East TN",2455501,9.28527416604595,0.0191235622045022,115.49577866187,0.651598187090944,1.91235622045022
2020-05-10,2079,16,2037,15,42,1,2256,19,53897,2564,56153,2583,1,42,3,200,48,0,"East TN",2455501,8.3893266587959,0.0173323285606631,105.192382328494,0.651598187090944,1.73323285606631
2020-05-11,2140,61,2097,60,43,1,2307,51,55468,1571,57775,1622,3,45,5,205,50,2,"East TN",2455501,8.95947507250048,0.0173747889701744,66.0557662163444,2.48421808828422,1.73747889701745
2020-05-12,2193,53,2150,53,43,0,2373,66,59022,3554,61395,3620,3,48,3,208,50,0,"East TN",2455501,9.97759723983008,0.0188666577145159,147.424089829326,2.15841899473875,1.88666577145159
2020-05-13,2247,54,2201,51,46,3,2425,52,60647,1625,63072,1677,0,48,7,215,52,2,"East TN",2455501,10.6699203136142,0.0187290105915784,68.2956349844696,2.19914388143194,1.87290105915784
2020-05-14,2278,31,2232,31,46,0,2470,45,62356,1709,64826,1754,1,49,2,217,53,1,"East TN",2455501,10.181221673296,0.018166856564122,71.4314512598447,1.2624714874887,1.8166856564122
2020-05-15,2306,28,2260,28,46,0,2507,37,64675,2319,67182,2356,1,50,4,221,53,0,"East TN",2455501,10.5477456535347,0.0175097276264591,95.9478330491415,1.14029682740915,1.75097276264591
2020-05-16,2316,10,2270,10,46,0,2525,18,67443,2768,69968,2786,1,51,1,222,53,0,"East TN",2455501,10.3033963333756,0.017563117453348,113.459534327211,0.40724886693184,1.7563117453348
2020-05-17,2396,80,2350,80,46,0,2604,79,69670,2227,72274,2306,0,51,4,226,55,2,"East TN",2455501,12.9097890817393,0.0215867502016004,93.9115887144823,3.25799093545472,2.15867502016004
2020-05-18,2445,49,2398,48,47,1,2665,61,71548,1878,74213,1939,0,51,3,229,55,0,"East TN",2455501,12.4210904414211,0.0217788052074462,78.9655552980838,1.99551944796602,2.17788052074462
2020-05-19,2486,41,2438,40,48,1,2705,40,72672,1124,75377,1164,1,52,3,232,55,0,"East TN",2455501,11.9323918011029,0.0237448147618366,47.4037681108662,1.66972035442054,2.37448147618366
2020-05-20,2528,42,2480,42,48,0,2750,45,74412,1740,77162,1785,0,52,3,235,55,0,"East TN",2455501,11.4436931607847,0.0230660042583392,72.6939227473334,1.71044524111373,2.30660042583392
2020-05-21,2769,241,2720,240,49,1,2988,238,75874,1462,78862,1700,0,52,4,239,56,1,"East TN",2455501,19.9959193663533,0.0369051011684241,69.2323073784128,9.81469769305734,3.69051011684241
2020-05-22,2860,91,2808,88,52,3,3066,78,77398,1524,80464,1602,0,52,7,246,56,0,"East TN",2455501,22.5615872280239,0.0420870350850776,65.2412684824808,3.70596468907974,4.20870350850775
2020-05-23,2926,66,2870,62,56,4,3157,91,79612,2214,82769,2305,2,54,7,253,57,1,"East TN",2455501,24.8421808828422,0.0493711428794625,93.8708638277891,2.68784252175014,4.93711428794625
2020-05-24,2978,52,2922,52,56,0,3227,70,81732,2120,84959,2190,0,54,0,253,58,1,"East TN",2455501,23.7018840554331,0.0491131257390619,89.187501858073,2.11769410804557,4.91131257390619
2020-05-25,3062,84,3005,83,57,1,3321,94,84382,2650,87703,2744,1,55,2,255,58,0,"East TN",2455501,25.1272550896945,0.0486286137879911,111.749089086097,3.42089048222746,4.86286137879911
2020-05-26,3123,61,3057,52,66,9,3377,56,86768,2386,90145,2442,1,56,3,258,58,0,"East TN",2455501,25.9417528235582,0.0455037919826652,99.4501733047553,2.48421808828422,4.55037919826652
2020-05-27,3199,76,3130,73,69,3,3444,67,88635,1867,92079,1934,0,56,9,267,58,0,"East TN",2455501,27.3263989711265,0.0465241000201113,78.7619308646179,3.09509138868198,4.65241000201113
2020-05-28,3273,74,3204,74,69,0,3511,67,90034,1399,93545,1466,0,56,1,268,58,0,"East TN",2455501,20.5253428933647,0.0356194238234693,59.7026838922077,3.01364161529562,3.56194238234693
2020-05-29,3348,75,3278,74,70,1,3594,83,91312,1278,94906,1361,0,56,4,272,58,0,"East TN",2455501,19.8737447062738,0.0365600332363939,55.4265707894234,3.0543665019888,3.65600332363939
2020-05-30,3421,73,3350,72,71,1,3675,81,93557,2245,97232,2326,0,56,5,277,59,1,"East TN",2455501,20.1588189131261,0.0358155292816152,94.726086448346,2.97291672860243,3.58155292816152
2020-05-31,3533,112,3460,110,73,2,3769,94,96340,2783,100109,2877,0,56,1,278,60,1,"East TN",2455501,22.6023121147171,0.0357755775577558,117.16549901629,4.56118730963661,3.57755775577558
2020-06-01,3629,96,3553,93,76,3,3902,133,100171,3831,104073,3964,0,56,5,283,60,0,"East TN",2455501,23.0910107550353,0.0354917532070861,161.433450851781,3.90958912254566,3.54917532070861
2020-06-02,3736,107,3658,105,78,2,4017,115,104230,4059,108247,4174,1,57,3,286,64,4,"East TN",2455501,24.9643555429218,0.0353552093691305,169.98567705735,4.35756287617069,3.53552093691305
2020-06-03,3786,50,3708,50,78,0,4067,50,106161,1931,110228,1981,0,57,4,290,65,1,"East TN",2455501,23.905508488899,0.0343269601630944,80.6760005391975,2.0362443346592,3.43269601630944
2020-06-04,3837,51,3757,49,80,2,4128,61,107708,1547,111836,1608,6,63,5,295,66,1,"East TN",2455501,22.9688360949558,0.0337324367175113,65.4856178026399,2.07696922135238,3.37324367175113
2020-06-05,3936,99,3852,95,84,4,4210,82,109864,2156,114074,2238,1,64,4,299,67,1,"East TN",2455501,23.9462333755922,0.0321368948247078,91.1422964193458,4.03176378262522,3.21368948247079
2020-06-06,3989,53,3902,50,87,3,4285,75,112967,3103,117252,3178,1,65,4,303,67,0,"East TN",2455501,23.1317356417285,0.0304695304695305,129.423689910939,2.15841899473875,3.04695304695305
2020-06-07,4047,58,3958,56,89,2,4366,81,116924,3957,121290,4038,0,65,6,309,68,1,"East TN",2455501,20.9325917602966,0.0281856380718569,164.447092467077,2.36204342820467,2.81856380718569
2020-06-08,4207,160,4114,156,93,4,4523,157,119875,2951,124398,3108,0,65,6,315,68,0,"East TN",2455501,23.5389845086604,0.0305535055350553,126.572947842416,6.51598187090944,3.05535055350553
2020-06-09,4315,108,4221,107,94,1,4641,118,122202,2327,126843,2445,1,66,7,322,69,1,"East TN",2455501,23.5797093953535,0.0335556033555603,99.5723479648349,4.39828776286387,3.35556033555603
2020-06-10,4392,77,4295,74,97,3,4715,74,125038,2836,129753,2910,0,66,6,328,69,0,"East TN",2455501,24.6792813360695,0.0331882202304737,118.509420277165,3.13581627537517,3.31882202304738
2020-06-11,4656,264,4557,262,99,2,4995,280,127329,2291,132324,2571,1,67,8,336,69,0,"East TN",2455501,33.3536822017177,0.0423174541194846,104.703683688176,10.7513700870006,4.23174541194846
2020-06-12,4827,171,4727,170,100,1,5167,172,129955,2626,135122,2798,2,69,3,339,70,1,"East TN",2455501,36.2858740436269,0.0454675028506271,113.948232967529,6.96395562453446,4.54675028506271
2020-06-13,4975,148,4871,144,104,4,5335,168,132146,2191,137481,2359,0,69,4,343,71,1,"East TN",2455501,40.1547382794794,0.0519056799644075,96.0700077092211,6.02728323059123,5.19056799644075
2020-06-14,5091,116,4986,115,105,1,5470,135,136014,3868,141484,4003,0,69,4,347,72,1,"East TN",2455501,42.5167817076841,0.0546697038724374,163.021721432816,4.72408685640934,5.46697038724374
2020-06-15,5273,182,5157,171,116,11,5649,179,139187,3173,144836,3352,0,69,9,356,77,5,"East TN",2455501,43.4127292149341,0.0550934533711713,136.509820195553,7.41192937815949,5.50934533711713
2020-06-16,5427,154,5309,152,118,2,5807,158,140986,1799,146793,1957,3,72,4,360,80,3,"East TN",2455501,45.2860740028206,0.0584461152882206,79.6986032585611,6.27163255075034,5.84461152882206
2020-06-17,5560,133,5439,130,121,3,5929,122,142426,1440,148355,1562,3,75,6,366,82,2,"East TN",2455501,47.5666676576389,0.0652617998064724,63.6122730147534,5.41640993019347,6.52617998064724
2020-06-18,5738,178,5616,177,122,1,6135,206,146017,3591,152152,3797,1,76,12,378,82,0,"East TN",2455501,44.0643274020251,0.0574944522896913,154.63239477402,7.24902983138675,5.74944522896913
2020-06-19,5873,135,5747,131,126,4,6253,118,147480,1463,153733,1581,4,80,13,391,83,1,"East TN",2455501,42.5982314810705,0.058352587179625,64.3860458619239,5.49785970357984,5.8352587179625
2020-06-20,5939,66,5812,65,127,1,6348,95,149655,2175,156003,2270,0,80,7,398,83,0,"East TN",2455501,39.2587907722294,0.0546917179570241,92.4454927935277,2.68784252175014,5.46917179570241
2020-06-21,6027,88,5899,87,128,1,6467,119,153005,3350,159472,3469,1,81,3,401,86,3,"East TN",2455501,38.1184939448202,0.0554258394485212,141.274631938655,3.58379002900019,5.54258394485212
2020-06-22,6223,196,6088,189,135,7,6665,198,156416,3411,163081,3609,1,82,7,408,87,1,"East TN",2455501,38.6886423585248,0.0556864894491642,146.976116075701,7.98207779186406,5.56864894491642
2020-06-23,6413,190,6272,184,141,6,6849,184,158220,1804,165069,1988,4,86,15,423,87,0,"East TN",2455501,40.1547382794794,0.0570146640402714,80.9610747460498,7.73772847170496,5.70146640402714
2020-06-24,6591,178,6448,176,143,2,7032,183,159851,1631,166883,1814,2,88,9,432,87,0,"East TN",2455501,41.9873581806727,0.0595315198618307,73.8749444614358,7.24902983138675,5.95315198618307
2020-06-25,6760,169,6608,160,152,9,7216,184,163024,3173,170240,3357,0,88,8,440,87,0,"East TN",2455501,41.620834200434,0.0597633790358249,136.713444629019,6.8825058511481,5.97633790358249
2020-06-26,6974,214,6812,204,162,10,7388,172,164612,1588,172000,1760,1,89,16,456,87,0,"East TN",2455501,44.8381002491956,0.0621339026660097,71.6758005800038,8.71512575234138,6.21339026660097
2020-06-27,7048,74,6881,69,167,5,7434,46,164821,209,172255,255,-1,88,5,461,89,2,"East TN",2455501,45.1638993427411,0.0668225449175486,10.3848461067619,3.01364161529562,6.68225449175486
2020-06-28,7175,127,7006,125,169,2,7605,171,167908,3087,175513,3258,0,88,5,466,90,1,"East TN",2455501,46.7521699237752,0.0709432080294246,132.681680846393,5.17206061003437,7.09432080294246
2020-06-29,7518,343,7347,341,171,2,7945,340,173175,5267,181120,5607,1,89,22,488,91,1,"East TN",2455501,52.7387282676733,0.0709573701424691,228.344439688683,13.9686361357621,7.09573701424691
2020-06-30,7788,270,7613,266,175,4,8393,448,179461,6286,187854,6734,0,89,22,510,92,1,"East TN",2455501,55.996719203128,0.0677638797454466,274.241386991901,10.9957194071597,6.77638797454466
2020-07-01,8063,275,7885,272,178,3,8727,334,182665,3204,191392,3538,0,89,17,527,95,3,"East TN",2455501,59.9470332123668,0.0691582683912032,144.084649120485,11.1993438406256,6.91582683912032
2020-07-02,8543,480,8360,475,183,5,9333,606,189047,6382,198380,6988,2,91,25,552,98,3,"East TN",2455501,72.6124729739471,0.0752309879175551,284.58550821197,19.5479456127283,7.52309879175551
2020-07-03,8769,226,8580,220,189,6,9561,228,192402,3355,201963,3583,5,96,14,566,99,1,"East TN",2455501,73.1011716142653,0.0725227780929813,145.917269021678,9.20382439265958,7.25227780929813
2020-07-04,8989,220,8798,218,191,2,9841,280,197166,4764,207007,5044,2,98,15,581,105,6,"East TN",2455501,79.0470050714701,0.0692622007366483,205.41632848042,8.95947507250048,6.92622007366483
2020-07-05,9309,320,9117,319,192,1,10209,368,201011,3845,211220,4213,2,100,12,593,108,3,"East TN",2455501,86.9069082032546,0.0729268770829249,171.573947638384,13.0319637418189,7.29268770829249
2020-07-06,9543,234,9340,223,203,11,10419,210,202641,1630,213060,1840,4,104,26,619,108,0,"East TN",2455501,82.4678955536976,0.0774577332498435,74.9337915154586,9.52962348620506,7.74577332498435
2020-07-07,9991,448,9779,439,212,9,10985,566,208917,6276,219902,6842,0,104,32,651,109,1,"East TN",2455501,89.7169253850844,0.0808786819770344,278.639674754765,18.2447492385464,8.08786819770345
2020-07-08,10372,381,10150,371,222,10,11419,434,213085,4168,224504,4602,1,105,20,671,109,0,"East TN",2455501,94.0337633745619,0.0812998308770234,187.415928562033,15.5161818301031,8.12998308770234
2020-07-09,10821,449,10585,435,236,14,11891,472,219034,5949,230925,6421,1,106,24,695,113,4,"East TN",2455501,92.7712918870731,0.0785988631126133,261.494497456934,18.2854741252396,7.85988631126133
2020-07-10,11288,467,11040,455,248,12,12344,453,222318,3284,234662,3737,0,106,29,724,115,2,"East TN",2455501,102.58598958013,0.0851096363803174,152.188901572429,19.0185220857169,8.51096363803175
2020-07-11,11594,306,11339,299,255,7,12766,422,226796,4478,239562,4900,5,111,23,747,120,5,"East TN",2455501,106.088329835744,0.0898479496237137,199.551944796602,12.4618153281143,8.98479496237137
2020-07-12,12064,470,11801,462,263,8,13399,633,232725,5929,246124,6562,1,112,25,772,125,5,"East TN",2455501,112.197062839722,0.0913935365574146,267.236706480673,19.1406967457965,9.13935365574146
2020-07-13,12418,354,12142,341,276,13,13742,343,236158,3433,249900,3776,3,115,20,792,129,4,"East TN",2455501,117.084049242904,0.0902008686210641,153.777172153463,14.4166098893871,9.02008686210641
2020-07-14,12933,515,12652,510,281,5,14326,584,240646,4488,254972,5072,4,119,34,826,133,4,"East TN",2455501,119.812616651347,0.0952666096378671,206.556625307829,20.9733166469898,9.52666096378671
2020-07-15,13313,380,13026,374,287,6,14709,383,243742,3096,258451,3479,6,125,24,850,140,7,"East TN",2455501,119.771891764654,0.0969157804813386,141.681880805587,15.4754569434099,9.69157804813386
2020-07-16,14140,827,13838,812,302,15,15806,1097,253573,9831,269379,10928,6,131,44,894,142,2,"East TN",2455501,135.165898934678,0.101809954751131,445.041561783115,33.6794812952632,10.1809954751131
2020-07-17,14608,468,14292,454,316,14,16317,511,257892,4319,274209,4830,3,134,24,918,147,5,"East TN",2455501,135.206623821371,0.100462740536577,196.701202728079,19.0592469724101,10.0462740536577
2020-07-18,15117,509,14786,494,331,15,16985,668,265980,8088,282965,8756,6,140,27,945,150,3,"East TN",2455501,143.473775820087,0.097205262309057,356.587107885519,20.7289673268307,9.7205262309057
2020-07-19,15598,481,15248,462,350,19,17545,560,270832,4852,288377,5412,0,140,26,971,154,4,"East TN",2455501,143.921749573712,0.098123210186259,220.403086783512,19.5886704994215,9.8123210186259
2020-07-20,16033,435,15668,420,365,15,17956,411,273289,2457,291245,2868,2,142,29,1000,158,4,"East TN",2455501,147.22046539586,0.101922844358447,116.798975036052,17.715325711535,10.1922844358447
2020-07-21,17034,1001,16652,984,382,17,19168,1212,281667,8378,300835,9590,1,143,61,1061,161,3,"East TN",2455501,167.012760328748,0.105575300351046,390.551663387635,40.7656115798772,10.5575300351046
2020-07-22,17618,584,17220,568,398,16,19822,654,284967,3300,304789,3954,4,147,29,1090,166,5,"East TN",2455501,175.320637214157,0.11034140446286,161.02620198485,23.7833338288195,11.034140446286
2020-07-23,18412,794,17992,772,420,22,20821,999,295168,10201,315989,11200,4,151,50,1140,172,6,"East TN",2455501,173.976715953282,0.107594936708861,456.118730963661,32.3355600343881,10.7594936708861
2020-07-24,19015,603,18582,590,433,13,21505,684,300975,5807,322480,6491,2,153,34,1174,179,7,"East TN",2455501,179.474575656862,0.107476538708541,264.345239525457,24.55710667599,10.7476538708541
2020-07-25,19992,977,19547,965,445,12,22706,1201,310582,9607,333288,10808,10,163,29,1203,187,8,"East TN",2455501,198.533822629272,0.113685591081613,440.154575379933,39.7882142992408,11.3685591081613
2020-07-26,20767,775,20307,760,460,15,23603,897,318100,7518,341703,8415,1,164,21,1224,194,7,"East TN",2455501,210.506939317068,0.113603120429059,342.699921523143,31.5617871872176,11.3603120429059
2020-07-27,21412,645,20930,623,482,22,24308,705,322563,4463,346871,5168,6,170,38,1262,198,4,"East TN",2455501,219.059165522637,0.114191205551361,210.466214430375,26.2675519171037,11.4191205551361
2020-07-28,22227,815,21722,792,505,23,25280,972,330777,8214,356057,9186,7,177,50,1312,203,5,"East TN",2455501,211.484336597704,0.110680525877368,374.098809163588,33.190782654945,11.0680525877368
2020-07-29,22570,343,22054,332,516,11,25596,316,332347,1570,357943,1886,5,182,24,1336,212,9,"East TN",2455501,201.669638904647,0.108627760845844,76.807136303345,13.9686361357621,10.8627760845844
2020-07-30,23757,1187,23226,1172,531,15,26976,1380,344877,12530,371853,13910,5,187,46,1382,219,7,"East TN",2455501,217.674519375068,0.110178290133181,566.48317390219,48.3404405048094,11.0178290133181
2020-07-31,24379,622,23832,606,547,16,27630,654,348844,3967,376474,4621,6,193,27,1409,228,9,"East TN",2455501,218.448292222239,0.11343853020706,188.189701409203,25.3308795231604,11.343853020706
2020-08-01,24938,559,24374,542,564,17,28266,636,355819,6975,384085,7611,1,194,16,1425,231,3,"East TN",2455501,201.425289584488,0.109455282792291,309.957112621823,22.7652116614899,10.9455282792291
2020-08-02,25369,431,24794,420,575,11,28749,483,359614,3795,388363,4278,4,198,21,1446,236,5,"East TN",2455501,187.415928562033,0.110287183883412,174.221065273441,17.5524261647623,11.0287183883412
2020-08-03,25995,626,25402,608,593,18,29457,708,363758,4144,393215,4852,3,201,39,1485,244,8,"East TN",2455501,186.642155714862,0.111103918522355,197.597150235329,25.4937790699332,11.1103918522355
2020-08-04,26481,486,25868,466,613,20,29983,526,369128,5370,399111,5896,6,207,34,1519,253,9,"East TN",2455501,173.243667992805,0.109234914293678,240.113931943013,19.7922949328874,10.9234914293678
2020-08-05,26949,468,26328,460,621,8,30504,521,373340,4212,403844,4733,9,216,20,1539,259,6,"East TN",2455501,178.334278829453,0.106925775037581,192.75088871884,19.0592469724101,10.6925775037581
2020-08-06,27679,730,27020,692,659,38,31355,851,380409,7069,411764,7920,7,223,37,1576,265,6,"East TN",2455501,159.723005610668,0.109719125053243,322.541102610017,29.7291672860243,10.9719125053243
2020-08-07,28234,555,27561,541,673,14,31974,619,384377,3968,416351,4587,6,229,34,1610,278,13,"East TN",2455501,156.994438202224,0.108934975048273,186.805055261635,22.6023121147171,10.8934975048273
2020-08-08,28909,675,28224,663,685,12,32774,800,394454,10077,427228,10877,8,237,24,1634,289,11,"East TN",2455501,161.718525058634,0.104489720232714,442.964592561762,27.4892985178992,10.4489720232714
2020-08-09,29437,528,28740,516,697,12,33408,634,398755,4301,432163,4935,2,239,20,1654,296,7,"East TN",2455501,165.668839067873,0.106369863013699,200.977315830863,21.5027401740012,10.6369863013699
2020-08-10,29740,303,29032,292,708,11,33736,328,401044,2289,434780,2617,3,242,26,1680,300,4,"East TN",2455501,152.514700665974,0.102947191146397,106.577028476063,12.3396406680348,10.2947191146397
2020-08-11,30352,612,29627,595,725,17,34421,685,407141,6097,441562,6782,17,259,28,1708,305,5,"East TN",2455501,157.646036389315,0.104544062566253,276.196181553174,24.9236306562286,10.4544062566253
2020-08-12,30797,445,30051,424,746,21,34895,474,410889,3748,445784,4222,6,265,25,1733,310,5,"East TN",2455501,156.709363995372,0.104697186456843,171.940471618623,18.1225745784669,10.4697186456843
2020-08-13,31614,817,30855,804,759,13,36012,1117,419450,8561,455462,9678,6,271,44,1777,318,8,"East TN",2455501,160.252429137679,0.106572383175431,394.135453416635,33.2722324283313,10.6572383175431
2020-08-14,32075,461,31287,432,788,29,36546,534,424106,4656,460652,5190,4,275,18,1795,325,7,"East TN",2455501,156.42428978852,0.103203087966412,211.362161937625,18.7741727655578,10.3203087966412
2020-08-15,32725,650,31925,638,800,12,37423,877,431041,6935,468464,7812,4,279,17,1812,334,9,"East TN",2455501,155.40616762119,0.112741294014938,318.142814847153,26.4711763505696,11.2741294014938
2020-08-16,33199,474,32388,463,811,11,38016,593,436505,5464,474521,6057,2,281,10,1822,343,9,"East TN",2455501,153.207023739758,0.108787005996506,246.670638700615,19.3035962925692,10.8787005996506
2020-08-17,33472,273,32591,203,881,70,38243,227,437974,1469,476217,1696,8,289,12,1834,349,6,"East TN",2455501,151.985277138963,0.108767526606656,69.0694078316401,11.1178940672392,10.8767526606656
2020-08-18,34102,630,33156,565,946,65,39055,812,448566,10592,487621,11404,8,297,22,1856,352,3,"East TN",2455501,152.71832509944,0.100610087062246,464.42660784907,25.6566786167059,10.0610087062246
2020-08-19,34557,455,33590,434,967,21,39552,497,453349,4783,492901,5280,7,304,22,1878,359,7,"East TN",2455501,153.125573966372,0.0988390602118131,215.027401740011,18.5298234453987,9.88390602118131
2020-08-20,35333,776,34345,755,988,21,40424,872,464881,11532,505305,12404,6,310,27,1905,367,8,"East TN",2455501,151.455853611951,0.0885179463515438,505.151494542254,31.6025120739108,8.85179463515438
2020-08-21,35542,209,34542,197,1000,12,40637,213,467332,2451,507969,2664,17,327,17,1922,374,7,"East TN",2455501,141.193182165269,0.0864594120506372,108.491098150642,8.51150131887546,8.64594120506372
2020-08-22,36411,869,35399,857,1012,12,41609,972,480698,13366,522307,14338,2,329,20,1942,381,7,"East TN",2455501,150.111932351076,0.0777445536095686,583.913425406872,35.3899265363769,7.77445536095686
2020-08-23,36664,253,35641,242,1023,11,41863,254,485802,5104,527665,5358,0,329,20,1962,386,5,"East TN",2455501,141.111732391883,0.072388228210146,218.20394290208,10.3033963333756,7.2388228210146
2020-08-24,36856,192,35816,175,1040,17,42061,198,487145,1343,529206,1541,8,337,15,1977,396,10,"East TN",2455501,137.813016569735,0.072052690180981,62.7570503941965,7.81917824509133,7.2052690180981
2020-08-25,37470,614,36405,589,1065,25,42746,685,496872,9727,539618,10412,16,353,23,2000,405,9,"East TN",2455501,137.161418382644,0.0709848645114141,424.027520249432,25.005080429615,7.09848645114141
2020-08-26,37813,343,36723,318,1090,25,43129,383,500834,3962,543963,4345,6,359,11,2011,413,8,"East TN",2455501,132.600231073007,0.0700520935333516,176.949632681884,13.9686361357621,7.00520935333516
2020-08-27,38674,861,37567,844,1107,17,44105,976,511121,10287,555226,11263,8,367,29,2040,420,7,"East TN",2455501,136.061846441928,0.0737365036758078,458.684398825331,35.0641274428314,7.37365036758078
2020-08-28,39008,334,37881,314,1127,20,44443,338,513730,2609,558173,2947,12,379,10,2050,426,6,"East TN",2455501,141.152457278576,0.0758106923751096,120.016241084813,13.6021121555235,7.58106923751096
2020-08-29,39459,451,38316,435,1143,16,44971,528,520249,6519,565220,7047,8,387,16,2066,435,9,"East TN",2455501,124.129454640825,0.0783445575932701,286.988276526868,18.366923898626,7.83445575932701
2020-08-30,39722,263,38568,252,1154,11,45238,267,522130,1881,567368,2148,8,395,14,2080,438,3,"East TN",2455501,124.536703507757,0.0850061708183261,87.4770566169592,10.7106452003074,8.50061708183261
2020-08-31,40129,407,38946,378,1183,29,45688,450,525616,3486,571304,3936,2,397,17,2097,443,5,"East TN",2455501,133.292554146791,0.0861561119293078,160.293154024372,16.5750288841259,8.61561119293078
2020-09-01,40736,607,39511,565,1225,42,46362,674,531279,5663,577641,6337,6,403,28,2125,452,9,"East TN",2455501,133.007479939939,0.0951003340083634,258.073606974707,24.7200062227627,9.51003340083634
2020-09-02,41224,488,39970,459,1254,29,46815,453,536072,4793,582887,5246,7,410,22,2147,459,7,"East TN",2455501,138.912588510451,0.0946973589559141,213.642755592443,19.8737447062738,9.46973589559141
2020-09-03,41779,555,40492,522,1287,33,47462,647,544328,8256,591790,8903,6,416,22,2169,462,3,"East TN",2455501,126.450773182336,0.0918116179849032,362.573666229417,22.6023121147171,9.18116179849032
2020-09-04,42136,357,40835,343,1301,14,47810,348,547660,3332,595470,3680,7,423,11,2180,463,1,"East TN",2455501,127.38744557628,0.0902753572673405,149.867583030917,14.5387845494667,9.02753572673405
2020-09-05,43134,998,41818,983,1316,15,48900,1090,556971,9311,605871,10401,1,424,26,2206,469,6,"East TN",2455501,149.663958597451,0.0966519888809623,423.579546495807,40.6434369197976,9.66519888809623
2020-09-06,43397,263,42065,247,1332,16,49168,268,559595,2624,608763,2892,0,424,9,2215,483,14,"East TN",2455501,149.663958597451,0.0949390022949632,117.776372316688,10.7106452003074,9.49390022949632
2020-09-07,43601,204,42262,197,1339,7,49405,237,560931,1336,610336,1573,3,427,13,2228,487,4,"East TN",2455501,141.396806598735,0.0952295552367288,64.0602467683784,8.30787688540954,9.52295552367288
2020-09-08,43912,311,42551,289,1361,22,49725,320,564356,3425,614081,3745,7,434,24,2252,494,7,"East TN",2455501,129.342240137552,0.0922886937431394,152.514700665974,12.6654397615802,9.22886937431394
2020-09-09,44245,333,42867,316,1378,17,50099,374,569498,5142,619597,5516,6,440,16,2268,501,7,"East TN",2455501,123.029882700109,0.0894579133751022,224.638474999603,13.5613872688303,8.94579133751022
2020-09-10,44920,675,43505,638,1415,37,50806,707,577304,7806,628110,8513,18,458,39,2307,512,11,"East TN",2455501,127.916869103291,0.0920704845814978,346.690960419075,27.4892985178992,9.20704845814978
2020-09-11,45245,325,43807,302,1438,23,51160,354,581459,4155,632619,4509,17,475,26,2333,523,11,"East TN",2455501,126.613672729109,0.0901773937387278,183.628514099567,13.2355881752848,9.01773937387278
2020-09-12,45663,418,44207,400,1456,18,51671,511,588443,6984,640114,7495,10,485,14,2347,534,11,"East TN",2455501,102.993238447062,0.0809216482200742,305.233025765414,17.0230026377509,8.09216482200742
2020-09-13,46102,439,44626,419,1476,20,52171,500,594017,5574,646188,6074,2,487,21,2368,539,5,"East TN",2455501,110.160818505063,0.0802404809619238,247.3629617744,17.8782252583078,8.02404809619238
2020-09-14,46546,444,45055,429,1491,15,52656,485,598990,4973,651646,5458,9,496,25,2393,549,10,"East TN",2455501,119.934791311427,0.0786976519002663,222.276431571398,18.0818496917737,7.86976519002663
2020-09-15,47039,493,45511,456,1528,37,53196,540,607164,8174,660360,8714,7,503,20,2413,552,3,"East TN",2455501,127.346720689586,0.0750016206054582,354.876662644405,20.0773691397397,7.50016206054582
2020-09-16,47392,353,45821,310,1571,43,53590,394,610578,3414,664168,3808,6,509,17,2430,561,9,"East TN",2455501,128.16121842345,0.0783244710686321,155.080368527645,14.375885002694,7.83244710686321
2020-09-17,47943,551,46340,519,1603,32,54167,577,617753,7175,671920,7752,8,517,21,2451,572,11,"East TN",2455501,123.111332473495,0.0767176443734307,315.699321645562,22.4394125679444,7.67176443734307
2020-09-18,48477,534,46826,486,1651,48,54733,566,625866,8113,680599,8679,17,534,30,2481,578,6,"East TN",2455501,131.622833792371,0.074468528553564,353.451291610144,21.7470894941603,7.4468528553564
2020-09-19,48985,508,47311,485,1674,23,55306,573,634218,8352,689524,8925,3,537,30,2511,580,2,"East TN",2455501,135.288073594757,0.0735681036227484,363.469613736667,20.6882424401375,7.35681036227484
2020-09-20,49291,306,47592,281,1699,25,55635,329,639176,4958,694811,5287,1,538,13,2524,591,11,"East TN",2455501,129.871663664564,0.0712420048125373,215.312475946864,12.4618153281143,7.12420048125373
2020-09-21,49454,163,47725,133,1729,30,55787,152,640692,1516,696479,1668,3,541,9,2533,596,5,"East TN",2455501,118.427970503779,0.0698369504605982,67.9291110042309,6.63815653098899,6.98369504605982
2020-09-22,49914,460,48127,402,1787,58,56277,490,646841,6149,703118,6639,6,547,29,2562,603,7,"East TN",2455501,117.084049242904,0.0720566911455166,270.372522756049,18.7334478788646,7.20566911455166
2020-09-23,50208,294,48381,254,1827,40,56559,282,648934,2093,705493,2375,8,555,13,2575,612,9,"East TN",2455501,114.681280928006,0.0718451300665457,96.721605896312,11.9731166877961,7.18451300665457
2020-09-24,50671,463,48823,442,1848,21,57039,480,655824,6890,712863,7370,11,566,28,2603,617,5,"East TN",2455501,111.097490899006,0.0701463009549862,300.142414928766,18.8556225389442,7.01463009549862
2020-09-25,51125,454,49253,430,1872,24,57525,486,662498,6674,720023,7160,11,577,18,2621,624,7,"East TN",2455501,107.839499963551,0.0708198051948052,291.590188723197,18.4890985587055,7.08198051948052
2020-09-26,51683,558,49787,534,1896,24,58163,638,673052,10554,731215,11192,5,582,29,2650,631,7,"East TN",2455501,109.87574429821,0.0685279796598786,455.792931870115,22.7244867747967,6.85279796598786
2020-09-27,52076,393,50152,365,1924,28,58570,407,679069,6017,737639,6424,3,585,30,2680,638,7,"East TN",2455501,113.418809440517,0.0685299336882413,261.616672117014,16.0048804704213,6.85299336882413
2020-09-28,52310,234,50347,195,1963,39,58795,225,680755,1686,739550,1911,4,589,15,2695,645,7,"East TN",2455501,116.310276395733,0.0698381741775208,77.8252584706746,9.52962348620506,6.98381741775208
2020-09-29,52693,383,50687,340,2006,43,59192,397,686563,5808,745755,6205,9,598,33,2728,647,2,"East TN",2455501,113.174460120358,0.0683678495203696,252.697921931207,15.5976316034895,6.83678495203696
2020-09-30,53175,482,51137,450,2038,32,59668,476,690001,3438,749669,3914,6,604,23,2751,651,4,"East TN",2455501,120.830738818677,0.0703775805867439,159.397206517122,19.6293953861147,7.0377580586744
2020-10-01,53563,388,51486,349,2077,39,60047,379,693279,3278,753326,3657,11,615,31,2782,656,5,"East TN",2455501,117.776372316688,0.0743395200553592,148.930910636974,15.8012560369554,7.43395200553592
2020-10-02,54027,464,51922,436,2105,28,60509,462,696900,3621,757409,4083,2,617,17,2799,660,4,"East TN",2455501,118.18362118362,0.079815973893971,166.27971236827,18.8963474256374,7.9815973893971
2020-10-03,54432,405,52310,388,2122,17,60992,483,704358,7458,765350,7941,12,629,22,2821,666,6,"East TN",2455501,111.952713519563,0.082876812655632,323.396325230574,16.4935791107395,8.2876812655632
2020-10-04,54887,455,52735,425,2152,30,61531,539,714480,10122,776011,10661,4,633,27,2848,679,13,"East TN",2455501,114.47765649454,0.0771656416136766,434.168017036035,18.5298234453987,7.71656416136766
2020-10-05,55558,671,53347,612,2211,59,62282,751,721729,7249,784011,8000,5,638,42,2890,688,9,"East TN",2455501,132.274431979462,0.0784282854636648,325.799093545472,27.3263989711265,7.84282854636648
2020-10-06,56308,750,54013,666,2295,84,63021,739,728366,6637,791387,7376,8,646,46,2936,697,9,"East TN",2455501,147.22046539586,0.0839104137447405,300.386764248925,30.543665019888,8.39104137447405
2020-10-07,57045,737,54672,659,2373,78,63729,708,735117,6751,798846,7459,3,649,38,2974,703,6,"East TN",2455501,157.605311502622,0.0825792545295565,303.766929844459,30.0142414928766,8.25792545295565
2020-10-08,57763,718,55329,657,2434,61,64407,678,741575,6458,805982,7136,10,659,32,3006,709,6,"East TN",2455501,171.044524111373,0.082801580066849,290.612791442561,29.2404686457061,8.2801580066849
2020-10-09,58304,541,55828,499,2476,42,64967,560,747054,5479,812021,6039,4,663,20,3026,716,7,"East TN",2455501,174.180340386748,0.0816304108987036,245.937590740138,22.0321637010125,8.16304108987036
2020-10-10,58922,618,56416,588,2506,30,65636,669,755480,8426,821116,9095,12,675,20,3046,730,14,"East TN",2455501,182.854741252396,0.08327654843453,370.392844474508,25.1679799763877,8.327654843453
2020-10-11,59865,943,57328,912,2537,31,66665,1029,765906,10426,832571,11455,1,676,37,3083,737,7,"East TN",2455501,202.72848595867,0.0907708628005658,466.503577070423,38.4035681516725,9.07708628005658
2020-10-12,60221,356,57613,285,2608,71,66982,317,768827,2921,835809,3238,6,682,19,3102,748,11,"East TN",2455501,189.900146650317,0.0907370940962972,131.86718311253,14.4980596627735,9.07370940962972
2020-10-13,60726,505,58066,453,2660,52,67466,484,773208,4381,840674,4865,9,691,24,3126,755,7,"East TN",2455501,179.922549410487,0.0901860531174549,198.12657376234,20.5660677800579,9.01860531174549
2020-10-14,61600,874,58878,812,2722,62,68314,848,779392,6184,847706,7032,1,692,44,3170,762,7,"East TN",2455501,185.501858887453,0.0938395415472779,286.37740322647,35.5935509698428,9.38395415472779
2020-10-15,62109,509,59318,440,2791,69,68779,465,783545,4153,852324,4618,14,706,19,3189,771,9,"East TN",2455501,176.990357568578,0.0943420655129256,188.067526749124,20.7289673268307,9.43420655129256
2020-10-16,62748,639,59914,596,2834,43,69363,584,787634,4089,856997,4673,2,708,22,3211,783,12,"East TN",2455501,180.98139646451,0.097741017431519,190.307395517249,26.0232025969446,9.7741017431519
2020-10-17,63466,718,60595,681,2871,37,70223,860,796417,8783,866640,9643,6,714,37,3248,790,7,"East TN",2455501,185.053885133828,0.100760038660926,392.710082382373,29.2404686457061,10.0760038660926
2020-10-18,64270,804,61353,758,2917,46,71093,870,804525,8108,875618,8978,3,717,39,3287,798,8,"East TN",2455501,179.393125883476,0.102864311101819,365.628032731406,32.7428089013199,10.2864311101819
2020-10-19,65018,748,62038,685,2980,63,71852,759,809423,4898,881275,5657,3,720,67,3354,809,11,"East TN",2455501,195.357281467204,0.107113007522104,230.380684023342,30.4622152465016,10.7113007522104
2020-10-20,65704,686,62647,609,3057,77,72543,691,813037,3614,885580,4305,15,735,32,3386,822,13,"East TN",2455501,202.72848595867,0.113058388634036,175.320637214157,27.9372722715242,11.3058388634036
2020-10-21,66297,593,63199,552,3098,41,73159,616,816780,3743,889939,4359,5,740,27,3413,836,14,"East TN",2455501,191.284792797885,0.114720716027751,177.519781095589,24.1498578090581,11.4720716027751
2020-10-22,67427,1130,64235,1036,3192,94,74260,1101,825344,8564,899604,9665,10,750,43,3456,851,15,"East TN",2455501,216.574947434353,0.115926395939086,393.606029889623,46.0191219632979,11.5926395939086
2020-10-23,68398,971,65139,904,3259,67,75230,970,832460,7116,907690,8086,19,769,39,3495,859,8,"East TN",2455501,230.09560981649,0.115735900420176,329.301433801086,39.5438649790817,11.5735900420176
2020-10-24,69635,1237,66314,1175,3321,62,76557,1327,842981,10521,919538,11848,12,781,50,3545,876,17,"East TN",2455501,251.231826010252,0.119739876743922,482.508457540844,50.3766848394686,11.9739876743922
2020-10-25,70564,929,67186,872,3378,57,77604,1047,850856,7875,928460,8922,9,790,43,3588,887,11,"East TN",2455501,256.3224368469,0.123216380909125,363.347439076588,37.8334197379679,12.3216380909125
2020-10-26,71026,462,67592,406,3434,56,78038,434,853611,2755,931649,3189,6,796,21,3609,900,13,"East TN",2455501,244.675119252649,0.122801445189979,129.871663664564,18.814897652251,12.2801445189979
2020-10-27,71868,842,68304,712,3564,130,78821,783,857995,4384,936816,5167,12,808,54,3663,924,24,"East TN",2455501,251.028201576786,0.122531032867515,210.425489543682,34.2903545956609,12.2531032867515
2020-10-28,72865,997,69215,911,3650,86,79791,970,865211,7216,945002,8186,13,821,41,3704,938,14,"East TN",2455501,267.481055800833,0.120443855220384,333.373922470404,40.6027120331044,12.0443855220384
2020-10-29,73773,908,70008,793,3765,115,80625,834,871713,6502,952338,7336,11,832,40,3744,950,12,"East TN",2455501,258.440130954946,0.120700117571206,298.757768781198,36.9781971174111,12.0700117571206
2020-10-30,74673,900,70815,807,3858,93,81465,840,876569,4856,958034,5696,28,860,39,3783,966,16,"East TN",2455501,255.54866399973,0.123847926267281,231.968954604376,36.6523980238656,12.3847926267281
2020-10-31,74687,14,70829,14,3858,0,81481,16,876590,21,958071,37,5,865,0,3783,977,11,"East TN",2455501,205.742127573966,0.127786572548205,1.50682080764781,0.570148413704576,12.7786572548205
2020-11-01,75194,507,71219,390,3975,117,81951,470,883153,6563,965104,7033,0,865,27,3810,993,16,"East TN",2455501,188.556225389442,0.118627879052505,286.418128113163,20.6475175534443,11.8627879052505
2020-11-02,76004,810,71961,742,4043,68,82726,775,887381,4228,970107,5003,11,876,38,3848,1007,14,"East TN",2455501,202.72848595867,0.121899214727755,203.746608126,32.987158221479,12.1899214727755
2020-11-03,77044,1040,72921,960,4123,80,83802,1076,894243,6862,978045,7938,31,907,29,3877,1020,13,"East TN",2455501,210.79201352392,0.120813019961677,323.274150570495,42.3538821609114,12.0813019961677
2020-11-04,77955,911,73733,812,4222,99,84649,847,899128,4885,983777,5732,6,913,35,3912,1044,24,"East TN",2455501,207.289673268307,0.12528691166989,233.435050525331,37.1003717774906,12.528691166989
2020-11-05,78533,578,74217,484,4316,94,85150,501,901789,2661,986939,3162,17,930,27,3939,1058,14,"East TN",2455501,193.850460659556,0.130776567151238,128.772091723848,23.5389845086603,13.0776567151238
2020-11-06,79499,966,75066,849,4433,117,86077,927,908196,6407,994273,7334,10,940,37,3976,1082,24,"East TN",2455501,196.538303181306,0.127266204917354,298.676319007811,39.3402405456157,12.7266204917354
2020-11-07,80826,1327,76307,1241,4519,86,87496,1419,919116,10920,1006612,12339,21,961,52,4028,1092,10,"East TN",2455501,250.010079409457,0.123915864938918,502.504376907197,54.0419246418552,12.3915864938918
2020-11-08,82383,1557,77746,1439,4637,118,89163,1667,932015,12899,1021178,14566,3,964,52,4080,1109,17,"East TN",2455501,292.7712104373,0.128615757748689,593.198699572918,63.4086485812875,12.8615757748689
2020-11-09,83002,619,78285,539,4717,80,89743,580,935467,3452,1025210,4032,9,973,19,4099,1120,11,"East TN",2455501,284.992757078902,0.127343338838176,164.202743146918,25.2087048630809,12.7343338838176
2020-11-10,83941,939,79135,850,4806,89,90666,923,940468,5001,1031134,5924,27,1000,44,4143,1138,18,"East TN",2455501,280.87954352289,0.12929232044303,241.254228770422,38.2406686048998,12.929232044303
2020-11-11,85245,1304,80235,1100,5010,204,91835,1169,947015,6547,1038850,7716,26,1026,59,4202,1152,14,"East TN",2455501,296.884423993311,0.130481361102537,314.233225724608,53.1052522479119,13.0481361102537
2020-11-12,86082,837,80940,705,5142,132,92599,764,951228,4213,1043827,4977,15,1041,34,4236,1170,18,"East TN",2455501,307.432169646846,0.130941499085923,202.687761071977,34.086730162195,13.0941499085923
2020-11-13,87540,1458,82227,1287,5313,171,93898,1299,957087,5859,1050985,7158,27,1068,47,4283,1186,16,"East TN",2455501,327.468813899893,0.137907321201862,291.508738949811,59.3768847986623,13.7907321201862
2020-11-14,89015,1475,83618,1391,5397,84,95433,1535,965982,8895,1061415,10430,7,1075,52,4335,1215,29,"East TN",2455501,333.496097130484,0.144827837892086,424.760568209909,60.0692078724464,14.4827837892086
2020-11-15,90967,1952,85351,1733,5616,219,97393,1960,977151,11169,1074544,13129,7,1082,56,4391,1232,17,"East TN",2455501,349.582427374291,0.154218041449612,534.677037394813,79.4949788250952,15.4218041449612
2020-11-16,92492,1525,86750,1399,5742,126,98930,1537,984770,7619,1083700,9156,10,1092,41,4432,1251,19,"East TN",2455501,386.479174718316,0.157069584544367,372.877062562793,62.1054522071056,15.7069584544367
2020-11-17,93704,1212,87869,1119,5835,93,100151,1221,989913,5143,1090064,6364,31,1123,46,4478,1278,27,"East TN",2455501,397.597068785555,0.160953673850331,259.173178915423,49.358562672139,16.0953673850331
2020-11-18,94902,1198,88825,956,6077,242,101184,1033,995057,5144,1096241,6177,14,1137,53,4531,1293,15,"East TN",2455501,393.280230796078,0.162900106288442,251.557625103798,48.7884142584344,16.2900106288442
2020-11-19,95982,1080,89706,881,6276,199,102043,859,999718,4661,1101761,5520,45,1182,52,4583,1313,20,"East TN",2455501,403.176378262522,0.163013083854041,224.801374546376,43.9828776286387,16.3013083854041
2020-11-20,97108,1126,90669,963,6439,163,103066,1023,1004617,4899,1107683,5922,28,1210,36,4619,1339,26,"East TN",2455501,389.655715880384,0.161698825355392,241.172778997036,45.8562224165252,16.1698825355392
2020-11-21,98326,1218,91733,1064,6593,154,104165,1099,1011023,6406,1115188,7505,3,1213,47,4666,1363,24,"East TN",2455501,379.189420000236,0.162386327710933,305.640274632346,49.6029119922981,16.2386327710933
2020-11-22,99912,1586,93162,1429,6750,157,105831,1666,1020624,9601,1126455,11267,17,1230,57,4723,1390,27,"East TN",2455501,364.284111470531,0.162547436959411,458.847298372104,64.5896702953898,16.2547436959411
2020-11-23,100803,891,93920,758,6883,133,106533,702,1023740,3116,1130273,3818,18,1248,35,4758,1417,27,"East TN",2455501,338.464533307052,0.163249092822021,155.487617394577,36.2858740436269,16.3249092822021
2020-11-24,101714,911,94655,735,7059,176,107238,705,1026767,3027,1134005,3732,13,1261,57,4815,1445,28,"East TN",2455501,326.206342412404,0.161284449602877,151.985277138963,37.1003717774906,16.1284449602877
2020-11-25,102620,906,95341,686,7279,220,107783,545,1029075,2308,1136858,2853,38,1299,56,4871,1470,25,"East TN",2455501,314.314675497994,0.162468916955954,116.188101735654,36.8967473440247,16.2468916955954
2020-11-26,104085,1465,96728,1387,7357,78,109452,1669,1037440,8365,1146892,10034,18,1317,25,4896,1489,19,"East TN",2455501,329.99375687487,0.164166537413308,408.633513079408,59.6619590055146,16.4166537413308
2020-11-27,105788,1703,98294,1566,7494,137,111201,1749,1044979,7539,1156180,9288,5,1322,50,4946,1517,28,"East TN",2455501,353.492016496837,0.167742334577397,378.252747606293,69.3544820384923,16.7742334577397
2020-11-28,107412,1624,99674,1380,7738,244,112695,1494,1052509,7530,1165204,9024,2,1324,45,4991,1545,28,"East TN",2455501,370.02632049427,0.170545425463852,367.501377519292,66.1372159897308,17.0545425463852
2020-11-29,109699,2287,101794,2120,7905,167,115020,2325,1063204,10695,1178224,13020,4,1328,51,5042,1570,25,"East TN",2455501,398.574466066192,0.177500048291449,530.238024745256,93.1378158673118,17.7500048291449
2020-11-30,111933,2234,103799,2005,8134,229,117240,2220,1072654,9450,1189894,11670,15,1343,53,5095,1601,31,"East TN",2455501,453.267988895138,0.179584374633099,475.259427709457,90.979396872573,17.9584374633099
2020-12-01,114194,2261,105805,2006,8389,255,119378,2138,1081489,8835,1200867,10973,20,1363,63,5158,1629,28,"East TN",2455501,508.246585930936,0.181568005743173,446.874181684308,92.078968813289,18.1568005743172
2020-12-02,115251,1057,106718,913,8533,144,120254,876,1084397,2908,1204651,3784,15,1378,42,5200,1662,33,"East TN",2455501,514.396043821607,0.183957045712684,154.102971247008,43.0462052346955,18.3957045712684
2020-12-03,117059,1808,108287,1569,8772,239,121976,1722,1090388,5991,1212364,7713,33,1411,45,5245,1683,21,"East TN",2455501,528.364679957369,0.191287878787879,314.111051064528,73.6305951412767,19.1287878787879
2020-12-04,118788,1729,109675,1388,9113,341,123434,1458,1095908,5520,1219342,6978,37,1448,36,5281,1718,35,"East TN",2455501,529.423527011392,0.193676577689117,284.178259345038,70.4133290925151,19.3676577689117
2020-12-05,119921,1133,110584,909,9337,224,124363,929,1098972,3064,1223335,3993,5,1453,24,5305,1744,26,"East TN",2455501,509.427607645039,0.200719065558824,162.614472565884,46.1412966233775,20.0719065558824
2020-12-06,121390,1469,111847,1263,9543,206,125604,1241,1103464,4492,1229068,5733,20,1473,40,5345,1780,36,"East TN",2455501,476.114650330014,0.20816615529856,233.475775412024,59.8248585522873,20.816615529856
2020-12-07,124113,2723,114252,2405,9861,318,128175,2571,1113010,9546,1241185,12117,31,1504,51,5396,1802,22,"East TN",2455501,496.029119922981,0.2131952974206,493.46345206131,110.89386646554,21.31952974206
2020-12-08,126877,2764,116615,2363,10262,401,130706,2531,1121369,8359,1252075,10890,45,1549,71,5467,1826,24,"East TN",2455501,516.513737929653,0.221215435088267,443.494016088774,112.563586819961,22.1215435088267
2020-12-09,129521,2644,118998,2383,10523,261,133283,2577,1128467,7098,1261750,9675,21,1570,56,5523,1849,23,"East TN",2455501,581.144133111736,0.228182630168654,394.013278756555,107.676600416778,22.8182630168654
2020-12-10,132596,3075,121680,2682,10916,393,136233,2950,1139936,11469,1276169,14419,30,1600,74,5597,1886,37,"East TN",2455501,632.742564552,0.223446438366899,587.21214122902,125.229026581541,22.3446438366899
2020-12-11,134580,1984,123428,1748,11152,236,138023,1790,1147107,7171,1285130,8961,35,1635,50,5647,1911,25,"East TN",2455501,643.127410658762,0.221757767373989,364.935709657622,80.798175199277,22.1757767373989
2020-12-12,137841,3261,126155,2727,11686,534,140997,2974,1158339,11232,1299336,14206,21,1656,73,5720,1936,25,"East TN",2455501,729.789969541857,0.218865541242878,578.537740363372,132.803855506473,21.8865541242878
2020-12-13,142131,4290,130014,3859,12117,431,145361,4364,1175619,17280,1320980,21644,15,1671,62,5782,1970,34,"East TN",2455501,844.674874903329,0.214955609713639,881.449447587274,174.709763913759,21.4955609713639
2020-12-14,144990,2859,132471,2457,12519,402,148034,2673,1184897,9278,1332931,11951,37,1708,72,5854,2004,34,"East TN",2455501,850.213459493602,0.216456303272077,486.703120870242,116.432451055813,21.6456303272077
2020-12-15,149116,4126,136011,3540,13105,586,151897,3863,1199918,15021,1351815,18884,34,1742,94,5948,2035,31,"East TN",2455501,905.680755169719,0.212462402245839,769.048760314087,168.030882496077,21.2462402245839
2020-12-16,152334,3218,138268,2257,14066,961,154283,2386,1207814,7896,1362097,10282,19,1761,60,6008,2077,42,"East TN",2455501,929.056840131607,0.209273819845137,418.733284979318,131.052685378666,20.9273819845137
2020-12-17,156401,4067,141640,3372,14761,695,157890,3607,1218513,10699,1376403,14306,58,1819,75,6083,2116,39,"East TN",2455501,969.455927731245,0.216064409282279,582.61022903269,165.628114181179,21.6064409282279
2020-12-18,159608,3207,144376,2736,15232,471,160769,2879,1227202,8689,1387971,11568,43,1862,62,6145,2146,30,"East TN",2455501,1019.26246415701,0.221176379070604,471.105489266752,130.604711625041,22.1176379070604
2020-12-19,162248,2640,146618,2242,15630,398,163237,2468,1235565,8363,1398802,10831,27,1889,41,6186,2183,37,"East TN",2455501,993.972309520542,0.223593991916836,441.091247773876,107.513700870006,22.3593991916836
2020-12-20,165878,3630,149583,2965,16295,665,166553,3316,1249508,13943,1416061,17259,16,1905,55,6241,2217,34,"East TN",2455501,967.09388430304,0.222883646575026,702.870819437663,147.831338696258,22.2883646575026
2020-12-21,168191,2313,151325,1742,16866,571,168456,1903,1256420,6912,1424876,8815,14,1919,35,6276,2252,35,"East TN",2455501,944.858096168562,0.222111044646256,358.989876200417,94.1966629213346,22.2111044646256
2020-12-22,170845,2654,153026,1701,17819,953,170255,1799,1261473,5053,1431728,6852,62,1981,60,6336,2297,45,"East TN",2455501,884.911062956195,0.229724825748001,279.046923621697,108.08384928371,22.9724825748001
2020-12-23,173063,2218,154472,1446,18591,772,171795,1540,1267250,5777,1439045,7317,41,2022,35,6371,2337,40,"East TN",2455501,844.186176263011,0.227582263346676,297.983995934027,90.3277986854821,22.7582263346676
2020-12-24,175155,2092,155930,1458,19225,634,173393,1598,1273539,6289,1446932,7887,15,2037,30,6401,2375,38,"East TN",2455501,763.754525043973,0.219810290802365,321.197181349142,85.1964629621409,21.9810290802365
2020-12-25,177521,2366,157909,1979,19612,387,175559,2166,1282086,8547,1457645,10713,3,2040,27,6428,2411,36,"East TN",2455501,729.504895335005,0.212274306053908,436.28571114408,96.3550819160733,21.2274306053908
2020-12-26,179460,1939,159376,1467,20084,472,177171,1612,1287739,5653,1464910,7265,2,2042,43,6471,2449,38,"East TN",2455501,700.956749763083,0.210776305439584,295.866301825982,78.9655552980838,21.0776305439584
2020-12-27,180756,1296,160286,910,20470,386,178161,990,1290532,2793,1468693,3783,27,2069,41,6512,2480,31,"East TN",2455501,605.904864221191,0.220550235598115,154.062246360315,52.7794531543665,22.0550235598115
2020-12-28,182152,1396,161264,978,20888,418,179181,1020,1292351,1819,1471532,2839,25,2094,42,6554,2517,37,"East TN",2455501,568.560143123542,0.229873971193416,115.617953321949,56.8519418236849,22.9873971193416
2020-12-29,185057,2905,162990,1726,22067,1179,180959,1778,1296438,4087,1477397,5865,50,2144,64,6618,2559,42,"East TN",2455501,578.782089683531,0.234382184851869,238.851460455524,118.3057958437,23.4382184851869
2020-12-30,187385,2328,164606,1616,22779,712,182636,1677,1300917,4479,1483553,6156,40,2184,44,6662,2597,38,"East TN",2455501,583.261827219781,0.243574188909859,250.702402483241,94.8075362217323,24.3574188909859
2020-12-31,190830,3445,167286,2680,23544,765,185531,2895,1308040,7123,1493571,10018,52,2236,30,6692,2640,43,"East TN",2455501,638.362598915659,0.26025429361693,407.981914892317,140.297234658019,26.025429361693
2021-01-01,193068,2238,169001,1715,24067,523,187387,1856,1314234,6194,1501621,8050,24,2260,31,6723,2680,40,"East TN",2455501,633.149813418932,0.268964889939967,327.835337880131,91.1422964193458,26.8964889939967
2021-01-02,195793,2725,171113,2112,24680,613,189636,2249,1320788,6554,1510424,8803,4,2264,64,6787,2716,36,"East TN",2455501,665.159574359774,0.273871775717362,358.501177560099,110.975316238926,27.3871775717362
2021-01-03,197107,1314,172018,905,25089,409,190573,937,1324156,3368,1514729,4305,15,2279,25,6812,2760,44,"East TN",2455501,665.892622320252,0.269615083847424,175.320637214157,53.5125011148438,26.9615083847424
2021-01-04,198663,1556,173144,1126,25519,430,191751,1178,1326520,2364,1518271,3542,46,2325,34,6846,2810,50,"East TN",2455501,672.408604191161,0.26894028541475,144.247548667258,63.3679236945943,26.894028541475
2021-01-05,201562,2899,174881,1737,26681,1162,193573,1822,1331784,5264,1525357,7086,43,2368,60,6906,2854,44,"East TN",2455501,672.164254871002,0.263010842368641,288.576547107902,118.06144652354,26.3010842368641
2021-01-06,204104,2542,176675,1794,27429,748,195474,1901,1337362,5578,1532836,7479,52,2420,63,6969,2897,43,"East TN",2455501,680.879380623343,0.260495505549581,304.581427578323,103.522661974074,26.0495505549581
2021-01-07,206607,2503,178806,2131,27801,372,197790,2316,1344465,7103,1542255,9419,33,2453,44,7013,2929,32,"East TN",2455501,642.516537358364,0.25180757538411,383.5877077631,101.93439139304,25.180757538411
2021-01-08,208952,2345,180661,1855,28291,490,199775,1985,1351794,7329,1551569,9314,50,2503,47,7060,2984,55,"East TN",2455501,646.874100234535,0.248017938656202,379.311594660316,95.4998592955165,24.8017938656202
2021-01-09,211520,2568,182658,1997,28862,571,201949,2174,1359979,8185,1561928,10359,27,2530,32,7092,3012,28,"East TN",2455501,640.480293023705,0.2390688101895,421.869101254693,104.581509028097,23.90688101895
2021-01-10,213182,1662,183789,1131,29393,531,203198,1249,1365778,5799,1568976,7048,36,2566,41,7133,3052,40,"East TN",2455501,654.652553592933,0.232731763968514,287.029001413561,67.6847616840718,23.2731763968514
2021-01-11,214604,1422,184800,1011,29804,411,204295,1097,1369049,3271,1573344,4368,28,2594,40,7173,3092,40,"East TN",2455501,649.195418776046,0.227770413814392,177.886305075828,57.9107888777077,22.7770413814392
2021-01-12,216420,1816,185934,1134,30486,682,205484,1189,1373246,4197,1578730,5386,60,2654,39,7212,3131,39,"East TN",2455501,605.090366487328,0.22316527082982,219.344239729489,73.9563942348221,22.316527082982
2021-01-13,217943,1523,187006,1072,30937,451,206616,1132,1377975,4729,1584591,5861,49,2703,32,7244,3158,27,"East TN",2455501,563.591706946973,0.215283547483335,238.688560908751,62.0240024337192,21.5283547483335
2021-01-14,220194,2251,188788,1782,31406,469,208580,1964,1386497,8522,1595077,10486,38,2741,50,7294,3200,42,"East TN",2455501,553.329035500291,0.204270947711181,427.041161864727,91.6717199463572,20.4270947711181
2021-01-15,221157,963,189458,670,31699,293,209275,695,1389554,3057,1598829,3752,23,2764,30,7324,3241,41,"East TN",2455501,497.047242090311,0.201015658061786,152.799774872826,39.2180658855362,20.1015658061786
2021-01-16,223588,2431,191207,1749,32381,682,211275,2000,1400430,10876,1611705,12876,13,2777,54,7378,3284,43,"East TN",2455501,491.467932613344,0.187355606002772,524.373641061437,99.0021995511303,18.7355606002772
2021-01-17,224444,856,191813,606,32631,250,211945,670,1404048,3618,1615993,4288,13,2790,24,7402,3318,34,"East TN",2455501,458.643673938638,0.186039092243231,174.628314140373,34.8605030093655,18.6039092243231
2021-01-18,225011,567,192135,322,32876,245,212299,354,1406130,2082,1618429,2436,13,2803,21,7423,3349,31,"East TN",2455501,423.823895815966,0.177531329710547,99.2058239845962,23.0910107550353,17.7531329710547
2021-01-19,226691,1680,193108,973,33583,707,213358,1059,1410335,4205,1623693,5264,21,2824,53,7476,3388,39,"East TN",2455501,418.285311225693,0.175121766786024,214.375803552921,68.4178096445491,17.5121766786024
2021-01-20,227675,984,193766,658,33909,326,214054,696,1414324,3989,1628378,4685,32,2856,29,7505,3428,40,"East TN",2455501,396.334597298067,0.169867768972526,190.796094157567,40.073288506093,16.9867768972526
2021-01-21,229230,1555,194900,1134,34330,421,215325,1271,1421250,6926,1636575,8197,65,2921,36,7541,3474,46,"East TN",2455501,367.990076159611,0.16253795363632,333.821896224029,63.3271988079011,16.253795363632
2021-01-22,230216,986,195604,704,34612,282,216139,814,1426689,5439,1642828,6253,32,2953,31,7572,3506,32,"East TN",2455501,368.926748553554,0.156003545535126,254.65271649248,40.1547382794794,15.6003545535126
2021-01-23,231646,1430,196571,967,35075,463,217239,1100,1434966,8277,1652205,9377,19,2972,41,7613,3531,25,"East TN",2455501,328.161136973677,0.147259259259259,381.877262521986,58.2365879712531,14.7259259259259
2021-01-24,232265,619,197058,487,35207,132,217780,541,1438337,3371,1656117,3912,19,2991,20,7633,3559,28,"East TN",2455501,318.509338827392,0.145424185026418,159.315756743736,25.2087048630809,14.5424185026418
2021-01-25,233004,739,197569,511,35435,228,218329,549,1440093,1756,1658422,2305,44,3035,20,7653,3590,31,"East TN",2455501,325.51401933862,0.150776385867527,93.8708638277891,30.095691266263,15.0776385867527
2021-01-26,234035,1031,198297,728,35738,303,219109,780,1444556,4463,1663665,5243,63,3098,26,7679,3613,23,"East TN",2455501,299.083567874743,0.143875712999099,213.520580932364,41.9873581806727,14.3875712999099
2021-01-27,234989,954,199002,705,35987,249,219864,755,1449073,4517,1668937,5272,55,3153,28,7707,3636,23,"East TN",2455501,297.861821273948,0.143248107694963,214.701602646466,38.8515419052975,14.3248107694963
2021-01-28,236318,1329,199718,716,36600,613,220658,794,1453502,4429,1674160,5223,46,3199,29,7736,3663,27,"East TN",2455501,288.657996881288,0.141891712119196,212.7060831985,54.1233744152415,14.1891712119196
2021-01-29,236913,595,200070,352,36843,243,221055,397,1456166,2664,1677221,3061,17,3216,17,7753,3684,21,"East TN",2455501,272.734566184253,0.142936062570872,124.658878167836,24.2313075824445,14.2936062570872
2021-01-30,238068,1155,201036,966,37032,189,222151,1096,1465214,9048,1687365,10144,44,3260,29,7782,3704,20,"East TN",2455501,261.535222343628,0.139704209328783,413.113250615658,47.0372441306275,13.9704209328783
2021-01-31,238745,677,201474,438,37271,239,222640,489,1469136,3922,1691776,4411,29,3289,30,7812,3723,19,"East TN",2455501,263.897265771832,0.136290978434617,179.637475203635,27.5707482912856,13.6290978434617
2021-02-01,239437,692,201882,408,37555,284,223082,442,1470832,1696,1693914,2138,39,3328,10,7822,3750,27,"East TN",2455501,261.983196097253,0.133917502535783,87.0698077500274,28.1816215916833,13.3917502535783
2021-02-02,239974,537,202229,347,37745,190,223441,359,1471890,1058,1695331,1417,57,3385,13,7835,3766,16,"East TN",2455501,241.86510207082,0.136802880060633,57.7071644442417,21.8692641542398,13.6802880060633
2021-02-03,241086,1112,202989,760,38097,352,224267,826,1477893,6003,1702160,6829,46,3431,39,7874,3779,13,"East TN",2455501,248.299634168343,0.13252866989736,278.110251227754,45.2860740028206,13.252866989736
2021-02-04,242180,1094,203769,780,38411,314,225129,862,1485602,7709,1710731,8571,58,3489,36,7910,3797,18,"East TN",2455501,238.729285795445,0.122255338929753,349.05300384728,44.5530260423433,12.2255338929753
2021-02-05,242994,814,204325,556,38669,258,225730,601,1489408,3806,1715138,4407,67,3556,28,7938,3811,14,"East TN",2455501,247.648035981252,0.12329561937917,179.474575656862,33.1500577682518,12.329561937917
2021-02-06,244219,1225,205140,815,39079,410,226691,961,1498055,8647,1724746,9608,27,3583,22,7960,3840,29,"East TN",2455501,250.498778049775,0.121452074583344,391.284711348112,49.8879861991504,12.1452074583344
2021-02-07,244736,517,205493,353,39243,164,227097,406,1501138,3083,1728235,3489,2,3585,10,7970,3857,17,"East TN",2455501,243.982796178865,0.12224690748512,142.089129672519,21.0547664203761,12.224690748512
2021-02-08,245244,508,205788,295,39456,213,227413,316,1502502,1364,1729915,1680,32,3617,9,7979,3873,16,"East TN",2455501,236.489417027319,0.120302213827394,68.4178096445491,20.6882424401375,12.0302213827394
2021-02-09,246269,1025,206418,630,39851,395,228075,662,1506734,4232,1734809,4894,16,3633,38,8017,3884,11,"East TN",2455501,256.363161733593,0.117381832919601,199.307595476443,41.7430088605136,11.7381832919601
2021-02-10,247115,846,206999,581,40116,265,228708,633,1512718,5984,1741426,6617,39,3672,30,8047,3897,13,"East TN",2455501,245.530341873206,0.113100392196811,269.476575248798,34.4532541424337,11.3100392196811
2021-02-11,247982,867,207582,583,40400,284,229357,649,1518288,5570,1747645,6219,37,3709,31,8078,3915,18,"East TN",2455501,236.285792593854,0.114536490220513,253.268070344911,35.3084767629905,11.4536490220513
2021-02-12,248815,833,208176,594,40639,239,230006,649,1523797,5509,1753803,6158,34,3743,12,8090,3924,9,"East TN",2455501,237.059565441024,0.110590973748868,250.783852256627,33.9238306154223,11.0590973748868
2021-02-13,249406,591,208546,370,40860,221,230439,433,1528221,4424,1758660,4857,12,3755,16,8106,3936,12,"East TN",2455501,211.239987277545,0.110514831632954,197.800774668795,24.0684080356717,11.0514831632954
2021-02-14,249944,538,208958,412,40986,126,230891,452,1531187,2966,1762078,3418,15,3770,15,8121,3949,13,"East TN",2455501,212.095209898102,0.112105900777118,139.197662717303,21.909989040933,11.2105900777118
2021-02-15,250323,379,209169,211,41154,168,231120,229,1532511,1324,1763631,1553,5,3775,10,8131,3960,11,"East TN",2455501,206.841699514682,0.109947799264444,63.2457490345148,15.4347320567167,10.9947799264444
2021-02-16,251088,765,209596,427,41492,338,231594,474,1535920,3409,1767514,3883,8,3783,26,8157,3970,10,"East TN",2455501,196.253228974454,0.107598226570861,158.134735029633,31.1545383202858,10.7598226570861
2021-02-17,251708,620,210015,419,41693,201,232045,451,1539169,3249,1771214,3700,11,3794,11,8168,3987,17,"East TN",2455501,187.049404581794,0.112024976500604,150.682080764781,25.2494297497741,11.2024976500604
2021-02-18,252499,791,210564,549,41935,242,232646,601,1544886,5717,1777532,6318,42,3836,19,8187,4004,17,"East TN",2455501,183.954313193112,0.110047846889952,257.299834127536,32.2133853743085,11.0047846889952
2021-02-19,252974,475,210864,300,42110,175,232989,343,1547594,2708,1780583,3051,5,3841,11,8198,4013,9,"East TN",2455501,169.374803756952,0.111389096340553,124.251629300904,19.3443211792624,11.1389096340553
2021-02-20,253597,623,211313,449,42284,174,233495,506,1552818,5224,1786313,5730,18,3859,18,8216,4023,10,"East TN",2455501,170.678000131134,0.11051242179872,233.353600751944,25.3716044098536,11.051242179872
2021-02-21,253946,349,211541,228,42405,121,233758,263,1554952,2134,1788710,2397,7,3866,12,8228,4041,18,"East TN",2455501,162.980996546122,0.107652448182637,97.617553403562,14.2129854559212,10.7652448182637
2021-02-22,254302,356,211735,194,42567,162,233984,226,1556332,1380,1790316,1606,7,3873,22,8250,4057,16,"East TN",2455501,162.044324152179,0.107326213228405,65.4041680292535,14.4980596627735,10.7326213228405
2021-02-23,254938,636,212077,342,42861,294,234345,361,1559279,2947,1793624,3308,26,3899,27,8277,4064,7,"East TN",2455501,156.790813768758,0.105361930294906,134.717925181053,25.901027936865,10.5361930294906
2021-02-24,255678,740,212626,549,43052,191,234954,609,1565472,6193,1800426,6802,19,3918,23,8300,4071,7,"East TN",2455501,161.67780017194,0.0995823634122963,277.010679287038,30.1364161529562,9.95823634122963
2021-02-25,256313,635,213071,445,43242,190,235450,496,1570239,4767,1805689,5263,21,3939,16,8316,4080,9,"East TN",2455501,155.324717847804,0.0995844727776397,214.335078666227,25.8603030501718,9.95844727776397
2021-02-26,256773,460,213393,322,43380,138,235818,368,1573360,3121,1809178,3489,14,3953,11,8327,4085,5,"East TN",2455501,154.713844547406,0.0989333799615317,142.089129672519,18.7334478788646,9.89333799615317
2021-02-27,257213,440,213620,227,43593,213,236093,275,1577452,4092,1813545,4367,7,3960,16,8343,4094,9,"East TN",2455501,147.261190282553,0.0954024676850764,177.845580189135,17.918950145001,9.54024676850764
2021-02-28,257579,366,213894,274,43685,92,236406,313,1580012,2560,1816418,2873,5,3965,11,8354,4103,9,"East TN",2455501,147.953513356337,0.0955680669842645,117.002599469518,14.9053085297053,9.55680669842645
2021-03-01,257820,241,214040,146,43780,95,236560,154,1580791,779,1817351,933,4,3969,11,8365,4112,9,"East TN",2455501,143.270151386621,0.0952838912520806,37.9963192847407,9.81469769305734,9.52838912520806
2021-03-02,258440,620,214430,390,44010,230,237007,447,1584247,3456,1821254,3903,7,3976,24,8389,4122,10,"East TN",2455501,142.61855319953,0.0963445530220775,158.949232763497,25.2494297497741,9.63445530220774
2021-03-03,258919,479,214729,299,44190,180,237359,352,1588419,4172,1825778,4524,7,3983,17,8406,4125,3,"East TN",2455501,131.989357772609,0.0948643105080467,184.239387399964,19.5072207260351,9.48643105080467
2021-03-04,259528,609,215144,415,44384,194,237831,472,1593239,4820,1831070,5292,18,4001,21,8427,4130,5,"East TN",2455501,130.930510718587,0.0938103305622316,215.51610038033,24.8014559961491,9.38103305622316
2021-03-05,259997,469,215454,310,44543,159,238184,353,1596918,3679,1835102,4032,15,4016,16,8443,4135,5,"East TN",2455501,131.297034698825,0.0912667798179293,164.202743146918,19.0999718591033,9.12667798179293
2021-03-06,260459,462,215776,322,44683,140,238555,371,1601192,4274,1839747,4645,1,4017,10,8453,4141,6,"East TN",2455501,132.192982206075,0.0939622929547363,189.16709868984,18.814897652251,9.39622929547363
2021-03-07,260714,255,215940,164,44774,91,238739,184,1602922,1730,1841661,1914,1,4018,4,8457,4145,4,"East TN",2455501,127.672519783132,0.0924216614506992,77.9474331307542,10.3848461067619,9.24216614506992
2021-03-08,261170,456,216233,293,44937,163,239051,312,1604503,1581,1843554,1893,3,4021,9,8466,4153,8,"East TN",2455501,136.428370422166,0.0950654505209327,77.0922105101973,18.5705483320919,9.50654505209327
2021-03-09,261708,538,216514,281,45194,257,239369,318,1607078,2575,1846447,2893,6,4027,21,8487,4165,12,"East TN",2455501,133.088929713325,0.0937562021196364,117.817097203381,21.909989040933,9.37562021196364
2021-03-10,262358,650,216978,464,45380,186,239875,506,1612546,5468,1852421,5974,7,4034,28,8515,4175,10,"East TN",2455501,140.05288533786,0.0944338100063807,243.290473105081,26.4711763505696,9.44338100063807
2021-03-11,262887,529,217315,337,45572,192,240238,363,1615884,3338,1856122,3701,5,4039,9,8524,4183,8,"East TN",2455501,136.794894402405,0.0960801532811752,150.722805651474,21.5434650606943,9.60801532811752
2021-03-12,263347,460,217680,365,45667,95,240654,416,1619229,3345,1859883,3761,5,4044,12,8536,4191,8,"East TN",2455501,136.428370422166,0.0996731366772931,153.166298853065,18.7334478788646,9.96731366772931
2021-03-13,263793,446,217895,215,45898,231,240933,279,1622868,3639,1863801,3918,2,4046,21,8557,4197,6,"East TN",2455501,135.776772235075,0.0988608963166209,159.560106063895,18.1632994651601,9.88608963166209
2021-03-14,264054,261,218070,175,45984,86,241144,211,1624709,1841,1865853,2052,0,4046,10,8567,4203,6,"East TN",2455501,136.021121555235,0.0994130291005291,83.5674674944136,10.629195426921,9.94130291005291
2021-03-15,264410,356,218255,185,46155,171,241359,215,1625904,1195,1867263,1410,4,4050,15,8582,4207,4,"East TN",2455501,131.948632885916,0.0973469990299042,57.4220902373894,14.4980596627735,9.73469990299042
2021-03-16,265109,699,218706,451,46403,248,241855,496,1629169,3265,1871024,3761,4,4054,36,8618,4208,1,"East TN",2455501,138.505339643519,0.10115148309395,153.166298853065,28.4666957985356,10.115148309395
2021-03-17,265535,426,219039,333,46496,93,242219,364,1632893,3724,1875112,4088,1,4055,16,8634,4217,9,"East TN",2455501,129.382965024246,0.103300868185624,166.483336801736,17.3488017312964,10.3300868185624
2021-03-18,266085,550,219388,349,46697,201,242604,385,1636181,3288,1878785,3673,6,4061,31,8665,4224,7,"East TN",2455501,130.238187644802,0.1043992410537,149.582508824065,22.3986876812512,10.43992410537
2021-03-19,266877,792,219918,530,46959,262,243164,560,1641220,5039,1884384,5599,15,4076,25,8690,4230,6,"East TN",2455501,143.75885002694,0.102444798171503,228.018640595137,32.2541102610017,10.2444798171503
2021-03-20,267149,272,220083,165,47066,107,243358,194,1643340,2120,1886698,2314,1,4077,15,8705,4232,2,"East TN",2455501,136.672719742325,0.105909071057344,94.2373878080278,11.077169180546,10.5909071057344
2021-03-21,267430,281,220280,197,47150,84,243583,225,1645138,1798,1888721,2023,-17,4060,8,8713,4239,7,"East TN",2455501,137.487217476189,0.106655588595417,82.3864457803112,11.4436931607847,10.6655588595417
2021-03-22,267956,526,220621,341,47335,185,243939,356,1647225,2087,1891164,2443,14,4074,19,8732,4246,7,"East TN",2455501,144.41044821403,0.107945274256307,99.4908981914485,21.4212904006148,10.7945274256307
2021-03-23,268393,437,220869,248,47524,189,244204,265,1649680,2455,1893884,2720,11,4085,17,8749,4252,6,"East TN",2455501,133.740527900416,0.102755905511811,110.77169180546,17.7967754849214,10.2755905511811
2021-03-24,268991,598,221329,460,47662,138,244697,493,1654377,4697,1899074,5190,4,4089,26,8775,4258,6,"East TN",2455501,140.745208411644,0.103413738419164,211.362161937625,24.353482242524,10.3413738419164
2021-03-25,269390,399,221635,306,47755,93,245030,333,1657346,2969,1902376,3302,8,4097,23,8798,4262,4,"East TN",2455501,134.595750520973,0.102835827222246,134.473575860894,16.2492297905804,10.2835827222246
2021-03-26,269800,410,221958,323,47842,87,245375,345,1659977,2631,1905352,2976,7,4104,14,8812,4272,10,"East TN",2455501,119.038843804177,0.105446394505914,121.197262798916,16.6972035442054,10.5446394505914
2021-03-27,270004,204,222139,181,47865,23,245585,210,1662488,2511,1908073,2721,2,4106,13,8825,4283,11,"East TN",2455501,116.26955150904,0.104187134502924,110.812416692154,8.30787688540954,10.4187134502924
2021-03-28,270320,316,222358,219,47962,97,245830,245,1664562,2074,1910392,2319,5,4111,17,8842,4289,6,"East TN",2455501,117.694922543302,0.103686954916709,94.4410122414937,12.8690641950461,10.3686954916709
2021-03-29,270758,438,222594,236,48164,202,246083,253,1666416,1854,1912499,2107,18,4129,18,8860,4294,5,"East TN",2455501,114.111132514302,0.100492149050855,85.8073362625387,17.8375003716146,10.0492149050855
2021-03-30,271133,375,222852,258,48281,117,246405,322,1668892,2476,1915297,2798,5,4134,20,8880,4300,6,"East TN",2455501,111.586189539324,0.102788025965535,113.948232967529,15.271832509944,10.2788025965535
2021-03-31,271794,661,223294,442,48500,219,246892,487,1673706,4814,1920598,5301,4,4138,18,8898,4305,5,"East TN",2455501,114.151857400995,0.101979186024902,215.882624360568,26.9191501041946,10.1979186024902
2021-04-01,272244,450,223617,323,48627,127,247242,350,1676533,2827,1923775,3177,1,4139,18,8916,4313,8,"East TN",2455501,116.228826622347,0.103369316323193,129.382965024246,18.3261990119328,10.3369316323193
2021-04-02,272590,346,223848,231,48742,115,247492,250,1679552,3019,1927044,3269,0,4139,12,8928,4318,5,"East TN",2455501,113.622433873983,0.0975935828877005,133.129654600019,14.0908107958417,9.75935828877005
2021-04-03,272932,342,224098,250,48834,92,247766,274,1681904,2352,1929670,2626,0,4139,13,8941,4327,9,"East TN",2455501,119.242468237643,0.100986248090012,106.943552456301,13.9279112490689,10.0986248090012
2021-04-04,273103,171,224221,123,48882,48,247907,141,1683498,1594,1931405,1735,6,4145,8,8949,4331,4,"East TN",2455501,113.337359667131,0.0988435730262219,70.6576784126742,6.96395562453446,9.88435730262219
2021-04-05,273510,407,224456,235,49054,172,248130,223,1684717,1219,1932847,1442,6,4151,40,8989,4337,6,"East TN",2455501,112.074888179642,0.100599567525064,58.7252866115713,16.5750288841259,10.0599567525064
2021-04-06,273938,428,224705,249,49233,179,248406,276,1686801,2084,1935207,2360,3,4154,27,9016,4342,5,"East TN",2455501,114.233307174381,0.100502260170768,96.1107325959142,17.4302515046828,10.0502260170768
2021-04-07,274568,630,225167,462,49401,168,248913,507,1691492,4691,1940405,5198,5,4159,24,9040,4346,4,"East TN",2455501,112.970835686892,0.102034634220225,211.68796103117,25.6566786167059,10.2034634220225
2021-04-08,274973,405,225421,254,49552,151,249201,288,1694503,3011,1943704,3299,-1,4158,21,9061,4351,5,"East TN",2455501,111.138215785699,0.0982989613126599,134.351401200814,16.4935791107395,9.829896131266
2021-04-09,275491,518,225827,406,49664,112,249650,449,1698378,3875,1948028,4324,4,4162,31,9092,4354,3,"East TN",2455501,118.142896296927,0.102840259245139,176.094410061328,21.0954913070693,10.2840259245139
2021-04-10,275796,305,226043,216,49753,89,249898,248,1701158,2780,1951056,3028,1,4163,15,9107,4359,5,"East TN",2455501,116.636075489279,0.0996913868886187,123.314956906961,12.4210904414211,9.96913868886187
2021-04-11,276033,237,226207,164,49826,73,250072,174,1702869,1711,1952941,1885,2,4165,10,9117,4363,4,"East TN",2455501,119.323918011029,0.100529346210996,76.7664114166518,9.65179814628461,10.0529346210996
2021-04-12,276498,465,226530,323,49968,142,250402,330,1704631,1762,1955033,2092,3,4168,16,9133,4372,9,"East TN",2455501,121.685961439234,0.102406923284954,85.1964629621409,18.9370723123306,10.2406923284954
2021-04-13,276876,378,226770,240,50106,138,250652,250,1706688,2057,1957340,2307,3,4171,16,9149,4376,4,"East TN",2455501,119.649717104575,0.101477431889034,93.9523136011755,15.3940071700236,10.1477431889034
2021-04-14,277554,678,227270,500,50284,178,251208,556,1711508,4820,1962716,5376,0,4171,29,9178,4379,3,"East TN",2455501,121.604511665847,0.102864058087939,218.936990862557,27.6114731779788,10.2864058087939
2021-04-15,278096,542,227638,368,50458,174,251588,380,1714652,3144,1966240,3524,2,4173,24,9202,4384,5,"East TN",2455501,127.183821142814,0.105919417820376,143.51450070678,22.0728885877057,10.5919417820376
2021-04-16,279068,972,228527,889,50541,83,252694,1106,1722136,7484,1974830,8590,3,4176,32,9234,4387,3,"East TN",2455501,145.672919701519,0.11357361390941,349.82677669445,39.5845898657748,11.357361390941
2021-04-17,279270,202,228674,147,50596,55,252867,173,1724367,2231,1977234,2404,0,4176,10,9244,4388,1,"East TN",2455501,141.478256372121,0.113415845366338,97.9026276104143,8.22642711202317,11.3415845366338
2021-04-18,279489,219,228862,188,50627,31,253069,202,1726170,1803,1979239,2005,6,4182,8,9252,4397,9,"East TN",2455501,140.745208411644,0.113963039014374,81.6533978198339,8.9187501858073,11.3963039014374
2021-04-19,279816,327,229056,194,50760,133,253279,210,1727619,1449,1980898,1659,8,4190,15,9267,4404,7,"East TN",2455501,135.125174047985,0.111231393775372,67.5625870239923,13.3170379486712,11.1231393775372
2021-04-20,280169,353,229333,277,50836,76,253558,279,1730067,2448,1983625,2727,4,4194,20,9287,4408,4,"East TN",2455501,134.107051880655,0.110557352101959,111.056766012313,14.375885002694,11.0557352101959
2021-04-21,280682,513,229663,330,51019,183,253894,336,1733848,3781,1987742,4117,4,4198,15,9302,4414,6,"East TN",2455501,127.38744557628,0.107328378486374,167.664358515839,20.8918668736034,10.7328378486374
2021-04-22,281323,641,230061,398,51262,243,254340,446,1738100,4252,1992440,4698,3,4201,26,9328,4418,4,"East TN",2455501,131.419209358905,0.105038167938931,191.325517684578,26.1046523703309,10.5038167938931
2021-04-23,281706,383,230338,277,51368,106,254648,308,1741301,3201,1995949,3509,0,4201,11,9339,4423,5,"East TN",2455501,107.432251096619,0.0925233202329656,142.903627406383,15.5976316034895,9.25233202329656
2021-04-24,281966,260,230526,188,51440,72,254857,209,1744296,2995,1999153,3204,0,4201,19,9358,4430,7,"East TN",2455501,109.794294524824,0.0907888133582736,130.482536964962,10.5884705402278,9.07888133582737
2021-04-25,282165,199,230674,148,51491,51,255015,158,1745945,1649,2000960,1807,4,4205,17,9375,4435,5,"East TN",2455501,108.97979679096,0.0895907186593619,73.5898702545835,8.10425245194362,8.95907186593619
2021-04-26,282555,390,230922,248,51633,142,255267,252,1747917,1972,2003184,2224,6,4211,16,9391,4443,8,"East TN",2455501,111.545464652631,0.0892039845643005,90.5721480056412,15.8827058103418,8.92039845643005
2021-04-27,282942,387,231124,202,51818,185,255486,219,1750280,2363,2005766,2582,3,4214,25,9416,4449,6,"East TN",2455501,112.930110800199,0.0870782710808003,105.151657441801,15.7605311502622,8.70782710808003
2021-04-28,283428,486,231468,344,51960,142,255867,381,1754407,4127,2010274,4508,6,4220,23,9439,4457,8,"East TN",2455501,111.830538859483,0.0875643529202911,183.587789212873,19.7922949328874,8.75643529202912
2021-04-29,283820,392,231747,279,52073,113,256171,304,1757338,2931,2013509,3235,1,4221,22,9461,4462,5,"East TN",2455501,101.69004207288,0.0869049314158242,131.74500845245,15.9641555837281,8.69049314158242
2021-04-30,284190,370,231975,228,52215,142,256410,239,1760602,3264,2017012,3503,0,4221,18,9479,4467,5,"East TN",2455501,101.160618545869,0.0836538005032521,142.659278086224,15.0682080764781,8.36538005032521
2021-05-01,284425,235,232157,182,52268,53,256598,188,1763092,2490,2019690,2678,-1,4220,15,9494,4468,1,"East TN",2455501,100.142496378539,0.0847738228563081,109.061246564347,9.57034837289824,8.47738228563081
2021-05-02,284600,175,232285,128,52315,47,256731,133,1764569,1477,2021300,1610,1,4221,11,9505,4472,4,"East TN",2455501,99.165099097903,0.0843657817109145,65.5670675760262,7.1268551713072,8.43657817109145
2021-05-03,284813,213,232400,115,52413,98,256857,126,1766053,1484,2022910,1610,5,4226,17,9522,4476,4,"East TN",2455501,91.9567941532095,0.0806042786170536,65.5670675760262,8.67440086564819,8.06042786170536
2021-05-04,285132,319,232619,219,52513,100,257102,245,1768452,2399,2025554,2644,7,4233,12,9534,4484,8,"East TN",2455501,89.187501858073,0.0816656559531029,107.676600416778,12.9912388551257,8.16656559531029
2021-05-05,285596,464,232912,293,52684,171,257413,311,1772602,4150,2030015,4461,5,4238,22,9556,4489,5,"East TN",2455501,88.2915543508229,0.0783141684818398,181.673719538294,18.8963474256374,7.83141684818398
2021-05-06,285881,285,233108,196,52773,89,257644,231,1775038,2436,2032682,2667,4,4242,10,9566,4495,6,"East TN",2455501,83.9339914746522,0.0768267876701612,108.613272810722,11.6065927075574,7.68267876701612
2021-05-07,286246,365,233356,248,52890,117,257913,269,1778486,3448,2036399,3717,0,4242,15,9581,4500,5,"East TN",2455501,83.7303670411863,0.0775261773353278,151.374403838565,14.8645836430122,7.75261773353278
2021-05-08,286417,171,233459,103,52958,68,258027,114,1780380,1894,2038407,2008,0,4242,7,9588,4507,7,"East TN",2455501,81.1239742928225,0.0763477052946519,81.7755724799135,6.96395562453446,7.63477052946519
2021-05-09,286563,146,233574,115,52989,31,258159,132,1782091,1711,2040250,1843,3,4245,11,9599,4512,5,"East TN",2455501,79.9429525787202,0.0753562005277045,75.0559661755381,5.94583345720486,7.53562005277045
2021-05-10,286798,235,233710,136,53088,99,258304,145,1783607,1516,2041911,1661,7,4252,22,9621,4515,3,"East TN",2455501,80.8389000859702,0.0761538866375454,67.6440367973786,9.57034837289824,7.61538866375454
2021-05-11,287113,315,233938,228,53175,87,258548,244,1786284,2677,2044832,2921,1,4253,19,9640,4519,4,"East TN",2455501,80.6760005391975,0.0750077808901338,118.95739403079,12.828339308353,7.50077808901338
2021-05-12,287417,304,234155,217,53262,87,258799,251,1790348,4064,2049147,4315,3,4256,16,9656,4521,2,"East TN",2455501,74.1600186682881,0.0724440727576835,175.727886081089,12.3803655547279,7.24440727576835
2021-05-13,287627,210,234292,137,53335,73,258944,145,1793081,2733,2052025,2878,1,4257,9,9665,4526,5,"East TN",2455501,71.1056521662993,0.0672077754226335,117.206223902984,8.55222620556864,6.72077754226335
2021-05-14,287928,301,234511,219,53417,82,259192,248,1795766,2685,2054958,2933,1,4258,21,9686,4531,5,"East TN",2455501,68.4992594179355,0.0689153510426208,119.446092671109,12.2581908946484,6.89153510426208
2021-05-15,288036,108,234592,81,53444,27,259294,102,1797754,1988,2057048,2090,0,4258,6,9692,4535,4,"East TN",2455501,65.9335915562649,0.0679684566278633,85.1150131887546,4.39828776286387,6.79684566278633
2021-05-16,288136,100,234666,74,53470,26,259379,85,1799203,1449,2058582,1534,3,4261,4,9696,4539,4,"East TN",2455501,64.0602467683784,0.0665502945668776,62.4719761873443,4.0724886693184,6.65502945668776
2021-05-17,288334,198,234769,103,53565,95,259489,110,1800770,1567,2060259,1677,6,4267,10,9706,4546,7,"East TN",2455501,62.5534259607306,0.0645846958796599,68.2956349844696,8.06352756525043,6.45846958796599
2021-05-18,288545,211,234902,133,53643,78,259633,144,1803007,2237,2062640,2381,8,4275,23,9729,4552,6,"East TN",2455501,58.3180377446395,0.0609276729559748,96.9659552164711,8.59295109226182,6.09276729559748
2021-05-19,288763,218,235067,165,53696,53,259800,167,1806276,3269,2066076,3436,1,4276,21,9750,4555,3,"East TN",2455501,54.8156974890257,0.0591293047433398,139.93071067778,8.87802529911411,5.91293047433398
2021-05-20,288939,176,235200,133,53739,43,259954,154,1820444,14168,2080398,14322,3,4279,7,9757,4560,5,"East TN",2455501,53.4310513414574,0.035597222711733,583.261827219781,7.16758005800038,3.5597222711733
2021-05-21,289102,163,235307,107,53795,56,260074,120,1822722,2278,2082796,2398,0,4279,10,9767,4563,3,"East TN",2455501,47.811016977798,0.0316833105826568,97.6582782902552,6.63815653098899,3.16833105826568
2021-05-22,289172,70,235354,47,53818,23,260135,61,1824308,1586,2084443,1647,0,4279,12,9779,4564,1,"East TN",2455501,46.263471283457,0.0306990326701953,67.073888383674,2.85074206852288,3.06990326701953
2021-05-23,289246,74,235405,51,53841,23,260196,61,1825373,1065,2085569,1126,3,4282,5,9784,4566,2,"East TN",2455501,45.2046242294342,0.0302738355504502,45.8562224165252,3.01364161529562,3.02738355504502
2021-05-24,289406,160,235516,111,53890,49,260322,126,1827297,1924,2087619,2050,0,4282,7,9791,4570,4,"East TN",2455501,43.6570785350932,0.0304459064327485,83.4860177210272,6.51598187090944,3.04459064327485
2021-05-25,289550,144,235612,96,53938,48,260409,87,1829024,1727,2089433,1814,0,4282,9,9800,4576,6,"East TN",2455501,40.9285111266499,0.0289627887881163,73.8749444614358,5.8643836838185,2.89627887881163
2021-05-26,289736,186,235754,142,53982,44,260574,165,1831907,2883,2092481,3048,7,4289,14,9814,4581,5,"East TN",2455501,39.625314752468,0.0293126301836773,124.129454640825,7.57482892493222,2.93126301836773
2021-05-27,289859,123,235829,75,54030,48,260712,138,1834879,2972,2095591,3110,4,4293,11,9825,4585,4,"East TN",2455501,37.4668957577293,0.0498913973540446,126.654397615802,5.00916106326163,4.98913973540446
2021-05-28,289975,116,235919,90,54056,26,260810,98,1836991,2112,2097801,2210,0,4293,9,9834,4588,3,"East TN",2455501,35.5528260831496,0.0490503165611463,90.0019995919366,4.72408685640934,4.90503165611463
2021-05-29,290026,51,235951,32,54075,19,260847,37,1838067,1076,2098914,1113,0,4293,7,9841,4591,3,"East TN",2455501,34.7790532359791,0.0492018519798217,45.3267988895138,2.07696922135238,4.92018519798217
2021-05-30,290081,55,235991,40,54090,15,260893,46,1839154,1087,2100047,1133,0,4293,7,9848,4596,5,"East TN",2455501,34.0052803888086,0.0481420085647189,46.1412966233775,2.23986876812512,4.81420085647189
2021-05-31,290161,80,236057,66,54104,14,260964,71,1840581,1427,2101545,1498,6,4299,4,9852,4601,5,"East TN",2455501,30.7472894533539,0.046100818612667,61.0058802663896,3.25799093545472,4.6100818612667
2021-06-01,290292,131,236151,94,54141,37,261058,94,1841896,1315,2102954,1409,3,4302,11,9863,4604,3,"East TN",2455501,30.2178659263425,0.0479994083277864,57.3813653506963,5.3349601568071,4.79994083277864
2021-06-02,290411,119,236222,71,54189,48,261131,73,1843875,1979,2105006,2052,1,4303,9,9872,4608,4,"East TN",2455501,27.4892985178992,0.0444710578842315,83.5674674944136,4.8462615164889,4.44710578842315
2021-06-03,290498,87,236277,55,54221,32,261250,119,1847040,3165,2108290,3284,1,4304,7,9879,4613,5,"East TN",2455501,26.0232025969446,0.0423655405937475,133.740527900416,3.54306514230701,4.23655405937475
2021-06-04,290589,91,236336,59,54253,32,261328,78,1849192,2152,2110520,2230,0,4304,7,9886,4613,0,"East TN",2455501,25.005080429615,0.0407264722069345,90.8164973258003,3.70596468907974,4.07264722069345
2021-06-05,290630,41,236362,26,54268,15,261358,30,1850575,1383,2111933,1413,-1,4303,2,9888,4618,5,"East TN",2455501,24.5978315626831,0.0392503264459636,57.544264897469,1.66972035442054,3.92503264459636
2021-06-06,290656,26,236378,16,54278,10,261377,19,1851491,916,2112868,935,-1,4302,2,9890,4621,3,"East TN",2455501,23.4168098485808,0.0377505654785118,38.077769058127,1.05884705402278,3.77505654785118
2021-06-07,290729,73,236413,35,54316,38,261429,52,1852761,1270,2114190,1322,3,4305,10,9900,4623,2,"East TN",2455501,23.1317356417285,0.036773428232503,53.8383002083892,2.97291672860243,3.6773428232503
2021-06-08,290816,87,236480,67,54336,20,261499,70,1854239,1478,2115738,1548,3,4308,4,9904,4626,3,"East TN",2455501,21.3398406272284,0.0344962453066333,63.0421246010488,3.54306514230701,3.44962453066333
2021-06-09,290864,48,236518,38,54346,10,261553,54,1856968,2729,2118521,2783,0,4308,3,9907,4629,3,"East TN",2455501,18.4483736720124,0.0312245652978172,113.337359667131,1.95479456127283,3.12245652978172
2021-06-10,290939,75,236575,57,54364,18,261619,66,1858753,1785,2120372,1851,4,4312,4,9911,4632,3,"East TN",2455501,17.9596750316941,0.0305413011090879,75.3817652690836,3.0543665019888,3.05413011090879
2021-06-11,291009,70,236621,46,54388,24,261674,55,1860238,1485,2121912,1540,2,4314,4,9915,4633,1,"East TN",2455501,17.1044524111373,0.030372191011236,62.7163255075034,2.85074206852288,3.0372191011236
2021-06-12,291038,29,236643,22,54395,7,261705,31,1861431,1193,2123136,1224,3,4317,1,9916,4636,3,"East TN",2455501,16.6157537708191,0.030973846291172,49.8472613124572,1.18102171410234,3.0973846291172
2021-06-13,291057,19,236657,14,54400,5,261726,21,1862274,843,2124000,864,1,4318,1,9917,4637,1,"East TN",2455501,16.3306795639668,0.0313510600071865,35.186302102911,0.773772847170496,3.13510600071865
2021-06-14,291110,53,236690,33,54420,20,261767,41,1863526,1252,2125293,1293,3,4321,3,9920,4639,2,"East TN",2455501,15.5161818301031,0.0304422228226605,52.6572784942869,2.15841899473875,3.04422228226605
2021-06-15,291198,88,236759,69,54439,19,261855,88,1865408,1882,2127263,1970,0,4321,4,9924,4643,4,"East TN",2455501,15.5569067167963,0.0308893709327549,80.2280267855725,3.58379002900019,3.08893709327549
2021-06-16,291266,68,236800,41,54466,27,261893,38,1867313,1905,2129206,1943,2,4323,8,9932,4646,3,"East TN",2455501,16.37140445066,0.0318203088441741,79.1284548448565,2.76929229513651,3.18203088441741
2021-06-17,291317,51,236838,38,54479,13,261939,46,1869664,2351,2131603,2397,1,4324,1,9933,4650,4,"East TN",2455501,15.3940071700236,0.0284925652212626,97.617553403562,2.07696922135238,2.84925652212626
2021-06-18,291379,62,236889,51,54490,11,261994,55,1871392,1728,2133386,1783,2,4326,4,9937,4652,2,"East TN",2455501,15.0682080764781,0.0278891406658532,72.6124729739471,2.52494297497741,2.78891406658532
2021-06-19,291407,28,236906,17,54501,11,262012,18,1872542,1150,2134554,1168,0,4326,5,9942,4654,2,"East TN",2455501,15.0274831897849,0.0268873708180067,47.5666676576389,1.14029682740915,2.68873708180067
2021-06-20,291432,25,236927,21,54505,4,262029,17,1873295,753,2135324,770,3,4329,2,9944,4657,3,"East TN",2455501,15.271832509944,0.0267573295655246,31.3581627537517,1.0181221673296,2.67573295655246
2021-06-21,291499,67,236967,40,54532,27,262081,52,1874566,1271,2136647,1323,6,4335,2,9946,4659,2,"East TN",2455501,15.8419809236486,0.027655451823146,53.8790250950824,2.72856740844333,2.7655451823146
2021-06-22,291592,93,237013,46,54579,47,262132,51,1875993,1427,2138125,1478,5,4340,7,9953,4663,4,"East TN",2455501,16.0456053571145,0.0255017492174553,60.1913825325259,3.78741446246611,2.55017492174554
2021-06-23,291661,69,237061,48,54600,21,262187,55,1877782,1789,2139969,1844,2,4342,5,9958,4667,4,"East TN",2455501,16.0863302438077,0.0273158041438261,75.0966910622313,2.8100171818297,2.73158041438261
2021-06-24,291744,83,237113,52,54631,31,262249,62,1879625,1843,2141874,1905,3,4345,6,9964,4668,1,"East TN",2455501,17.3895266179896,0.0301820660110992,77.5809091505155,3.38016559553427,3.01820660110992
2021-06-25,291823,79,237169,56,54654,23,262318,69,1881429,1804,2143747,1873,0,4345,3,9967,4670,2,"East TN",2455501,18.0818496917737,0.0312711128269472,76.2777127763336,3.21726604876154,3.12711128269472
2021-06-26,291858,35,237187,18,54671,17,262339,21,1882613,1184,2144952,1205,0,4345,2,9969,4672,2,"East TN",2455501,18.366923898626,0.0314483554529717,49.0734884652867,1.42537103426144,3.14483554529717
2021-06-27,291887,29,237207,20,54680,9,262363,24,1883327,714,2145690,738,2,4347,3,9972,4674,2,"East TN",2455501,18.5298234453987,0.0322207215898129,30.0549663795698,1.18102171410234,3.22207215898129
2021-06-28,291931,44,237231,24,54700,20,262388,25,1883879,552,2146267,577,4,4351,3,9975,4674,0,"East TN",2455501,17.5931510514555,0.0319126819126819,23.4982596219672,1.7918950145001,3.19126819126819
2021-06-29,292061,130,237316,85,54745,45,262483,95,1885891,2012,2148374,2107,0,4351,7,9982,4677,3,"East TN",2455501,19.0999718591033,0.0342472436335252,85.8073362625387,5.29423527011392,3.42472436335252
2021-06-30,292146,85,237379,63,54767,22,262558,75,1887535,1644,2150093,1719,3,4354,4,9986,4677,0,"East TN",2455501,19.7515700461942,0.0366455946266298,70.0060802255833,3.46161536892064,3.66455946266298
2021-07-01,292252,106,237432,53,54820,53,262623,65,1890087,2552,2152710,2617,1,4355,2,9988,4680,3,"East TN",2455501,20.6882424401375,0.0345145810262089,106.577028476063,4.3168379894775,3.45145810262089
2021-07-02,292334,82,237495,63,54839,19,262697,74,1891769,1682,2154466,1756,0,4355,3,9991,4682,2,"East TN",2455501,20.810417100217,0.0353577759119321,71.5129010332311,3.33944070884109,3.53577759119321
2021-07-03,292382,48,237531,36,54851,12,262737,40,1892855,1086,2155592,1126,1,4356,3,9994,4685,3,"East TN",2455501,21.3398406272284,0.037406015037594,45.8562224165252,1.95479456127283,3.7406015037594
2021-07-04,292409,27,237552,21,54857,6,262762,25,1893555,700,2156317,725,0,4356,1,9995,4686,1,"East TN",2455501,21.258390853842,0.0375458737178884,29.5255428525584,1.09957194071597,3.75458737178884
2021-07-05,292452,43,237576,24,54876,19,262787,25,1894037,482,2156824,507,0,4356,2,9997,4687,1,"East TN",2455501,21.2176659671489,0.037794828076158,20.6475175534443,1.75117012780691,3.7794828076158
2021-07-06,292614,162,237680,104,54934,58,262898,111,1895362,1325,2158260,1436,5,4361,6,10003,4687,0,"East TN",2455501,22.5208623413308,0.0419785555330771,58.4809372914122,6.59743164429581,4.19785555330771
2021-07-07,292757,143,237762,82,54995,61,262986,88,1896819,1457,2159805,1545,4,4365,6,10009,4689,2,"East TN",2455501,24.8829057695354,0.0440691927512356,62.9199499409693,5.82365879712531,4.40691927512356
2021-07-08,292897,140,237864,102,55033,38,263103,117,1898673,1854,2161776,1971,2,4367,3,10012,4691,2,"East TN",2455501,26.2675519171037,0.0529450694904037,80.2687516722657,5.70148413704576,5.29450694904037
2021-07-09,293061,164,237986,122,55075,42,263234,131,1900417,1744,2163651,1875,0,4367,4,10016,4693,2,"East TN",2455501,29.6069926259448,0.0584648884050082,76.35916254972,6.67888141768218,5.84648884050082
2021-07-10,293164,103,238058,72,55106,31,263307,73,1901474,1057,2164781,1130,0,4367,12,10028,4694,1,"East TN",2455501,31.8468613940699,0.0620306888671237,46.0191219632979,4.19466332939795,6.20306888671237
2021-07-11,293212,48,238093,35,55119,13,263350,43,1902230,756,2165580,799,2,4369,7,10035,4694,0,"East TN",2455501,32.7020840146267,0.0634783547446831,32.539184467854,1.95479456127283,6.34783547446832
2021-07-12,293385,173,238210,117,55175,56,263475,125,1903596,1366,2167071,1491,1,4370,14,10049,4695,1,"East TN",2455501,37.9963192847407,0.0671416024202205,60.7208060595373,7.04540539792083,6.71416024202205
2021-07-13,293599,214,238347,137,55252,77,263620,145,1905217,1621,2168837,1766,4,4374,17,10066,4699,4,"East TN",2455501,40.1140133927862,0.0682613217358419,71.9201499001629,8.71512575234138,6.82613217358419
2021-07-14,293772,173,238483,136,55289,37,263762,142,1906778,1561,2170540,1703,0,4374,12,10078,4700,1,"East TN",2455501,41.3357599935818,0.072286911970191,69.3544820384923,7.04540539792083,7.2286911970191
2021-07-15,293992,220,238633,150,55359,70,263929,167,1908579,1801,2172508,1968,0,4374,15,10093,4700,0,"East TN",2455501,44.5937509290365,0.0769660827431979,80.1465770121861,8.95947507250048,7.69660827431979
2021-07-16,294222,230,238775,142,55447,88,264083,154,1910108,1529,2174191,1683,0,4374,10,10103,4704,4,"East TN",2455501,47.2815934507866,0.080550284629981,68.5399843046287,9.36672393943232,8.0550284629981
2021-07-17,294366,144,238875,100,55491,44,264193,110,1911326,1218,2175519,1328,0,4374,5,10108,4706,2,"East TN",2455501,48.9513138052072,0.0825107096293537,54.0826495285484,5.8643836838185,8.25107096293537
2021-07-18,294510,144,238996,121,55514,23,264325,132,1912450,1124,2176775,1256,0,4374,6,10114,4708,2,"East TN",2455501,52.8609029277528,0.0870924519874944,51.1504576866391,5.8643836838185,8.70924519874944
2021-07-19,294813,303,239207,211,55606,92,264540,215,1914140,1690,2178680,1905,2,4376,14,10128,4709,1,"East TN",2455501,58.1551381978667,0.0917391678869842,77.5809091505155,12.3396406680348,9.17391678869842
2021-07-20,295169,356,239444,237,55725,119,264793,253,1915800,1660,2180593,1913,2,4378,22,10150,4711,2,"East TN",2455501,63.9380721082989,0.0997788363388908,77.906708244061,14.4980596627735,9.97788363388908
2021-07-21,295571,402,239738,294,55833,108,265102,309,1917916,2116,2183018,2425,3,4381,28,10178,4715,4,"East TN",2455501,73.264071161038,0.107389004648181,98.7578502309712,16.37140445066,10.7389004648181
2021-07-22,296046,475,240072,334,55974,141,265470,368,1920284,2368,2185754,2736,5,4386,21,10199,4718,3,"East TN",2455501,83.6489172677999,0.11633700739846,111.423289992551,19.3443211792624,11.633700739846
2021-07-23,296506,460,240391,319,56115,141,265803,333,1922187,1903,2187990,2236,1,4387,28,10227,4724,6,"East TN",2455501,93.0156412072322,0.124646713529966,91.0608466459594,18.7334478788646,12.4646713529966
2021-07-24,296863,357,240640,249,56223,108,266068,265,1923938,1751,2190006,2016,0,4387,21,10248,4728,4,"East TN",2455501,101.69004207288,0.129426382273763,82.101371573459,14.5387845494667,12.9426382273763
2021-07-25,297091,228,240830,190,56261,38,266271,203,1925253,1315,2191524,1518,3,4390,17,10265,4733,5,"East TN",2455501,105.110932555108,0.131941148552444,61.8203780002533,9.28527416604595,13.1941148552444
2021-07-26,297758,667,241293,463,56465,204,266756,485,1926982,1729,2193738,2214,10,4400,36,10301,4737,4,"East TN",2455501,119.934791311427,0.147164298047549,90.1648991387094,27.1634994243537,14.7164298047549
2021-07-27,298484,726,241782,489,56702,237,267271,515,1929303,2321,2196574,2836,2,4402,28,10329,4743,6,"East TN",2455501,135.002999387905,0.155059132720105,115.49577866187,29.5662677392516,15.5059132720105
2021-07-28,299301,817,242330,548,56971,269,267885,614,1932169,2866,2200054,3480,2,4404,37,10366,4746,3,"East TN",2455501,151.903827365576,0.163359943648744,141.72260569228,33.2722324283313,16.3359943648744
2021-07-29,299990,689,242788,458,57202,231,268382,497,1934597,2428,2202979,2925,3,4407,24,10390,4750,4,"East TN",2455501,160.618953117918,0.169056603773585,119.120293577563,28.0594469316038,16.9056603773585
2021-07-30,300987,997,243536,748,57451,249,269185,803,1936400,1803,2205585,2606,4,4411,41,10431,4755,5,"East TN",2455501,182.488217272157,0.192213697073032,106.129054722438,40.6027120331044,19.2213697073032
2021-07-31,301522,535,243901,365,57621,170,269581,396,1938369,1969,2207950,2365,2,4413,32,10463,4765,10,"East TN",2455501,189.737247103544,0.195775746767722,96.3143570293801,21.7878143808534,19.5775746767722
2021-08-01,302052,530,244321,420,57731,110,270042,461,1940507,2138,2210549,2599,3,4416,28,10491,4769,4,"East TN",2455501,202.036162884886,0.198212877792378,105.843980515585,21.5841899473875,19.8212877792378
2021-08-02,302903,851,244860,539,58043,312,270579,537,1942842,2335,2213421,2872,9,4425,33,10524,4778,9,"East TN",2455501,209.529542036432,0.194228522074887,116.961874582824,34.6568785758996,19.4228522074887
2021-08-03,304241,1338,245829,969,58412,369,271595,1016,1946616,3774,2218211,4790,4,4429,40,10564,4788,10,"East TN",2455501,234.45317269266,0.19984286176457,195.072207260351,54.4898983954802,19.984286176457
2021-08-04,305328,1087,246664,835,58664,252,272481,886,1950235,3619,2222716,4505,8,4437,40,10604,4794,6,"East TN",2455501,245.44889209982,0.202806460153561,183.465614552794,44.267951835491,20.2806460153561
2021-08-05,306508,1180,247557,893,58951,287,273434,953,1954199,3964,2227633,4917,10,4447,43,10647,4801,7,"East TN",2455501,265.444811466173,0.204916037965442,200.244267870386,48.0553662979571,20.4916037965442
2021-08-06,307846,1338,248544,987,59302,351,274517,1083,1958827,4628,2233344,5711,3,4450,52,10699,4814,13,"East TN",2455501,279.331997828549,0.192081847328794,232.579827904774,54.4898983954802,19.2081847328794
2021-08-07,308570,724,249069,525,59501,199,275100,583,1961829,3002,2236929,3585,0,4450,28,10727,4823,9,"East TN",2455501,287.029001413561,0.19044825563339,145.998718795065,29.4848179658652,19.044825563339
2021-08-08,309207,637,249521,452,59686,185,275625,525,1963945,2116,2239570,2641,5,4455,30,10757,4833,10,"East TN",2455501,291.386564289731,0.192377933220771,107.554425756699,25.9417528235582,19.2377933220771
2021-08-09,310576,1369,250482,961,60094,408,276631,1006,1967482,3537,2244113,4543,13,4468,66,10823,4845,12,"East TN",2455501,312.482055596801,0.197184934184804,185.013160247135,55.7523698829689,19.7184934184804
2021-08-10,311901,1325,251332,850,60569,475,277548,917,1970733,3251,2248281,4168,6,4474,49,10872,4859,14,"East TN",2455501,311.952632069789,0.197971400066511,169.741327737191,53.9604748684688,19.7971400066511
2021-08-11,313789,1888,252645,1313,61144,575,278932,1384,1976088,5355,2255020,6739,8,4482,63,10935,4879,20,"East TN",2455501,344.57326631103,0.199696631996038,274.445011425367,76.8885860767314,19.9696631996038
2021-08-12,315250,1461,253712,1067,61538,394,280092,1160,1980568,4480,2260660,5640,10,4492,45,10980,4893,14,"East TN",2455501,356.016959471815,0.201592636327853,229.688360949558,59.4990594587418,20.1592636327853
2021-08-13,316896,1646,254835,1123,62061,523,281265,1173,1985987,5419,2267252,6592,11,4503,30,11010,4917,24,"East TN",2455501,368.560224573315,0.199009083402147,268.458453081469,67.0331634969809,19.9009083402147
2021-08-14,318426,1530,255924,1089,62502,441,282465,1200,1991458,5471,2273923,6671,1,4504,27,11037,4931,14,"East TN",2455501,401.384483248021,0.199086338325134,271.67571913023,62.3090766405715,19.9086338325134
2021-08-15,319570,1144,256891,967,62679,177,283524,1059,1995265,3807,2278789,4866,11,4515,21,11058,4944,13,"East TN",2455501,422.032000801466,0.20140748106785,198.167298649033,46.5892703770025,20.140748106785
2021-08-16,321007,1437,257810,919,63197,518,284486,962,1998324,3059,2282810,4021,17,4532,27,11085,4962,18,"East TN",2455501,424.801293096602,0.202987311677908,163.754769393293,58.5216621781054,20.2987311677908
2021-08-17,322742,1735,259024,1214,63718,521,285806,1320,2003183,4859,2288989,6179,10,4542,25,11110,4979,17,"East TN",2455501,441.498496640808,0.202859388817923,251.639074877184,70.6576784126742,20.2859388817923
2021-08-18,324832,2090,260416,1392,64416,698,287284,1478,2008603,5420,2295887,6898,13,4555,32,11142,4994,15,"East TN",2455501,449.724923752831,0.204370274304451,280.920268409583,85.1150131887546,20.4370274304451
2021-08-19,327223,2391,261918,1502,65305,889,288859,1575,2018555,9952,2307414,11527,23,4578,43,11185,5016,22,"East TN",2455501,487.599068377492,0.187513367840185,469.435768912332,97.3732040834029,18.7513367840185
2021-08-20,329678,2455,263898,1980,65780,475,290970,2111,2025446,6891,2316416,9002,4,4582,37,11222,5049,33,"East TN",2455501,520.545501712278,0.197400536978277,366.605430012042,99.9795968317667,19.7400536978277
2021-08-21,332607,2929,265877,1979,66730,950,293088,2118,2034371,8925,2327459,11043,0,4582,57,11279,5073,24,"East TN",2455501,577.519618196042,0.198427226539151,449.724923752831,119.283193124336,19.8427226539151
2021-08-22,334088,1481,267216,1339,66872,142,294605,1517,2039882,5511,2334487,7028,7,4589,17,11296,5092,19,"East TN",2455501,591.243905011645,0.198947897590578,286.214503679697,60.3135571926055,19.8947897590578
2021-08-23,336035,1947,268345,1129,67690,818,295791,1186,2043848,3966,2339639,5152,17,4606,37,11333,5113,21,"East TN",2455501,612.013597225169,0.198930123704447,209.814616243284,79.2913543916292,19.8930123704447
2021-08-24,338015,1980,269736,1391,68279,589,297224,1433,2047627,3779,2344851,5212,15,4621,25,11358,5151,38,"East TN",2455501,621.991194464999,0.204396548637714,212.258109444875,80.6352756525043,20.4396548637714
2021-08-25,340236,2221,270947,1211,69289,1010,298466,1242,2051662,4035,2350128,5277,17,4638,39,11397,5189,38,"East TN",2455501,627.326154621806,0.206154016334507,214.905227079932,90.4499733455617,20.6154016334507
2021-08-26,342889,2653,272782,1835,70107,818,300421,1955,2058507,6845,2358928,8800,24,4662,40,11437,5219,30,"East TN",2455501,637.99607493542,0.224443840509376,358.379002900019,108.043124397017,22.4443840509376
2021-08-27,345897,3008,275060,2278,70837,730,302794,2373,2065579,7072,2368373,9445,19,4681,44,11481,5240,21,"East TN",2455501,660.516937276751,0.227572800585099,384.646554817123,122.500459173097,22.7572800585099
2021-08-28,348039,2142,276600,1540,71439,602,304467,1673,2071445,5866,2375912,7539,1,4682,33,11514,5275,35,"East TN",2455501,628.466451449215,0.234846139557922,307.024920779914,87.2327072968001,23.4846139557922
2021-08-29,350373,2334,278428,1828,71945,506,306488,2021,2078438,6993,2384926,9014,9,4691,45,11559,5306,31,"East TN",2455501,663.204779798501,0.235591506572295,367.094128652361,95.0518855418915,23.5591506572295
2021-08-30,353613,3240,280843,2415,72770,825,309094,2606,2087478,9040,2396572,11646,21,4712,71,11630,5346,40,"East TN",2455501,715.862058292788,0.233660618621889,474.282030428821,131.948632885916,23.3660618621889
2021-08-31,357198,3585,283252,2409,73946,1176,311701,2607,2096063,8585,2407764,11192,7,4719,80,11710,5381,35,"East TN",2455501,781.225501435349,0.23011142371211,455.792931870115,145.998718795065,23.011142371211
2021-09-01,358630,1432,284205,953,74425,479,312688,987,2098345,2282,2411033,3269,14,4733,32,11742,5423,42,"East TN",2455501,749.093565834426,0.233511205976521,133.129654600019,58.3180377446395,23.3511205976521
2021-09-02,360944,2314,285700,1495,75244,819,314204,1516,2102602,4257,2416806,5773,19,4752,44,11786,5453,30,"East TN",2455501,735.287829245437,0.238138843774837,235.104770879751,94.2373878080278,23.8138843774837
2021-09-03,362697,1753,286925,1225,75772,528,315497,1293,2106707,4105,2422204,5398,17,4769,32,11818,5482,29,"East TN",2455501,684.178096445491,0.235979268451264,219.832938369807,71.3907263731516,23.5979268451264
2021-09-04,365953,3256,289265,2340,76688,916,318070,2573,2114752,8045,2432822,10618,3,4772,56,11874,5513,31,"East TN",2455501,729.545620221698,0.239026533122474,432.416846908228,132.600231073007,23.9026533122474
2021-09-05,370404,4451,292518,3253,77886,1198,321557,3487,2127261,12509,2448818,15996,8,4780,58,11932,5568,55,"East TN",2455501,815.760205351169,0.235851123771364,651.435287544171,181.266470671362,23.5851123771364
2021-09-06,375311,4907,296454,3936,78857,971,325847,4290,2142894,15633,2468741,19923,11,4791,102,12034,5605,37,"East TN",2455501,883.648591468706,0.232135681525309,811.361917588305,199.837019003454,23.2135681525309
2021-09-07,377388,2077,297912,1458,79476,619,327365,1518,2147319,4425,2474684,5943,34,4825,64,12098,5637,32,"East TN",2455501,822.235462335385,0.234070531978482,242.028001617593,84.5855896617432,23.4070531978482
2021-09-08,379064,1676,299088,1176,79976,500,328626,1261,2151696,4377,2480322,5638,19,4844,60,12158,5678,41,"East TN",2455501,832.172334688522,0.230022081427066,229.606911176171,68.2549100977764,23.0022081427066
2021-09-09,380973,1909,300094,1006,80879,903,329703,1077,2155361,3665,2485064,4742,8,4852,55,12213,5718,40,"East TN",2455501,815.678755577782,0.227064959418676,193.117412699079,77.7438086972883,22.7064959418676
2021-09-10,386459,5486,303932,3838,82527,1648,333838,4135,2167463,12102,2501301,16237,23,4875,144,12357,5754,36,"East TN",2455501,967.704757603438,0.231879843736172,661.249985237229,223.416728398807,23.1879843736172
2021-09-11,390737,4278,307036,3104,83701,1174,337153,3315,2179281,11818,2516434,15133,8,4883,119,12476,5798,44,"East TN",2455501,1009.32559180387,0.228232789551739,616.289710327953,174.221065273441,22.8232789551739
2021-09-12,392314,1577,308458,1422,83856,155,338706,1553,2184521,5240,2523227,6793,23,4906,50,12526,5842,44,"East TN",2455501,892.282267447661,0.230469432461127,276.644155306799,64.2231463151512,23.0469432461127
2021-09-13,394662,2348,309907,1449,84755,899,340207,1501,2189644,5123,2529851,6624,63,4969,84,12610,5892,50,"East TN",2455501,788.067282399804,0.234986090656194,269.761649455651,95.622033955596,23.4986090656194
2021-09-14,397471,2809,311860,1953,85611,856,342281,2074,2195864,6220,2538145,8294,43,5012,63,12673,5936,44,"East TN",2455501,817.877899459214,0.235041994295709,337.772210233268,114.396206721154,23.5041994295709
2021-09-15,399264,1793,313058,1198,86206,595,343497,1216,2199639,3775,2543136,4991,23,5035,36,12709,5975,39,"East TN",2455501,822.642711202317,0.236746585156175,203.257909485681,73.0197218408789,23.6746585156175
2021-09-16,401905,2641,314912,1854,86993,787,345454,1957,2206296,6657,2551750,8614,23,5058,65,12774,6012,37,"East TN",2455501,852.453328261727,0.236196503014126,350.804173975087,107.554425756699,23.6196503014126
2021-09-17,404581,2676,316785,1873,87796,803,347456,2002,2213498,7202,2560954,9204,23,5081,82,12856,6067,55,"East TN",2455501,738.01639665388,0.228286926055689,374.831857124065,108.97979679096,22.8286926055689
2021-09-18,406028,1447,317958,1173,88070,274,348790,1334,2218970,5472,2567760,6806,3,5084,39,12895,6125,58,"East TN",2455501,622.724242425477,0.226727194794061,277.17357883381,58.9289110450372,22.6727194794061
2021-09-19,406671,643,318404,446,88267,197,349303,513,2221047,2077,2570350,2590,17,5101,25,12920,6168,43,"East TN",2455501,584.687198254043,0.22487957048575,105.477456535347,26.1861021437173,22.487957048575
2021-09-20,408650,1979,319659,1255,88991,724,350673,1370,2226683,5636,2577356,7006,48,5149,70,12990,6212,44,"East TN",2455501,569.659715064258,0.220313651194611,285.318556172447,80.5945507658111,22.0313651194611
2021-09-21,410519,1869,320761,1102,89758,767,351809,1136,2230987,4304,2582796,5440,31,5180,61,13051,6259,47,"East TN",2455501,531.378321572665,0.213388277978097,221.543383610921,76.1148132295609,21.3388277978097
2021-09-22,412111,1592,321878,1117,90233,475,353029,1220,2236343,5356,2589372,6576,14,5194,45,13096,6299,40,"East TN",2455501,523.192619347335,0.206159702396401,267.806854894378,64.8340196155489,20.6159702396401
2021-09-23,414457,2346,323385,1507,91072,839,354692,1663,2242699,6356,2597391,8019,32,5226,59,13155,6337,38,"East TN",2455501,511.178777772846,0.202405731688613,326.572866392642,95.5405841822097,20.2405731688613
2021-09-24,415993,1536,324365,980,91628,556,355789,1097,2247578,4879,2603367,5976,37,5263,40,13195,6386,49,"East TN",2455501,464.752406942616,0.196472779572301,243.371922878468,62.5534259607306,19.6472779572301
2021-09-25,416690,697,324854,489,91836,208,356351,562,2250599,3021,2606950,3583,2,5265,21,13216,6428,42,"East TN",2455501,434.208741922728,0.192931870375096,145.917269021678,28.3852460251492,19.2931870375096
2021-09-26,417550,860,325482,628,92068,232,357074,723,2254574,3975,2611648,4698,6,5271,26,13242,6464,36,"East TN",2455501,443.046042335149,0.188168918591699,191.325517684578,35.0234025561382,18.8168918591699
2021-09-27,419007,1457,326312,830,92695,627,357996,922,2258165,3591,2616161,4513,46,5317,45,13287,6497,33,"East TN",2455501,421.787651481307,0.188712794742945,183.791413646339,59.3361599119691,18.8712794742945
2021-09-28,420294,1287,327096,784,93198,503,358850,854,2261825,3660,2620675,4514,14,5331,34,13321,6533,36,"East TN",2455501,398.085767425874,0.185881359064389,183.832138533033,52.4129291741278,18.5881359064389
2021-09-29,421970,1676,328104,1008,93866,668,359987,1137,2267322,5497,2627309,6634,30,5361,50,13371,6578,45,"East TN",2455501,401.506657908101,0.183409336531618,270.168898322583,68.2549100977764,18.3409336531618
2021-09-30,423179,1209,328865,761,94314,448,360807,820,2271993,4671,2632800,5491,11,5372,40,13411,6613,35,"East TN",2455501,355.202461737951,0.172696207178966,223.620352832273,49.2363880120595,17.2696207178966
2021-10-01,424547,1368,329837,972,94710,396,361881,1074,2276966,4973,2638847,6047,14,5386,47,13458,6642,29,"East TN",2455501,348.360680773496,0.171702367531003,246.263389833684,55.7116449962757,17.1702367531003
2021-10-02,425100,553,330188,351,94912,202,362276,395,2279635,2669,2641911,3064,11,5397,19,13477,6680,38,"East TN",2455501,342.496297089677,0.16947455736392,124.781052827916,22.5208623413308,16.947455736392
2021-10-03,425639,539,330654,466,94985,73,362800,524,2282726,3091,2645526,3615,13,5410,15,13492,6713,33,"East TN",2455501,329.423608461165,0.169018241926914,147.22046539586,21.9507139276262,16.9018241926914
2021-10-04,426985,1346,331511,857,95474,489,363740,940,2286863,4137,2650603,5077,22,5432,29,13521,6736,23,"East TN",2455501,324.903146038222,0.166773125834737,206.760249741295,54.8156974890257,16.6773125834737
2021-10-05,428248,1263,332267,756,95981,507,364555,815,2291325,4462,2655880,5277,17,5449,41,13562,6776,40,"East TN",2455501,323.925748757585,0.162050845050419,214.905227079932,51.4355318934914,16.2050845050419
2021-10-06,429183,935,332973,706,96210,229,365335,780,2295746,4421,2661081,5201,18,5467,26,13588,6811,35,"East TN",2455501,293.748607717936,0.158356034584863,211.81013569125,38.077769058127,15.8356034584863
2021-10-07,430297,1114,333765,792,96532,322,366192,857,2300527,4781,2666719,5638,24,5491,26,13614,6841,30,"East TN",2455501,289.879743482084,0.158760576667944,229.606911176171,45.367523776207,15.8760576667944
2021-10-08,431347,1050,334353,588,96994,462,366834,642,2304772,4245,2671606,4887,9,5500,31,13645,6862,21,"East TN",2455501,276.929229513651,0.151195091425257,199.02252126959,42.7611310278432,15.1195091425257
2021-10-09,431887,540,334707,354,97180,186,367250,416,2307581,2809,2674831,3225,4,5504,32,13677,6892,30,"East TN",2455501,276.39980598664,0.151093560145808,131.337759585518,21.9914388143194,15.1093560145808
2021-10-10,432205,318,334973,266,97232,52,367560,310,2309813,2232,2677373,2542,6,5510,16,13693,6916,24,"East TN",2455501,267.399606027446,0.149464627751437,103.522661974074,12.9505139684325,14.9464627751437
2021-10-11,433421,1216,335510,537,97911,679,368108,548,2313259,3446,2681367,3994,52,5562,33,13726,6930,14,"East TN",2455501,262.105370757332,0.141984137303342,162.655197452577,49.5214622189117,14.1984137303342
2021-10-12,434355,934,336147,637,98208,297,369113,1005,2316903,3644,2686016,4649,29,5591,32,13758,6964,34,"East TN",2455501,248.706883035275,0.151247677196708,189.329998236612,38.0370441714339,15.1247677196708
2021-10-13,435200,845,336695,548,98505,297,369762,649,2320767,3864,2690529,4513,25,5616,37,13795,6987,23,"East TN",2455501,245.041643232888,0.150332790002717,183.791413646339,34.4125292557405,15.0332790002717
2021-10-14,436147,947,337348,653,98799,294,370483,721,2324770,4003,2695253,4724,31,5647,33,13828,7019,32,"East TN",2455501,238.240587155126,0.150382000420551,192.384364738601,38.5664676984452,15.0382000420551
2021-10-15,436950,803,337861,513,99089,290,371059,576,2328663,3893,2699722,4469,24,5671,30,13858,7044,25,"East TN",2455501,228.18154014191,0.150270308721013,181.999518631839,32.7020840146267,15.0270308721013
2021-10-16,437258,308,338100,239,99158,69,371330,271,2330893,2230,2702223,2501,7,5678,12,13870,7059,15,"East TN",2455501,218.733366429091,0.148948598130841,101.852941619653,12.5432651015007,14.8948598130841
2021-10-17,437510,252,338310,210,99200,42,371578,248,2332556,1663,2704134,1911,7,5685,14,13884,7075,16,"East TN",2455501,216.045523907341,0.150143866073764,77.8252584706746,10.2626714466824,15.0143866073764
2021-10-18,438296,786,338776,466,99520,320,372093,515,2335746,3190,2707839,3705,23,5708,37,13921,7096,21,"East TN",2455501,198.533822629272,0.1505364158356,150.885705198247,32.0097609408426,15.05364158356
2021-10-19,439127,831,339217,441,99910,390,372567,474,2339074,3328,2711641,3802,25,5733,23,13944,7112,16,"East TN",2455501,194.339159299874,0.134790243902439,154.836019207486,33.8423808420359,13.4790243902439
2021-10-20,439890,763,339707,490,100183,273,373108,541,2343095,4021,2716203,4562,15,5748,21,13965,7131,19,"East TN",2455501,190.999718591033,0.130326400249279,185.786933094305,31.0730885468994,13.0326400249279
2021-10-21,440519,629,340130,423,100389,206,373578,470,2346732,3637,2720310,4107,17,5765,21,13986,7149,18,"East TN",2455501,178.0492046226,0.123518378097937,167.257109648907,25.6159537300127,12.3518378097937
2021-10-22,441062,543,340472,342,100590,201,373964,386,2349836,3104,2723800,3490,6,5771,18,14004,7167,18,"East TN",2455501,167.460734082373,0.120649555610931,142.129854559212,22.1136134743989,12.0649555610931
2021-10-23,441418,356,340716,244,100702,112,374237,273,2352220,2384,2726457,2657,0,5771,15,14019,7187,20,"East TN",2455501,169.415528643645,0.119955434513493,108.20602394379,14.4980596627735,11.9955434513493
2021-10-24,441661,243,340878,162,100783,81,374433,196,2354117,1897,2728550,2093,7,5778,14,14033,7199,12,"East TN",2455501,169.049004663407,0.116931520314548,85.2371878488341,9.89614746644371,11.6931520314548
2021-10-25,442083,422,341126,248,100957,174,374704,271,2356548,2431,2731252,2702,28,5806,21,14054,7210,11,"East TN",2455501,154.225145907088,0.111519241447059,110.038643844983,17.1859021845236,11.1519241447059
2021-10-26,442608,525,341454,328,101154,197,375042,338,2359187,2639,2734229,2977,12,5818,28,14082,7221,11,"East TN",2455501,141.763330578973,0.109571453869311,121.237987685609,21.3805655139216,10.9571453869311
2021-10-27,443228,620,341848,394,101380,226,375466,424,2363385,4198,2738851,4622,10,5828,21,14103,7242,21,"East TN",2455501,135.939671781848,0.104115153655952,188.230426295896,25.2494297497741,10.4115153655952
2021-10-28,443643,415,342104,256,101539,159,375757,291,2366182,2797,2741939,3088,16,5844,15,14118,7257,15,"East TN",2455501,127.224546029507,0.100744370983402,125.758450108552,16.9008279776714,10.0744370983402
2021-10-29,444102,459,342408,304,101694,155,376089,332,2369699,3517,2745788,3849,4,5848,10,14128,7274,17,"East TN",2455501,123.803655547279,0.0966436237947972,156.750088882065,18.6927229921715,9.66436237947972
2021-10-30,444365,263,342610,202,101755,61,376318,229,2372273,2574,2748591,2803,0,5848,16,14144,7288,14,"East TN",2455501,120.016241084813,0.0940182524622752,114.151857400995,10.7106452003074,9.40182524622752
2021-10-31,444536,171,342737,127,101799,44,376464,146,2373897,1624,2750361,1770,0,5848,5,14149,7299,11,"East TN",2455501,117.084049242904,0.0931181513914997,72.0830494469357,6.96395562453446,9.31181513914997
2021-11-01,445132,596,343098,361,102034,235,376854,390,2377014,3117,2753868,3507,14,5862,23,14172,7308,9,"East TN",2455501,124.170179527518,0.0950654403961797,142.822177632996,24.2720324691377,9.50654403961797
2021-11-02,445545,413,343319,221,102226,192,377081,227,2379225,2211,2756306,2438,25,5887,16,14188,7331,23,"East TN",2455501,119.608992217881,0.0923585632105812,99.2872737579826,16.819378204285,9.23585632105812
2021-11-03,446118,573,343699,380,102419,193,377475,394,2383803,4578,2761278,4972,6,5893,14,14202,7342,11,"East TN",2455501,117.694922543302,0.0895795246800731,202.484136638511,23.3353600751944,8.95795246800731
2021-11-04,446535,417,344001,302,102534,115,377805,330,2387338,3535,2765143,3865,13,5906,9,14211,7353,11,"East TN",2455501,117.776372316688,0.0882606447164282,157.401687069156,16.9822777510577,8.82606447164282
2021-11-05,446970,435,344286,285,102684,150,378129,324,2390921,3583,2769050,3907,2,5908,13,14224,7359,6,"East TN",2455501,116.798975036052,0.0876966726850658,159.11213231027,17.715325711535,8.76966726850658
2021-11-06,447203,233,344457,171,102746,62,378317,188,2393161,2240,2771478,2428,0,5908,13,14237,7367,8,"East TN",2455501,115.577228435256,0.0873421593044086,98.8800248910507,9.48889859951187,8.73421593044086
2021-11-07,447402,199,344585,128,102817,71,378471,154,2395062,1901,2773533,2055,6,5914,8,14245,7379,12,"East TN",2455501,116.717525262665,0.086613153806318,83.6896421544931,8.10425245194362,8.6613153806318
2021-11-08,447943,541,344931,346,103012,195,378856,385,2398594,3532,2777450,3917,25,5939,25,14270,7391,12,"East TN",2455501,114.47765649454,0.0848952590959206,159.519381177202,22.0321637010125,8.48952590959206
2021-11-09,448806,863,345544,613,103262,250,379652,796,2405862,7268,2785514,8064,10,5949,27,14297,7406,15,"East TN",2455501,132.803855506473,0.0880238290879211,328.405486293836,35.1455772162178,8.80238290879211
2021-11-10,449431,625,345981,437,103450,188,380153,501,2411113,5251,2791266,5752,7,5956,28,14325,7417,11,"East TN",2455501,134.921549614519,0.0893023876217154,234.249548259194,25.45305418324,8.93023876217154
2021-11-11,449935,504,346363,382,103572,122,380558,405,2415401,4288,2795959,4693,5,5961,10,14335,7430,13,"East TN",2455501,138.464614756826,0.0893367082035306,191.121893251113,20.5253428933647,8.93367082035306
2021-11-12,450416,481,346685,322,103731,159,380890,332,2418851,3450,2799741,3782,2,5963,24,14359,7440,10,"East TN",2455501,140.337959544712,0.0899612264181682,154.021521473622,19.5886704994215,8.99612264181682
2021-11-13,450653,237,346827,142,103826,95,381039,149,2420849,1998,2801888,2147,4,5967,11,14370,7449,9,"East TN",2455501,140.500859091485,0.0895100295955278,87.436331730266,9.65179814628461,8.95100295955278
2021-11-14,451014,361,347143,316,103871,45,381384,345,2423827,2978,2805211,3323,1,5968,14,14384,7457,8,"East TN",2455501,147.098290735781,0.0919565629143254,135.32879848145,14.7016840962394,9.19565629143254
2021-11-15,451591,577,347434,291,104157,286,381685,301,2426594,2767,2808279,3068,26,5994,20,14404,7467,10,"East TN",2455501,148.564386656735,0.0917642479483603,124.943952374689,23.4982596219672,9.17642479483603
2021-11-16,452262,671,347866,432,104396,239,382145,460,2430201,3607,2812346,4067,24,6018,17,14421,7477,10,"East TN",2455501,140.745208411644,0.0929114490161002,165.628114181179,27.3263989711265,9.29114490161002
2021-11-17,452974,712,348332,466,104642,246,382653,508,2434846,4645,2817499,5153,5,6023,27,14448,7487,10,"East TN",2455501,144.288273553951,0.0952998132123661,209.855341129977,28.996119325547,9.52998132123661
2021-11-18,453598,624,348742,410,104856,214,383131,478,2439708,4862,2822839,5340,12,6035,19,14467,7496,9,"East TN",2455501,149.175259957133,0.0957217261904762,217.470894941603,25.4123292965468,9.57217261904762
2021-11-19,454211,613,349184,442,105027,171,383591,460,2444182,4474,2827773,4934,7,6042,13,14480,7504,8,"East TN",2455501,154.550945000633,0.0963541666666667,200.93659094417,24.9643555429218,9.63541666666667
2021-11-20,454533,322,349431,247,105102,75,383878,287,2446886,2704,2830764,2991,0,6042,14,14494,7512,8,"East TN",2455501,158.012560369554,0.0983169414046267,121.808136099313,13.1134135152052,9.83169414046267
2021-11-21,454797,264,349583,152,105214,112,384042,164,2448369,1483,2832411,1647,9,6051,11,14505,7523,11,"East TN",2455501,154.062246360315,0.0977205882352941,67.073888383674,10.7513700870006,9.77205882352941
2021-11-22,455549,752,350078,495,105471,257,384554,512,2452237,3868,2836791,4380,20,6071,38,14543,7529,6,"East TN",2455501,161.189101531622,0.100624298540965,178.375003716146,30.6251147932744,10.0624298540965
2021-11-23,456225,676,350547,469,105678,207,385042,488,2455538,3301,2840580,3789,21,6092,20,14563,7536,7,"East TN",2455501,161.392725965088,0.102606786144365,154.306595680474,27.5300234045924,10.2606786144365
2021-11-24,456961,736,351079,532,105882,204,385615,573,2459566,4028,2845181,4601,6,6098,21,14584,7546,10,"East TN",2455501,162.370123245725,0.107000939238494,187.37520367534,29.9735166061834,10.7000939238494
2021-11-25,457247,286,351237,158,106010,128,385788,173,2461202,1636,2846990,1809,1,6099,11,14595,7555,9,"East TN",2455501,148.605111543428,0.110016148399652,73.6713200279699,11.6473175942506,11.0016148399652
2021-11-26,457477,230,351439,202,106038,28,386032,244,2462879,1677,2848911,1921,1,6100,15,14610,7559,4,"East TN",2455501,133.007479939939,0.115479231715394,78.2325073376065,9.36672393943232,11.5479231715394
2021-11-27,457761,284,351667,228,106094,56,386286,254,2464473,1594,2850759,1848,0,6100,14,14624,7570,11,"East TN",2455501,131.459934245598,0.120430107526882,75.259590609004,11.5658678208643,12.0430107526882
2021-11-28,458076,315,351879,212,106197,103,386503,217,2465983,1510,2852486,1727,7,6107,20,14644,7580,10,"East TN",2455501,133.53690346695,0.122590286425903,70.3318793191288,12.828339308353,12.2590286425903
2021-11-29,459173,1097,352594,715,106579,382,387241,738,2470530,4547,2857771,5285,19,6126,36,14680,7588,8,"East TN",2455501,147.586989376099,0.128074356530029,215.231026173477,44.6752007024228,12.8074356530029
2021-11-30,460011,838,353103,509,106908,329,387748,507,2473897,3367,2861645,3874,64,6190,26,14706,7600,12,"East TN",2455501,154.184421020395,0.12845953002611,157.768211049395,34.1274550488882,12.845953002611
2021-12-01,461094,1083,353874,771,107220,312,388556,808,2479067,5170,2867623,5978,48,6238,33,14739,7621,21,"East TN",2455501,168.315956702929,0.131048926120667,243.453372651854,44.1050522887183,13.1048926120667
2021-12-02,461997,903,354498,624,107499,279,389222,666,2483728,4661,2872950,5327,39,6277,18,14757,7638,17,"East TN",2455501,193.443211792624,0.132280431432974,216.941471414591,36.7745726839452,13.2280431432974
2021-12-03,463015,1018,355233,735,107782,283,390004,782,2488704,4976,2878708,5758,21,6298,26,14783,7650,12,"East TN",2455501,225.534422506853,0.13330201026949,234.493897579353,41.4579346536613,13.330201026949
2021-12-04,463438,423,355567,334,107871,89,390385,381,2491456,2752,2881841,3133,3,6301,29,14812,7662,12,"East TN",2455501,231.195181757206,0.131876970593913,127.591070009745,17.2266270712168,13.1876970593913
2021-12-05,463823,385,355783,216,108040,169,390616,231,2493387,1931,2884003,2162,12,6313,15,14827,7670,8,"East TN",2455501,234.045923825728,0.130500999460609,88.0472050306638,15.6790813768758,13.0500999460609
2021-12-06,464774,951,356428,645,108346,306,391306,690,2497571,4184,2888877,4874,69,6382,32,14859,7684,14,"East TN",2455501,228.100090368524,0.130682183501575,198.493097742579,38.729367245218,13.0682183501575
2021-12-07,465615,841,356960,532,108655,309,391847,541,2501047,3476,2892894,4017,8,6390,28,14887,7689,5,"East TN",2455501,228.222265028603,0.13117219751032,163.59186984652,34.2496297089677,13.117219751032
2021-12-08,466661,1046,357597,637,109064,409,392504,657,2505660,4613,2898164,5270,4,6394,29,14916,7706,17,"East TN",2455501,226.715444220955,0.129268851707541,214.62015287308,42.5982314810705,12.9268851707541
2021-12-09,467580,919,358217,620,109363,299,393171,667,2510637,4977,2903808,5644,19,6413,34,14950,7720,14,"East TN",2455501,227.367042408046,0.127973297038045,229.85126049633,37.4261708710361,12.7973297038045
2021-12-10,468375,795,358765,548,109610,247,393772,601,2515146,4509,2908918,5110,5,6418,22,14972,7734,14,"East TN",2455501,218.285392675466,0.124726911618669,208.10417100217,32.3762849210813,12.4726911618669
2021-12-11,468771,396,359051,286,109720,110,394097,325,2518067,2921,2912164,3246,0,6418,19,14991,7743,9,"East TN",2455501,217.18582073475,0.122415328298651,132.192982206075,16.1270551305009,12.2415328298651
2021-12-12,469202,431,359314,263,109888,168,394391,294,2520585,2518,2914976,2812,9,6427,18,15009,7750,7,"East TN",2455501,219.059165522637,0.121880347399348,114.518381381233,17.5524261647623,12.1880347399348
2021-12-13,470083,881,359888,574,110195,307,394994,603,2525187,4602,2920181,5205,23,6450,24,15033,7759,9,"East TN",2455501,216.208423454114,0.117812420138002,211.973035238023,35.8786251766951,11.7812420138002
2021-12-14,470840,757,360344,456,110496,301,395477,483,2529209,4022,2924686,4505,36,6486,23,15056,7767,8,"East TN",2455501,212.787532971886,0.114179667840966,183.465614552794,30.8287392267403,11.4179667840966
2021-12-15,471708,868,360933,589,110775,279,396105,628,2534011,4802,2930116,5430,19,6505,23,15079,7782,15,"East TN",2455501,205.5385031405,0.112700300450676,221.136134743989,35.3492016496837,11.2700300450676
2021-12-16,472502,794,361444,511,111058,283,396650,545,2537831,3820,2934481,4365,19,6524,22,15101,7799,17,"East TN",2455501,200.447892303852,0.113422228018127,177.764130415748,32.3355600343881,11.3422228018127
2021-12-17,473312,810,361980,536,111332,274,397235,585,2542499,4668,2939734,5253,24,6548,34,15135,7813,14,"East TN",2455501,201.058765604249,0.112376687435099,213.927829799296,32.987158221479,11.2376687435099
2021-12-18,473882,570,362361,381,111521,189,397661,426,2545843,3344,2943504,3770,0,6548,29,15164,7826,13,"East TN",2455501,208.144895888863,0.113720485003191,153.532822833304,23.2131854151149,11.3720485003191
2021-12-19,474302,420,362641,280,111661,140,397971,310,2548504,2661,2946475,2971,6,6554,16,15180,7835,9,"East TN",2455501,207.696922135238,0.113654401727039,120.99363836545,17.1044524111373,11.3654401727039
2021-12-20,475236,934,363265,624,111971,310,398609,638,2552464,3960,2951073,4598,40,6594,31,15211,7847,12,"East TN",2455501,209.855341129977,0.117020587854461,187.25302901526,38.0370441714339,11.7020587854461
2021-12-21,476246,1010,363921,656,112325,354,399278,669,2556847,4383,2956125,5052,30,6624,29,15240,7857,10,"East TN",2455501,220.158737463353,0.120900792009924,205.742127573966,41.1321355601158,12.0900792009924
2021-12-22,477731,1485,364652,731,113079,754,400026,748,2561184,4337,2961210,5085,852,7476,40,15280,7873,16,"East TN",2455501,245.285992553047,0.126101498681418,207.086048834841,60.4764567393782,12.6101498681418
2021-12-23,478896,1165,365457,805,113439,360,400890,864,2565669,4485,2966559,5349,28,7504,35,15315,7890,17,"East TN",2455501,260.394925516219,0.132177816572106,217.837418921841,47.4444929975594,13.2177816572106
2021-12-24,479834,938,366107,650,113727,288,401598,708,2569504,3835,2971102,4543,0,7504,18,15333,7912,22,"East TN",2455501,265.607711012946,0.139090793165009,185.013160247135,38.1999437182066,13.9090793165009
2021-12-25,480314,480,366390,283,113924,197,401931,333,2571623,2119,2973554,2452,8,7512,19,15352,7920,8,"East TN",2455501,261.942471210559,0.142096505823627,99.8574221716871,19.5479456127283,14.2096505823627
2021-12-26,480657,343,366667,277,113990,66,402251,320,2573498,1875,2975749,2195,62,7574,19,15371,7937,17,"East TN",2455501,258.806654935184,0.146204823392772,89.3911262915389,13.9686361357621,14.6204823392772
2021-12-27,482531,1874,367928,1261,114603,613,403561,1310,2578250,4752,2981811,6062,64,7638,36,15407,7956,19,"East TN",2455501,297.088048426777,0.161103520072874,246.874263134081,76.3184376630268,16.1103520072874
2021-12-28,484954,2423,369370,1442,115584,981,405046,1485,2582627,4377,2987673,5862,18,7656,27,15434,7969,13,"East TN",2455501,354.632313324246,0.182832509192342,238.729285795445,98.6764004575848,18.2832509192342
2021-12-29,487839,2885,371298,1928,116541,957,407049,2003,2587916,5289,2994965,7292,37,7693,30,15464,7984,15,"East TN",2455501,411.647154694704,0.208058065471782,296.965873766698,117.491298109836,20.8058065471782
2021-12-30,490662,2823,373083,1785,117579,1038,408871,1822,2592378,4462,3001249,6284,14,7707,34,15498,7999,15,"East TN",2455501,479.169016832003,0.230066301527818,255.915187979968,114.966355134858,23.0066301527818
2021-12-31,493185,2523,374897,1814,118288,709,410818,1947,2597211,4833,3008029,6780,0,7707,25,15523,8018,19,"East TN",2455501,543.7179622407,0.24968180464159,276.114731779788,102.748889126903,24.968180464159
2022-01-01,494644,1459,376128,1231,118516,228,412157,1339,2600860,3649,3013017,4988,0,7707,34,15557,8026,8,"East TN",2455501,583.587626313327,0.259128804196336,203.135734825602,59.4176096853555,25.9128804196336
2022-01-02,496108,1464,377092,964,119016,500,413380,1223,2603876,3016,3017256,4239,6,7713,27,15584,8046,20,"East TN",2455501,629.240224296386,0.268123449056786,172.632794692407,59.6212341188214,26.8123449056786
2022-01-03,499000,2892,379276,2184,119724,708,415606,2226,2608046,4170,3023652,6396,33,7746,37,15621,8060,14,"East TN",2455501,670.698158950047,0.287875528787553,260.476375289605,117.776372316688,28.7875528787553
2022-01-04,503169,4169,381731,2455,121438,1714,417996,2390,2613283,5237,3031279,7627,14,7760,43,15664,8078,18,"East TN",2455501,741.803811116347,0.29697748016328,310.608710808914,169.782052623884,29.697748016328
2022-01-05,508101,4932,385140,3409,122961,1523,421496,3500,2618517,5234,3040013,8734,15,7775,44,15708,8103,25,"East TN",2455501,825.167654177294,0.320702361925058,355.691160378269,200.855141170783,32.0702361925058
2022-01-06,513256,5155,388607,3467,124649,1688,425143,3647,2624128,5611,3049271,9258,11,7786,43,15751,8123,20,"East TN",2455501,920.138089945799,0.338844696180917,377.031001005497,209.936790903364,33.8844696180917
2022-01-07,517626,4370,391833,3226,125793,1144,428422,3279,2628812,4684,3057234,7963,12,7798,40,15791,8145,22,"East TN",2455501,995.35695566811,0.357768519459405,324.292272737824,177.967754849214,35.7768519459405
2022-01-08,520770,3144,394257,2424,126513,720,431027,2605,2633574,4762,3064601,7367,1,7799,43,15834,8165,20,"East TN",2455501,1063.97838974613,0.365811104218362,300.020240268687,128.03904376337,36.5811104218362
2022-01-09,524272,3502,396940,2683,127332,819,433926,2899,2638575,5001,3072501,7900,15,7814,42,15876,8183,18,"East TN",2455501,1146.97570882683,0.371906959905874,321.726604876154,142.61855319953,37.1906959905874
2022-01-10,528910,4638,400012,3072,128898,1566,437166,3240,2643353,4778,3080519,8018,29,7843,63,15939,8216,33,"East TN",2455501,1218.08136099313,0.379130251288093,326.532141505949,188.882024482987,37.9130251288093
2022-01-11,534510,5600,404052,4040,130458,1560,441302,4136,2648542,5189,3089844,9325,30,7873,50,15989,8241,25,"East TN",2455501,1276.35867385108,0.397950994621361,379.759568413941,228.05936548183,39.7950994621361
2022-01-12,540198,5688,408034,3982,132164,1706,445469,4167,2653311,4769,3098780,8936,16,7889,33,16022,8263,22,"East TN",2455501,1307.14668819113,0.407933023635714,363.917587490292,231.643155510831,40.7933023635714
2022-01-13,547523,7325,413280,5246,134243,2079,450946,5477,2660237,6926,3111183,12403,65,7954,50,16072,8279,16,"East TN",2455501,1395.51969231534,0.416768962398243,505.110769655561,298.309795027573,41.6768962398243
2022-01-14,554020,6497,418058,4778,135962,1719,455876,4930,2666117,5880,3121993,10810,68,8022,39,16111,8312,33,"East TN",2455501,1482.14152631174,0.423941073827576,440.236025153319,264.589588845616,42.3941073827576
2022-01-15,558559,4539,421444,3386,137115,1153,459489,3613,2671204,5087,3130693,8700,9,8031,38,16149,8327,15,"East TN",2455501,1538.95274324873,0.430642135205471,354.306514230701,184.850260700362,43.0642135205471
2022-01-16,562411,3852,424759,3315,137652,537,462979,3490,2675851,4647,3138830,8137,7,8038,40,16189,8345,18,"East TN",2455501,1553.20645359134,0.438013538572872,331.378403022438,156.872263542145,43.8013538572872
2022-01-17,567043,4632,428086,3327,138957,1305,466449,3470,2680586,4735,3147035,8205,15,8053,43,16232,8369,24,"East TN",2455501,1552.96210427119,0.440239942269529,334.147695317575,188.637675162828,44.0239942269529
2022-01-18,572998,5955,431762,3676,141236,2279,470187,3738,2684047,3461,3154234,7199,49,8102,48,16280,8401,32,"East TN",2455501,1567.41943904727,0.448594502251902,293.178459304232,242.516700257911,44.8594502251902
2022-01-19,581301,8303,437766,6004,143535,2299,476363,6176,2689894,5847,3166257,12023,22,8124,53,16333,8433,32,"East TN",2455501,1673.91501774994,0.457844895297657,489.635312712151,338.138734213507,45.7844895297657
2022-01-20,589591,8290,443830,6064,145761,2226,482638,6275,2695611,5717,3178249,11992,44,8168,43,16376,8467,34,"East TN",2455501,1713.21453340886,0.472549428920765,488.372841224663,337.609310686495,47.2549428920765
2022-01-21,596889,7298,449439,5609,147450,1689,488519,5881,2701333,5722,3189852,11603,53,8221,31,16407,8498,31,"East TN",2455501,1745.8351676501,0.481041571493833,472.530860301014,297.210223086857,48.1041571493833
2022-01-22,602888,5999,454303,4864,148585,1135,493682,5163,2707419,6086,3201101,11249,0,8221,57,16464,8525,27,"East TN",2455501,1805.29350222215,0.485640836268606,458.114250411627,244.308595272411,48.5640836268606
2022-01-23,606483,3595,457277,2974,149206,621,496827,3145,2710688,3269,3207515,6414,6,8227,31,16495,8557,32,"East TN",2455501,1794.82720634201,0.492800465895028,261.209423250082,146.405967661996,49.2800465895028
2022-01-24,613167,6684,461957,4680,151210,2004,501790,4963,2716068,5380,3217858,10343,37,8264,45,16540,8592,35,"East TN",2455501,1878.39467383642,0.499004560665321,421.217503067602,272.205142657242,49.9004560665321
2022-01-25,618868,5701,466037,4080,152831,1621,506053,4263,2720721,4653,3226774,8916,30,8294,36,16576,8621,29,"East TN",2455501,1868.05055261635,0.494430658946788,363.103089756429,232.172579037842,49.4430658946788
2022-01-26,624670,5802,470460,4423,154210,1379,510730,4677,2725614,4893,3236344,9570,26,8320,37,16613,8655,34,"East TN",2455501,1766.1976109967,0.490347710702413,389.737165653771,236.285792593854,49.0347710702413
2022-01-27,631920,7250,476228,5768,155692,1482,516871,6141,2732767,7153,3249638,13294,29,8349,52,16665,8702,47,"East TN",2455501,1723.84372883579,0.479527658322711,541.396643699188,295.255428525584,47.9527658322711
2022-01-28,636876,4956,479930,3702,156946,1254,520799,3928,2737606,4839,3258405,8767,38,8387,42,16707,8736,34,"East TN",2455501,1628.46604420035,0.470876548072294,357.035081639144,201.83253845142,47.0876548072294
2022-01-29,640938,4062,483197,3267,157741,795,524343,3544,2743035,5429,3267378,8973,5,8392,32,16739,8774,38,"East TN",2455501,1549.58193867565,0.462619008102358,365.42440829794,165.424489747713,46.2619008102358
2022-01-30,643004,2066,484706,1509,158298,557,525939,1596,2745511,2476,3271450,4072,17,8409,24,16763,8820,46,"East TN",2455501,1487.31358692177,0.455337452099789,165.831738614645,84.1376159081181,45.5337452099789
2022-01-31,646915,3911,487174,2468,159741,1443,528511,2572,2748443,2932,3276954,5504,68,8477,38,16801,8858,38,"East TN",2455501,1374.38347612157,0.452162582915933,224.149776359285,159.275031857043,45.2162582915933
2022-02-01,651871,4956,490691,3517,161180,1439,532412,3901,2753702,5259,3286114,9160,28,8505,40,16841,8890,32,"East TN",2455501,1344.04343553515,0.444202898550725,373.039962109565,201.83253845142,44.4202898550725
2022-02-02,656581,4710,494202,3511,162379,1199,536165,3753,2758601,4899,3294766,8652,21,8526,47,16888,8932,42,"East TN",2455501,1299.57185926619,0.435366813871487,352.351719669428,191.814216324897,43.5366813871487
2022-02-03,665509,8928,496879,2677,168630,6251,538990,2825,2762954,4353,3301944,7178,26,8552,41,16929,8960,28,"East TN",2455501,1367.90821913736,0.422876916606125,292.323236683675,363.591788396747,42.2876916606125
2022-02-04,669039,3530,499399,2520,169640,1010,541735,2745,2767544,4590,3309279,7335,12,8564,38,16967,8989,29,"East TN",2455501,1309.83453071288,0.411526516491725,298.717043894505,143.75885002694,41.1526516491725
2022-02-05,670715,1676,500582,1183,170133,493,543071,1336,2770166,2622,3313237,3958,3,8567,26,16993,9033,44,"East TN",2455501,1212.66495106294,0.408382215050481,161.189101531622,68.2549100977764,40.8382215050481
2022-02-06,672021,1306,501529,947,170492,359,544157,1086,2772818,2652,3316975,3738,1,8568,36,17029,9065,32,"East TN",2455501,1181.71403717612,0.400175727622186,152.229626459122,53.1867020212983,40.0175727622186
2022-02-07,674828,2807,503361,1832,171467,975,546131,1974,2775703,2885,3321834,4859,50,8618,46,17075,9097,32,"East TN",2455501,1136.75376226684,0.392602495543672,197.882224442181,114.314756947767,39.2602495543672
2022-02-08,677489,2661,505069,1708,172420,953,548021,1890,2778370,2667,3326391,4557,21,8639,43,17118,9134,37,"East TN",2455501,1043.29014730599,0.387541276659136,185.58330866084,108.368923490563,38.7541276659136
2022-02-09,680392,2903,507146,2077,173246,826,550333,2312,2782041,3671,3332374,5983,26,8665,28,17146,9167,33,"East TN",2455501,969.700277051404,0.376728355669007,243.65699708532,118.224346070313,37.6728355669007
2022-02-10,682899,2507,508927,1781,173972,726,552305,1972,2785250,3209,3337555,5181,28,8693,30,17176,9205,38,"East TN",2455501,708.20577959447,0.373901322625032,210.995637957386,102.097290939812,37.3901322625032
2022-02-11,685193,2294,510652,1725,174541,569,554203,1898,2788614,3364,3342817,5262,31,8724,41,17217,9236,31,"East TN",2455501,657.869819641694,0.371757409505635,214.294353779534,93.4228900741641,37.1757409505635
2022-02-12,686123,930,511337,685,174786,245,554983,780,2791116,2502,3346099,3282,3,8727,17,17234,9278,42,"East TN",2455501,627.489054168579,0.362485545614996,133.65907812703,37.8741446246611,36.2485545614996
2022-02-13,686699,576,511753,416,174946,160,555467,484,2792516,1400,3347983,1884,35,8762,11,17245,9301,23,"East TN",2455501,597.759886882555,0.364744582043344,76.7256865299587,23.457534735274,36.4744582043344
2022-02-14,688938,2239,513181,1428,175757,811,557085,1618,2795523,3007,3352608,4625,146,8908,26,17271,9333,32,"East TN",2455501,574.628151240826,0.355949827776695,188.352600955976,91.183021306039,35.5949827776695
2022-02-15,690830,1892,514577,1396,176253,496,558620,1535,2798388,2865,3357008,4400,37,8945,30,17301,9363,30,"East TN",2455501,543.310713373768,0.346180226671457,179.18950145001,77.0514856235041,34.6180226671457
2022-02-16,692595,1765,515811,1234,176784,531,559991,1371,2801593,3205,3361584,4576,14,8959,20,17321,9385,22,"East TN",2455501,496.965792316924,0.330640191715166,186.35708150801,71.8794250134698,33.0640191715166
2022-02-17,694373,1778,517071,1260,177302,518,561375,1384,2805115,3522,3366490,4906,13,8972,23,17344,9409,24,"East TN",2455501,467.277349917593,0.313461206151719,199.796294116761,72.4088485404811,31.3461206151719
2022-02-18,695552,1179,517796,725,177756,454,562212,837,2808080,2965,3370292,3802,8,8980,10,17354,9437,28,"East TN",2455501,421.869101254693,0.291501364877161,154.836019207486,48.0146414112639,29.1501364877161
2022-02-19,696087,535,518139,343,177948,192,562624,412,2810182,2102,3372806,2514,1,8981,15,17369,9471,34,"East TN",2455501,405.782771010885,0.286104766540607,102.382365146665,21.7878143808534,28.6104766540607
2022-02-20,696455,368,518371,232,178084,136,562896,272,2811617,1435,3374513,1707,8,8989,5,17374,9487,16,"East TN",2455501,397.311994578703,0.280022615906521,69.5173815852651,14.9867583030917,28.0022615906521
2022-02-21,697175,720,518779,408,178396,312,563341,445,2813168,1551,3376509,1996,7,8996,13,17387,9507,20,"East TN",2455501,335.450891691757,0.261746370444751,81.2868738395953,29.3219184190925,26.1746370444751
2022-02-22,698350,1175,519431,652,178919,523,564069,728,2815518,2350,3379587,3078,44,9040,23,17410,9526,19,"East TN",2455501,306.251147932744,0.241330439789185,125.35120124162,47.8517418644912,24.1330439789185
2022-02-23,699212,862,519902,471,179310,391,564601,532,2818115,2597,3382716,3129,79,9119,9,17419,9554,28,"East TN",2455501,269.476575248798,0.218152564830589,127.428170462973,35.1048523295246,21.8152564830589
2022-02-24,700068,856,520389,487,179679,369,565167,566,2820617,2502,3385784,3068,50,9169,13,17432,9575,21,"East TN",2455501,231.928229717683,0.196537783766974,124.943952374689,34.8605030093655,19.6537783766974
2022-02-25,700832,764,520842,453,179990,311,565673,506,2822994,2377,3388667,2883,5,9174,24,17456,9591,16,"East TN",2455501,215.027401740011,0.188353741496599,117.409848336449,31.1138134335926,18.8353741496599
2022-02-26,701087,255,521022,180,180065,75,565890,217,2824730,1736,3390620,1953,0,9174,6,17462,9609,18,"East TN",2455501,203.62443346592,0.1833389468957,79.5357037117883,10.3848461067619,18.33389468957
2022-02-27,701110,23,521044,22,180066,1,565920,30,2825085,355,3391005,385,4,9178,2,17464,9630,21,"East TN",2455501,189.574347556771,0.183361629881155,15.6790813768758,0.936672393943232,18.3361629881155
2022-02-28,701975,865,521503,459,180472,406,566433,513,2827772,2687,3394205,3200,27,9205,19,17483,9651,21,"East TN",2455501,195.479456127283,0.174728752260398,130.319637418189,35.2270269896042,17.4728752260398
2022-03-01,702737,762,521865,362,180872,400,566836,403,2829990,2218,3396826,2621,28,9233,17,17500,9667,16,"East TN",2455501,178.660077922998,0.160508150124717,106.739928022835,31.0323636602062,16.0508150124717
2022-03-02,703193,456,522128,263,181065,193,567146,310,2832303,2313,3399449,2623,8,9241,11,17511,9690,23,"East TN",2455501,162.125773925565,0.152094663240304,106.821377796222,18.5705483320919,15.2094663240304
2022-03-03,703548,355,522314,186,181234,169,567367,221,2834259,1956,3401626,2177,15,9256,11,17522,9706,16,"East TN",2455501,141.72260569228,0.138871354626941,88.6580783310616,14.4573347760803,13.8871354626941
2022-03-04,703884,336,522527,213,181357,123,567632,265,2836502,2243,3404134,2508,10,9266,10,17532,9716,10,"East TN",2455501,124.292354187598,0.126656753087218,102.138015826505,13.6835619289098,12.6656753087218
2022-03-05,704026,142,522629,102,181397,40,567748,116,2838214,1712,3405962,1828,0,9266,7,17539,9733,17,"East TN",2455501,119.690441991268,0.1211054621301,74.4450928751403,5.78293391043213,12.11054621301
2022-03-06,704125,99,522688,59,181437,40,567820,72,2839425,1211,3407245,1283,2,9268,4,17543,9743,10,"East TN",2455501,122.78553337995,0.116995073891626,52.2500296273551,4.03176378262522,11.6995073891626
2022-03-07,704387,262,522860,172,181527,90,568031,211,2841129,1704,3409160,1915,13,9281,9,17552,9754,11,"East TN",2455501,98.2284267039598,0.106853895018389,77.9881580174473,10.6699203136142,10.6853895018389
2022-03-08,704649,262,522959,99,181690,163,568154,123,2842881,1752,3411035,1875,27,9308,9,17561,9770,16,"East TN",2455501,77.8659833573678,0.0927581110563727,76.35916254972,10.6699203136142,9.27581110563727
2022-03-09,704942,293,523086,127,181856,166,568303,149,2844892,2011,3413195,2160,23,9331,7,17568,9780,10,"East TN",2455501,71.2278268263788,0.0841699403462826,87.9657552572774,11.9323918011029,8.41699403462826
2022-03-10,705128,186,523185,99,181943,87,568432,129,2846988,2096,3415420,2225,75,9406,3,17571,9789,9,"East TN",2455501,64.3453209752307,0.0772074815137016,90.6128728923344,7.57482892493222,7.72074815137016
2022-03-11,705339,211,523276,91,182063,120,568536,104,2849178,2190,3417714,2294,79,9485,5,17576,9805,16,"East TN",2455501,59.2547101385827,0.0665684830633284,93.4228900741641,8.59295109226182,6.65684830633284
2022-03-12,705408,69,523311,35,182097,34,568577,41,2850463,1285,3419040,1326,0,9485,3,17579,9814,9,"East TN",2455501,56.2817934099803,0.0633888973849212,54.001199755162,2.8100171818297,6.33888973849212
2022-03-13,705499,91,523364,53,182135,38,568647,70,2852072,1609,3420719,1679,4,9489,5,17584,9820,6,"East TN",2455501,55.9559943164348,0.0613774677156004,68.3770847578559,3.70596468907974,6.13774677156004
2022-03-14,705656,157,523447,83,182209,74,568753,106,2853157,1085,3421910,1191,69,9558,3,17587,9831,11,"East TN",2455501,51.6798812136505,0.0566274509803922,48.5033400515821,6.39380721082989,5.66274509803922
2022-03-15,705842,186,523526,79,182316,107,568844,91,2854590,1433,3423434,1524,4,9562,1,17588,9839,8,"East TN",2455501,48.5847898249685,0.0556496491652553,62.0647273204124,7.57482892493222,5.56496491652553
2022-03-16,705997,155,523618,92,182379,63,568953,109,2856157,1567,3425110,1676,10,9572,5,17593,9845,6,"East TN",2455501,42.9647554613091,0.0545530843474612,68.2549100977764,6.31235743744352,5.45530843474612
2022-03-17,706138,141,523712,94,182426,47,569068,115,2857456,1299,3426524,1414,7,9579,1,17594,9854,9,"East TN",2455501,41.1321355601158,0.0572766570605187,57.5849897841622,5.74220902373894,5.72766570605187
2022-03-18,706281,143,523800,88,182481,55,569162,94,2858947,1491,3428109,1585,2,9581,1,17595,9865,11,"East TN",2455501,38.3628432649793,0.0602212602212602,64.5489454086966,5.82365879712531,6.02212602212602
2022-03-19,706354,73,523858,58,182496,15,569228,66,2860120,1173,3429348,1239,0,9581,1,17596,9870,5,"East TN",2455501,38.5257428117521,0.0631548311990687,50.458134612855,2.97291672860243,6.31548311990687
2022-03-20,706420,66,523907,49,182513,17,569286,58,2860775,655,3430061,713,3,9584,0,17596,9876,6,"East TN",2455501,37.5076206444225,0.0684007707129094,29.0368442122402,2.68784252175014,6.84007707129094
2022-03-21,706517,97,523973,66,182544,31,569364,78,2861664,889,3431028,967,16,9600,1,17597,9882,6,"East TN",2455501,35.0641274428314,0.0670103092783505,39.3809654323089,3.95031400923885,6.70103092783505
2022-03-22,706601,84,524028,55,182573,29,569427,63,2862667,1003,3432094,1066,2,9602,5,17602,9889,7,"East TN",2455501,30.9101890001267,0.0673210161662817,43.4127292149341,3.42089048222746,6.73210161662818
2022-03-23,706696,95,524101,73,182595,22,569506,79,2864110,1443,3433616,1522,11,9613,0,17602,9899,10,"East TN",2455501,28.4666957985356,0.0650129320479661,61.983277547026,3.86886423585248,6.50129320479661
2022-03-24,706799,103,524135,34,182664,69,569549,43,2865194,1084,3434743,1127,5,9618,0,17602,9907,8,"East TN",2455501,26.9191501041946,0.0585229346635844,45.8969473032184,4.19466332939795,5.85229346635844
2022-03-25,706863,64,524181,46,182682,18,569606,57,2866648,1454,3436254,1511,0,9618,2,17604,9911,4,"East TN",2455501,23.7018840554331,0.05451197053407,61.535303793401,2.60639274836378,5.451197053407
2022-03-26,706904,41,524214,33,182690,8,569645,39,2867645,997,3437290,1036,0,9618,1,17605,9920,9,"East TN",2455501,22.3986876812512,0.0525056660790733,42.1909826141386,1.66972035442054,5.25056660790733
2022-03-27,706925,21,524229,15,182696,6,569662,17,2868091,446,3437753,463,2,9620,3,17608,9924,4,"East TN",2455501,20.5660677800579,0.0488819552782111,18.8556225389442,0.855222620556864,4.88819552782111
2022-03-28,707038,113,524278,49,182760,64,569724,62,2869513,1422,3439237,1484,30,9650,2,17610,9930,6,"East TN",2455501,21.2176659671489,0.0438543062492386,60.435731852685,4.60191219632979,4.38543062492386
2022-03-29,707152,114,524333,55,182819,59,569784,60,2870623,1110,3440407,1170,6,9656,0,17610,9941,11,"East TN",2455501,22.4394125679444,0.0429447852760736,47.6481174310253,4.64263708302298,4.29447852760736
2022-03-30,707251,99,524391,58,182860,41,569848,64,2872003,1380,3441851,1444,6,9662,4,17614,9947,6,"East TN",2455501,22.6023121147171,0.0415300546448087,58.8067363849577,4.03176378262522,4.15300546448087
2022-03-31,707335,84,524446,55,182889,29,569915,67,2873186,1183,3443101,1250,8,9670,0,17614,9948,1,"East TN",2455501,21.8285392675466,0.0437903804737976,50.90610836648,3.42089048222746,4.37903804737976
2022-04-01,707431,96,524499,53,182932,43,569978,63,2874463,1277,3444441,1340,15,9685,0,17614,9951,3,"East TN",2455501,23.1317356417285,0.0454378893367534,54.5713481688666,3.90958912254566,4.54378893367534
2022-04-02,707517,86,524525,26,182992,60,570009,31,2875265,802,3445274,833,0,9685,1,17615,9956,5,"East TN",2455501,24.9643555429218,0.0455911823647295,33.9238306154223,3.50234025561382,4.55911823647295
2022-04-03,707541,24,524537,12,183004,12,570026,17,2875745,480,3445771,497,10,9695,0,17615,9959,3,"East TN",2455501,25.0865302030013,0.0453978548266401,20.2402686865124,0.977397280636416,4.53978548266401
2022-04-04,707631,90,524588,51,183043,39,570085,59,2876753,1008,3446838,1067,51,9746,4,17619,9961,2,"East TN",2455501,24.1498578090581,0.0474937508222602,43.4534541016273,3.66523980238656,4.74937508222602
2022-04-05,707727,96,524628,40,183099,56,570134,49,2877768,1015,3447902,1064,36,9782,1,17620,9965,4,"East TN",2455501,23.4168098485808,0.0466977985323549,43.3312794415478,3.90958912254566,4.66977985323549
2022-04-06,707826,99,524682,54,183144,45,570196,62,2878935,1167,3449131,1229,0,9782,0,17620,9970,5,"East TN",2455501,23.4168098485808,0.0478021978021978,50.0508857459231,4.03176378262522,4.78021978021978
2022-04-07,708009,183,524728,46,183281,137,570250,54,2880048,1113,3450298,1167,53,9835,1,17621,9970,0,"East TN",2455501,27.448573631206,0.0465471724329582,47.5259427709457,7.45265426485267,4.65471724329582
2022-04-08,708078,69,524779,51,183299,18,570305,55,2881267,1219,3451572,1274,6,9841,0,17621,9972,2,"East TN",2455501,26.34900169049,0.0458561211611275,51.8835056471164,2.8100171818297,4.58561211611275
2022-04-09,708132,54,524809,30,183323,24,570346,41,2882128,861,3452474,902,0,9841,0,17621,9975,3,"East TN",2455501,25.0458053163082,0.0468055555555556,36.733847797252,2.19914388143194,4.68055555555556
2022-04-10,708198,66,524844,35,183354,31,570388,42,2882761,633,3453149,675,1,9842,1,17622,9976,1,"East TN",2455501,26.7562505574219,0.0490647872052047,27.4892985178992,2.68784252175014,4.90647872052047
2022-04-11,708302,104,524910,66,183392,38,570463,75,2883668,907,3454131,982,5,9847,2,17624,9980,4,"East TN",2455501,27.3263989711265,0.0518305224187577,39.9918387327067,4.23538821609114,5.18305224187577
2022-04-12,708393,91,524966,56,183427,35,570532,69,2884681,1013,3455213,1082,26,9873,2,17626,9984,4,"East TN",2455501,27.1227745376605,0.0544385173026946,44.0643274020251,3.70596468907974,5.44385173026946
2022-04-13,708517,124,525045,79,183472,45,570617,85,2885874,1193,3456491,1278,0,9873,1,17627,9988,4,"East TN",2455501,28.1408967049901,0.0572010869565217,52.0464051938891,5.04988594995482,5.72010869565217
2022-04-14,708620,103,525092,47,183528,56,570669,52,2886909,1035,3457578,1087,3,9876,0,17627,9991,3,"East TN",2455501,24.8829057695354,0.057554945054945,44.267951835491,4.19466332939795,5.7554945054945
2022-04-15,708695,75,525143,51,183552,24,570731,62,2887942,1033,3458673,1095,1,9877,1,17628,9992,1,"East TN",2455501,25.1272550896945,0.0599915504858471,44.5937509290365,3.0543665019888,5.99915504858471
2022-04-16,708754,59,525189,46,183565,13,570784,53,2888686,744,3459470,797,0,9877,1,17629,9993,1,"East TN",2455501,25.3308795231604,0.0626072041166381,32.4577346944676,2.40276831489786,6.26072041166381
2022-04-17,708792,38,525216,27,183576,11,570817,33,2889286,600,3460103,633,0,9877,0,17629,9995,2,"East TN",2455501,24.1905826957513,0.0616911130284728,25.7788532767855,1.54754569434099,6.16911130284728
2022-04-18,709023,231,525344,128,183679,103,570955,138,2890169,883,3461124,1021,-1,9876,2,17631,9995,0,"East TN",2455501,29.3626433057857,0.0703560703560704,41.5801093137409,9.4074488261255,7.03560703560704
2022-04-19,709140,117,525406,62,183734,55,571018,63,2891127,958,3462145,1021,2,9878,2,17633,9998,3,"East TN",2455501,30.4214903598084,0.0701096364685516,41.5801093137409,4.76481174310253,7.01096364685516
2022-04-20,709280,140,525497,91,183783,49,571119,101,2892557,1430,3463676,1531,8,9886,1,17634,10000,2,"East TN",2455501,31.0730885468994,0.0698677800974252,62.3498015272647,5.70148413704576,6.98677800974252
2022-04-21,709398,118,525577,80,183821,38,571207,88,2893699,1142,3464906,1230,5,9891,1,17635,10003,3,"East TN",2455501,31.6839618472972,0.0734170305676856,50.0916106326163,4.80553662979571,7.34170305676856
2022-04-22,709520,122,525660,83,183860,39,571296,89,2894779,1080,3466075,1169,3,9894,0,17635,10006,3,"East TN",2455501,33.5980315218768,0.0763307214266414,47.6073925443321,4.96843617656845,7.63307214266414
2022-04-23,709595,75,525707,47,183888,28,571344,48,2895636,857,3466980,905,0,9894,0,17635,10007,1,"East TN",2455501,34.2496297089677,0.0745672436750999,36.8560224573315,3.0543665019888,7.45672436750999
2022-04-24,709666,71,525747,40,183919,31,571390,46,2896303,667,3467693,713,2,9896,1,17636,10012,5,"East TN",2455501,35.5935509698428,0.075494071146245,29.0368442122402,2.89146695521606,7.5494071146245
2022-04-25,709856,190,525846,99,184010,91,571488,98,2897038,735,3468526,833,0,9896,5,17641,10015,3,"East TN",2455501,33.9238306154223,0.0720075655228317,33.9238306154223,7.73772847170496,7.20075655228317
2022-04-26,710031,175,525959,113,184072,62,571609,121,2898273,1235,3469882,1356,0,9896,0,17641,10020,5,"East TN",2455501,36.2858740436269,0.0763861962000776,55.2229463559575,7.1268551713072,7.63861962000776
2022-04-27,710222,191,526057,98,184165,93,571710,101,2899468,1195,3471178,1296,0,9896,2,17643,10023,3,"East TN",2455501,38.3628432649793,0.0787789922687283,52.7794531543665,7.77845335839814,7.87789922687283
2022-04-28,710374,152,526146,89,184228,63,571809,99,2900629,1161,3472438,1260,4,9900,1,17644,10028,5,"East TN",2455501,39.7474894125476,0.0799256505576208,51.3133572334118,6.19018277736397,7.99256505576208
2022-04-29,710512,138,526232,86,184280,52,571901,92,2901791,1162,3473692,1254,2,9902,0,17644,10030,2,"East TN",2455501,40.3990875996385,0.0794275961664697,51.0690079132527,5.62003436365939,7.94275961664697
2022-04-30,710587,75,526288,56,184299,19,571963,62,2902521,730,3474484,792,0,9902,0,17644,10030,0,"East TN",2455501,40.3990875996385,0.0824893390191898,32.2541102610017,3.0543665019888,8.24893390191898
2022-05-01,710643,56,526321,33,184322,23,571996,33,2903014,493,3475010,526,0,9902,0,17644,10033,3,"East TN",2455501,39.7882142992408,0.0828208282082821,21.4212904006148,2.2805936548183,8.28208282082821
2022-05-02,710828,185,526450,129,184378,56,572142,146,2904040,1026,3476182,1172,6,9908,2,17646,10034,1,"East TN",2455501,39.5845898657748,0.085423197492163,47.7295672044116,7.53410403823904,8.5423197492163
2022-05-03,711012,184,526558,108,184454,76,572262,120,2904987,947,3477249,1067,2,9910,1,17647,10035,1,"East TN",2455501,39.9511138460135,0.0886385231437491,43.4534541016273,7.49337915154586,8.86385231437492
2022-05-04,711275,263,526726,168,184549,95,572438,176,2906262,1275,3478700,1451,3,9913,2,17649,10035,0,"East TN",2455501,42.8833056879227,0.0967827705397501,59.09181059181,10.7106452003074,9.67827705397501
2022-05-05,711493,218,526869,143,184624,75,572589,151,2907383,1121,3479972,1272,1,9914,2,17651,10037,2,"East TN",2455501,45.5711482096729,0.103530661003451,51.80205587373,8.87802529911411,10.3530661003451
2022-05-06,711715,222,527011,142,184704,80,572742,153,2908601,1218,3481343,1371,1,9915,2,17653,10040,3,"East TN",2455501,48.9920386919003,0.109920271859888,55.8338196563553,9.04092484588685,10.9920271859888
2022-05-07,711833,118,527089,78,184744,40,572834,92,2909473,872,3482307,964,0,9915,2,17655,10041,1,"East TN",2455501,50.7432088197073,0.11133836124249,39.2587907722294,4.80553662979571,11.133836124249
2022-05-08,711943,110,527169,80,184774,30,572919,85,2910124,651,3483043,736,0,9915,1,17656,10042,1,"East TN",2455501,52.9423527011392,0.114901033237894,29.9735166061834,4.47973753625024,11.4901033237894
2022-05-09,712173,230,527299,130,184874,100,573057,138,2911106,982,3484163,1120,13,9928,2,17658,10043,1,"East TN",2455501,54.7749726023325,0.114647287307355,45.6118730963661,9.36672393943232,11.4647287307355
2022-05-10,712467,294,527469,170,184998,124,573239,182,2912618,1512,3485857,1694,9,9937,4,17662,10045,2,"East TN",2455501,59.2547101385827,0.11349907063197,68.9879580582537,11.9731166877961,11.349907063197
2022-05-11,712748,281,527665,196,185083,85,573449,210,2913703,1085,3487152,1295,1,9938,0,17662,10046,1,"East TN",2455501,59.98775809906,0.119616658778987,52.7387282676733,11.4436931607847,11.9616658778987
2022-05-12,712983,235,527829,164,185154,71,573626,177,2914979,1276,3488605,1453,2,9940,2,17664,10047,1,"East TN",2455501,60.6800811728442,0.120120467971736,59.1732603651963,9.57034837289824,12.0120467971736
2022-05-13,713262,279,528024,195,185238,84,573833,207,2916330,1351,3490163,1558,0,9940,0,17664,10049,2,"East TN",2455501,63.0013997143556,0.123696145124717,63.4493734679807,11.3622433873983,12.3696145124717
2022-05-14,713371,109,528103,79,185268,30,573916,83,2917057,727,3490973,810,0,9940,1,17665,10053,4,"East TN",2455501,62.634875734117,0.124855758135241,32.987158221479,4.43901264955706,12.4855758135241
2022-05-15,713555,184,528235,132,185320,52,574060,144,2917909,852,3491969,996,0,9940,3,17668,10056,3,"East TN",2455501,65.6485173494126,0.127828814698633,40.5619871464113,7.49337915154586,12.7828814698633
2022-05-16,713862,307,528429,194,185433,113,574258,198,2919272,1363,3493530,1561,2,9942,3,17671,10060,4,"East TN",2455501,68.7843336247878,0.128216077719654,63.5715481280602,12.5025402148075,12.8216077719654
2022-05-17,714274,412,528651,222,185623,190,574494,236,2920522,1250,3495016,1486,16,9958,0,17671,10063,3,"East TN",2455501,73.5898702545835,0.137023692542854,60.5171816260714,16.7786533175918,13.7023692542854
2022-05-18,714638,364,528873,222,185765,142,574732,238,2921911,1389,3496643,1627,7,9965,3,17674,10064,1,"East TN",2455501,76.9700358501178,0.135180697502897,66.2593906498104,14.823858756319,13.5180697502897
2022-05-19,715058,420,529151,278,185907,142,575022,290,2923337,1426,3498359,1716,31,9996,4,17678,10066,2,"East TN",2455501,84.5041398883568,0.143120770965758,69.8839055655037,17.1044524111373,14.3120770965758
2022-05-20,715495,437,529420,269,186075,168,575303,281,2924737,1400,3500040,1681,0,9996,5,17683,10067,1,"East TN",2455501,90.9386719858799,0.148830616583983,68.4585345312423,17.7967754849214,14.8830616583983
2022-05-21,715710,215,529561,141,186149,74,575457,154,2925779,1042,3501236,1196,0,9996,4,17687,10068,1,"East TN",2455501,95.2555099753574,0.150151027964533,48.7069644850481,8.75585063903456,15.0151027964533
2022-05-22,715881,171,529694,133,186187,38,575600,143,2926794,1015,3502394,1158,5,10001,5,17692,10069,1,"East TN",2455501,94.726086448346,0.147721822541966,47.1594187907071,6.96395562453446,14.7721822541966
2022-05-23,716264,383,529939,245,186325,138,575847,247,2927986,1192,3503833,1439,6,10007,4,17696,10072,3,"East TN",2455501,97.821177837028,0.154226924196836,58.6031119514918,15.5976316034895,15.4226924196836
2022-05-24,716834,570,530240,301,186594,269,576161,314,2929424,1438,3505585,1752,0,10007,3,17699,10073,1,"East TN",2455501,104.255709934551,0.15772542340808,71.3500014864584,23.2131854151149,15.772542340808
2022-05-25,717310,476,530566,326,186744,150,576514,353,2930910,1486,3507424,1839,18,10025,2,17701,10075,2,"East TN",2455501,108.816897244188,0.165290789351637,74.8930666287654,19.3850460659556,16.5290789351637
2022-05-26,717803,493,530869,303,186934,190,576830,316,2932410,1500,3509240,1816,13,10038,3,17704,10081,6,"East TN",2455501,111.78981397279,0.166161198419263,73.9563942348221,20.0773691397397,16.6161198419263
2022-05-27,718220,417,531139,270,187081,147,577107,277,2934361,1951,3511468,2228,4,10042,5,17709,10082,1,"East TN",2455501,110.975316238926,0.157857892894645,90.735047552414,16.9822777510577,15.7857892894645
2022-05-28,718504,284,531357,218,187147,66,577334,227,2935421,1060,3512755,1287,0,10042,0,17709,10084,2,"East TN",2455501,113.785333420756,0.162948172584426,52.4129291741278,11.5658678208643,16.2948172584426
2022-05-29,718756,252,531506,149,187250,103,577494,160,2936309,888,3513803,1048,0,10042,2,17711,10088,4,"East TN",2455501,117.084049242904,0.166009290910685,42.6796812544568,10.2626714466824,16.6009290910685
2022-05-30,718968,212,531648,142,187320,70,577646,152,2937020,711,3514666,863,0,10042,5,17716,10088,0,"East TN",2455501,110.12009361837,0.16606664820456,35.1455772162178,8.63367597895501,16.606664820456
2022-05-31,719486,518,531945,297,187541,221,577945,299,2937947,927,3515892,1226,2,10044,4,17720,10088,0,"East TN",2455501,108.002399510324,0.173086252061706,49.9287110858436,21.0954913070693,17.3086252061706
2022-06-01,720155,669,532340,395,187815,274,578378,433,2939311,1364,3517689,1797,1,10045,5,17725,10089,1,"East TN",2455501,115.862302642108,0.181587920116902,73.1826213876516,27.2449491977401,18.1587920116902
2022-06-02,720720,565,532728,388,187992,177,578796,418,2940847,1536,3519643,1954,0,10045,3,17728,10090,1,"East TN",2455501,118.794494484018,0.188983946938383,79.5764285984815,23.009560981649,18.8983946938383
2022-06-03,721347,627,533129,401,188218,226,579221,425,2942406,1559,3521627,1984,1,10046,4,17732,10093,3,"East TN",2455501,127.346720689586,0.20809134757358,80.798175199277,25.5345039566264,20.809134757358
2022-06-04,721656,309,533374,245,188282,64,579487,266,2943562,1156,3523049,1422,0,10046,1,17733,10095,2,"East TN",2455501,128.364842856916,0.209150961725277,57.9107888777077,12.5839899881939,20.9150961725277
2022-06-05,721990,334,533605,231,188385,103,579731,244,2944556,994,3524287,1238,3,10049,3,17736,10095,0,"East TN",2455501,131.704283565757,0.213372758489126,50.4174097261618,13.6021121555235,21.3372758489126
2022-06-06,722534,544,533912,307,188622,237,580051,320,2945648,1092,3525699,1412,0,10049,4,17740,10097,2,"East TN",2455501,145.224945947894,0.217982416387202,57.5035400107758,22.1543383610921,21.7982416387202
2022-06-07,723176,642,534266,354,188910,288,580412,361,2946701,1053,3527113,1414,3,10052,6,17746,10098,1,"East TN",2455501,150.274831897849,0.219855627840656,57.5849897841622,26.1453772570241,21.9855627840656
2022-06-08,723819,643,534689,423,189130,220,580871,459,2948314,1613,3529185,2072,0,10052,4,17750,10099,1,"East TN",2455501,149.215984843826,0.216858037578288,84.3819652282772,26.1861021437173,21.6858037578288
2022-06-09,724433,614,535090,401,189343,213,581297,426,2949803,1489,3531100,1915,10,10062,3,17753,10103,4,"East TN",2455501,151.211504291792,0.218294492450031,77.9881580174473,25.005080429615,21.8294492450031
2022-06-10,725049,616,535454,364,189595,252,581693,396,2951491,1688,3533184,2084,1,10063,2,17755,10104,1,"East TN",2455501,150.763530538167,0.213896339880592,84.8706638685955,25.0865302030013,21.3896339880592
2022-06-11,725418,369,535755,301,189663,68,582033,340,2952585,1094,3534618,1434,0,10063,6,17761,10106,2,"East TN",2455501,153.207023739758,0.220070879073386,58.3994875180259,15.0274831897849,22.0070879073386
2022-06-12,725733,315,535910,155,189823,160,582198,165,2953148,563,3535346,728,2,10065,3,17764,10111,5,"East TN",2455501,152.433250892588,0.223076227507008,29.647717512638,12.828339308353,22.3076227507008
2022-06-13,726316,583,536238,328,190078,255,582533,335,2953920,772,3536453,1107,5,10070,7,17771,10116,5,"East TN",2455501,154.021521473622,0.230797842663195,45.0824495693547,23.7426089421263,23.0797842663195
2022-06-14,727022,706,536625,387,190397,319,582952,419,2955206,1286,3538158,1705,3,10073,5,17776,10118,2,"East TN",2455501,156.627914221986,0.229968311453146,69.4359318118787,28.7517700053879,22.9968311453146
2022-06-15,727729,707,537085,460,190644,247,583441,489,2956648,1442,3540089,1931,11,10084,11,17787,10123,5,"East TN",2455501,159.234306970349,0.23569332355099,78.6397562045383,28.7924948920811,23.569332355099
2022-06-16,728398,669,537518,433,190880,236,583891,450,2957951,1303,3541842,1753,6,10090,4,17791,10125,2,"East TN",2455501,161.474175738475,0.241482033140942,71.3907263731516,27.2449491977401,24.1482033140942
2022-06-17,728981,583,537866,348,191115,235,584269,378,2959188,1237,3543457,1615,7,10097,5,17796,10130,5,"East TN",2455501,160.1302544776,0.250754404750316,65.7706920094922,23.7426089421263,25.0754404750316
2022-06-18,729334,353,538145,279,191189,74,584570,301,2960162,974,3544732,1275,0,10097,5,17801,10131,1,"East TN",2455501,159.478656290509,0.250840419220882,51.9242305338096,14.375885002694,25.0840419220882
2022-06-19,729726,392,538372,227,191354,165,584815,245,2961025,863,3545840,1108,1,10098,2,17803,10132,1,"East TN",2455501,162.614472565884,0.249380598437202,45.1231744560479,15.9641555837281,24.9380598437202
2022-06-20,730372,646,538726,354,191646,292,585183,368,2961851,826,3547034,1194,1,10099,7,17810,10135,3,"East TN",2455501,165.180140427554,0.250448917871657,48.6255147116617,26.3082768037969,25.0448917871657
2022-06-21,731215,843,539182,456,192033,387,585663,480,2962843,992,3548506,1472,1,10100,5,17815,10135,0,"East TN",2455501,170.75944990452,0.261982991882489,59.9470332123668,34.3310794823541,26.1982991882489
2022-06-22,732165,950,539831,649,192334,301,586349,686,2964426,1583,3550775,2269,0,10100,5,17820,10137,2,"East TN",2455501,180.655597370964,0.272131761182856,92.4047679068345,38.6886423585248,27.2131761182856
2022-06-23,733005,840,540368,537,192637,303,586906,557,2965824,1398,3552730,1955,1,10101,5,17825,10142,5,"East TN",2455501,187.619552995499,0.27691036002939,79.6171534851747,34.2089048222746,27.691036002939
2022-06-24,733736,731,540862,494,192874,237,587436,530,2967464,1640,3554900,2170,0,10101,9,17834,10147,5,"East TN",2455501,193.64683622609,0.276763086603164,88.3730041242093,29.7698921727175,27.6763086603164
2022-06-25,734193,457,541119,257,193074,200,587721,285,2968473,1009,3556194,1294,1,10102,2,17836,10148,1,"East TN",2455501,197.882224442181,0.274908392950619,52.6980033809801,18.6112732187851,27.4908392950619
2022-06-26,734645,452,541395,276,193250,176,588007,286,2969378,905,3557385,1191,1,10103,4,17840,10149,1,"East TN",2455501,200.325717643772,0.276483326115201,48.5033400515821,18.4076487853192,27.6483326115201
2022-06-27,735398,753,541817,422,193581,331,588444,437,2970320,942,3558764,1379,8,10111,7,17847,10151,2,"East TN",2455501,204.683280519943,0.278005115089514,56.1596187499007,30.6658396799676,27.8005115089514
2022-06-28,736376,978,542406,589,193970,389,589058,614,2971630,1310,3560688,1924,3,10114,6,17853,10154,3,"East TN",2455501,210.181140223523,0.278689870300443,78.354681997686,39.828939185934,27.8689870300443
2022-06-29,737355,979,542955,549,194400,430,589642,584,2973073,1443,3562715,2027,16,10130,5,17858,10159,5,"East TN",2455501,211.362161937625,0.275795644891122,82.549345327084,39.8696640726271,27.5795644891122
2022-06-30,738253,898,543460,505,194793,393,590185,543,2974499,1426,3564684,1969,2,10132,5,17863,10163,4,"East TN",2455501,213.72420536583,0.274301489041325,80.1873018988793,36.5709482504792,27.4301489041325
2022-07-01,739071,818,543973,513,195098,305,590713,528,2975993,1494,3566706,2022,1,10133,7,17870,10166,3,"East TN",2455501,217.267270508137,0.277570726749111,82.345720893618,33.3129573150245,27.7570726749111
2022-07-02,739559,488,544271,298,195288,190,591038,325,2976971,978,3568009,1303,0,10133,3,17873,10172,6,"East TN",2455501,218.529741995625,0.280744815911976,53.0645273612188,19.8737447062738,28.0744815911976
2022-07-03,740114,555,544606,335,195508,220,591393,355,2977909,938,3569302,1293,0,10133,3,17876,10175,3,"East TN",2455501,222.724405325023,0.284131912394059,52.6572784942869,22.6023121147171,28.4131912394059
2022-07-04,740535,421,544866,260,195669,161,591664,271,2978555,646,3570219,917,1,10134,4,17880,10178,3,"East TN",2455501,209.203742942886,0.281099956350938,37.3447210976497,17.1451772978305,28.1099956350938
2022-07-05,741426,891,545438,572,195988,319,592238,574,2979392,837,3571630,1411,2,10136,7,17887,10182,4,"East TN",2455501,205.660677800579,0.290623286419302,57.4628151240826,36.2858740436269,29.0623286419302
2022-07-06,742581,1155,546161,723,196420,432,592981,743,2980730,1338,3573711,2081,14,10150,15,17902,10186,4,"East TN",2455501,212.82825785858,0.303655874863587,84.7484892085159,47.0372441306275,30.3655874863587
2022-07-07,743637,1056,546758,597,196879,459,593600,619,2982250,1520,3575850,2139,0,10150,8,17910,10196,10,"East TN",2455501,219.262789956103,0.305839154576393,87.1105326367206,43.0054803480023,30.5839154576393
2022-07-08,744707,1070,547427,669,197280,401,594313,713,2984044,1794,3578357,2507,3,10153,6,17916,10200,4,"East TN",2455501,229.525461402785,0.308986353102738,102.097290939812,43.5756287617069,30.8986353102738
2022-07-09,745327,620,547768,341,197559,279,594659,346,2984816,772,3579475,1118,0,10153,3,17919,10203,3,"East TN",2455501,234.901146446285,0.315803244374673,45.5304233229797,25.2494297497741,31.5803244374673
2022-07-10,745727,400,547976,208,197751,192,594869,210,2985427,611,3580296,821,2,10155,5,17924,10210,7,"East TN",2455501,228.588789008842,0.316172457704202,33.4351319751041,16.2899546772736,31.6172457704202
2022-07-11,746913,1186,548637,661,198276,525,595565,696,2986857,1430,3582422,2126,6,10161,12,17936,10211,1,"East TN",2455501,259.743327329128,0.319675489633697,86.5811091097092,48.2997156181162,31.9675489633697
2022-07-12,748090,1177,549303,666,198787,511,596269,704,2988302,1445,3584571,2149,21,10182,6,17942,10216,5,"East TN",2455501,271.390644923378,0.311490611235608,87.5177815036524,47.9331916378776,31.1490611235608
2022-07-13,749389,1299,550084,781,199305,518,597086,817,2989881,1579,3586967,2396,1,10183,7,17949,10222,6,"East TN",2455501,277.255028607197,0.309671092335546,97.5768285168689,52.901627814446,30.9671092335546
2022-07-14,750489,1100,550727,643,199762,457,597757,671,2991232,1351,3588989,2022,1,10184,8,17957,10228,6,"East TN",2455501,279.046923621697,0.316386330770987,82.345720893618,44.7973753625024,31.6386330770987
2022-07-15,751545,1056,551368,641,200177,415,598418,661,2992795,1563,3591213,2224,0,10184,15,17972,10234,6,"East TN",2455501,278.476775207992,0.319306160547604,90.5721480056412,43.0054803480023,31.9306160547604
2022-07-16,752094,549,551670,302,200424,247,598732,314,2993514,719,3592246,1033,1,10185,6,17978,10244,10,"East TN",2455501,275.585308252776,0.318925691018714,42.0688079540591,22.357962794558,31.8925691018714
2022-07-17,752450,356,551929,259,200521,97,599007,275,2994089,575,3593096,850,1,10186,4,17982,10251,7,"East TN",2455501,273.793413238276,0.32328125,34.6161536892064,14.4980596627735,32.328125
2022-07-18,754040,1590,552781,852,201259,738,599928,921,2995702,1613,3595630,2534,5,10191,9,17991,10255,4,"East TN",2455501,290.246267462322,0.330330102967898,103.196862880528,64.7525698421626,33.0330102967898
2022-07-19,755426,1386,553589,808,201837,578,600755,827,2997056,1354,3597811,2181,17,10208,17,18008,10263,8,"East TN",2455501,298.757768781198,0.338821752265861,88.8209778778343,56.444692956753,33.8821752265861
2022-07-20,756670,1244,554330,741,202340,503,601523,768,2998543,1487,3600066,2255,14,10222,14,18022,10266,3,"East TN",2455501,296.517900013073,0.338728147186808,91.8346194931299,50.6617590463209,33.8728147186808
2022-07-21,758025,1355,555173,843,202852,512,602416,893,3000212,1669,3602628,2562,2,10224,11,18033,10275,9,"East TN",2455501,306.902746119835,0.341593958501356,104.337159707937,55.1822214692643,34.1593958501356
2022-07-22,759398,1373,555993,820,203405,553,603267,851,3001722,1510,3604989,2361,0,10224,5,18038,10281,6,"East TN",2455501,319.812535201574,0.351988966318235,96.1514574826074,55.9152694297416,35.1988966318235
2022-07-23,759912,514,556317,324,203595,190,603611,344,3002519,797,3606130,1141,0,10224,6,18044,10283,2,"East TN",2455501,318.387164167313,0.351411696917315,46.4670957169229,20.9325917602966,35.1411696917315
2022-07-24,760509,597,556744,427,203765,170,604055,444,3003399,880,3607454,1324,0,10224,8,18052,10288,5,"East TN",2455501,328.20186186037,0.351581000139295,53.9197499817756,24.3127573558308,35.1581000139295
2022-07-25,761906,1397,557515,771,204391,626,604875,820,3004637,1238,3609512,2058,3,10227,8,18060,10291,3,"East TN",2455501,320.341958728585,0.356360754934447,83.8118168145727,56.892666710378,35.6360754934447
2022-07-26,763440,1534,558534,1019,204906,515,605929,1054,3006075,1438,3612004,2492,9,10236,13,18073,10300,9,"East TN",2455501,326.369241959177,0.364545902909885,101.486417639415,62.4719761873443,36.4545902909885
2022-07-27,764602,1162,559244,710,205358,452,606676,747,3007363,1288,3614039,2035,10,10246,4,18077,10301,1,"East TN",2455501,323.029801250335,0.368782652257926,82.8751444206294,47.3223183374798,36.8782652257926
2022-07-28,765996,1394,560163,919,205833,475,607643,967,3008993,1630,3616636,2597,10,10256,6,18083,10305,4,"East TN",2455501,324.61807183137,0.373143917761279,105.762530742199,56.7704920502985,37.3143917761279
2022-07-29,767159,1163,560971,808,206188,355,608485,842,3010434,1441,3618919,2283,0,10256,14,18097,10310,5,"East TN",2455501,316.065845625801,0.374587221823403,92.9749163205391,47.363043224173,37.4587221823403
2022-07-30,767718,559,561378,407,206340,152,608927,442,3011419,985,3620346,1427,0,10256,4,18101,10313,3,"East TN",2455501,317.898465526994,0.373944850872257,58.1144133111736,22.7652116614899,37.3944850872257
2022-07-31,768298,580,561770,392,206528,188,609355,428,3012197,778,3621552,1206,0,10256,7,18108,10319,6,"East TN",2455501,317.20614245321,0.37593984962406,49.1142133519799,23.6204342820467,37.593984962406
2022-08-01,769308,1010,562323,553,206985,457,609949,594,3012975,778,3622924,1372,9,10265,8,18116,10322,3,"East TN",2455501,301.445611302948,0.378317924246943,55.8745445430484,41.1321355601158,37.8317924246943
2022-08-02,770819,1511,563283,960,207536,551,610948,999,3014603,1628,3625551,2627,12,10277,12,18128,10324,2,"East TN",2455501,300.508938909005,0.370487930907212,106.984277342994,61.535303793401,37.0487930907212
2022-08-03,771978,1159,564048,765,207930,394,611751,803,3016147,1544,3627898,2347,1,10278,6,18134,10334,10,"East TN",2455501,300.386764248925,0.366188036654881,95.5813090689028,47.2001436774003,36.6188036654881
2022-08-04,773222,1244,564875,827,208347,417,612619,868,3017578,1431,3630197,2299,8,10286,10,18144,10343,9,"East TN",2455501,294.278031244948,0.366934591844259,93.62651450763,50.6617590463209,36.6934591844259
2022-08-05,774399,1177,565632,757,208767,420,613406,787,3019075,1497,3632481,2284,6,10292,4,18148,10350,7,"East TN",2455501,294.848179658652,0.362852086712874,93.0156412072322,47.9331916378776,36.2852086712874
2022-08-06,774882,483,565964,332,208918,151,613763,357,3019719,644,3633482,1001,0,10292,3,18151,10355,5,"East TN",2455501,291.75308826997,0.368148599269184,40.7656115798772,19.6701202728079,36.8148599269184
2022-08-07,775243,361,566223,259,209020,102,614033,270,3020327,608,3634360,878,3,10295,4,18155,10362,7,"East TN",2455501,282.834338084163,0.36524047470331,35.7564505166156,14.7016840962394,36.524047470331
2022-08-08,776526,1283,566986,763,209540,520,614829,796,3021474,1147,3636303,1943,5,10300,9,18164,10368,6,"East TN",2455501,293.952232151402,0.364750728754017,79.1284548448565,52.2500296273551,36.4750728754018
2022-08-09,778046,1520,568015,1029,210031,491,615908,1079,3023164,1690,3639072,2769,19,10319,8,18172,10376,8,"East TN",2455501,294.318756131641,0.366836772428075,112.767211253426,61.9018277736397,36.6836772428075
2022-08-10,779313,1267,568859,844,210454,423,616790,882,3024682,1518,3641472,2400,14,10333,9,18181,10379,3,"East TN",2455501,298.717043894505,0.371224399587447,97.7397280636416,51.5984314402641,37.1224399587447
2022-08-11,780385,1072,569589,730,210796,342,617549,759,3025806,1124,3643355,1883,2,10335,4,18185,10385,6,"East TN",2455501,291.712363383277,0.374677002583979,76.6849616432655,43.6570785350932,37.4677002583979
2022-08-12,781692,1307,570445,856,211247,451,618439,890,3027604,1798,3646043,2688,1,10336,10,18195,10389,4,"East TN",2455501,297.006598653391,0.371110455685002,109.468495431279,53.2274269079915,37.1110455685002
2022-08-13,782253,561,570862,417,211391,144,618898,459,3028541,937,3647439,1396,0,10336,3,18198,10398,9,"East TN",2455501,300.183139815459,0.36791574120513,56.8519418236849,22.8466614348762,36.791574120513
2022-08-14,782761,508,571254,392,211507,116,619313,415,3029280,739,3648593,1154,1,10337,4,18202,10403,5,"East TN",2455501,306.169698159357,0.370968875149301,46.9965192439343,20.6882424401375,37.0968875149301
2022-08-15,784366,1605,572206,952,212160,653,620290,977,3030399,1119,3650689,2096,8,10345,7,18209,10413,10,"East TN",2455501,319.283111674563,0.379605171694703,85.3593625089137,65.3634431425603,37.9605171694703
2022-08-16,785901,1535,573215,1009,212686,526,621344,1054,3031992,1593,3653336,2647,19,10364,8,18217,10416,3,"East TN",2455501,319.89398497496,0.381099270891755,107.798775076858,62.5127010740374,38.1099270891755
2022-08-17,787228,1327,574085,870,213143,457,622260,916,3033680,1688,3655940,2604,16,10380,10,18227,10424,8,"East TN",2455501,322.337478176551,0.378075753386785,106.047604949051,54.0419246418552,37.8075753386785
2022-08-18,792028,4800,575089,1004,216939,3796,623297,1037,3035540,1860,3658837,2897,0,10380,7,18234,10429,5,"East TN",2455501,474.159855768741,0.371269861774964,117.979996750154,195.479456127283,37.1269861774964
2022-08-19,793384,1356,575913,824,217471,532,624145,848,3037283,1743,3661428,2591,2,10382,5,18239,10433,4,"East TN",2455501,476.155375216707,0.3708807279818,105.51818142204,55.2229463559575,37.08807279818
2022-08-20,793821,437,576252,339,217569,98,624504,359,3038120,837,3662624,1196,0,10382,0,18239,10440,7,"East TN",2455501,471.105489266752,0.369180111952585,48.7069644850481,17.7967754849214,36.9180111952585
2022-08-21,794485,664,576751,499,217734,165,625046,542,3039284,1164,3664330,1706,1,10383,1,18240,10445,5,"East TN",2455501,477.458571590889,0.364300692635191,69.4766566985719,27.0413247642742,36.4300692635191
2022-08-22,796053,1568,577572,821,218481,747,625890,844,3040735,1451,3666625,2295,1,10384,3,18243,10448,3,"East TN",2455501,475.951750783241,0.35140562248996,93.4636149608573,63.8566223349125,35.140562248996
2022-08-23,797930,1877,578664,1092,219266,785,627061,1171,3042998,2263,3670059,3434,20,10404,6,18249,10450,2,"East TN",2455501,489.87966203231,0.341864497996771,139.849260904394,76.4406123231064,34.1864497996771
2022-08-24,799704,1774,579624,960,220080,814,628047,986,3045061,2063,3673108,3049,6,10410,4,18253,10455,5,"East TN",2455501,508.083686384164,0.337080615097856,124.170179527518,72.2459489937084,33.7080615097857
2022-08-25,801136,1432,580436,812,220700,620,628905,858,3047006,1945,3675911,2803,15,10425,4,18257,10459,4,"East TN",2455501,370.92226800152,0.328452618015696,114.151857400995,58.3180377446395,32.8452618015696
2022-08-26,802363,1227,581177,741,221186,486,629689,784,3048923,1917,3678612,2701,5,10430,0,18257,10460,1,"East TN",2455501,365.668757618099,0.322625698324022,109.99791895829,49.9694359725368,32.2625698324022
2022-08-27,803076,713,581556,379,221520,334,630090,401,3050082,1159,3680172,1560,0,10430,0,18257,10460,0,"East TN",2455501,376.908826345418,0.318326874857534,63.530823241367,29.0368442122402,31.8326874857534
2022-08-28,803574,498,581866,310,221708,188,630431,341,3050891,809,3681322,1150,3,10433,1,18258,10462,2,"East TN",2455501,370.148495154349,0.31691384180791,46.8336196971616,20.2809935732056,31.691384180791
2022-08-29,804651,1077,582389,523,222262,554,630984,553,3051922,1031,3682906,1584,3,10436,2,18260,10465,3,"East TN",2455501,350.152575787996,0.312880044223328,64.5082205220035,43.8607029685592,31.2880044223328
2022-08-30,805919,1268,583108,719,222811,549,631740,756,3053363,1441,3685103,2197,19,10455,1,18261,10465,0,"East TN",2455501,325.351119791847,0.311021005051848,89.4725760649252,51.6391563269573,31.1021005051848
2022-08-31,807218,1299,583890,782,223328,517,632569,829,3055220,1857,3687789,2686,3,10458,2,18263,10466,1,"East TN",2455501,306.006798612585,0.308017165043253,109.387045657892,52.901627814446,30.8017165043253
2022-09-01,808260,1042,584473,583,223787,459,633193,624,3056662,1442,3689855,2066,11,10469,4,18267,10467,1,"East TN",2455501,290.124092802243,0.307515777395295,84.1376159081181,42.4353319342977,30.7515777395295
2022-09-02,809237,977,585103,630,224134,347,633850,657,3058402,1740,3692252,2397,2,10471,2,18269,10468,1,"East TN",2455501,279.942871128947,0.305058651026393,97.617553403562,39.7882142992408,30.5058651026393
2022-09-03,809719,482,585362,259,224357,223,634129,279,3059330,928,3693459,1207,0,10471,0,18269,10469,1,"East TN",2455501,270.535422302821,0.30398133513961,49.1549382386731,19.6293953861147,30.398133513961
