"DATE","TOTAL_CASES","NEW_CASES","TOTAL_CONFIRMED","NEW_CONFIRMED","TOTAL_PROBABLE","NEW_PROBABLE","POS_TESTS","NEW_POS_TESTS","NEG_TESTS","NEW_NEG_TESTS","TOTAL_TESTS","NEW_TESTS","NEW_DEATHS","TOTAL_DEATHS","NEW_ACTIVE","TOTAL_ACTIVE","NEW_INACTIVE_RECOVERED","TOTAL_INACTIVE_RECOVERED","NEW_HOSPITALIZED","TOTAL_HOSPITALIZED","TOTAL_DEATHS_BY_DOD","Region","Population","New_cases_per_100k_per_week","PositivityRate_per_week","Tests_per_100k","New_cases_per_100k","Active_cases_per_100k","PositivityPercentage_per_week"
2021-10-25,78435,71,62429,47,16006,24,68256,51,446908,491,515164,542,6,921,-66,986,131,76528,0,1997,921,"Knox County",470313,NA,NA,115.242402400104,15.0963294656962,209.647617650373,NA
2021-10-24,78364,39,62382,22,15982,17,68205,22,446417,337,514622,359,1,915,-68,1052,106,76397,3,1997,921,"Knox County",470313,NA,NA,76.3321447631684,8.29234998819935,223.680825322711,NA
2021-10-23,78325,59,62360,41,15965,18,68183,42,446080,471,514263,513,0,914,-17,1120,76,76291,1,1994,920,"Knox County",470313,NA,NA,109.076295998622,12.5448371616349,238.139281712392,NA
2021-10-22,78266,92,62319,53,15947,39,68141,55,445609,551,513750,606,0,914,-67,1137,159,76215,1,1993,918,"Knox County",470313,NA,NA,128.850361355098,19.5614409978036,241.753895809812,NA
2021-10-21,78174,121,62266,65,15908,56,68086,76,445058,712,513144,788,3,914,-21,1204,139,76056,2,1992,916,"Knox County",470313,NA,NA,167.547994633361,25.7275473992852,255.999727840821,NA
2021-10-20,78053,150,62201,81,15852,69,68010,90,444346,959,512356,1049,3,911,-43,1225,190,75917,2,1990,915,"Knox County",470313,NA,NA,223.042952246695,31.8936538007667,260.464839372928,NA
2021-10-19,77903,131,62120,85,15783,46,67920,92,443387,724,511307,816,4,908,-42,1268,169,75727,4,1988,914,"Knox County",470313,140.969949799389,0.0915899850203296,173.501476676171,27.8537909860029,269.607686795815,9.15899850203296
2021-10-18,77772,121,62035,90,15737,31,67828,106,442663,607,510491,713,9,904,-70,1310,182,75558,8,1984,912,"Knox County",470313,151.601167732978,0.0997109826589595,151.601167732978,25.7275473992852,278.537909860029,9.97109826589595
2021-10-17,77651,61,61945,54,15706,7,67722,61,442056,303,509778,364,1,895,-65,1380,125,75376,4,1976,909,"Knox County",470313,156.278903623757,0.107651062074655,77.3952665565272,12.9700858789785,293.421614967054,10.7651062074655
2021-10-16,77590,54,61891,40,15699,14,67661,44,441753,372,509414,416,0,894,-92,1445,146,75251,1,1972,908,"Knox County",470313,155.215781830398,0.11026936026936,88.4517332074597,11.481715368276,307.242198280719,11.026936026936
2021-10-15,77536,124,61851,86,15685,38,67617,99,441381,794,508998,893,9,894,-93,1537,208,75105,5,1971,905,"Knox County",470313,162.019761307895,0.112720777932129,189.873552293898,26.3654204753005,326.803639278523,11.2720777932129
2021-10-14,77412,193,61765,134,15647,59,67518,144,440587,699,508105,843,0,885,-1,1630,194,74897,7,1966,904,"Knox County",470313,177.328715132263,0.124852767962309,179.242334360309,41.0365012236532,346.577704634998,12.4852767962309
2021-10-13,77219,119,61631,84,15588,35,67374,99,439888,764,507262,863,7,885,-93,1631,205,74703,5,1959,900,"Knox County",470313,170.737360013438,0.131418092909535,183.494821533745,25.3022986819416,346.79032899367,13.1418092909535
2021-10-12,77100,137,61547,104,15553,33,67275,109,439124,821,506399,930,4,878,-86,1724,219,74498,3,1954,899,"Knox County",470313,172.013106165469,0.131819992035046,197.740653564754,29.1295371380336,366.564394350146,13.1819992035046
2021-10-11,76963,192,61443,135,15520,57,67166,149,438303,581,505469,730,3,874,-93,1810,282,74279,11,1951,893,"Knox County",470313,187.109435631165,0.139908712046041,155.215781830398,40.8238768649814,384.850089195918,13.9908712046041
2021-10-10,76771,54,61308,41,15463,13,67017,51,437722,489,504739,540,0,871,-78,1903,132,73997,4,1940,892,"Knox County",470313,185.621065120462,0.13326941514861,114.81715368276,11.481715368276,404.624154552394,13.326941514861
2021-10-09,76717,65,61267,34,15450,31,66966,48,437233,490,504199,538,0,871,-71,1981,136,73865,7,1936,890,"Knox County",470313,187.959933065852,0.1309724564362,114.391904965417,13.8205833136656,421.208854528793,13.09724564362
2021-10-08,76652,290,61233,112,15419,178,66918,122,436743,936,503661,1058,-1,871,61,2052,230,73729,5,1929,888,"Knox County",470313,223.255576605367,0.131225009087605,224.956571474741,61.6610640148157,436.305183994489,13.1225009087605
2021-10-07,76362,259,61121,169,15241,90,66796,177,435807,1106,502603,1283,6,872,-7,1991,260,73499,7,1924,885,"Knox County",470313,237.288784277704,0.127061595422417,272.797052175891,55.0697088959905,423.33509811551,12.7061595422417
2021-10-06,76103,139,60952,102,15151,37,66619,112,434701,835,501320,947,1,866,-112,1998,250,73239,4,1917,884,"Knox County",470313,241.54127145114,0.12744772651842,201.355267662174,29.5547858553772,424.823468626213,12.744772651842
2021-10-05,75964,210,60850,116,15114,94,66507,138,433866,915,500373,1053,3,865,-74,2110,281,72989,4,1913,879,"Knox County",470313,257.06284963418,0.129614571475037,223.893449681382,44.6511153210734,448.637396797452,12.9614571475037
2021-10-04,75754,314,60734,222,15020,92,66369,245,432951,829,499320,1074,3,862,-26,2184,337,72708,4,1909,876,"Knox County",470313,283.003021392137,0.137532727552749,228.35856121349,66.7640486229383,464.371599339163,13.7532727552749
2021-10-03,75440,101,60512,92,14928,9,66124,107,432122,678,498246,785,1,859,-50,2210,150,72371,6,1905,875,"Knox County",470313,292.99636624971,0.140842980112793,166.910121557346,21.4750602258496,469.89983266463,14.0842980112793
2021-10-02,75339,68,60420,43,14919,25,66017,50,431444,472,497461,522,5,858,-126,2260,189,72221,2,1899,874,"Knox County",470313,293.634239325726,0.141475751264505,110.989915226668,14.4584563896809,480.531050598219,14.1475751264505
2021-10-01,75271,224,60377,149,14894,75,65967,167,430972,965,496939,1132,0,853,-62,2386,286,72032,7,1897,872,"Knox County",470313,279.601031653388,0.146556798116539,240.690774016453,47.6278563424783,507.321719790863,14.6556798116539
2021-09-30,75047,240,60228,165,14819,75,65800,186,430007,1104,495807,1290,1,853,-130,2448,369,71746,7,1890,870,"Knox County",470313,275.561168838624,0.147728943113332,274.285422686594,51.0298460812268,520.504430028513,14.7728943113332
2021-09-29,74807,362,60063,170,14744,192,65614,192,428903,1111,494517,1303,6,852,-123,2578,479,71377,6,1883,868,"Knox County",470313,322.976400822431,0.151557480094985,277.049539349327,76.9700178391837,548.145596655844,15.1557480094985
2021-09-28,74445,349,59893,247,14552,102,65422,270,427792,778,493214,1048,2,846,-87,2701,434,70898,1,1877,865,"Knox County",470313,352.531186677808,0.170114621190942,222.830327888024,74.2059011764506,574.298392772473,17.0114621190942
2021-09-27,74096,240,59646,162,14450,78,65152,186,427014,760,492166,946,7,844,-303,2788,536,70464,12,1876,863,"Knox County",470313,336.796984136097,0.164816396242528,201.142643303502,51.0298460812268,592.796711976917,16.4816396242528
2021-09-26,73856,124,59484,99,14372,25,64966,117,426254,703,491220,820,2,837,-133,3091,255,69928,0,1864,857,"Knox County",470313,341.687344385547,0.165415663503753,174.351974110858,26.3654204753005,657.221892654466,16.5415663503753
2021-09-25,73732,111,59385,89,14347,22,64849,102,425551,705,490400,807,0,835,-166,3224,277,69673,3,1864,853,"Knox County",470313,350.830191808434,0.166076776476994,171.587857448125,23.6013038125674,685.500932357813,16.6076776476994
2021-09-24,73621,242,59296,163,14325,79,64747,182,424846,939,489593,1121,13,835,-275,3390,504,69396,5,1861,848,"Knox County",470313,354.657430264526,0.168370824812543,238.351906071063,51.4550947985703,720.796575897328,16.8370824812543
2021-09-23,73379,355,59133,244,14246,111,64565,269,423907,1371,488472,1640,14,822,-227,3665,568,68892,8,1856,845,"Knox County",470313,379.10923151178,0.171502927781392,348.703948221716,75.4816473284812,779.268274532067,17.1502927781392
2021-09-22,73024,252,58889,187,14135,65,64296,203,422536,1261,486832,1464,3,808,-341,3892,590,68324,4,1848,842,"Knox County",470313,355.720552057885,0.169385674228906,311.282061095483,53.5813383852881,827.534003950561,16.9385674228906
2021-09-21,72772,397,58702,216,14070,181,64093,230,421275,996,485368,1226,10,805,-385,4233,772,67734,7,1844,834,"Knox County",470313,365.92652127413,0.160643070787637,260.6774637316,84.4118703926959,900.038910257637,16.0643070787637
2021-09-20,72375,435,58486,312,13889,123,63863,345,420279,1295,484142,1640,5,795,123,4618,307,66962,7,1837,830,"Knox County",470313,407.388271215127,0.166093140628585,348.703948221716,92.4915960222235,981.899288346272,16.6093140628585
2021-09-19,71940,120,58174,85,13766,35,63518,97,418984,432,482502,529,1,790,-192,4495,311,66655,6,1830,823,"Knox County",470313,406.53777378044,0.169455322178711,112.478285737371,25.5149230406134,955.746492229643,16.9455322178711
2021-09-18,71820,226,58089,183,13731,43,63421,197,418552,1075,481973,1272,0,789,-94,4687,320,66344,7,1824,815,"Knox County",470313,430.989575027694,0.1712775528565,270.458184230502,48.0531050598219,996.570369094624,17.12775528565
2021-09-17,71594,546,57906,422,13688,124,63224,450,417477,1310,480701,1760,5,789,16,4781,525,66024,12,1817,803,"Knox County",470313,495.627380063915,0.187913125590179,374.21887126233,116.092899834791,1016.55705880977,18.7913125590179
2021-09-16,71048,589,57484,455,13564,134,62774,487,416167,1518,478941,2005,7,784,5,4765,577,65499,11,1805,798,"Knox County",470313,545.381479993111,0.203011317704123,426.311839136915,125.235747257677,1013.15506907102,20.3011317704123
2021-09-15,70459,338,57029,249,13430,89,62287,267,414649,808,476936,1075,6,777,-322,4760,654,64922,4,1794,796,"Knox County",470313,563.667174838884,0.218049857999369,228.571185572162,71.867033231061,1012.09194727766,21.8049857999369
2021-09-14,70121,554,56780,439,13341,115,62020,477,413841,1406,475861,1883,12,771,-158,5082,700,64268,6,1790,792,"Knox County",470313,597.049199150353,0.228256591892956,400.371667378958,117.793894704165,1080.55699076998,22.8256591892956
2021-09-13,69567,400,56341,300,13226,100,61543,334,412435,1134,473978,1468,20,759,-414,5240,794,63568,15,1784,789,"Knox County",470313,589.607346596841,0.231084867894315,312.13255853017,85.0497434687113,1114.15163944012,23.1084867894315
2021-09-12,69167,387,56041,358,13126,29,61209,377,411301,1460,472510,1837,0,739,95,5654,292,62774,4,1769,781,"Knox County",470313,646.378050362206,0.229115044247788,390.590946880056,82.2856268059781,1202.17812393023,22.9115044247788
2021-09-11,68780,864,55683,704,13097,160,60832,763,409841,2621,470673,3384,4,739,521,5559,339,62482,22,1765,773,"Knox County",470313,782.0323911948,0.235237101103489,719.520829745297,183.707445892416,1181.97880985641,23.5237101103489
2021-09-10,67916,1023,54979,745,12937,278,60069,802,407220,2513,467289,3315,1,735,481,5038,541,62143,20,1743,763,"Knox County",470313,883.454210281238,0.234315494086991,704.849748996945,217.514718921229,1071.20151898842,23.4315494086991
2021-09-09,66893,309,54234,165,12659,144,59267,172,404707,685,463974,857,1,734,-374,4557,682,61602,15,1723,756,"Knox County",470313,823.91938985314,0.230986323178233,182.219075381714,65.7009268295794,968.929202467293,23.0986323178233
2021-09-08,66584,289,54069,225,12515,64,59095,251,404022,837,463117,1088,5,733,-402,4931,686,60920,10,1708,752,"Knox County",470313,813.500796278223,0.229612492770388,231.335302234895,61.4484396561439,1048.45071261054,22.9612492770387
2021-09-07,66295,416,53844,299,12451,117,58844,312,403185,979,462029,1291,3,728,-203,5333,616,60234,12,1698,749,"Knox County",470313,784.158634781518,0.227416918429003,274.498047045266,88.4517332074597,1133.92570479659,22.7416918429003
2021-09-06,65879,990,53545,787,12334,203,58532,843,402206,3221,460738,4064,1,725,359,5536,630,59618,17,1686,748,"Knox County",470313,909.607006397867,0.222278353119475,864.105393642106,210.49811508506,1177.08844960696,22.2278353119475
2021-09-05,64889,967,52758,795,12131,172,57689,857,398985,2999,456674,3856,2,724,642,5177,323,58988,14,1669,745,"Knox County",470313,1032.9291344275,0.224026883225987,819.879527038377,205.607754835609,1100.7563048438,22.4026883225987
2021-09-04,63922,543,51963,384,11959,159,56832,415,395986,1502,452818,1917,2,722,238,4535,303,58665,8,1655,741,"Knox County",470313,964.676715293857,0.222845984866976,407.600895573799,115.455026758776,964.251466576514,22.2845984866976
2021-09-03,63379,333,51579,230,11800,103,56417,249,394484,909,450901,1158,5,720,-127,4297,455,58362,8,1647,737,"Knox County",470313,817.965907810331,0.217764036258871,246.219007341919,70.8039114377021,913.646869212631,21.7764036258871
2021-09-02,63046,323,51349,177,11697,146,56168,200,393575,681,449743,881,3,715,-140,4424,460,57907,4,1639,733,"Knox County",470313,820.942648831735,0.219361627499123,187.322059989837,68.6776678509843,940.650162763947,21.9361627499123
2021-09-01,62723,276,51172,210,11551,66,55968,226,392894,645,448862,871,3,712,-114,4564,387,57447,2,1635,730,"Knox County",470313,818.178532169002,0.220971648382961,185.195816403119,58.6843229934108,970.417572977996,22.0971648382961
2021-08-31,62447,596,50962,430,11485,166,55742,479,392249,1894,447991,2373,2,709,194,4678,400,57060,8,1633,728,"Knox County",470313,856.450916729922,0.216203703703704,504.55760312813,126.72411776838,994.656749866578,21.6203703703704
2021-08-30,61851,513,50532,401,11319,112,55263,430,390355,1630,445618,2060,9,707,106,4484,398,56660,10,1625,725,"Knox County",470313,755.029097643484,0.217749313815188,438.006178863863,109.076295998622,953.407624284253,21.7749313815188
2021-08-29,61338,483,50131,404,11207,79,54833,440,388725,1485,443558,1925,1,698,259,4378,223,56262,5,1615,719,"Knox County",470313,652.118908046344,0.218059901654001,409.301890443173,102.697565238469,930.869442265045,21.8059901654001
2021-08-28,60855,398,49727,301,11128,97,54393,322,387240,1066,441633,1388,0,697,194,4119,204,56039,4,1610,713,"Knox County",470313,621.288376038936,0.220157657657658,295.122609836428,84.6244947513677,875.799733369054,22.0157657657658
2021-08-27,60457,473,49426,367,11031,106,54071,389,386174,1166,440245,1555,5,697,198,3925,270,55835,4,1606,710,"Knox County",470313,651.055786252985,0.224916312313399,330.630877734615,100.571321651751,834.550607786729,22.4916312313399
2021-08-26,59984,449,49059,346,10925,103,53682,366,385008,1426,438690,1792,5,692,155,3727,289,55565,0,1602,709,"Knox County",470313,677.846455445629,0.221664994984955,381.022850739826,95.4683370436284,792.450984769717,22.1664994984955
2021-08-25,59535,351,48713,221,10822,130,53316,237,383582,642,436898,879,2,687,90,3572,259,55276,4,1602,705,"Knox County",470313,693.793282346012,0.222435683260942,186.896811272493,74.6311498937941,759.494209175592,22.2435683260942
2021-08-24,59184,341,48492,219,10692,122,53079,236,382940,677,436019,913,4,685,77,3482,260,55017,5,1598,696,"Knox County",470313,639.574070884709,0.230213089802131,194.126039467333,72.5049063070764,740.358016895132,23.0213089802131
2021-08-23,58843,287,48273,205,10570,82,52843,227,382263,825,435106,1052,1,681,28,3405,258,54757,1,1593,696,"Knox County",470313,591.520965824887,0.233270202020202,223.680825322711,61.0231909388003,723.985941277405,23.3270202020202
2021-08-22,58556,240,48068,217,10488,23,52616,233,381438,889,434054,1122,2,680,69,3377,169,54499,0,1592,693,"Knox County",470313,539.853246667645,0.231007930122974,238.564530429735,51.0298460812268,718.032459234595,23.1007930122974
2021-08-21,58316,495,47851,369,10465,126,52383,410,380549,1905,432932,2315,0,678,381,3308,114,54330,8,1592,691,"Knox County",470313,560.477809458807,0.21790610718737,492.225390325166,105.24905754253,703.361378486242,21.790610718737
2021-08-20,57821,424,47482,327,10339,97,51973,357,378644,1148,430617,1505,0,678,232,2927,192,54216,6,1584,689,"Knox County",470313,550.05921588389,0.215702651910629,319.999659801026,90.1527280768339,622.351497832295,21.5702651910629
2021-08-19,57397,368,47155,251,10242,117,51616,264,377496,952,429112,1216,1,678,203,2695,164,54024,6,1578,687,"Knox County",470313,532.836642831476,0.218173739169074,258.551220144882,78.2457639912144,573.022646620442,21.8173739169074
2021-08-18,57029,263,46904,185,10125,78,51352,202,376544,914,427896,1116,2,677,98,2492,163,53860,5,1572,687,"Knox County",470313,514.12569926836,0.208788829959952,237.288784277704,55.9202063306777,529.859901810071,20.8788829959952
2021-08-17,56766,263,46719,179,10047,84,51150,196,375630,1042,426780,1238,0,675,103,2394,160,53697,5,1567,687,"Knox County",470313,497.540999291961,0.197511501463823,263.228956035661,55.9202063306777,509.022714660237,19.7511501463823
2021-08-16,56503,185,46540,124,9963,61,50954,132,374588,422,425542,554,2,675,-25,2291,208,53537,5,1562,684,"Knox County",470313,475.853314707439,0.197882197220384,117.793894704165,39.335506354279,487.122405717044,19.7882197220384
2021-08-15,56318,204,46416,181,9902,23,50822,199,374166,953,424988,1152,3,673,80,2316,121,53329,6,1557,684,"Knox County",470313,468.198837795255,0.19349164467898,244.943261189888,43.3753691690427,492.438014683838,19.349164467898
2021-08-14,56114,219,46235,144,9879,75,50623,155,373213,794,423836,949,0,670,96,2236,123,53208,4,1551,683,"Knox County",470313,409.514514801845,0.194695989650712,201.780516379517,46.5647345491194,475.428065990096,19.4695989650712
2021-08-13,55895,265,46091,204,9804,61,50468,220,372419,1470,422887,1690,1,670,123,2140,141,53085,5,1547,681,"Knox County",470313,375.707241773032,0.172836386607707,359.335166155305,56.3454550480212,455.016127557605,17.2836386607707
2021-08-12,55630,222,45887,142,9743,80,50248,152,370949,643,421197,795,2,669,82,2017,138,52944,7,1542,678,"Knox County",470313,344.664085406952,0.167600747264478,169.036365144064,47.2026076251348,428.863331440977,16.7600747264478
2021-08-11,55408,316,45745,238,9663,78,50096,248,370306,989,420402,1237,1,667,183,1935,132,52806,9,1535,676,"Knox County",470313,355.933176416557,0.170978332239002,263.01633167699,67.1892973402819,411.428134029891,17.0978332239002
2021-08-10,55092,173,45507,108,9585,65,49848,122,369317,621,419165,743,1,666,56,1752,116,52674,2,1526,674,"Knox County",470313,336.796984136097,0.17247191011236,157.979898493131,36.7840140502176,372.517876392955,17.247191011236
2021-08-09,54919,197,45399,157,9520,40,49726,167,368696,753,418422,920,1,665,75,1696,121,52558,3,1524,670,"Knox County",470313,339.348476440158,0.168714934544483,195.614409978036,41.8869986583403,360.610912307336,16.8714934544483
2021-08-08,54722,88,45242,66,9480,22,49559,75,367943,418,417502,493,1,664,22,1621,65,52437,4,1521,669,"Knox County",470313,314.684050834232,0.166837556759924,104.823808825187,18.7109435631165,344.664085406952,16.6837556759924
2021-08-07,54634,105,45176,74,9458,31,49484,80,367525,638,417009,718,0,663,44,1599,61,52372,2,1517,669,"Knox County",470313,290.444873945649,0.161309884778654,152.664289526337,22.3255576605367,339.986349516173,16.1309884778654
2021-08-06,54529,203,45102,146,9427,57,49404,163,366887,879,416291,1042,0,663,139,1555,64,52311,10,1515,669,"Knox County",470313,277.262163707999,0.169300605245461,221.554581735993,43.162744810371,330.630877734615,16.9300605245461
2021-08-05,54326,174,44956,129,9370,45,49241,147,366008,850,415249,997,2,663,102,1416,70,52247,4,1505,668,"Knox County",470313,267.056194491753,0.162926829268293,211.986485595763,36.9966384088894,301.076091879238,16.2926829268293
2021-08-04,54152,144,44827,98,9325,46,49094,105,365158,656,414252,761,1,661,69,1314,74,52177,4,1501,666,"Knox County",470313,230.484804800208,0.151392315826577,161.807136949223,30.6179076487361,279.388407294717,15.1392315826577
2021-08-03,54008,238,44729,175,9279,63,48989,183,364502,814,413491,997,0,660,161,1245,77,52103,5,1497,665,"Knox County",470313,244.305388113873,0.155195681511471,211.986485595763,50.6045973638832,264.717326546364,15.5195681511471
2021-08-02,53770,97,44554,75,9216,22,48806,83,363688,532,412494,615,2,660,-4,1084,99,52026,3,1492,663,"Knox County",470313,223.042952246695,0.14867508447448,130.763980583144,20.6245627911625,230.484804800208,14.867508447448
2021-08-01,53673,107,44479,91,9194,16,48723,99,363156,526,411879,625,0,658,63,1088,44,51927,2,1489,663,"Knox County",470313,227.082815061459,0.149435273675065,132.890224169861,22.7508063778803,231.335302234895,14.9435273675065
2021-07-31,53566,104,44388,64,9178,40,48624,68,362630,399,411254,467,1,658,46,1025,57,51883,5,1487,661,"Knox County",470313,226.870190702787,0.15406976744186,99.2955754997204,22.1129333018649,217.939967638573,15.406976744186
2021-07-30,53462,118,44324,82,9138,36,48556,89,362231,339,410787,428,1,657,79,979,38,51826,0,1482,661,"Knox County",470313,208.797120215686,0.158282208588957,91.0032255115211,25.0896743232698,208.159247139671,15.8282208588957
2021-07-29,53344,117,44242,64,9102,53,48467,69,361892,483,410359,552,0,656,84,900,33,51788,1,1482,660,"Knox County",470313,196.677531771395,0.156580427446569,117.368645986822,24.877049964598,191.3619228046,15.6580427446569
2021-07-28,53227,131,44178,89,9049,42,48398,95,361409,536,409807,631,0,656,80,816,51,51755,4,1481,659,"Knox County",470313,193.913415108662,0.158980301274623,134.165970321892,27.8537909860029,173.501476676171,15.8980301274623
2021-07-27,53096,117,44089,78,9007,39,48303,83,360873,499,409176,582,0,656,85,736,32,51704,4,1477,659,"Knox County",470313,168.185867709377,0.15025641025641,123.747376746975,24.877049964598,156.491527982429,15.025641025641
2021-07-26,52979,98,44011,74,8968,24,48220,80,360374,371,408594,451,1,656,62,651,35,51672,4,1473,659,"Knox County",470313,168.398492068048,0.156049250535332,95.893585760972,20.8371871498343,138.418457495328,15.6049250535332
2021-07-25,52881,51,43937,43,8944,8,48140,44,360003,320,408143,364,3,655,22,589,26,51637,5,1469,659,"Knox County",470313,156.491527982429,0.151942446043165,77.3952665565272,10.8438422922607,125.235747257677,15.1942446043165
2021-07-24,52830,64,43894,41,8936,23,48096,44,359683,348,407779,392,0,652,39,567,25,51611,1,1464,658,"Knox County",470313,147.986553635558,0.148235294117647,83.348748599337,13.6079589549938,120.558011366898,14.8235294117647
2021-07-23,52766,56,43853,30,8913,26,48052,33,359335,321,407387,354,1,652,24,528,31,51586,3,1463,656,"Knox County",470313,134.803843397907,0.134696331930247,75.2690229698095,11.9069640856196,112.265661378699,13.4696331930247
2021-07-22,52710,94,43823,69,8887,25,48019,78,359014,474,407033,552,0,651,70,504,24,51555,3,1460,655,"Knox County",470313,129.913483148456,0.13740228502706,117.368645986822,19.9866897151471,107.162676770576,13.740228502706
2021-07-21,52616,61,43754,47,8862,14,47941,46,358540,411,406481,457,1,651,33,434,27,51531,1,1457,655,"Knox County",470313,115.029778041432,0.129441624365482,97.1693319130026,12.9700858789785,92.2789716635517,12.9441624365482
2021-07-20,52555,78,43707,42,8848,36,47895,45,358129,299,406024,344,0,650,54,401,24,51504,3,1456,655,"Knox County",470313,106.737428053233,0.12697323266987,73.1427793830917,16.5846999763987,85.262367827383,12.697323266987
2021-07-19,52477,48,43665,36,8812,12,47850,42,357830,348,405680,390,0,650,28,347,20,51480,0,1453,655,"Knox County",470313,96.1062101196437,0.116368734665265,82.9234998819935,10.2059692162454,73.780652459107,11.6368734665265
2021-07-18,52429,36,43629,30,8800,6,47808,31,357482,272,405290,303,0,650,27,319,9,51460,1,1453,655,"Knox County",470313,92.9168447395671,0.114255014326648,64.4251806775488,7.65447691218401,67.8271704162972,11.4255014326648
2021-07-17,52393,27,43599,20,8794,7,47777,21,357210,202,404987,223,0,650,12,292,15,51451,1,1452,654,"Knox County",470313,85.0497434687113,0.112847884102173,47.4152319838065,5.74085768413801,62.0863127321592,11.2847884102173
2021-07-16,52366,37,43579,21,8787,16,47756,22,357008,291,404764,313,0,650,25,280,12,51436,1,1451,654,"Knox County",470313,81.0098806539475,0.110379550735864,66.5514242642666,7.86710127085579,59.5348204280979,11.0379550735864
2021-07-15,52329,55,43558,42,8771,13,47734,44,356717,364,404451,408,-1,650,37,255,19,51424,1,1450,654,"Knox County",470313,72.7175306657481,0.102953240360952,86.7507383380855,11.6943397269478,54.2192114613034,10.2953240360952
2021-07-14,52274,21,43516,16,8758,5,47690,16,356353,269,404043,285,0,651,8,218,13,51405,2,1449,654,"Knox County",470313,64.212556318877,0.0975286849073257,60.5979422214568,4.46511153210734,46.3521101904476,9.75286849073257
2021-07-13,52253,42,43500,26,8753,16,47674,29,356084,355,403758,384,3,651,28,210,11,51392,3,1447,654,"Knox County",470313,56.558079406693,0.0888985255854293,81.6477537299628,8.93022306421468,44.6511153210734,8.88985255854293
2021-07-12,52211,27,43474,21,8737,6,47645,24,355729,270,403374,294,0,648,16,182,11,51381,1,1444,654,"Knox County",470313,52.0929678745856,0.0846153846153846,62.5115614495028,5.74085768413801,38.6976332782636,8.46153846153846
2021-07-11,52184,8,43453,3,8731,5,47621,4,355459,136,403080,140,0,648,1,166,7,51370,0,1443,653,"Knox County",470313,46.1394858317759,0.0781631656082071,29.7674102140489,1.70099486937423,35.2956435395152,7.81631656082071
2021-07-10,52176,20,43450,16,8726,4,47617,16,355323,191,402940,207,0,648,12,165,8,51363,2,1443,653,"Knox County",470313,44.6511153210734,0.0763170851797144,44.0132422450581,4.25248717343556,35.0830191808434,7.63170851797144
2021-07-09,52156,27,43434,21,8722,6,47601,21,355132,338,402733,359,0,648,12,153,15,51355,0,1441,653,"Knox County",470313,42.5248717343556,0.0741454020221473,76.3321447631684,5.74085768413801,32.5315268767821,7.41454020221473
2021-07-08,52129,19,43413,14,8716,5,47580,16,354794,317,402374,333,0,648,6,141,13,51340,0,1441,652,"Knox County",470313,34.8703948221716,0.0629370629370629,70.8039114377021,4.03986281476378,29.9800345727207,6.29370629370629
2021-07-07,52110,18,43399,4,8711,14,47564,5,354477,333,402041,338,1,648,8,135,9,51327,1,1441,650,"Knox County",470313,34.2325217461563,0.0559610705596107,71.867033231061,3.82723845609201,28.7042884206901,5.59610705596107
2021-07-06,52092,24,43395,9,8697,15,47559,14,354144,263,401703,277,0,647,14,127,10,51318,2,1440,650,"Knox County",470313,30.4052832900643,0.0513347022587269,58.8969473520825,5.10298460812268,27.0032935513158,5.13347022587269
2021-07-05,52068,10,43386,6,8682,4,47545,6,353881,105,401426,111,0,647,0,113,10,51308,1,1438,650,"Knox County",470313,26.790669192644,0.0464589235127479,23.6013038125674,2.12624358671778,24.0265525299109,4.64589235127479
2021-07-04,52058,8,43380,7,8678,1,47539,7,353776,143,401315,150,0,647,0,113,8,51298,1,1437,650,"Knox County",470313,26.790669192644,0.047887323943662,31.8936538007667,1.70099486937423,24.0265525299109,4.7887323943662
2021-07-03,52050,9,43373,7,8677,2,47532,7,353633,185,401165,192,0,647,-2,113,11,51290,1,1436,650,"Knox County",470313,24.4518012472545,0.0431818181818182,40.8238768649814,1.913619228046,24.0265525299109,4.31818181818182
2021-07-02,52041,17,43366,13,8675,4,47525,17,353448,342,400973,359,-1,647,10,115,8,51279,0,1435,650,"Knox County",470313,22.3255576605367,0.0409090909090909,76.3321447631684,3.61461409742023,24.4518012472545,4.09090909090909
2021-07-01,52024,18,43353,15,8671,3,47508,17,353106,248,400614,265,-1,648,13,105,6,51271,1,1435,650,"Knox County",470313,22.1129333018649,0.0431442080378251,56.3454550480212,3.82723845609201,22.3255576605367,4.31442080378251
2021-06-30,52006,18,43338,12,8668,6,47491,11,352858,299,400349,310,0,649,9,92,9,51265,0,1434,650,"Knox County",470313,22.1129333018649,0.0474759615384615,65.9135511882512,3.82723845609201,19.5614409978036,4.74759615384615
2021-06-29,51988,21,43326,16,8662,5,47480,19,352559,438,400039,457,0,649,8,83,13,51256,1,1434,650,"Knox County",470313,21.4750602258496,0.0455531453362256,97.1693319130026,4.46511153210734,17.6478217697576,4.55531453362256
2021-06-28,51967,9,43310,2,8657,7,47461,2,352121,113,399582,115,0,649,-4,75,13,51243,0,1433,650,"Knox County",470313,21.2624358671778,0.0432900432900433,24.4518012472545,1.913619228046,15.9468269003834,4.32900432900433
2021-06-27,51958,5,43308,3,8650,2,47459,3,352008,151,399467,154,0,649,0,79,5,51230,0,1433,650,"Knox County",470313,20.6245627911625,0.041036717062635,32.7441512354538,1.06312179335889,16.7973243350705,4.1036717062635
2021-06-26,51953,3,43305,2,8648,1,47456,2,351857,206,399313,208,0,649,0,79,3,51225,0,1433,650,"Knox County",470313,19.3488166391318,0.0380085653104925,44.2258666037299,0.637873076015334,16.7973243350705,3.80085653104925
2021-06-25,51950,13,43303,9,8647,4,47454,11,351651,311,399105,322,0,649,4,79,9,51222,0,1433,650,"Knox County",470313,18.4983192044447,0.0354997269251775,68.4650434923126,2.76411666273312,16.7973243350705,3.54997269251775
2021-06-24,51937,14,43294,9,8643,5,47443,10,351340,364,398783,374,1,649,8,75,5,51213,1,1433,650,"Knox County",470313,17.6478217697576,0.0298969072164948,79.521510143245,2.97674102140489,15.9468269003834,2.98969072164948
2021-06-23,51923,13,43285,6,8638,7,47433,8,350976,282,398409,290,0,648,6,67,7,51208,0,1432,649,"Knox County",470313,16.5846999763987,0.0286458333333333,61.6610640148157,2.76411666273312,14.2458320310091,2.86458333333333
2021-06-22,51910,14,43279,5,8631,9,47425,5,350694,247,398119,252,2,648,10,61,2,51201,1,1432,648,"Knox County",470313,15.0963294656962,0.0239067055393586,53.5813383852881,2.97674102140489,12.9700858789785,2.39067055393586
2021-06-21,51896,9,43274,8,8622,1,47420,9,350447,289,397867,298,0,646,5,51,4,51199,1,1431,647,"Knox County",470313,15.0963294656962,0.0252897787144362,63.3620588841899,1.913619228046,10.8438422922607,2.52897787144363
2021-06-20,51887,3,43266,2,8621,1,47411,3,350158,161,397569,164,1,646,-2,46,4,51195,0,1430,647,"Knox County",470313,14.6710807483527,0.0251572327044025,34.8703948221716,0.637873076015334,9.7807204989018,2.51572327044025
2021-06-19,51884,3,43264,1,8620,2,47408,1,349997,191,397405,192,0,645,-3,48,6,51191,0,1430,647,"Knox County",470313,14.6710807483527,0.0248414376321353,40.8238768649814,0.637873076015334,10.2059692162454,2.48414376321353
2021-06-18,51881,6,43263,4,8618,2,47407,3,349806,283,397213,286,1,645,-5,51,10,51185,0,1430,647,"Knox County",470313,13.1827102376502,0.0210129310344828,60.8105665801286,1.27574615203067,10.8438422922607,2.10129310344828
2021-06-17,51875,12,43259,8,8616,4,47404,9,349523,515,396927,524,0,644,6,56,6,51175,0,1430,647,"Knox County",470313,12.7574615203067,0.0189431704885344,111.415163944012,2.55149230406134,11.9069640856196,1.89431704885344
2021-06-16,51863,7,43251,4,8612,3,47395,4,349008,362,396403,366,1,644,-6,50,12,51169,0,1430,646,"Knox County",470313,11.481715368276,0.0163304514889529,77.8205152738708,1.48837051070245,10.6312179335889,1.63304514889529
2021-06-15,51856,13,43247,9,8609,4,47391,14,348646,428,396037,442,0,643,-2,56,15,51157,0,1430,646,"Knox County",470313,11.2690910096042,0.0189260563380282,93.9799665329259,2.76411666273312,11.9069640856196,1.89260563380282
2021-06-14,51843,7,43238,2,8605,5,47377,3,348218,260,395595,263,1,643,-5,58,11,51142,0,1430,646,"Knox County",470313,10.8438422922607,0.0165400089405454,55.9202063306777,1.48837051070245,12.3322128029631,1.65400089405454
2021-06-13,51836,3,43236,3,8600,0,47374,4,347958,128,395332,132,0,642,-5,63,8,51131,1,1430,646,"Knox County",470313,10.8438422922607,0.0172335600907029,28.0664153446747,0.637873076015334,13.395334596322,1.72335600907029
2021-06-12,51833,2,43233,1,8600,1,47370,1,347830,226,395200,227,0,642,-6,68,8,51123,0,1429,646,"Knox County",470313,10.6312179335889,0.0169642857142857,48.2657294184936,0.425248717343556,14.4584563896809,1.69642857142857
2021-06-11,51831,7,43232,3,8599,4,47369,2,347604,318,394973,320,0,642,-2,74,9,51115,0,1429,645,"Knox County",470313,10.8438422922607,0.0162708883025506,68.039794774969,1.48837051070245,15.7342025417116,1.62708883025506
2021-06-10,51824,7,43229,4,8595,3,47367,5,347286,358,394653,363,0,642,-1,76,8,51106,0,1429,644,"Knox County",470313,9.7807204989018,0.0156176053005206,77.1826421978555,1.48837051070245,16.1594512590551,1.56176053005206
2021-06-09,51817,2,43225,1,8592,1,47362,1,346928,367,394290,368,1,642,-17,77,18,51098,0,1429,644,"Knox County",470313,8.7175987055429,0.0141843971631206,78.2457639912144,0.425248717343556,16.3720756177269,1.41843971631206
2021-06-08,51815,5,43224,3,8591,2,47361,4,346561,266,393922,270,1,641,-17,94,21,51080,0,1429,643,"Knox County",470313,7.01660383616868,0.0102933607822954,57.4085768413801,1.06312179335889,19.9866897151471,1.02933607822954
2021-06-07,51810,15,43221,9,8589,6,47357,10,346295,316,393652,326,0,640,-8,111,23,51059,2,1429,642,"Knox County",470313,8.7175987055429,0.0134596211365902,69.3155409269997,3.18936538007667,23.6013038125674,1.34596211365902
2021-06-06,51795,4,43212,2,8583,2,47347,2,345979,178,393326,180,0,640,-5,119,9,51036,0,1427,642,"Knox County",470313,8.93022306421468,0.0121713729308666,38.2723845609201,0.850497434687113,25.3022986819416,1.21713729308666
2021-06-05,51791,5,43210,2,8581,3,47345,3,345801,258,393146,261,0,640,-9,124,14,51027,0,1427,642,"Knox County",470313,9.56809614023002,0.0129310344827586,55.4949576133341,1.06312179335889,26.3654204753005,1.29310344827586
2021-06-04,51786,7,43208,2,8578,5,47342,3,345543,325,392885,328,1,640,-9,133,15,51013,0,1427,642,"Knox County",470313,9.56809614023002,0.0133587786259542,69.7407896443432,1.48837051070245,28.2790397033465,1.33587786259542
2021-06-03,51779,7,43206,4,8573,3,47339,6,345218,458,392557,464,0,639,-12,142,19,50998,0,1427,642,"Knox County",470313,9.56809614023002,0.0131998179335457,98.6577024237051,1.48837051070245,30.1926589313925,1.31998179335457
2021-06-02,51772,20,43202,7,8570,13,47333,6,344760,282,392093,288,0,639,5,154,15,50979,1,1427,642,"Knox County",470313,13.395334596322,0.0160604629192253,61.2358152974721,4.25248717343556,32.7441512354538,1.60604629192253
2021-06-01,51752,12,43195,9,8557,3,47327,10,344478,291,391805,301,0,639,-10,149,22,50964,1,1426,642,"Knox County",470313,14.8837051070245,0.0186219739292365,63.9999319602052,2.55149230406134,31.6810294420949,1.86219739292365
2021-05-31,51740,17,43186,14,8554,3,47317,12,344187,354,391504,366,0,639,-1,159,18,50942,0,1425,642,"Knox County",470313,15.308953824368,0.0191956124314442,77.8205152738708,3.61461409742023,33.8072730288127,1.91956124314442
2021-05-30,51723,3,43172,1,8551,2,47305,1,343833,203,391138,204,0,639,-9,160,12,50924,0,1425,642,"Knox County",470313,15.0963294656962,0.0185352622061483,43.3753691690427,0.637873076015334,34.0198973874845,1.85352622061483
2021-05-29,51720,14,43171,7,8549,7,47304,6,343630,199,390934,205,0,639,-14,169,28,50912,1,1425,642,"Knox County",470313,17.0099486937423,0.0204081632653061,43.5879935277145,2.97674102140489,35.9335166155305,2.04081632653061
2021-05-28,51706,11,43164,6,8542,5,47298,10,343431,390,390729,400,0,639,-10,183,21,50884,1,1424,641,"Knox County",470313,17.8604461284294,0.0228904847396768,85.0497434687113,2.33886794538956,38.9102576369354,2.28904847396768
2021-05-27,51695,23,43158,8,8537,15,47288,9,343041,341,390329,350,0,639,-5,193,28,50863,1,1423,641,"Knox County",470313,21.2624358671778,0.0255439924314096,74.4185255351224,4.8903602494509,41.0365012236532,2.55439924314096
2021-05-26,51672,17,43150,8,8522,9,47279,11,342700,571,389979,582,0,639,-6,198,23,50835,0,1422,641,"Knox County",470313,20.6245627911625,0.0245016611295681,123.747376746975,3.61461409742023,42.0996230170121,2.45016611295681
2021-05-25,51655,17,43142,8,8513,9,47268,7,342129,311,389397,318,0,639,-11,204,28,50812,1,1422,641,"Knox County",470313,21.6876845845214,0.0230927835051546,67.6145460576254,3.61461409742023,43.3753691690427,2.30927835051546
2021-05-24,51638,25,43134,21,8504,4,47261,24,341818,425,389079,449,0,639,-11,215,36,50784,1,1421,641,"Knox County",470313,23.3886794538956,0.0271132376395534,95.4683370436284,5.31560896679445,45.7142371144323,2.71132376395534
2021-05-23,51613,16,43113,8,8500,8,47237,8,341393,225,388630,233,1,639,-5,226,20,50748,1,1420,641,"Knox County",470313,26.1527961166287,0.0295624753646039,49.5414755705243,3.40198973874845,48.0531050598219,2.95624753646039
2021-05-22,51597,8,43105,4,8492,4,47229,4,341168,269,388397,273,0,638,-6,231,14,50728,0,1419,640,"Knox County",470313,24.877049964598,0.0280230326295585,58.0464499173954,1.70099486937423,49.1162268531808,2.80230326295585
2021-05-21,51589,16,43101,12,8488,4,47225,14,340899,377,388124,391,0,638,-17,237,33,50714,1,1419,640,"Knox County",470313,25.9401717579569,0.0296610169491525,83.1361242406653,3.40198973874845,50.3919730052114,2.96610169491525
2021-05-20,51573,34,43089,26,8484,8,47211,27,340522,594,387733,621,0,638,6,254,28,50681,1,1418,639,"Knox County",470313,28.2790397033465,0.0331356818974538,132.039726735174,7.22922819484046,54.0065871026317,3.31356818974538
2021-05-19,51539,14,43063,6,8476,8,47184,7,339928,544,387112,551,0,638,-29,248,43,50653,1,1417,639,"Knox County",470313,27.6411666273312,0.0320874471086037,117.15602162815,2.97674102140489,52.730840950601,3.20874471086037
2021-05-18,51525,24,43057,14,8468,10,47177,14,339384,444,386561,458,1,638,-21,277,44,50610,0,1416,639,"Knox County",470313,29.1295371380336,0.0329301075268817,97.3819562716744,5.10298460812268,58.8969473520825,3.29301075268817
2021-05-17,51501,15,43043,7,8458,8,47163,8,338940,420,386103,428,0,637,-18,298,33,50566,0,1416,638,"Knox County",470313,27.0032935513158,0.0277495769881557,91.0032255115211,3.18936538007667,63.3620588841899,2.77495769881557
2021-05-16,51486,22,43036,13,8450,9,47155,12,338520,272,385675,284,1,637,-10,316,31,50533,1,1416,638,"Knox County",470313,28.2790397033465,0.0286094477711244,60.385317862785,4.67773589077912,67.1892973402819,2.86094477711244
2021-05-15,51464,23,43023,13,8441,10,47143,17,338248,336,385391,353,0,636,-8,326,31,50502,1,1415,638,"Knox County",470313,31.4684050834232,0.0320803629293584,75.0563986111377,4.8903602494509,69.3155409269997,3.20803629293584
2021-05-14,51441,36,43010,25,8431,11,47126,26,337912,498,385038,524,0,636,4,334,32,50471,4,1414,637,"Knox County",470313,35.7208922568587,0.0344827586206897,111.415163944012,7.65447691218401,71.0165357963739,3.44827586206897
2021-05-13,51405,31,42985,17,8420,14,47100,17,337414,376,384514,393,0,636,-17,330,48,50439,0,1410,637,"Knox County",470313,35.0830191808434,0.0337679705784019,83.5613729580088,6.59135511882512,70.1660383616868,3.37679705784019
2021-05-12,51374,34,42968,28,8406,6,47083,29,337038,506,384121,535,0,636,-15,347,49,50391,0,1410,637,"Knox County",470313,39.335506354279,0.0413445378151261,113.754031889401,7.22922819484046,73.780652459107,4.13445378151261
2021-05-11,51340,36,42940,30,8400,6,47054,31,336532,555,383586,586,0,636,-11,362,47,50342,4,1410,637,"Knox County",470313,41.8869986583403,0.0451176281018369,124.597874181662,7.65447691218401,76.9700178391837,4.51176281018369
2021-05-10,51304,21,42910,14,8394,7,47023,13,335977,277,383000,290,1,636,-26,373,46,50295,1,1406,637,"Knox County",470313,43.162744810371,0.0489038785834739,61.6610640148157,4.46511153210734,79.3088857845732,4.89038785834739
2021-05-09,51283,17,42896,14,8387,3,47010,17,335700,369,382710,386,0,635,-22,399,39,50249,1,1405,636,"Knox County",470313,42.0996230170121,0.0489077274209325,82.0730024473064,3.61461409742023,84.8371191100395,4.89077274209325
2021-05-08,51266,20,42882,11,8384,9,46993,14,335331,307,382324,321,0,635,-18,421,38,50210,1,1404,636,"Knox County",470313,41.4617499409967,0.0484349258649094,68.2524191336408,4.25248717343556,89.5148550008186,4.84349258649094
2021-05-07,51246,43,42871,31,8375,12,46979,33,335024,576,382003,609,0,635,3,439,40,50172,0,1403,636,"Knox County",470313,42.9501204516992,0.0493589743589744,129.488234431113,9.14284742288646,93.3420934569106,4.93589743589744
2021-05-06,51203,40,42840,26,8363,14,46946,28,334448,340,381394,368,1,635,-8,436,47,50132,0,1403,636,"Knox County",470313,44.8637396797452,0.0533117932148627,78.2457639912144,8.50497434687113,92.7042203808953,5.33117932148627
2021-05-05,51163,51,42814,32,8349,19,46918,38,334108,585,381026,623,0,634,5,444,46,50085,4,1403,635,"Knox County",470313,48.4783537771654,0.0546654099905749,132.464975452518,10.8438422922607,94.4052152502695,5.46654099905749
2021-05-04,51112,50,42782,32,8330,18,46880,34,333523,536,380403,570,0,634,6,439,44,50039,0,1399,635,"Knox County",470313,51.4550947985703,0.0558888538048626,121.195884442914,10.6312179335889,93.3420934569106,5.58888538048626
2021-05-03,51062,24,42750,9,8312,15,46846,7,332987,309,379833,316,1,634,-37,433,60,49995,1,1399,635,"Knox County",470313,52.0929678745856,0.053554650798622,67.1892973402819,5.10298460812268,92.0663473048799,5.3554650798622
2021-05-02,51038,25,42741,18,8297,7,46839,20,332678,288,379517,308,0,633,-17,470,42,49935,2,1398,635,"Knox County",470313,53.7939627439599,0.0558587479935795,65.4883024709077,5.31560896679445,99.9334485757357,5.58587479935795
2021-05-01,51013,45,42723,35,8290,10,46819,38,332390,450,379209,488,0,633,7,487,38,49893,2,1396,635,"Knox County",470313,59.1095717107543,0.0603290676416819,103.760687031828,9.56809614023002,103.548062673156,6.03290676416819
2021-04-30,50968,58,42688,30,8280,28,46781,29,331940,567,378721,596,0,633,-10,480,68,49855,3,1394,635,"Knox County",470313,62.298937090831,0.0593453655552157,126.72411776838,12.3322128029631,102.059692162454,5.93453655552157
2021-04-29,50910,54,42658,34,8252,20,46752,35,331373,571,378125,606,0,633,-3,490,57,49787,2,1391,634,"Knox County",470313,65.2756781122359,0.0573139435414885,128.850361355098,11.481715368276,104.185935749171,5.73139435414885
2021-04-28,50856,47,42624,28,8232,19,46717,34,330802,543,377519,577,4,633,-36,493,79,49730,1,1389,634,"Knox County",470313,64.4251806775488,0.0569199653279399,122.684254953616,9.99334485757357,104.823808825187,5.69199653279399
2021-04-27,50809,39,42596,17,8213,22,46683,20,330259,392,376942,412,1,629,-33,529,71,49651,2,1388,632,"Knox County",470313,62.0863127321592,0.0554041780199818,87.6012357727726,8.29234998819935,112.478285737371,5.54041780199818
2021-04-26,50770,69,42579,36,8191,33,46663,40,329867,480,376530,520,1,628,2,562,66,49580,0,1386,631,"Knox County",470313,71.6544088723892,0.0615911035072712,110.564666509325,14.6710807483527,119.494889573539,6.15911035072712
2021-04-25,50701,38,42543,25,8158,13,46623,26,329387,341,376010,367,0,627,-4,560,42,49514,3,1386,630,"Knox County",470313,74.4185255351224,0.0622546270330903,78.0331396325426,8.07972562952757,119.069640856196,6.22546270330903
2021-04-24,50663,35,42518,22,8145,13,46597,28,329046,510,375643,538,0,627,-28,564,63,49472,3,1383,630,"Knox County",470313,72.2922819484046,0.0586283185840708,114.391904965417,7.44185255351224,119.920138290883,5.86283185840708
2021-04-23,50628,43,42496,31,8132,12,46569,37,328536,553,375105,590,0,627,-4,592,47,49409,2,1380,630,"Knox County",470313,69.1029165683279,0.0609418282548476,125.448371616349,9.14284742288646,125.873620333693,6.09418282548476
2021-04-22,50585,79,42465,62,8120,17,46532,65,327983,787,374515,852,1,627,15,596,63,49362,1,1378,630,"Knox County",470313,74.4185255351224,0.0648340248962656,181.155953588355,16.7973243350705,126.72411776838,6.48340248962656
2021-04-21,50506,62,42403,34,8103,28,46467,35,327196,479,373663,514,1,626,-2,581,63,49299,1,1377,629,"Knox County",470313,77.607890915199,0.0661745320326918,109.288920357294,13.1827102376502,123.534752388303,6.61745320326918
2021-04-20,50444,38,42369,34,8075,4,46432,39,326717,474,373149,513,1,625,-32,583,69,49236,1,1376,628,"Knox County",470313,77.3952665565272,0.0693374422187981,109.076295998622,8.07972562952757,123.960001105647,6.93374422187981
2021-04-19,50406,65,42335,41,8071,24,46393,39,326243,336,372636,375,0,624,-3,615,68,49167,0,1375,627,"Knox County",470313,76.5447691218401,0.0717524673246199,79.7341345019168,13.8205833136656,130.763980583144,7.17524673246199
2021-04-18,50341,38,42294,27,8047,11,46354,32,325907,364,372261,396,0,624,-12,618,50,49099,1,1375,627,"Knox County",470313,76.5447691218401,0.0727898358920064,84.1992460340241,8.07972562952757,131.401853659159,7.27898358920064
2021-04-17,50303,37,42267,18,8036,19,46322,23,325543,335,371865,358,0,624,-23,630,60,49049,1,1374,626,"Knox County",470313,76.9700178391837,0.075041689827682,76.1195204044966,7.86710127085579,133.95334596322,7.5041689827682
2021-04-16,50266,346,42249,330,8017,16,46299,369,325208,2088,371507,2457,1,624,279,653,66,48989,4,1373,626,"Knox County",470313,141.395198516732,0.110155535224154,522.418049256559,73.5680281004352,138.843706212671,11.0155535224154
2021-04-15,49920,86,41919,54,8001,32,45930,55,323120,577,369050,632,1,623,12,374,73,48923,0,1369,625,"Knox County",470313,142.883569027435,0.112869399428027,134.378594680564,18.2856948457729,79.521510143245,11.2869399428027
2021-04-14,49834,85,41865,60,7969,25,45875,62,322543,684,368418,746,0,622,-1,362,86,48850,3,1369,624,"Knox County",470313,147.773929276886,0.113018075588826,158.617771569146,18.0730704871011,76.9700178391837,11.3018075588826
2021-04-13,49749,68,41805,38,7944,30,45813,43,321859,340,367672,383,-5,622,-8,363,81,48764,1,1366,624,"Knox County",470313,154.152660037039,0.116513933046568,81.435129371291,14.4584563896809,77.1826421978555,11.6513933046568
2021-04-12,49681,63,41767,43,7914,20,45770,50,321519,360,367289,410,1,627,-24,371,86,48683,0,1365,624,"Knox County",470313,153.727411319696,0.117800074321813,87.175987055429,13.395334596322,78.8836370672297,11.7800074321813
2021-04-11,49618,26,41724,14,7894,12,45720,14,321159,296,366879,310,2,626,-26,395,50,48597,0,1365,623,"Knox County",470313,151.175919015634,0.11631419939577,65.9135511882512,5.52823332546623,83.9866216753524,11.631419939577
2021-04-10,49592,50,41710,33,7882,17,45706,41,320863,571,366569,612,0,624,6,421,44,48547,1,1365,623,"Knox County",470313,153.940035678367,0.114234234234234,130.126107507128,10.6312179335889,89.5148550008186,11.4234234234234
2021-04-09,49542,82,41677,62,7865,20,45665,71,320292,620,365957,691,5,624,11,415,66,48503,2,1364,622,"Knox County",470313,97.8072049890179,0.0887949260042283,146.923431842199,17.4351974110858,88.2391088487879,8.87949260042283
2021-04-08,49460,49,41615,26,7845,23,45594,26,319672,466,365266,492,-6,619,-23,404,78,48437,0,1362,622,"Knox County",470313,89.9401037181622,0.0842480790340285,104.611184466515,10.4185935749171,85.9002409033984,8.42480790340285
2021-04-07,49411,77,41589,54,7822,23,45568,57,319206,768,364774,825,2,625,9,427,66,48359,1,1362,622,"Knox County",470313,88.2391088487879,0.0811173784582326,175.415095904217,16.3720756177269,90.7906011528493,8.11173784582326
2021-04-06,49334,75,41535,41,7799,34,45511,45,318438,422,363949,467,2,623,-3,418,76,48293,0,1361,622,"Knox County",470313,89.7274793594904,0.079852902547938,99.2955754997204,15.9468269003834,88.8769819248033,7.9852902547938
2021-04-05,49259,44,41494,32,7765,12,45466,35,318016,266,363482,301,0,621,-60,421,104,48217,3,1361,622,"Knox County",470313,85.6876165447266,0.0781503515413737,63.9999319602052,9.35547178155824,89.5148550008186,7.81503515413737
2021-04-04,49215,49,41462,31,7753,18,45431,40,317750,341,363181,381,3,621,-27,481,73,48113,0,1358,621,"Knox County",470313,90.5779767941775,0.0835765455027859,81.0098806539475,10.4185935749171,102.272316521125,8.35765455027859
2021-04-03,49166,81,41431,64,7735,17,45391,71,317409,593,362800,664,0,618,6,508,75,48040,0,1358,620,"Knox County",470313,97.1693319130026,0.0902904998691442,141.182574158061,17.222573052414,108.013174205263,9.02904998691442
2021-04-02,49085,76,41367,45,7718,31,45320,45,316816,530,362136,575,0,618,5,502,71,47965,2,1358,617,"Knox County",470313,95.8935857609719,0.0860998650472335,122.259006236272,16.1594512590551,106.737428053233,8.60998650472335
2021-04-01,49009,75,41322,63,7687,12,45275,67,316286,580,361561,647,1,618,-20,497,94,47894,1,1356,616,"Knox County",470313,101.421819086438,0.0932642487046632,137.56796006064,15.9468269003834,105.674306259874,9.32642487046632
2021-03-31,48934,87,41259,66,7675,21,45208,72,315706,765,360914,837,3,617,-16,517,100,47800,2,1355,616,"Knox County",470313,103.548062673156,0.096849173553719,177.966588208278,18.4983192044447,109.926793433309,9.6849173553719
2021-03-30,48847,57,41193,33,7654,24,45136,38,314941,460,360077,498,1,614,-24,533,80,47700,2,1353,614,"Knox County",470313,99.7208242170639,0.094286446323341,105.886930618546,12.1195884442914,113.328783172058,9.4286446323341
2021-03-29,48790,43,41160,21,7630,22,45098,22,314481,400,359579,422,5,613,-58,557,96,47620,0,1351,613,"Knox County",470313,99.5081998583922,0.088220675944334,89.7274793594904,9.14284742288646,118.43176778018,8.8220675944334
2021-03-28,48747,80,41139,46,7608,34,45076,49,314081,484,359157,533,2,608,13,615,65,47524,5,1351,612,"Knox County",470313,106.099554977217,0.0871647509578544,113.328783172058,17.0099486937423,130.763980583144,8.71647509578544
2021-03-27,48667,42,41093,39,7574,3,45027,42,313597,442,358624,484,0,606,-16,602,58,47459,2,1346,611,"Knox County",470313,97.8072049890179,0.0838338338338338,102.910189597141,8.93022306421468,127.99986392041,8.38338338338338
2021-03-26,48625,79,41054,54,7571,25,44985,60,313155,417,358140,477,0,606,1,618,78,47401,2,1344,610,"Knox County",470313,98.4450780650333,0.0897896357106208,101.421819086438,16.7973243350705,131.401853659159,8.97896357106208
2021-03-25,48546,88,41000,64,7546,24,44925,67,312738,570,357663,637,0,606,7,617,81,47323,4,1342,608,"Knox County",470313,101.209194727766,0.0900205761316872,135.441716473923,18.7109435631165,131.189229300487,9.00205761316873
2021-03-24,48458,124,40936,90,7522,34,44858,95,312168,780,357026,875,1,606,39,610,84,47242,3,1338,607,"Knox County",470313,109.076295998622,0.0950076413652573,186.046313837806,26.3654204753005,129.700858789785,9.50076413652573
2021-03-23,48334,87,40846,57,7488,30,44763,63,311388,531,356151,594,1,605,17,571,69,47158,3,1335,606,"Knox County",470313,115.455026758776,0.0989557434112382,126.298869051036,18.4983192044447,121.408508801585,9.89557434112382
2021-03-22,48247,115,40789,78,7458,37,44700,81,310857,517,355557,598,2,604,32,554,81,47089,1,1332,605,"Knox County",470313,130.763980583144,0.108861362553597,127.149366485723,24.4518012472545,117.793894704165,10.8861362553597
2021-03-21,48132,50,40711,33,7421,17,44619,34,310340,330,354959,364,0,602,4,522,46,47008,1,1331,605,"Knox County",470313,124.38524982299,0.109704641350211,77.3952665565272,10.6312179335889,110.989915226668,10.9704641350211
2021-03-20,48082,59,40678,29,7404,30,44585,33,310010,315,354595,348,0,602,3,518,56,46962,4,1330,604,"Knox County",470313,127.99986392041,0.111225276136656,73.9932768177788,12.5448371616349,110.139417791981,11.1225276136656
2021-03-19,48023,146,40649,102,7374,44,44552,117,309695,956,354247,1073,3,602,51,515,92,46906,3,1326,604,"Knox County",470313,142.24569595142,0.109155713967476,228.145936854818,31.0431563660796,109.501544715966,10.9155713967476
2021-03-18,47877,68,40547,50,7330,18,44435,66,308739,627,353174,693,2,599,-16,464,82,46814,1,1323,603,"Knox County",470313,137.993208777984,0.107590759075908,147.348680559542,14.4584563896809,98.6577024237051,10.7590759075908
2021-03-17,47809,46,40497,36,7312,10,44369,41,308112,497,352481,538,1,597,-40,480,85,46732,3,1322,603,"Knox County",470313,121.408508801585,0.103374524714829,114.391904965417,9.7807204989018,102.059692162454,10.3374524714829
2021-03-16,47763,128,40461,84,7302,44,44328,100,307615,699,351943,799,0,596,48,520,80,46647,3,1319,601,"Knox County",470313,130.126107507128,0.106956718785407,169.886862578751,27.2159179099876,110.564666509325,10.6956718785407
2021-03-15,47635,44,40377,28,7258,16,44228,40,306916,290,351144,330,1,596,-65,472,108,46567,1,1316,600,"Knox County",470313,115.029778041432,0.103980699638118,70.1660383616868,9.35547178155824,100.358697293079,10.3980699638118
2021-03-14,47591,60,40349,38,7242,22,44188,46,306626,405,350814,451,0,595,-12,537,72,46459,0,1315,599,"Knox County",470313,117.15602162815,0.104678638941399,95.893585760972,12.7574615203067,114.179280606745,10.4678638941399
2021-03-13,47531,71,40311,34,7220,37,44142,41,306221,623,350363,664,1,595,-11,549,81,46387,1,1315,599,"Knox County",470313,119.707513932211,0.0991644678979771,141.182574158061,15.0963294656962,116.730772910806,9.91644678979771
2021-03-12,47460,63,40277,60,7183,3,44101,67,305598,692,349699,759,0,594,-52,560,115,46306,1,1314,597,"Knox County",470313,102.059692162454,0.0947094945677846,161.38188823188,13.395334596322,119.069640856196,9.47094945677846
2021-03-11,47397,83,40217,56,7180,27,44034,66,304906,627,348940,693,2,594,-22,612,103,46191,0,1313,595,"Knox County",470313,105.24905754253,0.0947094945677846,147.348680559542,17.6478217697576,130.126107507128,9.47094945677846
2021-03-10,47314,95,40161,72,7153,23,43968,82,304279,1001,348247,1083,2,592,26,634,67,46088,1,1313,594,"Knox County",470313,115.667651117447,0.0924879681941829,230.272180441536,20.1993140738189,134.803843397907,9.24879681941829
2021-03-09,47219,80,40089,50,7130,30,43886,55,303278,597,347164,652,0,590,-6,608,86,46021,2,1312,594,"Knox County",470313,105.461681901202,0.0857081174438687,138.631081853999,17.0099486937423,129.275610072441,8.57081174438687
2021-03-08,47139,86,40039,58,7100,28,43831,64,302681,412,346512,476,1,590,-29,614,114,45935,0,1310,590,"Knox County",470313,114.391904965417,0.0881121808287987,101.209194727766,18.2856948457729,130.551356224472,8.81121808287987
2021-03-07,47053,64,39981,40,7072,24,43767,42,302269,327,346036,369,0,589,-5,643,69,45821,0,1310,588,"Knox County",470313,115.242402400104,0.0887989778534923,78.4583883498861,13.6079589549938,136.717462625953,8.87989778534923
2021-03-06,46989,125,39941,87,7048,38,43725,95,301942,848,345667,943,0,589,40,648,85,45752,1,1310,588,"Knox County",470313,126.72411776838,0.0946733668341709,200.504770227487,26.5780448339723,137.780584419312,9.46733668341709
2021-03-05,46864,70,39854,44,7010,26,43630,49,301094,521,344724,570,2,589,-19,608,87,45667,2,1309,588,"Knox County",470313,128.212488279082,0.0946510656080234,121.195884442914,14.8837051070245,129.275610072441,9.46510656080234
2021-03-04,46794,112,39810,85,6984,27,43581,100,300573,1094,344154,1194,5,587,-1,627,108,45580,1,1307,586,"Knox County",470313,134.378594680564,0.0921127293361074,253.873484254103,23.8139281712392,133.315472887205,9.21127293361074
2021-03-03,46682,74,39725,33,6957,41,43481,40,299479,497,342960,537,1,582,-49,628,122,45472,4,1306,584,"Knox County",470313,129.913483148456,0.093862054418899,114.179280606745,15.7342025417116,133.528097245877,9.3862054418899
2021-03-02,46608,133,39692,91,6916,42,43441,99,298982,808,342423,907,-1,581,9,677,125,45350,2,1302,583,"Knox County",470313,141.182574158061,0.0978783026421137,192.850293315303,28.2790397033465,143.946690820794,9.78783026421137
2021-03-01,46475,59,39601,33,6874,26,43342,35,298174,165,341516,200,1,582,-58,668,116,45225,1,1300,580,"Knox County",470313,135.441716473923,0.0974576271186441,42.5248717343556,12.5448371616349,142.033071592748,9.74576271186441
2021-02-28,46416,77,39568,53,6848,24,43307,63,298009,563,341316,626,2,581,-18,726,93,45109,2,1299,580,"Knox County",470313,138.205833136656,0.0966445649989954,133.102848528533,16.3720756177269,154.365284395711,9.66445649989954
2021-02-27,46339,83,39515,47,6824,36,43244,58,297446,671,340690,729,1,579,-32,744,114,45016,3,1297,579,"Knox County",470313,129.275610072441,0.0932185597312618,155.003157471726,17.6478217697576,158.192522851803,9.32185597312618
2021-02-26,46256,107,39468,70,6788,37,43186,80,296775,506,339961,586,5,578,-17,776,119,44902,1,1294,578,"Knox County",470313,137.142711343297,0.0993931784892237,124.597874181662,22.7508063778803,164.9965023293,9.93931784892237
2021-02-25,46149,131,39398,92,6751,39,43106,97,296269,1029,339375,1126,2,573,-7,793,136,44783,5,1293,578,"Knox County",470313,141.182574158061,0.100191042241562,239.415027864422,27.8537909860029,168.61111642672,10.0191042241562
2021-02-24,46018,102,39306,72,6712,30,43009,80,295240,969,338249,1049,2,571,-30,800,130,44647,2,1288,577,"Knox County",470313,147.13605620087,0.0980279532835535,223.042952246695,21.6876845845214,170.099486937423,9.80279532835535
2021-02-23,45916,122,39234,68,6682,54,42929,75,294271,758,337200,833,5,569,-32,830,149,44517,6,1286,576,"Knox County",470313,144.797188255481,0.0947756845989512,177.116090773591,25.9401717579569,176.478217697576,9.47756845989512
2021-02-22,45794,62,39166,33,6628,29,42854,38,293513,307,336367,345,3,564,-110,862,169,44368,3,1280,574,"Knox County",470313,145.435061331496,0.0927465054778995,73.3554037417635,13.1827102376502,183.282197175073,9.27465054778995
2021-02-21,45732,82,39133,41,6599,41,42816,45,293206,499,336022,544,2,561,-31,972,111,44199,3,1277,572,"Knox County",470313,146.498183124855,0.090752110514198,115.667651117447,17.4351974110858,206.670876628968,9.0752110514198
2021-02-20,45650,137,39092,98,6558,39,42771,115,292707,1007,335478,1122,1,559,8,1003,128,44088,2,1274,569,"Knox County",470313,157.979898493131,0.0945584299732382,238.564530429735,29.1295371380336,213.262231747793,9.45584299732382
2021-02-19,45513,95,38994,43,6519,52,42656,48,291700,274,334356,322,1,558,-83,995,177,43960,2,1272,568,"Knox County",470313,155.42840618907,0.0932409661112151,68.4650434923126,20.1993140738189,211.561236878419,9.32409661112151
2021-02-18,45418,155,38951,111,6467,44,42608,119,291426,988,334034,1107,4,557,-38,1078,189,43783,6,1270,566,"Knox County",470313,160.531390797193,0.0977076287110109,235.375165049658,32.9567755941256,229.209058648177,9.77076287110109
2021-02-17,45263,114,38840,68,6423,46,42489,76,290438,892,332927,968,1,553,-49,1116,162,43594,4,1264,560,"Knox County",470313,163.082883101254,0.0984544934172868,205.820379194281,24.2391768885827,237.288784277704,9.84544934172868
2021-02-16,45149,147,38772,90,6377,57,42413,101,289546,818,331959,919,2,552,-40,1165,185,43432,4,1260,557,"Knox County",470313,168.398492068048,0.101745823165008,195.401785619364,31.2557807247514,247.707377852622,10.1745823165008
2021-02-15,45002,76,38682,36,6320,40,42312,43,288728,312,331040,355,2,550,-140,1205,214,43247,1,1256,557,"Knox County",470313,171.375233089453,0.102492036724752,75.4816473284812,16.1594512590551,256.212352199493,10.2492036724752
2021-02-14,44926,165,38646,135,6280,30,42269,135,288416,706,330685,841,2,548,20,1345,143,43033,5,1255,557,"Knox County",470313,189.023054859211,0.113063542776003,178.817085642965,35.0830191808434,285.979762413542,11.3063542776003
2021-02-13,44761,135,38511,91,6250,44,42134,106,287710,871,329844,977,4,546,-8,1325,139,42890,7,1250,556,"Knox County",470313,188.597806141867,0.11441063946074,207.733998422327,28.7042884206901,281.727275240106,11.441063946074
2021-02-12,44626,179,38420,114,6206,65,42028,124,286839,996,328867,1120,3,542,13,1333,163,42751,3,1243,552,"Knox County",470313,206.458252270297,0.111977095594083,238.139281712392,38.0597602022483,283.42827010948,11.1977095594083
2021-02-11,44447,161,38306,112,6141,49,41904,118,285843,1133,327747,1251,5,539,-35,1320,191,42588,5,1240,551,"Knox County",470313,207.733998422327,0.109314259057689,265.993072698394,34.2325217461563,280.664153446747,10.9314259057689
2021-02-10,44286,148,38194,106,6092,42,41786,112,284710,1032,326496,1144,7,534,-46,1355,187,42397,6,1235,549,"Knox County",470313,214.963226617168,0.111851067050098,243.242266320514,31.4684050834232,288.106006000259,11.1851067050098
2021-02-09,44138,209,38088,154,6050,55,41674,165,283678,1023,325352,1188,0,527,12,1401,197,42210,6,1229,547,"Knox County",470313,228.145936854818,0.116783013379872,252.597738102072,44.4384909624016,297.886726499161,11.6783013379872
2021-02-08,43929,107,37934,72,5995,35,41509,76,282655,371,324164,447,4,527,-159,1389,262,42013,2,1223,542,"Knox County",470313,234.737291973643,0.119977037887486,95.0430883262848,22.7508063778803,295.3352341951,11.9977037887486
2021-02-07,43822,108,37862,75,5960,33,41433,83,282284,716,323717,799,1,523,-28,1548,135,41751,2,1221,539,"Knox County",470313,222.617703529352,0.113196650303205,169.886862578751,22.963430736552,329.142507223913,11.3196650303205
2021-02-06,43714,304,37787,176,5927,128,41350,197,281568,1396,322918,1593,2,522,137,1576,165,41616,6,1219,538,"Knox County",470313,258.551220144882,0.116016971625564,338.710603364143,64.6378050362206,335.095989266722,11.6016971625564
2021-02-05,43410,177,37611,131,5799,46,41153,143,280172,727,321325,870,8,520,-4,1439,173,41451,4,1213,534,"Knox County",470313,258.125971427539,0.12260010970927,184.983192044447,37.6345114849047,305.966452128689,12.260010970927
2021-02-04,43233,199,37480,148,5753,51,41010,161,279445,1582,320455,1743,2,512,0,1443,197,41278,7,1209,531,"Knox County",470313,266.205697057066,0.120375128468654,370.604257164909,42.3122473756839,306.816949563376,12.0375128468654
2021-02-03,43034,230,37332,164,5702,66,40849,172,277863,1634,318712,1806,5,510,-8,1443,233,41081,7,1202,523,"Knox County",470313,283.640894468152,0.118044044518115,383.999591761231,48.903602494509,306.816949563376,11.8044044518115
2021-02-02,42804,92,37168,70,5636,22,40677,77,276229,291,316906,368,7,505,-159,1451,244,40848,1,1195,523,"Knox County",470313,258.763844503554,0.119197482297404,78.2457639912144,19.5614409978036,308.51794443275,11.9197482297404
2021-02-01,42712,153,37098,82,5614,71,40600,97,275938,425,316538,522,4,498,-125,1610,274,40604,2,1194,521,"Knox County",470313,268.544565002456,0.120763537202961,110.989915226668,32.5315268767821,342.325217461563,12.0763537202961
2021-01-31,42559,174,37016,120,5543,54,40503,129,275513,939,316016,1068,7,494,12,1735,155,40330,4,1192,518,"Knox County",470313,282.577772674793,0.122459222082811,227.082815061459,36.9966384088894,368.903262295535,12.2459222082811
2021-01-30,42385,276,36896,232,5489,44,40374,250,274574,1518,314948,1768,7,487,91,1723,178,40175,9,1188,516,"Knox County",470313,276.624290631983,0.126335174953959,375.919866131704,58.6843229934108,366.351769991474,12.6335174953959
2021-01-29,42109,102,36664,52,5445,50,40124,62,273056,376,313180,438,4,480,-139,1632,237,39997,1,1179,510,"Knox County",470313,260.6774637316,0.12290937378452,93.1294690982388,21.6876845845214,347.002953352342,12.290937378452
2021-01-28,42007,157,36612,116,5395,41,40062,129,272680,657,312742,786,9,476,-75,1771,223,39760,5,1178,505,"Knox County",470313,251.747240667385,0.135583185316755,167.122745916018,33.3820243114692,376.557739207719,13.5583185316755
2021-01-27,41850,167,36496,123,5354,44,39933,125,272023,894,311956,1019,12,467,-74,1846,229,39537,2,1173,501,"Knox County",470313,238.351906071063,0.145585525213604,216.664221486542,35.508267898187,392.504566108102,14.5585525213604
2021-01-26,41683,234,36373,173,5310,61,39808,193,271129,1041,310937,1234,3,455,-26,1920,257,39308,7,1171,497,"Knox County",470313,268.544565002456,0.144111192392099,262.378458600974,49.7540999291961,408.238768649814,14.4111192392099
2021-01-25,41449,158,36200,106,5249,52,39615,115,270088,415,309703,530,9,452,-198,1946,347,39051,1,1164,490,"Knox County",470313,269.607686795815,0.146573140435482,112.690910096042,33.5946486701409,413.76700197528,14.6573140435481
2021-01-24,41291,156,36094,104,5197,52,39500,111,269673,791,309173,902,4,443,-100,2144,252,38704,2,1163,486,"Knox County",470313,265.780448339723,0.147521341920024,191.787171521944,33.1693999527974,455.866624992292,14.7521341920024
2021-01-23,41135,309,35990,222,5145,87,39389,232,268882,1492,308271,1724,7,439,63,2244,239,38452,7,1161,481,"Knox County",470313,272.797052175891,0.145786220413086,366.564394350146,65.7009268295794,477.12906085947,14.5786220413086
2021-01-22,40826,178,35768,143,5058,35,39157,176,267390,1173,306547,1349,3,432,-152,2181,327,38213,7,1154,478,"Knox County",470313,288.956503434947,0.143292682926829,286.830259848229,37.8471358435765,463.733726263148,14.3292682926829
2021-01-21,40648,268,35625,195,5023,73,38981,203,266217,1081,305198,1284,11,429,-125,2333,382,37886,6,1147,470,"Knox County",470313,312.557807247514,0.143620989803531,273.009676534563,56.9833281240365,496.052628781258,14.3620989803531
2021-01-20,40380,192,35430,131,4950,61,38778,131,265136,736,303914,867,10,418,-154,2458,336,37504,8,1141,465,"Knox County",470313,317.873416214308,0.147148288973384,184.345318968432,40.8238768649814,522.630673615231,14.7148288973384
2021-01-19,40188,310,35299,195,4889,115,38647,219,264400,957,303047,1176,8,408,-85,2612,387,37168,14,1133,455,"Knox County",470313,334.032867473363,0.15155771195097,250.046245798011,65.9135511882512,555.374824850684,15.155771195097
2021-01-18,39878,129,35104,80,4774,49,38428,87,263443,472,301871,559,7,400,-365,2697,487,36781,4,1119,452,"Knox County",470313,327.866761071882,0.147436712886401,118.857016497524,27.4285422686594,573.447895337786,14.7436712886401
2021-01-17,39749,181,35024,138,4725,43,38341,151,262971,690,301312,841,3,393,-205,3062,383,36294,8,1115,443,"Knox County",470313,333.182370038676,0.153717948717949,178.817085642965,38.4850089195918,651.055786252985,15.3717948717949
2021-01-16,39568,421,34886,340,4682,81,38190,389,262281,1757,300471,2146,1,390,9,3267,411,35911,7,1107,437,"Knox County",470313,356.996298209916,0.164923376307468,456.291873709636,89.5148550008186,694.643779780699,16.4923376307468
2021-01-15,39147,187,34546,149,4601,38,37801,153,260524,755,298325,908,0,389,-95,3258,282,35500,4,1100,429,"Knox County",470313,358.909917437962,0.171314741035857,193.062917673975,39.7607550716225,692.730160552653,17.1314741035857
2021-01-14,38960,338,34397,267,4563,71,37648,290,259769,1479,297417,1769,6,389,-91,3353,423,35218,7,1096,419,"Knox County",470313,373.793622544986,0.171788047423179,376.132490490376,71.867033231061,712.929474626472,17.1788047423179
2021-01-13,38622,249,34130,201,4492,48,37358,206,258290,946,295648,1152,12,383,-249,3444,486,34795,6,1089,412,"Knox County",470313,385.913210989277,0.174833352824231,244.943261189888,52.9434653092728,732.278291265604,17.4833352824231
2021-01-12,38373,332,33929,261,4444,71,37152,283,257344,1181,294496,1464,10,371,-176,3693,498,34309,6,1083,410,"Knox County",470313,390.590946880056,0.176377418259984,311.282061095483,70.5912870790304,785.221756574877,17.6377418259984
2021-01-11,38041,244,33668,197,4373,47,36869,228,256163,726,293032,954,4,361,-395,3869,635,33811,5,1077,405,"Knox County",470313,415.042748127311,0.184102230885857,202.843638172876,51.8803435159139,822.64364370111,18.4102230885857
2021-01-10,37797,328,33471,205,4326,123,36641,222,255437,1013,292078,1235,5,357,-6,4264,329,33176,17,1072,399,"Knox County",470313,446.298528852062,0.183942667220607,262.591082959646,69.7407896443432,906.630265376462,18.3942667220607
2021-01-09,37469,475,33266,393,4203,82,36419,426,254424,1384,290843,1810,5,352,101,4270,369,32847,12,1055,393,"Knox County",470313,457.780244220338,0.194575979337064,384.850089195918,100.996570369095,907.906011528493,19.4575979337064
2021-01-08,36994,459,32873,371,4121,88,35993,392,253040,1432,289033,1824,7,347,267,4169,185,32478,6,1043,391,"Knox County",470313,515.614069779062,0.200528996865204,387.826830217323,97.5945806303462,886.430951302643,20.0528996865204
2021-01-07,36535,389,32502,346,4033,43,35601,354,251608,1309,287209,1663,10,340,73,3902,306,32293,10,1037,383,"Knox County",470313,526.457912071323,0.208968521084934,353.594308471167,82.7108755233217,829.660247537278,20.8968521084934
2021-01-06,36146,497,32156,363,3990,134,35247,378,250299,1187,285546,1565,9,330,61,3829,427,31987,15,1027,380,"Knox County",470313,579.188753021924,0.217118402282454,332.757121321333,105.674306259874,814.138669354239,21.7118402282454
2021-01-05,35649,520,31793,327,3856,193,34869,345,249112,1193,283981,1538,14,321,32,3768,474,31560,14,1012,371,"Knox County",470313,619.162132452218,0.221456228161299,327.016263637195,110.564666509325,801.16858347526,22.1456228161299
2021-01-04,35129,322,31466,228,3663,94,34524,249,247919,654,282443,903,6,307,-222,3736,538,31086,6,998,365,"Knox County",470313,635.746832428617,0.224520781932055,191.999795880616,68.4650434923126,794.364603997763,22.4520781932055
2021-01-03,34807,285,31238,182,3569,103,34275,195,247265,608,281540,803,2,301,-15,3958,298,30548,10,992,357,"Knox County",470313,626.60398500573,0.231446665347318,170.737360013438,60.5979422214568,841.567211622898,23.1446665347318
2021-01-02,34522,422,31056,319,3466,103,34080,345,246657,1095,280737,1440,0,299,105,3973,317,30250,22,982,348,"Knox County",470313,615.334893996126,0.231922760887428,306.179076487361,89.7274793594904,844.756577002974,23.1922760887428
2021-01-01,34100,419,30737,349,3363,70,33735,374,245562,1297,279297,1671,2,299,2,3868,415,29933,7,960,344,"Knox County",470313,606.829919649255,0.233747260774288,355.295303340541,89.089606283475,822.431019342438,23.3747260774288
2020-12-31,33681,448,30388,311,3293,137,33361,322,244265,929,277626,1251,12,297,0,3866,436,29518,8,953,338,"Knox County",470313,619.37475681089,0.240758913967942,265.993072698394,95.2557126849566,822.005770625094,24.0758913967942
2020-12-30,33233,363,30077,248,3156,115,33039,271,243336,931,276375,1202,6,285,-146,3866,503,29082,9,945,335,"Knox County",470313,590.883092748871,0.238533151680291,255.574479123477,77.1826421978555,822.005770625094,23.8533151680291
2020-12-29,32870,590,29829,398,3041,192,32768,420,242405,1081,275173,1501,7,279,110,4012,473,28579,14,936,331,"Knox County",470313,605.766797855896,0.248090297571543,319.149162366339,125.448371616349,853.048926991174,24.8090297571543
2020-12-28,32280,252,29431,174,2849,78,32348,185,241324,565,273672,750,4,272,-331,3902,579,28106,4,922,323,"Knox County",470313,590.883092748871,0.245068461359944,159.468269003834,53.5813383852881,829.660247537278,24.5068461359944
2020-12-27,32028,230,29257,156,2771,74,32163,172,240759,489,272922,661,3,268,-74,4233,301,27527,8,918,318,"Knox County",470313,579.188753021924,0.246460594620104,140.544701082045,48.903602494509,900.038910257637,24.6460594620104
2020-12-26,31798,358,29101,288,2697,70,31991,328,240270,1064,272261,1392,0,265,59,4307,299,27226,10,910,311,"Knox County",470313,565.58079406693,0.245847176079734,295.973107271115,76.1195204044966,915.773112799348,24.5847176079734
2020-12-25,31440,353,28813,287,2627,66,31663,308,239206,1070,270869,1378,1,265,-101,4248,453,26927,5,900,306,"Knox County",470313,551.547586394592,0.246588813767671,292.99636624971,75.0563986111377,903.228275637714,24.6588813767671
2020-12-24,31087,351,28526,277,2561,74,31355,311,238136,1273,269491,1584,5,264,-111,4349,457,26474,8,895,299,"Knox County",470313,530.92302360343,0.235592820028342,336.796984136097,74.6311498937941,924.703335863563,23.5592820028342
2020-12-23,30736,472,28249,351,2487,121,31044,371,236863,1411,267907,1782,6,259,-15,4460,481,26017,9,887,292,"Knox County",470313,554.099078698654,0.231542882404951,378.896607153109,100.358697293079,948.304639676131,23.1542882404951
2020-12-22,30264,530,27898,392,2366,138,30673,432,235452,1470,266125,1902,7,253,-25,4475,548,25536,15,878,285,"Knox County",470313,541.341617178347,0.222986559424278,404.411530193722,112.690910096042,951.494005056207,22.2986559424278
2020-12-21,29734,442,27506,361,2228,81,30241,391,233982,1423,264223,1814,2,246,-138,4500,578,24988,5,863,279,"Knox County",470313,581.740245325985,0.22001331684581,385.700586630606,93.9799665329259,956.809614023002,22.001331684581
2020-12-20,29292,514,27145,431,2147,83,29850,478,232559,2245,262409,2723,2,244,234,4638,278,24410,7,858,276,"Knox County",470313,642.12556318877,0.208270377733598,578.976128663252,109.288920357294,986.151775519707,20.8270377733598
2020-12-19,28778,525,26714,441,2064,84,29372,489,230314,1445,259686,1934,6,242,253,4404,266,24132,13,851,270,"Knox County",470313,677.633831086957,0.211938705496684,411.215509671219,111.627788302684,936.397675590511,21.1938705496684
2020-12-18,28253,480,26273,420,1980,60,28883,430,228869,1359,257752,1789,4,236,98,4151,378,23866,11,838,263,"Knox County",470313,704.637124638273,0.214518036664695,380.384977663811,102.059692162454,882.603712846551,21.4518036664695
2020-12-17,27773,733,25853,634,1920,99,28453,663,227510,1898,255963,2561,11,232,288,4053,434,23488,11,827,257,"Knox County",470313,785.859629650892,0.224336435711824,544.530982558424,155.853654906413,861.766525696717,22.4336435711824
2020-12-16,27040,564,25219,452,1821,112,27790,472,225612,1729,253402,2201,8,221,99,3765,457,23054,11,816,253,"Knox County",470313,805.421070648696,0.224805682122755,467.986213436584,119.920138290883,800.530710399245,22.4805682122755
2020-12-15,26476,765,24767,675,1709,90,27318,716,223883,2415,251201,3131,2,213,324,3666,439,22597,15,805,249,"Knox County",470313,855.387794936564,0.225283229121525,665.726867001337,162.65763438391,779.480898890739,22.5283229121525
2020-12-14,25711,472,24092,411,1619,61,26602,462,221468,1624,248070,2086,6,211,-12,3342,478,22158,7,790,241,"Knox County",470313,861.766525696717,0.225875190258752,443.534412189329,100.358697293079,710.590606681083,22.5875190258752
2020-12-13,25239,627,23681,571,1558,56,26140,757,219844,2935,245984,3692,2,205,398,3354,227,21680,10,783,234,"Knox County",470313,885.793078226628,0.2293319535472,785.009132216205,133.315472887205,713.142098985144,22.93319535472
2020-12-12,24612,464,23110,392,1502,72,25383,454,216909,2172,242292,2626,3,203,183,2956,278,21453,19,773,228,"Knox County",470313,872.822992347649,0.218622138670795,558.351565872089,98.6577024237051,628.517604233776,21.8622138670795
2020-12-11,24148,557,22718,523,1430,34,24929,430,214737,1407,239666,1837,6,200,281,2773,270,21175,10,754,224,"Knox County",470313,889.195067965376,0.218043454284769,390.590946880056,118.43176778018,589.607346596841,21.8043454284769
2020-12-10,23591,473,22195,414,1396,59,24499,540,213330,1910,237829,2450,8,194,325,2492,140,20905,9,744,222,"Knox County",470313,833.912734710714,0.212561726682572,520.929678745856,100.571321651751,529.859901810071,21.2561726682572
2020-12-09,23118,407,21781,337,1337,70,23959,359,211420,924,235379,1283,2,186,77,2167,328,20765,13,735,212,"Knox County",470313,800.530710399245,0.217363344051447,272.797052175891,86.5381139794137,460.756985241743,21.7363344051447
2020-12-08,22711,491,21444,445,1267,46,23600,540,210496,2077,234096,2617,9,184,126,2090,356,20437,9,722,209,"Knox County",470313,742.271636123178,0.213489241154843,556.437946644043,104.398560107843,444.384909624016,21.3489241154843
2020-12-07,22220,323,20999,271,1221,52,23060,317,208419,1135,231479,1452,3,175,-128,1964,448,20081,6,713,207,"Knox County",470313,710.590606681083,0.212884627436235,308.730568791422,68.6776678509843,417.594240431372,21.2884627436235
2020-12-06,21897,332,20728,291,1169,41,22743,187,207284,668,230027,855,6,172,103,2092,223,19633,6,707,204,"Knox County",470313,647.866420872908,0.21547256097561,181.79382666437,70.5912870790304,444.81015834136,21.547256097561
2020-12-05,21565,289,20437,263,1128,26,22556,213,206616,714,229172,927,2,166,55,1989,232,19410,8,701,200,"Knox County",470313,610.657158105347,0.226425006566851,197.102780488738,61.4484396561439,422.909849398167,22.6425006566851
2020-12-04,21276,354,20174,321,1102,33,22343,297,205902,1091,228245,1388,5,164,17,1934,332,19178,11,693,198,"Knox County",470313,567.494413294976,0.223569084943493,295.122609836428,75.2690229698095,411.215509671219,22.3569084943493
2020-12-03,20922,441,19853,424,1069,17,22046,448,204811,1215,226857,1663,2,159,180,1917,259,18846,10,682,193,"Knox County",470313,560.690433817479,0.231811487481591,353.594308471167,93.7673421742542,407.600895573799,23.1811487481591
2020-12-02,20481,192,19429,170,1052,22,21598,185,203596,575,225194,760,2,157,-146,1737,336,18587,7,672,191,"Knox County",470313,514.976196703047,0.226350652038915,161.594512590551,40.8238768649814,369.328511012879,22.6350652038915
2020-12-01,20289,403,19259,380,1030,23,21413,409,203021,1832,224434,2241,5,155,87,1883,311,18251,7,665,186,"Knox County",470313,496.26525313993,0.221408572043937,476.491187783455,85.6876165447266,400.371667378958,22.1408572043937
2020-11-30,19886,385,18879,371,1007,14,21004,436,201189,1815,222193,2251,1,150,24,1796,360,17940,3,658,183,"Knox County",470313,509.44796337758,0.215666831928607,478.617431370173,81.8603780886346,381.873348174514,21.5666831928607
2020-11-29,19501,226,18508,217,993,9,20568,261,199374,1465,219942,1726,0,149,40,1772,186,17580,5,655,180,"Knox County",470313,486.909781358372,0.205275648046732,366.989643067489,48.0531050598219,376.770363566391,20.5275648046732
2020-11-28,19275,271,18291,257,984,14,20307,299,197909,1967,218216,2266,0,149,73,1732,198,17394,8,650,174,"Knox County",470313,483.08254290228,0.189914599430663,481.806796750249,57.6212012000519,368.26538921952,18.9914599430663
2020-11-27,19004,235,18034,215,970,20,20008,249,195942,1247,215950,1496,3,149,-6,1659,238,17196,12,642,170,"Knox County",470313,457.780244220338,0.184390873175845,318.08604057298,49.9667242878679,352.74381103648,18.4390873175845
2020-11-26,18769,344,17819,341,950,3,19759,441,194695,1429,214454,1870,4,146,48,1665,292,16958,5,630,168,"Knox County",470313,437.155681429176,0.18080888183981,397.607550716225,73.1427793830917,354.019557188511,18.080888183981
2020-11-25,18425,219,17478,193,947,26,19318,123,193266,325,212584,448,0,142,-58,1617,277,16666,3,625,162,"Knox County",470313,442.896539113314,0.180354529191738,95.2557126849566,46.5647345491194,343.813587972265,18.0354529191738
2020-11-24,18206,153,17285,130,921,23,19195,116,192941,673,212136,789,2,142,-111,1675,262,16389,6,622,160,"Knox County",470313,389.740449445369,0.177484787018256,167.760618992033,32.5315268767821,356.145800775228,17.7484787018256
2020-11-23,18053,167,17155,146,898,21,19079,100,192268,392,211347,492,3,140,-98,1786,262,16127,7,616,158,"Knox County",470313,343.388339254922,0.174865192032574,104.611184466515,35.508267898187,379.747104587796,17.4865192032574
2020-11-22,17886,220,17009,212,877,8,18979,258,191876,1808,210855,2066,2,137,86,1884,132,15865,5,609,151,"Knox County",470313,342.112593102891,0.168240161238994,439.281925015894,46.7773589077912,400.58429173763,16.8240161238994
2020-11-21,17666,173,16797,169,869,4,18721,198,190068,1465,208789,1663,0,135,2,1798,171,15733,4,604,149,"Knox County",470313,321.275405953057,0.168291024478694,353.594308471167,36.7840140502176,382.298596891857,16.8291024478694
2020-11-20,17493,178,16628,169,865,9,18523,163,188603,791,207126,954,7,135,-17,1796,188,15562,5,600,147,"Knox County",470313,309.155817508765,0.168920550591645,202.843638172876,37.8471358435765,381.873348174514,16.8920550591645
2020-11-19,17315,166,16459,148,856,18,18360,128,187812,663,206172,791,2,128,-28,1813,192,15374,4,595,143,"Knox County",470313,271.308681665189,0.150770512286547,168.185867709377,35.2956435395152,385.487962271934,15.0770512286547
2020-11-18,17149,168,16311,162,838,6,18232,179,187149,875,205381,1054,0,126,-9,1841,177,15182,7,591,138,"Knox County",470313,260.464839372928,0.146241516199257,224.106074040054,35.7208922568587,391.441444314744,14.6241516199257
2020-11-17,16981,248,16149,240,832,8,18053,260,186274,1033,204327,1293,9,126,86,1850,153,15005,6,584,137,"Knox County",470313,280.664153446747,0.154697461806809,274.923295762609,52.730840950601,393.35506354279,15.4697461806809
2020-11-16,16733,272,15909,261,824,11,17793,286,185241,1409,203034,1695,2,117,79,1764,191,14852,6,578,136,"Knox County",470313,302.989711107284,0.154686843211433,360.398287948664,57.8338255587237,375.069368697017,15.4686843211433
2020-11-15,16461,274,15648,247,813,27,17507,295,183832,2278,201339,2573,2,115,162,1685,110,14661,3,572,134,"Knox County",470313,314.47142647556,0.150553726429213,547.082474862485,58.2590742760672,358.272044361946,15.0553726429213
2020-11-14,16187,306,15401,293,786,13,17212,321,181554,1699,198766,2020,0,113,188,1523,118,14551,7,569,130,"Knox County",470313,342.750466178906,0.157225433526012,429.501204516992,65.0630537535641,323.826898257118,15.7225433526012
2020-11-13,15881,219,15108,200,773,19,16891,190,179855,965,196746,1155,4,113,73,1335,142,14433,6,562,127,"Knox County",470313,351.468064884449,0.156790473490218,245.581134265904,46.5647345491194,283.853518826824,15.6790473490218
2020-11-12,15662,143,14908,130,754,13,16701,136,178890,955,195591,1091,1,109,-3,1262,145,14291,3,556,126,"Knox County",470313,346.577704634998,0.153202830622185,231.97317531091,30.4052832900643,268.331940643784,15.3202830622185
2020-11-11,15519,191,14778,177,741,14,16565,191,177935,1229,194500,1420,3,108,23,1265,165,14146,7,553,124,"Knox County",470313,351.468064884449,0.149284253578732,301.926589313925,40.6112525063096,268.969813719799,14.9284253578732
2020-11-10,15328,168,14601,163,727,5,16374,186,176706,1131,193080,1317,2,105,24,1242,142,13981,4,546,123,"Knox County",470313,334.458116190707,0.142400851743412,280.026280370732,35.7208922568587,264.079453470348,14.2400851743412
2020-11-09,15160,135,14438,121,722,14,16188,131,175575,490,191763,621,1,103,-16,1218,150,13839,2,542,121,"Knox County",470313,305.328579052673,0.142198685888006,132.039726735174,28.7042884206901,258.976468862226,14.2198685888006
2020-11-08,15025,215,14317,203,708,12,16057,252,175085,2625,191142,2877,1,102,94,1234,120,13689,3,540,119,"Knox County",470313,292.783741891039,0.133987239310542,611.720279898706,45.7142371144323,262.378458600974,13.3987239310542
2020-11-07,14810,169,14114,161,696,8,15805,187,172460,1918,188265,2105,1,101,59,1140,109,13569,5,537,114,"Knox County",470313,263.654204753005,0.120253164556962,447.574275004093,35.9335166155305,242.391768885827,12.0253164556962
2020-11-06,14641,155,13953,138,688,17,15618,160,170542,1236,186160,1396,0,100,24,1081,131,13460,5,532,114,"Knox County",470313,250.046245798011,0.114805578645978,296.823604705802,32.9567755941256,229.846931724192,11.4805578645978
2020-11-05,14486,158,13815,142,671,16,15458,151,169306,613,184764,764,1,100,33,1057,124,13329,6,527,111,"Knox County",470313,253.235611178088,0.119809523809524,162.445010025239,33.5946486701409,224.74394711607,11.9809523809524
2020-11-04,14328,145,13673,132,655,13,15307,148,168693,934,184000,1082,-1,99,20,1024,126,13205,5,521,110,"Knox County",470313,243.454890679186,0.119563078134226,230.059556082864,30.8305320074078,217.727343279901,11.9563078134226
2020-11-03,14183,196,13541,183,642,13,15159,195,167759,836,182918,1031,3,100,45,1004,148,13079,5,516,108,"Knox County",470313,249.408372721996,0.123936816524909,219.215713790603,41.6743742996685,213.474856106465,12.3936816524909
2020-11-02,13987,116,13358,110,629,6,14964,115,166923,807,181887,922,1,97,-36,959,151,12931,2,511,107,"Knox County",470313,245.368509907232,0.118699027218237,196.039658695379,24.6644256059263,203.906759966235,11.8699027218237
2020-11-01,13871,124,13248,116,623,8,14849,131,166116,1273,180965,1404,0,96,14,995,110,12780,3,509,105,"Knox County",470313,226.0196932681,0.124885110294118,298.524599575177,26.3654204753005,211.561236878419,12.4885110294118
2020-10-31,13747,5,13132,5,615,0,14718,7,164843,4,179561,11,0,96,-99,981,104,12670,0,506,103,"Knox County",470313,191.149298445929,0.137216338880484,2.33886794538956,1.06312179335889,208.584495857014,13.7216338880484
2020-10-30,13742,156,13127,146,615,10,14711,148,164839,853,179550,1001,1,96,27,1080,128,12566,4,506,102,"Knox County",470313,191.3619228046,0.144006436041834,212.83698303045,33.1693999527974,229.63430736552,14.4006436041834
2020-10-29,13586,152,12981,138,605,14,14563,136,163986,1569,178549,1705,0,95,49,1053,103,12438,4,502,102,"Knox County",470313,190.08617665257,0.122973728339855,362.524531535382,32.3189025181103,223.893449681382,12.2973728339855
2020-10-28,13434,103,12843,96,591,7,14427,102,162417,1055,176844,1157,3,95,-47,1004,147,12335,8,498,101,"Knox County",470313,181.155953588355,0.115336744571982,246.006382983247,21.9003089431931,213.474856106465,11.5336744571982
2020-10-27,13331,119,12747,113,584,6,14325,127,161362,799,175687,926,1,92,-6,1051,124,12188,3,490,100,"Knox County",470313,164.783877970628,0.107493685096829,196.890156130067,25.3022986819416,223.468200964039,10.7493685096829
2020-10-26,13212,81,12634,74,578,7,14198,73,160563,372,174761,445,2,91,-72,1057,151,12064,1,487,98,"Knox County",470313,157.342025417116,0.108888554669875,94.6178396089413,17.222573052414,224.74394711607,10.8888554669875
2020-10-25,13131,132,12560,121,571,11,14125,151,160191,1365,174316,1516,0,89,53,1129,79,11913,3,486,98,"Knox County",470313,159.04302028649,0.110042893063156,322.338527746416,28.0664153446747,240.052900940438,11.0042893063156
2020-10-24,12999,172,12439,167,560,5,13974,202,158826,1789,172800,1991,0,89,56,1076,116,11834,5,483,97,"Knox County",470313,194.551288184677,0.107424779773481,423.33509811551,36.5713896915458,228.783809930833,10.7424779773481
2020-10-23,12827,159,12272,148,555,11,13772,172,157037,1239,170809,1411,1,89,39,1020,119,11718,5,478,96,"Knox County",470313,195.189161260692,0.105234400611955,300.012970085879,33.8072730288127,216.876845845214,10.5234400611955
2020-10-22,12668,182,12124,168,544,14,13600,169,155798,1607,169398,1776,1,88,59,981,122,11599,5,473,96,"Knox County",470313,201.567892020846,0.108002602472349,377.620861001078,38.6976332782636,208.584495857014,10.8002602472349
2020-10-21,12486,72,11956,68,530,4,13431,74,154191,682,167622,756,0,87,-32,922,104,11477,1,468,96,"Knox County",470313,194.976536902021,0.109738124929146,160.744015155864,15.308953824368,196.039658695379,10.9738124929146
2020-10-20,12414,127,11888,121,526,6,13357,150,153509,739,166866,889,0,87,13,954,114,11373,7,467,95,"Knox County",470313,196.677531771395,0.112818761384335,189.023054859211,27.0032935513158,202.843638172876,11.2818761384335
2020-10-19,12287,112,11767,107,520,5,13207,117,152770,939,165977,1056,1,87,-9,941,120,11259,6,460,94,"Knox County",470313,203.26888689022,0.110164981373071,224.531322757398,23.8139281712392,200.079521510143,11.0164981373071
2020-10-18,12175,140,11660,135,515,5,13090,168,151831,1431,164921,1599,0,86,51,950,89,11139,7,454,94,"Knox County",470313,204.969881759594,0.11099388056552,339.986349516173,29.7674102140489,201.993140738189,11.099388056552
2020-10-17,12035,128,11525,125,510,3,12922,154,150400,1458,163322,1612,1,86,42,899,85,11050,3,447,93,"Knox County",470313,195.614409978036,0.110341795801736,342.750466178906,27.2159179099876,191.149298445929,11.0341795801736
2020-10-16,11907,72,11400,71,507,1,12768,61,148942,390,161710,451,1,85,-26,857,97,10965,3,444,92,"Knox County",470313,177.116090773591,0.109718638653397,95.893585760972,15.308953824368,182.219075381714,10.9718638653397
2020-10-15,11835,74,11329,62,506,12,12707,66,148552,941,161259,1007,1,84,-56,883,129,10868,3,441,90,"Knox County",470313,154.152660037039,0.10719131614654,214.112729182481,15.7342025417116,187.74730870718,10.719131614654
2020-10-14,11761,149,11267,143,494,6,12641,150,147611,1086,160252,1236,0,83,58,939,91,10739,5,438,88,"Knox County",470313,170.524735654766,0.11031847133758,262.803707318318,31.6810294420949,199.6542727928,11.031847133758
2020-10-13,11612,71,11124,68,488,3,12491,63,146525,581,159016,644,1,83,-36,881,106,10648,6,433,88,"Knox County",470313,158.617771569146,0.102432610124918,136.930086984625,15.0963294656962,187.322059989837,10.2432610124918
2020-10-12,11541,79,11056,66,485,13,12428,87,145944,806,158372,893,0,82,-42,917,121,10542,5,427,87,"Knox County",470313,151.601167732978,0.100644987906477,189.873552293898,16.7973243350705,194.976536902021,10.0644987906477
2020-10-11,11462,170,10990,163,472,7,12341,179,145138,1612,157479,1791,0,82,94,959,76,10421,8,422,85,"Knox County",470313,157.979898493131,0.0995546240503013,380.810226381155,36.1461409742023,203.906759966235,9.95546240503013
2020-10-10,11292,130,10827,122,465,8,12162,132,143526,1393,155688,1525,0,82,46,865,84,10345,3,414,85,"Knox County",470313,158.405147210475,0.0977872002120048,324.252146974462,27.6411666273312,183.920070251088,9.77872002120048
2020-10-09,11162,120,10705,118,457,2,12030,134,142133,1336,154163,1470,0,82,34,819,86,10261,3,411,85,"Knox County",470313,168.61111642672,0.0946766285314032,312.557807247514,25.5149230406134,174.139349752186,9.46766285314032
2020-10-08,11042,110,10587,102,455,8,11896,103,140797,943,152693,1046,1,82,32,785,77,10175,4,408,85,"Knox County",470313,176.265593338904,0.0985473561882626,222.40507917068,23.3886794538956,166.910121557346,9.85473561882626
2020-10-07,10932,104,10485,88,447,16,11793,95,139854,1650,151647,1745,0,81,11,753,93,10098,5,404,85,"Knox County",470313,166.697497198674,0.087008997147246,371.029505882253,22.1129333018649,160.106142079849,8.7008997147246
2020-10-06,10828,115,10397,102,431,13,11698,114,138204,1393,149902,1507,0,81,3,742,112,10005,4,399,84,"Knox County",470313,176.052968980232,0.0845945675052621,320.42490851837,24.4518012472545,157.767274134459,8.45945675052621
2020-10-05,10713,118,10295,109,418,9,11584,123,136811,1238,148395,1361,0,81,11,739,107,9893,5,395,84,"Knox County",470313,184.345318968432,0.0842508377213978,289.38175215229,25.0896743232698,157.129401058444,8.42508377213978
2020-10-04,10595,96,10186,89,409,7,11461,99,135573,1827,147034,1926,1,81,31,728,64,9786,2,390,82,"Knox County",470313,168.61111642672,0.0756143667296786,409.514514801845,20.4119384324907,154.790533113054,7.56143667296786
2020-10-03,10499,77,10097,76,402,1,11362,92,133746,1864,145108,1956,0,80,6,697,71,9722,2,388,82,"Knox County",470313,157.342025417116,0.0690218872037054,415.893245561998,16.3720756177269,148.199177994229,6.90218872037054
2020-10-02,10422,82,10021,79,401,3,11270,82,131882,602,143152,684,0,80,-17,691,99,9651,1,386,82,"Knox County",470313,149.262299787588,0.0692420537897311,145.435061331496,17.4351974110858,146.923431842199,6.92420537897311
2020-10-01,10340,71,9942,68,398,3,11188,73,131280,683,142468,756,0,80,2,708,69,9552,1,385,82,"Knox County",470313,140.969949799389,0.0682435832913941,160.744015155864,15.0963294656962,150.538045939619,6.82435832913941
2020-09-30,10269,75,9874,72,395,3,11115,70,130597,675,141712,745,1,80,-32,706,106,9483,2,384,82,"Knox County",470313,134.803843397907,0.0730833799664242,158.405147210475,15.9468269003834,150.112797222275,7.30833799664242
2020-09-29,10194,80,9802,75,392,5,11045,87,129922,1140,140967,1227,-1,79,-16,738,97,9377,2,382,82,"Knox County",470313,127.361990844395,0.0723281340265742,260.890088090272,17.0099486937423,156.916776699772,7.23281340265742
2020-09-28,10114,57,9727,51,387,6,10958,49,128782,431,139740,480,1,80,-70,754,126,9280,3,380,81,"Knox County",470313,114.391904965417,0.0710059171597633,102.059692162454,12.1195884442914,160.318766438521,7.10059171597633
2020-09-27,10057,72,9676,67,381,5,10909,79,128351,978,139260,1057,0,79,-18,824,90,9154,3,377,79,"Knox County",470313,109.288920357294,0.0770456191165822,224.74394711607,15.308953824368,175.202471545545,7.70456191165822
2020-09-26,9985,126,9609,121,376,5,10830,136,127373,2087,138203,2223,4,79,8,842,114,9064,5,374,79,"Knox County",470313,119.707513932211,0.0803123257110987,472.663949327363,26.790669192644,179.029710001637,8.03123257110987
2020-09-25,9859,102,9488,100,371,2,10694,103,125286,1439,135980,1542,0,75,-3,834,105,8950,1,369,79,"Knox County",470313,123.960001105647,0.074346201743462,327.866761071882,21.6876845845214,177.328715132263,7.4346201743462
2020-09-24,9757,92,9388,89,369,3,10591,105,123847,1717,134438,1822,0,75,-52,837,144,8845,3,368,76,"Knox County",470313,128.425112637754,0.0691512752858399,387.40158149998,19.5614409978036,177.966588208278,6.91512752858399
2020-09-23,9665,53,9299,52,366,1,10486,49,122130,432,132616,481,2,75,-123,889,174,8701,2,365,76,"Knox County",470313,123.747376746975,0.0688405797101449,102.272316521125,11.2690910096042,189.023054859211,6.88405797101449
2020-09-22,9612,82,9247,75,365,7,10437,88,121698,1140,132135,1228,1,73,-53,1012,134,8527,3,363,76,"Knox County",470313,124.172625464318,0.0689459979621873,261.102712448944,17.4351974110858,215.175850975839,6.89459979621873
2020-09-21,9530,34,9172,30,358,4,10349,32,120558,379,130907,411,0,72,-103,1065,137,8393,2,360,76,"Knox County",470313,119.282265214868,0.0675490643541762,87.3886114141008,7.22922819484046,226.444941985444,6.75490643541762
2020-09-20,9496,97,9142,78,354,19,10317,88,120179,707,130496,795,0,72,-17,1168,114,8256,1,358,76,"Knox County",470313,124.597874181662,0.0706892495883322,169.036365144064,20.6245627911625,248.345250928637,7.06892495883322
2020-09-19,9399,132,9064,129,335,3,10229,136,119472,1466,129701,1602,1,72,31,1185,100,8142,5,357,74,"Knox County",470313,125.873620333693,0.0762593579494988,340.624222592189,28.0664153446747,251.959865026057,7.62593579494988
2020-09-18,9267,118,8935,114,332,4,10093,129,118006,1606,128099,1735,3,71,-16,1154,131,8042,3,352,74,"Knox County",470313,129.275610072441,0.0776566757493188,368.903262295535,25.0896743232698,245.368509907232,7.76566757493188
2020-09-17,9149,126,8821,119,328,7,9964,124,116400,1516,126364,1640,0,68,-15,1170,141,7911,6,349,74,"Knox County",470313,136.504838267282,0.0818550430816016,348.703948221716,26.790669192644,248.77049964598,8.18550430816016
2020-09-16,9023,99,8702,77,321,22,9840,117,114884,768,124724,885,1,68,-90,1185,188,7770,3,343,72,"Knox County",470313,146.285558766183,0.0860655737704918,188.172557424524,21.049811508506,251.959865026057,8.60655737704918
2020-09-15,8924,132,8625,126,299,6,9723,136,114116,1338,123839,1474,0,67,-65,1275,197,7582,3,340,71,"Knox County",470313,156.916776699772,0.089206274877078,313.408304682201,28.0664153446747,271.096057306517,8.9206274877078
2020-09-14,8792,127,8499,124,293,3,9587,136,112778,902,122365,1038,0,67,-68,1340,195,7385,5,337,71,"Knox County",470313,176.690842056248,0.0944486857890719,220.704084301306,27.0032935513158,284.916640620183,9.44486857890719
2020-09-13,8665,143,8375,136,290,7,9451,148,111876,1008,121327,1156,0,67,-8,1408,151,7190,0,332,71,"Knox County",470313,186.471562555149,0.0971668415529906,245.793758624576,30.4052832900643,299.375097009864,9.71668415529906
2020-09-12,8522,130,8239,123,283,7,9303,141,110868,1177,120171,1318,1,67,29,1416,100,7039,1,332,71,"Knox County",470313,186.046313837806,0.100692191217824,280.238904729404,27.6411666273312,301.076091879238,10.0692191217824
2020-09-11,8392,104,8116,95,276,9,9162,106,109691,773,118853,879,0,66,-17,1387,121,6939,5,331,69,"Knox County",470313,183.069572816401,0.108224076281287,186.896811272493,22.1129333018649,294.909985477756,10.8224076281287
2020-09-10,8288,192,8021,189,267,3,9056,192,108918,1501,117974,1693,0,66,89,1404,103,6818,5,326,67,"Knox County",470313,197.102780488738,0.115598720833827,359.97303923132,40.8238768649814,298.524599575177,11.5598720833827
2020-09-09,8096,91,7832,82,264,9,8864,93,107417,1710,116281,1803,0,66,-23,1315,114,6715,2,321,67,"Knox County",470313,195.401785619364,0.101698536481145,383.361718685216,19.3488166391318,279.601031653388,10.1698536481145
2020-09-08,8005,126,7750,124,255,2,8771,133,105707,702,114478,835,1,66,30,1338,95,6601,8,319,67,"Knox County",470313,194.126039467333,0.108805319880761,177.541339490935,26.790669192644,284.491391902839,10.8805319880761
2020-09-07,7879,95,7626,92,253,3,8638,98,105005,347,113643,445,1,65,11,1308,83,6506,0,311,67,"Knox County",470313,187.322059989837,0.112067905031369,94.6178396089413,20.1993140738189,278.112661142686,11.2067905031369
2020-09-06,7784,96,7534,92,250,4,8540,94,104658,476,113198,570,0,64,23,1297,73,6423,1,311,67,"Knox County",470313,177.328715132263,0.113615272438022,121.195884442914,20.4119384324907,275.773793197296,11.3615272438022
2020-09-05,7688,284,7442,282,246,2,8446,295,104182,1506,112628,1801,0,64,215,1274,69,6350,4,310,64,"Knox County",470313,210.072866367717,0.125965611761774,382.936469967872,60.385317862785,270.883432947845,12.5965611761774
2020-09-04,7404,93,7160,89,244,4,8151,97,102676,565,110827,662,1,64,16,1059,76,6281,0,306,64,"Knox County",470313,207.733998422327,0.12831348444103,140.757325440717,19.7740653564754,225.169195833413,12.831348444103
2020-09-03,7311,190,7071,184,240,6,8054,198,102111,1798,110165,1996,2,63,107,1043,81,6205,6,306,64,"Knox County",470313,207.308749704984,0.124260355029586,424.398219908869,40.3986281476379,221.767206094665,12.4260355029586
2020-09-02,7121,124,6887,120,234,4,7856,121,100313,1461,108169,1582,2,61,40,936,82,6124,5,300,63,"Knox County",470313,214.325353541152,0.131288810036751,336.371735418753,26.3654204753005,199.016399716784,13.1288810036751
2020-09-01,6997,153,6767,146,230,7,7735,158,98852,660,106587,818,2,59,64,896,87,6042,4,295,62,"Knox County",470313,220.06621122529,0.134747269494539,173.926725393515,32.5315268767821,190.511425369913,13.4747269494539
2020-08-31,6844,99,6621,93,223,6,7577,94,98192,431,105769,525,0,57,18,832,81,5955,3,291,59,"Knox County",470313,220.916708659978,0.132889112396279,111.627788302684,21.049811508506,176.903466414919,13.2889112396279
2020-08-30,6745,72,6528,71,217,1,7483,76,97761,423,105244,499,1,57,5,814,66,5874,1,288,59,"Knox County",470313,215.813724051855,0.131802613218318,106.099554977217,15.308953824368,173.076227958827,13.1802613218318
2020-08-29,6673,118,6457,113,216,5,7407,125,97338,1391,104745,1516,5,56,37,809,76,5808,3,287,57,"Knox County",470313,180.51808051234,0.114372203211371,322.338527746416,25.0896743232698,172.013106165469,11.4372203211371
2020-08-28,6555,89,6344,85,211,4,7282,91,95947,309,103229,400,0,51,-7,772,96,5732,3,284,57,"Knox County",470313,179.667583077653,0.117639040348964,85.0497434687113,18.9235679217883,164.146004894613,11.7639040348964
2020-08-27,6466,116,6259,112,207,4,7191,134,95638,1987,102829,2121,0,51,24,779,92,5636,2,281,57,"Knox County",470313,163.933380535941,0.107090202385739,450.976264742841,24.6644256059263,165.634375405315,10.7090202385739
2020-08-26,6350,77,6147,76,203,1,7057,86,93651,794,100708,880,0,51,-15,755,92,5544,3,279,56,"Knox County",470313,153.940035678367,0.113034472555112,187.109435631165,16.3720756177269,160.531390797193,11.3034472555112
2020-08-25,6273,87,6071,82,202,5,6971,96,92857,896,99828,992,2,51,-6,770,91,5452,3,276,55,"Knox County",470313,139.90682800603,0.101254868022501,210.923363802404,18.4983192044447,163.720756177269,10.1254868022501
2020-08-24,6186,32,5989,28,197,4,6875,29,91961,261,98836,290,0,49,-66,776,98,5361,1,273,55,"Knox County",470313,125.660995975021,0.0951030158256196,61.6610640148157,6.8039794774969,164.9965023293,9.51030158256196
2020-08-23,6154,76,5961,75,193,1,6846,74,91700,566,98546,640,0,49,13,842,63,5263,3,272,55,"Knox County",470313,126.511493409708,0.0928498318467612,136.079589549938,16.1594512590551,179.029710001637,9.28498318467612
2020-08-22,6078,137,5886,136,192,1,6772,154,91134,1892,97906,2046,0,49,70,829,67,5200,4,269,55,"Knox County",470313,130.551356224472,0.0901072058623965,435.029437842458,29.1295371380336,176.265593338904,9.01072058623965
2020-08-21,5941,30,5750,30,191,0,6618,41,89242,262,95860,303,1,49,-62,759,91,5133,1,265,55,"Knox County",470313,118.006519062837,0.0844334433443344,64.4251806775488,6.37873076015334,161.38188823188,8.44334433443344
2020-08-20,5911,119,5720,117,191,2,6577,130,88980,2068,95557,2198,3,48,24,821,92,5042,3,264,55,"Knox County",470313,118.644392138852,0.0830044904068581,467.348340360568,25.3022986819416,174.56459846953,8.30044904068581
2020-08-19,5792,46,5603,41,189,5,6447,48,86912,608,93359,656,2,45,-50,797,94,4950,4,261,55,"Knox County",470313,112.053037020027,0.080280701754386,139.481579288686,9.7807204989018,169.461613861407,8.0280701754386
2020-08-18,5746,134,5562,132,184,2,6399,152,86304,1164,92703,1316,0,43,3,847,131,4856,4,257,55,"Knox County",470313,122.046381877601,0.0843066183380319,279.81365601206,28.4916640620183,180.092831794996,8.43066183380319
2020-08-17,5612,50,5430,42,182,8,6247,50,85140,289,91387,339,1,43,-70,844,119,4725,0,253,54,"Knox County",470313,125.873620333693,0.0865564150440117,72.0796575897328,10.6312179335889,179.454958718981,8.65564150440117
2020-08-16,5562,83,5388,78,174,5,6197,82,84851,587,91048,669,0,42,11,914,72,4606,1,253,53,"Knox County",470313,127.361990844395,0.0872857712235951,142.24569595142,17.6478217697576,194.338663826005,8.72857712235951
2020-08-15,5479,119,5310,116,169,3,6115,132,84264,1223,90379,1355,1,42,42,903,76,4534,2,252,52,"Knox County",470313,123.534752388303,0.0928905792861322,288.106006000259,25.3022986819416,191.999795880616,9.28905792861323
2020-08-14,5360,91,5194,83,166,8,5983,96,83041,1024,89024,1120,0,41,5,861,86,4458,2,250,52,"Knox County",470313,136.504838267282,0.0901607212857703,238.139281712392,19.3488166391318,183.069572816401,9.01607212857703
2020-08-13,5269,127,5111,126,158,1,5887,229,82017,1778,87904,2007,1,41,13,856,113,4372,4,248,51,"Knox County",470313,138.205833136656,0.105735727686947,426.737087854259,27.0032935513158,182.006451023042,10.5735727686947
2020-08-12,5142,79,4985,72,157,7,5658,88,80239,892,85897,980,0,40,-40,843,119,4259,1,244,50,"Knox County",470313,145.222436972824,0.106473156948369,208.371871498343,16.7973243350705,179.242334360309,10.6473156948369
2020-08-11,5063,111,4913,108,150,3,5570,117,79347,1121,84917,1238,0,40,2,883,109,4140,5,243,50,"Knox County",470313,140.332076723374,0.103009859885833,263.228956035661,23.6013038125674,187.74730870718,10.3009859885833
2020-08-10,4952,37,4805,35,147,2,5453,35,78226,365,83679,400,1,40,-94,881,130,4031,0,238,48,"Knox County",470313,137.56796006064,0.100270305058566,85.0497434687113,7.86710127085579,187.322059989837,10.0270305058566
2020-08-09,4915,85,4770,81,145,4,5418,109,77861,826,83279,935,1,39,25,975,59,3901,4,238,48,"Knox County",470313,137.993208777984,0.10031113876789,198.803775358113,18.0730704871011,207.308749704984,10.031113876789
2020-08-08,4830,157,4689,156,141,1,5309,176,77035,2284,82344,2460,1,38,96,950,60,3842,4,234,47,"Knox County",470313,146.072934407512,0.0929978118161926,523.055922332574,33.3820243114692,201.993140738189,9.29978118161926
2020-08-07,4673,50,4533,46,140,4,5133,44,74751,403,79884,447,0,37,-35,854,85,3782,0,230,45,"Knox County",470313,137.355335701969,0.0942482579426007,95.0430883262848,10.6312179335889,181.581202305699,9.42482579426007
2020-08-06,4623,113,4487,105,136,8,5089,121,74348,1463,79437,1584,-1,37,41,889,73,3697,5,230,43,"Knox County",470313,134.378594680564,0.0857782197911487,336.796984136097,24.0265525299109,189.023054859211,8.57782197911487
2020-08-05,4510,99,4382,99,128,0,4968,100,72885,1107,77853,1207,1,38,-1,848,99,3624,3,225,42,"Knox County",470313,138.631081853999,0.0848748639825898,256.637600916836,21.049811508506,180.305456153668,8.48748639825898
2020-08-04,4411,112,4283,111,128,1,4868,106,71778,1082,76646,1188,1,37,-31,849,142,3525,9,222,41,"Knox County",470313,138.843706212671,0.0840530349105948,252.597738102072,23.8139281712392,180.51808051234,8.40530349105948
2020-08-03,4299,50,4172,50,127,0,4762,81,70696,593,75458,674,2,36,-59,880,107,3383,1,213,41,"Knox County",470313,141.607822875404,0.0867569158328429,143.308817744778,10.6312179335889,187.109435631165,8.67569158328429
2020-08-02,4249,97,4122,91,127,6,4681,95,70103,692,74784,787,3,34,28,939,66,3276,2,212,40,"Knox County",470313,144.159315179466,0.0866179465676291,167.335370274689,20.6245627911625,199.6542727928,8.66179465676291
2020-08-01,4152,118,4031,110,121,8,4586,118,69411,1417,73997,1535,1,31,29,911,88,3210,1,210,40,"Knox County",470313,135.866965191266,0.0895984909727836,326.37839056118,25.0896743232698,193.70079074999,8.95984909727836
2020-07-31,4034,117,3921,114,113,3,4468,116,67994,1060,72462,1176,2,30,9,882,106,3122,1,209,39,"Knox County",470313,150.112797222275,0.0904183535762483,250.046245798011,24.877049964598,187.534684348508,9.04183535762483
2020-07-30,3917,189,3807,186,110,3,4352,227,66934,2420,71286,2647,1,28,78,873,110,3016,7,208,36,"Knox County",470313,166.272248481331,0.0914912090297374,562.816677404197,40.1860037889661,185.621065120462,9.14912090297373
2020-07-29,3728,75,3621,70,107,5,4125,60,64514,438,68639,498,0,27,-40,795,115,2906,3,201,34,"Knox County",470313,161.169263873208,0.0944150499706055,105.886930618546,15.9468269003834,169.036365144064,9.44150499706055
2020-07-28,3653,154,3551,152,102,2,4065,187,64076,1211,68141,1398,1,27,46,835,107,2791,3,198,30,"Knox County",470313,170.099486937423,0.101434308663224,297.248853423146,32.7441512354538,177.541339490935,10.1434308663224
2020-07-27,3499,83,3399,76,100,7,3878,85,62865,677,66743,762,3,26,-36,789,116,2684,2,195,30,"Knox County",470313,177.116090773591,0.100874701806202,162.019761307895,17.6478217697576,167.760618992033,10.0874701806202
2020-07-26,3416,118,3323,113,93,5,3793,132,62188,1473,65981,1605,0,23,49,825,69,2568,2,193,29,"Knox County",470313,181.581202305699,0.0961438519904376,341.262095668204,25.0896743232698,175.415095904217,9.61438519904376
2020-07-25,3298,175,3210,171,88,4,3661,197,60715,1949,64376,2146,2,23,95,776,78,2499,3,191,28,"Knox County",470313,193.70079074999,0.098123534010946,456.291873709636,37.2092627675612,164.9965023293,9.8123534010946
2020-07-24,3123,106,3039,99,84,7,3464,113,58766,916,62230,1029,0,21,-15,681,121,2421,4,188,25,"Knox County",470313,191.3619228046,0.0992563212692117,218.79046507326,22.5381820192085,144.797188255481,9.92563212692117
2020-07-23,3017,205,2940,197,77,8,3351,254,57850,2389,61201,2643,0,21,89,696,116,2300,4,184,25,"Knox County",470313,194.763912543349,0.10197401051483,561.96617996951,43.5879935277145,147.986553635558,10.197401051483
2020-07-22,2812,69,2743,61,69,8,3097,63,55461,437,58558,500,3,21,-68,607,134,2184,3,180,24,"Knox County",470313,193.488166391318,0.102251314093028,106.312179335889,14.6710807483527,129.062985713769,10.2251314093028
2020-07-21,2743,232,2682,228,61,4,3034,280,55024,1691,58058,1971,0,18,120,675,112,2050,12,177,24,"Knox County",470313,210.072866367717,0.10548048048048,419.082610942075,49.3288512118525,143.52144210345,10.548048048048
2020-07-20,2511,74,2454,70,57,4,2754,57,53333,364,56087,421,0,18,-59,555,133,1938,4,165,23,"Knox County",470313,208.159247139671,0.106253029568589,89.5148550008186,15.7342025417116,118.006519062837,10.6253029568589
2020-07-19,2437,84,2384,74,53,10,2697,74,52969,578,55666,652,0,18,-16,614,100,1805,0,161,22,"Knox County",470313,200.93001894483,0.110873744926298,138.631081853999,17.8604461284294,130.551356224472,11.0873744926298
2020-07-18,2353,112,2310,109,43,3,2623,146,52391,2258,55014,2404,1,18,36,630,75,1705,8,161,20,"Knox County",470313,187.534684348508,0.102598752598753,511.148958246955,23.8139281712392,133.95334596322,10.2598752598753
2020-07-17,2241,74,2201,73,40,1,2477,80,50133,347,52610,427,0,17,3,594,71,1630,6,153,19,"Knox County",470313,180.730704871011,0.105788423153693,90.7906011528493,15.7342025417116,126.298869051036,10.5788423153693
2020-07-16,2167,187,2128,185,39,2,2397,228,49786,2035,52183,2263,2,17,97,591,88,1559,3,147,17,"Knox County",470313,176.903466414919,0.107432275989812,481.168923674234,39.7607550716225,125.660995975021,10.7432275989812
2020-07-15,1980,78,1943,78,37,0,2169,80,47751,511,49920,591,3,15,-14,494,89,1471,4,144,17,"Knox County",470313,178.817085642965,0.108259823576584,125.660995975021,16.5846999763987,105.036433183858,10.8259823576584
2020-07-14,1902,95,1865,94,37,1,2089,127,47240,777,49329,904,2,12,12,508,81,1382,1,140,16,"Knox County",470313,149.687548504932,0.103367267032106,192.212420239287,20.1993140738189,108.013174205263,10.3367267032106
2020-07-13,1807,94,1771,92,36,2,1962,59,46463,655,48425,714,1,10,20,496,73,1301,2,139,15,"Knox County",470313,153.940035678367,0.0998114393463231,151.81379209165,19.9866897151471,105.461681901202,9.98114393463231
2020-07-12,1713,69,1679,67,34,2,1903,87,45808,916,47711,1003,0,9,27,476,42,1228,4,137,12,"Knox County",470313,150.750670298291,0.097158680471948,213.262231747793,14.6710807483527,101.209194727766,9.7158680471948
2020-07-11,1644,28,1612,27,32,1,1816,36,44892,883,46708,919,0,9,-16,449,44,1186,2,133,11,"Knox County",470313,132.890224169861,0.10218443043542,195.401785619364,5.95348204280979,95.4683370436284,10.218443043542
2020-07-10,1616,78,1585,74,31,4,1780,68,44009,418,45789,486,0,9,29,465,49,1142,6,131,10,"Knox County",470313,133.740721604548,0.0995639534883721,103.335438314484,16.5846999763987,98.8703267823768,9.95639534883721
2020-07-09,1538,70,1511,66,27,4,1712,88,43591,1653,45303,1741,0,9,23,436,47,1093,8,125,10,"Knox County",470313,108.86367163995,0.0857187794904058,370.179008447566,14.8837051070245,92.7042203808953,8.57187794904058
2020-07-08,1468,70,1445,65,23,5,1624,63,41938,594,43562,657,1,9,15,413,54,1046,5,117,10,"Knox County",470313,107.162676770576,0.0821917808219178,139.694203647358,14.8837051070245,87.8138601314444,8.21917808219178
2020-07-07,1398,79,1380,79,18,0,1561,104,41344,1305,42905,1409,0,8,38,398,41,992,7,112,10,"Knox County",470313,103.760687031828,0.0728820897676432,299.587721368535,16.7973243350705,84.6244947513677,7.28820897676432
2020-07-06,1319,35,1301,35,18,0,1457,34,40039,658,41496,692,1,8,-19,360,53,951,6,105,9,"Knox County",470313,91.2158498701928,0.0694947155060084,147.13605620087,7.44185255351224,76.5447691218401,6.94947155060084
2020-07-05,1284,77,1266,77,18,0,1423,109,39381,1081,40804,1190,2,7,34,379,41,898,6,99,9,"Knox County",470313,92.9168447395671,0.0707640259374119,253.022986819416,16.3720756177269,80.5846319366039,7.07640259374119
2020-07-04,1207,41,1189,40,18,1,1314,50,38300,1141,39614,1191,0,5,4,345,37,857,1,93,8,"Knox County",470313,95.6809614023002,0.0700515883790388,253.235611178088,8.7175987055429,73.3554037417635,7.00515883790388
2020-07-03,1166,62,1149,61,17,1,1264,49,37159,910,38423,959,0,5,27,341,35,820,4,92,6,"Knox County",470313,92.2789716635517,0.0634009439979589,203.906759966235,13.1827102376502,72.5049063070764,6.34009439979589
2020-07-02,1104,68,1088,68,16,0,1215,102,36249,1228,37464,1330,0,5,33,314,35,785,2,88,6,"Knox County",470313,91.8537229462082,0.0687937533656435,282.790397033465,14.4584563896809,66.7640486229383,6.87937533656435
2020-07-01,1036,49,1020,49,16,0,1113,34,35021,737,36134,771,0,5,25,281,24,750,4,86,6,"Knox County",470313,87.3886114141008,0.0639087775125961,163.933380535941,10.4185935749171,59.7474447867697,6.39087775125961
2020-06-30,987,40,971,39,16,1,1079,73,34284,1514,35363,1587,0,5,18,256,22,726,3,82,5,"Knox County",470313,79.0962614259015,0.058419689119171,337.434857212112,8.50497434687113,54.4318358199752,5.8419689119171
2020-06-29,947,51,932,51,15,0,1006,79,32770,1333,33776,1412,0,5,20,238,31,704,3,79,5,"Knox County",470313,82.4982511646499,0.0587677725118483,300.225594444551,10.8438422922607,50.6045973638832,5.87677725118483
2020-06-28,896,10,881,10,15,0,927,30,31437,684,32364,714,0,5,-5,218,15,673,1,76,5,"Knox County",470313,68.2524191336408,0.0523606228026118,151.81379209165,2.12624358671778,46.3521101904476,5.23606228026117
2020-06-27,886,29,871,29,15,0,897,16,30753,111,31650,127,0,5,18,223,11,658,3,75,5,"Knox County",470313,65.7009268295794,0.0555072463768116,27.0032935513158,6.16610640148157,47.4152319838065,5.55072463768116
2020-06-26,857,37,842,37,15,0,881,14,30642,319,31523,333,0,5,17,205,20,647,8,72,5,"Knox County",470313,60.385317862785,0.0554670066942939,70.8039114377021,7.86710127085579,43.5879935277145,5.54670066942939
2020-06-25,820,32,805,32,15,0,867,52,30323,702,31190,754,0,5,13,188,19,627,1,64,5,"Knox County",470313,52.730840950601,0.0522990522990523,160.318766438521,6.8039794774969,39.9733794302943,5.22990522990523
2020-06-24,788,35,773,34,15,1,815,32,29621,272,30436,304,0,5,22,175,13,608,1,63,5,"Knox County",470313,49.7540999291961,0.0565857388644619,64.6378050362206,7.44185255351224,37.2092627675612,5.65857388644619
2020-06-23,753,27,739,24,14,3,783,25,29349,216,30132,241,0,5,18,153,9,595,4,62,5,"Knox County",470313,46.989983266463,0.0638352638352638,51.2424704398985,5.74085768413801,32.5315268767821,6.38352638352638
2020-06-22,726,36,715,36,11,0,758,31,29133,572,29891,603,0,5,20,135,16,586,0,58,5,"Knox County",470313,43.8006178863863,0.0650195058517555,128.212488279082,7.65447691218401,28.7042884206901,6.50195058517555
2020-06-21,690,31,679,31,11,0,727,37,28561,815,29288,852,0,5,16,115,15,570,1,58,5,"Knox County",470313,48.2657294184936,0.0644057249533292,181.155953588355,6.59135511882512,24.4518012472545,6.44057249533292
2020-06-20,659,17,648,17,11,0,690,9,27746,437,28436,446,0,5,11,99,6,555,2,57,5,"Knox County",470313,45.7142371144323,0.0566091140673648,94.8304639676131,3.61461409742023,21.049811508506,5.66091140673648
2020-06-19,642,30,631,28,11,2,681,10,27309,334,27990,344,0,5,8,88,22,549,1,55,5,"Knox County",470313,44.2258666037299,0.0553047404063205,73.1427793830917,6.37873076015334,18.7109435631165,5.53047404063205
2020-06-18,612,15,603,15,9,0,671,18,26975,804,27646,822,0,5,2,80,13,527,0,54,5,"Knox County",470313,40.6112525063096,0.0448504983388704,174.777222828202,3.18936538007667,17.0099486937423,4.48504983388704
2020-06-17,597,17,588,17,9,0,653,13,26171,282,26824,295,0,5,-3,78,20,514,0,54,5,"Knox County",470313,36.7840140502176,0.0396891479322787,62.7241858081746,3.61461409742023,16.5846999763987,3.96891479322787
2020-06-16,580,9,571,8,9,1,640,9,25889,178,26529,187,0,5,-2,81,11,494,0,54,5,"Knox County",470313,32.9567755941256,0.0357847280924204,39.7607550716225,1.913619228046,17.222573052414,3.57847280924204
2020-06-15,571,8,563,8,8,0,631,9,25711,218,26342,227,0,5,-5,83,13,483,0,54,5,"Knox County",470313,27.0032935513158,0.0330917113142137,48.2657294184936,1.70099486937423,17.6478217697576,3.30917113142137
2020-06-14,563,8,555,8,8,0,622,9,25493,624,26115,633,0,5,4,88,4,470,0,54,5,"Knox County",470313,22.1129333018649,0.0260663507109005,134.591219039236,1.70099486937423,18.7109435631165,2.60663507109005
2020-06-13,555,10,547,8,8,2,613,9,24869,213,25482,222,0,5,0,84,10,466,3,54,5,"Knox County",470313,20.6245627911625,0.0282051282051282,47.2026076251348,2.12624358671778,17.8604461284294,2.82051282051282
2020-06-12,545,19,539,19,6,0,604,19,24656,750,25260,769,0,5,1,84,18,456,0,51,5,"Knox County",470313,18.2856948457729,0.0272583201267829,163.508131818597,4.03986281476378,17.8604461284294,2.72583201267829
2020-06-11,526,7,520,7,6,0,585,10,23906,379,24491,389,0,5,1,83,6,438,2,51,5,"Knox County",470313,16.5846999763987,0.0286554004408523,82.7108755233217,1.48837051070245,17.6478217697576,2.86554004408523
2020-06-10,519,12,513,12,6,0,575,12,23527,706,24102,718,0,5,-6,82,18,432,0,49,5,"Knox County",470313,15.5215781830398,0.024483306836248,152.664289526337,2.55149230406134,17.4351974110858,2.4483306836248
2020-06-09,507,16,501,16,6,0,563,19,22821,508,23384,527,0,5,5,88,11,414,1,49,5,"Knox County",470313,17.0099486937423,0.0249641319942611,112.053037020027,3.40198973874845,18.7109435631165,2.49641319942611
2020-06-08,491,8,485,8,6,0,544,8,22313,336,22857,344,0,5,4,83,4,403,1,48,5,"Knox County",470313,17.0099486937423,0.0238756246529706,73.1427793830917,1.70099486937423,17.6478217697576,2.38756246529706
2020-06-07,483,7,477,7,6,0,536,8,21977,850,22513,858,0,5,0,79,7,399,1,47,5,"Knox County",470313,16.7973243350705,0.0222106088319833,182.431699740386,1.48837051070245,16.7973243350705,2.22106088319833
2020-06-06,476,11,470,11,6,0,528,12,21127,478,21655,490,0,5,5,79,6,392,0,46,5,"Knox County",470313,17.0099486937423,0.0214896214896215,104.185935749171,2.33886794538956,16.7973243350705,2.14896214896215
2020-06-05,465,18,459,18,6,0,516,17,20649,518,21165,535,0,5,7,74,11,386,1,46,5,"Knox County",470313,16.7973243350705,0.0222740222740223,113.754031889401,3.82723845609201,15.7342025417116,2.22740222740223
2020-06-04,447,4,441,4,6,0,499,4,20131,338,20630,342,0,5,-1,67,5,375,0,45,5,"Knox County",470313,16.1594512590551,0.0209753539590981,72.7175306657481,0.850497434687113,14.2458320310091,2.09753539590981
2020-06-03,443,4,437,4,6,0,495,4,19793,399,20288,403,0,5,-3,68,7,370,0,45,5,"Knox County",470313,14.4584563896809,0.0205773078022292,85.6876165447266,0.850497434687113,14.4584563896809,2.05773078022292
2020-06-02,439,26,433,25,6,1,491,24,19394,939,19885,963,0,5,21,71,5,363,2,45,5,"Knox County",470313,16.5846999763987,0.0195679796696315,204.757257400922,5.52823332546623,15.0963294656962,1.95679796696315
2020-06-01,413,17,408,17,5,0,467,20,18455,972,18922,992,0,5,4,50,13,358,0,43,5,"Knox County",470313,18.4983192044447,0.019419594152302,210.923363802404,3.61461409742023,10.6312179335889,1.9419594152302
2020-05-31,396,7,391,7,5,0,447,7,17483,317,17930,324,0,5,3,46,4,345,0,43,5,"Knox County",470313,18.4983192044447,0.0217337614225735,68.8902922096561,1.48837051070245,9.7807204989018,2.17337614225735
2020-05-30,389,6,384,6,5,0,440,6,17166,294,17606,300,0,5,-1,43,7,341,2,43,5,"Knox County",470313,17.4351974110858,0.0212490282456595,63.7873076015334,1.27574615203067,9.14284742288646,2.12490282456595
2020-05-29,383,8,378,8,5,0,434,7,16872,205,17306,212,0,5,0,44,8,334,0,41,5,"Knox County",470313,15.308953824368,0.0203619909502262,45.076364038417,1.70099486937423,9.35547178155824,2.03619909502262
2020-05-28,375,11,370,11,5,0,427,11,16667,336,17094,347,0,5,7,44,4,326,0,41,5,"Knox County",470313,16.7973243350705,0.022310081897769,73.780652459107,2.33886794538956,9.35547178155824,2.2310081897769
2020-05-27,364,5,359,5,5,0,416,6,16331,420,16747,426,0,5,0,37,5,322,1,41,5,"Knox County",470313,17.0099486937423,0.0227272727272727,90.5779767941775,1.06312179335889,7.86710127085579,2.27272727272727
2020-05-26,359,9,354,9,5,0,410,10,15911,1142,16321,1152,0,5,7,37,2,317,0,40,5,"Knox County",470313,13.395334596322,0.0178523847588596,244.943261189888,1.913619228046,7.86710127085579,1.78523847588596
2020-05-25,350,9,345,9,5,0,400,11,14769,381,15169,392,0,5,5,30,4,315,1,40,5,"Knox County",470313,11.6943397269478,0.018395179194418,83.348748599337,1.913619228046,6.37873076015334,1.8395179194418
2020-05-24,341,2,336,2,5,0,389,3,14388,273,14777,276,0,5,1,25,1,311,0,39,5,"Knox County",470313,10.6312179335889,0.0173913043478261,58.6843229934108,0.425248717343556,5.31560896679445,1.73913043478261
2020-05-23,339,7,334,7,5,0,386,10,14115,360,14501,370,0,5,4,24,3,310,2,39,5,"Knox County",470313,10.8438422922607,0.0182677165354331,78.6710127085579,1.48837051070245,5.10298460812268,1.82677165354331
2020-05-22,332,1,327,1,5,0,376,1,13755,253,14131,254,0,5,-14,20,15,307,0,37,5,"Knox County",470313,9.35547178155824,0.0161641280696301,54.0065871026317,0.212624358671778,4.25248717343556,1.61641280696301
2020-05-21,331,0,326,0,5,0,375,0,13502,250,13877,250,0,5,-1,34,1,292,0,37,5,"Knox County",470313,7.01660383616868,0.0131410256410256,53.1560896679445,0,7.22922819484046,1.31410256410256
2020-05-20,331,7,326,7,5,0,375,7,13252,360,13627,367,0,5,4,35,3,291,0,37,5,"Knox County",470313,7.44185255351224,0.0137210062071219,78.0331396325426,1.48837051070245,7.44185255351224,1.37210062071219
2020-05-19,324,7,319,7,5,0,368,7,12892,369,13260,376,0,5,4,31,3,288,2,37,5,"Knox County",470313,7.01660383616868,0.0170678336980306,79.9467588605886,1.48837051070245,6.59135511882512,1.70678336980306
2020-05-18,317,3,312,3,5,0,361,4,12523,478,12884,482,0,5,0,27,3,285,0,35,5,"Knox County",470313,5.74085768413801,0.0134736842105263,102.484940879797,0.637873076015334,5.74085768413801,1.34736842105263
2020-05-17,314,3,309,3,5,0,357,5,12045,216,12402,221,0,5,1,27,2,282,1,35,5,"Knox County",470313,5.95348204280979,0.0146551724137931,46.989983266463,0.637873076015334,5.74085768413801,1.46551724137931
2020-05-16,311,0,306,0,5,0,352,0,11829,349,12181,349,0,5,-4,26,4,280,0,34,5,"Knox County",470313,4.46511153210734,0.0104393214441061,74.2059011764506,0,5.52823332546623,1.04393214441061
2020-05-15,311,1,306,1,5,0,352,4,11480,541,11832,545,0,5,-4,30,5,276,0,34,5,"Knox County",470313,4.46511153210734,0.0104247104247104,115.880275476119,0.212624358671778,6.37873076015334,1.04247104247104
2020-05-14,310,3,305,3,5,0,348,7,10939,458,11287,465,0,5,0,34,3,271,0,34,5,"Knox County",470313,5.10298460812268,0.0121212121212121,98.8703267823768,0.637873076015334,7.22922819484046,1.21212121212121
2020-05-13,307,7,302,7,5,0,341,5,10481,341,10822,346,0,5,1,34,6,268,0,34,5,"Knox County",470313,5.10298460812268,0.0114942528735632,73.5680281004352,1.48837051070245,7.22922819484046,1.14942528735632
2020-05-12,300,6,295,6,5,0,336,8,10140,401,10476,409,0,5,3,33,3,262,0,34,5,"Knox County",470313,4.8903602494509,0.0117145899893504,86.9633626967573,1.27574615203067,7.01660383616868,1.17145899893504
2020-05-11,294,16,289,16,5,0,328,12,9739,254,10067,266,0,5,9,30,7,259,1,34,5,"Knox County",470313,7.65447691218401,0.015763168012303,56.558079406693,3.40198973874845,6.37873076015334,1.5763168012303
2020-05-10,278,5,273,5,5,0,316,5,9485,221,9801,226,0,5,1,21,4,252,1,33,5,"Knox County",470313,8.07972562952757,0.0157329240214889,48.0531050598219,1.06312179335889,4.46511153210734,1.57329240214889
2020-05-09,273,2,268,2,5,0,311,4,9264,352,9575,356,0,5,-1,20,3,248,0,32,5,"Knox County",470313,8.50497434687113,0.0172215843857635,75.694271687153,0.425248717343556,4.25248717343556,1.72215843857635
2020-05-08,271,3,266,3,5,0,307,4,8912,265,9219,269,0,5,-2,21,5,245,0,32,5,"Knox County",470313,8.93022306421468,0.0192554557124519,57.1959524827083,0.637873076015334,4.46511153210734,1.92554557124519
2020-05-07,268,3,263,3,5,0,303,3,8647,220,8950,223,0,5,-2,23,5,240,0,32,5,"Knox County",470313,8.93022306421468,0.0195704057279236,47.4152319838065,0.637873076015334,4.8903602494509,1.95704057279236
2020-05-06,265,1,260,1,5,0,300,1,8427,185,8727,186,0,5,-7,25,8,235,0,32,5,"Knox County",470313,7.65447691218401,0.0191214470284238,39.5481307129507,0.212624358671778,5.31560896679445,1.91214470284238
2020-05-05,264,4,259,4,5,0,299,5,8242,305,8541,310,0,5,-1,32,5,227,0,32,5,"Knox County",470313,7.22922819484046,0.0185185185185185,65.9135511882512,0.850497434687113,6.8039794774969,1.85185185185185
2020-05-04,260,4,255,4,5,0,294,7,7937,259,8231,266,0,5,-3,33,7,222,0,32,5,"Knox County",470313,4.67773589077912,0.0157952069716776,56.558079406693,0.850497434687113,7.01660383616868,1.57952069716776
2020-05-03,256,7,251,5,5,2,287,6,7678,290,7965,296,0,5,6,36,1,215,2,32,5,"Knox County",470313,5.10298460812268,0.0157397691500525,62.9368101668463,1.48837051070245,7.65447691218401,1.57397691500525
2020-05-02,249,3,246,3,3,0,281,5,7388,308,7669,313,0,5,1,30,2,214,1,30,5,"Knox County",470313,5.31560896679445,0.0166398282340311,66.5514242642666,0.637873076015334,6.37873076015334,1.66398282340311
2020-05-01,246,9,243,8,3,1,276,7,7080,354,7356,361,0,5,4,29,5,212,0,29,5,"Knox County",470313,6.59135511882512,0.0173913043478261,76.7573934805119,1.913619228046,6.16610640148157,1.73913043478261
2020-04-30,237,4,235,4,2,0,269,3,6726,119,6995,122,0,5,-1,25,5,207,0,29,5,"Knox County",470313,6.8039794774969,0.0183387270765912,25.9401717579569,0.850497434687113,5.31560896679445,1.83387270765912
2020-04-29,233,8,231,8,2,0,266,10,6607,671,6873,681,0,5,5,26,3,202,0,29,5,"Knox County",470313,8.29234998819935,0.0183056619838229,144.797188255481,1.70099486937423,5.52823332546623,1.83056619838229
2020-04-28,225,8,223,8,2,0,256,10,5936,391,6192,401,1,5,4,21,3,199,0,29,5,"Knox County",470313,9.14284742288646,0.019672131147541,85.262367827383,1.70099486937423,4.46511153210734,1.9672131147541
2020-04-27,217,2,215,2,2,0,246,4,5545,161,5791,165,0,4,1,17,1,196,0,29,5,"Knox County",470313,8.7175987055429,0.0192389910218042,35.0830191808434,0.425248717343556,3.61461409742023,1.92389910218042
2020-04-26,215,1,213,1,2,0,242,1,5384,172,5626,173,0,4,-2,16,3,195,0,29,4,"Knox County",470313,7.44185255351224,0.0180505415162455,36.7840140502176,0.212624358671778,3.40198973874845,1.80505415162455
2020-04-25,214,0,212,0,2,0,241,0,5212,53,5453,53,0,4,-6,18,6,192,0,29,4,"Knox County",470313,6.8039794774969,0.0178936605316973,11.2690910096042,0,3.82723845609201,1.78936605316973
2020-04-24,214,8,212,8,2,0,241,10,5159,836,5400,846,0,4,5,24,3,186,1,29,4,"Knox County",470313,6.59135511882512,0.0155673904137649,179.880207436324,1.70099486937423,5.10298460812268,1.55673904137648
2020-04-23,206,1,204,1,2,0,231,2,4323,137,4554,139,0,4,0,19,1,183,0,28,4,"Knox County",470313,5.95348204280979,0.0150528885272579,29.5547858553772,0.212624358671778,4.03986281476378,1.50528885272579
2020-04-22,205,5,203,3,2,2,229,2,4186,189,4415,191,0,4,1,19,4,182,0,28,4,"Knox County",470313,5.31560896679445,0.0147357723577236,40.6112525063096,1.06312179335889,4.03986281476378,1.47357723577236
2020-04-21,200,4,200,4,0,0,227,5,3997,475,4224,480,0,4,-2,18,6,178,1,28,4,"Knox County",470313,4.46511153210734,0.0117244748412311,102.059692162454,0.850497434687113,3.82723845609201,1.17244748412311
2020-04-20,196,3,196,3,0,0,222,2,3522,175,3744,177,0,4,-1,20,4,172,1,27,4,"Knox County",470313,4.67773589077912,0.0106847984458475,37.6345114849047,0.637873076015334,4.25248717343556,1.06847984458475
2020-04-19,193,0,193,0,0,0,220,0,3347,72,3567,72,0,4,-4,21,4,168,0,26,4,"Knox County",470313,4.46511153210734,0.0107252298263534,15.308953824368,0,4.46511153210734,1.07252298263534
2020-04-18,193,0,193,0,0,0,220,1,3275,135,3495,136,0,4,-5,25,5,164,0,26,4,"Knox County",470313,4.46511153210734,0.0107790298873101,28.9169127793618,0,5.31560896679445,1.07790298873101
2020-04-17,193,2,193,2,0,0,219,3,3140,104,3359,107,0,4,-2,30,4,159,1,26,4,"Knox County",470313,3.18936538007667,0.0115207373271889,22.7508063778803,0.425248717343556,6.37873076015334,1.15207373271889
2020-04-16,191,7,191,7,0,0,216,9,3036,213,3252,222,0,4,2,32,5,155,2,25,4,"Knox County",470313,4.46511153210734,0.015884476534296,47.2026076251348,1.48837051070245,6.8039794774969,1.5884476534296
2020-04-15,184,9,184,9,0,0,207,10,2823,84,3030,94,0,4,3,30,6,150,1,23,4,"Knox County",470313,5.31560896679445,0.0232919254658385,19.9866897151471,1.913619228046,6.37873076015334,2.32919254658385
2020-04-14,175,4,175,4,0,0,197,4,2739,102,2936,106,0,4,1,27,3,144,1,22,4,"Knox County",470313,5.31560896679445,0.0317286652078775,22.5381820192085,0.850497434687113,5.74085768413801,3.17286652078775
2020-04-13,171,4,171,4,0,0,193,9,2637,242,2830,251,0,4,-2,26,6,141,1,21,4,"Knox County",470313,5.52823332546623,0.0364372469635627,53.3687140266163,0.850497434687113,5.52823332546623,3.64372469635628
2020-04-12,167,5,167,5,0,0,184,6,2395,166,2579,172,0,4,1,28,4,135,0,20,4,"Knox County",470313,6.59135511882512,0.0386029411764706,36.5713896915458,1.06312179335889,5.95348204280979,3.86029411764706
2020-04-11,162,5,162,5,0,0,178,8,2229,313,2407,321,1,4,-4,27,8,131,1,20,4,"Knox County",470313,7.65447691218401,0.0384917517674784,68.2524191336408,1.06312179335889,5.74085768413801,3.84917517674784
2020-04-10,157,4,157,4,0,0,170,5,1916,123,2086,128,0,3,0,31,4,123,0,19,4,"Knox County",470313,8.07972562952757,0.0394126738794436,27.2159179099876,0.850497434687113,6.59135511882512,3.94126738794436
2020-04-09,153,1,153,1,0,0,165,1,1793,81,1958,82,0,3,-2,31,3,119,0,19,4,"Knox County",470313,6.8039794774969,0.037261698440208,17.4351974110858,0.212624358671778,6.59135511882512,3.7261698440208
2020-04-08,152,8,152,8,0,0,164,12,1712,111,1876,123,0,3,-3,33,11,116,1,19,4,"Knox County",470313,6.59135511882512,0.0380388841927303,26.1527961166287,1.70099486937423,7.01660383616868,3.80388841927303
2020-04-07,144,20,144,20,0,0,152,25,1601,366,1753,391,0,3,11,36,9,105,2,18,3,"Knox County",470313,9.99334485757357,0.0449591280653951,83.1361242406653,4.25248717343556,7.65447691218401,4.49591280653951
2020-04-06,124,8,124,8,0,0,127,14,1235,54,1362,68,2,3,-2,25,8,96,1,16,3,"Knox County",470313,10.8438422922607,0.0552529182879377,14.4584563896809,1.70099486937423,5.31560896679445,5.52529182879377
2020-04-05,116,4,116,4,0,0,113,10,1181,75,1294,85,0,1,-2,27,6,88,0,15,3,"Knox County",470313,10.6312179335889,0.0626043405676127,18.0730704871011,0.850497434687113,5.74085768413801,6.26043405676127
2020-04-04,112,15,112,15,0,0,103,6,1106,127,1209,133,0,1,4,29,11,82,1,15,2,"Knox County",470313,12.7574615203067,0.0722772277227723,28.2790397033465,3.18936538007667,6.16610640148157,7.22772277227723
2020-04-03,97,4,97,4,0,0,97,3,979,51,1076,54,0,1,-8,25,12,71,1,14,1,"Knox County",470313,12.7574615203067,0.0758547008547008,11.481715368276,0.850497434687113,5.31560896679445,7.58547008547009
2020-04-02,93,7,93,7,0,0,94,7,928,106,1022,113,0,1,NA,33,8,59,0,13,1,"Knox County",470313,14.0332076723374,0.0796277145811789,24.0265525299109,1.48837051070245,7.01660383616868,7.96277145811789
2020-04-01,86,15,86,15,0,0,87,15,822,140,909,155,NA,NA,NA,NA,7,51,1,13,1,"Knox County",470313,15.5215781830398,0.0800800800800801,32.9567755941256,3.18936538007667,NA,8.00800800800801
2020-03-31,71,8,71,8,0,0,72,11,682,58,754,69,NA,NA,NA,NA,12,44,1,12,1,"Knox County",470313,12.9700858789785,0.0974889217134417,14.6710807483527,1.70099486937423,NA,9.74889217134417
2020-03-30,63,13,63,13,0,0,61,15,624,130,685,145,NA,NA,NA,NA,9,32,2,11,1,"Knox County",470313,14.0332076723374,0.0888594164456233,30.8305320074078,2.76411666273312,NA,8.88594164456233
2020-03-29,50,8,50,8,0,0,46,8,494,55,540,63,NA,NA,NA,NA,6,23,1,9,1,"Knox County",470313,14.8837051070245,0.0887978142076503,13.395334596322,1.70099486937423,NA,8.87978142076503
2020-03-28,42,7,42,7,0,0,38,6,439,62,477,68,NA,NA,NA,NA,1,17,1,8,0,"Knox County",470313,13.1827102376502,0.0974512743628186,14.4584563896809,1.48837051070245,NA,9.74512743628186
2020-03-27,35,2,35,2,0,0,32,2,377,54,409,56,NA,NA,NA,NA,5,16,1,7,0,"Knox County",470313,12.7574615203067,0.0956651718983558,11.9069640856196,0.425248717343556,NA,9.56651718983558
2020-03-26,33,7,33,7,0,0,30,7,323,82,353,89,NA,NA,NA,NA,3,11,2,6,0,"Knox County",470313,12.7574615203067,0.0992248062015504,18.9235679217883,1.48837051070245,NA,9.92248062015504
2020-03-25,26,6,26,6,0,0,23,7,241,68,264,75,NA,NA,NA,NA,3,8,1,4,0,"Knox County",470313,10.8438422922607,0.0991150442477876,15.9468269003834,1.27574615203067,NA,9.91150442477876
2020-03-24,20,7,20,7,0,0,16,7,173,43,189,50,NA,NA,NA,NA,2,5,0,3,0,"Knox County",470313,10.6312179335889,0.0952380952380952,10.6312179335889,1.48837051070245,NA,9.52380952380952
2020-03-23,13,4,13,4,0,0,9,4,130,22,139,26,NA,NA,NA,NA,3,3,2,3,0,"Knox County",470313,8.7175987055429,0.0960187353629977,5.52823332546623,0.850497434687113,NA,9.60187353629976
2020-03-22,9,2,9,2,0,0,5,0,108,9,113,9,NA,NA,NA,NA,0,0,1,1,0,"Knox County",470313,7.44185255351224,0.0884718498659517,1.913619228046,0.425248717343556,NA,8.84718498659517
2020-03-21,7,1,7,1,0,0,5,2,99,17,104,19,NA,NA,NA,NA,0,0,0,0,0,"Knox County",470313,6.16610640148157,0.0895061728395062,4.03986281476378,0.212624358671778,NA,8.95061728395062
2020-03-20,6,5,6,5,0,0,3,2,82,38,85,40,NA,NA,NA,NA,0,0,0,0,0,"Knox County",470313,6.8039794774969,0.0941558441558442,8.50497434687113,1.06312179335889,NA,9.41558441558442
2020-03-19,1,0,1,0,0,0,1,0,44,11,45,11,NA,NA,NA,NA,0,0,0,0,0,"Knox County",470313,5.31560896679445,0.0956521739130435,2.33886794538956,0,NA,9.56521739130435
2020-03-18,1,0,1,0,0,0,1,0,33,14,34,14,NA,NA,NA,NA,0,0,0,0,0,"Knox County",470313,4.03986281476378,0.0887573964497041,2.97674102140489,0,NA,8.87573964497041
2020-03-17,1,0,1,0,0,0,1,0,19,5,20,5,NA,NA,NA,NA,0,0,0,0,0,"Knox County",470313,2.55149230406134,0.0645161290322581,1.06312179335889,0,NA,6.45161290322581
2020-03-16,1,1,1,1,0,0,1,1,14,3,15,4,NA,NA,NA,NA,0,0,0,0,0,"Knox County",470313,1.913619228046,0.0490196078431373,0.850497434687113,0.212624358671778,NA,4.90196078431373
2020-03-15,0,0,0,0,0,0,0,0,11,1,11,1,NA,NA,NA,NA,0,0,0,0,0,"Knox County",470313,1.48837051070245,0.0531914893617021,0.212624358671778,0,NA,5.31914893617021
2020-03-14,0,0,0,0,0,0,0,0,10,8,10,8,NA,NA,NA,NA,0,0,0,0,0,"Knox County",470313,1.27574615203067,0.036144578313253,1.70099486937423,0,NA,3.6144578313253
2020-03-13,0,0,0,0,0,0,0,0,2,0,2,0,NA,NA,NA,NA,0,0,0,0,0,"Knox County",470313,0.212624358671778,0.0232558139534884,0,0,NA,2.32558139534884
2020-03-12,0,0,0,0,0,0,0,0,2,2,2,2,NA,NA,NA,NA,0,0,0,0,0,"Knox County",470313,0.212624358671778,0.0294117647058824,0.425248717343556,0,NA,2.94117647058824
2020-03-12,0,0,0,0,0,0,0,0,0,0,0,0,NA,NA,NA,NA,0,0,0,0,0,"Anderson",76978,NA,NA,0,0,NA,NA
2020-03-13,0,0,0,0,0,0,0,0,1,1,1,1,NA,NA,NA,NA,0,0,0,0,0,"Anderson",76978,NA,NA,1.29907246226194,0,NA,NA
2020-03-14,0,0,0,0,0,0,0,0,1,0,1,0,NA,NA,NA,NA,0,0,0,0,0,"Anderson",76978,NA,NA,0,0,NA,NA
2020-03-15,0,0,0,0,0,0,0,0,1,0,1,0,NA,NA,NA,NA,0,0,0,0,0,"Anderson",76978,NA,NA,0,0,NA,NA
2020-03-16,0,0,0,0,0,0,0,0,2,1,2,1,NA,NA,NA,NA,0,0,0,0,0,"Anderson",76978,NA,NA,1.29907246226194,0,NA,NA
2020-03-17,0,0,0,0,0,0,0,0,4,2,4,2,NA,NA,NA,NA,0,0,0,0,0,"Anderson",76978,NA,NA,2.59814492452389,0,NA,NA
2020-03-18,0,0,0,0,0,0,0,0,4,0,4,0,NA,NA,NA,NA,0,0,0,0,0,"Anderson",76978,0,0,0,0,NA,0
2020-03-19,1,1,1,1,0,0,2,2,5,1,7,3,NA,NA,NA,NA,0,0,0,0,0,"Anderson",76978,1.29907246226194,0.285714285714286,3.89721738678583,1.29907246226194,NA,28.5714285714286
2020-03-20,1,0,1,0,0,0,2,0,7,2,9,2,NA,NA,NA,NA,0,0,0,0,0,"Anderson",76978,1.29907246226194,0.25,2.59814492452389,0,NA,25
2020-03-21,1,0,1,0,0,0,2,0,7,0,9,0,NA,NA,NA,NA,0,0,0,0,0,"Anderson",76978,1.29907246226194,0.25,0,0,NA,25
2020-03-22,1,0,1,0,0,0,2,0,10,3,12,3,NA,NA,NA,NA,0,0,0,0,0,"Anderson",76978,1.29907246226194,0.181818181818182,3.89721738678583,0,NA,18.1818181818182
2020-03-23,1,0,1,0,0,0,2,0,15,5,17,5,NA,NA,NA,NA,0,0,0,0,0,"Anderson",76978,1.29907246226194,0.133333333333333,6.49536231130973,0,NA,13.3333333333333
2020-03-24,1,0,1,0,0,0,2,0,20,5,22,5,NA,NA,NA,NA,0,0,0,0,0,"Anderson",76978,1.29907246226194,0.111111111111111,6.49536231130973,0,NA,11.1111111111111
2020-03-25,2,1,2,1,0,0,4,2,29,9,33,11,NA,NA,NA,NA,1,1,0,0,0,"Anderson",76978,2.59814492452389,0.137931034482759,14.2897970848814,1.29907246226194,NA,13.7931034482759
2020-03-26,3,1,3,1,0,0,5,1,44,15,49,16,NA,NA,NA,NA,0,1,1,1,0,"Anderson",76978,2.59814492452389,0.0714285714285714,20.7851593961911,1.29907246226194,NA,7.14285714285714
2020-03-27,4,1,4,1,0,0,6,1,53,9,59,10,NA,NA,NA,NA,3,4,0,1,0,"Anderson",76978,3.89721738678583,0.08,12.9907246226195,1.29907246226194,NA,8
2020-03-28,7,3,7,3,0,0,9,3,72,19,81,22,NA,NA,NA,NA,0,4,1,2,0,"Anderson",76978,7.79443477357167,0.0972222222222222,28.5795941697628,3.89721738678583,NA,9.72222222222222
2020-03-29,7,0,7,0,0,0,9,0,83,11,92,11,NA,NA,NA,NA,0,4,0,2,0,"Anderson",76978,7.79443477357167,0.0875,14.2897970848814,0,NA,8.75
2020-03-30,8,1,8,1,0,0,10,1,127,44,137,45,NA,NA,NA,NA,1,5,0,2,0,"Anderson",76978,9.09350723583361,0.0666666666666667,58.4582608017875,1.29907246226194,NA,6.66666666666667
2020-03-31,9,1,9,1,0,0,11,1,142,15,153,16,NA,NA,NA,NA,1,6,0,2,0,"Anderson",76978,10.3925796980956,0.0687022900763359,20.7851593961911,1.29907246226194,NA,6.87022900763359
2020-04-01,9,0,9,0,0,0,11,0,163,21,174,21,NA,NA,NA,NA,0,6,0,2,0,"Anderson",76978,9.09350723583361,0.049645390070922,27.2805217075008,0,NA,4.9645390070922
2020-04-02,9,0,9,0,0,0,11,0,179,16,190,16,0,0,NA,3,0,6,0,2,0,"Anderson",76978,7.79443477357167,0.0425531914893617,20.7851593961911,0,3.89721738678583,4.25531914893617
2020-04-03,9,0,9,0,0,0,11,0,192,13,203,13,0,0,-2,1,2,8,0,2,0,"Anderson",76978,6.49536231130972,0.0347222222222222,16.8879420094053,0,1.29907246226194,3.47222222222222
2020-04-04,9,0,9,0,0,0,11,0,219,27,230,27,0,0,0,1,0,8,0,2,0,"Anderson",76978,2.59814492452389,0.0134228187919463,35.0749564810725,0,1.29907246226194,1.34228187919463
2020-04-05,9,0,9,0,0,0,11,0,248,29,259,29,0,0,0,1,0,8,0,2,0,"Anderson",76978,2.59814492452389,0.0119760479041916,37.6731014055964,0,1.29907246226194,1.19760479041916
2020-04-06,9,0,9,0,0,0,11,0,262,14,273,14,0,0,-1,0,1,9,0,2,0,"Anderson",76978,1.29907246226194,0.00735294117647059,18.1870144716672,0,0,0.735294117647059
2020-04-07,10,1,10,1,0,0,12,1,304,42,316,43,0,0,1,1,0,9,0,2,0,"Anderson",76978,1.29907246226194,0.00613496932515337,55.8601158772636,1.29907246226194,1.29907246226194,0.613496932515337
2020-04-08,10,0,10,0,0,0,12,0,322,18,334,18,1,1,-1,0,0,9,0,2,1,"Anderson",76978,1.29907246226194,0.00625,23.383304320715,0,0,0.625
2020-04-09,10,0,10,0,0,0,12,0,350,28,362,28,0,1,0,0,0,9,0,2,1,"Anderson",76978,1.29907246226194,0.00581395348837209,36.3740289433345,0,0,0.581395348837209
2020-04-10,10,0,10,0,0,0,12,0,366,16,378,16,0,1,0,0,0,9,0,2,1,"Anderson",76978,1.29907246226194,0.00571428571428571,20.7851593961911,0,0,0.571428571428571
2020-04-11,10,0,10,0,0,0,12,0,439,73,451,73,0,1,0,0,0,9,0,2,1,"Anderson",76978,1.29907246226194,0.00452488687782805,94.832289745122,0,0,0.452488687782805
2020-04-12,12,2,12,2,0,0,14,2,477,38,491,40,0,1,2,2,0,9,0,2,1,"Anderson",76978,3.89721738678583,0.0129310344827586,51.9628984904778,2.59814492452389,2.59814492452389,1.29310344827586
2020-04-13,13,1,13,1,0,0,15,1,514,37,529,38,0,1,0,2,1,10,0,2,1,"Anderson",76978,5.19628984904778,0.015625,49.3647535659539,1.29907246226194,2.59814492452389,1.5625
2020-04-14,13,0,13,0,0,0,15,0,526,12,541,12,0,1,0,2,0,10,0,2,1,"Anderson",76978,3.89721738678583,0.0133333333333333,15.5888695471433,0,2.59814492452389,1.33333333333333
2020-04-15,13,0,13,0,0,0,15,0,544,18,559,18,0,1,-2,0,2,12,0,2,1,"Anderson",76978,3.89721738678583,0.0133333333333333,23.383304320715,0,0,1.33333333333333
2020-04-16,13,0,13,0,0,0,15,0,566,22,581,22,0,1,0,0,0,12,0,2,1,"Anderson",76978,3.89721738678583,0.0136986301369863,28.5795941697628,0,0,1.36986301369863
2020-04-17,13,0,13,0,0,0,15,0,586,20,601,20,0,1,0,0,0,12,0,2,1,"Anderson",76978,3.89721738678583,0.0134529147982063,25.9814492452389,0,0,1.34529147982063
2020-04-18,13,0,13,0,0,0,15,0,616,30,631,30,0,1,0,0,0,12,0,2,1,"Anderson",76978,3.89721738678583,0.0166666666666667,38.9721738678584,0,0,1.66666666666667
2020-04-19,14,1,14,1,0,0,16,1,628,12,644,13,0,1,0,0,1,13,0,2,1,"Anderson",76978,2.59814492452389,0.0130718954248366,16.8879420094053,1.29907246226194,0,1.30718954248366
2020-04-20,19,5,18,4,1,1,19,3,648,20,667,23,0,1,5,5,0,13,0,2,1,"Anderson",76978,7.79443477357167,0.0289855072463768,29.8786666320247,6.49536231130973,6.49536231130973,2.89855072463768
2020-04-21,20,1,19,1,1,0,22,3,1071,423,1093,426,0,1,1,6,0,13,0,2,1,"Anderson",76978,9.09350723583361,0.0126811594202899,553.404868923589,1.29907246226194,7.79443477357167,1.26811594202899
2020-04-22,21,1,20,1,1,0,24,2,1141,70,1165,72,0,1,0,6,1,14,0,2,1,"Anderson",76978,10.3925796980956,0.0148514851485149,93.53321728286,1.29907246226194,7.79443477357167,1.48514851485149
2020-04-23,21,0,20,0,1,0,24,0,1191,50,1215,50,0,1,-1,5,1,15,0,2,1,"Anderson",76978,10.3925796980956,0.0141955835962145,64.9536231130973,0,6.49536231130973,1.41955835962145
2020-04-24,22,1,21,1,1,0,25,1,1299,108,1324,109,0,1,1,6,0,15,0,2,1,"Anderson",76978,11.6916521603575,0.0138312586445367,141.598898386552,1.29907246226194,7.79443477357167,1.38312586445367
2020-04-25,22,0,21,0,1,0,25,0,1336,37,1361,37,0,1,0,6,0,15,0,2,1,"Anderson",76978,11.6916521603575,0.0136986301369863,48.065681103692,0,7.79443477357167,1.36986301369863
2020-04-26,22,0,21,0,1,0,25,0,1372,36,1397,36,0,1,0,6,0,15,0,2,1,"Anderson",76978,10.3925796980956,0.0119521912350598,46.76660864143,0,7.79443477357167,1.19521912350598
2020-04-27,22,0,21,0,1,0,25,0,1411,39,1436,39,0,1,-1,5,1,16,0,2,1,"Anderson",76978,3.89721738678583,0.00780234070221066,50.6638260282159,0,6.49536231130973,0.780234070221066
2020-04-28,22,0,21,0,1,0,25,0,1690,279,1715,279,0,1,0,5,0,16,0,2,1,"Anderson",76978,2.59814492452389,0.00482315112540193,362.441216971083,0,6.49536231130973,0.482315112540193
2020-04-29,26,4,25,4,1,0,28,3,2070,380,2098,383,0,1,4,9,0,16,0,2,1,"Anderson",76978,6.49536231130972,0.00428724544480171,497.544753046325,5.19628984904778,11.6916521603575,0.428724544480171
2020-04-30,26,0,25,0,1,0,29,1,2102,32,2131,33,0,1,-1,8,1,17,0,2,1,"Anderson",76978,6.49536231130972,0.00545851528384279,42.8693912546442,0,10.3925796980956,0.545851528384279
2020-05-01,26,0,25,0,1,0,29,0,2154,52,2183,52,0,1,-2,6,2,19,0,2,1,"Anderson",76978,5.19628984904778,0.00465657741559953,67.5517680376211,0,7.79443477357167,0.465657741559953
2020-05-02,26,0,25,0,1,0,29,0,2221,67,2250,67,0,1,0,6,0,19,0,2,1,"Anderson",76978,5.19628984904778,0.00449943757030371,87.0378549715503,0,7.79443477357167,0.449943757030371
2020-05-03,27,1,26,1,1,0,30,1,2314,93,2344,94,0,1,1,7,0,19,0,2,1,"Anderson",76978,6.49536231130972,0.00527983104540655,122.112811452623,1.29907246226194,9.09350723583361,0.527983104540655
2020-05-04,27,0,26,0,1,0,30,0,2406,92,2436,92,0,1,-1,6,1,20,0,2,1,"Anderson",76978,6.49536231130972,0.005,119.514666528099,0,7.79443477357167,0.5
2020-05-05,28,1,27,1,1,0,30,0,2475,69,2505,69,0,1,-1,5,2,22,0,2,1,"Anderson",76978,7.79443477357167,0.00632911392405063,89.6359998960742,1.29907246226194,6.49536231130973,0.632911392405063
2020-05-06,30,2,29,2,1,0,31,1,2525,50,2556,51,0,1,2,7,0,22,0,2,1,"Anderson",76978,5.19628984904778,0.00655021834061135,66.2526955753592,2.59814492452389,9.09350723583361,0.655021834061135
2020-05-07,30,0,29,0,1,0,33,2,2597,72,2630,74,0,1,-1,6,1,23,0,2,1,"Anderson",76978,5.19628984904778,0.00801603206412826,96.1313622073839,0,7.79443477357167,0.801603206412826
2020-05-08,30,0,29,0,1,0,33,0,2652,55,2685,55,0,1,0,6,0,23,0,2,1,"Anderson",76978,5.19628984904778,0.00796812749003984,71.448985424407,0,7.79443477357167,0.796812749003984
2020-05-09,30,0,29,0,1,0,33,0,2734,82,2767,82,0,1,0,6,0,23,0,2,1,"Anderson",76978,5.19628984904778,0.00773694390715667,106.523941905479,0,7.79443477357167,0.773694390715667
2020-05-10,30,0,29,0,1,0,33,0,2827,93,2860,93,0,1,-3,3,3,26,0,2,1,"Anderson",76978,3.89721738678583,0.00581395348837209,120.813738990361,0,3.89721738678583,0.581395348837209
2020-05-11,32,2,31,2,1,0,33,0,2909,82,2942,82,0,1,2,5,0,26,0,2,1,"Anderson",76978,6.49536231130972,0.00592885375494071,106.523941905479,2.59814492452389,6.49536231130973,0.592885375494071
2020-05-12,33,1,32,1,1,0,35,2,3042,133,3077,135,0,1,1,6,0,26,0,2,1,"Anderson",76978,6.49536231130972,0.00874125874125874,175.374782405363,1.29907246226194,7.79443477357167,0.874125874125874
2020-05-13,35,2,34,2,1,0,38,3,3220,178,3258,181,0,1,1,7,1,27,1,3,1,"Anderson",76978,6.49536231130972,0.00997150997150997,235.132115669412,2.59814492452389,9.09350723583361,0.997150997150997
2020-05-14,35,0,34,0,1,0,39,1,3346,126,3385,127,0,1,-1,6,1,28,0,3,1,"Anderson",76978,6.49536231130972,0.00794701986754967,164.982202707267,0,7.79443477357167,0.794701986754967
2020-05-15,36,1,35,1,1,0,39,0,3417,71,3456,71,0,1,1,7,0,28,0,3,1,"Anderson",76978,7.79443477357167,0.00778210116731518,92.2341448205981,1.29907246226194,9.09350723583361,0.778210116731518
2020-05-16,36,0,35,0,1,0,41,2,3657,240,3698,242,0,1,-1,6,1,29,0,3,1,"Anderson",76978,7.79443477357167,0.00859291084854995,314.375535867391,0,7.79443477357167,0.859291084854995
2020-05-17,36,0,35,0,1,0,41,0,3727,70,3768,70,0,1,0,6,0,29,0,3,1,"Anderson",76978,7.79443477357167,0.00881057268722467,90.9350723583361,0,7.79443477357167,0.881057268722467
2020-05-18,37,1,36,1,1,0,42,1,3804,77,3846,78,0,1,-2,4,3,32,0,3,1,"Anderson",76978,6.49536231130972,0.00995575221238938,101.327652056432,1.29907246226194,5.19628984904778,0.995575221238938
2020-05-19,37,0,36,0,1,0,42,0,3856,52,3898,52,0,1,0,4,0,32,0,3,1,"Anderson",76978,5.19628984904778,0.00852618757612668,67.5517680376211,0,5.19628984904778,0.852618757612667
2020-05-20,37,0,36,0,1,0,43,1,3921,65,3964,66,0,1,0,4,0,32,0,3,1,"Anderson",76978,2.59814492452389,0.00708215297450425,85.7387825092884,0,5.19628984904778,0.708215297450425
2020-05-21,37,0,36,0,1,0,44,1,4001,80,4045,81,0,1,-1,3,1,33,0,3,1,"Anderson",76978,2.59814492452389,0.00757575757575758,105.224869443218,0,3.89721738678583,0.757575757575758
2020-05-22,38,1,37,1,1,0,45,1,4029,28,4074,29,0,1,-1,2,2,35,1,4,1,"Anderson",76978,2.59814492452389,0.00970873786407767,37.6731014055964,1.29907246226194,2.59814492452389,0.970873786407767
2020-05-23,38,0,37,0,1,0,46,1,4192,163,4238,164,0,1,0,2,0,35,0,4,1,"Anderson",76978,2.59814492452389,0.00925925925925926,213.047883810959,0,2.59814492452389,0.925925925925926
2020-05-24,38,0,37,0,1,0,46,0,4247,55,4293,55,0,1,0,2,0,35,0,4,1,"Anderson",76978,2.59814492452389,0.00952380952380952,71.448985424407,0,2.59814492452389,0.952380952380952
2020-05-25,38,0,37,0,1,0,47,1,4281,34,4328,35,0,1,0,2,0,35,0,4,1,"Anderson",76978,1.29907246226194,0.0103734439834025,45.4675361791681,0,2.59814492452389,1.03734439834025
2020-05-26,38,0,37,0,1,0,47,0,4412,131,4459,131,0,1,-1,1,1,36,0,4,1,"Anderson",76978,1.29907246226194,0.0089126559714795,170.178492556315,0,1.29907246226194,0.89126559714795
2020-05-27,38,0,37,0,1,0,47,0,4515,103,4562,103,0,1,0,1,0,36,0,4,1,"Anderson",76978,1.29907246226194,0.00668896321070234,133.80446361298,0,1.29907246226194,0.668896321070234
2020-05-28,38,0,37,0,1,0,47,0,4563,48,4610,48,0,1,0,1,0,36,0,4,1,"Anderson",76978,1.29907246226194,0.00530973451327434,62.3554781885734,0,1.29907246226194,0.530973451327434
2020-05-29,39,1,38,1,1,0,47,0,4613,50,4660,50,0,1,0,1,1,37,0,4,1,"Anderson",76978,1.29907246226194,0.00341296928327645,64.9536231130973,1.29907246226194,1.29907246226194,0.341296928327645
2020-05-30,39,0,38,0,1,0,48,1,4665,52,4713,53,0,1,0,1,0,37,0,4,1,"Anderson",76978,1.29907246226194,0.00421052631578947,68.8508404998831,0,1.29907246226194,0.421052631578947
2020-05-31,40,1,39,1,1,0,49,1,4731,66,4780,67,0,1,1,2,0,37,0,4,1,"Anderson",76978,2.59814492452389,0.00616016427104723,87.0378549715503,1.29907246226194,2.59814492452389,0.616016427104723
2020-06-01,40,0,39,0,1,0,49,0,4855,124,4904,124,0,1,0,2,0,37,0,4,1,"Anderson",76978,2.59814492452389,0.00347222222222222,161.084985320481,0,2.59814492452389,0.347222222222222
2020-06-02,40,0,39,0,1,0,49,0,4982,127,5031,127,0,1,0,2,0,37,0,4,1,"Anderson",76978,2.59814492452389,0.0034965034965035,164.982202707267,0,2.59814492452389,0.34965034965035
2020-06-03,41,1,40,1,1,0,50,1,5042,60,5092,61,0,1,1,3,0,37,0,4,2,"Anderson",76978,3.89721738678583,0.00566037735849057,79.2434201979787,1.29907246226194,3.89721738678583,0.566037735849057
2020-06-04,41,0,40,0,1,0,50,0,5090,48,5140,48,1,2,-2,1,1,38,0,4,2,"Anderson",76978,3.89721738678583,0.00566037735849057,62.3554781885734,0,1.29907246226194,0.566037735849057
2020-06-05,42,1,41,1,1,0,53,3,5147,57,5200,60,0,2,1,2,0,38,0,4,2,"Anderson",76978,3.89721738678583,0.0111111111111111,77.9443477357167,1.29907246226194,2.59814492452389,1.11111111111111
2020-06-06,43,1,42,1,1,0,54,1,5200,53,5254,54,0,2,1,3,0,38,0,4,2,"Anderson",76978,5.19628984904778,0.011090573012939,70.149912962145,1.29907246226194,3.89721738678583,1.1090573012939
2020-06-07,45,2,43,1,2,1,57,3,5295,95,5352,98,0,2,2,5,0,38,0,4,2,"Anderson",76978,6.49536231130972,0.013986013986014,127.309101301671,2.59814492452389,6.49536231130973,1.3986013986014
2020-06-08,46,1,44,1,2,0,57,0,5336,41,5393,41,0,2,1,6,0,38,0,4,2,"Anderson",76978,7.79443477357167,0.016359918200409,53.2619709527397,1.29907246226194,7.79443477357167,1.6359918200409
2020-06-09,47,1,45,1,2,0,60,3,5517,181,5577,184,0,2,1,7,0,38,0,4,2,"Anderson",76978,9.09350723583361,0.0201465201465201,239.029333056198,1.29907246226194,9.09350723583361,2.01465201465201
2020-06-10,52,5,50,5,2,0,63,3,5725,208,5788,211,0,2,2,9,3,41,0,4,2,"Anderson",76978,14.2897970848814,0.0186781609195402,274.10428953727,6.49536231130973,11.6916521603575,1.86781609195402
2020-06-11,55,3,53,3,2,0,66,3,5870,145,5936,148,0,2,2,11,1,42,1,5,2,"Anderson",76978,18.1870144716672,0.0201005025125628,192.262724414768,3.89721738678583,14.2897970848814,2.01005025125628
2020-06-12,57,2,55,2,2,0,70,4,5952,82,6022,86,0,2,2,13,0,42,0,5,2,"Anderson",76978,19.4860869339292,0.0206812652068127,111.720231754527,2.59814492452389,16.8879420094053,2.06812652068127
2020-06-13,58,1,55,0,3,1,70,0,5995,43,6065,43,0,2,0,13,1,43,0,5,2,"Anderson",76978,19.4860869339292,0.0197287299630086,55.8601158772636,1.29907246226194,16.8879420094053,1.97287299630086
2020-06-14,60,2,57,2,3,0,70,0,6170,175,6240,175,0,2,1,14,1,44,1,6,2,"Anderson",76978,19.4860869339292,0.0146396396396396,227.33768089584,2.59814492452389,18.1870144716672,1.46396396396396
2020-06-15,60,0,57,0,3,0,71,1,6228,58,6299,59,0,2,0,14,0,44,0,6,2,"Anderson",76978,18.1870144716672,0.0154525386313466,76.6452752734548,0,18.1870144716672,1.54525386313466
2020-06-16,64,4,61,4,3,0,75,4,6289,61,6364,65,0,2,3,17,1,45,0,6,2,"Anderson",76978,22.0842318584531,0.0190597204574333,84.4397100470264,5.19628984904778,22.0842318584531,1.90597204574333
2020-06-17,66,2,63,2,3,0,79,4,6327,38,6406,42,0,2,0,17,2,47,0,6,2,"Anderson",76978,18.1870144716672,0.0258899676375405,54.5610434150017,2.59814492452389,22.0842318584531,2.58899676375405
2020-06-18,70,4,67,4,3,0,84,5,6457,130,6541,135,0,2,2,19,2,49,0,6,2,"Anderson",76978,19.4860869339292,0.0297520661157025,175.374782405363,5.19628984904778,24.682376782977,2.97520661157025
2020-06-19,72,2,69,2,3,0,86,2,6522,65,6608,67,0,2,0,19,2,51,0,6,2,"Anderson",76978,19.4860869339292,0.0273037542662116,87.0378549715503,2.59814492452389,24.682376782977,2.73037542662116
2020-06-20,73,1,70,1,3,0,87,1,6560,38,6647,39,0,2,-1,18,2,53,0,6,2,"Anderson",76978,19.4860869339292,0.0292096219931271,50.6638260282159,1.29907246226194,23.383304320715,2.92096219931271
2020-06-21,74,1,71,1,3,0,88,1,6620,60,6708,61,0,2,-1,17,2,55,0,6,2,"Anderson",76978,18.1870144716672,0.0384615384615385,79.2434201979787,1.29907246226194,22.0842318584531,3.84615384615385
2020-06-22,76,2,73,2,3,0,90,2,6712,92,6802,94,0,2,0,17,2,57,1,7,2,"Anderson",76978,20.7851593961911,0.0377733598409543,122.112811452623,2.59814492452389,22.0842318584531,3.77733598409543
2020-06-23,76,0,73,0,3,0,90,0,6801,89,6891,89,0,2,-1,16,1,58,0,7,2,"Anderson",76978,15.5888695471433,0.0284629981024668,115.617449141313,0,20.7851593961911,2.84629981024668
2020-06-24,77,1,74,1,3,0,91,1,6832,31,6923,32,0,2,-2,14,3,61,0,7,2,"Anderson",76978,14.2897970848814,0.02321083172147,41.5703187923822,1.29907246226194,18.1870144716672,2.321083172147
2020-06-25,81,4,78,4,3,0,92,1,6945,113,7037,114,0,2,0,14,4,65,0,7,2,"Anderson",76978,14.2897970848814,0.0161290322580645,148.094260697862,5.19628984904778,18.1870144716672,1.61290322580645
2020-06-26,86,5,83,5,3,0,98,6,6973,28,7071,34,0,2,3,17,2,67,0,7,2,"Anderson",76978,18.1870144716672,0.0259179265658747,44.1684637169061,6.49536231130973,22.0842318584531,2.59179265658747
2020-06-27,87,1,83,0,4,1,98,0,6985,12,7083,12,0,2,-4,13,5,72,0,7,2,"Anderson",76978,18.1870144716672,0.0252293577981651,15.5888695471433,1.29907246226194,16.8879420094053,2.52293577981651
2020-06-28,91,4,87,4,4,0,106,8,7094,109,7200,117,0,2,3,16,1,73,0,7,2,"Anderson",76978,22.0842318584531,0.0365853658536585,151.991478084648,5.19628984904778,20.7851593961911,3.65853658536585
2020-06-29,97,6,92,5,5,1,114,8,7316,222,7430,230,0,2,3,19,3,76,1,8,2,"Anderson",76978,27.2805217075008,0.0382165605095541,298.786666320247,7.79443477357167,24.682376782977,3.82165605095541
2020-06-30,102,5,96,4,6,1,120,6,7480,164,7600,170,0,2,2,21,3,79,0,8,2,"Anderson",76978,33.7758840188106,0.0423131170662905,220.842318584531,6.49536231130973,27.2805217075008,4.23131170662905
2020-07-01,104,2,98,2,6,0,124,4,7601,121,7725,125,0,2,-2,19,4,83,0,8,2,"Anderson",76978,35.0749564810725,0.0411471321695761,162.384057782743,2.59814492452389,24.682376782977,4.11471321695761
2020-07-02,110,6,104,6,6,0,130,6,7840,239,7970,245,0,2,4,23,2,85,0,8,2,"Anderson",76978,37.6731014055964,0.0407288317256163,318.272753254177,7.79443477357167,29.8786666320247,4.07288317256163
2020-07-03,120,10,113,9,7,1,142,12,7965,125,8107,137,0,2,7,30,3,88,0,8,2,"Anderson",76978,44.1684637169061,0.0424710424710425,177.972927329886,12.9907246226195,38.9721738678584,4.24710424710425
2020-07-04,131,11,124,11,7,0,156,14,8149,184,8305,198,0,2,8,38,3,91,2,10,2,"Anderson",76978,57.1591883395256,0.0474631751227496,257.216347527865,14.2897970848814,49.3647535659539,4.74631751227496
2020-07-05,140,9,133,9,7,0,169,13,8305,156,8474,169,0,2,8,46,1,92,1,11,2,"Anderson",76978,63.6545506508353,0.0494505494505494,219.543246122269,11.6916521603575,59.7573332640495,4.94505494505495
2020-07-06,141,1,134,1,7,0,170,1,8332,27,8502,28,0,2,-4,42,5,97,0,11,2,"Anderson",76978,57.1591883395256,0.0522388059701493,36.3740289433345,1.29907246226194,54.5610434150017,5.22388059701492
2020-07-07,157,16,150,16,7,0,190,20,8565,233,8755,253,0,2,12,54,4,101,0,11,2,"Anderson",76978,71.448985424407,0.0606060606060606,328.665332952272,20.7851593961911,70.149912962145,6.06060606060606
2020-07-08,173,16,165,15,8,1,206,16,8705,140,8911,156,0,2,10,64,6,107,0,11,2,"Anderson",76978,89.6359998960742,0.0691399662731872,202.655304112863,20.7851593961911,83.1406375847645,6.91399662731872
2020-07-09,187,14,179,14,8,0,220,14,8973,268,9193,282,0,2,11,75,3,110,0,11,2,"Anderson",76978,100.02857959417,0.0735895339329518,366.338434357868,18.1870144716672,97.4304346696459,7.35895339329518
2020-07-10,193,6,185,6,8,0,227,7,9003,30,9230,37,0,2,1,76,5,115,1,12,2,"Anderson",76978,94.832289745122,0.0756901157613535,48.065681103692,7.79443477357167,98.7295071319078,7.56901157613535
2020-07-11,201,8,193,8,8,0,235,8,9172,169,9407,177,0,2,1,77,7,122,1,13,2,"Anderson",76978,90.9350723583361,0.0716878402903811,229.935825820364,10.3925796980956,100.02857959417,7.16878402903811
2020-07-12,212,11,204,11,8,0,248,13,9355,183,9603,196,0,2,6,83,5,127,0,13,2,"Anderson",76978,93.53321728286,0.0699734278122232,254.618202603341,14.2897970848814,107.823014367741,6.99734278122232
2020-07-13,218,6,209,5,9,1,255,7,9394,39,9649,46,0,2,-6,77,12,139,2,15,2,"Anderson",76978,100.02857959417,0.0741063644289451,59.7573332640495,7.79443477357167,100.02857959417,7.41063644289451
2020-07-14,229,11,219,10,10,1,266,11,9534,140,9800,151,0,2,0,77,11,150,0,15,2,"Anderson",76978,93.53321728286,0.0727272727272727,196.159941801554,14.2897970848814,100.02857959417,7.27272727272727
2020-07-15,245,16,234,15,11,1,285,19,9636,102,9921,121,0,2,0,77,16,166,0,15,2,"Anderson",76978,93.53321728286,0.0782178217821782,157.187767933695,20.7851593961911,100.02857959417,7.82178217821782
2020-07-16,263,18,252,18,11,0,308,23,9925,289,10233,312,0,2,4,81,14,180,1,16,2,"Anderson",76978,98.7295071319078,0.0846153846153846,405.310608225727,23.383304320715,105.224869443218,8.46153846153846
2020-07-17,270,7,259,7,11,0,317,9,9996,71,10313,80,0,2,-8,73,15,195,1,17,3,"Anderson",76978,100.02857959417,0.0831024930747922,103.925796980956,9.09350723583361,94.832289745122,8.31024930747922
2020-07-18,277,7,266,7,11,0,328,11,10210,214,10538,225,0,2,-4,69,11,206,0,17,3,"Anderson",76978,98.7295071319078,0.0822281167108753,292.291304008938,9.09350723583361,89.6359998960742,8.22281167108753
2020-07-19,285,8,274,8,11,0,337,9,10291,81,10628,90,0,2,-5,64,13,219,2,19,3,"Anderson",76978,94.832289745122,0.0868292682926829,116.916521603575,10.3925796980956,83.1406375847645,8.68292682926829
2020-07-20,313,28,302,28,11,0,367,30,10460,169,10827,199,1,3,9,73,18,237,0,19,3,"Anderson",76978,123.411883914885,0.0950764006791171,258.515419990127,36.3740289433345,94.832289745122,9.50764006791171
2020-07-21,336,23,324,22,12,1,391,24,10752,292,11143,316,0,3,12,85,11,248,1,20,3,"Anderson",76978,139.000753462028,0.0930752047654505,410.506898074775,29.8786666320247,110.421159292265,9.30752047654505
2020-07-22,365,29,352,28,13,1,424,33,10887,135,11311,168,0,3,13,98,16,264,0,20,3,"Anderson",76978,155.888695471433,0.1,218.244173660007,37.6731014055964,127.309101301671,10
2020-07-23,388,23,375,23,13,0,455,31,11314,427,11769,458,0,3,9,107,14,278,2,22,3,"Anderson",76978,162.384057782743,0.095703125,594.975187715971,29.8786666320247,139.000753462028,9.5703125
2020-07-24,394,6,381,6,13,0,463,8,11426,112,11889,120,0,3,-16,91,22,300,0,22,4,"Anderson",76978,161.084985320481,0.0926395939086294,155.888695471433,7.79443477357167,118.215594065837,9.26395939086294
2020-07-25,426,32,412,31,14,1,499,36,11683,257,12182,293,1,4,26,117,5,305,1,23,4,"Anderson",76978,193.56179687703,0.104014598540146,380.62823144275,41.5703187923822,151.991478084648,10.4014598540146
2020-07-26,465,39,450,38,15,1,541,42,12086,403,12627,445,0,4,31,148,8,313,2,25,4,"Anderson",76978,233.83304320715,0.102051025512756,578.087245706565,50.6638260282159,192.262724414768,10.2051025512756
2020-07-27,483,18,467,17,16,1,562,21,12266,180,12828,201,0,4,-19,129,37,350,1,26,4,"Anderson",76978,220.842318584531,0.0974512743628186,261.113564914651,23.383304320715,167.580347631791,9.74512743628186
2020-07-28,523,40,507,40,16,0,608,46,12646,380,13254,426,0,4,24,153,16,366,1,27,5,"Anderson",76978,242.926550442984,0.10279488394126,553.404868923589,51.9628984904778,198.758086726078,10.279488394126
2020-07-29,527,4,511,4,16,0,612,4,12682,36,13294,40,1,5,-15,138,18,384,0,27,5,"Anderson",76978,210.449738886435,0.0948058497226425,51.9628984904778,5.19628984904778,179.271999792148,9.48058497226425
2020-07-30,564,37,548,37,16,0,665,53,13167,485,13832,538,0,5,20,158,17,401,0,27,5,"Anderson",76978,228.636753358102,0.101793504604944,698.900984696926,48.065681103692,205.253449037387,10.1793504604944
2020-07-31,576,12,560,12,16,0,679,14,13349,182,14028,196,0,5,-8,150,20,421,0,27,5,"Anderson",76978,236.431188131674,0.100981767180926,254.618202603341,15.5888695471433,194.860869339292,10.0981767180926
2020-08-01,599,23,583,23,16,0,704,25,13758,409,14462,434,0,5,17,167,6,427,1,28,5,"Anderson",76978,224.739535971316,0.0899122807017544,563.797448621684,29.8786666320247,216.945101197745,8.99122807017544
2020-08-02,606,7,590,7,16,0,711,7,13886,128,14597,135,0,5,2,169,5,432,1,29,6,"Anderson",76978,183.169217178934,0.0862944162436548,175.374782405363,9.09350723583361,219.543246122269,8.62944162436548
2020-08-03,631,25,614,24,17,1,742,31,14113,227,14855,258,0,5,14,183,11,443,0,29,6,"Anderson",76978,192.262724414768,0.0888011840157869,335.160695263582,32.4768115565486,237.730260593936,8.88011840157869
2020-08-04,638,7,621,7,17,0,750,8,14356,243,15106,251,2,7,-19,164,24,467,0,29,6,"Anderson",76978,149.393333160124,0.0766738660907127,326.067188027748,9.09350723583361,213.047883810959,7.66738660907127
2020-08-05,653,15,636,15,17,0,769,19,14565,209,15334,228,-1,6,-1,163,17,484,0,29,6,"Anderson",76978,163.683130245005,0.0769607843137255,296.188521395723,19.4860869339292,211.748811348697,7.69607843137255
2020-08-06,675,22,658,22,17,0,799,30,14886,321,15685,351,0,6,3,166,19,503,1,30,6,"Anderson",76978,144.197043311076,0.0723151645979493,455.974434253943,28.5795941697628,215.646028735483,7.23151645979493
2020-08-07,679,4,662,4,17,0,803,4,14967,81,15770,85,0,6,-21,145,25,528,0,30,6,"Anderson",76978,133.80446361298,0.0711825487944891,110.421159292265,5.19628984904778,188.365507027982,7.11825487944891
2020-08-08,690,11,673,11,17,0,819,16,15287,320,16106,336,0,6,1,146,10,538,0,30,6,"Anderson",76978,118.215594065837,0.0699513381995134,436.488347320014,14.2897970848814,189.664579490244,6.99513381995134
2020-08-09,697,7,680,7,17,0,828,9,15424,137,16252,146,0,6,-9,137,16,554,0,30,6,"Anderson",76978,118.215594065837,0.0706948640483384,189.664579490244,9.09350723583361,177.972927329886,7.06948640483384
2020-08-10,702,5,685,5,17,0,834,6,15563,139,16397,145,0,6,-11,126,16,570,0,30,6,"Anderson",76978,92.2341448205981,0.059662775616083,188.365507027982,6.49536231130973,163.683130245005,5.9662775616083
2020-08-11,723,21,706,21,17,0,856,22,15766,203,16622,225,0,6,9,135,12,582,1,31,6,"Anderson",76978,110.421159292265,0.0699208443271768,292.291304008938,27.2805217075008,175.374782405363,6.99208443271768
2020-08-12,731,8,714,8,17,0,864,8,16006,240,16870,248,0,6,-8,127,16,598,0,31,6,"Anderson",76978,101.327652056432,0.0618489583333333,322.169970640962,10.3925796980956,164.982202707267,6.18489583333333
2020-08-13,749,18,732,18,17,0,888,24,16234,228,17122,252,1,7,3,130,14,612,2,33,6,"Anderson",76978,96.1313622073839,0.0619345859429367,327.36626049001,23.383304320715,168.879420094053,6.19345859429367
2020-08-14,766,17,748,16,18,1,910,22,16563,329,17473,351,0,7,-9,121,26,638,0,33,6,"Anderson",76978,113.019304216789,0.0628302994715208,455.974434253943,22.0842318584531,157.187767933695,6.28302994715208
2020-08-15,776,10,758,10,18,0,922,12,16786,223,17708,235,-1,6,5,126,6,644,0,33,6,"Anderson",76978,111.720231754527,0.0642946317103621,305.282028631557,12.9907246226195,163.683130245005,6.4294631710362
2020-08-16,788,12,770,12,18,0,936,14,16928,142,17864,156,0,6,7,133,5,649,0,33,7,"Anderson",76978,118.215594065837,0.0669975186104218,202.655304112863,15.5888695471433,172.776637480839,6.69975186104218
2020-08-17,792,4,774,4,18,0,939,3,16971,43,17910,46,0,6,-13,120,17,666,0,33,7,"Anderson",76978,116.916521603575,0.069398545935228,59.7573332640495,5.19628984904778,155.888695471433,6.9398545935228
2020-08-18,806,14,788,14,18,0,956,17,17135,164,18091,181,0,6,5,125,9,675,0,33,7,"Anderson",76978,107.823014367741,0.068073519400953,235.132115669412,18.1870144716672,162.384057782743,6.8073519400953
2020-08-19,820,14,802,14,18,0,970,14,17309,174,18279,188,0,6,0,125,14,689,0,33,7,"Anderson",76978,115.617449141313,0.0752306600425834,244.225622905246,18.1870144716672,162.384057782743,7.52306600425834
2020-08-20,835,15,817,15,18,0,986,16,17751,442,18737,458,0,6,5,130,10,699,0,33,8,"Anderson",76978,111.720231754527,0.0606811145510836,594.975187715971,19.4860869339292,168.879420094053,6.06811145510836
2020-08-21,838,3,820,3,18,0,989,3,17787,36,18776,39,1,7,-7,123,9,708,0,33,8,"Anderson",76978,93.53321728286,0.0606293169608596,50.6638260282159,3.89721738678583,159.785912858219,6.06293169608596
2020-08-22,856,18,838,18,18,0,1008,19,18331,544,19339,563,1,8,10,133,7,715,1,34,8,"Anderson",76978,103.925796980956,0.052728387492336,731.377796253475,23.383304320715,172.776637480839,5.2728387492336
2020-08-23,857,1,839,1,18,0,1009,1,18415,84,19424,85,0,8,-5,128,6,721,0,34,8,"Anderson",76978,89.6359998960742,0.0467948717948718,110.421159292265,1.29907246226194,166.281275169529,4.67948717948718
2020-08-24,858,1,839,0,19,1,1009,0,18454,39,19463,39,0,8,-19,109,20,741,0,34,8,"Anderson",76978,85.7387825092884,0.0450740502253702,50.6638260282159,1.29907246226194,141.598898386552,4.50740502253703
2020-08-25,866,8,847,8,19,0,1017,8,18606,152,19623,160,0,8,-2,107,10,751,1,35,8,"Anderson",76978,77.9443477357167,0.0398172323759791,207.851593961911,10.3925796980956,139.000753462028,3.98172323759791
2020-08-26,872,6,853,6,19,0,1023,6,18786,180,19809,186,0,8,-14,93,20,771,0,35,8,"Anderson",76978,67.5517680376211,0.034640522875817,241.627477980722,7.79443477357167,120.813738990361,3.4640522875817
2020-08-27,875,3,856,3,19,0,1026,3,19197,411,20223,414,0,8,-16,77,19,790,0,35,8,"Anderson",76978,51.9628984904778,0.0269179004037685,537.815999376445,3.89721738678583,100.02857959417,2.69179004037685
2020-08-28,875,0,856,0,19,0,1026,0,19235,38,20261,38,0,8,-20,57,20,810,0,35,8,"Anderson",76978,48.065681103692,0.0249158249158249,49.3647535659539,0,74.0471303489309,2.49158249158249
2020-08-29,884,9,864,8,20,1,1034,8,19497,262,20531,270,0,8,3,60,6,816,0,35,8,"Anderson",76978,36.3740289433345,0.0218120805369128,350.749564810725,11.6916521603575,77.9443477357167,2.18120805369128
2020-08-30,900,16,880,16,20,0,1050,16,19580,83,20630,99,0,8,8,68,8,824,0,35,8,"Anderson",76978,55.8601158772636,0.0339966832504146,128.608173763933,20.7851593961911,88.3369274338123,3.39966832504146
2020-08-31,902,2,882,2,20,0,1052,2,19638,58,20690,60,0,8,-15,53,17,841,0,35,8,"Anderson",76978,57.1591883395256,0.0350448247758761,77.9443477357167,2.59814492452389,68.8508404998831,3.50448247758761
2020-09-01,909,7,888,6,21,1,1058,6,19749,111,20807,117,0,8,0,53,7,848,0,35,8,"Anderson",76978,55.8601158772636,0.0346283783783784,151.991478084648,9.09350723583361,68.8508404998831,3.46283783783784
2020-09-02,917,8,894,6,23,2,1068,10,20065,316,21133,326,0,8,5,58,3,851,0,35,8,"Anderson",76978,58.4582608017875,0.033987915407855,423.497622697394,10.3925796980956,75.3462028111928,3.3987915407855
2020-09-03,933,16,908,14,25,2,1084,16,20389,324,21473,340,0,8,10,68,6,857,0,35,9,"Anderson",76978,75.3462028111928,0.0464,441.684637169061,20.7851593961911,88.3369274338123,4.64
2020-09-04,942,9,916,8,26,1,1094,10,20578,189,21672,199,0,8,6,74,3,860,0,35,9,"Anderson",76978,87.0378549715503,0.0481927710843374,258.515419990127,11.6916521603575,96.1313622073839,4.81927710843374
2020-09-05,961,19,935,19,26,0,1115,21,20847,269,21962,290,0,8,16,90,3,863,1,36,10,"Anderson",76978,100.02857959417,0.0566037735849057,376.731014055964,24.682376782977,116.916521603575,5.66037735849057
2020-09-06,963,2,937,2,26,0,1117,2,20903,56,22020,58,0,8,-1,89,3,866,0,36,10,"Anderson",76978,81.8415651225025,0.0482014388489209,75.3462028111928,2.59814492452389,115.617449141313,4.82014388489209
2020-09-07,966,3,940,3,26,0,1122,5,20991,88,22113,93,0,8,-8,81,11,877,0,36,10,"Anderson",76978,83.1406375847645,0.0491918482080112,120.813738990361,3.89721738678583,105.224869443218,4.91918482080112
2020-09-08,975,9,943,3,32,6,1126,4,21166,175,22292,179,1,9,4,85,4,881,0,36,10,"Anderson",76978,85.7387825092884,0.0457912457912458,232.533970744888,11.6916521603575,110.421159292265,4.57912457912458
2020-09-09,984,9,952,9,32,0,1135,9,21407,241,22542,250,0,9,-3,82,12,893,1,37,11,"Anderson",76978,87.0378549715503,0.0475514549325763,324.768115565486,11.6916521603575,106.523941905479,4.75514549325763
2020-09-10,1013,29,980,28,33,1,1165,30,21776,369,22941,399,1,10,25,107,3,896,0,37,11,"Anderson",76978,103.925796980956,0.0551771117166213,518.329912442516,37.6731014055964,139.000753462028,5.51771117166213
2020-09-11,1014,1,981,1,33,0,1167,2,21909,133,23076,135,0,10,-13,94,14,910,0,37,11,"Anderson",76978,93.53321728286,0.051994301994302,175.374782405363,1.29907246226194,122.112811452623,5.1994301994302
2020-09-12,1017,3,984,3,33,0,1172,5,22051,142,23223,147,0,10,-5,89,8,918,0,37,11,"Anderson",76978,72.7480578866689,0.0452022204599524,190.963651952506,3.89721738678583,115.617449141313,4.52022204599524
2020-09-13,1038,21,1004,20,34,1,1193,21,22295,244,23488,265,0,10,16,105,5,923,1,38,11,"Anderson",76978,97.4304346696459,0.0517711171662125,344.254202499415,27.2805217075008,136.402608537504,5.17711171662125
2020-09-14,1044,6,1009,5,35,1,1199,6,22401,106,23600,112,0,10,-7,98,13,936,1,39,11,"Anderson",76978,101.327652056432,0.0517821116341627,145.496115773338,7.79443477357167,127.309101301671,5.17821116341627
2020-09-15,1060,16,1025,16,35,0,1216,17,22641,240,23857,257,1,11,5,103,10,946,1,40,12,"Anderson",76978,110.421159292265,0.0575079872204473,333.86162280132,20.7851593961911,133.80446361298,5.75079872204473
2020-09-16,1068,8,1033,8,35,0,1228,12,22777,136,24005,148,0,11,-5,98,13,959,0,40,12,"Anderson",76978,109.122086830003,0.063568010936432,192.262724414768,10.3925796980956,127.309101301671,6.3568010936432
2020-09-17,1090,22,1053,20,37,2,1248,20,23198,421,24446,441,0,11,15,113,7,966,1,41,12,"Anderson",76978,100.02857959417,0.0551495016611296,572.890955857518,28.5795941697628,146.7951882356,5.51495016611296
2020-09-18,1109,19,1072,19,37,0,1266,18,23422,224,24688,242,0,11,6,119,13,979,0,41,12,"Anderson",76978,123.411883914885,0.0614143920595533,314.375535867391,24.682376782977,154.589623009171,6.14143920595533
2020-09-19,1124,15,1087,15,37,0,1287,21,23704,282,24991,303,0,11,9,128,6,985,1,42,12,"Anderson",76978,139.000753462028,0.0650452488687783,393.618956065369,19.4860869339292,166.281275169529,6.50452488687783
2020-09-20,1131,7,1094,7,37,0,1297,10,23856,152,25153,162,0,11,0,128,7,992,0,42,13,"Anderson",76978,120.813738990361,0.0624624624624625,210.449738886435,9.09350723583361,166.281275169529,6.24624624624625
2020-09-21,1133,2,1096,2,37,0,1299,2,23889,33,25188,35,0,11,-6,122,8,1000,0,42,13,"Anderson",76978,115.617449141313,0.0629722921914358,45.4675361791681,2.59814492452389,158.486840395957,6.29722921914358
2020-09-22,1147,14,1110,14,37,0,1316,17,24137,248,25453,265,0,11,0,122,14,1014,1,43,13,"Anderson",76978,113.019304216789,0.06265664160401,344.254202499415,18.1870144716672,158.486840395957,6.265664160401
2020-09-23,1147,0,1110,0,37,0,1316,0,24178,41,25494,41,0,11,-12,110,12,1026,0,43,13,"Anderson",76978,102.626724518694,0.0591000671591672,53.2619709527397,0,142.897970848814,5.91000671591672
2020-09-24,1160,13,1123,13,37,0,1331,15,24502,324,25833,339,1,12,0,110,12,1038,0,43,13,"Anderson",76978,90.9350723583361,0.0598413842826244,440.385564706799,16.8879420094053,142.897970848814,5.98413842826244
2020-09-25,1174,14,1136,13,38,1,1344,13,24738,236,26082,249,1,13,-2,108,15,1053,0,43,13,"Anderson",76978,84.4397100470264,0.0559540889526542,323.469043103224,18.1870144716672,140.29982592429,5.59540889526542
2020-09-26,1188,14,1150,14,38,0,1361,17,25038,300,26399,317,0,13,8,116,6,1059,0,43,13,"Anderson",76978,83.1406375847645,0.0525568181818182,411.805970537037,18.1870144716672,150.692405622386,5.25568181818182
2020-09-27,1207,19,1167,17,40,2,1377,16,25245,207,26622,223,0,13,12,128,7,1066,0,43,13,"Anderson",76978,98.7295071319078,0.0544588155207624,289.693159084414,24.682376782977,166.281275169529,5.44588155207624
2020-09-28,1210,3,1169,2,41,1,1379,2,25282,37,26661,39,0,13,-9,119,12,1078,0,43,13,"Anderson",76978,100.02857959417,0.0543109300746775,50.6638260282159,3.89721738678583,154.589623009171,5.43109300746775
2020-09-29,1221,11,1179,10,42,1,1389,10,25576,294,26965,304,0,13,-7,112,18,1096,0,43,13,"Anderson",76978,96.1313622073839,0.0482804232804233,394.918028527631,14.2897970848814,145.496115773338,4.82804232804233
2020-09-30,1233,12,1189,10,44,2,1399,10,25642,66,27041,76,0,13,3,115,9,1105,0,43,13,"Anderson",76978,111.720231754527,0.0536522301228184,98.7295071319078,15.5888695471433,149.393333160124,5.36522301228184
2020-10-01,1249,16,1203,14,46,2,1414,15,25922,280,27336,295,0,13,4,119,12,1117,0,43,13,"Anderson",76978,115.617449141313,0.0552228875582169,383.226376367274,20.7851593961911,154.589623009171,5.52228875582169
2020-10-02,1256,7,1209,6,47,1,1421,7,26004,82,27425,89,0,13,1,120,6,1123,0,43,13,"Anderson",76978,106.523941905479,0.0573343261355175,115.617449141313,9.09350723583361,155.888695471433,5.73343261355175
2020-10-03,1272,16,1225,16,47,0,1445,24,26268,264,27713,288,0,13,3,123,13,1136,0,43,13,"Anderson",76978,109.122086830003,0.0639269406392694,374.13286913144,20.7851593961911,159.785912858219,6.39269406392694
2020-10-04,1288,16,1239,14,49,2,1461,16,26605,337,28066,353,0,13,8,131,8,1144,0,43,13,"Anderson",76978,105.224869443218,0.0581717451523546,458.572579178467,20.7851593961911,170.178492556315,5.81717451523546
2020-10-05,1314,26,1264,25,50,1,1488,27,26816,211,28304,238,0,13,11,142,15,1159,1,44,13,"Anderson",76978,135.103536075242,0.0663420572124163,309.179246018343,33.7758840188106,184.468289641196,6.63420572124163
2020-10-06,1342,28,1291,27,51,1,1520,32,27153,337,28673,369,0,13,15,157,13,1172,1,45,13,"Anderson",76978,157.187767933695,0.0766978922716628,479.357738574658,36.3740289433345,203.954376575125,7.66978922716628
2020-10-07,1348,6,1297,6,51,0,1528,8,27388,235,28916,243,0,13,-3,154,9,1181,0,45,13,"Anderson",76978,149.393333160124,0.0688,315.674608329653,7.79443477357167,200.05715918834,6.88
2020-10-08,1358,10,1305,8,53,2,1537,9,27627,239,29164,248,0,13,-3,151,13,1194,1,46,13,"Anderson",76978,141.598898386552,0.0672866520787746,322.169970640962,12.9907246226195,196.159941801554,6.72866520787746
2020-10-09,1373,15,1318,13,55,2,1553,16,27800,173,29353,189,0,13,-2,149,17,1211,0,46,13,"Anderson",76978,151.991478084648,0.0684647302904564,245.524695367508,19.4860869339292,193.56179687703,6.84647302904564
2020-10-10,1389,16,1334,16,55,0,1573,20,28012,212,29585,232,0,13,3,152,13,1224,1,47,14,"Anderson",76978,151.991478084648,0.0683760683760684,301.384811244771,20.7851593961911,197.459014263816,6.83760683760684
2020-10-11,1417,28,1362,28,55,0,1604,31,28301,289,29905,320,0,13,18,170,10,1234,0,47,14,"Anderson",76978,167.580347631791,0.0777596519847743,415.703187923822,36.3740289433345,220.842318584531,7.77596519847743
2020-10-12,1433,16,1377,15,56,1,1620,16,28380,79,30000,95,0,13,-11,159,27,1261,0,47,14,"Anderson",76978,154.589623009171,0.0778301886792453,123.411883914885,20.7851593961911,206.552521499649,7.78301886792453
2020-10-13,1453,20,1395,18,58,2,1638,18,28501,121,30139,139,0,13,7,166,13,1274,0,47,14,"Anderson",76978,144.197043311076,0.0804911323328786,180.57107225441,25.9814492452389,215.646028735483,8.04911323328786
2020-10-14,1475,22,1417,22,58,0,1662,24,28801,300,30463,324,0,13,12,178,10,1284,0,47,14,"Anderson",76978,164.982202707267,0.0866192630898513,420.89947777287,28.5795941697628,231.234898282626,8.66192630898513
2020-10-15,1497,22,1433,16,64,6,1676,14,28952,151,30628,165,0,13,2,180,20,1304,1,48,14,"Anderson",76978,180.57107225441,0.0949453551912568,214.346956273221,28.5795941697628,233.83304320715,9.49453551912568
2020-10-16,1504,7,1436,3,68,4,1680,4,29051,99,30731,103,0,13,-11,169,18,1322,0,48,15,"Anderson",76978,170.178492556315,0.0921625544267054,133.80446361298,9.09350723583361,219.543246122269,9.21625544267054
2020-10-17,1532,28,1463,27,69,1,1710,30,29299,248,31009,278,0,13,14,183,14,1336,2,50,15,"Anderson",76978,185.767362103458,0.0962078651685393,361.142144508821,36.3740289433345,237.730260593936,9.62078651685393
2020-10-18,1552,20,1483,20,69,0,1733,23,29538,239,31271,262,0,13,5,188,15,1351,0,50,15,"Anderson",76978,175.374782405363,0.0944363103953148,340.35698511263,25.9814492452389,244.225622905246,9.44363103953148
2020-10-19,1556,4,1487,4,69,0,1738,5,29615,77,31353,82,0,13,-16,172,20,1371,1,51,15,"Anderson",76978,159.785912858219,0.0872135994087214,106.523941905479,5.19628984904778,223.440463509055,8.72135994087214
2020-10-20,1583,27,1514,27,69,0,1773,35,29815,200,31588,235,0,13,6,178,21,1392,0,51,15,"Anderson",76978,168.879420094053,0.093167701863354,305.282028631557,35.0749564810725,231.234898282626,9.3167701863354
2020-10-21,1600,17,1531,17,69,0,1792,19,30031,216,31823,235,0,13,8,186,9,1401,1,52,15,"Anderson",76978,162.384057782743,0.0955882352941176,305.282028631557,22.0842318584531,241.627477980722,9.55882352941176
2020-10-22,1621,21,1552,21,69,0,1817,25,30363,332,32180,357,1,14,-4,182,24,1425,0,52,15,"Anderson",76978,161.084985320481,0.0908505154639175,463.768869027514,27.2805217075008,236.431188131674,9.08505154639175
2020-10-23,1636,15,1566,14,70,1,1833,16,30638,275,32471,291,0,14,-7,175,22,1447,0,52,15,"Anderson",76978,171.477565018577,0.0879310344827586,378.030086518226,19.4860869339292,227.33768089584,8.79310344827586
2020-10-24,1667,31,1596,30,71,1,1866,33,31014,376,32880,409,0,14,19,194,12,1459,2,54,17,"Anderson",76978,175.374782405363,0.0833778727952966,531.320637065136,40.2712463301203,252.020057678817,8.33778727952966
2020-10-25,1684,17,1612,16,72,1,1885,19,31210,196,33095,215,0,14,0,194,17,1476,4,58,17,"Anderson",76978,171.477565018577,0.0833333333333333,279.300579386318,22.0842318584531,252.020057678817,8.33333333333333
2020-10-26,1700,16,1627,15,73,1,1903,18,31344,134,33247,152,-1,13,-11,183,28,1504,1,59,17,"Anderson",76978,187.06643456572,0.087117212249208,197.459014263816,20.7851593961911,237.730260593936,8.7117212249208
2020-10-27,1729,29,1651,24,78,5,1927,24,31499,155,33426,179,1,14,10,193,18,1522,2,61,17,"Anderson",76978,189.664579490244,0.0837867247007617,232.533970744888,37.6731014055964,250.720985216555,8.37867247007617
2020-10-28,1785,56,1705,54,80,2,1986,59,31933,434,33919,493,0,14,33,226,23,1545,0,61,17,"Anderson",76978,240.32840551846,0.0925572519083969,640.442723895139,72.7480578866689,293.5903764712,9.25572519083969
2020-10-29,1814,29,1726,21,88,8,2005,19,32139,206,34144,225,0,14,6,232,23,1568,2,63,17,"Anderson",76978,250.720985216555,0.0957230142566191,292.291304008938,37.6731014055964,301.384811244771,9.57230142566191
2020-10-30,1851,37,1760,34,91,3,2043,38,32290,151,34333,189,2,16,20,252,15,1583,1,64,17,"Anderson",76978,279.300579386318,0.112781954887218,245.524695367508,48.065681103692,327.36626049001,11.2781954887218
2020-10-31,1851,0,1760,0,91,0,2043,0,32291,1,34334,1,0,16,-10,242,10,1593,0,64,19,"Anderson",76978,239.029333056198,0.121733149931224,1.29907246226194,0,314.375535867391,12.1733149931224
2020-11-01,1856,5,1765,5,91,0,2051,8,32535,244,34586,252,0,16,-10,232,15,1608,0,64,19,"Anderson",76978,223.440463509055,0.111334674714956,327.36626049001,6.49536231130973,301.384811244771,11.1334674714956
2020-11-02,1889,33,1796,31,93,2,2086,35,32802,267,34888,302,0,16,8,240,25,1633,0,64,20,"Anderson",76978,245.524695367508,0.111517367458867,392.319883603107,42.8693912546442,311.777390942867,11.1517367458867
2020-11-03,1915,26,1821,25,94,1,2111,25,32982,180,35093,205,0,16,6,246,20,1653,0,64,21,"Anderson",76978,241.627477980722,0.110377924415117,266.309854763699,33.7758840188106,319.571825716438,11.0377924415117
2020-11-04,1933,18,1836,15,97,3,2129,18,33061,79,35190,97,2,18,1,247,15,1668,1,65,21,"Anderson",76978,192.262724414768,0.112509834775767,126.010028839409,23.383304320715,320.8708981787,11.2509834775767
2020-11-05,1957,24,1854,18,103,6,2149,20,33160,99,35309,119,0,18,1,248,23,1691,0,65,22,"Anderson",76978,185.767362103458,0.123605150214592,154.589623009171,31.1777390942867,322.169970640962,12.3605150214592
2020-11-06,2006,49,1900,46,106,3,2198,49,33527,367,35725,416,0,18,24,272,25,1716,2,67,23,"Anderson",76978,201.356231650601,0.111350574712644,540.414144300969,63.6545506508353,353.347709735249,11.1350574712644
2020-11-07,2086,80,1977,77,109,3,2275,77,33974,447,36249,524,0,18,50,322,30,1746,0,67,23,"Anderson",76978,305.282028631557,0.121148825065274,680.713970225259,103.925796980956,418.301332848346,12.1148825065274
2020-11-08,2140,54,2028,51,112,3,2337,62,34584,610,36921,672,0,18,39,361,15,1761,1,68,23,"Anderson",76978,368.936579282392,0.122483940042827,872.976694640027,70.149912962145,468.965158876562,12.2483940042827
2020-11-09,2148,8,2035,7,113,1,2346,9,34658,74,37004,83,0,18,-46,315,54,1815,0,68,23,"Anderson",76978,336.459767725844,0.122873345935728,107.823014367741,10.3925796980956,409.207825612513,12.2873345935728
2020-11-10,2167,19,2053,18,114,1,2368,22,34829,171,37197,193,0,18,-16,299,35,1850,1,69,23,"Anderson",76978,327.36626049001,0.122148288973384,250.720985216555,24.682376782977,388.422666216322,12.2148288973384
2020-11-11,2206,39,2089,36,117,3,2410,42,35102,273,37512,315,1,19,13,312,25,1875,1,70,23,"Anderson",76978,354.646782197511,0.121016365202412,409.207825612513,50.6638260282159,405.310608225727,12.1016365202412
2020-11-12,2213,7,2095,6,118,1,2418,8,35300,198,37718,206,0,19,-13,299,20,1895,0,70,24,"Anderson",76978,332.562550339058,0.111664591116646,267.608927225961,9.09350723583361,388.422666216322,11.1664591116646
2020-11-13,2269,56,2148,53,121,3,2477,59,35562,262,38039,321,2,21,31,330,23,1918,2,72,24,"Anderson",76978,341.656057574892,0.12057044079516,417.002260386084,72.7480578866689,428.693912546442,12.057044079516
2020-11-14,2310,41,2188,40,122,1,2522,45,35958,396,38480,441,1,22,20,350,20,1938,1,73,25,"Anderson",76978,290.992231546676,0.110712684894666,572.890955857518,53.2619709527397,454.675361791681,11.0712684894666
2020-11-15,2408,98,2286,98,122,0,2630,108,36540,582,39170,690,1,23,79,429,18,1956,1,74,25,"Anderson",76978,348.151419886201,0.130280124499778,896.359998960742,127.309101301671,557.302086310374,13.0280124499778
2020-11-16,2457,49,2315,29,142,20,2659,29,36817,277,39476,306,0,23,-6,423,55,2011,1,75,25,"Anderson",76978,401.413390838941,0.126618122977346,397.516173452155,63.6545506508353,549.507651536803,12.6618122977346
2020-11-17,2473,16,2330,15,143,1,2675,16,37023,206,39698,222,2,25,-37,386,51,2062,1,76,26,"Anderson",76978,397.516173452155,0.122750899640144,288.394086622152,20.7851593961911,501.441970433111,12.2750899640144
2020-11-18,2503,30,2356,26,147,4,2701,26,37317,294,40018,320,0,25,-5,381,35,2097,0,76,27,"Anderson",76978,385.824521291798,0.116121308858739,415.703187923822,38.9721738678584,494.946608121801,11.6121308858739
2020-11-19,2561,58,2410,54,151,4,2763,62,37733,416,40496,478,0,25,19,400,39,2136,1,77,27,"Anderson",76978,452.077216867157,0.124190064794816,620.95663696121,75.3462028111928,519.628984904778,12.4190064794816
2020-11-20,2591,30,2437,27,154,3,2794,31,37847,114,40641,145,0,25,-10,390,40,2176,0,77,28,"Anderson",76978,418.301332848346,0.121829362029208,188.365507027982,38.9721738678584,506.638260282159,12.1829362029208
2020-11-21,2648,57,2486,49,162,8,2842,48,38191,344,41033,392,0,25,34,424,23,2199,1,78,28,"Anderson",76978,439.086492244537,0.125342734038386,509.236405206682,74.0471303489309,550.806723999065,12.5342734038386
2020-11-22,2704,56,2535,49,169,7,2899,57,38674,483,41573,540,0,25,42,466,14,2213,1,79,31,"Anderson",76978,384.525448829536,0.111943404078236,701.49912962145,72.7480578866689,605.367767414066,11.1943404078236
2020-11-23,2711,7,2541,6,170,1,2905,6,38696,22,41601,28,0,25,-64,402,71,2284,0,79,32,"Anderson",76978,329.964405414534,0.115764705882353,36.3740289433345,9.09350723583361,522.227129829302,11.5764705882353
2020-11-24,2724,13,2553,12,171,1,2917,12,38853,157,41770,169,2,27,-35,367,46,2330,0,79,32,"Anderson",76978,326.067188027748,0.116795366795367,219.543246122269,16.8879420094053,476.759593650134,11.6795366795367
2020-11-25,2752,28,2574,21,178,7,2938,21,38890,37,41828,58,1,28,-11,356,38,2368,0,79,32,"Anderson",76978,323.469043103224,0.130939226519337,75.3462028111928,36.3740289433345,462.469796565252,13.0939226519337
2020-11-26,2797,45,2616,42,181,3,2983,45,39240,350,42223,395,0,28,-30,326,75,2443,1,80,33,"Anderson",76978,306.581101093819,0.127388535031847,513.133622593468,58.4582608017875,423.497622697394,12.7388535031847
2020-11-27,2896,99,2706,90,190,9,3078,95,39666,426,42744,521,0,28,56,382,43,2486,3,83,35,"Anderson",76978,396.217100989893,0.135045173561579,676.816752838473,128.608173763933,496.245680584063,13.5045173561579
2020-11-28,2927,31,2731,25,196,6,3108,30,39809,143,42917,173,1,29,5,387,25,2511,2,85,35,"Anderson",76978,362.441216971083,0.141188959660297,224.739535971316,40.2712463301203,502.741042895373,14.1188959660297
2020-11-29,3018,91,2820,89,198,2,3204,96,40246,437,43450,533,0,29,65,452,26,2537,1,86,35,"Anderson",76978,407.908753150251,0.162493340436867,692.405622385617,118.215594065837,587.180752942399,16.2493340436867
2020-11-30,3088,70,2886,66,202,4,3277,73,40498,252,43775,325,0,29,1,453,69,2606,0,86,37,"Anderson",76978,489.750318272753,0.171113155473781,422.198550235132,90.9350723583361,588.479825404661,17.1113155473781
2020-12-01,3164,76,2952,66,212,10,3349,72,40929,431,44278,503,1,30,14,467,61,2667,6,92,38,"Anderson",76978,571.591883395256,0.172248803827751,653.433448517758,98.7295071319078,606.666839876328,17.2248803827751
2020-12-02,3179,15,2966,14,213,1,3365,16,41037,108,44402,124,0,30,-40,427,55,2722,0,92,38,"Anderson",76978,554.70394138585,0.165889665889666,161.084985320481,19.4860869339292,554.70394138585,16.5889665889666
2020-12-03,3220,41,2995,29,225,12,3398,33,41261,224,44659,257,1,31,-14,413,54,2776,1,93,39,"Anderson",76978,549.507651536803,0.170361247947455,333.86162280132,53.2619709527397,536.516926914183,17.0361247947455
2020-12-04,3287,67,3055,60,232,7,3461,63,41419,158,44880,221,1,32,-25,388,91,2867,0,93,39,"Anderson",76978,507.93733274442,0.179307116104869,287.09501415989,87.0378549715503,504.040115357635,17.9307116104869
2020-12-05,3318,31,3074,19,244,12,3479,18,41486,67,44965,85,0,32,1,389,30,2897,0,93,39,"Anderson",76978,507.93733274442,0.18115234375,110.421159292265,40.2712463301203,505.339187819897,18.115234375
2020-12-06,3354,36,3103,29,251,7,3507,28,41694,208,45201,236,0,32,12,401,24,2921,2,95,40,"Anderson",76978,436.488347320014,0.173043974871502,306.581101093819,46.76660864143,520.92805736704,17.3043974871502
2020-12-07,3494,140,3227,124,267,16,3643,136,42287,593,45930,729,2,34,28,429,110,3031,4,99,41,"Anderson",76978,527.42341967835,0.169837587006961,947.023824988958,181.870144716672,557.302086310374,16.9837587006961
2020-12-08,3565,71,3276,49,289,22,3695,52,42585,298,46280,350,1,35,-8,421,78,3109,2,101,43,"Anderson",76978,520.92805736704,0.172827172827173,454.675361791681,92.2341448205981,546.909506612279,17.2827172827173
2020-12-09,3670,105,3367,91,303,14,3799,104,42846,261,46645,365,0,35,46,467,59,3168,3,104,44,"Anderson",76978,637.844578970615,0.193490860454748,474.16144872561,136.402608537504,606.666839876328,19.3490860454748
2020-12-10,3764,94,3445,78,319,16,3886,87,43378,532,47264,619,3,38,81,548,10,3178,3,107,45,"Anderson",76978,706.695419470498,0.187332053742802,804.125854140144,122.112811452623,711.891709319546,18.7332053742802
2020-12-11,3837,73,3498,53,339,20,3937,51,43544,166,47481,217,1,39,30,578,42,3220,2,109,45,"Anderson",76978,714.48985424407,0.183006535947712,281.898724310842,94.832289745122,750.863883187404,18.3006535947712
2020-12-12,3925,88,3559,61,366,27,4002,65,44057,513,48059,578,0,39,55,633,33,3253,2,111,45,"Anderson",76978,788.536984593001,0.169036845507434,750.863883187404,114.318376679051,822.312868611811,16.9036845507434
2020-12-13,4157,232,3742,183,415,49,4206,204,44929,872,49135,1076,1,40,188,821,43,3296,0,111,47,"Anderson",76978,1043.15518719634,0.177681748856126,1397.80196939385,301.384811244771,1066.53849151706,17.7681748856126
2020-12-14,4272,115,3827,85,445,30,4305,99,45220,291,49525,390,0,40,-37,784,152,3448,1,112,48,"Anderson",76978,1010.67837563979,0.184144645340751,506.638260282159,149.393333160124,1018.47281041336,18.4144645340751
2020-12-15,4407,135,3912,85,495,50,4401,96,45747,527,50148,623,1,41,42,826,92,3540,6,118,51,"Anderson",76978,1093.81901322456,0.182523267838676,809.322143989192,175.374782405363,1073.03385382837,18.2523267838676
2020-12-16,4476,69,3942,30,534,39,4437,36,46070,323,50507,359,2,43,-17,809,84,3624,4,122,52,"Anderson",76978,1047.05240458313,0.165199378560331,466.367013952038,89.6359998960742,1050.94962196991,16.5199378560331
2020-12-17,4677,201,4116,174,561,27,4631,194,46598,528,51229,722,2,45,114,923,85,3709,2,124,54,"Anderson",76978,1186.05315804516,0.187894073139975,937.930317753124,261.113564914651,1199.04388266778,18.7894073139975
2020-12-18,4775,98,4192,76,583,22,4718,87,46964,366,51682,453,1,46,23,946,74,3783,2,126,54,"Anderson",76978,1218.5299696017,0.185908117114973,588.479825404661,127.309101301671,1228.9225492998,18.5908117114973
2020-12-19,4880,105,4273,81,607,24,4805,87,47222,258,52027,345,0,46,74,1020,31,3814,1,127,55,"Anderson",76978,1240.61420146016,0.202368951612903,448.179999480371,136.402608537504,1325.05391150718,20.2368951612903
2020-12-20,5020,140,4395,122,625,18,4942,137,47686,464,52628,601,2,48,84,1104,54,3868,3,130,56,"Anderson",76978,1121.09953493206,0.2107071285428,780.742549819429,181.870144716672,1434.17599833719,21.07071285428
2020-12-21,5068,48,4413,18,655,30,4965,23,47906,220,52871,243,3,51,-83,1021,128,3996,2,132,59,"Anderson",76978,1034.06167996051,0.197250448296473,315.674608329653,62.3554781885734,1326.35298396945,19.7250448296473
2020-12-22,5138,70,4457,44,681,26,5012,47,48012,106,53024,153,1,52,-31,990,100,4096,2,134,64,"Anderson",76978,949.621969913482,0.212447844228095,198.758086726078,90.9350723583361,1286.08173763933,21.2447844228095
2020-12-23,5212,74,4499,42,713,32,5055,43,48328,316,53383,359,2,54,-8,982,80,4176,2,136,66,"Anderson",76978,956.117332224792,0.214881780250348,466.367013952038,96.1313622073839,1275.68915794123,21.4881780250348
2020-12-24,5270,58,4523,24,747,34,5082,27,48480,152,53562,179,1,55,-47,935,104,4280,1,137,71,"Anderson",76978,770.349970121333,0.193313330475782,232.533970744888,75.3462028111928,1214.63275221492,19.3313330475782
2020-12-25,5364,94,4601,78,763,16,5175,93,48889,409,54064,502,0,55,-16,919,110,4390,1,138,72,"Anderson",76978,765.153680272286,0.191855583543241,652.134376055496,122.112811452623,1193.84759281873,19.1855583543241
2020-12-26,5420,56,4630,29,790,27,5203,28,49008,119,54211,147,0,55,6,925,50,4440,3,141,74,"Anderson",76978,701.49912962145,0.182234432234432,190.963651952506,72.7480578866689,1201.6420275923,18.2234432234432
2020-12-27,5480,60,4667,37,813,23,5239,36,49144,136,54383,172,1,56,29,954,30,4470,6,147,75,"Anderson",76978,597.573332640495,0.169230769230769,223.440463509055,77.9443477357167,1239.3151289979,16.9230769230769
2020-12-28,5527,47,4688,21,839,26,5259,20,49213,69,54472,89,2,58,-85,869,130,4600,4,151,82,"Anderson",76978,596.274260178233,0.183635227982511,115.617449141313,61.0564057263114,1128.89396970563,18.3635227982511
2020-12-29,5623,96,4740,52,883,44,5307,48,49308,95,54615,143,2,60,-34,835,128,4728,5,156,85,"Anderson",76978,630.050144197043,0.185417976115651,185.767362103458,124.710956377147,1084.72550598872,18.5417976115651
2020-12-30,5658,35,4758,18,900,17,5324,17,49436,128,54760,145,6,66,-89,746,118,4846,1,157,88,"Anderson",76978,579.386318168827,0.195352214960058,188.365507027982,45.4675361791681,969.108056847411,19.5352214960058
2020-12-31,5821,163,4858,100,963,63,5426,102,49740,304,55166,406,6,72,63,809,94,4940,1,158,93,"Anderson",76978,715.788926706332,0.214463840399002,527.42341967835,211.748811348697,1050.94962196991,21.4463840399002
2021-01-01,5886,65,4900,42,986,23,5481,55,50016,276,55497,331,0,72,-25,784,90,5030,2,160,94,"Anderson",76978,678.115825300735,0.213538032100488,429.992985008704,84.4397100470264,1018.47281041336,21.3538032100488
2021-01-02,5979,93,4941,41,1038,52,5522,41,50301,285,55823,326,0,72,48,832,45,5075,2,162,96,"Anderson",76978,726.181506404427,0.197890818858561,423.497622697394,120.813738990361,1080.82828860194,19.7890818858561
2021-01-03,6004,25,4953,12,1051,13,5538,16,50353,52,55891,68,0,72,-9,823,34,5109,1,163,98,"Anderson",76978,680.713970225259,0.198275862068966,88.3369274338123,32.4768115565486,1069.13663644158,19.8275862068966
2021-01-04,6041,37,4977,24,1064,13,5569,31,50460,107,56029,138,1,73,-57,766,93,5202,0,163,103,"Anderson",76978,667.72324560264,0.199100834938985,179.271999792148,48.065681103692,995.08950609265,19.9100834938985
2021-01-05,6113,72,5008,31,1105,41,5600,31,50578,118,56178,149,2,75,-48,718,118,5320,2,165,106,"Anderson",76978,636.545506508353,0.187460012795905,193.56179687703,93.53321728286,932.734027904076,18.7460012795905
2021-01-06,6187,74,5048,40,1139,34,5643,43,50739,161,56382,204,5,80,-12,706,81,5401,2,167,108,"Anderson",76978,687.209332536569,0.196670776818742,265.010782301437,96.1313622073839,917.145158356933,19.6670776818742
2021-01-07,6292,105,5128,80,1164,25,5735,92,50960,221,56695,313,1,81,65,771,39,5440,1,168,111,"Anderson",76978,611.863129725376,0.202092871157619,406.609680687989,136.402608537504,1001.58486840396,20.2092871157619
2021-01-08,6374,82,5178,50,1196,32,5787,52,51159,199,56946,251,5,86,61,832,16,5456,2,170,114,"Anderson",76978,633.947361583829,0.211180124223602,326.067188027748,106.523941905479,1080.82828860194,21.1180124223602
2021-01-09,6485,111,5247,69,1238,42,5862,75,51590,431,57452,506,2,88,44,876,65,5521,0,170,116,"Anderson",76978,657.330665904544,0.208717004297115,657.330665904544,144.197043311076,1137.98747694146,20.8717004297115
2021-01-10,6545,60,5272,25,1273,35,5887,25,51684,94,57571,119,2,90,28,904,30,5551,3,173,117,"Anderson",76978,702.798202083712,0.207738095238095,154.589623009171,77.9443477357167,1174.3615058848,20.7738095238095
2021-01-11,6578,33,5282,10,1296,23,5900,13,51755,71,57655,84,1,91,-93,811,125,5676,1,174,119,"Anderson",76978,697.601912234664,0.203567035670357,109.122086830003,42.8693912546442,1053.54776689444,20.3567035670357
2021-01-12,6631,53,5316,34,1315,19,5938,38,51927,172,57865,210,2,93,-100,711,151,5827,1,175,119,"Anderson",76978,672.919535451687,0.200355660936574,272.805217075008,68.8508404998831,923.640520668243,20.0355660936574
2021-01-13,6657,26,5333,17,1324,9,5957,19,52017,90,57974,109,3,96,-45,666,68,5895,0,175,120,"Anderson",76978,610.564057263114,0.197236180904523,141.598898386552,33.7758840188106,865.182259866455,19.7236180904523
2021-01-14,6754,97,5395,62,1359,35,6031,74,52424,407,58455,481,5,101,8,674,84,5979,2,177,122,"Anderson",76978,600.171477565019,0.168181818181818,624.853854347995,126.010028839409,875.574839564551,16.8181818181818
2021-01-15,6788,34,5415,20,1373,14,6055,24,52579,155,58634,179,0,101,-16,658,50,6029,1,178,125,"Anderson",76978,537.815999376445,0.158767772511848,232.533970744888,44.1684637169061,854.78968016836,15.8767772511848
2021-01-16,6852,64,5445,30,1407,34,6088,33,52823,244,58911,277,1,102,2,660,61,6090,1,179,128,"Anderson",76978,476.759593650134,0.154900616860864,359.843072046559,83.1406375847645,857.387825092884,15.4900616860864
2021-01-17,6889,37,5465,20,1424,17,6111,23,52927,104,59038,127,0,102,-6,654,43,6133,0,179,130,"Anderson",76978,446.880927018109,0.152692569870484,164.982202707267,48.065681103692,849.593390319312,15.2692569870484
2021-01-18,6908,19,5473,8,1435,11,6121,10,53023,96,59144,106,1,103,-68,586,86,6219,0,179,131,"Anderson",76978,428.693912546442,0.148421759570181,137.701680999766,24.682376782977,761.2564628855,14.8421759570181
2021-01-19,6950,42,5490,17,1460,25,6141,20,53135,112,59276,132,1,104,-78,508,119,6338,0,179,133,"Anderson",76978,414.40411546156,0.143869596031184,171.477565018577,54.5610434150017,659.928810829068,14.3869596031184
2021-01-20,6978,28,5506,16,1472,12,6160,19,53287,152,59447,171,3,107,-29,479,54,6392,0,179,135,"Anderson",76978,417.002260386084,0.137813985064494,222.141391046793,36.3740289433345,622.255709423472,13.7813985064494
2021-01-21,7034,56,5546,40,1488,16,6199,39,53528,241,59727,280,5,112,-42,437,93,6485,2,181,136,"Anderson",76978,363.740289433345,0.132075471698113,363.740289433345,72.7480578866689,567.69466600847,13.2075471698113
2021-01-22,7072,38,5564,18,1508,20,6221,22,53673,145,59894,167,2,114,-16,421,52,6537,0,181,139,"Anderson",76978,368.936579282392,0.131746031746032,216.945101197745,49.3647535659539,546.909506612279,13.1746031746032
2021-01-23,7110,38,5578,14,1532,24,6234,13,53933,260,60167,273,0,114,8,429,30,6567,1,182,139,"Anderson",76978,335.160695263582,0.116242038216561,354.646782197511,49.3647535659539,557.302086310374,11.6242038216561
2021-01-24,7123,13,5590,12,1533,1,6248,14,54000,67,60248,81,0,114,-21,408,34,6601,0,182,141,"Anderson",76978,303.982956169295,0.113223140495868,105.224869443218,16.8879420094053,530.021564602874,11.3223140495868
2021-01-25,7140,17,5601,11,1539,6,6259,11,54060,60,60319,71,2,116,-47,361,62,6663,1,183,143,"Anderson",76978,301.384811244771,0.117446808510638,92.2341448205981,22.0842318584531,468.965158876562,11.7446808510638
2021-01-26,7167,27,5622,21,1545,6,6284,25,54224,164,60508,189,0,116,-36,325,63,6726,1,184,146,"Anderson",76978,281.898724310842,0.116071428571429,245.524695367508,35.0749564810725,422.198550235132,11.6071428571429
2021-01-27,7184,17,5630,8,1554,9,6293,9,54310,86,60603,95,4,120,-18,307,31,6757,0,184,148,"Anderson",76978,267.608927225961,0.115051903114187,123.411883914885,22.0842318584531,398.815245914417,11.5051903114187
2021-01-28,7271,87,5670,40,1601,47,6340,47,54536,226,60876,273,4,124,24,331,59,6816,0,184,149,"Anderson",76978,307.880173556081,0.122715404699739,354.646782197511,113.019304216789,429.992985008704,12.2715404699739
2021-01-29,7284,13,5674,4,1610,9,6345,5,54581,45,60926,50,1,125,-34,297,46,6862,1,185,149,"Anderson",76978,275.403361999532,0.12015503875969,64.9536231130973,16.8879420094053,385.824521291798,12.015503875969
2021-01-30,7324,40,5709,35,1615,5,6381,36,54840,259,61221,295,2,127,1,298,37,6899,2,187,150,"Anderson",76978,278.001506924056,0.139468690702087,383.226376367274,51.9628984904778,387.12359375406,13.9468690702087
2021-01-31,7340,16,5716,7,1624,9,6392,11,55009,169,61401,180,1,128,-4,294,19,6918,0,187,152,"Anderson",76978,281.898724310842,0.12489158716392,233.83304320715,20.7851593961911,381.927303905012,12.489158716392
2021-02-01,7360,20,5728,12,1632,8,6405,13,55062,53,61467,66,1,129,-26,268,45,6963,1,188,153,"Anderson",76978,285.795941697628,0.127177700348432,85.7387825092884,25.9814492452389,348.151419886201,12.7177700348432
2021-02-02,7367,7,5734,6,1633,1,6411,6,55131,69,61542,75,5,134,-45,223,47,7010,0,188,154,"Anderson",76978,259.814492452389,0.122823984526112,97.4304346696459,9.09350723583361,289.693159084414,12.2823984526112
2021-02-03,7389,22,5740,6,1649,16,6421,10,55323,192,61744,202,4,138,1,224,17,7027,0,188,155,"Anderson",76978,266.309854763699,0.112182296231376,262.412637376913,28.5795941697628,290.992231546676,11.2182296231376
2021-02-04,7419,30,5754,14,1665,16,6438,17,55647,324,62085,341,2,140,-5,219,33,7060,0,188,155,"Anderson",76978,192.262724414768,0.0810587262200165,442.983709631323,38.9721738678584,284.496869235366,8.10587262200166
2021-02-05,7437,18,5765,11,1672,7,6455,17,55804,157,62259,174,2,142,-13,206,29,7089,0,188,156,"Anderson",76978,198.758086726078,0.0825206301575394,226.038608433578,23.383304320715,267.608927225961,8.25206301575394
2021-02-06,7463,26,5781,16,1682,10,6475,20,56026,222,62501,242,1,143,8,214,17,7106,0,188,156,"Anderson",76978,180.57107225441,0.0734375,314.375535867391,33.7758840188106,278.001506924056,7.34375
2021-02-07,7476,13,5788,7,1688,6,6483,8,56133,107,62616,115,0,143,-10,204,23,7129,0,188,156,"Anderson",76978,176.673854867625,0.0748971193415638,149.393333160124,16.8879420094053,265.010782301437,7.48971193415638
2021-02-08,7501,25,5794,6,1707,19,6488,5,56155,22,62643,27,2,145,-13,191,36,7165,0,188,156,"Anderson",76978,183.169217178934,0.070578231292517,35.0749564810725,32.4768115565486,248.122840292031,7.0578231292517
2021-02-09,7525,24,5804,10,1721,14,6499,11,56324,169,62823,180,2,147,-24,167,46,7211,2,190,156,"Anderson",76978,205.253449037387,0.068696330991413,233.83304320715,31.1777390942867,216.945101197745,6.8696330991413
2021-02-10,7550,25,5819,15,1731,10,6518,19,56519,195,63037,214,1,148,8,175,16,7227,1,191,156,"Anderson",76978,209.150666424173,0.0750193348801237,278.001506924056,32.4768115565486,227.33768089584,7.50193348801237
2021-02-11,7563,13,5827,8,1736,5,6530,12,56699,180,63229,192,-1,147,-16,159,30,7257,0,191,157,"Anderson",76978,187.06643456572,0.0804195804195804,249.421912754293,16.8879420094053,206.552521499649,8.04195804195804
2021-02-12,7590,27,5842,15,1748,12,6545,15,56893,194,63438,209,0,147,13,172,14,7271,0,191,157,"Anderson",76978,198.758086726078,0.0763358778625954,271.506144612746,35.0749564810725,223.440463509055,7.63358778625954
2021-02-13,7616,26,5852,10,1764,16,6555,10,57082,189,63637,199,0,147,11,183,15,7286,0,191,157,"Anderson",76978,198.758086726078,0.0704225352112676,258.515419990127,33.7758840188106,237.730260593936,7.04225352112676
2021-02-14,7630,14,5862,10,1768,4,6566,11,57143,61,63709,72,2,149,1,184,11,7297,0,191,157,"Anderson",76978,200.05715918834,0.0759377859103385,93.53321728286,18.1870144716672,239.029333056198,7.59377859103385
2021-02-15,7646,16,5870,8,1776,8,6575,9,57216,73,63791,82,0,149,-6,178,22,7319,1,192,158,"Anderson",76978,188.365507027982,0.0757839721254355,106.523941905479,20.7851593961911,231.234898282626,7.57839721254355
2021-02-16,7675,29,5884,14,1791,15,6592,17,57300,84,63892,101,0,149,11,189,18,7337,0,192,158,"Anderson",76978,194.860869339292,0.0869971936389149,131.206318688456,37.6731014055964,245.524695367508,8.69971936389149
2021-02-17,7694,19,5896,12,1798,7,6604,12,57408,108,64012,120,0,149,-8,181,27,7364,0,192,160,"Anderson",76978,187.06643456572,0.0882051282051282,155.888695471433,24.682376782977,235.132115669412,8.82051282051282
2021-02-18,7718,24,5918,22,1800,2,6630,26,57564,156,64194,182,0,149,9,190,15,7379,0,192,160,"Anderson",76978,201.356231650601,0.103626943005181,236.431188131674,31.1777390942867,246.82376782977,10.3626943005181
2021-02-19,7732,14,5929,11,1803,3,6645,15,57610,46,64255,61,0,149,1,191,13,7392,0,192,161,"Anderson",76978,184.468289641196,0.122399020807834,79.2434201979787,18.1870144716672,248.122840292031,12.2399020807834
2021-02-20,7751,19,5936,7,1815,12,6654,9,57732,122,64386,131,1,150,3,194,15,7407,0,192,162,"Anderson",76978,175.374782405363,0.132176234979973,170.178492556315,24.682376782977,252.020057678817,13.2176234979973
2021-02-21,7763,12,5943,7,1820,5,6661,7,57796,64,64457,71,2,152,-1,193,11,7418,1,193,162,"Anderson",76978,172.776637480839,0.127005347593583,92.2341448205981,15.5888695471433,250.720985216555,12.7005347593583
2021-02-22,7768,5,5945,2,1823,3,6667,6,57833,37,64500,43,1,153,-17,176,21,7439,0,193,163,"Anderson",76978,158.486840395957,0.129760225669958,55.8601158772636,6.49536231130973,228.636753358102,12.9760225669958
2021-02-23,7792,24,5954,9,1838,15,6675,8,57976,143,64651,151,2,155,-2,174,24,7463,0,193,165,"Anderson",76978,151.991478084648,0.10935441370224,196.159941801554,31.1777390942867,226.038608433578,10.935441370224
2021-02-24,7824,32,5973,19,1851,13,6698,23,58150,174,64848,197,0,155,15,189,17,7480,0,193,165,"Anderson",76978,168.879420094053,0.11244019138756,255.917275065603,41.5703187923822,245.524695367508,11.244019138756
2021-02-25,7841,17,5981,8,1860,9,6709,11,58277,127,64986,138,1,156,-4,185,20,7500,0,193,165,"Anderson",76978,159.785912858219,0.0997474747474748,179.271999792148,22.0842318584531,240.32840551846,9.97474747474748
2021-02-26,7853,12,5989,8,1864,4,6718,9,58376,99,65094,108,0,156,-17,168,29,7529,0,193,165,"Anderson",76978,157.187767933695,0.0870083432657926,140.29982592429,15.5888695471433,218.244173660007,8.70083432657926
2021-02-27,7862,9,5996,7,1866,2,6724,6,58468,92,65192,98,0,156,-6,162,15,7544,0,193,165,"Anderson",76978,144.197043311076,0.086848635235732,127.309101301671,11.6916521603575,210.449738886435,8.6848635235732
2021-02-28,7876,14,6006,10,1870,4,6735,11,58539,71,65274,82,0,156,0,162,14,7558,0,193,165,"Anderson",76978,146.7951882356,0.0905752753977968,106.523941905479,18.1870144716672,210.449738886435,9.05752753977968
2021-03-01,7884,8,6011,5,1873,3,6742,7,58574,35,65316,42,0,156,-11,151,19,7577,0,193,165,"Anderson",76978,150.692405622386,0.0919117647058824,54.5610434150017,10.3925796980956,196.159941801554,9.19117647058824
2021-03-02,7907,23,6022,11,1885,12,6752,10,58690,116,65442,126,1,157,-2,149,24,7601,1,194,165,"Anderson",76978,149.393333160124,0.0973451327433628,163.683130245005,29.8786666320247,193.56179687703,9.73451327433628
2021-03-03,7940,33,6043,21,1897,12,6777,25,58806,116,65583,141,1,158,13,162,19,7620,0,194,166,"Anderson",76978,150.692405622386,0.107482993197279,183.169217178934,42.8693912546442,210.449738886435,10.7482993197279
2021-03-04,7965,25,6056,13,1909,12,6794,17,58969,163,65763,180,0,158,13,175,12,7632,0,194,166,"Anderson",76978,161.084985320481,0.109395109395109,233.83304320715,32.4768115565486,227.33768089584,10.9395109395109
2021-03-05,7998,33,6073,17,1925,16,6816,22,59103,134,65919,156,0,158,18,193,15,7647,2,196,166,"Anderson",76978,188.365507027982,0.118787878787879,202.655304112863,42.8693912546442,250.720985216555,11.8787878787879
2021-03-06,8008,10,6078,5,1930,5,6824,8,59192,89,66016,97,0,158,-1,192,11,7658,0,196,166,"Anderson",76978,189.664579490244,0.121359223300971,126.010028839409,12.9907246226195,249.421912754293,12.1359223300971
2021-03-07,8014,6,6081,3,1933,3,6827,3,59231,39,66058,42,0,158,-10,182,16,7674,0,196,166,"Anderson",76978,179.271999792148,0.11734693877551,54.5610434150017,7.79443477357167,236.431188131674,11.734693877551
2021-03-08,8030,16,6087,6,1943,10,6836,9,59308,77,66144,86,1,159,-4,178,19,7693,0,196,166,"Anderson",76978,189.664579490244,0.113526570048309,111.720231754527,20.7851593961911,231.234898282626,11.3526570048309
2021-03-09,8051,21,6095,8,1956,13,6844,8,59373,65,66217,73,0,159,3,181,18,7711,3,199,167,"Anderson",76978,187.06643456572,0.118709677419355,94.832289745122,27.2805217075008,235.132115669412,11.8709677419355
2021-03-10,8073,22,6108,13,1965,9,6860,16,59530,157,66390,173,0,159,11,192,11,7722,1,200,167,"Anderson",76978,172.776637480839,0.102850061957869,224.739535971316,28.5795941697628,249.421912754293,10.2850061957869
2021-03-11,8096,23,6118,10,1978,13,6870,10,59627,97,66497,107,0,159,1,193,22,7744,1,201,168,"Anderson",76978,170.178492556315,0.103542234332425,139.000753462028,29.8786666320247,250.720985216555,10.3542234332425
2021-03-12,8116,20,6135,17,1981,3,6890,20,59733,106,66623,126,0,159,8,201,12,7756,0,201,168,"Anderson",76978,153.29055054691,0.105113636363636,163.683130245005,25.9814492452389,261.113564914651,10.5113636363636
2021-03-13,8127,11,6139,4,1988,7,6894,4,59809,76,66703,80,0,159,2,203,9,7765,1,202,168,"Anderson",76978,154.589623009171,0.101892285298399,103.925796980956,14.2897970848814,263.711709839175,10.1892285298399
2021-03-14,8133,6,6143,4,1990,2,6900,6,59845,36,66745,42,0,159,-13,190,19,7784,1,203,168,"Anderson",76978,154.589623009171,0.106259097525473,54.5610434150017,7.79443477357167,246.82376782977,10.6259097525473
2021-03-15,8151,18,6148,5,2003,13,6906,6,59878,33,66784,39,0,159,-9,181,27,7811,1,204,168,"Anderson",76978,157.187767933695,0.109375,50.6638260282159,23.383304320715,235.132115669412,10.9375
2021-03-16,8184,33,6161,13,2023,20,6921,15,59971,93,66892,108,0,159,-2,179,35,7846,2,206,168,"Anderson",76978,172.776637480839,0.114074074074074,140.29982592429,42.8693912546442,232.533970744888,11.4074074074074
2021-03-17,8201,17,6172,11,2029,6,6934,13,60058,87,66992,100,0,159,-5,174,22,7868,0,206,169,"Anderson",76978,166.281275169529,0.122923588039867,129.907246226195,22.0842318584531,226.038608433578,12.2923588039867
2021-03-18,8217,16,6184,12,2033,4,6949,15,60139,81,67088,96,1,160,-1,173,16,7884,0,206,169,"Anderson",76978,157.187767933695,0.133671742808799,124.710956377147,20.7851593961911,224.739535971316,13.3671742808799
2021-03-19,8242,25,6199,15,2043,10,6962,13,60258,119,67220,132,0,160,13,186,12,7896,1,207,169,"Anderson",76978,163.683130245005,0.120603015075377,171.477565018577,32.4768115565486,241.627477980722,12.0603015075377
2021-03-20,8254,12,6205,6,2049,6,6970,8,60297,39,67267,47,0,160,3,189,9,7905,1,208,169,"Anderson",76978,164.982202707267,0.134751773049645,61.0564057263114,15.5888695471433,245.524695367508,13.4751773049645
2021-03-21,8264,10,6211,6,2053,4,6977,7,60359,62,67336,69,-1,159,-5,184,16,7921,0,208,169,"Anderson",76978,170.178492556315,0.130287648054146,89.6359998960742,12.9907246226195,239.029333056198,13.0287648054146
2021-03-22,8270,6,6212,1,2058,5,6978,1,60425,66,67403,67,0,159,-7,177,13,7934,1,209,169,"Anderson",76978,154.589623009171,0.116316639741519,87.0378549715503,7.79443477357167,229.935825820364,11.6316639741519
2021-03-23,8276,6,6213,1,2063,5,6979,1,60468,43,67447,44,0,159,-15,162,21,7955,0,209,170,"Anderson",76978,119.514666528099,0.104504504504505,57.1591883395256,7.79443477357167,210.449738886435,10.4504504504505
2021-03-24,8284,8,6220,7,2064,1,6986,7,60589,121,67575,128,1,160,-11,151,18,7973,0,209,170,"Anderson",76978,107.823014367741,0.0891938250428816,166.281275169529,10.3925796980956,196.159941801554,8.91938250428817
2021-03-25,8294,10,6225,5,2069,5,6992,6,60690,101,67682,107,0,160,-10,141,20,7993,0,209,170,"Anderson",76978,100.02857959417,0.0723905723905724,139.000753462028,12.9907246226195,183.169217178934,7.23905723905724
2021-03-26,8311,17,6237,12,2074,5,7003,11,60756,66,67759,77,0,160,3,144,14,8007,0,209,171,"Anderson",76978,89.6359998960742,0.0760667903525046,100.02857959417,22.0842318584531,187.06643456572,7.60667903525046
2021-03-27,8315,4,6241,4,2074,0,7009,6,60820,64,67829,70,1,161,-12,132,15,8022,2,211,171,"Anderson",76978,79.2434201979786,0.0693950177935943,90.9350723583361,5.19628984904778,171.477565018577,6.93950177935943
2021-03-28,8318,3,6241,0,2077,3,7009,0,60849,29,67858,29,1,162,-12,120,14,8036,0,211,172,"Anderson",76978,70.149912962145,0.0613026819923372,37.6731014055964,3.89721738678583,155.888695471433,6.13026819923372
2021-03-29,8333,15,6245,4,2088,11,7013,4,60935,86,67948,90,1,163,-16,104,30,8066,0,211,173,"Anderson",76978,81.8415651225025,0.0642201834862385,116.916521603575,19.4860869339292,135.103536075242,6.42201834862385
2021-03-30,8338,5,6248,3,2090,2,7016,3,60993,58,68009,61,1,164,-11,93,15,8081,0,211,173,"Anderson",76978,80.5424926602406,0.0658362989323843,79.2434201979787,6.49536231130973,120.813738990361,6.58362989323843
2021-03-31,8361,23,6262,14,2099,9,7032,16,61157,164,68189,180,1,165,10,103,12,8093,1,212,173,"Anderson",76978,100.02857959417,0.0749185667752443,233.83304320715,29.8786666320247,133.80446361298,7.49185667752443
2021-04-01,8370,9,6265,3,2105,6,7036,4,61214,57,68250,61,0,165,-8,95,17,8110,0,212,173,"Anderson",76978,98.7295071319078,0.0774647887323944,79.2434201979787,11.6916521603575,123.411883914885,7.74647887323944
2021-04-02,8379,9,6272,7,2107,2,7043,7,61284,70,68327,77,0,165,-1,94,10,8120,0,212,173,"Anderson",76978,88.3369274338123,0.0704225352112676,100.02857959417,11.6916521603575,122.112811452623,7.04225352112676
2021-04-03,8385,6,6277,5,2108,1,7049,6,61334,50,68383,56,0,165,-8,86,14,8134,0,212,173,"Anderson",76978,90.9350723583361,0.0722021660649819,72.7480578866689,7.79443477357167,111.720231754527,7.22021660649819
2021-04-04,8387,2,6279,2,2108,0,7051,2,61372,38,68423,40,0,165,-5,81,7,8141,0,212,173,"Anderson",76978,89.6359998960742,0.0743362831858407,51.9628984904778,2.59814492452389,105.224869443218,7.43362831858407
2021-04-05,8401,14,6282,3,2119,11,7053,2,61430,58,68483,60,0,165,4,85,10,8151,2,214,173,"Anderson",76978,88.3369274338123,0.0747663551401869,77.9443477357167,18.1870144716672,110.421159292265,7.47663551401869
2021-04-06,8406,5,6286,4,2120,1,7059,6,61472,42,68531,48,0,165,3,88,2,8153,0,214,173,"Anderson",76978,88.3369274338123,0.0823754789272031,62.3554781885734,6.49536231130973,114.318376679051,8.23754789272031
2021-04-07,8426,20,6299,13,2127,7,7073,14,61631,159,68704,173,0,165,10,98,10,8163,2,216,173,"Anderson",76978,84.4397100470264,0.0796116504854369,224.739535971316,25.9814492452389,127.309101301671,7.96116504854369
2021-04-08,8429,3,6301,2,2128,1,7076,3,61722,91,68798,94,5,170,-17,81,15,8178,1,217,173,"Anderson",76978,76.6452752734548,0.072992700729927,122.112811452623,3.89721738678583,105.224869443218,7.2992700729927
2021-04-09,8437,8,6307,6,2130,2,7085,9,61809,87,68894,96,-4,166,8,89,4,8182,0,217,173,"Anderson",76978,75.3462028111928,0.0740740740740741,124.710956377147,10.3925796980956,115.617449141313,7.40740740740741
2021-04-10,8442,5,6312,5,2130,0,7090,5,61880,71,68970,76,0,166,-6,83,11,8193,0,217,173,"Anderson",76978,74.0471303489309,0.0698466780238501,98.7295071319078,6.49536231130973,107.823014367741,6.98466780238501
2021-04-11,8449,7,6317,5,2132,2,7095,5,61924,44,69019,49,-1,165,0,83,8,8201,0,217,173,"Anderson",76978,80.5424926602406,0.0738255033557047,63.6545506508353,9.09350723583361,107.823014367741,7.38255033557047
2021-04-12,8452,3,6320,3,2132,0,7098,3,61993,69,69091,72,0,165,-7,76,10,8211,0,217,173,"Anderson",76978,66.2526955753592,0.0740131578947368,93.53321728286,3.89721738678583,98.7295071319078,7.40131578947368
2021-04-13,8462,10,6325,5,2137,5,7104,6,62054,61,69158,67,5,170,-8,68,13,8224,0,217,173,"Anderson",76978,72.7480578866689,0.0717703349282297,87.0378549715503,12.9907246226195,88.3369274338123,7.17703349282297
2021-04-14,8476,14,6334,9,2142,5,7115,11,62192,138,69307,149,0,170,7,75,7,8231,0,217,173,"Anderson",76978,64.9536231130973,0.0696517412935323,193.56179687703,18.1870144716672,97.4304346696459,6.96517412935323
2021-04-15,8485,9,6339,5,2146,4,7120,5,62273,81,69393,86,0,170,6,81,3,8234,0,217,173,"Anderson",76978,72.7480578866689,0.0739495798319328,111.720231754527,11.6916521603575,105.224869443218,7.39495798319328
2021-04-16,8498,13,6350,11,2148,2,7133,13,62426,153,69559,166,0,170,6,87,7,8241,0,217,173,"Anderson",76978,79.2434201979786,0.0721804511278196,215.646028735483,16.8879420094053,113.019304216789,7.21804511278196
2021-04-17,8503,5,6353,3,2150,2,7137,4,62491,65,69628,69,0,170,0,87,5,8246,0,217,173,"Anderson",76978,79.2434201979786,0.0714285714285714,89.6359998960742,6.49536231130973,113.019304216789,7.14285714285714
2021-04-18,8510,7,6359,6,2151,1,7143,6,62536,45,69679,51,0,170,0,87,7,8253,0,217,173,"Anderson",76978,79.2434201979786,0.0727272727272727,66.2526955753592,9.09350723583361,113.019304216789,7.27272727272727
2021-04-19,8516,6,6362,3,2154,3,7146,3,62559,23,69705,26,0,170,-6,81,12,8265,0,217,174,"Anderson",76978,83.1406375847645,0.0781758957654723,33.7758840188106,7.79443477357167,105.224869443218,7.81758957654723
2021-04-20,8522,6,6365,3,2157,3,7149,3,62658,99,69807,102,0,170,-1,80,7,8272,0,217,174,"Anderson",76978,77.9443477357167,0.0693374422187981,132.505391150718,7.79443477357167,103.925796980956,6.93374422187981
2021-04-21,8533,11,6370,5,2163,6,7155,6,62813,155,69968,161,1,171,-3,77,13,8285,0,217,174,"Anderson",76978,74.0471303489309,0.0605143721633888,209.150666424173,14.2897970848814,100.02857959417,6.05143721633888
2021-04-22,8551,18,6376,6,2175,12,7162,7,62957,144,70119,151,0,171,12,89,6,8291,0,217,174,"Anderson",76978,85.7387825092884,0.0578512396694215,196.159941801554,23.383304320715,115.617449141313,5.78512396694215
2021-04-23,8561,10,6381,5,2180,5,7168,6,63123,166,70291,172,0,171,8,97,2,8293,0,217,174,"Anderson",76978,81.8415651225025,0.0478142076502732,223.440463509055,12.9907246226195,126.010028839409,4.78142076502732
2021-04-24,8574,13,6388,7,2186,6,7175,7,63190,67,70365,74,0,171,9,106,4,8297,1,218,174,"Anderson",76978,92.2341448205981,0.0515603799185889,96.1313622073839,16.8879420094053,137.701680999766,5.15603799185889
2021-04-25,8578,4,6390,2,2188,2,7177,2,63230,40,70407,42,0,171,0,106,4,8301,0,218,174,"Anderson",76978,88.3369274338123,0.0467032967032967,54.5610434150017,5.19628984904778,137.701680999766,4.67032967032967
2021-04-26,8587,9,6394,4,2193,5,7181,4,63305,75,70486,79,0,171,2,108,7,8308,0,218,175,"Anderson",76978,92.2341448205981,0.0448143405889885,102.626724518694,11.6916521603575,140.29982592429,4.48143405889885
2021-04-27,8597,10,6400,6,2197,4,7187,6,63373,68,70560,74,0,171,-3,105,13,8321,0,218,175,"Anderson",76978,97.4304346696459,0.050464807436919,96.1313622073839,12.9907246226195,136.402608537504,5.0464807436919
2021-04-28,8614,17,6412,12,2202,5,7200,13,63511,138,70711,151,0,171,1,106,16,8337,1,219,175,"Anderson",76978,105.224869443218,0.0605652759084791,196.159941801554,22.0842318584531,137.701680999766,6.05652759084791
2021-04-29,8620,6,6414,2,2206,4,7203,3,63660,149,70863,152,0,171,-1,105,7,8344,0,219,175,"Anderson",76978,89.6359998960742,0.0551075268817204,197.459014263816,7.79443477357167,136.402608537504,5.51075268817204
2021-04-30,8627,7,6417,3,2210,4,7207,4,63782,122,70989,126,0,171,-2,103,9,8353,0,219,175,"Anderson",76978,85.7387825092884,0.0558739255014327,163.683130245005,9.09350723583361,133.80446361298,5.58739255014327
2021-05-01,8632,5,6420,3,2212,2,7210,3,63845,63,71055,66,0,171,-1,102,6,8359,1,220,175,"Anderson",76978,75.3462028111928,0.0507246376811594,85.7387825092884,6.49536231130973,132.505391150718,5.07246376811594
2021-05-02,8635,3,6421,1,2214,2,7211,1,63896,51,71107,52,0,171,-7,95,10,8369,0,220,175,"Anderson",76978,74.0471303489309,0.0485714285714286,67.5517680376211,3.89721738678583,123.411883914885,4.85714285714286
2021-05-03,8645,10,6426,5,2219,5,7216,5,64002,106,71218,111,0,171,-3,92,13,8382,0,220,175,"Anderson",76978,75.3462028111928,0.0478142076502732,144.197043311076,12.9907246226195,119.514666528099,4.78142076502732
2021-05-04,8647,2,6426,0,2221,2,7217,1,64078,76,71295,77,0,171,-10,82,12,8394,0,220,175,"Anderson",76978,64.9536231130973,0.0408163265306122,100.02857959417,2.59814492452389,106.523941905479,4.08163265306122
2021-05-05,8655,8,6430,4,2225,4,7220,3,64195,117,71415,120,0,171,-3,79,11,8405,0,220,175,"Anderson",76978,53.2619709527397,0.0284090909090909,155.888695471433,10.3925796980956,102.626724518694,2.84090909090909
2021-05-06,8660,5,6433,3,2227,2,7226,6,64247,52,71473,58,0,171,-5,74,10,8415,1,221,175,"Anderson",76978,51.9628984904778,0.0377049180327869,75.3462028111928,6.49536231130973,96.1313622073839,3.77049180327869
2021-05-07,8665,5,6435,2,2230,3,7229,3,64368,121,71597,124,0,171,-4,70,9,8424,0,221,175,"Anderson",76978,49.3647535659539,0.0361842105263158,161.084985320481,6.49536231130973,90.9350723583361,3.61842105263158
2021-05-08,8671,6,6438,3,2233,3,7231,2,64437,69,71668,71,0,171,-6,64,12,8436,1,222,175,"Anderson",76978,50.6638260282159,0.034257748776509,92.2341448205981,7.79443477357167,83.1406375847645,3.4257748776509
2021-05-09,8672,1,6438,0,2234,1,7232,1,64465,28,71697,29,0,171,-4,60,5,8441,0,222,175,"Anderson",76978,48.065681103692,0.0355932203389831,37.6731014055964,1.29907246226194,77.9443477357167,3.55932203389831
2021-05-10,8677,5,6438,0,2239,5,7232,0,64553,88,71785,88,0,171,-5,55,10,8451,0,222,175,"Anderson",76978,41.5703187923822,0.0282186948853616,114.318376679051,6.49536231130973,71.448985424407,2.82186948853616
2021-05-11,8685,8,6439,1,2246,7,7234,2,64595,42,71829,44,0,171,3,58,5,8456,0,222,175,"Anderson",76978,49.3647535659539,0.0318352059925094,57.1591883395256,10.3925796980956,75.3462028111928,3.18352059925094
2021-05-12,8698,13,6446,7,2252,6,7240,6,64699,104,71939,110,0,171,8,66,5,8461,2,224,175,"Anderson",76978,55.8601158772636,0.0381679389312977,142.897970848814,16.8879420094053,85.7387825092884,3.81679389312977
2021-05-13,8702,4,6448,2,2254,2,7242,2,64802,103,72044,105,0,171,-3,63,7,8468,2,226,175,"Anderson",76978,54.5610434150017,0.0280210157618214,136.402608537504,5.19628984904778,81.8415651225025,2.80210157618214
2021-05-14,8710,8,6451,3,2259,5,7247,5,64889,87,72136,92,0,171,2,65,6,8474,0,226,175,"Anderson",76978,58.4582608017875,0.0333951762523191,119.514666528099,10.3925796980956,84.4397100470264,3.33951762523191
2021-05-15,8715,5,6453,2,2262,3,7249,2,64954,65,72203,67,0,171,1,66,4,8478,0,226,175,"Anderson",76978,57.1591883395256,0.0336448598130841,87.0378549715503,6.49536231130973,85.7387825092884,3.36448598130841
2021-05-16,8717,2,6454,1,2263,1,7250,1,64990,36,72240,37,0,171,-5,61,7,8485,0,226,175,"Anderson",76978,58.4582608017875,0.0331491712707182,48.065681103692,2.59814492452389,79.2434201979787,3.31491712707182
2021-05-17,8723,6,6459,5,2264,1,7255,5,65049,59,72304,64,1,172,0,61,5,8490,0,226,175,"Anderson",76978,59.7573332640495,0.0443159922928709,83.1406375847645,7.79443477357167,79.2434201979787,4.43159922928709
2021-05-18,8727,4,6459,0,2268,4,7255,0,65140,91,72395,91,0,172,0,61,4,8494,1,227,175,"Anderson",76978,54.5610434150017,0.0371024734982332,118.215594065837,5.19628984904778,79.2434201979787,3.71024734982332
2021-05-19,8734,7,6464,5,2270,2,7261,6,65259,119,72520,125,0,172,4,65,3,8497,0,227,175,"Anderson",76978,46.76660864143,0.036144578313253,162.384057782743,9.09350723583361,84.4397100470264,3.6144578313253
2021-05-20,8736,2,6466,2,2270,0,7263,2,65378,119,72641,121,0,172,-1,64,3,8500,0,227,175,"Anderson",76978,44.1684637169061,0.0351758793969849,157.187767933695,2.59814492452389,83.1406375847645,3.51758793969849
2021-05-21,8738,2,6466,0,2272,2,7263,0,65448,70,72711,70,0,172,-7,57,9,8509,0,227,175,"Anderson",76978,36.3740289433345,0.0278260869565217,90.9350723583361,2.59814492452389,74.0471303489309,2.78260869565217
2021-05-22,8743,5,6468,2,2275,3,7265,2,65488,40,72753,42,0,172,-3,54,8,8517,0,227,175,"Anderson",76978,36.3740289433345,0.0290909090909091,54.5610434150017,6.49536231130973,70.149912962145,2.90909090909091
2021-05-23,8743,0,6468,0,2275,0,7265,0,65517,29,72782,29,0,172,-3,51,3,8520,0,227,175,"Anderson",76978,33.7758840188106,0.0276752767527675,37.6731014055964,0,66.2526955753592,2.76752767527675
2021-05-24,8751,8,6472,4,2279,4,7268,3,65576,59,72844,62,0,172,1,52,7,8527,0,227,175,"Anderson",76978,36.3740289433345,0.0240740740740741,80.5424926602406,10.3925796980956,67.5517680376211,2.40740740740741
2021-05-25,8753,2,6472,0,2281,2,7269,1,65621,45,72890,46,0,172,-10,42,12,8539,0,227,175,"Anderson",76978,33.7758840188106,0.0282828282828283,59.7573332640495,2.59814492452389,54.5610434150017,2.82828282828283
2021-05-26,8760,7,6477,5,2283,2,7275,6,65721,100,72996,106,0,172,0,42,7,8546,0,227,175,"Anderson",76978,33.7758840188106,0.0294117647058824,137.701680999766,9.09350723583361,54.5610434150017,2.94117647058824
2021-05-27,8762,2,6478,1,2284,1,7276,1,65771,50,73047,51,0,172,-1,41,3,8549,1,228,175,"Anderson",76978,33.7758840188106,0.0320197044334975,66.2526955753592,2.59814492452389,53.2619709527397,3.20197044334975
2021-05-28,8767,5,6482,4,2285,1,7281,5,65854,83,73135,88,0,172,0,41,5,8554,0,228,175,"Anderson",76978,37.6731014055964,0.0424528301886792,114.318376679051,6.49536231130973,53.2619709527397,4.24528301886792
2021-05-29,8768,1,6482,0,2286,1,7281,0,65891,37,73172,37,0,172,-5,36,6,8560,0,228,175,"Anderson",76978,32.4768115565486,0.0381861575178998,48.065681103692,1.29907246226194,46.76660864143,3.81861575178998
2021-05-30,8771,3,6483,1,2288,2,7282,1,65941,50,73223,51,0,172,0,36,3,8563,0,228,175,"Anderson",76978,36.3740289433345,0.0385487528344671,66.2526955753592,3.89721738678583,46.76660864143,3.85487528344671
2021-05-31,8775,4,6486,3,2289,1,7285,3,65992,51,73277,54,0,172,1,37,3,8566,0,228,175,"Anderson",76978,31.1777390942867,0.0392609699769053,70.149912962145,5.19628984904778,48.065681103692,3.92609699769053
2021-06-01,8778,3,6488,2,2290,1,7286,1,66040,48,73326,49,0,172,1,38,2,8568,1,229,175,"Anderson",76978,32.4768115565486,0.0389908256880734,63.6545506508353,3.89721738678583,49.3647535659539,3.89908256880734
2021-06-02,8782,4,6489,1,2293,3,7288,2,66081,41,73369,43,0,172,-2,36,6,8574,0,229,175,"Anderson",76978,28.5795941697628,0.0348525469168901,55.8601158772636,5.19628984904778,46.76660864143,3.48525469168901
2021-06-03,8783,1,6489,0,2294,1,7291,3,66171,90,73462,93,1,173,-3,33,3,8577,0,229,175,"Anderson",76978,27.2805217075008,0.036144578313253,120.813738990361,1.29907246226194,42.8693912546442,3.6144578313253
2021-06-04,8784,1,6490,1,2294,0,7293,2,66224,53,73517,55,-1,172,-2,31,4,8581,0,229,175,"Anderson",76978,22.0842318584531,0.031413612565445,71.448985424407,1.29907246226194,40.2712463301203,3.1413612565445
2021-06-05,8785,1,6491,1,2294,0,7294,1,66281,57,73575,58,0,172,-3,28,4,8585,0,229,175,"Anderson",76978,22.0842318584531,0.032258064516129,75.3462028111928,1.29907246226194,36.3740289433345,3.2258064516129
2021-06-06,8785,0,6491,0,2294,0,7294,0,66306,25,73600,25,0,172,-4,24,4,8589,0,229,175,"Anderson",76978,18.1870144716672,0.0318302387267905,32.4768115565486,0,31.1777390942867,3.18302387267904
2021-06-07,8786,1,6491,0,2295,1,7294,0,66370,64,73664,64,0,172,-1,23,2,8591,0,229,175,"Anderson",76978,14.2897970848814,0.0232558139534884,83.1406375847645,1.29907246226194,29.8786666320247,2.32558139534884
2021-06-08,8787,1,6491,0,2296,1,7294,0,66407,37,73701,37,0,172,-1,22,2,8593,1,230,176,"Anderson",76978,11.6916521603575,0.0213333333333333,48.065681103692,1.29907246226194,28.5795941697628,2.13333333333333
2021-06-09,8787,0,6491,0,2296,0,7294,0,66489,82,73783,82,0,172,-4,18,4,8597,0,230,176,"Anderson",76978,6.49536231130972,0.0144927536231884,106.523941905479,0,23.383304320715,1.44927536231884
2021-06-10,8791,4,6492,1,2299,3,7295,1,66546,57,73841,58,0,172,4,22,0,8597,0,230,176,"Anderson",76978,10.3925796980956,0.0105540897097625,75.3462028111928,5.19628984904778,28.5795941697628,1.05540897097625
2021-06-11,8792,1,6492,0,2300,1,7296,1,66601,55,73897,56,1,173,-3,19,3,8600,0,230,176,"Anderson",76978,10.3925796980956,0.00789473684210526,72.7480578866689,1.29907246226194,24.682376782977,0.789473684210526
2021-06-12,8793,1,6492,0,2301,1,7297,1,66656,55,73953,56,2,175,-4,15,3,8603,0,230,176,"Anderson",76978,10.3925796980956,0.00793650793650794,72.7480578866689,1.29907246226194,19.4860869339292,0.793650793650794
2021-06-13,8794,1,6492,0,2302,1,7298,1,66694,38,73992,39,0,175,-3,12,4,8607,0,230,176,"Anderson",76978,11.6916521603575,0.0102040816326531,50.6638260282159,1.29907246226194,15.5888695471433,1.02040816326531
2021-06-14,8796,2,6494,2,2302,0,7300,2,66780,86,74080,88,0,175,1,13,1,8608,0,230,176,"Anderson",76978,12.9907246226194,0.0144230769230769,114.318376679051,2.59814492452389,16.8879420094053,1.44230769230769
2021-06-15,8796,0,6494,0,2302,0,7301,1,66811,31,74112,32,0,175,-1,12,1,8609,0,230,176,"Anderson",76978,11.6916521603575,0.0170316301703163,41.5703187923822,0,15.5888695471433,1.70316301703163
2021-06-16,8797,1,6495,1,2302,0,7302,1,66855,44,74157,45,0,175,0,12,1,8610,0,230,176,"Anderson",76978,12.9907246226194,0.0213903743315508,58.4582608017875,1.29907246226194,15.5888695471433,2.13903743315508
2021-06-17,8797,0,6495,0,2302,0,7302,0,66941,86,74243,86,0,175,-1,11,1,8611,0,230,176,"Anderson",76978,7.79443477357167,0.0174129353233831,111.720231754527,0,14.2897970848814,1.74129353233831
2021-06-18,8799,2,6496,1,2303,1,7306,4,66991,50,74297,54,0,175,1,12,1,8612,0,230,176,"Anderson",76978,9.09350723583361,0.025,70.149912962145,2.59814492452389,15.5888695471433,2.5
2021-06-19,8799,0,6496,0,2303,0,7306,0,67039,48,74345,48,0,175,-1,11,1,8613,0,230,176,"Anderson",76978,7.79443477357167,0.0229591836734694,62.3554781885734,0,14.2897970848814,2.29591836734694
2021-06-20,8799,0,6496,0,2303,0,7307,1,67062,23,74369,24,0,175,-2,9,2,8615,0,230,176,"Anderson",76978,6.49536231130972,0.0238726790450928,31.1777390942867,0,11.6916521603575,2.38726790450928
2021-06-21,8800,1,6496,0,2304,1,7307,0,67102,40,74409,40,0,175,0,9,1,8616,0,230,176,"Anderson",76978,5.19628984904778,0.0212765957446809,51.9628984904778,1.29907246226194,11.6916521603575,2.12765957446809
2021-06-22,8804,4,6497,1,2307,3,7307,0,67144,42,74451,42,0,175,2,11,2,8618,1,231,176,"Anderson",76978,10.3925796980956,0.0176991150442478,54.5610434150017,5.19628984904778,14.2897970848814,1.76991150442478
2021-06-23,8805,1,6498,1,2307,0,7308,1,67192,48,74500,49,0,175,1,12,0,8618,0,231,176,"Anderson",76978,10.3925796980956,0.0174927113702624,63.6545506508353,1.29907246226194,15.5888695471433,1.74927113702624
2021-06-24,8805,0,6498,0,2307,0,7309,1,67237,45,74546,46,0,175,-3,9,3,8621,0,231,176,"Anderson",76978,10.3925796980956,0.0231023102310231,59.7573332640495,0,11.6916521603575,2.31023102310231
2021-06-25,8806,1,6499,1,2307,0,7310,1,67273,36,74583,37,0,175,1,10,0,8621,0,231,176,"Anderson",76978,9.09350723583361,0.013986013986014,48.065681103692,1.29907246226194,12.9907246226195,1.3986013986014
2021-06-26,8807,1,6500,1,2307,0,7311,1,67306,33,74617,34,0,175,0,10,1,8622,0,231,176,"Anderson",76978,10.3925796980956,0.0183823529411765,44.1684637169061,1.29907246226194,12.9907246226195,1.83823529411765
2021-06-27,8807,0,6500,0,2307,0,7311,0,67338,32,74649,32,0,175,0,10,0,8622,0,231,176,"Anderson",76978,10.3925796980956,0.0142857142857143,41.5703187923822,0,12.9907246226195,1.42857142857143
2021-06-28,8808,1,6500,0,2308,1,7312,1,67354,16,74666,17,0,175,1,11,0,8622,0,231,176,"Anderson",76978,10.3925796980956,0.0194552529182879,22.0842318584531,1.29907246226194,14.2897970848814,1.94552529182879
2021-06-29,8811,3,6503,3,2308,0,7315,3,67413,59,74728,62,0,175,2,13,1,8623,0,231,176,"Anderson",76978,9.09350723583361,0.0288808664259928,80.5424926602406,3.89721738678583,16.8879420094053,2.88808664259928
2021-06-30,8811,0,6503,0,2308,0,7315,0,67459,46,74774,46,0,175,-1,12,1,8624,0,231,176,"Anderson",76978,7.79443477357167,0.0255474452554745,59.7573332640495,0,15.5888695471433,2.55474452554745
2021-07-01,8812,1,6504,1,2308,0,7316,1,67496,37,74812,38,0,175,1,13,0,8624,0,231,176,"Anderson",76978,9.09350723583361,0.0263157894736842,49.3647535659539,1.29907246226194,16.8879420094053,2.63157894736842
2021-07-02,8812,0,6504,0,2308,0,7316,0,67539,43,74855,43,0,175,0,13,0,8624,0,231,176,"Anderson",76978,7.79443477357167,0.0220588235294118,55.8601158772636,0,16.8879420094053,2.20588235294118
2021-07-03,8812,0,6504,0,2308,0,7316,0,67560,21,74876,21,0,175,-1,12,1,8625,0,231,176,"Anderson",76978,6.49536231130972,0.0193050193050193,27.2805217075008,0,15.5888695471433,1.93050193050193
2021-07-04,8813,1,6504,0,2309,1,7317,1,67585,25,74902,26,0,175,0,12,1,8626,0,231,176,"Anderson",76978,7.79443477357167,0.0237154150197628,33.7758840188106,1.29907246226194,15.5888695471433,2.37154150197628
2021-07-05,8813,0,6504,0,2309,0,7318,1,67600,15,74918,16,0,175,-1,11,1,8627,0,231,176,"Anderson",76978,6.49536231130972,0.0238095238095238,20.7851593961911,0,14.2897970848814,2.38095238095238
2021-07-06,8814,1,6504,0,2310,1,7318,0,67630,30,74948,30,1,176,-3,8,3,8630,0,231,176,"Anderson",76978,3.89721738678583,0.0136363636363636,38.9721738678584,1.29907246226194,10.3925796980956,1.36363636363636
2021-07-07,8815,1,6504,0,2311,1,7318,0,67676,46,74994,46,0,176,-2,6,3,8633,0,231,176,"Anderson",76978,5.19628984904778,0.0136363636363636,59.7573332640495,1.29907246226194,7.79443477357167,1.36363636363636
2021-07-08,8816,1,6505,1,2311,0,7319,1,67717,41,75036,42,0,176,-1,5,2,8635,0,231,176,"Anderson",76978,5.19628984904778,0.0133928571428571,54.5610434150017,1.29907246226194,6.49536231130973,1.33928571428571
2021-07-09,8818,2,6506,1,2312,1,7320,1,67761,44,75081,45,0,176,1,6,1,8636,0,231,176,"Anderson",76978,7.79443477357167,0.0176991150442478,58.4582608017875,2.59814492452389,7.79443477357167,1.76991150442478
2021-07-10,8820,2,6507,1,2313,1,7321,1,67783,22,75104,23,0,176,2,8,0,8636,1,232,176,"Anderson",76978,10.3925796980956,0.0219298245614035,29.8786666320247,2.59814492452389,10.3925796980956,2.19298245614035
2021-07-11,8820,0,6507,0,2313,0,7321,0,67798,15,75119,15,0,176,0,8,0,8636,0,232,176,"Anderson",76978,9.09350723583361,0.0184331797235023,19.4860869339292,0,10.3925796980956,1.84331797235023
2021-07-12,8828,8,6511,4,2317,4,7325,4,67834,36,75159,40,0,176,7,15,1,8637,1,233,176,"Anderson",76978,19.4860869339292,0.029045643153527,51.9628984904778,10.3925796980956,19.4860869339292,2.9045643153527
2021-07-13,8829,1,6511,0,2318,1,7325,0,67855,21,75180,21,0,176,0,15,1,8638,0,233,177,"Anderson",76978,19.4860869339292,0.0301724137931034,27.2805217075008,1.29907246226194,19.4860869339292,3.01724137931034
2021-07-14,8834,5,6515,4,2319,1,7330,5,67909,54,75239,59,0,176,5,20,0,8638,1,234,177,"Anderson",76978,24.682376782977,0.0489795918367347,76.6452752734548,6.49536231130973,25.9814492452389,4.89795918367347
2021-07-15,8837,3,6518,3,2319,0,7332,2,67942,33,75274,35,0,176,3,23,0,8638,0,234,177,"Anderson",76978,27.2805217075008,0.0546218487394958,45.4675361791681,3.89721738678583,29.8786666320247,5.46218487394958
2021-07-16,8847,10,6520,2,2327,8,7333,1,67970,28,75303,29,0,176,10,33,0,8638,0,234,177,"Anderson",76978,37.6731014055964,0.0585585585585586,37.6731014055964,12.9907246226195,42.8693912546442,5.85585585585586
2021-07-17,8852,5,6521,1,2331,4,7334,1,68006,36,75340,37,0,176,4,37,1,8639,0,234,177,"Anderson",76978,41.5703187923822,0.0550847457627119,48.065681103692,6.49536231130973,48.065681103692,5.50847457627119
2021-07-18,8855,3,6523,2,2332,1,7336,2,68026,20,75362,22,0,176,-1,36,4,8643,0,234,177,"Anderson",76978,45.4675361791681,0.0617283950617284,28.5795941697628,3.89721738678583,46.76660864143,6.17283950617284
2021-07-19,8860,5,6527,4,2333,1,7340,4,68060,34,75400,38,1,177,2,38,2,8645,0,234,177,"Anderson",76978,41.5703187923822,0.0622406639004149,49.3647535659539,6.49536231130973,49.3647535659539,6.22406639004149
2021-07-20,8875,15,6538,11,2337,4,7351,11,68095,35,75446,46,0,177,10,48,5,8650,1,235,177,"Anderson",76978,59.7573332640495,0.0977443609022556,59.7573332640495,19.4860869339292,62.3554781885734,9.77443609022556
2021-07-21,8882,7,6542,4,2340,3,7356,5,68180,85,75536,90,0,177,6,54,1,8651,0,235,178,"Anderson",76978,62.3554781885734,0.0875420875420875,116.916521603575,9.09350723583361,70.149912962145,8.75420875420875
2021-07-22,8892,10,6547,5,2345,5,7360,4,68236,56,75596,60,0,177,9,63,1,8652,0,235,178,"Anderson",76978,71.448985424407,0.0869565217391304,77.9443477357167,12.9907246226195,81.8415651225025,8.69565217391304
2021-07-23,8902,10,6551,4,2351,6,7365,5,68307,71,75672,76,0,177,10,73,0,8652,0,235,178,"Anderson",76978,71.448985424407,0.0867208672086721,98.7295071319078,12.9907246226195,94.832289745122,8.67208672086721
2021-07-24,8910,8,6555,4,2355,4,7369,4,68361,54,75730,58,0,177,7,80,1,8653,0,235,179,"Anderson",76978,75.3462028111928,0.0897435897435897,75.3462028111928,10.3925796980956,103.925796980956,8.97435897435897
2021-07-25,8915,5,6558,3,2357,2,7370,1,68383,22,75753,23,0,177,2,82,3,8656,0,235,179,"Anderson",76978,77.9443477357167,0.0869565217391304,29.8786666320247,6.49536231130973,106.523941905479,8.69565217391304
2021-07-26,8938,23,6567,9,2371,14,7378,8,68433,50,75811,58,2,179,13,95,8,8664,0,235,179,"Anderson",76978,101.327652056432,0.0924574209245742,75.3462028111928,29.8786666320247,123.411883914885,9.24574209245742
2021-07-27,8953,15,6572,5,2381,10,7383,5,68486,53,75869,58,0,179,12,107,3,8667,0,235,179,"Anderson",76978,101.327652056432,0.0756501182033097,75.3462028111928,19.4860869339292,139.000753462028,7.56501182033097
2021-07-28,8973,20,6580,8,2393,12,7395,12,68569,83,75964,95,0,179,14,121,6,8673,0,235,179,"Anderson",76978,118.215594065837,0.0911214953271028,123.411883914885,25.9814492452389,157.187767933695,9.11214953271028
2021-07-29,8985,12,6590,10,2395,2,7407,12,68618,49,76025,61,0,179,9,130,3,8676,0,235,179,"Anderson",76978,120.813738990361,0.10955710955711,79.2434201979787,15.5888695471433,168.879420094053,10.955710955711
2021-07-30,9016,31,6609,19,2407,12,7429,22,68667,49,76096,71,0,179,19,149,12,8688,1,236,179,"Anderson",76978,148.094260697862,0.150943396226415,92.2341448205981,40.2712463301203,193.56179687703,15.0943396226415
2021-07-31,9029,13,6615,6,2414,7,7435,6,68709,42,76144,48,0,179,8,157,5,8693,0,236,179,"Anderson",76978,154.589623009171,0.159420289855072,62.3554781885734,16.8879420094053,203.954376575125,15.9420289855072
2021-08-01,9048,19,6626,11,2422,8,7450,15,68748,39,76198,54,0,179,14,171,5,8698,0,236,179,"Anderson",76978,172.776637480839,0.179775280898876,70.149912962145,24.682376782977,222.141391046793,17.9775280898876
2021-08-02,9059,11,6631,5,2428,6,7455,5,68827,79,76282,84,0,179,3,174,8,8706,0,236,179,"Anderson",76978,157.187767933695,0.16348195329087,109.122086830003,14.2897970848814,226.038608433578,16.348195329087
2021-08-03,9082,23,6642,11,2440,12,7468,13,68899,72,76367,85,0,179,13,187,10,8716,1,237,179,"Anderson",76978,167.580347631791,0.170682730923695,110.421159292265,29.8786666320247,242.926550442984,17.0682730923695
2021-08-04,9108,26,6664,22,2444,4,7489,21,69001,102,76490,123,0,179,24,211,2,8718,0,237,179,"Anderson",76978,175.374782405363,0.178707224334601,159.785912858219,33.7758840188106,274.10428953727,17.8707224334601
2021-08-05,9138,30,6680,16,2458,14,7505,16,69099,98,76604,114,0,179,13,224,17,8735,1,238,179,"Anderson",76978,198.758086726078,0.169257340241796,148.094260697862,38.9721738678584,290.992231546676,16.9257340241796
2021-08-06,9163,25,6696,16,2467,9,7523,18,69242,143,76765,161,0,179,17,241,8,8743,1,239,179,"Anderson",76978,190.963651952506,0.14050822122571,209.150666424173,32.4768115565486,313.076463405129,14.050822122571
2021-08-07,9176,13,6702,6,2474,7,7530,7,69317,75,76847,82,0,179,5,246,8,8751,0,239,179,"Anderson",76978,190.963651952506,0.135135135135135,106.523941905479,16.8879420094053,319.571825716438,13.5135135135135
2021-08-08,9190,14,6710,8,2480,6,7540,10,69369,52,76909,62,0,179,6,252,8,8759,0,239,179,"Anderson",76978,184.468289641196,0.126582278481013,80.5424926602406,18.1870144716672,327.36626049001,12.6582278481013
2021-08-09,9226,36,6730,20,2496,16,7559,19,69468,99,77027,118,0,179,16,268,20,8779,0,239,179,"Anderson",76978,216.945101197745,0.139597315436242,153.29055054691,46.76660864143,348.151419886201,13.9597315436242
2021-08-10,9265,39,6749,19,2516,20,7579,20,69568,100,77147,120,0,179,20,288,19,8798,2,241,179,"Anderson",76978,237.730260593936,0.142307692307692,155.888695471433,50.6638260282159,374.13286913144,14.2307692307692
2021-08-11,9319,54,6772,23,2547,31,7608,29,69700,132,77308,161,0,179,30,318,24,8822,1,242,179,"Anderson",76978,274.10428953727,0.145476772616137,209.150666424173,70.149912962145,413.105042999298,14.5476772616137
2021-08-12,9367,48,6806,34,2561,14,7645,37,69868,168,77513,205,0,179,27,345,21,8843,0,242,181,"Anderson",76978,297.487593857985,0.154015401540154,266.309854763699,62.3554781885734,448.179999480371,15.4015401540154
2021-08-13,9431,64,6839,33,2592,31,7683,38,69982,114,77665,152,2,181,45,390,17,8860,1,243,181,"Anderson",76978,348.151419886201,0.177777777777778,197.459014263816,83.1406375847645,506.638260282159,17.7777777777778
2021-08-14,9482,51,6873,34,2609,17,7715,32,70168,186,77883,218,0,181,30,420,21,8881,0,243,181,"Anderson",76978,397.516173452155,0.178571428571429,283.197796773104,66.2526955753592,545.610434150017,17.8571428571429
2021-08-15,9505,23,6885,12,2620,11,7730,15,70257,89,77987,104,0,181,16,436,7,8888,0,243,181,"Anderson",76978,409.207825612513,0.176252319109462,135.103536075242,29.8786666320247,566.395593546208,17.6252319109462
2021-08-16,9542,37,6908,23,2634,14,7754,24,70346,89,78100,113,0,181,10,446,27,8915,0,243,182,"Anderson",76978,410.506898074775,0.181733457595527,146.7951882356,48.065681103692,579.386318168827,18.1733457595527
2021-08-17,9585,43,6929,21,2656,22,7779,25,70454,108,78233,133,1,182,14,460,28,8943,0,243,182,"Anderson",76978,415.703187923822,0.184162062615101,172.776637480839,55.8601158772636,597.573332640495,18.4162062615101
2021-08-18,9637,52,6956,27,2681,25,7810,31,70566,112,78376,143,0,182,16,476,36,8979,0,243,182,"Anderson",76978,413.105042999299,0.189138576779026,185.767362103458,67.5517680376211,618.358492036686,18.9138576779026
2021-08-19,9711,74,6986,30,2725,44,7845,35,70718,152,78563,187,0,182,49,525,25,9004,0,243,182,"Anderson",76978,446.880927018109,0.19047619047619,242.926550442984,96.1313622073839,682.013042687521,19.047619047619
2021-08-20,9770,59,7025,39,2745,20,7888,43,70912,194,78800,237,0,182,26,551,33,9037,2,245,182,"Anderson",76978,440.385564706799,0.180616740088106,307.880173556081,76.6452752734548,715.788926706332,18.0616740088106
2021-08-21,9852,82,7058,33,2794,49,7922,34,71186,274,79108,308,0,182,62,613,20,9057,1,246,182,"Anderson",76978,480.65681103692,0.168979591836735,400.114318376679,106.523941905479,796.331419366572,16.8979591836735
2021-08-22,9875,23,7079,21,2796,2,7950,28,71342,156,79292,184,0,182,-2,611,25,9082,0,246,182,"Anderson",76978,480.65681103692,0.168582375478927,239.029333056198,29.8786666320247,793.733274442048,16.8582375478927
2021-08-23,9923,48,7093,14,2830,34,7967,17,71477,135,79444,152,0,182,-4,607,52,9134,2,248,183,"Anderson",76978,494.946608121801,0.158482142857143,197.459014263816,62.3554781885734,788.536984593001,15.8482142857143
2021-08-24,9968,45,7119,26,2849,19,7991,24,71563,86,79554,110,1,183,-21,586,65,9199,0,248,184,"Anderson",76978,497.544753046325,0.160484481453444,142.897970848814,58.4582608017875,761.2564628855,16.0484481453444
2021-08-25,10039,71,7144,25,2895,46,8012,21,71607,44,79619,65,0,183,14,600,57,9256,1,249,184,"Anderson",76978,522.227129829302,0.162510056315366,84.4397100470264,92.2341448205981,779.443477357167,16.2510056315366
2021-08-26,10107,68,7178,34,2929,34,8056,44,71779,172,79835,216,1,184,15,615,52,9308,1,250,184,"Anderson",76978,514.43269505573,0.165880503144654,280.59965184858,88.3369274338123,798.929564291096,16.5880503144654
2021-08-27,10182,75,7232,54,2950,21,8116,60,71956,177,80072,237,0,184,29,644,46,9354,0,250,184,"Anderson",76978,535.217854451921,0.179245283018868,307.880173556081,97.4304346696459,836.602665696693,17.9245283018868
2021-08-28,10241,59,7264,32,2977,27,8158,42,72160,204,80318,246,0,184,31,675,28,9382,0,250,184,"Anderson",76978,505.339187819897,0.19504132231405,319.571825716438,76.6452752734548,876.873912026813,19.504132231405
2021-08-29,10305,64,7313,49,2992,15,8212,54,72371,211,80583,265,0,184,39,714,25,9407,1,251,184,"Anderson",76978,558.601158772636,0.20294345468629,344.254202499415,83.1406375847645,927.537738055029,20.294345468629
2021-08-30,10376,71,7359,46,3017,25,8260,48,72597,226,80857,274,0,184,5,719,66,9473,3,254,184,"Anderson",76978,588.479825404661,0.207360226468507,355.945854659773,92.2341448205981,934.033100366338,20.7360226468507
2021-08-31,10511,135,7441,82,3070,53,8347,87,72854,257,81201,344,0,184,49,768,86,9559,0,254,184,"Anderson",76978,705.396347008236,0.216150576806314,446.880927018109,175.374782405363,997.687651017174,21.6150576806314
2021-09-01,10542,31,7463,22,3079,9,8371,24,72945,91,81316,115,0,184,-16,752,47,9606,0,254,185,"Anderson",76978,653.433448517758,0.211549793753683,149.393333160124,40.2712463301203,976.902491620983,21.1549793753683
2021-09-02,10601,59,7488,25,3113,34,8400,29,73045,100,81445,129,1,185,-9,743,67,9673,0,254,185,"Anderson",76978,641.741796357401,0.213664596273292,167.580347631791,76.6452752734548,965.210839460625,21.3664596273292
2021-09-03,10630,29,7505,17,3125,12,8418,18,73118,73,81536,91,0,185,-32,711,61,9734,0,254,185,"Anderson",76978,581.984463093351,0.206284153005464,118.215594065837,37.6731014055964,923.640520668243,20.6284153005465
2021-09-04,10736,106,7573,68,3163,38,8495,77,73439,321,81934,398,0,185,80,791,26,9760,1,255,185,"Anderson",76978,643.040868819663,0.208539603960396,517.030839980254,137.701680999766,1027.5663176492,20.8539603960396
2021-09-05,10848,112,7647,74,3201,38,8571,76,73743,304,82314,380,0,185,81,872,31,9791,1,256,186,"Anderson",76978,705.396347008236,0.207394569612941,493.647535659539,145.496115773338,1132.79118709242,20.739456961294
2021-09-06,10963,115,7724,77,3239,38,8658,87,74150,407,82808,494,0,185,2,874,113,9904,2,258,187,"Anderson",76978,762.555535347762,0.203997949769349,641.741796357401,149.393333160124,1135.38933201694,20.3997949769349
2021-09-07,11000,37,7743,19,3257,18,8676,18,74249,99,82925,117,0,185,-77,797,114,10018,0,258,187,"Anderson",76978,635.246434046091,0.190835266821346,151.991478084648,48.065681103692,1035.36075242277,19.0835266821346
2021-09-08,11041,41,7774,31,3267,10,8708,32,74356,107,83064,139,0,185,-59,738,100,10118,1,259,190,"Anderson",76978,648.237158668711,0.19279176201373,180.57107225441,53.2619709527397,958.715477149315,19.279176201373
2021-09-09,11099,58,7795,21,3304,37,8726,18,74562,206,83288,224,0,185,-40,698,98,10216,1,260,192,"Anderson",76978,646.938086206449,0.17688551275095,290.992231546676,75.3462028111928,906.752578658838,17.688551275095
2021-09-10,11251,152,7868,73,3383,79,8807,81,74855,293,83662,374,1,186,67,765,84,10300,1,261,193,"Anderson",76978,806.723999064668,0.182972718720602,485.853100885967,197.459014263816,993.790433630388,18.2972718720602
2021-09-11,11363,112,7931,63,3432,49,8876,69,75201,346,84077,415,0,186,81,846,31,10331,1,262,193,"Anderson",76978,814.51843383824,0.177788147456836,539.115071838707,145.496115773338,1099.01530307361,17.7788147456836
2021-09-12,11401,38,7963,32,3438,6,8911,35,75344,143,84255,178,0,186,8,854,30,10361,3,265,193,"Anderson",76978,718.387071630856,0.175167439464194,231.234898282626,49.3647535659539,1109.4078827717,17.5167439464194
2021-09-13,11488,87,7996,33,3492,54,8944,33,75474,130,84418,163,4,190,-44,810,127,10488,3,268,193,"Anderson",76978,682.013042687521,0.177639751552795,211.748811348697,113.019304216789,1052.24869443218,17.7639751552795
2021-09-14,11546,58,8024,28,3522,30,8979,35,75633,159,84612,194,1,191,-58,752,115,10603,0,268,193,"Anderson",76978,709.293564395022,0.179608772969769,252.020057678817,75.3462028111928,976.902491620983,17.9608772969769
2021-09-15,11587,41,8039,15,3548,26,8993,14,75694,61,84687,75,0,191,-38,714,79,10682,1,269,194,"Anderson",76978,709.293564395022,0.175600739371534,97.4304346696459,53.2619709527397,927.537738055029,17.5600739371534
2021-09-16,11673,86,8091,52,3582,34,9050,57,75916,222,84966,279,0,191,24,738,62,10744,0,269,194,"Anderson",76978,745.667593338356,0.193087008343266,362.441216971083,111.720231754527,958.715477149315,19.3087008343266
2021-09-17,11746,73,8132,41,3614,32,9087,37,76079,163,85166,200,0,191,16,754,57,10801,1,270,198,"Anderson",76978,643.040868819663,0.186170212765957,259.814492452389,94.832289745122,979.500636545507,18.6170212765957
2021-09-18,11798,52,8162,30,3636,22,9120,33,76233,154,85353,187,0,191,8,762,44,10845,0,270,199,"Anderson",76978,565.096521083946,0.191222570532915,242.926550442984,67.5517680376211,989.893216243602,19.1222570532915
2021-09-19,11821,23,8171,9,3650,14,9130,10,76301,68,85431,78,0,191,-10,752,33,10878,0,270,199,"Anderson",76978,545.610434150017,0.186224489795918,101.327652056432,29.8786666320247,976.902491620983,18.6224489795918
2021-09-20,11884,63,8205,34,3679,29,9166,36,76487,186,85653,222,0,191,32,784,31,10909,1,271,199,"Anderson",76978,514.43269505573,0.179757085020243,288.394086622152,81.8415651225025,1018.47281041336,17.9757085020243
2021-09-21,11938,54,8231,26,3707,28,9190,24,76605,118,85795,142,0,191,-67,717,121,11030,1,272,200,"Anderson",76978,509.236405206682,0.178360101437025,184.468289641196,70.149912962145,931.434955441815,17.8360101437025
2021-09-22,11988,50,8263,32,3725,18,9230,40,76877,272,86107,312,0,191,-39,678,89,11119,0,272,201,"Anderson",76978,520.92805736704,0.166901408450704,405.310608225727,64.9536231130973,880.771129413599,16.6901408450704
2021-09-23,12063,75,8311,48,3752,27,9281,51,77085,208,86366,259,2,193,-13,665,86,11205,1,273,201,"Anderson",76978,506.638260282159,0.165,336.459767725844,97.4304346696459,863.883187404193,16.5
2021-09-24,12104,41,8332,21,3772,20,9306,25,77225,140,86531,165,2,195,-16,649,55,11260,0,273,203,"Anderson",76978,465.067941489776,0.16043956043956,214.346956273221,53.2619709527397,843.098028008002,16.043956043956
2021-09-25,12114,10,8336,4,3778,6,9312,6,77320,95,86632,101,0,195,-39,610,49,11309,0,273,203,"Anderson",76978,410.506898074775,0.150117279124316,131.206318688456,12.9907246226195,792.434201979786,15.0117279124316
2021-09-26,12132,18,8351,15,3781,3,9330,18,77457,137,86787,155,1,196,-7,603,24,11333,0,273,203,"Anderson",76978,404.011535763465,0.147492625368732,201.356231650601,23.383304320715,783.340694743953,14.7492625368732
2021-09-27,12182,50,8372,21,3810,29,9352,22,77543,86,86895,108,1,197,-47,556,96,11429,1,274,204,"Anderson",76978,387.12359375406,0.14975845410628,140.29982592429,64.9536231130973,722.284289017641,14.975845410628
2021-09-28,12231,49,8396,24,3835,25,9379,27,77638,95,87017,122,0,197,-27,529,76,11505,1,275,204,"Anderson",76978,380.62823144275,0.154664484451718,158.486840395957,63.6545506508353,687.209332536569,15.4664484451718
2021-09-29,12268,37,8411,15,3857,22,9396,17,77829,191,87225,208,2,199,-39,490,74,11579,0,275,206,"Anderson",76978,363.740289433345,0.148479427549195,270.207072150485,48.065681103692,636.545506508353,14.8479427549195
2021-09-30,12329,61,8448,37,3881,24,9436,40,78001,172,87437,212,0,199,-2,488,63,11642,0,275,207,"Anderson",76978,345.553274961677,0.144724556489262,275.403361999532,79.2434201979787,633.947361583829,14.4724556489262
2021-10-01,12380,51,8475,27,3905,24,9465,29,78152,151,87617,180,0,199,-7,481,58,11700,0,275,208,"Anderson",76978,358.543999584297,0.146408839779006,233.83304320715,66.2526955753592,624.853854347995,14.6408839779006
2021-10-02,12398,18,8481,6,3917,12,9471,6,78232,80,87703,86,1,200,-5,476,22,11722,0,275,208,"Anderson",76978,368.936579282392,0.148459383753501,111.720231754527,23.383304320715,618.358492036686,14.8459383753501
2021-10-03,12411,13,8490,9,3921,4,9480,9,78330,98,87810,107,4,204,-7,469,16,11738,0,275,208,"Anderson",76978,362.441216971083,0.146627565982405,139.000753462028,16.8879420094053,609.264984800852,14.6627565982405
2021-10-04,12457,46,8513,23,3944,23,9507,27,78450,120,87957,147,1,205,-20,449,65,11803,0,275,210,"Anderson",76978,357.244927122035,0.145951035781544,190.963651952506,59.7573332640495,583.283535555613,14.5951035781544
2021-10-05,12507,50,8539,26,3968,24,9537,30,78578,128,88115,158,2,207,-15,434,63,11866,0,275,211,"Anderson",76978,358.543999584297,0.143897996357013,205.253449037387,64.9536231130973,563.797448621684,14.3897996357013
2021-10-06,12537,30,8562,23,3975,7,9563,26,78743,165,88306,191,1,208,-9,425,38,11904,0,275,212,"Anderson",76978,349.450492348463,0.154486586493987,248.122840292031,38.9721738678584,552.105796461327,15.4486586493987
2021-10-07,12568,31,8583,21,3985,10,9588,25,78883,140,88471,165,0,208,-8,417,39,11943,0,275,213,"Anderson",76978,310.478318480605,0.147001934235977,214.346956273221,40.2712463301203,541.713216763231,14.7001934235977
2021-10-08,12584,16,8587,4,3997,12,9598,10,79013,130,88611,140,1,209,-16,401,31,11974,0,275,213,"Anderson",76978,265.010782301437,0.133802816901408,181.870144716672,20.7851593961911,520.92805736704,13.3802816901408
2021-10-09,12599,15,8590,3,4009,12,9605,7,79075,62,88680,69,0,209,-9,392,24,11998,0,275,214,"Anderson",76978,261.113564914651,0.137154554759468,89.6359998960742,19.4860869339292,509.236405206682,13.7154554759468
2021-10-10,12609,10,8598,8,4011,2,9614,9,79162,87,88776,96,0,209,-17,375,27,12025,0,275,214,"Anderson",76978,257.216347527865,0.13871635610766,124.710956377147,12.9907246226195,487.152173348229,13.871635610766
2021-10-11,12650,41,8611,13,4039,28,9627,13,79263,101,88890,114,0,209,-11,364,52,12077,0,275,214,"Anderson",76978,250.720985216555,0.128617363344051,148.094260697862,53.2619709527397,472.862376263348,12.8617363344051
2021-10-12,12685,35,8635,24,4050,11,9649,22,79362,99,89011,121,2,211,-8,356,41,12118,1,276,214,"Anderson",76978,231.234898282626,0.125,157.187767933695,45.4675361791681,462.469796565252,12.5
2021-10-13,12712,27,8649,14,4063,13,9667,18,79474,112,89141,130,0,211,-12,344,39,12157,0,276,215,"Anderson",76978,227.33768089584,0.124550898203593,168.879420094053,35.0749564810725,446.880927018109,12.4550898203593
2021-10-14,12731,19,8658,9,4073,10,9681,14,79577,103,89258,117,1,212,-19,325,37,12194,0,276,215,"Anderson",76978,211.748811348697,0.118170266836086,151.991478084648,24.682376782977,422.198550235132,11.8170266836086
2021-10-15,12754,23,8670,12,4084,11,9695,14,79699,122,89394,136,0,212,-14,311,37,12231,0,276,215,"Anderson",76978,220.842318584531,0.123882503192848,176.673854867625,29.8786666320247,404.011535763465,12.3882503192848
2021-10-16,12762,8,8675,5,4087,3,9702,7,79754,55,89456,62,0,212,-13,298,21,12252,0,276,215,"Anderson",76978,211.748811348697,0.125,80.5424926602406,10.3925796980956,387.12359375406,12.5
2021-10-17,12764,2,8676,1,4088,1,9703,1,79805,51,89508,52,0,212,-15,283,17,12269,0,276,215,"Anderson",76978,201.356231650601,0.121584699453552,67.5517680376211,2.59814492452389,367.63750682013,12.1584699453552
2021-10-18,12787,23,8684,8,4103,15,9713,10,79873,68,89586,78,1,213,-31,252,53,12322,0,276,215,"Anderson",76978,177.972927329886,0.123563218390805,101.327652056432,29.8786666320247,327.36626049001,12.3563218390805
2021-10-19,12816,29,8697,13,4119,16,9724,11,79984,111,89708,122,2,215,-16,236,43,12365,0,276,215,"Anderson",76978,170.178492556315,0.107604017216643,158.486840395957,37.6731014055964,306.581101093819,10.7604017216643
2021-10-20,12851,35,8722,25,4129,10,9753,29,80095,111,89848,140,0,215,10,246,25,12390,0,276,215,"Anderson",76978,180.57107225441,0.121640735502122,181.870144716672,45.4675361791681,319.571825716438,12.1640735502122
2021-10-21,12882,31,8738,16,4144,15,9771,18,80188,93,89959,111,0,215,12,258,19,12409,0,276,215,"Anderson",76978,196.159941801554,0.128388017118402,144.197043311076,40.2712463301203,335.160695263582,12.8388017118402
2021-10-22,12891,9,8744,6,4147,3,9779,8,80264,76,90043,84,0,215,-24,234,33,12442,0,276,215,"Anderson",76978,177.972927329886,0.129429892141757,109.122086830003,11.6916521603575,303.982956169295,12.9429892141757
2021-10-23,12908,17,8747,3,4161,14,9783,4,80317,53,90100,57,0,215,1,235,16,12458,0,276,215,"Anderson",76978,189.664579490244,0.125776397515528,74.0471303489309,22.0842318584531,305.282028631557,12.5776397515528
2021-10-24,12914,6,8752,5,4162,1,9790,7,80369,52,90159,59,0,215,-10,225,16,12474,0,276,215,"Anderson",76978,194.860869339292,0.133640552995392,76.6452752734548,7.79443477357167,292.291304008938,13.3640552995392
2021-10-25,12940,26,8765,13,4175,13,9804,14,80440,71,90244,85,1,216,-11,214,36,12510,1,277,216,"Anderson",76978,198.758086726078,0.138297872340426,110.421159292265,33.7758840188106,278.001506924056,13.8297872340426
2020-03-12,1,1,1,1,0,0,1,1,11,11,12,12,NA,NA,NA,NA,0,0,0,0,0,"East TN",2455501,NA,NA,0.488698640318208,0.040724886693184,NA,NA
2020-03-13,1,0,1,0,0,0,1,0,23,12,24,12,NA,NA,NA,NA,0,0,0,0,0,"East TN",2455501,NA,NA,0.488698640318208,0,NA,NA
2020-03-14,3,2,3,2,0,0,3,2,51,28,54,30,NA,NA,NA,NA,0,0,0,0,0,"East TN",2455501,NA,NA,1.22174660079552,0.081449773386368,NA,NA
2020-03-15,3,0,3,0,0,0,3,0,54,3,57,3,NA,NA,NA,NA,0,0,0,0,0,"East TN",2455501,NA,NA,0.122174660079552,0,NA,NA
2020-03-16,5,2,5,2,0,0,5,2,90,36,95,38,NA,NA,NA,NA,0,0,0,0,0,"East TN",2455501,NA,NA,1.54754569434099,0.081449773386368,NA,NA
2020-03-17,6,1,6,1,0,0,5,0,131,41,136,41,NA,NA,NA,NA,0,0,0,0,0,"East TN",2455501,NA,NA,1.66972035442054,0.040724886693184,NA,NA
2020-03-18,8,2,8,2,0,0,7,2,171,40,178,42,NA,NA,NA,NA,0,0,0,0,0,"East TN",2455501,0.325799093545472,0.0393258426966292,1.71044524111373,0.081449773386368,NA,3.93258426966292
2020-03-19,11,3,11,3,0,0,11,4,238,67,249,71,NA,NA,NA,NA,0,0,0,0,0,"East TN",2455501,0.40724886693184,0.0421940928270042,2.89146695521606,0.122174660079552,NA,4.21940928270042
2020-03-20,29,18,29,18,0,0,27,16,382,144,409,160,NA,NA,NA,NA,3,3,2,2,0,"East TN",2455501,1.14029682740915,0.0675324675324675,6.51598187090944,0.733047960477312,NA,6.75324675324675
2020-03-21,38,9,38,9,0,0,38,11,610,228,648,239,NA,NA,NA,NA,3,6,1,3,1,"East TN",2455501,1.42537103426144,0.0589225589225589,9.73324791967098,0.366523980238656,NA,5.89225589225589
2020-03-22,48,10,47,9,1,1,43,5,713,103,756,108,NA,NA,NA,NA,2,8,4,7,2,"East TN",2455501,1.83261990119328,0.0572246065808298,4.39828776286387,0.40724886693184,NA,5.72246065808298
2020-03-23,64,16,63,16,1,0,56,13,846,133,902,146,NA,NA,NA,NA,7,15,4,11,2,"East TN",2455501,2.40276831489786,0.0631970260223048,5.94583345720486,0.651598187090944,NA,6.31970260223048
2020-03-24,83,19,82,19,1,0,70,14,987,141,1057,155,NA,NA,NA,NA,7,22,5,16,2,"East TN",2455501,3.13581627537517,0.0705754614549403,6.31235743744352,0.773772847170496,NA,7.05754614549403
2020-03-25,116,33,115,33,1,0,99,29,1288,301,1387,330,NA,NA,NA,NA,15,37,12,28,3,"East TN",2455501,4.39828776286387,0.076095947063689,13.4392126087507,1.34392126087507,NA,7.6095947063689
2020-03-26,144,28,143,28,1,0,130,31,1774,486,1904,517,NA,NA,NA,NA,15,52,5,33,4,"East TN",2455501,5.41640993019347,0.0719033232628399,21.0547664203761,1.14029682740915,NA,7.19033232628399
2020-03-27,166,22,165,22,1,0,147,17,2171,397,2318,414,NA,NA,NA,NA,17,69,6,39,4,"East TN",2455501,5.57930947696621,0.0628601361969618,16.8601030909782,0.895947507250048,NA,6.28601361969618
2020-03-28,197,31,196,31,1,0,180,33,2608,437,2788,470,NA,NA,NA,NA,12,81,8,47,4,"East TN",2455501,6.47525698421626,0.0663551401869159,19.1406967457965,1.2624714874887,NA,6.63551401869159
2020-03-29,213,16,212,16,1,0,196,16,2795,187,2991,203,NA,NA,NA,NA,27,108,3,50,7,"East TN",2455501,6.71960630437536,0.0684563758389262,8.26715199871635,0.651598187090944,NA,6.84563758389262
2020-03-30,246,33,245,33,1,0,226,30,3345,550,3571,580,NA,NA,NA,NA,33,141,8,58,9,"East TN",2455501,7.41192937815949,0.0636942675159236,23.6204342820467,1.34392126087507,NA,6.36942675159236
2020-03-31,295,49,294,49,1,0,278,52,3645,300,3923,352,NA,NA,NA,NA,39,180,12,70,10,"East TN",2455501,8.63367597895501,0.0725750174459177,14.3351601160008,1.99551944796602,NA,7.25750174459177
2020-04-01,346,51,345,51,1,0,336,58,4243,598,4579,656,NA,NA,NA,NA,36,216,9,79,12,"East TN",2455501,9.36672393943232,0.0742481203007519,26.7155256707287,2.07696922135238,NA,7.42481203007519
2020-04-02,391,45,390,45,1,0,383,47,4839,596,5222,643,2,7,NA,134,34,250,5,84,14,"East TN",2455501,10.0590470132164,0.0762507534659433,26.1861021437173,1.83261990119328,5.45713481688666,7.62507534659433
2020-04-03,412,21,411,21,1,0,401,18,5124,285,5525,303,1,8,-13,121,33,283,2,86,17,"East TN",2455501,10.0183221265233,0.0792017461802308,12.3396406680348,0.855222620556864,4.92771128987526,7.92017461802307
2020-04-04,447,35,446,35,1,0,431,30,5716,592,6147,622,3,11,0,121,32,315,5,91,19,"East TN",2455501,10.181221673296,0.0747246204227449,25.3308795231604,1.42537103426144,4.92771128987526,7.47246204227449
2020-04-05,473,26,472,26,1,0,464,33,6093,377,6557,410,-1,10,1,122,26,341,2,93,20,"East TN",2455501,10.5884705402278,0.0751542344363432,16.6972035442054,1.05884705402278,4.96843617656845,7.51542344363432
2020-04-06,514,41,513,41,1,0,514,50,6626,533,7140,583,8,18,0,122,33,374,5,98,20,"East TN",2455501,10.9142696337733,0.080694872513309,23.7426089421263,1.66972035442054,4.96843617656845,8.06948725133091
2020-04-07,570,56,569,56,1,0,592,78,7755,1129,8347,1207,0,18,19,141,37,411,7,105,21,"East TN",2455501,11.1993438406256,0.0709764918625678,49.1549382386731,2.2805936548183,5.74220902373894,7.09764918625678
2020-04-08,607,37,606,37,1,0,632,40,8162,407,8794,447,1,19,4,145,32,443,8,113,25,"East TN",2455501,10.629195426921,0.0702253855278766,18.2040243518532,1.50682080764781,5.90510857051168,7.02253855278766
2020-04-09,633,26,632,26,1,0,662,30,8613,451,9275,481,3,22,3,148,20,463,2,115,25,"East TN",2455501,9.85542257975053,0.0688378978534419,19.5886704994215,1.05884705402278,6.02728323059123,6.88378978534419
2020-04-10,655,22,654,22,1,0,682,20,8941,328,9623,348,0,22,-7,141,29,492,4,119,25,"East TN",2455501,9.89614746644371,0.0685700341630063,14.172260569228,0.895947507250048,5.74220902373894,6.85700341630063
2020-04-11,679,24,678,24,1,0,728,46,10022,1081,10750,1127,2,24,-5,136,27,519,5,124,27,"East TN",2455501,9.44817371281869,0.0645231370845101,45.8969473032184,0.977397280636416,5.53858459027302,6.45231370845101
2020-04-12,709,30,708,30,1,0,761,33,11472,1450,12233,1483,0,24,18,154,12,531,1,125,28,"East TN",2455501,9.61107325959142,0.0523255813953488,60.3950069659919,1.22174660079552,6.27163255075034,5.23255813953488
2020-04-13,738,29,737,29,1,0,803,42,12435,963,13238,1005,0,24,-2,152,31,562,7,132,32,"East TN",2455501,9.12237461927321,0.0473925877336832,40.9285111266499,1.18102171410234,6.19018277736397,4.73925877336832
2020-04-14,749,11,748,11,1,0,823,20,12720,285,13543,305,4,28,-17,135,24,586,1,133,33,"East TN",2455501,7.28975471807994,0.0444572748267898,12.4210904414211,0.447973753625024,5.49785970357984,4.44572748267898
2020-04-15,773,24,772,24,1,0,850,27,13132,412,13982,439,2,30,-6,129,28,614,4,137,34,"East TN",2455501,6.76033119106854,0.0420200462606014,17.8782252583078,0.977397280636416,5.25351038342074,4.20200462606014
2020-04-16,801,28,800,28,1,0,886,36,13809,677,14695,713,1,31,1,130,26,640,6,143,34,"East TN",2455501,6.84178096445491,0.0413284132841328,29.0368442122402,1.14029682740915,5.29423527011392,4.13284132841328
2020-04-17,823,22,821,21,2,1,916,30,14138,329,15054,359,0,31,-1,129,23,663,3,146,35,"East TN",2455501,6.84178096445491,0.0430859878475419,14.6202343228531,0.895947507250048,5.25351038342074,4.30859878475419
2020-04-18,835,12,833,12,2,0,935,19,14919,781,15854,800,0,31,-11,118,23,686,0,146,35,"East TN",2455501,6.3530823241367,0.0405564263322884,32.5799093545472,0.488698640318208,4.80553662979571,4.05564263322884
2020-04-19,914,79,912,79,2,0,1016,81,15606,687,16622,768,1,32,66,184,12,698,1,147,35,"East TN",2455501,8.34860177210272,0.0580997949419002,31.2767129803653,3.21726604876154,7.49337915154586,5.80997949419002
2020-04-20,939,25,931,19,8,6,1033,17,16569,963,17602,980,0,32,10,194,15,713,2,149,35,"East TN",2455501,8.18570222532998,0.0527039413382218,39.9103889593203,1.0181221673296,7.9006280184777,5.27039413382218
2020-04-21,1045,106,1037,106,8,0,1154,121,19275,2706,20429,2827,0,32,83,277,23,736,6,155,36,"East TN",2455501,12.0545664611825,0.0480685448736567,115.129254681631,4.3168379894775,11.280793614012,4.80685448736567
2020-04-22,1247,202,1237,200,10,2,1354,200,21827,2552,23181,2752,2,34,177,454,23,759,2,157,36,"East TN",2455501,19.3035962925692,0.054788563974345,112.074888179642,8.22642711202317,18.4890985587055,5.4788563974345
2020-04-23,1492,245,1480,243,12,2,1601,247,22934,1107,24535,1354,0,34,236,690,9,768,3,160,36,"East TN",2455501,28.1408967049901,0.0726626016260163,55.1414965825711,9.97759723983008,28.100171818297,7.26626016260163
2020-04-24,1540,48,1527,47,13,1,1655,54,25623,2689,27278,2743,0,34,22,712,26,794,4,164,36,"East TN",2455501,29.1997437590129,0.0604548429319372,111.708364199404,1.95479456127283,28.996119325547,6.04548429319372
2020-04-25,1563,23,1546,19,17,4,1674,19,26398,775,28072,794,0,34,10,722,13,807,3,167,37,"East TN",2455501,29.6477175126379,0.0604845310198068,32.3355600343881,0.936672393943232,29.4033681924788,6.04845310198068
2020-04-26,1583,20,1565,19,18,1,1700,26,27516,1118,29216,1144,0,34,-1,721,21,828,0,167,38,"East TN",2455501,27.2449491977401,0.0543115769414007,46.5892703770025,0.81449773386368,29.3626433057857,5.43115769414007
2020-04-27,1652,69,1633,68,19,1,1772,72,28431,915,30203,987,0,34,51,772,18,846,8,175,39,"East TN",2455501,29.0368442122402,0.058646139195302,40.1954631661726,2.8100171818297,31.439612527138,5.8646139195302
2020-04-28,1689,37,1667,34,22,3,1812,40,30605,2174,32417,2214,2,36,19,791,16,862,1,176,40,"East TN",2455501,26.2268270304105,0.0548882215548882,90.1648991387094,1.50682080764781,32.2133853743085,5.48882215548882
2020-04-29,1752,63,1729,62,23,1,1878,66,33354,2749,35232,2815,1,37,39,830,23,885,6,182,41,"East TN",2455501,20.5660677800579,0.0434818687245872,114.640556041313,2.56566786167059,33.8016559553427,4.34818687245872
2020-04-30,1774,22,1750,21,24,1,1900,22,33903,549,35803,571,0,37,-1,829,23,908,1,183,41,"East TN",2455501,11.4844180474779,0.0265353212637558,23.2539103018081,0.895947507250048,33.7609310686495,2.65353212637558
2020-05-01,1814,40,1786,36,28,4,1929,29,35565,1662,37494,1691,0,37,-16,813,56,964,0,183,41,"East TN",2455501,11.1586189539324,0.0268206734534064,68.8657833981741,1.62899546772736,33.1093328815586,2.68206734534064
2020-05-02,1835,21,1807,21,28,0,1966,37,37442,1877,39408,1914,0,37,-107,706,128,1092,2,185,41,"East TN",2455501,11.077169180546,0.0257586450247001,77.9474331307542,0.855222620556864,28.7517700053879,2.57586450247001
2020-05-03,1873,38,1840,33,33,5,2003,37,39562,2120,41565,2157,0,37,-20,686,58,1150,3,188,43,"East TN",2455501,11.8102171410234,0.0245363997084784,87.8435805971979,1.54754569434099,27.9372722715242,2.45363997084784
2020-05-04,1920,47,1884,44,36,3,2060,57,41508,1946,43568,2003,0,37,-312,374,359,1509,1,189,43,"East TN",2455501,10.9142696337733,0.0215488215488215,81.5719480464475,1.91406967457965,15.2311076232508,2.15488215488215
2020-05-05,1948,28,1911,27,37,1,2092,32,44418,2910,46510,2942,2,39,-45,329,71,1580,1,190,43,"East TN",2455501,10.5477456535347,0.0198680195841907,119.812616651347,1.14029682740915,13.3984877220575,1.98680195841907
2020-05-06,1985,37,1948,37,37,0,2135,43,45462,1044,47597,1087,1,40,7,336,29,1609,0,190,43,"East TN",2455501,9.48889859951187,0.0207844723008492,44.267951835491,1.50682080764781,13.6835619289098,2.07844723008492
2020-05-07,2028,43,1989,41,39,2,2183,48,46853,1391,49036,1439,0,40,19,355,24,1633,4,194,47,"East TN",2455501,10.3441212200687,0.0213859291166024,58.6031119514918,1.75117012780691,14.4573347760803,2.13859291166024
2020-05-08,2047,19,2008,19,39,0,2219,36,48523,1670,50742,1706,1,41,-15,340,33,1666,0,194,48,"East TN",2455501,9.48889859951187,0.0218900966183575,69.4766566985719,0.773772847170496,13.8464614756826,2.18900966183575
2020-05-09,2063,16,2022,14,41,2,2237,18,51342,2819,53579,2837,0,41,-33,307,49,1715,1,195,49,"East TN",2455501,9.28527416604595,0.0191235622045022,115.536503548563,0.651598187090944,12.5025402148075,1.91235622045022
2020-05-10,2079,16,2037,15,42,1,2256,19,53906,2564,56162,2583,1,42,-27,280,42,1757,3,198,49,"East TN",2455501,8.3893266587959,0.0173323285606631,105.192382328494,0.651598187090944,11.4029682740915,1.73323285606631
2020-05-11,2140,61,2097,60,43,1,2307,51,55477,1571,57784,1622,3,45,13,293,45,1802,4,202,51,"East TN",2455501,8.95947507250048,0.0173747889701744,66.0557662163444,2.48421808828422,11.9323918011029,1.73747889701745
2020-05-12,2193,53,2150,53,43,0,2373,66,59032,3555,61405,3621,3,48,30,323,20,1822,3,205,51,"East TN",2455501,9.97759723983008,0.0188653910708291,147.464814716019,2.15841899473875,13.1541384018984,1.88653910708291
2020-05-13,2247,54,2201,51,46,3,2425,52,60657,1625,63082,1677,0,48,18,341,36,1858,7,212,53,"East TN",2455501,10.6699203136142,0.0187278010978366,68.2956349844696,2.19914388143194,13.8871863623757,1.87278010978366
2020-05-14,2278,31,2232,31,46,0,2470,45,62365,1708,64835,1753,1,49,-1,340,31,1889,2,214,54,"East TN",2455501,10.181221673296,0.0181657066902969,71.3907263731516,1.2624714874887,13.8464614756826,1.81657066902969
2020-05-15,2306,28,2260,28,46,0,2507,37,64685,2320,67192,2357,1,50,-21,319,48,1937,4,218,54,"East TN",2455501,10.5477456535347,0.0175075987841945,95.9885579358347,1.14029682740915,12.9912388551257,1.75075987841945
2020-05-16,2316,10,2270,10,46,0,2525,18,67455,2770,69980,2788,1,51,-28,291,37,1974,1,219,54,"East TN",2455501,10.3033963333756,0.0175599048838485,113.540984100597,0.40724886693184,11.8509420277165,1.75599048838485
2020-05-17,2396,80,2350,80,46,0,2604,79,69682,2227,72286,2306,0,51,59,350,21,1995,4,223,56,"East TN",2455501,12.9097890817393,0.0215827338129496,93.9115887144823,3.25799093545472,14.2537103426144,2.15827338129496
2020-05-18,2445,49,2398,48,47,1,2665,61,71560,1878,74225,1939,0,51,8,358,41,2036,3,226,56,"East TN",2455501,12.4210904414211,0.0217748312146463,78.9655552980838,1.99551944796602,14.5795094361599,2.17748312146463
2020-05-19,2486,41,2438,40,48,1,2705,40,72684,1124,75389,1164,1,52,-6,352,46,2082,3,229,56,"East TN",2455501,11.9323918011029,0.0237414187643021,47.4037681108662,1.66972035442054,14.3351601160008,2.37414187643021
2020-05-20,2528,42,2480,42,48,0,2750,45,74424,1740,77174,1785,0,52,13,365,29,2111,3,232,56,"East TN",2455501,11.4436931607847,0.0230627306273063,72.6939227473334,1.71044524111373,14.8645836430122,2.30627306273063
2020-05-21,2769,241,2720,240,49,1,2988,238,75886,1462,78874,1700,0,52,211,576,30,2141,4,236,57,"East TN",2455501,19.9959193663533,0.0368972149013463,69.2323073784128,9.81469769305734,23.457534735274,3.68972149013463
2020-05-22,2860,91,2808,88,52,3,3066,78,77411,1525,80477,1603,0,52,40,616,51,2192,6,242,57,"East TN",2455501,22.5615872280239,0.0420775310500565,65.2819933691739,3.70596468907974,25.0865302030013,4.20775310500565
2020-05-23,2926,66,2870,62,56,4,3157,91,79626,2215,82783,2306,2,54,36,652,28,2220,6,248,58,"East TN",2455501,24.8421808828422,0.0493634304459892,93.9115887144823,2.68784252175014,26.552626123956,4.93634304459892
2020-05-24,2978,52,2922,52,56,0,3227,70,81746,2120,84973,2190,0,54,26,678,26,2246,0,248,59,"East TN",2455501,23.7018840554331,0.0491053834633877,89.187501858073,2.11769410804557,27.6114731779788,4.91053834633877
2020-05-25,3062,84,3005,83,57,1,3321,94,84396,2650,87717,2744,1,55,42,720,41,2287,2,250,59,"East TN",2455501,25.1272550896945,0.0486214052772013,111.749089086097,3.42089048222746,29.3219184190925,4.86214052772013
2020-05-26,3123,61,3057,52,66,9,3377,56,86782,2386,90159,2442,1,56,15,735,45,2332,3,253,59,"East TN",2455501,25.9417528235582,0.0454976303317536,99.4501733047553,2.48421808828422,29.9327917194902,4.54976303317536
2020-05-27,3199,76,3130,73,69,3,3444,67,88649,1867,92093,1934,0,56,40,775,36,2368,8,261,59,"East TN",2455501,27.3263989711265,0.0465178631275555,78.7619308646179,3.09509138868198,31.5617871872176,4.65178631275555
2020-05-28,3273,74,3204,74,69,0,3511,67,90048,1399,93559,1466,0,56,14,789,60,2428,1,262,59,"East TN",2455501,20.5253428933647,0.0356145726932244,59.7026838922077,3.01364161529562,32.1319356009222,3.56145726932244
2020-05-29,3348,75,3278,74,70,1,3594,83,91326,1278,94920,1361,0,56,10,799,65,2493,4,266,59,"East TN",2455501,19.8737447062738,0.0365575019040366,55.4265707894234,3.0543665019888,32.539184467854,3.65575019040366
2020-05-30,3421,73,3350,72,71,1,3675,81,93571,2245,97246,2326,0,56,-1,798,74,2567,4,270,60,"East TN",2455501,20.1588189131261,0.0358155292816152,94.726086448346,2.97291672860243,32.4984595811608,3.58155292816152
2020-05-31,3533,112,3460,110,73,2,3769,94,96354,2783,100123,2877,0,56,71,869,41,2608,1,271,61,"East TN",2455501,22.6023121147171,0.0357755775577558,117.16549901629,4.56118730963661,35.3899265363769,3.57755775577558
2020-06-01,3629,96,3553,93,76,3,3903,134,100186,3832,104089,3966,0,56,-169,700,265,2873,5,276,61,"East TN",2455501,23.0910107550353,0.0355484974346445,161.514900625168,3.90958912254566,28.5074206852288,3.55484974346445
2020-06-02,3736,107,3658,105,78,2,4018,115,104246,4060,108264,4175,1,57,16,716,90,2963,3,279,65,"East TN",2455501,24.9643555429218,0.0354045843689589,170.026401944043,4.35756287617069,29.1590188723197,3.54045843689589
2020-06-03,3786,50,3708,50,78,0,4068,50,106176,1930,110244,1980,0,57,-65,651,115,3078,4,283,66,"East TN",2455501,23.905508488899,0.0343782711696325,80.6352756525043,2.0362443346592,26.5119012372628,3.43782711696325
2020-06-04,3837,51,3757,49,80,2,4129,61,107724,1548,111853,1609,6,63,-37,614,82,3160,5,288,67,"East TN",2455501,22.9688360949558,0.0337815677271236,65.526342689333,2.07696922135238,25.005080429615,3.37815677271236
2020-06-05,3936,99,3852,95,84,4,4211,82,109880,2156,114091,2238,1,64,-43,571,141,3301,4,292,68,"East TN",2455501,23.9462333755922,0.0321840279588963,91.1422964193458,4.03176378262522,23.2539103018081,3.21840279588963
2020-06-06,3989,53,3902,50,87,3,4286,75,112985,3105,117271,3180,1,65,-14,557,66,3367,4,296,68,"East TN",2455501,23.1317356417285,0.0305118601747815,129.505139684325,2.15841899473875,22.6837618881035,3.05118601747815
2020-06-07,4047,58,3958,56,89,2,4367,81,116949,3964,121316,4045,0,65,-8,549,66,3433,6,302,69,"East TN",2455501,20.9325917602966,0.0282168640588874,164.732166673929,2.36204342820467,22.357962794558,2.82168640588874
2020-06-08,4207,160,4114,156,93,4,4524,157,119900,2951,124424,3108,0,65,75,624,85,3518,6,308,69,"East TN",2455501,23.5389845086604,0.0305384804524219,126.572947842416,6.51598187090944,25.4123292965468,3.05384804524219
2020-06-09,4315,108,4221,107,94,1,4642,118,122227,2327,126869,2445,1,66,-35,589,142,3660,7,315,70,"East TN",2455501,23.5797093953535,0.0335393711367912,99.5723479648349,4.39828776286387,23.9869582622854,3.35393711367912
2020-06-10,4392,77,4295,74,97,3,4716,74,125065,2838,129781,2912,0,66,-63,526,140,3800,6,321,70,"East TN",2455501,24.6792813360695,0.0331678353892614,118.590870050552,3.13581627537517,21.4212904006148,3.31678353892614
2020-06-11,4656,264,4557,262,99,2,4996,280,127356,2291,132352,2571,1,67,149,675,114,3914,8,329,70,"East TN",2455501,33.3536822017177,0.0422947460851749,104.703683688176,10.7513700870006,27.4892985178992,4.22947460851749
2020-06-12,4827,171,4727,170,100,1,5168,172,129983,2627,135151,2799,2,69,24,699,145,4059,3,332,71,"East TN",2455501,36.2858740436269,0.0454415954415954,113.988957854222,6.96395562453446,28.4666957985356,4.54415954415954
2020-06-13,4975,148,4871,144,104,4,5336,168,132174,2191,137510,2359,0,69,50,749,98,4157,4,336,72,"East TN",2455501,40.1547382794794,0.051880033598498,96.0700077092211,6.02728323059123,30.5029401331948,5.1880033598498
2020-06-14,5091,116,4986,115,105,1,5471,135,136044,3870,141515,4005,0,69,30,779,86,4243,4,340,73,"East TN",2455501,42.5167817076841,0.0546561710975791,163.103171206202,4.72408685640934,31.7246867339903,5.46561710975791
2020-06-15,5274,183,5158,172,116,11,5650,179,139218,3174,144868,3353,0,69,58,837,125,4368,9,349,78,"East TN",2455501,43.4534541016273,0.0550772842887889,136.550545082246,7.45265426485267,34.086730162195,5.50772842887889
2020-06-16,5428,154,5310,152,118,2,5808,158,141018,1800,146826,1958,3,72,64,901,87,4455,4,353,81,"East TN",2455501,45.3267988895138,0.0584256150724057,79.7393281452543,6.27163255075034,36.6931229105588,5.84256150724057
2020-06-17,5561,133,5440,130,121,3,5930,122,142459,1441,148389,1563,3,75,-6,895,136,4591,6,359,83,"East TN",2455501,47.6073925443321,0.0652407566638005,63.6529979014466,5.41640993019347,36.4487735903997,6.52407566638005
2020-06-18,5739,178,5617,177,122,1,6136,206,146050,3591,152186,3797,1,76,42,937,135,4726,10,369,83,"East TN",2455501,44.1050522887183,0.0574770595946355,154.63239477402,7.24902983138675,38.1592188315134,5.74770595946355
2020-06-19,5874,135,5748,131,126,4,6254,118,147514,1464,153768,1582,4,80,22,959,109,4835,12,381,84,"East TN",2455501,42.6389563677636,0.0583337809528925,64.4267707486171,5.49785970357984,39.0551663387635,5.83337809528925
2020-06-20,5940,66,5813,65,127,1,6349,95,149689,2175,156038,2270,0,80,-44,915,110,4945,6,387,84,"East TN",2455501,39.2995156589226,0.0546740069084629,92.4454927935277,2.68784252175014,37.2632713242634,5.46740069084629
2020-06-21,6028,88,5900,87,128,1,6468,119,153039,3350,159507,3469,1,81,0,915,87,5032,3,390,87,"East TN",2455501,38.1592188315134,0.0554135171187194,141.274631938655,3.58379002900019,37.2632713242634,5.54135171187194
2020-06-22,6224,196,6089,189,135,7,6666,198,156449,3410,163115,3608,1,82,43,958,152,5184,7,397,88,"East TN",2455501,38.6886423585248,0.0556803858168466,146.935391189008,7.98207779186406,39.0144414520703,5.56803858168466
2020-06-23,6414,190,6273,184,141,6,6850,184,158254,1805,165104,1989,4,86,57,1015,129,5313,15,412,88,"East TN",2455501,40.1547382794794,0.0570084254294781,81.001799632743,7.73772847170496,41.3357599935818,5.70084254294781
2020-06-24,6592,178,6449,176,143,2,7033,183,159885,1631,166918,1814,2,88,37,1052,139,5452,9,421,88,"East TN",2455501,41.9873581806727,0.0595283069782503,73.8749444614358,7.24902983138675,42.8425808012296,5.95283069782503
2020-06-25,6761,169,6609,160,152,9,7217,184,163059,3174,170276,3358,0,88,22,1074,147,5599,8,429,88,"East TN",2455501,41.620834200434,0.0597567716970702,136.754169515712,6.8825058511481,43.7385283084796,5.97567716970702
2020-06-26,6975,214,6813,204,162,10,7389,172,164648,1589,172037,1761,1,89,67,1141,146,5745,16,445,88,"East TN",2455501,44.8381002491956,0.0621271005528491,71.716525466697,8.71512575234138,46.4670957169229,6.21271005528491
2020-06-27,7049,74,6882,69,167,5,7435,46,164857,209,172292,255,-1,88,-52,1089,127,5872,5,450,90,"East TN",2455501,45.1638993427411,0.0668143226282761,10.3848461067619,3.01364161529562,44.3494016088774,6.68143226282761
2020-06-28,7176,127,7007,125,169,2,7606,171,167946,3089,175552,3260,0,88,30,1119,97,5969,5,455,91,"East TN",2455501,46.7521699237752,0.0709255219694609,132.76313061978,5.17206061003437,45.5711482096729,7.09255219694609
2020-06-29,7519,343,7348,341,171,2,7946,340,173214,5268,181160,5608,1,89,147,1266,195,6164,22,477,92,"East TN",2455501,52.7387282676733,0.0709337766694375,228.385164575376,13.9686361357621,51.5577065535709,7.09337766694375
2020-06-30,7789,270,7614,266,175,4,8394,448,179502,6288,187896,6736,0,89,100,1366,170,6334,22,499,93,"East TN",2455501,55.996719203128,0.0677430677430677,274.322836765287,10.9957194071597,55.6301952228893,6.77430677430677
2020-07-01,8064,275,7886,272,178,3,8728,334,182706,3204,191434,3538,0,89,66,1432,209,6543,17,516,96,"East TN",2455501,59.9470332123668,0.0691385217816936,144.084649120485,11.1993438406256,58.3180377446395,6.91385217816936
2020-07-02,8544,480,8361,475,183,5,9334,606,189089,6383,198423,6989,2,91,314,1746,164,6707,24,540,99,"East TN",2455501,72.6124729739471,0.0752122783955661,284.626233098663,19.5479456127283,71.1056521662993,7.52122783955661
2020-07-03,8770,226,8581,220,189,6,9562,228,192445,3356,202007,3584,5,96,24,1770,197,6904,14,554,100,"East TN",2455501,73.1011716142653,0.0725058391725058,145.957993908371,9.20382439265958,72.0830494469357,7.25058391725058
2020-07-04,8990,220,8799,218,191,2,9842,280,197209,4764,207051,5044,2,98,77,1847,141,7045,14,568,106,"East TN",2455501,79.0470050714701,0.0692482522512155,205.41632848042,8.95947507250048,75.2188657223108,6.92482522512155
2020-07-05,9310,320,9118,319,192,1,10210,368,201057,3848,211267,4216,2,100,163,2010,155,7200,11,579,109,"East TN",2455501,86.9069082032546,0.0729105417891642,171.696122298464,13.0319637418189,81.8570222532998,7.29105417891642
2020-07-06,9544,234,9341,223,203,11,10420,210,202688,1631,213108,1841,4,104,-51,1959,281,7481,26,605,109,"East TN",2455501,82.4678955536976,0.0774383372981094,74.9745164021517,9.52962348620506,79.7800530319474,7.74383372981094
2020-07-07,9992,448,9780,439,212,9,10986,566,208966,6278,219952,6844,0,104,159,2118,289,7770,31,636,110,"East TN",2455501,89.7169253850844,0.080858497629149,278.721124528151,18.2447492385464,86.2553100161637,8.0858497629149
2020-07-08,10373,381,10151,371,222,10,11420,434,213137,4171,224557,4605,1,105,61,2179,319,8089,20,656,110,"East TN",2455501,94.0337633745619,0.081272831567189,187.538103222112,15.5161818301031,88.7395281044479,8.1272831567189
2020-07-09,10822,449,10586,435,236,14,11892,472,219088,5951,230980,6423,1,106,149,2328,299,8388,24,680,113,"East TN",2455501,92.7712918870731,0.078569892803391,261.575947230321,18.2854741252396,94.8075362217323,7.8569892803391
2020-07-10,11289,467,11041,455,248,12,12345,453,222372,3284,234717,3737,0,106,141,2469,326,8714,27,707,115,"East TN",2455501,102.58598958013,0.0850810149801284,152.188901572429,19.0185220857169,100.549745245471,8.50810149801284
2020-07-11,11595,306,11340,299,255,7,12767,422,226850,4478,239617,4900,5,111,44,2513,257,8971,22,729,120,"East TN",2455501,106.088329835744,0.0898176011791439,199.551944796602,12.4618153281143,102.341640259971,8.98176011791439
2020-07-12,12065,470,11802,462,263,8,13400,633,232780,5930,246180,6563,1,112,222,2735,247,9218,24,753,125,"East TN",2455501,112.197062839722,0.091369976799473,267.277431367367,19.1406967457965,111.382565105858,9.1369976799473
2020-07-13,12419,354,12143,341,276,13,13743,343,236214,3434,249957,3777,3,115,-119,2616,470,9688,18,771,129,"East TN",2455501,117.084049242904,0.0901788379603246,153.817897040156,14.4166098893871,106.536303589369,9.01788379603246
2020-07-14,12934,515,12652,509,282,6,14327,584,240702,4488,255029,5072,4,119,77,2693,434,10122,34,805,133,"East TN",2455501,119.812616651347,0.0952475981412321,206.556625307829,20.9733166469898,109.672119864745,9.52475981412321
2020-07-15,13314,380,13026,374,288,6,14710,383,243799,3097,258509,3480,6,125,-105,2588,479,10601,24,829,140,"East TN",2455501,119.771891764654,0.0969015080113101,141.72260569228,15.4754569434099,105.39600676196,9.69015080113101
2020-07-16,14141,827,13838,812,303,15,15807,1097,253633,9834,269440,10931,6,131,349,2937,472,11073,43,872,142,"East TN",2455501,135.165898934678,0.101794071762871,445.163736443194,33.6794812952632,119.608992217881,10.1794071762871
2020-07-17,14609,468,14291,453,318,15,16318,511,257953,4320,274271,4831,3,134,95,3032,370,11443,24,896,147,"East TN",2455501,135.206623821371,0.100444961318704,196.741927614772,19.0592469724101,123.477856453734,10.0444961318704
2020-07-18,15118,509,14785,494,333,15,16986,668,266044,8091,283030,8759,6,140,185,3217,318,11761,27,923,150,"East TN",2455501,143.473775820087,0.0971828714901067,356.709282545599,20.7289673268307,131.011960491973,9.71828714901067
2020-07-19,15599,481,15247,462,352,19,17546,560,270897,4853,288443,5413,0,140,76,3293,405,12166,25,948,154,"East TN",2455501,143.921749573712,0.0980999929015924,220.443811670205,19.5886704994215,134.107051880655,9.80999929015924
2020-07-20,16035,436,15668,421,367,15,17957,411,273354,2457,291311,2868,2,142,-270,3023,704,12870,29,977,158,"East TN",2455501,147.261190282553,0.10190066257194,116.798975036052,17.7560505982282,123.111332473495,10.190066257194
2020-07-21,17036,1001,16652,984,384,17,19169,1212,281731,8377,300900,9589,1,143,381,3404,619,13489,61,1038,161,"East TN",2455501,167.053485215441,0.105556887794031,390.510938500941,40.7656115798772,138.627514303598,10.5556887794031
2020-07-22,17620,584,17219,567,401,17,19823,654,285031,3300,304854,3954,4,147,-80,3324,660,14149,29,1067,166,"East TN",2455501,175.36136210085,0.110324738375229,161.02620198485,23.7833338288195,135.369523368144,11.0324738375229
2020-07-23,18415,795,17992,773,423,22,20822,999,295235,10204,316057,11203,4,151,242,3566,549,14698,50,1117,171,"East TN",2455501,174.058165726668,0.107578780273291,456.24090562374,32.3762849210813,145.224945947894,10.7578780273291
2020-07-24,19018,603,18582,590,436,13,21506,684,301044,5809,322550,6493,2,153,6,3572,595,15293,34,1151,177,"East TN",2455501,179.556025430248,0.107458729468299,264.426689298844,24.55710667599,145.469295268053,10.7458729468299
2020-07-25,19996,978,19547,965,449,13,22708,1202,310659,9615,333367,10817,10,163,550,4122,418,15711,28,1179,185,"East TN",2455501,198.655997289352,0.113673838329658,440.521099360171,39.8289391859339,167.867982949304,11.3673838329658
2020-07-26,20771,775,20307,760,464,15,23605,897,318182,7523,341787,8420,1,164,391,4513,383,16094,21,1200,192,"East TN",2455501,210.629113977148,0.113583533293341,342.903545956609,31.5617871872176,183.791413646339,11.3583533293341
2020-07-27,21417,646,20931,624,486,22,24311,706,322648,4466,346959,5172,6,170,-78,4435,718,16812,38,1238,196,"East TN",2455501,219.181340182716,0.114182001150086,210.629113977148,26.3082768037969,180.614872484271,11.4182001150086
2020-07-28,22232,815,21723,792,509,23,25284,973,330869,8221,356153,9194,7,177,170,4605,638,17450,50,1288,201,"East TN",2455501,211.606511257784,0.110672723653014,374.424608257134,33.190782654945,187.538103222112,11.0672723653014
2020-07-29,22575,343,22054,331,521,12,25600,316,332441,1572,358041,1888,5,182,-337,4268,675,18125,24,1312,210,"East TN",2455501,201.791813564727,0.108616767255156,76.8885860767314,13.9686361357621,173.813816406509,10.8616767255156
2020-07-30,23763,1188,23227,1173,536,15,26981,1381,344975,12534,371956,13915,5,187,673,4941,510,18635,42,1354,216,"East TN",2455501,217.796694035148,0.110180861911662,566.686798335655,48.3811653915026,201.221665151022,11.0180861911662
2020-07-31,24385,622,23833,606,552,16,27635,654,348943,3968,376578,4622,6,193,80,5021,536,19171,25,1379,225,"East TN",2455501,218.570466882319,0.113441178648108,188.230426295896,25.3308795231604,204.479656086477,11.3441178648108
2020-08-01,24944,559,24375,542,569,17,28271,636,355917,6974,384188,7610,1,194,152,5173,406,19577,16,1395,228,"East TN",2455501,201.506739357874,0.109462623718542,309.91638773513,22.7652116614899,210.669838863841,10.9462623718542
2020-08-02,25375,431,24795,420,580,11,28755,484,359715,3798,388470,4282,4,198,49,5222,378,19955,19,1414,233,"East TN",2455501,187.497378335419,0.110318531371163,174.383964820214,17.5524261647623,212.665358311807,11.0318531371163
2020-08-03,26001,626,25403,608,598,18,29463,708,363859,4144,393322,4852,3,201,-43,5179,666,20621,33,1447,241,"East TN",2455501,186.682880601555,0.111123093846386,197.597150235329,25.4937790699332,210.914188184,11.1123093846386
2020-08-04,26487,486,25869,466,618,20,29989,526,369230,5371,399219,5897,6,207,-219,4960,699,21320,33,1480,250,"East TN",2455501,173.284392879498,0.109250917196861,240.154656829706,19.7922949328874,201.995437998193,10.9250917196861
2020-08-05,26955,468,26329,460,626,8,30510,521,373443,4213,403953,4734,9,216,-224,4736,683,22003,19,1499,256,"East TN",2455501,178.375003716146,0.106943718417843,192.791613605533,19.0592469724101,192.873063378919,10.6943718417843
2020-08-06,27686,731,27022,693,664,38,31362,852,380513,7070,411875,7922,7,223,201,4937,523,22526,36,1535,262,"East TN",2455501,159.763730497361,0.109747238157268,322.622552383404,29.7698921727175,201.058765604249,10.9747238157268
2020-08-07,28241,555,27563,541,678,14,31981,619,384483,3970,416464,4589,6,229,38,4975,511,23037,34,1569,275,"East TN",2455501,157.035163088917,0.108960537531966,186.886505035021,22.6023121147171,202.60631129859,10.8960537531966
2020-08-08,28916,675,28226,663,690,12,32781,800,394559,10076,427340,10876,8,237,289,5264,378,23415,19,1588,285,"East TN",2455501,161.759249945327,0.104514275120504,442.923867675069,27.4892985178992,214.375803552921,10.4514275120504
2020-08-09,29444,528,28742,516,702,12,33415,634,398860,4301,432275,4935,2,239,115,5379,411,23826,19,1607,292,"East TN",2455501,165.709563954566,0.106380550165506,200.977315830863,21.5027401740012,219.059165522637,10.6380550165506
2020-08-10,29747,303,29034,292,713,11,33743,328,401149,2289,434892,2617,3,242,-478,4901,778,24604,26,1633,296,"East TN",2455501,152.555425552667,0.102958864565793,106.577028476063,12.3396406680348,199.592669683295,10.2958864565793
2020-08-11,30359,612,29629,595,730,17,34428,685,407249,6100,441677,6785,17,259,-7,4894,602,25206,28,1661,301,"East TN",2455501,157.686761276008,0.104550379198267,276.318356213253,24.9236306562286,199.307595476443,10.4550379198267
2020-08-12,30804,445,30053,424,751,21,34902,474,410998,3749,445900,4223,6,265,-251,4643,690,25896,25,1686,306,"East TN",2455501,156.750088882065,0.104703554485422,171.981196505316,18.1225745784669,189.085648916453,10.4703554485422
2020-08-13,31621,817,30857,804,764,13,36019,1117,419560,8562,455579,9679,6,271,202,4845,609,26505,44,1730,313,"East TN",2455501,160.252429137679,0.106557752150833,394.176178303328,33.2722324283313,197.312076028476,10.6557752150833
2020-08-14,32082,461,31289,432,793,29,36553,534,424216,4656,460769,5190,4,275,-142,4703,599,27104,18,1748,320,"East TN",2455501,156.42428978852,0.103193770454802,211.362161937625,18.7741727655578,191.529142118044,10.3193770454802
2020-08-15,32732,650,31927,638,805,12,37430,877,431149,6933,468579,7810,4,279,216,4919,430,27534,17,1765,329,"East TN",2455501,155.40616762119,0.11273309246102,318.061365073767,26.4711763505696,200.325717643772,11.273309246102
2020-08-16,33206,474,32390,463,816,11,38023,593,436615,5466,474638,6059,2,281,110,5029,362,27896,10,1775,338,"East TN",2455501,153.207023739758,0.108774166135543,246.752088474002,19.3035962925692,204.805455180022,10.8774166135543
2020-08-17,33479,273,32593,203,886,70,38250,227,438087,1472,476337,1699,8,289,-397,4632,662,28558,12,1787,344,"East TN",2455501,151.985277138963,0.108746531547834,69.1915824917196,11.1178940672392,188.637675162828,10.8746531547834
2020-08-18,34109,630,33158,565,951,65,39062,812,448684,10597,487746,11409,8,297,52,4684,570,29128,22,1809,347,"East TN",2455501,152.71832509944,0.100588248062689,464.630232282536,25.6566786167059,190.755369270874,10.0588248062689
2020-08-19,34564,455,33592,434,972,21,39559,497,453468,4784,493027,5281,7,304,-113,4571,561,29689,22,1831,354,"East TN",2455501,153.125573966372,0.0988180872960299,215.068126626705,18.5298234453987,186.153457074544,9.88180872960299
2020-08-20,35342,778,34349,757,993,21,40433,874,465006,11538,505439,12412,6,310,263,4834,509,30198,26,1857,362,"East TN",2455501,151.537303385338,0.088527878058564,505.4772936358,31.6839618472971,196.864102274851,8.8527878058564
2020-08-21,35551,209,34546,197,1005,12,40646,213,467457,2451,508103,2664,17,327,-321,4513,513,30711,17,1874,369,"East TN",2455501,141.274631938655,0.0864706130899565,108.491098150642,8.51150131887546,183.791413646339,8.64706130899565
2020-08-22,36421,870,35404,858,1017,12,41619,973,480824,13367,522443,14340,2,329,454,4967,414,31125,20,1894,376,"East TN",2455501,150.234107011156,0.0777699391058963,583.994875180259,35.4306514230701,202.280512205045,7.77699391058963
2020-08-23,36674,253,35646,242,1028,11,41873,254,485931,5107,527804,5361,0,329,-94,4873,347,31472,20,1914,381,"East TN",2455501,141.233907051962,0.072414701124779,218.326117562159,10.3033963333756,198.452372855886,7.2414701124779
2020-08-24,36866,192,35821,175,1045,17,42071,198,487274,1343,529345,1541,8,337,-486,4387,670,32142,15,1929,391,"East TN",2455501,137.935191229814,0.0720834591005131,62.7570503941965,7.81917824509133,178.660077922998,7.20834591005131
2020-08-25,37480,614,36410,589,1070,25,42756,685,497010,9736,539766,10421,16,353,119,4506,479,32621,22,1951,399,"East TN",2455501,137.283593042723,0.0710111495578624,424.39404422967,25.005080429615,183.506339439487,7.10111495578624
2020-08-26,37826,346,36730,320,1096,26,43141,385,500972,3962,544113,4347,6,359,-207,4299,547,33168,11,1962,407,"East TN",2455501,132.844580393166,0.070117057510864,177.031082455271,14.0908107958417,175.076287893998,7.0117057510864
2020-08-27,38687,861,37574,844,1113,17,44117,976,511262,10290,555379,11266,8,367,387,4686,466,33634,29,1991,413,"East TN",2455501,136.2247459887,0.073768522226672,458.806573485411,35.0641274428314,190.83681904426,7.3768522226672
2020-08-28,39021,334,37888,314,1133,20,44455,338,513870,2608,558325,2946,12,379,-182,4504,504,34138,10,2001,419,"East TN",2455501,141.315356825348,0.0758432559436104,119.97551619812,13.6021121555235,183.424889666101,7.58432559436104
2020-08-29,39472,451,38323,435,1149,16,44983,528,520389,6519,565372,7047,8,387,61,4565,382,34520,16,2017,428,"East TN",2455501,124.251629300904,0.0783619464697524,286.988276526868,18.366923898626,185.909107754385,7.83619464697524
2020-08-30,39735,263,38575,252,1160,11,45250,267,522270,1881,567520,2148,8,395,-55,4510,310,34830,14,2031,431,"East TN",2455501,124.658878167836,0.0850287037969584,87.4770566169592,10.7106452003074,183.66923898626,8.50287037969584
2020-08-31,40142,407,38953,378,1189,29,45700,450,525756,3486,571456,3936,2,397,-133,4377,538,35368,16,2047,436,"East TN",2455501,133.414728806871,0.0861770083826079,160.293154024372,16.5750288841259,178.252829056066,8.61770083826079
2020-09-01,40749,607,39518,565,1231,42,46374,674,531421,5665,577795,6339,6,403,105,4482,496,35864,28,2075,445,"East TN",2455501,133.129654600018,0.0951379210602435,258.155056748093,24.7200062227627,182.528942158851,9.51379210602435
2020-09-02,41237,488,39977,459,1260,29,46827,453,536214,4793,583041,5246,7,410,22,4504,459,36323,22,2097,452,"East TN",2455501,138.912588510451,0.0946876284422524,213.642755592443,19.8737447062738,183.424889666101,9.46876284422524
2020-09-03,41792,555,40499,522,1293,33,47474,647,544471,8257,591945,8904,6,416,-39,4465,588,36911,22,2119,455,"East TN",2455501,126.450773182336,0.091806596291637,362.61439111611,22.6023121147171,181.836619085067,9.1806596291637
2020-09-04,42149,357,40842,343,1307,14,47822,348,547803,3332,595625,3680,7,423,-40,4425,390,37301,11,2130,456,"East TN",2455501,127.38744557628,0.0902680965147453,149.867583030917,14.5387845494667,180.207623617339,9.02680965147453
2020-09-05,43147,998,41825,983,1322,15,48912,1090,557121,9318,606033,10408,1,424,640,5065,357,37658,26,2156,462,"East TN",2455501,149.663958597451,0.0966282186862104,423.864620702659,40.6434369197976,206.271551100977,9.66282186862104
2020-09-06,43410,263,42072,247,1338,16,49180,268,559749,2628,608929,2896,0,424,-50,5015,313,37971,9,2165,476,"East TN",2455501,149.663958597451,0.0949069042961675,117.939271863461,10.7106452003074,204.235306766318,9.49069042961675
2020-09-07,43614,204,42269,197,1345,7,49417,237,561085,1336,610502,1573,3,427,-342,4673,543,38514,13,2178,480,"East TN",2455501,141.396806598735,0.0951954105414127,64.0602467683784,8.30787688540954,190.307395517249,9.51954105414127
2020-09-08,43925,311,42558,289,1367,22,49737,320,564511,3426,614248,3746,7,434,-303,4370,607,39121,24,2202,487,"East TN",2455501,129.342240137552,0.0922557814171673,152.555425552667,12.6654397615802,177.967754849214,9.22557814171673
2020-09-09,44258,333,42874,316,1384,17,50112,375,569657,5146,619769,5521,6,440,-161,4209,488,39609,16,2218,494,"East TN",2455501,123.029882700109,0.089441298192115,224.842099433069,13.5613872688303,171.411048091611,8.9441298192115
2020-09-10,44933,675,43512,638,1421,37,50819,707,577468,7811,628287,8518,18,458,194,4403,463,40072,39,2257,505,"East TN",2455501,127.916869103291,0.0920422651477629,346.894584852541,27.4892985178992,179.311676110089,9.20422651477629
2020-09-11,45259,326,43815,303,1444,23,51174,355,581627,4159,632801,4514,17,475,-206,4197,515,40587,26,2283,516,"East TN",2455501,126.654397615802,0.0901656982999785,183.832138533033,13.276313061978,170.922349451293,9.01656982999785
2020-09-12,45678,419,44216,401,1462,18,51686,512,588613,6986,640299,7498,10,485,92,4289,317,40904,14,2297,527,"East TN",2455501,103.074688220449,0.080954882390708,305.355200425494,17.0637275244441,174.669039027066,8.0954882390708
2020-09-13,46119,441,44637,421,1482,20,52189,503,594186,5573,646375,6076,2,487,51,4340,388,41292,21,2318,532,"East TN",2455501,110.323718051835,0.0803557122256049,247.444411547786,17.9596750316941,176.746008248419,8.03557122256049
2020-09-14,46563,444,45066,429,1497,15,52674,485,599159,4973,651833,5458,9,496,-150,4190,585,41877,23,2341,542,"East TN",2455501,120.0976908582,0.0788028356439476,222.276431571398,18.0818496917737,170.637275244441,7.88028356439477
2020-09-15,47056,493,45522,456,1534,37,53214,540,607335,8176,660549,8716,7,503,-66,4124,552,42429,19,2360,545,"East TN",2455501,127.509620236359,0.0750955702900585,354.958112417792,20.0773691397397,167.949432722691,7.50955702900585
2020-09-16,47409,353,45832,310,1577,43,53608,394,610748,3413,664356,3807,6,509,-175,3949,522,42951,17,2377,554,"East TN",2455501,128.324117970223,0.0784085047211071,155.039643640951,14.375885002694,160.822577551384,7.84085047211071
2020-09-17,47960,551,46351,519,1609,32,54185,577,617925,7177,672110,7754,8,517,119,4068,424,43375,21,2398,565,"East TN",2455501,123.274232020268,0.0768089815850124,315.780771418949,22.4394125679444,165.668839067872,7.68089815850124
2020-09-18,48494,534,46837,486,1657,48,54752,567,626040,8115,680792,8682,17,534,-29,4039,546,43921,29,2427,571,"East TN",2455501,131.74500845245,0.0745556458502636,353.573466270223,21.7470894941603,164.48781735377,7.45556458502636
2020-09-19,49002,508,47322,485,1680,23,55325,573,634394,8354,689719,8927,3,537,193,4232,312,44233,29,2456,573,"East TN",2455501,135.369523368144,0.0736341562120599,363.551063510054,20.6882424401375,172.347720485555,7.36341562120599
2020-09-20,49308,306,47603,281,1705,25,55654,329,639352,4958,695006,5287,1,538,-19,4213,324,44557,13,2469,584,"East TN",2455501,129.871663664564,0.0712508482243836,215.312475946864,12.4618153281143,171.573947638384,7.12508482243836
2020-09-21,49471,163,47736,133,1735,30,55806,152,640869,1517,696675,1669,3,541,-210,4003,370,44927,9,2478,589,"East TN",2455501,118.427970503779,0.0698452343784845,67.9698358909241,6.63815653098899,163.021721432816,6.98452343784845
2020-09-22,49931,460,48138,402,1793,58,56296,490,647019,6150,703315,6640,6,547,-55,3948,509,45436,28,2506,596,"East TN",2455501,117.084049242904,0.072066594958612,270.413247642742,18.7334478788646,160.78185266469,7.2066594958612
2020-09-23,50225,294,48392,254,1833,40,56578,282,649112,2093,705690,2375,8,555,-217,3731,503,45939,11,2517,605,"East TN",2455501,114.681280928006,0.0718536797793584,96.721605896312,11.9731166877961,151.944552252269,7.18536797793584
2020-09-24,50688,463,48834,442,1854,21,57059,481,656007,6895,713066,7376,11,566,-36,3695,488,46427,27,2544,610,"East TN",2455501,111.097490899006,0.070172868444184,300.386764248925,18.8556225389442,150.478456331315,7.0172868444184
2020-09-25,51142,454,49264,430,1878,24,57545,486,662679,6672,720224,7158,11,577,14,3709,429,46856,18,2562,616,"East TN",2455501,107.839499963551,0.070830797321972,291.508738949811,18.4890985587055,151.048604745019,7.0830797321972
2020-09-26,51699,557,49797,533,1902,24,58183,638,673235,10556,731418,11194,5,582,193,3902,359,47215,28,2590,623,"East TN",2455501,109.835019411517,0.0685388138804288,455.874381643502,22.6837618881035,158.908507876804,6.85388138804288
2020-09-27,52092,393,50162,365,1930,28,58589,406,679254,6019,737843,6425,3,585,91,3993,299,47514,30,2620,630,"East TN",2455501,113.378084553824,0.0685155356350818,261.657397003707,16.0048804704213,162.614472565884,6.85155356350818
2020-09-28,52326,234,50357,195,1969,39,58814,225,680941,1687,739755,1912,4,589,-315,3678,545,48059,14,2634,637,"East TN",2455501,116.26955150904,0.0698235840297122,77.8659833573678,9.52962348620506,149.786133257531,6.98235840297122
2020-09-29,52709,383,50697,340,2012,43,59211,397,686752,5811,745963,6208,9,598,-43,3635,417,48476,30,2664,639,"East TN",2455501,113.133735233665,0.0683502157193772,252.820096591286,15.5976316034895,148.034963129724,6.83502157193772
2020-09-30,53191,482,51147,450,2044,32,59687,476,690190,3438,749877,3914,6,604,79,3714,397,48873,21,2685,643,"East TN",2455501,120.790013931984,0.0703600606513228,159.397206517122,19.6293953861147,151.252229178485,7.03600606513228
2020-10-01,53579,388,51496,349,2083,39,60066,379,693470,3280,753536,3659,11,615,0,3714,377,49250,30,2715,648,"East TN",2455501,117.735647429995,0.0743019520632567,149.01236041036,15.8012560369554,151.252229178485,7.43019520632567
2020-10-02,54044,465,51933,437,2111,28,60529,463,697091,3621,757620,4084,2,617,24,3738,439,49689,17,2732,652,"East TN",2455501,118.18362118362,0.0797946304417585,166.320437254963,18.9370723123306,152.229626459122,7.97946304417585
2020-10-03,54449,405,52321,388,2128,17,61012,483,704551,7460,765563,7943,12,629,83,3821,310,49999,21,2753,658,"East TN",2455501,111.993438406256,0.082852540635525,323.477775003961,16.4935791107395,155.609792054656,8.2852540635525
2020-10-04,54904,455,52746,425,2158,30,61551,539,714674,10123,776225,10662,4,633,145,3966,306,50305,26,2779,670,"East TN",2455501,114.518381381233,0.0771715908498775,434.208741922728,18.5298234453987,161.514900625168,7.71715908498775
2020-10-05,55576,672,53359,613,2217,59,62303,752,721922,7248,784225,8000,5,638,153,4119,514,50819,38,2817,679,"East TN",2455501,132.355881752848,0.0784573870024736,325.799093545472,27.3671238578196,167.745808289225,7.84573870024736
2020-10-06,56326,750,54025,666,2301,84,63043,740,728562,6640,791605,7380,8,646,302,4421,440,51259,42,2859,688,"East TN",2455501,147.301915169247,0.0839577582051619,300.549663795698,30.543665019888,180.044724070566,8.39577582051619
2020-10-07,57063,737,54684,659,2379,78,63751,708,735315,6753,799066,7461,3,649,293,4714,441,51700,36,2895,694,"East TN",2455501,157.686761276008,0.0826200979893879,303.848379617846,30.0142414928766,191.977115871669,8.26200979893879
2020-10-08,57781,718,55341,657,2440,61,64429,678,741776,6461,806205,7139,10,659,265,4979,443,52143,31,2926,699,"East TN",2455501,171.125973884759,0.0828381021094002,290.734966102641,29.2404686457061,202.769210845363,8.28381021094002
2020-10-09,58322,541,55840,499,2482,42,64989,560,747255,5479,812244,6039,4,663,123,5102,414,52557,20,2946,706,"East TN",2455501,174.221065273441,0.0816490919742238,245.937590740138,22.0321637010125,207.778371908625,8.16490919742238
2020-10-10,58940,618,56427,587,2513,31,65658,669,755680,8425,821338,9094,12,675,252,5354,354,52911,19,2965,720,"East TN",2455501,182.895466139089,0.083298969072165,370.352119587815,25.1679799763877,218.041043355307,8.3298969072165
2020-10-11,59883,943,57339,912,2544,31,66687,1029,766108,10428,832795,11457,1,676,587,5941,355,53266,36,3001,727,"East TN",2455501,202.769210845363,0.0907901714689765,466.585026843809,38.4035681516725,241.946551844206,9.07901714689765
2020-10-12,60239,356,57625,286,2614,70,67004,317,769029,2921,836033,3238,6,682,-337,5604,687,53953,18,3019,738,"East TN",2455501,189.900146650317,0.0907388820259419,131.86718311253,14.4980596627735,228.222265028603,9.07388820259419
2020-10-13,60744,505,58078,453,2666,52,67488,484,773414,4385,840902,4869,9,691,7,5611,489,54442,22,3041,745,"East TN",2455501,179.922549410487,0.0901677586871412,198.289473309113,20.5660677800579,228.507339235455,9.01677586871412
2020-10-14,61619,875,58890,812,2729,63,68336,848,779600,6186,847936,7034,1,692,329,5940,545,54987,40,3081,752,"East TN",2455501,185.542583774146,0.0938203396766933,286.458852999856,35.634275856536,241.905826957513,9.38203396766933
2020-10-15,62128,509,59330,440,2798,69,68801,465,783754,4154,852555,4619,14,706,-67,5873,562,55549,19,3100,761,"East TN",2455501,177.031082455271,0.0943257820927724,188.108251635817,20.7289673268307,239.17725954907,9.43257820927724
2020-10-16,62767,639,59926,596,2841,43,69385,584,787843,4089,857228,4673,2,708,-135,5738,772,56321,21,3121,773,"East TN",2455501,181.022121351203,0.0977236350702472,190.307395517249,26.0232025969446,233.67939984549,9.77236350702472
2020-10-17,63485,718,60607,681,2878,37,70244,859,796627,8784,866871,9643,6,714,236,5974,476,56797,36,3157,780,"East TN",2455501,185.094610020521,0.100718160455055,392.710082382373,29.2404686457061,243.290473105081,10.0718160455055
2020-10-18,64290,805,61365,758,2925,47,71116,872,804737,8110,875853,8982,3,717,348,6322,454,57251,34,3191,788,"East TN",2455501,179.474575656862,0.102861256909285,365.790932278179,32.7835337880131,257.462733674309,10.2861256909285
2020-10-19,65038,748,62050,685,2988,63,71875,759,809636,4899,881511,5658,3,720,-19,6303,764,58015,65,3256,799,"East TN",2455501,195.43873124059,0.10710673292581,230.421408910035,30.4622152465016,256.688960827139,10.710673292581
2020-10-20,65724,686,62659,609,3065,77,72566,691,813254,3618,885820,4309,15,735,35,6338,636,58651,27,3283,812,"East TN",2455501,202.809935732056,0.113050447482078,175.48353676093,27.9372722715242,258.1143318614,11.3050447482078
2020-10-21,66318,594,63212,553,3106,41,73183,617,816998,3744,890181,4361,5,740,-128,6210,717,59368,24,3307,826,"East TN",2455501,191.366242571272,0.11473547165345,177.601230868975,24.1905826957513,252.901546364673,11.473547165345
2020-10-22,67448,1130,64247,1035,3201,95,74283,1100,825564,8566,899847,9666,10,750,440,6650,680,60048,42,3349,841,"East TN",2455501,216.656397207739,0.11591812568722,393.646754776317,46.0191219632979,270.820496509674,11.591812568722
2020-10-23,68419,971,65150,903,3269,68,75253,970,832680,7116,907933,8086,19,769,289,6939,663,60711,36,3385,849,"East TN",2455501,230.177059589876,0.11572823192979,329.301433801086,39.5438649790817,282.589988764004,11.572823192979
2020-10-24,69656,1237,66325,1175,3331,62,76580,1327,843206,10526,919786,11853,12,781,643,7582,582,61293,48,3433,866,"East TN",2455501,251.313275783638,0.11973920438439,482.71208197431,50.3766848394686,308.776090907721,11.973920438439
2020-10-25,70586,930,67198,873,3388,57,77627,1047,851084,7878,928711,8925,9,790,437,8019,484,61777,40,3473,877,"East TN",2455501,256.403886620286,0.123179083582428,363.469613736667,37.8741446246611,326.572866392642,12.3179083582428
2020-10-26,71048,462,67604,406,3444,56,78061,434,853839,2755,931900,3189,6,796,-449,7570,905,62682,20,3493,891,"East TN",2455501,244.756569026036,0.122764889162317,129.871663664564,18.814897652251,308.287392267403,12.2764889162317
2020-10-27,71889,841,68315,711,3574,130,78844,783,858224,4385,937068,5168,12,808,78,7648,751,63433,52,3545,915,"East TN",2455501,251.068926463479,0.122502341554792,210.466214430375,34.2496297089677,311.463933429471,12.2502341554792
2020-10-28,72886,997,69224,909,3662,88,79814,970,865442,7218,945256,8188,13,821,199,7847,785,64218,39,3584,929,"East TN",2455501,267.481055800833,0.120399455288243,333.455372243791,40.6027120331044,319.568185881415,12.0399455288243
2020-10-29,73793,907,70016,792,3777,115,80648,834,871945,6503,952593,7337,11,832,149,7996,747,64965,40,3624,941,"East TN",2455501,258.399406068252,0.120672657642286,298.798493667891,36.9374722307179,325.636193998699,12.0672657642286
2020-10-30,74693,900,70823,807,3870,93,81488,840,876803,4858,958291,5698,28,860,50,8046,822,65787,38,3662,957,"East TN",2455501,255.507939113036,0.123813495373128,232.050404377762,36.6523980238656,327.672438333358,12.3813495373128
2020-10-31,74707,14,70837,14,3870,0,81504,16,876824,21,958328,37,5,865,-603,7443,612,66399,0,3662,967,"East TN",2455501,205.701402687272,0.127756732914742,1.50682080764781,0.570148413704576,303.115331657368,12.7756732914742
2020-11-01,75214,507,71227,390,3987,117,81974,470,883392,6568,965366,7038,0,865,-139,7304,646,67045,26,3688,983,"East TN",2455501,188.474775616056,0.118592279361615,286.621752546629,20.6475175534443,297.454572407016,11.8592279361615
2020-11-02,76026,812,71971,744,4055,68,82751,777,887621,4229,970372,5006,11,876,-226,7078,1027,68072,37,3725,997,"East TN",2455501,202.72848595867,0.121906841339156,203.868782786079,33.0686079948654,288.250748014356,12.1906841339156
2020-11-03,77066,1040,72931,960,4135,80,83827,1076,894484,6863,978311,7939,31,907,32,7110,977,69049,26,3751,1010,"East TN",2455501,210.832738410614,0.120820502873215,323.314875457188,42.3538821609114,289.553944388538,12.0820502873215
2020-11-04,77977,911,73742,811,4235,100,84674,847,899369,4885,984043,5732,6,913,-5,7105,910,69959,34,3785,1034,"East TN",2455501,207.330398155,0.125299713821641,233.435050525331,37.1003717774906,289.350319955072,12.5299713821641
2020-11-05,78555,578,74226,484,4329,94,85175,501,902032,2663,987207,3164,17,930,-369,6736,930,70889,27,3812,1048,"East TN",2455501,193.931910432942,0.130785231409256,128.853541497234,23.5389845086603,274.322836765287,13.0785231409256
2020-11-06,79521,966,75074,848,4447,118,86102,927,908442,6410,994544,7337,10,940,42,6778,914,71803,36,3848,1072,"East TN",2455501,196.619752954692,0.127272225746835,298.798493667891,39.3402405456157,276.033282006401,12.7272225746835
2020-11-07,80848,1327,76315,1241,4533,86,87521,1419,919364,10922,1006885,12341,21,961,649,7427,657,72460,48,3896,1082,"East TN",2455501,250.091529182843,0.12391622217188,502.585826680584,54.0419246418552,302.463733470278,12.391622217188
2020-11-08,82404,1556,77753,1438,4651,118,89186,1665,932266,12902,1021452,14567,3,964,888,8315,665,73125,50,3946,1099,"East TN",2455501,292.811935323993,0.128588239489356,593.239424459611,63.3679236945943,338.627432853825,12.8588239489356
2020-11-09,83025,621,78292,539,4733,82,89767,581,935718,3452,1025485,4033,9,973,-466,7849,1078,74203,18,3964,1109,"East TN",2455501,285.033481965595,0.127302088436485,164.243468033611,25.2901546364673,319.649635654801,12.7302088436485
2020-11-10,83964,939,79141,849,4823,90,90690,923,940720,5002,1031410,5925,27,1000,4,7853,908,75111,42,4006,1126,"East TN",2455501,280.920268409583,0.129249138401853,241.294953657115,38.2406686048998,319.812535201574,12.9249138401853
2020-11-11,85267,1303,80239,1098,5028,205,91859,1169,947266,6546,1039125,7715,26,1026,382,8235,895,76006,51,4057,1139,"East TN",2455501,296.884423993311,0.130441886641734,314.192500837915,53.0645273612188,335.36944191837,13.0441886641734
2020-11-12,86104,837,80944,705,5160,132,92623,764,951482,4216,1044105,4980,15,1041,8,8243,814,76820,34,4091,1156,"East TN",2455501,307.432169646846,0.130900910401069,202.809935732056,34.086730162195,335.695241011916,13.0900910401069
2020-11-13,87565,1461,82232,1288,5333,173,93923,1300,957344,5862,1051267,7162,27,1068,528,8771,906,77726,46,4137,1172,"East TN",2455501,327.590988559972,0.137880577543501,291.671638496584,59.4990594587418,357.197981185917,13.7880577543501
2020-11-14,89042,1477,83624,1392,5418,85,95457,1534,966241,8897,1061698,10431,7,1075,919,9690,551,78277,50,4187,1201,"East TN",2455501,333.69972156395,0.144783171875285,424.801293096602,60.1506576458328,394.624152056953,14.4783171875285
2020-11-15,90994,1952,85357,1733,5637,219,97416,1959,977415,11174,1074831,13133,7,1082,1338,11028,607,78884,54,4241,1218,"East TN",2455501,349.826776694451,0.154180482961464,534.839936941585,79.4949788250952,449.114050452433,15.4180482961464
2020-11-16,92519,1525,86755,1398,5764,127,98952,1536,985037,7622,1083989,9158,10,1092,171,11199,1344,80228,37,4278,1237,"East TN",2455501,386.642074265089,0.156997812115411,372.958512336179,62.1054522071056,456.078006076968,15.6997812115411
2020-11-17,93732,1213,87874,1119,5858,94,100173,1221,990182,5145,1090355,6366,31,1123,90,11289,1092,81320,42,4320,1264,"East TN",2455501,397.800693219021,0.160878785308338,259.254628688809,49.3992875588322,459.743245879354,16.0878785308338
2020-11-18,94931,1199,88828,954,6103,245,101207,1034,995324,5142,1096531,6176,14,1137,57,11346,1128,82448,52,4372,1278,"East TN",2455501,393.56530500293,0.162840121241682,251.516900217104,48.8291391451276,462.064564420866,16.2840121241682
2020-11-19,96010,1079,89705,877,6305,202,102064,857,999985,4661,1102049,5518,45,1182,-245,11101,1279,83727,50,4422,1297,"East TN",2455501,403.420727582681,0.162933176860417,224.719924772989,43.9421527419455,452.086967181036,16.2933176860417
2020-11-20,97136,1126,90668,963,6468,163,103087,1023,1004886,4901,1107973,5924,28,1210,-127,10974,1225,84952,33,4455,1322,"East TN",2455501,389.777890540464,0.161605473847565,241.254228770422,45.8562224165252,446.914906571001,16.1605473847565
2020-11-21,98354,1218,91730,1062,6624,156,104186,1099,1011292,6406,1115478,7505,3,1213,361,11335,854,85806,45,4500,1345,"East TN",2455501,379.230144886929,0.16230940870212,305.640274632346,49.6029119922981,461.616590667241,16.230940870212
2020-11-22,99940,1586,93158,1428,6782,158,105852,1666,1020897,9605,1126749,11271,17,1230,804,12139,765,86571,56,4556,1372,"East TN",2455501,364.324836357224,0.162486998728765,459.010197918877,64.5896702953898,494.359399568561,16.2486998728765
2020-11-23,100831,891,93915,757,6916,134,106555,703,1024014,3117,1130569,3820,18,1248,-1161,10978,2034,88605,35,4591,1399,"East TN",2455501,338.505258193745,0.163224559896951,155.569067167963,36.2858740436269,447.077806117774,16.3224559896951
2020-11-24,101742,911,94648,733,7094,178,107261,706,1027041,3027,1134302,3733,13,1261,-738,10240,1636,90241,53,4644,1427,"East TN",2455501,326.206342412404,0.161285184426696,152.026002025656,37.1003717774906,417.022839738204,16.1285184426696
2020-11-25,102649,907,95333,685,7316,222,107806,545,1029349,2308,1137155,2853,38,1299,-495,9745,1364,91605,53,4697,1452,"East TN",2455501,314.314675497994,0.162440921622686,116.188101735654,36.9374722307179,396.864020825078,16.2440921622686
2020-11-26,104115,1466,96720,1387,7395,79,109477,1671,1037716,8367,1147193,10038,18,1317,-441,9304,1889,93494,22,4719,1471,"East TN",2455501,330.075206648256,0.164207868155237,408.796412626181,59.7026838922077,378.904345793384,16.4207868155237
2020-11-27,105819,1704,98286,1566,7533,138,111227,1750,1045256,7540,1156483,9290,5,1322,161,9465,1538,95032,48,4767,1498,"East TN",2455501,353.614191156917,0.167800453514739,378.334197379679,69.3952069251855,385.461052550987,16.7800453514739
2020-11-28,107443,1624,99664,1378,7779,246,112721,1494,1052788,7532,1165509,9026,2,1324,568,10033,1054,96086,43,4810,1524,"East TN",2455501,370.148495154349,0.170594231576423,367.582827292679,66.1372159897308,408.592788192715,17.0594231576423
2020-11-29,109732,2289,101785,2121,7947,168,115048,2327,1063486,10698,1178534,13025,4,1328,1278,11311,1007,97093,50,4860,1547,"East TN",2455501,398.778090499658,0.17758038041904,530.441649178722,93.2192656406982,460.639193386604,17.758038041904
2020-11-30,111970,2238,103794,2009,8176,229,117269,2221,1072937,9451,1190206,11672,15,1343,-111,11200,2334,99427,53,4913,1577,"East TN",2455501,453.634512875377,0.179653570769824,475.340877482844,91.1422964193458,456.118730963661,17.9653570769824
2020-12-01,114232,2262,105801,2007,8431,255,119406,2137,1081774,8837,1201180,10974,20,1363,420,11620,1822,101249,62,4975,1605,"East TN",2455501,508.653834797868,0.181599330123508,446.914906571001,92.1196936999822,473.223183374798,18.1599330123508
2020-12-02,115289,1057,106714,913,8575,144,120282,876,1084684,2910,1204966,3786,15,1378,-692,10928,1734,102983,41,5016,1638,"East TN",2455501,514.762567801846,0.183981949831148,154.184421020395,43.0462052346955,445.041561783115,18.3981949831148
2020-12-03,117099,1810,108284,1570,8815,240,122004,1722,1090674,5990,1212678,7712,33,1411,318,11246,1459,104442,45,5061,1659,"East TN",2455501,528.771928824301,0.191295716576315,314.070326177835,73.712044914663,457.992075751547,19.1295716576315
2020-12-04,118825,1726,109666,1382,9159,344,123461,1457,1096196,5522,1219657,6979,37,1448,-300,10946,1989,106431,35,5096,1693,"East TN",2455501,529.667876331551,0.193655617817457,284.218984231731,70.2911544324356,445.774609743592,19.3655617817457
2020-12-05,119958,1133,110573,907,9385,226,124390,929,1099258,3062,1223648,3991,5,1453,123,11069,1005,107436,23,5119,1718,"East TN",2455501,509.671956965198,0.200708646519548,162.533022792497,46.1412966233775,450.783770806854,20.0708646519548
2020-12-06,121426,1468,111835,1262,9591,206,125631,1241,1103749,4491,1229380,5732,20,1473,484,11553,964,108400,37,5156,1754,"East TN",2455501,476.236824990094,0.208138299964599,233.435050525331,59.7841336655941,470.494615966355,20.8138299964599
2020-12-07,124149,2723,114240,2405,9909,318,128202,2571,1113297,9548,1241499,12119,31,1504,-205,11348,2897,111297,50,5206,1776,"East TN",2455501,495.988395036288,0.213147992903515,493.544901834697,110.89386646554,462.146014194252,21.3147992903515
2020-12-08,126914,2765,116599,2359,10315,406,130735,2533,1121657,8360,1252392,10893,45,1549,728,12076,1992,113289,70,5276,1800,"East TN",2455501,516.473013042959,0.221217683355464,443.616190748853,112.604311706654,491.79373170689,22.1217683355464
2020-12-09,129559,2645,118980,2381,10579,264,133312,2577,1128755,7098,1262067,9675,21,1570,579,12655,2045,115334,56,5332,1823,"East TN",2455501,581.144133111736,0.228192150750425,394.013278756555,107.717325303472,515.373441102244,22.8192150750425
2020-12-10,132634,3075,121660,2680,10974,395,136262,2950,1140228,11473,1276490,14423,30,1600,2531,15186,514,115848,70,5402,1859,"East TN",2455501,632.661114778613,0.22343759794396,587.375040775793,125.229026581541,618.448129322692,22.343759794396
2020-12-11,134620,1986,123409,1749,11211,237,138054,1792,1147403,7175,1285457,8967,35,1635,450,15636,1501,117349,50,5452,1883,"East TN",2455501,643.249585318841,0.22177811550152,365.180058977781,80.8796249726634,636.774328334625,22.177811550152
2020-12-12,137881,3261,126135,2726,11746,535,141028,2974,1158638,11235,1299666,14209,21,1656,1904,17540,1336,118685,73,5525,1908,"East TN",2455501,729.912144201937,0.218869215185877,578.659915023451,132.803855506473,714.314512598447,21.8869215185877
2020-12-13,142172,4291,129993,3858,12179,433,145397,4369,1175924,17286,1321321,21655,15,1671,2976,20516,1300,119985,62,5587,1942,"East TN",2455501,844.878499336795,0.214985697349387,881.8974213409,174.750488800453,835.511775397363,21.4985697349387
2020-12-14,145030,2858,132447,2454,12583,404,148071,2674,1185202,9278,1333273,11952,37,1708,-1138,19378,3959,123944,64,5651,1974,"East TN",2455501,850.376359040375,0.216499226360407,486.743845756935,116.39172616912,789.16685434052,21.6499226360407
2020-12-15,149158,4128,135989,3542,13169,586,151936,3865,1200223,15021,1352159,18886,34,1742,1608,20986,2486,126430,89,5740,2005,"East TN",2455501,905.884379603185,0.212505136969138,769.130210087473,168.112332269464,854.652472143159,21.2505136969138
2020-12-16,152376,3218,138245,2256,14131,962,154322,2386,1208118,7895,1362440,10281,19,1761,653,21639,2546,128976,57,5797,2047,"East TN",2455501,929.219739678379,0.209319239237644,418.692560092625,131.052685378666,881.245823153809,20.9319239237644
2020-12-17,156445,4069,141615,3370,14830,699,157931,3609,1218818,10700,1376749,14309,58,1819,1449,23088,2562,131538,72,5869,2086,"East TN",2455501,969.700277051404,0.216130222723147,582.73240369277,165.709563954566,940.256183972232,21.6130222723147
2020-12-18,159652,3207,144351,2736,15301,471,160811,2880,1227508,8690,1388319,11570,43,1862,836,23924,2328,133866,57,5926,2114,"East TN",2455501,1019.42536370378,0.221238163753378,471.186939040139,130.604711625041,974.302189247734,22.1238163753378
2020-12-19,162291,2639,146592,2241,15699,398,163278,2467,1235872,8364,1399150,10831,27,1889,1285,25209,1327,135193,39,5965,2151,"East TN",2455501,994.094484180621,0.223654054923405,441.091247773876,107.472975983313,1026.63366864848,22.3654054923405
2020-12-20,165924,3633,149560,2968,16364,665,166596,3318,1249817,13945,1416413,17263,16,1905,2297,27506,1320,136513,52,6017,2185,"East TN",2455501,967.297508736506,0.222931476885542,703.033718984435,147.953513356337,1120.17873338272,22.2931476885542
2020-12-21,168238,2314,151302,1742,16936,572,168499,1903,1256733,6916,1425232,8819,14,1919,-1341,26165,3641,140154,35,6052,2220,"East TN",2455501,945.143170375414,0.222142476538457,359.15277574719,94.2373878080278,1065.56666032716,22.2142476538457
2020-12-22,170892,2654,153002,1700,17890,954,170300,1801,1261788,5055,1432088,6856,62,1981,-299,25866,2891,143045,56,6108,2264,"East TN",2455501,885.114687389661,0.2297539065921,279.209823168469,108.08384928371,1053.3899192059,22.97539065921
2020-12-23,173111,2219,154447,1445,18664,774,171843,1543,1267566,5778,1439409,7321,41,2022,-557,25309,2735,145780,34,6142,2305,"East TN",2455501,844.43052558317,0.227637100650911,298.1468954808,90.3685235721753,1030.70615731779,22.7637100650911
2020-12-24,175202,2091,155904,1457,19298,634,173441,1598,1273856,6290,1447297,7888,15,2037,-586,24723,2662,148442,30,6172,2345,"East TN",2455501,763.876699704052,0.219850314679367,321.237906235835,85.1557380754477,1006.84137371559,21.9850314679367
2020-12-25,177570,2368,157884,1980,19686,388,175607,2166,1282404,8548,1458011,10714,3,2040,-305,24418,2670,151112,26,6198,2380,"East TN",2455501,729.708519768471,0.212305573093038,436.326436030773,96.4365316894597,994.420283274167,21.2305573093038
2020-12-26,179509,1939,159351,1467,20158,472,177220,1613,1288057,5653,1465277,7266,2,2042,424,24842,1513,152625,42,6240,2415,"East TN",2455501,701.201099083242,0.21083672327491,295.907026712675,78.9655552980838,1011.68763523208,21.083672327491
2020-12-27,180805,1296,160260,909,20545,387,178210,990,1290850,2793,1469060,3783,27,2069,-183,24659,1452,154077,41,6281,2446,"East TN",2455501,606.027038881271,0.220601363800406,154.062246360315,52.7794531543665,1004.23498096722,22.0601363800406
2020-12-28,182202,1397,161237,977,20965,420,179229,1019,1292670,1820,1471899,2839,25,2094,-2428,22231,3800,157877,41,6322,2482,"East TN",2455501,568.682317783621,0.229926929093364,115.617953321949,56.892666710378,905.354956076173,22.9926929093364
2020-12-29,185108,2906,162963,1726,22145,1180,181009,1780,1296759,4089,1477768,5869,50,2144,-112,22119,2968,160845,64,6386,2524,"East TN",2455501,578.944989230304,0.234435201401051,239.014360002297,118.346520730393,900.793768766537,23.4435201401051
2020-12-30,187434,2326,164578,1615,22856,711,182690,1681,1301239,4480,1483929,6161,40,2184,-551,21568,2837,163682,44,6430,2562,"East TN",2455501,583.302552106474,0.243643306379155,250.906026916707,94.726086448346,878.354356198592,24.3643306379155
2020-12-31,190877,3443,167256,2678,23621,765,185585,2895,1308360,7121,1493945,10016,52,2236,595,22163,2796,166478,29,6459,2605,"East TN",2455501,638.362598915659,0.260332704510376,407.900465118931,140.215784884633,902.585663781037,26.0332704510376
2021-01-01,193117,2240,168972,1716,24145,524,187441,1856,1314561,6201,1502002,8057,24,2260,-446,21717,2662,169140,29,6488,2643,"East TN",2455501,633.149813418932,0.269009570139347,328.120412086983,91.2237461927322,884.422364315877,26.9009570139347
2021-01-02,195840,2723,171081,2109,24759,614,189692,2251,1321122,6561,1510814,8812,4,2264,1167,22884,1552,170692,62,6550,2678,"East TN",2455501,665.078124586388,0.273887168676022,358.867701540337,110.89386646554,931.948307086823,27.3887168676022
2021-01-03,197154,1314,171985,904,25169,410,190629,937,1324493,3371,1515122,4308,15,2279,-182,22702,1481,172173,23,6573,2720,"East TN",2455501,665.811172546865,0.269614866918501,175.442811874237,53.5125011148438,924.536377708663,26.9614866918501
2021-01-04,198710,1556,173110,1125,25600,431,191809,1180,1326858,2365,1518667,3545,46,2325,-1583,21119,3093,175266,33,6606,2767,"East TN",2455501,672.286429531081,0.268987341772152,144.369723327337,63.3679236945943,860.068882073353,26.8987341772152
2021-01-05,201612,2902,174848,1738,26764,1164,193638,1829,1332131,5273,1525769,7102,43,2368,-442,20677,3301,178567,58,6664,2810,"East TN",2455501,672.123529984309,0.263098685444053,289.228145294993,118.18362118362,842.068482154966,26.3098685444053
2021-01-06,204158,2546,176642,1794,27516,752,195541,1903,1337715,5584,1533256,7487,52,2420,67,20744,2427,180994,61,6725,2853,"East TN",2455501,681.083005056809,0.260526689237132,304.907226671869,103.685561520846,844.797049563409,26.0526689237132
2021-01-07,206670,2512,178781,2139,27889,373,197863,2322,1344824,7109,1542687,9431,33,2453,979,21723,1500,182494,44,6769,2885,"East TN",2455501,643.168135545455,0.251897747322638,384.076406403418,102.300915373278,884.666713636036,25.1897747322638
2021-01-08,209020,2350,180641,1860,28379,490,199854,1991,1352170,7346,1552024,9337,50,2503,1674,23397,626,183120,47,6816,2939,"East TN",2455501,647.647873081705,0.248150813641998,380.248267054259,95.7034837289824,952.840173960426,24.8150813641998
2021-01-09,211597,2577,182644,2003,28953,574,202033,2179,1360361,8191,1562394,10370,27,2530,757,24154,1793,184913,32,6848,2967,"East TN",2455501,641.7020396245,0.239259402869329,422.317075008318,104.948033008335,983.668913187166,23.9259402869329
2021-01-10,213265,1668,183778,1134,29487,534,203285,1252,1366166,5805,1569451,7057,36,2566,2,24156,1630,186543,41,6889,3006,"East TN",2455501,656.118649513887,0.232951094259051,287.395525393799,67.9291110042309,983.750362960553,23.2951094259051
2021-01-11,214691,1426,184792,1014,29899,412,204383,1098,1369439,3273,1573822,4371,28,2594,-2183,21973,3581,190124,40,6929,3045,"East TN",2455501,650.824414243774,0.227975704831838,178.008479735907,58.0736884244804,894.847935309332,22.7975704831838
2021-01-12,216515,1824,185928,1136,30587,688,205578,1195,1373643,4204,1579221,5399,60,2654,-2154,19819,3918,194042,39,6968,3082,"East TN",2455501,606.922986388521,0.223377983985632,219.8736632565,74.2821933283676,807.126529372214,22.3377983985632
2021-01-13,218044,1529,187006,1078,31038,451,206714,1136,1378381,4738,1585095,5874,49,2703,-1345,18474,2825,196867,32,7000,3107,"East TN",2455501,565.505776621553,0.215532707035244,239.217984435763,62.2683517538783,752.351556769881,21.5532707035244
2021-01-14,220295,2251,188787,1781,31508,470,208680,1966,1386905,8524,1595585,10490,38,2741,-199,18275,2412,199279,49,7049,3148,"East TN",2455501,554.876581194632,0.204487882339597,427.2040614115,91.6717199463572,744.247304317938,20.4487882339597
2021-01-15,221261,966,189459,672,31802,294,209375,695,1389963,3058,1599338,3753,23,2764,-365,17910,1308,200587,29,7078,3188,"East TN",2455501,498.513338011265,0.201230079891787,152.84049975952,39.3402405456157,729.382720674925,20.1230079891787
2021-01-16,223695,2434,191210,1751,32485,683,211379,2004,1400854,10891,1612233,12895,13,2777,357,18267,2064,202651,54,7132,3229,"East TN",2455501,492.68967921414,0.187523826722045,525.147413908608,99.1243742112099,743.921505224392,18.7523826722045
2021-01-17,224551,856,191816,606,32735,250,212051,672,1404473,3619,1616524,4291,13,2790,-830,17437,1673,204324,24,7156,3261,"East TN",2455501,459.621071219275,0.186221400803008,174.750488800453,34.8605030093655,710.119849269049,18.6221400803008
2021-01-18,225113,562,192135,319,32978,243,212405,354,1406556,2083,1618961,2437,13,2803,-2443,14994,2992,207316,21,7177,3292,"East TN",2455501,424.434769116364,0.17771771638716,99.2465488712894,22.8873863215694,610.628951077601,17.771771638716
2021-01-19,226791,1678,193105,970,33686,708,213470,1065,1410764,4208,1624234,5273,21,2824,-1175,13819,2832,210148,51,7228,3330,"East TN",2455501,418.488935659159,0.175327127718659,214.742327533159,68.3363598711627,562.77720921311,17.5327127718659
2021-01-20,227775,984,193763,658,34012,326,214167,697,1414760,3996,1628927,4693,32,2856,-1005,12814,1957,212105,29,7257,3369,"East TN",2455501,396.293872411373,0.170035590436211,191.121893251113,40.073288506093,521.84869808646,17.0035590436211
2021-01-21,229342,1567,194905,1142,34437,425,215452,1285,1421693,6933,1637145,8218,65,2921,-769,12045,2271,214376,37,7294,3414,"East TN",2455501,368.438049913236,0.162945139557267,334.677118844586,63.8158974482193,490.531260219401,16.2945139557267
2021-01-22,230330,988,195612,707,34718,281,216271,819,1427138,5445,1643409,6264,32,2953,-735,11310,1691,216067,28,7322,3445,"East TN",2455501,369.333997420486,0.156474779333348,255.100690246105,40.2361880528658,460.598468499911,15.6474779333348
2021-01-23,231766,1436,196581,969,35185,467,217372,1101,1435420,8282,1652792,9383,19,2972,209,11519,1208,217275,40,7362,3468,"East TN",2455501,328.690560500688,0.147760053255751,382.121611842145,58.4809372914122,469.109969818787,14.7760053255751
2021-01-24,232390,624,197072,491,35318,133,217915,543,1438796,3376,1656711,3919,19,2991,-591,10928,1196,218471,19,7381,3494,"East TN",2455501,319.242386787869,0.145917834125463,159.600830950588,25.4123292965468,445.041561783115,14.5917834125463
2021-01-25,233133,743,197584,512,35549,231,218464,549,1440553,1757,1659017,2306,44,3035,-1157,9771,1856,220327,20,7401,3524,"East TN",2455501,326.613591279336,0.151263231475934,93.9115887144823,30.2585908130357,397.922867879101,15.1263231475934
2021-01-26,234165,1032,198312,728,35853,304,219248,784,1445018,4465,1664266,5249,63,3098,-920,8851,1889,222216,25,7426,3546,"East TN",2455501,300.305314475539,0.144334532374101,213.764930252523,42.0280830673659,360.455972121372,14.4334532374101
2021-01-27,235118,953,199017,705,36101,248,220003,755,1449540,4522,1669543,5277,55,3153,-384,8467,1282,223498,27,7453,3568,"East TN",2455501,299.04284298805,0.143687216860351,214.905227079932,38.8108170186043,344.817615631189,14.3687216860351
2021-01-28,236447,1329,199730,713,36717,616,220799,796,1453971,4431,1674770,5227,46,3199,-180,8287,1463,224961,28,7481,3595,"East TN",2455501,289.350319955072,0.142112956810631,212.868982745273,54.1233744152415,337.487136026416,14.2112956810631
2021-01-29,237040,593,200081,351,36959,242,221196,397,1456638,2667,1677834,3064,17,3216,-681,7606,1257,226218,16,7497,3614,"East TN",2455501,273.263989711265,0.143064633260712,124.781052827916,24.1498578090581,309.753488188357,14.3064633260712
2021-01-30,238195,1155,201048,967,37147,188,222296,1100,1465688,9050,1687984,10150,44,3260,240,7846,871,227089,27,7524,3633,"East TN",2455501,261.82029655048,0.139918163218913,413.357599935818,47.0372441306275,319.527460994722,13.9918163218913
2021-01-31,238876,681,201490,442,37386,239,222787,491,1469615,3927,1692402,4418,29,3289,-85,7761,737,227826,30,7554,3654,"East TN",2455501,264.141615091991,0.136505001260822,179.922549410487,27.7336478380583,316.065845625801,13.6505001260822
2021-02-01,239571,695,201895,405,37676,290,223228,441,1471311,1696,1694539,2137,39,3328,-543,7218,1199,229025,12,7566,3680,"East TN",2455501,262.186820530719,0.134114070153708,87.0290828633342,28.3037962517629,293.952232151402,13.4114070153708
2021-02-02,240110,539,202243,348,37867,191,223591,363,1472369,1058,1695960,1421,57,3385,-836,6382,1318,230343,11,7577,3695,"East TN",2455501,242.109451390979,0.137029090679624,57.8700639910145,21.9507139276262,259.9062268759,13.7029090679624
2021-02-03,241223,1113,203001,758,38222,355,224419,828,1478373,6004,1702792,6832,46,3431,41,6423,1026,231369,39,7616,3707,"East TN",2455501,248.625433261888,0.132816024542091,278.232425887833,45.3267988895138,261.575947230321,13.2816024542091
2021-02-04,242320,1097,203778,777,38542,320,225285,866,1486088,7715,1711373,8581,58,3489,0,6423,1039,232408,35,7651,3726,"East TN",2455501,239.17725954907,0.122558260251892,349.460252714212,44.6752007024228,261.575947230321,12.2558260251892
2021-02-05,243137,817,204337,559,38800,258,225891,606,1489894,3806,1715785,4412,67,3556,-153,6270,903,233311,28,7679,3739,"East TN",2455501,248.299634168343,0.123712155147427,179.678200090328,33.2722324283313,255.345039566264,12.3712155147427
2021-02-06,244371,1234,205160,823,39211,411,226852,961,1498549,8655,1725401,9616,27,3583,501,6771,706,234017,21,7700,3769,"East TN",2455501,251.516900217104,0.121762835074966,391.610510441657,50.2545101793891,275.748207799549,12.1762835074966
2021-02-07,244888,517,205512,352,39376,165,227258,406,1501633,3084,1728891,3490,2,3585,-119,6652,634,234651,9,7709,3783,"East TN",2455501,244.838018799422,0.12253007755762,142.129854559212,21.0547664203761,270.90194628306,12.253007755762
2021-02-08,245401,513,205810,298,39591,215,227578,320,1502996,1363,1730574,1683,32,3617,-628,6024,1109,235760,9,7718,3798,"East TN",2455501,237.426089421263,0.120715970584154,68.5399843046287,20.8918668736034,245.32671743974,12.0715970584154
2021-02-09,246429,1028,206440,630,39989,398,228246,668,1507230,4234,1735476,4902,16,3633,-58,5966,1070,236830,36,7754,3809,"East TN",2455501,257.34055901423,0.117800384654317,199.633394569988,41.8651835205931,242.964674011536,11.7800384654317
2021-02-10,247279,850,207023,583,40256,267,228883,637,1513217,5987,1742100,6624,39,3672,-29,5937,840,237670,28,7782,3822,"East TN",2455501,246.629913813922,0.113564668769716,269.761649455651,34.6161536892064,241.783652297433,11.3564668769716
2021-02-11,248146,867,207604,581,40542,286,229534,651,1518791,5574,1748325,6225,37,3709,-104,5833,934,238604,31,7813,3840,"East TN",2455501,237.26318987449,0.114987010175363,253.51241966507,35.3084767629905,237.548264081342,11.4987010175363
2021-02-12,248978,832,208196,592,40782,240,230183,649,1524304,5513,1754487,6162,34,3743,57,5890,741,239345,11,7824,3849,"East TN",2455501,237.874063174888,0.110898661567878,250.9467518034,33.8831057287291,239.869582622854,11.0898661567878
2021-02-13,249572,594,208569,373,41003,221,230617,434,1528732,4428,1759349,4862,12,3755,-21,5869,603,239948,17,7841,3861,"East TN",2455501,211.81013569125,0.11090491339696,198.004399102261,24.1905826957513,239.014360002297,11.090491339696
2021-02-14,250113,541,208984,415,41129,126,231070,453,1531700,2968,1762770,3421,15,3770,-50,5819,576,240524,14,7855,3874,"East TN",2455501,212.787532971886,0.112518079046017,139.319837377382,22.0321637010125,236.978115667638,11.2518079046017
2021-02-15,250491,378,209193,209,41298,169,231298,228,1533024,1324,1764322,1552,5,3775,-573,5246,946,241470,9,7864,3884,"East TN",2455501,207.289673268307,0.110228754296551,63.2050241478216,15.3940071700236,213.642755592443,11.0228754296551
2021-02-16,251260,769,209621,428,41639,341,231770,472,1536433,3409,1768203,3881,8,3783,-40,5206,801,242271,22,7886,3894,"East TN",2455501,196.741927614772,0.10767867510007,158.053285256247,31.3174378670585,212.013760124716,10.767867510007
2021-02-17,251881,621,210038,417,41843,204,232221,451,1539687,3254,1771908,3705,11,3794,-94,5112,704,242975,11,7897,3910,"East TN",2455501,187.415928562033,0.111983360171766,150.885705198247,25.2901546364673,208.185620775557,11.1983360171766
2021-02-18,252676,795,210590,552,42086,243,232827,606,1545407,5720,1778234,6326,42,3836,26,5138,727,243702,20,7917,3926,"East TN",2455501,184.483736720124,0.110100638603765,257.625633221082,32.3762849210813,209.244467829579,11.0100638603765
2021-02-19,253156,480,210894,304,42262,176,233172,345,1548115,2708,1781287,3053,5,3841,-222,4916,697,244399,11,7928,3935,"East TN",2455501,170.148576604123,0.111529850746269,124.333079074291,19.5479456127283,200.203542983693,11.1529850746269
2021-02-20,253778,622,211341,447,42437,175,233677,505,1553342,5227,1787019,5732,18,3859,73,4989,531,244930,18,7946,3945,"East TN",2455501,171.288873431532,0.110589085652331,233.435050525331,25.3308795231604,203.176459712295,11.0589085652331
2021-02-21,254126,348,211568,227,42558,121,233940,263,1555476,2134,1789416,2397,7,3866,-82,4907,423,245353,11,7957,3961,"East TN",2455501,163.428970299747,0.107708474067402,97.617553403562,14.172260569228,199.837019003454,10.7708474067402
2021-02-22,254487,361,211764,196,42723,165,234169,229,1556859,1383,1791028,1612,7,3873,-477,4430,831,246184,22,7979,3976,"East TN",2455501,162.736647225963,0.107503931700741,65.6485173494126,14.7016840962394,180.411248050805,10.7503931700741
2021-02-23,255130,643,212111,347,43019,296,234537,368,1559805,2946,1794342,3314,26,3899,-145,4285,762,246946,27,8006,3981,"East TN",2455501,157.605311502622,0.10585714832243,134.962274501212,26.1861021437173,174.506139480293,10.585714832243
2021-02-24,255872,742,212660,549,43212,193,235147,610,1566007,6202,1801154,6812,19,3918,57,4342,666,247612,20,8026,3987,"East TN",2455501,162.533022792497,0.10004786979416,277.417928153969,30.2178659263425,176.827458021805,10.004786979416
2021-02-25,256509,637,213106,446,43403,191,235642,495,1570775,4768,1806417,5263,21,3939,-96,4246,712,248324,16,8042,3996,"East TN",2455501,156.098490694974,0.0998829081361104,214.335078666227,25.9417528235582,172.917868899259,9.98829081361104
2021-02-26,256970,461,213429,323,43541,138,236010,368,1573897,3122,1809907,3490,14,3953,-183,4063,630,248954,11,8053,4000,"East TN",2455501,155.324717847804,0.0991614255765199,142.129854559212,18.7741727655578,165.465214634407,9.91614255765199
2021-02-27,257404,434,213653,224,43751,210,236284,274,1577993,4096,1814277,4370,7,3960,5,4068,422,249376,15,8068,4006,"East TN",2455501,147.668439149485,0.0956416464891041,177.967754849214,17.6746008248419,165.668839067872,9.56416464891041
2021-02-28,257770,366,213927,274,43843,92,236597,313,1580553,2560,1817150,2873,5,3965,-54,4014,415,249791,10,8078,4012,"East TN",2455501,148.401487109962,0.0958029855051561,117.002599469518,14.9053085297053,163.469695186441,9.58029855051561
2021-03-01,258014,244,214075,148,43939,96,236753,156,1581332,779,1818085,935,4,3969,-408,3606,648,250439,11,8089,4016,"East TN",2455501,143.63667536686,0.0955020881842037,38.077769058127,9.9368723531369,146.853941415622,9.55020881842037
2021-03-02,258635,621,214466,391,44169,230,237200,447,1584789,3457,1821989,3904,7,3976,2,3608,612,251051,23,8112,4021,"East TN",2455501,142.74072785961,0.0963214815350671,158.98995765019,25.2901546364673,146.935391189008,9.63214815350671
2021-03-03,259118,483,214769,303,44349,180,237555,355,1588961,4172,1826516,4527,7,3983,-145,3463,621,251672,16,8128,4024,"East TN",2455501,132.192982206075,0.0949451935967195,184.361562060044,19.6701202728079,141.030282618496,9.49451935967195
2021-03-04,259729,611,215182,413,44547,198,238027,472,1593783,4822,1831810,5294,18,4001,50,3513,543,252215,16,8144,4029,"East TN",2455501,131.134135152052,0.093923522230536,215.597550153716,24.8829057695354,143.066526953155,9.3923522230536
2021-03-05,260200,471,215493,311,44707,160,238381,354,1597466,3683,1835847,4037,15,4016,-64,3449,520,252735,15,8159,4033,"East TN",2455501,131.541384018984,0.0914032382420971,164.406367580384,19.1814216324897,140.460134204792,9.14032382420971
2021-03-06,260663,463,215816,323,44847,140,238753,372,1601742,4276,1840495,4648,1,4017,51,3500,411,253146,8,8167,4038,"East TN",2455501,132.722405733087,0.0941719429399649,189.289273349919,18.8556225389442,142.537103426144,9.41719429399649
2021-03-07,260918,255,215980,164,44938,91,238937,184,1603473,1731,1842410,1915,1,4018,-111,3389,365,253511,4,8171,4042,"East TN",2455501,128.201943310143,0.0926365795724466,77.9881580174473,10.3848461067619,138.016641003201,9.26365795724466
2021-03-08,261378,460,216272,292,45106,168,239250,313,1605055,1582,1844305,1895,3,4021,-124,3265,581,254092,9,8180,4050,"East TN",2455501,136.998518835871,0.0952326468344775,77.1736602835837,18.7334478788646,132.966755053246,9.52326468344775
2021-03-09,261917,539,216554,282,45363,257,239569,319,1607631,2576,1847200,2895,6,4027,24,3289,509,254601,17,8197,4061,"East TN",2455501,133.65907812703,0.0939669192019357,117.898546976768,21.9507139276262,133.944152333882,9.39669192019357
2021-03-10,262566,649,217017,463,45549,186,240076,507,1613102,5471,1853178,5978,7,4034,174,3463,468,255069,24,8221,4069,"East TN",2455501,140.419409318098,0.0945540469582177,243.453372651854,26.4304514638764,141.030282618496,9.45540469582177
2021-03-11,263100,534,217357,340,45743,194,240441,365,1616441,3339,1856882,3704,5,4039,90,3553,439,255508,8,8229,4076,"East TN",2455501,137.283593042723,0.096282705807275,150.844980311554,21.7470894941603,144.695522420883,9.62827058072751
2021-03-12,263563,463,217725,368,45838,95,240857,416,1619790,3349,1860647,3765,5,4044,6,3559,452,255960,10,8239,4084,"East TN",2455501,136.957793949178,0.0998387096774194,153.329198399838,18.8556225389442,144.939871741042,9.98387096774194
2021-03-13,264010,447,217941,216,46069,231,241137,280,1623430,3640,1864567,3920,2,4046,43,3602,402,256362,20,8259,4090,"East TN",2455501,136.306195762087,0.0990362246593553,159.641555837281,18.2040243518532,146.691041868849,9.90362246593553
2021-03-14,264272,262,218117,176,46155,86,241348,211,1625272,1842,1866620,2053,0,4046,-50,3552,312,256674,10,8269,4095,"East TN",2455501,136.591269968939,0.0995869475423379,83.6081923811067,10.6699203136142,144.65479753419,9.95869475423379
2021-03-15,264629,357,218300,183,46329,174,241565,217,1626468,1196,1868033,1413,4,4050,-167,3385,520,257194,15,8284,4099,"East TN",2455501,132.396606639541,0.0975640593391773,57.544264897469,14.5387845494667,137.853741456428,9.75640593391774
2021-03-16,265329,700,218751,451,46578,249,242061,496,1629736,3268,1871797,3764,4,4054,191,3576,505,257699,35,8319,4100,"East TN",2455501,138.953313397144,0.101313168272554,153.288473513145,28.5074206852288,145.632194814826,10.1313168272554
2021-03-17,265755,426,219082,331,46673,95,242425,364,1633458,3722,1875883,4086,1,4055,-28,3548,453,258152,15,8334,4108,"East TN",2455501,129.871663664564,0.103457388240476,166.40188702835,17.3488017312964,144.491897987417,10.3457388240476
2021-03-18,266305,550,219430,348,46875,202,242810,385,1636749,3291,1879559,3676,6,4061,99,3647,445,258597,31,8365,4114,"East TN",2455501,130.523261851655,0.104467081183578,149.704683484144,22.3986876812512,148.523661770042,10.4467081183578
2021-03-19,267098,793,219961,531,47137,262,243373,563,1641795,5046,1885168,5609,15,4076,336,3983,442,259039,25,8390,4118,"East TN",2455501,143.962474460405,0.102605929611354,228.425889462069,32.2948351476949,162.207223698952,10.2605929611354
2021-03-20,267372,274,220128,167,47244,107,243567,194,1643916,2121,1887483,2315,1,4077,-41,3942,314,259353,15,8405,4119,"East TN",2455501,136.917069062485,0.106039448420318,94.278112694721,11.1586189539324,160.537503344531,10.6039448420318
2021-03-21,267653,281,220324,196,47329,85,243792,225,1645716,1800,1889508,2025,-4,4073,-33,3909,318,259671,8,8413,4125,"East TN",2455501,137.690841909655,0.106780845858092,82.4678955536976,11.4436931607847,159.193582083656,10.6780845858092
2021-03-22,268178,525,220663,339,47515,186,244148,356,1647805,2089,1891953,2445,14,4087,-7,3902,518,260189,19,8432,4131,"East TN",2455501,144.53262287411,0.107984949832776,99.5723479648349,21.3805655139216,158.908507876804,10.7984949832776
2021-03-23,268615,437,220911,248,47704,189,244415,267,1650261,2456,1894676,2723,11,4098,-74,3828,500,260689,16,8448,4136,"East TN",2455501,133.821977673803,0.102889112286376,110.89386646554,17.7967754849214,155.894866261508,10.2889112286376
2021-03-24,269212,597,221367,456,47845,141,244908,493,1654959,4698,1899867,5191,4,4102,85,3913,508,261197,24,8472,4140,"East TN",2455501,140.785933298337,0.103527351567712,211.402886824318,24.3127573558308,159.356481630429,10.3527351567712
2021-03-25,269612,400,221674,307,47938,93,245241,333,1657927,2968,1903168,3301,8,4110,-65,3848,457,261654,23,8495,4142,"East TN",2455501,134.677200294359,0.102969206658478,134.4328509742,16.2899546772736,156.709363995372,10.2969206658478
2021-03-26,270022,410,221996,322,48026,88,245587,346,1660560,2633,1906147,2979,7,4117,-63,3785,466,262120,12,8507,4147,"East TN",2455501,119.07956869087,0.105534105534106,121.319437458995,16.6972035442054,154.143696133701,10.5534105534106
2021-03-27,270225,203,222175,179,48050,24,245797,210,1663072,2512,1908869,2722,2,4119,-165,3620,366,262486,11,8518,4152,"East TN",2455501,116.188101735654,0.104273823997007,110.853141578847,8.26715199871635,147.424089829326,10.4273823997007
2021-03-28,270541,316,222394,219,48147,97,246042,245,1665144,2072,1911186,2317,5,4124,-67,3553,378,262864,17,8535,4158,"East TN",2455501,117.613472769915,0.103791862717963,94.3595624681073,12.8690641950461,144.695522420883,10.3791862717963
2021-03-29,270980,439,222630,236,48350,203,246297,255,1667000,1856,1913297,2111,18,4142,-94,3459,515,263379,17,8552,4161,"East TN",2455501,114.111132514302,0.100684032983508,85.9702358093114,17.8782252583078,140.867383071723,10.0684032983508
2021-03-30,271355,375,222888,258,48467,117,246619,322,1669476,2476,1916095,2798,5,4147,-143,3316,513,263892,19,8571,4165,"East TN",2455501,111.586189539324,0.102899295018442,113.948232967529,15.271832509944,135.043724274598,10.2899295018442
2021-03-31,272016,661,223330,442,48686,219,247107,488,1674292,4816,1921399,5304,4,4151,167,3483,490,264382,17,8588,4168,"East TN",2455501,114.192582287688,0.102127066691436,216.004799020648,26.9191501041946,141.84478035236,10.2127066691436
2021-04-01,272463,447,223648,318,48815,129,247457,350,1677120,2828,1924577,3178,1,4152,-88,3395,534,264916,13,8601,4169,"East TN",2455501,116.106651962268,0.103507870521743,129.423689910939,18.2040243518532,138.26099032336,10.3507870521743
2021-04-02,272814,351,223883,235,48931,116,247709,252,1680143,3023,1927852,3275,0,4152,-81,3314,432,265348,9,8610,4173,"East TN",2455501,113.70388364737,0.0977654918221608,133.374003920178,14.2944352293076,134.962274501212,9.77654918221608
2021-04-03,273158,344,224133,250,49025,94,247984,275,1682494,2351,1930478,2626,0,4152,-53,3261,397,265745,12,8622,4179,"East TN",2455501,119.446092671109,0.101207830070804,106.943552456301,14.0093610224553,132.803855506473,10.1207830070804
2021-04-04,273329,171,224256,123,49073,48,248125,141,1684089,1595,1932214,1736,6,4158,-179,3082,344,266089,6,8628,4182,"East TN",2455501,113.540984100597,0.0990583983260415,70.6984032993674,6.96395562453446,125.514100788393,9.90583983260415
2021-04-05,273737,408,224492,236,49245,172,248348,223,1685308,1219,1933656,1442,6,4164,-94,2988,496,266585,37,8665,4185,"East TN",2455501,112.278512613108,0.100741686723316,58.7252866115713,16.6157537708191,121.685961439234,10.0741686723316
2021-04-06,274168,431,224741,249,49427,182,248626,278,1687396,2088,1936022,2366,3,4167,-7,2981,435,267020,22,8687,4186,"East TN",2455501,114.559106267927,0.100717619310483,96.3550819160733,17.5524261647623,121.400887232381,10.0717619310483
2021-04-07,274801,633,225204,463,49597,170,249134,508,1692088,4692,1941222,5200,5,4172,209,3190,419,267439,21,8708,4186,"East TN",2455501,113.418809440517,0.10225495636382,211.769410804557,25.7788532767855,129.912388551257,10.225495636382
2021-04-08,275206,405,225459,255,49747,150,249423,289,1695101,3013,1944524,3302,-1,4171,42,3232,364,267803,16,8724,4189,"East TN",2455501,111.708364199404,0.0985611871459367,134.473575860894,16.4935791107395,131.622833792371,9.85611871459367
2021-04-09,275724,518,225865,406,49859,112,249873,450,1698977,3876,1948850,4326,4,4175,110,3342,404,268207,27,8751,4190,"East TN",2455501,118.509420277165,0.103057434041337,176.175859834714,21.0954913070693,136.102571328621,10.3057434041337
2021-04-10,276029,305,226081,216,49948,89,250120,247,1701758,2781,1951878,3028,1,4176,-15,3327,319,268526,14,8765,4194,"East TN",2455501,116.921149696131,0.0998130841121495,123.314956906961,12.4210904414211,135.491698028223,9.98130841121495
2021-04-11,276266,237,226244,163,50022,74,250294,174,1703471,1713,1953765,1887,2,4178,-87,3240,322,268848,9,8774,4197,"East TN",2455501,119.608992217881,0.100644981671384,76.8478611900382,9.65179814628461,131.948632885916,10.0644981671384
2021-04-12,276729,463,226564,320,50165,143,250624,330,1705234,1763,1955858,2093,3,4181,14,3254,446,269294,15,8789,4204,"East TN",2455501,121.848860986007,0.102513287091253,85.2371878488341,18.8556225389442,132.518781299621,10.2513287091253
2021-04-13,277108,379,226804,240,50304,139,250874,250,1707292,2058,1958166,2308,3,4184,-58,3196,434,269728,14,8803,4206,"East TN",2455501,119.731166877961,0.101517341040462,93.9930384878687,15.4347320567167,130.156737871416,10.1517341040462
2021-04-14,277790,682,227308,504,50482,178,251431,557,1712113,4821,1963544,5378,0,4184,270,3466,412,270140,25,8828,4207,"East TN",2455501,121.726686325927,0.102902965684078,219.018440635944,27.7743727247515,141.152457278576,10.2902965684078
2021-04-15,278329,539,227674,366,50655,173,251811,380,1715258,3145,1967069,3525,2,4186,112,3578,425,270565,23,8851,4211,"East TN",2455501,127.183821142814,0.105921490352628,143.555225593474,21.9507139276262,145.713644588212,10.5921490352628
2021-04-16,279307,978,228569,895,50738,83,252916,1105,1722742,7484,1975658,8589,3,4189,633,4211,342,270907,32,8883,4212,"East TN",2455501,145.917269021678,0.113510892270964,349.786051807757,39.8289391859339,171.492497864998,11.3510892270964
2021-04-17,279509,202,228716,147,50793,55,253089,173,1724973,2231,1978062,2404,0,4189,-90,4121,292,271199,10,8893,4213,"East TN",2455501,141.72260569228,0.113389856400855,97.9026276104143,8.22642711202317,167.827258062611,11.3389856400855
2021-04-18,279727,218,228903,187,50824,31,253292,203,1726776,1803,1980068,2006,6,4195,-122,3999,334,271533,7,8900,4218,"East TN",2455501,140.94883284511,0.113979393985477,81.6941227065271,8.87802529911411,162.858821886043,11.3979393985477
2021-04-19,280055,328,229098,195,50957,133,253502,210,1728225,1449,1981727,1659,8,4203,-217,3782,537,272070,14,8914,4220,"East TN",2455501,135.45097314153,0.111252850902625,67.5625870239923,13.3577628353644,154.021521473622,11.1252850902625
2021-04-20,280408,353,229375,277,51033,76,253783,281,1730673,2448,1984456,2729,4,4207,-112,3670,461,272531,20,8934,4223,"East TN",2455501,134.392126087507,0.11065043742868,111.138215785699,14.375885002694,149.460334163985,11.065043742868
2021-04-21,280918,510,229702,327,51216,183,254121,338,1734454,3781,1988575,4119,4,4211,25,3695,481,273012,12,8946,4228,"East TN",2455501,127.38744557628,0.107466741240861,167.745808289225,20.7696922135238,150.478456331315,10.7466741240861
2021-04-22,281562,644,230102,400,51460,244,254572,451,1738706,4252,1993278,4703,3,4214,193,3888,448,273460,21,8967,4230,"East TN",2455501,131.663558679064,0.105345492006563,191.529142118044,26.2268270304105,158.338359463099,10.5345492006563
2021-04-23,281948,386,230379,277,51569,109,254881,309,1741909,3203,1996790,3512,0,4214,-8,3880,394,273854,10,8977,4231,"East TN",2455501,107.554425756699,0.0929869392390687,143.025802066462,15.719806263569,158.012560369554,9.29869392390687
2021-04-24,282209,261,230568,189,51641,72,255090,209,1744907,2998,1999997,3207,0,4214,-130,3750,391,274245,19,8996,4235,"East TN",2455501,109.957194071597,0.0912240711192159,130.604711625041,10.629195426921,152.71832509944,9.12240711192159
2021-04-25,282409,200,230716,148,51693,52,255249,159,1746558,1651,2001807,1810,4,4218,-114,3636,310,274555,17,9013,4238,"East TN",2455501,109.224146111119,0.0900225401352408,73.712044914663,8.1449773386368,148.075688016417,9.00225401352408
2021-04-26,282797,388,230959,243,51838,145,255501,252,1748530,1972,2004031,2224,6,4224,-141,3495,523,275078,16,9029,4242,"East TN",2455501,111.667639312711,0.0896251793400287,90.5721480056412,15.8012560369554,142.333478992678,8.96251793400287
2021-04-27,283186,389,231162,203,52024,186,255719,218,1750894,2364,2006613,2582,3,4227,-54,3441,440,275518,23,9052,4245,"East TN",2455501,113.133735233665,0.087376449880399,105.151657441801,15.8419809236486,140.134335111246,8.7376449880399
2021-04-28,283674,488,231508,346,52166,142,256100,381,1755021,4127,2011121,4508,6,4233,11,3452,471,275989,22,9074,4250,"East TN",2455501,112.237787726415,0.087776102191076,183.587789212873,19.8737447062738,140.582308864871,8.7776102191076
2021-04-29,284066,392,231787,279,52279,113,256403,303,1757953,2932,2014356,3235,1,4234,17,3469,374,276363,20,9094,4252,"East TN",2455501,101.975116279733,0.0868678242717525,131.74500845245,15.9641555837281,141.274631938655,8.68678242717525
2021-04-30,284435,369,232014,227,52421,142,256643,240,1761220,3267,2017863,3507,0,4234,-4,3465,373,276736,15,9109,4255,"East TN",2455501,101.282793205949,0.083614103355004,142.822177632996,15.0274831897849,141.111732391883,8.3614103355004
2021-05-01,284670,235,232196,182,52474,53,256832,189,1763711,2491,2020543,2680,-1,4233,-31,3434,267,277003,15,9124,4255,"East TN",2455501,100.223946151926,0.0847853596807164,109.142696337733,9.57034837289824,139.849260904394,8.47853596807165
2021-05-02,284845,175,232324,128,52521,47,256965,133,1765187,1476,2022152,1609,1,4234,-77,3357,251,277254,11,9135,4259,"East TN",2455501,99.2058239845962,0.0843450479233227,65.526342689333,7.1268551713072,136.713444629019,8.43450479233227
2021-05-03,285056,211,232437,113,52619,98,257091,126,1766671,1484,2023762,1610,5,4239,-225,3132,431,277685,16,9151,4261,"East TN",2455501,91.9975190399027,0.0805838528204348,65.5670675760262,8.59295109226182,127.550345123052,8.05838528204348
2021-05-04,285376,320,232657,220,52719,100,257336,245,1769071,2400,2026407,2645,7,4246,-81,3051,394,278079,12,9163,4267,"East TN",2455501,89.1875018580729,0.0816914216429221,107.717325303472,13.0319637418189,124.251629300904,8.16914216429221
2021-05-05,285842,466,232949,292,52893,174,257647,311,1773220,4149,2030867,4460,5,4251,128,3179,333,278412,22,9185,4272,"East TN",2455501,88.2915543508229,0.0783449812620278,181.632994651601,18.9777971990237,129.464414797632,7.83449812620278
2021-05-06,286129,287,233145,196,52984,91,257878,231,1775658,2438,2033536,2669,4,4255,-100,3079,383,278795,10,9195,4277,"East TN",2455501,84.0154412480386,0.076903023983316,108.694722584108,11.6880424809438,125.391926128314,7.6903023983316
2021-05-07,286495,366,233392,247,53103,119,258147,269,1779107,3449,2037254,3718,0,4255,18,3097,348,279143,15,9210,4278,"East TN",2455501,83.893266587959,0.0775617554535609,151.415128725258,14.9053085297053,126.124974088791,7.75617554535609
2021-05-08,286666,171,233495,103,53171,68,258261,114,1781002,1895,2039263,2009,0,4255,-96,3001,267,279410,7,9217,4280,"East TN",2455501,81.2868738395953,0.0763354700854701,81.8162973666066,6.96395562453446,122.215384966245,7.63354700854701
2021-05-09,286812,146,233610,115,53202,31,258393,132,1782713,1711,2041106,1843,4,4259,-161,2840,303,279713,11,9228,4282,"East TN",2455501,80.1058521254929,0.0753402975625198,75.0559661755381,5.94583345720486,115.658678208643,7.53402975625198
2021-05-10,287048,236,233746,136,53302,100,258538,145,1784229,1516,2042767,1661,7,4266,-200,2640,429,280142,19,9247,4283,"East TN",2455501,81.1239742928225,0.0761378584583004,67.6440367973786,9.61107325959142,107.513700870006,7.61378584583004
2021-05-11,287364,316,233974,228,53390,88,258782,244,1786908,2679,2045690,2923,1,4267,-56,2584,371,280513,19,9266,4285,"East TN",2455501,80.9610747460498,0.0749883316911269,119.038843804177,12.8690641950461,105.233107215187,7.49883316911269
2021-05-12,287668,304,234191,217,53477,87,259036,254,1790973,4065,2050009,4319,3,4270,-54,2530,355,280868,15,9281,4287,"East TN",2455501,74.363643101754,0.0725629505798767,175.890785627862,12.3803655547279,103.033963333756,7.25629505798767
2021-05-13,287878,210,234327,136,53551,74,259181,145,1793706,2733,2052887,2878,1,4271,-134,2396,343,281211,9,9290,4289,"East TN",2455501,71.2278268263788,0.0673350214459201,117.206223902984,8.55222620556864,97.5768285168689,6.73350214459201
2021-05-14,288181,303,234545,218,53636,85,259429,248,1796392,2686,2055821,2934,1,4272,34,2430,268,281479,19,9309,4292,"East TN",2455501,68.6621589647082,0.0690472343404966,119.486817557802,12.3396406680348,98.9614746644371,6.90472343404966
2021-05-15,288289,108,234626,81,53663,27,259531,102,1798380,1988,2057911,2090,0,4272,-157,2273,265,281744,5,9314,4295,"East TN",2455501,66.0964911030376,0.0681038181038181,85.1150131887546,4.39828776286387,92.5676674536072,6.81038181038181
2021-05-16,288389,100,234700,74,53689,26,259616,85,1799829,1449,2059445,1534,3,4275,-122,2151,219,281963,4,9318,4298,"East TN",2455501,64.2231463151512,0.066688478106767,62.4719761873443,4.0724886693184,87.5992312770388,6.6688478106767
2021-05-17,288591,202,234802,102,53789,100,259726,110,1801398,1569,2061124,1679,6,4281,-113,2038,309,282272,11,9329,4302,"East TN",2455501,62.8385001675829,0.0647164569374081,68.3770847578559,8.22642711202317,82.997319080709,6.47164569374081
2021-05-18,288804,213,234937,135,53867,78,259872,146,1803636,2238,2063508,2384,8,4289,-103,1935,308,282580,20,9349,4305,"East TN",2455501,58.643836838185,0.0611740936132001,97.0881298765507,8.67440086564819,78.802655751311,6.11740936132001
2021-05-19,289021,217,235101,164,53920,53,260040,168,1806906,3270,2066946,3438,1,4290,-53,1882,269,282849,19,9368,4307,"East TN",2455501,55.100771695878,0.0592785026864262,140.012160451167,8.83730041242093,76.6442367565723,5.92785026864262
2021-05-20,289200,179,235233,132,53967,47,260196,156,1821075,14169,2081271,14325,3,4293,-90,1792,266,283115,7,9375,4309,"East TN",2455501,53.8383002083892,0.0357595828635851,583.384001879861,7.28975471807994,72.9789969541857,3.57595828635851
2021-05-21,289363,163,235340,107,54023,56,260317,121,1823353,2278,2083670,2399,0,4293,-60,1732,223,283338,9,9384,4311,"East TN",2455501,48.1368160713435,0.031886243671227,97.6990031769484,6.63815653098899,70.5355037525947,3.1886243671227
2021-05-22,289434,71,235388,48,54046,23,260379,62,1824940,1587,2085319,1649,0,4293,-107,1625,178,283516,10,9394,4311,"East TN",2455501,46.6299952636957,0.0309398715703444,67.1553381570604,2.89146695521606,66.177940876424,3.09398715703444
2021-05-23,289508,74,235439,51,54069,23,260440,61,1826005,1065,2086445,1126,3,4296,-128,1497,199,283715,5,9399,4313,"East TN",2455501,45.5711482096729,0.0305185185185185,45.8562224165252,3.01364161529562,60.9651553796964,3.05185185185185
2021-05-24,289668,160,235550,111,54118,49,260566,126,1827930,1925,2088496,2051,0,4296,-94,1403,254,283969,7,9406,4314,"East TN",2455501,43.8607029685592,0.0306882946076282,83.5267426077204,6.51598187090944,57.1370160305371,3.06882946076282
2021-05-25,289811,143,235646,96,54165,47,260654,88,1829657,1727,2090311,1815,0,4296,-73,1330,216,284185,8,9414,4318,"East TN",2455501,41.0099609000363,0.0291758385255382,73.915669348129,5.82365879712531,54.1640993019347,2.91758385255382
2021-05-26,289996,185,235786,140,54210,45,260819,165,1832541,2884,2093360,3049,7,4303,-31,1299,209,284394,13,9427,4320,"East TN",2455501,39.7067645258544,0.0294919360944953,124.170179527518,7.53410403823904,52.901627814446,2.94919360944953
2021-05-27,290121,125,235862,76,54259,49,260958,139,1835513,2972,2096471,3111,4,4307,-81,1218,202,284596,9,9436,4324,"East TN",2455501,37.5076206444225,0.0501315789473684,126.695122502495,5.090610836648,49.6029119922981,5.01315789473684
2021-05-28,290238,117,235952,90,54286,27,261056,98,1837625,2112,2098681,2210,0,4307,-61,1157,178,284774,5,9441,4325,"East TN",2455501,35.634275856536,0.0492305642528812,90.0019995919366,4.76481174310253,47.1186939040139,4.92305642528812
2021-05-29,290290,52,235983,31,54307,21,261093,37,1838702,1077,2099795,1114,0,4307,-88,1069,140,284914,7,9448,4327,"East TN",2455501,34.8605030093655,0.0493230174081238,45.367523776207,2.11769410804557,43.5349038750137,4.93230174081238
2021-05-30,290345,55,236023,40,54322,15,261139,46,1839788,1086,2100927,1132,0,4307,-67,1002,122,285036,7,9455,4329,"East TN",2455501,34.086730162195,0.0482668139759702,46.1005717366843,2.23986876812512,40.8063364665704,4.82668139759702
2021-05-31,290425,80,236089,66,54336,14,261210,71,1841215,1427,2102425,1498,6,4313,-97,905,171,285207,4,9459,4330,"East TN",2455501,30.8287392267403,0.0462344748366717,61.0058802663896,3.25799093545472,36.8560224573315,4.62344748366717
2021-06-01,290555,130,236182,93,54373,37,261304,94,1842530,1315,2103834,1409,3,4316,-37,868,164,285371,11,9470,4330,"East TN",2455501,30.2993156997289,0.048066257487244,57.3813653506963,5.29423527011392,35.3492016496837,4.8066257487244
2021-06-02,290674,119,236253,71,54421,48,261377,73,1844510,1980,2105887,2053,1,4317,-20,848,138,285509,9,9479,4334,"East TN",2455501,27.6114731779788,0.0445437854234853,83.6081923811067,4.8462615164889,34.53470391582,4.45437854234853
2021-06-03,290762,88,236309,56,54453,32,261496,119,1847676,3166,2109172,3285,1,4318,-42,806,129,285638,6,9485,4337,"East TN",2455501,26.1046523703309,0.0423588693803637,133.781252787109,3.58379002900019,32.8242586747063,4.23588693803637
2021-06-04,290853,91,236368,59,54485,32,261574,78,1849827,2151,2111401,2229,1,4319,-30,776,120,285758,7,9492,4337,"East TN",2455501,25.0458053163082,0.0407232704402516,90.7757724391071,3.70596468907974,31.6025120739108,4.07232704402516
2021-06-05,290894,41,236394,26,54500,15,261604,30,1851210,1383,2112814,1413,-1,4318,-70,706,112,285870,2,9494,4339,"East TN",2455501,24.5978315626831,0.0392503264459636,57.544264897469,1.66972035442054,28.7517700053879,3.92503264459636
2021-06-06,290920,26,236410,16,54510,10,261623,19,1852126,916,2113749,935,-1,4317,-57,649,84,285954,2,9496,4339,"East TN",2455501,23.4168098485808,0.037747621275932,38.077769058127,1.05884705402278,26.4304514638764,3.7747621275932
2021-06-07,290993,73,236444,34,54549,39,261675,52,1853396,1270,2115071,1322,3,4320,-70,579,140,286094,10,9506,4340,"East TN",2455501,23.1317356417285,0.0367705203226317,53.8383002083892,2.97291672860243,23.5797093953535,3.67705203226317
2021-06-08,291079,86,236509,65,54570,21,261745,70,1854875,1479,2116620,1549,3,4323,-28,551,111,286205,4,9510,4343,"East TN",2455501,21.3398406272284,0.0344908493664946,63.082849487742,3.50234025561382,22.4394125679444,3.44908493664946
2021-06-09,291126,47,236545,36,54581,11,261799,54,1857606,2731,2119405,2785,0,4323,-65,486,112,286317,3,9513,4344,"East TN",2455501,18.4076487853192,0.0312176357449327,113.418809440517,1.91406967457965,19.7922949328874,3.12176357449327
2021-06-10,291201,75,236602,57,54599,18,261865,66,1859391,1785,2121256,1851,4,4327,-24,462,95,286412,4,9517,4347,"East TN",2455501,17.8782252583078,0.0305362462760675,75.3817652690836,3.0543665019888,18.814897652251,3.05362462760675
2021-06-11,291271,70,236648,46,54623,24,261921,56,1860875,1484,2122796,1540,2,4329,-5,457,73,286485,4,9521,4348,"East TN",2455501,17.0230026377509,0.0304519526107942,62.7163255075034,2.85074206852288,18.6112732187851,3.04519526107942
2021-06-12,291300,29,236670,22,54630,7,261952,31,1862069,1194,2124021,1225,3,4332,-24,433,50,286535,1,9522,4351,"East TN",2455501,16.5343039974327,0.0310520210582672,49.8879861991504,1.18102171410234,17.6338759381487,3.10520210582672
2021-06-13,291318,18,236684,14,54634,4,261973,21,1862913,844,2124886,865,1,4333,-41,392,58,286593,1,9523,4351,"East TN",2455501,16.2085049038872,0.0314267756128221,35.2270269896042,0.733047960477312,15.9641555837281,3.14267756128221
2021-06-14,291371,53,236717,33,54654,20,262014,41,1864166,1253,2126180,1294,3,4336,-9,383,59,286652,3,9526,4351,"East TN",2455501,15.3940071700236,0.0305157980016203,52.6980033809801,2.15841899473875,15.5976316034895,3.05157980016203
2021-06-15,291459,88,236785,68,54674,20,262102,88,1866048,1882,2128150,1970,0,4336,-7,376,95,286747,4,9530,4352,"East TN",2455501,15.4754569434099,0.0309627059843885,80.2280267855725,3.58379002900019,15.3125573966372,3.09627059843885
2021-06-16,291526,67,236825,40,54701,27,262140,38,1867954,1906,2130094,1944,2,4338,-14,362,79,286826,7,9537,4354,"East TN",2455501,16.2899546772736,0.0319019552811301,79.1691797315497,2.72856740844333,14.7424089829326,3.19019552811301
2021-06-17,291578,52,236864,39,54714,13,262186,46,1870304,2350,2132490,2396,1,4339,-6,356,57,286883,1,9538,4358,"East TN",2455501,15.3532822833304,0.0285739718711056,97.5768285168689,2.11769410804557,14.4980596627735,2.85739718711056
2021-06-18,291641,63,236916,52,54725,11,262241,55,1872032,1728,2134273,1783,2,4341,1,357,60,286943,4,9542,4360,"East TN",2455501,15.0682080764781,0.0278818506578374,72.6124729739471,2.56566786167059,14.5387845494667,2.78818506578374
2021-06-19,291669,28,236932,16,54737,12,262259,18,1873184,1152,2135443,1170,0,4341,-16,341,44,286987,4,9546,4361,"East TN",2455501,15.0274831897849,0.0268779548240238,47.6481174310253,1.14029682740915,13.8871863623757,2.68779548240238
2021-06-20,291694,25,236953,21,54741,4,262276,17,1873938,754,2136214,771,3,4344,-13,328,35,287022,2,9548,4364,"East TN",2455501,15.3125573966372,0.0267478813559322,31.3988876404449,1.0181221673296,13.3577628353644,2.67478813559322
2021-06-21,291761,67,236993,40,54768,27,262328,52,1875210,1272,2137538,1324,6,4350,2,330,59,287081,2,9550,4365,"East TN",2455501,15.8827058103418,0.0276457122732876,53.9197499817756,2.72856740844333,13.4392126087507,2.76457122732876
2021-06-22,291854,93,237039,46,54815,47,262379,51,1876637,1427,2139016,1478,5,4355,37,367,51,287132,7,9557,4369,"East TN",2455501,16.0863302438077,0.0254923614945702,60.1913825325259,3.78741446246611,14.9460334163985,2.54923614945702
2021-06-23,291923,69,237085,46,54838,23,262434,55,1878424,1787,2140858,1842,2,4357,6,373,61,287193,5,9562,4373,"East TN",2455501,16.167780017194,0.0273132664437012,75.0152412888449,2.8100171818297,15.1903827365576,2.73132664437012
2021-06-24,292006,83,237135,50,54871,33,262496,62,1880268,1844,2142764,1906,3,4360,27,400,53,287246,5,9567,4374,"East TN",2455501,17.4302515046828,0.0301732528713257,77.6216340372087,3.38016559553427,16.2899546772736,3.01732528713257
2021-06-25,292085,79,237191,56,54894,23,262565,69,1882076,1808,2144641,1877,0,4360,32,432,47,287293,2,9569,4376,"East TN",2455501,18.0818496917737,0.03125,76.4406123231064,3.21726604876154,17.5931510514555,3.125
2021-06-26,292119,34,237208,17,54911,17,262586,21,1883260,1184,2145846,1205,0,4360,1,433,33,287326,2,9571,4378,"East TN",2455501,18.3261990119328,0.0314332404114198,49.0734884652867,1.38464614756826,17.6338759381487,3.14332404114198
2021-06-27,292148,29,237228,20,54920,9,262610,24,1883974,714,2146584,738,2,4362,-9,424,36,287362,3,9574,4380,"East TN",2455501,18.4890985587055,0.0322082931533269,30.0549663795698,1.18102171410234,17.26735195791,3.22082931533269
2021-06-28,292192,44,237252,24,54940,20,262635,25,1884526,552,2147161,577,4,4366,-16,408,56,287418,3,9577,4380,"East TN",2455501,17.5524261647623,0.0319027330354359,23.4982596219672,1.7918950145001,16.6157537708191,3.19027330354359
2021-06-29,292323,131,237337,85,54986,46,262732,97,1886541,2015,2149273,2112,0,4366,79,487,52,287470,6,9583,4383,"East TN",2455501,19.0999718591033,0.0344155211075363,86.0109606960046,5.3349601568071,19.8330198195806,3.44155211075363
2021-06-30,292408,85,237400,63,55008,22,262807,75,1888185,1644,2150992,1719,3,4369,30,517,52,287522,3,9586,4383,"East TN",2455501,19.7515700461942,0.0368067890270377,70.0060802255833,3.46161536892064,21.0547664203761,3.68067890270377
2021-07-01,292514,106,237453,53,55061,53,262872,65,1890737,2552,2153609,2617,1,4370,57,574,48,287570,2,9588,4386,"East TN",2455501,20.6882424401375,0.0346703550023052,106.577028476063,4.3168379894775,23.3760849618876,3.46703550023052
2021-07-02,292596,82,237516,63,55080,19,262946,74,1892419,1682,2155365,1756,0,4370,30,604,52,287622,2,9590,4388,"East TN",2455501,20.810417100217,0.0355277881387542,71.5129010332311,3.33944070884109,24.5978315626831,3.55277881387542
2021-07-03,292643,47,237551,35,55092,12,262986,40,1893507,1088,2156493,1128,1,4371,0,604,46,287668,3,9593,4391,"East TN",2455501,21.3398406272284,0.0375692683384991,45.9376721899116,1.91406967457965,24.5978315626831,3.75692683384991
2021-07-04,292670,27,237572,21,55098,6,263011,25,1894207,700,2157218,725,0,4371,-13,591,40,287708,1,9594,4392,"East TN",2455501,21.258390853842,0.0377092345307504,29.5255428525584,1.09957194071597,24.0684080356717,3.77092345307504
2021-07-05,292713,43,237595,23,55118,20,263036,25,1894689,482,2157725,507,0,4371,-29,562,72,287780,2,9596,4392,"East TN",2455501,21.2176659671489,0.0379591063990913,20.6475175534443,1.75117012780691,22.8873863215694,3.79591063990913
2021-07-06,292875,162,237697,102,55178,60,263149,113,1896014,1325,2159163,1438,5,4376,82,644,75,287855,6,9602,4392,"East TN",2455501,22.4801374546376,0.0421638018200202,58.5623870647986,6.59743164429581,26.2268270304105,4.21638018200202
2021-07-07,293017,142,237775,78,55242,64,263237,88,1897473,1459,2160710,1547,5,4381,80,724,57,287912,6,9608,4394,"East TN",2455501,24.8014559961491,0.0442477876106195,63.0013997143556,5.78293391043213,29.4848179658652,4.42477876106195
2021-07-08,293157,140,237877,102,55280,38,263354,117,1899328,1855,2162682,1972,2,4383,77,801,61,287973,3,9611,4396,"East TN",2455501,26.1861021437173,0.0531246555714758,80.3094765589588,5.70148413704576,32.6206342412404,5.31246555714758
2021-07-09,293321,164,237999,122,55322,42,263485,131,1901073,1745,2164558,1876,0,4383,100,901,64,288037,4,9615,4398,"East TN",2455501,29.5255428525584,0.0586315674970086,76.3998874364132,6.67888141768218,36.6931229105588,5.86315674970086
2021-07-10,293425,104,238071,72,55354,32,263559,74,1902129,1056,2165688,1130,0,4383,56,957,48,288085,12,9627,4399,"East TN",2455501,31.8468613940699,0.0623164763458401,46.0191219632979,4.23538821609114,38.9737165653771,6.23164763458401
2021-07-11,293473,48,238105,34,55368,14,263602,43,1902884,755,2166486,798,2,4385,4,961,42,288127,7,9634,4399,"East TN",2455501,32.7020840146267,0.0637678031937851,32.4984595811608,1.95479456127283,39.1366161121498,6.37678031937851
2021-07-12,293645,172,238220,115,55425,57,263726,124,1904250,1366,2167976,1490,1,4386,91,1052,80,288207,13,9647,4400,"East TN",2455501,37.9555943980475,0.0673105062920691,60.6800811728442,7.00468051122765,42.8425808012296,6.73105062920691
2021-07-13,293859,214,238355,135,55504,79,263871,145,1905871,1621,2169742,1766,4,4390,149,1201,61,288268,14,9661,4403,"East TN",2455501,40.0732885060931,0.0682484166745439,71.9201499001629,8.71512575234138,48.910588918514,6.82484166745439
2021-07-14,294031,172,238486,131,55545,41,264013,142,1907434,1563,2171447,1705,0,4390,103,1304,69,288337,9,9670,4404,"East TN",2455501,41.2950351068886,0.0722734469591133,69.4359318118787,7.00468051122765,53.1052522479119,7.22734469591134
2021-07-15,294251,220,238634,148,55617,72,264180,167,1909235,1801,2173415,1968,0,4390,119,1423,101,288438,14,9684,4404,"East TN",2455501,44.5530260423433,0.0769589117674462,80.1465770121861,8.95947507250048,57.9515137644008,7.69589117674462
2021-07-16,294482,231,238775,141,55707,90,264335,155,1910764,1529,2175099,1684,0,4390,165,1588,66,288504,9,9693,4408,"East TN",2455501,47.2815934507866,0.0806375106726117,68.5807091913219,9.4074488261255,64.6711200687762,8.06375106726117
2021-07-17,294626,144,238875,100,55751,44,264445,110,1911982,1218,2176427,1328,0,4390,54,1642,90,288594,5,9698,4410,"East TN",2455501,48.910588918514,0.0825030263525468,54.0826495285484,5.8643836838185,66.8702639502081,8.25030263525468
2021-07-18,294770,144,238996,121,55774,23,264577,132,1913108,1126,2177685,1258,0,4390,49,1691,95,288689,6,9704,4412,"East TN",2455501,52.8201780410596,0.0870613447629253,51.2319074600255,5.8643836838185,68.8657833981741,8.70613447629253
2021-07-19,295074,304,239206,210,55868,94,264794,217,1914798,1690,2179592,1907,3,4393,166,1857,135,288824,12,9716,4413,"East TN",2455501,58.1958630845599,0.0919421487603306,77.6623589239019,12.3803655547279,75.6261145892427,9.19421487603306
2021-07-20,295430,356,239441,235,55989,121,265048,254,1916459,1661,2181507,1915,2,4395,215,2072,139,288963,21,9737,4414,"East TN",2455501,63.9787969949921,0.100042498937527,77.9881580174473,14.4980596627735,84.3819652282772,10.0042498937527
2021-07-21,295831,401,239733,292,56098,109,265358,310,1918575,2116,2183933,2426,3,4398,248,2320,150,289113,23,9760,4418,"East TN",2455501,73.3047960477312,0.10772064712478,98.7985751176644,16.3306795639668,94.4817371281869,10.772064712478
2021-07-22,296305,474,240065,332,56240,142,265725,367,1920944,2369,2186669,2736,5,4403,321,2641,148,289261,19,9779,4420,"East TN",2455501,83.6489172677999,0.116568583069262,111.423289992551,19.3035962925692,107.554425756699,11.6568583069262
2021-07-23,296769,464,240380,315,56389,149,266059,334,1922847,1903,2188906,2237,1,4404,332,2973,131,289392,21,9800,4425,"East TN",2455501,93.1378158673118,0.124864199319186,91.1015715326526,18.8963474256374,121.075088138836,12.4864199319186
2021-07-24,297126,357,240623,243,56503,114,266324,265,1924598,1751,2190922,2016,0,4404,224,3197,133,289525,19,9819,4429,"East TN",2455501,101.81221673296,0.129630907209383,82.1013715734589,14.5387845494667,130.197462758109,12.9630907209383
2021-07-25,297354,228,240811,188,56543,40,266527,203,1925913,1315,2192440,1518,3,4407,98,3295,127,289652,13,9832,4434,"East TN",2455501,105.233107215187,0.13215859030837,61.8203780002533,9.28527416604595,134.188501654041,13.215859030837
2021-07-26,298023,669,241270,459,56753,210,267014,487,1927642,1729,2194656,2216,10,4417,450,3745,209,289861,30,9862,4438,"East TN",2455501,120.0976908582,0.14737121614445,90.2463489120957,27.2449491977401,152.514700665974,14.737121614445
2021-07-27,298751,728,241756,486,56995,242,267529,515,1929963,2321,2197492,2836,2,4419,536,4281,190,290051,25,9887,4444,"East TN",2455501,135.247348708064,0.155208007507038,115.49577866187,29.6477175126379,174.343239933521,15.5208007507038
2021-07-28,299570,819,242299,543,57271,276,268142,613,1932831,2868,2200973,3481,2,4421,559,4840,258,290309,31,9918,4447,"East TN",2455501,152.270351345815,0.163380281690141,141.763330578973,33.3536822017177,197.108451595011,16.3380281690141
2021-07-29,300258,688,242749,450,57509,238,268639,497,1935259,2428,2203898,2925,3,4424,477,5317,208,290517,17,9935,4451,"East TN",2455501,160.985477098156,0.169133437808346,119.120293577563,28.0187220449106,216.534222547659,16.9133437808346
2021-07-30,301257,999,243487,738,57770,261,269428,789,1937062,1803,2206490,2592,4,4428,751,6068,244,290761,38,9973,4454,"East TN",2455501,182.77329147901,0.191594631483167,105.558906308733,40.6841618064908,247.11861245424,19.1594631483167
2021-07-31,301792,535,243848,361,57944,174,269823,395,1939032,1970,2208855,2365,2,4430,319,6387,214,290975,31,10004,4463,"East TN",2455501,190.022321310397,0.195115150839235,96.3143570293801,21.7878143808534,260.109851309366,19.5115150839235
2021-08-01,302326,534,244269,421,58057,113,270284,461,1941170,2138,2211454,2599,3,4433,320,6707,211,291186,25,10029,4466,"East TN",2455501,202.484136638511,0.197591248553697,105.843980515585,21.7470894941603,273.141815051185,19.7591248553697
2021-08-02,303176,850,244797,528,58379,322,270820,536,1943505,2335,2214325,2871,9,4442,417,7124,424,291610,32,10061,4474,"East TN",2455501,209.855341129977,0.193502465809141,116.921149696131,34.6161536892064,290.124092802243,19.3502465809141
2021-08-03,304514,1338,245756,959,58758,379,271835,1015,1947280,3775,2219115,4790,4,4446,894,8018,440,292050,32,10093,4483,"East TN",2455501,234.697522012819,0.199139804837442,195.072207260351,54.4898983954802,326.532141505949,19.9139804837442
2021-08-04,305601,1087,246579,823,59022,264,272723,888,1950900,3620,2223623,4508,8,4454,645,8663,434,292484,34,10127,4489,"East TN",2455501,245.611791646593,0.202251655629139,183.587789212873,44.267951835491,352.799693423053,20.2251655629139
2021-08-05,306781,1180,247458,879,59323,301,273674,951,1954866,3966,2228540,4917,10,4464,663,9326,507,292991,35,10162,4496,"East TN",2455501,265.648435899639,0.204325947569191,200.244267870386,48.0553662979571,379.800293300634,20.4325947569191
2021-08-06,308121,1340,248436,978,59685,362,274756,1082,1959494,4628,2234250,5710,3,4467,908,10234,429,293420,44,10206,4509,"East TN",2455501,279.535622262015,0.19193083573487,232.539103018081,54.5713481688666,416.778490418045,19.193083573487
2021-08-07,308844,723,248956,520,59888,203,275337,581,1962498,3004,2237835,3585,0,4467,326,10560,397,293817,24,10230,4518,"East TN",2455501,287.191900960334,0.190269151138716,145.998718795065,29.444093079172,430.054803480023,19.0269151138716
2021-08-08,309480,636,249405,449,60075,187,275863,526,1964613,2115,2240476,2641,5,4472,220,10780,411,294228,27,10257,4527,"East TN",2455501,291.345839403038,0.192233478051134,107.554425756699,25.901027936865,439.014278552523,19.2233478051134
2021-08-09,310847,1367,250351,946,60496,421,276869,1006,1968152,3539,2245021,4545,14,4486,567,11347,786,295014,57,10314,4538,"East TN",2455501,312.400605823414,0.197061506385197,185.094610020521,55.6709201095825,462.105289307559,19.7061506385197
2021-08-10,312173,1326,251186,835,60987,491,277786,917,1971404,3252,2249190,4169,6,4492,547,11894,773,295787,41,10355,4552,"East TN",2455501,311.911907183096,0.197871986699917,169.782052623884,54.001199755162,484.38180232873,19.7871986699917
2021-08-11,314060,1887,252479,1293,61581,594,279167,1381,1976760,5356,2255927,6737,8,4500,1058,12952,821,296608,58,10413,4567,"East TN",2455501,344.491816537643,0.199479940564636,274.363561651981,76.8478611900382,527.468732450119,19.9479940564636
2021-08-12,315522,1462,253530,1051,61992,411,280328,1161,1981242,4482,2261570,5643,10,4510,586,13538,866,297474,38,10451,4581,"East TN",2455501,355.976234585121,0.201453224341508,229.810535609637,59.539784345435,551.333516052325,20.1453224341508
2021-08-13,317168,1646,254632,1102,62536,544,281500,1172,1986661,5419,2268161,6591,11,4521,792,14330,843,298317,26,10477,4598,"East TN",2455501,368.438049913236,0.198873521866061,268.417728194776,67.0331634969809,583.587626313327,19.8873521866061
2021-08-14,318699,1531,255712,1080,62987,451,282701,1201,1992137,5476,2274838,6677,1,4522,913,15243,617,298934,26,10503,4607,"East TN",2455501,401.343758361328,0.199010891008837,271.92006845039,62.3498015272647,620.769447864204,19.9010891008837
2021-08-15,319844,1145,256671,959,63173,186,283758,1057,1995947,3810,2279705,4867,11,4533,423,15666,711,299645,19,10522,4617,"East TN",2455501,422.072725688159,0.201254174207856,198.208023535727,46.6299952636957,637.996074935421,20.1254174207856
2021-08-16,321285,1441,257581,910,63704,531,284720,962,1999007,3060,2283727,4022,17,4550,163,15829,1261,300906,27,10549,4630,"East TN",2455501,425.086367303455,0.202836769493102,163.795494279986,58.6845617248781,644.634231466409,20.2836769493102
2021-08-17,323022,1737,258787,1206,64235,531,286041,1321,2003867,4860,2289908,6181,10,4560,518,16347,1209,302115,24,10573,4644,"East TN",2455501,441.824295734353,0.202735890760843,251.72052465057,70.7391281860606,665.729722773479,20.2735890760843
2021-08-18,325117,2095,260151,1364,64966,731,287521,1480,2009287,5420,2296808,6900,13,4573,941,17288,1141,303256,31,10604,4654,"East TN",2455501,450.295072166535,0.204349208678848,281.00171818297,85.3186376222205,704.051841151765,20.4349208678848
2021-08-19,327507,2390,261613,1462,65894,928,289097,1576,2019238,9951,2308335,11527,23,4596,1117,18405,1250,304506,40,10644,4665,"East TN",2455501,488.08776701781,0.187512028226238,469.435768912332,97.3324791967098,749.541539588051,18.7512028226238
2021-08-20,329957,2450,263564,1951,66393,499,291199,2102,2026132,6894,2317331,8996,4,4600,1271,19676,1175,305681,33,10677,4688,"East TN",2455501,520.83057591913,0.19725442342892,366.361080691883,99.7759723983008,801.302870575088,19.725442342892
2021-08-21,332880,2923,265504,1940,67376,983,293314,2115,2035062,8930,2328376,11045,0,4600,2169,21845,754,306435,52,10729,4699,"East TN",2455501,577.519618196042,0.198233030744518,449.806373526217,119.038843804177,889.635149812604,19.8233030744518
2021-08-22,334364,1484,266841,1337,67523,147,294832,1518,2040574,5512,2335406,7030,7,4607,540,22385,937,307372,17,10746,4709,"East TN",2455501,591.325354785032,0.19881151146299,286.295953453083,60.4357318526851,911.626588626924,19.881151146299
2021-08-23,336312,1948,267944,1103,68368,845,296017,1185,2044541,3967,2340558,5152,18,4625,185,22570,1745,309117,34,10780,4716,"East TN",2455501,611.972872338476,0.19878235470078,209.814616243284,79.3320792783224,919.160692665163,19.8782354700779
2021-08-24,338298,1986,269317,1373,68981,613,297454,1437,2048320,3779,2345774,5216,15,4640,149,22719,1822,310939,25,10805,4732,"East TN",2455501,622.113369125079,0.20429241399062,212.421008991648,80.8796249726634,925.228700782447,20.429241399062
2021-08-25,340529,2231,270502,1185,70027,1046,298699,1245,2052356,4036,2351055,5281,17,4657,611,23330,1603,312542,36,10841,4756,"East TN",2455501,627.651953715352,0.206057477832876,215.068126626705,90.8572222124935,950.111606551983,20.6057477832876
2021-08-26,343187,2658,272314,1812,70873,846,300656,1957,2059201,6845,2359857,8802,24,4681,735,24065,1899,314441,31,10872,4771,"East TN",2455501,638.566223349125,0.224350762780948,358.460452673406,108.246748830483,980.044398271473,22.4350762780948
2021-08-27,346209,3022,274577,2263,71632,759,303021,2365,2066270,7069,2369291,9434,19,4700,1326,25391,1677,316118,36,10908,4784,"East TN",2455501,661.860858537626,0.22752117013087,384.198581063498,123.070607586802,1034.04559802663,22.752117013087
2021-08-28,348350,2141,276106,1529,72244,612,304691,1670,2072137,5867,2376828,7537,1,4701,919,26310,1221,317339,28,10936,4804,"East TN",2455501,630.013997143556,0.234809708577561,306.943471006528,87.1919824101069,1071.47176889767,23.4809708577561
2021-08-29,350690,2340,277928,1822,72762,518,306712,2021,2079130,6993,2385842,9014,9,4710,1088,27398,1243,318582,39,10975,4819,"East TN",2455501,664.874500152922,0.235546038543897,367.094128652361,95.2962348620506,1115.78044561986,23.5546038543897
2021-08-30,353933,3243,280328,2400,73605,843,309315,2603,2088172,9042,2397487,11645,21,4731,497,27895,2725,321307,58,11033,4838,"East TN",2455501,717.613228420595,0.233589207609478,474.241305542128,132.070807545996,1136.02071430637,23.3589207609478
2021-08-31,357526,3593,282719,2391,74807,1202,311926,2611,2096759,8587,2408685,11198,7,4738,938,28833,2648,323955,69,11102,4854,"East TN",2455501,783.058121336542,0.230039261814309,456.037281190274,146.32451788861,1174.22065802457,23.0039261814309
2021-09-01,358962,1436,283656,937,75306,499,312913,987,2099042,2283,2411955,3270,15,4753,-931,27902,2352,326307,23,11125,4880,"East TN",2455501,750.681836415461,0.233399014778325,133.170379486712,58.4809372914122,1136.30578851322,23.3399014778325
2021-09-02,361278,2316,285125,1469,76153,847,314431,1518,2103304,4262,2417735,5780,19,4772,-520,27382,2817,329124,34,11159,4898,"East TN",2455501,736.753925166392,0.238000621997996,235.389845086604,94.3188375814141,1115.12884743276,23.8000621997996
2021-09-03,363030,1752,286325,1200,76705,552,315727,1296,2107410,4106,2423137,5402,17,4789,-861,26521,2596,331720,27,11186,4905,"East TN",2455501,685.033319066048,0.235969245626416,219.99583791658,71.3500014864584,1080.06471998993,23.5969245626416
2021-09-04,366285,3255,288636,2311,77649,944,318307,2580,2115458,8048,2433765,10628,3,4792,1661,28182,1591,333311,37,11223,4920,"East TN",2455501,730.400842842255,0.239141507279976,432.82409577516,132.559506186314,1147.70875678731,23.9141507279976
2021-09-05,370741,4456,291879,3243,78862,1213,321817,3510,2127969,12511,2449786,16021,8,4800,2892,31074,1556,334867,45,11268,4945,"East TN",2455501,816.574703085032,0.236222319529588,652.453409711501,181.470095104828,1265.485129104,23.6222319529588
2021-09-06,375644,4903,295797,3918,79847,985,326102,4285,2143609,15640,2469711,19925,11,4811,1010,32084,3882,338749,73,11341,4965,"East TN",2455501,884.178014995718,0.232429663269827,811.443367361691,199.674119456681,1306.61726466412,23.2429663269827
2021-09-07,377727,2083,297245,1448,80482,635,327618,1516,2148035,4426,2475653,5942,34,4845,-1816,30268,3865,342614,53,11394,4980,"East TN",2455501,822.68343608901,0.234320869669096,241.987276730899,84.8299389819023,1232.66087042929,23.4320869669096
2021-09-08,379402,1675,298419,1174,80983,501,328880,1262,2152415,4380,2481295,5642,20,4865,-1764,28504,3419,346033,48,11442,5000,"East TN",2455501,832.416684008681,0.230271127776175,229.769810722944,68.2141852110832,1160.82217030252,23.0271127776175
2021-09-09,381308,1906,299411,992,81897,914,329955,1075,2156081,3666,2486036,4741,7,4872,-1716,26788,3615,349648,43,11485,5021,"East TN",2455501,815.719480464476,0.227288033850163,193.076687812385,77.6216340372087,1090.93826473701,22.7288033850163
2021-09-10,386790,5482,303225,3814,83565,1668,334088,4133,2168187,12106,2502275,16239,23,4895,2192,28980,3267,352915,116,11601,5042,"East TN",2455501,967.623307830052,0.232012433976092,661.331435010615,223.253828852035,1180.20721636847,23.2012433976092
2021-09-11,391075,4285,306320,3095,84755,1190,337407,3319,2180009,11822,2517416,15141,8,4903,2633,31613,1644,354559,90,11691,5071,"East TN",2455501,1009.56994112403,0.228329607536072,616.615509421499,174.506139480293,1287.43584303163,22.8329607536072
2021-09-12,392654,1579,307741,1421,84913,158,338961,1554,2185253,5244,2524214,6798,23,4926,-18,31595,1574,356133,33,11724,5096,"East TN",2455501,892.404442107741,0.230343419143333,276.847779740265,64.3045960885375,1286.70279507115,23.0343419143333
2021-09-13,395005,2351,309185,1444,85820,907,340466,1505,2190376,5123,2530842,6628,63,4989,-1975,29620,4263,360396,66,11790,5127,"East TN",2455501,788.474531266735,0.234970800412229,269.924549002424,95.7442086156756,1206.27114385211,23.4970800412229
2021-09-14,397816,2811,311121,1936,86695,875,342540,2074,2196598,6222,2539138,8296,43,5032,-1006,28614,3774,364170,55,11845,5155,"East TN",2455501,818.122248779373,0.235047649050957,337.853660006654,114.47765649454,1165.30190783877,23.5047649050957
2021-09-15,399610,1794,312305,1184,87305,610,343753,1213,2200373,3775,2544126,4988,23,5055,-1558,27056,3329,367499,28,11873,5175,"East TN",2455501,822.968510295862,0.236714360745492,203.135734825602,73.0604467275721,1101.85253437079,23.6714360745492
2021-09-16,402265,2655,314148,1843,88117,812,345710,1957,2207032,6659,2552742,8616,23,5078,-597,26459,3229,370728,51,11924,5198,"East TN",2455501,853.471450429057,0.236185650466225,350.885623748473,108.124574170404,1077.53977701496,23.6185650466225
2021-09-17,404941,2676,316011,1863,88930,813,347717,2007,2214235,7203,2561952,9210,23,5101,-62,26397,2715,373443,66,11990,5230,"East TN",2455501,739.197418367983,0.228379442666354,375.076206444225,108.97979679096,1075.01483403998,22.8379442666354
2021-09-18,406397,1456,317182,1171,89215,285,349054,1337,2219707,5472,2568761,6809,3,5104,-219,26178,1672,375115,34,12024,5268,"East TN",2455501,623.986713912965,0.226838056285909,277.29575349389,59.2954350252759,1066.09608385417,22.6838056285909
2021-09-19,407041,644,317625,443,89416,201,349567,513,2221784,2077,2571351,2590,17,5121,-984,25194,1611,376726,22,12046,5297,"East TN",2455501,585.908944854838,0.225003712582472,105.477456535347,26.2268270304105,1026.02279534808,22.5003712582472
2021-09-20,409027,1986,318865,1240,90162,746,350941,1374,2227421,5637,2578362,7011,48,5169,267,25461,1671,378397,60,12106,5323,"East TN",2455501,571.044361211826,0.220433501683502,285.522180605913,80.8796249726634,1036.89634009516,22.0433501683502
2021-09-21,410895,1868,319940,1075,90955,793,352081,1140,2231727,4306,2583808,5446,31,5200,-2238,23223,4075,382472,51,12157,5350,"East TN",2455501,532.640793060154,0.213588538168793,221.78773293108,76.0740883428677,945.754043675812,21.3588538168793
2021-09-22,412483,1588,321042,1102,91441,486,353302,1221,2237086,5359,2590388,6580,14,5214,-1442,21781,3016,385488,42,12199,5372,"East TN",2455501,524.251466401358,0.206411309498076,267.969754441151,64.6711200687762,887.028757064241,20.6411309498076
2021-09-23,414838,2355,322537,1495,92301,860,354963,1661,2243443,6357,2598406,8018,32,5246,-437,21344,2760,388248,47,12246,5388,"East TN",2455501,512.034000393402,0.202632270497547,326.532141505949,95.9071081624483,869.231981579319,20.2632270497547
2021-09-24,416380,1542,323516,979,92864,563,356062,1099,2248326,4883,2604388,5982,38,5284,-999,20345,2503,390751,30,12276,5415,"East TN",2455501,465.851978883332,0.196649071543029,243.616272198627,62.7977752808897,828.547819772828,19.6649071543029
2021-09-25,417081,701,323997,481,93084,220,356624,562,2251348,3022,2607972,3584,2,5286,-857,19488,1556,392307,19,12295,5441,"East TN",2455501,435.104689429978,0.193058070439418,145.957993908371,28.548145571922,793.64659187677,19.3058070439418
2021-09-26,417936,855,324615,618,93321,237,357343,719,2255325,3977,2612668,4696,6,5292,-380,19108,1229,393536,18,12313,5457,"East TN",2455501,443.69764052224,0.18820340295762,191.244067911192,34.8197781226723,778.17113493336,18.820340295762
2021-09-27,419395,1459,325439,824,93956,635,358265,922,2258916,3591,2617181,4513,47,5339,-1520,17588,2932,396468,38,12351,5473,"East TN",2455501,422.235625234932,0.188670496406399,183.791413646339,59.4176096853555,716.26930715972,18.8670496406399
2021-09-28,420692,1297,326221,782,94471,515,359128,863,2262578,3662,2621706,4525,14,5353,-1096,16492,2379,398847,26,12377,5486,"East TN",2455501,398.981714933124,0.185946487941316,184.280112286658,52.8201780410596,671.63483134399,18.5946487941316
2021-09-29,422373,1681,327225,1004,95148,677,360265,1137,2268076,5498,2628341,6635,30,5383,-449,16043,2100,400947,41,12418,5511,"East TN",2455501,402.76912939559,0.183463757805707,270.209623209276,68.4585345312423,653.349357218751,18.3463757805707
2021-09-30,423582,1209,327968,743,95614,466,361085,820,2272748,4672,2633833,5492,11,5394,-875,15168,2073,403020,28,12446,5527,"East TN",2455501,356.098409245201,0.172806051881333,223.661077718967,49.2363880120595,617.715081362215,17.2806051881333
2021-10-01,424954,1372,328931,963,96023,409,362160,1075,2277720,4972,2639880,6047,14,5408,-307,14861,1665,404685,30,12476,5546,"East TN",2455501,349.17517850736,0.171813366392426,246.263389833684,55.8745445430484,605.212541147407,17.1813366392426
2021-10-02,425508,554,329278,347,96230,207,362553,393,2280390,2670,2642943,3063,11,5419,-383,14478,926,405611,15,12491,5567,"East TN",2455501,343.188620163462,0.169540476394727,124.740327941223,22.5615872280239,589.614909543918,16.9540476394727
2021-10-03,426045,537,329740,462,96305,75,363077,524,2283482,3092,2646559,3616,13,5432,-276,14202,800,406411,13,12504,5584,"East TN",2455501,330.238106195029,0.169189460328701,147.261190282553,21.8692641542398,578.374840816599,16.9189460328701
2021-10-04,427393,1348,330584,844,96809,504,364018,941,2287620,4138,2651638,5079,22,5454,-619,13583,1945,408356,22,12526,5594,"East TN",2455501,325.717643772086,0.166961720405143,206.841699514682,54.897147262412,553.166135953518,16.6961720405143
2021-10-05,428652,1259,331326,742,97326,517,364829,811,2292082,4462,2656911,5273,17,5471,-449,13134,1691,410047,29,12555,5617,"East TN",2455501,324.170098077745,0.161937224826019,214.742327533159,51.2726323467187,534.880661828279,16.1937224826019
2021-10-06,429587,935,332025,699,97562,236,365608,779,2296503,4421,2662111,5200,18,5489,-453,12681,1370,411417,16,12571,5638,"East TN",2455501,293.789332604629,0.158217352679893,211.769410804557,38.077769058127,516.432288156266,15.8217352679893
2021-10-07,430695,1108,332804,779,97891,329,366465,857,2301287,4784,2667752,5641,24,5513,-422,12259,1506,412923,18,12589,5657,"East TN",2455501,289.676119048618,0.158613166661753,229.729085836251,45.1231744560479,499.246385971743,15.8613166661753
2021-10-08,431752,1057,333383,579,98369,478,367107,642,2305534,4247,2672641,4889,8,5521,-139,12120,1188,414111,18,12607,5672,"East TN",2455501,276.847779740265,0.151002716644791,199.103971042977,43.0462052346955,493.58562672139,15.1002716644791
2021-10-09,432292,540,333732,349,98560,191,367523,416,2308343,2809,2675866,3225,4,5525,-262,11858,798,414909,23,12630,5692,"East TN",2455501,276.27763132656,0.150958296631534,131.337759585518,21.9914388143194,482.915706407776,15.0958296631534
2021-10-10,432612,320,333999,267,98613,53,367833,310,2310576,2233,2678409,2543,6,5531,-478,11380,792,415701,13,12643,5703,"East TN",2455501,267.440330914139,0.149324960753532,103.563386860767,13.0319637418189,463.449210568434,14.9324960753532
2021-10-11,433830,1218,334522,523,99308,695,368380,547,2314022,3446,2682402,3993,52,5583,-315,11065,1481,417182,22,12665,5709,"East TN",2455501,262.146095644025,0.141789104147705,162.614472565884,49.6029119922981,450.620871260081,14.1789104147705
2021-10-12,434773,943,335163,641,99610,302,369386,1006,2317666,3644,2687052,4650,29,5612,-363,10702,1277,418459,20,12685,5728,"East TN",2455501,249.277031448979,0.151189409774062,189.370723123306,38.4035681516725,435.837737390455,15.1189409774062
2021-10-13,435622,849,335699,536,99923,313,370035,649,2321532,3866,2691567,4515,25,5637,-410,10292,1234,419693,25,12710,5738,"East TN",2455501,245.774691193365,0.15029196089082,183.872863419726,34.5754288025132,419.14053384625,15.029196089082
2021-10-14,436573,951,336342,643,100231,308,370757,722,2325535,4003,2696292,4725,31,5668,-204,10088,1124,420817,21,12731,5753,"East TN",2455501,239.380883982536,0.150385423966363,192.425089625294,38.729367245218,410.83265696084,15.0385423966363
2021-10-15,437369,796,336835,493,100534,303,371329,572,2329429,3894,2700758,4466,24,5692,-354,9734,1126,421943,18,12749,5761,"East TN",2455501,228.751688555615,0.150158267240459,181.87734397176,32.4170098077745,396.416047071453,15.0158267240459
2021-10-16,437674,305,337070,235,100604,70,371600,271,2331659,2230,2703259,2501,7,5699,-353,9381,651,422594,6,12755,5767,"East TN",2455501,219.181340182716,0.148833643631585,101.852941619653,12.4210904414211,382.040162068759,14.8833643631585
2021-10-17,437922,248,337276,206,100646,42,371847,247,2333322,1663,2705169,1910,7,5706,-414,8967,655,423249,11,12766,5772,"East TN",2455501,216.249148340807,0.15,77.7845335839814,10.0997718999096,365.180058977781,15
2021-10-18,438711,789,337733,457,100978,332,372363,516,2336513,3191,2708876,3707,23,5729,-526,8441,1292,424541,24,12790,5785,"East TN",2455501,198.778171949431,0.150449497620307,150.967154971633,32.1319356009222,343.758768577166,15.0449497620307
2021-10-19,439543,832,338165,432,101378,400,372836,473,2339841,3328,2712677,3801,25,5754,-312,8129,1119,425660,11,12801,5792,"East TN",2455501,194.257709526488,0.134634146341463,154.795294320792,33.8831057287291,331.052603928893,13.4634146341463
2021-10-20,440301,758,338639,474,101662,284,373372,536,2343862,4021,2717234,4557,15,5769,-205,7924,948,426608,7,12808,5801,"East TN",2455501,190.551744837408,0.130011298554564,185.583308660839,30.8694641134335,322.70400215679,13.0011298554564
2021-10-21,440919,618,339041,402,101878,216,373831,459,2347497,3635,2721328,4094,17,5786,-287,7637,888,427496,11,12819,5807,"East TN",2455501,176.990357568578,0.122783192203227,166.727686121895,25.1679799763877,311.015959675846,12.2783192203227
2021-10-22,441464,545,339369,328,102095,217,374214,383,2350602,3105,2724816,3488,6,5792,-321,7316,860,428356,8,12827,5812,"East TN",2455501,166.768411008588,0.119918530218638,142.048404785826,22.1950632477853,297.943271047334,11.9918530218638
2021-10-23,441817,353,339606,237,102211,116,374485,271,2352987,2385,2727472,2656,0,5792,-152,7164,505,428861,4,12831,5821,"East TN",2455501,168.723205569861,0.119150869367695,108.165299057097,14.375885002694,291.75308826997,11.9150869367695
2021-10-24,442059,242,339768,162,102291,80,374679,194,2354884,1897,2729563,2091,7,5799,-272,6892,507,429368,6,12837,5822,"East TN",2455501,168.478856249702,0.116094121505288,85.1557380754477,9.85542257975053,280.675919089424,11.6094121505288
2021-10-25,442472,413,340007,239,102465,174,374941,262,2357316,2432,2732257,2694,28,5827,-564,6328,949,430317,7,12844,5824,"East TN",2455501,153.166298853065,0.110260467901287,109.712844751438,16.819378204285,257.707082994468,11.0260467901287
